wavelet,wavelet_level,wavelet_mode,wavelet_mse,wavelet_psnr,wavelet_energy_entropy,wavelet_sparsity,wavelet_adaptive_threshold,signal_length,signal_type,emd_value,kl_divergence,wavelet_entropy,avg_variance_across_levels,variance_ratio_across_levels,smoothness,correlation,dynamic_cutoff,dominant_frequency,amplitude_max,num_fft_peaks,positive_frequencies,positive_amplitudes,relative_num_peaks,avg_prominence,prominence_min,prominence_max,relative_peaks,relative_prominences,relative_left_bases,relative_right_bases,max_autocorrelation,upper_envelope,lower_envelope,spectral_magnitude,spectral_centroid,spectral_bandwidth,frequency_max,wavelet_type,htid,max_autocorrelation_diff,frequency_max_diff,relative_right_bases_array_alignment_score,relative_right_bases_global_alignment_score,relative_num_peaks_diff,relative_peaks_array_alignment_score,relative_peaks_global_alignment_score,spectral_centroid_diff,lower_envelope_diff,relative_prominences_avg_diff,relative_prominences_total_diff,relative_prominences_wasserstein,spectral_bandwidth_diff,spectral_magnitude_diff,avg_prominence_diff,num_fft_peaks_diff,amplitude_max_diff,prominence_min_diff,relative_left_bases_array_alignment_score,relative_left_bases_global_alignment_score,prominence_max_diff,upper_envelope_diff,dominant_frequency_diff,dynamic_cutoff_diff,emd_value_normalized,wavelet_mse_normalized,wavelet_psnr_normalized,wavelet_entropy_normalized,wavelet_energy_entropy_normalized,wavelet_sparsity_normalized,avg_variance_across_levels_normalized,kl_divergence_normalized,prominence_min_diff_normalized,avg_prominence_diff_normalized,relative_prominences_avg_diff_normalized,relative_prominences_wasserstein_normalized,spectral_centroid_diff_normalized,dynamic_cutoff_diff_normalized,relative_prominences_total_diff_normalized,prominence_max_diff_normalized,amplitude_max_diff_normalized,frequency_max_diff_normalized,spectral_bandwidth_diff_normalized,num_fft_peaks_diff_normalized,dominant_frequency_diff_normalized,max_autocorrelation_diff_normalized,relative_right_bases_global_alignment_score_normalized,relative_left_bases_global_alignment_score_normalized,upper_envelope_diff_normalized,lower_envelope_diff_normalized,reconstruction_weighted_score,reconstruction_normalized_weighted_score,reconstruction_normalized_weighted_rank,signal_weighted_score,signal_normalized_weighted_score,signal_normalized_weighted_rank,reconstruction_missing_metrics_count,reconstruction_dynamically_weighted_score,reconstruction_normalized_dynamically_weighted_score,reconstruction_normalized_dynamically_weighted_rank,signal_missing_metrics_count,signal_dynamically_weighted_score,signal_normalized_dynamically_weighted_score,signal_normalized_dynamically_weighted_rank,rank_variability,normalized_rank_stability,average_rank,harmonic_average_rank,stability_score_weighted,stability_rank,wavelet_family,normalized_family_mean_rank,normalized_family_std_dev,final_family_stability_score,final_family_stability_rank,family_informed_rank,across_emd_value_normalized,across_smoothness_normalized,across_wavelet_mse_normalized,across_wavelet_psnr_normalized,across_wavelet_entropy_normalized,across_wavelet_energy_entropy_normalized,across_wavelet_sparsity_normalized,across_avg_variance_across_levels_normalized,across_kl_divergence_normalized,across_prominence_min_diff_normalized,across_avg_prominence_diff_normalized,across_relative_prominences_avg_diff_normalized,across_relative_prominences_wasserstein_normalized,across_spectral_centroid_diff_normalized,across_dynamic_cutoff_diff_normalized,across_relative_prominences_total_diff_normalized,across_prominence_max_diff_normalized,across_amplitude_max_diff_normalized,across_frequency_max_diff_normalized,across_spectral_bandwidth_diff_normalized,across_num_fft_peaks_diff_normalized,across_relative_num_peaks_diff_normalized,across_dominant_frequency_diff_normalized,across_max_autocorrelation_diff_normalized,across_relative_right_bases_global_alignment_score_normalized,across_relative_left_bases_global_alignment_score_normalized,across_upper_envelope_diff_normalized,across_lower_envelope_diff_normalized,across_relative_peaks_global_alignment_score_normalized,across_reconstruction_weighted_score,across_reconstruction_normalized_weighted_score,across_reconstruction_normalized_weighted_rank,across_signal_weighted_score,across_signal_normalized_weighted_score,across_signal_normalized_weighted_rank,across_rank_variability,across_normalized_rank_stability,across_average_rank,across_harmonic_average_rank,across_stability_score_weighted,across_stability_rank,across_normalized_family_mean_rank,across_normalized_family_std_dev,across_final_family_stability_score,across_final_family_stability_rank,across_family_informed_rank,scales_used,is_complex,correlation_normalized,relative_num_peaks_diff_normalized,relative_peaks_global_alignment_score_normalized,smoothness_normalized,across_correlation_normalized,decomposition_levels,original_level,padded,spectral_magnitude_diff_normalized,across_spectral_magnitude_diff_normalized,combined_emd_value_normalized,combined_smoothness_normalized,combined_wavelet_mse_normalized,combined_wavelet_psnr_normalized,combined_wavelet_entropy_normalized,combined_wavelet_energy_entropy_normalized,combined_wavelet_sparsity_normalized,combined_correlation_normalized,combined_avg_variance_across_levels_normalized,combined_kl_divergence_normalized,combined_prominence_min_diff_normalized,combined_avg_prominence_diff_normalized,combined_relative_prominences_avg_diff_normalized,combined_relative_prominences_wasserstein_normalized,combined_spectral_centroid_diff_normalized,combined_spectral_magnitude_diff_normalized,combined_dynamic_cutoff_diff_normalized,combined_relative_prominences_total_diff_normalized,combined_prominence_max_diff_normalized,combined_amplitude_max_diff_normalized,combined_frequency_max_diff_normalized,combined_spectral_bandwidth_diff_normalized,combined_num_fft_peaks_diff_normalized,combined_relative_num_peaks_diff_normalized,combined_dominant_frequency_diff_normalized,combined_max_autocorrelation_diff_normalized,combined_relative_right_bases_global_alignment_score_normalized,combined_relative_left_bases_global_alignment_score_normalized,combined_upper_envelope_diff_normalized,combined_lower_envelope_diff_normalized,combined_relative_peaks_global_alignment_score_normalized,combined_reconstruction_weighted_score,combined_reconstruction_normalized_weighted_score,combined_reconstruction_normalized_weighted_rank,combined_signal_weighted_score,combined_signal_normalized_weighted_score,combined_signal_normalized_weighted_rank,combined_rank_variability,combined_normalized_rank_stability,combined_average_rank,combined_harmonic_average_rank,combined_stability_score_weighted,combined_stability_rank,family_mean_stability_rank,family_median_stability_rank,family_rank_std_dev,family_wavelet_count,combined_normalized_family_mean_rank,combined_normalized_family_std_dev,combined_final_family_stability_score,combined_final_family_stability_rank,combined_family_informed_rank
coif15,1.0,smooth,3.1127287175772645e-26,314.54037974419055,632058574.1080838,0.5850340136054422,287.8769956445767,206,raw,1.221202211630405e-13,-2.1005486239289742e-10,4.801992093506483,8813233.760734823,0.9988205867227518,5.618943883690066e-06,0.9999999999999998,327.0000000000001,,,,[],[],13,661.1538461538462,87.0000000000002,939.9999999999994,"[8, 32, 51, 63, 81, 100, 111, 133, 152, 162, 175, 192, 204]","[877.9999999999998, 637.9999999999997, 787.0000000000006, 792.0000000000009, 939.9999999999994, 787.9999999999995, 637.0000000000001, 675.0000000000002, 771.0, 196.00000000000006, 834.0000000000003, 571.9999999999998, 87.0000000000002]","[0, 13, 42, 42, 76, 99, 107, 107, 107, 161, 164, 187, 203]","[76, 42, 61, 76, 205, 164, 119, 142, 164, 164, 205, 205, 205]",37754613.0,940.9999999999995,-940.9999999999995,0.0,,,,DWT,mdp.39015067403892,0.0,,0.0,33.0,19.0,0.0,28.5,,4.547473508864641e-13,256.3413461538462,4359.0,256.3413461538462,,0.0,256.3413461538462,,,84.0000000000002,0.0,28.5,5.684341886080801e-13,4.547473508864641e-13,,1.1368683772161603e-13,1.3595317360740159e-13,2.1230852056647183e-26,0.9468025014378295,0.26263212712223016,0.7048525377660437,0.20918367346938754,0.7088710468997587,0.9999999997234633,0.4742280246118314,6.6959667625959335e-09,6.6959667625959335e-09,6.082000342865356e-09,,5.718550876340534e-12,0.9999999933040264,6.806481865779018e-13,,,,,,0.0,1.0,1.0,5.695370495225942e-13,5.695370495225942e-13,0.8422684098811701,0.2753648338175197,103,1.819045721343919,0.8736938201682262,12,0,0.28951900311644413,0.3459225095702725,103,0.0,0.4790427358023561,0.8701076902879725,12,52.53887449625594,0.9449278045112621,57.5,21.495652173913044,0.9423276339118156,1,coif,0.5507900112560971,0.8749445204262634,0.351963635992853,2,1.25,1.3595317360740159e-13,0.0001547883299646835,2.1230852056647183e-26,0.9468025014378295,0.2626321271222303,0.7051575666034472,0.4056390977443609,0.7095597708291951,0.9999999997234632,0.9919828214562052,0.9855281704452468,0.9855281704452468,0.9855281704451347,,1.2251610931599486e-12,0.9999999999667601,3.7929866394817307e-13,,,,,1.0,,0.0,1.0,0.75,5.695370495225942e-13,5.695370495225942e-13,0.0,2.25957019982196,0.6447065287089311,105,1.8981023315433743,0.8774645275043295,17,62.22539674441618,0.9673871086245198,61.0,29.26229508196721,0.9677082293646708,1,0.4784248188775415,0.776734912893196,0.43208215291776214,2,1.25,,,,,,,,,,,,,9.128410023580324e-19,0.03641360043841643,2.1230852056647183e-26,0.9614126530212802,0.08118899733833906,0.16615693752629948,0.30687350031339833,0.9999999999999998,0.709559770829195,0.9999999999999541,0.0008499884728391248,0.0007982210227401261,0.0007982210227401261,0.0007982210227337874,,0.0,9.572760819061336e-19,0.020163910573049823,3.5270643972334666e-18,,,,,0.4782608695652174,,0.0,1.0,0.9302325581395349,1.908388337924638e-18,1.908388337924638e-18,0.9302325581395349,0.5814294660167882,0.18110015290550946,72,1.9180179478336312,0.9310237582664214,18,38.18376618407357,0.9821571186055731,45.0,28.799999999999997,0.9805645406111978,1,986.6382352941176,846.0,585.0035688138154,340,0.4652856568234462,0.8173890317607586,0.42908333069536003,4,1.75
coif16,1.0,smooth,4.1787907495866955e-26,313.26128622199303,755988577.8734785,0.5833333333333334,288.046648972698,206,raw,1.4090131434854413e-13,-2.2802637555941214e-10,4.877117021888471,10312602.54247639,0.9990128567109205,5.61894388369006e-06,1.0,327.0000000000001,,,,[],[],13,661.1538461538463,87.00000000000028,940.0000000000002,"[8, 32, 51, 63, 81, 100, 111, 133, 152, 162, 175, 192, 204]","[878.0, 638.0000000000005, 787.0000000000002, 792.0000000000002, 940.0000000000002, 788.0000000000002, 637.0000000000001, 675.0000000000003, 771.0000000000002, 196.0000000000001, 834.0000000000005, 572.0, 87.00000000000028]","[0, 13, 42, 42, 76, 99, 107, 107, 107, 161, 164, 187, 203]","[76, 42, 61, 76, 205, 164, 119, 142, 164, 164, 205, 205, 205]",37754613.000000015,941.0000000000002,-941.0000000000002,0.0,,,,DWT,mdp.39015067403892,1.4901161193847656e-08,,0.0,33.0,19.0,0.0,28.5,,2.2737367544323206e-13,256.3413461538463,4358.999999999998,256.3413461538463,,0.0,256.3413461538463,,,84.00000000000028,0.0,28.5,2.2737367544323206e-13,2.2737367544323206e-13,,1.1368683772161603e-13,1.5968341067787452e-13,2.877501289958306e-26,0.9420823567683262,0.28858402126224314,0.84432120102655,0.19642857142857162,0.8302644370496368,0.9999999997231924,0.4742280246119305,6.696054799077647e-09,6.696054799077647e-09,6.082088379347123e-09,,5.718550876340534e-12,0.9999999933039181,2.7225927463116073e-13,,,,,,1.4749084227875944e-13,1.0,1.0,2.847685247612971e-13,2.847685247612971e-13,0.8422684098809805,0.2753648338174577,107,1.9423792284860006,0.9329313213180599,3,0,0.28951900311639617,0.34592250957021514,107,0.0,0.5127100734073349,0.9312592477007953,3,60.04442799572108,0.937060348012871,55.0,5.836363636363637,0.9397041781993076,3,coif,0.5507900112560971,0.8749445204262634,0.351963635992853,2,2.75,1.5968341067787452e-13,0.0001547883299646835,2.877501289958306e-26,0.9420823567683262,0.28858402126224325,0.8444820918663349,0.3960526315789477,0.8306659805671586,0.9999999997231923,0.9919828214562068,0.9855281704452481,0.9855281704452481,0.985528170445136,,1.2251610931599486e-12,0.9999999999667596,1.5171946557926922e-13,,,,,1.0,,1.4749084227875944e-13,1.0,0.75,2.847685247612971e-13,2.847685247612971e-13,0.0,2.2595701998218076,0.6447065287088877,107,2.0225163518720413,0.9349792819769406,11,67.88225099390856,0.964422300317658,59.0,19.949152542372882,0.9667499342259149,2,0.4784248188775415,0.776734912893196,0.43208215291776214,2,2.0,,,,,,,,,,,,,1.0721747848569866e-18,0.0364136004384164,2.877501289958306e-26,0.9579888480478373,0.08921165735082781,0.19873687378201058,0.2996211608713303,1.0,0.8306659805671583,0.9999999999999541,0.0008499884728391259,0.0007982210227401272,0.0007982210227401272,0.0007982210227337884,,0.0,9.572760819061336e-19,0.020163910573049813,1.4108257588933865e-18,,,,,0.4782608695652174,,4.666576700876887e-21,1.0,0.9302325581395349,9.54194168962319e-19,9.54194168962319e-19,0.9302325581395349,0.5814294660167882,0.18110015290550946,111,1.9818065111020238,0.9619873204039043,15,67.88225099390856,0.9682793219654633,63.0,26.428571428571427,0.9694200348145073,2,986.6382352941176,846.0,585.0035688138154,340,0.4652856568234462,0.8173890317607586,0.42908333069536003,4,2.5
db37,1.0,smooth,1.7231801025210383e-26,317.1084857564945,813327369.0648768,0.564748201438849,266.6866641005267,206,raw,9.191353180178289e-14,-2.097495510611254e-10,4.5294437147399815,11597209.376636535,0.999059100887298,5.618943883690064e-06,1.0,327.0000000000001,,,,[],[],13,661.1538461538462,87.0000000000002,939.9999999999999,"[8, 32, 51, 63, 81, 100, 111, 133, 152, 162, 175, 192, 204]","[878.0000000000003, 638.0000000000002, 787.0, 792.0000000000001, 939.9999999999999, 787.9999999999998, 636.9999999999999, 675.0000000000002, 770.9999999999999, 196.00000000000006, 834.0000000000002, 572.0000000000001, 87.0000000000002]","[0, 13, 42, 42, 76, 99, 107, 107, 107, 161, 164, 187, 203]","[76, 42, 61, 76, 205, 164, 119, 142, 164, 164, 205, 205, 205]",37754613.0,940.9999999999999,-940.9999999999999,0.0,,,,DWT,mdp.39015067403892,0.0,,0.0,33.0,19.0,0.0,28.5,,1.1368683772161603e-13,256.3413461538462,4359.0,256.3413461538462,,0.0,256.3413461538462,,,84.0000000000002,0.0,28.5,1.1368683772161603e-13,1.1368683772161603e-13,,1.1368683772161603e-13,9.778649754777507e-14,1.1397485951952992e-26,0.9562793940139643,0.16848033455325007,0.9088492758870674,0.05704008221993856,0.9342700562857993,0.9999999997234679,0.4742280246118314,6.6959667625959335e-09,6.6959667625959335e-09,6.082000342865356e-09,,5.718550876340534e-12,0.9999999933040264,1.3612963731558036e-13,,,,,,0.0,1.0,1.0,1.4238426238064856e-13,1.4238426238064856e-13,0.8422684098807269,0.2753648338173748,123,1.9089564969202488,0.9168782701607944,5,0,0.28951900311632756,0.34592250957013315,124,0.0,0.5031148928354482,0.9138310731741182,6,68.12977811989899,0.9285851382390996,64.5,10.44764873103401,0.9304875376730088,11,db,0.540986235965534,0.9305070477545101,0.3421575204977732,3,9.0,9.778649754777505e-14,0.0001547883299646835,1.1397485951952992e-26,0.9562793940139643,0.16848033455325007,0.9089434782874346,0.2912911775842488,0.9344255536509168,0.9999999997234678,0.9919828214562052,0.9855281704452468,0.9855281704452468,0.9855281704451347,,1.2251610931599486e-12,0.9999999999667601,7.585973278963461e-14,,,,,1.0,,0.0,1.0,0.75,1.4238426238064856e-13,1.4238426238064856e-13,0.0,2.259570199821638,0.6447065287088393,128,2.002812671711193,0.92587056317126,12,82.02438661763951,0.9570102795505034,70.0,21.942857142857143,0.9601613242616249,11,0.49117026184683504,0.8233619396015222,0.4091722348267588,4,9.25,,,,,,,,,,,,,6.56575511038549e-19,0.036413600438416426,1.1397485951952992e-26,0.9682868134987319,0.052083305966753035,0.21381065821868078,0.22036717804757713,1.0,0.9344255536509167,0.9999999999999541,0.0008499884728391248,0.0007982210227401261,0.0007982210227401261,0.0007982210227337874,,0.0,9.572760819061336e-19,0.020163910573049823,7.054128794466933e-19,,,,,0.4782608695652174,,0.0,1.0,0.9302325581395349,4.770970844811595e-19,4.770970844811595e-19,0.9302325581395349,0.5814294660167882,0.18110015290550946,169,1.9867602430028601,0.9643919079610594,14,109.60155108391487,0.9487843219234042,91.5,25.85792349726776,0.953013656288805,3,1009.0473684210526,935.5,610.6543869996938,760,0.4758535102197843,0.8532293215616218,0.41093374637766444,5,3.5
rbio3.3,1.0,reflect,2.9062861163340478e-27,324.838408796219,6050130.677230665,0.6839622641509434,430.4322517622751,206,raw,2.895634110051477e-14,-2.081538275078318e-10,6.660272489545526,72111.71442510837,0.5197735915031878,5.618943883690066e-06,1.0,327.0000000000001,,,,[],[],13,661.1538461538462,86.99999999999994,939.9999999999998,"[8, 32, 51, 63, 81, 100, 111, 133, 152, 162, 175, 192, 204]","[878.0, 638.0, 786.9999999999999, 792.0000000000001, 939.9999999999998, 787.9999999999999, 636.9999999999999, 675.0000000000001, 771.0, 196.0, 833.9999999999999, 572.0, 86.99999999999994]","[0, 13, 39, 39, 76, 99, 107, 107, 107, 161, 164, 187, 203]","[76, 39, 61, 76, 205, 164, 119, 142, 164, 164, 205, 205, 205]",37754613.0,940.9999999999998,-940.9999999999998,0.0,,,,DWT,mdp.39015067403892,0.0,,0.0,33.0,19.0,0.0,28.5,,2.2737367544323206e-13,256.3413461538462,4359.0,256.34134615384613,,0.0,256.3413461538462,,,83.99999999999994,0.0,24.0,2.2737367544323206e-13,2.2737367544323206e-13,,1.1368683772161603e-13,1.823899486112541e-14,1.2598030230591486e-27,0.9848045599994367,0.904574783962479,0.00035356138926198426,0.9511455525606471,0.0011636090519090384,0.999999999723492,0.47422802461153424,6.6959667625959335e-09,6.6959667625959335e-09,6.0819563246244724e-09,,5.718550876340534e-12,0.9999999933040264,2.7225927463116073e-13,,,,,,0.0,1.0,0.5,2.847685247612971e-13,2.847685247612971e-13,0.7922684098807498,0.25901821375024897,333,1.8242705732099571,0.8762033342134692,8,0,0.2478523364496676,0.29613842720037603,333,0.0,0.4802552583359055,0.8723100515852829,8,187.63883748662838,0.8033135875402219,170.5,15.624633431085046,0.8122962067680145,102,rbio,0.5136782423812899,1.0,0.3404252303330971,4,77.5,1.8238994861125396e-14,0.0001547883299646835,1.2598030230591472e-27,0.9848045599994366,0.904574783962479,0.001386675442406229,0.9632820258192651,0.003526556868373422,0.9999999997234919,0.9919828214562006,0.9855281704452468,0.9855281704452468,0.9855281704451341,,1.2251610931599486e-12,0.9999999999667601,1.5171946557926922e-13,,,,,1.0,,0.0,1.0,0.5,2.847685247612971e-13,2.847685247612971e-13,0.0,2.2345701998217304,0.6375734627749136,336,1.8306333351655517,0.8462746121641384,20,223.44574285494903,0.8828900718789575,178.0,37.75280898876404,0.894799333633399,36,0.3888041033402703,1.0,0.4278371276618108,3,27.75,,,,,,,,,,,,,1.2246350643576514e-19,0.03641360043841643,1.2598030230591472e-27,0.9889778329499684,0.2796364653943436,0.0015856911546507147,0.7287407172925767,1.0,0.003526556868373422,0.9999999999999541,0.0008499884728391214,0.0007982210227401261,0.0007982210227401261,0.0007982210227337869,,0.0,9.572760819061336e-19,0.020163910573049823,1.4108257588933865e-18,,,,,0.4782608695652174,,0.0,1.0,0.8604651162790697,9.54194168962319e-19,9.54194168962319e-19,0.9302325581395349,0.5744527218307418,0.17892707859001003,446,1.8378287678403649,0.8920991841695218,460,9.899494936611665,0.9953740677866301,453.0,452.8918322295806,0.8918459123979879,4,818.67,599.5,715.6978453131971,300,0.38607403914171184,1.0,0.42974817260080167,3,3.75
rbio3.3,1.0,antisymmetric,2.8781015713708114e-27,324.8807313025341,6025679.728151124,0.6839622641509434,425.3870360396743,206,raw,2.8369970881683614e-14,-2.0808588185872473e-10,6.641007836667223,77892.45655166011,0.558819553875357,5.618943883690066e-06,1.0,327.0000000000001,,,,[],[],13,661.1538461538462,87.00000000000003,939.9999999999998,"[8, 32, 51, 63, 81, 100, 111, 133, 152, 162, 175, 192, 204]","[878.0, 638.0, 786.9999999999999, 792.0000000000001, 939.9999999999998, 787.9999999999999, 636.9999999999999, 675.0000000000001, 771.0, 196.0, 833.9999999999999, 572.0, 87.00000000000003]","[0, 13, 39, 39, 76, 99, 107, 107, 107, 161, 164, 187, 203]","[76, 39, 61, 76, 205, 164, 119, 142, 164, 164, 205, 205, 205]",37754613.0,940.9999999999998,-940.9999999999998,0.0,,,,DWT,mdp.39015067403892,0.0,,0.0,33.0,19.0,0.0,28.5,,2.2737367544323206e-13,256.3413461538462,4359.0,256.34134615384613,,0.0,256.3413461538462,,,84.00000000000003,0.0,24.0,2.2737367544323206e-13,2.2737367544323206e-13,,1.1368683772161603e-13,1.7498105916776375e-14,1.2398577727732124e-27,0.9849607396290856,0.897919812797652,0.000326044717915553,0.9511455525606471,0.0016316352592502595,0.999999999723493,0.4742280246116333,6.6959667625959335e-09,6.6959667625959335e-09,6.0819563246244724e-09,,5.718550876340534e-12,0.9999999933040264,2.7225927463116073e-13,,,,,,0.0,1.0,0.5,2.847685247612971e-13,2.847685247612971e-13,0.7922684098807795,0.2590182137502587,321,1.8212102475525966,0.874733449436432,9,0,0.2478523364496758,0.2961384272003858,322,0.0,0.4794979730860076,0.8709345590239059,9,180.4224210013822,0.8108779654073561,165.25,17.50983243220351,0.8188299680286256,86,rbio,0.5136782423812899,1.0,0.3404252303330971,4,65.5,1.7498105916776362e-14,0.0001547883299646835,1.2398577727732124e-27,0.9849607396290856,0.8979198127976521,0.00135918720897421,0.9632820258192651,0.003993475865850538,0.9999999997234928,0.9919828214562021,0.9855281704452468,0.9855281704452468,0.9855281704451341,,1.2251610931599486e-12,0.9999999999667601,1.5171946557926922e-13,,,,,1.0,,0.0,1.0,0.5,2.847685247612971e-13,2.847685247612971e-13,0.0,2.234570199821731,0.6375734627749137,326,1.8275725808432024,0.8448596708827147,21,215.667568261897,0.8869666833008926,173.5,39.45821325648415,0.8980168846273855,25,0.3888041033402703,1.0,0.4278371276618108,3,19.5,,,,,,,,,,,,,1.1748889798308883e-19,0.03641360043841643,1.2398577727732124e-27,0.9890911194337911,0.27757917544239347,0.0015792632490733767,0.7287407172925767,1.0,0.003993475865850538,0.9999999999999541,0.0008499884728391225,0.0007982210227401261,0.0007982210227401261,0.0007982210227337869,,0.0,9.572760819061336e-19,0.020163910573049823,1.4108257588933865e-18,,,,,0.4782608695652174,,0.0,1.0,0.8604651162790697,9.54194168962319e-19,9.54194168962319e-19,0.9302325581395349,0.5744527218307418,0.17892707859001003,456,1.8370516484008859,0.8917219631628139,467,7.7781745930520225,0.9963653389752093,461.5,461.43445287107255,0.8903555666838663,5,818.67,599.5,715.6978453131971,300,0.38607403914171184,1.0,0.42974817260080167,3,4.5
db38,1.0,smooth,1.8738525354182516e-26,316.74443836169365,875719338.2834548,0.5571428571428572,271.5592333557529,206,raw,9.626819298574949e-14,-2.035154267332501e-10,4.561434402211802,12409061.039309634,0.9991081761975521,5.618943883690064e-06,1.0,326.9999999999999,,,,[],[],13,661.1538461538462,86.99999999999983,940.0,"[8, 32, 51, 63, 81, 100, 111, 133, 152, 162, 175, 192, 204]","[878.0000000000002, 638.0, 787.0000000000001, 792.0000000000001, 940.0, 788.0, 637.0000000000001, 674.9999999999998, 771.0000000000002, 196.0000000000001, 834.0000000000002, 572.0000000000001, 86.99999999999983]","[0, 13, 42, 42, 76, 99, 107, 107, 107, 161, 99, 187, 203]","[76, 42, 61, 76, 205, 164, 119, 142, 164, 164, 205, 205, 205]",37754613.0,941.0,-941.0,0.0,,,,DWT,mdp.39015067403892,0.0,,0.0,33.0,19.0,0.0,28.5,,0.0,256.3413461538462,4359.0,256.3413461538462,,0.0,256.3413461538462,,,83.99999999999983,0.0,24.0,0.0,0.0,,1.1368683772161603e-13,1.032886875021317e-13,1.2463743856505194e-26,0.9549359767108546,0.17953151227302777,0.9790641091051677,0.0,1.0,0.9999999997235619,0.4742280246114022,6.6959667625959335e-09,6.6959667625959335e-09,6.082000342865356e-09,,5.718550876340534e-12,0.9999999933040264,0.0,,,,,,0.0,1.0,0.5,0.0,0.0,0.7922684098804733,0.2590182137501586,432,1.9522593966050663,0.9376767995248821,2,0,0.24785233644959004,0.2961384272002833,433,0.0,0.5141914497265894,0.9339499406834055,2,248.54962616480972,0.7394658006658179,217.25,3.9815880077266512,0.7558702168947538,228,db,0.540986235965534,0.9305070477545101,0.3421575204977732,3,171.75,1.032886875021317e-13,0.0001547883299646835,1.2463743856505194e-26,0.9549359767108546,0.17953151227302777,0.979085745918208,0.24842105263157924,1.0,0.9999999997235618,0.9919828214561985,0.9855281704452468,0.9855281704452468,0.9855281704451347,,1.2251610931599486e-12,0.9999999999667601,0.0,,,,,1.0,,0.0,1.0,0.5,0.0,0.0,0.0,2.234570199821541,0.6375734627748595,434,2.0516850725632074,0.9484635484961059,2,305.47012947258855,0.839900351429461,218.0,3.9816513761467887,0.8628222931151498,91,0.49117026184683504,0.8233619396015222,0.4091722348267588,4,69.25,,,,,,,,,,,,,6.935192944003356e-19,0.036413600438416426,1.2463743856505194e-26,0.9673123520858193,0.05549962082627882,0.23021287171217514,0.18793513346347898,1.0,1.0,0.9999999999999541,0.0008499884728391198,0.0007982210227401261,0.0007982210227401261,0.0007982210227337874,,0.0,9.572760819061336e-19,0.020163910573049823,0.0,,,,,0.4782608695652174,,0.0,1.0,0.8604651162790697,0.0,0.0,0.9302325581395349,0.5744527218307418,0.17892707859001003,391,2.009341791037617,0.9753532014893808,11,268.70057685088807,0.8744389827799588,201.0,21.398009950248756,0.8902568745675494,6,1009.0473684210526,935.5,610.6543869996938,760,0.4758535102197843,0.8532293215616218,0.41093374637766444,5,5.75
db32,1.0,smooth,2.1777171608031413e-26,316.0917777339939,543361515.7572446,0.6231343283582089,329.90138369173474,206,raw,1.017955946073784e-13,-2.057232162400195e-10,4.365655246901428,7999647.83075026,0.9985397722432866,5.618943883690066e-06,1.0,326.9999999999999,,,,[],[],13,661.1538461538462,86.99999999999989,939.9999999999999,"[8, 32, 51, 63, 81, 100, 111, 133, 152, 162, 175, 192, 204]","[877.9999999999999, 637.9999999999995, 787.0000000000001, 792.0000000000002, 939.9999999999999, 788.0000000000002, 636.9999999999998, 674.9999999999998, 771.0000000000001, 195.99999999999994, 834.0000000000001, 571.9999999999995, 86.99999999999989]","[0, 13, 42, 42, 76, 99, 107, 107, 107, 161, 99, 187, 203]","[76, 42, 61, 76, 205, 164, 119, 142, 164, 164, 205, 205, 205]",37754613.0,940.9999999999999,-940.9999999999999,0.0,,,,DWT,mdp.39015067403892,0.0,,0.0,33.0,19.0,0.0,28.5,,1.1368683772161603e-13,256.3413461538462,4359.0,256.3413461538461,,0.0,256.3413461538462,,,83.99999999999989,0.0,24.0,1.1368683772161603e-13,1.1368683772161603e-13,,1.1368683772161603e-13,1.1027265534518637e-13,1.4614091152957623e-26,0.9525275112395114,0.1118996353066839,0.6050344163468874,0.4949360341151383,0.6430006917064554,0.9999999997235286,0.47422802461146824,6.6959667625959335e-09,6.6959667625959335e-09,6.081912306383589e-09,,5.718550876340534e-12,0.9999999933040264,1.3612963731558036e-13,,,,,,0.0,1.0,0.5,1.4238426238064856e-13,1.4238426238064856e-13,0.7922684098805917,0.2590182137501973,425,1.7851582227885743,0.8574175398519236,26,0,0.2478523364496233,0.2961384272003231,425,0.0,0.47592478605478944,0.8644444125665283,16,233.285233137462,0.7554662126441698,223.0,37.85461941976234,0.7608567960495483,222,db,0.540986235965534,0.9305070477545101,0.3421575204977732,3,167.25,1.1027265534518636e-13,0.0001547883299646835,1.4614091152957623e-26,0.9525275112395114,0.1118996353066839,0.6054426051616725,0.6204045561665357,0.6438452451725248,0.9999999997235285,0.9919828214561996,0.9855281704452468,0.9855281704452468,0.9855281704451335,,1.2251610931599486e-12,0.9999999999667601,7.585973278963461e-14,,,,,1.0,,0.0,1.0,0.5,1.4238426238064856e-13,1.4238426238064856e-13,0.0,2.2345701998216354,0.6375734627748865,428,1.8359339839019433,0.8487250233783548,19,289.20667350529794,0.8484241753116887,223.5,36.384787472035796,0.8656429052659071,88,0.49117026184683504,0.8233619396015222,0.4091722348267588,4,67.0,,,,,,,,,,,,,7.404122946674747e-19,0.03641360043841643,1.4614091152957623e-26,0.965565347144969,0.03459218524642743,0.14283938391264953,0.46934755259018124,1.0,0.6438452451725248,0.9999999999999541,0.0008499884728391206,0.0007982210227401261,0.0007982210227401261,0.0007982210227337863,,0.0,9.572760819061336e-19,0.020163910573049823,7.054128794466933e-19,,,,,0.4782608695652174,,0.0,1.0,0.8604651162790697,4.770970844811595e-19,4.770970844811595e-19,0.9302325581395349,0.5744527218307418,0.17892707859001003,393,1.9242561921031092,0.9340518600791876,17,265.87214972614186,0.8757606776980645,205.0,32.59024390243902,0.88998314258735,7,1009.0473684210526,935.5,610.6543869996938,760,0.4758535102197843,0.8532293215616218,0.41093374637766444,5,6.5
rbio3.3,1.0,periodic,2.8842899171127396e-27,324.87140335094875,6023803.116855325,0.6839622641509434,425.3870360396743,206,raw,2.8525186527844807e-14,-2.080993155573227e-10,6.639834108055632,72597.00221108491,0.5289350599943373,5.618943883690066e-06,1.0,327.0000000000001,,,,[],[],13,661.1538461538462,86.99999999999996,939.9999999999998,"[8, 32, 51, 63, 81, 100, 111, 133, 152, 162, 175, 192, 204]","[878.0, 638.0, 786.9999999999999, 792.0000000000001, 939.9999999999998, 787.9999999999999, 636.9999999999999, 675.0000000000001, 771.0, 196.0, 833.9999999999999, 572.0, 86.99999999999996]","[0, 13, 39, 39, 76, 99, 107, 107, 107, 161, 164, 187, 203]","[76, 39, 61, 76, 205, 164, 119, 142, 164, 164, 205, 205, 205]",37754613.0,940.9999999999998,-940.9999999999998,0.0,,,,DWT,mdp.39015067403892,0.0,,0.0,33.0,19.0,0.0,28.5,,2.2737367544323206e-13,256.3413461538462,4359.0,256.34134615384613,,0.0,256.3413461538462,,,83.99999999999996,0.0,24.0,2.2737367544323206e-13,2.2737367544323206e-13,,1.1368683772161603e-13,1.7694223578515842e-14,1.2442370559881666e-27,0.9849263173759908,0.8975143484420358,0.00032393281231616255,0.9511455525606471,0.0012028994054600803,0.9999999997234927,0.4742280246115508,6.6959667625959335e-09,6.6959667625959335e-09,6.0819563246244724e-09,,5.718550876340534e-12,0.9999999933040264,2.7225927463116073e-13,,,,,,0.0,1.0,0.5,2.847685247612971e-13,2.847685247612971e-13,0.7922684098807548,0.2590182137502506,331,1.8208143117286157,0.8745432801193355,10,0,0.24785233644966892,0.2961384272003776,330,0.0,0.47938913128999505,0.8707368645873612,10,185.04121162595104,0.8060364658008898,170.25,19.412627182654283,0.8137886731520172,99,rbio,0.5136782423812899,1.0,0.3404252303330971,4,75.25,1.769422357851583e-14,0.0001547883299646835,1.2442370559881666e-27,0.9849263173759908,0.8975143484420358,0.0013570774859858602,0.9632820258192651,0.003565754272712788,0.9999999997234926,0.9919828214562009,0.9855281704452468,0.9855281704452468,0.9855281704451341,,1.2251610931599486e-12,0.9999999999667601,1.5171946557926922e-13,,,,,1.0,,0.0,1.0,0.5,2.847685247612971e-13,2.847685247612971e-13,0.0,2.234570199821731,0.6375734627749137,331,1.8271770518147883,0.8446768236851406,22,218.4959953866432,0.8854842791474616,176.5,41.25779036827195,0.8964895190286575,30,0.3888041033402703,1.0,0.4278371276618108,3,23.25,,,,,,,,,,,,,1.188057061029149e-19,0.03641360043841643,1.2442370559881666e-27,0.9890661509021899,0.27745383188732414,0.001578769907069534,0.7287407172925767,1.0,0.003565754272712788,0.9999999999999541,0.0008499884728391216,0.0007982210227401261,0.0007982210227401261,0.0007982210227337869,,0.0,9.572760819061336e-19,0.020163910573049823,1.4108257588933865e-18,,,,,0.4782608695652174,,0.0,1.0,0.8604651162790697,9.54194168962319e-19,9.54194168962319e-19,0.9302325581395349,0.5744527218307418,0.17892707859001003,452,1.8368026601961334,0.8916011019714917,474,15.556349186104045,0.9927306779504187,463.0,462.7386609071274,0.8881877688817514,8,818.67,599.5,715.6978453131971,300,0.38607403914171184,1.0,0.42974817260080167,3,6.75
rbio3.3,1.0,symmetric,2.8781628421207317e-27,324.880638848308,6024113.991381722,0.6839622641509434,425.3870360396743,206,raw,2.8387217064590415e-14,-2.080776662083425e-10,6.639019361522974,72582.05090414599,0.5290761895267332,5.618943883690066e-06,1.0,327.0000000000001,,,,[],[],13,661.1538461538462,86.99999999999997,939.9999999999998,"[8, 32, 51, 63, 81, 100, 111, 133, 152, 162, 175, 192, 204]","[878.0, 638.0, 786.9999999999999, 792.0000000000001, 939.9999999999998, 787.9999999999999, 636.9999999999999, 675.0000000000001, 771.0, 196.0, 833.9999999999999, 572.0, 86.99999999999997]","[0, 13, 39, 39, 76, 99, 107, 107, 107, 161, 164, 187, 203]","[76, 39, 61, 76, 205, 164, 119, 142, 164, 164, 205, 205, 205]",37754613.0,940.9999999999998,-940.9999999999998,0.0,,,,DWT,mdp.39015067403892,0.0,,0.0,33.0,19.0,0.0,28.5,,2.2737367544323206e-13,256.3413461538462,4359.0,256.34134615384613,,0.0,256.3413461538462,,,83.99999999999997,0.0,24.0,2.2737367544323206e-13,2.2737367544323206e-13,,1.1368683772161603e-13,1.751989676808076e-14,1.2399011320129637e-27,0.9849603984520607,0.8972328943864796,0.00032428266508240886,0.9511455525606471,0.001201688902841519,0.9999999997234931,0.47422802461156727,6.6959667625959335e-09,6.6959667625959335e-09,6.0819563246244724e-09,,5.718550876340534e-12,0.9999999933040264,2.7225927463116073e-13,,,,,,0.0,1.0,0.5,2.847685247612971e-13,2.847685247612971e-13,0.7922684098807596,0.2590182137502522,328,1.8206937240718155,0.8744853614594037,11,0,0.2478523364496703,0.29613842720037925,328,0.0,0.4793581020863278,0.870680504795809,11,183.02003533311137,0.8081550992315394,169.5,21.28613569321534,0.8152410716283482,96,rbio,0.5136782423812899,1.0,0.3404252303330971,4,73.0,1.7519896768080748e-14,0.0001547883299646835,1.2399011320129637e-27,0.9849603984520607,0.8972328943864796,0.0013574269771864616,0.9632820258192651,0.0035645466337809583,0.999999999723493,0.9919828214562011,0.9855281704452468,0.9855281704452468,0.9855281704451341,,1.2251610931599486e-12,0.9999999999667601,1.5171946557926922e-13,,,,,1.0,,0.0,1.0,0.5,2.847685247612971e-13,2.847685247612971e-13,0.0,2.234570199821731,0.6375734627749137,323,1.8270564651226797,0.8446210782476813,23,212.13203435596427,0.8888196884926812,173.0,42.94219653179191,0.8990744144769486,22,0.3888041033402703,1.0,0.4278371276618108,3,17.25,,,,,,,,,,,,,1.176352099964028e-19,0.03641360043841643,1.2399011320129637e-27,0.989090871957564,0.27736682435775106,0.0015788516328175029,0.7287407172925767,1.0,0.0035645466337809583,0.9999999999999541,0.0008499884728391218,0.0007982210227401261,0.0007982210227401261,0.0007982210227337869,,0.0,9.572760819061336e-19,0.020163910573049823,1.4108257588933865e-18,,,,,0.4782608695652174,,0.0,1.0,0.8604651162790697,9.54194168962319e-19,9.54194168962319e-19,0.9302325581395349,0.5744527218307418,0.17892707859001003,460,1.8367735468718722,0.8915869700930075,476,11.313708498984761,0.9947132203275773,468.0,467.86324786324786,0.8880108157712653,9,818.67,599.5,715.6978453131971,300,0.38607403914171184,1.0,0.42974817260080167,3,7.5
db34,1.0,smooth,1.7823761674074947e-26,316.9617988038097,643165596.1546748,0.6029411764705882,316.97492127181005,206,raw,9.334280921018381e-14,-2.0505452891228766e-10,4.4318846260699605,9347114.256457947,0.9988096402586261,5.618943883690064e-06,1.0,327.0000000000001,,,,[],[],13,661.1538461538462,87.0,940.0000000000001,"[8, 32, 51, 63, 81, 100, 111, 133, 152, 162, 175, 192, 204]","[877.9999999999995, 638.0000000000001, 786.9999999999997, 792.0000000000002, 940.0000000000001, 788.0000000000002, 637.0, 674.9999999999999, 771.0, 196.00000000000006, 834.0000000000001, 571.9999999999999, 87.0]","[0, 13, 42, 42, 76, 99, 107, 107, 107, 161, 99, 187, 203]","[76, 42, 61, 76, 205, 164, 119, 142, 164, 164, 205, 205, 205]",37754613.0,941.0000000000001,-941.0000000000001,0.0,,,,DWT,mdp.39015067403892,0.0,,0.0,33.0,19.0,0.0,28.5,,1.1368683772161603e-13,256.3413461538462,4359.0,256.34134615384613,,0.0,256.3413461538462,,,84.0,0.0,24.0,1.1368683772161603e-13,1.1368683772161603e-13,,1.1368683772161603e-13,9.959241434962579e-14,1.1816396504400417e-26,0.9557380859502574,0.1347785634355877,0.7173521865240273,0.34348739495798286,0.7520956118633223,0.9999999997235387,0.4742280246116003,6.6959667625959335e-09,6.6959667625959335e-09,6.0819563246244724e-09,,5.718550876340534e-12,0.9999999933040264,1.3612963731558036e-13,,,,,,0.0,1.0,0.5,1.4238426238064856e-13,1.4238426238064856e-13,0.7922684098806445,0.25901821375021455,398,1.8377414291679295,0.8826734319491993,7,0,0.24785233644963794,0.2961384272003406,399,0.0,0.48793148030685196,0.8862527319978999,7,226.03299906577064,0.7630681351511839,202.75,13.75832268405207,0.7752709648502251,189,db,0.540986235965534,0.9305070477545101,0.3421575204977732,3,142.5,9.959241434962578e-14,0.0001547883299646835,1.1816396504400417e-26,0.9557380859502574,0.1347785634355878,0.7176442972312875,0.506578947368421,0.7526820794149136,0.9999999997235386,0.9919828214562016,0.9855281704452468,0.9855281704452468,0.9855281704451341,,1.2251610931599486e-12,0.9999999999667601,7.585973278963461e-14,,,,,1.0,,0.0,1.0,0.5,1.4238426238064856e-13,1.4238426238064856e-13,0.0,2.2345701998216363,0.6375734627748867,408,1.9034051290053606,0.8799159320424872,16,277.18585822512665,0.8547243929637701,212.0,30.792452830188676,0.8718066409263294,79,0.49117026184683504,0.8233619396015222,0.4091722348267588,4,60.25,,,,,,,,,,,,,6.687011191419473e-19,0.036413600438416426,1.1816396504400417e-26,0.967894170185772,0.041664881398704084,0.169076860541502,0.3832363685563523,1.0,0.7526820794149134,0.9999999999999541,0.0008499884728391221,0.0007982210227401261,0.0007982210227401261,0.0007982210227337869,,0.0,9.572760819061336e-19,0.020163910573049823,7.054128794466933e-19,,,,,0.4782608695652174,,0.0,1.0,0.8604651162790697,4.770970844811595e-19,4.770970844811595e-19,0.9302325581395349,0.5744527218307418,0.17892707859001003,402,1.9513988324015792,0.9472271502314502,16,272.94321753800733,0.8724564404028003,209.0,30.775119617224878,0.8873964445004656,10,1009.0473684210526,935.5,610.6543869996938,760,0.4758535102197843,0.8532293215616218,0.41093374637766444,5,8.75
rbio3.3,1.0,constant,2.883983563363139e-27,324.87186465966977,6017157.371916396,0.6839622641509434,425.3870360396743,206,raw,2.8507940344938e-14,-2.0809376444219957e-10,6.621944686552067,74258.49458475408,0.5409366370860719,5.618943883690066e-06,1.0,327.0000000000001,,,,[],[],13,661.1538461538462,86.99999999999996,939.9999999999998,"[8, 32, 51, 63, 81, 100, 111, 133, 152, 162, 175, 192, 204]","[878.0, 638.0, 786.9999999999999, 792.0000000000001, 939.9999999999998, 787.9999999999999, 636.9999999999999, 675.0000000000001, 771.0, 196.0, 833.9999999999999, 572.0, 86.99999999999996]","[0, 13, 39, 39, 76, 99, 107, 107, 107, 161, 164, 187, 203]","[76, 39, 61, 76, 205, 164, 119, 142, 164, 164, 205, 205, 205]",37754613.0,940.9999999999998,-940.9999999999998,0.0,,,,DWT,mdp.39015067403892,0.0,,0.0,33.0,19.0,0.0,28.5,,2.2737367544323206e-13,256.3413461538462,4359.0,256.34134615384613,,0.0,256.3413461538462,,,83.99999999999996,0.0,24.0,2.2737367544323206e-13,2.2737367544323206e-13,,1.1368683772161603e-13,1.7672432727211444e-14,1.2440202597894072e-27,0.9849280197096065,0.8913344507291763,0.00031645380695151013,0.9511455525606471,0.0013374188074937775,0.9999999997234928,0.4742280246115508,6.6959667625959335e-09,6.6959667625959335e-09,6.0819563246244724e-09,,5.718550876340534e-12,0.9999999933040264,2.7225927463116073e-13,,,,,,0.0,1.0,0.5,2.847685247612971e-13,2.847685247612971e-13,0.7922684098807548,0.2590182137502506,330,1.8177754525304866,0.8730837057553633,13,0,0.24785233644966892,0.2961384272003776,331,0.0,0.47863273691717323,0.8693629901676176,13,183.30916507365365,0.8078520282246817,171.75,25.016009477963294,0.8139102908419006,98,rbio,0.5136782423812899,1.0,0.3404252303330971,4,74.5,1.767243272721143e-14,0.0001547883299646835,1.2440202597894072e-27,0.9849280197096065,0.8913344507291763,0.0013496062100195705,0.9632820258192651,0.003699955442120814,0.9999999997234927,0.9919828214562009,0.9855281704452468,0.9855281704452468,0.9855281704451341,,1.2251610931599486e-12,0.9999999999667601,1.5171946557926922e-13,,,,,1.0,,0.0,1.0,0.5,2.847685247612971e-13,2.847685247612971e-13,0.0,2.234570199821731,0.6375734627749137,324,1.8241380691883082,0.8432719471354817,24,212.13203435596427,0.8888196884926812,174.0,44.689655172413794,0.8988123599696111,24,0.3888041033402703,1.0,0.4278371276618108,3,18.75,,,,,,,,,,,,,1.1865939408960083e-19,0.03641360043841643,1.2440202597894072e-27,0.9890673857072029,0.2755434041553542,0.0015770228083855711,0.7287407172925767,1.0,0.003699955442120814,0.9999999999999541,0.0008499884728391216,0.0007982210227401261,0.0007982210227401261,0.0007982210227337869,,0.0,9.572760819061336e-19,0.020163910573049823,1.4108257588933865e-18,,,,,0.4782608695652174,,0.0,1.0,0.8604651162790697,9.54194168962319e-19,9.54194168962319e-19,0.9302325581395349,0.5744527218307418,0.17892707859001003,458,1.8359009941315774,0.8911634248741149,480,15.556349186104045,0.9927306779504187,469.0,468.7420042643924,0.8867858997228729,11,818.67,599.5,715.6978453131971,300,0.38607403914171184,1.0,0.42974817260080167,3,9.0
rbio3.3,1.0,zero,2.883738480363459e-27,324.8722337419301,6017260.330409132,0.6839622641509434,425.3870360396743,206,raw,2.847344797912441e-14,-2.0808821332707644e-10,6.62161958851758,74491.04910746566,0.5422327808047954,5.618943883690066e-06,1.0,327.0000000000001,,,,[],[],13,661.1538461538462,86.99999999999996,939.9999999999998,"[8, 32, 51, 63, 81, 100, 111, 133, 152, 162, 175, 192, 204]","[878.0, 638.0, 786.9999999999999, 792.0000000000001, 939.9999999999998, 787.9999999999999, 636.9999999999999, 675.0000000000001, 771.0, 196.0, 833.9999999999999, 572.0, 86.99999999999996]","[0, 13, 39, 39, 76, 99, 107, 107, 107, 161, 164, 187, 203]","[76, 39, 61, 76, 205, 164, 119, 142, 164, 164, 205, 205, 205]",37754613.0,940.9999999999998,-940.9999999999998,0.0,,,,DWT,mdp.39015067403892,0.0,,0.0,33.0,19.0,0.0,28.5,,2.2737367544323206e-13,256.3413461538462,4359.0,256.34134615384613,,0.0,256.3413461538462,,,83.99999999999996,0.0,24.0,2.2737367544323206e-13,2.2737367544323206e-13,,1.1368683772161603e-13,1.7628851024602686e-14,1.243846822830399e-27,0.9849293817067032,0.8912221456666912,0.0003165696746422788,0.9511455525606471,0.0013562471186140442,0.999999999723493,0.4742280246115508,6.6959667625959335e-09,6.6959667625959335e-09,6.0819563246244724e-09,,5.718550876340534e-12,0.9999999933040264,2.7225927463116073e-13,,,,,,0.0,1.0,0.5,2.847685247612971e-13,2.847685247612971e-13,0.7922684098807548,0.2590182137502506,329,1.8177277064557957,0.873060773153997,14,0,0.24785233644966892,0.2961384272003776,329,0.0,0.47862123705635107,0.869342102433412,14,181.86533479473212,0.8093654771543688,171.5,26.857142857142858,0.8147980425604129,97,rbio,0.5136782423812899,1.0,0.3404252303330971,4,73.75,1.7628851024602674e-14,0.0001547883299646835,1.243846822830399e-27,0.9849293817067032,0.8912221456666913,0.0013497219579634615,0.9632820258192651,0.003718739211094787,0.9999999997234928,0.9919828214562009,0.9855281704452468,0.9855281704452468,0.9855281704451341,,1.2251610931599486e-12,0.9999999999667601,1.5171946557926922e-13,,,,,1.0,,0.0,1.0,0.5,2.847685247612971e-13,2.847685247612971e-13,0.0,2.234570199821731,0.6375734627749137,330,1.824090305236885,0.8432498665698711,25,215.667568261897,0.8869666833008926,177.5,46.47887323943662,0.8969686665980354,29,0.3888041033402703,1.0,0.4278371276618108,3,22.5,,,,,,,,,,,,,1.183667700629728e-19,0.03641360043841643,1.243846822830399e-27,0.9890683736456581,0.27550868663804556,0.0015770498751250886,0.7287407172925767,1.0,0.0037187392110947866,0.9999999999999541,0.0008499884728391216,0.0007982210227401261,0.0007982210227401261,0.0007982210227337869,,0.0,9.572760819061336e-19,0.020163910573049823,1.4108257588933865e-18,,,,,0.4782608695652174,,0.0,1.0,0.8604651162790697,9.54194168962319e-19,9.54194168962319e-19,0.9302325581395349,0.5744527218307418,0.17892707859001003,453,1.8358917551769554,0.8911589401995766,481,19.79898987322333,0.9907481355732601,467.0,466.5802997858672,0.8862619182539198,12,818.67,599.5,715.6978453131971,300,0.38607403914171184,1.0,0.42974817260080167,3,9.75
db35,1.0,smooth,2.0361611453452084e-26,316.38367101006696,697106127.497627,0.6058394160583942,300.4563031838001,206,raw,1.0101304905798245e-13,-2.0338986050916483e-10,4.464646078848968,10066419.268625673,0.9989194108212958,5.6189438836900665e-06,1.0,327.0,,,,[],[],13,661.1538461538462,87.00000000000009,940.0000000000002,"[8, 32, 51, 63, 81, 100, 111, 133, 152, 162, 175, 192, 204]","[877.9999999999999, 637.9999999999997, 787.0000000000001, 792.0000000000005, 940.0000000000002, 787.9999999999998, 636.9999999999998, 675.0, 770.9999999999998, 196.00000000000006, 833.9999999999998, 571.9999999999998, 87.00000000000009]","[0, 13, 39, 39, 76, 99, 107, 107, 107, 161, 164, 187, 203]","[76, 39, 61, 76, 205, 164, 119, 142, 164, 164, 205, 205, 205]",37754613.0,941.0000000000001,-941.0000000000001,0.0,,,,DWT,mdp.39015067403892,0.0,,0.0,33.0,19.0,0.0,28.5,,1.1368683772161603e-13,256.3413461538462,4359.0,256.3413461538461,,0.0,256.3413461538462,,,84.00000000000009,0.0,24.0,2.2737367544323206e-13,1.1368683772161603e-13,,0.0,1.0928389546725005e-13,1.3612347054739597e-26,0.9536046635096229,0.14609600190382455,0.7780559190616652,0.3652241918665279,0.8103327013920344,0.9999999997235638,0.47422802461169933,6.6959667625959335e-09,6.6959667625959335e-09,6.081912306383589e-09,,0.0,0.9999999933040264,2.7225927463116073e-13,,,,,,0.0,1.0,0.5,1.4238426238064856e-13,1.4238426238064856e-13,0.7922684098778697,0.2590182137493074,508,1.9044615157814018,0.9147193154975317,6,0,0.24785233644917737,0.2961384271997903,514,0.0,0.5066641846821685,0.9202778176920892,4,292.1506460715088,0.6937624255015631,258.0,9.510659997086107,0.711661086964618,316,db,0.540986235965534,0.9305070477545101,0.3421575204977732,3,237.75,1.0928389546725004e-13,0.0001547883299646835,1.3612347054739597e-26,0.9536046635096229,0.14609600190382466,0.778285293708714,0.5229158663081064,0.8107813974279036,0.9999999997235637,0.9919828214562032,0.9855281704452468,0.9855281704452468,0.9855281704451335,,0.0,0.9999999999667601,1.5171946557926922e-13,,,,,1.0,,0.0,1.0,0.5,1.4238426238064856e-13,1.4238426238064856e-13,0.0,2.2345701998210616,0.6375734627747227,511,1.9678787877948947,0.9097211472861949,15,350.72496346852756,0.8161818849745662,263.0,29.14448669201521,0.8391706070575138,112,0.49117026184683504,0.8233619396015222,0.4091722348267588,4,85.0,,,,,,,,,,,,,7.337733870633521e-19,0.03641360043841644,1.3612347054739597e-26,0.9663466705063886,0.045163506992391855,0.1832572770617772,0.39559555071417524,1.0,0.8107813974279036,0.9999999999999541,0.0008499884728391233,0.0007982210227401261,0.0007982210227401261,0.0007982210227337863,,0.0,0.0,0.020163910573049823,1.4108257588933865e-18,,,,,0.4782608695652174,,0.0,1.0,0.8604651162790697,4.770970844811595e-19,4.770970844811595e-19,0.9302325581395349,0.5744527218307418,0.17892707859001003,430,1.987493253719256,0.9647477181831688,13,294.8635277547903,0.8622133047874811,221.5,25.23702031602709,0.8793543159451425,13,1009.0473684210526,935.5,610.6543869996938,760,0.4758535102197843,0.8532293215616218,0.41093374637766444,5,11.0
db33,1.0,smooth,1.3764933500170055e-26,318.0840512924205,591934528.4866692,0.6,308.82844029508436,206,raw,8.133299858846196e-14,-2.0882739981687148e-10,4.398890728401172,8658265.20530634,0.9986779834889311,5.618943883690062e-06,1.0,327.00000000000006,,,,[],[],13,661.1538461538462,86.99999999999977,939.9999999999999,"[8, 32, 51, 63, 81, 100, 111, 133, 152, 162, 175, 192, 204]","[877.9999999999999, 638.0000000000001, 787.0000000000003, 792.0000000000001, 939.9999999999999, 787.9999999999999, 637.0, 674.9999999999998, 770.9999999999999, 196.00000000000017, 834.0000000000001, 571.9999999999999, 86.99999999999977]","[0, 13, 42, 42, 76, 99, 107, 107, 107, 161, 99, 187, 203]","[76, 42, 61, 76, 205, 164, 119, 142, 164, 164, 205, 205, 205]",37754613.0,940.9999999999999,-940.9999999999999,0.0,,,,DWT,mdp.39015067403892,0.0,,0.0,33.0,19.0,0.0,28.5,,1.1368683772161603e-13,256.3413461538462,4359.0,256.3413461538461,,0.0,256.3413461538462,,,83.99999999999977,0.0,24.0,1.1368683772161603e-13,1.1368683772161603e-13,,5.684341886080802e-14,8.441781027253616e-14,8.944100928873596e-27,0.9598794516987544,0.12338082691844887,0.6596976371173208,0.3214285714285712,0.6963243282144185,0.9999999997234819,0.4742280246113362,6.6959667625959335e-09,6.6959667625959335e-09,6.081912306383589e-09,,2.859275438170267e-12,0.9999999933040264,1.3612963731558036e-13,,,,,,0.0,1.0,0.5,1.4238426238064856e-13,1.4238426238064856e-13,0.7922684098791224,0.25901821374971695,473,1.7745680627837515,0.8523310501379814,31,0,0.247852336449374,0.2961384272000252,473,0.0,0.47008885188763494,0.8538443328255205,24,257.225419946526,0.7303716772048994,250.25,51.18161655092172,0.7340275576800178,274,db,0.540986235965534,0.9305070477545101,0.3421575204977732,3,206.25,8.441781027253614e-14,0.0001547883299646835,8.944100928873596e-27,0.9598794516987543,0.12338082691844887,0.6600493326166825,0.49,0.6970427339233634,0.9999999997234816,0.9919828214561976,0.9855281704452468,0.9855281704452468,0.9855281704451335,,6.125805465799743e-13,0.9999999999667601,7.585973278963461e-14,,,,,1.0,,0.0,1.0,0.5,1.4238426238064856e-13,1.4238426238064856e-13,0.0,2.2345701998213285,0.6375734627747989,481,1.8425062807445711,0.851763298632432,18,327.3904396893715,0.8284117192403714,249.5,34.701402805611224,0.848823260039473,109,0.49117026184683504,0.8233619396015222,0.4091722348267588,4,82.75,,,,,,,,,,,,,5.668130908704054e-19,0.03641360043841641,8.944100928873596e-27,0.9708981519785677,0.03814143280201962,0.15560873443625844,0.370694087403599,1.0,0.6970427339233634,0.9999999999999541,0.0008499884728391191,0.0007982210227401261,0.0007982210227401261,0.0007982210227337863,,0.0,4.786380409530668e-19,0.020163910573049823,7.054128794466933e-19,,,,,0.4782608695652174,,0.0,1.0,0.8604651162790697,4.770970844811595e-19,4.770970844811595e-19,0.9302325581395349,0.5744527218307418,0.17892707859001003,433,1.9174327834685712,0.9307397140389014,19,292.74220741123065,0.8632045759760605,226.0,36.402654867256636,0.8787985496702733,14,1009.0473684210526,935.5,610.6543869996938,760,0.4758535102197843,0.8532293215616218,0.41093374637766444,5,11.75
rbio3.3,1.0,smooth,2.8794267906767002e-27,324.8787320576991,6140462.153589942,0.6792452830188679,430.4322517622751,206,raw,2.8422787316835687e-14,-2.0807333633854646e-10,6.659405421169266,87065.82134755544,0.6055453700104663,5.618943883690066e-06,1.0,327.0000000000001,,,,[],[],13,661.1538461538462,86.99999999999999,939.9999999999998,"[8, 32, 51, 63, 81, 100, 111, 133, 152, 162, 175, 192, 204]","[878.0, 638.0, 786.9999999999999, 792.0000000000001, 939.9999999999998, 787.9999999999999, 636.9999999999999, 675.0000000000001, 771.0, 196.0, 833.9999999999999, 572.0, 86.99999999999999]","[0, 13, 39, 39, 76, 99, 107, 107, 107, 161, 164, 187, 203]","[76, 39, 61, 76, 205, 164, 119, 142, 164, 164, 205, 205, 205]",37754613.0,940.9999999999998,-940.9999999999998,0.0,,,,DWT,mdp.39015067403892,0.0,,0.0,33.0,19.0,0.0,28.5,,2.2737367544323206e-13,256.3413461538462,4359.0,256.34134615384613,,0.0,256.3413461538462,,,83.99999999999999,0.0,24.0,2.2737367544323206e-13,2.2737367544323206e-13,,1.1368683772161603e-13,1.7564840398896064e-14,1.2407955857048808e-27,0.9849533619630375,0.9042752553346655,0.0004552188561819856,0.9157681940700806,0.0023743383655279626,0.9999999997234932,0.4742280246115838,6.6959667625959335e-09,6.6959667625959335e-09,6.0819563246244724e-09,,5.718550876340534e-12,0.9999999933040264,2.7225927463116073e-13,,,,,,0.0,1.0,0.5,2.847685247612971e-13,2.847685247612971e-13,0.7922684098807646,0.25901821375025386,327,1.8105942671368922,0.8696345580917024,15,0,0.2478523364496717,0.2961384272003809,327,0.0,0.47597829603912556,0.8645416052497656,15,180.13328398716322,0.8111810440386129,171.0,28.684210526315788,0.8159678805098725,94,rbio,0.5136782423812899,1.0,0.3404252303330971,4,71.5,1.756484039889605e-14,0.0001547883299646835,1.2407955857048808e-27,0.9849533619630375,0.9042752553346656,0.0014882278484230696,0.93669314796425,0.004734421958968563,0.9999999997234931,0.9919828214562014,0.9855281704452468,0.9855281704452468,0.9855281704451341,,1.2251610931599486e-12,0.9999999999667601,1.5171946557926922e-13,,,,,1.0,,0.0,1.0,0.5,2.847685247612971e-13,2.847685247612971e-13,0.0,2.234570199821731,0.6375734627749137,329,1.820471223127046,0.8415768186415609,26,214.2533546995239,0.887707885377608,177.5,48.19154929577464,0.8973392676363932,28,0.3888041033402703,1.0,0.4278371276618108,3,21.75,,,,,,,,,,,,,1.1793697852386304e-19,0.03641360043841643,1.2407955857048808e-27,0.9890857679686399,0.27954387036709855,0.0016094383801187355,0.7086257380853305,1.0,0.004734421958968563,0.9999999999999541,0.0008499884728391219,0.0007982210227401261,0.0007982210227401261,0.0007982210227337869,,0.0,9.572760819061336e-19,0.020163910573049823,1.4108257588933865e-18,,,,,0.4782608695652174,,0.0,1.0,0.8604651162790697,9.54194168962319e-19,9.54194168962319e-19,0.9302325581395349,0.5744527218307418,0.17892707859001003,454,1.8302962593040188,0.8884428344390077,570,82.02438661763951,0.9616708473749348,512.0,505.4296875,0.8612092554631683,15,818.67,599.5,715.6978453131971,300,0.38607403914171184,1.0,0.42974817260080167,3,12.0
rbio3.3,1.0,antireflect,2.877934034163999e-27,324.8809841171081,6045133.622263789,0.6792452830188679,427.17251822721806,206,raw,2.835488047164017e-14,-2.0807389145005878e-10,6.654362817664984,80246.85375926587,0.5674949583288422,5.618943883690066e-06,1.0,327.0000000000001,,,,[],[],13,661.1538461538462,87.0,939.9999999999998,"[8, 32, 51, 63, 81, 100, 111, 133, 152, 162, 175, 192, 204]","[878.0, 638.0, 786.9999999999999, 792.0000000000001, 939.9999999999998, 787.9999999999999, 636.9999999999999, 675.0000000000001, 771.0, 196.0, 833.9999999999999, 572.0, 87.0]","[0, 13, 39, 39, 76, 99, 107, 107, 107, 161, 164, 187, 203]","[76, 39, 61, 76, 205, 164, 119, 142, 164, 164, 205, 205, 205]",37754613.0,940.9999999999998,-940.9999999999998,0.0,,,,DWT,mdp.39015067403892,0.0,,0.0,33.0,19.0,0.0,28.5,,2.2737367544323206e-13,256.3413461538462,4359.0,256.34134615384613,,0.0,256.3413461538462,,,84.0,0.0,24.0,2.2737367544323206e-13,2.2737367544323206e-13,,1.1368683772161603e-13,1.7479038921885057e-14,1.2397392123520154e-27,0.984961672572098,0.9025332887843909,0.00034793779081693915,0.9157681940700806,0.001822254313262237,0.9999999997234932,0.4742280246116003,6.6959667625959335e-09,6.6959667625959335e-09,6.0819563246244724e-09,,5.718550876340534e-12,0.9999999933040264,2.7225927463116073e-13,,,,,,0.0,1.0,0.5,2.847685247612971e-13,2.847685247612971e-13,0.7922684098807696,0.25901821375025547,325,1.8094537960736026,0.8690867859777939,16,0,0.24785233644967308,0.2961384272003826,324,0.0,0.4756791684067699,0.863998285763135,17,177.82482016486526,0.8136008174372482,170.5,31.375779558024973,0.8174398217165277,90,rbio,0.5136782423812899,1.0,0.3404252303330971,4,68.5,1.7479038921885044e-14,0.0001547883299646835,1.239739212352014e-27,0.984961672572098,0.902533288784391,0.0013810576558346208,0.93669314796425,0.0041836439722583475,0.9999999997234931,0.9919828214562016,0.9855281704452468,0.9855281704452468,0.9855281704451341,,1.2251610931599486e-12,0.9999999999667601,1.5171946557926922e-13,,,,,1.0,,0.0,1.0,0.5,2.847685247612971e-13,2.847685247612971e-13,0.0,2.234570199821731,0.6375734627749137,328,1.8193313299263667,0.8410498629384265,27,212.83914113715082,0.8884490874543235,177.5,49.89295774647887,0.8977098686747509,26,0.3888041033402703,1.0,0.4278371276618108,3,20.25,,,,,,,,,,,,,1.1736087497143912e-19,0.03641360043841643,1.239739212352014e-27,0.9890917961534998,0.2790053661133981,0.0015843774797750542,0.7086257380853305,1.0,0.0041836439722583475,0.9999999999999541,0.0008499884728391221,0.0007982210227401261,0.0007982210227401261,0.0007982210227337869,,0.0,9.572760819061336e-19,0.020163910573049823,1.4108257588933865e-18,,,,,0.4782608695652174,,0.0,1.0,0.8604651162790697,9.54194168962319e-19,9.54194168962319e-19,0.9302325581395349,0.5744527218307418,0.17892707859001003,443,1.8297977824432283,0.8882008691326526,576,94.04520189781083,0.9560536439729856,509.5,500.8204121687929,0.8589847659117265,16,818.67,599.5,715.6978453131971,300,0.38607403914171184,1.0,0.42974817260080167,3,12.75
rbio1.3,1.0,reflect,5.3327303546689996e-27,322.20229622376576,5937118.92637177,0.6904761904761905,326.4320094804817,206,raw,5.304925862131232e-14,-2.1826274121395112e-10,6.333827799745723,61319.005311791385,0.7531810682196675,5.618943883690066e-06,0.9999999999999998,327.0000000000001,,,,[],[],13,661.1538461538462,87.00000000000003,940.0000000000002,"[8, 32, 51, 63, 81, 100, 111, 133, 152, 162, 175, 192, 204]","[878.0, 638.0000000000001, 787.0000000000001, 792.0000000000001, 940.0000000000002, 788.0, 637.0000000000001, 675.0000000000001, 771.0, 196.0, 834.0000000000001, 572.0000000000001, 87.00000000000003]","[0, 13, 39, 39, 76, 99, 107, 107, 107, 161, 164, 187, 203]","[76, 39, 61, 76, 205, 164, 119, 142, 164, 164, 205, 205, 205]",37754613.0,941.0000000000002,-941.0000000000002,0.0,,,,DWT,mdp.39015067403892,0.0,,0.0,33.0,19.0,0.0,28.5,,2.2737367544323206e-13,256.3413461538462,4359.0,256.3413461538462,,0.0,256.3413461538462,,,84.00000000000003,0.0,24.0,2.2737367544323206e-13,2.2737367544323206e-13,,1.1368683772161603e-13,4.868081413334824e-14,2.9769156357191925e-27,0.9750767078204194,0.7918045196212341,0.00022637993726383091,1.0,0.00028979897654836926,0.9999999997233396,0.4742280246116333,6.6959667625959335e-09,6.6959667625959335e-09,6.082000342865356e-09,,5.718550876340534e-12,0.9999999933040264,2.7225927463116073e-13,,,,,,0.0,1.0,0.5,2.847685247612971e-13,2.847685247612971e-13,0.7922684098807927,0.259018213750263,315,1.7811773939514706,0.8555055342803675,27,0,0.24785233644967947,0.2961384272003902,318,0.0,0.47092467575985675,0.8553624787540427,20,169.19219840169936,0.8226496872099587,170.0,42.8466021493878,0.8222263111102204,82,rbio,0.5136782423812899,1.0,0.3404252303330971,4,62.5,4.8680814133348226e-14,0.0001547883299646835,2.9769156357191918e-27,0.9750767078204194,0.7918045196212342,0.0012596254298253373,0.9999999999999998,0.0026548139660035348,0.9999999997233395,0.9919828214562021,0.9855281704452468,0.9855281704452468,0.9855281704451347,,1.2251610931599486e-12,0.9999999999667601,1.5171946557926922e-13,,,,,1.0,,0.0,1.0,0.5,2.847685247612971e-13,2.847685247612971e-13,0.0,2.2345701998217313,0.6375734627749138,313,1.7826864591925227,0.8241094832499488,59,179.60512242138307,0.9058673362571368,186.0,99.28494623655914,0.9041915297637886,21,0.3888041033402703,1.0,0.4278371276618108,3,16.5,,,,,,,,,,,,,3.2686138903543316e-19,0.03641360043841643,2.9769156357191918e-27,0.9819216363705232,0.24477513752951607,0.001555981515925139,0.7565185457216306,0.9999999999999998,0.0026548139660035348,0.9999999999999541,0.0008499884728391225,0.0007982210227401261,0.0007982210227401261,0.0007982210227337874,,0.0,9.572760819061336e-19,0.020163910573049823,1.4108257588933865e-18,,,,,0.4782608695652174,,0.0,1.0,0.8604651162790697,9.54194168962319e-19,9.54194168962319e-19,0.9302325581395349,0.5744527218307418,0.17892707859001003,461,1.8269119653515948,0.8868000666650028,613,107.48023074035522,0.9497755931119836,537.0,526.2439478584729,0.8494205068363656,17,818.67,599.5,715.6978453131971,300,0.38607403914171184,1.0,0.42974817260080167,3,13.5
rbio3.3,1.0,periodization,2.6033154186719394e-27,325.31652456275117,5983494.628926923,0.6796116504854369,409.25217406966857,206,raw,2.910138808077581e-14,-2.0660462229926974e-10,6.604828584665349,71686.9365735129,0.5340596697348193,5.618943883690066e-06,1.0,327.0,,,,[],[],13,661.1538461538462,86.99999999999997,939.9999999999999,"[8, 32, 51, 63, 81, 100, 111, 133, 152, 162, 175, 192, 204]","[877.9999999999999, 638.0, 786.9999999999999, 792.0, 939.9999999999999, 788.0, 637.0, 675.0000000000001, 771.0, 196.0000000000001, 834.0, 572.0, 86.99999999999997]","[0, 13, 42, 42, 76, 99, 107, 107, 107, 161, 164, 187, 203]","[76, 42, 61, 76, 205, 164, 119, 142, 164, 164, 205, 205, 205]",37754613.0,940.9999999999999,-940.9999999999999,0.0,,,,DWT,mdp.39015067403892,0.0,,0.0,33.0,19.0,0.0,28.5,,1.1368683772161603e-13,256.3413461538462,4359.0,256.34134615384613,,0.0,256.3413461538462,,,83.99999999999997,0.0,28.5,1.1368683772161603e-13,1.1368683772161603e-13,,0.0,1.8422264237085236e-14,1.04540089586293e-27,0.9865689154180498,0.8854216961506272,0.0002785703435142666,0.9185159500693485,0.0011292177639926253,0.9999999997235153,0.47422802461156727,6.6959667625959335e-09,6.6959667625959335e-09,6.0819563246244724e-09,,0.0,0.9999999933040264,1.3612963731558036e-13,,,,,,0.0,1.0,1.0,1.4238426238064856e-13,1.4238426238064856e-13,0.8422684098777752,0.27536483381640975,207,1.802649549520649,0.8658186833157979,17,0,0.2895190031158254,0.3459225095695332,207,0.0,0.4739892936836333,0.8609288873935685,18,109.40863768459965,0.8853158934123694,112.25,32.24742268041237,0.8838267098089101,17,rbio,0.5136782423812899,1.0,0.3404252303330971,4,13.75,1.8422264237085223e-14,0.0001547883299646835,1.04540089586293e-27,0.9865689154180498,0.8854216961506273,0.0013117618983633438,0.9387583035258049,0.0034922469399463344,0.9999999997235152,0.9919828214562011,0.9855281704452468,0.9855281704452468,0.9855281704451341,,0.0,0.9999999999667601,7.585973278963461e-14,,,,,1.0,,0.0,1.0,0.75,1.4238426238064856e-13,1.4238426238064856e-13,0.0,2.259570199821024,0.644706528708664,208,1.8122547348500269,0.8377784580980189,29,126.572113832392,0.9336624141339664,118.5,50.902953586497894,0.9357777479474864,12,0.3888041033402703,1.0,0.4278371276618108,3,9.75,,,,,,,,,,,,,1.2369404630779346e-19,0.03641360043841643,1.04540089586293e-27,0.9902576261088939,0.2737155599346178,0.001568173215974797,0.710188066567447,1.0,0.0034922469399463344,0.9999999999999541,0.0008499884728391218,0.0007982210227401261,0.0007982210227401261,0.0007982210227337869,,0.0,0.0,0.020163910573049823,7.054128794466933e-19,,,,,0.4782608695652174,,0.0,1.0,0.9302325581395349,4.770970844811595e-19,4.770970844811595e-19,0.9302325581395349,0.5814294660167882,0.18110015290550946,170,1.8281926477750965,0.887421721829607,600,304.05591591021545,0.8579177963036376,385.0,264.93506493506493,0.8390056271237814,18,818.67,599.5,715.6978453131971,300,0.38607403914171184,1.0,0.42974817260080167,3,14.25
db1,1.0,symmetric,4.700676616180949e-27,322.75018871998736,5965734.982907752,0.6844660194174758,333.90154964121535,206,raw,5.012603061860997e-14,-2.178849323186711e-10,6.328576966320094,63117.308605900675,0.7358086728396478,5.618943883690064e-06,0.9999999999999998,327.0000000000001,,,,[],[],13,661.1538461538462,87.00000000000003,940.0000000000001,"[8, 32, 51, 63, 81, 100, 111, 133, 152, 162, 175, 192, 204]","[878.0000000000001, 638.0000000000001, 787.0, 792.0000000000001, 940.0000000000001, 788.0000000000001, 637.0000000000001, 675.0000000000001, 771.0, 196.00000000000006, 834.0000000000001, 572.0000000000001, 87.00000000000003]","[0, 13, 39, 39, 76, 99, 107, 107, 107, 161, 164, 187, 203]","[76, 39, 61, 76, 205, 164, 119, 142, 164, 164, 205, 205, 205]",37754613.00000001,941.0000000000001,-941.0000000000001,0.0,,,,DWT,mdp.39015067403892,7.450580596923828e-09,,0.0,33.0,19.0,0.0,28.5,,1.1368683772161603e-13,256.3413461538462,4359.0,256.3413461538462,,0.0,256.3413461538462,,,84.00000000000003,0.0,24.0,1.1368683772161603e-13,1.1368683772161603e-13,,1.1368683772161603e-13,4.498726483725535e-14,2.5296325582471484e-27,0.9770985551682648,0.789990620078916,0.00025858394784722166,0.9549237170596396,0.00043539500072065784,0.9999999997233453,0.4742280246116333,6.6959667625959335e-09,6.6959667625959335e-09,6.082000342865356e-09,,5.718550876340534e-12,0.9999999933040264,1.3612963731558036e-13,,,,,,7.374542113937972e-14,1.0,0.5,1.4238426238064856e-13,1.4238426238064856e-13,0.7922684098807045,0.25901821375023415,376,1.7635273798278366,0.8470281727249317,72,0,0.2478523364496505,0.2961384272003556,368,0.0,0.4653383588723473,0.8452157905341153,65,175.27953864232603,0.8162688274189455,220.25,115.43854945393454,0.7926994032272925,149,db,0.540986235965534,0.9305070477545101,0.3421575204977732,3,112.5,4.498726483725534e-14,0.0001547883299646835,2.5296325582471484e-27,0.9770985551682648,0.7899906200789161,0.0012917961582255319,0.9661216147164027,0.0028000655535788776,0.9999999997233452,0.9919828214562021,0.9855281704452468,0.9855281704452468,0.9855281704451347,,1.2251610931599486e-12,0.9999999999667601,7.585973278963461e-14,,,,,1.0,,7.374542113937972e-14,1.0,0.5,1.4238426238064856e-13,1.4238426238064856e-13,0.0,2.2345701998216736,0.6375734627748973,359,1.7695154497158634,0.818020721113613,107,178.19090885900997,0.9066085383338522,233.0,164.86266094420603,0.8922455689572826,44,0.49117026184683504,0.8233619396015222,0.4091722348267588,4,34.0,,,,,,,,,,,,,3.02061502778709e-19,0.036413600438416426,2.5296325582471484e-27,0.9833882039208401,0.24421439621150992,0.0015635043858477206,0.7308889189554866,0.9999999999999998,0.0028000655535788776,0.9999999999999541,0.0008499884728391225,0.0007982210227401261,0.0007982210227401261,0.0007982210227337874,,0.0,9.572760819061336e-19,0.020163910573049823,7.054128794466933e-19,,,,,0.4782608695652174,,2.3332883504384434e-21,1.0,0.8604651162790697,4.770970844811595e-19,4.770970844811595e-19,0.9302325581395349,0.5744527218307418,0.17892707859001003,497,1.8173215465863155,0.8821447881613349,723,159.80613254815975,0.9253242371270282,610.0,589.067213114754,0.8201387540775328,19,1009.0473684210526,935.5,610.6543869996938,760,0.4758535102197843,0.8532293215616218,0.41093374637766444,5,15.5
rbio1.1,1.0,symmetric,4.700676616180949e-27,322.75018871998736,5965734.982907752,0.6844660194174758,333.90154964121535,206,raw,5.012603061860997e-14,-2.178849323186711e-10,6.328576966320094,63117.308605900675,0.7358086728396478,5.618943883690064e-06,0.9999999999999998,327.0000000000001,,,,[],[],13,661.1538461538462,87.00000000000003,940.0000000000001,"[8, 32, 51, 63, 81, 100, 111, 133, 152, 162, 175, 192, 204]","[878.0000000000001, 638.0000000000001, 787.0, 792.0000000000001, 940.0000000000001, 788.0000000000001, 637.0000000000001, 675.0000000000001, 771.0, 196.00000000000006, 834.0000000000001, 572.0000000000001, 87.00000000000003]","[0, 13, 39, 39, 76, 99, 107, 107, 107, 161, 164, 187, 203]","[76, 39, 61, 76, 205, 164, 119, 142, 164, 164, 205, 205, 205]",37754613.00000001,941.0000000000001,-941.0000000000001,0.0,,,,DWT,mdp.39015067403892,7.450580596923828e-09,,0.0,33.0,19.0,0.0,28.5,,1.1368683772161603e-13,256.3413461538462,4359.0,256.3413461538462,,0.0,256.3413461538462,,,84.00000000000003,0.0,24.0,1.1368683772161603e-13,1.1368683772161603e-13,,1.1368683772161603e-13,4.498726483725535e-14,2.5296325582471484e-27,0.9770985551682648,0.789990620078916,0.00025858394784722166,0.9549237170596396,0.00043539500072065784,0.9999999997233453,0.4742280246116333,6.6959667625959335e-09,6.6959667625959335e-09,6.082000342865356e-09,,5.718550876340534e-12,0.9999999933040264,1.3612963731558036e-13,,,,,,7.374542113937972e-14,1.0,0.5,1.4238426238064856e-13,1.4238426238064856e-13,0.7922684098807045,0.25901821375023415,354,1.7635273798278366,0.8470281727249317,61,0,0.2478523364496505,0.2961384272003556,374,0.0,0.4653383588723473,0.8452157905341153,61,175.1275725483188,0.8164281210185338,212.5,104.47808538163,0.7968408948908183,140,rbio,0.5136782423812899,1.0,0.3404252303330971,4,106.0,4.498726483725534e-14,0.0001547883299646835,2.5296325582471484e-27,0.9770985551682648,0.7899906200789161,0.0012917961582255319,0.9661216147164027,0.0028000655535788776,0.9999999997233452,0.9919828214562021,0.9855281704452468,0.9855281704452468,0.9855281704451347,,1.2251610931599486e-12,0.9999999999667601,7.585973278963461e-14,,,,,1.0,,7.374542113937972e-14,1.0,0.5,1.4238426238064856e-13,1.4238426238064856e-13,0.0,2.2345701998216736,0.6375734627748973,371,1.7695154497158634,0.818020721113613,91,197.9898987322333,0.8962317092598358,231.0,146.15151515151513,0.8875812634349494,57,0.3888041033402703,1.0,0.4278371276618108,3,43.5,,,,,,,,,,,,,3.02061502778709e-19,0.036413600438416426,2.5296325582471484e-27,0.9833882039208401,0.24421439621150992,0.0015635043858477206,0.7308889189554866,0.9999999999999998,0.0028000655535788776,0.9999999999999541,0.0008499884728391225,0.0007982210227401261,0.0007982210227401261,0.0007982210227337874,,0.0,9.572760819061336e-19,0.020163910573049823,7.054128794466933e-19,,,,,0.4782608695652174,,2.3332883504384434e-21,1.0,0.8604651162790697,4.770970844811595e-19,4.770970844811595e-19,0.9302325581395349,0.5744527218307418,0.17892707859001003,484,1.8173215465863155,0.8821447881613349,724,169.7056274847714,0.9206983049136582,604.0,580.158940397351,0.8192276571297263,20,818.67,599.5,715.6978453131971,300,0.38607403914171184,1.0,0.42974817260080167,3,15.75
rbio1.1,1.0,periodic,4.700676616180949e-27,322.75018871998736,5965734.982907752,0.6844660194174758,333.90154964121535,206,raw,5.012603061860997e-14,-2.178849323186711e-10,6.328576966320094,63117.308605900675,0.7358086728396478,5.618943883690064e-06,0.9999999999999998,327.0000000000001,,,,[],[],13,661.1538461538462,87.00000000000003,940.0000000000001,"[8, 32, 51, 63, 81, 100, 111, 133, 152, 162, 175, 192, 204]","[878.0000000000001, 638.0000000000001, 787.0, 792.0000000000001, 940.0000000000001, 788.0000000000001, 637.0000000000001, 675.0000000000001, 771.0, 196.00000000000006, 834.0000000000001, 572.0000000000001, 87.00000000000003]","[0, 13, 39, 39, 76, 99, 107, 107, 107, 161, 164, 187, 203]","[76, 39, 61, 76, 205, 164, 119, 142, 164, 164, 205, 205, 205]",37754613.00000001,941.0000000000001,-941.0000000000001,0.0,,,,DWT,mdp.39015067403892,7.450580596923828e-09,,0.0,33.0,19.0,0.0,28.5,,1.1368683772161603e-13,256.3413461538462,4359.0,256.3413461538462,,0.0,256.3413461538462,,,84.00000000000003,0.0,24.0,1.1368683772161603e-13,1.1368683772161603e-13,,1.1368683772161603e-13,4.498726483725535e-14,2.5296325582471484e-27,0.9770985551682648,0.789990620078916,0.00025858394784722166,0.9549237170596396,0.00043539500072065784,0.9999999997233453,0.4742280246116333,6.6959667625959335e-09,6.6959667625959335e-09,6.082000342865356e-09,,5.718550876340534e-12,0.9999999933040264,1.3612963731558036e-13,,,,,,7.374542113937972e-14,1.0,0.5,1.4238426238064856e-13,1.4238426238064856e-13,0.7922684098807045,0.25901821375023415,355,1.7635273798278366,0.8470281727249317,59,0,0.2478523364496505,0.2961384272003556,376,0.0,0.4653383588723473,0.8452157905341153,68,174.60908720147796,0.8169716067070462,214.5,107.72521550705335,0.7960644197057243,141,rbio,0.5136782423812899,1.0,0.3404252303330971,4,106.75,4.498726483725534e-14,0.0001547883299646835,2.5296325582471484e-27,0.9770985551682648,0.7899906200789161,0.0012917961582255319,0.9661216147164027,0.0028000655535788776,0.9999999997233452,0.9919828214562021,0.9855281704452468,0.9855281704452468,0.9855281704451347,,1.2251610931599486e-12,0.9999999999667601,7.585973278963461e-14,,,,,1.0,,7.374542113937972e-14,1.0,0.5,1.4238426238064856e-13,1.4238426238064856e-13,0.0,2.2345701998216736,0.6375734627748973,370,1.7695154497158634,0.818020721113613,93,195.86857838867365,0.897343512374909,231.5,148.63930885529157,0.8880061377388171,56,0.3888041033402703,1.0,0.4278371276618108,3,42.75,,,,,,,,,,,,,3.02061502778709e-19,0.036413600438416426,2.5296325582471484e-27,0.9833882039208401,0.24421439621150992,0.0015635043858477206,0.7308889189554866,0.9999999999999998,0.0028000655535788776,0.9999999999999541,0.0008499884728391225,0.0007982210227401261,0.0007982210227401261,0.0007982210227337874,,0.0,9.572760819061336e-19,0.020163910573049823,7.054128794466933e-19,,,,,0.4782608695652174,,2.3332883504384434e-21,1.0,0.8604651162790697,4.770970844811595e-19,4.770970844811595e-19,0.9302325581395349,0.5744527218307418,0.17892707859001003,485,1.8173215465863155,0.8821447881613349,725,169.7056274847714,0.9206983049136582,605.0,581.198347107438,0.8189940122699133,21,818.67,599.5,715.6978453131971,300,0.38607403914171184,1.0,0.42974817260080167,3,16.5
rbio1.1,1.0,smooth,4.700676616180949e-27,322.75018871998736,5965734.982907752,0.6844660194174758,333.90154964121535,206,raw,5.012603061860997e-14,-2.178849323186711e-10,6.328576966320094,63117.308605900675,0.7358086728396478,5.618943883690064e-06,0.9999999999999998,327.0000000000001,,,,[],[],13,661.1538461538462,87.00000000000003,940.0000000000001,"[8, 32, 51, 63, 81, 100, 111, 133, 152, 162, 175, 192, 204]","[878.0000000000001, 638.0000000000001, 787.0, 792.0000000000001, 940.0000000000001, 788.0000000000001, 637.0000000000001, 675.0000000000001, 771.0, 196.00000000000006, 834.0000000000001, 572.0000000000001, 87.00000000000003]","[0, 13, 39, 39, 76, 99, 107, 107, 107, 161, 164, 187, 203]","[76, 39, 61, 76, 205, 164, 119, 142, 164, 164, 205, 205, 205]",37754613.00000001,941.0000000000001,-941.0000000000001,0.0,,,,DWT,mdp.39015067403892,7.450580596923828e-09,,0.0,33.0,19.0,0.0,28.5,,1.1368683772161603e-13,256.3413461538462,4359.0,256.3413461538462,,0.0,256.3413461538462,,,84.00000000000003,0.0,24.0,1.1368683772161603e-13,1.1368683772161603e-13,,1.1368683772161603e-13,4.498726483725535e-14,2.5296325582471484e-27,0.9770985551682648,0.789990620078916,0.00025858394784722166,0.9549237170596396,0.00043539500072065784,0.9999999997233453,0.4742280246116333,6.6959667625959335e-09,6.6959667625959335e-09,6.082000342865356e-09,,5.718550876340534e-12,0.9999999933040264,1.3612963731558036e-13,,,,,,7.374542113937972e-14,1.0,0.5,1.4238426238064856e-13,1.4238426238064856e-13,0.7922684098807045,0.25901821375023415,356,1.7635273798278366,0.8470281727249317,58,0,0.2478523364496505,0.2961384272003556,377,0.0,0.4653383588723473,0.8452157905341153,63,176.8888539921797,0.814581914054319,213.5,103.69167282393086,0.7953936823940357,143,rbio,0.5136782423812899,1.0,0.3404252303330971,4,108.25,4.498726483725534e-14,0.0001547883299646835,2.5296325582471484e-27,0.9770985551682648,0.7899906200789161,0.0012917961582255319,0.9661216147164027,0.0028000655535788776,0.9999999997233452,0.9919828214562021,0.9855281704452468,0.9855281704452468,0.9855281704451347,,1.2251610931599486e-12,0.9999999999667601,7.585973278963461e-14,,,,,1.0,,7.374542113937972e-14,1.0,0.5,1.4238426238064856e-13,1.4238426238064856e-13,0.0,2.2345701998216736,0.6375734627748973,368,1.7695154497158634,0.818020721113613,85,200.11121907579295,0.8951199061447626,226.5,138.10154525386315,0.8882046071604316,55,0.3888041033402703,1.0,0.4278371276618108,3,42.0,,,,,,,,,,,,,3.02061502778709e-19,0.036413600438416426,2.5296325582471484e-27,0.9833882039208401,0.24421439621150992,0.0015635043858477206,0.7308889189554866,0.9999999999999998,0.0028000655535788776,0.9999999999999541,0.0008499884728391225,0.0007982210227401261,0.0007982210227401261,0.0007982210227337874,,0.0,9.572760819061336e-19,0.020163910573049823,7.054128794466933e-19,,,,,0.4782608695652174,,2.3332883504384434e-21,1.0,0.8604651162790697,4.770970844811595e-19,4.770970844811595e-19,0.9302325581395349,0.5744527218307418,0.17892707859001003,486,1.8173215465863155,0.8821447881613349,726,169.7056274847714,0.9206983049136582,606.0,582.2376237623762,0.8187603674101,22,818.67,599.5,715.6978453131971,300,0.38607403914171184,1.0,0.42974817260080167,3,17.25
haar,1.0,antireflect,4.700676616180949e-27,322.75018871998736,5965734.982907752,0.6844660194174758,333.90154964121535,206,raw,5.012603061860997e-14,-2.178849323186711e-10,6.328576966320094,63117.308605900675,0.7358086728396478,5.618943883690064e-06,0.9999999999999998,327.0000000000001,,,,[],[],13,661.1538461538462,87.00000000000003,940.0000000000001,"[8, 32, 51, 63, 81, 100, 111, 133, 152, 162, 175, 192, 204]","[878.0000000000001, 638.0000000000001, 787.0, 792.0000000000001, 940.0000000000001, 788.0000000000001, 637.0000000000001, 675.0000000000001, 771.0, 196.00000000000006, 834.0000000000001, 572.0000000000001, 87.00000000000003]","[0, 13, 39, 39, 76, 99, 107, 107, 107, 161, 164, 187, 203]","[76, 39, 61, 76, 205, 164, 119, 142, 164, 164, 205, 205, 205]",37754613.00000001,941.0000000000001,-941.0000000000001,0.0,,,,DWT,mdp.39015067403892,7.450580596923828e-09,,0.0,33.0,19.0,0.0,28.5,,1.1368683772161603e-13,256.3413461538462,4359.0,256.3413461538462,,0.0,256.3413461538462,,,84.00000000000003,0.0,24.0,1.1368683772161603e-13,1.1368683772161603e-13,,1.1368683772161603e-13,4.498726483725535e-14,2.5296325582471484e-27,0.9770985551682648,0.789990620078916,0.00025858394784722166,0.9549237170596396,0.00043539500072065784,0.9999999997233453,0.4742280246116333,6.6959667625959335e-09,6.6959667625959335e-09,6.082000342865356e-09,,5.718550876340534e-12,0.9999999933040264,1.3612963731558036e-13,,,,,,7.374542113937972e-14,1.0,0.5,1.4238426238064856e-13,1.4238426238064856e-13,0.7922684098807045,0.25901821375023415,351,1.7635273798278366,0.8470281727249317,66,0,0.2478523364496505,0.2961384272003556,365,0.0,0.4653383588723473,0.8452157905341153,67,168.39512067357137,0.8234851984553759,212.25,112.152832847499,0.800500460862908,123,haar,0.1912119064493267,0.14866062235386424,0.821553478779312,1,92.5,4.498726483725534e-14,0.0001547883299646835,2.5296325582471484e-27,0.9770985551682648,0.7899906200789161,0.0012917961582255319,0.9661216147164027,0.0028000655535788776,0.9999999997233452,0.9919828214562021,0.9855281704452468,0.9855281704452468,0.9855281704451347,,1.2251610931599486e-12,0.9999999999667601,7.585973278963461e-14,,,,,1.0,,7.374542113937972e-14,1.0,0.5,1.4238426238064856e-13,1.4238426238064856e-13,0.0,2.2345701998216736,0.6375734627748973,369,1.7695154497158634,0.818020721113613,92,195.86857838867365,0.897343512374909,230.5,147.27982646420824,0.8882681922461546,54,0.12852368039351705,0.2769787579518756,0.8269397963389753,1,40.75,,,,,,,,,,,,,3.02061502778709e-19,0.036413600438416426,2.5296325582471484e-27,0.9833882039208401,0.24421439621150992,0.0015635043858477206,0.7308889189554866,0.9999999999999998,0.0028000655535788776,0.9999999999999541,0.0008499884728391225,0.0007982210227401261,0.0007982210227401261,0.0007982210227337874,,0.0,9.572760819061336e-19,0.020163910573049823,7.054128794466933e-19,,,,,0.4782608695652174,,2.3332883504384434e-21,1.0,0.8604651162790697,4.770970844811595e-19,4.770970844811595e-19,0.9302325581395349,0.5744527218307418,0.17892707859001003,487,1.8173215465863155,0.8821447881613349,727,169.7056274847714,0.9206983049136582,607.0,583.2767710049424,0.818526722550287,23,327.0,268.5,438.5491630604859,20,0.1542089129922188,0.6127574170194295,0.7082265357996179,2,17.75
haar,1.0,zero,4.700676616180949e-27,322.75018871998736,5965734.982907752,0.6844660194174758,333.90154964121535,206,raw,5.012603061860997e-14,-2.178849323186711e-10,6.328576966320094,63117.308605900675,0.7358086728396478,5.618943883690064e-06,0.9999999999999998,327.0000000000001,,,,[],[],13,661.1538461538462,87.00000000000003,940.0000000000001,"[8, 32, 51, 63, 81, 100, 111, 133, 152, 162, 175, 192, 204]","[878.0000000000001, 638.0000000000001, 787.0, 792.0000000000001, 940.0000000000001, 788.0000000000001, 637.0000000000001, 675.0000000000001, 771.0, 196.00000000000006, 834.0000000000001, 572.0000000000001, 87.00000000000003]","[0, 13, 39, 39, 76, 99, 107, 107, 107, 161, 164, 187, 203]","[76, 39, 61, 76, 205, 164, 119, 142, 164, 164, 205, 205, 205]",37754613.00000001,941.0000000000001,-941.0000000000001,0.0,,,,DWT,mdp.39015067403892,7.450580596923828e-09,,0.0,33.0,19.0,0.0,28.5,,1.1368683772161603e-13,256.3413461538462,4359.0,256.3413461538462,,0.0,256.3413461538462,,,84.00000000000003,0.0,24.0,1.1368683772161603e-13,1.1368683772161603e-13,,1.1368683772161603e-13,4.498726483725535e-14,2.5296325582471484e-27,0.9770985551682648,0.789990620078916,0.00025858394784722166,0.9549237170596396,0.00043539500072065784,0.9999999997233453,0.4742280246116333,6.6959667625959335e-09,6.6959667625959335e-09,6.082000342865356e-09,,5.718550876340534e-12,0.9999999933040264,1.3612963731558036e-13,,,,,,7.374542113937972e-14,1.0,0.5,1.4238426238064856e-13,1.4238426238064856e-13,0.7922684098807045,0.25901821375023415,371,1.7635273798278366,0.8470281727249317,67,0,0.2478523364496505,0.2961384272003556,364,0.0,0.4653383588723473,0.8452157905341153,45,180.0914119736604,0.8112249350380918,211.75,93.91817393196325,0.7946323836616036,144,haar,0.1912119064493267,0.14866062235386424,0.821553478779312,1,108.25,4.498726483725534e-14,0.0001547883299646835,2.5296325582471484e-27,0.9770985551682648,0.7899906200789161,0.0012917961582255319,0.9661216147164027,0.0028000655535788776,0.9999999997233452,0.9919828214562021,0.9855281704452468,0.9855281704452468,0.9855281704451347,,1.2251610931599486e-12,0.9999999999667601,7.585973278963461e-14,,,,,1.0,,7.374542113937972e-14,1.0,0.5,1.4238426238064856e-13,1.4238426238064856e-13,0.0,2.2345701998216736,0.6375734627748973,367,1.7695154497158634,0.818020721113613,86,198.69700551341987,0.895861108221478,226.5,139.34657836644593,0.8885752081987893,53,0.12852368039351705,0.2769787579518756,0.8269397963389753,1,40.0,,,,,,,,,,,,,3.02061502778709e-19,0.036413600438416426,2.5296325582471484e-27,0.9833882039208401,0.24421439621150992,0.0015635043858477206,0.7308889189554866,0.9999999999999998,0.0028000655535788776,0.9999999999999541,0.0008499884728391225,0.0007982210227401261,0.0007982210227401261,0.0007982210227337874,,0.0,9.572760819061336e-19,0.020163910573049823,7.054128794466933e-19,,,,,0.4782608695652174,,2.3332883504384434e-21,1.0,0.8604651162790697,4.770970844811595e-19,4.770970844811595e-19,0.9302325581395349,0.5744527218307418,0.17892707859001003,488,1.8173215465863155,0.8821447881613349,728,169.7056274847714,0.9206983049136582,608.0,584.3157894736842,0.818293077690474,24,327.0,268.5,438.5491630604859,20,0.1542089129922188,0.6127574170194295,0.7082265357996179,2,18.5
haar,1.0,antisymmetric,4.700676616180949e-27,322.75018871998736,5965734.982907752,0.6844660194174758,333.90154964121535,206,raw,5.012603061860997e-14,-2.178849323186711e-10,6.328576966320094,63117.308605900675,0.7358086728396478,5.618943883690064e-06,0.9999999999999998,327.0000000000001,,,,[],[],13,661.1538461538462,87.00000000000003,940.0000000000001,"[8, 32, 51, 63, 81, 100, 111, 133, 152, 162, 175, 192, 204]","[878.0000000000001, 638.0000000000001, 787.0, 792.0000000000001, 940.0000000000001, 788.0000000000001, 637.0000000000001, 675.0000000000001, 771.0, 196.00000000000006, 834.0000000000001, 572.0000000000001, 87.00000000000003]","[0, 13, 39, 39, 76, 99, 107, 107, 107, 161, 164, 187, 203]","[76, 39, 61, 76, 205, 164, 119, 142, 164, 164, 205, 205, 205]",37754613.00000001,941.0000000000001,-941.0000000000001,0.0,,,,DWT,mdp.39015067403892,7.450580596923828e-09,,0.0,33.0,19.0,0.0,28.5,,1.1368683772161603e-13,256.3413461538462,4359.0,256.3413461538462,,0.0,256.3413461538462,,,84.00000000000003,0.0,24.0,1.1368683772161603e-13,1.1368683772161603e-13,,1.1368683772161603e-13,4.498726483725535e-14,2.5296325582471484e-27,0.9770985551682648,0.789990620078916,0.00025858394784722166,0.9549237170596396,0.00043539500072065784,0.9999999997233453,0.4742280246116333,6.6959667625959335e-09,6.6959667625959335e-09,6.082000342865356e-09,,5.718550876340534e-12,0.9999999933040264,1.3612963731558036e-13,,,,,,7.374542113937972e-14,1.0,0.5,1.4238426238064856e-13,1.4238426238064856e-13,0.7922684098807045,0.25901821375023415,366,1.7635273798278366,0.8470281727249317,48,0,0.2478523364496505,0.2961384272003556,371,0.0,0.4653383588723473,0.8452157905341153,60,181.65420446551738,0.8095867877719943,211.25,93.180018785464,0.7940753645358923,145,haar,0.1912119064493267,0.14866062235386424,0.821553478779312,1,109.0,4.498726483725534e-14,0.0001547883299646835,2.5296325582471484e-27,0.9770985551682648,0.7899906200789161,0.0012917961582255319,0.9661216147164027,0.0028000655535788776,0.9999999997233452,0.9919828214562021,0.9855281704452468,0.9855281704452468,0.9855281704451347,,1.2251610931599486e-12,0.9999999999667601,7.585973278963461e-14,,,,,1.0,,7.374542113937972e-14,1.0,0.5,1.4238426238064856e-13,1.4238426238064856e-13,0.0,2.2345701998216736,0.6375734627748973,366,1.7695154497158634,0.818020721113613,84,199.4041122946064,0.8954905071831203,225.0,136.64000000000001,0.8887829894406167,52,0.12852368039351705,0.2769787579518756,0.8269397963389753,1,39.25,,,,,,,,,,,,,3.02061502778709e-19,0.036413600438416426,2.5296325582471484e-27,0.9833882039208401,0.24421439621150992,0.0015635043858477206,0.7308889189554866,0.9999999999999998,0.0028000655535788776,0.9999999999999541,0.0008499884728391225,0.0007982210227401261,0.0007982210227401261,0.0007982210227337874,,0.0,9.572760819061336e-19,0.020163910573049823,7.054128794466933e-19,,,,,0.4782608695652174,,2.3332883504384434e-21,1.0,0.8604651162790697,4.770970844811595e-19,4.770970844811595e-19,0.9302325581395349,0.5744527218307418,0.17892707859001003,489,1.8173215465863155,0.8821447881613349,729,169.7056274847714,0.9206983049136582,609.0,585.3546798029557,0.818059432830661,25,327.0,268.5,438.5491630604859,20,0.1542089129922188,0.6127574170194295,0.7082265357996179,2,19.25
bior1.1,1.0,antisymmetric,4.700676616180949e-27,322.75018871998736,5965734.982907752,0.6844660194174758,333.90154964121535,206,raw,5.012603061860997e-14,-2.178849323186711e-10,6.328576966320094,63117.308605900675,0.7358086728396478,5.618943883690064e-06,0.9999999999999998,327.0000000000001,,,,[],[],13,661.1538461538462,87.00000000000003,940.0000000000001,"[8, 32, 51, 63, 81, 100, 111, 133, 152, 162, 175, 192, 204]","[878.0000000000001, 638.0000000000001, 787.0, 792.0000000000001, 940.0000000000001, 788.0000000000001, 637.0000000000001, 675.0000000000001, 771.0, 196.00000000000006, 834.0000000000001, 572.0000000000001, 87.00000000000003]","[0, 13, 39, 39, 76, 99, 107, 107, 107, 161, 164, 187, 203]","[76, 39, 61, 76, 205, 164, 119, 142, 164, 164, 205, 205, 205]",37754613.00000001,941.0000000000001,-941.0000000000001,0.0,,,,DWT,mdp.39015067403892,7.450580596923828e-09,,0.0,33.0,19.0,0.0,28.5,,1.1368683772161603e-13,256.3413461538462,4359.0,256.3413461538462,,0.0,256.3413461538462,,,84.00000000000003,0.0,24.0,1.1368683772161603e-13,1.1368683772161603e-13,,1.1368683772161603e-13,4.498726483725535e-14,2.5296325582471484e-27,0.9770985551682648,0.789990620078916,0.00025858394784722166,0.9549237170596396,0.00043539500072065784,0.9999999997233453,0.4742280246116333,6.6959667625959335e-09,6.6959667625959335e-09,6.082000342865356e-09,,5.718550876340534e-12,0.9999999933040264,1.3612963731558036e-13,,,,,,7.374542113937972e-14,1.0,0.5,1.4238426238064856e-13,1.4238426238064856e-13,0.7922684098807045,0.25901821375023415,361,1.7635273798278366,0.8470281727249317,53,0,0.2478523364496505,0.2961384272003556,353,0.0,0.4653383588723473,0.8452157905341153,47,177.2935419015594,0.8141577128914472,203.5,87.43653966423342,0.8004226719593505,124,bior,0.672619891330026,0.76736776154697,0.2989557476048908,5,94.25,4.498726483725534e-14,0.0001547883299646835,2.5296325582471484e-27,0.9770985551682648,0.7899906200789161,0.0012917961582255319,0.9661216147164027,0.0028000655535788776,0.9999999997233452,0.9919828214562021,0.9855281704452468,0.9855281704452468,0.9855281704451347,,1.2251610931599486e-12,0.9999999999667601,7.585973278963461e-14,,,,,1.0,,7.374542113937972e-14,1.0,0.5,1.4238426238064856e-13,1.4238426238064856e-13,0.0,2.2345701998216736,0.6375734627748973,365,1.7695154497158634,0.818020721113613,90,194.45436482630058,0.8980847144516244,227.5,144.39560439560438,0.889424956806525,50,0.5943810304597339,0.7715092316736338,0.3524805091760961,5,38.75,,,,,,,,,,,,,3.02061502778709e-19,0.036413600438416426,2.5296325582471484e-27,0.9833882039208401,0.24421439621150992,0.0015635043858477206,0.7308889189554866,0.9999999999999998,0.0028000655535788776,0.9999999999999541,0.0008499884728391225,0.0007982210227401261,0.0007982210227401261,0.0007982210227337874,,0.0,9.572760819061336e-19,0.020163910573049823,7.054128794466933e-19,,,,,0.4782608695652174,,2.3332883504384434e-21,1.0,0.8604651162790697,4.770970844811595e-19,4.770970844811595e-19,0.9302325581395349,0.5744527218307418,0.17892707859001003,491,1.8173215465863155,0.8821447881613349,730,168.99852070358486,0.9210287286431846,610.5,587.1089271089271,0.8178741774057045,26,1104.4,1082.5,563.6960149978129,300,0.520820561188399,0.7876173146100969,0.3991404127850916,6,21.0
bior1.1,1.0,zero,4.700676616180949e-27,322.75018871998736,5965734.982907752,0.6844660194174758,333.90154964121535,206,raw,5.012603061860997e-14,-2.178849323186711e-10,6.328576966320094,63117.308605900675,0.7358086728396478,5.618943883690064e-06,0.9999999999999998,327.0000000000001,,,,[],[],13,661.1538461538462,87.00000000000003,940.0000000000001,"[8, 32, 51, 63, 81, 100, 111, 133, 152, 162, 175, 192, 204]","[878.0000000000001, 638.0000000000001, 787.0, 792.0000000000001, 940.0000000000001, 788.0000000000001, 637.0000000000001, 675.0000000000001, 771.0, 196.00000000000006, 834.0000000000001, 572.0000000000001, 87.00000000000003]","[0, 13, 39, 39, 76, 99, 107, 107, 107, 161, 164, 187, 203]","[76, 39, 61, 76, 205, 164, 119, 142, 164, 164, 205, 205, 205]",37754613.00000001,941.0000000000001,-941.0000000000001,0.0,,,,DWT,mdp.39015067403892,7.450580596923828e-09,,0.0,33.0,19.0,0.0,28.5,,1.1368683772161603e-13,256.3413461538462,4359.0,256.3413461538462,,0.0,256.3413461538462,,,84.00000000000003,0.0,24.0,1.1368683772161603e-13,1.1368683772161603e-13,,1.1368683772161603e-13,4.498726483725535e-14,2.5296325582471484e-27,0.9770985551682648,0.789990620078916,0.00025858394784722166,0.9549237170596396,0.00043539500072065784,0.9999999997233453,0.4742280246116333,6.6959667625959335e-09,6.6959667625959335e-09,6.082000342865356e-09,,5.718550876340534e-12,0.9999999933040264,1.3612963731558036e-13,,,,,,7.374542113937972e-14,1.0,0.5,1.4238426238064856e-13,1.4238426238064856e-13,0.7922684098807045,0.25901821375023415,348,1.7635273798278366,0.8470281727249317,64,0,0.2478523364496505,0.2961384272003556,369,0.0,0.4653383588723473,0.8452157905341153,57,172.2875503337371,0.8194050835076131,209.5,103.21928041518018,0.7999017031793831,126,bior,0.672619891330026,0.76736776154697,0.2989557476048908,5,95.75,4.498726483725534e-14,0.0001547883299646835,2.5296325582471484e-27,0.9770985551682648,0.7899906200789161,0.0012917961582255319,0.9661216147164027,0.0028000655535788776,0.9999999997233452,0.9919828214562021,0.9855281704452468,0.9855281704452468,0.9855281704451347,,1.2251610931599486e-12,0.9999999999667601,7.585973278963461e-14,,,,,1.0,,7.374542113937972e-14,1.0,0.5,1.4238426238064856e-13,1.4238426238064856e-13,0.0,2.2345701998216736,0.6375734627748973,363,1.7695154497158634,0.818020721113613,88,194.45436482630058,0.8980847144516244,225.5,141.65853658536585,0.8899490658212,49,0.5943810304597339,0.7715092316736338,0.3524805091760961,5,38.0,,,,,,,,,,,,,3.02061502778709e-19,0.036413600438416426,2.5296325582471484e-27,0.9833882039208401,0.24421439621150992,0.0015635043858477206,0.7308889189554866,0.9999999999999998,0.0028000655535788776,0.9999999999999541,0.0008499884728391225,0.0007982210227401261,0.0007982210227401261,0.0007982210227337874,,0.0,9.572760819061336e-19,0.020163910573049823,7.054128794466933e-19,,,,,0.4782608695652174,,2.3332883504384434e-21,1.0,0.8604651162790697,4.770970844811595e-19,4.770970844811595e-19,0.9302325581395349,0.5744527218307418,0.17892707859001003,492,1.8173215465863155,0.8821447881613349,731,168.99852070358486,0.9210287286431846,611.5,588.1471790678659,0.8176405325458914,27,1104.4,1082.5,563.6960149978129,300,0.520820561188399,0.7876173146100969,0.3991404127850916,6,21.75
db1,1.0,periodization,4.596928818513663e-27,322.8471146791736,5965734.982907752,0.6844660194174758,333.90154964121535,206,raw,5.005412831750192e-14,-2.1792001536624923e-10,6.328576966320094,63117.308605900675,0.7358086728396478,5.618943883690064e-06,0.9999999999999999,327.00000000000006,,,,[],[],13,661.1538461538462,87.00000000000004,940.0000000000001,"[8, 32, 51, 63, 81, 100, 111, 133, 152, 162, 175, 192, 204]","[878.0000000000001, 638.0000000000001, 787.0, 792.0000000000001, 940.0000000000001, 788.0000000000001, 637.0000000000001, 675.0000000000001, 771.0, 196.0, 834.0000000000001, 572.0000000000001, 87.00000000000004]","[0, 13, 39, 39, 76, 99, 107, 107, 107, 161, 164, 187, 203]","[76, 39, 61, 76, 205, 164, 119, 142, 164, 164, 205, 205, 205]",37754613.00000001,941.0000000000001,-941.0000000000001,0.0,,,,DWT,mdp.39015067403892,7.450580596923828e-09,,0.0,33.0,19.0,0.0,28.5,,1.1368683772161603e-13,256.3413461538462,4359.0,256.3413461538462,,0.0,256.3413461538462,,,84.00000000000004,0.0,24.0,1.1368683772161603e-13,1.1368683772161603e-13,,5.684341886080802e-14,4.489641503238224e-14,2.456213746845802e-27,0.9774562339006249,0.789990620078916,0.00025858394784722166,0.9549237170596396,0.00043539500072065784,0.9999999997233447,0.4742280246116498,6.6959667625959335e-09,6.6959667625959335e-09,6.082000342865356e-09,,2.859275438170267e-12,0.9999999933040264,1.3612963731558036e-13,,,,,,7.374542113937972e-14,1.0,0.5,1.4238426238064856e-13,1.4238426238064856e-13,0.7922684098792797,0.25901821374976836,461,1.7637419870672522,0.8471312493087914,39,0,0.24785233644941362,0.29613842720007255,459,0.0,0.46538306871389223,0.845296999107072,33,244.81013050933984,0.7433856074325578,248.0,66.34390073845398,0.741713768076866,259,db,0.540986235965534,0.9305070477545101,0.3421575204977732,3,195.0,4.4896415032382234e-14,0.0001547883299646835,2.4562137468458014e-27,0.9774562339006249,0.7899906200789161,0.0012917961582255319,0.9661216147164027,0.0028000655535788776,0.9999999997233446,0.9919828214562024,0.9855281704452468,0.9855281704452468,0.9855281704451347,,6.125805465799743e-13,0.9999999999667601,7.585973278963461e-14,,,,,1.0,,7.374542113937972e-14,1.0,0.5,1.4238426238064856e-13,1.4238426238064856e-13,0.0,2.234570199821367,0.6375734627748099,464,1.7697300569552792,0.8181199308542069,80,271.5290039756342,0.857689201270632,272.0,136.47058823529412,0.8575657746395089,102,0.49117026184683504,0.8233619396015222,0.4091722348267588,4,77.5,,,,,,,,,,,,,3.014515028445854e-19,0.036413600438416426,2.4562137468458014e-27,0.9836476498294923,0.24421439621150992,0.0015635043858477206,0.7308889189554866,0.9999999999999999,0.0028000655535788776,0.9999999999999541,0.0008499884728391227,0.0007982210227401261,0.0007982210227401261,0.0007982210227337874,,0.0,4.786380409530668e-19,0.020163910573049823,7.054128794466933e-19,,,,,0.4782608695652174,,2.3332883504384434e-21,1.0,0.8604651162790697,4.770970844811595e-19,4.770970844811595e-19,0.9302325581395349,0.5744527218307418,0.17892707859001003,427,1.8174772141315068,0.8822203506361948,720,207.18228688765842,0.9031858472487577,573.5,536.0767218831735,0.8175975965215752,28,1009.0473684210526,935.5,610.6543869996938,760,0.4758535102197843,0.8532293215616218,0.41093374637766444,5,22.25
rbio1.1,1.0,reflect,4.700676616180949e-27,322.75018871998736,5965734.982907752,0.6844660194174758,333.90154964121535,206,raw,5.012603061860997e-14,-2.178849323186711e-10,6.328576966320094,63117.308605900675,0.7358086728396478,5.618943883690064e-06,0.9999999999999998,327.0000000000001,,,,[],[],13,661.1538461538462,87.00000000000003,940.0000000000001,"[8, 32, 51, 63, 81, 100, 111, 133, 152, 162, 175, 192, 204]","[878.0000000000001, 638.0000000000001, 787.0, 792.0000000000001, 940.0000000000001, 788.0000000000001, 637.0000000000001, 675.0000000000001, 771.0, 196.00000000000006, 834.0000000000001, 572.0000000000001, 87.00000000000003]","[0, 13, 39, 39, 76, 99, 107, 107, 107, 161, 164, 187, 203]","[76, 39, 61, 76, 205, 164, 119, 142, 164, 164, 205, 205, 205]",37754613.00000001,941.0000000000001,-941.0000000000001,0.0,,,,DWT,mdp.39015067403892,7.450580596923828e-09,,0.0,33.0,19.0,0.0,28.5,,1.1368683772161603e-13,256.3413461538462,4359.0,256.3413461538462,,0.0,256.3413461538462,,,84.00000000000003,0.0,24.0,1.1368683772161603e-13,1.1368683772161603e-13,,1.1368683772161603e-13,4.498726483725535e-14,2.5296325582471484e-27,0.9770985551682648,0.789990620078916,0.00025858394784722166,0.9549237170596396,0.00043539500072065784,0.9999999997233453,0.4742280246116333,6.6959667625959335e-09,6.6959667625959335e-09,6.082000342865356e-09,,5.718550876340534e-12,0.9999999933040264,1.3612963731558036e-13,,,,,,7.374542113937972e-14,1.0,0.5,1.4238426238064856e-13,1.4238426238064856e-13,0.7922684098807045,0.25901821375023415,357,1.7635273798278366,0.8470281727249317,57,0,0.2478523364496505,0.2961384272003556,360,0.0,0.4653383588723473,0.8452157905341153,38,179.72757161882535,0.8116063190578351,203.0,80.90852613006635,0.7994090295498819,129,rbio,0.5136782423812899,1.0,0.3404252303330971,4,97.75,4.498726483725534e-14,0.0001547883299646835,2.5296325582471484e-27,0.9770985551682648,0.7899906200789161,0.0012917961582255319,0.9661216147164027,0.0028000655535788776,0.9999999997233452,0.9919828214562021,0.9855281704452468,0.9855281704452468,0.9855281704451347,,1.2251610931599486e-12,0.9999999999667601,7.585973278963461e-14,,,,,1.0,,7.374542113937972e-14,1.0,0.5,1.4238426238064856e-13,1.4238426238064856e-13,0.0,2.2345701998216736,0.6375734627748973,362,1.7695154497158634,0.818020721113613,104,182.43354954612926,0.9043849321037059,233.0,161.5793991416309,0.8911337658422094,47,0.3888041033402703,1.0,0.4278371276618108,3,36.0,,,,,,,,,,,,,3.02061502778709e-19,0.036413600438416426,2.5296325582471484e-27,0.9833882039208401,0.24421439621150992,0.0015635043858477206,0.7308889189554866,0.9999999999999998,0.0028000655535788776,0.9999999999999541,0.0008499884728391225,0.0007982210227401261,0.0007982210227401261,0.0007982210227337874,,0.0,9.572760819061336e-19,0.020163910573049823,7.054128794466933e-19,,,,,0.4782608695652174,,2.3332883504384434e-21,1.0,0.8604651162790697,4.770970844811595e-19,4.770970844811595e-19,0.9302325581395349,0.5744527218307418,0.17892707859001003,494,1.8173215465863155,0.8821447881613349,732,168.2914139223983,0.921359152372711,613.0,589.8988580750408,0.8174552771209349,29,818.67,599.5,715.6978453131971,300,0.38607403914171184,1.0,0.42974817260080167,3,22.5
bior1.1,1.0,periodization,4.596928818513663e-27,322.8471146791736,5965734.982907752,0.6844660194174758,333.90154964121535,206,raw,5.005412831750192e-14,-2.1792001536624923e-10,6.328576966320094,63117.308605900675,0.7358086728396478,5.618943883690064e-06,0.9999999999999999,327.00000000000006,,,,[],[],13,661.1538461538462,87.00000000000004,940.0000000000001,"[8, 32, 51, 63, 81, 100, 111, 133, 152, 162, 175, 192, 204]","[878.0000000000001, 638.0000000000001, 787.0, 792.0000000000001, 940.0000000000001, 788.0000000000001, 637.0000000000001, 675.0000000000001, 771.0, 196.0, 834.0000000000001, 572.0000000000001, 87.00000000000004]","[0, 13, 39, 39, 76, 99, 107, 107, 107, 161, 164, 187, 203]","[76, 39, 61, 76, 205, 164, 119, 142, 164, 164, 205, 205, 205]",37754613.00000001,941.0000000000001,-941.0000000000001,0.0,,,,DWT,mdp.39015067403892,7.450580596923828e-09,,0.0,33.0,19.0,0.0,28.5,,1.1368683772161603e-13,256.3413461538462,4359.0,256.3413461538462,,0.0,256.3413461538462,,,84.00000000000004,0.0,24.0,1.1368683772161603e-13,1.1368683772161603e-13,,5.684341886080802e-14,4.489641503238224e-14,2.456213746845802e-27,0.9774562339006249,0.789990620078916,0.00025858394784722166,0.9549237170596396,0.00043539500072065784,0.9999999997233447,0.4742280246116498,6.6959667625959335e-09,6.6959667625959335e-09,6.082000342865356e-09,,2.859275438170267e-12,0.9999999933040264,1.3612963731558036e-13,,,,,,7.374542113937972e-14,1.0,0.5,1.4238426238064856e-13,1.4238426238064856e-13,0.7922684098792797,0.25901821374976836,463,1.7637419870672522,0.8471312493087914,40,0,0.24785233644941362,0.29613842720007255,460,0.0,0.46538306871389223,0.845296999107072,34,245.10048959559424,0.7430812478033604,249.25,68.09031605919205,0.7409064519939234,262,bior,0.672619891330026,0.76736776154697,0.2989557476048908,5,197.75,4.4896415032382234e-14,0.0001547883299646835,2.4562137468458014e-27,0.9774562339006249,0.7899906200789161,0.0012917961582255319,0.9661216147164027,0.0028000655535788776,0.9999999997233446,0.9919828214562024,0.9855281704452468,0.9855281704452468,0.9855281704451347,,6.125805465799743e-13,0.9999999999667601,7.585973278963461e-14,,,,,1.0,,7.374542113937972e-14,1.0,0.5,1.4238426238064856e-13,1.4238426238064856e-13,0.0,2.234570199821367,0.6375734627748099,462,1.7697300569552792,0.8181199308542069,81,269.4076836320746,0.8588010043857051,271.5,137.83425414364643,0.8582527034507141,99,0.5943810304597339,0.7715092316736338,0.3524805091760961,5,75.5,,,,,,,,,,,,,3.014515028445854e-19,0.036413600438416426,2.4562137468458014e-27,0.9836476498294923,0.24421439621150992,0.0015635043858477206,0.7308889189554866,0.9999999999999999,0.0028000655535788776,0.9999999999999541,0.0008499884728391227,0.0007982210227401261,0.0007982210227401261,0.0007982210227337874,,0.0,4.786380409530668e-19,0.020163910573049823,7.054128794466933e-19,,,,,0.4782608695652174,,2.3332883504384434e-21,1.0,0.8604651162790697,4.770970844811595e-19,4.770970844811595e-19,0.9302325581395349,0.5744527218307418,0.17892707859001003,410,1.8174772141315068,0.8822203506361948,718,217.78888860545663,0.8982294913058614,564.0,521.950354609929,0.8173390447183513,30,1104.4,1082.5,563.6960149978129,300,0.520820561188399,0.7876173146100969,0.3991404127850916,6,24.0
db1,1.0,zero,4.700676616180949e-27,322.75018871998736,5965734.982907752,0.6844660194174758,333.90154964121535,206,raw,5.012603061860997e-14,-2.178849323186711e-10,6.328576966320094,63117.308605900675,0.7358086728396478,5.618943883690064e-06,0.9999999999999998,327.0000000000001,,,,[],[],13,661.1538461538462,87.00000000000003,940.0000000000001,"[8, 32, 51, 63, 81, 100, 111, 133, 152, 162, 175, 192, 204]","[878.0000000000001, 638.0000000000001, 787.0, 792.0000000000001, 940.0000000000001, 788.0000000000001, 637.0000000000001, 675.0000000000001, 771.0, 196.00000000000006, 834.0000000000001, 572.0000000000001, 87.00000000000003]","[0, 13, 39, 39, 76, 99, 107, 107, 107, 161, 164, 187, 203]","[76, 39, 61, 76, 205, 164, 119, 142, 164, 164, 205, 205, 205]",37754613.00000001,941.0000000000001,-941.0000000000001,0.0,,,,DWT,mdp.39015067403892,7.450580596923828e-09,,0.0,33.0,19.0,0.0,28.5,,1.1368683772161603e-13,256.3413461538462,4359.0,256.3413461538462,,0.0,256.3413461538462,,,84.00000000000003,0.0,24.0,1.1368683772161603e-13,1.1368683772161603e-13,,1.1368683772161603e-13,4.498726483725535e-14,2.5296325582471484e-27,0.9770985551682648,0.789990620078916,0.00025858394784722166,0.9549237170596396,0.00043539500072065784,0.9999999997233453,0.4742280246116333,6.6959667625959335e-09,6.6959667625959335e-09,6.082000342865356e-09,,5.718550876340534e-12,0.9999999933040264,1.3612963731558036e-13,,,,,,7.374542113937972e-14,1.0,0.5,1.4238426238064856e-13,1.4238426238064856e-13,0.7922684098807045,0.25901821375023415,377,1.7635273798278366,0.8470281727249317,71,0,0.2478523364496505,0.2961384272003556,366,0.0,0.4653383588723473,0.8452157905341153,58,177.38282517387827,0.8140641245556831,218.0,108.96021621381145,0.7927762970786801,148,db,0.540986235965534,0.9305070477545101,0.3421575204977732,3,111.75,4.498726483725534e-14,0.0001547883299646835,2.5296325582471484e-27,0.9770985551682648,0.7899906200789161,0.0012917961582255319,0.9661216147164027,0.0028000655535788776,0.9999999997233452,0.9919828214562021,0.9855281704452468,0.9855281704452468,0.9855281704451347,,1.2251610931599486e-12,0.9999999999667601,7.585973278963461e-14,,,,,1.0,,7.374542113937972e-14,1.0,0.5,1.4238426238064856e-13,1.4238426238064856e-13,0.0,2.2345701998216736,0.6375734627748973,360,1.7695154497158634,0.818020721113613,109,177.48380207782344,0.90697913937221,234.5,167.33475479744135,0.892037787715455,45,0.49117026184683504,0.8233619396015222,0.4091722348267588,4,34.75,,,,,,,,,,,,,3.02061502778709e-19,0.036413600438416426,2.5296325582471484e-27,0.9833882039208401,0.24421439621150992,0.0015635043858477206,0.7308889189554866,0.9999999999999998,0.0028000655535788776,0.9999999999999541,0.0008499884728391225,0.0007982210227401261,0.0007982210227401261,0.0007982210227337874,,0.0,9.572760819061336e-19,0.020163910573049823,7.054128794466933e-19,,,,,0.4782608695652174,,2.3332883504384434e-21,1.0,0.8604651162790697,4.770970844811595e-19,4.770970844811595e-19,0.9302325581395349,0.5744527218307418,0.17892707859001003,496,1.8173215465863155,0.8821447881613349,733,167.58430714121175,0.9216895761022375,614.5,591.6484947111472,0.8172700216959785,31,1009.0473684210526,935.5,610.6543869996938,760,0.4758535102197843,0.8532293215616218,0.41093374637766444,5,24.5
haar,1.0,periodization,4.596928818513663e-27,322.8471146791736,5965734.982907752,0.6844660194174758,333.90154964121535,206,raw,5.005412831750192e-14,-2.1792001536624923e-10,6.328576966320094,63117.308605900675,0.7358086728396478,5.618943883690064e-06,0.9999999999999999,327.00000000000006,,,,[],[],13,661.1538461538462,87.00000000000004,940.0000000000001,"[8, 32, 51, 63, 81, 100, 111, 133, 152, 162, 175, 192, 204]","[878.0000000000001, 638.0000000000001, 787.0, 792.0000000000001, 940.0000000000001, 788.0000000000001, 637.0000000000001, 675.0000000000001, 771.0, 196.0, 834.0000000000001, 572.0000000000001, 87.00000000000004]","[0, 13, 39, 39, 76, 99, 107, 107, 107, 161, 164, 187, 203]","[76, 39, 61, 76, 205, 164, 119, 142, 164, 164, 205, 205, 205]",37754613.00000001,941.0000000000001,-941.0000000000001,0.0,,,,DWT,mdp.39015067403892,7.450580596923828e-09,,0.0,33.0,19.0,0.0,28.5,,1.1368683772161603e-13,256.3413461538462,4359.0,256.3413461538462,,0.0,256.3413461538462,,,84.00000000000004,0.0,24.0,1.1368683772161603e-13,1.1368683772161603e-13,,5.684341886080802e-14,4.489641503238224e-14,2.456213746845802e-27,0.9774562339006249,0.789990620078916,0.00025858394784722166,0.9549237170596396,0.00043539500072065784,0.9999999997233447,0.4742280246116498,6.6959667625959335e-09,6.6959667625959335e-09,6.082000342865356e-09,,2.859275438170267e-12,0.9999999933040264,1.3612963731558036e-13,,,,,,7.374542113937972e-14,1.0,0.5,1.4238426238064856e-13,1.4238426238064856e-13,0.7922684098792797,0.25901821374976836,462,1.7637419870672522,0.8471312493087914,42,0,0.24785233644941362,0.29613842720007255,462,0.0,0.46538306871389223,0.845296999107072,36,244.23144760656848,0.7439921932845195,250.5,71.53548387096775,0.7407067884661591,263,haar,0.1912119064493267,0.14866062235386424,0.821553478779312,1,197.5,4.4896415032382234e-14,0.0001547883299646835,2.4562137468458014e-27,0.9774562339006249,0.7899906200789161,0.0012917961582255319,0.9661216147164027,0.0028000655535788776,0.9999999997233446,0.9919828214562024,0.9855281704452468,0.9855281704452468,0.9855281704451347,,6.125805465799743e-13,0.9999999999667601,7.585973278963461e-14,,,,,1.0,,7.374542113937972e-14,1.0,0.5,1.4238426238064856e-13,1.4238426238064856e-13,0.0,2.234570199821367,0.6375734627748099,463,1.7697300569552792,0.8181199308542069,82,269.4076836320746,0.8588010043857051,272.5,139.32477064220183,0.8579906489433766,101,0.12852368039351705,0.2769787579518756,0.8269397963389753,1,76.0,,,,,,,,,,,,,3.014515028445854e-19,0.036413600438416426,2.4562137468458014e-27,0.9836476498294923,0.24421439621150992,0.0015635043858477206,0.7308889189554866,0.9999999999999999,0.0028000655535788776,0.9999999999999541,0.0008499884728391227,0.0007982210227401261,0.0007982210227401261,0.0007982210227337874,,0.0,4.786380409530668e-19,0.020163910573049823,7.054128794466933e-19,,,,,0.4782608695652174,,2.3332883504384434e-21,1.0,0.8604651162790697,4.770970844811595e-19,4.770970844811595e-19,0.9302325581395349,0.5744527218307418,0.17892707859001003,411,1.8174772141315068,0.8822203506361948,721,219.20310216782974,0.8975686438468086,566.0,523.5530035335689,0.8165413312691987,32,327.0,268.5,438.5491630604859,20,0.1542089129922188,0.6127574170194295,0.7082265357996179,2,24.5
bior1.1,1.0,constant,4.700676616180949e-27,322.75018871998736,5965734.982907752,0.6844660194174758,333.90154964121535,206,raw,5.012603061860997e-14,-2.178849323186711e-10,6.328576966320094,63117.308605900675,0.7358086728396478,5.618943883690064e-06,0.9999999999999998,327.0000000000001,,,,[],[],13,661.1538461538462,87.00000000000003,940.0000000000001,"[8, 32, 51, 63, 81, 100, 111, 133, 152, 162, 175, 192, 204]","[878.0000000000001, 638.0000000000001, 787.0, 792.0000000000001, 940.0000000000001, 788.0000000000001, 637.0000000000001, 675.0000000000001, 771.0, 196.00000000000006, 834.0000000000001, 572.0000000000001, 87.00000000000003]","[0, 13, 39, 39, 76, 99, 107, 107, 107, 161, 164, 187, 203]","[76, 39, 61, 76, 205, 164, 119, 142, 164, 164, 205, 205, 205]",37754613.00000001,941.0000000000001,-941.0000000000001,0.0,,,,DWT,mdp.39015067403892,7.450580596923828e-09,,0.0,33.0,19.0,0.0,28.5,,1.1368683772161603e-13,256.3413461538462,4359.0,256.3413461538462,,0.0,256.3413461538462,,,84.00000000000003,0.0,24.0,1.1368683772161603e-13,1.1368683772161603e-13,,1.1368683772161603e-13,4.498726483725535e-14,2.5296325582471484e-27,0.9770985551682648,0.789990620078916,0.00025858394784722166,0.9549237170596396,0.00043539500072065784,0.9999999997233453,0.4742280246116333,6.6959667625959335e-09,6.6959667625959335e-09,6.082000342865356e-09,,5.718550876340534e-12,0.9999999933040264,1.3612963731558036e-13,,,,,,7.374542113937972e-14,1.0,0.5,1.4238426238064856e-13,1.4238426238064856e-13,0.7922684098807045,0.25901821375023415,347,1.7635273798278366,0.8470281727249317,63,0,0.2478523364496505,0.2961384272003556,370,0.0,0.4653383588723473,0.8452157905341153,62,171.15392682222242,0.8205933681108779,210.5,106.42091887296709,0.7999717364663405,125,bior,0.672619891330026,0.76736776154697,0.2989557476048908,5,95.0,4.498726483725534e-14,0.0001547883299646835,2.5296325582471484e-27,0.9770985551682648,0.7899906200789161,0.0012917961582255319,0.9661216147164027,0.0028000655535788776,0.9999999997233452,0.9919828214562021,0.9855281704452468,0.9855281704452468,0.9855281704451347,,1.2251610931599486e-12,0.9999999999667601,7.585973278963461e-14,,,,,1.0,,7.374542113937972e-14,1.0,0.5,1.4238426238064856e-13,1.4238426238064856e-13,0.0,2.2345701998216736,0.6375734627748973,364,1.7695154497158634,0.818020721113613,105,183.1406563273158,0.9040143310653481,234.5,162.98507462686564,0.8905553835620241,48,0.5943810304597339,0.7715092316736338,0.3524805091760961,5,37.25,,,,,,,,,,,,,3.02061502778709e-19,0.036413600438416426,2.5296325582471484e-27,0.9833882039208401,0.24421439621150992,0.0015635043858477206,0.7308889189554866,0.9999999999999998,0.0028000655535788776,0.9999999999999541,0.0008499884728391225,0.0007982210227401261,0.0007982210227401261,0.0007982210227337874,,0.0,9.572760819061336e-19,0.020163910573049823,7.054128794466933e-19,,,,,0.4782608695652174,,2.3332883504384434e-21,1.0,0.8604651162790697,4.770970844811595e-19,4.770970844811595e-19,0.9302325581395349,0.5744527218307418,0.17892707859001003,493,1.8173215465863155,0.8821447881613349,737,172.5340546095176,0.9193766099955525,615.0,590.7983739837399,0.8159967162127295,33,1104.4,1082.5,563.6960149978129,300,0.520820561188399,0.7876173146100969,0.3991404127850916,6,26.25
rbio1.1,1.0,periodization,4.596928818513663e-27,322.8471146791736,5965734.982907752,0.6844660194174758,333.90154964121535,206,raw,5.005412831750192e-14,-2.1792001536624923e-10,6.328576966320094,63117.308605900675,0.7358086728396478,5.618943883690064e-06,0.9999999999999999,327.00000000000006,,,,[],[],13,661.1538461538462,87.00000000000004,940.0000000000001,"[8, 32, 51, 63, 81, 100, 111, 133, 152, 162, 175, 192, 204]","[878.0000000000001, 638.0000000000001, 787.0, 792.0000000000001, 940.0000000000001, 788.0000000000001, 637.0000000000001, 675.0000000000001, 771.0, 196.0, 834.0000000000001, 572.0000000000001, 87.00000000000004]","[0, 13, 39, 39, 76, 99, 107, 107, 107, 161, 164, 187, 203]","[76, 39, 61, 76, 205, 164, 119, 142, 164, 164, 205, 205, 205]",37754613.00000001,941.0000000000001,-941.0000000000001,0.0,,,,DWT,mdp.39015067403892,7.450580596923828e-09,,0.0,33.0,19.0,0.0,28.5,,1.1368683772161603e-13,256.3413461538462,4359.0,256.3413461538462,,0.0,256.3413461538462,,,84.00000000000004,0.0,24.0,1.1368683772161603e-13,1.1368683772161603e-13,,5.684341886080802e-14,4.489641503238224e-14,2.456213746845802e-27,0.9774562339006249,0.789990620078916,0.00025858394784722166,0.9549237170596396,0.00043539500072065784,0.9999999997233447,0.4742280246116498,6.6959667625959335e-09,6.6959667625959335e-09,6.082000342865356e-09,,2.859275438170267e-12,0.9999999933040264,1.3612963731558036e-13,,,,,,7.374542113937972e-14,1.0,0.5,1.4238426238064856e-13,1.4238426238064856e-13,0.7922684098792797,0.25901821374976836,460,1.7637419870672522,0.8471312493087914,41,0,0.24785233644941362,0.29613842720007255,461,0.0,0.46538306871389223,0.845296999107072,35,243.9431286181269,0.7442944144464079,249.25,69.8022014319716,0.7415130353154471,260,rbio,0.5136782423812899,1.0,0.3404252303330971,4,196.0,4.4896415032382234e-14,0.0001547883299646835,2.4562137468458014e-27,0.9774562339006249,0.7899906200789161,0.0012917961582255319,0.9661216147164027,0.0028000655535788776,0.9999999997233446,0.9919828214562024,0.9855281704452468,0.9855281704452468,0.9855281704451347,,6.125805465799743e-13,0.9999999999667601,7.585973278963461e-14,,,,,1.0,,7.374542113937972e-14,1.0,0.5,1.4238426238064856e-13,1.4238426238064856e-13,0.0,2.234570199821367,0.6375734627748099,461,1.7697300569552792,0.8181199308542069,83,267.28636328851496,0.8599128075007783,272.0,140.67279411764704,0.858677577754582,98,0.3888041033402703,1.0,0.4278371276618108,3,74.25,,,,,,,,,,,,,3.014515028445854e-19,0.036413600438416426,2.4562137468458014e-27,0.9836476498294923,0.24421439621150992,0.0015635043858477206,0.7308889189554866,0.9999999999999999,0.0028000655535788776,0.9999999999999541,0.0008499884728391227,0.0007982210227401261,0.0007982210227401261,0.0007982210227337874,,0.0,4.786380409530668e-19,0.020163910573049823,7.054128794466933e-19,,,,,0.4782608695652174,,2.3332883504384434e-21,1.0,0.8604651162790697,4.770970844811595e-19,4.770970844811595e-19,0.9302325581395349,0.5744527218307418,0.17892707859001003,384,1.8174772141315068,0.8822203506361948,719,236.88077169749343,0.8893080506086479,551.5,500.62737987307344,0.8157988851174081,34,818.67,599.5,715.6978453131971,300,0.38607403914171184,1.0,0.42974817260080167,3,26.25
db1,1.0,constant,4.700676616180949e-27,322.75018871998736,5965734.982907752,0.6844660194174758,333.90154964121535,206,raw,5.012603061860997e-14,-2.178849323186711e-10,6.328576966320094,63117.308605900675,0.7358086728396478,5.618943883690064e-06,0.9999999999999998,327.0000000000001,,,,[],[],13,661.1538461538462,87.00000000000003,940.0000000000001,"[8, 32, 51, 63, 81, 100, 111, 133, 152, 162, 175, 192, 204]","[878.0000000000001, 638.0000000000001, 787.0, 792.0000000000001, 940.0000000000001, 788.0000000000001, 637.0000000000001, 675.0000000000001, 771.0, 196.00000000000006, 834.0000000000001, 572.0000000000001, 87.00000000000003]","[0, 13, 39, 39, 76, 99, 107, 107, 107, 161, 164, 187, 203]","[76, 39, 61, 76, 205, 164, 119, 142, 164, 164, 205, 205, 205]",37754613.00000001,941.0000000000001,-941.0000000000001,0.0,,,,DWT,mdp.39015067403892,7.450580596923828e-09,,0.0,33.0,19.0,0.0,28.5,,1.1368683772161603e-13,256.3413461538462,4359.0,256.3413461538462,,0.0,256.3413461538462,,,84.00000000000003,0.0,24.0,1.1368683772161603e-13,1.1368683772161603e-13,,1.1368683772161603e-13,4.498726483725535e-14,2.5296325582471484e-27,0.9770985551682648,0.789990620078916,0.00025858394784722166,0.9549237170596396,0.00043539500072065784,0.9999999997233453,0.4742280246116333,6.6959667625959335e-09,6.6959667625959335e-09,6.082000342865356e-09,,5.718550876340534e-12,0.9999999933040264,1.3612963731558036e-13,,,,,,7.374542113937972e-14,1.0,0.5,1.4238426238064856e-13,1.4238426238064856e-13,0.7922684098807045,0.25901821375023415,378,1.7635273798278366,0.8470281727249317,70,0,0.2478523364496505,0.2961384272003556,363,0.0,0.4653383588723473,0.8452157905341153,53,178.6411673345947,0.8127451076157288,216.0,103.75068479079641,0.7931650066380531,147,db,0.540986235965534,0.9305070477545101,0.3421575204977732,3,111.0,4.498726483725534e-14,0.0001547883299646835,2.5296325582471484e-27,0.9770985551682648,0.7899906200789161,0.0012917961582255319,0.9661216147164027,0.0028000655535788776,0.9999999997233452,0.9919828214562021,0.9855281704452468,0.9855281704452468,0.9855281704451347,,1.2251610931599486e-12,0.9999999999667601,7.585973278963461e-14,,,,,1.0,,7.374542113937972e-14,1.0,0.5,1.4238426238064856e-13,1.4238426238064856e-13,0.0,2.2345701998216736,0.6375734627748973,361,1.7695154497158634,0.818020721113613,106,180.31222920256963,0.905496735218779,233.5,163.88008565310494,0.8915586401460771,46,0.49117026184683504,0.8233619396015222,0.4091722348267588,4,35.5,,,,,,,,,,,,,3.02061502778709e-19,0.036413600438416426,2.5296325582471484e-27,0.9833882039208401,0.24421439621150992,0.0015635043858477206,0.7308889189554866,0.9999999999999998,0.0028000655535788776,0.9999999999999541,0.0008499884728391225,0.0007982210227401261,0.0007982210227401261,0.0007982210227337874,,0.0,9.572760819061336e-19,0.020163910573049823,7.054128794466933e-19,,,,,0.4782608695652174,,2.3332883504384434e-21,1.0,0.8604651162790697,4.770970844811595e-19,4.770970844811595e-19,0.9302325581395349,0.5744527218307418,0.17892707859001003,495,1.8173215465863155,0.8821447881613349,739,172.5340546095176,0.9193766099955525,617.0,592.8768233387358,0.8155294264931033,35,1009.0473684210526,935.5,610.6543869996938,760,0.4758535102197843,0.8532293215616218,0.41093374637766444,5,27.5
bior1.1,1.0,symmetric,4.700676616180949e-27,322.75018871998736,5965734.982907752,0.6844660194174758,333.90154964121535,206,raw,5.012603061860997e-14,-2.178849323186711e-10,6.328576966320094,63117.308605900675,0.7358086728396478,5.618943883690064e-06,0.9999999999999998,327.0000000000001,,,,[],[],13,661.1538461538462,87.00000000000003,940.0000000000001,"[8, 32, 51, 63, 81, 100, 111, 133, 152, 162, 175, 192, 204]","[878.0000000000001, 638.0000000000001, 787.0, 792.0000000000001, 940.0000000000001, 788.0000000000001, 637.0000000000001, 675.0000000000001, 771.0, 196.00000000000006, 834.0000000000001, 572.0000000000001, 87.00000000000003]","[0, 13, 39, 39, 76, 99, 107, 107, 107, 161, 164, 187, 203]","[76, 39, 61, 76, 205, 164, 119, 142, 164, 164, 205, 205, 205]",37754613.00000001,941.0000000000001,-941.0000000000001,0.0,,,,DWT,mdp.39015067403892,7.450580596923828e-09,,0.0,33.0,19.0,0.0,28.5,,1.1368683772161603e-13,256.3413461538462,4359.0,256.3413461538462,,0.0,256.3413461538462,,,84.00000000000003,0.0,24.0,1.1368683772161603e-13,1.1368683772161603e-13,,1.1368683772161603e-13,4.498726483725535e-14,2.5296325582471484e-27,0.9770985551682648,0.789990620078916,0.00025858394784722166,0.9549237170596396,0.00043539500072065784,0.9999999997233453,0.4742280246116333,6.6959667625959335e-09,6.6959667625959335e-09,6.082000342865356e-09,,5.718550876340534e-12,0.9999999933040264,1.3612963731558036e-13,,,,,,7.374542113937972e-14,1.0,0.5,1.4238426238064856e-13,1.4238426238064856e-13,0.7922684098807045,0.25901821375023415,365,1.7635273798278366,0.8470281727249317,49,0,0.2478523364496505,0.2961384272003556,358,0.0,0.4653383588723473,0.8452157905341153,46,181.31464364468746,0.8099427215464492,204.5,83.89206177582864,0.7977910672721764,139,bior,0.672619891330026,0.76736776154697,0.2989557476048908,5,105.5,4.498726483725534e-14,0.0001547883299646835,2.5296325582471484e-27,0.9770985551682648,0.7899906200789161,0.0012917961582255319,0.9661216147164027,0.0028000655535788776,0.9999999997233452,0.9919828214562021,0.9855281704452468,0.9855281704452468,0.9855281704451347,,1.2251610931599486e-12,0.9999999999667601,7.585973278963461e-14,,,,,1.0,,7.374542113937972e-14,1.0,0.5,1.4238426238064856e-13,1.4238426238064856e-13,0.0,2.2345701998216736,0.6375734627748973,372,1.7695154497158634,0.818020721113613,95,195.86857838867365,0.897343512374909,233.5,151.3490364025696,0.8874820287241421,58,0.5943810304597339,0.7715092316736338,0.3524805091760961,5,44.75,,,,,,,,,,,,,3.02061502778709e-19,0.036413600438416426,2.5296325582471484e-27,0.9833882039208401,0.24421439621150992,0.0015635043858477206,0.7308889189554866,0.9999999999999998,0.0028000655535788776,0.9999999999999541,0.0008499884728391225,0.0007982210227401261,0.0007982210227401261,0.0007982210227337874,,0.0,9.572760819061336e-19,0.020163910573049823,7.054128794466933e-19,,,,,0.4782608695652174,,2.3332883504384434e-21,1.0,0.8604651162790697,4.770970844811595e-19,4.770970844811595e-19,0.9302325581395349,0.5744527218307418,0.17892707859001003,483,1.8173215465863155,0.8821447881613349,738,180.31222920256963,0.9157419489707619,610.5,583.8722358722358,0.8152307875694931,36,1104.4,1082.5,563.6960149978129,300,0.520820561188399,0.7876173146100969,0.3991404127850916,6,28.5
haar,1.0,reflect,4.700676616180949e-27,322.75018871998736,5965734.982907752,0.6844660194174758,333.90154964121535,206,raw,5.012603061860997e-14,-2.178849323186711e-10,6.328576966320094,63117.308605900675,0.7358086728396478,5.618943883690064e-06,0.9999999999999998,327.0000000000001,,,,[],[],13,661.1538461538462,87.00000000000003,940.0000000000001,"[8, 32, 51, 63, 81, 100, 111, 133, 152, 162, 175, 192, 204]","[878.0000000000001, 638.0000000000001, 787.0, 792.0000000000001, 940.0000000000001, 788.0000000000001, 637.0000000000001, 675.0000000000001, 771.0, 196.00000000000006, 834.0000000000001, 572.0000000000001, 87.00000000000003]","[0, 13, 39, 39, 76, 99, 107, 107, 107, 161, 164, 187, 203]","[76, 39, 61, 76, 205, 164, 119, 142, 164, 164, 205, 205, 205]",37754613.00000001,941.0000000000001,-941.0000000000001,0.0,,,,DWT,mdp.39015067403892,7.450580596923828e-09,,0.0,33.0,19.0,0.0,28.5,,1.1368683772161603e-13,256.3413461538462,4359.0,256.3413461538462,,0.0,256.3413461538462,,,84.00000000000003,0.0,24.0,1.1368683772161603e-13,1.1368683772161603e-13,,1.1368683772161603e-13,4.498726483725535e-14,2.5296325582471484e-27,0.9770985551682648,0.789990620078916,0.00025858394784722166,0.9549237170596396,0.00043539500072065784,0.9999999997233453,0.4742280246116333,6.6959667625959335e-09,6.6959667625959335e-09,6.082000342865356e-09,,5.718550876340534e-12,0.9999999933040264,1.3612963731558036e-13,,,,,,7.374542113937972e-14,1.0,0.5,1.4238426238064856e-13,1.4238426238064856e-13,0.7922684098807045,0.25901821375023415,367,1.7635273798278366,0.8470281727249317,47,0,0.2478523364496505,0.2961384272003556,378,0.0,0.4653383588723473,0.8452157905341153,56,185.42024341119463,0.8056391578499008,212.0,89.87948689009181,0.7917084678138393,152,haar,0.1912119064493267,0.14866062235386424,0.821553478779312,1,114.25,4.498726483725534e-14,0.0001547883299646835,2.5296325582471484e-27,0.9770985551682648,0.7899906200789161,0.0012917961582255319,0.9661216147164027,0.0028000655535788776,0.9999999997233452,0.9919828214562021,0.9855281704452468,0.9855281704452468,0.9855281704451347,,1.2251610931599486e-12,0.9999999999667601,7.585973278963461e-14,,,,,1.0,,7.374542113937972e-14,1.0,0.5,1.4238426238064856e-13,1.4238426238064856e-13,0.0,2.2345701998216736,0.6375734627748973,357,1.7695154497158634,0.818020721113613,108,176.06958851545033,0.9077203414489254,232.5,165.83225806451614,0.8929324977684878,43,0.12852368039351705,0.2769787579518756,0.8269397963389753,1,32.5,,,,,,,,,,,,,3.02061502778709e-19,0.036413600438416426,2.5296325582471484e-27,0.9833882039208401,0.24421439621150992,0.0015635043858477206,0.7308889189554866,0.9999999999999998,0.0028000655535788776,0.9999999999999541,0.0008499884728391225,0.0007982210227401261,0.0007982210227401261,0.0007982210227337874,,0.0,9.572760819061336e-19,0.020163910573049823,7.054128794466933e-19,,,,,0.4782608695652174,,2.3332883504384434e-21,1.0,0.8604651162790697,4.770970844811595e-19,4.770970844811595e-19,0.9302325581395349,0.5744527218307418,0.17892707859001003,498,1.8173215465863155,0.8821447881613349,742,172.5340546095176,0.9193766099955525,620.0,595.9935483870968,0.8148284919136641,37,327.0,268.5,438.5491630604859,20,0.1542089129922188,0.6127574170194295,0.7082265357996179,2,28.25
rbio1.1,1.0,antireflect,4.700676616180949e-27,322.75018871998736,5965734.982907752,0.6844660194174758,333.90154964121535,206,raw,5.012603061860997e-14,-2.178849323186711e-10,6.328576966320094,63117.308605900675,0.7358086728396478,5.618943883690064e-06,0.9999999999999998,327.0000000000001,,,,[],[],13,661.1538461538462,87.00000000000003,940.0000000000001,"[8, 32, 51, 63, 81, 100, 111, 133, 152, 162, 175, 192, 204]","[878.0000000000001, 638.0000000000001, 787.0, 792.0000000000001, 940.0000000000001, 788.0000000000001, 637.0000000000001, 675.0000000000001, 771.0, 196.00000000000006, 834.0000000000001, 572.0000000000001, 87.00000000000003]","[0, 13, 39, 39, 76, 99, 107, 107, 107, 161, 164, 187, 203]","[76, 39, 61, 76, 205, 164, 119, 142, 164, 164, 205, 205, 205]",37754613.00000001,941.0000000000001,-941.0000000000001,0.0,,,,DWT,mdp.39015067403892,7.450580596923828e-09,,0.0,33.0,19.0,0.0,28.5,,1.1368683772161603e-13,256.3413461538462,4359.0,256.3413461538462,,0.0,256.3413461538462,,,84.00000000000003,0.0,24.0,1.1368683772161603e-13,1.1368683772161603e-13,,1.1368683772161603e-13,4.498726483725535e-14,2.5296325582471484e-27,0.9770985551682648,0.789990620078916,0.00025858394784722166,0.9549237170596396,0.00043539500072065784,0.9999999997233453,0.4742280246116333,6.6959667625959335e-09,6.6959667625959335e-09,6.082000342865356e-09,,5.718550876340534e-12,0.9999999933040264,1.3612963731558036e-13,,,,,,7.374542113937972e-14,1.0,0.5,1.4238426238064856e-13,1.4238426238064856e-13,0.7922684098807045,0.25901821375023415,359,1.7635273798278366,0.8470281727249317,56,0,0.2478523364496505,0.2961384272003556,362,0.0,0.4653383588723473,0.8452157905341153,52,176.96963016291807,0.8144972430158092,207.25,93.81774297589789,0.7986270282165,132,rbio,0.5136782423812899,1.0,0.3404252303330971,4,100.0,4.498726483725534e-14,0.0001547883299646835,2.5296325582471484e-27,0.9770985551682648,0.7899906200789161,0.0012917961582255319,0.9661216147164027,0.0028000655535788776,0.9999999997233452,0.9919828214562021,0.9855281704452468,0.9855281704452468,0.9855281704451347,,1.2251610931599486e-12,0.9999999999667601,7.585973278963461e-14,,,,,1.0,,7.374542113937972e-14,1.0,0.5,1.4238426238064856e-13,1.4238426238064856e-13,0.0,2.2345701998216736,0.6375734627748973,348,1.7695154497158634,0.818020721113613,96,178.19090885900997,0.9066085383338522,222.0,150.48648648648648,0.8951281685379953,34,0.3888041033402703,1.0,0.4278371276618108,3,26.25,,,,,,,,,,,,,3.02061502778709e-19,0.036413600438416426,2.5296325582471484e-27,0.9833882039208401,0.24421439621150992,0.0015635043858477206,0.7308889189554866,0.9999999999999998,0.0028000655535788776,0.9999999999999541,0.0008499884728391225,0.0007982210227401261,0.0007982210227401261,0.0007982210227337874,,0.0,9.572760819061336e-19,0.020163910573049823,7.054128794466933e-19,,,,,0.4782608695652174,,2.3332883504384434e-21,1.0,0.8604651162790697,4.770970844811595e-19,4.770970844811595e-19,0.9302325581395349,0.5744527218307418,0.17892707859001003,448,1.8173215465863155,0.8821447881613349,734,202.2325394193526,0.9054988133554427,591.0,556.3993231810491,0.8146652945281887,38,818.67,599.5,715.6978453131971,300,0.38607403914171184,1.0,0.42974817260080167,3,29.25
db1,1.0,reflect,4.700676616180949e-27,322.75018871998736,5965734.982907752,0.6844660194174758,333.90154964121535,206,raw,5.012603061860997e-14,-2.178849323186711e-10,6.328576966320094,63117.308605900675,0.7358086728396478,5.618943883690064e-06,0.9999999999999998,327.0000000000001,,,,[],[],13,661.1538461538462,87.00000000000003,940.0000000000001,"[8, 32, 51, 63, 81, 100, 111, 133, 152, 162, 175, 192, 204]","[878.0000000000001, 638.0000000000001, 787.0, 792.0000000000001, 940.0000000000001, 788.0000000000001, 637.0000000000001, 675.0000000000001, 771.0, 196.00000000000006, 834.0000000000001, 572.0000000000001, 87.00000000000003]","[0, 13, 39, 39, 76, 99, 107, 107, 107, 161, 164, 187, 203]","[76, 39, 61, 76, 205, 164, 119, 142, 164, 164, 205, 205, 205]",37754613.00000001,941.0000000000001,-941.0000000000001,0.0,,,,DWT,mdp.39015067403892,7.450580596923828e-09,,0.0,33.0,19.0,0.0,28.5,,1.1368683772161603e-13,256.3413461538462,4359.0,256.3413461538462,,0.0,256.3413461538462,,,84.00000000000003,0.0,24.0,1.1368683772161603e-13,1.1368683772161603e-13,,1.1368683772161603e-13,4.498726483725535e-14,2.5296325582471484e-27,0.9770985551682648,0.789990620078916,0.00025858394784722166,0.9549237170596396,0.00043539500072065784,0.9999999997233453,0.4742280246116333,6.6959667625959335e-09,6.6959667625959335e-09,6.082000342865356e-09,,5.718550876340534e-12,0.9999999933040264,1.3612963731558036e-13,,,,,,7.374542113937972e-14,1.0,0.5,1.4238426238064856e-13,1.4238426238064856e-13,0.7922684098807045,0.25901821375023415,373,1.7635273798278366,0.8470281727249317,69,0,0.2478523364496505,0.2961384272003556,348,0.0,0.4653383588723473,0.8452157905341153,39,177.67456205095877,0.813758320701301,207.25,87.54975194941201,0.7982575670592459,134,db,0.540986235965534,0.9305070477545101,0.3421575204977732,3,101.25,4.498726483725534e-14,0.0001547883299646835,2.5296325582471484e-27,0.9770985551682648,0.7899906200789161,0.0012917961582255319,0.9661216147164027,0.0028000655535788776,0.9999999997233452,0.9919828214562021,0.9855281704452468,0.9855281704452468,0.9855281704451347,,1.2251610931599486e-12,0.9999999999667601,7.585973278963461e-14,,,,,1.0,,7.374542113937972e-14,1.0,0.5,1.4238426238064856e-13,1.4238426238064856e-13,0.0,2.2345701998216736,0.6375734627748973,379,1.7695154497158634,0.818020721113613,100,197.28279195104676,0.8966023102981935,239.5,158.24634655532358,0.8855391006417592,65,0.49117026184683504,0.8233619396015222,0.4091722348267588,4,49.75,,,,,,,,,,,,,3.02061502778709e-19,0.036413600438416426,2.5296325582471484e-27,0.9833882039208401,0.24421439621150992,0.0015635043858477206,0.7308889189554866,0.9999999999999998,0.0028000655535788776,0.9999999999999541,0.0008499884728391225,0.0007982210227401261,0.0007982210227401261,0.0007982210227337874,,0.0,9.572760819061336e-19,0.020163910573049823,7.054128794466933e-19,,,,,0.4782608695652174,,2.3332883504384434e-21,1.0,0.8604651162790697,4.770970844811595e-19,4.770970844811595e-19,0.9302325581395349,0.5744527218307418,0.17892707859001003,476,1.8173215465863155,0.8821447881613349,740,186.67619023324855,0.912768135405024,608.0,579.3421052631579,0.8143279929361569,39,1009.0473684210526,935.5,610.6543869996938,760,0.4758535102197843,0.8532293215616218,0.41093374637766444,5,30.5
bior1.1,1.0,antireflect,4.700676616180949e-27,322.75018871998736,5965734.982907752,0.6844660194174758,333.90154964121535,206,raw,5.012603061860997e-14,-2.178849323186711e-10,6.328576966320094,63117.308605900675,0.7358086728396478,5.618943883690064e-06,0.9999999999999998,327.0000000000001,,,,[],[],13,661.1538461538462,87.00000000000003,940.0000000000001,"[8, 32, 51, 63, 81, 100, 111, 133, 152, 162, 175, 192, 204]","[878.0000000000001, 638.0000000000001, 787.0, 792.0000000000001, 940.0000000000001, 788.0000000000001, 637.0000000000001, 675.0000000000001, 771.0, 196.00000000000006, 834.0000000000001, 572.0000000000001, 87.00000000000003]","[0, 13, 39, 39, 76, 99, 107, 107, 107, 161, 164, 187, 203]","[76, 39, 61, 76, 205, 164, 119, 142, 164, 164, 205, 205, 205]",37754613.00000001,941.0000000000001,-941.0000000000001,0.0,,,,DWT,mdp.39015067403892,7.450580596923828e-09,,0.0,33.0,19.0,0.0,28.5,,1.1368683772161603e-13,256.3413461538462,4359.0,256.3413461538462,,0.0,256.3413461538462,,,84.00000000000003,0.0,24.0,1.1368683772161603e-13,1.1368683772161603e-13,,1.1368683772161603e-13,4.498726483725535e-14,2.5296325582471484e-27,0.9770985551682648,0.789990620078916,0.00025858394784722166,0.9549237170596396,0.00043539500072065784,0.9999999997233453,0.4742280246116333,6.6959667625959335e-09,6.6959667625959335e-09,6.082000342865356e-09,,5.718550876340534e-12,0.9999999933040264,1.3612963731558036e-13,,,,,,7.374542113937972e-14,1.0,0.5,1.4238426238064856e-13,1.4238426238064856e-13,0.7922684098807045,0.25901821375023415,360,1.7635273798278366,0.8470281727249317,54,0,0.2478523364496505,0.2961384272003556,359,0.0,0.4653383588723473,0.8452157905341153,44,179.31420282100729,0.8120396196844788,204.25,85.45349809904978,0.79897054359486,131,bior,0.672619891330026,0.76736776154697,0.2989557476048908,5,99.5,4.498726483725534e-14,0.0001547883299646835,2.5296325582471484e-27,0.9770985551682648,0.7899906200789161,0.0012917961582255319,0.9661216147164027,0.0028000655535788776,0.9999999997233452,0.9919828214562021,0.9855281704452468,0.9855281704452468,0.9855281704451347,,1.2251610931599486e-12,0.9999999999667601,7.585973278963461e-14,,,,,1.0,,7.374542113937972e-14,1.0,0.5,1.4238426238064856e-13,1.4238426238064856e-13,0.0,2.2345701998216736,0.6375734627748973,350,1.7695154497158634,0.818020721113613,94,181.01933598375618,0.9051261341804213,222.0,148.1981981981982,0.8943869664612798,38,0.5943810304597339,0.7715092316736338,0.3524805091760961,5,29.75,,,,,,,,,,,,,3.02061502778709e-19,0.036413600438416426,2.5296325582471484e-27,0.9833882039208401,0.24421439621150992,0.0015635043858477206,0.7308889189554866,0.9999999999999998,0.0028000655535788776,0.9999999999999541,0.0008499884728391225,0.0007982210227401261,0.0007982210227401261,0.0007982210227337874,,0.0,9.572760819061336e-19,0.020163910573049823,7.054128794466933e-19,,,,,0.4782608695652174,,2.3332883504384434e-21,1.0,0.8604651162790697,4.770970844811595e-19,4.770970844811595e-19,0.9302325581395349,0.5744527218307418,0.17892707859001003,444,1.8173215465863155,0.8821447881613349,735,205.76807332528534,0.9038466947078105,589.5,553.587786259542,0.8141897024940922,40,1104.4,1082.5,563.6960149978129,300,0.520820561188399,0.7876173146100969,0.3991404127850916,6,31.5
rbio1.1,1.0,constant,4.700676616180949e-27,322.75018871998736,5965734.982907752,0.6844660194174758,333.90154964121535,206,raw,5.012603061860997e-14,-2.178849323186711e-10,6.328576966320094,63117.308605900675,0.7358086728396478,5.618943883690064e-06,0.9999999999999998,327.0000000000001,,,,[],[],13,661.1538461538462,87.00000000000003,940.0000000000001,"[8, 32, 51, 63, 81, 100, 111, 133, 152, 162, 175, 192, 204]","[878.0000000000001, 638.0000000000001, 787.0, 792.0000000000001, 940.0000000000001, 788.0000000000001, 637.0000000000001, 675.0000000000001, 771.0, 196.00000000000006, 834.0000000000001, 572.0000000000001, 87.00000000000003]","[0, 13, 39, 39, 76, 99, 107, 107, 107, 161, 164, 187, 203]","[76, 39, 61, 76, 205, 164, 119, 142, 164, 164, 205, 205, 205]",37754613.00000001,941.0000000000001,-941.0000000000001,0.0,,,,DWT,mdp.39015067403892,7.450580596923828e-09,,0.0,33.0,19.0,0.0,28.5,,1.1368683772161603e-13,256.3413461538462,4359.0,256.3413461538462,,0.0,256.3413461538462,,,84.00000000000003,0.0,24.0,1.1368683772161603e-13,1.1368683772161603e-13,,1.1368683772161603e-13,4.498726483725535e-14,2.5296325582471484e-27,0.9770985551682648,0.789990620078916,0.00025858394784722166,0.9549237170596396,0.00043539500072065784,0.9999999997233453,0.4742280246116333,6.6959667625959335e-09,6.6959667625959335e-09,6.082000342865356e-09,,5.718550876340534e-12,0.9999999933040264,1.3612963731558036e-13,,,,,,7.374542113937972e-14,1.0,0.5,1.4238426238064856e-13,1.4238426238064856e-13,0.7922684098807045,0.25901821375023415,349,1.7635273798278366,0.8470281727249317,43,0,0.2478523364496505,0.2961384272003556,350,0.0,0.4653383588723473,0.8452157905341153,41,177.53755471261096,0.8139019342635105,195.75,74.95053701242772,0.8043566275091137,113,rbio,0.5136782423812899,1.0,0.3404252303330971,4,85.75,4.498726483725534e-14,0.0001547883299646835,2.5296325582471484e-27,0.9770985551682648,0.7899906200789161,0.0012917961582255319,0.9661216147164027,0.0028000655535788776,0.9999999997233452,0.9919828214562021,0.9855281704452468,0.9855281704452468,0.9855281704451347,,1.2251610931599486e-12,0.9999999999667601,7.585973278963461e-14,,,,,1.0,,7.374542113937972e-14,1.0,0.5,1.4238426238064856e-13,1.4238426238064856e-13,0.0,2.2345701998216736,0.6375734627748973,351,1.7695154497158634,0.818020721113613,111,169.7056274847714,0.9110557507941449,231.0,168.66233766233768,0.8949932842021039,35,0.3888041033402703,1.0,0.4278371276618108,3,27.0,,,,,,,,,,,,,3.02061502778709e-19,0.036413600438416426,2.5296325582471484e-27,0.9833882039208401,0.24421439621150992,0.0015635043858477206,0.7308889189554866,0.9999999999999998,0.0028000655535788776,0.9999999999999541,0.0008499884728391225,0.0007982210227401261,0.0007982210227401261,0.0007982210227337874,,0.0,9.572760819061336e-19,0.020163910573049823,7.054128794466933e-19,,,,,0.4782608695652174,,2.3332883504384434e-21,1.0,0.8604651162790697,4.770970844811595e-19,4.770970844811595e-19,0.9302325581395349,0.5744527218307418,0.17892707859001003,447,1.8173215465863155,0.8821447881613349,736,204.35385976291224,0.9045075421668635,591.5,556.1994928148774,0.8140528365039925,41,818.67,599.5,715.6978453131971,300,0.38607403914171184,1.0,0.42974817260080167,3,31.5
db1,1.0,antisymmetric,4.700676616180949e-27,322.75018871998736,5965734.982907752,0.6844660194174758,333.90154964121535,206,raw,5.012603061860997e-14,-2.178849323186711e-10,6.328576966320094,63117.308605900675,0.7358086728396478,5.618943883690064e-06,0.9999999999999998,327.0000000000001,,,,[],[],13,661.1538461538462,87.00000000000003,940.0000000000001,"[8, 32, 51, 63, 81, 100, 111, 133, 152, 162, 175, 192, 204]","[878.0000000000001, 638.0000000000001, 787.0, 792.0000000000001, 940.0000000000001, 788.0000000000001, 637.0000000000001, 675.0000000000001, 771.0, 196.00000000000006, 834.0000000000001, 572.0000000000001, 87.00000000000003]","[0, 13, 39, 39, 76, 99, 107, 107, 107, 161, 164, 187, 203]","[76, 39, 61, 76, 205, 164, 119, 142, 164, 164, 205, 205, 205]",37754613.00000001,941.0000000000001,-941.0000000000001,0.0,,,,DWT,mdp.39015067403892,7.450580596923828e-09,,0.0,33.0,19.0,0.0,28.5,,1.1368683772161603e-13,256.3413461538462,4359.0,256.3413461538462,,0.0,256.3413461538462,,,84.00000000000003,0.0,24.0,1.1368683772161603e-13,1.1368683772161603e-13,,1.1368683772161603e-13,4.498726483725535e-14,2.5296325582471484e-27,0.9770985551682648,0.789990620078916,0.00025858394784722166,0.9549237170596396,0.00043539500072065784,0.9999999997233453,0.4742280246116333,6.6959667625959335e-09,6.6959667625959335e-09,6.082000342865356e-09,,5.718550876340534e-12,0.9999999933040264,1.3612963731558036e-13,,,,,,7.374542113937972e-14,1.0,0.5,1.4238426238064856e-13,1.4238426238064856e-13,0.7922684098807045,0.25901821375023415,372,1.7635273798278366,0.8470281727249317,60,0,0.2478523364496505,0.2961384272003556,375,0.0,0.4653383588723473,0.8452157905341153,66,179.2881758510583,0.8120669016236286,218.25,107.60492268854529,0.7916466583589841,153,db,0.540986235965534,0.9305070477545101,0.3421575204977732,3,115.5,4.498726483725534e-14,0.0001547883299646835,2.5296325582471484e-27,0.9770985551682648,0.7899906200789161,0.0012917961582255319,0.9661216147164027,0.0028000655535788776,0.9999999997233452,0.9919828214562021,0.9855281704452468,0.9855281704452468,0.9855281704451347,,1.2251610931599486e-12,0.9999999999667601,7.585973278963461e-14,,,,,1.0,,7.374542113937972e-14,1.0,0.5,1.4238426238064856e-13,1.4238426238064856e-13,0.0,2.2345701998216736,0.6375734627748973,355,1.7695154497158634,0.818020721113613,115,169.7056274847714,0.9110557507941449,235.0,173.72340425531914,0.8939450661727538,40,0.49117026184683504,0.8233619396015222,0.4091722348267588,4,31.0,,,,,,,,,,,,,3.02061502778709e-19,0.036413600438416426,2.5296325582471484e-27,0.9833882039208401,0.24421439621150992,0.0015635043858477206,0.7308889189554866,0.9999999999999998,0.0028000655535788776,0.9999999999999541,0.0008499884728391225,0.0007982210227401261,0.0007982210227401261,0.0007982210227337874,,0.0,9.572760819061336e-19,0.020163910573049823,7.054128794466933e-19,,,,,0.4782608695652174,,2.3332883504384434e-21,1.0,0.8604651162790697,4.770970844811595e-19,4.770970844811595e-19,0.9302325581395349,0.5744527218307418,0.17892707859001003,471,1.8173215465863155,0.8821447881613349,741,190.91883092036784,0.9107855930278654,606.0,575.9257425742574,0.8138040114672037,42,1009.0473684210526,935.5,610.6543869996938,760,0.4758535102197843,0.8532293215616218,0.41093374637766444,5,32.75
rbio3.5,1.0,constant,2.9430523957079646e-27,324.7838125286082,5957252.133661732,0.6759259259259259,388.1314759452257,206,raw,2.8244936055609326e-14,-2.0888357710191775e-10,6.611344787000124,72667.60452922774,0.5689491147902672,5.618943883690066e-06,1.0,327.0000000000001,,,,[],[],13,661.1538461538462,86.99999999999999,939.9999999999998,"[8, 32, 51, 63, 81, 100, 111, 133, 152, 162, 175, 192, 204]","[878.0, 638.0000000000001, 786.9999999999999, 792.0000000000002, 939.9999999999998, 788.0, 636.9999999999999, 675.0000000000001, 771.0000000000002, 196.0, 833.9999999999999, 572.0, 86.99999999999999]","[0, 13, 42, 42, 76, 99, 107, 107, 107, 161, 164, 187, 203]","[76, 42, 61, 76, 205, 164, 119, 142, 164, 164, 205, 205, 205]",37754613.0,940.9999999999998,-940.9999999999998,0.0,,,,DWT,mdp.39015067403892,0.0,,0.0,33.0,19.0,0.0,28.5,,2.2737367544323206e-13,256.3413461538462,4359.0,256.34134615384613,,0.0,256.3413461538462,,,83.99999999999999,0.0,28.5,2.2737367544323206e-13,2.2737367544323206e-13,,1.1368683772161603e-13,1.7340122244819607e-14,1.2858212768628526e-27,0.984603087411963,0.8876727171742627,0.00024903749735874763,0.8908730158730159,0.0012086155807307455,0.999999999723481,0.4742280246115838,6.6959667625959335e-09,6.6959667625959335e-09,6.0819563246244724e-09,,5.718550876340534e-12,0.9999999933040264,2.7225927463116073e-13,,,,,,0.0,1.0,1.0,2.847685247612971e-13,2.847685247612971e-13,0.8422684098807646,0.2753648338173871,117,1.7915553822538848,0.8604901172071223,19,0,0.2895190031163383,0.34592250957014603,119,0.0,0.47057580915760366,0.8547288160537898,21,56.592107812544555,0.9406791322719659,69.0,34.129402657721585,0.9341760441234044,10,rbio,0.5136782423812899,1.0,0.3404252303330971,4,8.5,1.7340122244819595e-14,0.0001547883299646835,1.2858212768628526e-27,0.984603087411963,0.8876727171742628,0.001282259573797473,0.9179824561403509,0.0035714569252243743,0.9999999997234809,0.9919828214562014,0.9855281704452468,0.9855281704452468,0.9855281704451341,,1.2251610931599486e-12,0.9999999999667601,1.5171946557926922e-13,,,,,1.0,,0.0,1.0,0.75,2.847685247612971e-13,2.847685247612971e-13,0.0,2.2595701998217312,0.6447065287088658,121,1.803907342435825,0.8339195825153388,33,62.22539674441618,0.9673871086245198,77.0,51.857142857142854,0.9635153572472703,9,0.3888041033402703,1.0,0.4278371276618108,3,7.5,,,,,,,,,,,,,1.164281358865623e-19,0.03641360043841643,1.2858212768628526e-27,0.9888316927582363,0.27441143115912886,0.001561274331145025,0.6944707527172688,1.0,0.0035714569252243743,0.9999999999999541,0.0008499884728391219,0.0007982210227401261,0.0007982210227401261,0.0007982210227337869,,0.0,9.572760819061336e-19,0.020163910573049823,1.4108257588933865e-18,,,,,0.4782608695652174,,0.0,1.0,0.9302325581395349,9.54194168962319e-19,9.54194168962319e-19,0.9302325581395349,0.5814294660167882,0.18110015290550946,160,1.8214263323885826,0.8841372893831414,688,373.3523804664971,0.8255362708100481,424.0,259.62264150943395,0.8137027148442764,43,818.67,599.5,715.6978453131971,300,0.38607403914171184,1.0,0.42974817260080167,3,33.0
bior1.1,1.0,reflect,4.700676616180949e-27,322.75018871998736,5965734.982907752,0.6844660194174758,333.90154964121535,206,raw,5.012603061860997e-14,-2.178849323186711e-10,6.328576966320094,63117.308605900675,0.7358086728396478,5.618943883690064e-06,0.9999999999999998,327.0000000000001,,,,[],[],13,661.1538461538462,87.00000000000003,940.0000000000001,"[8, 32, 51, 63, 81, 100, 111, 133, 152, 162, 175, 192, 204]","[878.0000000000001, 638.0000000000001, 787.0, 792.0000000000001, 940.0000000000001, 788.0000000000001, 637.0000000000001, 675.0000000000001, 771.0, 196.00000000000006, 834.0000000000001, 572.0000000000001, 87.00000000000003]","[0, 13, 39, 39, 76, 99, 107, 107, 107, 161, 164, 187, 203]","[76, 39, 61, 76, 205, 164, 119, 142, 164, 164, 205, 205, 205]",37754613.00000001,941.0000000000001,-941.0000000000001,0.0,,,,DWT,mdp.39015067403892,7.450580596923828e-09,,0.0,33.0,19.0,0.0,28.5,,1.1368683772161603e-13,256.3413461538462,4359.0,256.3413461538462,,0.0,256.3413461538462,,,84.00000000000003,0.0,24.0,1.1368683772161603e-13,1.1368683772161603e-13,,1.1368683772161603e-13,4.498726483725535e-14,2.5296325582471484e-27,0.9770985551682648,0.789990620078916,0.00025858394784722166,0.9549237170596396,0.00043539500072065784,0.9999999997233453,0.4742280246116333,6.6959667625959335e-09,6.6959667625959335e-09,6.082000342865356e-09,,5.718550876340534e-12,0.9999999933040264,1.3612963731558036e-13,,,,,,7.374542113937972e-14,1.0,0.5,1.4238426238064856e-13,1.4238426238064856e-13,0.7922684098807045,0.25901821375023415,362,1.7635273798278366,0.8470281727249317,52,0,0.2478523364496505,0.2961384272003556,355,0.0,0.4653383588723473,0.8452157905341153,50,177.56008372754653,0.8138783189438715,204.75,89.26558653292564,0.7996278387172188,127,bior,0.672619891330026,0.76736776154697,0.2989557476048908,5,96.5,4.498726483725534e-14,0.0001547883299646835,2.5296325582471484e-27,0.9770985551682648,0.7899906200789161,0.0012917961582255319,0.9661216147164027,0.0028000655535788776,0.9999999997233452,0.9919828214562021,0.9855281704452468,0.9855281704452468,0.9855281704451347,,1.2251610931599486e-12,0.9999999999667601,7.585973278963461e-14,,,,,1.0,,7.374542113937972e-14,1.0,0.5,1.4238426238064856e-13,1.4238426238064856e-13,0.0,2.2345701998216736,0.6375734627748973,356,1.7695154497158634,0.818020721113613,112,172.5340546095176,0.9095733466407141,234.0,170.3931623931624,0.893465918603376,41,0.5943810304597339,0.7715092316736338,0.3524805091760961,5,32.0,,,,,,,,,,,,,3.02061502778709e-19,0.036413600438416426,2.5296325582471484e-27,0.9833882039208401,0.24421439621150992,0.0015635043858477206,0.7308889189554866,0.9999999999999998,0.0028000655535788776,0.9999999999999541,0.0008499884728391225,0.0007982210227401261,0.0007982210227401261,0.0007982210227337874,,0.0,9.572760819061336e-19,0.020163910573049823,7.054128794466933e-19,,,,,0.4782608695652174,,2.3332883504384434e-21,1.0,0.8604651162790697,4.770970844811595e-19,4.770970844811595e-19,0.9302325581395349,0.5744527218307418,0.17892707859001003,472,1.8173215465863155,0.8821447881613349,743,191.6259377015544,0.910455169298339,607.5,577.277366255144,0.8132883323127209,44,1104.4,1082.5,563.6960149978129,300,0.520820561188399,0.7876173146100969,0.3991404127850916,6,34.5
db1,1.0,periodic,4.700676616180949e-27,322.75018871998736,5965734.982907752,0.6844660194174758,333.90154964121535,206,raw,5.012603061860997e-14,-2.178849323186711e-10,6.328576966320094,63117.308605900675,0.7358086728396478,5.618943883690064e-06,0.9999999999999998,327.0000000000001,,,,[],[],13,661.1538461538462,87.00000000000003,940.0000000000001,"[8, 32, 51, 63, 81, 100, 111, 133, 152, 162, 175, 192, 204]","[878.0000000000001, 638.0000000000001, 787.0, 792.0000000000001, 940.0000000000001, 788.0000000000001, 637.0000000000001, 675.0000000000001, 771.0, 196.00000000000006, 834.0000000000001, 572.0000000000001, 87.00000000000003]","[0, 13, 39, 39, 76, 99, 107, 107, 107, 161, 164, 187, 203]","[76, 39, 61, 76, 205, 164, 119, 142, 164, 164, 205, 205, 205]",37754613.00000001,941.0000000000001,-941.0000000000001,0.0,,,,DWT,mdp.39015067403892,7.450580596923828e-09,,0.0,33.0,19.0,0.0,28.5,,1.1368683772161603e-13,256.3413461538462,4359.0,256.3413461538462,,0.0,256.3413461538462,,,84.00000000000003,0.0,24.0,1.1368683772161603e-13,1.1368683772161603e-13,,1.1368683772161603e-13,4.498726483725535e-14,2.5296325582471484e-27,0.9770985551682648,0.789990620078916,0.00025858394784722166,0.9549237170596396,0.00043539500072065784,0.9999999997233453,0.4742280246116333,6.6959667625959335e-09,6.6959667625959335e-09,6.082000342865356e-09,,5.718550876340534e-12,0.9999999933040264,1.3612963731558036e-13,,,,,,7.374542113937972e-14,1.0,0.5,1.4238426238064856e-13,1.4238426238064856e-13,0.7922684098807045,0.25901821375023415,375,1.7635273798278366,0.8470281727249317,73,0,0.2478523364496505,0.2961384272003556,372,0.0,0.4653383588723473,0.8452157905341153,59,177.63140675755136,0.8138035568579126,219.75,111.10302099330094,0.7917288224541135,151,db,0.540986235965534,0.9305070477545101,0.3421575204977732,3,114.0,4.498726483725534e-14,0.0001547883299646835,2.5296325582471484e-27,0.9770985551682648,0.7899906200789161,0.0012917961582255319,0.9661216147164027,0.0028000655535788776,0.9999999997233452,0.9919828214562021,0.9855281704452468,0.9855281704452468,0.9855281704451347,,1.2251610931599486e-12,0.9999999999667601,7.585973278963461e-14,,,,,1.0,,7.374542113937972e-14,1.0,0.5,1.4238426238064856e-13,1.4238426238064856e-13,0.0,2.2345701998216736,0.6375734627748973,358,1.7695154497158634,0.818020721113613,114,172.5340546095176,0.9095733466407141,236.0,172.9322033898305,0.8929418095887008,42,0.49117026184683504,0.8233619396015222,0.4091722348267588,4,32.5,,,,,,,,,,,,,3.02061502778709e-19,0.036413600438416426,2.5296325582471484e-27,0.9833882039208401,0.24421439621150992,0.0015635043858477206,0.7308889189554866,0.9999999999999998,0.0028000655535788776,0.9999999999999541,0.0008499884728391225,0.0007982210227401261,0.0007982210227401261,0.0007982210227337874,,0.0,9.572760819061336e-19,0.020163910573049823,7.054128794466933e-19,,,,,0.4782608695652174,,2.3332883504384434e-21,1.0,0.8604651162790697,4.770970844811595e-19,4.770970844811595e-19,0.9302325581395349,0.5744527218307418,0.17892707859001003,473,1.8173215465863155,0.8821447881613349,744,191.6259377015544,0.910455169298339,608.5,578.3270336894001,0.8130546874529079,45,1009.0473684210526,935.5,610.6543869996938,760,0.4758535102197843,0.8532293215616218,0.41093374637766444,5,35.0
haar,1.0,constant,4.700676616180949e-27,322.75018871998736,5965734.982907752,0.6844660194174758,333.90154964121535,206,raw,5.012603061860997e-14,-2.178849323186711e-10,6.328576966320094,63117.308605900675,0.7358086728396478,5.618943883690064e-06,0.9999999999999998,327.0000000000001,,,,[],[],13,661.1538461538462,87.00000000000003,940.0000000000001,"[8, 32, 51, 63, 81, 100, 111, 133, 152, 162, 175, 192, 204]","[878.0000000000001, 638.0000000000001, 787.0, 792.0000000000001, 940.0000000000001, 788.0000000000001, 637.0000000000001, 675.0000000000001, 771.0, 196.00000000000006, 834.0000000000001, 572.0000000000001, 87.00000000000003]","[0, 13, 39, 39, 76, 99, 107, 107, 107, 161, 164, 187, 203]","[76, 39, 61, 76, 205, 164, 119, 142, 164, 164, 205, 205, 205]",37754613.00000001,941.0000000000001,-941.0000000000001,0.0,,,,DWT,mdp.39015067403892,7.450580596923828e-09,,0.0,33.0,19.0,0.0,28.5,,1.1368683772161603e-13,256.3413461538462,4359.0,256.3413461538462,,0.0,256.3413461538462,,,84.00000000000003,0.0,24.0,1.1368683772161603e-13,1.1368683772161603e-13,,1.1368683772161603e-13,4.498726483725535e-14,2.5296325582471484e-27,0.9770985551682648,0.789990620078916,0.00025858394784722166,0.9549237170596396,0.00043539500072065784,0.9999999997233453,0.4742280246116333,6.6959667625959335e-09,6.6959667625959335e-09,6.082000342865356e-09,,5.718550876340534e-12,0.9999999933040264,1.3612963731558036e-13,,,,,,7.374542113937972e-14,1.0,0.5,1.4238426238064856e-13,1.4238426238064856e-13,0.7922684098807045,0.25901821375023415,370,1.7635273798278366,0.8470281727249317,44,0,0.2478523364496505,0.2961384272003556,351,0.0,0.4653383588723473,0.8452157905341153,42,183.4745668114975,0.8076786511409879,201.75,76.79237911667558,0.7981003318598021,135,haar,0.1912119064493267,0.14866062235386424,0.821553478779312,1,101.5,4.498726483725534e-14,0.0001547883299646835,2.5296325582471484e-27,0.9770985551682648,0.7899906200789161,0.0012917961582255319,0.9661216147164027,0.0028000655535788776,0.9999999997233452,0.9919828214562021,0.9855281704452468,0.9855281704452468,0.9855281704451347,,1.2251610931599486e-12,0.9999999999667601,7.585973278963461e-14,,,,,1.0,,7.374542113937972e-14,1.0,0.5,1.4238426238064856e-13,1.4238426238064856e-13,0.0,2.2345701998216736,0.6375734627748973,378,1.7695154497158634,0.818020721113613,87,205.76807332528534,0.8921550978379007,232.5,141.44516129032257,0.8851498759629755,67,0.12852368039351705,0.2769787579518756,0.8269397963389753,1,50.5,,,,,,,,,,,,,3.02061502778709e-19,0.036413600438416426,2.5296325582471484e-27,0.9833882039208401,0.24421439621150992,0.0015635043858477206,0.7308889189554866,0.9999999999999998,0.0028000655535788776,0.9999999999999541,0.0008499884728391225,0.0007982210227401261,0.0007982210227401261,0.0007982210227337874,,0.0,9.572760819061336e-19,0.020163910573049823,7.054128794466933e-19,,,,,0.4782608695652174,,2.3332883504384434e-21,1.0,0.8604651162790697,4.770970844811595e-19,4.770970844811595e-19,0.9302325581395349,0.5744527218307418,0.17892707859001003,474,1.8173215465863155,0.8821447881613349,745,191.6259377015544,0.910455169298339,609.5,579.3765381460214,0.8128210425930948,46,327.0,268.5,438.5491630604859,20,0.1542089129922188,0.6127574170194295,0.7082265357996179,2,35.0
rbio3.5,1.0,zero,2.9421333344591638e-27,324.78516896237403,5957467.086146137,0.6759259259259259,388.1314759452257,206,raw,2.8193197506888932e-14,-2.088724748716715e-10,6.610497331463941,73033.88651951971,0.5710437368912075,5.618943883690066e-06,1.0,327.0000000000001,,,,[],[],13,661.1538461538462,86.99999999999999,939.9999999999998,"[8, 32, 51, 63, 81, 100, 111, 133, 152, 162, 175, 192, 204]","[878.0, 638.0000000000001, 786.9999999999999, 792.0000000000002, 939.9999999999998, 788.0, 636.9999999999999, 675.0000000000001, 771.0000000000002, 196.0, 833.9999999999999, 572.0, 86.99999999999999]","[0, 13, 42, 42, 76, 99, 107, 107, 107, 161, 164, 187, 203]","[76, 42, 61, 76, 205, 164, 119, 142, 164, 164, 205, 205, 205]",37754613.0,940.9999999999998,-940.9999999999998,0.0,,,,DWT,mdp.39015067403892,0.0,,0.0,33.0,19.0,0.0,28.5,,2.2737367544323206e-13,256.3413461538462,4359.0,256.34134615384613,,0.0,256.3413461538462,,,83.99999999999999,0.0,28.5,2.2737367544323206e-13,2.2737367544323206e-13,,1.1368683772161603e-13,1.7274749690906464e-14,1.2851708882665715e-27,0.9846080929596405,0.8873799637988246,0.00024927940113308463,0.8908730158730159,0.0012382708684050298,0.9999999997234811,0.4742280246115838,6.6959667625959335e-09,6.6959667625959335e-09,6.0819563246244724e-09,,5.718550876340534e-12,0.9999999933040264,2.7225927463116073e-13,,,,,,0.0,1.0,1.0,2.847685247612971e-13,2.847685247612971e-13,0.8422684098807646,0.2753648338173871,118,1.7914239919617292,0.8604270100048461,20,0,0.2895190031163383,0.34592250957014603,114,0.0,0.47054357782806466,0.8546702727848826,22,54.87865401653603,0.9424752054334004,68.5,35.492126692491276,0.9353361352114591,6,rbio,0.5136782423812899,1.0,0.3404252303330971,4,5.5,1.7274749690906452e-14,0.0001547883299646835,1.2851708882665715e-27,0.9846080929596404,0.8873799637988247,0.00128250122756923,0.9179824561403509,0.003601042057367791,0.999999999723481,0.9919828214562014,0.9855281704452468,0.9855281704452468,0.9855281704451341,,1.2251610931599486e-12,0.9999999999667601,1.5171946557926922e-13,,,,,1.0,,0.0,1.0,0.75,2.847685247612971e-13,2.847685247612971e-13,0.0,2.2595701998217312,0.6447065287088658,120,1.8037759239564555,0.833858829703444,34,60.81118318204309,0.9681283107012353,77.0,52.98701298701299,0.9638859582856281,8,0.3888041033402703,1.0,0.4278371276618108,3,6.75,,,,,,,,,,,,,1.1598919984662022e-19,0.03641360043841643,1.2851708882665715e-27,0.9888353235831862,0.2743209306050661,0.0015613308399647387,0.6944707527172688,1.0,0.003601042057367791,0.9999999999999541,0.0008499884728391219,0.0007982210227401261,0.0007982210227401261,0.0007982210227337869,,0.0,9.572760819061336e-19,0.020163910573049823,1.4108257588933865e-18,,,,,0.4782608695652174,,0.0,1.0,0.9302325581395349,9.54194168962319e-19,9.54194168962319e-19,0.9302325581395349,0.5814294660167882,0.18110015290550946,164,1.8213951229137881,0.8841221400136845,692,373.3523804664971,0.8255362708100481,428.0,265.1588785046729,0.812768135405024,47,818.67,599.5,715.6978453131971,300,0.38607403914171184,1.0,0.42974817260080167,3,36.0
rbio1.1,1.0,zero,4.700676616180949e-27,322.75018871998736,5965734.982907752,0.6844660194174758,333.90154964121535,206,raw,5.012603061860997e-14,-2.178849323186711e-10,6.328576966320094,63117.308605900675,0.7358086728396478,5.618943883690064e-06,0.9999999999999998,327.0000000000001,,,,[],[],13,661.1538461538462,87.00000000000003,940.0000000000001,"[8, 32, 51, 63, 81, 100, 111, 133, 152, 162, 175, 192, 204]","[878.0000000000001, 638.0000000000001, 787.0, 792.0000000000001, 940.0000000000001, 788.0000000000001, 637.0000000000001, 675.0000000000001, 771.0, 196.00000000000006, 834.0000000000001, 572.0000000000001, 87.00000000000003]","[0, 13, 39, 39, 76, 99, 107, 107, 107, 161, 164, 187, 203]","[76, 39, 61, 76, 205, 164, 119, 142, 164, 164, 205, 205, 205]",37754613.00000001,941.0000000000001,-941.0000000000001,0.0,,,,DWT,mdp.39015067403892,7.450580596923828e-09,,0.0,33.0,19.0,0.0,28.5,,1.1368683772161603e-13,256.3413461538462,4359.0,256.3413461538462,,0.0,256.3413461538462,,,84.00000000000003,0.0,24.0,1.1368683772161603e-13,1.1368683772161603e-13,,1.1368683772161603e-13,4.498726483725535e-14,2.5296325582471484e-27,0.9770985551682648,0.789990620078916,0.00025858394784722166,0.9549237170596396,0.00043539500072065784,0.9999999997233453,0.4742280246116333,6.6959667625959335e-09,6.6959667625959335e-09,6.082000342865356e-09,,5.718550876340534e-12,0.9999999933040264,1.3612963731558036e-13,,,,,,7.374542113937972e-14,1.0,0.5,1.4238426238064856e-13,1.4238426238064856e-13,0.7922684098807045,0.25901821375023415,352,1.7635273798278366,0.8470281727249317,65,0,0.2478523364496505,0.2961384272003556,367,0.0,0.4653383588723473,0.8452157905341153,64,170.42887079365397,0.8213533849123125,212.0,109.36336270824414,0.7995655813450451,128,rbio,0.5136782423812899,1.0,0.3404252303330971,4,97.0,4.498726483725534e-14,0.0001547883299646835,2.5296325582471484e-27,0.9770985551682648,0.7899906200789161,0.0012917961582255319,0.9661216147164027,0.0028000655535788776,0.9999999997233452,0.9919828214562021,0.9855281704452468,0.9855281704452468,0.9855281704451347,,1.2251610931599486e-12,0.9999999999667601,7.585973278963461e-14,,,,,1.0,,7.374542113937972e-14,1.0,0.5,1.4238426238064856e-13,1.4238426238064856e-13,0.0,2.2345701998216736,0.6375734627748973,381,1.7695154497158634,0.818020721113613,110,191.6259377015544,0.8995671186050553,245.5,170.71283095723015,0.885449177751165,66,0.3888041033402703,1.0,0.4278371276618108,3,50.25,,,,,,,,,,,,,3.02061502778709e-19,0.036413600438416426,2.5296325582471484e-27,0.9833882039208401,0.24421439621150992,0.0015635043858477206,0.7308889189554866,0.9999999999999998,0.0028000655535788776,0.9999999999999541,0.0008499884728391225,0.0007982210227401261,0.0007982210227401261,0.0007982210227337874,,0.0,9.572760819061336e-19,0.020163910573049823,7.054128794466933e-19,,,,,0.4782608695652174,,2.3332883504384434e-21,1.0,0.8604651162790697,4.770970844811595e-19,4.770970844811595e-19,0.9302325581395349,0.5744527218307418,0.17892707859001003,475,1.8173215465863155,0.8821447881613349,746,191.6259377015544,0.910455169298339,610.5,580.4258804258805,0.8125873977332816,48,818.67,599.5,715.6978453131971,300,0.38607403914171184,1.0,0.42974817260080167,3,36.75
haar,1.0,periodic,4.700676616180949e-27,322.75018871998736,5965734.982907752,0.6844660194174758,333.90154964121535,206,raw,5.012603061860997e-14,-2.178849323186711e-10,6.328576966320094,63117.308605900675,0.7358086728396478,5.618943883690064e-06,0.9999999999999998,327.0000000000001,,,,[],[],13,661.1538461538462,87.00000000000003,940.0000000000001,"[8, 32, 51, 63, 81, 100, 111, 133, 152, 162, 175, 192, 204]","[878.0000000000001, 638.0000000000001, 787.0, 792.0000000000001, 940.0000000000001, 788.0000000000001, 637.0000000000001, 675.0000000000001, 771.0, 196.00000000000006, 834.0000000000001, 572.0000000000001, 87.00000000000003]","[0, 13, 39, 39, 76, 99, 107, 107, 107, 161, 164, 187, 203]","[76, 39, 61, 76, 205, 164, 119, 142, 164, 164, 205, 205, 205]",37754613.00000001,941.0000000000001,-941.0000000000001,0.0,,,,DWT,mdp.39015067403892,7.450580596923828e-09,,0.0,33.0,19.0,0.0,28.5,,1.1368683772161603e-13,256.3413461538462,4359.0,256.3413461538462,,0.0,256.3413461538462,,,84.00000000000003,0.0,24.0,1.1368683772161603e-13,1.1368683772161603e-13,,1.1368683772161603e-13,4.498726483725535e-14,2.5296325582471484e-27,0.9770985551682648,0.789990620078916,0.00025858394784722166,0.9549237170596396,0.00043539500072065784,0.9999999997233453,0.4742280246116333,6.6959667625959335e-09,6.6959667625959335e-09,6.082000342865356e-09,,5.718550876340534e-12,0.9999999933040264,1.3612963731558036e-13,,,,,,7.374542113937972e-14,1.0,0.5,1.4238426238064856e-13,1.4238426238064856e-13,0.7922684098807045,0.25901821375023415,368,1.7635273798278366,0.8470281727249317,46,0,0.2478523364496505,0.2961384272003556,354,0.0,0.4653383588723473,0.8452157905341153,48,181.3798959826217,0.8098743228693693,204.0,83.13465220165924,0.7980189224409739,138,haar,0.1912119064493267,0.14866062235386424,0.821553478779312,1,103.75,4.498726483725534e-14,0.0001547883299646835,2.5296325582471484e-27,0.9770985551682648,0.7899906200789161,0.0012917961582255319,0.9661216147164027,0.0028000655535788776,0.9999999997233452,0.9919828214562021,0.9855281704452468,0.9855281704452468,0.9855281704451347,,1.2251610931599486e-12,0.9999999999667601,7.585973278963461e-14,,,,,1.0,,7.374542113937972e-14,1.0,0.5,1.4238426238064856e-13,1.4238426238064856e-13,0.0,2.2345701998216736,0.6375734627748973,373,1.7695154497158634,0.818020721113613,98,194.45436482630058,0.8980847144516244,235.5,155.21868365180467,0.8873285207478248,59,0.12852368039351705,0.2769787579518756,0.8269397963389753,1,44.5,,,,,,,,,,,,,3.02061502778709e-19,0.036413600438416426,2.5296325582471484e-27,0.9833882039208401,0.24421439621150992,0.0015635043858477206,0.7308889189554866,0.9999999999999998,0.0028000655535788776,0.9999999999999541,0.0008499884728391225,0.0007982210227401261,0.0007982210227401261,0.0007982210227337874,,0.0,9.572760819061336e-19,0.020163910573049823,7.054128794466933e-19,,,,,0.4782608695652174,,2.3332883504384434e-21,1.0,0.8604651162790697,4.770970844811595e-19,4.770970844811595e-19,0.9302325581395349,0.5744527218307418,0.17892707859001003,482,1.8173215465863155,0.8821447881613349,748,188.09040379562165,0.9121072879459712,615.0,586.2373983739838,0.8123620551879389,49,327.0,268.5,438.5491630604859,20,0.1542089129922188,0.6127574170194295,0.7082265357996179,2,37.25
db1,1.0,smooth,4.700676616180949e-27,322.75018871998736,5965734.982907752,0.6844660194174758,333.90154964121535,206,raw,5.012603061860997e-14,-2.178849323186711e-10,6.328576966320094,63117.308605900675,0.7358086728396478,5.618943883690064e-06,0.9999999999999998,327.0000000000001,,,,[],[],13,661.1538461538462,87.00000000000003,940.0000000000001,"[8, 32, 51, 63, 81, 100, 111, 133, 152, 162, 175, 192, 204]","[878.0000000000001, 638.0000000000001, 787.0, 792.0000000000001, 940.0000000000001, 788.0000000000001, 637.0000000000001, 675.0000000000001, 771.0, 196.00000000000006, 834.0000000000001, 572.0000000000001, 87.00000000000003]","[0, 13, 39, 39, 76, 99, 107, 107, 107, 161, 164, 187, 203]","[76, 39, 61, 76, 205, 164, 119, 142, 164, 164, 205, 205, 205]",37754613.00000001,941.0000000000001,-941.0000000000001,0.0,,,,DWT,mdp.39015067403892,7.450580596923828e-09,,0.0,33.0,19.0,0.0,28.5,,1.1368683772161603e-13,256.3413461538462,4359.0,256.3413461538462,,0.0,256.3413461538462,,,84.00000000000003,0.0,24.0,1.1368683772161603e-13,1.1368683772161603e-13,,1.1368683772161603e-13,4.498726483725535e-14,2.5296325582471484e-27,0.9770985551682648,0.789990620078916,0.00025858394784722166,0.9549237170596396,0.00043539500072065784,0.9999999997233453,0.4742280246116333,6.6959667625959335e-09,6.6959667625959335e-09,6.082000342865356e-09,,5.718550876340534e-12,0.9999999933040264,1.3612963731558036e-13,,,,,,7.374542113937972e-14,1.0,0.5,1.4238426238064856e-13,1.4238426238064856e-13,0.7922684098807045,0.25901821375023415,374,1.7635273798278366,0.8470281727249317,74,0,0.2478523364496505,0.2961384272003556,373,0.0,0.4653383588723473,0.8452157905341153,54,178.87681981371054,0.8124980924384586,218.75,106.98964995795842,0.7916001992590616,154,db,0.540986235965534,0.9305070477545101,0.3421575204977732,3,116.25,4.498726483725534e-14,0.0001547883299646835,2.5296325582471484e-27,0.9770985551682648,0.7899906200789161,0.0012917961582255319,0.9661216147164027,0.0028000655535788776,0.9999999997233452,0.9919828214562021,0.9855281704452468,0.9855281704452468,0.9855281704451347,,1.2251610931599486e-12,0.9999999999667601,7.585973278963461e-14,,,,,1.0,,7.374542113937972e-14,1.0,0.5,1.4238426238064856e-13,1.4238426238064856e-13,0.0,2.2345701998216736,0.6375734627748973,354,1.7695154497158634,0.818020721113613,113,170.41273426595797,0.9106851497557872,233.5,171.31477516059957,0.8941528474145812,39,0.49117026184683504,0.8233619396015222,0.4091722348267588,4,30.25,,,,,,,,,,,,,3.02061502778709e-19,0.036413600438416426,2.5296325582471484e-27,0.9833882039208401,0.24421439621150992,0.0015635043858477206,0.7308889189554866,0.9999999999999998,0.0028000655535788776,0.9999999999999541,0.0008499884728391225,0.0007982210227401261,0.0007982210227401261,0.0007982210227337874,,0.0,9.572760819061336e-19,0.020163910573049823,7.054128794466933e-19,,,,,0.4782608695652174,,2.3332883504384434e-21,1.0,0.8604651162790697,4.770970844811595e-19,4.770970844811595e-19,0.9302325581395349,0.5744527218307418,0.17892707859001003,470,1.8173215465863155,0.8821447881613349,747,195.86857838867365,0.9084726269211806,608.5,576.9761709120789,0.8120634162643285,50,1009.0473684210526,935.5,610.6543869996938,760,0.4758535102197843,0.8532293215616218,0.41093374637766444,5,38.75
rbio1.1,1.0,antisymmetric,4.700676616180949e-27,322.75018871998736,5965734.982907752,0.6844660194174758,333.90154964121535,206,raw,5.012603061860997e-14,-2.178849323186711e-10,6.328576966320094,63117.308605900675,0.7358086728396478,5.618943883690064e-06,0.9999999999999998,327.0000000000001,,,,[],[],13,661.1538461538462,87.00000000000003,940.0000000000001,"[8, 32, 51, 63, 81, 100, 111, 133, 152, 162, 175, 192, 204]","[878.0000000000001, 638.0000000000001, 787.0, 792.0000000000001, 940.0000000000001, 788.0000000000001, 637.0000000000001, 675.0000000000001, 771.0, 196.00000000000006, 834.0000000000001, 572.0000000000001, 87.00000000000003]","[0, 13, 39, 39, 76, 99, 107, 107, 107, 161, 164, 187, 203]","[76, 39, 61, 76, 205, 164, 119, 142, 164, 164, 205, 205, 205]",37754613.00000001,941.0000000000001,-941.0000000000001,0.0,,,,DWT,mdp.39015067403892,7.450580596923828e-09,,0.0,33.0,19.0,0.0,28.5,,1.1368683772161603e-13,256.3413461538462,4359.0,256.3413461538462,,0.0,256.3413461538462,,,84.00000000000003,0.0,24.0,1.1368683772161603e-13,1.1368683772161603e-13,,1.1368683772161603e-13,4.498726483725535e-14,2.5296325582471484e-27,0.9770985551682648,0.789990620078916,0.00025858394784722166,0.9549237170596396,0.00043539500072065784,0.9999999997233453,0.4742280246116333,6.6959667625959335e-09,6.6959667625959335e-09,6.082000342865356e-09,,5.718550876340534e-12,0.9999999933040264,1.3612963731558036e-13,,,,,,7.374542113937972e-14,1.0,0.5,1.4238426238064856e-13,1.4238426238064856e-13,0.7922684098807045,0.25901821375023415,358,1.7635273798278366,0.8470281727249317,68,0,0.2478523364496505,0.2961384272003556,349,0.0,0.4653383588723473,0.8452157905341153,40,173.33277243498992,0.8183094628564047,203.75,88.17465856674572,0.8023675196881604,118,rbio,0.5136782423812899,1.0,0.3404252303330971,4,89.5,4.498726483725534e-14,0.0001547883299646835,2.5296325582471484e-27,0.9770985551682648,0.7899906200789161,0.0012917961582255319,0.9661216147164027,0.0028000655535788776,0.9999999997233452,0.9919828214562021,0.9855281704452468,0.9855281704452468,0.9855281704451347,,1.2251610931599486e-12,0.9999999999667601,7.585973278963461e-14,,,,,1.0,,7.374542113937972e-14,1.0,0.5,1.4238426238064856e-13,1.4238426238064856e-13,0.0,2.2345701998216736,0.6375734627748973,377,1.7695154497158634,0.818020721113613,103,193.74725804511402,0.8984553154899821,240.0,161.79583333333335,0.8863345759839848,63,0.3888041033402703,1.0,0.4278371276618108,3,48.0,,,,,,,,,,,,,3.02061502778709e-19,0.036413600438416426,2.5296325582471484e-27,0.9833882039208401,0.24421439621150992,0.0015635043858477206,0.7308889189554866,0.9999999999999998,0.0028000655535788776,0.9999999999999541,0.0008499884728391225,0.0007982210227401261,0.0007982210227401261,0.0007982210227337874,,0.0,9.572760819061336e-19,0.020163910573049823,7.054128794466933e-19,,,,,0.4782608695652174,,2.3332883504384434e-21,1.0,0.8604651162790697,4.770970844811595e-19,4.770970844811595e-19,0.9302325581395349,0.5744527218307418,0.17892707859001003,478,1.8173215465863155,0.8821447881613349,749,191.6259377015544,0.910455169298339,613.5,583.5729421352894,0.8118864631538425,51,818.67,599.5,715.6978453131971,300,0.38607403914171184,1.0,0.42974817260080167,3,39.0
bior1.1,1.0,smooth,4.700676616180949e-27,322.75018871998736,5965734.982907752,0.6844660194174758,333.90154964121535,206,raw,5.012603061860997e-14,-2.178849323186711e-10,6.328576966320094,63117.308605900675,0.7358086728396478,5.618943883690064e-06,0.9999999999999998,327.0000000000001,,,,[],[],13,661.1538461538462,87.00000000000003,940.0000000000001,"[8, 32, 51, 63, 81, 100, 111, 133, 152, 162, 175, 192, 204]","[878.0000000000001, 638.0000000000001, 787.0, 792.0000000000001, 940.0000000000001, 788.0000000000001, 637.0000000000001, 675.0000000000001, 771.0, 196.00000000000006, 834.0000000000001, 572.0000000000001, 87.00000000000003]","[0, 13, 39, 39, 76, 99, 107, 107, 107, 161, 164, 187, 203]","[76, 39, 61, 76, 205, 164, 119, 142, 164, 164, 205, 205, 205]",37754613.00000001,941.0000000000001,-941.0000000000001,0.0,,,,DWT,mdp.39015067403892,7.450580596923828e-09,,0.0,33.0,19.0,0.0,28.5,,1.1368683772161603e-13,256.3413461538462,4359.0,256.3413461538462,,0.0,256.3413461538462,,,84.00000000000003,0.0,24.0,1.1368683772161603e-13,1.1368683772161603e-13,,1.1368683772161603e-13,4.498726483725535e-14,2.5296325582471484e-27,0.9770985551682648,0.789990620078916,0.00025858394784722166,0.9549237170596396,0.00043539500072065784,0.9999999997233453,0.4742280246116333,6.6959667625959335e-09,6.6959667625959335e-09,6.082000342865356e-09,,5.718550876340534e-12,0.9999999933040264,1.3612963731558036e-13,,,,,,7.374542113937972e-14,1.0,0.5,1.4238426238064856e-13,1.4238426238064856e-13,0.7922684098807045,0.25901821375023415,363,1.7635273798278366,0.8470281727249317,51,0,0.2478523364496505,0.2961384272003556,356,0.0,0.4653383588723473,0.8452157905341153,55,176.98846478419622,0.8144775002262095,206.25,92.26481538645685,0.7991412658363752,130,bior,0.672619891330026,0.76736776154697,0.2989557476048908,5,98.75,4.498726483725534e-14,0.0001547883299646835,2.5296325582471484e-27,0.9770985551682648,0.7899906200789161,0.0012917961582255319,0.9661216147164027,0.0028000655535788776,0.9999999997233452,0.9919828214562021,0.9855281704452468,0.9855281704452468,0.9855281704451347,,1.2251610931599486e-12,0.9999999999667601,7.585973278963461e-14,,,,,1.0,,7.374542113937972e-14,1.0,0.5,1.4238426238064856e-13,1.4238426238064856e-13,0.0,2.2345701998216736,0.6375734627748973,376,1.7695154497158634,0.818020721113613,102,193.74725804511402,0.8984553154899821,239.0,160.46861924686192,0.8865966304913223,62,0.5943810304597339,0.7715092316736338,0.3524805091760961,5,47.75,,,,,,,,,,,,,3.02061502778709e-19,0.036413600438416426,2.5296325582471484e-27,0.9833882039208401,0.24421439621150992,0.0015635043858477206,0.7308889189554866,0.9999999999999998,0.0028000655535788776,0.9999999999999541,0.0008499884728391225,0.0007982210227401261,0.0007982210227401261,0.0007982210227337874,,0.0,9.572760819061336e-19,0.020163910573049823,7.054128794466933e-19,,,,,0.4782608695652174,,2.3332883504384434e-21,1.0,0.8604651162790697,4.770970844811595e-19,4.770970844811595e-19,0.9302325581395349,0.5744527218307418,0.17892707859001003,479,1.8173215465863155,0.8821447881613349,751,192.33304448274092,0.9101247455688126,615.0,584.9252032520325,0.8113707839993596,52,1104.4,1082.5,563.6960149978129,300,0.520820561188399,0.7876173146100969,0.3991404127850916,6,40.5
haar,1.0,symmetric,4.700676616180949e-27,322.75018871998736,5965734.982907752,0.6844660194174758,333.90154964121535,206,raw,5.012603061860997e-14,-2.178849323186711e-10,6.328576966320094,63117.308605900675,0.7358086728396478,5.618943883690064e-06,0.9999999999999998,327.0000000000001,,,,[],[],13,661.1538461538462,87.00000000000003,940.0000000000001,"[8, 32, 51, 63, 81, 100, 111, 133, 152, 162, 175, 192, 204]","[878.0000000000001, 638.0000000000001, 787.0, 792.0000000000001, 940.0000000000001, 788.0000000000001, 637.0000000000001, 675.0000000000001, 771.0, 196.00000000000006, 834.0000000000001, 572.0000000000001, 87.00000000000003]","[0, 13, 39, 39, 76, 99, 107, 107, 107, 161, 164, 187, 203]","[76, 39, 61, 76, 205, 164, 119, 142, 164, 164, 205, 205, 205]",37754613.00000001,941.0000000000001,-941.0000000000001,0.0,,,,DWT,mdp.39015067403892,7.450580596923828e-09,,0.0,33.0,19.0,0.0,28.5,,1.1368683772161603e-13,256.3413461538462,4359.0,256.3413461538462,,0.0,256.3413461538462,,,84.00000000000003,0.0,24.0,1.1368683772161603e-13,1.1368683772161603e-13,,1.1368683772161603e-13,4.498726483725535e-14,2.5296325582471484e-27,0.9770985551682648,0.789990620078916,0.00025858394784722166,0.9549237170596396,0.00043539500072065784,0.9999999997233453,0.4742280246116333,6.6959667625959335e-09,6.6959667625959335e-09,6.082000342865356e-09,,5.718550876340534e-12,0.9999999933040264,1.3612963731558036e-13,,,,,,7.374542113937972e-14,1.0,0.5,1.4238426238064856e-13,1.4238426238064856e-13,0.7922684098807045,0.25901821375023415,369,1.7635273798278366,0.8470281727249317,45,0,0.2478523364496505,0.2961384272003556,352,0.0,0.4653383588723473,0.8452157905341153,37,184.62281368599423,0.8064750380649955,200.75,72.99245372715404,0.798022634336481,137,haar,0.1912119064493267,0.14866062235386424,0.821553478779312,1,103.0,4.498726483725534e-14,0.0001547883299646835,2.5296325582471484e-27,0.9770985551682648,0.7899906200789161,0.0012917961582255319,0.9661216147164027,0.0028000655535788776,0.9999999997233452,0.9919828214562021,0.9855281704452468,0.9855281704452468,0.9855281704451347,,1.2251610931599486e-12,0.9999999999667601,7.585973278963461e-14,,,,,1.0,,7.374542113937972e-14,1.0,0.5,1.4238426238064856e-13,1.4238426238064856e-13,0.0,2.2345701998216736,0.6375734627748973,375,1.7695154497158634,0.818020721113613,101,193.74725804511402,0.8984553154899821,238.0,159.1386554621849,0.8868586849986598,61,0.12852368039351705,0.2769787579518756,0.8269397963389753,1,46.0,,,,,,,,,,,,,3.02061502778709e-19,0.036413600438416426,2.5296325582471484e-27,0.9833882039208401,0.24421439621150992,0.0015635043858477206,0.7308889189554866,0.9999999999999998,0.0028000655535788776,0.9999999999999541,0.0008499884728391225,0.0007982210227401261,0.0007982210227401261,0.0007982210227337874,,0.0,9.572760819061336e-19,0.020163910573049823,7.054128794466933e-19,,,,,0.4782608695652174,,2.3332883504384434e-21,1.0,0.8604651162790697,4.770970844811595e-19,4.770970844811595e-19,0.9302325581395349,0.5744527218307418,0.17892707859001003,480,1.8173215465863155,0.8821447881613349,752,192.33304448274092,0.9101247455688126,616.0,585.9740259740261,0.8111371391395465,53,327.0,268.5,438.5491630604859,20,0.1542089129922188,0.6127574170194295,0.7082265357996179,2,40.25
db1,1.0,antireflect,4.700676616180949e-27,322.75018871998736,5965734.982907752,0.6844660194174758,333.90154964121535,206,raw,5.012603061860997e-14,-2.178849323186711e-10,6.328576966320094,63117.308605900675,0.7358086728396478,5.618943883690064e-06,0.9999999999999998,327.0000000000001,,,,[],[],13,661.1538461538462,87.00000000000003,940.0000000000001,"[8, 32, 51, 63, 81, 100, 111, 133, 152, 162, 175, 192, 204]","[878.0000000000001, 638.0000000000001, 787.0, 792.0000000000001, 940.0000000000001, 788.0000000000001, 637.0000000000001, 675.0000000000001, 771.0, 196.00000000000006, 834.0000000000001, 572.0000000000001, 87.00000000000003]","[0, 13, 39, 39, 76, 99, 107, 107, 107, 161, 164, 187, 203]","[76, 39, 61, 76, 205, 164, 119, 142, 164, 164, 205, 205, 205]",37754613.00000001,941.0000000000001,-941.0000000000001,0.0,,,,DWT,mdp.39015067403892,7.450580596923828e-09,,0.0,33.0,19.0,0.0,28.5,,1.1368683772161603e-13,256.3413461538462,4359.0,256.3413461538462,,0.0,256.3413461538462,,,84.00000000000003,0.0,24.0,1.1368683772161603e-13,1.1368683772161603e-13,,1.1368683772161603e-13,4.498726483725535e-14,2.5296325582471484e-27,0.9770985551682648,0.789990620078916,0.00025858394784722166,0.9549237170596396,0.00043539500072065784,0.9999999997233453,0.4742280246116333,6.6959667625959335e-09,6.6959667625959335e-09,6.082000342865356e-09,,5.718550876340534e-12,0.9999999933040264,1.3612963731558036e-13,,,,,,7.374542113937972e-14,1.0,0.5,1.4238426238064856e-13,1.4238426238064856e-13,0.7922684098807045,0.25901821375023415,353,1.7635273798278366,0.8470281727249317,62,0,0.2478523364496505,0.2961384272003556,361,0.0,0.4653383588723473,0.8452157905341153,51,173.58259321333654,0.8180475962124355,206.75,96.75900935771229,0.8006642593221507,122,db,0.540986235965534,0.9305070477545101,0.3421575204977732,3,92.25,4.498726483725534e-14,0.0001547883299646835,2.5296325582471484e-27,0.9770985551682648,0.7899906200789161,0.0012917961582255319,0.9661216147164027,0.0028000655535788776,0.9999999997233452,0.9919828214562021,0.9855281704452468,0.9855281704452468,0.9855281704451347,,1.2251610931599486e-12,0.9999999999667601,7.585973278963461e-14,,,,,1.0,,7.374542113937972e-14,1.0,0.5,1.4238426238064856e-13,1.4238426238064856e-13,0.0,2.2345701998216736,0.6375734627748973,374,1.7695154497158634,0.818020721113613,99,194.45436482630058,0.8980847144516244,236.5,156.5581395348837,0.8870664662404872,60,0.49117026184683504,0.8233619396015222,0.4091722348267588,4,46.0,,,,,,,,,,,,,3.02061502778709e-19,0.036413600438416426,2.5296325582471484e-27,0.9833882039208401,0.24421439621150992,0.0015635043858477206,0.7308889189554866,0.9999999999999998,0.0028000655535788776,0.9999999999999541,0.0008499884728391225,0.0007982210227401261,0.0007982210227401261,0.0007982210227337874,,0.0,9.572760819061336e-19,0.020163910573049823,7.054128794466933e-19,,,,,0.4782608695652174,,2.3332883504384434e-21,1.0,0.8604651162790697,4.770970844811595e-19,4.770970844811595e-19,0.9302325581395349,0.5744527218307418,0.17892707859001003,481,1.8173215465863155,0.8821447881613349,753,192.33304448274092,0.9101247455688126,617.0,587.0226904376013,0.8109034942797334,54,1009.0473684210526,935.5,610.6543869996938,760,0.4758535102197843,0.8532293215616218,0.41093374637766444,5,41.75
bior1.1,1.0,periodic,4.700676616180949e-27,322.75018871998736,5965734.982907752,0.6844660194174758,333.90154964121535,206,raw,5.012603061860997e-14,-2.178849323186711e-10,6.328576966320094,63117.308605900675,0.7358086728396478,5.618943883690064e-06,0.9999999999999998,327.0000000000001,,,,[],[],13,661.1538461538462,87.00000000000003,940.0000000000001,"[8, 32, 51, 63, 81, 100, 111, 133, 152, 162, 175, 192, 204]","[878.0000000000001, 638.0000000000001, 787.0, 792.0000000000001, 940.0000000000001, 788.0000000000001, 637.0000000000001, 675.0000000000001, 771.0, 196.00000000000006, 834.0000000000001, 572.0000000000001, 87.00000000000003]","[0, 13, 39, 39, 76, 99, 107, 107, 107, 161, 164, 187, 203]","[76, 39, 61, 76, 205, 164, 119, 142, 164, 164, 205, 205, 205]",37754613.00000001,941.0000000000001,-941.0000000000001,0.0,,,,DWT,mdp.39015067403892,7.450580596923828e-09,,0.0,33.0,19.0,0.0,28.5,,1.1368683772161603e-13,256.3413461538462,4359.0,256.3413461538462,,0.0,256.3413461538462,,,84.00000000000003,0.0,24.0,1.1368683772161603e-13,1.1368683772161603e-13,,1.1368683772161603e-13,4.498726483725535e-14,2.5296325582471484e-27,0.9770985551682648,0.789990620078916,0.00025858394784722166,0.9549237170596396,0.00043539500072065784,0.9999999997233453,0.4742280246116333,6.6959667625959335e-09,6.6959667625959335e-09,6.082000342865356e-09,,5.718550876340534e-12,0.9999999933040264,1.3612963731558036e-13,,,,,,7.374542113937972e-14,1.0,0.5,1.4238426238064856e-13,1.4238426238064856e-13,0.7922684098807045,0.25901821375023415,364,1.7635273798278366,0.8470281727249317,50,0,0.2478523364496505,0.2961384272003556,357,0.0,0.4653383588723473,0.8452157905341153,49,179.57913761533288,0.8117619102564645,205.0,87.0387611437451,0.7984386071198465,133,bior,0.672619891330026,0.76736776154697,0.2989557476048908,5,101.0,4.498726483725534e-14,0.0001547883299646835,2.5296325582471484e-27,0.9770985551682648,0.7899906200789161,0.0012917961582255319,0.9661216147164027,0.0028000655535788776,0.9999999997233452,0.9919828214562021,0.9855281704452468,0.9855281704452468,0.9855281704451347,,1.2251610931599486e-12,0.9999999999667601,7.585973278963461e-14,,,,,1.0,,7.374542113937972e-14,1.0,0.5,1.4238426238064856e-13,1.4238426238064856e-13,0.0,2.2345701998216736,0.6375734627748973,380,1.7695154497158634,0.818020721113613,97,200.11121907579295,0.8951199061447626,238.5,154.54926624737945,0.8850599530723813,68,0.5943810304597339,0.7715092316736338,0.3524805091760961,5,52.25,,,,,,,,,,,,,3.02061502778709e-19,0.036413600438416426,2.5296325582471484e-27,0.9833882039208401,0.24421439621150992,0.0015635043858477206,0.7308889189554866,0.9999999999999998,0.0028000655535788776,0.9999999999999541,0.0008499884728391225,0.0007982210227401261,0.0007982210227401261,0.0007982210227337874,,0.0,9.572760819061336e-19,0.020163910573049823,7.054128794466933e-19,,,,,0.4782608695652174,,2.3332883504384434e-21,1.0,0.8604651162790697,4.770970844811595e-19,4.770970844811595e-19,0.9302325581395349,0.5744527218307418,0.17892707859001003,457,1.8173215465863155,0.8821447881613349,750,207.18228688765842,0.9031858472487577,603.5,567.9370339685171,0.8105882507271827,55,1104.4,1082.5,563.6960149978129,300,0.520820561188399,0.7876173146100969,0.3991404127850916,6,42.75
haar,1.0,smooth,4.700676616180949e-27,322.75018871998736,5965734.982907752,0.6844660194174758,333.90154964121535,206,raw,5.012603061860997e-14,-2.178849323186711e-10,6.328576966320094,63117.308605900675,0.7358086728396478,5.618943883690064e-06,0.9999999999999998,327.0000000000001,,,,[],[],13,661.1538461538462,87.00000000000003,940.0000000000001,"[8, 32, 51, 63, 81, 100, 111, 133, 152, 162, 175, 192, 204]","[878.0000000000001, 638.0000000000001, 787.0, 792.0000000000001, 940.0000000000001, 788.0000000000001, 637.0000000000001, 675.0000000000001, 771.0, 196.00000000000006, 834.0000000000001, 572.0000000000001, 87.00000000000003]","[0, 13, 39, 39, 76, 99, 107, 107, 107, 161, 164, 187, 203]","[76, 39, 61, 76, 205, 164, 119, 142, 164, 164, 205, 205, 205]",37754613.00000001,941.0000000000001,-941.0000000000001,0.0,,,,DWT,mdp.39015067403892,7.450580596923828e-09,,0.0,33.0,19.0,0.0,28.5,,1.1368683772161603e-13,256.3413461538462,4359.0,256.3413461538462,,0.0,256.3413461538462,,,84.00000000000003,0.0,24.0,1.1368683772161603e-13,1.1368683772161603e-13,,1.1368683772161603e-13,4.498726483725535e-14,2.5296325582471484e-27,0.9770985551682648,0.789990620078916,0.00025858394784722166,0.9549237170596396,0.00043539500072065784,0.9999999997233453,0.4742280246116333,6.6959667625959335e-09,6.6959667625959335e-09,6.082000342865356e-09,,5.718550876340534e-12,0.9999999933040264,1.3612963731558036e-13,,,,,,7.374542113937972e-14,1.0,0.5,1.4238426238064856e-13,1.4238426238064856e-13,0.7922684098807045,0.25901821375023415,350,1.7635273798278366,0.8470281727249317,55,0,0.2478523364496505,0.2961384272003556,347,0.0,0.4653383588723473,0.8452157905341153,43,172.99012495900837,0.8186686321184399,198.75,84.78776252250377,0.8051676493925533,112,haar,0.1912119064493267,0.14866062235386424,0.821553478779312,1,84.25,4.498726483725534e-14,0.0001547883299646835,2.5296325582471484e-27,0.9770985551682648,0.7899906200789161,0.0012917961582255319,0.9661216147164027,0.0028000655535788776,0.9999999997233452,0.9919828214562021,0.9855281704452468,0.9855281704452468,0.9855281704451347,,1.2251610931599486e-12,0.9999999999667601,7.585973278963461e-14,,,,,1.0,,7.374542113937972e-14,1.0,0.5,1.4238426238064856e-13,1.4238426238064856e-13,0.0,2.2345701998216736,0.6375734627748973,349,1.7695154497158634,0.818020721113613,89,183.84776310850236,0.9036437300269904,219.0,141.83105022831052,0.8944319279065769,37,0.12852368039351705,0.2769787579518756,0.8269397963389753,1,28.0,,,,,,,,,,,,,3.02061502778709e-19,0.036413600438416426,2.5296325582471484e-27,0.9833882039208401,0.24421439621150992,0.0015635043858477206,0.7308889189554866,0.9999999999999998,0.0028000655535788776,0.9999999999999541,0.0008499884728391225,0.0007982210227401261,0.0007982210227401261,0.0007982210227337874,,0.0,9.572760819061336e-19,0.020163910573049823,7.054128794466933e-19,,,,,0.4782608695652174,,2.3332883504384434e-21,1.0,0.8604651162790697,4.770970844811595e-19,4.770970844811595e-19,0.9302325581395349,0.5744527218307418,0.17892707859001003,445,1.8173215465863155,0.8821447881613349,754,218.4959953866432,0.897899067576335,599.5,559.6830692243536,0.8088794403302235,56,327.0,268.5,438.5491630604859,20,0.1542089129922188,0.6127574170194295,0.7082265357996179,2,42.5
rbio1.3,1.0,periodization,4.847109891158513e-27,322.6169638092116,5932409.001053989,0.6844660194174758,326.4320094804817,206,raw,5.267055426460123e-14,-2.1827073481972842e-10,6.315556229913256,61718.52037774533,0.7524850368134322,5.618943883690066e-06,0.9999999999999998,327.0000000000001,,,,[],[],13,661.1538461538463,87.00000000000003,940.0000000000001,"[8, 32, 51, 63, 81, 100, 111, 133, 152, 162, 175, 192, 204]","[878.0000000000001, 638.0000000000001, 787.0000000000001, 792.0000000000001, 940.0000000000001, 788.0000000000001, 637.0000000000001, 675.0000000000001, 771.0, 196.0, 834.0000000000001, 572.0000000000001, 87.00000000000003]","[0, 13, 39, 39, 76, 99, 107, 107, 107, 161, 164, 187, 203]","[76, 39, 61, 76, 205, 164, 119, 142, 164, 164, 205, 205, 205]",37754613.0,941.0000000000001,-941.0000000000001,0.0,,,,DWT,mdp.39015067403892,0.0,,0.0,33.0,19.0,0.0,28.5,,1.1368683772161603e-13,256.3413461538463,4358.999999999998,256.3413461538462,,0.0,256.3413461538463,,,84.00000000000003,0.0,24.0,1.1368683772161603e-13,1.1368683772161603e-13,,1.1368683772161603e-13,4.820231460855425e-14,2.6332584398580267e-27,0.9766069250868593,0.7854926088310772,0.00022107946951454194,0.9549237170596396,0.00032214491362715034,0.9999999997233395,0.4742280246116333,6.696054799077647e-09,6.696054799077647e-09,6.082000342865356e-09,,5.718550876340534e-12,0.9999999933039181,1.3612963731558036e-13,,,,,,0.0,1.0,0.5,1.4238426238064856e-13,1.4238426238064856e-13,0.7922684098806663,0.25901821375022166,393,1.7609193438810682,0.845775524227573,77,0,0.24785233644965005,0.29613842720035505,380,0.0,0.4646958093855132,0.8440486978968613,70,180.811135350306,0.8104705080185471,230.0,123.27098771222212,0.7846901806340115,166,rbio,0.5136782423812899,1.0,0.3404252303330971,4,125.5,4.820231460855424e-14,0.0001547883299646835,2.633258439858026e-27,0.9766069250868593,0.7854926088310772,0.0012543304400005509,0.9661216147164027,0.0026870833822806263,0.9999999997233393,0.9919828214562021,0.9855281704452481,0.9855281704452481,0.9855281704451347,,1.2251610931599486e-12,0.9999999999667596,7.585973278963461e-14,,,,,1.0,,0.0,1.0,0.5,1.4238426238064856e-13,1.4238426238064856e-13,0.0,2.234570199821637,0.6375734627748869,385,1.7669075403154673,0.8168151233164005,125,183.84776310850236,0.9036437300269904,255.0,188.72549019607843,0.884997965642426,69,0.3888041033402703,1.0,0.4278371276618108,3,52.5,,,,,,,,,,,,,3.2364856233745453e-19,0.03641360043841643,2.633258439858026e-27,0.9830315950379206,0.24282389982696576,0.001554743324510952,0.7308889189554866,0.9999999999999998,0.0026870833822806263,0.9999999999999541,0.0008499884728391225,0.0007982210227401272,0.0007982210227401272,0.0007982210227337874,,0.0,9.572760819061336e-19,0.020163910573049813,7.054128794466933e-19,,,,,0.4782608695652174,,0.0,1.0,0.8604651162790697,4.770970844811595e-19,4.770970844811595e-19,0.9302325581395349,0.5744527218307418,0.17892707859001003,442,1.8163627596651042,0.881679384068651,759,224.15284963613556,0.8952556777401236,600.5,558.6644462947544,0.8073241005523049,57,818.67,599.5,715.6978453131971,300,0.38607403914171184,1.0,0.42974817260080167,3,43.5
rbio3.7,1.0,antisymmetric,2.9636814913216814e-27,324.75347718935274,6097591.45955124,0.6681818181818182,387.3677318443613,206,raw,2.9792780971494495e-14,-2.088492712104569e-10,6.680081214363286,91055.37763025022,0.6660454343613827,5.618943883690066e-06,1.0,327.0000000000001,,,,[],[],13,661.1538461538462,86.99999999999996,939.9999999999998,"[8, 32, 51, 63, 81, 100, 111, 133, 152, 162, 175, 192, 204]","[878.0, 637.9999999999999, 786.9999999999999, 792.0000000000001, 939.9999999999998, 788.0, 636.9999999999999, 675.0000000000001, 771.0, 195.9999999999999, 833.9999999999999, 572.0, 86.99999999999996]","[0, 13, 39, 39, 76, 99, 107, 107, 107, 161, 164, 187, 203]","[76, 39, 61, 76, 205, 164, 119, 142, 164, 164, 205, 205, 205]",37754613.0,940.9999999999998,-940.9999999999998,0.0,,,,DWT,mdp.39015067403892,0.0,,0.0,33.0,19.0,0.0,28.5,,2.2737367544323206e-13,256.3413461538462,4359.0,256.3413461538461,,0.0,256.3413461538462,,,83.99999999999996,0.0,24.0,2.2737367544323206e-13,2.2737367544323206e-13,,1.1368683772161603e-13,1.9295851149387965e-14,1.3004197908968656e-27,0.9844911431425257,0.9114177046892082,0.0004069729253422951,0.8327922077922081,0.0026973447988001887,0.9999999997234815,0.4742280246115508,6.6959667625959335e-09,6.6959667625959335e-09,6.081912306383589e-09,,5.718550876340534e-12,0.9999999933040264,2.7225927463116073e-13,,,,,,0.0,1.0,0.5,2.847685247612971e-13,2.847685247612971e-13,0.7922684098807414,0.25901821375024625,335,1.7808028456185925,0.8553256374476764,28,0,0.24785233644966526,0.2961384272003732,334,0.0,0.46647567163394815,0.8472815448106603,30,176.38286953858832,0.8151122960811443,181.75,53.31434940821773,0.8122993346233813,101,rbio,0.5136782423812899,1.0,0.3404252303330971,4,76.75,1.9295851149387952e-14,0.0001547883299646835,1.3004197908968656e-27,0.9844911431425257,0.9114177046892082,0.0014400317787615238,0.8743301435406701,0.005056664255738434,0.9999999997234813,0.9919828214562009,0.9855281704452468,0.9855281704452468,0.9855281704451335,,1.2251610931599486e-12,0.9999999999667601,1.5171946557926922e-13,,,,,1.0,,0.0,1.0,0.5,2.847685247612971e-13,2.847685247612971e-13,0.0,2.2345701998217304,0.6375734627749136,335,1.7989247136264517,0.8316161871918679,41,207.88939366884497,0.8910432947228276,188.0,73.05851063829788,0.8962553999819589,31,0.3888041033402703,1.0,0.4278371276618108,3,24.0,,,,,,,,,,,,,1.295596390814944e-19,0.03641360043841643,1.3004197908968656e-27,0.9887504928431311,0.2817518572877745,0.0015981681111234805,0.6614469686719722,1.0,0.005056664255738434,0.9999999999999541,0.0008499884728391216,0.0007982210227401261,0.0007982210227401261,0.0007982210227337863,,0.0,9.572760819061336e-19,0.020163910573049823,1.4108257588933865e-18,,,,,0.4782608695652174,,0.0,1.0,0.8604651162790697,9.54194168962319e-19,9.54194168962319e-19,0.9302325581395349,0.5744527218307418,0.17892707859001003,451,1.8124508417079188,0.8797805026934051,779,231.93102422918759,0.8916210167153329,615.0,571.2666666666667,0.8021189195726197,58,818.67,599.5,715.6978453131971,300,0.38607403914171184,1.0,0.42974817260080167,3,44.25
rbio3.7,1.0,periodic,2.9706050860626502e-27,324.74334326570056,6097798.203686045,0.6681818181818182,387.3677318443613,206,raw,2.9879011886028484e-14,-2.0886536944431397e-10,6.683584923311701,68003.13073156125,0.5523754272897424,5.618943883690066e-06,1.0,327.0000000000001,,,,[],[],13,661.1538461538462,86.99999999999994,939.9999999999998,"[8, 32, 51, 63, 81, 100, 111, 133, 152, 162, 175, 192, 204]","[878.0, 637.9999999999999, 786.9999999999999, 792.0000000000001, 939.9999999999998, 788.0, 636.9999999999999, 675.0000000000001, 771.0, 195.9999999999999, 833.9999999999999, 572.0, 86.99999999999994]","[0, 13, 39, 39, 76, 99, 107, 107, 107, 161, 164, 187, 203]","[76, 39, 61, 76, 205, 164, 119, 142, 164, 164, 205, 205, 205]",37754613.0,940.9999999999998,-940.9999999999998,0.0,,,,DWT,mdp.39015067403892,0.0,,0.0,33.0,19.0,0.0,28.5,,2.2737367544323206e-13,256.3413461538462,4359.0,256.3413461538461,,0.0,256.3413461538462,,,83.99999999999994,0.0,24.0,2.2737367544323206e-13,2.2737367544323206e-13,,1.1368683772161603e-13,1.9404805405909878e-14,1.3053193849888456e-27,0.9844537466700413,0.9126280603685419,0.00040720559158325385,0.8327922077922081,0.0008309658027312932,0.9999999997234812,0.47422802461153424,6.6959667625959335e-09,6.6959667625959335e-09,6.081912306383589e-09,,5.718550876340534e-12,0.9999999933040264,2.7225927463116073e-13,,,,,,0.0,1.0,0.5,2.847685247612971e-13,2.847685247612971e-13,0.7922684098807365,0.25901821375024464,339,1.7806391503094616,0.855247014036346,30,0,0.24785233644966387,0.2961384272003716,338,0.0,0.4663890232435758,0.8471241612931172,32,177.53755471261096,0.8139019342635105,184.75,56.74421627845434,0.8101218266705393,106,rbio,0.5136782423812899,1.0,0.3404252303330971,4,80.5,1.9404805405909878e-14,0.0001547883299646835,1.3053193849888449e-27,0.9844537466700413,0.912628060368542,0.0014402642045467035,0.8743301435406701,0.0031947005535188848,0.9999999997234811,0.9919828214562006,0.9855281704452468,0.9855281704452468,0.9855281704451335,,1.2251610931599486e-12,0.9999999999667601,1.5171946557926922e-13,,,,,1.0,,0.0,1.0,0.5,2.847685247612971e-13,2.847685247612971e-13,0.0,2.2345701998217304,0.6375734627749136,337,1.7987627843146325,0.8315413296751138,43,207.88939366884497,0.8910432947228276,190.0,76.26842105263158,0.8957312909672839,32,0.3888041033402703,1.0,0.4278371276618108,3,24.75,,,,,,,,,,,,,1.3029119914806442e-19,0.03641360043841643,1.3053193849888449e-27,0.9887233669312266,0.28212602158025707,0.0015982224620516537,0.6614469686719722,1.0,0.0031947005535188848,0.9999999999999541,0.0008499884728391214,0.0007982210227401261,0.0007982210227401261,0.0007982210227337863,,0.0,9.572760819061336e-19,0.020163910573049823,1.4108257588933865e-18,,,,,0.4782608695652174,,0.0,1.0,0.8604651162790697,9.54194168962319e-19,9.54194168962319e-19,0.9302325581395349,0.5744527218307418,0.17892707859001003,450,1.8118768900015934,0.8795019011947642,781,234.05234457274722,0.8906297455267537,615.5,570.9991876523152,0.8015064615484235,59,818.67,599.5,715.6978453131971,300,0.38607403914171184,1.0,0.42974817260080167,3,45.0
rbio3.7,1.0,symmetric,2.9740362480581747e-27,324.7383298938152,6098250.0741907,0.6681818181818182,387.3677318443613,206,raw,3.005147371509647e-14,-2.088501593888766e-10,6.683702067379297,68020.69938170249,0.5522658399640382,5.618943883690066e-06,1.0,327.0000000000001,,,,[],[],13,661.1538461538462,86.99999999999994,939.9999999999998,"[8, 32, 51, 63, 81, 100, 111, 133, 152, 162, 175, 192, 204]","[878.0, 637.9999999999999, 786.9999999999999, 792.0000000000001, 939.9999999999998, 788.0, 636.9999999999999, 675.0000000000001, 771.0, 195.9999999999999, 833.9999999999999, 572.0, 86.99999999999994]","[0, 13, 39, 39, 76, 99, 107, 107, 107, 161, 164, 187, 203]","[76, 39, 61, 76, 205, 164, 119, 142, 164, 164, 205, 205, 205]",37754613.0,940.9999999999998,-940.9999999999998,0.0,,,,DWT,mdp.39015067403892,0.0,,0.0,33.0,19.0,0.0,28.5,,2.2737367544323206e-13,256.3413461538462,4359.0,256.3413461538461,,0.0,256.3413461538462,,,83.99999999999994,0.0,24.0,2.2737367544323206e-13,2.2737367544323206e-13,,1.1368683772161603e-13,1.9622713918953705e-14,1.3077475024149592e-27,0.9844352461928124,0.912668527767405,0.0004077141187626003,0.8327922077922081,0.0008323882132996428,0.9999999997234814,0.47422802461153424,6.6959667625959335e-09,6.6959667625959335e-09,6.081912306383589e-09,,5.718550876340534e-12,0.9999999933040264,2.7225927463116073e-13,,,,,,0.0,1.0,0.5,2.847685247612971e-13,2.847685247612971e-13,0.7922684098807365,0.25901821375024464,338,1.7806491069503727,0.8552517962446937,29,0,0.24785233644966387,0.2961384272003716,335,0.0,0.46639201047599865,0.8471295871428578,31,176.96397938563655,0.8145031662624355,183.25,55.03238283581978,0.8112086061920143,104,rbio,0.5136782423812899,1.0,0.3404252303330971,4,79.0,1.9622713918953693e-14,0.0001547883299646835,1.3077475024149585e-27,0.9844352461928124,0.9126685277674051,0.0014407722061736596,0.8743301435406701,0.003196119599089746,0.9999999997234813,0.9919828214562006,0.9855281704452468,0.9855281704452468,0.9855281704451335,,1.2251610931599486e-12,0.9999999999667601,1.5171946557926922e-13,,,,,1.0,,0.0,1.0,0.5,2.847685247612971e-13,2.847685247612971e-13,0.0,2.2345701998217304,0.6375734627749136,338,1.798772739346769,0.8315459317386721,42,209.30360723121808,0.8903020926461122,190.0,74.71578947368421,0.8953606899289261,33,0.3888041033402703,1.0,0.4278371276618108,3,25.5,,,,,,,,,,,,,1.3175431928120454e-19,0.03641360043841643,1.3077475024149585e-27,0.9887099474217874,0.2821385315026896,0.0015983412542068236,0.6614469686719722,1.0,0.003196119599089746,0.9999999999999541,0.0008499884728391214,0.0007982210227401261,0.0007982210227401261,0.0007982210227337863,,0.0,9.572760819061336e-19,0.020163910573049823,1.4108257588933865e-18,,,,,0.4782608695652174,,0.0,1.0,0.8604651162790697,9.54194168962319e-19,9.54194168962319e-19,0.9302325581395349,0.5744527218307418,0.17892707859001003,449,1.8118757202714522,0.8795013333968699,782,235.46655813512032,0.8899688980677007,615.5,570.4597887896019,0.8011760378188971,60,818.67,599.5,715.6978453131971,300,0.38607403914171184,1.0,0.42974817260080167,3,45.75
rbio1.3,1.0,smooth,5.320231121685304e-27,322.21248747512044,5961117.414298325,0.680952380952381,326.4320094804817,206,raw,5.2876796792244336e-14,-2.1824375640023003e-10,6.337860465557046,68007.27185870183,0.7812834290458976,5.618943883690066e-06,0.9999999999999998,327.0000000000001,,,,[],[],13,661.1538461538462,87.00000000000003,940.0000000000002,"[8, 32, 51, 63, 81, 100, 111, 133, 152, 162, 175, 192, 204]","[878.0, 638.0000000000001, 787.0000000000001, 792.0000000000001, 940.0000000000002, 788.0, 637.0000000000001, 675.0000000000001, 771.0, 196.0, 834.0000000000001, 572.0000000000001, 87.00000000000003]","[0, 13, 39, 39, 76, 99, 107, 107, 107, 161, 164, 187, 203]","[76, 39, 61, 76, 205, 164, 119, 142, 164, 164, 205, 205, 205]",37754613.0,941.0000000000002,-941.0000000000002,0.0,,,,DWT,mdp.39015067403892,0.0,,0.0,33.0,19.0,0.0,28.5,,2.2737367544323206e-13,256.3413461538462,4359.0,256.3413461538462,,0.0,256.3413461538462,,,84.00000000000003,0.0,24.0,2.2737367544323206e-13,2.2737367544323206e-13,,1.1368683772161603e-13,4.846290562030441e-14,2.968070350809778e-27,0.9751143158451046,0.7931976033617651,0.00025338741672559304,0.9285714285714288,0.000831301080795475,0.9999999997233399,0.4742280246116333,6.6959667625959335e-09,6.6959667625959335e-09,6.082000342865356e-09,,5.718550876340534e-12,0.9999999933040264,2.7225927463116073e-13,,,,,,0.0,1.0,0.5,2.847685247612971e-13,2.847685247612971e-13,0.7922684098807927,0.259018213750263,316,1.7535551766465483,0.8422384897660466,80,0,0.24785233644967947,0.2961384272003902,319,0.0,0.46224600449990105,0.839599002887697,75,138.58451091902973,0.8547332170660066,197.5,124.48383348889763,0.8238550781346805,81,rbio,0.5136782423812899,1.0,0.3404252303330971,4,61.75,4.8462905620304406e-14,0.0001547883299646835,2.968070350809778e-27,0.9751143158451046,0.7931976033617651,0.0012866049976120368,0.9463157894736842,0.00319503503841556,0.9999999997233397,0.9919828214562021,0.9855281704452468,0.9855281704452468,0.9855281704451347,,1.2251610931599486e-12,0.9999999999667601,1.5171946557926922e-13,,,,,1.0,,0.0,1.0,0.5,2.847685247612971e-13,2.847685247612971e-13,0.0,2.2345701998217313,0.6375734627749138,321,1.7621614598799313,0.8146210807942152,151,120.20815280171308,0.936997823479186,236.0,205.385593220339,0.9066540480079368,20,0.3888041033402703,1.0,0.4278371276618108,3,15.75,,,,,,,,,,,,,3.253982689022931e-19,0.03641360043841643,2.968070350809778e-27,0.9819489157339694,0.24520578961059,0.0015622904740718742,0.7159054448460485,0.9999999999999998,0.00319503503841556,0.9999999999999541,0.0008499884728391225,0.0007982210227401261,0.0007982210227401261,0.0007982210227337874,,0.0,9.572760819061336e-19,0.020163910573049823,1.4108257588933865e-18,,,,,0.4782608695652174,,0.0,1.0,0.8604651162790697,9.54194168962319e-19,9.54194168962319e-19,0.9302325581395349,0.5744527218307418,0.17892707859001003,462,1.8111176615680047,0.8791333646487841,785,228.39549032325485,0.893273135362965,623.5,581.6680032076985,0.8009589975880246,61,818.67,599.5,715.6978453131971,300,0.38607403914171184,1.0,0.42974817260080167,3,46.5
rbio1.3,1.0,antireflect,5.3319951056699586e-27,322.20289504758887,5935570.818971561,0.680952380952381,320.79709321887566,206,raw,5.3014766255498725e-14,-2.1826673801683977e-10,6.33043494084036,65090.06697845806,0.7676616917023936,5.618943883690066e-06,0.9999999999999998,327.0000000000001,,,,[],[],13,661.1538461538462,87.00000000000006,940.0000000000002,"[8, 32, 51, 63, 81, 100, 111, 133, 152, 162, 175, 192, 204]","[878.0, 638.0000000000001, 787.0000000000001, 792.0000000000001, 940.0000000000002, 788.0, 637.0000000000001, 675.0000000000001, 771.0, 196.0, 834.0000000000001, 572.0000000000001, 87.00000000000006]","[0, 13, 39, 39, 76, 99, 107, 107, 107, 161, 164, 187, 203]","[76, 39, 61, 76, 205, 164, 119, 142, 164, 164, 205, 205, 205]",37754613.0,941.0000000000002,-941.0000000000002,0.0,,,,DWT,mdp.39015067403892,0.0,,0.0,33.0,19.0,0.0,28.5,,2.2737367544323206e-13,256.3413461538462,4359.0,256.3413461538462,,0.0,256.3413461538462,,,84.00000000000006,0.0,24.0,2.2737367544323206e-13,2.2737367544323206e-13,,1.1368683772161603e-13,4.8637232430739475e-14,2.976395324842168e-27,0.9750789176158938,0.7906324570710206,0.00022463772421508815,0.9285714285714288,0.000595115430882698,0.9999999997233395,0.47422802461166635,6.6959667625959335e-09,6.6959667625959335e-09,6.082000342865356e-09,,5.718550876340534e-12,0.9999999933040264,2.7225927463116073e-13,,,,,,0.0,1.0,0.5,2.847685247612971e-13,2.847685247612971e-13,0.7922684098808026,0.25901821375026624,312,1.752142515457429,0.8415599838129291,82,0,0.24785233644968224,0.2961384272003935,312,0.0,0.4618878195171036,0.8389484147777329,76,134.5449119563179,0.8589675975300651,195.5,125.93160621761658,0.8270204863960597,77,rbio,0.5136782423812899,1.0,0.3404252303330971,4,58.75,4.863723243073946e-14,0.0001547883299646835,2.9763953248421674e-27,0.9750789176158938,0.7906324570710207,0.0012578850173179806,0.9463157894736842,0.0029594081330287124,0.9999999997233394,0.9919828214562026,0.9855281704452468,0.9855281704452468,0.9855281704451347,,1.2251610931599486e-12,0.9999999999667601,1.5171946557926922e-13,,,,,1.0,,0.0,1.0,0.5,2.847685247612971e-13,2.847685247612971e-13,0.0,2.2345701998217313,0.6375734627749138,317,1.7607490370447307,0.8139681386871804,167,106.06601717798213,0.9444098442463406,242.0,218.75619834710744,0.908787731347489,19,0.3888041033402703,1.0,0.4278371276618108,3,15.0,,,,,,,,,,,,,3.2656876500880514e-19,0.03641360043841643,2.9763953248421674e-27,0.9819232392681598,0.24441281101481152,0.0015555745342509411,0.7159054448460485,0.9999999999999998,0.0029594081330287124,0.9999999999999541,0.0008499884728391229,0.0007982210227401261,0.0007982210227401261,0.0007982210227337874,,0.0,9.572760819061336e-19,0.020163910573049823,1.4108257588933865e-18,,,,,0.4782608695652174,,0.0,1.0,0.8604651162790697,9.54194168962319e-19,9.54194168962319e-19,0.9302325581395349,0.5744527218307418,0.17892707859001003,463,1.8106081576585646,0.8788860467104124,789,230.5168106668145,0.8922818641743857,626.0,583.5575079872204,0.7998792498442022,62,818.67,599.5,715.6978453131971,300,0.38607403914171184,1.0,0.42974817260080167,3,47.25
db24,1.0,periodic,8.580937890932046e-27,320.13644488307017,6600900.568879961,0.6507936507936508,343.32771964359483,206,raw,6.491463246118973e-14,-2.0451640381225213e-10,6.7140686965764775,62327.877055018515,0.7396011831957767,5.618943883690066e-06,1.0,326.9999999999999,,,,[],[],13,661.1538461538462,87.0,939.9999999999999,"[8, 32, 51, 63, 81, 100, 111, 133, 152, 162, 175, 192, 204]","[878.0, 638.0000000000002, 787.0, 792.0, 939.9999999999999, 788.0, 636.9999999999999, 674.9999999999999, 770.9999999999998, 196.0, 834.0000000000002, 571.9999999999999, 87.0]","[0, 13, 39, 39, 76, 99, 107, 107, 107, 161, 99, 187, 203]","[76, 39, 61, 76, 205, 164, 119, 142, 164, 164, 205, 205, 205]",37754613.0,941.0,-941.0,0.0,,,,DWT,mdp.39015067403892,0.0,,0.0,33.0,19.0,0.0,28.5,,0.0,256.3413461538462,4359.0,256.3413461538461,,0.0,256.3413461538462,,,84.0,0.0,19.5,1.1368683772161603e-13,0.0,,1.1368683772161603e-13,6.367291983076366e-14,5.275562371933515e-27,0.9674532486874095,0.9231586748236145,0.0009733882126184633,0.7023809523809526,0.0003714802564497056,0.9999999997235468,0.4742280246116003,6.6959667625959335e-09,6.6959667625959335e-09,6.081912306383589e-09,,5.718550876340534e-12,0.9999999933040264,1.3612963731558036e-13,,,,,,0.0,1.0,0.0,0.0,0.0,0.7422684098805743,0.24267159368305832,789,1.723638953674961,0.827869626561366,103,0,0.2061856697829439,0.2463543448305427,790,0.0,0.4492922180105819,0.8160704356006327,103,396.35117004999495,0.584537557599586,446.25,182.22632209738893,0.5583851310010508,682,db,0.540986235965534,0.9305070477545101,0.3421575204977732,3,512.25,6.367291983076365e-14,0.0001547883299646835,5.275562371933515e-27,0.9674532486874095,0.9231586748236146,0.0020058616874772343,0.7763157894736843,0.0027363020124546904,0.9999999997235467,0.9919828214562016,0.9855281704452468,0.9855281704452468,0.9855281704451335,,1.2251610931599486e-12,0.9999999999667601,7.585973278963461e-14,,,,,1.0,,0.0,1.0,0.25,0.0,0.0,0.0,2.2095701998215795,0.6304403968409185,789,1.7547214904508746,0.8111816933854207,207,411.5361466505707,0.7843101956758015,498.0,327.9578313253012,0.7616519531838126,191,0.49117026184683504,0.8233619396015222,0.4091722348267588,4,144.25,,,,,,,,,,,,,4.275240541954703e-19,0.03641360043841643,5.275562371933515e-27,0.976391882703633,0.28538141168935083,0.0017304829517644136,0.5872972920733712,1.0,0.0027363020124546904,0.9999999999999541,0.0008499884728391221,0.0007982210227401261,0.0007982210227401261,0.0007982210227337863,,0.0,9.572760819061336e-19,0.020163910573049823,7.054128794466933e-19,,,,,0.4782608695652174,,0.0,1.0,0.7906976744186046,0.0,0.0,0.9302325581395349,0.5674759776446953,0.17675400427451057,856,1.7763285947085743,0.8622464278968981,858,1.4142135623730951,0.9993391525409472,857.0,856.9988331388566,0.7994359314106605,63,1009.0473684210526,935.5,610.6543869996938,760,0.4758535102197843,0.8532293215616218,0.41093374637766444,5,48.5
db31,1.0,periodization,2.4594393359643143e-26,315.5634313204734,5915716.786266497,0.6650485436893204,336.7582400037473,206,raw,1.137228760965313e-13,-2.049574954199359e-10,6.382085952398599,63117.308605900645,0.7608274795054556,5.6189438836900665e-06,1.0,327.0000000000001,,,,[],[],13,661.1538461538462,86.99999999999993,939.9999999999999,"[8, 32, 51, 63, 81, 100, 111, 133, 152, 162, 175, 192, 204]","[877.9999999999999, 638.0000000000001, 786.9999999999999, 791.9999999999998, 939.9999999999999, 787.9999999999997, 636.9999999999999, 675.0000000000005, 770.9999999999997, 195.99999999999983, 833.9999999999995, 572.0000000000003, 86.99999999999993]","[0, 13, 39, 39, 76, 99, 107, 107, 107, 161, 99, 187, 203]","[76, 39, 61, 76, 205, 164, 119, 142, 164, 164, 205, 205, 205]",37754613.0,940.9999999999999,-940.9999999999999,0.0,,,,DWT,mdp.39015067403892,0.0,,0.0,33.0,19.0,0.0,28.5,,1.1368683772161603e-13,256.3413461538462,4359.0,256.3413461538461,,0.0,256.3413461538462,,,83.99999999999993,0.0,19.5,1.1368683772161603e-13,1.1368683772161603e-13,,1.1368683772161603e-13,1.2534298243148864e-13,1.6607743809765535e-26,0.9505777933618494,0.8084752905093205,0.0002022943423255216,0.8092926490984746,0.00043539500072065546,0.9999999997235401,0.47422802461151775,6.6959667625959335e-09,6.6959667625959335e-09,6.081912306383589e-09,,5.718550876340534e-12,0.9999999933040264,1.3612963731558036e-13,,,,,,0.0,1.0,0.0,1.4238426238064856e-13,1.4238426238064856e-13,0.7422684098806064,0.24267159368306881,787,1.6985766859720646,0.8158321345101794,120,0,0.2061856697829607,0.24635434483056282,787,0.0,0.44612292775454454,0.8103139057162707,116,386.25078209198057,0.5951249663606073,452.5,205.1774577191767,0.5604031540398424,675,db,0.540986235965534,0.9305070477545101,0.3421575204977732,3,507.0,1.2534298243148862e-13,0.0001547883299646835,1.6607743809765535e-26,0.9505777933618494,0.8084752905093207,0.0012355647268544757,0.8566683699540114,0.002800065553578875,0.99999999972354,0.9919828214562003,0.9855281704452468,0.9855281704452468,0.9855281704451335,,1.2251610931599486e-12,0.9999999999667601,7.585973278963461e-14,,,,,1.0,,0.0,1.0,0.25,1.4238426238064856e-13,1.4238426238064856e-13,0.0,2.209570199821636,0.6304403968409346,787,1.7190359142266765,0.7946847813064892,554,164.75588001646557,0.913649958062649,670.5,650.2580164056674,0.7811174318615133,161,0.49117026184683504,0.8233619396015222,0.4091722348267588,4,121.75,,,,,,,,,,,,,8.416001678027483e-19,0.03641360043841644,1.6607743809765535e-26,0.964151099439919,0.24992866991754337,0.0015503551111871422,0.6480855094033285,1.0,0.002800065553578875,0.9999999999999541,0.0008499884728391211,0.0007982210227401261,0.0007982210227401261,0.0007982210227337863,,0.0,9.572760819061336e-19,0.020163910573049823,7.054128794466933e-19,,,,,0.4782608695652174,,0.0,1.0,0.7906976744186046,4.770970844811595e-19,4.770970844811595e-19,0.9302325581395349,0.5674759776446953,0.17675400427451057,850,1.7755084822925862,0.8618483376993603,862,8.48528137423857,0.9960349152456829,856.0,855.9579439252337,0.7980174576228414,64,1009.0473684210526,935.5,610.6543869996938,760,0.4758535102197843,0.8532293215616218,0.41093374637766444,5,49.25
db31,1.0,symmetric,1.816679266899078e-26,316.87900987081514,7482786.179050267,0.6541353383458647,324.4275174915768,206,raw,9.786346490462837e-14,-2.0581636395178588e-10,6.748796185672224,59933.968274868894,0.7799672051407794,5.618943883690066e-06,1.0,327.0,,,,[],[],13,661.1538461538462,87.0,940.0,"[8, 32, 51, 63, 81, 100, 111, 133, 152, 162, 175, 192, 204]","[878.0, 638.0000000000005, 787.0, 791.9999999999999, 940.0, 787.9999999999998, 636.9999999999999, 675.0000000000002, 770.9999999999998, 195.9999999999999, 833.9999999999998, 572.0000000000002, 87.0]","[0, 13, 39, 39, 76, 99, 107, 107, 107, 161, 99, 187, 203]","[76, 39, 61, 76, 205, 164, 119, 142, 164, 164, 205, 205, 205]",37754613.0,941.0,-941.0,0.0,,,,DWT,mdp.39015067403892,0.0,,0.0,33.0,19.0,0.0,28.5,,0.0,256.3413461538462,4359.0,256.34134615384613,,0.0,256.3413461538462,,,84.0,0.0,19.5,0.0,0.0,,0.0,1.0530434124778713e-13,1.2059147950569027e-26,0.9554325760450109,0.9351552802137548,0.001965846886564479,0.7274436090225566,0.00017766222710913562,0.9999999997235272,0.4742280246116003,6.6959667625959335e-09,6.6959667625959335e-09,6.0819563246244724e-09,,0.0,0.9999999933040264,0.0,,,,,,0.0,1.0,0.0,0.0,0.0,0.7422684098776603,0.24267159368210564,931,1.7328686175664751,0.8323026653847596,94,0,0.20618566978245967,0.24635434482996416,932,0.0,0.4525218717648285,0.8219366065255099,98,482.3790867495536,0.49436154428767964,513.75,173.9928174114309,0.47791976585453166,927,db,0.540986235965534,0.9305070477545101,0.3421575204977732,3,696.0,1.0530434124778713e-13,0.0001547883299646835,1.2059147950569027e-26,0.9554325760450109,0.9351552802137549,0.0029972946757771896,0.7951523545706373,0.0025429424985360374,0.999999999723527,0.9919828214562016,0.9855281704452468,0.9855281704452468,0.9855281704451341,,0.0,0.9999999999667601,0.0,,,,,1.0,,0.0,1.0,0.25,0.0,0.0,0.0,2.209570199820929,0.6304403968407328,919,1.7614603882878739,0.8142969858057374,158,538.1082604829627,0.717972609809768,538.5,269.6415970287837,0.7178699527036261,280,0.49117026184683504,0.8233619396015222,0.4091722348267588,4,211.0,,,,,,,,,,,,,7.070531556318814e-19,0.03641360043841643,1.2059147950569027e-26,0.9676725654667941,0.2890899921047084,0.00196232170018056,0.6015475029069088,1.0,0.0025429424985360374,0.9999999999999541,0.0008499884728391221,0.0007982210227401261,0.0007982210227401261,0.0007982210227337869,,0.0,0.0,0.020163910573049823,0.0,,,,,0.4782608695652174,,0.0,1.0,0.7906976744186046,0.0,0.0,0.9302325581395349,0.5674759776446953,0.17675400427451057,771,1.7786899544762058,0.8633926538996123,855,59.39696961966999,0.9722444067197804,813.0,810.8302583025829,0.7961689323318528,65,1009.0473684210526,935.5,610.6543869996938,760,0.4758535102197843,0.8532293215616218,0.41093374637766444,5,50.0
bior1.5,1.0,reflect,8.190769584862856e-27,320.3385453791983,6191337.432083619,0.6635514018691588,316.4849080273995,206,raw,5.848611778268057e-14,-2.1825585783119834e-10,6.347383464680943,65743.82209099058,0.7544896800908941,5.618943883690064e-06,1.0,327.0,,,,[],[],13,661.1538461538462,86.99999999999989,940.0,"[8, 32, 51, 63, 81, 100, 111, 133, 152, 162, 175, 192, 204]","[878.0000000000002, 638.0, 787.0000000000001, 792.0000000000002, 940.0, 788.0000000000001, 637.0000000000001, 675.0, 771.0000000000001, 196.00000000000006, 834.0, 572.0, 86.99999999999989]","[0, 13, 39, 39, 76, 99, 107, 107, 107, 161, 99, 187, 203]","[76, 39, 61, 76, 205, 164, 119, 142, 164, 164, 205, 205, 205]",37754613.0,941.0,-941.0,0.0,,,,DWT,mdp.39015067403892,0.0,,0.0,33.0,19.0,0.0,28.5,,0.0,256.3413461538462,4359.0,256.3413461538462,,0.0,256.3413461538462,,,83.99999999999989,0.0,19.5,0.0,0.0,,0.0,5.555038000705495e-14,4.999453443145049e-27,0.9681990452714343,0.7964873218411249,0.0005124730066615682,0.7980640854472628,0.0006480454040851256,0.9999999997233397,0.47422802461146824,6.6959667625959335e-09,6.6959667625959335e-09,6.082000342865356e-09,,0.0,0.9999999933040264,0.0,,,,,,0.0,1.0,0.0,0.0,0.0,0.7422684098776339,0.24267159368209698,953,1.6989041768166457,0.815989429471881,119,0,0.20618566978245234,0.24635434482995539,953,0.0,0.4454888713367454,0.809162239436895,117,482.0881662102898,0.4946664924420443,535.5,209.98471240811224,0.46667286886253156,954,bior,0.672619891330026,0.76736776154697,0.2989557476048908,5,716.75,5.555038000705494e-14,0.0001547883299646835,4.999453443145049e-27,0.9681990452714343,0.796487321841125,0.001545422827914614,0.8482292179045743,0.003012212889763521,0.9999999997233396,0.9919828214561996,0.9855281704452468,0.9855281704452468,0.9855281704451347,,0.0,0.9999999999667601,0.0,,,,,1.0,,0.0,1.0,0.25,0.0,0.0,0.0,2.209570199820928,0.6304403968407325,948,1.7204788082034574,0.7953518097698838,542,287.0853531617383,0.8495359784267619,745.0,689.6859060402685,0.7295373812469239,259,0.5943810304597339,0.7715092316736338,0.3524805091760961,5,195.5,,,,,,,,,,,,,3.729862512326741e-19,0.036413600438416426,4.999453443145049e-27,0.9769328538459072,0.2462227594222853,0.001622812972872346,0.6417011343677645,1.0,0.003012212889763521,0.9999999999999541,0.0008499884728391206,0.0007982210227401261,0.0007982210227401261,0.0007982210227337874,,0.0,0.0,0.020163910573049823,0.0,,,,,0.4782608695652174,,0.0,1.0,0.7906976744186046,0.0,0.0,0.9302325581395349,0.5674759776446953,0.17675400427451057,761,1.778891917539641,0.8634906886497891,854,65.76093065034893,0.9692705931540425,807.5,804.8222910216718,0.7959670722779559,66,1104.4,1082.5,563.6960149978129,300,0.520820561188399,0.7876173146100969,0.3991404127850916,6,51.0
db31,1.0,smooth,1.4590112642406192e-26,317.83120601994193,497392947.5776204,0.631578947368421,337.29096685626496,206,raw,8.794690973321924e-14,-2.0632973107837247e-10,4.332178637728676,7371019.600703395,0.9984083967066749,5.618943883690066e-06,1.0,327.0,,,,[],[],13,661.1538461538462,87.00000000000003,940.0,"[8, 32, 51, 63, 81, 100, 111, 133, 152, 162, 175, 192, 204]","[878.0, 637.9999999999999, 787.0, 791.9999999999999, 940.0, 787.9999999999998, 636.9999999999999, 675.0000000000002, 770.9999999999998, 195.9999999999999, 833.9999999999998, 572.0, 87.00000000000003]","[0, 13, 39, 39, 76, 99, 107, 107, 107, 161, 99, 187, 203]","[76, 39, 61, 76, 205, 164, 119, 142, 164, 164, 205, 205, 205]",37754613.0,941.0,-941.0,0.0,,,,DWT,mdp.39015067403892,0.0,,0.0,33.0,19.0,0.0,28.5,,0.0,256.3413461538462,4359.0,256.3413461538461,,0.0,256.3413461538462,,,84.00000000000003,0.0,19.5,0.0,0.0,,0.0,9.277460174776702e-14,9.52805233004405e-27,0.9589463954019416,0.10033514617998085,0.5533021920168675,0.558270676691729,0.5921050662148614,0.9999999997235195,0.4742280246116333,6.6959667625959335e-09,6.6959667625959335e-09,6.081912306383589e-09,,0.0,0.9999999933040264,0.0,,,,,,0.0,1.0,0.0,0.0,0.0,0.742268409877657,0.24267159368210453,939,1.762336803391661,0.846456334830744,76,0,0.20618566978245878,0.24635434482996307,939,0.0,0.470369934528624,0.854354876351708,23,514.008673727075,0.4612068409569444,494.25,68.06647521693604,0.47156253997532754,943,db,0.540986235965534,0.9305070477545101,0.3421575204977732,3,708.0,9.277460174776702e-14,0.0001547883299646835,9.52805233004405e-27,0.9589463954019416,0.10033514617998085,0.5537638450224817,0.6680055401662048,0.5930700234910171,0.9999999997235194,0.9919828214562021,0.9855281704452468,0.9855281704452468,0.9855281704451335,,0.0,0.9999999999667601,0.0,,,,,1.0,,0.0,1.0,0.25,0.0,0.0,0.0,2.2095701998209285,0.6304403968407327,937,1.80689399469371,0.8353002675125243,31,640.638743755012,0.6642354592478973,484.0,60.014462809917354,0.705283348072586,318,0.49117026184683504,0.8233619396015222,0.4091722348267588,4,239.5,,,,,,,,,,,,,6.229237479763275e-19,0.03641360043841643,9.52805233004405e-27,0.9702213500978605,0.03101718744545326,0.13075471534527341,0.5053585797805296,1.0,0.5930700234910171,0.9999999999999541,0.0008499884728391225,0.0007982210227401261,0.0007982210227401261,0.0007982210227337863,,0.0,0.0,0.020163910573049823,0.0,,,,,0.4782608695652174,,0.0,1.0,0.7906976744186046,0.0,0.0,0.9302325581395349,0.5674759776446953,0.17675400427451057,728,1.9133142828942051,0.9287405555391076,23,498.510280736516,0.767051270683871,375.5,44.59121171770972,0.7957919904821225,67,1009.0473684210526,935.5,610.6543869996938,760,0.4758535102197843,0.8532293215616218,0.41093374637766444,5,51.5
db2,1.0,periodization,4.2859979703876135e-27,323.1512728580658,5937082.235908097,0.6650485436893204,325.7797536849769,206,raw,4.320787637962003e-14,-2.158352385706082e-10,6.359119092482185,63117.30860590066,0.7387586440656937,5.618943883690066e-06,0.9999999999999999,327.00000000000006,,,,[],[],13,661.1538461538463,86.99999999999999,940.0000000000001,"[8, 32, 51, 63, 81, 100, 111, 133, 152, 162, 175, 192, 204]","[878.0, 638.0, 787.0000000000001, 792.0000000000001, 940.0000000000001, 788.0000000000002, 637.0000000000001, 675.0000000000001, 771.0, 196.0, 834.0000000000001, 572.0000000000001, 86.99999999999999]","[0, 13, 39, 39, 76, 99, 107, 107, 107, 161, 99, 187, 203]","[76, 39, 61, 76, 205, 164, 119, 142, 164, 164, 205, 205, 205]",37754613.0,941.0000000000001,-941.0000000000001,0.0,,,,DWT,mdp.39015067403892,0.0,,0.0,33.0,19.0,0.0,28.5,,1.1368683772161603e-13,256.3413461538463,4358.999999999998,256.34134615384625,,0.0,256.3413461538463,,,83.99999999999999,0.0,19.5,1.1368683772161603e-13,1.1368683772161603e-13,,5.684341886080802e-14,3.6246056934190125e-14,2.2361784900913778e-27,0.978578646438777,0.8005413925327577,0.0002263386464563795,0.8092926490984746,0.00043539500072065665,0.9999999997233762,0.4742280246115838,6.696054799077647e-09,6.696054799077647e-09,6.082044361106239e-09,,2.859275438170267e-12,0.9999999933039181,1.3612963731558036e-13,,,,,,0.0,1.0,0.0,1.4238426238064856e-13,1.4238426238064856e-13,0.7422684098792349,0.24267159368262042,813,1.7114222709819127,0.8220019124920425,109,0,0.2061856697827446,0.2463543448303046,808,0.0,0.44863430268007476,0.8148754332639961,105,406.1743262853197,0.5742407481285957,458.75,188.9844952423462,0.5466853635821176,712,db,0.540986235965534,0.9305070477545101,0.3421575204977732,3,534.75,3.624605693419012e-14,0.0001547883299646835,2.2361784900913778e-27,0.978578646438777,0.8005413925327578,0.0012595841816910869,0.8566683699540114,0.0028000655535788763,0.999999999723376,0.9919828214562014,0.9855281704452481,0.9855281704452481,0.9855281704451354,,6.125805465799743e-13,0.9999999999667596,7.585973278963461e-14,,,,,1.0,,0.0,1.0,0.25,1.4238426238064856e-13,1.4238426238064856e-13,0.0,2.209570199821331,0.6304403968408475,811,1.7318814868118773,0.8006230987995354,428,270.82189719444773,0.8580598023089896,619.5,560.3034705407587,0.7666871338588973,182,0.49117026184683504,0.8233619396015222,0.4091722348267588,4,137.5,,,,,,,,,,,,,2.4336972845429115e-19,0.03641360043841643,2.2361784900913778e-27,0.9844618031869539,0.24747601788003376,0.0015559718703757857,0.6480855094033285,0.9999999999999999,0.0028000655535788763,0.9999999999999541,0.0008499884728391219,0.0007982210227401272,0.0007982210227401272,0.0007982210227337879,,0.0,4.786380409530668e-19,0.020163910573049813,7.054128794466933e-19,,,,,0.4782608695652174,,0.0,1.0,0.7906976744186046,4.770970844811595e-19,4.770970844811595e-19,0.9302325581395349,0.5674759776446953,0.17675400427451057,871,1.7864713869016464,0.8671698336020299,847,16.97056274847714,0.9920698304913658,859.0,858.8323632130384,0.7953339806662436,68,1009.0473684210526,935.5,610.6543869996938,760,0.4758535102197843,0.8532293215616218,0.41093374637766444,5,52.25
bior1.3,1.0,antireflect,6.72044008134325e-27,321.19781533526725,6093778.313874101,0.680952380952381,328.52872250805603,206,raw,5.709780005868328e-14,-2.1877177847074168e-10,6.3232749376146895,69787.35338718822,0.7648971611384925,5.618943883690064e-06,0.9999999999999999,327.00000000000006,,,,[],[],13,661.1538461538463,87.00000000000003,940.0000000000002,"[8, 32, 51, 63, 81, 100, 111, 133, 152, 162, 175, 192, 204]","[878.0000000000002, 638.0000000000001, 787.0000000000001, 792.0000000000001, 940.0000000000002, 788.0, 637.0000000000001, 675.0000000000001, 771.0000000000001, 196.00000000000006, 834.0000000000001, 572.0, 87.00000000000003]","[0, 13, 39, 39, 76, 99, 107, 107, 107, 161, 164, 187, 203]","[76, 39, 61, 76, 205, 164, 119, 142, 164, 164, 205, 205, 205]",37754613.0,941.0000000000002,-941.0000000000002,0.0,,,,DWT,mdp.39015067403892,0.0,,0.0,33.0,19.0,0.0,28.5,,2.2737367544323206e-13,256.3413461538463,4358.999999999998,256.34134615384625,,0.0,256.3413461538463,,,84.00000000000003,0.0,24.0,2.2737367544323206e-13,2.2737367544323206e-13,,5.684341886080802e-14,5.3796216477052116e-14,3.958950927005554e-27,0.9713699459385217,0.7881590351356289,0.0004026816777488963,0.9285714285714288,0.0009754218162126444,0.999999999723332,0.4742280246116333,6.696054799077647e-09,6.696054799077647e-09,6.082044361106239e-09,,2.859275438170267e-12,0.9999999933039181,2.7225927463116073e-13,,,,,,0.0,1.0,0.5,2.847685247612971e-13,2.847685247612971e-13,0.792268409879375,0.2590182137497995,451,1.7489215660142077,0.8400129508875896,84,0,0.24785233644945054,0.2961384272001167,448,0.0,0.4611848141078659,0.8376715132255836,79,212.47823417940953,0.7772764840886692,265.5,137.87195154868994,0.7494872986481083,248,bior,0.672619891330026,0.76736776154697,0.2989557476048908,5,187.25,5.379621647705211e-14,0.0001547883299646835,3.9589509270055535e-27,0.9713699459385217,0.7881590351356289,0.0014357449660843346,0.9463157894736842,0.0033388148273272283,0.9999999997233318,0.9919828214562021,0.9855281704452481,0.9855281704452481,0.9855281704451354,,6.125805465799743e-13,0.9999999999667596,1.5171946557926922e-13,,,,,1.0,,0.0,1.0,0.5,2.847685247612971e-13,2.847685247612971e-13,0.0,2.2345701998214254,0.6375734627748265,448,1.7575276357227125,0.8124789326828719,178,190.91883092036784,0.8999377196434131,313.0,254.77316293929715,0.8679457990250609,84,0.5943810304597339,0.7715092316736338,0.3524805091760961,5,64.25,,,,,,,,,,,,,3.612081341608964e-19,0.036413600438416426,3.9589509270055535e-27,0.9792328989153752,0.24364818770261615,0.0015971656739466843,0.7159054448460485,0.9999999999999999,0.003338814827327228,0.9999999999999541,0.0008499884728391225,0.0007982210227401272,0.0007982210227401272,0.0007982210227337879,,0.0,4.786380409530668e-19,0.020163910573049813,1.4108257588933865e-18,,,,,0.4782608695652174,,0.0,1.0,0.8604651162790697,9.54194168962319e-19,9.54194168962319e-19,0.9302325581395349,0.5744527218307418,0.17892707859001003,396,1.8087842000383634,0.8780006807103723,795,282.13560569343247,0.8681609319189568,595.5,528.6649874055415,0.7949449519407867,69,1104.4,1082.5,563.6960149978129,300,0.520820561188399,0.7876173146100969,0.3991404127850916,6,53.25
bior1.3,1.0,reflect,6.719459749344529e-27,321.1984489006712,6093936.038195237,0.680952380952381,328.52872250805603,206,raw,5.702881532705609e-14,-2.1877177847074168e-10,6.32441873502402,65637.79937641724,0.7500423661242063,5.618943883690064e-06,0.9999999999999999,327.00000000000006,,,,[],[],13,661.1538461538463,87.00000000000003,940.0000000000002,"[8, 32, 51, 63, 81, 100, 111, 133, 152, 162, 175, 192, 204]","[878.0000000000002, 638.0000000000001, 787.0000000000001, 792.0000000000001, 940.0000000000002, 788.0, 637.0000000000001, 675.0000000000001, 771.0000000000001, 196.00000000000006, 834.0000000000001, 572.0, 87.00000000000003]","[0, 13, 39, 39, 76, 99, 107, 107, 107, 161, 164, 187, 203]","[76, 39, 61, 76, 205, 164, 119, 142, 164, 164, 205, 205, 205]",37754613.0,941.0000000000002,-941.0000000000002,0.0,,,,DWT,mdp.39015067403892,0.0,,0.0,33.0,19.0,0.0,28.5,,2.2737367544323206e-13,256.3413461538463,4358.999999999998,256.34134615384625,,0.0,256.3413461538463,,,84.00000000000003,0.0,24.0,2.2737367544323206e-13,2.2737367544323206e-13,,5.684341886080802e-14,5.370905307183459e-14,3.958257179169522e-27,0.9713722839382944,0.7885541597623524,0.0004028591779471054,0.9285714285714288,0.0006394614873651838,0.999999999723332,0.4742280246116333,6.696054799077647e-09,6.696054799077647e-09,6.082044361106239e-09,,2.859275438170267e-12,0.9999999933039181,2.7225927463116073e-13,,,,,,0.0,1.0,0.5,2.847685247612971e-13,2.847685247612971e-13,0.792268409879375,0.2590182137497995,449,1.7489862357459929,0.8400440119787704,83,0,0.24785233644945054,0.2961384272001167,447,0.0,0.46119252408259676,0.8376855172127102,78,212.187613524761,0.7775811178985734,264.25,136.36512297997842,0.7502947518214041,245,bior,0.672619891330026,0.76736776154697,0.2989557476048908,5,185.0,5.370905307183458e-14,0.0001547883299646835,3.958257179169522e-27,0.9713722839382944,0.7885541597623524,0.001435922282839736,0.9463157894736842,0.0030036492800202307,0.9999999997233318,0.9919828214562021,0.9855281704452481,0.9855281704452481,0.9855281704451354,,6.125805465799743e-13,0.9999999999667596,1.5171946557926922e-13,,,,,1.0,,0.0,1.0,0.5,2.847685247612971e-13,2.847685247612971e-13,0.0,2.2345701998214254,0.6375734627748265,449,1.7575926232753927,0.8125089754636317,177,192.33304448274092,0.8991965175666976,313.0,253.90734824281148,0.8675751979867031,86,0.5943810304597339,0.7715092316736338,0.3524805091760961,5,65.75,,,,,,,,,,,,,3.606228861076404e-19,0.036413600438416426,3.958257179169522e-27,0.9792345948073046,0.24377033487714075,0.0015972071380649156,0.7159054448460485,0.9999999999999999,0.0030036492800202307,0.9999999999999541,0.0008499884728391225,0.0007982210227401272,0.0007982210227401272,0.0007982210227337879,,0.0,4.786380409530668e-19,0.020163910573049813,1.4108257588933865e-18,,,,,0.4782608695652174,,0.0,1.0,0.8604651162790697,9.54194168962319e-19,9.54194168962319e-19,0.9302325581395349,0.5744527218307418,0.17892707859001003,395,1.8087122456739195,0.8779657533923647,796,283.5498192558056,0.8675000844599039,595.5,527.9932829554996,0.7946145282112603,70,1104.4,1082.5,563.6960149978129,300,0.520820561188399,0.7876173146100969,0.3991404127850916,6,54.0
rbio3.7,1.0,antireflect,2.963299506490148e-27,324.7540369816139,6145827.692468226,0.6636363636363637,389.3334003077122,206,raw,2.991566002470543e-14,-2.0880464024486698e-10,6.689989707787144,94672.95195575943,0.6769599448822403,5.618943883690066e-06,1.0,327.0000000000001,,,,[],[],13,661.1538461538462,86.99999999999994,939.9999999999998,"[8, 32, 51, 63, 81, 100, 111, 133, 152, 162, 175, 192, 204]","[878.0, 637.9999999999999, 786.9999999999999, 792.0000000000001, 939.9999999999998, 788.0, 636.9999999999999, 675.0000000000001, 771.0, 195.9999999999999, 833.9999999999999, 572.0, 86.99999999999994]","[0, 13, 39, 39, 76, 99, 107, 107, 107, 161, 164, 187, 203]","[76, 39, 61, 76, 205, 164, 119, 142, 164, 164, 205, 205, 205]",37754613.0,940.9999999999998,-940.9999999999998,0.0,,,,DWT,mdp.39015067403892,0.0,,0.0,33.0,19.0,0.0,28.5,,2.2737367544323206e-13,256.3413461538462,4359.0,256.3413461538461,,0.0,256.3413461538462,,,83.99999999999994,0.0,24.0,2.2737367544323206e-13,2.2737367544323206e-13,,1.1368683772161603e-13,1.945111096493169e-14,1.3001494731365362e-27,0.9844932089027003,0.914840592111017,0.0004612571399897003,0.7987012987012991,0.0029902344579957295,0.9999999997234822,0.47422802461153424,6.6959667625959335e-09,6.6959667625959335e-09,6.081912306383589e-09,,5.718550876340534e-12,0.9999999933040264,2.7225927463116073e-13,,,,,,0.0,1.0,0.5,2.847685247612971e-13,2.847685247612971e-13,0.7922684098807365,0.25901821375024464,340,1.7690234631202404,0.8496679601427847,35,0,0.24785233644966387,0.2961384272003716,339,0.0,0.4626858238795629,0.8403978673646637,74,165.31384293720436,0.826715049332071,197.0,83.3750711320735,0.8101080487750502,107,rbio,0.5136782423812899,1.0,0.3404252303330971,4,81.25,1.9451110964931678e-14,0.0001547883299646835,1.3001494731365354e-27,0.9844932089027003,0.914840592111017,0.0014942598917885462,0.8487081339712923,0.00534886102570113,0.9999999997234821,0.9919828214562006,0.9855281704452468,0.9855281704452468,0.9855281704451335,,1.2251610931599486e-12,0.9999999999667601,1.5171946557926922e-13,,,,,1.0,,0.0,1.0,0.5,2.847685247612971e-13,2.847685247612971e-13,0.0,2.2345701998217304,0.6375734627749136,332,1.7905325857302086,0.82773663106001,47,201.52543263816605,0.8943787040680471,189.5,82.34300791556728,0.8975300228935623,27,0.3888041033402703,1.0,0.4278371276618108,3,21.0,,,,,,,,,,,,,1.306021121763567e-19,0.03641360043841643,1.3001494731365354e-27,0.9887519912632972,0.2828099943893688,0.001610848925663162,0.6420634432540808,1.0,0.00534886102570113,0.9999999999999541,0.0008499884728391214,0.0007982210227401261,0.0007982210227401261,0.0007982210227337863,,0.0,9.572760819061336e-19,0.020163910573049823,1.4108257588933865e-18,,,,,0.4782608695652174,,0.0,1.0,0.8604651162790697,9.54194168962319e-19,9.54194168962319e-19,0.9302325581395349,0.5744527218307418,0.17892707859001003,455,1.8053506182589136,0.8763339881665256,809,250.31580054003783,0.8830299997476458,632.0,582.4287974683544,0.7938514484719538,71,818.67,599.5,715.6978453131971,300,0.38607403914171184,1.0,0.42974817260080167,3,54.0
rbio3.7,1.0,reflect,2.9604954123258372e-27,324.75814854431974,6169379.798523102,0.6636363636363637,391.39460077027485,206,raw,2.982727333730809e-14,-2.0879964424125616e-10,6.6983930315047395,67376.25643537505,0.5473046347995038,5.618943883690066e-06,1.0,327.0000000000001,,,,[],[],13,661.1538461538462,87.0,939.9999999999998,"[8, 32, 51, 63, 81, 100, 111, 133, 152, 162, 175, 192, 204]","[878.0, 637.9999999999999, 786.9999999999999, 792.0000000000001, 939.9999999999998, 788.0, 636.9999999999999, 675.0000000000001, 771.0, 195.9999999999999, 833.9999999999999, 572.0, 87.0]","[0, 13, 39, 39, 76, 99, 107, 107, 107, 161, 164, 187, 203]","[76, 39, 61, 76, 205, 164, 119, 142, 164, 164, 205, 205, 205]",37754613.0,940.9999999999998,-940.9999999999998,0.0,,,,DWT,mdp.39015067403892,0.0,,0.0,33.0,19.0,0.0,28.5,,2.2737367544323206e-13,256.3413461538462,4359.0,256.34134615384613,,0.0,256.3413461538462,,,84.0,0.0,24.0,2.2737367544323206e-13,2.2737367544323206e-13,,1.1368683772161603e-13,1.9339432851996723e-14,1.2981651104297586e-27,0.984508381499897,0.9177435189056278,0.00048776226908387403,0.7987012987012991,0.0007802121809815654,0.9999999997234822,0.4742280246116003,6.6959667625959335e-09,6.6959667625959335e-09,6.0819563246244724e-09,,5.718550876340534e-12,0.9999999933040264,2.7225927463116073e-13,,,,,,0.0,1.0,0.5,2.847685247612971e-13,2.847685247612971e-13,0.7922684098807696,0.25901821375025547,324,1.7696132737296049,0.8499512481758588,34,0,0.24785233644967308,0.2961384272003826,326,0.0,0.46277764666004884,0.8405646493685921,73,157.5592481153254,0.8348435554346694,189.25,81.19470002016249,0.818234146690081,89,rbio,0.5136782423812899,1.0,0.3404252303330971,4,67.75,1.933943285199671e-14,0.0001547883299646835,1.2981651104297594e-27,0.984508381499897,0.9177435189056279,0.0015207376283764397,0.8487081339712923,0.0031440669996409105,0.9999999997234821,0.9919828214562016,0.9855281704452468,0.9855281704452468,0.9855281704451341,,1.2251610931599486e-12,0.9999999999667601,1.5171946557926922e-13,,,,,1.0,,0.0,1.0,0.5,2.847685247612971e-13,2.847685247612971e-13,0.0,2.234570199821731,0.6375734627749137,327,1.7911244739437016,0.8280102521935796,46,198.69700551341987,0.895861108221478,186.5,80.65415549597854,0.8990573884922903,23,0.3888041033402703,1.0,0.4278371276618108,3,18.0,,,,,,,,,,,,,1.2985226310812243e-19,0.03641360043841643,1.2981651104297594e-27,0.9887629968610869,0.2837073930373696,0.001617040534560457,0.6420634432540808,1.0,0.0031440669996409105,0.9999999999999541,0.0008499884728391221,0.0007982210227401261,0.0007982210227401261,0.0007982210227337869,,0.0,9.572760819061336e-19,0.020163910573049823,1.4108257588933865e-18,,,,,0.4782608695652174,,0.0,1.0,0.8604651162790697,9.54194168962319e-19,9.54194168962319e-19,0.9302325581395349,0.5744527218307418,0.17892707859001003,459,1.8049270991356123,0.8761284080433995,810,248.19448019647817,0.8840212709362252,634.5,585.9574468085106,0.7937629719167107,72,818.67,599.5,715.6978453131971,300,0.38607403914171184,1.0,0.42974817260080167,3,54.75
rbio3.5,1.0,periodic,2.943113666457885e-27,324.78372211475204,6020872.841257333,0.6712962962962963,393.6578709270843,206,raw,2.8262182238516127e-14,-2.0884893814354944e-10,6.659169149610788,69659.00242131858,0.544843202637762,5.618943883690066e-06,1.0,327.0000000000001,,,,[],[],13,661.1538461538462,86.99999999999999,939.9999999999998,"[8, 32, 51, 63, 81, 100, 111, 133, 152, 162, 175, 192, 204]","[878.0, 638.0000000000001, 786.9999999999999, 792.0000000000002, 939.9999999999998, 788.0, 636.9999999999999, 675.0000000000001, 771.0000000000002, 196.0, 833.9999999999999, 572.0, 86.99999999999999]","[0, 13, 42, 42, 76, 99, 107, 107, 107, 161, 164, 187, 203]","[76, 42, 61, 76, 205, 164, 119, 142, 164, 164, 205, 205, 205]",37754613.0,940.9999999999998,-940.9999999999998,0.0,,,,DWT,mdp.39015067403892,0.0,,0.0,33.0,19.0,0.0,28.5,,2.2737367544323206e-13,256.3413461538462,4359.0,256.34134615384613,,0.0,256.3413461538462,,,83.99999999999999,0.0,28.5,2.2737367544323206e-13,2.2737367544323206e-13,,1.1368683772161603e-13,1.7361913096123993e-14,1.285864636102604e-27,0.984602753764365,0.904193635363692,0.00032063513130091355,0.8561507936507936,0.0009650301373504039,0.9999999997234815,0.4742280246115838,6.6959667625959335e-09,6.6959667625959335e-09,6.0819563246244724e-09,,5.718550876340534e-12,0.9999999933040264,2.7225927463116073e-13,,,,,,0.0,1.0,1.0,2.847685247612971e-13,2.847685247612971e-13,0.8422684098807646,0.2753648338173871,115,1.7858651169107707,0.8577570634927147,23,0,0.2895190031163383,0.34592250957014603,118,0.0,0.4682791059713751,0.8505572068104115,28,52.592775169218825,0.9448713048540683,71.0,41.509804992625774,0.9352239123851054,8,rbio,0.5136782423812899,1.0,0.3404252303330971,4,7.0,1.736191309612398e-14,0.0001547883299646835,1.285864636102604e-27,0.984602753764365,0.9041936353636921,0.0013537832130561785,0.8918859649122806,0.0033284477320655644,0.9999999997234814,0.9919828214562014,0.9855281704452468,0.9855281704452468,0.9855281704451341,,1.2251610931599486e-12,0.9999999999667601,1.5171946557926922e-13,,,,,1.0,,0.0,1.0,0.75,2.847685247612971e-13,2.847685247612971e-13,0.0,2.2595701998217312,0.6447065287088658,118,1.8016675629931187,0.8328841657320877,35,58.68986283848344,0.9692401138163085,76.5,53.98692810457516,0.9645728870968335,6,0.3888041033402703,1.0,0.4278371276618108,3,5.25,,,,,,,,,,,,,1.1657444789987627e-19,0.03641360043841643,1.285864636102604e-27,0.9888314507435555,0.2795186387106416,0.0015779995674480248,0.6747282731249717,1.0,0.0033284477320655644,0.9999999999999541,0.0008499884728391219,0.0007982210227401261,0.0007982210227401261,0.0007982210227337869,,0.0,9.572760819061336e-19,0.020163910573049823,1.4108257588933865e-18,,,,,0.4782608695652174,,0.0,1.0,0.9302325581395349,9.54194168962319e-19,9.54194168962319e-19,0.9302325581395349,0.5814294660167882,0.18110015290550946,172,1.8159939580594997,0.8815003643377395,761,416.4858941188765,0.8053804233089362,466.5,280.583065380493,0.7936948845516644,73,818.67,599.5,715.6978453131971,300,0.38607403914171184,1.0,0.42974817260080167,3,55.5
db32,1.0,periodic,2.1591873542585613e-26,316.12888918836904,7070595.789285233,0.667910447761194,343.66141846059537,206,raw,1.0297695813649411e-13,-2.0700885450253545e-10,6.833859434697446,62086.38858867133,0.7323023306329705,5.618943883690066e-06,1.0,326.9999999999999,,,,[],[],13,661.1538461538462,87.00000000000011,939.9999999999999,"[8, 32, 51, 63, 81, 100, 111, 133, 152, 162, 175, 192, 204]","[878.0, 637.9999999999993, 787.0000000000002, 792.0000000000003, 939.9999999999999, 788.0000000000002, 636.9999999999998, 674.9999999999998, 771.0000000000001, 196.0, 834.0000000000005, 571.9999999999997, 87.00000000000011]","[0, 13, 42, 42, 76, 99, 107, 107, 107, 161, 99, 187, 203]","[76, 42, 61, 76, 205, 164, 119, 142, 164, 164, 205, 205, 205]",37754613.0,940.9999999999999,-940.9999999999999,0.0,,,,DWT,mdp.39015067403892,0.0,,0.0,33.0,19.0,0.0,28.5,,1.1368683772161603e-13,256.3413461538462,4359.0,256.34134615384613,,0.0,256.3413461538462,,,84.00000000000011,0.0,24.0,1.1368683772161603e-13,1.1368683772161603e-13,,1.1368683772161603e-13,1.1176532865953661e-13,1.4482961972137532e-26,0.9526644609077775,0.9645403655835989,0.001501975015970631,0.8307569296375266,0.0003519286264778392,0.9999999997235092,0.47422802461173236,6.6959667625959335e-09,6.6959667625959335e-09,6.0819563246244724e-09,,5.718550876340534e-12,0.9999999933040264,1.3612963731558036e-13,,,,,,0.0,1.0,0.5,1.4238426238064856e-13,1.4238426238064856e-13,0.792268409880684,0.2590182137502275,381,1.7870633900394903,0.8583325981343963,22,0,0.24785233644964894,0.2961384272003537,381,0.0,0.4687269574368715,0.8513706603399436,26,206.12051490976503,0.7839407600526572,202.5,44.8604363935776,0.7858383045546304,161,db,0.540986235965534,0.9305070477545101,0.3421575204977732,3,121.5,1.1176532865953661e-13,0.0001547883299646835,1.4482961972137532e-26,0.9526644609077775,0.9645403655835991,0.002533902207229764,0.8728004713275725,0.0027167966357849356,0.9999999997235091,0.9919828214562036,0.9855281704452468,0.9855281704452468,0.9855281704451341,,1.2251610931599486e-12,0.9999999999667601,7.585973278963461e-14,,,,,1.0,,0.0,1.0,0.5,1.4238426238064856e-13,1.4238426238064856e-13,0.0,2.2345701998216367,0.6375734627748868,390,1.8053891540138507,0.8346046020079947,32,253.144227664784,0.8673248282679329,211.0,59.14691943127963,0.8783689130857484,71,0.49117026184683504,0.8233619396015222,0.4091722348267588,4,54.25,,,,,,,,,,,,,7.504346675794844e-19,0.03641360043841643,1.4482961972137532e-26,0.9656646849805972,0.29817397449490857,0.0018539610432311464,0.660289743273889,1.0,0.0027167966357849356,0.9999999999999541,0.0008499884728391236,0.0007982210227401261,0.0007982210227401261,0.0007982210227337869,,0.0,9.572760819061336e-19,0.020163910573049823,7.054128794466933e-19,,,,,0.4782608695652174,,0.0,1.0,0.8604651162790697,4.770970844811595e-19,4.770970844811595e-19,0.9302325581395349,0.5744527218307418,0.17892707859001003,440,1.8055394748528044,0.8764256609144351,807,259.50818869546293,0.8787344912638023,623.5,569.4947874899759,0.7936896755384433,74,1009.0473684210526,935.5,610.6543869996938,760,0.4758535102197843,0.8532293215616218,0.41093374637766444,5,56.75
rbio1.5,1.0,antisymmetric,5.010756393260857e-27,322.47275957589244,5963181.690329727,0.6588785046728972,313.57326161606085,206,raw,5.126859023618537e-14,-2.1773827185711807e-10,6.3565697459763015,70305.55936643729,0.7829016733439883,5.618943883690066e-06,0.9999999999999998,327.0000000000001,,,,[],[],13,661.1538461538463,87.00000000000003,940.0000000000001,"[8, 32, 51, 63, 81, 100, 111, 133, 152, 162, 175, 192, 204]","[878.0000000000001, 638.0000000000001, 787.0000000000001, 792.0000000000001, 940.0000000000001, 788.0000000000002, 637.0000000000001, 675.0000000000001, 771.0, 196.00000000000006, 834.0000000000002, 572.0000000000001, 87.00000000000003]","[0, 13, 39, 39, 76, 99, 107, 107, 107, 161, 99, 187, 203]","[76, 39, 61, 76, 205, 164, 119, 142, 164, 164, 205, 205, 205]",37754613.0,941.0000000000001,-941.0000000000001,0.0,,,,DWT,mdp.39015067403892,0.0,,0.0,33.0,19.0,0.0,28.5,,1.1368683772161603e-13,256.3413461538463,4358.999999999998,256.34134615384625,,0.0,256.3413461538463,,,84.00000000000003,0.0,19.5,1.1368683772161603e-13,1.1368683772161603e-13,,1.1368683772161603e-13,4.6430908736170706e-14,2.7490655407747392e-27,0.9760747788196716,0.7996607212020577,0.00025571051694307827,0.7630173564753006,0.0010173773253462364,0.9999999997233475,0.4742280246116333,6.696054799077647e-09,6.696054799077647e-09,6.082044361106239e-09,,5.718550876340534e-12,0.9999999933039181,1.3612963731558036e-13,,,,,,0.0,1.0,0.0,1.4238426238064856e-13,1.4238426238064856e-13,0.7422684098806794,0.24267159368309268,756,1.691216976560915,0.8122972411563144,128,0,0.20618566978298702,0.24635434483059424,752,0.0,0.4425032430078391,0.8037393032870087,124,362.5833237569906,0.6199336228962362,440.0,215.8713508133971,0.579358844991095,597,rbio,0.5136782423812899,1.0,0.3404252303330971,4,448.75,4.64309087361707e-14,0.0001547883299646835,2.7490655407747392e-27,0.9760747788196716,0.7996607212020578,0.0012889256969531833,0.8218888342351207,0.0033806710822890714,0.9999999997233474,0.9919828214562021,0.9855281704452481,0.9855281704452481,0.9855281704451354,,1.2251610931599486e-12,0.9999999999667596,7.585973278963461e-14,,,,,1.0,,0.0,1.0,0.25,1.4238426238064856e-13,1.4238426238064856e-13,0.0,2.2095701998216373,0.6304403968409349,754,1.716273929256615,0.7934079566609189,584,120.20815280171308,0.936997823479186,669.0,658.2002989536622,0.793184446330788,137,0.3888041033402703,1.0,0.4278371276618108,3,103.5,,,,,,,,,,,,,3.117546736607619e-19,0.03641360043841643,2.7490655407747392e-27,0.9826455973273064,0.2472037708282065,0.0015628331512240882,0.6217741456203998,0.9999999999999998,0.0033806710822890714,0.9999999999999541,0.0008499884728391225,0.0007982210227401272,0.0007982210227401272,0.0007982210227337879,,0.0,9.572760819061336e-19,0.020163910573049813,7.054128794466933e-19,,,,,0.4782608695652174,,0.0,1.0,0.7906976744186046,4.770970844811595e-19,4.770970844811595e-19,0.9302325581395349,0.5674759776446953,0.17675400427451057,763,1.7749566671986812,0.8615804815183606,863,70.71067811865476,0.9669576270473575,813.0,809.9249692496925,0.7935255424956413,75,818.67,599.5,715.6978453131971,300,0.38607403914171184,1.0,0.42974817260080167,3,57.0
rbio3.5,1.0,antisymmetric,2.9577573756887835e-27,324.7621670083163,6021280.507617345,0.6712962962962963,393.6578709270843,206,raw,2.845189025049091e-14,-2.088756945184429e-10,6.656731274691289,82749.07466392982,0.616629111365797,5.618943883690066e-06,1.0,327.0000000000001,,,,[],[],13,661.1538461538462,86.99999999999997,939.9999999999998,"[8, 32, 51, 63, 81, 100, 111, 133, 152, 162, 175, 192, 204]","[878.0, 638.0000000000001, 786.9999999999999, 792.0000000000002, 939.9999999999998, 788.0, 636.9999999999999, 675.0000000000001, 771.0000000000002, 196.0, 833.9999999999999, 572.0, 86.99999999999997]","[0, 13, 42, 42, 76, 99, 107, 107, 107, 161, 164, 187, 203]","[76, 42, 61, 76, 205, 164, 119, 142, 164, 164, 205, 205, 205]",37754613.0,940.9999999999998,-940.9999999999998,0.0,,,,DWT,mdp.39015067403892,0.0,,0.0,33.0,19.0,0.0,28.5,,2.2737367544323206e-13,256.3413461538462,4359.0,256.3413461538462,,0.0,256.3413461538462,,,83.99999999999997,0.0,28.5,2.2737367544323206e-13,2.2737367544323206e-13,,1.1368683772161603e-13,1.7601612460472205e-14,1.296227494403341e-27,0.9845232105417799,0.9033514718741545,0.00032109391190738245,0.8561507936507936,0.00202484161681289,0.9999999997234811,0.47422802461156727,6.6959667625959335e-09,6.6959667625959335e-09,6.082000342865356e-09,,5.718550876340534e-12,0.9999999933040264,2.7225927463116073e-13,,,,,,0.0,1.0,1.0,2.847685247612971e-13,2.847685247612971e-13,0.8422684098807728,0.2753648338173898,112,1.7858204632145391,0.8577356161711948,25,0,0.28951900311634055,0.3459225095701487,113,0.0,0.4682964264148684,0.8505886667407191,27,49.94914080008451,0.9476424100628045,69.25,42.18734374749224,0.9375266557651549,4,rbio,0.5136782423812899,1.0,0.3404252303330971,4,4.0,1.7601612460472192e-14,0.0001547883299646835,1.2962274944033403e-27,0.9845232105417799,0.9033514718741545,0.0013542415195223177,0.8918859649122806,0.004385752014910111,0.999999999723481,0.9919828214562011,0.9855281704452468,0.9855281704452468,0.9855281704451347,,1.2251610931599486e-12,0.9999999999667601,1.5171946557926922e-13,,,,,1.0,,0.0,1.0,0.75,2.847685247612971e-13,2.847685247612971e-13,0.0,2.2595701998217312,0.6447065287088658,115,1.8016219061811696,0.8328630592657721,37,55.154328932550705,0.9710931190080971,76.0,55.98684210526316,0.9656304169463965,5,0.3888041033402703,1.0,0.4278371276618108,3,4.5,,,,,,,,,,,,,1.1818388004633035e-19,0.03641360043841643,1.2962274944033403e-27,0.9887737532575336,0.27925829581177497,0.0015781067387836115,0.6747282731249717,1.0,0.004385752014910111,0.9999999999999541,0.0008499884728391218,0.0007982210227401261,0.0007982210227401261,0.0007982210227337874,,0.0,9.572760819061336e-19,0.020163910573049823,1.4108257588933865e-18,,,,,0.4782608695652174,,0.0,1.0,0.9302325581395349,9.54194168962319e-19,9.54194168962319e-19,0.9302325581395349,0.5814294660167882,0.18110015290550946,162,1.8162521434172587,0.881625689912707,760,422.8498551495554,0.8024066097431984,461.0,267.0715835140998,0.7934930244977674,76,818.67,599.5,715.6978453131971,300,0.38607403914171184,1.0,0.42974817260080167,3,57.75
rbio3.5,1.0,symmetric,2.9429298542081247e-27,324.78399336196765,6021376.556926388,0.6712962962962963,393.6578709270843,206,raw,2.8244936055609326e-14,-2.0888080154435618e-10,6.659036605796665,69671.74393400963,0.5447764586422776,5.618943883690066e-06,1.0,327.0000000000001,,,,[],[],13,661.1538461538462,86.99999999999999,939.9999999999998,"[8, 32, 51, 63, 81, 100, 111, 133, 152, 162, 175, 192, 204]","[878.0, 638.0000000000001, 786.9999999999999, 792.0000000000002, 939.9999999999998, 788.0, 636.9999999999999, 675.0000000000001, 771.0000000000002, 196.0, 833.9999999999999, 572.0, 86.99999999999999]","[0, 13, 42, 42, 76, 99, 107, 107, 107, 161, 164, 187, 203]","[76, 42, 61, 76, 205, 164, 119, 142, 164, 164, 205, 205, 205]",37754613.0,940.9999999999998,-940.9999999999998,0.0,,,,DWT,mdp.39015067403892,0.0,,0.0,33.0,19.0,0.0,28.5,,2.2737367544323206e-13,256.3413461538462,4359.0,256.34134615384613,,0.0,256.3413461538462,,,83.99999999999999,0.0,28.5,2.2737367544323206e-13,2.2737367544323206e-13,,1.1368683772161603e-13,1.7340122244819607e-14,1.2857345583833486e-27,0.984603754727998,0.9041478481249269,0.0003212020041234104,0.8561507936507936,0.0009660617284039455,0.999999999723481,0.4742280246115838,6.6959667625959335e-09,6.6959667625959335e-09,6.0819563246244724e-09,,5.718550876340534e-12,0.9999999933040264,2.7225927463116073e-13,,,,,,0.0,1.0,1.0,2.847685247612971e-13,2.847685247612971e-13,0.8422684098807646,0.2753648338173871,116,1.7858435199424003,0.8577466903956682,24,0,0.2895190031163383,0.34592250957014603,117,0.0,0.468273707494968,0.8505474013056274,29,52.00320502943384,0.9454893029041574,71.5,42.864587445716545,0.9352708569028125,7,rbio,0.5136782423812899,1.0,0.3404252303330971,4,6.25,1.7340122244819595e-14,0.0001547883299646835,1.2857345583833479e-27,0.984603754727998,0.904147848124927,0.0013543495000272615,0.8918859649122806,0.0033294768826835656,0.9999999997234809,0.9919828214562014,0.9855281704452468,0.9855281704452468,0.9855281704451341,,1.2251610931599486e-12,0.9999999999667601,1.5171946557926922e-13,,,,,1.0,,0.0,1.0,0.75,2.847685247612971e-13,2.847685247612971e-13,0.0,2.2595701998217312,0.6447065287088658,119,1.8016459647556484,0.8328741811875655,36,58.68986283848344,0.9692401138163085,77.5,55.27741935483871,0.964310832589496,7,0.3888041033402703,1.0,0.4278371276618108,3,6.0,,,,,,,,,,,,,1.164281358865623e-19,0.03641360043841643,1.2857345583833479e-27,0.9888321768027136,0.2795044842351516,0.0015781319891690787,0.6747282731249717,1.0,0.0033294768826835656,0.9999999999999541,0.0008499884728391219,0.0007982210227401261,0.0007982210227401261,0.0007982210227337869,,0.0,9.572760819061336e-19,0.020163910573049823,1.4108257588933865e-18,,,,,0.4782608695652174,,0.0,1.0,0.9302325581395349,9.54194168962319e-19,9.54194168962319e-19,0.9302325581395349,0.5814294660167882,0.18110015290550946,173,1.8159877943283573,0.8814973724052919,762,416.4858941188765,0.8053804233089362,467.5,281.9807486631016,0.7934612396918512,77,818.67,599.5,715.6978453131971,300,0.38607403914171184,1.0,0.42974817260080167,3,58.5
rbio1.5,1.0,reflect,5.024971207242315e-27,322.4604566923395,6012475.799774086,0.6822429906542056,320.79709321887566,206,raw,5.154452916269415e-14,-2.1779877901196014e-10,6.36842196890562,60970.12767403182,0.7492884393015511,5.618943883690066e-06,0.9999999999999998,327.0000000000001,,,,[],[],13,661.1538461538463,87.00000000000003,940.0000000000001,"[8, 32, 51, 63, 81, 100, 111, 133, 152, 162, 175, 192, 204]","[878.0000000000001, 638.0000000000001, 787.0000000000001, 792.0000000000001, 940.0000000000001, 788.0000000000002, 637.0000000000001, 675.0000000000001, 771.0, 196.00000000000006, 834.0000000000002, 572.0000000000001, 87.00000000000003]","[0, 13, 39, 39, 76, 99, 107, 107, 107, 161, 99, 187, 203]","[76, 39, 61, 76, 205, 164, 119, 142, 164, 164, 205, 205, 205]",37754613.0,941.0000000000001,-941.0000000000001,0.0,,,,DWT,mdp.39015067403892,0.0,,0.0,33.0,19.0,0.0,28.5,,1.1368683772161603e-13,256.3413461538463,4358.999999999998,256.34134615384625,,0.0,256.3413461538463,,,84.00000000000003,0.0,19.5,1.1368683772161603e-13,1.1368683772161603e-13,,1.1368683772161603e-13,4.677956235704084e-14,2.7591248843972106e-27,0.976029378394125,0.8037550696614868,0.00031118524737104266,0.9382510013351133,0.00026155279741562655,0.9999999997233466,0.4742280246116333,6.696054799077647e-09,6.696054799077647e-09,6.082044361106239e-09,,5.718550876340534e-12,0.9999999933039181,1.3612963731558036e-13,,,,,,0.0,1.0,0.0,1.4238426238064856e-13,1.4238426238064856e-13,0.7422684098806794,0.24267159368309268,755,1.763055776033268,0.8468016598253119,75,0,0.20618566978298702,0.24635434483059424,753,0.0,0.4648260233948631,0.8442852116824817,69,393.7613490427927,0.587252254672125,413.0,131.23957427930796,0.5771691042752659,608,rbio,0.5136782423812899,1.0,0.3404252303330971,4,457.0,4.6779562357040825e-14,0.0001547883299646835,2.7591248843972106e-27,0.9760293783941248,0.8037550696614869,0.0013443430953871689,0.9535907525823903,0.0026266346088727834,0.9999999997233465,0.9919828214562021,0.9855281704452481,0.9855281704452481,0.9855281704451354,,1.2251610931599486e-12,0.9999999999667596,7.585973278963461e-14,,,,,1.0,,0.0,1.0,0.25,1.4238426238064856e-13,1.4238426238064856e-13,0.0,2.2095701998216373,0.6304403968409349,756,1.7707007246797595,0.8185686561321176,78,479.4183976444792,0.7487324959934596,417.0,141.41007194244605,0.7650895184369814,186,0.3888041033402703,1.0,0.4278371276618108,3,140.25,,,,,,,,,,,,,3.14095665873786e-19,0.03641360043841643,2.7591248843972106e-27,0.982612665666591,0.24846948058663265,0.0015757920707325512,0.7214090893572251,0.9999999999999998,0.0026266346088727834,0.9999999999999541,0.0008499884728391225,0.0007982210227401272,0.0007982210227401272,0.0007982210227337879,,0.0,9.572760819061336e-19,0.020163910573049813,7.054128794466933e-19,,,,,0.4782608695652174,,0.0,1.0,0.7906976744186046,4.770970844811595e-19,4.770970844811595e-19,0.9302325581395349,0.5674759776446953,0.17675400427451057,864,1.8151286054465827,0.8810803141276705,765,70.0035713374682,0.9672880507768841,814.5,811.4917127071824,0.7933402870706849,78,818.67,599.5,715.6978453131971,300,0.38607403914171184,1.0,0.42974817260080167,3,59.25
rbio3.9,1.0,antisymmetric,2.7957843188531858e-27,325.006755821932,6217701.513086461,0.6607142857142857,389.3334003077122,206,raw,2.849069416203121e-14,-2.087695571972888e-10,6.715027753950057,100764.49994269804,0.701257889289033,5.618943883690066e-06,1.0,327.00000000000017,,,,[],[],13,661.1538461538462,86.99999999999996,939.9999999999999,"[8, 32, 51, 63, 81, 100, 111, 133, 152, 162, 175, 192, 204]","[878.0, 638.0, 787.0, 792.0, 939.9999999999999, 788.0, 636.9999999999999, 675.0000000000001, 771.0, 196.0, 833.9999999999999, 572.0, 86.99999999999996]","[0, 13, 39, 39, 76, 99, 107, 107, 107, 161, 164, 187, 203]","[76, 39, 61, 76, 205, 164, 119, 142, 164, 164, 205, 205, 205]",37754613.0,940.9999999999999,-940.9999999999999,0.0,,,,DWT,mdp.39015067403892,0.0,,0.0,33.0,19.0,0.0,28.5,,1.1368683772161603e-13,256.3413461538462,4359.0,256.34134615384613,,0.0,256.3413461538462,,,83.99999999999996,0.0,24.0,1.1368683772161603e-13,1.1368683772161603e-13,,1.7053025658242404e-13,1.765064187590707e-14,1.1816046341663538e-27,0.985425798636218,0.9234899810354058,0.0005421426832841787,0.7767857142857142,0.0034834244392731974,0.9999999997234826,0.4742280246115508,6.6959667625959335e-09,6.6959667625959335e-09,6.0819563246244724e-09,,8.5778263145108e-12,0.9999999933040264,1.3612963731558036e-13,,,,,,0.0,1.0,0.5,1.4238426238064856e-13,1.4238426238064856e-13,0.7922684098820592,0.2590182137506771,286,1.7653791964204693,0.8479176065055586,36,0,0.2478523364498721,0.29613842720062034,285,0.0,0.46121588260042445,0.8377279443793837,77,133.26915121912748,0.8603048729359251,171.0,83.73444541602206,0.8405297949585286,55,rbio,0.5136782423812899,1.0,0.3404252303330971,4,42.25,1.765064187590707e-14,0.0001547883299646835,1.1816046341663538e-27,0.985425798636218,0.9234899810354059,0.0015750618415361003,0.832236842105263,0.005840884267160223,0.9999999997234825,0.9919828214562009,0.9855281704452468,0.9855281704452468,0.9855281704451341,,1.837741639739923e-12,0.9999999999667601,7.585973278963461e-14,,,,,1.0,,0.0,1.0,0.5,1.4238426238064856e-13,1.4238426238064856e-13,0.0,2.2345701998219423,0.637573462774974,293,1.7890655275575589,0.8270584318476216,48,173.24116139070415,0.9092027456023564,170.5,82.4868035190616,0.90992107930013,17,0.3888041033402703,1.0,0.4278371276618108,3,13.5,,,,,,,,,,,,,1.1851308207628687e-19,0.03641360043841643,1.1816046341663538e-27,0.9894284547175701,0.2854838303059993,0.00162974382135468,0.6296026054854359,1.0,0.005840884267160222,0.9999999999999541,0.0008499884728391216,0.0007982210227401261,0.0007982210227401261,0.0007982210227337869,,0.0,1.4359141228592004e-18,0.020163910573049823,7.054128794466933e-19,,,,,0.4782608695652174,,0.0,1.0,0.8604651162790697,4.770970844811595e-19,4.770970844811595e-19,0.9302325581395349,0.5744527218307418,0.17892707859001003,465,1.802315335926764,0.8748606338804151,814,246.7802666341051,0.884682118395278,639.5,591.8842845973417,0.7929251713471717,79,818.67,599.5,715.6978453131971,300,0.38607403914171184,1.0,0.42974817260080167,3,60.0
db31,1.0,antireflect,1.6796901242277664e-26,317.219500780756,7248411.149194543,0.650375939849624,328.21829234721235,206,raw,9.569044585837178e-14,-2.074097560367279e-10,6.765120753364514,151195.4488116069,0.9115368237975536,5.6189438836900665e-06,1.0,327.0000000000001,,,,[],[],13,661.1538461538462,86.99999999999997,940.0,"[8, 32, 51, 63, 81, 100, 111, 133, 152, 162, 175, 192, 204]","[877.9999999999997, 638.0, 787.0, 791.9999999999998, 940.0, 787.9999999999998, 636.9999999999999, 675.0000000000002, 770.9999999999998, 195.9999999999999, 833.9999999999999, 572.0, 86.99999999999997]","[0, 13, 39, 39, 76, 99, 107, 107, 107, 161, 99, 187, 203]","[76, 39, 61, 76, 205, 164, 119, 142, 164, 164, 205, 205, 205]",37754613.0,941.0,-941.0,0.0,,,,DWT,mdp.39015067403892,0.0,,0.0,33.0,19.0,0.0,28.5,,0.0,256.3413461538462,4359.0,256.3413461538461,,0.0,256.3413461538462,,,83.99999999999997,0.0,19.5,0.0,0.0,,1.1368683772161603e-13,1.0255869398343492e-13,1.1089722068193055e-26,0.9566890645860602,0.9407945994351676,0.0017020853185627637,0.6992481203007519,0.00756646520030673,0.9999999997235032,0.47422802461156727,6.6959667625959335e-09,6.6959667625959335e-09,6.081912306383589e-09,,5.718550876340534e-12,0.9999999933040264,0.0,,,,,,0.0,1.0,0.0,0.0,0.0,0.7422684098804964,0.24267159368303284,794,1.7279876152183566,0.8299583034274214,100,0,0.20618566978292982,0.2463543448305259,794,0.0,0.4507500418205569,0.8187183490608371,101,400.39261981210393,0.5803012370942306,447.25,178.41307273880108,0.5557428617336981,685,db,0.540986235965534,0.9305070477545101,0.3421575204977732,3,514.5,1.0255869398343492e-13,0.0001547883299646835,1.1089722068193055e-26,0.9566890645860602,0.9407945994351676,0.0027338056999361192,0.7739612188365651,0.009914265776350056,0.9999999997235031,0.9919828214562011,0.9855281704452468,0.9855281704452468,0.9855281704451335,,1.2251610931599486e-12,0.9999999999667601,0.0,,,,,1.0,,0.0,1.0,0.25,0.0,0.0,0.0,2.209570199821541,0.6304403968409074,794,1.7593742715527756,0.8133326050108445,172,439.8204178980326,0.7694861541414924,483.0,282.74948240165634,0.758170750026721,200,0.49117026184683504,0.8233619396015222,0.4091722348267588,4,151.0,,,,,,,,,,,,,6.886178419543167e-19,0.03641360043841644,1.1089722068193055e-26,0.9685839722174631,0.2908333076627636,0.001900706891009046,0.5855160157191789,1.0,0.009914265776350057,0.9999999999999541,0.0008499884728391218,0.0007982210227401261,0.0007982210227401261,0.0007982210227337863,,0.0,9.572760819061336e-19,0.020163910573049823,0.0,,,,,0.4782608695652174,,0.0,1.0,0.7906976744186046,0.0,0.0,0.9302325581395349,0.5674759776446953,0.17675400427451057,882,1.7766135833370824,0.8623847640288809,857,17.67766952966369,0.9917394067618394,869.5,869.3202990224266,0.792715497773443,80,1009.0473684210526,935.5,610.6543869996938,760,0.4758535102197843,0.8532293215616218,0.41093374637766444,5,61.25
rbio3.9,1.0,symmetric,2.816861456825693e-27,324.9741375947674,6218411.916921243,0.6607142857142857,389.3334003077122,206,raw,2.8939094917607965e-14,-2.0884161067158697e-10,6.718778903719804,67510.69124105482,0.5535121089793801,5.618943883690066e-06,1.0,327.00000000000017,,,,[],[],13,661.1538461538462,86.99999999999996,939.9999999999999,"[8, 32, 51, 63, 81, 100, 111, 133, 152, 162, 175, 192, 204]","[878.0, 638.0, 787.0, 792.0, 939.9999999999999, 788.0, 636.9999999999999, 675.0000000000001, 771.0, 196.0, 833.9999999999999, 572.0, 86.99999999999996]","[0, 13, 39, 39, 76, 99, 107, 107, 107, 161, 164, 187, 203]","[76, 39, 61, 76, 205, 164, 119, 142, 164, 164, 205, 205, 205]",37754613.0,940.9999999999999,-940.9999999999999,0.0,,,,DWT,mdp.39015067403892,0.0,,0.0,33.0,19.0,0.0,28.5,,1.1368683772161603e-13,256.3413461538462,4359.0,256.34134615384613,,0.0,256.3413461538462,,,83.99999999999996,0.0,24.0,1.1368683772161603e-13,1.1368683772161603e-13,,1.7053025658242404e-13,1.821720400982101e-14,1.1965202126410547e-27,0.9853054299935756,0.924785815105727,0.0005429421593610107,0.7767857142857142,0.000791096425747988,0.9999999997234816,0.4742280246115508,6.6959667625959335e-09,6.6959667625959335e-09,6.0819563246244724e-09,,8.5778263145108e-12,0.9999999933040264,1.3612963731558036e-13,,,,,,0.0,1.0,0.5,1.4238426238064856e-13,1.4238426238064856e-13,0.7922684098820592,0.2590182137506771,283,1.7648783608026724,0.8476770534622485,37,0,0.2478523364498721,0.29613842720062034,286,0.0,0.46102637471170316,0.8373837323518901,80,131.6624471897739,0.861989049067323,171.5,85.91600527380973,0.84110982851689,54,rbio,0.5136782423812899,1.0,0.3404252303330971,4,41.5,1.8217204009820998e-14,0.0001547883299646835,1.1965202126410547e-27,0.9853054299935756,0.924785815105727,0.0015758604913708348,0.832236842105263,0.003154925495543317,0.9999999997234815,0.9919828214562009,0.9855281704452468,0.9855281704452468,0.9855281704451341,,1.837741639739923e-12,0.9999999999667601,7.585973278963461e-14,,,,,1.0,,0.0,1.0,0.5,1.4238426238064856e-13,1.4238426238064856e-13,0.0,2.2345701998219423,0.637573462774974,292,1.7885672392234044,0.8268280805486301,49,171.82694782833104,0.9099439476790718,170.5,83.91788856304986,0.9102916803384877,16,0.3888041033402703,1.0,0.4278371276618108,3,12.75,,,,,,,,,,,,,1.2231719442245108e-19,0.03641360043841643,1.1965202126410547e-27,0.9893411440976247,0.28588441903076434,0.0016299305792902062,0.6296026054854359,1.0,0.003154925495543317,0.9999999999999541,0.0008499884728391216,0.0007982210227401261,0.0007982210227401261,0.0007982210227337869,,0.0,1.4359141228592004e-18,0.020163910573049823,7.054128794466933e-19,,,,,0.4782608695652174,,0.0,1.0,0.8604651162790697,4.770970844811595e-19,4.770970844811595e-19,0.9302325581395349,0.5744527218307418,0.17892707859001003,466,1.8013889537875003,0.8744109593704021,815,246.7802666341051,0.884682118395278,640.5,592.9586260733802,0.7926915264873586,81,818.67,599.5,715.6978453131971,300,0.38607403914171184,1.0,0.42974817260080167,3,61.5
rbio3.9,1.0,periodic,2.8156973125772113e-27,324.97593280526104,6218141.693983401,0.6607142857142857,389.3334003077122,206,raw,2.8921848734701174e-14,-2.088450523629633e-10,6.718708704653643,67513.15758771225,0.5534591525881521,5.618943883690066e-06,1.0,327.00000000000017,,,,[],[],13,661.1538461538462,86.99999999999996,939.9999999999999,"[8, 32, 51, 63, 81, 100, 111, 133, 152, 162, 175, 192, 204]","[878.0, 638.0, 787.0, 792.0, 939.9999999999999, 788.0, 636.9999999999999, 675.0000000000001, 771.0, 196.0, 833.9999999999999, 572.0, 86.99999999999996]","[0, 13, 39, 39, 76, 99, 107, 107, 107, 161, 164, 187, 203]","[76, 39, 61, 76, 205, 164, 119, 142, 164, 164, 205, 205, 205]",37754613.0,940.9999999999999,-940.9999999999999,0.0,,,,DWT,mdp.39015067403892,0.0,,0.0,33.0,19.0,0.0,28.5,,1.1368683772161603e-13,256.3413461538462,4359.0,256.34134615384613,,0.0,256.3413461538462,,,83.99999999999996,0.0,24.0,1.1368683772161603e-13,1.1368683772161603e-13,,1.7053025658242404e-13,1.8195413158516638e-14,1.1956963870857654e-27,0.9853120547267129,0.9247615648498801,0.0005426380551830227,0.7767857142857142,0.0007912961085649679,0.9999999997234815,0.4742280246115508,6.6959667625959335e-09,6.6959667625959335e-09,6.0819563246244724e-09,,8.5778263145108e-12,0.9999999933040264,1.3612963731558036e-13,,,,,,0.0,1.0,0.5,1.4238426238064856e-13,1.4238426238064856e-13,0.7922684098820592,0.2590182137506771,284,1.764870138335669,0.8476731041835015,38,0,0.2478523364498721,0.29613842720062034,284,0.0,0.4610241584686944,0.8373797068862242,81,130.7985091658158,0.862894644480277,171.75,87.52022426912296,0.8414315989696982,53,rbio,0.5136782423812899,1.0,0.3404252303330971,4,40.75,1.8195413158516638e-14,0.0001547883299646835,1.1956963870857654e-27,0.9853120547267129,0.9247615648498803,0.0015755567014782658,0.832236842105263,0.0031551247059705438,0.9999999997234814,0.9919828214562009,0.9855281704452468,0.9855281704452468,0.9855281704451341,,1.837741639739923e-12,0.9999999999667601,7.585973278963461e-14,,,,,1.0,,0.0,1.0,0.5,1.4238426238064856e-13,1.4238426238064856e-13,0.0,2.2345701998219423,0.637573462774974,294,1.7885590167245877,0.8268242794095033,50,172.5340546095176,0.9095733466407141,172.0,85.46511627906976,0.9097132980583025,18,0.3888041033402703,1.0,0.4278371276618108,3,14.25,,,,,,,,,,,,,1.2217088240913702e-19,0.03641360043841643,1.1956963870857654e-27,0.9893459494152266,0.2858769224080968,0.0016298595404309934,0.6296026054854359,1.0,0.0031551247059705438,0.9999999999999541,0.0008499884728391216,0.0007982210227401261,0.0007982210227401261,0.0007982210227337869,,0.0,1.4359141228592004e-18,0.020163910573049823,7.054128794466933e-19,,,,,0.4782608695652174,,0.0,1.0,0.8604651162790697,4.770970844811595e-19,4.770970844811595e-19,0.9302325581395349,0.5744527218307418,0.17892707859001003,464,1.801388132831469,0.8744105608707058,816,248.90158697766472,0.8836908472066988,640.0,591.6,0.7923127133229755,82,818.67,599.5,715.6978453131971,300,0.38607403914171184,1.0,0.42974817260080167,3,62.25
rbio1.5,1.0,symmetric,5.039676187223134e-27,322.4477661410343,5963185.958480023,0.6588785046728972,313.57326161606085,206,raw,5.1751483357575734e-14,-2.1785540038621602e-10,6.359860472496034,61264.8173340814,0.7493929939252264,5.618943883690066e-06,0.9999999999999998,327.0000000000001,,,,[],[],13,661.1538461538463,87.00000000000006,940.0000000000001,"[8, 32, 51, 63, 81, 100, 111, 133, 152, 162, 175, 192, 204]","[878.0000000000001, 638.0000000000001, 787.0000000000001, 792.0000000000001, 940.0000000000001, 788.0000000000002, 637.0000000000001, 675.0000000000001, 771.0, 196.00000000000006, 834.0000000000002, 572.0000000000001, 87.00000000000006]","[0, 13, 39, 39, 76, 99, 107, 107, 107, 161, 99, 187, 203]","[76, 39, 61, 76, 205, 164, 119, 142, 164, 164, 205, 205, 205]",37754613.0,941.0000000000001,-941.0000000000001,0.0,,,,DWT,mdp.39015067403892,0.0,,0.0,33.0,19.0,0.0,28.5,,1.1368683772161603e-13,256.3413461538463,4358.999999999998,256.34134615384625,,0.0,256.3413461538463,,,84.00000000000006,0.0,19.5,1.1368683772161603e-13,1.1368683772161603e-13,,1.1368683772161603e-13,4.704105257269343e-14,2.7695311019376998e-27,0.9759825473868087,0.8007975021364712,0.0002557153202449285,0.7630173564753006,0.0002854117554726176,0.9999999997233457,0.47422802461166635,6.696054799077647e-09,6.696054799077647e-09,6.082044361106239e-09,,5.718550876340534e-12,0.9999999933039181,1.3612963731558036e-13,,,,,,0.0,1.0,0.0,1.4238426238064856e-13,1.4238426238064856e-13,0.7422684098806893,0.2426715936830959,752,1.6914372443421049,0.8124030365175577,126,0,0.20618566978298974,0.24635434483059748,748,0.0,0.4425423165997113,0.8038102744764961,122,361.4286467155954,0.6211439761891033,437.0,212.76692080848335,0.5815363486815538,591,rbio,0.5136782423812899,1.0,0.3404252303330971,4,444.25,4.704105257269342e-14,0.0001547883299646835,2.769531101937699e-27,0.9759825473868087,0.8007975021364713,0.0012889304952909198,0.8218888342351207,0.00265043712377917,0.9999999997233456,0.9919828214562026,0.9855281704452481,0.9855281704452481,0.9855281704451354,,1.2251610931599486e-12,0.9999999999667596,7.585973278963461e-14,,,,,1.0,,0.0,1.0,0.25,1.4238426238064856e-13,1.4238426238064856e-13,0.0,2.2095701998216377,0.630440396840935,748,1.716494889679868,0.7935101033840776,580,118.79393923933998,0.9377390255559015,664.0,653.3734939759036,0.7948653199058333,135,0.3888041033402703,1.0,0.4278371276618108,3,102.0,,,,,,,,,,,,,3.1585141003355416e-19,0.03641360043841643,2.769531101937699e-27,0.98257869631883,0.24755519053176553,0.0015628342732773469,0.6217741456203998,0.9999999999999998,0.00265043712377917,0.9999999999999541,0.0008499884728391229,0.0007982210227401272,0.0007982210227401272,0.0007982210227337879,,0.0,9.572760819061336e-19,0.020163910573049813,7.054128794466933e-19,,,,,0.4782608695652174,,0.0,1.0,0.7906976744186046,4.770970844811595e-19,4.770970844811595e-19,0.9302325581395349,0.5674759776446953,0.17675400427451057,743,1.7748001434229974,0.8615045034212527,864,85.55992052357225,0.9600187287273027,803.5,798.9446172993155,0.7922757195038382,83,818.67,599.5,715.6978453131971,300,0.38607403914171184,1.0,0.42974817260080167,3,63.0
db33,1.0,periodic,1.5338105957430512e-26,317.6140751325345,7063992.305947089,0.6666666666666666,345.46050718395895,206,raw,8.787792500159202e-14,-2.0952273249719427e-10,6.8534145102010875,63177.81629610404,0.7361687369067914,5.618943883690064e-06,1.0,327.0000000000001,,,,[],[],13,661.1538461538462,86.99999999999991,939.9999999999999,"[8, 32, 51, 63, 81, 100, 111, 133, 152, 162, 175, 192, 204]","[877.9999999999998, 638.0000000000003, 787.0000000000003, 792.0, 939.9999999999999, 787.9999999999999, 637.0, 674.9999999999998, 771.0, 196.00000000000017, 834.0000000000001, 571.9999999999999, 86.99999999999991]","[0, 13, 42, 42, 76, 99, 107, 107, 107, 161, 99, 187, 203]","[76, 42, 61, 76, 205, 164, 119, 142, 164, 164, 205, 205, 205]",37754613.0,940.9999999999999,-940.9999999999999,0.0,,,,DWT,mdp.39015067403892,0.0,,0.0,33.0,19.0,0.0,28.5,,1.1368683772161603e-13,256.3413461538462,4359.0,256.34134615384613,,0.0,256.3413461538462,,,83.99999999999991,0.0,24.0,1.1368683772161603e-13,1.1368683772161603e-13,,1.1368683772161603e-13,9.268743834254947e-14,1.005738192893688e-26,0.9581451332713822,0.9712956631965299,0.0014945435710739014,0.8214285714285712,0.00044029388465993376,0.9999999997234713,0.47422802461150126,6.6959667625959335e-09,6.6959667625959335e-09,6.0819563246244724e-09,,5.718550876340534e-12,0.9999999933040264,1.3612963731558036e-13,,,,,,0.0,1.0,0.5,1.4238426238064856e-13,1.4238426238064856e-13,0.7922684098806148,0.25901821375020484,421,1.79002972936134,0.8597573409562025,21,0,0.24785233644962973,0.2961384272003308,423,0.0,0.46910052563447263,0.8520491897012862,25,230.36999225882988,0.7585220206930504,222.5,43.30953692901311,0.762646754581326,218,db,0.540986235965534,0.9305070477545101,0.3421575204977732,3,164.25,9.268743834254946e-14,0.0001547883299646835,1.0057381928936878e-26,0.9581451332713822,0.97129566319653,0.0025264784425786304,0.8657894736842104,0.00280495284822564,0.9999999997234712,0.9919828214562001,0.9855281704452468,0.9855281704452468,0.9855281704451341,,1.2251610931599486e-12,0.9999999999667601,7.585973278963461e-14,,,,,1.0,,0.0,1.0,0.5,1.4238426238064856e-13,1.4238426238064856e-13,0.0,2.234570199821636,0.6375734627748866,421,1.8092823577837636,0.836404372309982,30,276.4787514439401,0.8550949940021279,225.5,56.008869179600886,0.8684542055964517,83,0.49117026184683504,0.8233619396015222,0.4091722348267588,4,63.25,,,,,,,,,,,,,6.223384999230713e-19,0.036413600438416426,1.0057381928936878e-26,0.9696401464569285,0.30026227894541735,0.0018522250546917636,0.6549857935326748,1.0,0.00280495284822564,0.9999999999999541,0.000849988472839121,0.0007982210227401261,0.0007982210227401261,0.0007982210227337869,,0.0,9.572760819061336e-19,0.020163910573049823,7.054128794466933e-19,,,,,0.4782608695652174,,0.0,1.0,0.8604651162790697,4.770970844811595e-19,4.770970844811595e-19,0.9302325581395349,0.5744527218307418,0.17892707859001003,398,1.8068817185580786,0.8770771984980147,805,287.79245994292484,0.8655175420827455,601.5,532.6517040731504,0.7922213878638027,84,1009.0473684210526,935.5,610.6543869996938,760,0.4758535102197843,0.8532293215616218,0.41093374637766444,5,64.25
rbio1.5,1.0,periodic,5.0671254831873294e-27,322.4241758748568,5963132.750920309,0.6588785046728972,313.57326161606085,206,raw,5.21653917473389e-14,-2.178706104416534e-10,6.359833870166407,61264.14566842095,0.7494012098488259,5.618943883690066e-06,0.9999999999999998,327.0000000000001,,,,[],[],13,661.1538461538463,87.00000000000009,940.0000000000001,"[8, 32, 51, 63, 81, 100, 111, 133, 152, 162, 175, 192, 204]","[878.0000000000001, 638.0000000000001, 787.0000000000001, 792.0000000000001, 940.0000000000001, 788.0000000000002, 637.0000000000001, 675.0000000000001, 771.0, 196.00000000000006, 834.0000000000002, 572.0000000000001, 87.00000000000009]","[0, 13, 39, 39, 76, 99, 107, 107, 107, 161, 99, 187, 203]","[76, 39, 61, 76, 205, 164, 119, 142, 164, 164, 205, 205, 205]",37754613.0,941.0000000000001,-941.0000000000001,0.0,,,,DWT,mdp.39015067403892,0.0,,0.0,33.0,19.0,0.0,28.5,,1.1368683772161603e-13,256.3413461538463,4358.999999999998,256.34134615384625,,0.0,256.3413461538463,,,84.00000000000009,0.0,19.5,1.1368683772161603e-13,1.1368683772161603e-13,,1.1368683772161603e-13,4.7564033003998623e-14,2.788956041346611e-27,0.9758954939640389,0.800788312366082,0.0002556554413858693,0.7630173564753006,0.0002853573754077778,0.9999999997233455,0.47422802461169933,6.696054799077647e-09,6.696054799077647e-09,6.082044361106239e-09,,5.718550876340534e-12,0.9999999933039181,1.3612963731558036e-13,,,,,,0.0,1.0,0.0,1.4238426238064856e-13,1.4238426238064856e-13,0.7422684098806992,0.24267159368309915,746,1.6913803657117934,0.8123757175187993,127,0,0.20618566978299252,0.2463543448306008,741,0.0,0.44253027191820105,0.8037883971590338,123,357.1007094177589,0.6256805980945923,434.25,213.97116954558075,0.5852459594246546,578,rbio,0.5136782423812899,1.0,0.3404252303330971,4,434.5,4.756403300399861e-14,0.0001547883299646835,2.788956041346611e-27,0.9758954939640389,0.8007883123660821,0.001288870678315431,0.8218888342351207,0.00265038287236128,0.9999999997233454,0.9919828214562032,0.9855281704452481,0.9855281704452481,0.9855281704451354,,1.2251610931599486e-12,0.9999999999667596,7.585973278963461e-14,,,,,1.0,,0.0,1.0,0.25,1.4238426238064856e-13,1.4238426238064856e-13,0.0,2.2095701998216377,0.630440396840935,747,1.7164380111319568,0.7934838092758313,582,116.67261889578035,0.9388508286709747,664.5,654.2573363431151,0.7952901942097012,134,0.3888041033402703,1.0,0.4278371276618108,3,101.25,,,,,,,,,,,,,3.193628983530903e-19,0.03641360043841643,2.788956041346611e-27,0.982515551232672,0.24755234964458298,0.0015628202855516055,0.6217741456203998,0.9999999999999998,0.00265038287236128,0.9999999999999541,0.0008499884728391233,0.0007982210227401272,0.0007982210227401272,0.0007982210227337879,,0.0,9.572760819061336e-19,0.020163910573049813,7.054128794466933e-19,,,,,0.4782608695652174,,0.0,1.0,0.7906976744186046,4.770970844811595e-19,4.770970844811595e-19,0.9302325581395349,0.5674759776446953,0.17675400427451057,745,1.7747608072332814,0.8614854092687572,865,84.8528137423857,0.9603491524568291,805.0,800.527950310559,0.7920904640788818,85,818.67,599.5,715.6978453131971,300,0.38607403914171184,1.0,0.42974817260080167,3,64.5
rbio3.9,1.0,periodization,2.3020744288907346e-27,325.8505988606031,5926528.1473328825,0.6650485436893204,386.8020102850644,206,raw,2.662702852166528e-14,-2.0844492798488845e-10,6.583324010183086,69241.7845736795,0.5529190489019306,5.618943883690066e-06,1.0,327.00000000000006,,,,[],[],13,661.1538461538462,86.99999999999996,939.9999999999999,"[8, 32, 51, 63, 81, 100, 111, 133, 152, 162, 175, 192, 204]","[878.0, 638.0, 786.9999999999998, 792.0, 939.9999999999999, 788.0, 637.0, 675.0000000000001, 771.0, 196.0000000000001, 834.0, 572.0, 86.99999999999996]","[0, 13, 39, 39, 76, 99, 107, 107, 107, 161, 164, 187, 203]","[76, 39, 61, 76, 205, 164, 119, 142, 164, 164, 205, 205, 205]",37754613.0,940.9999999999999,-940.9999999999999,0.0,,,,DWT,mdp.39015067403892,0.0,,0.0,33.0,19.0,0.0,28.5,,1.1368683772161603e-13,256.3413461538462,4359.0,256.34134615384613,,0.0,256.3413461538462,,,83.99999999999996,0.0,24.0,1.1368683772161603e-13,1.1368683772161603e-13,,5.684341886080802e-14,1.5295868006827188e-14,8.32222824497707e-28,0.9885397704856241,0.8779929444365219,0.00021446125937661637,0.8092926490984746,0.0009312509300114897,0.9999999997234875,0.4742280246115508,6.6959667625959335e-09,6.6959667625959335e-09,6.0819563246244724e-09,,2.859275438170267e-12,0.9999999933040264,1.3612963731558036e-13,,,,,,0.0,1.0,0.5,1.4238426238064856e-13,1.4238426238064856e-13,0.7922684098791999,0.25901821374974227,469,1.7563171250401177,0.8435650629328291,79,0,0.24785233644939558,0.296138427200051,470,0.0,0.45962138449168893,0.8348317830082346,83,224.30689542083485,0.7648774681123325,275.25,138.09161905661358,0.7381777277668581,268,rbio,0.5136782423812899,1.0,0.3404252303330971,4,202.0,1.5295868006827176e-14,0.0001547883299646835,8.32222824497707e-28,0.9885397704856241,0.877992944436522,0.0012477190696468092,0.8566683699540114,0.003294748436216607,0.9999999997234874,0.9919828214562009,0.9855281704452468,0.9855281704452468,0.9855281704451341,,6.125805465799743e-13,0.9999999999667601,7.585973278963461e-14,,,,,1.0,,0.0,1.0,0.5,1.4238426238064856e-13,1.4238426238064856e-13,0.0,2.23457019982133,0.6375734627747992,478,1.776775877788939,0.8213771092191164,73,286.37824638055173,0.8499065794651196,275.5,126.65698729582579,0.8527572729610713,108,0.3888041033402703,1.0,0.4278371276618108,3,81.75,,,,,,,,,,,,,1.0270224013754184e-19,0.03641360043841643,8.32222824497707e-28,0.9916872058897623,0.271419066699946,0.00155319730794078,0.6480855094033285,1.0,0.003294748436216607,0.9999999999999541,0.0008499884728391216,0.0007982210227401261,0.0007982210227401261,0.0007982210227337869,,0.0,4.786380409530668e-19,0.020163910573049823,7.054128794466933e-19,,,,,0.4782608695652174,,0.0,1.0,0.8604651162790697,4.770970844811595e-19,4.770970844811595e-19,0.9302325581395349,0.5744527218307418,0.17892707859001003,434,1.8029746388051255,0.8751806656321207,813,267.9934700697015,0.8747694065094853,623.5,565.9053728949478,0.7917071331612847,86,818.67,599.5,715.6978453131971,300,0.38607403914171184,1.0,0.42974817260080167,3,65.25
rbio2.2,1.0,periodic,1.886066859414819e-27,326.71622162822104,5880598.006368876,0.6428571428571429,357.22748207298,206,raw,2.478276483706951e-14,-2.0992285687526923e-10,6.543462000306006,66304.82563208617,0.6208907132133151,5.618943883690066e-06,1.0,327.00000000000006,,,,[],[],13,661.1538461538462,86.99999999999997,940.0,"[8, 32, 51, 63, 81, 100, 111, 133, 152, 162, 175, 192, 204]","[878.0000000000001, 638.0000000000001, 787.0, 792.0, 940.0, 788.0, 637.0, 675.0, 770.9999999999999, 196.00000000000006, 834.0, 572.0000000000001, 86.99999999999997]","[0, 13, 39, 39, 76, 99, 107, 107, 107, 161, 99, 187, 203]","[76, 39, 61, 76, 205, 164, 119, 142, 164, 164, 205, 205, 205]",37754613.0,941.0,-941.0,0.0,,,,DWT,mdp.39015067403892,0.0,,0.0,33.0,19.0,0.0,28.5,,0.0,256.3413461538462,4359.0,256.3413461538462,,0.0,256.3413461538462,,,83.99999999999997,0.0,19.5,0.0,0.0,,5.684341886080802e-14,1.2965608845464732e-14,5.378283219480318e-28,0.9917341144655334,0.864222619687884,0.0001627722803643745,0.6428571428571432,0.0006934659320893016,0.9999999997234653,0.47422802461156727,6.6959667625959335e-09,6.6959667625959335e-09,6.082000342865356e-09,,2.859275438170267e-12,0.9999999933040264,0.0,,,,,,0.0,1.0,0.0,0.0,0.0,0.7422684098790931,0.24267159368257407,865,1.6846534080685276,0.8091447369818656,144,0,0.20618566978269887,0.24635434483024996,862,0.0,0.4374587643683116,0.7945767811784235,148,414.25384729655804,0.5657716485361026,504.75,249.72899140165066,0.5183417991108186,809,rbio,0.5136782423812899,1.0,0.3404252303330971,4,607.75,1.2965608845464732e-14,0.0001547883299646835,5.378283219480318e-28,0.9917341144655334,0.8642226196878842,0.0011960835101322493,0.7315789473684213,0.0030575259663988413,0.9999999997234652,0.9919828214562011,0.9855281704452468,0.9855281704452468,0.9855281704451347,,6.125805465799743e-13,0.9999999999667601,0.0,,,,,1.0,,0.0,1.0,0.25,0.0,0.0,0.0,2.209570199821235,0.6304403968408201,869,1.721650846000636,0.7958936254427418,528,241.1234123846127,0.8736250459200143,698.5,656.8818897637794,0.7537674495847451,209,0.3888041033402703,1.0,0.4278371276618108,3,157.5,,,,,,,,,,,,,8.705599921377532e-20,0.03641360043841643,5.378283219480318e-28,0.9940042558047709,0.26716216610055776,0.0015411227414971614,0.5534530413437194,1.0,0.0030575259663988413,0.9999999999999541,0.0008499884728391218,0.0007982210227401261,0.0007982210227401261,0.0007982210227337874,,0.0,4.786380409530668e-19,0.020163910573049823,0.0,,,,,0.4782608695652174,,0.0,1.0,0.7906976744186046,0.0,0.0,0.9302325581395349,0.5674759776446953,0.17675400427451057,890,1.764282504959444,0.856399143848635,894,2.8284271247461903,0.9986783050818943,892.0,891.9955156950673,0.7909279375876761,87,818.67,599.5,715.6978453131971,300,0.38607403914171184,1.0,0.42974817260080167,3,66.0
db30,1.0,smooth,2.012315239625141e-26,316.4348323065674,453946073.1855637,0.5871212121212122,305.30760153167296,206,raw,9.457806706088322e-14,-2.0393908783944733e-10,4.298730062138259,6772118.6077692965,0.9982838091821072,5.6189438836900665e-06,1.0,327.00000000000006,,,,[],[],13,661.1538461538462,87.00000000000017,939.9999999999998,"[8, 32, 51, 63, 81, 100, 111, 133, 152, 162, 175, 192, 204]","[877.9999999999999, 638.0, 787.0, 792.0000000000002, 939.9999999999998, 787.9999999999998, 636.9999999999999, 675.0000000000002, 771.0, 196.0, 833.9999999999999, 572.0000000000001, 87.00000000000017]","[0, 13, 39, 39, 76, 99, 107, 107, 107, 161, 164, 187, 203]","[76, 39, 61, 76, 205, 164, 119, 142, 164, 164, 205, 205, 205]",37754613.0,940.9999999999998,-940.9999999999998,0.0,,,,DWT,mdp.39015067403892,0.0,,0.0,33.0,19.0,0.0,28.5,,2.2737367544323206e-13,256.3413461538462,4359.0,256.3413461538462,,0.0,256.3413461538462,,,84.00000000000017,0.0,24.0,2.2737367544323206e-13,2.2737367544323206e-13,,5.684341886080802e-14,1.0115318407430216e-13,1.344359763604153e-26,0.9537934602760598,0.08878034124967948,0.5044078378637107,0.2248376623376625,0.5436162469318883,0.9999999997235555,0.4742280246117984,6.6959667625959335e-09,6.6959667625959335e-09,6.082000342865356e-09,,2.859275438170267e-12,0.9999999933040264,2.7225927463116073e-13,,,,,,0.0,1.0,0.5,2.847685247612971e-13,2.847685247612971e-13,0.7922684098794126,0.2590182137498118,442,1.5762517293196037,0.7570790435759714,443,0,0.24785233644945498,0.29613842720012196,442,0.0,0.4144294435478321,0.7527475504012441,343,49.66890375275057,0.9479361595883118,417.5,412.4699943191414,0.7551525661673215,231,db,0.540986235965534,0.9305070477545101,0.3421575204977732,3,174.0,1.0115318407430216e-13,0.0001547883299646835,1.344359763604153e-26,0.9537934602760598,0.0887803412496796,0.5049200221796403,0.417404306220096,0.5446959142353177,0.9999999997235554,0.9919828214562046,0.9855281704452468,0.9855281704452468,0.9855281704451347,,6.125805465799743e-13,0.9999999999667601,1.5171946557926922e-13,,,,,1.0,,0.0,1.0,0.5,2.847685247612971e-13,2.847685247612971e-13,0.0,2.234570199821426,0.6375734627748266,443,1.654012782450903,0.7646255528590492,1095,461.033621333629,0.7583681229907605,769.0,630.7997399219767,0.6776641453528226,470,0.49117026184683504,0.8233619396015222,0.4091722348267588,4,353.5,,,,,,,,,,,,,6.791807170955629e-19,0.03641360043841644,1.344359763604153e-26,0.9664836161623286,0.027445183376451243,0.11933297440122653,0.3157740987195732,1.0,0.5446959142353176,0.9999999999999541,0.0008499884728391244,0.0007982210227401261,0.0007982210227401261,0.0007982210227337874,,0.0,4.786380409530668e-19,0.020163910573049823,1.4108257588933865e-18,,,,,0.4782608695652174,,0.0,1.0,0.8604651162790697,9.54194168962319e-19,9.54194168962319e-19,0.9302325581395349,0.5744527218307418,0.17892707859001003,314,1.808391333899699,0.8778099798312028,797,341.5325753131024,0.8404053386387371,555.5,450.5094509450945,0.7904129496932003,88,1009.0473684210526,935.5,610.6543869996938,760,0.4758535102197843,0.8532293215616218,0.41093374637766444,5,67.25
rbio2.2,1.0,reflect,1.8870471914135404e-27,326.71396485685756,5887209.375572025,0.6428571428571429,359.5862842290012,206,raw,2.4851749568696702e-14,-2.0993673466307704e-10,6.552690694816965,65675.22504818594,0.6157416516240338,5.618943883690066e-06,1.0,327.00000000000006,,,,[],[],13,661.1538461538462,86.99999999999997,940.0,"[8, 32, 51, 63, 81, 100, 111, 133, 152, 162, 175, 192, 204]","[878.0000000000001, 638.0000000000001, 787.0, 792.0, 940.0, 788.0, 637.0, 675.0, 770.9999999999999, 196.00000000000006, 834.0, 572.0000000000001, 86.99999999999997]","[0, 13, 39, 39, 76, 99, 107, 107, 107, 161, 99, 187, 203]","[76, 39, 61, 76, 205, 164, 119, 142, 164, 164, 205, 205, 205]",37754613.0,941.0,-941.0,0.0,,,,DWT,mdp.39015067403892,0.0,,0.0,33.0,19.0,0.0,28.5,,0.0,256.3413461538462,4359.0,256.3413461538462,,0.0,256.3413461538462,,,83.99999999999997,0.0,19.5,0.0,0.0,,5.684341886080802e-14,1.3052772250682273e-14,5.3852206978406425e-28,0.9917257864682941,0.8674106706871627,0.00017021259987594594,0.6428571428571432,0.0006424915819156127,0.9999999997234651,0.47422802461156727,6.6959667625959335e-09,6.6959667625959335e-09,6.082000342865356e-09,,2.859275438170267e-12,0.9999999933040264,0.0,,,,,,0.0,1.0,0.0,0.0,0.0,0.7422684098790931,0.24267159368257407,867,1.6862257671895096,0.8098999463924748,140,0,0.20618566978269887,0.24635434483024996,860,0.0,0.4378507879897337,0.7952888319878415,143,416.8584891782822,0.563041415955679,502.5,243.1306863204186,0.5181559281036257,810,rbio,0.5136782423812899,1.0,0.3404252303330971,4,608.5,1.305277225068226e-14,0.0001547883299646835,5.3852206978406425e-28,0.9917257864682941,0.8674106706871627,0.0012035161402264923,0.7315789473684213,0.0030066722062742635,0.999999999723465,0.9919828214562011,0.9855281704452468,0.9855281704452468,0.9855281704451347,,6.125805465799743e-13,0.9999999999667601,0.0,,,,,1.0,,0.0,1.0,0.25,0.0,0.0,0.0,2.209570199821235,0.6304403968408201,865,1.7232232495129285,0.7966205242416269,508,252.43712088359746,0.8676954293062906,686.5,640.0873998543335,0.7539472953659336,207,0.3888041033402703,1.0,0.4278371276618108,3,156.0,,,,,,,,,,,,,8.764124726703127e-20,0.03641360043841643,5.3852206978406425e-28,0.9939982150072184,0.2681477068526778,0.0015428608031501675,0.5534530413437194,1.0,0.0030066722062742635,0.9999999999999541,0.0008499884728391218,0.0007982210227401261,0.0007982210227401261,0.0007982210227337874,,0.0,4.786380409530668e-19,0.020163910573049823,0.0,,,,,0.4782608695652174,,0.0,1.0,0.7906976744186046,0.0,0.0,0.9302325581395349,0.5674759776446953,0.17675400427451057,896,1.7647521783837492,0.8566271276989157,891,3.5355339059327378,0.9983478813523678,893.5,893.4930050363738,0.7904122584331933,89,818.67,599.5,715.6978453131971,300,0.38607403914171184,1.0,0.42974817260080167,3,67.5
rbio2.2,1.0,antisymmetric,1.8863119424144994e-27,326.715657325429,5879656.176038448,0.6428571428571429,357.22748207298,206,raw,2.4817257202883107e-14,-2.0992840799039235e-10,6.536632926407818,68690.80878684807,0.6372725654220176,5.618943883690066e-06,1.0,327.00000000000006,,,,[],[],13,661.1538461538462,86.99999999999997,940.0,"[8, 32, 51, 63, 81, 100, 111, 133, 152, 162, 175, 192, 204]","[878.0000000000001, 638.0000000000001, 787.0, 792.0, 940.0, 788.0, 637.0, 675.0, 770.9999999999999, 196.00000000000006, 834.0, 572.0000000000001, 86.99999999999997]","[0, 13, 39, 39, 76, 99, 107, 107, 107, 161, 99, 187, 203]","[76, 39, 61, 76, 205, 164, 119, 142, 164, 164, 205, 205, 205]",37754613.0,941.0,-941.0,0.0,,,,DWT,mdp.39015067403892,0.0,,0.0,33.0,19.0,0.0,28.5,,0.0,256.3413461538462,4359.0,256.3413461538462,,0.0,256.3413461538462,,,83.99999999999997,0.0,19.5,0.0,0.0,,5.684341886080802e-14,1.3009190548073502e-14,5.380017589070399e-28,0.9917320320604789,0.8618635172341825,0.00016171236094847787,0.6428571428571432,0.0008866422790455309,0.9999999997234652,0.47422802461156727,6.6959667625959335e-09,6.6959667625959335e-09,6.082000342865356e-09,,2.859275438170267e-12,0.9999999933040264,0.0,,,,,,0.0,1.0,0.0,0.0,0.0,0.7422684098790931,0.24267159368257407,868,1.6835493479777184,0.8086144531813454,147,0,0.20618566978269887,0.24635434483024996,865,0.0,0.43718763081440964,0.7940843086436921,155,413.1088436074283,0.5669718620467208,508.75,257.0284908528509,0.5168454698074274,819,rbio,0.5136782423812899,1.0,0.3404252303330971,4,615.25,1.3009190548073502e-14,0.0001547883299646835,5.380017589070399e-28,0.9917320320604789,0.8618635172341826,0.0011950246861212894,0.7315789473684213,0.003250245315961534,0.9999999997234651,0.9919828214562011,0.9855281704452468,0.9855281704452468,0.9855281704451347,,6.125805465799743e-13,0.9999999999667601,0.0,,,,,1.0,,0.0,1.0,0.25,0.0,0.0,0.0,2.209570199821235,0.6304403968408201,870,1.7205466036585717,0.7953831506022511,539,234.05234457274722,0.8773310563035916,704.5,665.6210078069553,0.7540481277325086,206,0.3888041033402703,1.0,0.4278371276618108,3,155.25,,,,,,,,,,,,,8.734862324040324e-20,0.03641360043841643,5.380017589070399e-28,0.9940027453110717,0.266432883034799,0.0015408751438920878,0.5534530413437194,1.0,0.003250245315961534,0.9999999999999541,0.0008499884728391218,0.0007982210227401261,0.0007982210227401261,0.0007982210227337874,,0.0,4.786380409530668e-19,0.020163910573049823,0.0,,,,,0.4782608695652174,,0.0,1.0,0.7906976744186046,0.0,0.0,0.9302325581395349,0.5674759776446953,0.17675400427451057,898,1.7639939210713675,0.8562590625442054,896,1.4142135623730951,0.9993391525409472,897.0,896.9988851727984,0.7900901370181371,90,818.67,599.5,715.6978453131971,300,0.38607403914171184,1.0,0.42974817260080167,3,68.25
bior1.3,1.0,antisymmetric,6.716518753348365e-27,321.2003501516334,6091878.246968851,0.6761904761904762,325.25260840247114,206,raw,5.69598305954289e-14,-2.1873336475408965e-10,6.324422290825538,68916.30857922336,0.7598386192052349,5.618943883690064e-06,0.9999999999999999,327.00000000000006,,,,[],[],13,661.1538461538463,87.00000000000003,940.0000000000002,"[8, 32, 51, 63, 81, 100, 111, 133, 152, 162, 175, 192, 204]","[878.0000000000002, 638.0000000000001, 787.0000000000001, 792.0000000000001, 940.0000000000002, 788.0, 637.0000000000001, 675.0000000000001, 771.0000000000001, 196.00000000000006, 834.0000000000001, 572.0, 87.00000000000003]","[0, 13, 39, 39, 76, 99, 107, 107, 107, 161, 164, 187, 203]","[76, 39, 61, 76, 205, 164, 119, 142, 164, 164, 205, 205, 205]",37754613.0,941.0000000000002,-941.0000000000002,0.0,,,,DWT,mdp.39015067403892,0.0,,0.0,33.0,19.0,0.0,28.5,,2.2737367544323206e-13,256.3413461538463,4358.999999999998,256.34134615384625,,0.0,256.3413461538463,,,84.00000000000003,0.0,24.0,2.2737367544323206e-13,2.2737367544323206e-13,,5.684341886080802e-14,5.362188966661706e-14,3.9561759356614236e-27,0.9713792999847671,0.7885553881134013,0.00040054337561600537,0.8928571428571432,0.0009048994180548778,0.9999999997233325,0.4742280246116333,6.696054799077647e-09,6.696054799077647e-09,6.082044361106239e-09,,2.859275438170267e-12,0.9999999933039181,2.7225927463116073e-13,,,,,,0.0,1.0,0.5,2.847685247612971e-13,2.847685247612971e-13,0.792268409879375,0.2590182137497995,450,1.7348103625347975,0.8332352920687732,89,0,0.24785233644945054,0.2961384272001167,451,0.0,0.45676215918404606,0.8296384385683504,85,209.87357305450982,0.7800067368401364,268.75,145.77164882499417,0.7491490707261479,249,bior,0.672619891330026,0.76736776154697,0.2989557476048908,5,188.0,5.3621889666617054e-14,0.0001547883299646835,3.9561759356614236e-27,0.9713792999847671,0.7885553881134014,0.001433608873842759,0.9194736842105264,0.0032684592640467736,0.9999999997233324,0.9919828214562021,0.9855281704452481,0.9855281704452481,0.9855281704451354,,6.125805465799743e-13,0.9999999999667596,1.5171946557926922e-13,,,,,1.0,,0.0,1.0,0.5,2.847685247612971e-13,2.847685247612971e-13,0.0,2.2345701998214254,0.6375734627748265,447,1.74696537226265,0.8075961550989973,266,127.9863273947651,0.932921212057251,356.5,333.52594670406734,0.8730381741627974,77,0.5943810304597339,0.7715092316736338,0.3524805091760961,5,59.0,,,,,,,,,,,,,3.600376380543844e-19,0.036413600438416426,3.9561759356614236e-27,0.9792396839680165,0.24377071460444655,0.0015966661657019188,0.6955988944082574,0.9999999999999999,0.0032684592640467736,0.9999999999999541,0.0008499884728391225,0.0007982210227401272,0.0007982210227401272,0.0007982210227337879,,0.0,4.786380409530668e-19,0.020163910573049813,1.4108257588933865e-18,,,,,0.4782608695652174,,0.0,1.0,0.8604651162790697,9.54194168962319e-19,9.54194168962319e-19,0.9302325581395349,0.5744527218307418,0.17892707859001003,404,1.8006985223663123,0.8740758175343699,817,292.03510063004416,0.8635349997055868,610.5,540.6519246519247,0.7891273129369055,91,1104.4,1082.5,563.6960149978129,300,0.520820561188399,0.7876173146100969,0.3991404127850916,6,69.75
rbio2.2,1.0,constant,1.886066859414819e-27,326.71622162822104,5878113.154129826,0.6428571428571429,357.22748207298,206,raw,2.478276483706951e-14,-2.0992285687526923e-10,6.530542187764792,66970.214611678,0.6282439941000586,5.618943883690066e-06,1.0,327.00000000000006,,,,[],[],13,661.1538461538462,86.99999999999997,940.0,"[8, 32, 51, 63, 81, 100, 111, 133, 152, 162, 175, 192, 204]","[878.0000000000001, 638.0000000000001, 787.0, 792.0, 940.0, 788.0, 637.0, 675.0, 770.9999999999999, 196.00000000000006, 834.0, 572.0000000000001, 86.99999999999997]","[0, 13, 39, 39, 76, 99, 107, 107, 107, 161, 99, 187, 203]","[76, 39, 61, 76, 205, 164, 119, 142, 164, 164, 205, 205, 205]",37754613.0,941.0,-941.0,0.0,,,,DWT,mdp.39015067403892,0.0,,0.0,33.0,19.0,0.0,28.5,,0.0,256.3413461538462,4359.0,256.3413461538462,,0.0,256.3413461538462,,,83.99999999999997,0.0,19.5,0.0,0.0,,5.684341886080802e-14,1.2965608845464732e-14,5.378283219480318e-28,0.9917341144655334,0.8597594725728075,0.00015997587102320937,0.6428571428571432,0.0007473378180353326,0.9999999997234653,0.47422802461156727,6.6959667625959335e-09,6.6959667625959335e-09,6.082000342865356e-09,,2.859275438170267e-12,0.9999999933040264,0.0,,,,,,0.0,1.0,0.0,0.0,0.0,0.7422684098790931,0.24267159368257407,863,1.682441985060697,0.8080825830222105,151,0,0.20618566978269887,0.24635434483024996,864,0.0,0.4369072554135026,0.7935750497106907,157,409.63754303855825,0.5706105418883037,508.75,261.29958594275996,0.5186648097282189,805,rbio,0.5136782423812899,1.0,0.3404252303330971,4,604.75,1.2965608845464732e-14,0.0001547883299646835,5.378283219480318e-28,0.9917341144655334,0.8597594725728076,0.0011932899908226764,0.7315789473684213,0.003111270407593741,0.9999999997234652,0.9919828214562011,0.9855281704452468,0.9855281704452468,0.9855281704451347,,6.125805465799743e-13,0.9999999999667601,0.0,,,,,1.0,,0.0,1.0,0.25,0.0,0.0,0.0,2.209570199821235,0.6304403968408201,862,1.7194393734599207,0.7948712945200198,551,219.9102089490163,0.8847430770707462,706.5,672.274593064402,0.7572300291014109,201,0.3888041033402703,1.0,0.4278371276618108,3,151.5,,,,,,,,,,,,,8.705599921377532e-20,0.03641360043841643,5.378283219480318e-28,0.9940042558047709,0.26578244746819896,0.0015404694991418529,0.5534530413437194,1.0,0.003111270407593741,0.9999999999999541,0.0008499884728391218,0.0007982210227401261,0.0007982210227401261,0.0007982210227337874,,0.0,4.786380409530668e-19,0.020163910573049823,0.0,,,,,0.4782608695652174,,0.0,1.0,0.7906976744186046,0.0,0.0,0.9302325581395349,0.5674759776446953,0.17675400427451057,884,1.7636138167985649,0.8560745563934691,900,11.313708498984761,0.9947132203275773,892.0,891.9282511210762,0.7889453952105177,92,818.67,599.5,715.6978453131971,300,0.38607403914171184,1.0,0.42974817260080167,3,69.75
bior1.3,1.0,symmetric,6.717499085347086e-27,321.19971630882725,6090297.337719621,0.6761904761904762,325.25260840247114,206,raw,5.702881532705609e-14,-2.1873336475408965e-10,6.319754665711682,66577.95553784014,0.7514068256914912,5.618943883690064e-06,0.9999999999999999,327.00000000000006,,,,[],[],13,661.1538461538463,87.00000000000003,940.0000000000002,"[8, 32, 51, 63, 81, 100, 111, 133, 152, 162, 175, 192, 204]","[878.0000000000002, 638.0000000000001, 787.0000000000001, 792.0000000000001, 940.0000000000002, 788.0, 637.0000000000001, 675.0000000000001, 771.0000000000001, 196.00000000000006, 834.0000000000001, 572.0, 87.00000000000003]","[0, 13, 39, 39, 76, 99, 107, 107, 107, 161, 164, 187, 203]","[76, 39, 61, 76, 205, 164, 119, 142, 164, 164, 205, 205, 205]",37754613.0,941.0000000000002,-941.0000000000002,0.0,,,,DWT,mdp.39015067403892,0.0,,0.0,33.0,19.0,0.0,28.5,,2.2737367544323206e-13,256.3413461538463,4358.999999999998,256.34134615384625,,0.0,256.3413461538463,,,84.00000000000003,0.0,24.0,2.2737367544323206e-13,2.2737367544323206e-13,,5.684341886080802e-14,5.370905307183459e-14,3.956869683497456e-27,0.9713769609613173,0.7869429577863581,0.0003987642479388715,0.8928571428571432,0.0007155793478243414,0.9999999997233325,0.4742280246116333,6.696054799077647e-09,6.696054799077647e-09,6.082044361106239e-09,,2.859275438170267e-12,0.9999999933039181,2.7225927463116073e-13,,,,,,0.0,1.0,0.5,2.847685247612971e-13,2.847685247612971e-13,0.792268409879375,0.2590182137497995,446,1.7339261263652752,0.8328105904420817,91,0,0.24785233644945054,0.2961384272001167,446,0.0,0.456536425615496,0.8292284281469993,86,206.41281452468013,0.7836343663263311,267.25,147.5948157388418,0.7517490489912577,241,bior,0.672619891330026,0.76736776154697,0.2989557476048908,5,182.0,5.370905307183458e-14,0.0001547883299646835,3.956869683497456e-27,0.9713769609613173,0.7869429577863583,0.0014318315848575213,0.9194736842105264,0.003079587068413737,0.9999999997233324,0.9919828214562021,0.9855281704452481,0.9855281704452481,0.9855281704451354,,6.125805465799743e-13,0.9999999999667596,1.5171946557926922e-13,,,,,1.0,,0.0,1.0,0.5,2.847685247612971e-13,2.847685247612971e-13,0.0,2.2345701998214254,0.6375734627748265,451,1.746081316162313,0.8071874690890398,275,124.45079348883236,0.9347742172490396,363.0,341.6666666666667,0.8722613224609979,78,0.5943810304597339,0.7715092316736338,0.3524805091760961,5,59.75,,,,,,,,,,,,,3.606228861076404e-19,0.036413600438416426,3.956869683497456e-27,0.9792379873335528,0.2432722546370198,0.0015962505607555694,0.6955988944082574,0.9999999999999999,0.003079587068413737,0.9999999999999541,0.0008499884728391225,0.0007982210227401272,0.0007982210227401272,0.0007982210227337879,,0.0,4.786380409530668e-19,0.020163910573049813,1.4108257588933865e-18,,,,,0.4782608695652174,,0.0,1.0,0.8604651162790697,9.54194168962319e-19,9.54194168962319e-19,0.9302325581395349,0.5744527218307418,0.17892707859001003,403,1.8003725177211942,0.873917571846287,819,294.15642097360376,0.8625437285170076,611.0,540.1914893617021,0.7885148549127095,93,1104.4,1082.5,563.6960149978129,300,0.520820561188399,0.7876173146100969,0.3991404127850916,6,71.25
bior1.3,1.0,periodic,6.731223733329183e-27,321.19085220918856,6090279.595572723,0.6761904761904762,325.25260840247114,206,raw,5.716678479031049e-14,-2.1879476008735142e-10,6.319744460066212,66577.33614866782,0.7514013508935565,5.618943883690064e-06,0.9999999999999999,327.00000000000006,,,,[],[],13,661.1538461538463,87.00000000000006,940.0000000000002,"[8, 32, 51, 63, 81, 100, 111, 133, 152, 162, 175, 192, 204]","[878.0000000000002, 638.0000000000001, 787.0000000000001, 792.0000000000001, 940.0000000000002, 788.0, 637.0000000000001, 675.0000000000001, 771.0000000000001, 196.00000000000006, 834.0000000000001, 572.0, 87.00000000000006]","[0, 13, 39, 39, 76, 99, 107, 107, 107, 161, 164, 187, 203]","[76, 39, 61, 76, 205, 164, 119, 142, 164, 164, 205, 205, 205]",37754613.0,941.0000000000002,-941.0000000000002,0.0,,,,DWT,mdp.39015067403892,0.0,,0.0,33.0,19.0,0.0,28.5,,2.2737367544323206e-13,256.3413461538463,4358.999999999998,256.34134615384625,,0.0,256.3413461538463,,,84.00000000000006,0.0,24.0,2.2737367544323206e-13,2.2737367544323206e-13,,5.684341886080802e-14,5.388337988226966e-14,3.966582153201912e-27,0.9713442504269167,0.7869394322478109,0.00039874428123640995,0.8928571428571432,0.0007155292002206525,0.9999999997233315,0.47422802461166635,6.696054799077647e-09,6.696054799077647e-09,6.082044361106239e-09,,2.859275438170267e-12,0.9999999933039181,2.7225927463116073e-13,,,,,,0.0,1.0,0.5,2.847685247612971e-13,2.847685247612971e-13,0.7922684098793848,0.2590182137498027,443,1.733904707232968,0.8328003027602987,92,0,0.24785233644945326,0.2961384272001199,443,0.0,0.45653188734208916,0.8292201850690923,87,204.1035276520227,0.7860550024611921,266.25,148.81787943969363,0.7534834760733633,234,bior,0.672619891330026,0.76736776154697,0.2989557476048908,5,176.75,5.388337988226966e-14,0.0001547883299646835,3.966582153201911e-27,0.9713442504269167,0.786939432247811,0.0014318116387902365,0.9194736842105264,0.0030795370394442623,0.9999999997233314,0.9919828214562026,0.9855281704452481,0.9855281704452481,0.9855281704451354,,6.125805465799743e-13,0.9999999999667596,1.5171946557926922e-13,,,,,1.0,,0.0,1.0,0.5,2.847685247612971e-13,2.847685247612971e-13,0.0,2.234570199821426,0.6375734627748266,444,1.7460598970877772,0.8071775673688824,276,118.79393923933998,0.9377390255559015,360.0,340.4,0.8745298901364413,75,0.5943810304597339,0.7715092316736338,0.3524805091760961,5,57.5,,,,,,,,,,,,,3.617933822141525e-19,0.036413600438416426,3.966582153201911e-27,0.9792142604145266,0.24327116476677862,0.0015962458965257831,0.6955988944082574,0.9999999999999999,0.0030795370394442623,0.9999999999999541,0.0008499884728391229,0.0007982210227401272,0.0007982210227401272,0.0007982210227337879,,0.0,4.786380409530668e-19,0.020163910573049813,1.4108257588933865e-18,,,,,0.4782608695652174,,0.0,1.0,0.8604651162790697,9.54194168962319e-19,9.54194168962319e-19,0.9302325581395349,0.5744527218307418,0.17892707859001003,406,1.8003577142909553,0.8739103861235091,820,292.74220741123065,0.8632045759760605,613.0,543.0995106035889,0.7883779889226097,94,1104.4,1082.5,563.6960149978129,300,0.520820561188399,0.7876173146100969,0.3991404127850916,6,72.0
db15,1.0,periodic,9.700247268159522e-27,319.603964418843,6383205.917086162,0.6495726495726496,326.60380937753996,206,raw,6.776887573226487e-14,-2.0298296377063986e-10,6.575707673931073,62757.42733599746,0.7465997824468467,5.618943883690066e-06,1.0,327.0,,,,[],[],13,661.1538461538462,87.00000000000006,939.9999999999998,"[8, 32, 51, 63, 81, 100, 111, 133, 152, 162, 175, 192, 204]","[878.0, 637.9999999999999, 787.0, 792.0000000000001, 939.9999999999998, 788.0, 637.0000000000001, 675.0, 770.9999999999999, 195.9999999999999, 834.0, 572.0, 87.00000000000006]","[0, 13, 39, 39, 76, 99, 107, 107, 107, 161, 99, 187, 203]","[76, 39, 61, 76, 205, 164, 119, 142, 164, 164, 205, 205, 205]",37754613.0,940.9999999999998,-940.9999999999998,0.0,,,,DWT,mdp.39015067403892,0.0,,0.0,33.0,19.0,0.0,28.5,,2.2737367544323206e-13,256.3413461538462,4359.0,256.34134615384613,,0.0,256.3413461538462,,,84.00000000000006,0.0,19.5,2.2737367544323206e-13,2.2737367544323206e-13,,0.0,6.7279305721639e-14,6.067659803533608e-27,0.9654882752267369,0.8753618823323167,0.0007283984509614036,0.6932234432234434,0.00040625793455188633,0.9999999997235699,0.47422802461166635,6.6959667625959335e-09,6.6959667625959335e-09,6.0819563246244724e-09,,0.0,0.9999999933040264,2.7225927463116073e-13,,,,,,0.0,1.0,0.0,2.847685247612971e-13,2.847685247612971e-13,0.7422684098779301,0.24267159368219382,879,1.6947899858803277,0.8140133696324409,122,0,0.20618566978253533,0.24635434483005456,876,0.0,0.441901032111456,0.8026454795152308,125,435.32554867975915,0.5436839112371498,500.5,216.49789459772018,0.5095253937737112,849,db,0.540986235965534,0.9305070477545101,0.3421575204977732,3,637.5,6.727930572163899e-14,0.0001547883299646835,6.067659803533608e-27,0.9654882752267369,0.8753618823323168,0.0017611251177046933,0.7694331983805669,0.002770997416984064,0.9999999997235698,0.9919828214562026,0.9855281704452468,0.9855281704452468,0.9855281704451341,,0.0,0.9999999999667601,1.5171946557926922e-13,,,,,1.0,,0.0,1.0,0.25,2.847685247612971e-13,2.847685247612971e-13,0.0,2.2095701998211186,0.6304403968407869,880,1.7267825835685109,0.7982659515315097,478,284.2569260369921,0.8510183825801928,679.0,619.499263622975,0.7475741808079162,219,0.49117026184683504,0.8233619396015222,0.4091722348267588,4,165.25,,,,,,,,,,,,,4.517386923989384e-19,0.03641360043841643,6.067659803533608e-27,0.9749665692061884,0.2706057111652825,0.0016732532441620673,0.5820904842688094,1.0,0.002770997416984064,0.9999999999999541,0.0008499884728391229,0.0007982210227401261,0.0007982210227401261,0.0007982210227337869,,0.0,0.0,0.020163910573049823,1.4108257588933865e-18,,,,,0.4782608695652174,,0.0,1.0,0.7906976744186046,9.54194168962319e-19,9.54194168962319e-19,0.9302325581395349,0.5674759776446953,0.17675400427451057,903,1.7659880965342594,0.8572270538688962,888,10.606601717798213,0.9950436440571037,895.5,895.4371859296483,0.788292850065935,95,1009.0473684210526,935.5,610.6543869996938,760,0.4758535102197843,0.8532293215616218,0.41093374637766444,5,72.5
bior1.3,1.0,zero,6.716518753348365e-27,321.2003501516334,6090290.009448308,0.6761904761904762,325.25260840247114,206,raw,5.69598305954289e-14,-2.1873336475408965e-10,6.309950768416882,67373.60898526077,0.75721286922602,5.618943883690064e-06,0.9999999999999999,327.00000000000006,,,,[],[],13,661.1538461538463,87.00000000000003,940.0000000000002,"[8, 32, 51, 63, 81, 100, 111, 133, 152, 162, 175, 192, 204]","[878.0000000000002, 638.0000000000001, 787.0000000000001, 792.0000000000001, 940.0000000000002, 788.0, 637.0000000000001, 675.0000000000001, 771.0000000000001, 196.00000000000006, 834.0000000000001, 572.0, 87.00000000000003]","[0, 13, 39, 39, 76, 99, 107, 107, 107, 161, 164, 187, 203]","[76, 39, 61, 76, 205, 164, 119, 142, 164, 164, 205, 205, 205]",37754613.0,941.0000000000002,-941.0000000000002,0.0,,,,DWT,mdp.39015067403892,0.0,,0.0,33.0,19.0,0.0,28.5,,2.2737367544323206e-13,256.3413461538463,4358.999999999998,256.34134615384625,,0.0,256.3413461538463,,,84.00000000000003,0.0,24.0,2.2737367544323206e-13,2.2737367544323206e-13,,5.684341886080802e-14,5.362188966661706e-14,3.9561759356614236e-27,0.9713792999847671,0.7835562030801106,0.00039875600083023714,0.8928571428571432,0.000779997835485955,0.9999999997233325,0.4742280246116333,6.696054799077647e-09,6.696054799077647e-09,6.082044361106239e-09,,2.859275438170267e-12,0.9999999933039181,2.7225927463116073e-13,,,,,,0.0,1.0,0.5,2.847685247612971e-13,2.847685247612971e-13,0.792268409879375,0.2590182137497995,445,1.7322599156977316,0.8320103038158304,95,0,0.24785233644945054,0.2961384272001167,450,0.0,0.4561214249352154,0.828474643032646,88,205.56669639478733,0.7845212826050447,269.5,151.74872161521213,0.7510132618475958,243,bior,0.672619891330026,0.76736776154697,0.2989557476048908,5,183.5,5.3621889666617054e-14,0.0001547883299646835,3.9561759356614236e-27,0.9713792999847671,0.7835562030801106,0.0014318233462721043,0.9194736842105264,0.0031438531612225607,0.9999999997233324,0.9919828214562021,0.9855281704452481,0.9855281704452481,0.9855281704451354,,6.125805465799743e-13,0.9999999999667596,1.5171946557926922e-13,,,,,1.0,,0.0,1.0,0.5,2.847685247612971e-13,2.847685247612971e-13,0.0,2.2345701998214254,0.6375734627748265,446,1.7444150445410895,0.8064171764570183,292,108.89444430272832,0.9429274400929097,369.0,352.93224932249325,0.8747656068389077,74,0.5943810304597339,0.7715092316736338,0.3524805091760961,5,56.75,,,,,,,,,,,,,3.600376380543844e-19,0.036413600438416426,3.9561759356614236e-27,0.9792396839680165,0.24222528745199154,0.0015962486342276504,0.6955988944082574,0.9999999999999999,0.0031438531612225603,0.9999999999999541,0.0008499884728391225,0.0007982210227401272,0.0007982210227401272,0.0007982210227337879,,0.0,4.786380409530668e-19,0.020163910573049813,1.4108257588933865e-18,,,,,0.4782608695652174,,0.0,1.0,0.8604651162790697,9.54194168962319e-19,9.54194168962319e-19,0.9302325581395349,0.5744527218307418,0.17892707859001003,407,1.799875757583218,0.8736764398531596,821,292.74220741123065,0.8632045759760605,614.0,544.21335504886,0.7881443440627967,96,1104.4,1082.5,563.6960149978129,300,0.520820561188399,0.7876173146100969,0.3991404127850916,6,73.5
rbio2.2,1.0,symmetric,1.886128130164739e-27,326.7160805456489,5880091.816544936,0.6428571428571429,357.22748207298,206,raw,2.480001101997631e-14,-2.099173057601461e-10,6.540955032033738,66219.06558956916,0.621935333879945,5.618943883690066e-06,1.0,327.00000000000006,,,,[],[],13,661.1538461538462,86.99999999999997,940.0,"[8, 32, 51, 63, 81, 100, 111, 133, 152, 162, 175, 192, 204]","[878.0000000000001, 638.0000000000001, 787.0, 792.0, 940.0, 788.0, 637.0, 675.0, 770.9999999999999, 196.00000000000006, 834.0, 572.0000000000001, 86.99999999999997]","[0, 13, 39, 39, 76, 99, 107, 107, 107, 161, 99, 187, 203]","[76, 39, 61, 76, 205, 164, 119, 142, 164, 164, 205, 205, 205]",37754613.0,941.0,-941.0,0.0,,,,DWT,mdp.39015067403892,0.0,,0.0,33.0,19.0,0.0,28.5,,0.0,256.3413461538462,4359.0,256.3413461538462,,0.0,256.3413461538462,,,83.99999999999997,0.0,19.5,0.0,0.0,,5.684341886080802e-14,1.2987399696769117e-14,5.378716811877831e-28,0.9917335938389026,0.8633565879110089,0.00016220262317115207,0.6428571428571432,0.0006865225420258877,0.9999999997234654,0.47422802461156727,6.6959667625959335e-09,6.6959667625959335e-09,6.082000342865356e-09,,2.859275438170267e-12,0.9999999933040264,0.0,,,,,,0.0,1.0,0.0,0.0,0.0,0.7422684098790931,0.24267159368257407,864,1.6842170176194893,0.8089351371713542,145,0,0.20618566978269887,0.24635434483024996,863,0.0,0.43734950618696633,0.7943783304417554,152,412.8155358833612,0.5672793124912356,506.0,253.2983393410861,0.5184404948200413,806,rbio,0.5136782423812899,1.0,0.3404252303330971,4,605.5,1.2987399696769117e-14,0.0001547883299646835,5.378716811877831e-28,0.9917335938389026,0.863356587911009,0.0011955144416680304,0.7315789473684213,0.0030505990023172377,0.9999999997234653,0.9919828214562011,0.9855281704452468,0.9855281704452468,0.9855281704451347,,6.125805465799743e-13,0.9999999999667601,0.0,,,,,1.0,,0.0,1.0,0.25,0.0,0.0,0.0,2.209570199821235,0.6304403968408201,863,1.7212144624163548,0.7956918917905416,534,232.63813101037414,0.8780722583803071,698.5,659.7594846098783,0.7559910558148915,205,0.3888041033402703,1.0,0.4278371276618108,3,154.5,,,,,,,,,,,,,8.720231122708928e-20,0.03641360043841643,5.378716811877831e-28,0.9940038781629458,0.266894444659171,0.0015409896693459777,0.5534530413437194,1.0,0.0030505990023172377,0.9999999999999541,0.0008499884728391218,0.0007982210227401261,0.0007982210227401261,0.0007982210227337874,,0.0,4.786380409530668e-19,0.020163910573049823,0.0,,,,,0.4782608695652174,,0.0,1.0,0.7906976744186046,0.0,0.0,0.9302325581395349,0.5674759776446953,0.17675400427451057,905,1.7641455803319472,0.8563326793604193,895,7.0710678118654755,0.9966957627047358,900.0,899.9722222222222,0.7880675075205923,97,818.67,599.5,715.6978453131971,300,0.38607403914171184,1.0,0.42974817260080167,3,73.5
bior1.3,1.0,constant,6.716518753348365e-27,321.2003501516334,6090287.317096618,0.6761904761904762,325.25260840247114,206,raw,5.69598305954289e-14,-2.1873336475408965e-10,6.309957662772505,67211.75070861679,0.7566281930918008,5.618943883690064e-06,0.9999999999999999,327.00000000000006,,,,[],[],13,661.1538461538463,87.00000000000003,940.0000000000002,"[8, 32, 51, 63, 81, 100, 111, 133, 152, 162, 175, 192, 204]","[878.0000000000002, 638.0000000000001, 787.0000000000001, 792.0000000000001, 940.0000000000002, 788.0, 637.0000000000001, 675.0000000000001, 771.0000000000001, 196.00000000000006, 834.0000000000001, 572.0, 87.00000000000003]","[0, 13, 39, 39, 76, 99, 107, 107, 107, 161, 164, 187, 203]","[76, 39, 61, 76, 205, 164, 119, 142, 164, 164, 205, 205, 205]",37754613.0,941.0000000000002,-941.0000000000002,0.0,,,,DWT,mdp.39015067403892,0.0,,0.0,33.0,19.0,0.0,28.5,,2.2737367544323206e-13,256.3413461538463,4358.999999999998,256.34134615384625,,0.0,256.3413461538463,,,84.00000000000003,0.0,24.0,2.2737367544323206e-13,2.2737367544323206e-13,,5.684341886080802e-14,5.362188966661706e-14,3.9561759356614236e-27,0.9713792999847671,0.7835585847341255,0.0003987529709046358,0.8928571428571432,0.000766893304322643,0.9999999997233325,0.4742280246116333,6.696054799077647e-09,6.696054799077647e-09,6.082044361106239e-09,,2.859275438170267e-12,0.9999999933039181,2.7225927463116073e-13,,,,,,0.0,1.0,0.5,2.847685247612971e-13,2.847685247612971e-13,0.792268409879375,0.2590182137497995,448,1.7322558631973108,0.8320083573861545,96,0,0.24785233644945054,0.2961384272001167,449,0.0,0.45612008419683114,0.8284722077869119,89,205.55696696212138,0.7845314811717805,270.5,153.18664954374938,0.7504942521162886,244,bior,0.672619891330026,0.76736776154697,0.2989557476048908,5,184.25,5.3621889666617054e-14,0.0001547883299646835,3.9561759356614236e-27,0.9713792999847671,0.7835585847341255,0.001431820319477869,0.9194736842105264,0.0031307796314560526,0.9999999997233324,0.9919828214562021,0.9855281704452481,0.9855281704452481,0.9855281704451354,,6.125805465799743e-13,0.9999999999667596,1.5171946557926922e-13,,,,,1.0,,0.0,1.0,0.5,2.847685247612971e-13,2.847685247612971e-13,0.0,2.2345701998214254,0.6375734627748265,450,1.7444110044427936,0.8064153087795578,293,111.01576464628796,0.9418156369778365,371.5,354.9125168236877,0.8735545690130273,76,0.5943810304597339,0.7715092316736338,0.3524805091760961,5,58.25,,,,,,,,,,,,,3.600376380543844e-19,0.036413600438416426,3.9561759356614236e-27,0.9792396839680165,0.2422260237065526,0.001596247926435802,0.6955988944082574,0.9999999999999999,0.0031307796314560526,0.9999999999999541,0.0008499884728391225,0.0007982210227401272,0.0007982210227401272,0.0007982210227337879,,0.0,4.786380409530668e-19,0.020163910573049813,1.4108257588933865e-18,,,,,0.4782608695652174,,0.0,1.0,0.8604651162790697,9.54194168962319e-19,9.54194168962319e-19,0.9302325581395349,0.5744527218307418,0.17892707859001003,405,1.799870895944696,0.8736740799685854,822,294.8635277547903,0.8622133047874811,613.5,542.640586797066,0.7877655308984135,98,1104.4,1082.5,563.6960149978129,300,0.520820561188399,0.7876173146100969,0.3991404127850916,6,75.0
rbio2.4,1.0,constant,3.99928353589272e-27,323.45197051596085,5847751.561295496,0.6495327102803738,319.8879715545758,206,raw,4.023103317583431e-14,-2.1467838617894862e-10,6.500304158330277,65934.01648015324,0.656132145930581,5.618943883690066e-06,1.0,327.0000000000001,,,,[],[],13,661.1538461538462,86.99999999999997,940.0000000000001,"[8, 32, 51, 63, 81, 100, 111, 133, 152, 162, 175, 192, 204]","[878.0000000000002, 638.0000000000001, 787.0000000000001, 792.0, 940.0000000000001, 788.0, 637.0, 675.0000000000001, 771.0, 196.0, 834.0000000000002, 572.0000000000001, 86.99999999999997]","[0, 13, 39, 39, 76, 99, 107, 107, 107, 161, 99, 187, 203]","[76, 39, 61, 76, 205, 164, 119, 142, 164, 164, 205, 205, 205]",37754613.0,941.0000000000001,-941.0000000000001,0.0,,,,DWT,mdp.39015067403892,0.0,,0.0,33.0,19.0,0.0,28.5,,1.1368683772161603e-13,256.3413461538462,4359.0,256.3413461538462,,0.0,256.3413461538462,,,83.99999999999997,0.0,19.5,1.1368683772161603e-13,1.1368683772161603e-13,,1.1368683772161603e-13,3.248476390136569e-14,2.033280371138226e-27,0.9796882888710262,0.8493137502834365,0.00012580746435487847,0.6929238985313753,0.0006634441118407469,0.9999999997233936,0.47422802461156727,6.6959667625959335e-09,6.6959667625959335e-09,6.082000342865356e-09,,5.718550876340534e-12,0.9999999933040264,1.3612963731558036e-13,,,,,,0.0,1.0,0.0,1.4238426238064856e-13,1.4238426238064856e-13,0.7422684098806477,0.2426715936830823,769,1.6899676891431652,0.8116972041788515,132,0,0.2061856697829722,0.24635434483057653,777,0.0,0.4403393986231825,0.7998090116888642,128,371.25418067230794,0.6108446743476856,451.5,222.52325935471433,0.5687871170480566,635,rbio,0.5136782423812899,1.0,0.3404252303330971,4,477.25,3.2484763901365684e-14,0.0001547883299646835,2.033280371138226e-27,0.9796882888710262,0.8493137502834366,0.0011591568965005302,0.7692080668962126,0.0030275751687874725,0.9999999997233935,0.9919828214562011,0.9855281704452468,0.9855281704452468,0.9855281704451347,,1.2251610931599486e-12,0.9999999999667601,7.585973278963461e-14,,,,,1.0,,0.0,1.0,0.25,1.4238426238064856e-13,1.4238426238064856e-13,0.0,2.2095701998216364,0.6304403968409347,772,1.7219901201269407,0.7960504668342648,525,174.65537495307723,0.9084615435256409,648.5,624.9807247494217,0.7842884237544347,156,0.3888041033402703,1.0,0.4278371276618108,3,117.75,,,,,,,,,,,,,2.1811498513979737e-19,0.03641360043841643,2.033280371138226e-27,0.9852666936181359,0.26255330056815473,0.0015324877454977806,0.5819201681256695,1.0,0.0030275751687874725,0.9999999999999541,0.0008499884728391218,0.0007982210227401261,0.0007982210227401261,0.0007982210227337874,,0.0,9.572760819061336e-19,0.020163910573049823,7.054128794466933e-19,,,,,0.4782608695652174,,0.0,1.0,0.7906976744186046,4.770970844811595e-19,4.770970844811595e-19,0.9302325581395349,0.5674759776446953,0.17675400427451057,904,1.7681060877769972,0.8582551465251804,879,17.67766952966369,0.9917394067618394,891.5,891.3247335950645,0.7875753108575552,99,818.67,599.5,715.6978453131971,300,0.38607403914171184,1.0,0.42974817260080167,3,75.0
rbio2.2,1.0,zero,1.886128130164739e-27,326.7160805456489,5878182.174795994,0.6428571428571429,357.22748207298,206,raw,2.480001101997631e-14,-2.099256324328308e-10,6.530340574861858,67169.33011621315,0.6291820170017385,5.618943883690066e-06,1.0,327.00000000000006,,,,[],[],13,661.1538461538462,86.99999999999997,940.0,"[8, 32, 51, 63, 81, 100, 111, 133, 152, 162, 175, 192, 204]","[878.0000000000001, 638.0000000000001, 787.0, 792.0, 940.0, 788.0, 637.0, 675.0, 770.9999999999999, 196.00000000000006, 834.0, 572.0000000000001, 86.99999999999997]","[0, 13, 39, 39, 76, 99, 107, 107, 107, 161, 99, 187, 203]","[76, 39, 61, 76, 205, 164, 119, 142, 164, 164, 205, 205, 205]",37754613.0,941.0,-941.0,0.0,,,,DWT,mdp.39015067403892,0.0,,0.0,33.0,19.0,0.0,28.5,,0.0,256.3413461538462,4359.0,256.3413461538462,,0.0,256.3413461538462,,,83.99999999999997,0.0,19.5,0.0,0.0,,5.684341886080802e-14,1.2987399696769117e-14,5.378716811877831e-28,0.9917335938389026,0.8596898254286853,0.00016005354567628135,0.6428571428571432,0.0007634588060279259,0.9999999997234652,0.47422802461156727,6.6959667625959335e-09,6.6959667625959335e-09,6.082000342865356e-09,,2.859275438170267e-12,0.9999999933040264,0.0,,,,,,0.0,1.0,0.0,0.0,0.0,0.7422684098790931,0.24267159368257407,862,1.682413336345181,0.808068822947129,152,0,0.20618566978269887,0.24635434483024996,866,0.0,0.4369005092749892,0.793562796384293,158,409.35192683069175,0.5709099299468641,509.5,262.7622213165666,0.5184214219964929,807,rbio,0.5136782423812899,1.0,0.3404252303330971,4,606.25,1.2987399696769117e-14,0.0001547883299646835,5.378716811877831e-28,0.9917335938389026,0.8596898254286854,0.0011933675852005905,0.7315789473684213,0.003127353258155899,0.9999999997234651,0.9919828214562011,0.9855281704452468,0.9855281704452468,0.9855281704451347,,6.125805465799743e-13,0.9999999999667601,0.0,,,,,1.0,,0.0,1.0,0.25,0.0,0.0,0.0,2.209570199821235,0.6304403968408201,864,1.7194107094492947,0.7948580435734706,552,220.61731573020282,0.8843724760323884,708.0,673.6271186440678,0.7566516468212257,202,0.3888041033402703,1.0,0.4278371276618108,3,152.25,,,,,,,,,,,,,8.720231122708928e-20,0.03641360043841643,5.378716811877831e-28,0.9940038781629458,0.2657609170413593,0.001540487643972287,0.5534530413437194,1.0,0.003127353258155899,0.9999999999999541,0.0008499884728391218,0.0007982210227401261,0.0007982210227401261,0.0007982210227337874,,0.0,4.786380409530668e-19,0.020163910573049823,0.0,,,,,0.4782608695652174,,0.0,1.0,0.7906976744186046,0.0,0.0,0.9302325581395349,0.5674759776446953,0.17675400427451057,908,1.76360926721269,0.8560723479821534,901,4.949747468305833,0.997687033893315,904.5,904.4864566058595,0.7875117412457229,100,818.67,599.5,715.6978453131971,300,0.38607403914171184,1.0,0.42974817260080167,3,75.75
db31,1.0,antisymmetric,1.636549389209039e-26,317.33250130496594,7478292.696550593,0.6616541353383458,328.3540797742501,206,raw,9.350018062920836e-14,-2.045240643511222e-10,6.752851335528577,158709.57561672933,0.9164915517624971,5.6189438836900665e-06,1.0,327.0,,,,[],[],13,661.1538461538462,86.99999999999989,940.0,"[8, 32, 51, 63, 81, 100, 111, 133, 152, 162, 175, 192, 204]","[878.0, 638.0, 787.0, 791.9999999999998, 940.0, 787.9999999999998, 636.9999999999999, 675.0000000000002, 770.9999999999998, 195.9999999999999, 833.9999999999998, 572.0, 86.99999999999989]","[0, 13, 42, 42, 76, 99, 107, 107, 107, 161, 99, 187, 203]","[76, 39, 61, 76, 205, 164, 119, 142, 164, 164, 205, 205, 205]",37754613.0,941.0,-941.0,0.0,,,,DWT,mdp.39015067403892,0.0,,0.0,33.0,19.0,0.0,28.5,,0.0,256.3413461538462,4359.0,256.3413461538461,,0.0,256.3413461538462,,,83.99999999999989,0.0,24.0,0.0,0.0,,0.0,9.979125586777829e-14,1.0784429661098985e-26,0.957106062102461,0.9365561310639394,0.0019607899997850647,0.7838345864661651,0.008174831426146362,0.9999999997235467,0.47422802461146824,6.6959667625959335e-09,6.6959667625959335e-09,6.081912306383589e-09,,0.0,0.9999999933040264,0.0,,,,,,0.0,1.0,0.5,0.0,0.0,0.7922684098776075,0.2590182137492217,581,1.7603258648397122,0.8454904742341902,78,0,0.2478523364491117,0.29613842719971184,580,0.0,0.4609540500977679,0.8372523657783488,82,288.96871226253313,0.69709778588833,330.25,140.5434804509939,0.675461890847729,375,db,0.540986235965534,0.9305070477545101,0.3421575204977732,3,282.0,9.979125586777828e-14,0.0001547883299646835,1.0784429661098983e-26,0.957106062102461,0.9365561310639395,0.0029922430151863508,0.837534626038781,0.010521192789864239,0.9999999997235466,0.9919828214561996,0.9855281704452468,0.9855281704452468,0.9855281704451335,,0.0,0.9999999999667601,0.0,,,,,1.0,,0.0,1.0,0.5,0.0,0.0,0.0,2.234570199820928,0.6375734627746846,580,1.7833065882209356,0.8243961596929757,57,369.81684656056433,0.8061756569389076,318.5,103.79905808477237,0.8196234678824517,122,0.49117026184683504,0.8233619396015222,0.4091722348267588,4,92.5,,,,,,,,,,,,,6.700362162634377e-19,0.03641360043841644,1.0784429661098983e-26,0.9688864456098127,0.2895230452775752,0.0019611404093796444,0.6336104772823683,1.0,0.01052119278986424,0.9999999999999541,0.0008499884728391206,0.0007982210227401261,0.0007982210227401261,0.0007982210227337863,,0.0,0.0,0.020163910573049823,0.0,,,,,0.4782608695652174,,0.0,1.0,0.8604651162790697,0.0,0.0,0.9302325581395349,0.5744527218307418,0.17892707859001003,420,1.7956507083697646,0.8716255616525603,826,287.0853531617383,0.8658479658122719,623.0,556.8539325842696,0.7873632352425846,101,1009.0473684210526,935.5,610.6543869996938,760,0.4758535102197843,0.8532293215616218,0.41093374637766444,5,77.0
rbio2.2,1.0,antireflect,1.886134225648851e-27,326.7160665103837,5884094.851454444,0.6428571428571429,357.22748207298,206,raw,2.4805450664146438e-14,-2.099256324328308e-10,6.546148484372068,69767.75285997734,0.6382878072018362,5.618943883690066e-06,1.0,327.00000000000006,,,,[],[],13,661.1538461538462,86.99999999999997,940.0,"[8, 32, 51, 63, 81, 100, 111, 133, 152, 162, 175, 192, 204]","[878.0000000000001, 638.0000000000001, 787.0, 792.0, 940.0, 788.0, 637.0, 675.0, 770.9999999999999, 196.00000000000006, 834.0, 572.0000000000001, 86.99999999999997]","[0, 13, 39, 39, 76, 99, 107, 107, 107, 161, 99, 187, 203]","[76, 39, 61, 76, 205, 164, 119, 142, 164, 164, 205, 205, 205]",37754613.0,941.0,-941.0,0.0,,,,DWT,mdp.39015067403892,0.0,,0.0,33.0,19.0,0.0,28.5,,0.0,256.3413461538462,4359.0,256.3413461538462,,0.0,256.3413461538462,,,83.99999999999997,0.0,19.5,0.0,0.0,,5.684341886080802e-14,1.2994272781549721e-14,5.378759947559596e-28,0.9917335420455967,0.8651506651661677,0.00016670756879248147,0.6428571428571432,0.0009738348987872389,0.9999999997234652,0.47422802461156727,6.6959667625959335e-09,6.6959667625959335e-09,6.082000342865356e-09,,2.859275438170267e-12,0.9999999933040264,0.0,,,,,,0.0,1.0,0.0,0.0,0.0,0.7422684098790931,0.24267159368257407,861,1.6852312025866003,0.8094222536455998,141,0,0.20618566978269887,0.24635434483024996,861,0.0,0.4376102365324957,0.7948519071433342,146,414.25384729655804,0.5657716485361026,502.25,245.93599950048394,0.5196520716475063,799,rbio,0.5136782423812899,1.0,0.3404252303330971,4,600.25,1.2994272781549708e-14,0.0001547883299646835,5.378759947559596e-28,0.9917335420455967,0.8651506651661678,0.0012000147315206298,0.7315789473684213,0.003337231664073276,0.9999999997234651,0.9919828214562011,0.9855281704452468,0.9855281704452468,0.9855281704451347,,6.125805465799743e-13,0.9999999999667601,0.0,,,,,1.0,,0.0,1.0,0.25,0.0,0.0,0.0,2.209570199821235,0.6304403968408201,860,1.7222283731775794,0.7961606076823271,524,237.58787847867995,0.875478051111803,692.0,651.21387283237,0.7563973064783334,204,0.3888041033402703,1.0,0.4278371276618108,3,153.75,,,,,,,,,,,,,8.72484597165576e-20,0.03641360043841643,5.378759947559596e-28,0.9940038405941443,0.26744905819823006,0.0015420420264686972,0.5534530413437194,1.0,0.0033372316640732755,0.9999999999999541,0.0008499884728391218,0.0007982210227401261,0.0007982210227401261,0.0007982210227337874,,0.0,4.786380409530668e-19,0.020163910573049823,0.0,,,,,0.4782608695652174,,0.0,1.0,0.7906976744186046,0.0,0.0,0.9302325581395349,0.5674759776446953,0.17675400427451057,907,1.7645380438034597,0.8565231847812067,892,10.606601717798213,0.9950436440571037,899.5,899.4374652584769,0.7873582706266826,102,818.67,599.5,715.6978453131971,300,0.38607403914171184,1.0,0.42974817260080167,3,77.25
rbio2.6,1.0,constant,3.723489530170434e-27,323.7622910983683,5841861.560235132,0.6467889908256881,317.0449187823229,206,raw,4.0138334942710255e-14,-2.1496338042936993e-10,6.49056948080508,66148.98869331725,0.6702236684570961,5.618943883690066e-06,1.0,327.0000000000001,,,,[],[],13,661.1538461538462,86.99999999999997,940.0000000000001,"[8, 32, 51, 63, 81, 100, 111, 133, 152, 162, 175, 192, 204]","[878.0000000000001, 638.0000000000002, 787.0000000000001, 792.0, 940.0000000000001, 788.0, 637.0000000000001, 675.0000000000001, 771.0, 196.00000000000006, 834.0000000000002, 572.0000000000001, 86.99999999999997]","[0, 13, 39, 39, 76, 99, 107, 107, 107, 161, 99, 187, 203]","[76, 39, 61, 76, 205, 164, 119, 142, 164, 164, 205, 205, 205]",37754613.0,941.0000000000001,-941.0000000000001,0.0,,,,DWT,mdp.39015067403892,0.0,,0.0,33.0,19.0,0.0,28.5,,1.1368683772161603e-13,256.3413461538462,4359.0,256.3413461538462,,0.0,256.3413461538462,,,83.99999999999997,0.0,19.5,1.1368683772161603e-13,1.1368683772161603e-13,,1.1368683772161603e-13,3.2367638075604613e-14,1.8381102706925053e-27,0.9808334420732495,0.8459509075352012,0.00011917895996100311,0.672346002621232,0.0006808489064861913,0.9999999997233894,0.47422802461156727,6.6959667625959335e-09,6.6959667625959335e-09,6.082000342865356e-09,,5.718550876340534e-12,0.9999999933040264,1.3612963731558036e-13,,,,,,0.0,1.0,0.0,1.4238426238064856e-13,1.4238426238064856e-13,0.7422684098806477,0.2426715936830823,768,1.6807458489919833,0.8072679231244346,161,0,0.2061856697829722,0.24635434483057653,769,0.0,0.4374912974774439,0.7946358725836977,147,354.8280099804223,0.6280628826201025,461.25,256.14139557436516,0.5722861582911833,627,rbio,0.5136782423812899,1.0,0.3404252303330971,4,471.25,3.236763807560461e-14,0.0001547883299646835,1.8381102706925053e-27,0.9808334420732495,0.8459509075352012,0.0011525352425297408,0.7537421535490102,0.003044938788900355,0.9999999997233892,0.9919828214562011,0.9855281704452468,0.9855281704452468,0.9855281704451347,,1.2251610931599486e-12,0.9999999999667601,7.585973278963461e-14,,,,,1.0,,0.0,1.0,0.25,1.4238426238064856e-13,1.4238426238064856e-13,0.0,2.2095701998216364,0.6304403968409347,782,1.7148130599563343,0.792732618472343,595,132.22896808188437,0.9306976058271046,688.5,675.8024691358024,0.7849242746116655,155,0.3888041033402703,1.0,0.4278371276618108,3,117.0,,,,,,,,,,,,,2.173285580682344e-19,0.03641360043841643,1.8381102706925053e-27,0.9860973421477155,0.2615137254258163,0.0015309393241852468,0.5702199178519871,1.0,0.003044938788900355,0.9999999999999541,0.0008499884728391218,0.0007982210227401261,0.0007982210227401261,0.0007982210227337874,,0.0,9.572760819061336e-19,0.020163910573049823,7.054128794466933e-19,,,,,0.4782608695652174,,0.0,1.0,0.7906976744186046,4.770970844811595e-19,4.770970844811595e-19,0.9302325581395349,0.5674759776446953,0.17675400427451057,879,1.7634107604514917,0.8559759909532418,905,18.384776310850235,0.991408983032313,892.0,891.8105381165919,0.7872932765628855,103,818.67,599.5,715.6978453131971,300,0.38607403914171184,1.0,0.42974817260080167,3,78.0
rbio1.5,1.0,smooth,5.014677721255742e-27,322.46936219443785,6252048.511063295,0.6682242990654206,320.79709321887566,206,raw,5.140655969943976e-14,-2.1778423509033755e-10,6.362873606711303,86469.03869654764,0.8270553378845092,5.618943883690066e-06,0.9999999999999998,327.0000000000001,,,,[],[],13,661.1538461538463,87.00000000000006,940.0000000000001,"[8, 32, 51, 63, 81, 100, 111, 133, 152, 162, 175, 192, 204]","[878.0000000000001, 638.0000000000001, 787.0000000000001, 792.0000000000001, 940.0000000000001, 788.0000000000002, 637.0000000000001, 675.0000000000001, 771.0, 196.00000000000006, 834.0000000000002, 572.0000000000001, 87.00000000000006]","[0, 13, 39, 39, 76, 99, 107, 107, 107, 161, 99, 187, 203]","[76, 39, 61, 76, 205, 164, 119, 142, 164, 164, 205, 205, 205]",37754613.0,941.0000000000001,-941.0000000000001,0.0,,,,DWT,mdp.39015067403892,0.0,,0.0,33.0,19.0,0.0,28.5,,1.1368683772161603e-13,256.3413461538463,4358.999999999998,256.34134615384625,,0.0,256.3413461538463,,,84.00000000000006,0.0,19.5,1.1368683772161603e-13,1.1368683772161603e-13,,1.1368683772161603e-13,4.6605235546605775e-14,2.7518405321188698e-27,0.9760622417129747,0.8018383888550144,0.0005807961953417484,0.8331108144192259,0.0023260210535559736,0.9999999997233469,0.47422802461166635,6.696054799077647e-09,6.696054799077647e-09,6.082044361106239e-09,,5.718550876340534e-12,0.9999999933039181,1.3612963731558036e-13,,,,,,0.0,1.0,0.0,1.4238426238064856e-13,1.4238426238064856e-13,0.7422684098806893,0.2426715936830959,749,1.7210216716314282,0.8266125371324194,104,0,0.20618566978298974,0.24635434483059748,747,0.0,0.4517397827449383,0.8205160617184659,100,372.97274252506264,0.6090432468290747,425.0,179.4592214661044,0.5817752921776401,589,rbio,0.5136782423812899,1.0,0.3404252303330971,4,442.75,4.660523554660576e-14,0.0001547883299646835,2.751840532118869e-27,0.9760622417129747,0.8018383888550145,0.0016136754059832272,0.8745696015740287,0.004686218951288906,0.9999999997233467,0.9919828214562026,0.9855281704452481,0.9855281704452481,0.9855281704451354,,1.2251610931599486e-12,0.9999999999667596,7.585973278963461e-14,,,,,1.0,,0.0,1.0,0.25,1.4238426238064856e-13,1.4238426238064856e-13,0.0,2.2095701998216377,0.630440396840935,746,1.739112141756753,0.8039657232299018,351,279.30717856868625,0.8536125898486969,548.5,477.38559708295344,0.7830693976497154,159,0.3888041033402703,1.0,0.4278371276618108,3,120.0,,,,,,,,,,,,,3.1292516976727397e-19,0.03641360043841643,2.751840532118869e-27,0.9826365034093723,0.24787696589850117,0.0016387732974352152,0.66162812311513,0.9999999999999998,0.004686218951288906,0.9999999999999541,0.0008499884728391229,0.0007982210227401272,0.0007982210227401272,0.0007982210227337879,,0.0,9.572760819061336e-19,0.020163910573049813,7.054128794466933e-19,,,,,0.4782608695652174,,0.0,1.0,0.7906976744186046,4.770970844811595e-19,4.770970844811595e-19,0.9302325581395349,0.5674759776446953,0.17675400427451057,899,1.7917895886016657,0.8697513381909538,841,41.012193308819754,0.9808354236874675,870.0,869.0333333333333,0.7871466838063506,104,818.67,599.5,715.6978453131971,300,0.38607403914171184,1.0,0.42974817260080167,3,78.75
bior1.3,1.0,periodization,6.444018972945347e-27,321.3802243642432,6090050.951164628,0.6747572815533981,331.804836613641,206,raw,5.702516418436916e-14,-2.186109071544735e-10,6.3086067590949835,66346.06391536669,0.7486656397785154,5.618943883690064e-06,0.9999999999999999,327.00000000000006,,,,[],[],13,661.1538461538463,87.00000000000004,940.0000000000002,"[8, 32, 51, 63, 81, 100, 111, 133, 152, 162, 175, 192, 204]","[878.0000000000002, 638.0000000000001, 787.0000000000001, 792.0000000000001, 940.0000000000002, 788.0000000000001, 637.0000000000001, 675.0000000000001, 771.0000000000001, 196.00000000000006, 834.0000000000001, 572.0, 87.00000000000004]","[0, 13, 39, 39, 76, 99, 107, 107, 107, 161, 164, 187, 203]","[76, 39, 61, 76, 205, 164, 119, 142, 164, 164, 205, 205, 205]",37754613.0,941.0000000000002,-941.0000000000002,0.0,,,,DWT,mdp.39015067403892,0.0,,0.0,33.0,19.0,0.0,28.5,,2.2737367544323206e-13,256.3413461538463,4358.999999999998,256.34134615384625,,0.0,256.3413461538463,,,84.00000000000004,0.0,24.0,2.2737367544323206e-13,2.2737367544323206e-13,,5.684341886080802e-14,5.370443978970648e-14,3.763337047182288e-27,0.972043076550825,0.783091915281156,0.0003984869688101203,0.8821081830790571,0.0006968047070940528,0.9999999997233343,0.4742280246116498,6.696054799077647e-09,6.696054799077647e-09,6.082044361106239e-09,,2.859275438170267e-12,0.9999999933039181,2.7225927463116073e-13,,,,,,0.0,1.0,0.5,2.847685247612971e-13,2.847685247612971e-13,0.7922684098793799,0.2590182137498011,444,1.7280930420592884,0.8300089402961494,99,0,0.24785233644945193,0.29613842720011835,444,0.0,0.45479230828879125,0.826060506403674,94,200.63960227233306,0.7896859514965062,270.25,158.45467096180397,0.7532025145323202,236,bior,0.672619891330026,0.76736776154697,0.2989557476048908,5,178.25,5.370443978970647e-14,0.0001547883299646835,3.7633370471822884e-27,0.972043076550825,0.7830919152811561,0.001431554592291052,0.9113949923352072,0.0030608568428616705,0.9999999997233342,0.9919828214562024,0.9855281704452481,0.9855281704452481,0.9855281704451354,,6.125805465799743e-13,0.9999999999667596,1.5171946557926922e-13,,,,,1.0,,0.0,1.0,0.5,2.847685247612971e-13,2.847685247612971e-13,0.0,2.234570199821426,0.6375734627748266,445,1.7413163569267855,0.8049846991779045,325,84.8528137423857,0.9555278753970725,385.0,375.64935064935065,0.8768729523735888,72,0.5943810304597339,0.7715092316736338,0.3524805091760961,5,55.25,,,,,,,,,,,,,3.6059191078746036e-19,0.036413600438416426,3.7633370471822884e-27,0.979721161055532,0.24208175946367347,0.001596185788238729,0.6894872141794075,0.9999999999999999,0.00306085684286167,0.9999999999999541,0.0008499884728391227,0.0007982210227401272,0.0007982210227401272,0.0007982210227337879,,0.0,4.786380409530668e-19,0.020163910573049813,1.4108257588933865e-18,,,,,0.4782608695652174,,0.0,1.0,0.8604651162790697,9.54194168962319e-19,9.54194168962319e-19,0.9302325581395349,0.5744527218307418,0.17892707859001003,409,1.7976149777996895,0.8725790363105853,825,294.15642097360376,0.8625437285170076,617.0,546.8800648298217,0.7871129857538308,105,1104.4,1082.5,563.6960149978129,300,0.520820561188399,0.7876173146100969,0.3991404127850916,6,80.25
rbio3.9,1.0,reflect,2.796458297102307e-27,325.00570899669196,6351778.716704516,0.65625,394.05100461975445,206,raw,2.86459098081924e-14,-2.0877621853543655e-10,6.729078058461849,69697.45940432277,0.52254503750428,5.618943883690066e-06,1.0,327.00000000000017,,,,[],[],13,661.1538461538462,86.99999999999996,939.9999999999999,"[8, 32, 51, 63, 81, 100, 111, 133, 152, 162, 175, 192, 204]","[878.0, 638.0, 787.0, 792.0, 939.9999999999999, 788.0, 636.9999999999999, 675.0000000000001, 771.0, 196.0, 833.9999999999999, 572.0, 86.99999999999996]","[0, 13, 39, 39, 76, 99, 107, 107, 107, 161, 164, 187, 203]","[76, 39, 61, 76, 205, 164, 119, 142, 164, 164, 205, 205, 205]",37754613.0,940.9999999999999,-940.9999999999999,0.0,,,,DWT,mdp.39015067403892,0.0,,0.0,33.0,19.0,0.0,28.5,,1.1368683772161603e-13,256.3413461538462,4359.0,256.34134615384613,,0.0,256.3413461538462,,,83.99999999999996,0.0,24.0,1.1368683772161603e-13,1.1368683772161603e-13,,1.7053025658242404e-13,1.7846759537646513e-14,1.1820815858036268e-27,0.9854219356140926,0.9283436564155796,0.0006930308281576017,0.7433035714285714,0.0009681437299492788,0.9999999997234825,0.4742280246115508,6.6959667625959335e-09,6.6959667625959335e-09,6.0819563246244724e-09,,8.5778263145108e-12,0.9999999933040264,1.3612963731558036e-13,,,,,,0.0,1.0,0.5,1.4238426238064856e-13,1.4238426238064856e-13,0.7922684098820592,0.2590182137506771,285,1.7534801909431306,0.8422024738787558,81,0,0.2478523364498721,0.29613842720062034,283,0.0,0.4573412922174813,0.8306903449400185,84,116.34539097016263,0.8780446635532887,183.25,127.82500551600742,0.8429793548374409,52,rbio,0.5136782423812899,1.0,0.3404252303330971,4,40.0,1.78467595376465e-14,0.0001547883299646835,1.1820815858036268e-27,0.9854219356140926,0.9283436564155797,0.0017257940466123103,0.8070723684210526,0.003331553958836663,0.9999999997234824,0.9919828214562009,0.9855281704452468,0.9855281704452468,0.9855281704451341,,1.837741639739923e-12,0.9999999999667601,7.585973278963461e-14,,,,,1.0,,0.0,1.0,0.5,1.4238426238064856e-13,1.4238426238064856e-13,0.0,2.2345701998219423,0.637573462774974,290,1.780495891939895,0.8230968165315372,63,160.51323932934628,0.9158735642927954,176.5,103.51274787535411,0.9116841616013243,15,0.3888041033402703,1.0,0.4278371276618108,3,12.0,,,,,,,,,,,,,1.1982989019611303e-19,0.03641360043841643,1.1820815858036268e-27,0.989425652635157,0.2869842752128735,0.0016649913531427806,0.6105652144500068,1.0,0.0033315539588366625,0.9999999999999541,0.0008499884728391216,0.0007982210227401261,0.0007982210227401261,0.0007982210227337869,,0.0,1.4359141228592004e-18,0.020163910573049823,7.054128794466933e-19,,,,,0.4782608695652174,,0.0,1.0,0.8604651162790697,4.770970844811595e-19,4.770970844811595e-19,0.9302325581395349,0.5744527218307418,0.17892707859001003,467,1.7944628123591464,0.8710489458761101,835,260.2152954766495,0.8784040675342759,651.0,598.9938556067588,0.7870992300288202,106,818.67,599.5,715.6978453131971,300,0.38607403914171184,1.0,0.42974817260080167,3,80.25
rbio2.4,1.0,zero,3.999038452893039e-27,323.4522366672725,5847865.958728361,0.6495327102803738,319.8879715545758,206,raw,4.0196540810020717e-14,-2.146728350638255e-10,6.499614413536329,66269.86721523212,0.6578038119650931,5.618943883690066e-06,1.0,327.0000000000001,,,,[],[],13,661.1538461538462,86.99999999999997,940.0000000000001,"[8, 32, 51, 63, 81, 100, 111, 133, 152, 162, 175, 192, 204]","[878.0000000000002, 638.0000000000001, 787.0000000000001, 792.0, 940.0000000000001, 788.0, 637.0, 675.0000000000001, 771.0, 196.0, 834.0000000000002, 572.0000000000001, 86.99999999999997]","[0, 13, 39, 39, 76, 99, 107, 107, 107, 161, 99, 187, 203]","[76, 39, 61, 76, 205, 164, 119, 142, 164, 164, 205, 205, 205]",37754613.0,941.0000000000001,-941.0000000000001,0.0,,,,DWT,mdp.39015067403892,0.0,,0.0,33.0,19.0,0.0,28.5,,1.1368683772161603e-13,256.3413461538462,4359.0,256.3413461538462,,0.0,256.3413461538462,,,83.99999999999997,0.0,19.5,1.1368683772161603e-13,1.1368683772161603e-13,,1.1368683772161603e-13,3.2441182198756926e-14,2.033106934179218e-27,0.9796892710296199,0.8490754780579358,0.00012593620522922125,0.6929238985313753,0.0006906355938910792,0.9999999997233937,0.47422802461156727,6.6959667625959335e-09,6.6959667625959335e-09,6.082000342865356e-09,,5.718550876340534e-12,0.9999999933040264,1.3612963731558036e-13,,,,,,0.0,1.0,0.0,1.4238426238064856e-13,1.4238426238064856e-13,0.7422684098806477,0.2426715936830823,777,1.6898600832888282,0.8116455207226058,133,0,0.2061856697829722,0.24635434483057653,776,0.0,0.44031315239268465,0.7997613394348241,129,372.68340004173336,0.6093465408367575,453.75,224.13488903006308,0.5668588050095738,640,rbio,0.5136782423812899,1.0,0.3404252303330971,4,481.0,3.244118219875692e-14,0.0001547883299646835,2.0331069341792173e-27,0.9796892710296198,0.8490754780579359,0.0011592855043238248,0.7692080668962126,0.0030547023239332993,0.9999999997233936,0.9919828214562011,0.9855281704452468,0.9855281704452468,0.9855281704451347,,1.2251610931599486e-12,0.9999999999667601,7.585973278963461e-14,,,,,1.0,,0.0,1.0,0.25,1.4238426238064856e-13,1.4238426238064856e-13,0.0,2.2095701998216364,0.6304403968409347,784,1.7218824884753168,0.7960007103196833,527,181.7264427649427,0.9047555331420636,655.5,630.3096872616323,0.7806010370112834,163,0.3888041033402703,1.0,0.4278371276618108,3,123.0,,,,,,,,,,,,,2.178223611131693e-19,0.03641360043841643,2.0331069341792173e-27,0.9852674060368672,0.2624796420889201,0.0015325178194181977,0.5819201681256695,1.0,0.0030547023239332993,0.9999999999999541,0.0008499884728391218,0.0007982210227401261,0.0007982210227401261,0.0007982210227337874,,0.0,9.572760819061336e-19,0.020163910573049823,7.054128794466933e-19,,,,,0.4782608695652174,,0.0,1.0,0.7906976744186046,4.770970844811595e-19,4.770970844811595e-19,0.9302325581395349,0.5674759776446953,0.17675400427451057,724,1.7680805518876372,0.8582427511668839,880,110.30865786510141,0.9484538981938778,802.0,794.4139650872818,0.7868437715268455,107,818.67,599.5,715.6978453131971,300,0.38607403914171184,1.0,0.42974817260080167,3,81.0
rbio3.5,1.0,periodization,2.284664261220991e-27,325.8835685873405,5926084.405099347,0.6601941747572816,383.32173092396386,206,raw,2.468346141358521e-14,-2.0838186731708964e-10,6.594390515508459,69545.95809662744,0.5505007439477325,5.618943883690066e-06,1.0,327.0,,,,[],[],13,661.1538461538462,86.99999999999999,939.9999999999999,"[8, 32, 51, 63, 81, 100, 111, 133, 152, 162, 175, 192, 204]","[878.0, 638.0, 786.9999999999999, 792.0, 939.9999999999999, 788.0, 637.0, 675.0000000000001, 771.0, 196.0000000000001, 834.0, 572.0, 86.99999999999999]","[0, 13, 42, 42, 76, 99, 107, 107, 107, 161, 99, 187, 203]","[76, 39, 61, 76, 205, 164, 119, 142, 164, 164, 205, 205, 205]",37754613.0,940.9999999999999,-940.9999999999999,0.0,,,,DWT,mdp.39015067403892,0.0,,0.0,33.0,19.0,0.0,28.5,,1.1368683772161603e-13,256.3413461538462,4359.0,256.34134615384613,,0.0,256.3413461538462,,,83.99999999999999,0.0,24.0,1.1368683772161603e-13,1.1368683772161603e-13,,0.0,1.2840137247090956e-14,8.199022370216246e-28,0.9886614362412659,0.8818158668790387,0.00021396187961172464,0.7728848821081834,0.0009558777300316906,0.9999999997234885,0.4742280246115838,6.6959667625959335e-09,6.6959667625959335e-09,6.0819563246244724e-09,,0.0,0.9999999933040264,1.3612963731558036e-13,,,,,,0.0,1.0,0.5,1.4238426238064856e-13,1.4238426238064856e-13,0.7922684098777802,0.25901821374927814,528,1.7437480799487701,0.8375281080103256,85,0,0.24785233644916005,0.29613842719976957,530,0.0,0.4555665030702041,0.8274667125367444,92,254.34015936667703,0.7333960593640703,308.75,151.42909535536918,0.7048793714011127,330,rbio,0.5136782423812899,1.0,0.3404252303330971,4,248.5,1.2840137247090956e-14,0.0001547883299646835,8.199022370216246e-28,0.9886614362412659,0.8818158668790388,0.001247220205980643,0.8293050587634136,0.0033193169766020355,0.9999999997234884,0.9919828214562014,0.9855281704452468,0.9855281704452468,0.9855281704451341,,0.0,0.9999999999667601,7.585973278963461e-14,,,,,1.0,,0.0,1.0,0.5,1.4238426238064856e-13,1.4238426238064856e-13,0.0,2.2345701998210235,0.6375734627747118,531,1.7678245919716642,0.8172390626819602,120,290.62088706767105,0.8476829732349732,325.5,195.76036866359445,0.8385427444791218,113,0.3888041033402703,1.0,0.4278371276618108,3,85.5,,,,,,,,,,,,,8.621353546991498e-20,0.03641360043841643,8.199022370216246e-28,0.9917754573838226,0.2726008689547239,0.0015530806526253332,0.627384657015289,1.0,0.003319316976602035,0.9999999999999541,0.0008499884728391219,0.0007982210227401261,0.0007982210227401261,0.0007982210227337869,,0.0,0.0,0.020163910573049823,7.054128794466933e-19,,,,,0.4782608695652174,,0.0,1.0,0.8604651162790697,4.770970844811595e-19,4.770970844811595e-19,0.9302325581395349,0.5744527218307418,0.17892707859001003,429,1.7953479189622312,0.8714785848568096,830,283.5498192558056,0.8675000844599039,629.5,565.6393963463066,0.7866706029776155,108,818.67,599.5,715.6978453131971,300,0.38607403914171184,1.0,0.42974817260080167,3,81.75
rbio3.7,1.0,periodization,2.3952722656353786e-27,325.678243609442,5920800.895200626,0.6601941747572816,386.8435535874676,206,raw,2.7255436311331753e-14,-2.0866641747830112e-10,6.587740507003064,69185.69157295483,0.553367333625341,5.618943883690066e-06,1.0,327.0,,,,[],[],13,661.1538461538462,86.99999999999991,940.0,"[8, 32, 51, 63, 81, 100, 111, 133, 152, 162, 175, 192, 204]","[878.0000000000001, 638.0, 786.9999999999999, 792.0, 940.0, 787.9999999999999, 637.0, 675.0000000000001, 771.0, 196.00000000000017, 834.0, 572.0, 86.99999999999991]","[0, 13, 42, 42, 76, 99, 107, 107, 107, 161, 99, 187, 203]","[76, 42, 61, 76, 205, 164, 119, 142, 164, 164, 205, 205, 205]",37754613.0,941.0,-941.0,0.0,,,,DWT,mdp.39015067403892,0.0,,0.0,33.0,19.0,0.0,28.5,,0.0,256.3413461538462,4359.0,256.34134615384613,,0.0,256.3413461538462,,,83.99999999999991,0.0,24.0,0.0,0.0,,0.0,1.608987215123064e-14,8.981757849731859e-28,0.9879037405895215,0.8795186225357938,0.0002080159097859409,0.7728848821081834,0.0009267094725631511,0.9999999997234842,0.47422802461150126,6.6959667625959335e-09,6.6959667625959335e-09,6.0819563246244724e-09,,0.0,0.9999999933040264,0.0,,,,,,0.0,1.0,0.5,0.0,0.0,0.7922684098776306,0.25901821374922923,576,1.7421302000981997,0.836751034839139,86,0,0.24785233644911808,0.29613842719971945,577,0.0,0.45518024629241854,0.8267651363147104,93,281.1843997569329,0.7052574426027957,333.0,154.74002439898229,0.6781004194146054,372,rbio,0.5136782423812899,1.0,0.3404252303330971,4,280.0,1.6089872151230626e-14,0.0001547883299646835,8.981757849731859e-28,0.9879037405895215,0.8795186225357939,0.0012412803811924938,0.8293050587634136,0.003290217722496729,0.9999999997234841,0.9919828214562001,0.9855281704452468,0.9855281704452468,0.9855281704451341,,0.0,0.9999999999667601,0.0,,,,,1.0,,0.0,1.0,0.5,0.0,0.0,0.0,2.2345701998209284,0.6375734627746847,574,1.7662067427949582,0.8164911550271303,132,312.54119728445403,0.8361943410458836,353.0,214.6402266288952,0.8255919294327951,120,0.3888041033402703,1.0,0.4278371276618108,3,90.75,,,,,,,,,,,,,1.0803348412267104e-19,0.03641360043841643,8.981757849731859e-28,0.9912258551316798,0.2718907084465146,0.0015516916716644949,0.627384657015289,1.0,0.003290217722496729,0.9999999999999541,0.000849988472839121,0.0007982210227401261,0.0007982210227401261,0.0007982210227337869,,0.0,0.0,0.020163910573049823,0.0,,,,,0.4782608695652174,,0.0,1.0,0.8604651162790697,0.0,0.0,0.9302325581395349,0.5744527218307418,0.17892707859001003,422,1.7946507431647185,0.8711401692377557,834,291.3279938488576,0.8638654234351133,628.0,560.4267515923567,0.7852037397549398,109,818.67,599.5,715.6978453131971,300,0.38607403914171184,1.0,0.42974817260080167,3,82.5
bior1.5,1.0,periodization,7.80282283301557e-27,320.5492750069987,6126427.24893738,0.6553398058252428,318.5693356270779,206,raw,5.82077374452951e-14,-2.18105755678269e-10,6.303832751277986,67318.08404363535,0.7522947100429401,5.618943883690064e-06,1.0,327.0,,,,[],[],13,661.1538461538462,86.99999999999993,940.0,"[8, 32, 51, 63, 81, 100, 111, 133, 152, 162, 175, 192, 204]","[878.0000000000002, 638.0, 787.0000000000001, 792.0000000000002, 940.0, 788.0000000000001, 637.0000000000001, 675.0, 771.0000000000001, 196.0, 834.0, 572.0, 86.99999999999993]","[0, 13, 39, 39, 76, 99, 107, 107, 107, 161, 99, 187, 203]","[76, 39, 61, 76, 205, 164, 119, 142, 164, 164, 205, 205, 205]",37754613.0,941.0,-941.0,0.0,,,,DWT,mdp.39015067403892,0.0,,0.0,33.0,19.0,0.0,28.5,,0.0,256.3413461538462,4359.0,256.3413461538462,,0.0,256.3413461538462,,,83.99999999999993,0.0,19.5,0.0,0.0,,0.0,5.519864162118642e-14,4.7249166332266025e-27,0.9689766853048696,0.781442735066829,0.0004394242194402085,0.7364771151178922,0.0007755023698047535,0.999999999723342,0.47422802461151775,6.6959667625959335e-09,6.6959667625959335e-09,6.082000342865356e-09,,0.0,0.9999999933040264,0.0,,,,,,0.0,1.0,0.0,0.0,0.0,0.7422684098776486,0.2426715936821018,940,1.6672281377104885,0.8007753206181409,180,0,0.20618566978245648,0.24635434482996033,941,0.0,0.4360139327252791,0.7919524659977155,171,441.68842713689776,0.5370142273198137,558.0,295.63849374347666,0.47605428347122763,929,bior,0.672619891330026,0.76736776154697,0.2989557476048908,5,698.0,5.519864162118641e-14,0.0001547883299646835,4.7249166332266025e-27,0.9689766853048695,0.7814427350668292,0.00147244953511381,0.8019417475728158,0.0031393683304670704,0.9999999997233419,0.9919828214562003,0.9855281704452468,0.9855281704452468,0.9855281704451347,,0.0,0.9999999999667601,0.0,,,,,1.0,,0.0,1.0,0.25,0.0,0.0,0.0,2.2095701998209285,0.6304403968407327,942,1.694922486233549,0.7835375015477132,791,106.77312395916867,0.9440392432079828,866.5,859.9215233698789,0.744949390996025,224,0.5943810304597339,0.7715092316736338,0.3524805091760961,5,169.25,,,,,,,,,,,,,3.7062454674130835e-19,0.036413600438416426,4.7249166332266025e-27,0.9774969229582855,0.2415719387897956,0.0016057487465752631,0.6066838046272496,1.0,0.00313936833046707,0.9999999999999541,0.0008499884728391211,0.0007982210227401261,0.0007982210227401261,0.0007982210227337874,,0.0,0.0,0.020163910573049823,0.0,,,,,0.4782608695652174,,0.0,1.0,0.7906976744186046,0.0,0.0,0.9302325581395349,0.5674759776446953,0.17675400427451057,870,1.76294034685775,0.8557476478178297,912,29.698484809834994,0.9861222033598902,891.0,890.5050505050506,0.7848835315864872,110,1104.4,1082.5,563.6960149978129,300,0.520820561188399,0.7876173146100969,0.3991404127850916,6,84.0
rbio3.5,1.0,reflect,2.9496696366993333e-27,324.77405869178995,6062975.250990225,0.6666666666666666,396.567469767107,206,raw,2.8417397884677313e-14,-2.0889745488972556e-10,6.674197893975155,68881.01307949019,0.538531440285211,5.618943883690066e-06,1.0,327.0000000000001,,,,[],[],13,661.1538461538462,86.99999999999999,939.9999999999998,"[8, 32, 51, 63, 81, 100, 111, 133, 152, 162, 175, 192, 204]","[878.0, 638.0000000000001, 786.9999999999999, 792.0000000000002, 939.9999999999998, 788.0, 636.9999999999999, 675.0000000000001, 771.0000000000002, 196.0, 833.9999999999999, 572.0, 86.99999999999999]","[0, 13, 42, 42, 76, 99, 107, 107, 107, 161, 164, 187, 203]","[76, 42, 61, 76, 205, 164, 119, 142, 164, 164, 205, 205, 205]",37754613.0,940.9999999999998,-940.9999999999998,0.0,,,,DWT,mdp.39015067403892,0.0,,0.0,33.0,19.0,0.0,28.5,,2.2737367544323206e-13,256.3413461538462,4359.0,256.34134615384613,,0.0,256.3413461538462,,,83.99999999999999,0.0,28.5,2.2737367544323206e-13,2.2737367544323206e-13,,1.1368683772161603e-13,1.7558030757863434e-14,1.2905040747560732e-27,0.9845670935459431,0.9093853126298347,0.0003680164483918781,0.8214285714285712,0.0009020417886165306,0.9999999997234807,0.4742280246115838,6.6959667625959335e-09,6.6959667625959335e-09,6.0819563246244724e-09,,5.718550876340534e-12,0.9999999933040264,2.7225927463116073e-13,,,,,,0.0,1.0,1.0,2.847685247612971e-13,2.847685247612971e-13,0.8422684098807646,0.2753648338173871,114,1.7745491658429517,0.8523219738733208,32,0,0.2895190031163383,0.34592250957014603,116,0.0,0.46458137944560696,0.84384085345362,71,39.978119015281344,0.9580942148686779,83.25,63.76826457366744,0.9354150319626409,5,rbio,0.5136782423812899,1.0,0.3404252303330971,4,4.75,1.7558030757863434e-14,0.0001547883299646835,1.2905040747560725e-27,0.9845670935459431,0.9093853126298348,0.0014011155625295408,0.8657894736842104,0.003265608394904009,0.9999999997234806,0.9919828214562014,0.9855281704452468,0.9855281704452468,0.9855281704451341,,1.2251610931599486e-12,0.9999999999667601,1.5171946557926922e-13,,,,,1.0,,0.0,1.0,0.75,2.847685247612971e-13,2.847685247612971e-13,0.0,2.2595701998217312,0.6447065287088658,113,1.7938019394437807,0.829248004743004,44,48.79036790187178,0.9744285283533167,78.5,63.33757961783439,0.9666429853506626,3,0.3888041033402703,1.0,0.4278371276618108,3,3.0,,,,,,,,,,,,,1.1789125601970233e-19,0.03641360043841643,1.2905040747560725e-27,0.9888055842412053,0.28112357210687533,0.001589067862321203,0.6549857935326748,1.0,0.003265608394904009,0.9999999999999541,0.0008499884728391219,0.0007982210227401261,0.0007982210227401261,0.0007982210227337869,,0.0,9.572760819061336e-19,0.020163910573049823,1.4108257588933865e-18,,,,,0.4782608695652174,,0.0,1.0,0.9302325581395349,9.54194168962319e-19,9.54194168962319e-19,0.9302325581395349,0.5814294660167882,0.18110015290550946,180,1.8088643114318594,0.8780395675261797,794,434.16356364854016,0.7971198300707756,487.0,293.4702258726899,0.7847748683064159,111,818.67,599.5,715.6978453131971,300,0.38607403914171184,1.0,0.42974817260080167,3,84.0
db31,1.0,periodic,1.564115491595709e-26,317.5291042938969,7089051.733257396,0.6729323308270677,352.58687587316945,206,raw,8.998627086194813e-14,-2.0594881355862366e-10,6.791291384671062,62463.764650535835,0.73870962799887,5.618943883690066e-06,1.0,327.0000000000001,,,,[],[],13,661.1538461538462,87.0,940.0,"[8, 32, 51, 63, 81, 100, 111, 133, 152, 162, 175, 192, 204]","[877.9999999999998, 638.0, 787.0, 791.9999999999999, 940.0, 787.9999999999998, 636.9999999999999, 675.0000000000002, 770.9999999999998, 195.99999999999977, 833.9999999999998, 571.9999999999998, 87.0]","[0, 13, 39, 39, 76, 99, 107, 107, 107, 161, 99, 187, 203]","[76, 39, 61, 76, 205, 164, 119, 142, 164, 164, 205, 205, 205]",37754613.0,941.0,-941.0,0.0,,,,DWT,mdp.39015067403892,0.0,,0.0,33.0,19.0,0.0,28.5,,0.0,256.3413461538462,4359.0,256.341346153846,,0.0,256.3413461538462,,,84.0,0.0,19.5,0.0,0.0,,1.1368683772161603e-13,9.535136991451026e-14,1.0271839438702923e-26,0.9578315716403536,0.9498352397109416,0.001522745013201335,0.8684210526315793,0.00038248212343535966,0.9999999997235252,0.4742280246116003,6.6959667625959335e-09,6.6959667625959335e-09,6.0818682881427056e-09,,5.718550876340534e-12,0.9999999933040264,0.0,,,,,,0.0,1.0,0.0,0.0,0.0,0.7422684098804931,0.2426715936830318,795,1.7978993491377284,0.8635371459853056,18,0,0.2061856697829289,0.2463543448305248,795,0.0,0.4722491363553915,0.8577681583803666,19,448.3126699079561,0.5300705766163982,406.75,36.13276188577694,0.5518539465891216,698,db,0.540986235965534,0.9305070477545101,0.3421575204977732,3,524.25,9.535136991451025e-14,0.0001547883299646835,1.0271839438702923e-26,0.9578315716403536,0.9498352397109417,0.0025546507390951205,0.9011080332409975,0.002747277852317378,0.999999999723525,0.9919828214562016,0.9855281704452468,0.9855281704452468,0.9855281704451329,,1.2251610931599486e-12,0.9999999999667601,0.0,,,,,1.0,,0.0,1.0,0.25,0.0,0.0,0.0,2.209570199821541,0.6304403968409074,795,1.8124824490349845,0.8378837269849432,28,542.3509011700819,0.7157490035796217,411.5,54.0947752126367,0.7500390720204189,215,0.49117026184683504,0.8233619396015222,0.4091722348267588,4,162.25,,,,,,,,,,,,,6.402251435507085e-19,0.03641360043841643,1.0271839438702923e-26,0.9694127013367115,0.2936280933857803,0.0018588129230010391,0.6817049388455582,1.0,0.002747277852317378,0.9999999999999541,0.0008499884728391221,0.0007982210227401261,0.0007982210227401261,0.0007982210227337859,,0.0,9.572760819061336e-19,0.020163910573049823,0.0,,,,,0.4782608695652174,,0.0,1.0,0.7906976744186046,0.0,0.0,0.9302325581395349,0.5674759776446953,0.17675400427451057,897,1.8140960407670743,0.8805790976246368,775,86.2670273047588,0.9596883049977762,836.0,831.549043062201,0.7845170496951498,112,1009.0473684210526,935.5,610.6543869996938,760,0.4758535102197843,0.8532293215616218,0.41093374637766444,5,85.25
rbio3.5,1.0,antireflect,2.943067713395445e-27,324.7837899249677,6054054.569065572,0.6666666666666666,396.1743360744368,206,raw,2.8253559147062728e-14,-2.08851713701111e-10,6.665642977059956,85600.64758161851,0.6274811001721827,5.618943883690066e-06,1.0,327.0000000000001,,,,[],[],13,661.1538461538462,86.99999999999999,939.9999999999998,"[8, 32, 51, 63, 81, 100, 111, 133, 152, 162, 175, 192, 204]","[878.0, 638.0000000000001, 786.9999999999999, 792.0000000000002, 939.9999999999998, 788.0, 636.9999999999999, 675.0000000000001, 771.0000000000002, 196.0, 833.9999999999999, 572.0, 86.99999999999999]","[0, 13, 42, 42, 76, 99, 107, 107, 107, 161, 164, 187, 203]","[76, 42, 61, 76, 205, 164, 119, 142, 164, 164, 205, 205, 205]",37754613.0,940.9999999999998,-940.9999999999998,0.0,,,,DWT,mdp.39015067403892,0.0,,0.0,33.0,19.0,0.0,28.5,,2.2737367544323206e-13,256.3413461538462,4359.0,256.34134615384613,,0.0,256.3413461538462,,,83.99999999999999,0.0,28.5,2.2737367544323206e-13,2.2737367544323206e-13,,1.1368683772161603e-13,1.7351017670471813e-14,1.2858321166727905e-27,0.9846030039994124,0.9064300179900718,0.00035797726864845785,0.8214285714285712,0.002255713506339449,0.9999999997234814,0.4742280246115838,6.6959667625959335e-09,6.6959667625959335e-09,6.0819563246244724e-09,,5.718550876340534e-12,0.9999999933040264,2.7225927463116073e-13,,,,,,0.0,1.0,1.0,2.847685247612971e-13,2.847685247612971e-13,0.8422684098807646,0.2753648338173871,119,1.7736295138923697,0.8518802619270506,33,0,0.2895190031163383,0.34592250957014603,115,0.0,0.4643844104895677,0.8434830895411568,72,40.53290844075548,0.957512674590403,84.75,65.2625082229043,0.9343380983014908,9,rbio,0.5136782423812899,1.0,0.3404252303330971,4,7.75,1.7351017670471787e-14,0.0001547883299646835,1.2858321166727897e-27,0.9846030039994124,0.906430017990072,0.0013910867580720961,0.8657894736842104,0.004616077730676699,0.9999999997234813,0.9919828214562014,0.9855281704452468,0.9855281704452468,0.9855281704451341,,1.2251610931599486e-12,0.9999999999667601,1.5171946557926922e-13,,,,,1.0,,0.0,1.0,0.75,2.847685247612971e-13,2.847685247612971e-13,0.0,2.2595701998217312,0.6447065287088658,116,1.7928810117280616,0.8288222735326735,45,50.204581464244875,0.9736873262766013,80.5,64.84472049689441,0.9657482752976297,4,0.3888041033402703,1.0,0.4278371276618108,3,3.75,,,,,,,,,,,,,1.165012918932193e-19,0.03641360043841643,1.2858321166727897e-27,0.9888316322540938,0.28020998468224906,0.001586722705864879,0.6549857935326748,1.0,0.004616077730676699,0.9999999999999541,0.0008499884728391219,0.0007982210227401261,0.0007982210227401261,0.0007982210227337869,,0.0,9.572760819061336e-19,0.020163910573049823,1.4108257588933865e-18,,,,,0.4782608695652174,,0.0,1.0,0.9302325581395349,9.54194168962319e-19,9.54194168962319e-19,0.9302325581395349,0.5814294660167882,0.18110015290550946,161,1.8089621616833607,0.8780870649487157,793,446.89148570989806,0.7911722029393,477.0,267.65828092243186,0.7841375033388089,113,818.67,599.5,715.6978453131971,300,0.38607403914171184,1.0,0.42974817260080167,3,85.5
bior1.5,1.0,periodic,8.210376224837281e-27,320.3281618856246,6155299.55962307,0.6542056074766355,314.7485675514395,206,raw,5.876205670918936e-14,-2.1831780827597243e-10,6.347747284886555,66926.20419404551,0.7511881926001398,5.618943883690064e-06,1.0,327.0,,,,[],[],13,661.1538461538462,86.99999999999989,940.0,"[8, 32, 51, 63, 81, 100, 111, 133, 152, 162, 175, 192, 204]","[878.0000000000002, 638.0, 787.0000000000001, 792.0000000000002, 940.0, 788.0000000000001, 637.0000000000001, 675.0, 771.0000000000001, 196.00000000000006, 834.0, 572.0, 86.99999999999989]","[0, 13, 39, 39, 76, 99, 107, 107, 107, 161, 99, 187, 203]","[76, 39, 61, 76, 205, 164, 119, 142, 164, 164, 205, 205, 205]",37754613.0,941.0,-941.0,0.0,,,,DWT,mdp.39015067403892,0.0,,0.0,33.0,19.0,0.0,28.5,,0.0,256.3413461538462,4359.0,256.3413461538462,,0.0,256.3413461538462,,,83.99999999999989,0.0,19.5,0.0,0.0,,0.0,5.5899033627925087e-14,5.0133283998656994e-27,0.9681607278294394,0.7966130034712495,0.00047191661397122267,0.7279706275033375,0.0007437746027254105,0.9999999997233388,0.47422802461146824,6.6959667625959335e-09,6.6959667625959335e-09,6.082000342865356e-09,,0.0,0.9999999933040264,0.0,,,,,,0.0,1.0,0.0,0.0,0.0,0.7422684098776339,0.24267159368209698,951,1.6709246574720515,0.8025507715779009,177,0,0.20618566978245234,0.24635434482995539,949,0.0,0.4367450062180147,0.7932803489205814,162,450.6642319953959,0.5276056268392078,559.75,287.1949292052451,0.4704327924552433,949,bior,0.672619891330026,0.76736776154697,0.2989557476048908,5,713.0,5.589903362792508e-14,0.0001547883299646835,5.0133283998656994e-27,0.9681607278294394,0.7966130034712496,0.0015049083494227439,0.7955484505656663,0.003107715621784298,0.9999999997233386,0.9919828214561996,0.9855281704452468,0.9855281704452468,0.9855281704451347,,0.0,0.9999999999667601,0.0,,,,,1.0,,0.0,1.0,0.25,0.0,0.0,0.0,2.209570199820928,0.6304403968407325,950,1.6994642954713215,0.7856371125279054,736,151.32085117392117,0.9206913777914459,843.0,829.4187425860024,0.7394337392101884,237,0.5943810304597339,0.7715092316736338,0.3524805091760961,5,179.0,,,,,,,,,,,,,3.7532724344569835e-19,0.036413600438416426,5.0133283998656994e-27,0.9769050598993956,0.24626161211576753,0.001613338983104874,0.6018471568730344,1.0,0.003107715621784298,0.9999999999999541,0.0008499884728391206,0.0007982210227401261,0.0007982210227401261,0.0007982210227337874,,0.0,0.0,0.020163910573049823,0.0,,,,,0.4782608695652174,,0.0,1.0,0.7906976744186046,0.0,0.0,0.9302325581395349,0.5674759776446953,0.17675400427451057,922,1.7629865406185075,0.8557700706991159,911,7.7781745930520225,0.9963653389752093,916.5,916.4669939989088,0.784047155468913,114,1104.4,1082.5,563.6960149978129,300,0.520820561188399,0.7876173146100969,0.3991404127850916,6,87.0
rbio3.9,1.0,antireflect,2.8047256000766302e-27,324.99288868321827,6314161.150571296,0.6517857142857143,389.3334003077122,206,raw,2.889328474426178e-14,-2.0884138862698204e-10,6.720973328789757,104380.1067703985,0.6806801960021108,5.618943883690066e-06,1.0,327.00000000000017,,,,[],[],13,661.1538461538462,87.0,939.9999999999999,"[8, 32, 51, 63, 81, 100, 111, 133, 152, 162, 175, 192, 204]","[878.0, 638.0, 787.0, 792.0, 939.9999999999999, 788.0, 636.9999999999999, 675.0000000000001, 771.0, 196.0, 833.9999999999999, 572.0, 87.0]","[0, 13, 39, 39, 76, 99, 107, 107, 107, 161, 164, 187, 203]","[76, 39, 61, 76, 205, 164, 119, 142, 164, 164, 205, 205, 205]",37754613.0,940.9999999999999,-940.9999999999999,0.0,,,,DWT,mdp.39015067403892,0.0,,0.0,33.0,19.0,0.0,28.5,,1.1368683772161603e-13,256.3413461538462,4359.0,256.34134615384613,,0.0,256.3413461538462,,,84.0,0.0,24.0,1.1368683772161603e-13,1.1368683772161603e-13,,1.7053025658242404e-13,1.815932206104374e-14,1.1879320768166136e-27,0.9853746257549979,0.9255438788848235,0.0006506966757787665,0.7098214285714287,0.0037761548039495886,0.9999999997234816,0.4742280246116003,6.6959667625959335e-09,6.6959667625959335e-09,6.0819563246244724e-09,,8.5778263145108e-12,0.9999999933040264,1.3612963731558036e-13,,,,,,0.0,1.0,0.5,1.4238426238064856e-13,1.4238426238064856e-13,0.792268409882074,0.2590182137506819,279,1.7397610964728492,0.8356131463449028,87,0,0.2478523364498762,0.2961384272006253,279,0.0,0.45314584805180974,0.8230699637925821,96,108.31551135456085,0.8864617281398733,185.25,137.55452251294994,0.8461396691013832,49,rbio,0.5136782423812899,1.0,0.3404252303330971,4,37.75,1.815932206104374e-14,0.0001547883299646835,1.1879320768166136e-27,0.9853746257549978,0.9255438788848236,0.0016835036457100584,0.7819078947368423,0.0061329221194469045,0.9999999997234815,0.9919828214562016,0.9855281704452468,0.9855281704452468,0.9855281704451341,,1.837741639739923e-12,0.9999999999667601,7.585973278963461e-14,,,,,1.0,,0.0,1.0,0.5,1.4238426238064856e-13,1.4238426238064856e-13,0.0,2.2345701998219427,0.6375734627749741,287,1.7701012298491685,0.818291518572396,79,147.07821048680188,0.9229149840215923,183.0,123.89617486338797,0.9135015171680289,14,0.3888041033402703,1.0,0.4278371276618108,3,11.25,,,,,,,,,,,,,1.2192855313708572e-19,0.03641360043841643,1.1879320768166136e-27,0.9893913359473852,0.28611876369688627,0.001655102077991661,0.5915278234145777,1.0,0.0061329221194469045,0.9999999999999541,0.0008499884728391221,0.0007982210227401261,0.0007982210227401261,0.0007982210227337869,,0.0,1.4359141228592004e-18,0.020163910573049823,7.054128794466933e-19,,,,,0.4782608695652174,,0.0,1.0,0.8604651162790697,4.770970844811595e-19,4.770970844811595e-19,0.9302325581395349,0.5744527218307418,0.17892707859001003,468,1.7875101128009863,0.8676740408184975,846,267.28636328851496,0.8750998302390117,657.0,602.6301369863013,0.7840452422223096,115,818.67,599.5,715.6978453131971,300,0.38607403914171184,1.0,0.42974817260080167,3,87.0
bior1.3,1.0,smooth,6.716518753348365e-27,321.2003501516334,6119732.273013398,0.6714285714285714,331.804836613641,206,raw,5.69598305954289e-14,-2.1873336475408965e-10,6.34295910080902,72621.94539044786,0.7720931911328088,5.618943883690064e-06,0.9999999999999999,327.00000000000006,,,,[],[],13,661.1538461538463,87.00000000000003,940.0000000000002,"[8, 32, 51, 63, 81, 100, 111, 133, 152, 162, 175, 192, 204]","[878.0000000000002, 638.0000000000001, 787.0000000000001, 792.0000000000001, 940.0000000000002, 788.0, 637.0000000000001, 675.0000000000001, 771.0000000000001, 196.00000000000006, 834.0000000000001, 572.0, 87.00000000000003]","[0, 13, 39, 39, 76, 99, 107, 107, 107, 161, 164, 187, 203]","[76, 39, 61, 76, 205, 164, 119, 142, 164, 164, 205, 205, 205]",37754613.0,941.0000000000002,-941.0000000000002,0.0,,,,DWT,mdp.39015067403892,0.0,,0.0,33.0,19.0,0.0,28.5,,2.2737367544323206e-13,256.3413461538463,4358.999999999998,256.34134615384625,,0.0,256.3413461538463,,,84.00000000000003,0.0,24.0,2.2737367544323206e-13,2.2737367544323206e-13,,5.684341886080802e-14,5.362188966661706e-14,3.9561759356614236e-27,0.9713792999847671,0.7949589260700539,0.0004318898103842176,0.8571428571428568,0.0012049188800155447,0.9999999997233325,0.4742280246116333,6.696054799077647e-09,6.696054799077647e-09,6.082044361106239e-09,,2.859275438170267e-12,0.9999999933039181,2.7225927463116073e-13,,,,,,0.0,1.0,0.5,2.847685247612971e-13,2.847685247612971e-13,0.792268409879375,0.2590182137497995,447,1.7238620982295776,0.8279768036466284,102,0,0.24785233644945054,0.2961384272001167,445,0.0,0.45313973645143296,0.8230588630074321,97,200.06394810993143,0.790289362568206,272.75,162.61797113390867,0.7521939475314825,239,bior,0.672619891330026,0.76736776154697,0.2989557476048908,5,180.5,5.3621889666617054e-14,0.0001547883299646835,3.9561759356614236e-27,0.9713792999847671,0.794958926070054,0.0014649229127147584,0.8926315789473682,0.0035677689697961516,0.9999999997233324,0.9919828214562021,0.9855281704452481,0.9855281704452481,0.9855281704451354,,6.125805465799743e-13,0.9999999999667596,1.5171946557926922e-13,,,,,1.0,,0.0,1.0,0.5,2.847685247612971e-13,2.847685247612971e-13,0.0,2.2345701998214254,0.6375734627748265,452,1.7395656800374488,0.8041753872435655,349,72.8319984622144,0.9618280930491538,400.5,393.87765293383274,0.8759612163358976,73,0.5943810304597339,0.7715092316736338,0.3524805091760961,5,56.0,,,,,,,,,,,,,3.600376380543844e-19,0.036413600438416426,3.9561759356614236e-27,0.9792396839680165,0.24575027754602322,0.001603988705566552,0.6752923439704658,0.9999999999999999,0.003567768969796151,0.9999999999999541,0.0008499884728391225,0.0007982210227401272,0.0007982210227401272,0.0007982210227337879,,0.0,4.786380409530668e-19,0.020163910573049813,1.4108257588933865e-18,,,,,0.4782608695652174,,0.0,1.0,0.8604651162790697,9.54194168962319e-19,9.54194168962319e-19,0.9302325581395349,0.5744527218307418,0.17892707859001003,408,1.7936890688142162,0.8706733635600276,836,302.64170234784234,0.8585786437626906,622.0,548.3729903536977,0.783962219077607,116,1104.4,1082.5,563.6960149978129,300,0.520820561188399,0.7876173146100969,0.3991404127850916,6,88.5
rbio2.4,1.0,periodic,4.003695029886965e-27,323.4471825793771,5891302.023547355,0.6448598130841121,326.8333334584159,206,raw,4.03690026390887e-14,-2.1463764099394488e-10,6.541960232080582,63808.27601514649,0.6374857323712376,5.618943883690066e-06,1.0,327.0000000000001,,,,[],[],13,661.1538461538462,86.99999999999997,940.0000000000001,"[8, 32, 51, 63, 81, 100, 111, 133, 152, 162, 175, 192, 204]","[878.0000000000002, 638.0000000000001, 787.0000000000001, 792.0, 940.0000000000001, 788.0, 637.0, 675.0000000000001, 771.0, 196.0, 834.0000000000002, 572.0000000000001, 86.99999999999997]","[0, 13, 39, 39, 76, 99, 107, 107, 107, 161, 99, 187, 203]","[76, 39, 61, 76, 205, 164, 119, 142, 164, 164, 205, 205, 205]",37754613.0,941.0000000000001,-941.0000000000001,0.0,,,,DWT,mdp.39015067403892,0.0,,0.0,33.0,19.0,0.0,28.5,,1.1368683772161603e-13,256.3413461538462,4359.0,256.3413461538462,,0.0,256.3413461538462,,,83.99999999999997,0.0,19.5,1.1368683772161603e-13,1.1368683772161603e-13,,1.1368683772161603e-13,3.265909071180075e-14,2.0364022364003737e-27,0.9796706203010965,0.8637038341016819,0.0001748183944775153,0.6578771695594123,0.0004913377929895483,0.9999999997233943,0.47422802461156727,6.6959667625959335e-09,6.6959667625959335e-09,6.082000342865356e-09,,5.718550876340534e-12,0.9999999933040264,1.3612963731558036e-13,,,,,,0.0,1.0,0.0,1.4238426238064856e-13,1.4238426238064856e-13,0.7422684098806477,0.2426715936830823,770,1.6830891012590659,0.808393395123749,149,0,0.2061856697829722,0.24635434483057653,770,0.0,0.43773972248413556,0.7950870985237387,145,359.6929245898507,0.6229633914152508,458.5,246.8318557810008,0.5711777124791139,631,rbio,0.5136782423812899,1.0,0.3404252303330971,4,474.25,3.2659090711800746e-14,0.0001547883299646835,2.036402236400373e-27,0.9796706203010965,0.863703834101682,0.0012081171748339829,0.7428676832267582,0.0028558760019523747,0.9999999997233942,0.9919828214562011,0.9855281704452468,0.9855281704452468,0.9855281704451347,,1.2251610931599486e-12,0.9999999999667601,7.585973278963461e-14,,,,,1.0,,0.0,1.0,0.25,1.4238426238064856e-13,1.4238426238064856e-13,0.0,2.2095701998216364,0.6304403968409347,775,1.7185942078987573,0.7944805870289299,559,152.73506473629428,0.9199501757147305,667.0,649.512743628186,0.7851847314632352,154,0.3888041033402703,1.0,0.4278371276618108,3,116.25,,,,,,,,,,,,,2.192854812463094e-19,0.03641360043841643,2.036402236400373e-27,0.9852538775411224,0.26700179089422316,0.001543936718635539,0.5619931793783042,1.0,0.0028558760019523747,0.9999999999999541,0.0008499884728391218,0.0007982210227401261,0.0007982210227401261,0.0007982210227337874,,0.0,9.572760819061336e-19,0.020163910573049823,7.054128794466933e-19,,,,,0.4782608695652174,,0.0,1.0,0.7906976744186046,4.770970844811595e-19,4.770970844811595e-19,0.9302325581395349,0.5674759776446953,0.17675400427451057,883,1.7622888926147122,0.8554314258667387,918,24.748737341529164,0.9884351694665752,900.5,900.1599111604663,0.7838203884716053,117,818.67,599.5,715.6978453131971,300,0.38607403914171184,1.0,0.42974817260080167,3,88.5
rbio2.6,1.0,periodization,3.765183207511987e-27,323.71393133761165,5842035.664981979,0.6456310679611651,340.726104837412,206,raw,4.1339462197231016e-14,-2.1505330849436456e-10,6.489841492527079,63890.47588465342,0.6384935425438025,5.618943883690066e-06,1.0,327.0000000000001,,,,[],[],13,661.1538461538462,86.99999999999996,940.0000000000001,"[8, 32, 51, 63, 81, 100, 111, 133, 152, 162, 175, 192, 204]","[878.0000000000001, 638.0000000000002, 787.0000000000001, 792.0, 940.0000000000001, 788.0, 637.0000000000001, 675.0000000000001, 771.0, 196.00000000000006, 834.0000000000002, 572.0000000000001, 86.99999999999996]","[0, 13, 39, 39, 76, 99, 107, 107, 107, 161, 99, 187, 203]","[76, 39, 61, 76, 205, 164, 119, 142, 164, 164, 205, 205, 205]",37754613.0,941.0000000000001,-941.0000000000001,0.0,,,,DWT,mdp.39015067403892,0.0,,0.0,33.0,19.0,0.0,28.5,,1.1368683772161603e-13,256.3413461538462,4359.0,256.3413461538462,,0.0,256.3413461538462,,,83.99999999999996,0.0,19.5,1.1368683772161603e-13,1.1368683772161603e-13,,1.1368683772161603e-13,3.3885283199882275e-14,1.867615477571064e-27,0.9806549836079439,0.8456994241044311,0.00011937489440441647,0.6636615811373097,0.0004979929407762942,0.9999999997233879,0.4742280246115508,6.6959667625959335e-09,6.6959667625959335e-09,6.082000342865356e-09,,5.718550876340534e-12,0.9999999933040264,1.3612963731558036e-13,,,,,,0.0,1.0,0.0,1.4238426238064856e-13,1.4238426238064856e-13,0.7422684098806427,0.24267159368308067,779,1.6769662191847838,0.8054525541283029,167,0,0.20618566978297082,0.24635434483057486,779,0.0,0.43632916955103596,0.7925250453645513,168,353.0499256479174,0.629926702675139,473.25,275.71377299520304,0.566928760142601,639,rbio,0.5136782423812899,1.0,0.3404252303330971,4,480.25,3.388528319988226e-14,0.0001547883299646835,1.8676154775710634e-27,0.9806549836079439,0.8456994241044312,0.001152730974478933,0.7472151251916201,0.0028625154056522275,0.9999999997233878,0.9919828214562009,0.9855281704452468,0.9855281704452468,0.9855281704451347,,1.2251610931599486e-12,0.9999999999667601,7.585973278963461e-14,,,,,1.0,,0.0,1.0,0.25,1.4238426238064856e-13,1.4238426238064856e-13,0.0,2.2095701998216364,0.6304403968409347,778,1.711896560331485,0.7913843639958817,616,114.5512985522207,0.9399626317860479,697.0,687.586800573888,0.7873293242787682,147,0.3888041033402703,1.0,0.4278371276618108,3,111.0,,,,,,,,,,,,,2.2751860115225976e-19,0.03641360043841643,1.8676154775710634e-27,0.9859678954837151,0.26143598288983966,0.0015309850945506283,0.5652820998511706,1.0,0.0028625154056522275,0.9999999999999541,0.0008499884728391216,0.0007982210227401261,0.0007982210227401261,0.0007982210227337874,,0.0,9.572760819061336e-19,0.020163910573049823,7.054128794466933e-19,,,,,0.4782608695652174,,0.0,1.0,0.7906976744186046,4.770970844811595e-19,4.770970844811595e-19,0.9302325581395349,0.5674759776446953,0.17675400427451057,926,1.7612461475166599,0.854925267693819,923,2.1213203435596424,0.9990087288114208,924.5,924.4975662520282,0.7834996915085142,118,818.67,599.5,715.6978453131971,300,0.38607403914171184,1.0,0.42974817260080167,3,89.25
bior1.5,1.0,antireflect,8.214297552832166e-27,320.3260881626815,6187358.517411378,0.6542056074766355,309.95315552938956,206,raw,5.890002617244375e-14,-2.1833168606378024e-10,6.343641744839904,77830.08519716686,0.7925762357822859,5.618943883690064e-06,1.0,327.0,,,,[],[],13,661.1538461538462,86.99999999999989,940.0,"[8, 32, 51, 63, 81, 100, 111, 133, 152, 162, 175, 192, 204]","[878.0000000000002, 638.0, 787.0000000000001, 792.0000000000002, 940.0, 788.0000000000001, 637.0000000000001, 675.0, 771.0000000000001, 196.00000000000006, 834.0, 572.0, 86.99999999999989]","[0, 13, 39, 39, 76, 99, 107, 107, 107, 161, 99, 187, 203]","[76, 39, 61, 76, 205, 164, 119, 142, 164, 164, 205, 205, 205]",37754613.0,941.0,-941.0,0.0,,,,DWT,mdp.39015067403892,0.0,,0.0,33.0,19.0,0.0,28.5,,0.0,256.3413461538462,4359.0,256.3413461538462,,0.0,256.3413461538462,,,83.99999999999989,0.0,19.5,0.0,0.0,,0.0,5.6073360438360143e-14,5.01610339120983e-27,0.9681530753223117,0.7951947453381234,0.0005079952055342841,0.7279706275033375,0.0016265854874647073,0.9999999997233385,0.47422802461146824,6.6959667625959335e-09,6.6959667625959335e-09,6.082000342865356e-09,,0.0,0.9999999933040264,0.0,,,,,,0.0,1.0,0.0,0.0,0.0,0.7422684098776339,0.24267159368209698,954,1.670582100550889,0.8023862403285958,178,0,0.20618566978245234,0.24635434482995539,954,0.0,0.4366816285725208,0.7931652331436054,164,452.1013898083777,0.5260991721086188,562.5,289.60377692043716,0.4682382652995924,952,bior,0.672619891330026,0.76736776154697,0.2989557476048908,5,715.25,5.607336043836014e-14,0.0001547883299646835,5.016103391209829e-27,0.9681530753223117,0.7951947453381235,0.0015409496545027831,0.7955484505656663,0.003988438040312962,0.9999999997233384,0.9919828214561996,0.9855281704452468,0.9855281704452468,0.9855281704451347,,0.0,0.9999999999667601,0.0,,,,,1.0,,0.0,1.0,0.25,0.0,0.0,0.0,2.209570199820928,0.6304403968407325,949,1.6991208845204333,0.7854783587437951,739,148.49242404917499,0.9221737819448769,844.0,830.9372037914693,0.7399128867795663,236,0.5943810304597339,0.7715092316736338,0.3524805091760961,5,178.25,,,,,,,,,,,,,3.7649773955221035e-19,0.036413600438416426,5.016103391209829e-27,0.97689950907547,0.24582317772825688,0.0016217669567144355,0.6018471568730344,1.0,0.003988438040312962,0.9999999999999541,0.0008499884728391206,0.0007982210227401261,0.0007982210227401261,0.0007982210227337874,,0.0,0.0,0.020163910573049823,0.0,,,,,0.4782608695652174,,0.0,1.0,0.7906976744186046,0.0,0.0,0.9302325581395349,0.5674759776446953,0.17675400427451057,924,1.7631204958846132,0.8558350938316837,909,10.606601717798213,0.9950436440571037,916.5,916.4386252045826,0.7833863080098602,119,1104.4,1082.5,563.6960149978129,300,0.520820561188399,0.7876173146100969,0.3991404127850916,6,90.75
bior1.5,1.0,constant,8.210376224837281e-27,320.3281618856246,6125916.050997198,0.6542056074766355,303.3558807492679,206,raw,5.876205670918936e-14,-2.1831780827597243e-10,6.305388216831048,68842.87080627865,0.7668354485337361,5.618943883690064e-06,1.0,327.0,,,,[],[],13,661.1538461538462,86.99999999999989,940.0,"[8, 32, 51, 63, 81, 100, 111, 133, 152, 162, 175, 192, 204]","[878.0000000000002, 638.0, 787.0000000000001, 792.0000000000002, 940.0, 788.0000000000001, 637.0000000000001, 675.0, 771.0000000000001, 196.00000000000006, 834.0, 572.0, 86.99999999999989]","[0, 13, 39, 39, 76, 99, 107, 107, 107, 161, 99, 187, 203]","[76, 39, 61, 76, 205, 164, 119, 142, 164, 164, 205, 205, 205]",37754613.0,941.0,-941.0,0.0,,,,DWT,mdp.39015067403892,0.0,,0.0,33.0,19.0,0.0,28.5,,0.0,256.3413461538462,4359.0,256.3413461538462,,0.0,256.3413461538462,,,83.99999999999989,0.0,19.5,0.0,0.0,,0.0,5.5899033627925087e-14,5.0133283998656994e-27,0.9681607278294394,0.7819800703860221,0.00043884892620037555,0.7279706275033375,0.0008989536758656474,0.9999999997233388,0.47422802461146824,6.6959667625959335e-09,6.6959667625959335e-09,6.082000342865356e-09,,0.0,0.9999999933040264,0.0,,,,,,0.0,1.0,0.0,0.0,0.0,0.7422684098776339,0.24267159368209698,949,1.6636537287148085,0.7990585198727632,183,0,0.20618566978245234,0.24635434482995539,950,0.0,0.43493115350553246,0.7899857635397238,177,444.2779722951237,0.534299819397145,564.75,302.5587984437239,0.47115934366083667,946,bior,0.672619891330026,0.76736776154697,0.2989557476048908,5,710.75,5.589903362792508e-14,0.0001547883299646835,5.0133283998656994e-27,0.9681607278294394,0.7819800703860221,0.0014718748364277192,0.7955484505656663,0.003262527587703212,0.9999999997233386,0.9919828214561996,0.9855281704452468,0.9855281704452468,0.9855281704451347,,0.0,0.9999999999667601,0.0,,,,,1.0,,0.0,1.0,0.25,0.0,0.0,0.0,2.209570199820928,0.6304403968407325,952,1.692193236958578,0.7822758101279693,828,87.68124086713189,0.9540454712436416,890.0,885.6808988764045,0.7437942240914224,227,0.5943810304597339,0.7715092316736338,0.3524805091760961,5,171.5,,,,,,,,,,,,,3.7532724344569835e-19,0.036413600438416426,5.0133283998656994e-27,0.9769050598993956,0.24173804838300414,0.0016056143578413074,0.6018471568730344,1.0,0.0032625275877032115,0.9999999999999541,0.0008499884728391206,0.0007982210227401261,0.0007982210227401261,0.0007982210227337874,,0.0,0.0,0.020163910573049823,0.0,,,,,0.4782608695652174,,0.0,1.0,0.7906976744186046,0.0,0.0,0.9302325581395349,0.5674759776446953,0.17675400427451057,914,1.7607828212258616,0.8547003648012003,925,7.7781745930520225,0.9963653389752093,919.5,919.4671016856987,0.7833462208894738,120,1104.4,1082.5,563.6960149978129,300,0.520820561188399,0.7876173146100969,0.3991404127850916,6,91.5
rbio2.6,1.0,periodic,3.7203647219245094e-27,323.7659372929658,5957511.099783882,0.6467889908256881,331.6840299059976,206,raw,4.008659639398986e-14,-2.149063149659042e-10,6.555374905240537,62574.400821767034,0.644601217951953,5.618943883690066e-06,1.0,327.0000000000001,,,,[],[],13,661.1538461538462,86.99999999999994,940.0000000000001,"[8, 32, 51, 63, 81, 100, 111, 133, 152, 162, 175, 192, 204]","[878.0000000000001, 638.0000000000002, 787.0000000000001, 792.0, 940.0000000000001, 788.0, 637.0000000000001, 675.0000000000001, 771.0, 196.00000000000006, 834.0000000000002, 572.0000000000001, 86.99999999999994]","[0, 13, 39, 39, 76, 99, 107, 107, 107, 161, 99, 187, 203]","[76, 39, 61, 76, 205, 164, 119, 142, 164, 164, 205, 205, 205]",37754613.0,941.0000000000001,-941.0000000000001,0.0,,,,DWT,mdp.39015067403892,0.0,,0.0,33.0,19.0,0.0,28.5,,1.1368683772161603e-13,256.3413461538462,4359.0,256.3413461538462,,0.0,256.3413461538462,,,83.99999999999994,0.0,19.5,1.1368683772161603e-13,1.1368683772161603e-13,,1.1368683772161603e-13,3.2302265521691464e-14,1.835898949465151e-27,0.9808468973567726,0.8683379307360224,0.0002493289333128232,0.672346002621232,0.000391439559432765,0.9999999997233902,0.47422802461153424,6.6959667625959335e-09,6.6959667625959335e-09,6.082000342865356e-09,,5.718550876340534e-12,0.9999999933040264,1.3612963731558036e-13,,,,,,0.0,1.0,0.0,1.4238426238064856e-13,1.4238426238064856e-13,0.7422684098806378,0.24267159368307908,784,1.6918967450103626,0.812623736244623,125,0,0.20618566978296943,0.24635434483057322,781,0.0,0.4402714498662744,0.7996855931887753,130,378.1719185767235,0.6035933767539585,455.0,219.19937002382073,0.5633270866998304,662,rbio,0.5136782423812899,1.0,0.3404252303330971,4,497.5,3.230226552169146e-14,0.0001547883299646835,1.8358989494651504e-27,0.9808468973567726,0.8683379307360225,0.0012825507085584787,0.7537421535490102,0.002756214097703365,0.99999999972339,0.9919828214562006,0.9855281704452468,0.9855281704452468,0.9855281704451347,,1.2251610931599486e-12,0.9999999999667601,7.585973278963461e-14,,,,,1.0,,0.0,1.0,0.25,1.4238426238064856e-13,1.4238426238064856e-13,0.0,2.2095701998216364,0.6304403968409347,785,1.7259641625833944,0.7978876076608602,488,210.0107140124046,0.8899314916077544,636.5,601.8538884524744,0.7781680518835418,167,0.3888041033402703,1.0,0.4278371276618108,3,126.0,,,,,,,,,,,,,2.168896220282924e-19,0.03641360043841643,1.8358989494651504e-27,0.9861071020745548,0.26843435614598293,0.0015613424107019979,0.5702199178519871,1.0,0.002756214097703365,0.9999999999999541,0.0008499884728391214,0.0007982210227401261,0.0007982210227401261,0.0007982210227337874,,0.0,9.572760819061336e-19,0.020163910573049823,7.054128794466933e-19,,,,,0.4782608695652174,,0.0,1.0,0.7906976744186046,4.770970844811595e-19,4.770970844811595e-19,0.9302325581395349,0.5674759776446953,0.17675400427451057,921,1.766776643434458,0.8576098218713654,885,25.45584412271571,0.9881047457370488,903.0,902.6411960132889,0.7830710644573093,121,818.67,599.5,715.6978453131971,300,0.38607403914171184,1.0,0.42974817260080167,3,91.5
db25,1.0,periodic,1.2229718272485086e-26,318.59762794242954,6604127.482286798,0.6535433070866141,334.1294722924979,206,raw,8.170379152095813e-14,-2.1192314569873655e-10,6.727620224339204,62340.17111188962,0.7357191668536804,5.618943883690066e-06,1.0,327.0000000000002,,,,[],[],13,661.1538461538462,87.0,940.0000000000001,"[8, 32, 51, 63, 81, 100, 111, 133, 152, 162, 175, 192, 204]","[877.9999999999999, 637.9999999999997, 786.9999999999999, 792.0000000000002, 940.0000000000001, 788.0000000000002, 637.0, 674.9999999999999, 770.9999999999999, 195.9999999999999, 834.0000000000002, 572.0000000000001, 87.0]","[0, 13, 42, 42, 76, 99, 107, 107, 107, 161, 99, 187, 203]","[76, 42, 61, 76, 205, 164, 119, 142, 164, 164, 205, 205, 205]",37754613.0,941.0000000000001,-941.0000000000001,0.0,,,,DWT,mdp.39015067403892,0.0,,0.0,33.0,19.0,0.0,28.5,,1.1368683772161603e-13,256.3413461538462,4359.0,256.34134615384613,,0.0,256.3413461538462,,,84.0,0.0,24.0,1.1368683772161603e-13,1.1368683772161603e-13,,2.2737367544323206e-13,8.488631357558039e-14,7.857680977836698e-27,0.9617746658053482,0.9278400478579486,0.000977019724646502,0.7230033745781774,0.0003724756201390479,0.9999999997234351,0.4742280246116003,6.6959667625959335e-09,6.6959667625959335e-09,6.0819563246244724e-09,,1.1437101752681067e-11,0.9999999933040264,1.3612963731558036e-13,,,,,,0.0,1.0,0.5,1.4238426238064856e-13,1.4238426238064856e-13,0.7922684098835038,0.25901821375114936,263,1.7308236732432323,0.8313204717010927,97,0,0.2478523364501145,0.29613842720091,263,0.0,0.45174594791372247,0.8205272598024156,99,95.26629344456866,0.9001401536220455,180.5,142.78141165163805,0.8554683996621758,39,db,0.540986235965534,0.9305070477545101,0.3421575204977732,3,30.0,8.488631357558037e-14,0.0001547883299646835,7.857680977836698e-27,0.9617746658053482,0.9278400478579487,0.002009489446412214,0.7918151678408618,0.0027372950214115885,0.999999999723435,0.9919828214562016,0.9855281704452468,0.9855281704452468,0.9855281704451341,,2.4503221863198973e-12,0.9999999999667601,7.585973278963461e-14,,,,,1.0,,0.0,1.0,0.5,1.4238426238064856e-13,1.4238426238064856e-13,0.0,2.234570199822249,0.6375734627750616,264,1.7598569896686875,0.8135557584291072,170,66.46803743153546,0.9651635023943734,217.0,206.82027649769586,0.9257159231049435,13,0.49117026184683504,0.8233619396015222,0.4091722348267588,4,10.75,,,,,,,,,,,,,5.699587991566565e-19,0.03641360043841643,7.857680977836698e-27,0.9722728648185828,0.2868285917696745,0.0017313312744457916,0.5990228592552975,1.0,0.0027372950214115885,0.9999999999999541,0.0008499884728391221,0.0007982210227401261,0.0007982210227401261,0.0007982210227337869,,0.0,1.9145521638122673e-18,0.020163910573049823,7.054128794466933e-19,,,,,0.4782608695652174,,0.0,1.0,0.8604651162790697,4.770970844811595e-19,4.770970844811595e-19,0.9302325581395349,0.5744527218307418,0.17892707859001003,469,1.7792718222554,0.8636750979336796,853,271.5290039756342,0.8731172878618532,661.0,605.2299546142209,0.782119391594478,122,1009.0473684210526,935.5,610.6543869996938,760,0.4758535102197843,0.8532293215616218,0.41093374637766444,5,92.75
rbio2.8,1.0,antisymmetric,4.93337741958347e-27,322.5403490516646,6097366.74869287,0.6441441441441441,331.0258956944157,206,raw,4.627474239823553e-14,-2.161585355153789e-10,6.582194212690176,91570.08527732779,0.7619598452236823,5.618943883690064e-06,0.9999999999999999,327.0000000000001,,,,[],[],13,661.1538461538462,87.0,940.0000000000001,"[8, 32, 51, 63, 81, 100, 111, 133, 152, 162, 175, 192, 204]","[878.0000000000001, 638.0000000000001, 787.0000000000001, 792.0, 940.0000000000001, 788.0, 637.0000000000001, 675.0000000000001, 771.0000000000002, 196.0, 834.0000000000003, 572.0000000000001, 87.0]","[0, 13, 39, 39, 76, 99, 107, 107, 107, 161, 99, 187, 203]","[76, 39, 61, 76, 205, 164, 119, 142, 164, 164, 205, 205, 205]",37754613.0,941.0000000000001,-941.0000000000001,0.0,,,,DWT,mdp.39015067403892,0.0,,0.0,33.0,19.0,0.0,28.5,,1.1368683772161603e-13,256.3413461538462,4359.0,256.3413461538462,,0.0,256.3413461538462,,,84.0,0.0,19.5,1.1368683772161603e-13,1.1368683772161603e-13,,1.1368683772161603e-13,4.012109535534536e-14,2.6943070552686776e-27,0.9763241992867789,0.8776026560786208,0.0004067200396642124,0.6525096525096523,0.0027390170724767397,0.9999999997233713,0.4742280246116003,6.6959667625959335e-09,6.6959667625959335e-09,6.082000342865356e-09,,5.718550876340534e-12,0.9999999933040264,1.3612963731558036e-13,,,,,,0.0,1.0,0.0,1.4238426238064856e-13,1.4238426238064856e-13,0.7422684098806576,0.24267159368308552,764,1.6868986753534219,0.8102231464624085,137,0,0.20618566978297492,0.24635434483057977,760,0.0,0.4386977805888256,0.7968272641965096,138,360.55917221264343,0.6220553750391578,449.75,232.95990215734048,0.5753096581694741,613,rbio,0.5136782423812899,1.0,0.3404252303330971,4,460.75,4.012109535534535e-14,0.0001547883299646835,2.6943070552686776e-27,0.9763241992867789,0.8776026560786209,0.001439779154435593,0.7388335704125176,0.005098237945293519,0.9999999997233712,0.9919828214562016,0.9855281704452468,0.9855281704452468,0.9855281704451347,,1.2251610931599486e-12,0.9999999999667601,7.585973278963461e-14,,,,,1.0,,0.0,1.0,0.25,1.4238426238064856e-13,1.4238426238064856e-13,0.0,2.209570199821637,0.6304403968409348,761,1.72293489692007,0.7964872231190043,516,173.24116139070415,0.9092027456023564,638.5,614.9976507439311,0.7872795698661677,148,0.3888041033402703,1.0,0.4278371276618108,3,111.75,,,,,,,,,,,,,2.6938820130552477e-19,0.036413600438416426,2.6943070552686776e-27,0.9828265170015015,0.2712984145893378,0.0015981090369266012,0.5589412982187978,0.9999999999999999,0.005098237945293518,0.9999999999999541,0.0008499884728391221,0.0007982210227401261,0.0007982210227401261,0.0007982210227337874,,0.0,9.572760819061336e-19,0.020163910573049823,7.054128794466933e-19,,,,,0.4782608695652174,,0.0,1.0,0.7906976744186046,4.770970844811595e-19,4.770970844811595e-19,0.9302325581395349,0.5674759776446953,0.17675400427451057,931,1.762684066611176,0.8556232470015579,913,12.727922061357855,0.9940523728685243,922.0,921.9121475054229,0.7816056256865986,123,818.67,599.5,715.6978453131971,300,0.38607403914171184,1.0,0.42974817260080167,3,93.0
rbio2.6,1.0,antisymmetric,3.741135506147416e-27,323.74175807967646,5937856.875302712,0.6422018348623854,331.6840299059976,206,raw,4.027630440596465e-14,-2.1495794033654926e-10,6.552890766526495,79721.54622409951,0.7222211728876017,5.618943883690066e-06,1.0,327.0000000000001,,,,[],[],13,661.1538461538462,86.99999999999991,940.0000000000001,"[8, 32, 51, 63, 81, 100, 111, 133, 152, 162, 175, 192, 204]","[878.0000000000001, 638.0000000000002, 787.0000000000001, 792.0, 940.0000000000001, 788.0, 637.0000000000001, 675.0000000000001, 771.0, 196.00000000000006, 834.0000000000002, 572.0000000000001, 86.99999999999991]","[0, 13, 39, 39, 76, 99, 107, 107, 107, 161, 99, 187, 203]","[76, 39, 61, 76, 205, 164, 119, 142, 164, 164, 205, 205, 205]",37754613.0,941.0000000000001,-941.0000000000001,0.0,,,,DWT,mdp.39015067403892,0.0,,0.0,33.0,19.0,0.0,28.5,,1.1368683772161603e-13,256.3413461538462,4359.0,256.3413461538462,,0.0,256.3413461538462,,,83.99999999999991,0.0,19.5,1.1368683772161603e-13,1.1368683772161603e-13,,1.1368683772161603e-13,3.254196488603968e-14,1.8505977317410897e-27,0.980757670585829,0.8674797854262775,0.00022721041211113177,0.6379423328964616,0.0017797238408783513,0.9999999997233894,0.47422802461150126,6.6959667625959335e-09,6.6959667625959335e-09,6.082000342865356e-09,,5.718550876340534e-12,0.9999999933040264,1.3612963731558036e-13,,,,,,0.0,1.0,0.0,1.4238426238064856e-13,1.4238426238064856e-13,0.7422684098806279,0.24267159368307584,785,1.6781969228549933,0.8060436652688882,164,0,0.2061856697829667,0.24635434483056998,785,0.0,0.4360233403606224,0.7919695535250859,170,356.81087427375303,0.6259844085180786,476.0,275.33637364365467,0.5635163132737143,660,rbio,0.5136782423812899,1.0,0.3404252303330971,4,496.0,3.2541964886039676e-14,0.0001547883299646835,1.8505977317410897e-27,0.980757670585829,0.8674797854262776,0.0012604550463939485,0.7278850796716565,0.004141214114237097,0.9999999997233893,0.9919828214562001,0.9855281704452468,0.9855281704452468,0.9855281704451347,,1.2251610931599486e-12,0.9999999999667601,7.585973278963461e-14,,,,,1.0,,0.0,1.0,0.25,1.4238426238064856e-13,1.4238426238064856e-13,0.0,2.2095701998216364,0.6304403968409347,773,1.7156816764905456,0.7931341670001056,587,131.52186130069785,0.9310682068654623,680.0,667.2808823529411,0.7873370384432133,146,0.3888041033402703,1.0,0.4278371276618108,3,110.25,,,,,,,,,,,,,2.1849905417474653e-19,0.03641360043841643,1.8505977317410897e-27,0.9860423805281804,0.26816907269406026,0.0015561755151860088,0.5506585619256747,1.0,0.004141214114237097,0.9999999999999541,0.000849988472839121,0.0007982210227401261,0.0007982210227401261,0.0007982210227337874,,0.0,9.572760819061336e-19,0.020163910573049823,7.054128794466933e-19,,,,,0.4782608695652174,,0.0,1.0,0.7906976744186046,4.770970844811595e-19,4.770970844811595e-19,0.9302325581395349,0.5674759776446953,0.17675400427451057,918,1.7593320429690027,0.853996143536411,933,10.606601717798213,0.9950436440571037,925.5,925.4392220421395,0.7812835042715425,124,818.67,599.5,715.6978453131971,300,0.38607403914171184,1.0,0.42974817260080167,3,93.75
rbio2.6,1.0,zero,3.722509198171712e-27,323.7634346730464,5842064.515324022,0.6467889908256881,317.0449187823229,206,raw,4.0069350211083064e-14,-2.1498691715749198e-10,6.4895011416462625,66615.39888277643,0.6724897250965997,5.618943883690066e-06,1.0,327.0000000000001,,,,[],[],13,661.1538461538462,86.99999999999997,940.0000000000001,"[8, 32, 51, 63, 81, 100, 111, 133, 152, 162, 175, 192, 204]","[878.0000000000001, 638.0000000000002, 787.0000000000001, 792.0, 940.0000000000001, 788.0, 637.0000000000001, 675.0000000000001, 771.0, 196.00000000000006, 834.0000000000002, 572.0000000000001, 86.99999999999997]","[0, 13, 39, 39, 76, 99, 107, 107, 107, 161, 99, 187, 203]","[76, 39, 61, 76, 205, 164, 119, 142, 164, 164, 205, 205, 205]",37754613.0,941.0000000000001,-941.0000000000001,0.0,,,,DWT,mdp.39015067403892,0.0,,0.0,33.0,19.0,0.0,28.5,,1.1368683772161603e-13,256.3413461538462,4359.0,256.3413461538462,,0.0,256.3413461538462,,,83.99999999999997,0.0,19.5,1.1368683772161603e-13,1.1368683772161603e-13,,1.1368683772161603e-13,3.228047467038709e-14,1.837416522856473e-27,0.9808376621227044,0.8455818499486929,0.00011940736207582015,0.672346002621232,0.0007186108732473846,0.9999999997233889,0.47422802461156727,6.6959667625959335e-09,6.6959667625959335e-09,6.082000342865356e-09,,5.718550876340534e-12,0.9999999933040264,1.3612963731558036e-13,,,,,,0.0,1.0,0.0,1.4238426238064856e-13,1.4238426238064856e-13,0.7422684098806477,0.2426715936830823,767,1.6805790712161641,0.8071878191939149,162,0,0.2061856697829722,0.24635434483057653,768,0.0,0.43745044158142177,0.7945616641119568,149,353.37845623825643,0.6295823309871527,461.5,258.2292297210848,0.5729148552210397,623,rbio,0.5136782423812899,1.0,0.3404252303330971,4,468.25,3.228047467038708e-14,0.0001547883299646835,1.837416522856472e-27,0.9808376621227044,0.8455818499486929,0.0011527634085956653,0.7537421535490102,0.003082611422155368,0.9999999997233888,0.9919828214562011,0.9855281704452468,0.9855281704452468,0.9855281704451347,,1.2251610931599486e-12,0.9999999999667601,7.585973278963461e-14,,,,,1.0,,0.0,1.0,0.25,1.4238426238064856e-13,1.4238426238064856e-13,0.0,2.2095701998216364,0.6304403968409347,767,1.7146462463290877,0.7926555030090823,599,118.79393923933998,0.9377390255559015,683.0,672.6691068814056,0.7898862842664204,141,0.3888041033402703,1.0,0.4278371276618108,3,106.5,,,,,,,,,,,,,2.1674331001497838e-19,0.03641360043841643,1.837416522856472e-27,0.9861004032035355,0.2613996365070803,0.0015309926790118254,0.5702199178519871,1.0,0.003082611422155368,0.9999999999999541,0.0008499884728391218,0.0007982210227401261,0.0007982210227401261,0.0007982210227337874,,0.0,9.572760819061336e-19,0.020163910573049823,7.054128794466933e-19,,,,,0.4782608695652174,,0.0,1.0,0.7906976744186046,4.770970844811595e-19,4.770970844811595e-19,0.9302325581395349,0.5674759776446953,0.17675400427451057,753,1.7633706483563312,0.855956520169024,906,108.18733752154178,0.9494451693824572,829.5,822.4448462929475,0.7809141734762752,125,818.67,599.5,715.6978453131971,300,0.38607403914171184,1.0,0.42974817260080167,3,94.5
rbio2.4,1.0,antisymmetric,3.9899703819048674e-27,323.46209574983055,5864220.926865583,0.6448598130841121,328.56148364911195,206,raw,3.9955094249325536e-14,-2.14615103466545e-10,6.53092545622226,71618.18213051623,0.6803054673023731,5.618943883690066e-06,1.0,327.0000000000001,,,,[],[],13,661.1538461538462,86.99999999999994,940.0000000000001,"[8, 32, 51, 63, 81, 100, 111, 133, 152, 162, 175, 192, 204]","[878.0000000000002, 638.0000000000001, 787.0000000000001, 792.0, 940.0000000000001, 788.0, 637.0, 675.0000000000001, 771.0, 196.0, 834.0000000000002, 572.0000000000001, 86.99999999999994]","[0, 13, 39, 39, 76, 99, 107, 107, 107, 161, 99, 187, 203]","[76, 39, 61, 76, 205, 164, 119, 142, 164, 164, 205, 205, 205]",37754613.0,941.0000000000001,-941.0000000000001,0.0,,,,DWT,mdp.39015067403892,0.0,,0.0,33.0,19.0,0.0,28.5,,1.1368683772161603e-13,256.3413461538462,4359.0,256.3413461538462,,0.0,256.3413461538462,,,83.99999999999994,0.0,19.5,1.1368683772161603e-13,1.1368683772161603e-13,,1.1368683772161603e-13,3.2136110280495565e-14,2.0266897666959177e-27,0.9797256532762462,0.8598918725983336,0.00014434180092406706,0.6578771695594123,0.0011236511982318407,0.9999999997233946,0.47422802461153424,6.6959667625959335e-09,6.6959667625959335e-09,6.082000342865356e-09,,5.718550876340534e-12,0.9999999933040264,1.3612963731558036e-13,,,,,,0.0,1.0,0.0,1.4238426238064856e-13,1.4238426238064856e-13,0.7422684098806378,0.24267159368307908,783,1.6814538273578017,0.8076079675311092,156,0,0.20618566978296943,0.24635434483057322,784,0.0,0.4373453360195719,0.7943707559719879,153,363.15561402792605,0.61933373791622,469.0,258.08360540895046,0.5638597410755104,658,rbio,0.5136782423812899,1.0,0.3404252303330971,4,494.5,3.213611028049556e-14,0.0001547883299646835,2.026689766695917e-27,0.9797256532762462,0.8598918725983337,0.0011776720782137261,0.7428676832267582,0.003486693543013327,0.9999999997233945,0.9919828214562006,0.9855281704452468,0.9855281704452468,0.9855281704451347,,1.2251610931599486e-12,0.9999999999667601,7.585973278963461e-14,,,,,1.0,,0.0,1.0,0.25,1.4238426238064856e-13,1.4238426238064856e-13,0.0,2.2095701998216364,0.6304403968409347,769,1.7169583514002869,0.7937243548565959,577,135.7645019878171,0.9288446006353159,673.0,659.3060921248143,0.7880596168795029,145,0.3888041033402703,1.0,0.4278371276618108,3,109.5,,,,,,,,,,,,,2.1577399292677323e-19,0.03641360043841643,2.026689766695917e-27,0.9852937962697237,0.26582337705833636,0.0015368173740311678,0.5619931793783042,1.0,0.003486693543013327,0.9999999999999541,0.0008499884728391214,0.0007982210227401261,0.0007982210227401261,0.0007982210227337874,,0.0,9.572760819061336e-19,0.020163910573049823,7.054128794466933e-19,,,,,0.4782608695652174,,0.0,1.0,0.7906976744186046,4.770970844811595e-19,4.770970844811595e-19,0.9302325581395349,0.5674759776446953,0.17675400427451057,935,1.7619724042780516,0.8552777994833266,919,11.313708498984761,0.9947132203275773,927.0,926.9309600862998,0.7807678251170597,126,818.67,599.5,715.6978453131971,300,0.38607403914171184,1.0,0.42974817260080167,3,95.25
rbio1.3,1.0,periodic,5.331750022670279e-27,322.20309467387983,5933204.332415388,0.6666666666666666,314.37590957192924,206,raw,5.298027388968513e-14,-2.1826274121395112e-10,6.328105845014808,61694.76472293085,0.7549619813485899,5.618943883690066e-06,0.9999999999999998,327.0000000000001,,,,[],[],13,661.1538461538462,87.00000000000003,940.0000000000002,"[8, 32, 51, 63, 81, 100, 111, 133, 152, 162, 175, 192, 204]","[878.0, 638.0000000000001, 787.0000000000001, 792.0000000000001, 940.0000000000002, 788.0, 637.0000000000001, 675.0000000000001, 771.0, 196.0, 834.0000000000001, 572.0000000000001, 87.00000000000003]","[0, 13, 39, 39, 76, 99, 107, 107, 107, 161, 164, 187, 203]","[76, 39, 61, 76, 205, 164, 119, 142, 164, 164, 205, 205, 205]",37754613.0,941.0000000000002,-941.0000000000002,0.0,,,,DWT,mdp.39015067403892,0.0,,0.0,33.0,19.0,0.0,28.5,,2.2737367544323206e-13,256.3413461538462,4359.0,256.3413461538462,,0.0,256.3413461538462,,,84.00000000000003,0.0,24.0,2.2737367544323206e-13,2.2737367544323206e-13,,1.1368683772161603e-13,4.8593650728130704e-14,2.97622188788316e-27,0.9750796542821006,0.7898278713015765,0.0002219745215475707,0.8214285714285712,0.00032022158461811876,0.9999999997233396,0.4742280246116333,6.6959667625959335e-09,6.6959667625959335e-09,6.082000342865356e-09,,5.718550876340534e-12,0.9999999933040264,2.7225927463116073e-13,,,,,,0.0,1.0,0.5,2.847685247612971e-13,2.847685247612971e-13,0.7922684098807927,0.259018213750263,317,1.7087722325754484,0.8207290900710504,110,0,0.24785233644967947,0.2961384272003902,320,0.0,0.4483597866052253,0.8143768168985187,106,121.54937268451862,0.8725897560958924,213.25,161.26141590253886,0.8245286306684912,80,rbio,0.5136782423812899,1.0,0.3404252303330971,4,61.0,4.85936507281307e-14,0.0001547883299646835,2.97622188788316e-27,0.9750796542821006,0.7898278713015766,0.0012552245670156956,0.8657894736842104,0.0026851646032921223,0.9999999997233395,0.9919828214562021,0.9855281704452468,0.9855281704452468,0.9855281704451347,,1.2251610931599486e-12,0.9999999999667601,1.5171946557926922e-13,,,,,1.0,,0.0,1.0,0.5,2.847685247612971e-13,2.847685247612971e-13,0.0,2.2345701998217313,0.6375734627749138,315,1.7280256322068972,0.7988405944619884,465,106.06601717798213,0.9444098442463406,390.0,375.5769230769231,0.870003664261535,80,0.3888041033402703,1.0,0.4278371276618108,3,60.75,,,,,,,,,,,,,3.2627614098217716e-19,0.03641360043841643,2.97622188788316e-27,0.9819237736164901,0.2441640847351684,0.0015549524090285771,0.6549857935326748,0.9999999999999998,0.0026851646032921223,0.9999999999999541,0.0008499884728391225,0.0007982210227401261,0.0007982210227401261,0.0007982210227337874,,0.0,9.572760819061336e-19,0.020163910573049823,1.4108257588933865e-18,,,,,0.4782608695652174,,0.0,1.0,0.8604651162790697,9.54194168962319e-19,9.54194168962319e-19,0.9302325581395349,0.5744527218307418,0.17892707859001003,401,1.7860062461278858,0.8669440499424982,848,316.07673119038674,0.8523005929016885,624.5,544.5124099279424,0.7802390814975733,127,818.67,599.5,715.6978453131971,300,0.38607403914171184,1.0,0.42974817260080167,3,96.0
rbio2.8,1.0,periodic,4.974245009780162e-27,322.50452073927244,6055577.752884905,0.6486486486486487,331.0258956944157,206,raw,4.653343514183751e-14,-2.162080514622772e-10,6.5829863906335,61566.574910846844,0.6474018704025731,5.618943883690066e-06,0.9999999999999999,327.0000000000001,,,,[],[],13,661.1538461538462,86.99999999999997,940.0000000000001,"[8, 32, 51, 63, 81, 100, 111, 133, 152, 162, 175, 192, 204]","[878.0000000000001, 638.0000000000001, 787.0000000000001, 792.0, 940.0000000000001, 788.0, 637.0000000000001, 675.0000000000001, 771.0000000000002, 196.0, 834.0000000000003, 572.0000000000001, 86.99999999999997]","[0, 13, 39, 39, 76, 99, 107, 107, 107, 161, 99, 187, 203]","[76, 39, 61, 76, 205, 164, 119, 142, 164, 164, 205, 205, 205]",37754613.0,941.0000000000001,-941.0000000000001,0.0,,,,DWT,mdp.39015067403892,0.0,,0.0,33.0,19.0,0.0,28.5,,1.1368683772161603e-13,256.3413461538462,4359.0,256.3413461538462,,0.0,256.3413461538462,,,83.99999999999997,0.0,19.5,1.1368683772161603e-13,1.1368683772161603e-13,,1.1368683772161603e-13,4.04479581249111e-14,2.723227668183284e-27,0.9761919847029192,0.8778763138187075,0.0003596914331342798,0.6862934362934365,0.0003098429532493383,0.9999999997233706,0.47422802461156727,6.6959667625959335e-09,6.6959667625959335e-09,6.082000342865356e-09,,5.718550876340534e-12,0.9999999933040264,1.3612963731558036e-13,,,,,,0.0,1.0,0.0,1.4238426238064856e-13,1.4238426238064856e-13,0.7422684098806477,0.2426715936830823,774,1.699474505035707,0.8162633600469152,118,0,0.2061856697829722,0.24635434483057653,774,0.0,0.4426289086156073,0.8039675555984453,121,377.87773595877985,0.6039017442780086,446.75,207.0069962817619,0.5678051698329246,636,rbio,0.5136782423812899,1.0,0.3404252303330971,4,478.0,4.0447958124911097e-14,0.0001547883299646835,2.723227668183284e-27,0.9761919847029191,0.8778763138187076,0.0013927991510041453,0.7642247510668565,0.002674810524657456,0.9999999997233705,0.9919828214562011,0.9855281704452468,0.9855281704452468,0.9855281704451347,,1.2251610931599486e-12,0.9999999999667601,7.585973278963461e-14,,,,,1.0,,0.0,1.0,0.25,1.4238426238064856e-13,1.4238426238064856e-13,0.0,2.2095701998216364,0.6304403968409347,780,1.7321560083315626,0.8007500060223744,424,251.7300141024109,0.8680660303446484,602.0,549.3687707641196,0.7762762017551335,173,0.3888041033402703,1.0,0.4278371276618108,3,130.5,,,,,,,,,,,,,2.715828815052349e-19,0.03641360043841643,2.723227668183284e-27,0.9827306138075368,0.2713830119985541,0.0015871231353834121,0.5781501972815735,0.9999999999999999,0.002674810524657456,0.9999999999999541,0.0008499884728391218,0.0007982210227401261,0.0007982210227401261,0.0007982210227337874,,0.0,9.572760819061336e-19,0.020163910573049823,7.054128794466933e-19,,,,,0.4782608695652174,,0.0,1.0,0.7906976744186046,4.770970844811595e-19,4.770970844811595e-19,0.9302325581395349,0.5674759776446953,0.17675400427451057,930,1.76937751910549,0.8588723111221895,878,36.76955262170047,0.9828179660646259,904.0,903.2522123893805,0.7801940297612849,128,818.67,599.5,715.6978453131971,300,0.38607403914171184,1.0,0.42974817260080167,3,96.75
rbio1.3,1.0,symmetric,5.343514006654934e-27,322.1935229473468,5933221.338323278,0.6666666666666666,314.37590957192924,206,raw,5.311824335293952e-14,-2.1828572283056086e-10,6.328115437791082,61695.77786493764,0.7549495836817914,5.618943883690066e-06,0.9999999999999998,327.0000000000001,,,,[],[],13,661.1538461538462,87.00000000000006,940.0000000000002,"[8, 32, 51, 63, 81, 100, 111, 133, 152, 162, 175, 192, 204]","[878.0, 638.0000000000001, 787.0000000000001, 792.0000000000001, 940.0000000000002, 788.0, 637.0000000000001, 675.0000000000001, 771.0, 196.0, 834.0000000000001, 572.0000000000001, 87.00000000000006]","[0, 13, 39, 39, 76, 99, 107, 107, 107, 161, 164, 187, 203]","[76, 39, 61, 76, 205, 164, 119, 142, 164, 164, 205, 205, 205]",37754613.0,941.0000000000002,-941.0000000000002,0.0,,,,DWT,mdp.39015067403892,0.0,,0.0,33.0,19.0,0.0,28.5,,2.2737367544323206e-13,256.3413461538462,4359.0,256.3413461538462,,0.0,256.3413461538462,,,84.00000000000006,0.0,24.0,2.2737367544323206e-13,2.2737367544323206e-13,,1.1368683772161603e-13,4.8767977538565773e-14,2.984546861915551e-27,0.975044332444261,0.7898311851245607,0.00022199365969950274,0.8214285714285712,0.0003203036116313562,0.9999999997233392,0.47422802461166635,6.6959667625959335e-09,6.6959667625959335e-09,6.082000342865356e-09,,5.718550876340534e-12,0.9999999933040264,2.7225927463116073e-13,,,,,,0.0,1.0,0.5,2.847685247612971e-13,2.847685247612971e-13,0.7922684098808026,0.25901821375026624,313,1.708752738764118,0.8207197271274524,111,0,0.24785233644968224,0.2961384272003935,311,0.0,0.4483557982490139,0.8143695726608927,107,117.21632423287579,0.877131735604952,210.5,161.51745217295516,0.8282409202133775,76,rbio,0.5136782423812899,1.0,0.3404252303330971,4,58.0,4.876797753856576e-14,0.0001547883299646835,2.984546861915551e-27,0.975044332444261,0.7898311851245609,0.0012552436853887408,0.8657894736842104,0.002685246436254008,0.9999999997233391,0.9919828214562026,0.9855281704452468,0.9855281704452468,0.9855281704451347,,1.2251610931599486e-12,0.9999999999667601,1.5171946557926922e-13,,,,,1.0,,0.0,1.0,0.5,2.847685247612971e-13,2.847685247612971e-13,0.0,2.2345701998217313,0.6375734627749138,318,1.7280061383080567,0.7988315827219726,466,104.65180361560904,0.945151046323056,392.0,378.03061224489795,0.8698501562852177,81,0.3888041033402703,1.0,0.4278371276618108,3,61.5,,,,,,,,,,,,,3.274466370886892e-19,0.03641360043841643,2.984546861915551e-27,0.981898152561939,0.24416510915654593,0.001554956879708624,0.6549857935326748,0.9999999999999998,0.002685246436254008,0.9999999999999541,0.0008499884728391229,0.0007982210227401261,0.0007982210227401261,0.0007982210227337874,,0.0,9.572760819061336e-19,0.020163910573049823,1.4108257588933865e-18,,,,,0.4782608695652174,,0.0,1.0,0.8604651162790697,9.54194168962319e-19,9.54194168962319e-19,0.9302325581395349,0.5744527218307418,0.17892707859001003,400,1.7859914206743688,0.8669368535294161,849,317.49094475275984,0.8516397454426357,624.5,543.795036028823,0.7799086577680467,129,818.67,599.5,715.6978453131971,300,0.38607403914171184,1.0,0.42974817260080167,3,97.5
bior1.5,1.0,symmetric,8.20253356884751e-27,320.3323123044374,6155284.861405921,0.6542056074766355,314.7485675514395,206,raw,5.862408724593497e-14,-2.1829427154785037e-10,6.347717697527797,66921.12069971101,0.7512260230389692,5.618943883690064e-06,1.0,327.0,,,,[],[],13,661.1538461538462,86.99999999999989,940.0,"[8, 32, 51, 63, 81, 100, 111, 133, 152, 162, 175, 192, 204]","[878.0000000000002, 638.0, 787.0000000000001, 792.0000000000002, 940.0, 788.0000000000001, 637.0000000000001, 675.0, 771.0000000000001, 196.00000000000006, 834.0, 572.0, 86.99999999999989]","[0, 13, 39, 39, 76, 99, 107, 107, 107, 161, 99, 187, 203]","[76, 39, 61, 76, 205, 164, 119, 142, 164, 164, 205, 205, 205]",37754613.0,941.0,-941.0,0.0,,,,DWT,mdp.39015067403892,0.0,,0.0,33.0,19.0,0.0,28.5,,0.0,256.3413461538462,4359.0,256.3413461538462,,0.0,256.3413461538462,,,83.99999999999989,0.0,19.5,0.0,0.0,,0.0,5.572470681749002e-14,5.007778417177438e-27,0.9681760438144674,0.7966027825230381,0.0004719000728541745,0.7279706275033375,0.0007433630277889527,0.9999999997233391,0.47422802461146824,6.6959667625959335e-09,6.6959667625959335e-09,6.082000342865356e-09,,0.0,0.9999999933040264,0.0,,,,,,0.0,1.0,0.0,0.0,0.0,0.7422684098776339,0.24267159368209698,950,1.6709285636884297,0.8025526477468558,176,0,0.20618566978245234,0.24635434482995539,947,0.0,0.4367455895831101,0.7932814085138449,161,450.3765091565056,0.5279072231063882,558.5,285.68171607906623,0.4712387268571773,945,bior,0.672619891330026,0.76736776154697,0.2989557476048908,5,710.0,5.572470681749001e-14,0.0001547883299646835,5.007778417177438e-27,0.9681760438144674,0.7966027825230381,0.0015048918254006003,0.7955484505656663,0.003107305020510901,0.999999999723339,0.9919828214561996,0.9855281704452468,0.9855281704452468,0.9855281704451347,,0.0,0.9999999999667601,0.0,,,,,1.0,,0.0,1.0,0.25,0.0,0.0,0.0,2.209570199820928,0.6304403968407325,953,1.6994682020857126,0.7856389184977384,735,154.14927829866735,0.919208973638015,844.0,829.9229857819906,0.7384304826261354,241,0.5943810304597339,0.7715092316736338,0.3524805091760961,5,182.0,,,,,,,,,,,,,3.741567473391862e-19,0.036413600438416426,5.007778417177438e-27,0.976916169505008,0.2462584524545858,0.0016133351190932284,0.6018471568730344,1.0,0.003107305020510901,0.9999999999999541,0.0008499884728391206,0.0007982210227401261,0.0007982210227401261,0.0007982210227337874,,0.0,0.0,0.020163910573049823,0.0,,,,,0.4782608695652174,,0.0,1.0,0.7906976744186046,0.0,0.0,0.9302325581395349,0.5674759776446953,0.17675400427451057,937,1.7629914603787693,0.8557724587965234,910,19.091883092036785,0.9910785593027865,923.5,923.3026529507308,0.7797682516140101,130,1104.4,1082.5,563.6960149978129,300,0.520820561188399,0.7876173146100969,0.3991404127850916,6,99.0
db24,1.0,antireflect,8.68552706104562e-27,320.08383069119355,6632209.721178289,0.6388888888888888,309.28488733588983,206,raw,6.348319927992545e-14,-2.0597568095581946e-10,6.6706925342598025,125595.52838494089,0.8947697778456591,5.618943883690066e-06,1.0,327.0,,,,[],[],13,661.1538461538462,87.00000000000003,939.9999999999999,"[8, 32, 51, 63, 81, 100, 111, 133, 152, 162, 175, 192, 204]","[878.0, 638.0, 787.0, 792.0, 939.9999999999999, 788.0, 636.9999999999999, 674.9999999999999, 770.9999999999998, 196.00000000000006, 834.0000000000002, 571.9999999999999, 87.00000000000003]","[0, 13, 39, 39, 76, 99, 107, 107, 107, 161, 99, 187, 203]","[76, 39, 61, 76, 205, 164, 119, 142, 164, 164, 205, 205, 205]",37754613.0,941.0,-941.0,0.0,,,,DWT,mdp.39015067403892,0.0,,0.0,33.0,19.0,0.0,28.5,,0.0,256.3413461538462,4359.0,256.34134615384613,,0.0,256.3413461538462,,,84.00000000000003,0.0,19.5,1.1368683772161603e-13,0.0,,0.0,6.186427917249987e-14,5.3495765941902376e-27,0.967259090408115,0.9081743866933343,0.0010086229861696171,0.6130952380952377,0.005493818920083095,0.9999999997235248,0.4742280246116333,6.6959667625959335e-09,6.6959667625959335e-09,6.0819563246244724e-09,,0.0,0.9999999933040264,1.3612963731558036e-13,,,,,,0.0,1.0,0.0,0.0,0.0,0.7422684098777382,0.24267159368213112,913,1.6823825817801776,0.8080540514254074,153,0,0.20618566978247377,0.246354344829981,918,0.0,0.4368788946033158,0.7935235366468196,159,438.50912191196204,0.5403468323773983,535.75,266.4913019024979,0.4893820115765398,909,db,0.540986235965534,0.9305070477545101,0.3421575204977732,3,682.5,6.186427917249987e-14,0.0001547883299646835,5.349576594190237e-27,0.967259090408115,0.9081743866933343,0.0020410600466139422,0.7092105263157893,0.007846522756606859,0.9999999997235247,0.9919828214562021,0.9855281704452468,0.9855281704452468,0.9855281704451341,,0.0,0.9999999999667601,7.585973278963461e-14,,,,,1.0,,0.0,1.0,0.25,0.0,0.0,0.0,2.209570199820967,0.6304403968407437,914,1.7223324336322197,0.7962087132855632,523,276.4787514439401,0.8550949940021279,718.5,665.3054975643703,0.7392613334790514,238,0.49117026184683504,0.8233619396015222,0.4091722348267588,4,179.5,,,,,,,,,,,,,4.1538015709040763e-19,0.03641360043841643,5.349576594190237e-27,0.9762510480197771,0.2807492315274773,0.0017387138091444461,0.5365309159788931,1.0,0.007846522756606859,0.9999999999999541,0.0008499884728391225,0.0007982210227401261,0.0007982210227401261,0.0007982210227337869,,0.0,0.0,0.020163910573049823,7.054128794466933e-19,,,,,0.4782608695652174,,0.0,1.0,0.7906976744186046,0.0,0.0,0.9302325581395349,0.5674759776446953,0.17675400427451057,920,1.7556696571058839,0.852218387361421,941,14.849242404917497,0.9930611016799451,930.5,930.3815153143471,0.7791240087838978,131,1009.0473684210526,935.5,610.6543869996938,760,0.4758535102197843,0.8532293215616218,0.41093374637766444,5,99.5
rbio1.3,1.0,constant,5.343514006654934e-27,322.1935229473468,5932015.680014951,0.6666666666666666,314.37590957192924,206,raw,5.311824335293952e-14,-2.1828572283056086e-10,6.315001155712654,62598.44064625851,0.7611487355544226,5.618943883690066e-06,0.9999999999999998,327.0000000000001,,,,[],[],13,661.1538461538462,87.00000000000006,940.0000000000002,"[8, 32, 51, 63, 81, 100, 111, 133, 152, 162, 175, 192, 204]","[878.0, 638.0000000000001, 787.0000000000001, 792.0000000000001, 940.0000000000002, 788.0, 637.0000000000001, 675.0000000000001, 771.0, 196.0, 834.0000000000001, 572.0000000000001, 87.00000000000006]","[0, 13, 39, 39, 76, 99, 107, 107, 107, 161, 164, 187, 203]","[76, 39, 61, 76, 205, 164, 119, 142, 164, 164, 205, 205, 205]",37754613.0,941.0000000000002,-941.0000000000002,0.0,,,,DWT,mdp.39015067403892,0.0,,0.0,33.0,19.0,0.0,28.5,,2.2737367544323206e-13,256.3413461538462,4359.0,256.3413461538462,,0.0,256.3413461538462,,,84.00000000000006,0.0,24.0,2.2737367544323206e-13,2.2737367544323206e-13,,1.1368683772161603e-13,4.8767977538565773e-14,2.984546861915551e-27,0.975044332444261,0.7853008585398736,0.00022063683288192572,0.8214285714285712,0.0003933858956704974,0.9999999997233392,0.47422802461166635,6.6959667625959335e-09,6.6959667625959335e-09,6.082000342865356e-09,,5.718550876340534e-12,0.9999999933040264,2.7225927463116073e-13,,,,,,0.0,1.0,0.5,2.847685247612971e-13,2.847685247612971e-13,0.7922684098808026,0.25901821375026624,310,1.7065161299719815,0.8196454763503034,114,0,0.24785233644968224,0.2961384272003935,314,0.0,0.44779847310808074,0.8133572769827117,110,115.49314553975343,0.8789380025788748,212.0,164.7897203831906,0.8283578901783263,75,rbio,0.5136782423812899,1.0,0.3404252303330971,4,57.25,4.876797753856576e-14,0.0001547883299646835,2.984546861915551e-27,0.975044332444261,0.7853008585398737,0.001253888260823799,0.8657894736842104,0.002758155829492356,0.9999999997233391,0.9919828214562026,0.9855281704452468,0.9855281704452468,0.9855281704451347,,1.2251610931599486e-12,0.9999999999667601,1.5171946557926922e-13,,,,,1.0,,0.0,1.0,0.5,2.847685247612971e-13,2.847685247612971e-13,0.0,2.2345701998217313,0.6375734627749138,319,1.7257694610607262,0.7977976000375866,490,120.91525958289962,0.9366272224408283,404.5,386.42768850432634,0.8623125630023848,92,0.3888041033402703,1.0,0.4278371276618108,3,69.75,,,,,,,,,,,,,3.274466370886892e-19,0.03641360043841643,2.984546861915551e-27,0.981898152561939,0.2427646229439251,0.0015546399244141995,0.6549857935326748,0.9999999999999998,0.002758155829492356,0.9999999999999541,0.0008499884728391229,0.0007982210227401261,0.0007982210227401261,0.0007982210227337874,,0.0,9.572760819061336e-19,0.020163910573049823,1.4108257588933865e-18,,,,,0.4782608695652174,,0.0,1.0,0.8604651162790697,9.54194168962319e-19,9.54194168962319e-19,0.9302325581395349,0.5744527218307418,0.17892707859001003,390,1.7853201828477065,0.8666110284427554,851,325.9762261269984,0.8476746606883185,620.5,534.8751007252216,0.7788606948301406,132,818.67,599.5,715.6978453131971,300,0.38607403914171184,1.0,0.42974817260080167,3,99.75
rbio1.3,1.0,antisymmetric,5.321946702683066e-27,322.2110872591508,5932627.684121772,0.6666666666666666,314.37590957192924,206,raw,5.298027388968513e-14,-2.1825208307291472e-10,6.323440342427021,64479.58671697846,0.7678585772601394,5.618943883690066e-06,0.9999999999999998,327.0000000000001,,,,[],[],13,661.1538461538462,87.00000000000003,940.0000000000002,"[8, 32, 51, 63, 81, 100, 111, 133, 152, 162, 175, 192, 204]","[878.0, 638.0000000000001, 787.0000000000001, 792.0000000000001, 940.0000000000002, 788.0, 637.0000000000001, 675.0000000000001, 771.0, 196.0, 834.0000000000001, 572.0000000000001, 87.00000000000003]","[0, 13, 39, 39, 76, 99, 107, 107, 107, 161, 164, 187, 203]","[76, 39, 61, 76, 205, 164, 119, 142, 164, 164, 205, 205, 205]",37754613.0,941.0000000000002,-941.0000000000002,0.0,,,,DWT,mdp.39015067403892,0.0,,0.0,33.0,19.0,0.0,28.5,,2.2737367544323206e-13,256.3413461538462,4359.0,256.3413461538462,,0.0,256.3413461538462,,,84.00000000000003,0.0,24.0,2.2737367544323206e-13,2.2737367544323206e-13,,1.1368683772161603e-13,4.8593650728130704e-14,2.9692844095228347e-27,0.9751091487311833,0.7882161742008142,0.00022132557162230193,0.8214285714285712,0.0005456891193154308,0.9999999997233397,0.4742280246116333,6.6959667625959335e-09,6.6959667625959335e-09,6.082000342865356e-09,,5.718550876340534e-12,0.9999999933040264,2.7225927463116073e-13,,,,,,0.0,1.0,0.5,2.847685247612971e-13,2.847685247612971e-13,0.7922684098807927,0.259018213750263,314,1.7080739432334335,0.8203936993353206,112,0,0.24785233644967947,0.2961384272003902,317,0.0,0.4481901135968619,0.8140686318904232,108,118.66303833404345,0.875615263800793,212.75,163.08479324867997,0.8263034390282791,78,rbio,0.5136782423812899,1.0,0.3404252303330971,4,59.5,4.85936507281307e-14,0.0001547883299646835,2.969284409522834e-27,0.9751091487311833,0.7882161742008144,0.0012545762877668395,0.8657894736842104,0.0029100987493147477,0.9999999997233396,0.9919828214562021,0.9855281704452468,0.9855281704452468,0.9855281704451347,,1.2251610931599486e-12,0.9999999999667601,1.5171946557926922e-13,,,,,1.0,,0.0,1.0,0.5,2.847685247612971e-13,2.847685247612971e-13,0.0,2.2345701998217313,0.6375734627749138,316,1.7273271298447503,0.7985176871903539,472,110.30865786510141,0.9421862380161943,394.0,378.55837563451774,0.8678436431171118,85,0.3888041033402703,1.0,0.4278371276618108,3,64.5,,,,,,,,,,,,,3.2627614098217716e-19,0.03641360043841643,2.969284409522834e-27,0.9819451677153004,0.2436658514342475,0.0015548008140630549,0.6549857935326748,0.9999999999999998,0.0029100987493147477,0.9999999999999541,0.0008499884728391225,0.0007982210227401261,0.0007982210227401261,0.0007982210227337874,,0.0,9.572760819061336e-19,0.020163910573049823,1.4108257588933865e-18,,,,,0.4782608695652174,,0.0,1.0,0.8604651162790697,9.54194168962319e-19,9.54194168962319e-19,0.9302325581395349,0.5744527218307418,0.17892707859001003,383,1.785859863797638,0.866872994597367,850,330.2188668141177,0.84569211831116,616.5,528.0616382806164,0.7788040030808137,133,818.67,599.5,715.6978453131971,300,0.38607403914171184,1.0,0.42974817260080167,3,100.5
rbio1.5,1.0,periodization,4.5050022391344416e-27,322.9348423568072,5939956.159925455,0.6747572815533981,320.79709321887566,206,raw,5.0794759293426885e-14,-2.1752655232632208e-10,6.318549000911218,62036.19724548037,0.7486316882826307,5.618943883690066e-06,0.9999999999999998,327.0000000000001,,,,[],[],13,661.1538461538463,87.00000000000007,940.0000000000001,"[8, 32, 51, 63, 81, 100, 111, 133, 152, 162, 175, 192, 204]","[878.0000000000001, 638.0000000000001, 787.0000000000001, 792.0000000000001, 940.0000000000001, 788.0000000000001, 637.0000000000001, 675.0000000000001, 771.0, 196.0, 834.0000000000001, 572.0000000000001, 87.00000000000007]","[0, 13, 39, 39, 76, 99, 107, 107, 107, 161, 99, 187, 203]","[76, 39, 61, 76, 205, 164, 119, 142, 164, 164, 205, 205, 205]",37754613.0,941.0000000000001,-941.0000000000001,0.0,,,,DWT,mdp.39015067403892,0.0,,0.0,33.0,19.0,0.0,28.5,,1.1368683772161603e-13,256.3413461538463,4358.999999999998,256.3413461538462,,0.0,256.3413461538463,,,84.00000000000007,0.0,19.5,1.1368683772161603e-13,1.1368683772161603e-13,,1.1368683772161603e-13,4.583221511956784e-14,2.3911604122597688e-27,0.9777799688916666,0.7865264610795542,0.00022957291038629949,0.8821081830790571,0.0003478649849105859,0.9999999997233507,0.47422802461168284,6.696054799077647e-09,6.696054799077647e-09,6.082000342865356e-09,,5.718550876340534e-12,0.9999999933039181,1.3612963731558036e-13,,,,,,0.0,1.0,0.0,1.4238426238064856e-13,1.4238426238064856e-13,0.7422684098806811,0.24267159368309324,754,1.733028417444911,0.8323794178075354,93,0,0.20618566978298747,0.24635434483059476,751,0.0,0.4558740063336214,0.8280252450731787,91,381.3426936496883,0.6002697131554631,422.25,163.9376711823888,0.5788298251311906,600,rbio,0.5136782423812899,1.0,0.3404252303330971,4,451.0,4.583221511956783e-14,0.0001547883299646835,2.3911604122597688e-27,0.9777799688916665,0.7865264610795543,0.0012628151030756943,0.9113949923352072,0.002712742607576842,0.9999999997233506,0.9919828214562029,0.9855281704452481,0.9855281704452481,0.9855281704451347,,1.2251610931599486e-12,0.9999999999667596,7.585973278963461e-14,,,,,1.0,,0.0,1.0,0.25,1.4238426238064856e-13,1.4238426238064856e-13,0.0,2.2095701998216373,0.6304403968409349,755,1.7462521497917718,0.8072664429396398,274,340.1183617507294,0.8217409005499322,514.5,402.07968901846453,0.7760434062498089,174,0.3888041033402703,1.0,0.4278371276618108,3,131.25,,,,,,,,,,,,,3.0773481839307023e-19,0.03641360043841643,2.3911604122597688e-27,0.9838824742999301,0.2431435005870463,0.001556727395740463,0.6894872141794075,0.9999999999999998,0.002712742607576842,0.9999999999999541,0.0008499884728391231,0.0007982210227401272,0.0007982210227401272,0.0007982210227337874,,0.0,9.572760819061336e-19,0.020163910573049813,7.054128794466933e-19,,,,,0.4782608695652174,,0.0,1.0,0.7906976744186046,4.770970844811595e-19,4.770970844811595e-19,0.9302325581395349,0.5674759776446953,0.17675400427451057,925,1.8004836614176516,0.8739715220306951,818,75.66042558696059,0.9646446609406726,871.5,868.215720022949,0.7787008351432334,134,818.67,599.5,715.6978453131971,300,0.38607403914171184,1.0,0.42974817260080167,3,101.25
db32,1.0,antisymmetric,1.6568349856810162e-26,317.27899990322214,7560275.536792934,0.6492537313432836,329.63308717358325,206,raw,9.156429659792016e-14,-2.0676527157093264e-10,6.784646032399672,162326.19116878355,0.9174754563958905,5.6189438836900665e-06,0.9999999999999999,327.0,,,,[],[],13,661.1538461538462,87.00000000000023,939.9999999999999,"[8, 32, 51, 63, 81, 100, 111, 133, 152, 162, 175, 192, 204]","[878.0, 637.9999999999998, 787.0000000000002, 792.0000000000002, 939.9999999999999, 788.0000000000003, 636.9999999999998, 674.9999999999998, 771.0000000000001, 196.0, 834.0000000000001, 571.9999999999997, 87.00000000000023]","[0, 13, 42, 42, 76, 99, 107, 107, 107, 161, 99, 187, 203]","[76, 42, 61, 76, 205, 164, 119, 142, 164, 164, 205, 205, 205]",37754613.0,940.9999999999999,-940.9999999999999,0.0,,,,DWT,mdp.39015067403892,0.0,,0.0,33.0,19.0,0.0,28.5,,1.1368683772161603e-13,256.3413461538462,4359.0,256.3413461538462,,0.0,256.3413461538462,,,84.00000000000023,0.0,24.0,1.1368683772161603e-13,1.1368683772161603e-13,,0.0,9.734523280886125e-14,1.0927983974060515e-26,0.956908629817902,0.947539603862967,0.002053052057329613,0.6908315565031982,0.00846764346016956,0.9999999997235128,0.4742280246118644,6.6959667625959335e-09,6.6959667625959335e-09,6.082000342865356e-09,,0.0,0.9999999933040264,1.3612963731558036e-13,,,,,,0.0,1.0,0.5,1.4238426238064856e-13,1.4238426238064856e-13,0.7922684098778776,0.25901821374930994,507,1.7286611857256706,0.8302818216231339,98,0,0.24785233644918708,0.2961384271998019,508,0.0,0.45072506067814705,0.8186729746453655,102,235.27625606224413,0.7533791865175639,303.75,167.02232870353703,0.7174914800512348,305,db,0.540986235965534,0.9305070477545101,0.3421575204977732,3,229.5,9.734523280886124e-14,0.0001547883299646835,1.0927983974060515e-26,0.956908629817902,0.9475396038629671,0.003084409721790267,0.7676355066771405,0.01081331211829251,0.9999999997235127,0.9919828214562056,0.9855281704452468,0.9855281704452468,0.9855281704451347,,0.0,0.9999999999667601,7.585973278963461e-14,,,,,1.0,,0.0,1.0,0.5,1.4238426238064856e-13,1.4238426238064856e-13,0.0,2.234570199821025,0.6375734627747122,517,1.7608831485897165,0.8140301364633268,166,248.19448019647817,0.869919035536437,341.5,251.30893118594435,0.8454679035124533,110,0.49117026184683504,0.8233619396015222,0.4091722348267588,4,83.5,,,,,,,,,,,,,6.536126927689399e-19,0.03641360043841644,1.0927983974060515e-26,0.9687432360929185,0.2929184301210713,0.0019826928634101787,0.5807304971556775,0.9999999999999999,0.01081331211829251,0.9999999999999541,0.0008499884728391251,0.0007982210227401261,0.0007982210227401261,0.0007982210227337874,,0.0,0.0,0.020163910573049823,7.054128794466933e-19,,,,,0.4782608695652174,,0.0,1.0,0.8604651162790697,4.770970844811595e-19,4.770970844811595e-19,0.9302325581395349,0.5744527218307418,0.17892707859001003,432,1.7762381069890862,0.8622025043159067,859,301.9345955666558,0.858909067492217,645.5,574.8845855925639,0.7786367767367627,135,1009.0473684210526,935.5,610.6543869996938,760,0.4758535102197843,0.8532293215616218,0.41093374637766444,5,102.5
rbio2.4,1.0,antireflect,3.982808679197761e-27,323.46989801997864,5893628.36616848,0.6448598130841121,341.19090352614177,206,raw,4.0031907108322364e-14,-2.1464552357741972e-10,6.54135772594748,74207.6387598906,0.6880209708301182,5.618943883690066e-06,1.0,327.0000000000001,,,,[],[],13,661.1538461538462,87.0,940.0000000000001,"[8, 32, 51, 63, 81, 100, 111, 133, 152, 162, 175, 192, 204]","[878.0000000000002, 638.0000000000001, 787.0000000000001, 792.0, 940.0000000000001, 788.0, 637.0, 675.0000000000001, 771.0, 196.0, 834.0000000000002, 572.0000000000001, 87.0]","[0, 13, 39, 39, 76, 99, 107, 107, 107, 161, 99, 187, 203]","[76, 39, 61, 76, 205, 164, 119, 142, 164, 164, 205, 205, 205]",37754613.0,941.0000000000001,-941.0000000000001,0.0,,,,DWT,mdp.39015067403892,0.0,,0.0,33.0,19.0,0.0,28.5,,1.1368683772161603e-13,256.3413461538462,4359.0,256.3413461538462,,0.0,256.3413461538462,,,84.0,0.0,19.5,1.1368683772161603e-13,1.1368683772161603e-13,,1.1368683772161603e-13,3.223316466045373e-14,2.021621671640523e-27,0.9797544454194401,0.8634956984572065,0.00017743641986117046,0.6578771695594123,0.0013333013674988782,0.9999999997233942,0.4742280246116003,6.6959667625959335e-09,6.6959667625959335e-09,6.082000342865356e-09,,5.718550876340534e-12,0.9999999933040264,1.3612963731558036e-13,,,,,,0.0,1.0,0.0,1.4238426238064856e-13,1.4238426238064856e-13,0.7422684098806576,0.24267159368308552,761,1.6833734229503299,0.8085299557949198,148,0,0.20618566978297492,0.24635434483057977,764,0.0,0.4378297563683557,0.7952506312718457,144,355.94229401219894,0.6268948700081772,454.25,245.03554656993242,0.575370915087946,612,rbio,0.5136782423812899,1.0,0.3404252303330971,4,460.0,3.223316466045372e-14,0.0001547883299646835,2.021621671640523e-27,0.9797544454194401,0.8634956984572066,0.0012107324945422003,0.7428676832267582,0.0036958477427560454,0.999999999723394,0.9919828214562016,0.9855281704452468,0.9855281704452468,0.9855281704451347,,1.2251610931599486e-12,0.9999999999667601,7.585973278963461e-14,,,,,1.0,,0.0,1.0,0.25,1.4238426238064856e-13,1.4238426238064856e-13,0.0,2.209570199821637,0.6304403968409348,764,1.7188777315037012,0.7946116557821336,555,147.78531726798843,0.9225443829832346,659.5,642.9416224412433,0.7884472439025187,144,0.3888041033402703,1.0,0.4278371276618108,3,108.75,,,,,,,,,,,,,2.1642565272355063e-19,0.03641360043841643,2.021621671640523e-27,0.9853146809438101,0.2669374487116026,0.0015445482904260853,0.5619931793783042,1.0,0.0036958477427560454,0.9999999999999541,0.0008499884728391221,0.0007982210227401261,0.0007982210227401261,0.0007982210227337874,,0.0,9.572760819061336e-19,0.020163910573049823,7.054128794466933e-19,,,,,0.4782608695652174,,0.0,1.0,0.7906976744186046,4.770970844811595e-19,4.770970844811595e-19,0.9302325581395349,0.5674759776446953,0.17675400427451057,942,1.7626294980472312,0.8555967589128805,914,19.79898987322333,0.9907481355732601,928.0,927.7887931034484,0.7785516378800881,136,818.67,599.5,715.6978453131971,300,0.38607403914171184,1.0,0.42974817260080167,3,102.75
rbio1.3,1.0,zero,5.3327303546689996e-27,322.20229622376576,5932092.321372997,0.6666666666666666,314.37590957192924,206,raw,5.304925862131232e-14,-2.1827506468952446e-10,6.314580047505077,62750.95035430839,0.7617852577368467,5.618943883690066e-06,0.9999999999999998,327.0000000000001,,,,[],[],13,661.1538461538462,87.00000000000006,940.0000000000002,"[8, 32, 51, 63, 81, 100, 111, 133, 152, 162, 175, 192, 204]","[878.0, 638.0000000000001, 787.0000000000001, 792.0000000000001, 940.0000000000002, 788.0, 637.0000000000001, 675.0000000000001, 771.0, 196.0, 834.0000000000001, 572.0000000000001, 87.00000000000006]","[0, 13, 39, 39, 76, 99, 107, 107, 107, 161, 164, 187, 203]","[76, 39, 61, 76, 205, 164, 119, 142, 164, 164, 205, 205, 205]",37754613.0,941.0000000000002,-941.0000000000002,0.0,,,,DWT,mdp.39015067403892,0.0,,0.0,33.0,19.0,0.0,28.5,,2.2737367544323206e-13,256.3413461538462,4359.0,256.3413461538462,,0.0,256.3413461538462,,,84.00000000000006,0.0,24.0,2.2737367544323206e-13,2.2737367544323206e-13,,1.1368683772161603e-13,4.868081413334824e-14,2.9769156357191925e-27,0.9750767078204194,0.7851553867789028,0.00022072308372863235,0.8214285714285712,0.00040573353870294675,0.9999999997233394,0.47422802461166635,6.6959667625959335e-09,6.6959667625959335e-09,6.082000342865356e-09,,5.718550876340534e-12,0.9999999933040264,2.7225927463116073e-13,,,,,,0.0,1.0,0.5,2.847685247612971e-13,2.847685247612971e-13,0.7922684098808026,0.25901821375026624,311,1.7064678014998276,0.8196222640214632,115,0,0.24785233644968224,0.2961384272003935,313,0.0,0.4477858902967141,0.8133344222348629,111,114.90720894124384,0.8795521918854886,212.5,165.87197785353908,0.8284029303242957,73,rbio,0.5136782423812899,1.0,0.3404252303330971,4,55.75,4.8680814133348226e-14,0.0001547883299646835,2.9769156357191918e-27,0.9750767078204194,0.7851553867789028,0.001253974422532028,0.8657894736842104,0.0027704742616986816,0.9999999997233393,0.9919828214562026,0.9855281704452468,0.9855281704452468,0.9855281704451347,,1.2251610931599486e-12,0.9999999999667601,1.5171946557926922e-13,,,,,1.0,,0.0,1.0,0.5,2.847685247612971e-13,2.847685247612971e-13,0.0,2.2345701998217313,0.6375734627749138,320,1.7257211208596726,0.7977752530803272,491,120.91525958289962,0.9366272224408283,405.5,387.4722564734895,0.8620505084950473,93,0.3888041033402703,1.0,0.4278371276618108,3,70.5,,,,,,,,,,,,,3.2686138903543316e-19,0.03641360043841643,2.9769156357191918e-27,0.9819216363705232,0.24271965241216387,0.0015546600726469423,0.6549857935326748,0.9999999999999998,0.0027704742616986816,0.9999999999999541,0.0008499884728391229,0.0007982210227401261,0.0007982210227401261,0.0007982210227337874,,0.0,9.572760819061336e-19,0.020163910573049823,1.4108257588933865e-18,,,,,0.4782608695652174,,0.0,1.0,0.8604651162790697,9.54194168962319e-19,9.54194168962319e-19,0.9302325581395349,0.5744527218307418,0.17892707859001003,389,1.7853167253139752,0.8666093501237112,852,327.3904396893715,0.8470138132292657,620.5,534.1305398871878,0.7785302711006141,137,818.67,599.5,715.6978453131971,300,0.38607403914171184,1.0,0.42974817260080167,3,103.5
bior1.5,1.0,smooth,8.198612240852625e-27,320.33438900220244,6435658.006036423,0.6495327102803738,318.5693356270779,206,raw,5.862408724593497e-14,-2.182793945593204e-10,6.366243619801499,91732.87758866312,0.8208749940882585,5.618943883690064e-06,1.0,327.0,,,,[],[],13,661.1538461538462,86.99999999999989,940.0,"[8, 32, 51, 63, 81, 100, 111, 133, 152, 162, 175, 192, 204]","[878.0000000000002, 638.0, 787.0000000000001, 792.0000000000002, 940.0, 788.0000000000001, 637.0000000000001, 675.0, 771.0000000000001, 196.00000000000006, 834.0, 572.0, 86.99999999999989]","[0, 13, 39, 39, 76, 99, 107, 107, 107, 161, 99, 187, 203]","[76, 39, 61, 76, 205, 164, 119, 142, 164, 164, 205, 205, 205]",37754613.0,941.0,-941.0,0.0,,,,DWT,mdp.39015067403892,0.0,,0.0,33.0,19.0,0.0,28.5,,0.0,256.3413461538462,4359.0,256.3413461538462,,0.0,256.3413461538462,,,83.99999999999989,0.0,19.5,0.0,0.0,,0.0,5.572470681749002e-14,5.0050034258333084e-27,0.9681837072993619,0.8030025593221398,0.0007874271164084133,0.6929238985313753,0.002752197225887948,0.9999999997233393,0.47422802461146824,6.6959667625959335e-09,6.6959667625959335e-09,6.082000342865356e-09,,0.0,0.9999999933040264,0.0,,,,,,0.0,1.0,0.0,0.0,0.0,0.7422684098776339,0.24267159368209698,952,1.661075655791149,0.7978202627168737,188,0,0.20618566978245234,0.24635434482995539,952,0.0,0.43345622365232106,0.78730677957441,181,443.1255465440917,0.535507812846864,568.25,309.0031668510817,0.46992895883433344,950,bior,0.672619891330026,0.76736776154697,0.2989557476048908,5,713.75,5.572470681749001e-14,0.0001547883299646835,5.0050034258333084e-27,0.9681837072993619,0.8030025593221399,0.0018200927782389097,0.7692080668962126,0.005111386918408328,0.9999999997233392,0.9919828214561996,0.9855281704452468,0.9855281704452468,0.9855281704451347,,0.0,0.9999999999667601,0.0,,,,,1.0,,0.0,1.0,0.25,0.0,0.0,0.0,2.209570199820928,0.6304403968407325,947,1.6930957683439967,0.7826930369879249,814,94.04520189781083,0.950710061898422,880.5,875.4775695627484,0.7446160372385191,225,0.5943810304597339,0.7715092316736338,0.3524805091760961,5,170.0,,,,,,,,,,,,,3.741567473391862e-19,0.036413600438416426,5.0050034258333084e-27,0.9769217282917684,0.248236852687648,0.0016870423643311704,0.5819201681256695,1.0,0.005111386918408328,0.9999999999999541,0.0008499884728391206,0.0007982210227401261,0.0007982210227401261,0.0007982210227337874,,0.0,0.0,0.020163910573049823,0.0,,,,,0.4782608695652174,,0.0,1.0,0.7906976744186046,0.0,0.0,0.9302325581395349,0.5674759776446953,0.17675400427451057,880,1.7568516866501884,0.8527921555005374,937,40.30508652763321,0.9811658474169939,908.5,907.6059438635112,0.77831656856831,138,1104.4,1082.5,563.6960149978129,300,0.520820561188399,0.7876173146100969,0.3991404127850916,6,105.0
rbio2.6,1.0,reflect,3.725450194167876e-27,323.7600048519866,6000752.788396776,0.6467889908256881,337.61379643710626,206,raw,4.027630440596465e-14,-2.1497725821717774e-10,6.5688527723339485,61607.52759612526,0.6404774280001921,5.618943883690066e-06,1.0,327.0000000000001,,,,[],[],13,661.1538461538462,86.99999999999997,940.0000000000001,"[8, 32, 51, 63, 81, 100, 111, 133, 152, 162, 175, 192, 204]","[878.0000000000001, 638.0000000000002, 787.0000000000001, 792.0, 940.0000000000001, 788.0, 637.0000000000001, 675.0000000000001, 771.0, 196.00000000000006, 834.0000000000002, 572.0000000000001, 86.99999999999997]","[0, 13, 39, 39, 76, 99, 107, 107, 107, 161, 99, 187, 203]","[76, 39, 61, 76, 205, 164, 119, 142, 164, 164, 205, 205, 205]",37754613.0,941.0000000000001,-941.0000000000001,0.0,,,,DWT,mdp.39015067403892,0.0,,0.0,33.0,19.0,0.0,28.5,,1.1368683772161603e-13,256.3413461538462,4359.0,256.3413461538462,,0.0,256.3413461538462,,,83.99999999999997,0.0,19.5,1.1368683772161603e-13,1.1368683772161603e-13,,1.1368683772161603e-13,3.254196488603968e-14,1.8394977663645702e-27,0.9808250053065203,0.8729938577042701,0.0002979923749712621,0.672346002621232,0.0003131586053839078,0.9999999997233892,0.47422802461156727,6.6959667625959335e-09,6.6959667625959335e-09,6.082000342865356e-09,,5.718550876340534e-12,0.9999999933040264,1.3612963731558036e-13,,,,,,0.0,1.0,0.0,1.4238426238064856e-13,1.4238426238064856e-13,0.7422684098806477,0.2426715936830823,776,1.6942045926035447,0.813732203259165,124,0,0.2061856697829722,0.24635434483057653,773,0.0,0.44084700204197486,0.8007309954813289,127,374.7043278817758,0.6072281678388094,450.0,215.97277716905157,0.5677650273156312,637,rbio,0.5136782423812899,1.0,0.3404252303330971,4,478.75,3.2541964886039676e-14,0.0001547883299646835,1.8394977663645695e-27,0.9808250053065203,0.8729938577042702,0.0013311638575499206,0.7537421535490102,0.0026781183329518906,0.999999999723389,0.9919828214562011,0.9855281704452468,0.9855281704452468,0.9855281704451347,,1.2251610931599486e-12,0.9999999999667601,7.585973278963461e-14,,,,,1.0,,0.0,1.0,0.25,1.4238426238064856e-13,1.4238426238064856e-13,0.0,2.2095701998216364,0.6304403968409347,774,1.7282720591059615,0.798954513958824,460,222.03152929257593,0.883631273955673,617.0,577.0502431118315,0.7801280059505828,164,0.3888041033402703,1.0,0.4278371276618108,3,123.75,,,,,,,,,,,,,2.1849905417474653e-19,0.03641360043841643,1.8394977663645695e-27,0.9860912224531065,0.26987366993586304,0.0015727102103937041,0.5702199178519871,1.0,0.0026781183329518906,0.9999999999999541,0.0008499884728391218,0.0007982210227401261,0.0007982210227401261,0.0007982210227337874,,0.0,9.572760819061336e-19,0.020163910573049823,7.054128794466933e-19,,,,,0.4782608695652174,,0.0,1.0,0.7906976744186046,4.770970844811595e-19,4.770970844811595e-19,0.9302325581395349,0.5674759776446953,0.17675400427451057,938,1.7674612181504745,0.857942120808213,883,38.890872965260115,0.9818266948760467,910.5,909.6694124107632,0.7781797025782102,139,818.67,599.5,715.6978453131971,300,0.38607403914171184,1.0,0.42974817260080167,3,105.0
rbio2.6,1.0,symmetric,3.7196294729254684e-27,323.76679566617355,5938042.049629582,0.6422018348623854,331.6840299059976,206,raw,4.0017611662362664e-14,-2.1491186608102732e-10,6.555935904522233,62400.448931932675,0.6439156175792521,5.618943883690066e-06,1.0,327.0000000000001,,,,[],[],13,661.1538461538462,86.99999999999994,940.0000000000001,"[8, 32, 51, 63, 81, 100, 111, 133, 152, 162, 175, 192, 204]","[878.0000000000001, 638.0000000000002, 787.0000000000001, 792.0, 940.0000000000001, 788.0, 637.0000000000001, 675.0000000000001, 771.0, 196.00000000000006, 834.0000000000002, 572.0000000000001, 86.99999999999994]","[0, 13, 39, 39, 76, 99, 107, 107, 107, 161, 99, 187, 203]","[76, 39, 61, 76, 205, 164, 119, 142, 164, 164, 205, 205, 205]",37754613.0,941.0000000000001,-941.0000000000001,0.0,,,,DWT,mdp.39015067403892,0.0,,0.0,33.0,19.0,0.0,28.5,,1.1368683772161603e-13,256.3413461538462,4359.0,256.3413461538462,,0.0,256.3413461538462,,,83.99999999999994,0.0,19.5,1.1368683772161603e-13,1.1368683772161603e-13,,1.1368683772161603e-13,3.2215102116473936e-14,1.8353786385881268e-27,0.9808500649482352,0.868531727845514,0.00022741880406670342,0.6379423328964616,0.00037735589310122823,0.9999999997233902,0.47422802461153424,6.6959667625959335e-09,6.6959667625959335e-09,6.082000342865356e-09,,5.718550876340534e-12,0.9999999933040264,1.3612963731558036e-13,,,,,,0.0,1.0,0.0,1.4238426238064856e-13,1.4238426238064856e-13,0.7422684098806378,0.24267159368307908,782,1.6782174876989226,0.8060535426330704,163,0,0.20618566978296943,0.24635434483057322,782,0.0,0.43599111251385014,0.7919110165820906,172,354.80076568876416,0.6280914405778153,474.75,275.73907848648923,0.5652249655719266,651,rbio,0.5136782423812899,1.0,0.3404252303330971,4,489.25,3.221510211647392e-14,0.0001547883299646835,1.835378638588126e-27,0.9808500649482352,0.868531727845514,0.0012606632229807161,0.7278850796716565,0.002742163749109255,0.9999999997233899,0.9919828214562006,0.9855281704452468,0.9855281704452468,0.9855281704451347,,1.2251610931599486e-12,0.9999999999667601,7.585973278963461e-14,,,,,1.0,,0.0,1.0,0.25,1.4238426238064856e-13,1.4238426238064856e-13,0.0,2.2095701998216364,0.6304403968409347,766,1.71570356825985,0.7931442872400367,586,127.27922061357856,0.9332918130956087,676.0,664.0177514792899,0.7894970595876366,142,0.3888041033402703,1.0,0.4278371276618108,3,107.25,,,,,,,,,,,,,2.163043739750364e-19,0.03641360043841643,1.835378638588126e-27,0.9861093997192591,0.26849426577386853,0.0015562241956312787,0.5506585619256747,1.0,0.002742163749109255,0.9999999999999541,0.0008499884728391214,0.0007982210227401261,0.0007982210227401261,0.0007982210227337874,,0.0,9.572760819061336e-19,0.020163910573049823,7.054128794466933e-19,,,,,0.4782608695652174,,0.0,1.0,0.7906976744186046,4.770970844811595e-19,4.770970844811595e-19,0.9302325581395349,0.5674759776446953,0.17675400427451057,948,1.7589752552177258,0.8538229554421741,934,9.899494936611665,0.9953740677866301,941.0,940.9479277364507,0.7778272208092029,140,818.67,599.5,715.6978453131971,300,0.38607403914171184,1.0,0.42974817260080167,3,105.75
rbio1.5,1.0,antireflect,5.050459839209068e-27,322.4384832486669,6007674.170065645,0.6728971962616822,316.1941529005288,206,raw,5.1820468089202925e-14,-2.1787838200282576e-10,6.362820433342229,73099.3163727817,0.7907187753548847,5.618943883690066e-06,0.9999999999999998,327.0000000000001,,,,[],[],13,661.1538461538463,87.00000000000009,940.0000000000001,"[8, 32, 51, 63, 81, 100, 111, 133, 152, 162, 175, 192, 204]","[878.0000000000001, 638.0000000000001, 787.0000000000001, 792.0000000000001, 940.0000000000001, 788.0000000000002, 637.0000000000001, 675.0000000000001, 771.0, 196.00000000000006, 834.0000000000002, 572.0000000000001, 87.00000000000009]","[0, 13, 39, 39, 76, 99, 107, 107, 107, 161, 99, 187, 203]","[76, 39, 61, 76, 205, 164, 119, 142, 164, 164, 205, 205, 205]",37754613.0,941.0000000000001,-941.0000000000001,0.0,,,,DWT,mdp.39015067403892,0.0,,0.0,33.0,19.0,0.0,28.5,,1.1368683772161603e-13,256.3413461538463,4358.999999999998,256.34134615384625,,0.0,256.3413461538463,,,84.00000000000009,0.0,19.5,1.1368683772161603e-13,1.1368683772161603e-13,,1.1368683772161603e-13,4.712821597791096e-14,2.7771623281340576e-27,0.9759482914124289,0.8018200201234229,0.0003057815771010415,0.8681575433911881,0.0012435682654171618,0.9999999997233454,0.47422802461169933,6.696054799077647e-09,6.696054799077647e-09,6.082044361106239e-09,,5.718550876340534e-12,0.9999999933039181,1.3612963731558036e-13,,,,,,0.0,1.0,0.0,1.4238426238064856e-13,1.4238426238064856e-13,0.7422684098806992,0.24267159368309915,745,1.7343923202497138,0.8330345049435454,90,0,0.20618566978299252,0.2463543448306008,740,0.0,0.4559344005616188,0.8281349419296429,90,376.7265807806328,0.605108405890322,416.25,160.54034378159756,0.5843938255866704,581,rbio,0.5136782423812899,1.0,0.3404252303330971,4,436.75,4.712821597791095e-14,0.0001547883299646835,2.7771623281340576e-27,0.9759482914124289,0.801820020123423,0.0013389450096993548,0.9009099852434823,0.0036063269223248077,0.9999999997233453,0.9919828214562032,0.9855281704452481,0.9855281704452481,0.9855281704451354,,1.2251610931599486e-12,0.9999999999667596,7.585973278963461e-14,,,,,1.0,,0.0,1.0,0.25,1.4238426238064856e-13,1.4238426238064856e-13,0.0,2.2095701998216377,0.630440396840935,750,1.7490014186686829,0.8085373891241375,251,352.8462838120872,0.815070081859493,500.5,376.12387612387613,0.7763767600073146,172,0.3888041033402703,1.0,0.4278371276618108,3,129.75,,,,,,,,,,,,,3.1643665808681016e-19,0.03641360043841643,2.7771623281340576e-27,0.9825538483991869,0.2478712874656429,0.0015745297711677042,0.681555111862495,0.9999999999999998,0.0036063269223248077,0.9999999999999541,0.0008499884728391233,0.0007982210227401272,0.0007982210227401272,0.0007982210227337879,,0.0,9.572760819061336e-19,0.020163910573049813,7.054128794466933e-19,,,,,0.4782608695652174,,0.0,1.0,0.7906976744186046,4.770970844811595e-19,4.770970844811595e-19,0.9302325581395349,0.5674759776446953,0.17675400427451057,929,1.7992438733033518,0.8733697173442826,823,74.95331880577403,0.9649750846701991,876.0,872.793378995434,0.7778146451388379,141,818.67,599.5,715.6978453131971,300,0.38607403914171184,1.0,0.42974817260080167,3,106.5
rbio3.7,1.0,smooth,2.9546746910834296e-27,324.7666957471492,7815555.819111601,0.6545454545454545,391.39460077027485,206,raw,2.956858059370611e-14,-2.088093031815704e-10,6.418085252392528,153133.03063204483,0.8039468806417176,5.618943883690066e-06,1.0,327.0000000000001,,,,[],[],13,661.1538461538462,87.0,939.9999999999998,"[8, 32, 51, 63, 81, 100, 111, 133, 152, 162, 175, 192, 204]","[878.0, 637.9999999999999, 786.9999999999999, 792.0000000000001, 939.9999999999998, 788.0, 636.9999999999999, 675.0000000000001, 771.0, 195.9999999999999, 833.9999999999999, 572.0, 87.0]","[0, 13, 39, 39, 76, 99, 107, 107, 107, 161, 164, 187, 203]","[76, 39, 61, 76, 205, 164, 119, 142, 164, 164, 205, 205, 205]",37754613.0,940.9999999999998,-940.9999999999998,0.0,,,,DWT,mdp.39015067403892,0.0,,0.0,33.0,19.0,0.0,28.5,,2.2737367544323206e-13,256.3413461538462,4359.0,256.34134615384613,,0.0,256.3413461538462,,,84.0,0.0,24.0,2.2737367544323206e-13,2.2737367544323206e-13,,1.1368683772161603e-13,1.9012570082430983e-14,1.2940459826533166e-27,0.9845399226133296,0.8209112427648305,0.0023403400315892484,0.7305194805194806,0.007723337631385712,0.9999999997234821,0.4742280246116003,6.6959667625959335e-09,6.6959667625959335e-09,6.0819563246244724e-09,,5.718550876340534e-12,0.9999999933040264,2.7225927463116073e-13,,,,,,0.0,1.0,0.5,2.847685247612971e-13,2.847685247612971e-13,0.7922684098807696,0.25901821375025547,326,1.6976468721159526,0.8153855417662699,121,0,0.24785233644967308,0.2961384272003826,325,0.0,0.4432542904105146,0.8051034657551949,120,118.35821334688465,0.8759347868481293,223.0,175.8844490455882,0.8210910831515279,85,rbio,0.5136782423812899,1.0,0.3404252303330971,4,64.75,1.9012570082430983e-14,0.0001547883299646835,1.2940459826533166e-27,0.9845399226133296,0.8209112427648306,0.0033714007898318203,0.7974641148325359,0.010070767094229879,0.999999999723482,0.9919828214562016,0.9855281704452468,0.9855281704452468,0.9855281704451341,,1.2251610931599486e-12,0.9999999999667601,1.5171946557926922e-13,,,,,1.0,,0.0,1.0,0.5,2.847685247612971e-13,2.847685247612971e-13,0.0,2.234570199821731,0.6375734627749137,325,1.725925664504423,0.7978698105705174,489,115.96551211459379,0.9392214297093324,407.0,390.4791154791154,0.8629545303682931,90,0.3888041033402703,1.0,0.4278371276618108,3,68.25,,,,,,,,,,,,,1.276575829084123e-19,0.03641360043841643,1.2940459826533166e-27,0.9887858755287127,0.25377306818532425,0.0020498034506173466,0.6032963924182975,1.0,0.010070767094229879,0.9999999999999541,0.0008499884728391221,0.0007982210227401261,0.0007982210227401261,0.0007982210227337869,,0.0,9.572760819061336e-19,0.020163910573049823,1.4108257588933865e-18,,,,,0.4782608695652174,,0.0,1.0,0.8604651162790697,9.54194168962319e-19,9.54194168962319e-19,0.9302325581395349,0.5744527218307418,0.17892707859001003,392,1.777453905071716,0.8627926640177288,856,328.09754647055803,0.8466833894997392,624.0,537.7435897435898,0.7775473022265051,142,818.67,599.5,715.6978453131971,300,0.38607403914171184,1.0,0.42974817260080167,3,107.25
rbio1.5,1.0,zero,5.039676187223134e-27,322.4477661410343,5939810.837251594,0.6495327102803738,298.4130435924667,206,raw,5.1751483357575734e-14,-2.1785540038621602e-10,6.317918367214266,64019.241573507345,0.7658637308525011,5.618943883690066e-06,0.9999999999999998,327.0000000000001,,,,[],[],13,661.1538461538463,87.00000000000006,940.0000000000001,"[8, 32, 51, 63, 81, 100, 111, 133, 152, 162, 175, 192, 204]","[878.0000000000001, 638.0000000000001, 787.0000000000001, 792.0000000000001, 940.0000000000001, 788.0000000000002, 637.0000000000001, 675.0000000000001, 771.0, 196.00000000000006, 834.0000000000002, 572.0000000000001, 87.00000000000006]","[0, 13, 39, 39, 76, 99, 107, 107, 107, 161, 99, 187, 203]","[76, 39, 61, 76, 205, 164, 119, 142, 164, 164, 205, 205, 205]",37754613.0,941.0000000000001,-941.0000000000001,0.0,,,,DWT,mdp.39015067403892,0.0,,0.0,33.0,19.0,0.0,28.5,,1.1368683772161603e-13,256.3413461538463,4358.999999999998,256.34134615384625,,0.0,256.3413461538463,,,84.00000000000006,0.0,19.5,1.1368683772161603e-13,1.1368683772161603e-13,,1.1368683772161603e-13,4.704105257269343e-14,2.7695311019376998e-27,0.9759825473868087,0.7863086087727779,0.0002294093667854844,0.6929238985313753,0.0005084181968542595,0.9999999997233457,0.47422802461166635,6.696054799077647e-09,6.696054799077647e-09,6.082044361106239e-09,,5.718550876340534e-12,0.9999999933039181,1.3612963731558036e-13,,,,,,0.0,1.0,0.0,1.4238426238064856e-13,1.4238426238064856e-13,0.7422684098806893,0.2426715936830959,750,1.656231464082511,0.7954935810343373,195,0,0.20618566978298974,0.24635434483059748,745,0.0,0.43199411024724926,0.7846510747223256,189,320.7339239930818,0.6638009182462454,469.75,305.46416672437863,0.5857002494795168,576,rbio,0.5136782423812899,1.0,0.3404252303330971,4,433.0,4.704105257269342e-14,0.0001547883299646835,2.769531101937699e-27,0.9759825473868087,0.786308608772778,0.0012626517284938302,0.7692080668962126,0.0028729159986959777,0.9999999997233456,0.9919828214562026,0.9855281704452481,0.9855281704452481,0.9855281704451354,,1.2251610931599486e-12,0.9999999999667596,7.585973278963461e-14,,,,,1.0,,0.0,1.0,0.25,1.4238426238064856e-13,1.4238426238064856e-13,0.0,2.2095701998216377,0.630440396840935,753,1.6882539882290264,0.7804547539247522,860,75.66042558696059,0.9603456888957229,806.5,802.9510229386237,0.7688258842801465,180,0.3888041033402703,1.0,0.4278371276618108,3,135.75,,,,,,,,,,,,,3.1585141003355416e-19,0.03641360043841643,2.769531101937699e-27,0.98257869631883,0.2430761546360813,0.0015566891918890385,0.5819201681256695,0.9999999999999998,0.0028729159986959772,0.9999999999999541,0.0008499884728391229,0.0007982210227401272,0.0007982210227401272,0.0007982210227337879,,0.0,9.572760819061336e-19,0.020163910573049813,7.054128794466933e-19,,,,,0.4782608695652174,,0.0,1.0,0.7906976744186046,4.770970844811595e-19,4.770970844811595e-19,0.9302325581395349,0.5674759776446953,0.17675400427451057,875,1.756704953486536,0.8527209298576073,940,45.96194077712559,0.9785224575807825,907.5,906.3360881542699,0.7772285185100174,143,818.67,599.5,715.6978453131971,300,0.38607403914171184,1.0,0.42974817260080167,3,108.0
rbio2.4,1.0,symmetric,3.9875195519080645e-27,323.46476421318437,5864379.029685174,0.6448598130841121,326.8333334584159,206,raw,4.0093063712579924e-14,-2.1465174082635762e-10,6.534325154206119,63654.84111028948,0.6390702136347822,5.618943883690066e-06,1.0,327.0000000000001,,,,[],[],13,661.1538461538462,87.0,940.0000000000001,"[8, 32, 51, 63, 81, 100, 111, 133, 152, 162, 175, 192, 204]","[878.0000000000002, 638.0000000000001, 787.0000000000001, 792.0, 940.0000000000001, 788.0, 637.0, 675.0000000000001, 771.0, 196.0, 834.0000000000002, 572.0000000000001, 87.0]","[0, 13, 39, 39, 76, 99, 107, 107, 107, 161, 99, 187, 203]","[76, 39, 61, 76, 205, 164, 119, 142, 164, 164, 205, 205, 205]",37754613.0,941.0000000000001,-941.0000000000001,0.0,,,,DWT,mdp.39015067403892,0.0,,0.0,33.0,19.0,0.0,28.5,,1.1368683772161603e-13,256.3413461538462,4359.0,256.3413461538462,,0.0,256.3413461538462,,,84.0,0.0,19.5,1.1368683772161603e-13,1.1368683772161603e-13,,1.1368683772161603e-13,3.231043709093063e-14,2.024955397105835e-27,0.9797355005101323,0.8610662977070872,0.00014451972707783199,0.6578771695594123,0.0004789152432507965,0.999999999723394,0.4742280246116003,6.6959667625959335e-09,6.6959667625959335e-09,6.082000342865356e-09,,5.718550876340534e-12,0.9999999933040264,1.3612963731558036e-13,,,,,,0.0,1.0,0.0,1.4238426238064856e-13,1.4238426238064856e-13,0.7422684098806576,0.24267159368308552,765,1.6817891428335945,0.8077690206896798,154,0,0.20618566978297492,0.24635434483057977,765,0.0,0.43741280030879837,0.7944932945108042,150,353.9194823685184,0.6290152176430625,458.5,253.57296599225137,0.5742036255930196,617,rbio,0.5136782423812899,1.0,0.3404252303330971,4,463.75,3.2310437090930615e-14,0.0001547883299646835,2.024955397105835e-27,0.9797355005101323,0.8610662977070873,0.0011778498204844672,0.7428676832267582,0.002843482840246584,0.9999999997233939,0.9919828214562016,0.9855281704452468,0.9855281704452468,0.9855281704451347,,1.2251610931599486e-12,0.9999999999667601,7.585973278963461e-14,,,,,1.0,,0.0,1.0,0.25,1.4238426238064856e-13,1.4238426238064856e-13,0.0,2.209570199821637,0.6304403968409348,759,1.7172942768850237,0.7938796482208381,573,131.52186130069785,0.9310682068654623,666.0,653.0135135135134,0.7910058015459387,139,0.3888041033402703,1.0,0.4278371276618108,3,105.0,,,,,,,,,,,,,2.1694448903328528e-19,0.03641360043841643,2.024955397105835e-27,0.9853009390610393,0.26618643392450686,0.0015368589376527897,0.5619931793783042,1.0,0.002843482840246584,0.9999999999999541,0.0008499884728391221,0.0007982210227401261,0.0007982210227401261,0.0007982210227337874,,0.0,9.572760819061336e-19,0.020163910573049823,7.054128794466933e-19,,,,,0.4782608695652174,,0.0,1.0,0.7906976744186046,4.770970844811595e-19,4.770970844811595e-19,0.9302325581395349,0.5674759776446953,0.17675400427451057,756,1.7619009548866305,0.8552431172839228,920,115.96551211459379,0.9458105083576664,838.0,829.9761336515514,0.7771108616554687,144,818.67,599.5,715.6978453131971,300,0.38607403914171184,1.0,0.42974817260080167,3,108.75
rbio2.2,1.0,smooth,1.8865570254141796e-27,326.7150930959505,5912621.490296052,0.638095238095238,359.8483733574478,206,raw,2.4851749568696702e-14,-2.0991453020258454e-10,6.551134678766749,72780.50611961451,0.6577982646191076,5.618943883690066e-06,1.0,327.00000000000006,,,,[],[],13,661.1538461538462,86.99999999999997,940.0,"[8, 32, 51, 63, 81, 100, 111, 133, 152, 162, 175, 192, 204]","[878.0000000000001, 638.0000000000001, 787.0, 792.0, 940.0, 788.0, 637.0, 675.0, 770.9999999999999, 196.00000000000006, 834.0, 572.0000000000001, 86.99999999999997]","[0, 13, 39, 39, 76, 99, 107, 107, 107, 161, 99, 187, 203]","[76, 39, 61, 76, 205, 164, 119, 142, 164, 164, 205, 205, 205]",37754613.0,941.0,-941.0,0.0,,,,DWT,mdp.39015067403892,0.0,,0.0,33.0,19.0,0.0,28.5,,0.0,256.3413461538462,4359.0,256.3413461538462,,0.0,256.3413461538462,,,83.99999999999997,0.0,19.5,0.0,0.0,,5.684341886080802e-14,1.3052772250682273e-14,5.38175195866048e-28,0.991729949925968,0.8668731451988182,0.00019881095026324998,0.6071428571428568,0.0012177564318524045,0.9999999997234654,0.47422802461156727,6.6959667625959335e-09,6.6959667625959335e-09,6.082000342865356e-09,,2.859275438170267e-12,0.9999999933040264,0.0,,,,,,0.0,1.0,0.0,0.0,0.0,0.7422684098790931,0.24267159368257407,866,1.671918193349395,0.8030279702244028,174,0,0.20618566978269887,0.24635434483024996,867,0.0,0.4333953149216546,0.7871961482027229,182,397.5192867438426,0.5833131166207101,522.25,295.2079873440527,0.5179406253963089,812,rbio,0.5136782423812899,1.0,0.3404252303330971,4,610.0,1.305277225068226e-14,0.0001547883299646835,5.38175195866048e-28,0.991729949925968,0.8668731451988183,0.0012320849348063222,0.7047368421052629,0.0035805761518293514,0.9999999997234653,0.9919828214562011,0.9855281704452468,0.9855281704452468,0.9855281704451347,,6.125805465799743e-13,0.9999999999667601,0.0,,,,,1.0,,0.0,1.0,0.25,0.0,0.0,0.0,2.209570199821235,0.6304403968408201,861,1.7124639887136093,0.7916466777125549,612,176.06958851545033,0.9077203414489254,736.5,715.4541751527494,0.7608570260703746,193,0.3888041033402703,1.0,0.4278371276618108,3,145.5,,,,,,,,,,,,,8.764124726703127e-20,0.03641360043841643,5.38175195866048e-28,0.9940012350136141,0.2679815384713732,0.0015495413893897914,0.5331464909059279,1.0,0.003580576151829351,0.9999999999999541,0.0008499884728391218,0.0007982210227401261,0.0007982210227401261,0.0007982210227337874,,0.0,4.786380409530668e-19,0.020163910573049823,0.0,,,,,0.4782608695652174,,0.0,1.0,0.7906976744186046,0.0,0.0,0.9302325581395349,0.5674759776446953,0.17675400427451057,854,1.7567811878931594,0.8527579347479128,938,59.39696961966999,0.9722444067197804,896.0,894.03125,0.7767764089673668,145,818.67,599.5,715.6978453131971,300,0.38607403914171184,1.0,0.42974817260080167,3,109.5
rbio1.5,1.0,constant,5.039676187223134e-27,322.4477661410343,5939615.943483446,0.6495327102803738,298.4130435924667,206,raw,5.1751483357575734e-14,-2.1785540038621602e-10,6.3186522652630135,63721.67207336825,0.7647261802654332,5.618943883690066e-06,0.9999999999999998,327.0000000000001,,,,[],[],13,661.1538461538463,87.00000000000006,940.0000000000001,"[8, 32, 51, 63, 81, 100, 111, 133, 152, 162, 175, 192, 204]","[878.0000000000001, 638.0000000000001, 787.0000000000001, 792.0000000000001, 940.0000000000001, 788.0000000000002, 637.0000000000001, 675.0000000000001, 771.0, 196.00000000000006, 834.0000000000002, 572.0000000000001, 87.00000000000006]","[0, 13, 39, 39, 76, 99, 107, 107, 107, 161, 99, 187, 203]","[76, 39, 61, 76, 205, 164, 119, 142, 164, 164, 205, 205, 205]",37754613.0,941.0000000000001,-941.0000000000001,0.0,,,,DWT,mdp.39015067403892,0.0,,0.0,33.0,19.0,0.0,28.5,,1.1368683772161603e-13,256.3413461538463,4358.999999999998,256.34134615384625,,0.0,256.3413461538463,,,84.00000000000006,0.0,19.5,1.1368683772161603e-13,1.1368683772161603e-13,,1.1368683772161603e-13,4.704105257269343e-14,2.7695311019376998e-27,0.9759825473868087,0.7865621337328792,0.000229190036740333,0.6929238985313753,0.000484326078312795,0.9999999997233457,0.47422802461166635,6.696054799077647e-09,6.696054799077647e-09,6.082044361106239e-09,,5.718550876340534e-12,0.9999999933039181,1.3612963731558036e-13,,,,,,0.0,1.0,0.0,1.4238426238064856e-13,1.4238426238064856e-13,0.7422684098806893,0.2426715936830959,751,1.6563484800501227,0.7955497841998562,194,0,0.20618566978298974,0.24635434483059748,746,0.0,0.43202276193618866,0.7847031161228577,188,321.8885676752127,0.6625905999211608,469.75,304.2790317218083,0.5850950903169745,580,rbio,0.5136782423812899,1.0,0.3404252303330971,4,436.0,4.704105257269342e-14,0.0001547883299646835,2.769531101937699e-27,0.9759825473868087,0.7865621337328793,0.0012624326251217735,0.7692080668962126,0.002848880874893008,0.9999999997233456,0.9919828214562026,0.9855281704452481,0.9855281704452481,0.9855281704451354,,1.2251610931599486e-12,0.9999999999667596,7.585973278963461e-14,,,,,1.0,,0.0,1.0,0.25,1.4238426238064856e-13,1.4238426238064856e-13,0.0,2.2095701998216377,0.630440396840935,752,1.6883710271078698,0.7805088592608119,859,75.66042558696059,0.9603456888957229,805.5,801.9466170080697,0.769087938787484,179,0.3888041033402703,1.0,0.4278371276618108,3,135.0,,,,,,,,,,,,,3.1585141003355416e-19,0.03641360043841643,2.769531101937699e-27,0.98257869631883,0.24315452828189688,0.0015566379563016102,0.5819201681256695,0.9999999999999998,0.002848880874893008,0.9999999999999541,0.0008499884728391229,0.0007982210227401272,0.0007982210227401272,0.0007982210227337879,,0.0,9.572760819061336e-19,0.020163910573049813,7.054128794466933e-19,,,,,0.4782608695652174,,0.0,1.0,0.7906976744186046,4.770970844811595e-19,4.770970844811595e-19,0.9302325581395349,0.5674759776446953,0.17675400427451057,960,1.7567345006421287,0.8527352723218564,939,14.849242404917497,0.9930611016799451,949.5,949.383886255924,0.7746847564474492,146,818.67,599.5,715.6978453131971,300,0.38607403914171184,1.0,0.42974817260080167,3,110.25
rbio2.4,1.0,reflect,3.99977370189208e-27,323.45143826226484,5897879.7781837545,0.6448598130841121,335.5969386908556,206,raw,4.023103317583431e-14,-2.146867128516333e-10,6.548131269229377,62873.37691575437,0.6340680352378966,5.618943883690066e-06,1.0,327.0000000000001,,,,[],[],13,661.1538461538462,86.99999999999997,940.0000000000001,"[8, 32, 51, 63, 81, 100, 111, 133, 152, 162, 175, 192, 204]","[878.0000000000002, 638.0000000000001, 787.0000000000001, 792.0, 940.0000000000001, 788.0, 637.0, 675.0000000000001, 771.0, 196.0, 834.0000000000002, 572.0000000000001, 86.99999999999997]","[0, 13, 39, 39, 76, 99, 107, 107, 107, 161, 99, 187, 203]","[76, 39, 61, 76, 205, 164, 119, 142, 164, 164, 205, 205, 205]",37754613.0,941.0000000000001,-941.0000000000001,0.0,,,,DWT,mdp.39015067403892,0.0,,0.0,33.0,19.0,0.0,28.5,,1.1368683772161603e-13,256.3413461538462,4359.0,256.3413461538462,,0.0,256.3413461538462,,,83.99999999999997,0.0,19.5,1.1368683772161603e-13,1.1368683772161603e-13,,1.1368683772161603e-13,3.248476390136569e-14,2.0336272450562424e-27,0.9796863247343917,0.8658356178686536,0.00018222088474234972,0.6578771695594123,0.0004156455600277188,0.9999999997233935,0.47422802461156727,6.6959667625959335e-09,6.6959667625959335e-09,6.082000342865356e-09,,5.718550876340534e-12,0.9999999933040264,1.3612963731558036e-13,,,,,,0.0,1.0,0.0,1.4238426238064856e-13,1.4238426238064856e-13,0.7422684098806477,0.2426715936830823,773,1.684137840154476,0.8088971079667735,146,0,0.2061856697829722,0.24635434483057653,766,0.0,0.4379996222913317,0.7955591666797602,141,361.4383303783187,0.6211338255992467,456.5,241.8283518695493,0.571311147600462,630,rbio,0.5136782423812899,1.0,0.3404252303330971,4,473.5,3.2484763901365684e-14,0.0001547883299646835,2.0336272450562417e-27,0.9796863247343917,0.8658356178686536,0.001215512014777238,0.7428676832267582,0.002780362834148985,0.9999999997233934,0.9919828214562011,0.9855281704452468,0.9855281704452468,0.9855281704451347,,1.2251610931599486e-12,0.9999999999667601,7.585973278963461e-14,,,,,1.0,,0.0,1.0,0.25,1.4238426238064856e-13,1.4238426238064856e-13,0.0,2.2095701998216364,0.6304403968409347,770,1.7196430145950699,0.7949654347934205,548,156.97770542341354,0.9177265694845841,659.0,640.3034901365705,0.7861693644068624,153,0.3888041033402703,1.0,0.4278371276618108,3,115.5,,,,,,,,,,,,,2.1811498513979737e-19,0.03641360043841643,2.0336272450562417e-27,0.9852652689116387,0.26766080161191047,0.0015456659433611775,0.5619931793783042,1.0,0.002780362834148985,0.9999999999999541,0.0008499884728391218,0.0007982210227401261,0.0007982210227401261,0.0007982210227337874,,0.0,9.572760819061336e-19,0.020163910573049823,7.054128794466933e-19,,,,,0.4782608695652174,,0.0,1.0,0.7906976744186046,4.770970844811595e-19,4.770970844811595e-19,0.9302325581395349,0.5674759776446953,0.17675400427451057,957,1.762595892141107,0.8555804462933582,915,29.698484809834994,0.9861222033598902,936.0,935.5288461538461,0.7743695128948984,147,818.67,599.5,715.6978453131971,300,0.38607403914171184,1.0,0.42974817260080167,3,111.0
db5,1.0,antisymmetric,3.274478327646747e-27,324.3203712648718,5997615.816362374,0.6542056074766355,318.68561289441834,206,raw,3.615877823696651e-14,-2.1054458176905944e-10,6.3775106705936855,72531.25376430104,0.7899501031743669,5.618943883690066e-06,1.0,327.0000000000001,,,,[],[],13,661.1538461538462,86.99999999999997,940.0000000000001,"[8, 32, 51, 63, 81, 100, 111, 133, 152, 162, 175, 192, 204]","[878.0, 637.9999999999999, 786.9999999999999, 791.9999999999999, 940.0000000000001, 788.0000000000001, 637.0, 675.0, 771.0000000000001, 195.99999999999977, 834.0, 572.0, 86.99999999999997]","[0, 13, 42, 42, 76, 99, 107, 107, 107, 161, 99, 187, 203]","[76, 42, 61, 76, 205, 164, 119, 142, 164, 164, 205, 205, 205]",37754613.0,941.0000000000001,-941.0000000000001,0.0,,,,DWT,mdp.39015067403892,0.0,,0.0,33.0,19.0,0.0,28.5,,1.1368683772161603e-13,256.3413461538462,4359.0,256.34134615384613,,0.0,256.3413461538462,,,83.99999999999997,0.0,24.0,1.1368683772161603e-13,1.1368683772161603e-13,,1.1368683772161603e-13,2.7339399137118295e-14,1.5203602120271776e-27,0.9828928842308109,0.806894760163147,0.000294462081393996,0.7279706275033375,0.0011975762141615983,0.9999999997234559,0.47422802461156727,6.6959667625959335e-09,6.6959667625959335e-09,6.0819563246244724e-09,,5.718550876340534e-12,0.9999999933040264,1.3612963731558036e-13,,,,,,0.0,1.0,0.5,1.4238426238064856e-13,1.4238426238064856e-13,0.7922684098806345,0.2590182137502113,411,1.684997623037147,0.8093100645969792,143,0,0.24785233644963522,0.29613842720033734,414,0.0,0.4399062887395418,0.7990223339828255,132,158.8395416764982,0.8335015286409873,275.0,206.0017207714898,0.7726207852848542,198,db,0.540986235965534,0.9305070477545101,0.3421575204977732,3,149.25,2.7339399137118283e-14,0.0001547883299646835,1.5203602120271776e-27,0.9828928842308109,0.8068947601631471,0.0013276372124585247,0.7955484505656663,0.0035604436744909795,0.9999999997234558,0.9919828214562011,0.9855281704452468,0.9855281704452468,0.9855281704451341,,1.2251610931599486e-12,0.9999999999667601,7.585973278963461e-14,,,,,1.0,,0.0,1.0,0.5,1.4238426238064856e-13,1.4238426238064856e-13,0.0,2.2345701998216363,0.6375734627748867,400,1.713536923310732,0.7921426794473728,605,144.95689014324225,0.9240267871366655,502.5,481.592039800995,0.8303310036312259,117,0.49117026184683504,0.8233619396015222,0.4091722348267588,4,88.75,,,,,,,,,,,,,1.8356706099602737e-19,0.03641360043841643,1.5203602120271776e-27,0.9875911794758664,0.24944007137678323,0.0015718855323834443,0.6018471568730344,1.0,0.0035604436744909795,0.9999999999999541,0.0008499884728391218,0.0007982210227401261,0.0007982210227401261,0.0007982210227337869,,0.0,9.572760819061336e-19,0.020163910573049823,7.054128794466933e-19,,,,,0.4782608695652174,,0.0,1.0,0.8604651162790697,4.770970844811595e-19,4.770970844811595e-19,0.9302325581395349,0.5744527218307418,0.17892707859001003,425,1.7711478064906196,0.8597316250907459,874,317.49094475275984,0.8516397454426357,649.5,571.9014626635875,0.7740675362727197,148,1009.0473684210526,935.5,610.6543869996938,760,0.4758535102197843,0.8532293215616218,0.41093374637766444,5,112.25
db35,1.0,periodic,2.166177676675615e-26,316.11485170910976,7108000.169799618,0.6459854014598541,323.03702825819437,206,raw,1.0197883530076318e-13,-2.0030077596544782e-10,6.857090568500444,62977.7460483203,0.7410687469072507,5.618943883690066e-06,1.0,326.9999999999999,,,,[],[],13,661.1538461538462,86.99999999999996,940.0000000000002,"[8, 32, 51, 63, 81, 100, 111, 133, 152, 162, 175, 192, 204]","[878.0, 638.0, 787.0000000000002, 792.0000000000005, 940.0000000000002, 787.9999999999998, 636.9999999999998, 675.0, 770.9999999999998, 195.99999999999994, 833.9999999999999, 571.9999999999999, 86.99999999999996]","[0, 13, 39, 39, 76, 99, 107, 107, 107, 161, 99, 187, 203]","[76, 39, 61, 76, 205, 164, 119, 142, 164, 164, 205, 205, 205]",37754613.0,941.0000000000001,-941.0000000000001,0.0,,,,DWT,mdp.39015067403892,0.0,,0.0,33.0,19.0,0.0,28.5,,1.1368683772161603e-13,256.3413461538462,4359.0,256.34134615384613,,0.0,256.3413461538462,,,83.99999999999996,0.0,19.5,2.2737367544323206e-13,1.1368683772161603e-13,,1.1368683772161603e-13,1.105041831402955e-13,1.4532430122277757e-26,0.952612659431381,0.9725655569307687,0.0015440692529748046,0.666319082377477,0.00042409559779258685,0.9999999997236103,0.4742280246115508,6.6959667625959335e-09,6.6959667625959335e-09,6.0819563246244724e-09,,5.718550876340534e-12,0.9999999933040264,2.7225927463116073e-13,,,,,,0.0,1.0,0.0,1.4238426238064856e-13,1.4238426238064856e-13,0.7422684098806976,0.24267159368309862,747,1.7253196798302852,0.8286768850255551,101,0,0.2061856697829785,0.24635434483058405,756,0.0,0.4491831829142644,0.8158723900637179,104,374.72034016494666,0.6072113834748987,427.0,180.36042586739134,0.579811142471202,596,db,0.540986235965534,0.9305070477545101,0.3421575204977732,3,447.75,1.1050418314029549e-13,0.0001547883299646835,1.4532430122277757e-26,0.952612659431381,0.9725655569307688,0.002575952940704964,0.7492124471763353,0.002788792881654721,0.9999999997236102,0.9919828214562009,0.9855281704452468,0.9855281704452468,0.9855281704451341,,1.2251610931599486e-12,0.9999999999667601,1.5171946557926922e-13,,,,,1.0,,0.0,1.0,0.25,1.4238426238064856e-13,1.4238426238064856e-13,0.0,2.209570199821674,0.6304403968409454,744,1.7599852830062281,0.8136150665343322,168,407.29350596345137,0.7865338019059479,456.0,274.10526315789474,0.773770045607062,177,0.49117026184683504,0.8233619396015222,0.4091722348267588,4,133.75,,,,,,,,,,,,,7.419668598089364e-19,0.03641360043841643,1.4532430122277757e-26,0.9656271102525039,0.30065484858317953,0.0018637942740535223,0.5667931109743851,1.0,0.002788792881654721,0.9999999999999541,0.0008499884728391216,0.0007982210227401261,0.0007982210227401261,0.0007982210227337869,,0.0,9.572760819061336e-19,0.020163910573049823,1.4108257588933865e-18,,,,,0.4782608695652174,,0.0,1.0,0.7906976744186046,4.770970844811595e-19,4.770970844811595e-19,0.9302325581395349,0.5674759776446953,0.17675400427451057,952,1.7693924292540413,0.8588795486470293,877,53.033008588991066,0.9752182202855182,914.5,912.9622744669219,0.7739408858436937,149,1009.0473684210526,935.5,610.6543869996938,760,0.4758535102197843,0.8532293215616218,0.41093374637766444,5,113.0
rbio2.8,1.0,symmetric,4.9654220217916705e-27,322.5122308084156,6097435.324424284,0.6441441441441441,331.0258956944157,206,raw,4.632648094695593e-14,-2.1617529988305075e-10,6.584846632499707,62091.90849873539,0.6480613100672934,5.618943883690064e-06,0.9999999999999999,327.0000000000001,,,,[],[],13,661.1538461538462,87.00000000000003,940.0000000000001,"[8, 32, 51, 63, 81, 100, 111, 133, 152, 162, 175, 192, 204]","[878.0000000000001, 638.0000000000001, 787.0000000000001, 792.0, 940.0000000000001, 788.0, 637.0000000000001, 675.0000000000001, 771.0000000000002, 196.0, 834.0000000000003, 572.0000000000001, 87.00000000000003]","[0, 13, 39, 39, 76, 99, 107, 107, 107, 161, 99, 187, 203]","[76, 39, 61, 76, 205, 164, 119, 142, 164, 164, 205, 205, 205]",37754613.0,941.0000000000001,-941.0000000000001,0.0,,,,DWT,mdp.39015067403892,0.0,,0.0,33.0,19.0,0.0,28.5,,1.1368683772161603e-13,256.3413461538462,4359.0,256.3413461538462,,0.0,256.3413461538462,,,84.00000000000003,0.0,19.5,1.1368683772161603e-13,1.1368683772161603e-13,,1.1368683772161603e-13,4.018646790925852e-14,2.7169839376589902e-27,0.9762204366035316,0.8785189340650942,0.0004067972135954781,0.6525096525096523,0.00035237553493969236,0.9999999997233711,0.4742280246116333,6.6959667625959335e-09,6.6959667625959335e-09,6.082000342865356e-09,,5.718550876340534e-12,0.9999999933040264,1.3612963731558036e-13,,,,,,0.0,1.0,0.0,1.4238426238064856e-13,1.4238426238064856e-13,0.7422684098806676,0.2426715936830888,758,1.6863399387086613,0.8099547833597657,139,0,0.2061856697829777,0.2463543448305831,758,0.0,0.43850102445627803,0.7964698868452923,139,357.37981662837836,0.6253880328842993,448.5,234.92084726867336,0.5776311233603887,602,rbio,0.5136782423812899,1.0,0.3404252303330971,4,452.5,4.018646790925851e-14,0.0001547883299646835,2.7169839376589902e-27,0.9762204366035316,0.8785189340650943,0.0014398562486091866,0.7388335704125176,0.0027172424869951867,0.999999999723371,0.9919828214562021,0.9855281704452468,0.9855281704452468,0.9855281704451347,,1.2251610931599486e-12,0.9999999999667601,7.585973278963461e-14,,,,,1.0,,0.0,1.0,0.25,1.4238426238064856e-13,1.4238426238064856e-13,0.0,2.209570199821637,0.6304403968409348,765,1.7223784186671258,0.7962299714844789,522,171.82694782833104,0.9099439476790718,643.5,620.5594405594406,0.7863398983678378,152,0.3888041033402703,1.0,0.4278371276618108,3,114.75,,,,,,,,,,,,,2.6982713734546685e-19,0.036413600438416426,2.7169839376589902e-27,0.9827512516832041,0.27158166893380853,0.0015981270647882188,0.5589412982187978,0.9999999999999999,0.0027172424869951867,0.9999999999999541,0.0008499884728391225,0.0007982210227401261,0.0007982210227401261,0.0007982210227337874,,0.0,9.572760819061336e-19,0.020163910573049823,7.054128794466933e-19,,,,,0.4782608695652174,,0.0,1.0,0.7906976744186046,4.770970844811595e-19,4.770970844811595e-19,0.9302325581395349,0.5674759776446953,0.17675400427451057,962,1.7618281454230447,0.8552077748928354,921,28.991378028648448,0.9864526270894166,941.5,941.0536378120021,0.7732496780306897,150,818.67,599.5,715.6978453131971,300,0.38607403914171184,1.0,0.42974817260080167,3,113.25
db5,1.0,symmetric,3.1996667419943314e-27,324.42074499675186,5996775.291389153,0.6542056074766355,318.68561289441834,206,raw,3.5486177103601364e-14,-2.102784613100568e-10,6.378404560513707,62135.375777433306,0.7542238936862223,5.618943883690066e-06,1.0,327.0000000000001,,,,[],[],13,661.1538461538462,87.0,940.0000000000001,"[8, 32, 51, 63, 81, 100, 111, 133, 152, 162, 175, 192, 204]","[878.0, 637.9999999999999, 786.9999999999999, 791.9999999999999, 940.0000000000001, 788.0000000000001, 637.0, 675.0, 771.0000000000001, 195.99999999999977, 834.0, 572.0, 87.0]","[0, 13, 42, 42, 76, 99, 107, 107, 107, 161, 99, 187, 203]","[76, 42, 61, 76, 205, 164, 119, 142, 164, 164, 205, 205, 205]",37754613.0,941.0000000000001,-941.0000000000001,0.0,,,,DWT,mdp.39015067403892,0.0,,0.0,33.0,19.0,0.0,28.5,,1.1368683772161603e-13,256.3413461538462,4359.0,256.34134615384613,,0.0,256.3413461538462,,,84.0,0.0,24.0,1.1368683772161603e-13,1.1368683772161603e-13,,1.1368683772161603e-13,2.6489555936247354e-14,1.467418580289945e-27,0.9832632860249485,0.8072035542888368,0.0002935161692589965,0.7279706275033375,0.0003558947760936934,0.99999999972346,0.4742280246116003,6.6959667625959335e-09,6.6959667625959335e-09,6.0819563246244724e-09,,5.718550876340534e-12,0.9999999933040264,1.3612963731558036e-13,,,,,,0.0,1.0,0.5,1.4238426238064856e-13,1.4238426238064856e-13,0.7922684098806445,0.25901821375021455,401,1.6850371156451813,0.80932903303036,142,0,0.24785233644963794,0.2961384272003406,401,0.0,0.43988585981074524,0.7989852279655086,133,152.176158886119,0.8404862066183239,269.25,204.61842522982568,0.7791267511079041,181,db,0.540986235965534,0.9305070477545101,0.3421575204977732,3,136.5,2.6489555936247348e-14,0.0001547883299646835,1.467418580289945e-27,0.9832632860249485,0.8072035542888369,0.0013266922779042796,0.7955484505656663,0.0027207534026783943,0.9999999997234598,0.9919828214562016,0.9855281704452468,0.9855281704452468,0.9855281704451341,,1.2251610931599486e-12,0.9999999999667601,7.585973278963461e-14,,,,,1.0,,0.0,1.0,0.5,1.4238426238064856e-13,1.4238426238064856e-13,0.0,2.2345701998216363,0.6375734627748867,413,1.713577212874059,0.7921613047143358,604,135.0573952066306,0.9292152016736737,508.5,490.56440511307767,0.8313528838557047,116,0.49117026184683504,0.8233619396015222,0.4091722348267588,4,88.0,,,,,,,,,,,,,1.778608924767811e-19,0.03641360043841643,1.467418580289945e-27,0.987859854186863,0.24953553070128948,0.0015716645669253883,0.6018471568730344,1.0,0.0027207534026783943,0.9999999999999541,0.0008499884728391221,0.0007982210227401261,0.0007982210227401261,0.0007982210227337869,,0.0,9.572760819061336e-19,0.020163910573049823,7.054128794466933e-19,,,,,0.4782608695652174,,0.0,1.0,0.8604651162790697,4.770970844811595e-19,4.770970844811595e-19,0.9302325581395349,0.5744527218307418,0.17892707859001003,413,1.771020754388017,0.8596699528179736,875,326.683332908185,0.847344236958792,644.0,561.141304347826,0.7732048287597698,151,1009.0473684210526,935.5,610.6543869996938,760,0.4758535102197843,0.8532293215616218,0.41093374637766444,5,114.5
rbio3.1,1.0,smooth,1.2052500287184999e-26,318.6610209635117,6451918.25704019,0.6490384615384616,453.41419221295325,206,raw,7.659892138054575e-14,-1.922995096492769e-10,6.70280332660151,91629.42548510307,0.5563190984216778,5.618943883690067e-06,1.0,327.0,,,,[],[],13,661.153846153846,87.00000000000003,939.9999999999995,"[8, 32, 51, 63, 81, 100, 111, 133, 152, 162, 175, 192, 204]","[877.9999999999998, 638.0, 786.9999999999998, 792.0, 939.9999999999995, 787.9999999999999, 636.9999999999998, 675.0, 770.9999999999999, 196.0, 833.9999999999998, 571.9999999999999, 87.00000000000003]","[0, 13, 42, 42, 76, 99, 107, 107, 107, 161, 99, 187, 203]","[76, 39, 61, 76, 205, 164, 119, 142, 164, 164, 205, 205, 205]",37754612.99999999,940.9999999999995,-940.9999999999995,0.0,,,,DWT,mdp.39015067403892,7.450580596923828e-09,,0.0,33.0,19.0,0.0,28.5,,4.547473508864641e-13,256.34134615384596,4359.000000000002,256.34134615384596,,0.0,256.34134615384596,,,84.00000000000003,0.0,24.0,4.547473508864641e-13,4.547473508864641e-13,,0.0,7.843622158948305e-14,7.732269796758909e-27,0.9620086004046187,0.9192670546206387,0.0008057261190943864,0.6892170329670332,0.002743821433539715,0.9999999997237309,0.4742280246116333,6.695790689632508e-09,6.695790689632508e-09,6.081824269901822e-09,,0.0,0.9999999933041348,5.445185492623215e-13,,,,,,7.374542113937972e-14,1.0,0.5,5.695370495225942e-13,5.695370495225942e-13,0.792268409878116,0.2590182137493879,483,1.7140258922623826,0.8232524406102276,106,0,0.24785233644924426,0.2961384271998702,484,0.0,0.4467552794085917,0.8114624755536386,113,215.94829628100024,0.7736391024308173,296.5,178.41190233759508,0.7314212283642556,284,rbio,0.5136782423812899,1.0,0.3404252303330971,4,214.0,7.843622158948305e-14,0.0001547883299646835,7.732269796758909e-27,0.9620086004046187,0.9192670546206388,0.0018383728692816224,0.7664220647773281,0.005103030940676803,0.9999999997237308,0.9919828214562021,0.9855281704452442,0.9855281704452442,0.9855281704451322,,0.0,0.9999999999667607,3.0343893115853844e-13,,,,,1.0,,7.374542113937972e-14,1.0,0.5,5.695370495225942e-13,5.695370495225942e-13,0.0,2.234570199821343,0.6375734627748031,466,1.7464143486634385,0.8073414250699094,273,136.47160876900367,0.9284739995969582,369.5,344.29769959404604,0.8674078593372632,87,0.3888041033402703,1.0,0.4278371276618108,3,66.0,,,,,,,,,,,,,5.266504432157103e-19,0.036413600438416446,7.732269796758909e-27,0.9724425516609411,0.2841783724962281,0.001691317018774072,0.5798125058543135,1.0,0.005103030940676803,0.9999999999999541,0.0008499884728391225,0.000798221022740124,0.000798221022740124,0.0007982210227337853,,0.0,0.0,0.02016391057304983,2.821651517786773e-18,,,,,0.4782608695652174,,2.3332883504384434e-21,1.0,0.8604651162790697,1.908388337924638e-18,1.908388337924638e-18,0.9302325581395349,0.5744527218307418,0.17892707859001003,394,1.7712906706035685,0.8598009726604645,873,338.70414818835627,0.8417270335568429,633.5,542.9550118389898,0.7728494980868326,152,818.67,599.5,715.6978453131971,300,0.38607403914171184,1.0,0.42974817260080167,3,114.75
rbio3.1,1.0,antireflect,1.2068185599164538e-26,318.65537266194025,6432989.534420739,0.6490384615384616,452.6279248276129,206,raw,7.687486030705454e-14,-1.9219537072956707e-10,6.6944412402775395,90264.25484814163,0.5562189417444722,5.618943883690067e-06,1.0,327.0,,,,[],[],13,661.153846153846,87.00000000000003,939.9999999999995,"[8, 32, 51, 63, 81, 100, 111, 133, 152, 162, 175, 192, 204]","[877.9999999999998, 638.0, 786.9999999999998, 792.0, 939.9999999999995, 787.9999999999999, 636.9999999999998, 675.0, 770.9999999999999, 196.0, 833.9999999999998, 571.9999999999999, 87.00000000000003]","[0, 13, 42, 42, 76, 99, 107, 107, 107, 161, 99, 187, 203]","[76, 39, 61, 76, 205, 164, 119, 142, 164, 164, 205, 205, 205]",37754612.99999999,940.9999999999995,-940.9999999999995,0.0,,,,DWT,mdp.39015067403892,7.450580596923828e-09,,0.0,33.0,19.0,0.0,28.5,,4.547473508864641e-13,256.34134615384596,4359.000000000002,256.34134615384596,,0.0,256.34134615384596,,,84.00000000000003,0.0,24.0,4.547473508864641e-13,4.547473508864641e-13,,0.0,7.878487521035319e-14,7.74336976213543e-27,0.9619877568931071,0.9163783732768659,0.0007844240650255326,0.6892170329670332,0.002633293127380556,0.9999999997237324,0.4742280246116333,6.695790689632508e-09,6.695790689632508e-09,6.081824269901822e-09,,0.0,0.9999999933041348,5.445185492623215e-13,,,,,,7.374542113937972e-14,1.0,0.5,5.695370495225942e-13,5.695370495225942e-13,0.792268409878116,0.2590182137493879,481,1.7125141831340922,0.8225263615964998,108,0,0.24785233644924426,0.2961384271998702,483,0.0,0.4463751100066529,0.8107719561166095,114,214.2125113059459,0.7754585835367444,296.5,180.33789836448167,0.732330968917219,279,rbio,0.5136782423812899,1.0,0.3404252303330971,4,210.25,7.878487521035319e-14,0.0001547883299646835,7.74336976213543e-27,0.9619877568931071,0.916378373276866,0.0018170928304479252,0.7664220647773281,0.0049927641113942,0.9999999997237323,0.9919828214562021,0.9855281704452442,0.9855281704452442,0.9855281704451322,,0.0,0.9999999999667607,3.0343893115853844e-13,,,,,1.0,,7.374542113937972e-14,1.0,0.5,5.695370495225942e-13,5.695370495225942e-13,0.0,2.234570199821343,0.6375734627748031,465,1.744902755133516,0.8066426378230523,287,125.86500705120545,0.9340330151723242,376.0,354.9335106382979,0.8684840128272522,82,0.3888041033402703,1.0,0.4278371276618108,3,62.25,,,,,,,,,,,,,5.289914354287345e-19,0.036413600438416446,7.74336976213543e-27,0.9724274326077396,0.2832853776273188,0.0016863408503111777,0.5798125058543135,1.0,0.0049927641113942,0.9999999999999541,0.0008499884728391225,0.000798221022740124,0.000798221022740124,0.0007982210227337853,,0.0,0.0,0.02016391057304983,2.821651517786773e-18,,,,,0.4782608695652174,,2.3332883504384434e-21,1.0,0.8604651162790697,1.908388337924638e-18,1.908388337924638e-18,0.9302325581395349,0.5744527218307418,0.17892707859001003,399,1.7707885069212483,0.8595572177366345,876,337.28993462598316,0.8423878810158957,637.5,548.2729411764706,0.7722453423771067,153,818.67,599.5,715.6978453131971,300,0.38607403914171184,1.0,0.42974817260080167,3,115.5
bior1.5,1.0,zero,8.210376224837281e-27,320.3281618856246,6126020.341452728,0.6542056074766355,303.3558807492679,206,raw,5.876205670918936e-14,-2.1831780827597243e-10,6.3050754223164,69149.05608310414,0.7678678784291029,5.618943883690064e-06,1.0,327.0,,,,[],[],13,661.1538461538462,86.99999999999989,940.0,"[8, 32, 51, 63, 81, 100, 111, 133, 152, 162, 175, 192, 204]","[878.0000000000002, 638.0, 787.0000000000001, 792.0000000000002, 940.0, 788.0000000000001, 637.0000000000001, 675.0, 771.0000000000001, 196.00000000000006, 834.0, 572.0, 86.99999999999989]","[0, 13, 39, 39, 76, 99, 107, 107, 107, 161, 99, 187, 203]","[76, 39, 61, 76, 205, 164, 119, 142, 164, 164, 205, 205, 205]",37754613.0,941.0,-941.0,0.0,,,,DWT,mdp.39015067403892,0.0,,0.0,33.0,19.0,0.0,28.5,,0.0,256.3413461538462,4359.0,256.3413461538462,,0.0,256.3413461538462,,,83.99999999999989,0.0,19.5,0.0,0.0,,0.0,5.5899033627925087e-14,5.0133283998656994e-27,0.9681607278294394,0.7818720155724396,0.0004389662928588257,0.7279706275033375,0.0009237433535089635,0.9999999997233388,0.47422802461146824,6.6959667625959335e-09,6.6959667625959335e-09,6.082000342865356e-09,,0.0,0.9999999933040264,0.0,,,,,,0.0,1.0,0.0,0.0,0.0,0.7422684098776339,0.24267159368209698,947,1.6636096758624037,0.799037361138568,184,0,0.20618566978245234,0.24635434482995539,951,0.0,0.4349207600343723,0.7899668853927249,178,443.41477948605484,0.5352046336624163,565.0,303.94556933352027,0.4714807235398035,944,bior,0.672619891330026,0.76736776154697,0.2989557476048908,5,709.25,5.589903362792508e-14,0.0001547883299646835,5.0133283998656994e-27,0.9681607278294394,0.7818720155724396,0.0014719920817901394,0.7955484505656663,0.0032872586203920697,0.9999999997233386,0.9919828214561996,0.9855281704452468,0.9855281704452468,0.9855281704451347,,0.0,0.9999999999667601,0.0,,,,,1.0,,0.0,1.0,0.25,0.0,0.0,0.0,2.209570199820928,0.6304403968407325,954,1.6921491605875434,0.7822554342760243,830,87.68124086713189,0.9540454712436416,892.0,887.6905829596412,0.7432701150767473,229,0.5943810304597339,0.7715092316736338,0.3524805091760961,5,173.0,,,,,,,,,,,,,3.7532724344569835e-19,0.036413600438416426,5.0133283998656994e-27,0.9769050598993956,0.2417046447698648,0.0016056417747402829,0.6018471568730344,1.0,0.0032872586203920697,0.9999999999999541,0.0008499884728391206,0.0007982210227401261,0.0007982210227401261,0.0007982210227337874,,0.0,0.0,0.020163910573049823,0.0,,,,,0.4782608695652174,,0.0,1.0,0.7906976744186046,0.0,0.0,0.9302325581395349,0.5674759776446953,0.17675400427451057,967,1.7607760255408171,0.8546970661124484,926,28.991378028648448,0.9864526270894166,946.5,946.0559957739039,0.7720814537316243,154,1104.4,1082.5,563.6960149978129,300,0.520820561188399,0.7876173146100969,0.3991404127850916,6,117.0
rbio2.8,1.0,reflect,4.982087665769932e-27,322.4976788165781,6140450.232021235,0.6441441441441441,332.72096481103773,206,raw,4.66714046050919e-14,-2.1624035895229378e-10,6.59667471202432,61023.35377276392,0.6446630854975341,5.618943883690064e-06,0.9999999999999999,327.0000000000001,,,,[],[],13,661.1538461538462,87.0,940.0000000000001,"[8, 32, 51, 63, 81, 100, 111, 133, 152, 162, 175, 192, 204]","[878.0000000000001, 638.0000000000001, 787.0000000000001, 792.0, 940.0000000000001, 788.0, 637.0000000000001, 675.0000000000001, 771.0000000000002, 196.0, 834.0000000000003, 572.0000000000001, 87.0]","[0, 13, 39, 39, 76, 99, 107, 107, 107, 161, 99, 187, 203]","[76, 39, 61, 76, 205, 164, 119, 142, 164, 164, 205, 205, 205]",37754613.0,941.0000000000001,-941.0000000000001,0.0,,,,DWT,mdp.39015067403892,0.0,,0.0,33.0,19.0,0.0,28.5,,1.1368683772161603e-13,256.3413461538462,4359.0,256.3413461538462,,0.0,256.3413461538462,,,84.0,0.0,19.5,1.1368683772161603e-13,1.1368683772161603e-13,,1.1368683772161603e-13,4.062228493534617e-14,2.7287776508715443e-27,0.9761667364592417,0.882604942189343,0.00045520543985663286,0.6525096525096523,0.0002658621418865956,0.9999999997233701,0.4742280246116003,6.6959667625959335e-09,6.6959667625959335e-09,6.082000342865356e-09,,5.718550876340534e-12,0.9999999933040264,1.3612963731558036e-13,,,,,,0.0,1.0,0.0,1.4238426238064856e-13,1.4238426238064856e-13,0.7422684098806576,0.24267159368308552,763,1.6883403214401207,0.810915573959991,135,0,0.20618566978297492,0.24635434483057977,761,0.0,0.4390002998079238,0.7973767439805135,135,361.9995395945507,0.6205455559805548,448.5,229.3644890441001,0.5752098849085164,614,rbio,0.5136782423812899,1.0,0.3404252303330971,4,461.5,4.062228493534616e-14,0.0001547883299646835,2.7287776508715436e-27,0.9761667364592417,0.8826049421893432,0.0014882144459632133,0.7388335704125176,0.002630933758725094,0.99999999972337,0.9919828214562016,0.9855281704452468,0.9855281704452468,0.9855281704451347,,1.2251610931599486e-12,0.9999999999667601,7.585973278963461e-14,,,,,1.0,,0.0,1.0,0.25,1.4238426238064856e-13,1.4238426238064856e-13,0.0,2.209570199821637,0.6304403968409348,760,1.7243788582500448,0.7971547450039338,499,184.55486988968892,0.9032731289886327,629.5,602.4463860206513,0.7866732521253436,151,0.3888041033402703,1.0,0.4278371276618108,3,114.0,,,,,,,,,,,,,2.72753377611747e-19,0.036413600438416426,2.7287776508715436e-27,0.9827122997370312,0.2728448003958999,0.0016094352460596963,0.5589412982187978,0.9999999999999999,0.002630933758725094,0.9999999999999541,0.0008499884728391221,0.0007982210227401261,0.0007982210227401261,0.0007982210227337874,,0.0,9.572760819061336e-19,0.020163910573049823,7.054128794466933e-19,,,,,0.4782608695652174,,0.0,1.0,0.7906976744186046,4.770970844811595e-19,4.770970844811595e-19,0.9302325581395349,0.5674759776446953,0.17675400427451057,966,1.762407470585714,0.8554889847171835,916,35.35533905932738,0.9834788135236788,941.0,940.3358129649309,0.7718795936777272,155,818.67,599.5,715.6978453131971,300,0.38607403914171184,1.0,0.42974817260080167,3,117.0
bior1.5,1.0,antisymmetric,8.201553236848789e-27,320.3328313857896,6154544.225511489,0.6542056074766355,314.7485675514395,206,raw,5.869307197756216e-14,-2.1832535779253988e-10,6.351851617172117,75567.55051158433,0.779640471138735,5.618943883690064e-06,1.0,327.0,,,,[],[],13,661.1538461538462,86.99999999999991,940.0,"[8, 32, 51, 63, 81, 100, 111, 133, 152, 162, 175, 192, 204]","[878.0000000000002, 638.0, 787.0000000000001, 792.0000000000002, 940.0, 788.0000000000001, 637.0000000000001, 675.0, 771.0000000000001, 196.00000000000006, 834.0, 572.0, 86.99999999999991]","[0, 13, 39, 39, 76, 99, 107, 107, 107, 161, 99, 187, 203]","[76, 39, 61, 76, 205, 164, 119, 142, 164, 164, 205, 205, 205]",37754613.0,941.0,-941.0,0.0,,,,DWT,mdp.39015067403892,0.0,,0.0,33.0,19.0,0.0,28.5,,0.0,256.3413461538462,4359.0,256.3413461538462,,0.0,256.3413461538462,,,83.99999999999991,0.0,19.5,0.0,0.0,,0.0,5.5811870222707546e-14,5.0070846693414065e-27,0.9681779593421713,0.7980308443835061,0.00047106657414505893,0.7279706275033375,0.001443403898545983,0.9999999997233386,0.47422802461150126,6.6959667625959335e-09,6.6959667625959335e-09,6.082000342865356e-09,,0.0,0.9999999933040264,0.0,,,,,,0.0,1.0,0.0,0.0,0.0,0.7422684098776438,0.24267159368210023,944,1.6719233435342342,0.8030304438756222,173,0,0.2061856697824551,0.2463543448299587,946,0.0,0.4370117376781375,0.7937648257268226,156,450.6760662234757,0.527593221987971,554.75,279.58326989203886,0.47304713510300017,938,bior,0.672619891330026,0.76736776154697,0.2989557476048908,5,704.75,5.5811870222707533e-14,0.0001547883299646835,5.007084669341406e-27,0.9681779593421713,0.7980308443835062,0.0015040591880952736,0.7955484505656663,0.003805689804183017,0.9999999997233385,0.9919828214562001,0.9855281704452468,0.9855281704452468,0.9855281704451347,,0.0,0.9999999999667601,0.0,,,,,1.0,,0.0,1.0,0.25,0.0,0.0,0.0,2.2095701998209285,0.6304403968407327,939,1.700462319927385,0.7860984844166724,731,147.07821048680188,0.9229149840215923,835.0,822.0467065868263,0.7426419783839617,232,0.5943810304597339,0.7715092316736338,0.3524805091760961,5,175.25,,,,,,,,,,,,,3.747419953924422e-19,0.036413600438416426,5.007084669341406e-27,0.9769175589525226,0.24669991752536358,0.0016131404134570133,0.6018471568730344,1.0,0.003805689804183017,0.9999999999999541,0.000849988472839121,0.0007982210227401261,0.0007982210227401261,0.0007982210227337874,,0.0,0.0,0.020163910573049823,0.0,,,,,0.4782608695652174,,0.0,1.0,0.7906976744186046,0.0,0.0,0.9302325581395349,0.5674759776446953,0.17675400427451057,964,1.7634922831433175,0.8560155628263901,904,42.42640687119285,0.9801745762284145,934.0,933.0364025695933,0.7718629890487867,156,1104.4,1082.5,563.6960149978129,300,0.520820561188399,0.7876173146100969,0.3991404127850916,6,118.5
db5,1.0,periodization,5.109818306763876e-27,322.3877378894539,5956236.259861484,0.6553398058252428,327.01369016625404,206,raw,4.913776573220588e-14,-2.1060164723252518e-10,6.33866948066261,63117.30860590065,0.7512453630534889,5.618943883690066e-06,1.0,327.0000000000001,,,,[],[],13,661.1538461538462,86.99999999999991,940.0000000000001,"[8, 32, 51, 63, 81, 100, 111, 133, 152, 162, 175, 192, 204]","[878.0, 638.0, 786.9999999999999, 792.0000000000001, 940.0000000000001, 788.0000000000001, 637.0000000000001, 675.0000000000001, 771.0, 195.9999999999999, 833.9999999999999, 572.0, 86.99999999999991]","[0, 13, 42, 42, 76, 99, 107, 107, 107, 161, 99, 187, 203]","[76, 42, 61, 76, 205, 164, 119, 142, 164, 164, 205, 205, 205]",37754613.0,941.0000000000001,-941.0000000000001,0.0,,,,DWT,mdp.39015067403892,0.0,,0.0,33.0,19.0,0.0,28.5,,1.1368683772161603e-13,256.3413461538462,4359.0,256.3413461538462,,0.0,256.3413461538462,,,83.99999999999991,0.0,24.0,1.1368683772161603e-13,1.1368683772161603e-13,,1.1368683772161603e-13,4.37385750080129e-14,2.8191683102605926e-27,0.9757610295487461,0.7934770774967752,0.00024789425071421314,0.7364771151178922,0.00043539500072065605,0.9999999997234551,0.47422802461150126,6.6959667625959335e-09,6.6959667625959335e-09,6.082000342865356e-09,,5.718550876340534e-12,0.9999999933040264,1.3612963731558036e-13,,,,,,0.0,1.0,0.5,1.4238426238064856e-13,1.4238426238064856e-13,0.792268409880628,0.25901821375020917,416,1.6770841075398328,0.8055091763044624,166,0,0.2478523364496334,0.2961384272003352,416,0.0,0.43829981389229333,0.7961044187022528,140,152.2136656151477,0.8404468913887341,284.5,222.53567811435408,0.7711144310193145,202,db,0.540986235965534,0.9305070477545101,0.3421575204977732,3,152.25,4.3738575008012886e-14,0.0001547883299646835,2.8191683102605926e-27,0.9757610295487461,0.7934770774967753,0.0012811175086748538,0.8019417475728158,0.0028000655535788755,0.999999999723455,0.9919828214562001,0.9855281704452468,0.9855281704452468,0.9855281704451347,,1.2251610931599486e-12,0.9999999999667601,7.585973278963461e-14,,,,,1.0,,0.0,1.0,0.5,1.4238426238064856e-13,1.4238426238064856e-13,0.0,2.2345701998216363,0.6375734627748867,403,1.704778876870915,0.7880939646054672,692,204.35385976291224,0.8928962999146163,547.5,509.3625570776255,0.8029733071900125,128,0.49117026184683504,0.8233619396015222,0.4091722348267588,4,97.0,,,,,,,,,,,,,2.9367732721947136e-19,0.03641360043841643,2.8191683102605926e-27,0.9824180161005805,0.24529218507580627,0.0015610072682655741,0.6066838046272496,1.0,0.0028000655535788755,0.9999999999999541,0.000849988472839121,0.0007982210227401261,0.0007982210227401261,0.0007982210227337874,,0.0,9.572760819061336e-19,0.020163910573049823,7.054128794466933e-19,,,,,0.4782608695652174,,0.0,1.0,0.8604651162790697,4.770970844811595e-19,4.770970844811595e-19,0.9302325581395349,0.5744527218307418,0.17892707859001003,415,1.7675950340362223,0.8580070762842581,882,330.2188668141177,0.84569211831116,648.5,564.4255975327678,0.7713273675667949,157,1009.0473684210526,935.5,610.6543869996938,760,0.4758535102197843,0.8532293215616218,0.41093374637766444,5,119.0
db31,1.0,reflect,1.6743105523847835e-26,317.23343232457563,7575492.02845332,0.6466165413533834,324.4276090591759,206,raw,9.472465961559104e-14,-2.0562984648364883e-10,6.764791677239023,59385.00137499217,0.7750180527370462,5.6189438836900665e-06,1.0,327.0,,,,[],[],13,661.153846153846,87.00000000000011,940.0,"[8, 32, 51, 63, 81, 100, 111, 133, 152, 162, 175, 192, 204]","[877.9999999999998, 637.9999999999999, 786.9999999999999, 791.9999999999998, 940.0, 787.9999999999997, 636.9999999999999, 675.0000000000002, 770.9999999999998, 195.99999999999977, 833.9999999999997, 572.0, 87.00000000000011]","[0, 13, 42, 42, 76, 99, 107, 107, 107, 161, 99, 187, 203]","[76, 42, 61, 76, 205, 164, 119, 142, 164, 164, 205, 205, 205]",37754613.0,941.0,-941.0,0.0,,,,DWT,mdp.39015067403892,0.0,,0.0,33.0,19.0,0.0,28.5,,0.0,256.34134615384596,4359.000000000002,256.341346153846,,0.0,256.34134615384596,,,84.00000000000011,0.0,24.0,0.0,0.0,,0.0,1.0133840631038946e-13,1.1051652655690769e-26,0.9567404751367018,0.9406809201417998,0.002070176431467503,0.6710526315789471,0.00013321622165162676,0.99999999972353,0.47422802461173236,6.695790689632508e-09,6.695790689632508e-09,6.0818682881427056e-09,,0.0,0.9999999933041348,0.0,,,,,,0.0,1.0,0.5,0.0,0.0,0.792268409877622,0.2590182137492264,579,1.7138941723783367,0.8231891751038505,107,0,0.2478523364491097,0.29613842719970945,581,0.0,0.4463346774042749,0.8106985164928804,115,270.79820284977274,0.7161444414572613,345.5,186.13540055330387,0.6769925561584,374,db,0.540986235965534,0.9305070477545101,0.3421575204977732,3,281.25,1.0133840631038945e-13,0.0001547883299646835,1.1051652655690768e-26,0.9567404751367018,0.9406809201418,0.0031015163982393646,0.7527700831024929,0.002498601639018843,0.9999999997235299,0.9919828214562036,0.9855281704452442,0.9855281704452442,0.9855281704451329,,0.0,0.9999999999667607,0.0,,,,,1.0,,0.0,1.0,0.5,0.0,0.0,0.0,2.2345701998209275,0.6375734627746844,582,1.7480894136370773,0.8081157827382012,260,227.6883835420683,0.8806664656488111,421.0,359.4299287410926,0.830008285235307,118,0.49117026184683504,0.8233619396015222,0.4091722348267588,4,89.5,,,,,,,,,,,,,6.804243692087321e-19,0.03641360043841644,1.1051652655690768e-26,0.9686212633835816,0.2907981653214675,0.0019866931241482436,0.5694845285314489,1.0,0.002498601639018843,0.9999999999999541,0.0008499884728391236,0.000798221022740124,0.000798221022740124,0.0007982210227337859,,0.0,0.0,0.02016391057304983,0.0,,,,,0.4782608695652174,,0.0,1.0,0.8604651162790697,0.0,0.0,0.9302325581395349,0.5744527218307418,0.17892707859001003,424,1.7672825194526507,0.8578553787975696,884,325.2691193458119,0.848005084417845,654.0,573.1131498470949,0.7711988038911655,158,1009.0473684210526,935.5,610.6543869996938,760,0.4758535102197843,0.8532293215616218,0.41093374637766444,5,119.75
rbio2.2,1.0,periodization,1.865238541292375e-27,326.7644486618311,5878753.516278747,0.6359223300970874,359.8483733574478,206,raw,2.402161878849644e-14,-2.0810753120770466e-10,6.531244434926474,66228.78038988124,0.6159505888867977,5.618943883690066e-06,1.0,327.00000000000006,,,,[],[],13,661.1538461538462,87.00000000000001,940.0,"[8, 32, 51, 63, 81, 100, 111, 133, 152, 162, 175, 192, 204]","[878.0, 638.0, 787.0, 792.0000000000001, 940.0, 787.9999999999999, 637.0, 675.0000000000001, 770.9999999999999, 196.00000000000006, 834.0, 572.0, 87.00000000000001]","[0, 13, 39, 39, 76, 99, 107, 107, 107, 161, 99, 187, 203]","[76, 39, 61, 76, 205, 164, 119, 142, 164, 164, 205, 205, 205]",37754613.0,941.0,-941.0,0.0,,,,DWT,mdp.39015067403892,0.0,,0.0,33.0,19.0,0.0,28.5,,0.0,256.3413461538462,4359.0,256.34134615384613,,0.0,256.3413461538462,,,84.00000000000001,0.0,19.5,0.0,0.0,,5.684341886080802e-14,1.200388760807509e-14,5.230888248751109e-28,0.9919120831376205,0.8600020637391838,0.00016069652340922546,0.5908460471567272,0.0006873090813742279,0.9999999997234926,0.4742280246116168,6.6959667625959335e-09,6.6959667625959335e-09,6.0819563246244724e-09,,2.859275438170267e-12,0.9999999933040264,0.0,,,,,,0.0,1.0,0.0,0.0,0.0,0.7422684098790948,0.24267159368257463,859,1.66184197239851,0.798188327178524,186,0,0.20618566978269934,0.2463543448302505,859,0.0,0.43045102492022747,0.7818482967873605,194,386.26113791924064,0.5951141111957645,524.5,311.0596003893745,0.5226618774008173,787,rbio,0.5136782423812899,1.0,0.3404252303330971,4,591.25,1.200388760807509e-14,0.0001547883299646835,5.230888248751109e-28,0.9919120831376205,0.8600020637391838,0.0011940098984292598,0.6924885028104244,0.0030513836809489955,0.9999999997234925,0.9919828214562019,0.9855281704452468,0.9855281704452468,0.9855281704451341,,6.125805465799743e-13,0.9999999999667601,0.0,,,,,1.0,,0.0,1.0,0.25,0.0,0.0,0.0,2.209570199821235,0.6304403968408201,866,1.7040076776863182,0.7877374506721149,708,111.72287142747452,0.9414450359394788,787.0,779.0698856416772,0.7644856206951063,187,0.3888041033402703,1.0,0.4278371276618108,3,141.0,,,,,,,,,,,,,8.059863926377582e-20,0.03641360043841643,5.230888248751109e-28,0.9941333471922754,0.2658574410867522,0.0015406378438312621,0.5238803950750917,1.0,0.0030513836809489955,0.9999999999999541,0.0008499884728391223,0.0007982210227401261,0.0007982210227401261,0.0007982210227337869,,0.0,4.786380409530668e-19,0.020163910573049823,0.0,,,,,0.4782608695652174,,0.0,1.0,0.7906976744186046,0.0,0.0,0.9302325581395349,0.5674759776446953,0.17675400427451057,863,1.75187583941458,0.8503768329541096,960,68.58935777509511,0.9679488982359369,911.5,908.9193636862315,0.7710071593983423,159,818.67,599.5,715.6978453131971,300,0.38607403914171184,1.0,0.42974817260080167,3,120.0
rbio3.5,1.0,smooth,2.946361016203649e-27,324.77893287192717,6597770.0015545,0.6574074074074074,396.567469767107,206,raw,2.8313920787236523e-14,-2.0882784390608156e-10,6.6096077959411375,110255.06434552594,0.7147442479393077,5.618943883690066e-06,1.0,327.0000000000001,,,,[],[],13,661.1538461538462,86.99999999999997,939.9999999999998,"[8, 32, 51, 63, 81, 100, 111, 133, 152, 162, 175, 192, 204]","[878.0, 638.0000000000001, 786.9999999999999, 792.0000000000002, 939.9999999999998, 788.0, 636.9999999999999, 675.0000000000001, 771.0000000000002, 196.0, 833.9999999999999, 572.0, 86.99999999999997]","[0, 13, 42, 42, 76, 99, 107, 107, 107, 161, 164, 187, 203]","[76, 42, 61, 76, 205, 164, 119, 142, 164, 164, 205, 205, 205]",37754613.0,940.9999999999998,-940.9999999999998,0.0,,,,DWT,mdp.39015067403892,0.0,,0.0,33.0,19.0,0.0,28.5,,2.2737367544323206e-13,256.3413461538462,4359.0,256.3413461538462,,0.0,256.3413461538462,,,83.99999999999997,0.0,28.5,2.2737367544323206e-13,2.2737367544323206e-13,,1.1368683772161603e-13,1.7427285650037136e-14,1.2881626758094622e-27,0.9845850803741097,0.8870726738989367,0.0009698651267888561,0.7519841269841272,0.004251808976369427,0.9999999997234817,0.47422802461156727,6.6959667625959335e-09,6.6959667625959335e-09,6.082000342865356e-09,,5.718550876340534e-12,0.9999999933040264,2.7225927463116073e-13,,,,,,0.0,1.0,1.0,2.847685247612971e-13,2.847685247612971e-13,0.8422684098807728,0.2753648338173898,113,1.737266692010925,0.8344150754345283,88,0,0.28951900311634055,0.3459225095701487,112,0.0,0.4536079443854789,0.8239092909413509,95,12.463279397226612,0.9869357658309994,102.0,100.83674048998249,0.9400087634186444,2,rbio,0.5136782423812899,1.0,0.3404252303330971,4,2.5,1.7427285650037136e-14,0.0001547883299646835,1.2881626758094622e-27,0.9845850803741097,0.8870726738989367,0.0020023422426844384,0.8135964912280704,0.006607451036521326,0.9999999997234816,0.9919828214562011,0.9855281704452468,0.9855281704452468,0.9855281704451347,,1.2251610931599486e-12,0.9999999999667601,1.5171946557926922e-13,,,,,1.0,,0.0,1.0,0.75,2.847685247612971e-13,2.847685247612971e-13,0.0,2.2595701998217312,0.6447065287088658,117,1.7634165695895,0.8152012993788357,145,19.79898987322333,0.9896231709259836,131.0,129.50381679389312,0.9604824450017759,10,0.3888041033402703,1.0,0.4278371276618108,3,8.25,,,,,,,,,,,,,1.1701338393981836e-19,0.03641360043841643,1.2881626758094622e-27,0.9888186311700699,0.274225936290633,0.0017296599574869278,0.6155008343480812,1.0,0.006607451036521326,0.9999999999999541,0.0008499884728391218,0.0007982210227401261,0.0007982210227401261,0.0007982210227337874,,0.0,9.572760819061336e-19,0.020163910573049823,1.4108257588933865e-18,,,,,0.4782608695652174,,0.0,1.0,0.9302325581395349,9.54194168962319e-19,9.54194168962319e-19,0.9302325581395349,0.5814294660167882,0.18110015290550946,168,1.7910363711114492,0.869385719412816,842,476.589970519733,0.7772944062991902,505.0,280.1108910891089,0.7706565489439876,160,818.67,599.5,715.6978453131971,300,0.38607403914171184,1.0,0.42974817260080167,3,120.75
db5,1.0,antireflect,3.189101367054988e-27,324.43510923142134,6024966.67363684,0.6495327102803738,318.68561289441834,206,raw,3.523179590572608e-14,-2.1050272636103108e-10,6.382390832829485,74347.08190177538,0.7934891587510735,5.618943883690066e-06,1.0,327.0000000000001,,,,[],[],13,661.1538461538462,86.99999999999994,940.0000000000001,"[8, 32, 51, 63, 81, 100, 111, 133, 152, 162, 175, 192, 204]","[878.0, 637.9999999999999, 786.9999999999999, 791.9999999999999, 940.0000000000001, 788.0000000000001, 637.0, 675.0, 771.0000000000001, 195.99999999999977, 834.0, 572.0, 86.99999999999994]","[0, 13, 42, 42, 76, 99, 107, 107, 107, 161, 99, 187, 203]","[76, 42, 61, 76, 205, 164, 119, 142, 164, 164, 205, 205, 205]",37754613.0,941.0000000000001,-941.0000000000001,0.0,,,,DWT,mdp.39015067403892,0.0,,0.0,33.0,19.0,0.0,28.5,,1.1368683772161603e-13,256.3413461538462,4359.0,256.3413461538461,,0.0,256.3413461538462,,,83.99999999999994,0.0,24.0,1.1368683772161603e-13,1.1368683772161603e-13,,1.1368683772161603e-13,2.6168140879507704e-14,1.4599418213852041e-27,0.9833162933027824,0.8085806114039708,0.00032524225881027166,0.6929238985313753,0.0013445911021743476,0.9999999997234565,0.47422802461153424,6.6959667625959335e-09,6.6959667625959335e-09,6.081912306383589e-09,,5.718550876340534e-12,0.9999999933040264,1.3612963731558036e-13,,,,,,0.0,1.0,0.5,1.4238426238064856e-13,1.4238426238064856e-13,0.7922684098806114,0.25901821375020373,424,1.6721500985558702,0.8031393550804209,172,0,0.24785233644962879,0.2961384272003296,424,0.0,0.4358113295403244,0.7915844683721787,175,144.63142811989377,0.8483947294340737,298.75,246.22626948603184,0.7676197965828649,210,db,0.540986235965534,0.9305070477545101,0.3421575204977732,3,158.25,2.6168140879507698e-14,0.0001547883299646835,1.4599418213852034e-27,0.9833162933027824,0.8085806114039708,0.0013583855791939247,0.7692080668962126,0.003707110769299791,0.9999999997234564,0.9919828214562006,0.9855281704452468,0.9855281704452468,0.9855281704451335,,1.2251610931599486e-12,0.9999999999667601,7.585973278963461e-14,,,,,1.0,,0.0,1.0,0.5,1.4238426238064856e-13,1.4238426238064856e-13,0.0,2.234570199821636,0.6375734627748866,423,1.7041717819278364,0.7878133136265785,704,198.69700551341987,0.895861108221478,563.5,528.4685004436557,0.800262839226043,130,0.49117026184683504,0.8233619396015222,0.4091722348267588,4,98.5,,,,,,,,,,,,,1.7570279028039946e-19,0.03641360043841643,1.4599418213852034e-27,0.9878983035553004,0.24996122837841836,0.0015790757943011959,0.5819201681256695,1.0,0.003707110769299791,0.9999999999999541,0.0008499884728391214,0.0007982210227401261,0.0007982210227401261,0.0007982210227337863,,0.0,9.572760819061336e-19,0.020163910573049823,7.054128794466933e-19,,,,,0.4782608695652174,,0.0,1.0,0.8604651162790697,4.770970844811595e-19,4.770970844811595e-19,0.9302325581395349,0.5744527218307418,0.17892707859001003,499,1.7636841259090343,0.856108685089889,899,282.842712474619,0.8678305081894304,699.0,641.7753934191703,0.7705974970853694,161,1009.0473684210526,935.5,610.6543869996938,760,0.4758535102197843,0.8532293215616218,0.41093374637766444,5,122.0
rbio2.6,1.0,smooth,3.673553868985569e-27,323.8209283413413,7002517.707053722,0.6422018348623854,341.77446135119914,206,raw,3.9810657467481085e-14,-2.1486501466938814e-10,6.4236927781978554,122712.71309486337,0.8219373072195546,5.618943883690066e-06,1.0,327.0000000000001,,,,[],[],13,661.1538461538462,86.99999999999994,940.0000000000001,"[8, 32, 51, 63, 81, 100, 111, 133, 152, 162, 175, 192, 204]","[878.0000000000001, 638.0000000000002, 787.0000000000001, 792.0, 940.0000000000001, 788.0, 637.0000000000001, 675.0000000000001, 771.0, 196.00000000000006, 834.0000000000002, 572.0000000000001, 86.99999999999994]","[0, 13, 39, 39, 76, 99, 107, 107, 107, 161, 99, 187, 203]","[76, 39, 61, 76, 205, 164, 119, 142, 164, 164, 205, 205, 205]",37754613.0,941.0000000000001,-941.0000000000001,0.0,,,,DWT,mdp.39015067403892,0.0,,0.0,33.0,19.0,0.0,28.5,,1.1368683772161603e-13,256.3413461538462,4359.0,256.3413461538462,,0.0,256.3413461538462,,,83.99999999999994,0.0,19.5,1.1368683772161603e-13,1.1368683772161603e-13,,1.1368683772161603e-13,3.1953611900821345e-14,1.8027724902945966e-27,0.9810498267746418,0.822848361630985,0.001425361130408732,0.6379423328964616,0.005260417554455134,0.9999999997233908,0.47422802461153424,6.6959667625959335e-09,6.6959667625959335e-09,6.082000342865356e-09,,5.718550876340534e-12,0.9999999933040264,1.3612963731558036e-13,,,,,,0.0,1.0,0.0,1.4238426238064856e-13,1.4238426238064856e-13,0.7422684098806378,0.24267159368307908,781,1.6580478575152147,0.7963660009512895,190,0,0.20618566978296943,0.24635434483057322,783,0.0,0.43106578746379687,0.7829649187020311,190,341.7923346127002,0.6417271125653038,486.0,305.7200668856721,0.5661465751505764,646,rbio,0.5136782423812899,1.0,0.3404252303330971,4,485.5,3.195361190082133e-14,0.0001547883299646835,1.8027724902945966e-27,0.9810498267746418,0.8228483616309851,0.0024573675005442985,0.7278850796716565,0.007613673548721916,0.9999999997233907,0.9919828214562006,0.9855281704452468,0.9855281704452468,0.9855281704451347,,1.2251610931599486e-12,0.9999999999667601,7.585973278963461e-14,,,,,1.0,,0.0,1.0,0.25,1.4238426238064856e-13,1.4238426238064856e-13,0.0,2.2095701998216364,0.6304403968409347,768,1.6955286983070565,0.7838177443891068,782,9.899494936611665,0.9948115854629918,775.0,774.9367741935483,0.7943135495449131,136,0.3888041033402703,1.0,0.4278371276618108,3,102.75,,,,,,,,,,,,,2.145486298152683e-19,0.03641360043841643,1.8027724902945966e-27,0.9862542989930407,0.2543719010097451,0.0018360640085169988,0.5506585619256747,1.0,0.007613673548721915,0.9999999999999541,0.0008499884728391214,0.0007982210227401261,0.0007982210227401261,0.0007982210227337874,,0.0,9.572760819061336e-19,0.020163910573049823,7.054128794466933e-19,,,,,0.4782608695652174,,0.0,1.0,0.7906976744186046,4.770970844811595e-19,4.770970844811595e-19,0.9302325581395349,0.5674759776446953,0.17675400427451057,777,1.7540895362262208,0.8514513819840412,947,120.20815280171308,0.9438279659805079,862.0,853.6183294663573,0.7705121138313755,162,818.67,599.5,715.6978453131971,300,0.38607403914171184,1.0,0.42974817260080167,3,122.25
rbio2.8,1.0,antireflect,4.928356116020647e-27,322.5447716506121,6106441.368288973,0.6441441441441441,336.71868783900027,206,raw,4.628760203036427e-14,-2.1616308742977987e-10,6.590571856743548,93221.00145630335,0.766217406561256,5.618943883690066e-06,0.9999999999999999,327.0000000000001,,,,[],[],13,661.1538461538462,87.00000000000003,940.0000000000001,"[8, 32, 51, 63, 81, 100, 111, 133, 152, 162, 175, 192, 204]","[878.0000000000001, 638.0000000000001, 787.0000000000001, 792.0, 940.0000000000001, 788.0, 637.0000000000001, 675.0000000000001, 771.0000000000002, 196.0, 834.0000000000003, 572.0000000000001, 87.00000000000003]","[0, 13, 39, 39, 76, 99, 107, 107, 107, 161, 99, 187, 203]","[76, 39, 61, 76, 205, 164, 119, 142, 164, 164, 205, 205, 205]",37754613.0,941.0000000000001,-941.0000000000001,0.0,,,,DWT,mdp.39015067403892,0.0,,0.0,33.0,19.0,0.0,28.5,,1.1368683772161603e-13,256.3413461538462,4359.0,256.3413461538462,,0.0,256.3413461538462,,,84.00000000000003,0.0,19.5,1.1368683772161603e-13,1.1368683772161603e-13,,1.1368683772161603e-13,4.013734372364001e-14,2.69075364837661e-27,0.9763405196781227,0.8804967118374538,0.00041693245817637505,0.6525096525096523,0.002872680194091386,0.9999999997233713,0.4742280246116333,6.6959667625959335e-09,6.6959667625959335e-09,6.082000342865356e-09,,5.718550876340534e-12,0.9999999933040264,1.3612963731558036e-13,,,,,,0.0,1.0,0.0,1.4238426238064856e-13,1.4238426238064856e-13,0.7422684098806676,0.2426715936830888,759,1.6884140669255467,0.8109509941663805,134,0,0.2061856697829777,0.2463543448305831,757,0.0,0.43907956205011356,0.797520711692211,134,360.26749321395437,0.6223611182243665,446.0,227.73985076944695,0.5774279385671098,604,rbio,0.5136782423812899,1.0,0.3404252303330971,4,454.0,4.013734372364e-14,0.0001547883299646835,2.69075364837661e-27,0.9763405196781227,0.8804967118374539,0.0014499810186230726,0.7388335704125176,0.0052315848599855655,0.9999999997233712,0.9919828214562021,0.9855281704452468,0.9855281704452468,0.9855281704451347,,1.2251610931599486e-12,0.9999999999667601,7.585973278963461e-14,,,,,1.0,,0.0,1.0,0.25,1.4238426238064856e-13,1.4238426238064856e-13,0.0,2.209570199821637,0.6304403968409348,758,1.7244501567322634,0.7971877052337234,497,184.55486988968892,0.9032731289886327,627.5,600.3601593625498,0.7871973611400187,149,0.3888041033402703,1.0,0.4278371276618108,3,112.5,,,,,,,,,,,,,2.694972989926711e-19,0.03641360043841643,2.69075364837661e-27,0.9828383551634571,0.27219307088244066,0.0016004946620295066,0.5589412982187978,0.9999999999999999,0.0052315848599855655,0.9999999999999541,0.0008499884728391225,0.0007982210227401261,0.0007982210227401261,0.0007982210227337874,,0.0,9.572760819061336e-19,0.020163910573049823,7.054128794466933e-19,,,,,0.4782608695652174,,0.0,1.0,0.7906976744186046,4.770970844811595e-19,4.770970844811595e-19,0.9302325581395349,0.5674759776446953,0.17675400427451057,970,1.7631930292333293,0.8558703021940441,908,43.840620433565945,0.9795137287693617,939.0,937.9765708200213,0.7703643410201948,163,818.67,599.5,715.6978453131971,300,0.38607403914171184,1.0,0.42974817260080167,3,123.0
db34,1.0,periodic,1.9330247621535673e-26,316.6094182945412,7087999.46412911,0.6433823529411765,339.6719133746951,206,raw,9.142201558893909e-14,-2.064122206491018e-10,6.860635893048366,62675.73955188487,0.7398852434633478,5.618943883690062e-06,1.0,327.0,,,,[],[],13,661.1538461538462,86.99999999999984,940.0000000000001,"[8, 32, 51, 63, 81, 100, 111, 133, 152, 162, 175, 192, 204]","[878.0000000000003, 638.0, 786.9999999999995, 792.0000000000002, 940.0000000000001, 788.0000000000002, 637.0, 674.9999999999999, 771.0, 196.00000000000023, 834.0000000000002, 571.9999999999998, 86.99999999999984]","[0, 13, 42, 42, 76, 99, 107, 107, 107, 161, 99, 187, 203]","[76, 42, 61, 76, 205, 164, 119, 142, 164, 164, 205, 205, 205]",37754613.0,941.0000000000001,-941.0000000000001,0.0,,,,DWT,mdp.39015067403892,0.0,,0.0,33.0,19.0,0.0,28.5,,1.1368683772161603e-13,256.3413461538462,4359.0,256.34134615384613,,0.0,256.3413461538462,,,83.99999999999984,0.0,24.0,1.1368683772161603e-13,1.1368683772161603e-13,,0.0,9.71654582856001e-14,1.2882485714410461e-26,0.9544377220960155,0.9737902887121,0.0015215608078898415,0.6467962184873953,0.00039964424673337613,0.9999999997235182,0.4742280246114187,6.6959667625959335e-09,6.6959667625959335e-09,6.0819563246244724e-09,,0.0,0.9999999933040264,1.3612963731558036e-13,,,,,,0.0,1.0,0.5,1.4238426238064856e-13,1.4238426238064856e-13,0.7922684098777307,0.2590182137492619,535,1.7191969030006922,0.8257360945794895,105,0,0.24785233644914628,0.29613842719975314,535,0.0,0.4471181792592187,0.8121216274982057,112,246.25647199616907,0.7418695262094663,321.75,180.25570318375532,0.702302687633035,334,db,0.540986235965534,0.9305070477545101,0.3421575204977732,3,251.25,9.71654582856001e-14,0.0001547883299646835,1.2882485714410461e-26,0.9544377220960155,0.9737902887121002,0.0025534677576354832,0.7345394736842108,0.0027643993751705763,0.999999999723518,0.9919828214561989,0.9855281704452468,0.9855281704452468,0.9855281704451341,,0.0,0.9999999999667601,7.585973278963461e-14,,,,,1.0,,0.0,1.0,0.5,1.4238426238064856e-13,1.4238426238064856e-13,0.0,2.234570199821023,0.6375734627747117,534,1.7558024971046557,0.8116814267121891,192,241.83051916579925,0.8732544448816566,363.0,282.44628099173553,0.8415014362773063,111,0.49117026184683504,0.8233619396015222,0.4091722348267588,4,84.25,,,,,,,,,,,,,6.524056186590995e-19,0.03641360043841641,1.2882485714410461e-26,0.9669509380301551,0.30103345704370654,0.0018585362921603888,0.5556927344067111,1.0,0.0027643993751705763,0.9999999999999541,0.00084998847283912,0.0007982210227401261,0.0007982210227401261,0.0007982210227337869,,0.0,0.0,0.020163910573049823,7.054128794466933e-19,,,,,0.4782608695652174,,0.0,1.0,0.8604651162790697,4.770970844811595e-19,4.770970844811595e-19,0.9302325581395349,0.5744527218307418,0.17892707859001003,431,1.7659234931302858,0.8571956947754986,889,323.85490578343877,0.8486659318768978,660.0,580.5439393939394,0.7701273584618133,164,1009.0473684210526,935.5,610.6543869996938,760,0.4758535102197843,0.8532293215616218,0.41093374637766444,5,124.25
rbio2.6,1.0,antireflect,3.742955379449122e-27,323.73964597024235,5984548.677496557,0.6513761467889908,340.726104837412,206,raw,4.0296455626639905e-14,-2.149557198905e-10,6.5615636052177795,83197.43369244633,0.7321543595898744,5.618943883690066e-06,1.0,327.0000000000001,,,,[],[],13,661.1538461538462,86.99999999999989,940.0000000000001,"[8, 32, 51, 63, 81, 100, 111, 133, 152, 162, 175, 192, 204]","[878.0000000000001, 638.0000000000002, 787.0000000000001, 792.0, 940.0000000000001, 788.0, 637.0000000000001, 675.0000000000001, 771.0, 196.00000000000006, 834.0000000000002, 572.0000000000001, 86.99999999999989]","[0, 13, 39, 39, 76, 99, 107, 107, 107, 161, 99, 187, 203]","[76, 39, 61, 76, 205, 164, 119, 142, 164, 164, 205, 205, 205]",37754613.0,941.0000000000001,-941.0000000000001,0.0,,,,DWT,mdp.39015067403892,0.0,,0.0,33.0,19.0,0.0,28.5,,1.1368683772161603e-13,256.3413461538462,4359.0,256.3413461538462,,0.0,256.3413461538462,,,83.99999999999989,0.0,19.5,1.1368683772161603e-13,1.1368683772161603e-13,,1.1368683772161603e-13,3.256742630296361e-14,1.851885594594244e-27,0.9807498764238589,0.8704758161241728,0.0002797565513779964,0.7067496723460025,0.002061142107485175,0.9999999997233895,0.47422802461146824,6.6959667625959335e-09,6.6959667625959335e-09,6.082000342865356e-09,,5.718550876340534e-12,0.9999999933040264,1.3612963731558036e-13,,,,,,0.0,1.0,0.0,1.4238426238064856e-13,1.4238426238064856e-13,0.742268409880618,0.24267159368307262,786,1.7073520378628513,0.820046965741094,113,0,0.20618566978296393,0.24635434483056665,786,0.0,0.4450395329095399,0.8083460850693759,118,387.11873716815444,0.594215160201096,450.75,201.32205115399023,0.5608654417357681,672,rbio,0.5136782423812899,1.0,0.3404252303330971,4,505.0,3.2567426302963605e-14,0.0001547883299646835,1.851885594594244e-27,0.9807498764238589,0.8704758161241728,0.001312946880305621,0.7795992274263639,0.004421966629491028,0.9999999997233894,0.9919828214561996,0.9855281704452468,0.9855281704452468,0.9855281704451347,,1.2251610931599486e-12,0.9999999999667601,7.585973278963461e-14,,,,,1.0,,0.0,1.0,0.25,1.4238426238064856e-13,1.4238426238064856e-13,0.0,2.209570199821636,0.6304403968409346,786,1.7379992213672515,0.8034512366569204,364,298.3990616607231,0.8436063618130383,575.0,497.5721739130435,0.7711218391874416,178,0.3888041033402703,1.0,0.4278371276618108,3,134.25,,,,,,,,,,,,,2.1867001175322433e-19,0.03641360043841643,1.851885594594244e-27,0.9860367269534734,0.2690952530933219,0.0015684503146124614,0.5897812737782997,1.0,0.004421966629491028,0.9999999999999541,0.0008499884728391206,0.0007982210227401261,0.0007982210227401261,0.0007982210227337874,,0.0,9.572760819061336e-19,0.020163910573049823,7.054128794466933e-19,,,,,0.4782608695652174,,0.0,1.0,0.7906976744186046,4.770970844811595e-19,4.770970844811595e-19,0.9302325581395349,0.5674759776446953,0.17675400427451057,963,1.7755592641706741,0.8618729876954891,860,72.8319984622144,0.9659663558587783,911.5,908.5902358749314,0.770015888209763,165,818.67,599.5,715.6978453131971,300,0.38607403914171184,1.0,0.42974817260080167,3,124.5
coif13,1.0,smooth,3.316487659973982e-26,314.2650086114509,424580431.600878,0.5886524822695035,286.3655204905088,206,raw,1.2565568865893419e-13,-2.2244905917290512e-10,4.648583468762763,6199781.277512136,0.9982489863995722,5.618943883690061e-06,1.0,327.0000000000001,,,,[],[],13,661.1538461538463,86.99999999999986,939.9999999999998,"[8, 32, 51, 63, 81, 100, 111, 133, 152, 162, 175, 192, 204]","[878.0000000000002, 638.0000000000002, 787.0000000000001, 792.0000000000005, 939.9999999999998, 788.0000000000001, 637.0000000000001, 675.0000000000003, 771.0000000000008, 195.99999999999994, 834.0000000000002, 571.9999999999995, 86.99999999999986]","[0, 13, 39, 39, 76, 99, 107, 107, 107, 161, 99, 187, 203]","[76, 39, 61, 76, 205, 164, 119, 142, 164, 164, 205, 205, 205]",37754613.00000001,940.9999999999998,-940.9999999999998,0.0,,,,DWT,mdp.39015067403892,7.450580596923828e-09,,0.0,33.0,19.0,0.0,28.5,,2.2737367544323206e-13,256.3413461538463,4358.999999999998,256.3413461538463,,0.0,256.3413461538463,,,83.99999999999986,0.0,19.5,2.2737367544323206e-13,2.2737367544323206e-13,,1.1368683772161603e-13,1.4042029812480007e-13,2.2672785254220946e-26,0.9457863196170484,0.20963714296370228,0.4713602573491778,0.23632218844984765,0.4972781013900382,0.9999999997232765,0.4742280246114352,6.696054799077647e-09,6.696054799077647e-09,6.082088379347123e-09,,5.718550876340534e-12,0.9999999933039181,2.7225927463116073e-13,,,,,,7.374542113937972e-14,1.0,0.0,2.847685247612971e-13,2.847685247612971e-13,0.7422684098807951,0.24267159368313052,726,1.6014106077519763,0.7691629380876981,350,0,0.20618566978301545,0.2463543448306282,727,0.0,0.4200480011866539,0.7629527990032854,278,239.9644070829394,0.7484649820933549,520.25,434.4430137504005,0.6015647761619813,535,coif,0.5507900112560971,0.8749445204262634,0.351963635992853,2,401.75,1.4042029812480005e-13,0.0001547883299646835,2.2672785254220946e-26,0.9457863196170484,0.20963714296370228,0.4719065956604933,0.42603583426651725,0.4984673908706524,0.9999999997232764,0.9919828214561991,0.9855281704452481,0.9855281704452481,0.985528170445136,,1.2251610931599486e-12,0.9999999999667596,1.5171946557926922e-13,,,,,1.0,,7.374542113937972e-14,1.0,0.25,2.847685247612971e-13,2.847685247612971e-13,0.0,2.2095701998217683,0.6304403968409723,726,1.6780913875255368,0.7757567344996078,936,148.49242404917499,0.9221737819448769,831.0,817.7328519855595,0.7433195953749541,228,0.4784248188775415,0.776734912893196,0.43208215291776214,2,171.5,,,,,,,,,,,,,9.428349650874039e-19,0.036413600438416405,2.2672785254220946e-26,0.9606755551957852,0.06480634958333081,0.11161304620088328,0.32230400976460727,1.0,0.4984673908706524,0.9999999999999541,0.0008499884728391203,0.0007982210227401272,0.0007982210227401272,0.0007982210227337884,,0.0,9.572760819061336e-19,0.020163910573049813,1.4108257588933865e-18,,,,,0.4782608695652174,,2.3332883504384434e-21,1.0,0.7906976744186046,9.54194168962319e-19,9.54194168962319e-19,0.9302325581395349,0.5674759776446953,0.17675400427451057,955,1.803847671395189,0.8756044437745557,812,101.1162697096763,0.9527494066777213,883.5,877.7136389360497,0.7699494696940008,166,986.6382352941176,846.0,585.0035688138154,340,0.4652856568234462,0.8173890317607586,0.42908333069536003,4,125.5
db27,1.0,smooth,1.41145791183084e-26,317.97511314376635,337926435.92753303,0.6046511627906976,299.79842440369407,206,raw,8.230929422395151e-14,-2.017821465472054e-10,4.202530371063084,5150843.624890531,0.9977382887423543,5.618943883690066e-06,1.0,327.0,,,,[],[],13,661.1538461538462,87.00000000000011,939.9999999999999,"[8, 32, 51, 63, 81, 100, 111, 133, 152, 162, 175, 192, 204]","[877.9999999999998, 638.0000000000002, 786.9999999999998, 792.0, 939.9999999999999, 788.0, 637.0000000000001, 675.0, 771.0000000000001, 196.00000000000017, 833.9999999999998, 572.0000000000001, 87.00000000000011]","[0, 13, 39, 39, 76, 99, 107, 107, 107, 161, 164, 187, 203]","[76, 39, 61, 76, 205, 164, 119, 142, 164, 164, 205, 205, 205]",37754613.0,940.9999999999999,-940.9999999999999,0.0,,,,DWT,mdp.39015067403892,0.0,,0.0,33.0,19.0,0.0,28.5,,1.1368683772161603e-13,256.3413461538462,4359.0,256.34134615384613,,0.0,256.3413461538462,,,84.00000000000011,0.0,24.0,1.1368683772161603e-13,1.1368683772161603e-13,,0.0,8.56513767455952e-14,9.191533320428844e-27,0.9594774452678313,0.055548173807327794,0.37384136300926024,0.3563122923588037,0.4123529653873472,0.999999999723588,0.47422802461173236,6.6959667625959335e-09,6.6959667625959335e-09,6.0819563246244724e-09,,0.0,0.9999999933040264,1.3612963731558036e-13,,,,,,0.0,1.0,0.5,1.4238426238064856e-13,1.4238426238064856e-13,0.7922684098778248,0.2590182137492927,518,1.497847338556914,0.7194211491758199,636,0,0.24785233644917243,0.2961384271997844,517,0.0,0.3946915299442805,0.7168966562468327,566,56.04388161669984,0.9412537928546123,559.25,555.2586923865742,0.6775189299702831,373,db,0.540986235965534,0.9305070477545101,0.3421575204977732,3,280.5,8.565137674559519e-14,0.0001547883299646835,9.191533320428844e-27,0.9594774452678313,0.055548173807327905,0.3744884850940164,0.5162178702570378,0.41374316231036046,0.9999999997235879,0.9919828214562036,0.9855281704452468,0.9855281704452468,0.9855281704451341,,0.0,0.9999999999667601,7.585973278963461e-14,,,,,1.0,,0.0,1.0,0.5,1.4238426238064856e-13,1.4238426238064856e-13,0.0,2.2345701998210243,0.637573462774712,518,1.5627356460267807,0.722429487845412,1433,647.002704785691,0.6609000499026777,975.5,760.9369554074833,0.5748158530435821,1006,0.49117026184683504,0.8233619396015222,0.4091722348267588,4,755.5,,,,,,,,,,,,,5.75095722499103e-19,0.03641360043841643,9.191533320428844e-27,0.9706065525226351,0.01717193012450377,0.08883259296467858,0.39052839248237164,1.0,0.4137431623103604,0.9999999999999541,0.0008499884728391236,0.0007982210227401261,0.0007982210227401261,0.0007982210227337869,,0.0,0.0,0.020163910573049823,7.054128794466933e-19,,,,,0.4782608695652174,,0.0,1.0,0.8604651162790697,4.770970844811595e-19,4.770970844811595e-19,0.9302325581395349,0.5744527218307418,0.17892707859001003,341,1.7679988951067716,0.8582031142056681,881,381.8376618407357,0.821571186055731,611.0,491.6873977086743,0.768028583682071,167,1009.0473684210526,935.5,610.6543869996938,760,0.4758535102197843,0.8532293215616218,0.41093374637766444,5,126.5
db32,1.0,antireflect,1.712909593065685e-26,317.1344480523683,7264010.815433978,0.6417910447761194,320.23596633490826,206,raw,9.085289155301472e-14,-2.0736357075890316e-10,6.790184824724241,152379.80835198605,0.912739623470512,5.618943883690066e-06,1.0,326.9999999999999,,,,[],[],13,661.1538461538462,87.0,939.9999999999999,"[8, 32, 51, 63, 81, 100, 111, 133, 152, 162, 175, 192, 204]","[878.0, 637.9999999999997, 787.0000000000002, 792.0000000000002, 939.9999999999999, 788.0000000000002, 636.9999999999998, 674.9999999999998, 771.0000000000001, 195.9999999999999, 834.0000000000002, 572.0, 87.0]","[0, 13, 42, 42, 76, 99, 107, 107, 107, 161, 99, 187, 203]","[76, 42, 61, 76, 205, 164, 119, 142, 164, 164, 205, 205, 205]",37754613.0,940.9999999999999,-940.9999999999999,0.0,,,,DWT,mdp.39015067403892,0.0,,0.0,33.0,19.0,0.0,28.5,,1.1368683772161603e-13,256.3413461538462,4359.0,256.34134615384613,,0.0,256.3413461538462,,,84.0,0.0,24.0,1.1368683772161603e-13,1.1368683772161603e-13,,1.1368683772161603e-13,9.644636019255545e-14,1.1324805026318644e-26,0.9563752007633148,0.9494529787595106,0.0017196409106842864,0.6348614072494667,0.007662354498199126,0.9999999997235038,0.4742280246116003,6.6959667625959335e-09,6.6959667625959335e-09,6.0819563246244724e-09,,5.718550876340534e-12,0.9999999933040264,1.3612963731558036e-13,,,,,,0.0,1.0,0.5,1.4238426238064856e-13,1.4238426238064856e-13,0.7922684098806445,0.25901821375021455,403,1.706420934881583,0.8195997538260064,116,0,0.24785233644963794,0.2961384272003406,397,0.0,0.443758947738097,0.806020098424625,119,163.12444125063948,0.8290100196534178,258.75,181.61731088029802,0.778891802279539,182,db,0.540986235965534,0.9305070477545101,0.3421575204977732,3,137.25,9.644636019255544e-14,0.0001547883299646835,1.1324805026318644e-26,0.9563752007633148,0.9494529787595107,0.0027513431487139243,0.7255695208169677,0.010009928228876053,0.9999999997235037,0.9919828214562016,0.9855281704452468,0.9855281704452468,0.9855281704451341,,1.2251610931599486e-12,0.9999999999667601,7.585973278963461e-14,,,,,1.0,,0.0,1.0,0.5,1.4238426238064856e-13,1.4238426238064856e-13,0.0,2.2345701998216363,0.6375734627748867,412,1.7442054974188586,0.8063203059334735,297,81.31727983645297,0.9573808805888612,354.5,345.17348377997183,0.8857921174432775,64,0.49117026184683504,0.8233619396015222,0.4091722348267588,4,49.0,,,,,,,,,,,,,6.475773222197371e-19,0.03641360043841643,1.1324805026318644e-26,0.9683563078994089,0.2935099228340342,0.0019048078844428335,0.5489067987083927,1.0,0.010009928228876053,0.9999999999999541,0.0008499884728391221,0.0007982210227401261,0.0007982210227401261,0.0007982210227337869,,0.0,9.572760819061336e-19,0.020163910573049823,7.054128794466933e-19,,,,,0.4782608695652174,,0.0,1.0,0.8604651162790697,4.770970844811595e-19,4.770970844811595e-19,0.9302325581395349,0.5744527218307418,0.17892707859001003,477,1.763211921005298,0.8558794724359382,907,304.05591591021545,0.8579177963036376,692.0,625.2008670520231,0.7672766551611646,168,1009.0473684210526,935.5,610.6543869996938,760,0.4758535102197843,0.8532293215616218,0.41093374637766444,5,127.25
db24,1.0,antisymmetric,8.836375647348854e-27,320.00905076764326,6779441.736181588,0.6349206349206349,309.28490929564146,206,raw,6.472492444921493e-14,-2.054554304464801e-10,6.674069213617409,131625.70432000162,0.8992385102348203,5.618943883690066e-06,1.0,326.99999999999994,,,,[],[],13,661.1538461538462,87.0,939.9999999999999,"[8, 32, 51, 63, 81, 100, 111, 133, 152, 162, 175, 192, 204]","[878.0, 638.0000000000001, 787.0, 792.0, 939.9999999999999, 788.0, 636.9999999999999, 674.9999999999999, 770.9999999999998, 196.0, 834.0000000000002, 571.9999999999999, 87.0]","[0, 13, 39, 39, 76, 99, 107, 107, 107, 161, 99, 187, 203]","[76, 39, 61, 76, 205, 164, 119, 142, 164, 164, 205, 205, 205]",37754613.0,941.0,-941.0,0.0,,,,DWT,mdp.39015067403892,0.0,,0.0,33.0,19.0,0.0,28.5,,0.0,256.3413461538462,4359.0,256.3413461538461,,0.0,256.3413461538462,,,84.0,0.0,19.5,1.1368683772161603e-13,0.0,,5.684341886080802e-14,6.343322046641543e-14,5.4563270424597446e-27,0.9669831355608687,0.9093408600214392,0.0011743153261822364,0.583333333333333,0.005982040036109643,0.9999999997235326,0.4742280246116003,6.6959667625959335e-09,6.6959667625959335e-09,6.081912306383589e-09,,2.859275438170267e-12,0.9999999933040264,1.3612963731558036e-13,,,,,,0.0,1.0,0.0,0.0,0.0,0.7422684098791448,0.24267159368259095,839,1.671173618247541,0.8026703482814752,175,0,0.20618566978270564,0.24635434483025803,848,0.0,0.4333517105001911,0.7871169474558785,184,383.3957920130754,0.5981176184349315,511.5,295.8534208359268,0.5309770482111764,758,db,0.540986235965534,0.9305070477545101,0.3421575204977732,3,569.25,6.343322046641543e-14,0.0001547883299646835,5.4563270424597446e-27,0.9669831355608687,0.9093408600214392,0.002206581146997875,0.6868421052631577,0.008333588887662372,0.9999999997235325,0.9919828214562016,0.9855281704452468,0.9855281704452468,0.9855281704451335,,6.125805465799743e-13,0.9999999999667601,7.585973278963461e-14,,,,,1.0,,0.0,1.0,0.25,0.0,0.0,0.0,2.209570199821273,0.630440396840831,842,1.7140803159694893,0.7923938818059822,602,169.7056274847714,0.9110557507941449,722.0,702.0554016620498,0.7663245210993785,183,0.49117026184683504,0.8233619396015222,0.4091722348267588,4,138.25,,,,,,,,,,,,,4.259146220490161e-19,0.03641360043841643,5.4563270424597446e-27,0.9760508813629049,0.2811098302134358,0.0017774196069162917,0.5196087906140672,1.0,0.008333588887662372,0.9999999999999541,0.0008499884728391221,0.0007982210227401261,0.0007982210227401261,0.0007982210227337863,,0.0,4.786380409530668e-19,0.020163910573049823,7.054128794466933e-19,,,,,0.4782608695652174,,0.0,1.0,0.7906976744186046,0.0,0.0,0.9302325581395349,0.5674759776446953,0.17675400427451057,867,1.7491751856601174,0.8490659104931931,974,75.66042558696059,0.9646446609406726,920.5,917.3905486148832,0.7672522370123924,169,1009.0473684210526,935.5,610.6543869996938,760,0.4758535102197843,0.8532293215616218,0.41093374637766444,5,128.0
rbio2.8,1.0,periodization,4.843828616073398e-27,322.61990478281587,5839890.739010715,0.6407766990291263,336.71868783900027,206,raw,4.8146274923306284e-14,-2.1648050019252023e-10,6.484753947300759,63678.67521563304,0.640617226163445,5.618943883690066e-06,0.9999999999999999,327.0000000000001,,,,[],[],13,661.1538461538462,86.99999999999996,940.0000000000001,"[8, 32, 51, 63, 81, 100, 111, 133, 152, 162, 175, 192, 204]","[878.0000000000001, 638.0000000000001, 787.0000000000001, 792.0, 940.0000000000001, 788.0, 637.0000000000001, 675.0000000000001, 771.0000000000001, 196.0, 834.0000000000002, 572.0000000000001, 86.99999999999996]","[0, 13, 39, 39, 76, 99, 107, 107, 107, 161, 99, 187, 203]","[76, 39, 61, 76, 205, 164, 119, 142, 164, 164, 205, 205, 205]",37754613.0,941.0000000000001,-941.0000000000001,0.0,,,,DWT,mdp.39015067403892,0.0,,0.0,33.0,19.0,0.0,28.5,,1.1368683772161603e-13,256.3413461538462,4359.0,256.3413461538462,,0.0,256.3413461538462,,,83.99999999999996,0.0,19.5,1.1368683772161603e-13,1.1368683772161603e-13,,1.1368683772161603e-13,4.248580916973129e-14,2.6309363923346402e-27,0.9766177779452628,0.8439419324436785,0.00011696103215221124,0.6272538141470184,0.0004808449238497771,0.9999999997233665,0.4742280246115508,6.6959667625959335e-09,6.6959667625959335e-09,6.082000342865356e-09,,5.718550876340534e-12,0.9999999933040264,1.3612963731558036e-13,,,,,,0.0,1.0,0.0,1.4238426238064856e-13,1.4238426238064856e-13,0.7422684098806427,0.24267159368308067,780,1.65909397702278,0.7968684556934617,189,0,0.20618566978297082,0.24635434483057486,780,0.0,0.43105141627692134,0.7829388156442361,191,340.63763738025193,0.6429374870227967,485.0,305.560203799261,0.5672758713939979,638,rbio,0.5136782423812899,1.0,0.3404252303330971,4,479.5,4.2485809169731275e-14,0.0001547883299646835,2.6309363923346402e-27,0.9766177779452628,0.8439419324436787,0.0011503196069037643,0.7198518140010223,0.0028454079557990774,0.9999999997233664,0.9919828214562009,0.9855281704452468,0.9855281704452468,0.9855281704451347,,1.2251610931599486e-12,0.9999999999667601,7.585973278963461e-14,,,,,1.0,,0.0,1.0,0.25,1.4238426238064856e-13,1.4238426238064856e-13,0.0,2.2095701998216364,0.6304403968409347,776,1.6976421179635264,0.7847947469191943,762,9.899494936611665,0.9948115854629918,769.0,768.9362808842653,0.7958858765889383,132,0.3888041033402703,1.0,0.4278371276618108,3,99.75,,,,,,,,,,,,,2.8526578379467985e-19,0.03641360043841643,2.6309363923346402e-27,0.9830394672692143,0.26089267926841875,0.0015304212153503234,0.5445812474631311,0.9999999999999999,0.0028454079557990774,0.9999999999999541,0.0008499884728391216,0.0007982210227401261,0.0007982210227401261,0.0007982210227337874,,0.0,9.572760819061336e-19,0.020163910573049823,7.054128794466933e-19,,,,,0.4782608695652174,,0.0,1.0,0.7906976744186046,4.770970844811595e-19,4.770970844811595e-19,0.9302325581395349,0.5674759776446953,0.17675400427451057,824,1.7509299729024919,0.8499177005482333,967,101.1162697096763,0.9527494066777213,895.5,889.7911781127862,0.7671457313762439,170,818.67,599.5,715.6978453131971,300,0.38607403914171184,1.0,0.42974817260080167,3,128.25
db5,1.0,reflect,3.166825620037169e-27,324.4655509707296,6051135.025194751,0.6495327102803738,318.68561289441834,206,raw,3.493429925058381e-14,-2.1039003872403162e-10,6.389009425273745,61972.975934669776,0.752356703268868,5.618943883690066e-06,1.0,327.0000000000001,,,,[],[],13,661.1538461538462,86.99999999999999,940.0000000000001,"[8, 32, 51, 63, 81, 100, 111, 133, 152, 162, 175, 192, 204]","[878.0, 637.9999999999999, 786.9999999999999, 791.9999999999999, 940.0000000000001, 788.0000000000001, 637.0, 675.0, 771.0000000000001, 195.99999999999977, 834.0, 572.0, 86.99999999999999]","[0, 13, 42, 42, 76, 99, 107, 107, 107, 161, 99, 187, 203]","[76, 42, 61, 76, 205, 164, 119, 142, 164, 164, 205, 205, 205]",37754613.0,941.0000000000001,-941.0000000000001,0.0,,,,DWT,mdp.39015067403892,0.0,,0.0,33.0,19.0,0.0,28.5,,1.1368683772161603e-13,256.3413461538462,4359.0,256.34134615384613,,0.0,256.3413461538462,,,83.99999999999999,0.0,24.0,1.1368683772161603e-13,1.1368683772161603e-13,,1.1368683772161603e-13,2.579224869450711e-14,1.4441780277828546e-27,0.9834286302125023,0.810867003074069,0.0003546916649316647,0.6929238985313753,0.00034274639811427907,0.9999999997234582,0.4742280246115838,6.6959667625959335e-09,6.6959667625959335e-09,6.0819563246244724e-09,,5.718550876340534e-12,0.9999999933040264,1.3612963731558036e-13,,,,,,0.0,1.0,0.5,1.4238426238064856e-13,1.4238426238064856e-13,0.7922684098806395,0.25901821375021294,405,1.6729746833581887,0.8035354059534346,170,0,0.24785233644963656,0.29613842720033895,405,0.0,0.4359896212005595,0.7919083078401229,173,134.81685107334815,0.8586825460447085,288.25,240.94975598654767,0.7782668495422704,183,db,0.540986235965534,0.9305070477545101,0.3421575204977732,3,138.0,2.5792248694507097e-14,0.0001547883299646835,1.4441780277828539e-27,0.9834286302125023,0.8108670030740691,0.0013878045499592304,0.7692080668962126,0.002707636129824222,0.9999999997234581,0.9919828214562014,0.9855281704452468,0.9855281704452468,0.9855281704451341,,1.2251610931599486e-12,0.9999999999667601,7.585973278963461e-14,,,,,1.0,,0.0,1.0,0.5,1.4238426238064856e-13,1.4238426238064856e-13,0.0,2.2345701998216363,0.6375734627748867,411,1.7049972995383107,0.7881949381617701,689,196.5756851698602,0.8969729113365512,550.0,514.8709090909091,0.8043564766326362,125,0.49117026184683504,0.8233619396015222,0.4091722348267588,4,94.75,,,,,,,,,,,,,1.7317890805073281e-19,0.03641360043841643,1.4441780277828539e-27,0.9879797882760306,0.2506680339366417,0.0015859551875051833,0.5819201681256695,1.0,0.002707636129824222,0.9999999999999541,0.0008499884728391219,0.0007982210227401261,0.0007982210227401261,0.0007982210227337869,,0.0,9.572760819061336e-19,0.020163910573049823,7.054128794466933e-19,,,,,0.4782608695652174,,0.0,1.0,0.8604651162790697,4.770970844811595e-19,4.770970844811595e-19,0.9302325581395349,0.5744527218307418,0.17892707859001003,418,1.763690069361396,0.8561115700969668,898,339.4112549695428,0.8413966098273165,658.0,570.4620060790274,0.7669599871566488,171,1009.0473684210526,935.5,610.6543869996938,760,0.4758535102197843,0.8532293215616218,0.41093374637766444,5,129.5
db5,1.0,constant,3.310199174850153e-27,324.27325120771866,5955868.779107687,0.6495327102803738,307.0303298949433,206,raw,3.62105167856869e-14,-2.1037638298082873e-10,6.339827270866408,64532.62518958446,0.7659819227433357,5.618943883690066e-06,0.9999999999999999,327.0000000000001,,,,[],[],13,661.1538461538462,87.0,940.0000000000001,"[8, 32, 51, 63, 81, 100, 111, 133, 152, 162, 175, 192, 204]","[878.0, 637.9999999999999, 786.9999999999999, 791.9999999999999, 940.0000000000001, 788.0000000000001, 637.0, 675.0, 771.0000000000001, 195.99999999999977, 834.0, 572.0, 87.0]","[0, 13, 42, 42, 76, 99, 107, 107, 107, 161, 99, 187, 203]","[76, 42, 61, 76, 205, 164, 119, 142, 164, 164, 205, 205, 205]",37754613.0,941.0000000000001,-941.0000000000001,0.0,,,,DWT,mdp.39015067403892,0.0,,0.0,33.0,19.0,0.0,28.5,,1.1368683772161603e-13,256.3413461538462,4359.0,256.34134615384613,,0.0,256.3413461538462,,,84.0,0.0,24.0,1.1368683772161603e-13,1.1368683772161603e-13,,1.1368683772161603e-13,2.7404771691031432e-14,1.545638648802614e-27,0.9827190005524571,0.7938770359320437,0.00024748069428761065,0.6929238985313753,0.000549983273012919,0.9999999997234584,0.4742280246116003,6.6959667625959335e-09,6.6959667625959335e-09,6.0819563246244724e-09,,5.718550876340534e-12,0.9999999933040264,1.3612963731558036e-13,,,,,,0.0,1.0,0.5,1.4238426238064856e-13,1.4238426238064856e-13,0.7922684098806445,0.25901821375021455,399,1.6640832112557868,0.7992648017916397,181,0,0.24785233644963794,0.2961384272003406,396,0.0,0.4337896748383328,0.7879124425343096,179,125.58231032540637,0.8683623581494693,288.75,247.78584382645676,0.7828447010873132,171,db,0.540986235965534,0.9305070477545101,0.3421575204977732,3,129.0,2.7404771691031426e-14,0.0001547883299646835,1.5456386488026134e-27,0.9827190005524571,0.7938770359320438,0.0012807043796503202,0.7692080668962126,0.0029143827443303986,0.9999999997234583,0.9919828214562016,0.9855281704452468,0.9855281704452468,0.9855281704451341,,1.2251610931599486e-12,0.9999999999667601,7.585973278963461e-14,,,,,1.0,,0.0,1.0,0.5,1.4238426238064856e-13,1.4238426238064856e-13,0.0,2.2345701998216363,0.6375734627748867,419,1.6961056867319195,0.784084477571604,777,253.144227664784,0.8673248282679329,598.0,544.4197324414716,0.7769538187461258,169,0.49117026184683504,0.8233619396015222,0.4091722348267588,4,127.75,,,,,,,,,,,,,1.8400599703596936e-19,0.03641360043841643,1.5456386488026134e-27,0.9874650511801396,0.24541582655368743,0.0015609106613167307,0.5819201681256695,0.9999999999999999,0.0029143827443303986,0.9999999999999541,0.0008499884728391221,0.0007982210227401261,0.0007982210227401261,0.0007982210227337869,,0.0,9.572760819061336e-19,0.020163910573049823,7.054128794466933e-19,,,,,0.4782608695652174,,0.0,1.0,0.8604651162790697,4.770970844811595e-19,4.770970844811595e-19,0.9302325581395349,0.5744527218307418,0.17892707859001003,561,1.7608252997950924,0.8547209842939509,924,256.6797615707168,0.8800561861819081,742.5,698.1333333333334,0.7665467846797391,172,1009.0473684210526,935.5,610.6543869996938,760,0.4758535102197843,0.8532293215616218,0.41093374637766444,5,130.25
coif14,1.0,smooth,2.98613722116739e-26,314.7206948598844,521826511.2030568,0.5868055555555556,287.16087446026046,206,raw,1.1770519833890013e-13,-2.1803758798455683e-10,4.725501875738265,7442615.817381305,0.9985731654688218,5.618943883690064e-06,0.9999999999999999,327.0000000000001,,,,[],[],13,661.1538461538463,87.00000000000006,939.9999999999999,"[8, 32, 51, 63, 81, 100, 111, 133, 152, 162, 175, 192, 204]","[877.9999999999998, 638.0, 787.0000000000006, 792.0000000000002, 939.9999999999999, 788.0000000000001, 637.0, 675.0000000000001, 771.0000000000001, 195.99999999999994, 834.0000000000009, 571.9999999999997, 87.00000000000006]","[0, 13, 39, 39, 76, 99, 107, 107, 107, 161, 99, 187, 203]","[76, 39, 61, 76, 205, 164, 119, 142, 164, 164, 205, 205, 205]",37754613.0,940.9999999999999,-940.9999999999999,0.0,,,,DWT,mdp.39015067403892,0.0,,0.0,33.0,19.0,0.0,28.5,,1.1368683772161603e-13,256.3413461538463,4358.999999999998,256.34134615384625,,0.0,256.3413461538463,,,84.00000000000006,0.0,19.5,1.1368683772161603e-13,1.1368683772161603e-13,,1.1368683772161603e-13,1.3037471567347965e-13,2.033500680413041e-26,0.9474679050360832,0.23620859398854321,0.580799298076681,0.2224702380952382,0.5979017104896218,0.999999999723343,0.47422802461166635,6.696054799077647e-09,6.696054799077647e-09,6.082044361106239e-09,,5.718550876340534e-12,0.9999999933039181,1.3612963731558036e-13,,,,,,0.0,1.0,0.0,1.4238426238064856e-13,1.4238426238064856e-13,0.7422684098806893,0.2426715936830959,748,1.7051334683775825,0.8189813793041236,117,0,0.20618566978298974,0.24635434483059748,749,0.0,0.44810596817620507,0.8139157946336525,109,366.9208588601453,0.6153869403981705,430.75,196.1425396580136,0.5819335121278064,588,coif,0.5507900112560971,0.8749445204262634,0.351963635992853,2,441.5,1.3037471567347965e-13,0.0001547883299646835,2.033500680413041e-26,0.9474679050360832,0.23620859398854321,0.5812325333882046,0.41562500000000024,0.5988529546411296,0.9999999997233429,0.9919828214562026,0.9855281704452481,0.9855281704452481,0.9855281704451354,,1.2251610931599486e-12,0.9999999999667596,7.585973278963461e-14,,,,,1.0,,0.0,1.0,0.25,1.4238426238064856e-13,1.4238426238064856e-13,0.0,2.2095701998216377,0.630440396840935,749,1.7830389249548415,0.8242724229389502,58,488.61078579990436,0.7439146824948091,403.5,107.66294919454772,0.7662183475367127,184,0.4784248188775415,0.776734912893196,0.43208215291776214,2,138.5,,,,,,,,,,,,,8.753851269496471e-19,0.036413600438416426,2.033500680413041e-26,0.9618953102931573,0.07302053681994256,0.1371780504637289,0.3144280205655529,0.9999999999999999,0.5988529546411296,0.9999999999999541,0.0008499884728391229,0.0007982210227401272,0.0007982210227401272,0.0007982210227337879,,0.0,9.572760819061336e-19,0.020163910573049813,7.054128794466933e-19,,,,,0.4782608695652174,,0.0,1.0,0.7906976744186046,4.770970844811595e-19,4.770970844811595e-19,0.9302325581395349,0.5674759776446953,0.17675400427451057,865,1.8584729500319097,0.9021200622911357,210,463.1549416771886,0.7835724571601923,537.5,337.953488372093,0.7662021164305635,173,986.6382352941176,846.0,585.0035688138154,340,0.4652856568234462,0.8173890317607586,0.42908333069536003,4,130.75
db5,1.0,zero,3.3222695125844086e-27,324.25744386023774,5956337.635209439,0.6495327102803738,307.0303298949433,206,raw,3.6503701895102475e-14,-2.1045276632492294e-10,6.338561598124122,65081.73229102978,0.7679550037365631,5.618943883690066e-06,0.9999999999999999,327.0000000000001,,,,[],[],13,661.1538461538462,87.0,940.0000000000001,"[8, 32, 51, 63, 81, 100, 111, 133, 152, 162, 175, 192, 204]","[878.0, 637.9999999999999, 786.9999999999999, 791.9999999999999, 940.0000000000001, 788.0000000000001, 637.0, 675.0, 771.0000000000001, 195.99999999999977, 834.0, 572.0, 87.0]","[0, 13, 42, 42, 76, 99, 107, 107, 107, 161, 99, 187, 203]","[76, 42, 61, 76, 205, 164, 119, 142, 164, 164, 205, 205, 205]",37754613.0,941.0000000000001,-941.0000000000001,0.0,,,,DWT,mdp.39015067403892,0.0,,0.0,33.0,19.0,0.0,28.5,,1.1368683772161603e-13,256.3413461538462,4359.0,256.34134615384613,,0.0,256.3413461538462,,,84.0,0.0,24.0,1.1368683772161603e-13,1.1368683772161603e-13,,1.1368683772161603e-13,2.7775216163205943e-14,1.5541804190337645e-27,0.9826606678616443,0.7934398094916179,0.000248008336761476,0.6929238985313753,0.0005944406296096029,0.9999999997234573,0.4742280246116003,6.6959667625959335e-09,6.6959667625959335e-09,6.0819563246244724e-09,,5.718550876340534e-12,0.9999999933040264,1.3612963731558036e-13,,,,,,0.0,1.0,0.5,1.4238426238064856e-13,1.4238426238064856e-13,0.7922684098806445,0.25901821375021455,400,1.6638476451849615,0.7991516586100768,182,0,0.24785233644963794,0.2961384272003406,400,0.0,0.43373335307181166,0.7878101426797912,180,126.44234522764384,0.8674608540590736,290.5,249.2202358311145,0.781476758266434,174,db,0.540986235965534,0.9305070477545101,0.3421575204977732,3,131.25,2.777521616320593e-14,0.0001547883299646835,1.5541804190337645e-27,0.9826606678616443,0.793439809491618,0.0012812314768165312,0.7692080668962126,0.0029587349281333716,0.9999999997234572,0.9919828214562016,0.9855281704452468,0.9855281704452468,0.9855281704451341,,1.2251610931599486e-12,0.9999999999667601,7.585973278963461e-14,,,,,1.0,,0.0,1.0,0.5,1.4238426238064856e-13,1.4238426238064856e-13,0.0,2.2345701998216363,0.6375734627748867,418,1.6958700783193228,0.7839755593004446,778,254.55844122715712,0.8665836261912174,598.0,543.819397993311,0.7765832177077681,171,0.49117026184683504,0.8233619396015222,0.4091722348267588,4,129.25,,,,,,,,,,,,,1.8649330126230746e-19,0.03641360043841643,1.5541804190337645e-27,0.9874227389692005,0.24528066420056274,0.0015610339188124468,0.5819201681256695,0.9999999999999999,0.0029587349281333716,0.9999999999999541,0.0008499884728391221,0.0007982210227401261,0.0007982210227401261,0.0007982210227337869,,0.0,9.572760819061336e-19,0.020163910573049823,7.054128794466933e-19,,,,,0.4782608695652174,,0.0,1.0,0.8604651162790697,4.770970844811595e-19,4.770970844811595e-19,0.9302325581395349,0.5744527218307418,0.17892707859001003,558,1.7607501337942355,0.8546844980177455,927,260.92240225783604,0.8780736438047495,742.5,696.6545454545454,0.7655555134911598,174,1009.0473684210526,935.5,610.6543869996938,760,0.4758535102197843,0.8532293215616218,0.41093374637766444,5,131.75
db5,1.0,periodic,3.2698217506528214e-27,324.3265516845045,6093075.548814437,0.6495327102803738,318.68561289441834,206,raw,3.6262255334407294e-14,-2.1057355859000216e-10,6.389971019046923,62544.59879271225,0.755139738240192,5.618943883690066e-06,1.0,327.0000000000001,,,,[],[],13,661.1538461538462,86.99999999999997,940.0000000000001,"[8, 32, 51, 63, 81, 100, 111, 133, 152, 162, 175, 192, 204]","[878.0, 637.9999999999999, 786.9999999999999, 791.9999999999999, 940.0000000000001, 788.0000000000001, 637.0, 675.0, 771.0000000000001, 195.99999999999977, 834.0, 572.0, 86.99999999999997]","[0, 13, 42, 42, 76, 99, 107, 107, 107, 161, 99, 187, 203]","[76, 42, 61, 76, 205, 164, 119, 142, 164, 164, 205, 205, 205]",37754613.0,941.0000000000001,-941.0000000000001,0.0,,,,DWT,mdp.39015067403892,0.0,,0.0,33.0,19.0,0.0,28.5,,1.1368683772161603e-13,256.3413461538462,4359.0,256.34134615384613,,0.0,256.3413461538462,,,83.99999999999997,0.0,24.0,1.1368683772161603e-13,1.1368683772161603e-13,,1.1368683772161603e-13,2.747014424494458e-14,1.5170649098060248e-27,0.982915691378434,0.8111991854846842,0.0004018907982162606,0.6929238985313753,0.0003890266978443681,0.9999999997234554,0.47422802461156727,6.6959667625959335e-09,6.6959667625959335e-09,6.0819563246244724e-09,,5.718550876340534e-12,0.9999999933040264,1.3612963731558036e-13,,,,,,0.0,1.0,0.5,1.4238426238064856e-13,1.4238426238064856e-13,0.7922684098806345,0.2590182137502113,414,1.6728751229495888,0.8034875867520224,171,0,0.24785233644963522,0.29613842720033734,411,0.0,0.4359787115767546,0.7918884921809732,174,138.57488950022656,0.854743302410664,292.5,243.25531144797523,0.7740697644128791,192,db,0.540986235965534,0.9305070477545101,0.3421575204977732,3,144.75,2.747014424494457e-14,0.0001547883299646835,1.517064909806024e-27,0.982915691378434,0.8111991854846843,0.0014349549039094445,0.7692080668962126,0.0027538069442229955,0.9999999997234553,0.9919828214562011,0.9855281704452468,0.9855281704452468,0.9855281704451341,,1.2251610931599486e-12,0.9999999999667601,7.585973278963461e-14,,,,,1.0,,0.0,1.0,0.5,1.4238426238064856e-13,1.4238426238064856e-13,0.0,2.2345701998216363,0.6375734627748867,401,1.7048976709459114,0.7881488813426499,690,204.35385976291224,0.8928962999146163,545.5,507.22273143904675,0.8034974162046875,127,0.49117026184683504,0.8233619396015222,0.4091722348267588,4,96.25,,,,,,,,,,,,,1.844449330759114e-19,0.03641360043841643,1.517064909806024e-27,0.9876077228725056,0.25077072341772993,0.0015969809241673657,0.5819201681256695,1.0,0.0027538069442229955,0.9999999999999541,0.0008499884728391218,0.0007982210227401261,0.0007982210227401261,0.0007982210227337869,,0.0,9.572760819061336e-19,0.020163910573049823,7.054128794466933e-19,,,,,0.4782608695652174,,0.0,1.0,0.8604651162790697,4.770970844811595e-19,4.770970844811595e-19,0.9302325581395349,0.5744527218307418,0.17892707859001003,416,1.7635421560539155,0.8560397716012418,903,344.36100243784864,0.8390836437206315,659.5,569.5951478392722,0.7654530368135868,175,1009.0473684210526,935.5,610.6543869996938,760,0.4758535102197843,0.8532293215616218,0.41093374637766444,5,132.5
coif1,1.0,reflect,2.213359887800399e-27,326.02127211789286,5941553.520189695,0.638095238095238,304.96802339586947,206,raw,2.6222821109787184e-14,-2.1199575428454699e-10,6.381457543955808,62671.932607510666,0.7384023068272103,5.618943883690066e-06,1.0,327.00000000000006,,,,[],[],13,661.1538461538462,87.0,940.0000000000001,"[8, 32, 51, 63, 81, 100, 111, 133, 152, 162, 175, 192, 204]","[878.0, 638.0, 787.0000000000001, 792.0, 940.0000000000001, 788.0000000000001, 637.0, 675.0, 771.0, 196.0, 834.0000000000002, 572.0, 87.0]","[0, 13, 39, 39, 76, 99, 107, 107, 107, 161, 99, 187, 203]","[76, 39, 61, 76, 205, 164, 119, 142, 164, 164, 205, 205, 205]",37754613.0,941.0000000000001,-941.0000000000001,0.0,,,,DWT,mdp.39015067403892,0.0,,0.0,33.0,19.0,0.0,28.5,,1.1368683772161603e-13,256.3413461538462,4359.0,256.34134615384613,,0.0,256.3413461538462,,,84.0,0.0,19.5,1.1368683772161603e-13,1.1368683772161603e-13,,5.684341886080802e-14,1.4785144929380707e-14,7.69442540893459e-28,0.9891695934435569,0.8082582069162275,0.000231370551748602,0.6071428571428568,0.0003993360251074996,0.999999999723434,0.4742280246116003,6.6959667625959335e-09,6.6959667625959335e-09,6.0819563246244724e-09,,2.859275438170267e-12,0.9999999933040264,1.3612963731558036e-13,,,,,,0.0,1.0,0.0,1.4238426238064856e-13,1.4238426238064856e-13,0.7422684098792147,0.24267159368261382,822,1.6407634219566858,0.7880642280187072,220,0,0.206185669782733,0.24635434483029073,819,0.0,0.4256501704753683,0.7731282806797608,213,348.73342254507236,0.6344513390512868,518.5,342.52920169897413,0.5454751454166287,717,coif,0.5507900112560971,0.8749445204262634,0.351963635992853,2,538.25,1.4785144929380695e-14,0.0001547883299646835,7.69442540893459e-28,0.9891695934435569,0.8082582069162276,0.0012646108866125876,0.7047368421052629,0.002764091882704775,0.9999999997234339,0.9919828214562016,0.9855281704452468,0.9855281704452468,0.9855281704451341,,6.125805465799743e-13,0.9999999999667601,7.585973278963461e-14,,,,,1.0,,0.0,1.0,0.25,1.4238426238064856e-13,1.4238426238064856e-13,0.0,2.20957019982133,0.6304403968408472,821,1.6813099749511087,0.777244639681366,919,69.29646455628166,0.9636810982409425,870.0,867.2402298850575,0.7538531277368234,208,0.4784248188775415,0.776734912893196,0.43208215291776214,2,156.5,,,,,,,,,,,,,9.927305232549476e-20,0.03641360043841643,7.69442540893459e-28,0.9921440543820746,0.2498615616035113,0.00155714732549117,0.5331464909059279,1.0,0.002764091882704775,0.9999999999999541,0.0008499884728391221,0.0007982210227401261,0.0007982210227401261,0.0007982210227337869,,0.0,4.786380409530668e-19,0.020163910573049823,7.054128794466933e-19,,,,,0.4782608695652174,,0.0,1.0,0.7906976744186046,4.770970844811595e-19,4.770970844811595e-19,0.9302325581395349,0.5674759776446953,0.17675400427451057,895,1.746284100340706,0.8476625507787611,987,65.05382386916237,0.969601016883569,941.0,938.7513283740701,0.7649406953576723,176,986.6382352941176,846.0,585.0035688138154,340,0.4652856568234462,0.8173890317607586,0.42908333069536003,4,133.0
coif1,1.0,symmetric,2.213421158550319e-27,326.02115189713516,5937044.594473928,0.638095238095238,304.96802339586947,206,raw,2.624006729269398e-14,-2.1206036926458017e-10,6.369948664871487,63247.18394868435,0.7435303650057367,5.618943883690066e-06,1.0,327.00000000000006,,,,[],[],13,661.1538461538462,86.99999999999997,940.0000000000001,"[8, 32, 51, 63, 81, 100, 111, 133, 152, 162, 175, 192, 204]","[878.0, 638.0, 787.0000000000001, 792.0, 940.0000000000001, 788.0000000000001, 637.0, 675.0, 771.0, 196.0, 834.0000000000002, 572.0, 86.99999999999997]","[0, 13, 39, 39, 76, 99, 107, 107, 107, 161, 99, 187, 203]","[76, 39, 61, 76, 205, 164, 119, 142, 164, 164, 205, 205, 205]",37754613.0,941.0000000000001,-941.0000000000001,0.0,,,,DWT,mdp.39015067403892,0.0,,0.0,33.0,19.0,0.0,28.5,,1.1368683772161603e-13,256.3413461538462,4359.0,256.34134615384613,,0.0,256.3413461538462,,,83.99999999999997,0.0,19.5,1.1368683772161603e-13,1.1368683772161603e-13,,5.684341886080802e-14,1.4806935780685092e-14,7.694859001332103e-28,0.9891691498017443,0.8042824665315204,0.00022629628544333045,0.6071428571428568,0.0004459100977063877,0.9999999997234331,0.47422802461156727,6.6959667625959335e-09,6.6959667625959335e-09,6.0819563246244724e-09,,2.859275438170267e-12,0.9999999933040264,1.3612963731558036e-13,,,,,,0.0,1.0,0.0,1.4238426238064856e-13,1.4238426238064856e-13,0.7422684098792048,0.2426715936826106,829,1.6387913780751313,0.787117048664061,225,0,0.20618566978273023,0.24635434483028743,828,0.0,0.4251583349478399,0.772234936844492,216,351.04842970735535,0.6320247068057072,524.5,348.1871067175163,0.5411171752057886,733,coif,0.5507900112560971,0.8749445204262634,0.351963635992853,2,550.25,1.4806935780685067e-14,0.0001547883299646835,7.694859001332103e-28,0.9891691498017443,0.8042824665315204,0.0012595418644572743,0.7047368421052629,0.0028105557749937057,0.999999999723433,0.9919828214562011,0.9855281704452468,0.9855281704452468,0.9855281704451341,,6.125805465799743e-13,0.9999999999667601,7.585973278963461e-14,,,,,1.0,,0.0,1.0,0.25,1.4238426238064856e-13,1.4238426238064856e-13,0.0,2.20957019982133,0.6304403968408472,819,1.679337889619505,0.7763329739113299,929,77.78174593052023,0.9592338857806497,874.0,870.5389016018307,0.750581303477327,213,0.4784248188775415,0.776734912893196,0.43208215291776214,2,160.25,,,,,,,,,,,,,9.941936433880882e-20,0.03641360043841643,7.694859001332103e-28,0.992143732581971,0.24863251784923485,0.0015559619748259713,0.5331464909059279,1.0,0.0028105557749937057,0.9999999999999541,0.0008499884728391218,0.0007982210227401261,0.0007982210227401261,0.0007982210227337869,,0.0,4.786380409530668e-19,0.020163910573049823,7.054128794466933e-19,,,,,0.4782608695652174,,0.0,1.0,0.7906976744186046,4.770970844811595e-19,4.770970844811595e-19,0.9302325581395349,0.5674759776446953,0.17675400427451057,915,1.7456873782650884,0.8473728963309967,991,53.74011537017761,0.9748877965559918,953.0,951.4847848898215,0.7647803468761267,177,986.6382352941176,846.0,585.0035688138154,340,0.4652856568234462,0.8173890317607586,0.42908333069536003,4,133.75
coif1,1.0,antireflect,2.196816785321978e-27,326.05385408614757,5940199.502006648,0.638095238095238,302.95238292545025,206,raw,2.591238981746481e-14,-2.120051911802563e-10,6.376141626644553,66566.3406979566,0.7544869571260606,5.618943883690066e-06,1.0,327.00000000000006,,,,[],[],13,661.1538461538462,86.99999999999997,940.0000000000001,"[8, 32, 51, 63, 81, 100, 111, 133, 152, 162, 175, 192, 204]","[878.0, 638.0, 787.0000000000001, 792.0, 940.0000000000001, 788.0000000000001, 637.0, 675.0, 771.0, 196.0, 834.0000000000002, 572.0, 86.99999999999997]","[0, 13, 39, 39, 76, 99, 107, 107, 107, 161, 99, 187, 203]","[76, 39, 61, 76, 205, 164, 119, 142, 164, 164, 205, 205, 205]",37754613.0,941.0000000000001,-941.0000000000001,0.0,,,,DWT,mdp.39015067403892,0.0,,0.0,33.0,19.0,0.0,28.5,,1.1368683772161603e-13,256.3413461538462,4359.0,256.34134615384613,,0.0,256.3413461538462,,,83.99999999999997,0.0,19.5,1.1368683772161603e-13,1.1368683772161603e-13,,5.684341886080802e-14,1.439290960590181e-14,7.577355461604097e-28,0.9892898282826132,0.8064218241563362,0.00022984676331737217,0.6071428571428568,0.0007146389755779133,0.9999999997234339,0.47422802461156727,6.6959667625959335e-09,6.6959667625959335e-09,6.0819563246244724e-09,,2.859275438170267e-12,0.9999999933040264,1.3612963731558036e-13,,,,,,0.0,1.0,0.0,1.4238426238064856e-13,1.4238426238064856e-13,0.7422684098792048,0.2426715936826106,830,1.6400427307661465,0.7877180775992672,221,0,0.20618566978273023,0.24635434483028743,833,0.0,0.4254748743805188,0.7728098821971066,214,354.5066995135635,0.6283996860444827,524.5,344.7359475678643,0.5393046648251764,740,coif,0.5507900112560971,0.8749445204262634,0.351963635992853,2,555.5,1.439290960590181e-14,0.0001547883299646835,7.577355461604097e-28,0.9892898282826132,0.8064218241563363,0.00126308867298539,0.7047368421052629,0.0030786489208064656,0.9999999997234338,0.9919828214562011,0.9855281704452468,0.9855281704452468,0.9855281704451341,,6.125805465799743e-13,0.9999999999667601,7.585973278963461e-14,,,,,1.0,,0.0,1.0,0.25,1.4238426238064856e-13,1.4238426238064856e-13,0.0,2.20957019982133,0.6304403968408472,830,1.6805889861830237,0.7769113372781129,923,65.76093065034893,0.9655341034327312,876.5,874.033086138049,0.7530762760350238,210,0.4784248188775415,0.776734912893196,0.43208215291776214,2,158.0,,,,,,,,,,,,,9.663943608584264e-20,0.03641360043841643,7.577355461604097e-28,0.9922312679462271,0.24929386991765906,0.0015567913678961372,0.5331464909059279,1.0,0.0030786489208064656,0.9999999999999541,0.0008499884728391218,0.0007982210227401261,0.0007982210227401261,0.0007982210227337869,,0.0,4.786380409530668e-19,0.020163910573049823,7.054128794466933e-19,,,,,0.4782608695652174,,0.0,1.0,0.7906976744186046,4.770970844811595e-19,4.770970844811595e-19,0.9302325581395349,0.5674759776446953,0.17675400427451057,887,1.7461782274727142,0.8476111591035334,988,71.4177848998413,0.9666272033178311,937.5,934.7797333333333,0.7642715455841492,178,986.6382352941176,846.0,585.0035688138154,340,0.4652856568234462,0.8173890317607586,0.42908333069536003,4,134.5
coif1,1.0,periodic,2.213604970800079e-27,326.0207912548281,5936386.761624856,0.638095238095238,302.95238292545025,206,raw,2.6257313475600782e-14,-2.1206314482214173e-10,6.370618044455037,63294.486805560606,0.7429649291370033,5.618943883690066e-06,1.0,327.00000000000006,,,,[],[],13,661.1538461538462,86.99999999999997,940.0000000000001,"[8, 32, 51, 63, 81, 100, 111, 133, 152, 162, 175, 192, 204]","[878.0, 638.0, 787.0000000000001, 792.0, 940.0000000000001, 788.0000000000001, 637.0, 675.0, 771.0, 196.0, 834.0000000000002, 572.0, 86.99999999999997]","[0, 13, 39, 39, 76, 99, 107, 107, 107, 161, 99, 187, 203]","[76, 39, 61, 76, 205, 164, 119, 142, 164, 164, 205, 205, 205]",37754613.0,941.0000000000001,-941.0000000000001,0.0,,,,DWT,mdp.39015067403892,0.0,,0.0,33.0,19.0,0.0,28.5,,1.1368683772161603e-13,256.3413461538462,4359.0,256.34134615384613,,0.0,256.3413461538462,,,83.99999999999997,0.0,19.5,1.1368683772161603e-13,1.1368683772161603e-13,,5.684341886080802e-14,1.4828726631989478e-14,7.696159778524671e-28,0.989167818949986,0.8045137035984425,0.000225555971836283,0.6071428571428568,0.00044973987876486285,0.999999999723433,0.47422802461156727,6.6959667625959335e-09,6.6959667625959335e-09,6.0819563246244724e-09,,2.859275438170267e-12,0.9999999933040264,1.3612963731558036e-13,,,,,,0.0,1.0,0.0,1.4238426238064856e-13,1.4238426238064856e-13,0.7422684098792048,0.2426715936826106,828,1.6389073598531574,0.7871727551048197,224,0,0.20618566978273023,0.24635434483028743,834,0.0,0.4251874594081668,0.7722878369617717,215,353.077305038618,0.629898003104174,525.25,347.155360432237,0.5396607415940158,739,coif,0.5507900112560971,0.8749445204262634,0.351963635992853,2,554.75,1.4828726631989465e-14,0.0001547883299646835,7.696159778524657e-28,0.989167818949986,0.8045137035984427,0.0012588023159491276,0.7047368421052629,0.002814376495936959,0.9999999997234329,0.9919828214562011,0.9855281704452468,0.9855281704452468,0.9855281704451341,,6.125805465799743e-13,0.9999999999667601,7.585973278963461e-14,,,,,1.0,,0.0,1.0,0.25,1.4238426238064856e-13,1.4238426238064856e-13,0.0,2.20957019982133,0.6304403968408472,829,1.6794538681560343,0.7763865890668803,928,70.0035713374682,0.9633104972025848,878.5,875.7108708025044,0.7514403639052756,211,0.4784248188775415,0.776734912893196,0.43208215291776214,2,158.75,,,,,,,,,,,,,9.956567635212288e-20,0.03641360043841643,7.696159778524657e-28,0.9921427672351038,0.24870400150897054,0.0015557890372673614,0.5331464909059279,1.0,0.002814376495936959,0.9999999999999541,0.0008499884728391218,0.0007982210227401261,0.0007982210227401261,0.0007982210227337869,,0.0,4.786380409530668e-19,0.020163910573049823,7.054128794466933e-19,,,,,0.4782608695652174,,0.0,1.0,0.7906976744186046,4.770970844811595e-19,4.770970844811595e-19,0.9302325581395349,0.5674759776446953,0.17675400427451057,886,1.7457239827064337,0.8473906644674153,989,72.8319984622144,0.9659663558587783,937.5,934.6709333333332,0.7639411218546228,179,986.6382352941176,846.0,585.0035688138154,340,0.4652856568234462,0.8173890317607586,0.42908333069536003,4,135.25
coif1,1.0,antisymmetric,2.2194869627924067e-27,326.0092664851991,5937489.272271683,0.638095238095238,304.96802339586947,206,raw,2.639528293885517e-14,-2.1199675348526915e-10,6.369471598789474,65676.85060789109,0.7539902141065523,5.618943883690066e-06,1.0,327.00000000000006,,,,[],[],13,661.1538461538462,86.99999999999997,940.0000000000001,"[8, 32, 51, 63, 81, 100, 111, 133, 152, 162, 175, 192, 204]","[878.0, 638.0, 787.0000000000001, 792.0, 940.0000000000001, 788.0000000000001, 637.0, 675.0, 771.0, 196.0, 834.0000000000002, 572.0, 86.99999999999997]","[0, 13, 39, 39, 76, 99, 107, 107, 107, 161, 99, 187, 203]","[76, 39, 61, 76, 205, 164, 119, 142, 164, 164, 205, 205, 205]",37754613.0,941.0000000000001,-941.0000000000001,0.0,,,,DWT,mdp.39015067403892,0.0,,0.0,33.0,19.0,0.0,28.5,,1.1368683772161603e-13,256.3413461538462,4359.0,256.34134615384613,,0.0,256.3413461538462,,,83.99999999999997,0.0,19.5,1.1368683772161603e-13,1.1368683772161603e-13,,5.684341886080802e-14,1.500305344242452e-14,7.737784648686619e-28,0.9891252899409747,0.8041176641320393,0.0002267967180758667,0.6071428571428568,0.0006426231921011136,0.999999999723434,0.47422802461156727,6.6959667625959335e-09,6.6959667625959335e-09,6.0819563246244724e-09,,2.859275438170267e-12,0.9999999933040264,1.3612963731558036e-13,,,,,,0.0,1.0,0.0,1.4238426238064856e-13,1.4238426238064856e-13,0.7422684098792048,0.2426715936826106,833,1.6387615964130036,0.7871027444308852,226,0,0.20618566978273023,0.24635434483028743,829,0.0,0.4251569038561871,0.7722323374858971,217,351.91795918935424,0.6311132503256245,526.25,349.65565250762177,0.5397442561900658,737,coif,0.5507900112560971,0.8749445204262634,0.351963635992853,2,553.25,1.500305344242452e-14,0.0001547883299646835,7.737784648686619e-28,0.9891252899409747,0.8041176641320394,0.001260041779902968,0.7047368421052629,0.003006803505109474,0.9999999997234339,0.9919828214562011,0.9855281704452468,0.9855281704452468,0.9855281704451341,,6.125805465799743e-13,0.9999999999667601,7.585973278963461e-14,,,,,1.0,,0.0,1.0,0.25,1.4238426238064856e-13,1.4238426238064856e-13,0.0,2.20957019982133,0.6304403968408472,827,1.6793079215530724,0.7763191201191421,930,72.8319984622144,0.9618280930491538,878.5,875.4809334092204,0.7506991618285601,212,0.4784248188775415,0.776734912893196,0.43208215291776214,2,159.5,,,,,,,,,,,,,1.0073617245863488e-19,0.03641360043841643,7.737784648686619e-28,0.9921119183855952,0.24858157152473362,0.001556078876091726,0.5331464909059279,1.0,0.003006803505109474,0.9999999999999541,0.0008499884728391218,0.0007982210227401261,0.0007982210227401261,0.0007982210227337869,,0.0,4.786380409530668e-19,0.020163910573049823,7.054128794466933e-19,,,,,0.4782608695652174,,0.0,1.0,0.7906976744186046,4.770970844811595e-19,4.770970844811595e-19,0.9302325581395349,0.5674759776446953,0.17675400427451057,885,1.7457213741276913,0.847389398239022,990,74.24621202458749,0.9653055083997255,937.5,934.5599999999998,0.7636106981250964,180,986.6382352941176,846.0,585.0035688138154,340,0.4652856568234462,0.8173890317607586,0.42908333069536003,4,136.0
coif1,1.0,constant,2.208703310806473e-27,326.0304186467854,5935790.537249494,0.638095238095238,302.95238292545025,206,raw,2.60503592807192e-14,-2.1206836287035747e-10,6.360766146154364,63965.02205215419,0.7480565623120456,5.618943883690066e-06,1.0,327.00000000000006,,,,[],[],13,661.1538461538462,87.0,940.0000000000001,"[8, 32, 51, 63, 81, 100, 111, 133, 152, 162, 175, 192, 204]","[878.0, 638.0, 787.0000000000001, 792.0, 940.0000000000001, 788.0000000000001, 637.0, 675.0, 771.0, 196.0, 834.0000000000002, 572.0, 87.0]","[0, 13, 39, 39, 76, 99, 107, 107, 107, 161, 99, 187, 203]","[76, 39, 61, 76, 205, 164, 119, 142, 164, 164, 205, 205, 205]",37754613.0,941.0000000000001,-941.0000000000001,0.0,,,,DWT,mdp.39015067403892,0.0,,0.0,33.0,19.0,0.0,28.5,,1.1368683772161603e-13,256.3413461538462,4359.0,256.34134615384613,,0.0,256.3413461538462,,,84.0,0.0,19.5,1.1368683772161603e-13,1.1368683772161603e-13,,5.684341886080802e-14,1.456723641633688e-14,7.661472386723048e-28,0.9892033462058432,0.8011103669526195,0.0002248849913302836,0.6071428571428568,0.000504028421910621,0.999999999723433,0.4742280246116003,6.6959667625959335e-09,6.6959667625959335e-09,6.0819563246244724e-09,,2.859275438170267e-12,0.9999999933040264,1.3612963731558036e-13,,,,,,0.0,1.0,0.0,1.4238426238064856e-13,1.4238426238064856e-13,0.7422684098792147,0.24267159368261382,818,1.637248387810765,0.7863759452147422,229,0,0.206185669782733,0.24635434483029073,824,0.0,0.42477318542975095,0.7715353717899492,221,344.1249772974929,0.6392819944470725,523.0,353.1140395402161,0.5455319825484839,716,coif,0.5507900112560971,0.8749445204262634,0.351963635992853,2,537.5,1.4567236416336855e-14,0.0001547883299646835,7.661472386723033e-28,0.989203346205843,0.8011103669526196,0.0012581320288876936,0.7047368421052629,0.0028685366086454124,0.9999999997234328,0.9919828214562016,0.9855281704452468,0.9855281704452468,0.9855281704451341,,6.125805465799743e-13,0.9999999999667601,7.585973278963461e-14,,,,,1.0,,0.0,1.0,0.25,1.4238426238064856e-13,1.4238426238064856e-13,0.0,2.20957019982133,0.6304403968408472,820,1.6777948450881899,0.7756196473334696,938,83.43860018001261,0.956269077473788,879.0,875.0398179749715,0.7477886267872085,218,0.4784248188775415,0.776734912893196,0.43208215291776214,2,164.0,,,,,,,,,,,,,9.780993219235474e-20,0.03641360043841643,7.661472386723033e-28,0.9921685372917045,0.24765190825249475,0.0015556322959492529,0.5331464909059279,1.0,0.0028685366086454124,0.9999999999999541,0.0008499884728391221,0.0007982210227401261,0.0007982210227401261,0.0007982210227337869,,0.0,4.786380409530668e-19,0.020163910573049823,7.054128794466933e-19,,,,,0.4782608695652174,,0.0,1.0,0.7906976744186046,4.770970844811595e-19,4.770970844811595e-19,0.9302325581395349,0.5674759776446953,0.17675400427451057,902,1.7452349837865808,0.8471532998417798,994,65.05382386916237,0.969601016883569,948.0,945.7679324894515,0.7633051813389808,181,986.6382352941176,846.0,585.0035688138154,340,0.4652856568234462,0.8173890317607586,0.42908333069536003,4,136.75
coif1,1.0,zero,2.2116443068026367e-27,326.0246396509625,5935833.407504425,0.638095238095238,302.95238292545025,206,raw,2.6119344012346394e-14,-2.1201917999036658e-10,6.360456975134853,64160.19410430839,0.748765800669647,5.618943883690066e-06,1.0,327.00000000000006,,,,[],[],13,661.1538461538462,87.0,940.0000000000001,"[8, 32, 51, 63, 81, 100, 111, 133, 152, 162, 175, 192, 204]","[878.0, 638.0, 787.0000000000001, 792.0, 940.0000000000001, 788.0000000000001, 637.0, 675.0, 771.0, 196.0, 834.0000000000002, 572.0, 87.0]","[0, 13, 39, 39, 76, 99, 107, 107, 107, 161, 99, 187, 203]","[76, 39, 61, 76, 205, 164, 119, 142, 164, 164, 205, 205, 205]",37754613.0,941.0000000000001,-941.0000000000001,0.0,,,,DWT,mdp.39015067403892,0.0,,0.0,33.0,19.0,0.0,28.5,,1.1368683772161603e-13,256.3413461538462,4359.0,256.34134615384613,,0.0,256.3413461538462,,,84.0,0.0,19.5,1.1368683772161603e-13,1.1368683772161603e-13,,5.684341886080802e-14,1.465439982155441e-14,7.682284821804022e-28,0.9891820204029561,0.8010035638748354,0.0002249332367669592,0.6071428571428568,0.0005198301361800002,0.9999999997234337,0.4742280246116003,6.6959667625959335e-09,6.6959667625959335e-09,6.0819563246244724e-09,,2.859275438170267e-12,0.9999999933040264,1.3612963731558036e-13,,,,,,0.0,1.0,0.0,1.4238426238064856e-13,1.4238426238064856e-13,0.7422684098792147,0.24267159368261382,820,1.6371885355985674,0.7863471979945338,230,0,0.206185669782733,0.24635434483029073,823,0.0,0.4247591505646304,0.7715098796090626,222,343.8297786211466,0.6395914270218589,523.75,354.39284413091053,0.5452936170748708,720,coif,0.5507900112560971,0.8749445204262634,0.351963635992853,2,540.5,1.4654399821554383e-14,0.0001547883299646835,7.682284821804022e-28,0.9891820204029561,0.8010035638748354,0.0012581802244637018,0.7047368421052629,0.002884300940790384,0.9999999997234336,0.9919828214562016,0.9855281704452468,0.9855281704452468,0.9855281704451341,,6.125805465799743e-13,0.9999999999667601,7.585973278963461e-14,,,,,1.0,,0.0,1.0,0.25,1.4238426238064856e-13,1.4238426238064856e-13,0.0,2.20957019982133,0.6304403968408472,823,1.6777349778982118,0.775591971620367,941,83.43860018001261,0.956269077473788,882.0,878.0532879818594,0.7470024632651959,221,0.4784248188775415,0.776734912893196,0.43208215291776214,2,166.25,,,,,,,,,,,,,9.839518024561078e-20,0.03641360043841643,7.682284821804022e-28,0.9921530684035453,0.24761889159572484,0.0015556435661028111,0.5331464909059279,1.0,0.0028843009407903838,0.9999999999999541,0.0008499884728391221,0.0007982210227401261,0.0007982210227401261,0.0007982210227337869,,0.0,4.786380409530668e-19,0.020163910573049823,7.054128794466933e-19,,,,,0.4782608695652174,,0.0,1.0,0.7906976744186046,4.770970844811595e-19,4.770970844811595e-19,0.9302325581395349,0.5674759776446953,0.17675400427451057,906,1.745215505493235,0.847143844896952,995,62.932503525602726,0.9705922880721483,950.5,948.4166228300894,0.7632167047837377,182,986.6382352941176,846.0,585.0035688138154,340,0.4652856568234462,0.8173890317607586,0.42908333069536003,4,137.5
rbio2.4,1.0,smooth,3.9782676686701324e-27,323.4748524656896,6166382.351212642,0.6355140186915887,348.57854083423575,206,raw,3.9834370968977945e-14,-2.1458290699883086e-10,6.532899846258627,89008.24325111849,0.7449671928018962,5.618943883690066e-06,1.0,327.0000000000001,,,,[],[],13,661.1538461538462,86.99999999999997,940.0000000000001,"[8, 32, 51, 63, 81, 100, 111, 133, 152, 162, 175, 192, 204]","[878.0000000000002, 638.0000000000001, 787.0000000000001, 792.0, 940.0000000000001, 788.0, 637.0, 675.0000000000001, 771.0, 196.0, 834.0000000000002, 572.0000000000001, 86.99999999999997]","[0, 13, 39, 39, 76, 99, 107, 107, 107, 161, 99, 187, 203]","[76, 39, 61, 76, 205, 164, 119, 142, 164, 164, 205, 205, 205]",37754613.0,941.0000000000001,-941.0000000000001,0.0,,,,DWT,mdp.39015067403892,0.0,,0.0,33.0,19.0,0.0,28.5,,1.1368683772161603e-13,256.3413461538462,4359.0,256.3413461538462,,0.0,256.3413461538462,,,83.99999999999997,0.0,19.5,1.1368683772161603e-13,1.1368683772161603e-13,,1.1368683772161603e-13,3.198357432136488e-14,2.018408151903278e-27,0.979772728445745,0.8605739253113074,0.00048438899419577663,0.587783711615487,0.0025316026642423937,0.999999999723395,0.47422802461156727,6.6959667625959335e-09,6.6959667625959335e-09,6.082000342865356e-09,,5.718550876340534e-12,0.9999999933040264,1.3612963731558036e-13,,,,,,0.0,1.0,0.0,1.4238426238064856e-13,1.4238426238064856e-13,0.7422684098806477,0.2426715936830823,771,1.6545189198214578,0.7946710402262144,199,0,0.2061856697829722,0.24635434483057653,767,0.0,0.42889329459430053,0.779018918457025,197,329.6720592750721,0.654431803694893,483.5,314.9094116129765,0.5738091932520586,618,rbio,0.5136782423812899,1.0,0.3404252303330971,4,464.5,3.1983574321364874e-14,0.0001547883299646835,2.0184081519032773e-27,0.979772728445745,0.8605739253113075,0.0015173678396986235,0.6901869158878502,0.004891314217442348,0.9999999997233949,0.9919828214562011,0.9855281704452468,0.9855281704452468,0.9855281704451347,,1.2251610931599486e-12,0.9999999999667601,7.585973278963461e-14,,,,,1.0,,0.0,1.0,0.25,1.4238426238064856e-13,1.4238426238064856e-13,0.0,2.2095701998216364,0.6304403968409347,779,1.696987012073424,0.7844919011922957,769,7.0710678118654755,0.9962939896164227,774.0,773.9677002583979,0.795316806128966,133,0.3888041033402703,1.0,0.4278371276618108,3,100.5,,,,,,,,,,,,,2.1474980883357514e-19,0.03641360043841643,2.0184081519032773e-27,0.9853279427230087,0.2660342239813881,0.0016162525361796169,0.5221392018835739,1.0,0.004891314217442348,0.9999999999999541,0.0008499884728391218,0.0007982210227401261,0.0007982210227401261,0.0007982210227337874,,0.0,9.572760819061336e-19,0.020163910573049823,7.054128794466933e-19,,,,,0.4782608695652174,,0.0,1.0,0.7906976744186046,4.770970844811595e-19,4.770970844811595e-19,0.9302325581395349,0.5674759776446953,0.17675400427451057,822,1.746758290464502,0.8478927270770007,985,115.25840533340725,0.9461409320871929,903.5,896.1483121195351,0.761972335202475,183,818.67,599.5,715.6978453131971,300,0.38607403914171184,1.0,0.42974817260080167,3,138.0
rbio2.4,1.0,periodization,3.608728723963553e-27,323.89825010434726,5848011.957610758,0.6359223300970874,341.24004523772555,206,raw,4.00038220021409e-14,-2.1456425525201718e-10,6.5002647311232336,64374.65266048387,0.6336912837036986,5.618943883690066e-06,1.0,327.0000000000001,,,,[],[],13,661.1538461538462,86.99999999999997,940.0000000000001,"[8, 32, 51, 63, 81, 100, 111, 133, 152, 162, 175, 192, 204]","[878.0000000000001, 638.0000000000001, 787.0000000000001, 792.0, 940.0000000000001, 788.0, 637.0, 675.0000000000001, 771.0, 196.0, 834.0000000000002, 572.0000000000001, 86.99999999999997]","[0, 13, 39, 39, 76, 99, 107, 107, 107, 161, 99, 187, 203]","[76, 39, 61, 76, 205, 164, 119, 142, 164, 164, 205, 205, 205]",37754613.0,941.0000000000001,-941.0000000000001,0.0,,,,DWT,mdp.39015067403892,0.0,,0.0,33.0,19.0,0.0,28.5,,1.1368683772161603e-13,256.3413461538462,4359.0,256.3413461538462,,0.0,256.3413461538462,,,83.99999999999997,0.0,19.5,1.1368683772161603e-13,1.1368683772161603e-13,,1.1368683772161603e-13,3.219767864154882e-14,1.7568979252103375e-27,0.9813351615849238,0.8493001301612553,0.00012610050982332096,0.5908460471567272,0.0005371933436162323,0.9999999997233954,0.47422802461156727,6.6959667625959335e-09,6.6959667625959335e-09,6.082000342865356e-09,,5.718550876340534e-12,0.9999999933040264,1.3612963731558036e-13,,,,,,0.0,1.0,0.0,1.4238426238064856e-13,1.4238426238064856e-13,0.7422684098806477,0.2426715936830823,772,1.6500675083759988,0.7925330122342349,207,0,0.2061856697829722,0.24635434483057653,771,0.0,0.4277680790599717,0.7769751369392629,205,326.49285341846814,0.6577643045928007,488.75,325.16834788923546,0.5727238713739684,625,rbio,0.5136782423812899,1.0,0.3404252303330971,4,469.75,3.219767864154882e-14,0.0001547883299646835,1.7568979252103382e-27,0.9813351615849238,0.8493001301612554,0.0011594496391125028,0.6924885028104244,0.002901623072076938,0.9999999997233953,0.9919828214562011,0.9855281704452468,0.9855281704452468,0.9855281704451347,,1.2251610931599486e-12,0.9999999999667601,7.585973278963461e-14,,,,,1.0,,0.0,1.0,0.25,1.4238426238064856e-13,1.4238426238064856e-13,0.0,2.2095701998216364,0.6304403968409347,783,1.692233373592496,0.782294364697937,827,31.11269837220809,0.9836935543122599,805.0,804.398757763975,0.7808928987494214,162,0.3888041033402703,1.0,0.4278371276618108,3,122.25,,,,,,,,,,,,,2.1618738617774428e-19,0.03641360043841643,1.7568979252103382e-27,0.9864612695015618,0.26254909010054883,0.001532556201037962,0.5238803950750917,1.0,0.002901623072076938,0.9999999999999541,0.0008499884728391218,0.0007982210227401261,0.0007982210227401261,0.0007982210227337874,,0.0,9.572760819061336e-19,0.020163910573049823,7.054128794466933e-19,,,,,0.4782608695652174,,0.0,1.0,0.7906976744186046,4.770970844811595e-19,4.770970844811595e-19,0.9302325581395349,0.5674759776446953,0.17675400427451057,861,1.7455544722421044,0.847308382510803,992,92.63098833543772,0.9567144914320385,926.5,921.8694009713978,0.7618852830991968,184,818.67,599.5,715.6978453131971,300,0.38607403914171184,1.0,0.42974817260080167,3,138.75
db36,1.0,smooth,2.1461030813486753e-26,316.15528668746595,753807372.5254716,0.5869565217391305,289.0126588336913,206,raw,1.0456576273678295e-13,-2.0203705375365882e-10,4.497178685893871,10816387.33923143,0.9990006741474462,5.618943883690064e-06,1.0,327.00000000000006,,,,[],[],13,661.1538461538462,86.99999999999997,940.0,"[8, 32, 51, 63, 81, 100, 111, 133, 152, 162, 175, 192, 204]","[877.9999999999999, 638.0000000000002, 786.9999999999995, 792.0000000000005, 940.0, 788.0000000000002, 637.0, 675.0000000000002, 770.9999999999999, 196.0000000000001, 834.0000000000005, 572.0000000000002, 86.99999999999997]","[0, 13, 39, 39, 76, 99, 107, 107, 107, 161, 99, 187, 203]","[76, 39, 61, 76, 205, 164, 119, 142, 164, 164, 205, 205, 205]",37754613.0,941.0,-941.0,0.0,,,,DWT,mdp.39015067403892,0.0,,0.0,33.0,19.0,0.0,28.5,,0.0,256.3413461538462,4359.0,256.34134615384625,,0.0,256.3413461538462,,,83.99999999999997,0.0,19.5,0.0,0.0,,5.684341886080802e-14,1.1377281083595291e-13,1.4390368993135187e-26,0.9527618736555462,0.15733438565089497,0.8418665105969501,0.22360248447205,0.8710523640284996,0.9999999997235841,0.47422802461156727,6.6959667625959335e-09,6.6959667625959335e-09,6.082044361106239e-09,,2.859275438170267e-12,0.9999999933040264,0.0,,,,,,0.0,1.0,0.0,0.0,0.0,0.7422684098791064,0.2426715936825784,854,1.909119511606938,0.9169565666668611,4,0,0.20618566978270253,0.2463543448302543,854,0.0,0.5058272022659548,0.9187575674460156,5,490.45922358540673,0.48589179917672254,429.25,8.842868237121408,0.5179721050390951,811,db,0.540986235965534,0.9305070477545101,0.3421575204977732,3,609.0,1.1377281083595291e-13,0.0001547883299646835,1.4390368993135185e-26,0.9527618736555462,0.15733438565089508,0.8420299383088541,0.4164759725400462,0.8713574155240382,0.999999999723584,0.9919828214562011,0.9855281704452468,0.9855281704452468,0.9855281704451354,,6.125805465799743e-13,0.9999999999667601,0.0,,,,,1.0,,0.0,1.0,0.25,0.0,0.0,0.0,2.2095701998212354,0.6304403968408202,849,1.9865190777872934,0.9183382766047309,13,591.1412690719537,0.6901775319329383,431.0,25.60788863109049,0.7321432733039954,255,0.49117026184683504,0.8233619396015222,0.4091722348267588,4,192.25,,,,,,,,,,,,,7.639136618060375e-19,0.036413600438416426,1.4390368993135185e-26,0.9657353443085713,0.048637693940218996,0.19816345710292124,0.3150717970739975,1.0,0.8713574155240382,0.9999999999999541,0.0008499884728391218,0.0007982210227401261,0.0007982210227401261,0.0007982210227337879,,0.0,4.786380409530668e-19,0.020163910573049823,0.0,,,,,0.4782608695652174,,0.0,1.0,0.7906976744186046,0.0,0.0,0.9302325581395349,0.5674759776446953,0.17675400427451057,848,1.9883375472774338,0.9651575461321213,12,591.1412690719537,0.7237657621159095,430.0,23.665116279069768,0.7614155913383286,185,1009.0473684210526,935.5,610.6543869996938,760,0.4758535102197843,0.8532293215616218,0.41093374637766444,5,140.0
db23,1.0,periodic,1.4262329448021254e-26,317.9298878278327,6611632.2287997715,0.644,332.4934768606477,206,raw,8.505817409633042e-14,-2.1545476514006928e-10,6.690545314585409,62465.22766933095,0.7427390868065922,5.618943883690066e-06,0.9999999999999998,327.0000000000001,,,,[],[],13,661.1538461538462,86.99999999999986,939.9999999999998,"[8, 32, 51, 63, 81, 100, 111, 133, 152, 162, 175, 192, 204]","[878.0, 637.9999999999997, 787.0000000000005, 792.0000000000001, 939.9999999999998, 788.0, 637.0000000000003, 675.0000000000001, 771.0000000000001, 195.99999999999994, 834.0000000000002, 572.0, 86.99999999999986]","[0, 13, 42, 42, 76, 99, 107, 107, 107, 161, 99, 187, 203]","[76, 42, 61, 76, 205, 164, 119, 142, 164, 164, 205, 205, 205]",37754613.0,940.9999999999999,-940.9999999999999,0.0,,,,DWT,mdp.39015067403892,0.0,,0.0,33.0,19.0,0.0,28.5,,1.1368683772161603e-13,256.3413461538462,4359.0,256.3413461538462,,0.0,256.3413461538462,,,83.99999999999986,0.0,24.0,2.2737367544323206e-13,1.1368683772161603e-13,,1.1368683772161603e-13,8.912463415428283e-14,9.296091237180608e-27,0.959310553613526,0.915032526387995,0.000985465435390244,0.6514285714285716,0.0003826005738216518,0.9999999997233819,0.4742280246114352,6.6959667625959335e-09,6.6959667625959335e-09,6.082000342865356e-09,,5.718550876340534e-12,0.9999999933040264,2.7225927463116073e-13,,,,,,0.0,1.0,0.5,1.4238426238064856e-13,1.4238426238064856e-13,0.7922684098806761,0.2590182137502249,384,1.6943197967701453,0.8137875362105227,123,0,0.24785233644963922,0.2961384272003421,394,0.0,0.4408924646453469,0.800813571330743,126,152.76861588690264,0.8398651825084877,256.75,188.60071826048053,0.7853676017364242,165,db,0.540986235965534,0.9305070477545101,0.3421575204977732,3,124.5,8.912463415428282e-14,0.0001547883299646835,9.296091237180608e-27,0.959310553613526,0.9150325263879951,0.0020179264286874486,0.7380210526315791,0.002747396022485524,0.9999999997233818,0.9919828214561991,0.9855281704452468,0.9855281704452468,0.9855281704451347,,1.2251610931599486e-12,0.9999999999667601,1.5171946557926922e-13,,,,,1.0,,0.0,1.0,0.5,1.4238426238064856e-13,1.4238426238064856e-13,0.0,2.2345701998216736,0.6375734627748973,352,1.7304653744264518,0.799968451068209,442,63.63961030678928,0.9666459065478044,397.0,391.8992443324937,0.8792873138609043,70,0.49117026184683504,0.8233619396015222,0.4091722348267588,4,53.5,,,,,,,,,,,,,5.984164857462308e-19,0.03641360043841643,9.296091237180608e-27,0.9704854959627104,0.28286932814900234,0.001733304195898056,0.5583266134487892,0.9999999999999998,0.002747396022485524,0.9999999999999541,0.0008499884728391203,0.0007982210227401261,0.0007982210227401261,0.0007982210227337874,,0.0,9.572760819061336e-19,0.020163910573049823,1.4108257588933865e-18,,,,,0.4782608695652174,,0.0,1.0,0.8604651162790697,4.770970844811595e-19,4.770970844811595e-19,0.9302325581395349,0.5744527218307418,0.17892707859001003,441,1.7599462976700928,0.8542943084837138,929,345.0681092190352,0.8387532199911051,685.0,598.0861313868613,0.75932988102359,186,1009.0473684210526,935.5,610.6543869996938,760,0.4758535102197843,0.8532293215616218,0.41093374637766444,5,140.75
sym8,1.0,periodization,9.227521993382562e-22,267.59654785255526,4964707.681842487,0.529126213592233,95.99720892737247,206,smoothed,2.4316705438234977e-11,5.991429571200325e-13,6.190994074517684,31688.23739843171,0.9842363768082506,0.00014966566451321336,0.9999999999999999,362.39999999999554,,,,[],[],11,426.5999999999421,32.19999999999675,728.39999999992,"[9, 31, 53, 64, 80, 102, 131, 148, 158, 175, 192]","[310.9999999999403, 417.79999999996926, 589.5999999999572, 432.1999999998553, 728.39999999992, 370.9999999999227, 586.9999999999825, 32.19999999999675, 448.1999999999531, 367.999999999929, 407.19999999993706]","[1, 1, 1, 60, 1, 94, 120, 144, 144, 165, 186]","[20, 40, 75, 75, 203, 120, 203, 149, 203, 186, 203]",30736475.83999852,728.3999999999355,-728.3999999999355,0.0,,,,DWT,mdp.39015067403892,1.475214958190918e-06,,0.0,33.0,11.0,0.0,33.0,,6.446043698815629e-11,168.39999999994217,987.8000000006359,168.3999999999494,,0.0,168.39999999994217,,,27.99999999999676,0.0,33.0,7.992184691829607e-11,6.446043698815629e-11,,4.433786671143025e-12,5.3371558828558023e-11,2.7005214784843907e-21,0.7814842005615221,0.08172501449507666,0.06352915050135055,0.11027684467067218,0.026847626162983154,,0.9999996618847132,4.345709915235743e-09,4.345709915235743e-09,3.6260284173816124e-09,,4.7781282633238e-11,0.9999999956542955,5.332939215111313e-11,,,,,,3.146891502144802e-11,1.0,1.0,9.909467844159187e-11,9.909467844159187e-11,0.9999999001937238,0.375921867666781,292,0.5963673911846006,0.30275655944348007,925,0,0.3333333058489355,0.47426771766587744,292,0.0,0.15198040520642522,0.26813456787613754,925,365.4627203970331,0.6169153874244937,608.5,443.8783894823337,0.48953735828247746,930,sym,1.0,1.0,0.0,7,699.25,3.0706231343891724e-11,0.9999999999705875,6.529997604033266e-22,0.773569134194535,0.7424626327592092,0.00016642175930171171,0.09049565661727149,0.00026149349854380456,0.9999999997266381,2.0315811865956324e-05,4.680533738365966e-11,4.680533738365966e-11,3.9054037781482975e-11,,4.7781282633238e-11,0.003126132840536533,5.332939215111313e-11,,,,,0.0,,1.4601593385597185e-11,1.0,1.0,8.073187676982773e-11,8.073187676982773e-11,1.0,0.40156916129377634,0.11457677218201348,998,1.571758867713346,0.726600789266938,1401,284.9640328181787,0.8506477815418351,1199.5,1165.6506877865777,0.6109895092195549,825,0.7763846615972358,0.5622554397616224,0.28785410495344815,6,620.25,,,,,,,,,,,,,2.0617324520528699e-16,0.9999999999716542,6.529997604033266e-22,0.835756067076795,0.22952179299392866,0.0013003444998795771,0.06846164253822229,0.9999999999999999,0.00026149349854380456,0.9999999999999547,9.960751159766087e-05,3.7909671062041905e-14,3.7909671062041905e-14,3.1631381541830095e-14,,0.0,3.7333767194339215e-17,0.004567040150621409,4.959052542510254e-16,,,,,0.13043478260869565,,4.619910933868119e-19,1.0,1.0,2.705140469008174e-16,2.705140469008174e-16,1.0,0.45448731537230086,0.14156097535167167,1025,1.7443539633991658,0.8467256443481871,998,19.091883092036785,0.9910785593027865,1011.5,1011.3198220464656,0.7592075039504587,187,1409.1368421052632,1454.5,398.32527672708756,380,0.6645304607900322,0.5565550872278735,0.3678621512786154,7,142.0
sym8,1.0,periodic,9.215054505895264e-22,267.6024196588551,5100974.533020722,0.5272727272727272,92.03441692147942,206,smoothed,2.4296715664207207e-11,-3.1715963192560775e-12,6.268889798166558,32828.83664220778,0.9809991160499655,0.00014966566451321347,0.9999999999999997,362.3999999999955,,,,[],[],11,426.59999999994216,32.19999999999675,728.39999999992,"[9, 31, 53, 64, 80, 102, 131, 148, 158, 175, 192]","[310.9999999999403, 417.79999999996954, 589.599999999957, 432.19999999985555, 728.39999999992, 370.9999999999228, 586.9999999999827, 32.19999999999675, 448.19999999995343, 367.99999999992883, 407.1999999999375]","[1, 1, 1, 60, 1, 94, 120, 144, 144, 165, 186]","[20, 40, 75, 75, 203, 120, 203, 149, 203, 186, 203]",30736475.83999853,728.3999999999355,-728.3999999999355,0.0,,,,DWT,mdp.39015067403892,1.4677643775939941e-06,,0.0,33.0,11.0,0.0,33.0,,6.446043698815629e-11,168.39999999994222,987.800000000635,168.3999999999495,,0.0,168.39999999994222,,,27.99999999999676,0.0,33.0,7.992184691829607e-11,6.446043698815629e-11,,4.490630090003833e-12,5.332764409503407e-11,2.6968727440290007e-21,0.7815065099780656,0.19408212267956385,0.12200873372236132,0.09754527794674564,0.03630642574878099,,0.9999996618847132,4.345769060658202e-09,4.345769060658202e-09,3.6261467082266178e-09,,4.839386317981797e-11,0.9999999956542095,5.332939215111313e-11,,,,,,3.130998110719828e-11,1.0,1.0,9.909467844159187e-11,9.909467844159187e-11,0.9999999001939787,0.3759218676668768,291,0.6804900156820108,0.34546291250816014,836,0,0.33333330584898585,0.4742677176659491,291,0.0,0.17592129573269216,0.3103727783027479,838,315.23430439383765,0.6695657186647404,564.0,431.856223951024,0.5391853750556406,774,sym,1.0,1.0,0.0,7,582.25,3.0680973917607813e-11,0.9999999999705882,6.521174784339165e-22,0.7735908024890934,0.7693716976679483,0.0003196156088348416,0.08004784688995215,0.0003536213679017756,0.9999999997265813,2.0315811865956324e-05,4.680600351747444e-11,4.680600351747444e-11,3.9055370049112526e-11,,4.839386317981797e-11,0.003126132840536311,5.332939215111313e-11,,,,,0.0,,1.4527847964457804e-11,1.0,1.0,8.073187676982773e-11,8.073187676982773e-11,1.0,0.40156916129404646,0.11457677218209056,997,1.5811607253260025,0.7309471284556396,1373,265.87214972614186,0.8606540095774937,1185.0,1155.1738396624473,0.6197924135937782,786,0.7763846615972358,0.5622554397616224,0.28785410495344815,6,591.0,,,,,,,,,,,,,2.0600365729708139e-16,0.9999999999716549,6.521174784339165e-22,0.8357717843947734,0.23784034877456256,0.0013361676677183974,0.06055768071733436,0.9999999999999997,0.0003536213679017756,0.9999999999999547,9.960751159766087e-05,3.791021316312815e-14,3.791021316312815e-14,3.163246574400258e-14,,0.0,3.781240523529228e-17,0.004567040150621406,4.959052542510254e-16,,,,,0.13043478260869565,,4.596578050363734e-19,1.0,1.0,2.705140469008174e-16,2.705140469008174e-16,1.0,0.45448731537230086,0.14156097535167167,1026,1.7454158496835772,0.8472410938310665,993,23.33452377915607,0.989096016925628,1009.5,1009.2303120356612,0.7586835224815056,188,1409.1368421052632,1454.5,398.32527672708756,380,0.6645304607900322,0.5565550872278735,0.3678621512786154,7,142.75
db4,1.0,antireflect,3.0045529109402438e-27,324.69399390401725,5986839.734297304,0.6367924528301887,302.65442972461625,206,raw,3.140961061900687e-14,-2.1182611220638413e-10,6.343662224070929,68902.96991638612,0.7831050828779468,5.618943883690066e-06,1.0,327.00000000000006,,,,[],[],13,661.1538461538462,87.00000000000006,940.0,"[8, 32, 51, 63, 81, 100, 111, 133, 152, 162, 175, 192, 204]","[878.0000000000001, 638.0000000000001, 787.0, 791.9999999999999, 940.0, 788.0, 637.0000000000001, 675.0, 771.0, 195.99999999999994, 834.0, 572.0, 87.00000000000006]","[0, 13, 39, 39, 76, 99, 107, 107, 107, 161, 99, 187, 203]","[76, 39, 61, 76, 205, 164, 119, 142, 164, 164, 205, 205, 205]",37754613.0,941.0,-941.0,0.0,,,,DWT,mdp.39015067403892,0.0,,0.0,33.0,19.0,0.0,28.5,,0.0,256.3413461538462,4359.0,256.34134615384613,,0.0,256.3413461538462,,,84.00000000000006,0.0,19.5,0.0,0.0,,5.684341886080802e-14,2.1338743459173876e-14,1.3293431137639563e-27,0.9842716363532814,0.795201819885109,0.00028233486671524924,0.5973719676549867,0.0009038194799358529,0.9999999997234366,0.47422802461166635,6.6959667625959335e-09,6.6959667625959335e-09,6.0819563246244724e-09,,2.859275438170267e-12,0.9999999933040264,0.0,,,,,,0.0,1.0,0.0,0.0,0.0,0.7422684098791097,0.24267159368257948,852,1.6276153739312311,0.781749176026156,251,0,0.20618566978270347,0.24635434483025545,850,0.0,0.42225394724543575,0.766959561838112,242,349.0285327400421,0.6341419992242745,548.75,382.17261595231645,0.5294661778092022,764,db,0.540986235965534,0.9305070477545101,0.3421575204977732,3,573.75,2.1338743459173863e-14,0.0001547883299646835,1.3293431137639563e-27,0.9842716363532814,0.7952018198851091,0.0013155225310069532,0.6973932472691163,0.0032673818807379693,0.9999999997234365,0.9919828214562026,0.9855281704452468,0.9855281704452468,0.9855281704451341,,6.125805465799743e-13,0.9999999999667601,0.0,,,,,1.0,,0.0,1.0,0.25,0.0,0.0,0.0,2.2095701998212354,0.6304403968408202,857,1.669132341068339,0.7716151003338342,987,91.92388155425118,0.9518218650134952,922.0,917.4175704989153,0.7342966767415484,249,0.49117026184683504,0.8233619396015222,0.4091722348267588,4,187.75,,,,,,,,,,,,,1.4327639032968265e-19,0.03641360043841643,1.3293431137639563e-27,0.9885912713596086,0.2458253647241232,0.001569052610120076,0.5275909252201174,1.0,0.0032673818807379693,0.9999999999999541,0.0008499884728391229,0.0007982210227401261,0.0007982210227401261,0.0007982210227337869,,0.0,4.786380409530668e-19,0.020163910573049823,0.0,,,,,0.4782608695652174,,0.0,1.0,0.7906976744186046,0.0,0.0,0.9302325581395349,0.5674759776446953,0.17675400427451057,941,1.7401193744547354,0.8446701354734083,1019,55.154328932550705,0.974226949096939,980.0,978.4479591836734,0.758141511931647,189,1009.0473684210526,935.5,610.6543869996938,760,0.4758535102197843,0.8532293215616218,0.41093374637766444,5,143.0
db29,1.0,smooth,1.5923061636339374e-26,317.45152670643256,412931737.38637024,0.5648854961832062,272.0794989957158,206,raw,8.813230619946729e-14,-2.0648704968096178e-10,4.2657337087235865,6202662.370059018,0.9981482699862014,5.6189438836900665e-06,1.0,327.0,,,,[],[],13,661.153846153846,86.99999999999997,939.9999999999998,"[8, 32, 51, 63, 81, 100, 111, 133, 152, 162, 175, 192, 204]","[877.9999999999999, 638.0000000000002, 786.9999999999998, 791.9999999999998, 939.9999999999998, 788.0, 637.0000000000001, 674.9999999999995, 771.0, 195.9999999999999, 834.0000000000002, 571.9999999999999, 86.99999999999997]","[0, 13, 39, 39, 76, 99, 107, 107, 107, 161, 99, 187, 203]","[76, 39, 61, 76, 205, 164, 119, 142, 164, 164, 205, 205, 205]",37754613.0,940.9999999999998,-940.9999999999998,0.0,,,,DWT,mdp.39015067403892,0.0,,0.0,33.0,19.0,0.0,28.5,,2.2737367544323206e-13,256.34134615384596,4359.000000000002,256.3413461538461,,0.0,256.34134615384596,,,83.99999999999997,0.0,19.5,2.2737367544323206e-13,2.2737367544323206e-13,,0.0,9.30088533992891e-14,1.0471335300802033e-26,0.9575452927799043,0.07738175639552947,0.45825102018734176,0.05806979280261748,0.49751136327721407,0.999999999723517,0.47422802461156727,6.695790689632508e-09,6.695790689632508e-09,6.081912306383589e-09,,0.0,0.9999999933041348,2.7225927463116073e-13,,,,,,0.0,1.0,0.0,2.847685247612971e-13,2.847685247612971e-13,0.7422684098778357,0.24267159368216298,894,1.4645760262807455,0.7034408252161234,683,0,0.20618566978250308,0.246354344830016,895,0.0,0.38109490314577715,0.6922004680883,677,123.8665276281961,0.8701608725071319,787.25,772.6302851024618,0.522475614450631,788,db,0.540986235965534,0.9305070477545101,0.3421575204977732,3,591.75,9.30088533992891e-14,0.0001547883299646835,1.0471335300802031e-26,0.9575452927799043,0.07738175639552958,0.4588109066258899,0.2920650863800728,0.4987001009300495,0.9999999997235169,0.9919828214562011,0.9855281704452442,0.9855281704452442,0.9855281704451335,,0.0,0.9999999999667607,1.5171946557926922e-13,,,,,1.0,,0.0,1.0,0.25,2.847685247612971e-13,2.847685247612971e-13,0.0,2.209570199821117,0.6304403968407863,894,1.5589760184911252,0.7206914678533688,1442,387.49451609022805,0.7969106309799643,1168.0,1103.722602739726,0.5923756509197515,906,0.49117026184683504,0.8233619396015222,0.4091722348267588,4,680.5,,,,,,,,,,,,,6.244966021194528e-19,0.03641360043841644,1.0471335300802031e-26,0.969205046051794,0.02392147252841126,0.10855072308751218,0.22095265440431508,1.0,0.49870010093004946,0.9999999999999541,0.0008499884728391218,0.000798221022740124,0.000798221022740124,0.0007982210227337863,,0.0,0.0,0.02016391057304983,1.4108257588933865e-18,,,,,0.4782608695652174,,0.0,1.0,0.7906976744186046,9.54194168962319e-19,9.54194168962319e-19,0.9302325581395349,0.5674759776446953,0.17675400427451057,748,1.7465443077042906,0.8477888578541702,986,168.2914139223983,0.921359152372711,867.0,850.6666666666666,0.7581094827284116,190,1009.0473684210526,935.5,610.6543869996938,760,0.4758535102197843,0.8532293215616218,0.41093374637766444,5,143.75
rbio2.8,1.0,constant,4.934602834581871e-27,322.53927042977665,5839701.236274428,0.6351351351351351,306.89366807037607,206,raw,4.6378219495676325e-14,-2.1619328549604967e-10,6.486024318550824,66536.15548460942,0.6808804830997394,5.618943883690064e-06,0.9999999999999999,327.0000000000001,,,,[],[],13,661.1538461538462,86.99999999999997,940.0000000000001,"[8, 32, 51, 63, 81, 100, 111, 133, 152, 162, 175, 192, 204]","[878.0000000000001, 638.0000000000001, 787.0000000000001, 792.0, 940.0000000000001, 788.0, 637.0000000000001, 675.0000000000001, 771.0000000000002, 196.0, 834.0000000000003, 572.0000000000001, 86.99999999999997]","[0, 13, 39, 39, 76, 99, 107, 107, 107, 161, 99, 187, 203]","[76, 39, 61, 76, 205, 164, 119, 142, 164, 164, 205, 205, 205]",37754613.0,941.0000000000001,-941.0000000000001,0.0,,,,DWT,mdp.39015067403892,0.0,,0.0,33.0,19.0,0.0,28.5,,1.1368683772161603e-13,256.3413461538462,4359.0,256.3413461538462,,0.0,256.3413461538462,,,83.99999999999997,0.0,19.5,1.1368683772161603e-13,1.1368683772161603e-13,,1.1368683772161603e-13,4.025184046317167e-14,2.6951742400637175e-27,0.9763202189278245,0.8443807819828432,0.00011674776908022577,0.5849420849420846,0.0007121950902408079,0.9999999997233708,0.47422802461156727,6.6959667625959335e-09,6.6959667625959335e-09,6.082000342865356e-09,,5.718550876340534e-12,0.9999999933040264,1.3612963731558036e-13,,,,,,0.0,1.0,0.0,1.4238426238064856e-13,1.4238426238064856e-13,0.7422684098806477,0.2426715936830823,775,1.642302608134947,0.7888035043525872,216,0,0.2061856697829722,0.24635434483057653,772,0.0,0.4258090035544355,0.773416776618097,211,323.3249139797303,0.6610849958283749,493.5,334.59852030509387,0.571894699172049,629,rbio,0.5136782423812899,1.0,0.3404252303330971,4,472.75,4.0251840463171655e-14,0.0001547883299646835,2.6951742400637175e-27,0.9763202189278245,0.8443807819828433,0.0011501065642347814,0.6880512091038404,0.0030762108169702877,0.9999999997233707,0.9919828214562011,0.9855281704452468,0.9855281704452468,0.9855281704451347,,1.2251610931599486e-12,0.9999999999667601,7.585973278963461e-14,,,,,1.0,,0.0,1.0,0.25,1.4238426238064856e-13,1.4238426238064856e-13,0.0,2.2095701998216364,0.6304403968409347,777,1.6850549799869077,0.77897589990882,891,80.61017305526642,0.9577514816272189,834.0,830.1043165467627,0.7603222816941126,194,0.3888041033402703,1.0,0.4278371276618108,3,146.25,,,,,,,,,,,,,2.702660733854089e-19,0.036413600438416426,2.6951742400637175e-27,0.9828236298076253,0.26102834337949904,0.0015303713970102853,0.5205235000932469,0.9999999999999999,0.0030762108169702877,0.9999999999999541,0.0008499884728391218,0.0007982210227401261,0.0007982210227401261,0.0007982210227337874,,0.0,9.572760819061336e-19,0.020163910573049823,7.054128794466933e-19,,,,,0.4782608695652174,,0.0,1.0,0.7906976744186046,4.770970844811595e-19,4.770970844811595e-19,0.9302325581395349,0.5674759776446953,0.17675400427451057,853,1.7413374997684232,0.84526142483484,1008,109.60155108391487,0.9487843219234042,930.5,924.0451370231059,0.7569856189056273,191,818.67,599.5,715.6978453131971,300,0.38607403914171184,1.0,0.42974817260080167,3,144.0
db23,1.0,antisymmetric,1.476640390761374e-26,317.7790450328488,6789082.042270656,0.644,317.40597608001934,206,raw,8.731742405712104e-14,-2.1631896274243748e-10,6.6556464466468785,131487.6486854357,0.8994546908000878,5.618943883690064e-06,0.9999999999999998,327.00000000000017,,,,[],[],13,661.1538461538462,87.0,939.9999999999998,"[8, 32, 51, 63, 81, 100, 111, 133, 152, 162, 175, 192, 204]","[878.0000000000002, 637.9999999999995, 787.0000000000005, 792.0000000000001, 939.9999999999998, 788.0, 637.0000000000003, 675.0000000000001, 771.0000000000001, 196.0, 834.0000000000002, 572.0000000000002, 87.0]","[0, 13, 42, 42, 76, 99, 107, 107, 107, 161, 99, 187, 203]","[76, 42, 61, 76, 205, 164, 119, 142, 164, 164, 205, 205, 205]",37754613.0,940.9999999999999,-940.9999999999999,0.0,,,,DWT,mdp.39015067403892,0.0,,0.0,33.0,19.0,0.0,28.5,,1.1368683772161603e-13,256.3413461538462,4359.0,256.3413461538462,,0.0,256.3413461538462,,,84.0,0.0,24.0,2.2737367544323206e-13,1.1368683772161603e-13,,1.7053025658242404e-13,9.197923567515699e-14,9.65280770262059e-27,0.9587539095508987,0.902976718204833,0.001185164358400533,0.6514285714285716,0.0059708626381850425,0.9999999997233688,0.4742280246116003,6.6959667625959335e-09,6.6959667625959335e-09,6.082000342865356e-09,,8.5778263145108e-12,0.9999999933040264,2.7225927463116073e-13,,,,,,0.0,1.0,0.5,1.4238426238064856e-13,1.4238426238064856e-13,0.7922684098821554,0.25901821375070855,276,1.6902930605282338,0.8118534811569716,131,0,0.24785233644989124,0.29613842720064326,277,0.0,0.4400394032380437,0.7992641160623332,131,84.00545617200508,0.9119439662767242,203.75,177.77404624867427,0.8491847713983203,47,db,0.540986235965534,0.9305070477545101,0.3421575204977732,3,36.0,9.197923567515698e-14,0.0001547883299646835,9.65280770262059e-27,0.9587539095508987,0.9029767182048332,0.0022174189669643047,0.7380210526315791,0.00832243793211438,0.9999999997233687,0.9919828214562016,0.9855281704452468,0.9855281704452468,0.9855281704451347,,1.837741639739923e-12,0.9999999999667601,1.5171946557926922e-13,,,,,1.0,,0.0,1.0,0.5,1.4238426238064856e-13,1.4238426238064856e-13,0.0,2.2345701998219805,0.6375734627749848,276,1.7264332469302799,0.7981044583901172,486,148.49242404917499,0.9221737819448769,381.0,352.06299212598424,0.8612441236768409,96,0.49117026184683504,0.8233619396015222,0.4091722348267588,4,73.0,,,,,,,,,,,,,6.175833594903657e-19,0.036413600438416426,9.65280770262059e-27,0.9700817285268573,0.2791424460298215,0.00177995394523893,0.5583266134487892,0.9999999999999998,0.008322437932114379,0.9999999999999541,0.0008499884728391221,0.0007982210227401261,0.0007982210227401261,0.0007982210227337874,,0.0,1.4359141228592004e-18,0.020163910573049823,1.4108257588933865e-18,,,,,0.4782608695652174,,0.0,1.0,0.8604651162790697,4.770970844811595e-19,4.770970844811595e-19,0.9302325581395349,0.5744527218307418,0.17892707859001003,386,1.7600939377875127,0.8543659743704415,928,383.2518754031088,0.8209103385966782,657.0,545.2176560121766,0.7569504964011429,192,1009.0473684210526,935.5,610.6543869996938,760,0.4758535102197843,0.8532293215616218,0.41093374637766444,5,145.25
rbio2.8,1.0,zero,4.921858518598495e-27,322.550501213307,5840004.446856042,0.6351351351351351,306.89366807037607,206,raw,4.617126530079474e-14,-2.161411050138923e-10,6.484604008226006,67124.45491841504,0.6836459153786767,5.618943883690064e-06,0.9999999999999999,327.0000000000001,,,,[],[],13,661.1538461538462,86.99999999999997,940.0000000000001,"[8, 32, 51, 63, 81, 100, 111, 133, 152, 162, 175, 192, 204]","[878.0000000000001, 638.0000000000001, 787.0000000000001, 792.0, 940.0000000000001, 788.0, 637.0000000000001, 675.0000000000001, 771.0000000000002, 196.0, 834.0000000000003, 572.0000000000001, 86.99999999999997]","[0, 13, 39, 39, 76, 99, 107, 107, 107, 161, 99, 187, 203]","[76, 39, 61, 76, 205, 164, 119, 142, 164, 164, 205, 205, 205]",37754613.0,941.0000000000001,-941.0000000000001,0.0,,,,DWT,mdp.39015067403892,0.0,,0.0,33.0,19.0,0.0,28.5,,1.1368683772161603e-13,256.3413461538462,4359.0,256.3413461538462,,0.0,256.3413461538462,,,83.99999999999997,0.0,19.5,1.1368683772161603e-13,1.1368683772161603e-13,,1.1368683772161603e-13,3.9990350247519064e-14,2.6861555181952954e-27,0.9763616630615762,0.8438901360149929,0.00011708899697677523,0.5849420849420846,0.0007598255755240654,0.9999999997233716,0.47422802461156727,6.6959667625959335e-09,6.6959667625959335e-09,6.082000342865356e-09,,5.718550876340534e-12,0.9999999933040264,1.3612963731558036e-13,,,,,,0.0,1.0,0.0,1.4238426238064856e-13,1.4238426238064856e-13,0.7422684098806477,0.2426715936830823,766,1.6421013744393347,0.7887068511271058,217,0,0.2061856697829722,0.24635434483057653,775,0.0,0.42575884978932077,0.7733256799925525,212,321.0342660838559,0.6634860942517233,492.5,335.5400214469472,0.5736193573983983,620,rbio,0.5136782423812899,1.0,0.3404252303330971,4,466.0,3.999035024751906e-14,0.0001547883299646835,2.6861555181952947e-27,0.9763616630615762,0.843890136014993,0.0011504474394793116,0.6880512091038404,0.0031237286227875014,0.9999999997233715,0.9919828214562011,0.9855281704452468,0.9855281704452468,0.9855281704451347,,1.2251610931599486e-12,0.9999999999667601,7.585973278963461e-14,,,,,1.0,,0.0,1.0,0.25,1.4238426238064856e-13,1.4238426238064856e-13,0.0,2.2095701998216364,0.6304403968409347,771,1.684853701043183,0.7788828516414442,896,88.38834764831844,0.9536748702052839,833.5,828.8134373125374,0.7584150032368138,199,0.3888041033402703,1.0,0.4278371276618108,3,150.0,,,,,,,,,,,,,2.6851032922564074e-19,0.036413600438416426,2.6861555181952947e-27,0.9828536917318236,0.26087666713708973,0.001530451107985198,0.5205235000932469,0.9999999999999999,0.0031237286227875014,0.9999999999999541,0.0008499884728391218,0.0007982210227401261,0.0007982210227401261,0.0007982210227337874,,0.0,9.572760819061336e-19,0.020163910573049823,7.054128794466933e-19,,,,,0.4782608695652174,,0.0,1.0,0.7906976744186046,4.770970844811595e-19,4.770970844811595e-19,0.9302325581395349,0.5674759776446953,0.17675400427451057,851,1.741298745779552,0.8452426132880516,1010,112.42997820866105,0.9474626270052986,930.5,923.7076840408382,0.7563247714465745,193,818.67,599.5,715.6978453131971,300,0.38607403914171184,1.0,0.42974817260080167,3,145.5
db34,1.0,antireflect,1.7842348730476485e-26,316.95727223409455,7299755.514447477,0.6360294117647058,303.5549886642866,206,raw,9.183592397870226e-14,-2.053524017497947e-10,6.801311489645899,152878.64981762512,0.9169310478373455,5.618943883690064e-06,0.9999999999999999,327.0000000000001,,,,[],[],13,661.1538461538462,86.99999999999991,940.0000000000001,"[8, 32, 51, 63, 81, 100, 111, 133, 152, 162, 175, 192, 204]","[877.9999999999999, 638.0000000000003, 786.9999999999997, 792.0000000000002, 940.0000000000001, 788.0000000000002, 637.0, 674.9999999999999, 770.9999999999999, 196.00000000000023, 834.0000000000003, 571.9999999999999, 86.99999999999991]","[0, 13, 42, 42, 76, 99, 107, 107, 107, 161, 99, 187, 203]","[76, 42, 61, 76, 205, 164, 119, 142, 164, 164, 205, 205, 205]",37754613.0,941.0000000000001,-941.0000000000001,0.0,,,,DWT,mdp.39015067403892,0.0,,0.0,33.0,19.0,0.0,28.5,,1.1368683772161603e-13,256.3413461538462,4359.0,256.34134615384613,,0.0,256.3413461538462,,,83.99999999999991,0.0,24.0,1.1368683772161603e-13,1.1368683772161603e-13,,1.1368683772161603e-13,9.768843871690531e-14,1.182954993627207e-26,0.9557213818832434,0.9532966833246587,0.0017598673710941411,0.5916491596638652,0.007702742198275769,0.9999999997235341,0.47422802461150126,6.6959667625959335e-09,6.6959667625959335e-09,6.0819563246244724e-09,,5.718550876340534e-12,0.9999999933040264,1.3612963731558036e-13,,,,,,0.0,1.0,0.5,1.4238426238064856e-13,1.4238426238064856e-13,0.7922684098806148,0.25901821375020484,423,1.6907018651121217,0.8120498313830317,129,0,0.24785233644962973,0.2961384272003308,422,0.0,0.4387662292705961,0.7969515907334705,137,167.17530718779412,0.824763828943612,277.75,202.17395124839305,0.7668106356458102,212,db,0.540986235965534,0.9305070477545101,0.3421575204977732,3,159.75,9.76884387169053e-14,0.0001547883299646835,1.182954993627207e-26,0.9557213818832433,0.9532966833246588,0.0027915280359035355,0.6930921052631578,0.010050220383747723,0.999999999723534,0.9919828214562001,0.9855281704452468,0.9855281704452468,0.9855281704451341,,1.2251610931599486e-12,0.9999999999667601,7.585973278963461e-14,,,,,1.0,,0.0,1.0,0.5,1.4238426238064856e-13,1.4238426238064856e-13,0.0,2.234570199821636,0.6375734627748866,422,1.7327803014574217,0.8010386074658281,416,4.242640687119285,0.9977763937698536,419.0,418.97852028639613,0.8890873583105033,51,0.49117026184683504,0.8233619396015222,0.4091722348267588,4,39.25,,,,,,,,,,,,,6.559171069786357e-19,0.036413600438416426,1.182954993627207e-26,0.9678820537207641,0.2946981495872826,0.0019142048018958818,0.5243370315248274,0.9999999999999999,0.010050220383747723,0.9999999999999541,0.000849988472839121,0.0007982210227401261,0.0007982210227401261,0.0007982210227337869,,0.0,9.572760819061336e-19,0.020163910573049823,7.054128794466933e-19,,,,,0.4782608695652174,,0.0,1.0,0.8604651162790697,4.770970844811595e-19,4.770970844811595e-19,0.9302325581395349,0.5744527218307418,0.17892707859001003,490,1.7537143903219843,0.8512692826715427,949,324.5620125646253,0.8483355081473714,719.5,646.2960389159138,0.7560602774381717,194,1009.0473684210526,935.5,610.6543869996938,760,0.4758535102197843,0.8532293215616218,0.41093374637766444,5,146.75
db4,1.0,symmetric,3.130337931104295e-27,324.5158802314453,5987496.991549666,0.6367924528301887,302.65442972461625,206,raw,3.198304620065792e-14,-2.1201984612418122e-10,6.340517536573078,62626.38364241321,0.7628579786216966,5.618943883690066e-06,1.0,327.00000000000006,,,,[],[],13,661.1538461538462,87.00000000000001,940.0,"[8, 32, 51, 63, 81, 100, 111, 133, 152, 162, 175, 192, 204]","[878.0000000000001, 638.0000000000001, 787.0, 791.9999999999999, 940.0, 788.0, 637.0000000000001, 675.0, 771.0, 195.99999999999994, 834.0, 572.0, 87.00000000000001]","[0, 13, 39, 39, 76, 99, 107, 107, 107, 161, 99, 187, 203]","[76, 39, 61, 76, 205, 164, 119, 142, 164, 164, 205, 205, 205]",37754613.0,941.0,-941.0,0.0,,,,DWT,mdp.39015067403892,0.0,,0.0,33.0,19.0,0.0,28.5,,0.0,256.3413461538462,4359.0,256.34134615384613,,0.0,256.3413461538462,,,84.00000000000001,0.0,19.5,0.0,0.0,,5.684341886080802e-14,2.2063289265044608e-14,1.4183569230223975e-27,0.9836143565785298,0.7941154881067585,0.00028307453255580454,0.5973719676549867,0.0003956482443838166,0.9999999997234337,0.4742280246116168,6.6959667625959335e-09,6.6959667625959335e-09,6.0819563246244724e-09,,2.859275438170267e-12,0.9999999933040264,0.0,,,,,,0.0,1.0,0.0,0.0,0.0,0.7422684098790948,0.24267159368257463,860,1.6264749415159034,0.7812014224749945,256,0,0.20618566978269934,0.2463543448302505,858,0.0,0.4219725668550838,0.766448477495853,248,350.4677826372442,0.6326333515332869,555.5,389.6053325448722,0.5251741181146519,776,db,0.540986235965534,0.9305070477545101,0.3421575204977732,3,582.75,2.2063289265044602e-14,0.0001547883299646835,1.4183569230223968e-27,0.9836143565785298,0.7941154881067586,0.0013162614324180612,0.6973932472691163,0.0027604128261660412,0.9999999997234336,0.9919828214562019,0.9855281704452468,0.9855281704452468,0.9855281704451341,,6.125805465799743e-13,0.9999999999667601,0.0,,,,,1.0,,0.0,1.0,0.25,0.0,0.0,0.0,2.209570199821235,0.6304403968408201,868,1.6679923891431887,0.7710881174832488,994,89.09545442950498,0.9533042691669261,931.0,926.7368421052632,0.7326793882522262,253,0.49117026184683504,0.8233619396015222,0.4091722348267588,4,190.75,,,,,,,,,,,,,1.481412647723735e-19,0.03641360043841643,1.4183569230223968e-27,0.9881145067857858,0.24548954066166945,0.0015692253963601706,0.5275909252201174,1.0,0.002760412826166041,0.9999999999999541,0.0008499884728391223,0.0007982210227401261,0.0007982210227401261,0.0007982210227337869,,0.0,4.786380409530668e-19,0.020163910573049823,0.0,,,,,0.4782608695652174,,0.0,1.0,0.7906976744186046,0.0,0.0,0.9302325581395349,0.5674759776446953,0.17675400427451057,945,1.7394627024505063,0.8443513807724858,1032,61.518289963229634,0.9712531355312011,988.5,986.5857359635811,0.7546686238403669,195,1009.0473684210526,935.5,610.6543869996938,760,0.4758535102197843,0.8532293215616218,0.41093374637766444,5,147.5
db6,1.0,periodic,5.45731293636587e-27,322.10200388794254,6127557.825956468,0.6435185185185185,316.2586352811196,206,raw,4.4844387103402916e-14,-2.038447188823538e-10,6.42129995387536,62456.56616787156,0.7540659805438967,5.618943883690066e-06,1.0,327.0,,,,[],[],13,661.1538461538462,87.00000000000006,940.0,"[8, 32, 51, 63, 81, 100, 111, 133, 152, 162, 175, 192, 204]","[878.0, 637.9999999999998, 787.0, 792.0000000000002, 940.0, 788.0, 637.0, 675.0000000000002, 771.0, 195.99999999999994, 834.0, 572.0, 87.00000000000006]","[0, 13, 42, 42, 76, 99, 107, 107, 107, 161, 99, 187, 203]","[76, 42, 61, 76, 205, 164, 119, 142, 164, 164, 205, 205, 205]",37754613.0,941.0,-941.0,0.0,,,,DWT,mdp.39015067403892,0.0,,0.0,33.0,19.0,0.0,28.5,,0.0,256.3413461538462,4359.0,256.34134615384613,,0.0,256.3413461538462,,,84.00000000000006,0.0,24.0,0.0,0.0,,0.0,3.8313816625288095e-14,3.0650785198975e-27,0.9747066063961587,0.8220217608627648,0.00044069655108528566,0.6478174603174601,0.0003818993127051428,0.9999999997235569,0.47422802461166635,6.6959667625959335e-09,6.6959667625959335e-09,6.0819563246244724e-09,,0.0,0.9999999933040264,0.0,,,,,,0.0,1.0,0.5,0.0,0.0,0.7922684098776801,0.2590182137492454,548,1.6553349362861207,0.7950629756976355,198,0,0.24785233644913185,0.2961384271997359,547,0.0,0.43067105289547114,0.7822479438731624,192,203.53111965168046,0.7866550108472952,371.25,287.52550194799346,0.6987520337255344,346,db,0.540986235965534,0.9305070477545101,0.3421575204977732,3,260.25,3.831381662528809e-14,0.0001547883299646835,3.0650785198975e-27,0.9747066063961587,0.8220217608627649,0.0014737205518302765,0.7353070175438595,0.002746696420342836,0.9999999997235568,0.9919828214562026,0.9855281704452468,0.9855281704452468,0.9855281704451341,,0.0,0.9999999999667601,0.0,,,,,1.0,,0.0,1.0,0.5,0.0,0.0,0.0,2.234570199820929,0.6375734627746849,558,1.6918396265190974,0.7821123412717106,836,196.5756851698602,0.8969729113365512,697.0,669.2797704447634,0.7658344640540198,185,0.49117026184683504,0.8233619396015222,0.4091722348267588,4,139.75,,,,,,,,,,,,,2.5725344870129424e-19,0.03641360043841643,3.0650785198975e-27,0.9816531795358737,0.25411636910545654,0.0016060459637631508,0.55627339557119,1.0,0.002746696420342836,0.9999999999999541,0.0008499884728391229,0.0007982210227401261,0.0007982210227401261,0.0007982210227337869,,0.0,0.0,0.020163910573049823,0.0,,,,,0.4782608695652174,,0.0,1.0,0.8604651162790697,0.0,0.0,0.9302325581395349,0.5744527218307418,0.17892707859001003,555,1.751385232184254,0.8501386876396058,966,290.62088706767105,0.8641958471646397,760.5,704.9704142011833,0.7544110076944694,196,1009.0473684210526,935.5,610.6543869996938,760,0.4758535102197843,0.8532293215616218,0.41093374637766444,5,148.25
coif1,1.0,smooth,2.211889389802317e-27,326.024158414911,5969610.863033013,0.6333333333333333,306.7384443472579,206,raw,2.6153836378159993e-14,-2.1199708655217654e-10,6.383623434156835,69478.52866033802,0.7683789436955821,5.618943883690066e-06,1.0,327.00000000000006,,,,[],[],13,661.1538461538462,87.0,940.0000000000001,"[8, 32, 51, 63, 81, 100, 111, 133, 152, 162, 175, 192, 204]","[878.0, 638.0, 787.0000000000001, 792.0, 940.0000000000001, 788.0000000000001, 637.0, 675.0, 771.0, 196.0, 834.0000000000002, 572.0, 87.0]","[0, 13, 39, 39, 76, 99, 107, 107, 107, 161, 99, 187, 203]","[76, 39, 61, 76, 205, 164, 119, 142, 164, 164, 205, 205, 205]",37754613.0,941.0000000000001,-941.0000000000001,0.0,,,,DWT,mdp.39015067403892,0.0,,0.0,33.0,19.0,0.0,28.5,,1.1368683772161603e-13,256.3413461538462,4359.0,256.34134615384613,,0.0,256.3413461538462,,,84.0,0.0,19.5,1.1368683772161603e-13,1.1368683772161603e-13,,5.684341886080802e-14,1.469798152416318e-14,7.684019191394103e-28,0.9891802445329796,0.8090064133295521,0.00026294579569362004,0.5714285714285712,0.0009504184407849454,0.999999999723434,0.4742280246116003,6.6959667625959335e-09,6.6959667625959335e-09,6.0819563246244724e-09,,2.859275438170267e-12,0.9999999933040264,1.3612963731558036e-13,,,,,,0.0,1.0,0.0,1.4238426238064856e-13,1.4238426238064856e-13,0.7422684098792147,0.24267159368261382,819,1.627094422119531,0.7814989611067906,253,0,0.206185669782733,0.24635434483029073,820,0.0,0.4213535741563788,0.7653241721528794,261,324.77620499866265,0.6595637264164962,538.25,391.21716637564856,0.5476801860594012,711,coif,0.5507900112560971,0.8749445204262634,0.351963635992853,2,533.75,1.4697981524163166e-14,0.0001547883299646835,7.6840191913940885e-28,0.9891802445329796,0.8090064133295523,0.00129615349819181,0.6778947368421051,0.0033138706023989567,0.9999999997234339,0.9919828214562016,0.9855281704452468,0.9855281704452468,0.9855281704451341,,6.125805465799743e-13,0.9999999999667601,7.585973278963461e-14,,,,,1.0,,0.0,1.0,0.25,1.4238426238064856e-13,1.4238426238064856e-13,0.0,2.20957019982133,0.6304403968408472,825,1.6711893094998287,0.7725660063007221,977,107.48023074035522,0.9436686421696251,901.0,894.589345172031,0.7357232099737014,247,0.4784248188775415,0.776734912893196,0.43208215291776214,2,185.75,,,,,,,,,,,,,9.868780427223871e-20,0.03641360043841643,7.6840191913940885e-28,0.9921517802581847,0.25009285900480627,0.0015645233152722276,0.5128399404681369,1.0,0.0033138706023989567,0.9999999999999541,0.0008499884728391221,0.0007982210227401261,0.0007982210227401261,0.0007982210227337869,,0.0,4.786380409530668e-19,0.020163910573049823,7.054128794466933e-19,,,,,0.4782608695652174,,0.0,1.0,0.7906976744186046,4.770970844811595e-19,4.770970844811595e-19,0.9302325581395349,0.5674759776446953,0.17675400427451057,940,1.738505363874671,0.8438866797201238,1037,68.58935777509511,0.9679488982359369,988.5,986.1203844208396,0.7530165051927349,197,986.6382352941176,846.0,585.0035688138154,340,0.4652856568234462,0.8173890317607586,0.42908333069536003,4,148.75
rbio3.1,1.0,zero,1.2052500287184999e-26,318.6610209635117,6417947.610389061,0.6394230769230769,446.07569661644305,206,raw,7.659892138054575e-14,-1.9225043779158847e-10,6.679479471460079,88240.89513221153,0.558656635304528,5.618943883690067e-06,1.0,327.0,,,,[],[],13,661.153846153846,87.00000000000003,939.9999999999995,"[8, 32, 51, 63, 81, 100, 111, 133, 152, 162, 175, 192, 204]","[877.9999999999998, 638.0, 786.9999999999998, 792.0, 939.9999999999995, 787.9999999999999, 636.9999999999998, 675.0, 770.9999999999999, 196.0, 833.9999999999998, 571.9999999999999, 87.00000000000003]","[0, 13, 42, 42, 76, 99, 107, 107, 107, 161, 99, 187, 203]","[76, 39, 61, 76, 205, 164, 119, 142, 164, 164, 205, 205, 205]",37754612.99999999,940.9999999999995,-940.9999999999995,0.0,,,,DWT,mdp.39015067403892,7.450580596923828e-09,,0.0,33.0,19.0,0.0,28.5,,4.547473508864641e-13,256.34134615384596,4359.000000000002,256.34134615384596,,0.0,256.34134615384596,,,84.00000000000003,0.0,24.0,4.547473508864641e-13,4.547473508864641e-13,,0.0,7.843622158948305e-14,7.732269796758909e-27,0.9620086004046187,0.9112098327023741,0.0007674961462502249,0.6171016483516479,0.002469475860807785,0.9999999997237317,0.4742280246116333,6.695790689632508e-09,6.695790689632508e-09,6.081824269901822e-09,,0.0,0.9999999933041348,5.445185492623215e-13,,,,,,7.374542113937972e-14,1.0,0.5,5.695370495225942e-13,5.695370495225942e-13,0.792268409878116,0.2590182137493879,482,1.681022274241582,0.8074006911079321,157,0,0.24785233644924426,0.2961384271998702,481,0.0,0.4366946316486886,0.7931888512380372,163,185.63472196763192,0.8054143375601343,320.75,240.1236115181225,0.7345992023230441,272,rbio,0.5136782423812899,1.0,0.3404252303330971,4,205.0,7.843622158948305e-14,0.0001547883299646835,7.732269796758909e-27,0.9620086004046187,0.9112098327023742,0.00180018240632883,0.7122216599190281,0.004829334387421854,0.9999999997237315,0.9919828214562021,0.9855281704452442,0.9855281704452442,0.9855281704451322,,0.0,0.9999999999667607,3.0343893115853844e-13,,,,,1.0,,7.374542113937972e-14,1.0,0.5,5.695370495225942e-13,5.695370495225942e-13,0.0,2.234570199821343,0.6375734627748031,469,1.7205770019082083,0.7953972032617473,538,48.79036790187178,0.9744285283533167,503.5,501.1360476663357,0.8552698197322139,103,0.3888041033402703,1.0,0.4278371276618108,3,78.0,,,,,,,,,,,,,5.266504432157103e-19,0.036413600438416446,7.732269796758909e-27,0.9724425516609411,0.2816875966111745,0.0016823864816254233,0.5388088943933889,1.0,0.004829334387421854,0.9999999999999541,0.0008499884728391225,0.000798221022740124,0.000798221022740124,0.0007982210227337853,,0.0,0.0,0.02016391057304983,2.821651517786773e-18,,,,,0.4782608695652174,,2.3332883504384434e-21,1.0,0.8604651162790697,1.908388337924638e-18,1.908388337924638e-18,0.9302325581395349,0.5744527218307418,0.17892707859001003,439,1.7535298941867954,0.8511797265308594,952,362.74577874869885,0.8304926267529444,695.5,600.9029475197699,0.7527463133764722,198,818.67,599.5,715.6978453131971,300,0.38607403914171184,1.0,0.42974817260080167,3,149.25
rbio3.1,1.0,constant,1.2052745370184679e-26,318.660932652282,6417816.547056622,0.6394230769230769,446.07569661644305,206,raw,7.663341374635936e-14,-1.922559889067116e-10,6.6789945611890085,88138.6397928994,0.5589631164121049,5.618943883690067e-06,1.0,327.0,,,,[],[],13,661.153846153846,87.00000000000003,939.9999999999995,"[8, 32, 51, 63, 81, 100, 111, 133, 152, 162, 175, 192, 204]","[877.9999999999998, 638.0, 786.9999999999998, 792.0, 939.9999999999995, 787.9999999999999, 636.9999999999998, 675.0, 770.9999999999999, 196.0, 833.9999999999998, 571.9999999999999, 87.00000000000003]","[0, 13, 42, 42, 76, 99, 107, 107, 107, 161, 99, 187, 203]","[76, 39, 61, 76, 205, 164, 119, 142, 164, 164, 205, 205, 205]",37754612.99999999,940.9999999999995,-940.9999999999995,0.0,,,,DWT,mdp.39015067403892,7.450580596923828e-09,,0.0,33.0,19.0,0.0,28.5,,4.547473508864641e-13,256.34134615384596,4359.000000000002,256.34134615384596,,0.0,256.34134615384596,,,84.00000000000003,0.0,24.0,4.547473508864641e-13,4.547473508864641e-13,,0.0,7.847980329209183e-14,7.732443233717917e-27,0.9620082745161883,0.9110423205290749,0.0007673486498633742,0.6171016483516479,0.0024611969620797433,0.9999999997237315,0.4742280246116333,6.695790689632508e-09,6.695790689632508e-09,6.081824269901822e-09,,0.0,0.9999999933041348,5.445185492623215e-13,,,,,,7.374542113937972e-14,1.0,0.5,5.695370495225942e-13,5.695370495225942e-13,0.792268409878116,0.2590182137493879,484,1.680934937314189,0.8073587428859385,158,0,0.24785233644924426,0.2961384271998702,482,0.0,0.436672598591583,0.7931488315675667,165,185.64190439301862,0.8054068088123495,322.25,241.97659329660235,0.7338092744271392,276,rbio,0.5136782423812899,1.0,0.3404252303330971,4,208.0,7.847980329209182e-14,0.0001547883299646835,7.732443233717917e-27,0.9620082745161883,0.911042320529075,0.0018000350623764642,0.7122216599190281,0.004821075074089228,0.9999999997237314,0.9919828214562021,0.9855281704452442,0.9855281704452442,0.9855281704451322,,0.0,0.9999999999667607,3.0343893115853844e-13,,,,,1.0,,7.374542113937972e-14,1.0,0.5,5.695370495225942e-13,5.695370495225942e-13,0.0,2.234570199821343,0.6375734627748031,468,1.720489672891191,0.7953568323537193,540,50.91168824543142,0.9733167252382435,504.0,501.4285714285714,0.8545828909210086,104,0.3888041033402703,1.0,0.4278371276618108,3,78.75,,,,,,,,,,,,,5.269430672423384e-19,0.036413600438416446,7.732443233717917e-27,0.9724423152744515,0.2816358125985285,0.0016823520264096837,0.5388088943933889,1.0,0.004821075074089228,0.9999999999999541,0.0008499884728391225,0.000798221022740124,0.000798221022740124,0.0007982210227337853,,0.0,0.0,0.02016391057304983,2.821651517786773e-18,,,,,0.4782608695652174,,2.3332883504384434e-21,1.0,0.8604651162790697,1.908388337924638e-18,1.908388337924638e-18,0.9302325581395349,0.5744527218307418,0.17892707859001003,438,1.7535005393956378,0.8511654774420969,953,364.15999231107196,0.8298317792938916,695.5,600.1639108554997,0.7524158896469458,199,818.67,599.5,715.6978453131971,300,0.38607403914171184,1.0,0.42974817260080167,3,150.0
rbio3.1,1.0,periodic,1.2056499160972752e-26,318.6595802659502,6417965.800823492,0.6394230769230769,446.07569661644305,206,raw,7.67562927995703e-14,-1.9222745617497873e-10,6.679056697879233,87813.35772668962,0.56059655518847,5.618943883690067e-06,1.0,327.0,,,,[],[],13,661.153846153846,87.0,939.9999999999995,"[8, 32, 51, 63, 81, 100, 111, 133, 152, 162, 175, 192, 204]","[877.9999999999998, 638.0, 786.9999999999998, 792.0, 939.9999999999995, 787.9999999999999, 636.9999999999998, 675.0, 770.9999999999999, 196.0, 833.9999999999998, 571.9999999999999, 87.0]","[0, 13, 42, 42, 76, 99, 107, 107, 107, 161, 99, 187, 203]","[76, 39, 61, 76, 205, 164, 119, 142, 164, 164, 205, 205, 205]",37754612.99999999,940.9999999999995,-940.9999999999995,0.0,,,,DWT,mdp.39015067403892,7.450580596923828e-09,,0.0,33.0,19.0,0.0,28.5,,4.547473508864641e-13,256.34134615384596,4359.000000000002,256.34134615384596,,0.0,256.34134615384596,,,84.0,0.0,24.0,4.547473508864641e-13,4.547473508864641e-13,,0.0,7.863506310763556e-14,7.735099664640851e-27,0.9620032839044587,0.9110637856384818,0.0007675166174476517,0.6171016483516479,0.0024348611511351556,0.999999999723732,0.4742280246116003,6.695790689632508e-09,6.695790689632508e-09,6.081824269901822e-09,,0.0,0.9999999933041348,5.445185492623215e-13,,,,,,7.374542113937972e-14,1.0,0.5,5.695370495225942e-13,5.695370495225942e-13,0.7922684098781061,0.25901821374938466,488,1.6809322251612693,0.8073574402297063,159,0,0.24785233644924148,0.2961384271998669,486,0.0,0.43667138692337276,0.7931466307580166,166,187.37373526368808,0.8035914724699287,324.75,243.60242098259633,0.731591333719241,282,rbio,0.5136782423812899,1.0,0.3404252303330971,4,212.5,7.863506310763554e-14,0.0001547883299646835,7.735099664640851e-27,0.9620032839044587,0.9110637856384819,0.0018002028563696947,0.7122216599190281,0.004794801565787526,0.9999999997237319,0.9919828214562016,0.9855281704452442,0.9855281704452442,0.9855281704451322,,0.0,0.9999999999667607,3.0343893115853844e-13,,,,,1.0,,7.374542113937972e-14,1.0,0.5,5.695370495225942e-13,5.695370495225942e-13,0.0,2.2345701998213428,0.6375734627748029,470,1.720486985572533,0.7953555900462014,541,50.204581464244875,0.9736873262766013,505.5,503.0069238377843,0.8543751096791812,105,0.3888041033402703,1.0,0.4278371276618108,3,79.5,,,,,,,,,,,,,5.279855403372007e-19,0.036413600438416446,7.735099664640851e-27,0.9724386952834434,0.28164244823267426,0.0016823912637054378,0.5388088943933889,1.0,0.004794801565787526,0.9999999999999541,0.0008499884728391221,0.000798221022740124,0.000798221022740124,0.0007982210227337853,,0.0,0.0,0.02016391057304983,2.821651517786773e-18,,,,,0.4782608695652174,,2.3332883504384434e-21,1.0,0.8604651162790697,1.908388337924638e-18,1.908388337924638e-18,0.9302325581395349,0.5744527218307418,0.17892707859001003,437,1.753491195433433,0.8511609417959008,954,365.57420587344507,0.8291709318348388,695.5,599.4219985621854,0.7520854659174194,200,818.67,599.5,715.6978453131971,300,0.38607403914171184,1.0,0.42974817260080167,3,150.75
rbio3.1,1.0,reflect,1.2073087259158146e-26,318.6536090731443,6422666.247492594,0.6394230769230769,446.07569661644305,206,raw,7.708181450193611e-14,-1.9223067582175015e-10,6.691193681327835,87504.57950605583,0.5659547949201925,5.618943883690067e-06,1.0,327.0,,,,[],[],13,661.153846153846,87.0,939.9999999999995,"[8, 32, 51, 63, 81, 100, 111, 133, 152, 162, 175, 192, 204]","[877.9999999999998, 638.0, 786.9999999999998, 792.0, 939.9999999999995, 787.9999999999999, 636.9999999999998, 675.0, 770.9999999999999, 196.0, 833.9999999999998, 571.9999999999999, 87.0]","[0, 13, 42, 42, 76, 99, 107, 107, 107, 161, 99, 187, 203]","[76, 39, 61, 76, 205, 164, 119, 142, 164, 164, 205, 205, 205]",37754612.99999999,940.9999999999995,-940.9999999999995,0.0,,,,DWT,mdp.39015067403892,7.450580596923828e-09,,0.0,33.0,19.0,0.0,28.5,,4.547473508864641e-13,256.34134615384596,4359.000000000002,256.34134615384596,,0.0,256.34134615384596,,,84.0,0.0,24.0,4.547473508864641e-13,4.547473508864641e-13,,0.0,7.904636542600577e-14,7.746838501315593e-27,0.9619812488511932,0.9152565045724108,0.0007728064180911499,0.6171016483516479,0.002409861540990116,0.999999999723732,0.4742280246116003,6.695790689632508e-09,6.695790689632508e-09,6.081824269901822e-09,,0.0,0.9999999933041348,5.445185492623215e-13,,,,,,7.374542113937972e-14,1.0,0.5,5.695370495225942e-13,5.695370495225942e-13,0.7922684098781061,0.25901821374938466,486,1.6830080086525385,0.8083544460702133,150,0,0.24785233644924148,0.2961384271998669,487,0.0,0.4371902586822681,0.7940890817627936,154,193.13100044615658,0.7975566033059156,319.25,231.59976866092617,0.7314564987179473,283,rbio,0.5136782423812899,1.0,0.3404252303330971,4,213.25,7.904636542600577e-14,0.0001547883299646835,7.746838501315592e-27,0.9619812488511932,0.9152565045724109,0.001805487190112925,0.7122216599190281,0.004769861097234382,0.9999999997237319,0.9919828214562016,0.9855281704452442,0.9855281704452442,0.9855281704451322,,0.0,0.9999999999667607,3.0343893115853844e-13,,,,,1.0,,7.374542113937972e-14,1.0,0.5,5.695370495225942e-13,5.695370495225942e-13,0.0,2.2345701998213428,0.6375734627748029,472,1.7225627899869886,0.796315203608364,519,33.23401871576773,0.9825817511971867,495.5,494.3854692230071,0.8614428672128491,94,0.3888041033402703,1.0,0.4278371276618108,3,71.25,,,,,,,,,,,,,5.307471795885025e-19,0.036413600438416446,7.746838501315592e-27,0.9724227119333042,0.2829385678281598,0.0016836269632793893,0.5388088943933889,1.0,0.004769861097234382,0.9999999999999541,0.0008499884728391221,0.000798221022740124,0.000798221022740124,0.0007982210227337853,,0.0,0.0,0.02016391057304983,2.821651517786773e-18,,,,,0.4782608695652174,,2.3332883504384434e-21,1.0,0.8604651162790697,1.908388337924638e-18,1.908388337924638e-18,0.9302325581395349,0.5744527218307418,0.17892707859001003,388,1.754120306883458,0.851466318347373,946,394.5655839020935,0.8156235589242553,667.0,550.2968515742128,0.7519706579668005,201,818.67,599.5,715.6978453131971,300,0.38607403914171184,1.0,0.42974817260080167,3,151.5
rbio3.1,1.0,antisymmetric,1.2065244603168374e-26,318.6564311590772,6420697.251997795,0.6394230769230769,446.07569661644305,206,raw,7.680587557542735e-14,-1.9222590186274426e-10,6.683603816220665,88871.62954621625,0.557342803882379,5.618943883690067e-06,1.0,327.0,,,,[],[],13,661.153846153846,87.00000000000003,939.9999999999995,"[8, 32, 51, 63, 81, 100, 111, 133, 152, 162, 175, 192, 204]","[877.9999999999998, 638.0, 786.9999999999998, 792.0, 939.9999999999995, 787.9999999999999, 636.9999999999998, 675.0, 770.9999999999999, 196.0, 833.9999999999998, 571.9999999999999, 87.00000000000003]","[0, 13, 42, 42, 76, 99, 107, 107, 107, 161, 99, 187, 203]","[76, 39, 61, 76, 205, 164, 119, 142, 164, 164, 205, 205, 205]",37754612.99999999,940.9999999999995,-940.9999999999995,0.0,,,,DWT,mdp.39015067403892,7.450580596923828e-09,,0.0,33.0,19.0,0.0,28.5,,4.547473508864641e-13,256.34134615384596,4359.000000000002,256.34134615384596,,0.0,256.34134615384596,,,84.00000000000003,0.0,24.0,4.547473508864641e-13,4.547473508864641e-13,,0.0,7.869771180513567e-14,7.741288518627332e-27,0.9619916629871745,0.9126345869208329,0.0007705905449266062,0.6171016483516479,0.002520542009264801,0.999999999723732,0.4742280246116333,6.695790689632508e-09,6.695790689632508e-09,6.081824269901822e-09,,0.0,0.9999999933041348,5.445185492623215e-13,,,,,,7.374542113937972e-14,1.0,0.5,5.695370495225942e-13,5.695370495225942e-13,0.792268409878116,0.2590182137493879,480,1.681746462559066,0.8077485212092869,155,0,0.24785233644924426,0.2961384271998702,485,0.0,0.4368773788172072,0.7935207834537298,160,187.6610419524166,0.8032903124188505,320.0,237.43378845204802,0.7339302715134084,275,rbio,0.5136782423812899,1.0,0.3404252303330971,4,207.25,7.869771180513566e-14,0.0001547883299646835,7.741288518627332e-27,0.9619916629871745,0.912634586920833,0.0018032736070077641,0.7122216599190281,0.004880279728662508,0.9999999997237319,0.9919828214562021,0.9855281704452442,0.9855281704452442,0.9855281704451322,,0.0,0.9999999999667607,3.0343893115853844e-13,,,,,1.0,,7.374542113937972e-14,1.0,0.5,5.695370495225942e-13,5.695370495225942e-13,0.0,2.234570199821343,0.6375734627748031,467,1.721301140303807,0.7957319616910388,529,43.840620433565945,0.9770227356218207,498.0,496.07028112449797,0.8580082231568222,100,0.3888041033402703,1.0,0.4278371276618108,3,75.75,,,,,,,,,,,,,5.284061873754785e-19,0.036413600438416446,7.741288518627332e-27,0.9724302659328241,0.28212803917133544,0.001683109334410195,0.5388088943933889,1.0,0.004880279728662508,0.9999999999999541,0.0008499884728391225,0.000798221022740124,0.000798221022740124,0.0007982210227337853,,0.0,0.0,0.02016391057304983,2.821651517786773e-18,,,,,0.4782608695652174,,2.3332883504384434e-21,1.0,0.8604651162790697,1.908388337924638e-18,1.908388337924638e-18,0.9302325581395349,0.5744527218307418,0.17892707859001003,397,1.7537634835928946,0.8512931130020357,948,389.6158364337877,0.8179365250309403,672.5,559.6371747211896,0.7518420942911711,202,818.67,599.5,715.6978453131971,300,0.38607403914171184,1.0,0.42974817260080167,3,152.25
rbio3.1,1.0,symmetric,1.2056559474367204e-26,318.6595585401503,6418163.112042965,0.6394230769230769,446.07569661644305,206,raw,7.676276011816035e-14,-1.9222745617497873e-10,6.678619962278555,87805.34929011417,0.5605293720061288,5.618943883690067e-06,1.0,327.0,,,,[],[],13,661.153846153846,87.0,939.9999999999995,"[8, 32, 51, 63, 81, 100, 111, 133, 152, 162, 175, 192, 204]","[877.9999999999998, 638.0, 786.9999999999998, 792.0, 939.9999999999995, 787.9999999999999, 636.9999999999998, 675.0, 770.9999999999999, 196.0, 833.9999999999998, 571.9999999999999, 87.0]","[0, 13, 42, 42, 76, 99, 107, 107, 107, 161, 99, 187, 203]","[76, 39, 61, 76, 205, 164, 119, 142, 164, 164, 205, 205, 205]",37754612.99999999,940.9999999999995,-940.9999999999995,0.0,,,,DWT,mdp.39015067403892,7.450580596923828e-09,,0.0,33.0,19.0,0.0,28.5,,4.547473508864641e-13,256.34134615384596,4359.000000000002,256.34134615384596,,0.0,256.34134615384596,,,84.0,0.0,24.0,4.547473508864641e-13,4.547473508864641e-13,,0.0,7.86432346768747e-14,7.735142346392482e-27,0.9620032037313385,0.9109129153971375,0.0007677386680503319,0.6171016483516479,0.0024342127641088737,0.999999999723732,0.4742280246116003,6.695790689632508e-09,6.695790689632508e-09,6.081824269901822e-09,,0.0,0.9999999933041348,5.445185492623215e-13,,,,,,7.374542113937972e-14,1.0,0.5,5.695370495225942e-13,5.695370495225942e-13,0.7922684098781061,0.25901821374938466,487,1.680856593607216,0.807321114138168,160,0,0.24785233644924148,0.2961384271998669,488,0.0,0.43665246482951175,0.7931122616753559,167,187.08376020738234,0.8038954295520101,325.5,244.78916732950728,0.7313502304992755,285,rbio,0.5136782423812899,1.0,0.3404252303330971,4,214.75,7.86432346768747e-14,0.0001547883299646835,7.73514234639248e-27,0.9620032037313385,0.9109129153971376,0.00180042467748764,0.7122216599190281,0.0047941547126508,0.9999999997237319,0.9919828214562016,0.9855281704452442,0.9855281704452442,0.9855281704451322,,0.0,0.9999999999667607,3.0343893115853844e-13,,,,,1.0,,7.374542113937972e-14,1.0,0.5,5.695370495225942e-13,5.695370495225942e-13,0.0,2.2345701998213428,0.6375734627748029,471,1.7204113545172932,0.795320626932228,543,50.91168824543142,0.9733167252382435,507.0,504.4437869822485,0.8537967273989959,106,0.3888041033402703,1.0,0.4278371276618108,3,80.25,,,,,,,,,,,,,5.280404073421934e-19,0.036413600438416446,7.73514234639248e-27,0.9724386371290548,0.28159580883726915,0.0016824431348162073,0.5388088943933889,1.0,0.0047941547126508,0.9999999999999541,0.0008499884728391221,0.000798221022740124,0.000798221022740124,0.0007982210227337853,,0.0,0.0,0.02016391057304983,2.821651517786773e-18,,,,,0.4782608695652174,,2.3332883504384434e-21,1.0,0.8604651162790697,1.908388337924638e-18,1.908388337924638e-18,0.9302325581395349,0.5744527218307418,0.17892707859001003,436,1.7534676080373979,0.8511494922543942,955,366.9884194358182,0.8285100843757859,695.5,598.6772106398274,0.7517550421878929,203,818.67,599.5,715.6978453131971,300,0.38607403914171184,1.0,0.42974817260080167,3,153.0
db28,1.0,periodization,3.80213427013708e-26,313.67151797199904,5899568.762065405,0.6504854368932039,328.6732107705132,206,raw,1.2728182005642907e-13,-1.996428578010553e-10,6.399554700127323,63117.308605900645,0.7602066223405539,5.6189438836900665e-06,1.0,327.00000000000006,,,,[],[],13,661.1538461538462,87.00000000000006,939.9999999999998,"[8, 32, 51, 63, 81, 100, 111, 133, 152, 162, 175, 192, 204]","[877.9999999999994, 638.0, 786.9999999999998, 792.0000000000001, 939.9999999999998, 787.9999999999993, 637.0000000000001, 675.0000000000006, 770.9999999999994, 195.99999999999977, 834.0, 572.0000000000003, 87.00000000000006]","[0, 13, 39, 39, 76, 99, 107, 107, 107, 161, 164, 187, 203]","[76, 39, 61, 76, 205, 164, 119, 142, 164, 164, 205, 205, 205]",37754613.0,940.9999999999998,-940.9999999999998,0.0,,,,DWT,mdp.39015067403892,0.0,,0.0,33.0,19.0,0.0,28.5,,2.2737367544323206e-13,256.3413461538462,4359.0,256.341346153846,,0.0,256.3413461538462,,,84.00000000000006,0.0,24.0,2.2737367544323206e-13,2.2737367544323206e-13,,5.684341886080802e-14,1.4247494335706364e-13,2.610954224385978e-26,0.9435962047977691,0.8145098665359266,0.00018412163772455945,0.7000693481276009,0.00043539500072065546,0.9999999997236202,0.47422802461166635,6.6959667625959335e-09,6.6959667625959335e-09,6.0818682881427056e-09,,2.859275438170267e-12,0.9999999933040264,2.7225927463116073e-13,,,,,,0.0,1.0,0.5,2.847685247612971e-13,2.847685247612971e-13,0.7922684098793333,0.2590182137497859,454,1.6537066141063064,0.79428088704035,201,0,0.24785233644943294,0.29613842720009564,454,0.0,0.432349366977938,0.7852963441112479,186,150.5243612620008,0.8422176506687622,323.75,271.0623068630973,0.7514285318333329,242,db,0.540986235965534,0.9305070477545101,0.3421575204977732,3,182.25,1.4247494335706364e-13,0.0001547883299646835,2.610954224385978e-26,0.9435962047977691,0.8145098665359267,0.0012174108033702982,0.7745784363822179,0.002800065553578875,0.9999999997236201,0.9919828214562026,0.9855281704452468,0.9855281704452468,0.9855281704451329,,6.125805465799743e-13,0.9999999999667601,1.5171946557926922e-13,,,,,1.0,,0.0,1.0,0.5,2.847685247612971e-13,2.847685247612971e-13,0.0,2.2345701998214245,0.6375734627748262,453,1.6850191987111087,0.7789593587562484,892,310.41987694089437,0.8373061441609568,672.5,600.8565055762082,0.7424214158959921,233,0.49117026184683504,0.8233619396015222,0.4091722348267588,4,175.75,,,,,,,,,,,,,9.566306299000972e-19,0.03641360043841644,2.610954224385978e-26,0.9590869331225875,0.2517941735112226,0.0015461099600280798,0.58598295223921,1.0,0.002800065553578875,0.9999999999999541,0.0008499884728391229,0.0007982210227401261,0.0007982210227401261,0.0007982210227337859,,0.0,4.786380409530668e-19,0.020163910573049823,1.4108257588933865e-18,,,,,0.4782608695652174,,0.0,1.0,0.8604651162790697,9.54194168962319e-19,9.54194168962319e-19,0.9302325581395349,0.5744527218307418,0.17892707859001003,569,1.7485595888578,0.8487670940774669,978,289.20667350529794,0.8648566946236925,773.5,719.4337427278604,0.7517040482464257,204,1009.0473684210526,935.5,610.6543869996938,760,0.4758535102197843,0.8532293215616218,0.41093374637766444,5,154.25
db23,1.0,antireflect,1.422918197231449e-26,317.939993133986,6624657.061073893,0.64,308.8913579063667,206,raw,8.517889737667801e-14,-2.145977839873611e-10,6.651022332577241,124596.73861570045,0.8944165640827525,5.618943883690064e-06,0.9999999999999998,327.0000000000001,,,,[],[],13,661.1538461538462,87.0,939.9999999999998,"[8, 32, 51, 63, 81, 100, 111, 133, 152, 162, 175, 192, 204]","[878.0000000000002, 637.9999999999999, 787.0000000000005, 792.0000000000001, 939.9999999999998, 788.0, 637.0000000000003, 675.0000000000001, 771.0000000000001, 195.99999999999994, 834.0, 571.9999999999999, 87.0]","[0, 13, 42, 42, 76, 99, 107, 107, 107, 161, 99, 187, 203]","[76, 42, 61, 76, 205, 164, 119, 142, 164, 164, 205, 205, 205]",37754613.0,940.9999999999999,-940.9999999999999,0.0,,,,DWT,mdp.39015067403892,0.0,,0.0,33.0,19.0,0.0,28.5,,1.1368683772161603e-13,256.3413461538462,4359.0,256.3413461538462,,0.0,256.3413461538462,,,84.0,0.0,24.0,2.2737367544323206e-13,1.1368683772161603e-13,,1.1368683772161603e-13,8.92771701134135e-14,9.272633888474755e-27,0.9593478444809609,0.9013793187608509,0.001000123354306335,0.6214285714285716,0.005412953907011207,0.9999999997233948,0.4742280246116003,6.6959667625959335e-09,6.6959667625959335e-09,6.082000342865356e-09,,5.718550876340534e-12,0.9999999933040264,2.7225927463116073e-13,,,,,,0.0,1.0,0.5,1.4238426238064856e-13,1.4238426238064856e-13,0.7922684098807257,0.2590182137502411,341,1.677535037769773,0.8057257596209799,165,0,0.247852336449653,0.29613842720035854,345,0.0,0.4360711014568982,0.7920563042344909,169,101.63988718346093,0.8934592377531856,255.0,224.60720297337295,0.8130818201344544,100,db,0.540986235965534,0.9305070477545101,0.3421575204977732,3,75.75,8.92771701134135e-14,0.0001547883299646835,9.272633888474755e-27,0.9593478444809609,0.901379318760851,0.002032569198945537,0.7154736842105265,0.007765849045942251,0.9999999997233947,0.9919828214562016,0.9855281704452468,0.9855281704452468,0.9855281704451347,,1.2251610931599486e-12,0.9999999999667601,1.5171946557926922e-13,,,,,1.0,,0.0,1.0,0.5,1.4238426238064856e-13,1.4238426238064856e-13,0.0,2.2345701998216745,0.6375734627748976,344,1.7166569003594363,0.793584998515934,578,165.46298679765212,0.9132793570242913,461.0,431.30585683297176,0.8358325506295461,115,0.49117026184683504,0.8233619396015222,0.4091722348267588,4,87.25,,,,,,,,,,,,,5.994406698394288e-19,0.036413600438416426,9.272633888474755e-27,0.9705125452729174,0.2786486326467187,0.0017367282916968063,0.5412691110810446,0.9999999999999998,0.00776584904594225,0.9999999999999541,0.0008499884728391221,0.0007982210227401261,0.0007982210227401261,0.0007982210227337874,,0.0,9.572760819061336e-19,0.020163910573049823,1.4108257588933865e-18,,,,,0.4782608695652174,,0.0,1.0,0.8604651162790697,4.770970844811595e-19,4.770970844811595e-19,0.9302325581395349,0.5744527218307418,0.17892707859001003,426,1.7530382718152595,0.8509410884573668,958,376.1808075912433,0.8242145758919424,692.0,589.7514450867052,0.7504250449553169,205,1009.0473684210526,935.5,610.6543869996938,760,0.4758535102197843,0.8532293215616218,0.41093374637766444,5,155.0
coif12,1.0,smooth,2.1956296645422762e-26,316.05620157073236,339603307.01799583,0.5905797101449275,287.29418148260675,206,raw,1.0667626437000246e-13,-2.064598492168586e-10,4.572846216181599,5083390.042150743,0.997815376347323,5.618943883690066e-06,1.0,327.0,,,,[],[],13,661.1538461538462,86.99999999999991,940.0000000000002,"[8, 32, 51, 63, 81, 100, 111, 133, 152, 162, 175, 192, 204]","[877.9999999999999, 637.9999999999999, 786.9999999999999, 792.0000000000002, 940.0000000000002, 787.9999999999999, 637.0, 675.0, 770.9999999999999, 196.00000000000017, 833.9999999999997, 572.0000000000002, 86.99999999999991]","[0, 13, 39, 39, 76, 99, 107, 107, 107, 161, 164, 187, 203]","[76, 39, 61, 76, 205, 164, 119, 142, 164, 164, 205, 205, 205]",37754613.0,941.0000000000002,-941.0000000000002,0.0,,,,DWT,mdp.39015067403892,0.0,,0.0,33.0,19.0,0.0,28.5,,2.2737367544323206e-13,256.3413461538462,4359.0,256.34134615384613,,0.0,256.3413461538462,,,83.99999999999991,0.0,24.0,2.2737367544323206e-13,2.2737367544323206e-13,,0.0,1.164394662643268e-13,1.4740851890372695e-26,0.9523962271430272,0.18347372152990482,0.37572848446767454,0.25077639751552755,0.4068917211716132,0.9999999997235175,0.47422802461150126,6.6959667625959335e-09,6.6959667625959335e-09,6.0819563246244724e-09,,0.0,0.9999999933040264,2.7225927463116073e-13,,,,,,0.0,1.0,0.5,2.847685247612971e-13,2.847685247612971e-13,0.7922684098778806,0.25901821374931094,506,1.5141060866489042,0.7272302809447284,600,0,0.24785233644918825,0.29613842719980327,507,0.0,0.39615831894392267,0.7195608535996657,548,44.379987982573105,0.9534800964543259,540.25,537.6231822737988,0.6935901530489659,358,coif,0.5507900112560971,0.8749445204262634,0.351963635992853,2,269.0,1.164394662643268e-13,0.0001547883299646835,1.4740851890372692e-26,0.9523962271430272,0.18347372152990482,0.37637365625118074,0.4368993135011441,0.4082948377631645,0.9999999997235174,0.9919828214562001,0.9855281704452468,0.9855281704452468,0.9855281704451341,,0.0,0.9999999999667601,1.5171946557926922e-13,,,,,1.0,,0.0,1.0,0.5,2.847685247612971e-13,2.847685247612971e-13,0.0,2.234570199821118,0.6375734627747388,499,1.589485522070514,0.7347955583956907,1339,593.9696961966999,0.6886951277795074,919.0,727.0522306855279,0.603519471646567,859,0.4784248188775415,0.776734912893196,0.43208215291776214,2,644.75,,,,,,,,,,,,,7.818185944353394e-19,0.03641360043841643,1.4740851890372692e-26,0.9654701188894919,0.056718298907939446,0.0892734253020982,0.33052243327666425,1.0,0.4082948377631645,0.9999999999999541,0.000849988472839121,0.0007982210227401261,0.0007982210227401261,0.0007982210227337869,,0.0,0.0,0.020163910573049823,1.4108257588933865e-18,,,,,0.4782608695652174,,0.0,1.0,0.8604651162790697,9.54194168962319e-19,9.54194168962319e-19,0.9302325581395349,0.5744527218307418,0.17892707859001003,286,1.7587289219861522,0.8537033829995363,936,459.6194077712559,0.7852245758078243,611.0,438.12765957446805,0.7498552785581178,206,986.6382352941176,846.0,585.0035688138154,340,0.4652856568234462,0.8173890317607586,0.42908333069536003,4,155.5
db32,1.0,symmetric,1.876723070052007e-26,316.7377905415929,7561179.009806128,0.6380597014925373,322.9386728107632,206,raw,9.568182276691832e-14,-2.088732520277885e-10,6.783835346052159,60064.35432253759,0.7772930465476954,5.618943883690066e-06,1.0,327.0,,,,[],[],13,661.1538461538462,87.00000000000011,939.9999999999999,"[8, 32, 51, 63, 81, 100, 111, 133, 152, 162, 175, 192, 204]","[877.9999999999998, 637.9999999999998, 787.0000000000002, 792.0000000000003, 939.9999999999999, 788.0000000000002, 636.9999999999998, 674.9999999999998, 771.0000000000001, 195.9999999999999, 834.0000000000001, 571.9999999999998, 87.00000000000011]","[0, 13, 42, 42, 76, 99, 107, 107, 107, 161, 99, 187, 203]","[76, 42, 61, 76, 205, 164, 119, 142, 164, 164, 205, 205, 205]",37754613.0,940.9999999999999,-940.9999999999999,0.0,,,,DWT,mdp.39015067403892,0.0,,0.0,33.0,19.0,0.0,28.5,,1.1368683772161603e-13,256.3413461538462,4359.0,256.34134615384613,,0.0,256.3413461538462,,,84.00000000000011,0.0,24.0,1.1368683772161603e-13,1.1368683772161603e-13,,0.0,1.0254779855778265e-13,1.2484057660329021e-26,0.9549114447496901,0.9472595523977007,0.002054068810090153,0.6068763326226013,0.00018821867229292953,0.9999999997234811,0.47422802461173236,6.6959667625959335e-09,6.6959667625959335e-09,6.0819563246244724e-09,,0.0,0.9999999933040264,1.3612963731558036e-13,,,,,,0.0,1.0,0.5,1.4238426238064856e-13,1.4238426238064856e-13,0.7922684098778248,0.2590182137492927,519,1.6904294978610903,0.8119190124699883,130,0,0.24785233644917243,0.2961384271997844,518,0.0,0.43891120212199486,0.7972149116930792,136,222.5823817526146,0.7666851344312215,325.75,211.61185035767593,0.7126140556852124,312,db,0.540986235965534,0.9305070477545101,0.3421575204977732,3,234.75,1.0254779855778265e-13,0.0001547883299646835,1.2484057660329021e-26,0.9549114447496901,0.9472595523977008,0.003085425423757721,0.7045365278868815,0.002553473970331474,0.999999999723481,0.9919828214562036,0.9855281704452468,0.9855281704452468,0.9855281704451341,,0.0,0.9999999999667601,7.585973278963461e-14,,,,,1.0,,0.0,1.0,0.5,1.4238426238064856e-13,1.4238426238064856e-13,0.0,2.2345701998210243,0.637573462774712,519,1.731001792891841,0.8002164293607674,439,56.568542494923804,0.9703519169313817,479.0,475.6597077244259,0.8596518494510158,97,0.49117026184683504,0.8233619396015222,0.4091722348267588,4,73.75,,,,,,,,,,,,,6.885446859476591e-19,0.03641360043841643,1.2484057660329021e-26,0.9672945575781242,0.2928318561823943,0.001982930377267068,0.5329949494847506,1.0,0.002553473970331474,0.9999999999999541,0.0008499884728391236,0.0007982210227401261,0.0007982210227401261,0.0007982210227337869,,0.0,0.0,0.020163910573049823,7.054128794466933e-19,,,,,0.4782608695652174,,0.0,1.0,0.8604651162790697,4.770970844811595e-19,4.770970844811595e-19,0.9302325581395349,0.5744527218307418,0.17892707859001003,385,1.7529275773402446,0.850887356329227,959,405.87929240107826,0.8103367792518326,672.0,549.4270833333334,0.7481590438315238,207,1009.0473684210526,935.5,610.6543869996938,760,0.4758535102197843,0.8532293215616218,0.41093374637766444,5,156.5
db23,1.0,symmetric,1.50614378861664e-26,317.6931281176152,6792701.78073091,0.64,313.52212079270413,206,raw,8.511853573650422e-14,-2.1609714018211737e-10,6.652099743111457,58716.20372188894,0.7756831908916186,5.618943883690066e-06,0.9999999999999998,327.0000000000001,,,,[],[],13,661.1538461538462,86.99999999999997,939.9999999999998,"[8, 32, 51, 63, 81, 100, 111, 133, 152, 162, 175, 192, 204]","[878.0, 638.0, 787.0000000000005, 792.0000000000001, 939.9999999999998, 788.0, 637.0000000000003, 675.0000000000001, 771.0000000000001, 195.99999999999994, 834.0000000000002, 572.0, 86.99999999999997]","[0, 13, 42, 42, 76, 99, 107, 107, 107, 161, 99, 187, 203]","[76, 42, 61, 76, 205, 164, 119, 142, 164, 164, 205, 205, 205]",37754613.0,940.9999999999999,-940.9999999999999,0.0,,,,DWT,mdp.39015067403892,0.0,,0.0,33.0,19.0,0.0,28.5,,1.1368683772161603e-13,256.3413461538462,4359.0,256.3413461538462,,0.0,256.3413461538462,,,83.99999999999997,0.0,24.0,2.2737367544323206e-13,1.1368683772161603e-13,,1.1368683772161603e-13,8.920090213384817e-14,9.861593281836572e-27,0.9584368566830495,0.901751510052497,0.0011892379488876274,0.6214285714285716,7.906835928238266e-05,0.9999999997233723,0.47422802461156727,6.6959667625959335e-09,6.6959667625959335e-09,6.082000342865356e-09,,5.718550876340534e-12,0.9999999933040264,2.7225927463116073e-13,,,,,,0.0,1.0,0.5,1.4238426238064856e-13,1.4238426238064856e-13,0.7922684098807158,0.25901821375023787,345,1.6751355438150393,0.8045732745486239,168,0,0.2478523364496502,0.29613842720035527,379,0.0,0.4353606555244687,0.7907658881126278,176,110.61946784660766,0.8840466794060716,267.0,232.9472116749689,0.8020862327847968,119,db,0.540986235965534,0.9305070477545101,0.3421575204977732,3,90.0,8.920090213384815e-14,0.0001547883299646835,9.861593281836572e-27,0.9584368566830495,0.9017515100524971,0.0022214883474793363,0.7154736842105265,0.0024445818742783107,0.9999999997233722,0.9919828214562011,0.9855281704452468,0.9855281704452468,0.9855281704451347,,1.2251610931599486e-12,0.9999999999667601,1.5171946557926922e-13,,,,,1.0,,0.0,1.0,0.5,1.4238426238064856e-13,1.4238426238064856e-13,0.0,2.234570199821674,0.6375734627748975,346,1.7142623560321049,0.7924780362242532,601,180.31222920256963,0.905496735218779,473.5,439.16789862724397,0.8286655583850708,119,0.49117026184683504,0.8233619396015222,0.4091722348267588,4,90.25,,,,,,,,,,,,,5.989285777928298e-19,0.03641360043841643,9.861593281836572e-27,0.9698517510024818,0.2787636903059545,0.0017809055376274904,0.5412691110810446,0.9999999999999998,0.0024445818742783107,0.9999999999999541,0.0008499884728391218,0.0007982210227401261,0.0007982210227401261,0.0007982210227337874,,0.0,9.572760819061336e-19,0.020163910573049823,1.4108257588933865e-18,,,,,0.4782608695652174,,0.0,1.0,0.8604651162790697,4.770970844811595e-19,4.770970844811595e-19,0.9302325581395349,0.5744527218307418,0.17892707859001003,423,1.7505929058369158,0.8497540850583288,971,387.49451609022805,0.8189277962195196,697.0,589.286944045911,0.7466134308200402,208,1009.0473684210526,935.5,610.6543869996938,760,0.4758535102197843,0.8532293215616218,0.41093374637766444,5,157.25
db35,1.0,antireflect,1.9799391052185444e-26,316.5052741349917,7306798.060108927,0.635036496350365,298.6879869283576,206,raw,9.680498042872363e-14,-2.024175271841982e-10,6.807261858056561,152740.94178166098,0.9171808782120457,5.618943883690064e-06,1.0,327.0,,,,[],[],13,661.1538461538462,86.99999999999999,940.0000000000002,"[8, 32, 51, 63, 81, 100, 111, 133, 152, 162, 175, 192, 204]","[877.9999999999998, 637.9999999999999, 787.0000000000001, 792.0000000000005, 940.0000000000002, 787.9999999999998, 636.9999999999998, 675.0, 770.9999999999998, 195.99999999999977, 834.0, 571.9999999999999, 86.99999999999999]","[0, 13, 42, 42, 76, 99, 107, 107, 107, 161, 99, 187, 203]","[76, 42, 61, 76, 205, 164, 119, 142, 164, 164, 205, 205, 205]",37754613.0,941.0000000000001,-941.0000000000001,0.0,,,,DWT,mdp.39015067403892,0.0,,0.0,33.0,19.0,0.0,28.5,,1.1368683772161603e-13,256.3413461538462,4359.0,256.3413461538461,,0.0,256.3413461538462,,,83.99999999999999,0.0,24.0,2.2737367544323206e-13,1.1368683772161603e-13,,0.0,1.0396692774898066e-13,1.3214482670774936e-26,0.9540534065701947,0.9553522371123759,0.0017677929290664698,0.5842022940563086,0.007691592942975715,0.9999999997235784,0.4742280246115838,6.6959667625959335e-09,6.6959667625959335e-09,6.081912306383589e-09,,0.0,0.9999999933040264,2.7225927463116073e-13,,,,,,0.0,1.0,0.5,1.4238426238064856e-13,1.4238426238064856e-13,0.7922684098778351,0.25901821374929607,517,1.6877496136520143,0.8106318550089289,136,0,0.2478523364491677,0.29613842719977873,520,0.0,0.43788341541682546,0.7953480947072298,142,219.12154161560656,0.7703128494595319,328.75,219.1479706906618,0.7128555861553425,311,db,0.540986235965534,0.9305070477545101,0.3421575204977732,3,234.0,1.0396692774898064e-13,0.0001547883299646835,1.3214482670774936e-26,0.9540534065701946,0.955352237112376,0.0027994454029745576,0.6874951978486362,0.010039097504247255,0.9999999997235783,0.9919828214562014,0.9855281704452468,0.9855281704452468,0.9855281704451335,,0.0,0.9999999999667601,1.5171946557926922e-13,,,,,1.0,,0.0,1.0,0.5,1.4238426238064856e-13,1.4238426238064856e-13,0.0,2.234570199821061,0.6375734627747226,514,1.7305680397293974,0.8000159117135299,440,52.32590180780452,0.9725755231615281,477.0,474.1299790356394,0.861287761580764,95,0.49117026184683504,0.8233619396015222,0.4091722348267588,4,72.25,,,,,,,,,,,,,6.980732558147343e-19,0.036413600438416426,1.3214482670774936e-26,0.9666721708522805,0.2953335948880097,0.0019160562154499582,0.520102867267055,1.0,0.010039097504247254,0.9999999999999541,0.0008499884728391219,0.0007982210227401261,0.0007982210227401261,0.0007982210227337863,,0.0,0.0,0.020163910573049823,1.4108257588933865e-18,,,,,0.4782608695652174,,0.0,1.0,0.8604651162790697,4.770970844811595e-19,4.770970844811595e-19,0.9302325581395349,0.5744527218307418,0.17892707859001003,387,1.7516089941031256,0.850247303757041,965,408.7077195258245,0.8090150843337269,676.0,552.448224852071,0.7465636169332186,209,1009.0473684210526,935.5,610.6543869996938,760,0.4758535102197843,0.8532293215616218,0.41093374637766444,5,158.0
db4,1.0,antisymmetric,3.1117116231285913e-27,324.54179904773076,5987713.783022599,0.6367924528301887,302.65442972461625,206,raw,3.177609200577634e-14,-2.1188584220510897e-10,6.340287971469313,68573.92763397697,0.783260145377414,5.618943883690066e-06,1.0,327.00000000000006,,,,[],[],13,661.1538461538462,87.00000000000004,940.0,"[8, 32, 51, 63, 81, 100, 111, 133, 152, 162, 175, 192, 204]","[878.0000000000001, 638.0000000000001, 787.0, 791.9999999999999, 940.0, 788.0, 637.0000000000001, 675.0, 771.0, 195.99999999999994, 834.0, 572.0, 87.00000000000004]","[0, 13, 39, 39, 76, 99, 107, 107, 107, 161, 99, 187, 203]","[76, 39, 61, 76, 205, 164, 119, 142, 164, 164, 205, 205, 205]",37754613.0,941.0,-941.0,0.0,,,,DWT,mdp.39015067403892,0.0,,0.0,33.0,19.0,0.0,28.5,,0.0,256.3413461538462,4359.0,256.34134615384613,,0.0,256.3413461538462,,,84.00000000000004,0.0,19.5,0.0,0.0,,5.684341886080802e-14,2.180179904939201e-14,1.4051757141377792e-27,0.9837100028783559,0.7940361848794615,0.0002833185058957353,0.5973719676549867,0.0008771792306184671,0.9999999997234357,0.4742280246116498,6.6959667625959335e-09,6.6959667625959335e-09,6.0819563246244724e-09,,2.859275438170267e-12,0.9999999933040264,0.0,,,,,,0.0,1.0,0.0,0.0,0.0,0.7422684098791047,0.24267159368257785,857,1.6266854120633147,0.7813025121916756,254,0,0.20618566978270209,0.24635434483025379,856,0.0,0.42203483160909694,0.7665615718760652,245,350.4711115056418,0.6326298621534153,553.0,386.33435071769765,0.5264826459614037,772,db,0.540986235965534,0.9305070477545101,0.3421575204977732,3,579.75,2.1801799049392e-14,0.0001547883299646835,1.4051757141377792e-27,0.9837100028783559,0.7940361848794616,0.0013165051536165584,0.6973932472691163,0.0032408046542735,0.9999999997234356,0.9919828214562024,0.9855281704452468,0.9855281704452468,0.9855281704451341,,6.125805465799743e-13,0.9999999999667601,0.0,,,,,1.0,,0.0,1.0,0.25,0.0,0.0,0.0,2.2095701998212354,0.6304403968408202,846,1.6682024039012788,0.7711852041879085,993,103.94469683442249,0.9455216473614138,919.5,913.6247960848287,0.7318017041838516,257,0.49117026184683504,0.8233619396015222,0.4091722348267588,4,193.75,,,,,,,,,,,,,1.4638552061260535e-19,0.03641360043841643,1.4051757141377792e-27,0.9881838848027673,0.245465025193663,0.0015692823886312459,0.5275909252201174,1.0,0.0032408046542735,0.9999999999999541,0.0008499884728391227,0.0007982210227401261,0.0007982210227401261,0.0007982210227337869,,0.0,4.786380409530668e-19,0.020163910573049823,0.0,,,,,0.4782608695652174,,0.0,1.0,0.7906976744186046,0.0,0.0,0.9302325581395349,0.5674759776446953,0.17675400427451057,759,1.7396842567540707,0.8444589252929099,1030,191.6259377015544,0.910455169298339,894.5,873.974287311347,0.7462322575463658,210,1009.0473684210526,935.5,610.6543869996938,760,0.4758535102197843,0.8532293215616218,0.41093374637766444,5,158.75
coif16,1.0,periodization,5.441767890225733e-26,309.88999860532994,4962590.621841772,0.529126213592233,102.39241120695922,206,smoothed,1.6222567459581987e-13,-2.1817367912291322e-10,6.193635176095332,31688.237398435303,0.9833576726250243,0.00014966566451320268,0.9999999999999997,362.4000000000002,,,,[],[],11,426.6,32.2000000000001,728.3999999999996,"[9, 31, 53, 64, 80, 102, 131, 148, 158, 175, 192]","[310.9999999999998, 417.8000000000004, 589.5999999999997, 432.2000000000001, 728.3999999999996, 371.0000000000001, 586.9999999999998, 32.2000000000001, 448.2000000000008, 368.0, 407.2000000000004]","[1, 1, 1, 60, 1, 94, 120, 144, 144, 165, 186]","[20, 40, 75, 75, 203, 120, 203, 149, 203, 186, 203]",30736475.84000002,728.3999999999996,-728.3999999999996,0.0,,,,DWT,mdp.39015067403892,2.2351741790771484e-08,,0.0,33.0,11.0,0.0,33.0,,3.410605131648481e-13,168.4000000000001,987.7999999999984,168.4000000000001,,0.0,168.4000000000001,,,28.000000000000114,0.0,33.0,3.410605131648481e-13,3.410605131648481e-13,,2.2737367544323206e-13,3.0755016310924743e-13,1.5447087156592794e-25,0.9421744825149131,0.08553455013818287,0.06262060388546271,0.11027684467067218,0.026847626163012964,,0.9999996648089,4.4059791007223055e-09,4.4059791007223055e-09,3.6787861342541454e-09,,2.4503221863198973e-12,0.9999999955939887,2.275791983689038e-13,,,,,,4.768017427492125e-13,1.0,1.0,5.243104679449306e-13,5.243104679449306e-13,0.9999999009886748,0.37592186796562044,74,0.6942320548543369,0.3524393041772062,816,0,0.33333330607481965,0.47426771798726614,74,0.0,0.17535058676750737,0.30936589322730007,842,436.02866878222585,0.5429468880689456,451.5,135.8688005900446,0.5348382239086866,781,coif,0.5556920286951962,0.9053407607371553,0.33941335169221604,4,586.75,1.8662710980368517e-13,0.9999999999705134,3.771267544063851e-26,0.9296415422406943,0.7433750008643422,0.0001640417191936599,0.09049565661727149,0.0002614934985440947,0.9999999997233409,2.0315811925353255e-05,4.745454029730922e-11,4.745454029730922e-11,3.962224992548613e-11,,2.4503221863198973e-12,0.0031261328403480726,2.275791983689038e-13,,,,,0.0,,2.2123626341813917e-13,1.0,1.0,4.2715278714194565e-13,4.2715278714194565e-13,1.0,0.4015691612057315,0.1145767721568923,1019,1.6658573065630573,0.7701011005051734,1006,9.192388155425117,0.9951821865013495,1012.5,1012.4582716049383,0.7322609045714294,254,0.4784248188775415,0.776734912893196,0.43208215291776214,2,191.0,,,,,,,,,,,,,1.253084966389514e-18,0.9999999999715827,3.771267544063851e-26,0.9489647766187155,0.22980383865403461,0.0012997879463592257,0.06846164253822229,0.9999999999999997,0.0002614934985440951,0.9999999999999541,9.960751159770586e-05,3.8435400695480126e-14,3.8435400695480126e-14,3.209173378426744e-14,,0.0,1.9145521638122673e-18,0.00456704015061846,2.11623863834008e-18,,,,,0.13043478260869565,,6.99986505131533e-21,1.0,1.0,1.4312912534434783e-18,1.4312912534434783e-18,1.0,0.4544873153722995,0.14156097535167125,1034,1.812419933677589,0.8797654996478962,780,179.60512242138307,0.9160723727002883,907.0,889.2171995589856,0.7461202984996769,211,986.6382352941176,846.0,585.0035688138154,340,0.4652856568234462,0.8173890317607586,0.42908333069536003,4,159.25
rbio1.5,1.0,periodization,4.9062046033515734e-27,320.33994218623724,4915915.198477307,0.5194174757281553,87.26585143046564,206,smoothed,4.819702376576258e-14,-2.1363233404514453e-10,6.208251547785004,30633.685455360363,0.980604355304911,0.00014966566451320263,0.9999999999999999,362.4000000000001,,,,[],[],11,426.6,32.200000000000045,728.4,"[9, 31, 53, 64, 80, 102, 131, 148, 158, 175, 192]","[311.00000000000006, 417.79999999999995, 589.6000000000001, 432.20000000000016, 728.4, 371.0000000000002, 587.0000000000001, 32.200000000000045, 448.2, 368.0, 407.2000000000001]","[1, 1, 1, 60, 1, 94, 120, 144, 144, 165, 186]","[20, 40, 75, 75, 203, 120, 203, 149, 203, 186, 203]",30736475.840000007,728.4,-728.4,0.0,,,,DWT,mdp.39015067403892,1.1175870895385742e-08,,0.0,33.0,11.0,0.0,33.0,,0.0,168.4000000000001,987.7999999999984,168.40000000000006,,0.0,168.4000000000001,,,28.000000000000057,0.0,33.0,0.0,0.0,,1.1368683772161603e-13,5.704518949916934e-14,9.57060806405345e-27,0.9818781328561627,0.10661726403148791,0.04258961849600849,0.04358768564058205,0.018102402512559755,,0.9999996647593375,4.4059791007223055e-09,4.4059791007223055e-09,3.6787565615428943e-09,,1.2251610931599486e-12,0.9999999955939887,0.0,,,,,,2.3840087137460624e-13,1.0,1.0,0.0,0.0,0.9999999009727418,0.3759218679596309,121,0.6884063562387196,0.34948178420664666,826,0,0.3333333060704587,0.4742677179810614,122,0.0,0.17039644336240828,0.3006254434349837,873,420.7489354314122,0.5589633800509306,485.5,212.57019785764135,0.5250267634007273,817,rbio,0.7685897546424816,0.816051598246696,0.21717169227625407,5,614.0,4.254993121260946e-14,0.9999999999705129,2.6750777712257433e-27,0.9682041998056296,0.74842422405791,0.00011156829868115082,0.0357690342360758,0.00017631579553145215,0.9999999997234092,2.0315811924354055e-05,4.745454029730922e-11,4.745454029730922e-11,3.9622027880881205e-11,,1.2251610931599486e-12,0.0031261328403480726,0.0,,,,,0.0,,1.1061813170906958e-13,1.0,1.0,0.0,0.0,1.0,0.4015691612047786,0.11457677215662042,1106,1.6695685559548463,0.7718167559995581,984,86.2670273047588,0.954786673320357,1045.0,1041.4392344497608,0.7035463764924637,324,0.3888041033402703,1.0,0.4278371276618108,3,243.75,,,,,,,,,,,,,2.856963234307989e-19,0.9999999999715824,2.6750777712257433e-27,0.9769365927397441,0.23136473439407662,0.0012875174527602637,0.027059937762143327,0.9999999999999999,0.00017631579553145258,0.9999999999999541,9.960751159770499e-05,3.8435400695480126e-14,3.8435400695480126e-14,3.2091408523615694e-14,,0.0,9.572760819061336e-19,0.00456704015061846,0.0,,,,,0.13043478260869565,,3.499932525657665e-21,1.0,1.0,0.0,0.0,1.0,0.4544873153722995,0.14156097535167125,1036,1.8133825829817911,0.8802327785772217,777,183.1406563273158,0.9144202540526561,906.5,888.0,0.7454110616057673,212,818.67,599.5,715.6978453131971,300,0.38607403914171184,1.0,0.42974817260080167,3,159.75
rbio3.9,1.0,constant,2.797928795100389e-27,325.00342588981937,5925267.763279415,0.6294642857142857,345.7366958091263,206,raw,2.86459098081924e-14,-2.087887640556148e-10,6.600963831807554,72345.37907300133,0.5994906211202086,5.618943883690066e-06,1.0,327.00000000000017,,,,[],[],13,661.1538461538462,86.99999999999997,939.9999999999999,"[8, 32, 51, 63, 81, 100, 111, 133, 152, 162, 175, 192, 204]","[878.0, 638.0, 787.0, 792.0, 939.9999999999999, 788.0, 636.9999999999999, 675.0000000000001, 771.0, 196.0, 833.9999999999999, 572.0, 86.99999999999997]","[0, 13, 39, 39, 76, 99, 107, 107, 107, 161, 164, 187, 203]","[76, 39, 61, 76, 205, 164, 119, 142, 164, 164, 205, 205, 205]",37754613.0,940.9999999999999,-940.9999999999999,0.0,,,,DWT,mdp.39015067403892,0.0,,0.0,33.0,19.0,0.0,28.5,,1.1368683772161603e-13,256.3413461538462,4359.0,256.34134615384613,,0.0,256.3413461538462,,,83.99999999999997,0.0,24.0,1.1368683772161603e-13,1.1368683772161603e-13,,1.7053025658242404e-13,1.7846759537646513e-14,1.1831222075576755e-27,0.9854135104328627,0.8840866179122447,0.00021304284516059828,0.5424107142857142,0.0011825272420910142,0.9999999997234824,0.47422802461156727,6.6959667625959335e-09,6.6959667625959335e-09,6.0819563246244724e-09,,8.5778263145108e-12,0.9999999933040264,1.3612963731558036e-13,,,,,,0.0,1.0,0.5,1.4238426238064856e-13,1.4238426238064856e-13,0.7922684098820642,0.2590182137506787,282,1.6508352331389409,0.7929017530377794,204,0,0.24785233644987348,0.296138427200622,281,0.0,0.4266633015551967,0.7749684779689483,208,43.62243306679107,0.9542741791752715,243.75,237.89032327901836,0.8493855172605917,46,rbio,0.5136782423812899,1.0,0.3404252303330971,4,35.5,1.78467595376465e-14,0.0001547883299646835,1.1831222075576755e-27,0.9854135104328626,0.8840866179122449,0.0012463021213327372,0.6560855263157894,0.0035454303037821566,0.9999999997234823,0.9919828214562011,0.9855281704452468,0.9855281704452468,0.9855281704451341,,1.837741639739923e-12,0.9999999999667601,7.585973278963461e-14,,,,,1.0,,0.0,1.0,0.5,1.4238426238064856e-13,1.4238426238064856e-13,0.0,2.2345701998219423,0.637573462774974,291,1.6978133853127226,0.7848739212719896,761,332.34018715767735,0.8258175119718673,526.0,421.009505703422,0.7750680851263949,175,0.3888041033402703,1.0,0.4278371276618108,3,132.0,,,,,,,,,,,,,1.1982989019611303e-19,0.03641360043841643,1.1831222075576755e-27,0.989419541344208,0.2733028394318742,0.0015528659658051221,0.4963408682374316,1.0,0.003545430303782156,0.9999999999999541,0.0008499884728391218,0.0007982210227401261,0.0007982210227401261,0.0007982210227337869,,0.0,1.4359141228592004e-18,0.020163910573049823,7.054128794466933e-19,,,,,0.4782608695652174,,0.0,1.0,0.8604651162790697,4.770970844811595e-19,4.770970844811595e-19,0.9302325581395349,0.5744527218307418,0.17892707859001003,566,1.7419581770533565,0.8455627073641,1003,309.00566337852126,0.8556048301969527,784.5,723.6430847673678,0.7445080225751118,213,818.67,599.5,715.6978453131971,300,0.38607403914171184,1.0,0.42974817260080167,3,160.5
db16,1.0,periodic,1.1840174162180706e-26,318.73821156197533,6394571.297788564,0.635593220338983,327.29794438989126,206,raw,6.99677640528817e-14,-2.1599344535161722e-10,6.593524352348036,62088.97647820182,0.746133614102006,5.618943883690062e-06,0.9999999999999998,327.0,,,,[],[],13,661.1538461538462,86.99999999999994,940.0000000000002,"[8, 32, 51, 63, 81, 100, 111, 133, 152, 162, 175, 192, 204]","[878.0, 638.0000000000001, 787.0000000000001, 792.0000000000001, 940.0000000000002, 788.0000000000002, 636.9999999999999, 675.0, 771.0000000000002, 196.00000000000017, 834.0, 572.0, 86.99999999999994]","[0, 13, 39, 39, 76, 99, 107, 107, 107, 161, 164, 187, 203]","[76, 39, 61, 76, 205, 164, 119, 142, 164, 164, 205, 205, 205]",37754613.0,941.0000000000002,-941.0000000000002,0.0,,,,DWT,mdp.39015067403892,0.0,,0.0,33.0,19.0,0.0,28.5,,2.2737367544323206e-13,256.3413461538462,4359.0,256.3413461538462,,0.0,256.3413461538462,,,83.99999999999994,0.0,24.0,2.2737367544323206e-13,2.2737367544323206e-13,,0.0,7.005763926294783e-14,7.582013771303205e-27,0.9622934511880453,0.8815166509578869,0.0007411888520414481,0.5883777239709441,0.00035213814977008365,0.9999999997233738,0.47422802461153424,6.6959667625959335e-09,6.6959667625959335e-09,6.082000342865356e-09,,0.0,0.9999999933040264,2.7225927463116073e-13,,,,,,0.0,1.0,0.5,2.847685247612971e-13,2.847685247612971e-13,0.7922684098779037,0.2590182137493185,501,1.6539969353554478,0.7944203293194869,200,0,0.2478523364491947,0.296138427199811,501,0.0,0.4291601441052665,0.779503609684525,196,174.94475318416002,0.8166197555721593,349.5,283.80756947354735,0.7251337771571489,293,db,0.540986235965534,0.9305070477545101,0.3421575204977732,3,220.5,7.005763926294782e-14,0.0001547883299646835,7.582013771303205e-27,0.9622934511880453,0.881516650957887,0.0017739023001680442,0.6906333630686885,0.0027170056634078085,0.9999999997233737,0.9919828214562006,0.9855281704452468,0.9855281704452468,0.9855281704451347,,0.0,0.9999999999667601,1.5171946557926922e-13,,,,,1.0,,0.0,1.0,0.5,2.847685247612971e-13,2.847685247612971e-13,0.0,2.234570199821118,0.6375734627747388,503,1.6964079312230531,0.7842242007125516,772,190.21172413918129,0.9003083206817708,637.5,609.1231372549021,0.7830944119132124,158,0.49117026184683504,0.8233619396015222,0.4091722348267588,4,119.5,,,,,,,,,,,,,4.703934740964744e-19,0.03641360043841641,7.582013771303205e-27,0.9726491710756565,0.2725083705963084,0.0016762410870375273,0.5224769474555632,0.9999999999999998,0.0027170056634078085,0.9999999999999541,0.0008499884728391214,0.0007982210227401261,0.0007982210227401261,0.0007982210227337874,,0.0,0.0,0.020163910573049823,1.4108257588933865e-18,,,,,0.4782608695652174,,0.0,1.0,0.8604651162790697,9.54194168962319e-19,9.54194168962319e-19,0.9302325581395349,0.5744527218307418,0.17892707859001003,572,1.7416834698661618,0.8454293619393954,1006,306.8843430349616,0.856596101385532,789.0,729.3181242078581,0.7439522563002426,214,1009.0473684210526,935.5,610.6543869996938,760,0.4758535102197843,0.8532293215616218,0.41093374637766444,5,161.75
rbio3.9,1.0,smooth,2.7927820521071022e-27,325.011422020452,10116681.412812145,0.6473214285714286,389.3334003077122,206,raw,2.847344797912441e-14,-2.0877288786636267e-10,6.092697459701312,218344.91041994895,0.867010396408251,5.618943883690066e-06,1.0,327.00000000000017,,,,[],[],13,661.1538461538462,86.99999999999997,939.9999999999999,"[8, 32, 51, 63, 81, 100, 111, 133, 152, 162, 175, 192, 204]","[878.0, 638.0, 787.0, 792.0, 939.9999999999999, 788.0, 636.9999999999999, 675.0000000000001, 771.0, 196.0, 833.9999999999999, 572.0, 86.99999999999997]","[0, 13, 39, 39, 76, 99, 107, 107, 107, 161, 164, 187, 203]","[76, 39, 61, 76, 205, 164, 119, 142, 164, 164, 205, 205, 205]",37754613.0,940.9999999999999,-940.9999999999999,0.0,,,,DWT,mdp.39015067403892,0.0,,0.0,33.0,19.0,0.0,28.5,,1.1368683772161603e-13,256.3413461538462,4359.0,256.34134615384613,,0.0,256.3413461538462,,,83.99999999999997,0.0,24.0,1.1368683772161603e-13,1.1368683772161603e-13,,1.7053025658242404e-13,1.7628851024602686e-14,1.1794800314185051e-27,0.9854430179651325,0.7085060833557256,0.004929986612698842,0.6763392857142859,0.01300308685779348,0.9999999997234826,0.47422802461156727,6.6959667625959335e-09,6.6959667625959335e-09,6.0819563246244724e-09,,8.5778263145108e-12,0.9999999933040264,1.3612963731558036e-13,,,,,,0.0,1.0,0.5,1.4238426238064856e-13,1.4238426238064856e-13,0.7922684098820642,0.2590182137506787,281,1.6237207946815218,0.7798785964235099,277,0,0.24785233644987348,0.296138427200622,282,0.0,0.42352768252864204,0.7692731067109981,234,23.101226518664905,0.9757848778630347,268.5,266.8725013572739,0.8471691684912658,48,rbio,0.5136782423812899,1.0,0.3404252303330971,4,37.0,1.7628851024602674e-14,0.0001547883299646835,1.1794800314185051e-27,0.9854430179651325,0.7085060833557257,0.005958371024412996,0.7567434210526318,0.015338026014898809,0.9999999997234825,0.9919828214562011,0.9855281704452468,0.9855281704452468,0.9855281704451341,,1.837741639739923e-12,0.9999999999667601,7.585973278963461e-14,,,,,1.0,,0.0,1.0,0.5,1.4238426238064856e-13,1.4238426238064856e-13,0.0,2.2345701998219423,0.637573462774974,288,1.657377053184549,0.7661808052712282,1074,555.7859300126264,0.7087075838508248,681.0,454.2026431718062,0.675894672428557,479,0.3888041033402703,1.0,0.4278371276618108,3,360.0,,,,,,,,,,,,,1.183667700629728e-19,0.03641360043841643,1.1794800314185051e-27,0.9894409449330411,0.21902460733219303,0.0026547459413887647,0.5724904323791485,1.0,0.015338026014898809,0.9999999999999541,0.0008499884728391218,0.0007982210227401261,0.0007982210227401261,0.0007982210227337869,,0.0,1.4359141228592004e-18,0.020163910573049823,7.054128794466933e-19,,,,,0.4782608695652174,,0.0,1.0,0.8604651162790697,4.770970844811595e-19,4.770970844811595e-19,0.9302325581395349,0.5744527218307418,0.17892707859001003,372,1.7505597070857413,0.8497379700756077,972,424.26406871192853,0.8017457622841455,672.0,538.0714285714286,0.7438635353476802,215,818.67,599.5,715.6978453131971,300,0.38607403914171184,1.0,0.42974817260080167,3,162.0
rbio3.9,1.0,zero,2.7987253148493498e-27,325.0021897078891,5925713.008152034,0.6294642857142857,345.7366958091263,206,raw,2.869764835691279e-14,-2.0879775686211427e-10,6.5992785935581555,72955.44434398455,0.6028312060100588,5.618943883690066e-06,1.0,327.00000000000017,,,,[],[],13,661.1538461538462,86.99999999999997,939.9999999999999,"[8, 32, 51, 63, 81, 100, 111, 133, 152, 162, 175, 192, 204]","[878.0, 638.0, 787.0, 792.0, 939.9999999999999, 788.0, 636.9999999999999, 675.0000000000001, 771.0, 196.0, 833.9999999999999, 572.0, 86.99999999999997]","[0, 13, 39, 39, 76, 99, 107, 107, 107, 161, 164, 187, 203]","[76, 39, 61, 76, 205, 164, 119, 142, 164, 164, 205, 205, 205]",37754613.0,940.9999999999999,-940.9999999999999,0.0,,,,DWT,mdp.39015067403892,0.0,,0.0,33.0,19.0,0.0,28.5,,1.1368683772161603e-13,256.3413461538462,4359.0,256.34134615384613,,0.0,256.3413461538462,,,83.99999999999997,0.0,24.0,1.1368683772161603e-13,1.1368683772161603e-13,,1.7053025658242404e-13,1.791213209155967e-14,1.1836858776744526e-27,0.9854089486416822,0.8835044526364697,0.00021354391596928942,0.5424107142857142,0.0012319199547839758,0.9999999997234823,0.47422802461156727,6.6959667625959335e-09,6.6959667625959335e-09,6.0819563246244724e-09,,8.5778263145108e-12,0.9999999933040264,1.3612963731558036e-13,,,,,,0.0,1.0,0.5,1.4238426238064856e-13,1.4238426238064856e-13,0.7922684098820642,0.2590182137506787,280,1.650561421046826,0.7927702401626708,206,0,0.24785233644987348,0.296138427200622,280,0.0,0.42659619739476495,0.7748465935488783,209,41.87580844990737,0.9561050225891956,243.75,238.35181999723193,0.8503009389675538,45,rbio,0.5136782423812899,1.0,0.3404252303330971,4,34.75,1.7912132091559643e-14,0.0001547883299646835,1.1836858776744512e-27,0.9854089486416822,0.8835044526364698,0.0012468026742950436,0.6560855263157894,0.0035947061681066922,0.9999999997234821,0.9919828214562011,0.9855281704452468,0.9855281704452468,0.9855281704451341,,1.837741639739923e-12,0.9999999999667601,7.585973278963461e-14,,,,,1.0,,0.0,1.0,0.5,1.4238426238064856e-13,1.4238426238064856e-13,0.0,2.2345701998219423,0.637573462774974,289,1.6975395262223378,0.7847473202803814,764,335.87572106361006,0.8239645067800786,526.5,419.3656220322886,0.7740105552768317,176,0.3888041033402703,1.0,0.4278371276618108,3,132.75,,,,,,,,,,,,,1.2026882623605492e-19,0.03641360043841643,1.1836858776744512e-27,0.9894162324025493,0.2731228712933861,0.0015529830161490855,0.4963408682374316,1.0,0.003594706168106692,0.9999999999999541,0.0008499884728391218,0.0007982210227401261,0.0007982210227401261,0.0007982210227337869,,0.0,1.4359141228592004e-18,0.020163910573049823,7.054128794466933e-19,,,,,0.4782608695652174,,0.0,1.0,0.8604651162790697,4.770970844811595e-19,4.770970844811595e-19,0.9302325581395349,0.5744527218307418,0.17892707859001003,562,1.7418859764900192,0.8455276605388587,1005,313.2483040656405,0.8536222878197941,783.5,720.880663688577,0.7437503962463456,216,818.67,599.5,715.6978453131971,300,0.38607403914171184,1.0,0.42974817260080167,3,162.75
db22,1.0,antisymmetric,1.3499232893141635e-26,318.1687015685886,6806844.883058778,0.6290322580645161,306.3396983094133,206,raw,7.93841799199937e-14,-2.0655754884302525e-10,6.629723032538896,131350.08332087507,0.9001559111247928,5.618943883690064e-06,0.9999999999999998,327.0000000000001,,,,[],[],13,661.1538461538462,87.00000000000014,940.0000000000003,"[8, 32, 51, 63, 81, 100, 111, 133, 152, 162, 175, 192, 204]","[878.0000000000002, 638.0, 787.0, 792.0, 940.0000000000003, 788.0000000000005, 637.0, 674.9999999999997, 770.9999999999998, 196.0, 834.0000000000005, 572.0, 87.00000000000014]","[0, 13, 39, 39, 76, 99, 107, 107, 107, 161, 99, 187, 203]","[76, 39, 61, 76, 205, 164, 119, 142, 164, 164, 205, 205, 205]",37754613.0,941.0000000000003,-941.0000000000003,0.0,,,,DWT,mdp.39015067403892,0.0,,0.0,33.0,19.0,0.0,28.5,,3.410605131648481e-13,256.3413461538462,4359.0,256.3413461538462,,0.0,256.3413461538462,,,84.00000000000014,0.0,19.5,3.410605131648481e-13,3.410605131648481e-13,,1.1368683772161603e-13,8.195544407514087e-14,8.756073585688902e-27,0.9601918303816988,0.8940214790695985,0.0012051543494047967,0.5391705069124424,0.005959724933989399,0.999999999723516,0.4742280246117654,6.6959667625959335e-09,6.6959667625959335e-09,6.082000342865356e-09,,5.718550876340534e-12,0.9999999933040264,4.083889119467411e-13,,,,,,0.0,1.0,0.0,4.2715278714194565e-13,4.2715278714194565e-13,0.7422684098809571,0.24267159368318347,718,1.6417805075665246,0.7885527376814779,218,0,0.20618566978305886,0.24635434483068006,718,0.0,0.42506858692134153,0.7720719233131135,218,288.67513459481285,0.6974055192926489,468.0,334.45299145299145,0.6034197407783999,527,db,0.540986235965534,0.9305070477545101,0.3421575204977732,3,396.0,8.195544407514086e-14,0.0001547883299646835,8.756073585688902e-27,0.9601918303816988,0.8940214790695986,0.002237388298723628,0.6536502546689305,0.008311326576391869,0.9999999997235159,0.9919828214562042,0.9855281704452468,0.9855281704452468,0.9855281704451347,,1.2251610931599486e-12,0.9999999999667601,2.275791983689038e-13,,,,,1.0,,0.0,1.0,0.25,4.2715278714194565e-13,4.2715278714194565e-13,0.0,2.2095701998218265,0.6304403968409888,719,1.6890756007997296,0.7808345732180342,856,96.87362902255701,0.9492276577449911,787.5,781.5415873015874,0.7682459043441936,181,0.49117026184683504,0.8233619396015222,0.4091722348267588,4,136.75,,,,,,,,,,,,,5.502798333659223e-19,0.036413600438416426,8.756073585688902e-27,0.9711247390353527,0.27637406085820704,0.001784623615238238,0.4944985400727127,0.9999999999999998,0.008311326576391867,0.9999999999999541,0.0008499884728391241,0.0007982210227401261,0.0007982210227401261,0.0007982210227337874,,0.0,9.572760819061336e-19,0.020163910573049823,2.11623863834008e-18,,,,,0.4782608695652174,,0.0,1.0,0.7906976744186046,1.4312912534434783e-18,1.4312912534434783e-18,0.9302325581395349,0.5674759776446953,0.17675400427451057,874,1.7338022124490826,0.8416037262572049,1059,130.8147545195113,0.9388716100376115,966.5,957.6471805483703,0.74361804800946,217,1009.0473684210526,935.5,610.6543869996938,760,0.4758535102197843,0.8532293215616218,0.41093374637766444,5,164.0
sym9,1.0,periodic,6.585588904901961e-26,309.06145257178247,5150570.363293399,0.5315315315315315,86.2777415602499,206,smoothed,2.0420774025367492e-13,-1.814604244643197e-10,6.290337823678911,32688.926871818778,0.9804362528383709,0.00014966566451320244,1.0,362.3999999999999,,,,[],[],11,426.5999999999997,32.20000000000019,728.3999999999999,"[9, 31, 53, 64, 80, 102, 131, 148, 158, 175, 192]","[310.99999999999983, 417.79999999999984, 589.5999999999997, 432.199999999999, 728.3999999999999, 370.99999999999966, 586.9999999999995, 32.20000000000019, 448.1999999999995, 367.99999999999966, 407.19999999999976]","[1, 1, 1, 60, 1, 94, 120, 144, 144, 165, 186]","[20, 40, 75, 75, 203, 120, 203, 149, 203, 186, 203]",30736475.839999974,728.3999999999999,-728.3999999999999,0.0,,,,DWT,mdp.39015067403892,2.2351741790771484e-08,,0.0,33.0,11.0,0.0,33.0,,1.1368683772161603e-13,168.39999999999975,987.800000000002,168.3999999999997,,0.0,168.39999999999975,,,28.0000000000002,0.0,33.0,1.1368683772161603e-13,1.1368683772161603e-13,,5.684341886080802e-14,3.997788808320516e-13,1.8794593341219373e-25,0.9390264940350804,0.2250188417952078,0.1432930259678214,0.12679893361956857,0.035146177321977376,,0.9999996648832438,4.405624228187547e-09,4.405624228187547e-09,3.678372116296626e-09,,6.125805465799743e-13,0.9999999955943328,7.585973278963461e-14,,,,,,4.768017427492125e-13,1.0,1.0,1.7477015598164352e-13,1.7477015598164352e-13,0.9999999010096782,0.3759218679735161,65,0.8123498746793011,0.4124039254287755,466,0,0.3333333060807259,0.47426771799566964,65,0.0,0.2098976389628651,0.3703162433676022,490,238.64687999915972,0.7498460377367299,271.5,114.42966732199993,0.7326274213840882,259,sym,1.0,1.0,0.0,7,196.0,2.3967217810343794e-13,0.9999999999705116,4.580711033387109e-26,0.9265840198032667,0.7767809145497088,0.00037537220770367025,0.10405405405405432,0.000342320651091172,0.9999999997238942,2.0315811926907568e-05,4.7450710027874266e-11,4.7450710027874266e-11,3.961786454453886e-11,,6.125805465799743e-13,0.0031261328403491273,7.585973278963461e-14,,,,,0.0,,2.2123626341813917e-13,1.0,1.0,1.4238426238064856e-13,1.4238426238064856e-13,1.0,0.4015691612046202,0.11457677215657523,1139,1.6862871050235073,0.7795454930203711,878,184.55486988968892,0.9032731289886327,1008.5,991.6132870599902,0.6873545938444212,419,0.7763846615972358,0.5622554397616224,0.28785410495344815,6,315.75,,,,,,,,,,,,,1.6092496077293791e-18,0.9999999999715811,4.580711033387109e-26,0.9467469716019935,0.24013080309286639,0.0013492059065607987,0.07871882164941313,1.0,0.0003423206510911724,0.9999999999999543,9.960751159770694e-05,3.843236492939717e-14,3.843236492939717e-14,3.208804749688099e-14,,0.0,4.786380409530668e-19,0.0045670401506184765,7.054128794466933e-19,,,,,0.13043478260869565,,6.99986505131533e-21,1.0,1.0,4.770970844811595e-19,4.770970844811595e-19,1.0,0.4544873153722995,0.14156097535167125,1031,1.8204126443725674,0.8836452357882071,697,236.17366491630688,0.8896384743381743,864.0,831.7210648148148,0.7429500782905825,218,1409.1368421052632,1454.5,398.32527672708756,380,0.6645304607900322,0.5565550872278735,0.3678621512786154,7,165.25
db23,1.0,periodization,2.094917686318706e-26,316.2601228355214,5919590.463727026,0.6456310679611651,326.57775392963555,206,raw,1.0253981312286607e-13,-2.1540391692554132e-10,6.377909625901614,63117.30860590065,0.7636165560421937,5.618943883690066e-06,0.9999999999999999,327.0000000000001,,,,[],[],13,661.1538461538462,86.99999999999994,939.9999999999995,"[8, 32, 51, 63, 81, 100, 111, 133, 152, 162, 175, 192, 204]","[878.0, 637.9999999999997, 787.0000000000005, 792.0000000000001, 939.9999999999995, 788.0, 637.0000000000002, 675.0000000000003, 771.0, 195.99999999999977, 834.0, 572.0000000000001, 86.99999999999994]","[0, 13, 42, 42, 76, 99, 107, 107, 107, 161, 99, 187, 203]","[76, 42, 61, 76, 205, 164, 119, 142, 164, 164, 205, 205, 205]",37754613.0,940.9999999999997,-940.9999999999997,0.0,,,,DWT,mdp.39015067403892,0.0,,0.0,33.0,19.0,0.0,28.5,,3.410605131648481e-13,256.3413461538462,4359.0,256.3413461538462,,0.0,256.3413461538462,,,83.99999999999994,0.0,24.0,4.547473508864641e-13,3.410605131648481e-13,,1.1368683772161603e-13,1.1121298835084919e-13,1.4028147244943444e-26,0.9531487427756126,0.8070325792085816,0.0002066537113314731,0.6636615811373097,0.00043539500072065605,0.9999999997233827,0.47422802461153424,6.6959667625959335e-09,6.6959667625959335e-09,6.082000342865356e-09,,5.718550876340534e-12,0.9999999933040264,5.445185492623215e-13,,,,,,0.0,1.0,0.5,4.2715278714194565e-13,4.2715278714194565e-13,0.7922684098809559,0.25901821375031636,292,1.6411476524699227,0.7882487752354134,219,0,0.2478523364497176,0.29613842720043576,292,0.0,0.4280606189446312,0.7775064907921334,204,46.87838876639569,0.9508612277081806,251.75,245.13580246913583,0.8434861694096458,51,db,0.540986235965534,0.9305070477545101,0.3421575204977732,3,39.0,1.1121298835084917e-13,0.0001547883299646835,1.4028147244943444e-26,0.9531487427756125,0.8070325792085817,0.0012399195905421377,0.7472151251916201,0.0028000655535788755,0.9999999997233826,0.9919828214562006,0.9855281704452468,0.9855281704452468,0.9855281704451347,,1.2251610931599486e-12,0.9999999999667601,3.0343893115853844e-13,,,,,1.0,,0.0,1.0,0.5,4.2715278714194565e-13,4.2715278714194565e-13,0.0,2.2345701998218637,0.6375734627749515,295,1.6760780077513848,0.7748259789218637,949,462.44783489600206,0.757626920914045,622.0,450.08842443729907,0.7158155568930813,286,0.49117026184683504,0.8233619396015222,0.4091722348267588,4,215.5,,,,,,,,,,,,,7.467260459442073e-19,0.03641360043841643,1.4028147244943444e-26,0.9660159637620199,0.24948267618007056,0.001551373461553516,0.5652820998511706,0.9999999999999999,0.0028000655535788755,0.9999999999999541,0.0008499884728391214,0.0007982210227401261,0.0007982210227401261,0.0007982210227337874,,0.0,9.572760819061336e-19,0.020163910573049823,2.821651517786773e-18,,,,,0.4782608695652174,,0.0,1.0,0.8604651162790697,1.4312912534434783e-18,1.4312912534434783e-18,0.9302325581395349,0.5744527218307418,0.17892707859001003,502,1.7432835493714303,0.8462060554193509,1000,352.13917703090067,0.8354489826958408,751.0,668.4420772303595,0.7422572016282942,219,1009.0473684210526,935.5,610.6543869996938,760,0.4758535102197843,0.8532293215616218,0.41093374637766444,5,165.5
coif4,1.0,periodization,1.207233242825666e-26,318.6538806102719,6012018.489539869,0.6456310679611651,299.9872730832267,206,raw,7.03359416986267e-14,-2.0632195951720005e-10,6.279856435186971,63117.30860590066,0.7725317266272872,5.6189438836900665e-06,1.0,327.0,,,,[],[],13,661.1538461538462,87.00000000000021,939.9999999999995,"[8, 32, 51, 63, 81, 100, 111, 133, 152, 162, 175, 192, 204]","[877.9999999999999, 637.9999999999999, 786.9999999999999, 792.0000000000001, 939.9999999999995, 787.9999999999999, 637.0, 674.9999999999999, 771.0000000000001, 195.99999999999994, 834.0000000000003, 572.0000000000001, 87.00000000000021]","[0, 13, 39, 39, 76, 99, 107, 107, 107, 161, 164, 187, 203]","[76, 39, 61, 76, 205, 164, 119, 142, 164, 164, 205, 205, 205]",37754613.0,940.9999999999995,-940.9999999999995,0.0,,,,DWT,mdp.39015067403892,0.0,,0.0,33.0,19.0,0.0,28.5,,4.547473508864641e-13,256.3413461538462,4359.0,256.34134615384613,,0.0,256.3413461538462,,,84.00000000000021,0.0,24.0,4.547473508864641e-13,4.547473508864641e-13,,0.0,7.052283810580972e-14,7.746304332987762e-27,0.961982250884667,0.77316012062096,0.000310670598414989,0.6636615811373097,0.00043539500072065665,0.9999999997235196,0.47422802461184793,6.6959667625959335e-09,6.6959667625959335e-09,6.0819563246244724e-09,,0.0,0.9999999933040264,5.445185492623215e-13,,,,,,0.0,1.0,0.5,5.695370495225942e-13,5.695370495225942e-13,0.7922684098782345,0.2590182137494267,479,1.629563536485129,0.7826848850982546,245,0,0.24785233644928728,0.2961384271999216,479,0.0,0.4249437522457078,0.7718451802625136,219,143.0,0.850104821802935,355.5,311.934422847017,0.7387316561844863,265,coif,0.5507900112560971,0.8749445204262634,0.351963635992853,2,199.25,7.05228381058097e-14,0.0001547883299646835,7.746304332987762e-27,0.961982250884667,0.7731601206209601,0.001343828978310236,0.7472151251916201,0.0028000655535788763,0.9999999997235195,0.9919828214562054,0.9855281704452468,0.9855281704452468,0.9855281704451341,,0.0,0.9999999999667601,3.0343893115853844e-13,,,,,1.0,,0.0,1.0,0.5,5.695370495225942e-13,5.695370495225942e-13,0.0,2.234570199821309,0.6375734627747933,482,1.6644938380169334,0.769470789239174,1011,374.05948724768365,0.8039520507087612,746.5,652.7823174815807,0.7063523356269172,316,0.4784248188775415,0.776734912893196,0.43208215291776214,2,237.5,,,,,,,,,,,,,4.73516994987867e-19,0.03641360043841644,7.746304332987762e-27,0.9724234387684823,0.23901148600144656,0.0015756718485278615,0.5652820998511706,1.0,0.0028000655535788763,0.9999999999999541,0.0008499884728391249,0.0007982210227401261,0.0007982210227401261,0.0007982210227337869,,0.0,0.0,0.020163910573049823,2.821651517786773e-18,,,,,0.4782608695652174,,0.0,1.0,0.8604651162790697,1.908388337924638e-18,1.908388337924638e-18,0.9302325581395349,0.5744527218307418,0.17892707859001003,525,1.7419045884794828,0.8455366949717215,1004,338.70414818835627,0.8417270335568429,764.5,689.4702419882276,0.7422420214513186,220,986.6382352941176,846.0,585.0035688138154,340,0.4652856568234462,0.8173890317607586,0.42908333069536003,4,166.0
db13,1.0,periodization,9.603060250395037e-27,317.4233022057389,4962171.96342522,0.529126213592233,96.01245857784504,206,smoothed,6.840564845939971e-14,-2.0712920267840265e-10,6.194157733055195,31688.237398435296,0.9829511811952784,0.00014966566451320276,1.0,362.4000000000001,,,,[],[],11,426.59999999999997,32.199999999999875,728.4000000000001,"[9, 31, 53, 64, 80, 102, 131, 148, 158, 175, 192]","[310.9999999999999, 417.79999999999995, 589.6000000000001, 432.20000000000016, 728.4000000000001, 370.9999999999999, 586.9999999999999, 32.199999999999875, 448.19999999999993, 367.9999999999998, 407.19999999999965]","[1, 1, 1, 60, 1, 94, 120, 144, 144, 165, 186]","[20, 40, 75, 75, 203, 120, 203, 149, 203, 186, 203]",30736475.840000004,728.4000000000001,-728.4000000000001,0.0,,,,DWT,mdp.39015067403892,7.450580596923828e-09,,0.0,33.0,11.0,0.0,33.0,,1.1368683772161603e-13,168.40000000000003,987.7999999999993,168.39999999999992,,0.0,168.40000000000003,,,27.999999999999886,0.0,33.0,1.1368683772161603e-13,1.1368683772161603e-13,,1.1368683772161603e-13,1.0144070728110151e-13,2.3316424170804007e-26,0.9707966133187182,0.08628828841958802,0.062440934585847555,0.11027684467067218,0.026847626163012905,,0.99999966461065,4.4059199552998455e-09,4.4059199552998455e-09,3.678608697986637e-09,,1.2251610931599486e-12,0.9999999955940747,7.585973278963461e-14,,,,,,1.5893391424973748e-13,1.0,1.0,1.7477015598164352e-13,1.7477015598164352e-13,0.9999999009281668,0.3759218679428742,290,0.7116923678274534,0.36130334396322933,774,0,0.3333333060580818,0.4742677179634515,290,0.0,0.17952147245113437,0.31672446441232294,798,286.5333023111508,0.6996506265082276,538.0,423.65367695058615,0.5678546633589356,693,db,0.573477938514061,0.8443824841957417,0.34525069778143475,3,520.5,6.808387910965586e-14,0.999999999970514,5.998883834420579e-27,0.9574411379826305,0.7435555180800864,0.0001635710552433554,0.09049565661727149,0.0002614934985440938,0.9999999997235073,2.031581192130094e-05,4.745387416349445e-11,4.745387416349445e-11,3.962036254634427e-11,,1.2251610931599486e-12,0.0031261328403482946,7.585973278963461e-14,,,,,0.0,,7.374542113937972e-14,1.0,1.0,1.4238426238064856e-13,1.4238426238064856e-13,1.0,0.4015691612048533,0.11457677215664173,1062,1.6826270872841467,0.7778535211582881,904,111.72287142747452,0.9414450359394788,983.0,976.651068158698,0.7131229372569512,293,0.49117026184683504,0.8233619396015222,0.4091722348267588,4,220.75,,,,,,,,,,,,,4.571409022812087e-19,0.9999999999715833,5.998883834420579e-27,0.9691294963095969,0.22985964299110934,0.001299677885323885,0.06846164253822229,1.0,0.0002614934985440938,0.9999999999999541,9.960751159770272e-05,3.8434858594393884e-14,3.8434858594393884e-14,3.209010748100871e-14,,0.0,9.572760819061336e-19,0.004567040150618464,7.054128794466933e-19,,,,,0.13043478260869565,,2.3332883504384434e-21,1.0,1.0,4.770970844811595e-19,4.770970844811595e-19,1.0,0.4544873153722995,0.14156097535167125,1027,1.8245466126301377,0.8856519024453489,652,265.1650429449553,0.876091101427591,839.5,797.6223942823109,0.7419006909007113,221,1009.0473684210526,935.5,610.6543869996938,760,0.4758535102197843,0.8532293215616218,0.41093374637766444,5,167.0
db33,1.0,antireflect,1.4139837730665406e-26,317.96734821345615,7294061.673813796,0.6296296296296297,309.23477741440615,206,raw,8.11389790307605e-14,-2.092319650870449e-10,6.804021110218777,153612.26249998927,0.9153019646162958,5.618943883690062e-06,1.0,327.0000000000001,,,,[],[],13,661.1538461538462,86.99999999999989,939.9999999999999,"[8, 32, 51, 63, 81, 100, 111, 133, 152, 162, 175, 192, 204]","[878.0, 638.0000000000003, 787.0000000000003, 792.0000000000002, 939.9999999999999, 787.9999999999999, 637.0, 674.9999999999998, 771.0, 196.0000000000001, 834.0, 571.9999999999999, 86.99999999999989]","[0, 13, 42, 42, 76, 99, 107, 107, 107, 161, 99, 187, 203]","[76, 42, 61, 76, 205, 164, 119, 142, 164, 164, 205, 205, 205]",37754613.0,940.9999999999999,-940.9999999999999,0.0,,,,DWT,mdp.39015067403892,0.0,,0.0,33.0,19.0,0.0,28.5,,1.1368683772161603e-13,256.3413461538462,4359.0,256.3413461538462,,0.0,256.3413461538462,,,83.99999999999989,0.0,24.0,1.1368683772161603e-13,1.1368683772161603e-13,,1.1368683772161603e-13,8.417266319536187e-14,9.209407987058837e-27,0.9594487909170926,0.9542327213054121,0.0017534596222208243,0.5436507936507938,0.0077621376796634025,0.9999999997234758,0.47422802461146824,6.6959667625959335e-09,6.6959667625959335e-09,6.082000342865356e-09,,5.718550876340534e-12,0.9999999933040264,1.3612963731558036e-13,,,,,,0.0,1.0,0.5,1.4238426238064856e-13,1.4238426238064856e-13,0.7922684098806181,0.2590182137502059,420,1.6742275374356703,0.8041371560096452,169,0,0.24785233644963062,0.29613842720033184,420,0.0,0.4333559878623428,0.7871247166284892,183,140.98936130077334,0.8522124095379735,298.0,247.77704655354947,0.7699217183958211,207,db,0.540986235965534,0.9305070477545101,0.3421575204977732,3,156.0,8.417266319536187e-14,0.0001547883299646835,9.209407987058837e-27,0.9594487909170926,0.9542327213054123,0.0027851269093070105,0.6570175438596493,0.010109475353211357,0.9999999997234756,0.9919828214561996,0.9855281704452468,0.9855281704452468,0.9855281704451347,,1.2251610931599486e-12,0.9999999999667601,7.585973278963461e-14,,,,,1.0,,0.0,1.0,0.5,1.4238426238064856e-13,1.4238426238064856e-13,0.0,2.234570199821636,0.6375734627748866,424,1.7210754427311645,0.7956276250540479,536,79.19595949289332,0.9584926837039344,480.0,473.4666666666667,0.8534601783299547,107,0.49117026184683504,0.8233619396015222,0.4091722348267588,4,81.25,,,,,,,,,,,,,5.65167080720623e-19,0.03641360043841641,9.209407987058837e-27,0.9705857677977082,0.29498751245374033,0.001912707949162409,0.4970459567942995,1.0,0.010109475353211357,0.9999999999999541,0.0008499884728391206,0.0007982210227401261,0.0007982210227401261,0.0007982210227337874,,0.0,9.572760819061336e-19,0.020163910573049823,7.054128794466933e-19,,,,,0.4782608695652174,,0.0,1.0,0.8604651162790697,4.770970844811595e-19,4.770970844811595e-19,0.9302325581395349,0.5744527218307418,0.17892707859001003,435,1.7445878238705872,0.846839162396993,996,396.6869042456532,0.8146322877356761,715.5,605.5345911949686,0.7401432466715763,222,1009.0473684210526,935.5,610.6543869996938,760,0.4758535102197843,0.8532293215616218,0.41093374637766444,5,167.75
db25,1.0,periodization,2.019375244277668e-26,314.19522846348764,4964805.0919554485,0.5242718446601942,100.84950646390523,206,smoothed,9.630237880986863e-14,-2.0430794833714617e-10,6.190872606419695,31688.237398435285,0.9836357782799718,0.00014966566451320284,0.9999999999999999,362.4000000000001,,,,[],[],11,426.59999999999997,32.19999999999993,728.3999999999997,"[9, 31, 53, 64, 80, 102, 131, 148, 158, 175, 192]","[311.0000000000001, 417.79999999999984, 589.5999999999997, 432.1999999999996, 728.3999999999997, 371.00000000000006, 587.0000000000002, 32.19999999999993, 448.20000000000016, 368.0000000000003, 407.2]","[1, 1, 1, 60, 1, 94, 120, 144, 144, 165, 186]","[20, 40, 75, 75, 203, 120, 203, 149, 203, 186, 203]",30736475.84,728.3999999999997,-728.3999999999997,0.0,,,,DWT,mdp.39015067403892,3.725290298461914e-09,,0.0,33.0,11.0,0.0,33.0,,2.2737367544323206e-13,168.40000000000003,987.7999999999993,168.4,,0.0,168.40000000000003,,,27.999999999999943,0.0,33.0,2.2737367544323206e-13,2.2737367544323206e-13,,1.1368683772161603e-13,1.6272591629990029e-13,5.431114026588221e-26,0.9585318283324835,0.08154980841716261,0.06357095452601413,0.07693226515562712,0.026847626163012814,,0.9999996646602125,4.4059199552998455e-09,4.4059199552998455e-09,3.6786974161203912e-09,,1.2251610931599486e-12,0.9999999955940747,1.5171946557926922e-13,,,,,,7.946695712486874e-14,1.0,1.0,3.4954031196328703e-13,3.4954031196328703e-13,0.9999999009431303,0.3759218679484993,271,0.6891914349985833,0.3498803434634772,823,0,0.33333330606224837,0.4742677179693797,271,0.0,0.17249035465635187,0.30431966966901663,858,329.1113033610362,0.6550195981540501,555.75,409.80911747872784,0.5362362141713647,780,db,0.573477938514061,0.8443824841957417,0.34525069778143475,3,585.75,1.0333188188399135e-13,0.9999999999705145,1.34935589038208e-26,0.9455288150736119,0.7424206716247588,0.0001665312696489381,0.06313234542667362,0.00026149349854409296,0.9999999997235498,2.0315811922300142e-05,4.745387416349445e-11,4.745387416349445e-11,3.962136174706643e-11,,1.2251610931599486e-12,0.0031261328403482946,1.5171946557926922e-13,,,,,0.0,,3.687271056968986e-14,1.0,1.0,2.847685247612971e-13,2.847685247612971e-13,1.0,0.40156916120493036,0.11457677215666372,1032,1.663968425942063,0.7692278990375448,1026,4.242640687119285,0.9977763937698536,1029.0,1028.9912536443148,0.7292341088346124,260,0.49117026184683504,0.8233619396015222,0.4091722348267588,4,196.0,,,,,,,,,,,,,6.938093178090343e-19,0.9999999999715838,1.34935589038208e-26,0.9604887716545522,0.2295088213043241,0.00130037010800654,0.04776079015018275,0.9999999999999999,0.00026149349854409296,0.9999999999999541,9.960751159770347e-05,3.8434858594393884e-14,3.8434858594393884e-14,3.209086642252945e-14,,0.0,9.572760819061336e-19,0.004567040150618464,1.4108257588933865e-18,,,,,0.13043478260869565,,1.1666441752192217e-21,1.0,1.0,9.54194168962319e-19,9.54194168962319e-19,1.0,0.4544873153722995,0.14156097535167125,1058,1.810906772149844,0.8790309969629674,786,192.33304448274092,0.9101247455688126,922.0,901.939262472885,0.7396418120367427,223,1009.0473684210526,935.5,610.6543869996938,760,0.4758535102197843,0.8532293215616218,0.41093374637766444,5,168.5
coif17,1.0,smooth,3.648976447952784e-26,313.85008186602266,894322693.1645592,0.5816993464052288,288.0832440036805,206,raw,1.3846960255868553e-13,-2.1525670135247582e-10,4.950347879280946,11941378.983947147,0.9991646538029741,5.618943883690064e-06,0.9999999999999998,327.0000000000001,,,,[],[],13,661.1538461538462,86.99999999999991,939.9999999999994,"[8, 32, 51, 63, 81, 100, 111, 133, 152, 162, 175, 192, 204]","[878.0000000000001, 638.0000000000003, 787.0000000000007, 792.0, 939.9999999999994, 788.0, 637.0, 674.9999999999997, 771.0000000000005, 196.0, 834.0000000000006, 571.9999999999997, 86.99999999999991]","[0, 13, 39, 39, 76, 99, 107, 107, 107, 161, 99, 187, 203]","[76, 39, 61, 76, 205, 164, 119, 142, 164, 164, 205, 205, 205]",37754613.00000001,940.9999999999995,-940.9999999999995,0.0,,,,DWT,mdp.39015067403892,7.450580596923828e-09,,0.0,33.0,19.0,0.0,28.5,,4.547473508864641e-13,256.3413461538462,4359.0,256.3413461538462,,0.0,256.3413461538462,,,83.99999999999991,0.0,19.5,5.684341886080801e-13,4.547473508864641e-13,,1.1368683772161603e-13,1.5661090064395656e-13,2.5025696078984942e-26,0.9442551459916024,0.3138816088907934,1.0,0.18417366946778735,0.9621350591635162,0.9999999997233849,0.47422802461150126,6.6959667625959335e-09,6.6959667625959335e-09,6.082000342865356e-09,,5.718550876340534e-12,0.9999999933040264,6.806481865779018e-13,,,,,,7.374542113937972e-14,1.0,0.0,5.695370495225942e-13,5.695370495225942e-13,0.742268409881108,0.2426715936832328,716,2.0820173833822806,1.0,1,0,0.20618566978308944,0.2463543448307166,717,0.0,0.5505556854046552,1.0,1,413.09431933478174,0.5669870866511721,358.75,1.9972125421984737,0.595469434310911,557,coif,0.5507900112560971,0.8749445204262634,0.351963635992853,2,418.25,1.5661090064395654e-13,0.0001547883299646835,2.502569607898494e-26,0.9442551459916024,0.31388160889079353,1.0,0.38684210526315826,0.9622246362755247,0.9999999997233848,0.9919828214562001,0.9855281704452468,0.9855281704452468,0.9855281704451347,,1.2251610931599486e-12,0.9999999999667601,3.7929866394817307e-13,,,,,1.0,,7.374542113937972e-14,1.0,0.25,5.695370495225942e-13,5.695370495225942e-13,0.0,2.209570199821995,0.630440396841037,706,2.163167025044222,1.0,1,498.510280736516,0.7387262679578008,353.5,1.997171145685997,0.776726865635085,170,0.4784248188775415,0.776734912893196,0.43208215291776214,2,128.0,,,,,,,,,,,,,1.0515447909797115e-18,0.036413600438416426,2.502569607898494e-26,0.9595649028236497,0.0970320477849535,0.2351035043092347,0.29265322689757844,0.9999999999999998,0.9622246362755246,0.9999999999999541,0.000849988472839121,0.0007982210227401261,0.0007982210227401261,0.0007982210227337874,,0.0,9.572760819061336e-19,0.020163910573049823,3.5270643972334666e-18,,,,,0.4782608695652174,,2.3332883504384434e-21,1.0,0.7906976744186046,1.908388337924638e-18,1.908388337924638e-18,0.9302325581395349,0.5674759776446953,0.17675400427451057,927,2.0546819431420316,0.9973617331927999,9,649.1240251292506,0.6966710162947427,468.0,17.82692307692308,0.738989713754848,224,986.6382352941176,846.0,585.0035688138154,340,0.4652856568234462,0.8173890317607586,0.42908333069536003,4,169.0
db35,1.0,periodization,2.8447781887856394e-26,312.70691464724473,4962839.3786968,0.529126213592233,100.43527974926295,206,smoothed,1.1810620463918003e-13,-1.9936574613410642e-10,6.19332472695724,31688.237398435293,0.9829931344215036,0.0001496656645132029,1.0,362.4000000000001,,,,[],[],11,426.59999999999985,32.200000000000045,728.3999999999995,"[9, 31, 53, 64, 80, 102, 131, 148, 158, 175, 192]","[310.9999999999998, 417.79999999999967, 589.5999999999996, 432.2, 728.3999999999995, 371.0000000000001, 587.0000000000001, 32.200000000000045, 448.19999999999993, 368.00000000000017, 407.19999999999993]","[1, 1, 1, 60, 1, 94, 120, 144, 144, 165, 186]","[20, 40, 75, 75, 203, 120, 203, 149, 203, 186, 203]",30736475.839999996,728.3999999999995,-728.3999999999995,0.0,,,,DWT,mdp.39015067403892,0.0,,0.0,33.0,11.0,0.0,33.0,,4.547473508864641e-13,168.39999999999992,987.8000000000002,168.39999999999995,,0.0,168.39999999999992,,,28.000000000000057,0.0,33.0,4.547473508864641e-13,4.547473508864641e-13,,1.1368683772161603e-13,2.1062586753330249e-13,7.846737997556732e-26,0.9528771096346599,0.08508675704043081,0.06272735910200739,0.11027684467067218,0.026847626163012877,,0.9999996647593375,4.405801664454926e-09,4.405801664454926e-09,3.6786382706978885e-09,,1.2251610931599486e-12,0.9999999955941608,3.0343893115853844e-13,,,,,,0.0,1.0,1.0,6.990806239265741e-13,6.990806239265741e-13,0.999999900972998,0.3759218679597272,105,0.7004831121855523,0.3556127650982056,803,0,0.3333333060705555,0.4742677179811991,105,0.0,0.17683081380157054,0.311977414334893,833,411.8328949141063,0.5683093344715866,461.5,186.1033878342159,0.5422783569632565,767,db,0.573477938514061,0.8443824841957417,0.34525069778143475,3,576.0,1.3088139409088615e-13,0.9999999999705149,1.9334656688593917e-26,0.9400366001539258,0.7432677562607047,0.0001643213764976187,0.09049565661727149,0.0002614934985440938,0.9999999997236243,2.0315811924354055e-05,4.74525418958649e-11,4.74525418958649e-11,3.9620695613251655e-11,,1.2251610931599486e-12,0.003126132840348572,3.0343893115853844e-13,,,,,0.0,,0.0,1.0,1.0,5.695370495225942e-13,5.695370495225942e-13,1.0,0.40156916120510144,0.11457677215671253,1023,1.672040858837926,0.7729596649171112,972,36.062445840513924,0.9810993470437558,997.5,996.8481203007518,0.7291503024526955,261,0.49117026184683504,0.8233619396015222,0.4091722348267588,4,196.75,,,,,,,,,,,,,8.787871573851717e-19,0.9999999999715842,1.9334656688593917e-26,0.9565049376676974,0.2297706855058091,0.0012998533420038132,0.06846164253822229,1.0,0.0002614934985440938,0.9999999999999541,9.960751159770499e-05,3.8433882812438647e-14,3.8433882812438647e-14,3.209043274166046e-14,,0.0,9.572760819061336e-19,0.004567040150618468,2.821651517786773e-18,,,,,0.13043478260869565,,0.0,1.0,1.0,1.908388337924638e-18,1.908388337924638e-18,1.0,0.4544873153722995,0.14156097535167125,1056,1.8169274864306886,0.8819535076952217,756,212.13203435596427,0.9008728811420728,906.0,881.1655629139073,0.7387541975803822,225,1009.0473684210526,935.5,610.6543869996938,760,0.4758535102197843,0.8532293215616218,0.41093374637766444,5,170.0
coif1,1.0,periodization,3.0559003613323227e-27,324.6204005703888,5935901.588857919,0.6310679611650486,306.7384443472579,206,raw,3.432896405079591e-14,-2.1321078236269678e-10,6.360383917224624,63117.308605900645,0.7392911438696814,5.618943883690066e-06,1.0,327.0000000000001,,,,[],[],13,661.1538461538462,87.0,940.0000000000001,"[8, 32, 51, 63, 81, 100, 111, 133, 152, 162, 175, 192, 204]","[877.9999999999999, 638.0, 787.0000000000001, 792.0000000000001, 940.0000000000001, 788.0000000000001, 637.0, 675.0, 771.0, 195.99999999999994, 834.0000000000001, 571.9999999999999, 87.0]","[0, 13, 39, 39, 76, 99, 107, 107, 107, 161, 99, 187, 203]","[76, 39, 61, 76, 205, 164, 119, 142, 164, 164, 205, 205, 205]",37754613.0,941.0000000000001,-941.0000000000001,0.0,,,,DWT,mdp.39015067403892,0.0,,0.0,33.0,19.0,0.0,28.5,,1.1368683772161603e-13,256.3413461538462,4359.0,256.34134615384613,,0.0,256.3413461538462,,,84.0,0.0,19.5,1.1368683772161603e-13,1.1368683772161603e-13,,1.1368683772161603e-13,2.5027397167698402e-14,1.365679969688029e-27,0.9840000602914776,0.800978326031776,0.00022500996687219702,0.5544382801664359,0.00043539500072065546,0.9999999997234157,0.4742280246116003,6.6959667625959335e-09,6.6959667625959335e-09,6.0819563246244724e-09,,5.718550876340534e-12,0.9999999933040264,1.3612963731558036e-13,,,,,,0.0,1.0,0.0,1.4238426238064856e-13,1.4238426238064856e-13,0.7422684098806445,0.24267159368308125,778,1.6129511741304472,0.774705911201459,313,0,0.20618566978297126,0.24635434483057542,778,0.0,0.4175096338975903,0.7583422439652462,309,269.62752085052443,0.717371571435509,544.5,444.35418026131254,0.5733084272271884,621,coif,0.5507900112560971,0.8749445204262634,0.351963635992853,2,466.25,2.5027397167698396e-14,0.0001547883299646835,1.3656799696880297e-27,0.9840000602914776,0.800978326031776,0.0012582568752699524,0.6651251916198266,0.002800065553578875,0.9999999997234156,0.9919828214562016,0.9855281704452468,0.9855281704452468,0.9855281704451341,,1.2251610931599486e-12,0.9999999999667601,7.585973278963461e-14,,,,,1.0,,0.0,1.0,0.25,1.4238426238064856e-13,1.4238426238064856e-13,0.0,2.2095701998216364,0.6304403968409347,781,1.6587348668861348,0.766808502386553,1064,200.11121907579295,0.8951199061447626,922.5,900.7956639566396,0.7058146700535134,317,0.4784248188775415,0.776734912893196,0.43208215291776214,2,238.25,,,,,,,,,,,,,1.6804340576078027e-19,0.03641360043841643,1.3656799696880297e-27,0.9883942808993205,0.24761108967447695,0.0015556614902864888,0.5031795426870521,1.0,0.002800065553578875,0.9999999999999541,0.0008499884728391221,0.0007982210227401261,0.0007982210227401261,0.0007982210227337869,,0.0,9.572760819061336e-19,0.020163910573049823,7.054128794466933e-19,,,,,0.4782608695652174,,0.0,1.0,0.7906976744186046,4.770970844811595e-19,4.770970844811595e-19,0.9302325581395349,0.5674759776446953,0.17675400427451057,849,1.730935867549733,0.8402123757728706,1072,157.6848122046001,0.9263155083156074,960.5,947.5564809994795,0.7387418663073364,226,986.6382352941176,846.0,585.0035688138154,340,0.4652856568234462,0.8173890317607586,0.42908333069536003,4,170.5
db34,1.0,periodization,2.9606928075611866e-26,312.5334652558731,4961312.274958213,0.5339805825242718,101.35919637320129,206,smoothed,1.1771719061987846e-13,-2.0028700919994024e-10,6.195231047063829,31688.237398435293,0.9827889073841816,0.00014966566451320263,0.9999999999999999,362.3999999999999,,,,[],[],11,426.6000000000002,32.20000000000002,728.3999999999999,"[9, 31, 53, 64, 80, 102, 131, 148, 158, 175, 192]","[311.00000000000034, 417.8000000000003, 589.6, 432.20000000000005, 728.3999999999999, 370.99999999999966, 587.0000000000003, 32.20000000000002, 448.2000000000001, 368.0, 407.2000000000004]","[1, 1, 1, 60, 1, 94, 120, 144, 144, 165, 186]","[20, 40, 75, 75, 203, 120, 203, 149, 203, 186, 203]",30736475.83999999,728.3999999999999,-728.3999999999999,0.0,,,,DWT,mdp.39015067403892,7.450580596923828e-09,,0.0,33.0,11.0,0.0,33.0,,1.1368683772161603e-13,168.40000000000026,987.7999999999965,168.40000000000015,,0.0,168.40000000000026,,,28.00000000000003,0.0,33.0,1.1368683772161603e-13,1.1368683772161603e-13,,5.684341886080802e-14,2.097712582230132e-13,8.185973680640953e-26,0.952218103781317,0.08783644090518046,0.062071995090909576,0.14362142418571724,0.026847626163012877,,0.9999996647345563,4.406156536989685e-09,4.406156536989685e-09,3.6788452796766485e-09,,6.125805465799743e-13,0.9999999955938166,7.585973278963461e-14,,,,,,1.5893391424973748e-13,1.0,1.0,1.7477015598164352e-13,1.7477015598164352e-13,0.9999999009651164,0.37592186795676436,163,0.7144727004063902,0.3627148294638625,765,0,0.33333330606839395,0.47426771797812367,162,0.0,0.1817993700180496,0.3207432922272727,780,352.23713603196353,0.6307786834046504,467.5,268.5095433259984,0.5703683773417382,682,db,0.573477938514061,0.8443824841957417,0.34525069778143475,3,512.25,1.303898681285482e-13,0.9999999999705129,2.015494528516086e-26,0.939396532632745,0.7439262942276447,0.00016260457671595603,0.11785896780786931,0.0002614934985440938,0.9999999997236104,2.0315811923854454e-05,4.7456372165299854e-11,4.7456372165299854e-11,3.9622916059300906e-11,,6.125805465799743e-13,0.0031261328403475175,7.585973278963461e-14,,,,,0.0,,7.374542113937972e-14,1.0,1.0,1.4238426238064856e-13,1.4238426238064856e-13,1.0,0.40156916120454966,0.1145767721565551,1144,1.6829305533850298,0.7779938090312862,902,171.1198410471445,0.9103145487174296,1023.0,1008.6881720430108,0.6870755133524254,422,0.49117026184683504,0.8233619396015222,0.4091722348267588,4,317.5,,,,,,,,,,,,,8.754868662611023e-19,0.9999999999715824,2.015494528516086e-26,0.9560406581771732,0.2299742631786206,0.0012994518819784168,0.08916249492626177,0.9999999999999999,0.0002614934985440938,0.9999999999999541,9.960751159770467e-05,3.8436918578521606e-14,3.8436918578521606e-14,3.209227588535368e-14,,0.0,4.786380409530668e-19,0.004567040150618451,7.054128794466933e-19,,,,,0.13043478260869565,,2.3332883504384434e-21,1.0,1.0,4.770970844811595e-19,4.770970844811595e-19,1.0,0.4544873153722995,0.14156097535167125,1037,1.8250308477979822,0.8858869547014346,640,280.72139213105936,0.8688217793780096,838.5,791.5086463923673,0.7384996747357337,227,1009.0473684210526,935.5,610.6543869996938,760,0.4758535102197843,0.8532293215616218,0.41093374637766444,5,171.5
rbio1.3,1.0,antireflect,4.54555439507079e-27,320.67153015062536,4915426.767916965,0.5238095238095238,90.0931379035854,206,smoothed,4.773743428601837e-14,-2.1303110386838908e-10,6.215611953455537,32911.96133945578,0.9792910620051811,0.00014966566451320263,0.9999999999999999,362.4000000000001,,,,[],[],11,426.59999999999997,32.20000000000002,728.4000000000001,"[9, 31, 53, 64, 80, 102, 131, 148, 158, 175, 192]","[311.00000000000006, 417.79999999999995, 589.6, 432.20000000000005, 728.4000000000001, 371.00000000000017, 587.0000000000001, 32.20000000000002, 448.2, 368.0, 407.2]","[1, 1, 1, 60, 1, 94, 120, 144, 144, 165, 186]","[20, 40, 75, 75, 203, 120, 203, 149, 203, 186, 203]",30736475.840000007,728.4000000000001,-728.4000000000001,0.0,,,,DWT,mdp.39015067403892,1.1175870895385742e-08,,0.0,33.0,11.0,0.0,33.0,,1.1368683772161603e-13,168.40000000000003,987.7999999999993,168.40000000000006,,0.0,168.40000000000003,,,28.00000000000003,0.0,33.0,1.1368683772161603e-13,1.1368683772161603e-13,,1.1368683772161603e-13,5.6035535787959745e-14,8.515129289650513e-27,0.9831379724422334,0.11723394306682981,0.04238000614088151,0.07375659091609926,0.036995765020387,,0.9999996647345563,4.4059199552998455e-09,4.4059199552998455e-09,3.6787565615428943e-09,,1.2251610931599486e-12,0.9999999955940747,7.585973278963461e-14,,,,,,2.3840087137460624e-13,1.0,1.0,1.7477015598164352e-13,1.7477015598164352e-13,0.9999999009654228,0.37592186795687954,153,0.713990700443807,0.36247013357257024,768,0,0.3333333060684263,0.4742677179781697,154,0.0,0.17907203965521243,0.3159315433225271,806,366.0804784014939,0.6162678423464425,470.25,256.86747510954945,0.5616716570222778,706,rbio,0.7685897546424816,0.816051598246696,0.21717169227625407,5,530.75,4.196923193159831e-14,0.9999999999705129,2.4198578030049372e-27,0.9694278344620612,0.7509668749848828,0.00011101919552714478,0.06052631578947404,0.00036033547129108844,0.9999999997234184,2.0315811923854454e-05,4.745387416349445e-11,4.745387416349445e-11,3.9622027880881205e-11,,1.2251610931599486e-12,0.0031261328403482946,7.585973278963461e-14,,,,,0.0,,1.1061813170906958e-13,1.0,1.0,1.4238426238064856e-13,1.4238426238064856e-13,1.0,0.401569161204873,0.11457677215664736,1052,1.6815503081522816,0.7773557421521371,916,96.16652224137046,0.9495982587833488,984.0,979.3008130081301,0.7169374941715486,282,0.3888041033402703,1.0,0.4278371276618108,3,212.25,,,,,,,,,,,,,2.81797288934719e-19,0.9999999999715824,2.4198578030049372e-27,0.9778241685908479,0.23215075886718398,0.0012873890493386726,0.04578928039894109,0.9999999999999999,0.00036033547129108844,0.9999999999999541,9.960751159770467e-05,3.8434858594393884e-14,3.8434858594393884e-14,3.2091408523615694e-14,,0.0,9.572760819061336e-19,0.004567040150618464,7.054128794466933e-19,,,,,0.13043478260869565,,3.499932525657665e-21,1.0,1.0,4.770970844811595e-19,4.770970844811595e-19,1.0,0.4544873153722995,0.14156097535167125,1046,1.8218734214523193,0.8843543105746636,680,258.8010819142764,0.8790649149933288,863.0,824.1946697566627,0.7378969434779727,228,818.67,599.5,715.6978453131971,300,0.38607403914171184,1.0,0.42974817260080167,3,171.75
sym9,1.0,symmetric,6.645120714350871e-26,309.02236999561404,5140076.723700944,0.5315315315315315,86.2777415602499,206,smoothed,2.0491052220712698e-13,-1.816271799626184e-10,6.28978365687697,32608.77471059461,0.9800777227497002,0.00014966566451320244,0.9999999999999999,362.3999999999999,,,,[],[],11,426.5999999999997,32.20000000000019,728.3999999999996,"[9, 31, 53, 64, 80, 102, 131, 148, 158, 175, 192]","[310.99999999999983, 417.79999999999984, 589.5999999999997, 432.199999999999, 728.3999999999996, 370.99999999999966, 586.9999999999995, 32.20000000000019, 448.1999999999995, 367.99999999999966, 407.1999999999999]","[1, 1, 1, 60, 1, 94, 120, 144, 144, 165, 186]","[20, 40, 75, 75, 203, 120, 203, 149, 203, 186, 203]",30736475.839999974,728.3999999999999,-728.3999999999999,0.0,,,,DWT,mdp.39015067403892,2.2351741790771484e-08,,0.0,33.0,11.0,0.0,33.0,,1.1368683772161603e-13,168.39999999999975,987.800000000002,168.39999999999972,,0.0,168.39999999999975,,,28.0000000000002,0.0,33.0,3.410605131648481e-13,1.1368683772161603e-13,,5.684341886080802e-14,4.013227943434508e-13,1.8968819114094027e-25,0.938878003191411,0.22421950934919782,0.1387896294004817,0.12679893361956857,0.03448148879660361,,0.9999996648832438,4.405624228187547e-09,4.405624228187547e-09,3.678401689007877e-09,,6.125805465799743e-13,0.9999999955943328,2.275791983689038e-13,,,,,,4.768017427492125e-13,1.0,1.0,1.7477015598164352e-13,1.7477015598164352e-13,0.9999999010097629,0.37592186797354793,64,0.8093435402562756,0.4108777060547689,471,0,0.333333306080741,0.4742677179956911,64,0.0,0.20902393776538064,0.36877479799033686,498,243.0258902531443,0.7452558802377942,274.25,113.05447233456091,0.728891042844264,265,sym,1.0,1.0,0.0,7,200.5,2.4056015529409155e-13,0.9999999999705116,4.622839683715931e-26,0.9264397962493431,0.7765894777192234,0.0003635750535837826,0.10405405405405432,0.0003358466437846505,0.9999999997238916,2.0315811926907568e-05,4.7450710027874266e-11,4.7450710027874266e-11,3.961819761144625e-11,,6.125805465799743e-13,0.0031261328403491273,2.275791983689038e-13,,,,,0.0,,2.2123626341813917e-13,1.0,1.0,1.4238426238064856e-13,1.4238426238064856e-13,1.0,0.4015691612046962,0.11457677215659691,1135,1.6860963642959275,0.7794573164138624,881,179.60512242138307,0.9058673362571368,1008.0,991.9990079365078,0.6887827247323419,411,0.7763846615972358,0.5622554397616224,0.28785410495344815,6,309.75,,,,,,,,,,,,,1.615211822271925e-18,0.9999999999715811,4.622839683715931e-26,0.9466423575793765,0.24007162311176108,0.0013464472355479277,0.07871882164941313,0.9999999999999999,0.0003358466437846509,0.9999999999999543,9.960751159770694e-05,3.843236492939717e-14,3.843236492939717e-14,3.2088372757532735e-14,,0.0,4.786380409530668e-19,0.0045670401506184765,2.11623863834008e-18,,,,,0.13043478260869565,,6.99986505131533e-21,1.0,1.0,4.770970844811595e-19,4.770970844811595e-19,1.0,0.4544873153722995,0.14156097535167125,1050,1.8203163170300154,0.883598477599845,699,248.19448019647817,0.8840212709362252,874.5,839.2795883361921,0.7376882055615706,229,1409.1368421052632,1454.5,398.32527672708756,380,0.6645304607900322,0.5565550872278735,0.3678621512786154,7,173.5
db4,1.0,periodic,3.0443137982165046e-27,324.6368983075009,6054536.427021185,0.6320754716981132,302.65442972461625,206,raw,3.174159963996274e-14,-2.1193802268726635e-10,6.350251781198611,62788.73031653349,0.7634917832618371,5.618943883690066e-06,1.0,327.00000000000006,,,,[],[],13,661.1538461538462,87.00000000000004,940.0,"[8, 32, 51, 63, 81, 100, 111, 133, 152, 162, 175, 192, 204]","[878.0000000000001, 638.0000000000001, 787.0, 791.9999999999999, 940.0, 788.0, 637.0000000000001, 675.0, 771.0, 195.99999999999994, 834.0, 572.0, 87.00000000000004]","[0, 13, 39, 39, 76, 99, 107, 107, 107, 161, 99, 187, 203]","[76, 39, 61, 76, 205, 164, 119, 142, 164, 164, 205, 205, 205]",37754613.0,941.0,-941.0,0.0,,,,DWT,mdp.39015067403892,0.0,,0.0,33.0,19.0,0.0,28.5,,0.0,256.3413461538462,4359.0,256.34134615384613,,0.0,256.3413461538462,,,84.00000000000004,0.0,19.5,0.0,0.0,,5.684341886080802e-14,2.1758217346783253e-14,1.3574805504105416e-27,0.984060940676326,0.7974781813098762,0.00035851954318173414,0.5619946091644202,0.0004087923176705279,0.9999999997234349,0.4742280246116498,6.6959667625959335e-09,6.6959667625959335e-09,6.0819563246244724e-09,,2.859275438170267e-12,0.9999999933040264,0.0,,,,,,0.0,1.0,0.0,0.0,0.0,0.7422684098791047,0.24267159368257785,856,1.6143162753145412,0.7753615739231009,307,0,0.20618566978270209,0.24635434483025379,855,0.0,0.4180376303418664,0.7593012685621642,298,319.29610082179204,0.6653080704174088,579.0,446.8850010875493,0.5291949157118491,765,db,0.540986235965534,0.9305070477545101,0.3421575204977732,3,574.5,2.175821734678324e-14,0.0001547883299646835,1.3574805504105416e-27,0.984060940676326,0.7974781813098764,0.0013916284721757852,0.6708043694141012,0.0027735258045111246,0.9999999997234348,0.9919828214562024,0.9855281704452468,0.9855281704452468,0.9855281704451341,,6.125805465799743e-13,0.9999999999667601,0.0,,,,,1.0,,0.0,1.0,0.25,0.0,0.0,0.0,2.2095701998212354,0.6304403968408202,858,1.6593490637726367,0.7670924364884466,1059,142.12846301849606,0.9255091912900963,958.5,947.962441314554,0.7115753503620292,301,0.49117026184683504,0.8233619396015222,0.4091722348267588,4,226.75,,,,,,,,,,,,,1.4609289658597732e-19,0.03641360043841643,1.3574805504105416e-27,0.9884384411060565,0.2465290695742557,0.0015868493814156026,0.5074759460128713,1.0,0.0027735258045111246,0.9999999999999541,0.0008499884728391227,0.0007982210227401261,0.0007982210227401261,0.0007982210227337869,,0.0,4.786380409530668e-19,0.020163910573049823,0.0,,,,,0.4782608695652174,,0.0,1.0,0.7906976744186046,0.0,0.0,0.9302325581395349,0.5674759776446953,0.17675400427451057,781,1.7321448929999292,0.8407992479758929,1070,204.35385976291224,0.9045075421668635,925.5,902.9389519178823,0.7360154533264224,230,1009.0473684210526,935.5,610.6543869996938,760,0.4758535102197843,0.8532293215616218,0.41093374637766444,5,173.75
db4,1.0,reflect,3.055587616201799e-27,324.6208450562,5995763.60585139,0.6320754716981132,302.65442972461625,206,raw,3.181058437158994e-14,-2.120089659385399e-10,6.3525101436259,62061.40652917628,0.7585695007880578,5.618943883690066e-06,0.9999999999999999,327.00000000000006,,,,[],[],13,661.1538461538462,87.00000000000006,940.0,"[8, 32, 51, 63, 81, 100, 111, 133, 152, 162, 175, 192, 204]","[878.0000000000001, 638.0000000000001, 787.0, 791.9999999999999, 940.0, 788.0, 637.0000000000001, 675.0, 771.0, 195.99999999999994, 834.0, 572.0, 87.00000000000006]","[0, 13, 39, 39, 76, 99, 107, 107, 107, 161, 99, 187, 203]","[76, 39, 61, 76, 205, 164, 119, 142, 164, 164, 205, 205, 205]",37754613.0,941.0,-941.0,0.0,,,,DWT,mdp.39015067403892,0.0,,0.0,33.0,19.0,0.0,28.5,,0.0,256.3413461538462,4359.0,256.34134615384613,,0.0,256.3413461538462,,,84.00000000000006,0.0,19.5,0.0,0.0,,5.684341886080802e-14,2.184538075200078e-14,1.3654586505249149e-27,0.9840017005447473,0.7982583322385373,0.0002923776360119638,0.5619946091644202,0.0003499060040703568,0.9999999997234339,0.47422802461166635,6.6959667625959335e-09,6.6959667625959335e-09,6.0819563246244724e-09,,2.859275438170267e-12,0.9999999933040264,0.0,,,,,,0.0,1.0,0.0,0.0,0.0,0.7422684098791097,0.24267159368257948,851,1.6146141812208992,0.7755046591387843,306,0,0.20618566978270347,0.24635434483025545,853,0.0,0.4181121156639054,0.75943655973073,296,318.1472405454221,0.6665123264723039,576.5,444.75214825651057,0.5311073162759843,757,db,0.540986235965534,0.9305070477545101,0.3421575204977732,3,568.5,2.184538075200077e-14,0.0001547883299646835,1.3654586505249156e-27,0.9840017005447473,0.7982583322385374,0.0013255549213079627,0.6708043694141012,0.002714778798296429,0.9999999997234338,0.9919828214562026,0.9855281704452468,0.9855281704452468,0.9855281704451341,,6.125805465799743e-13,0.9999999999667601,0.0,,,,,1.0,,0.0,1.0,0.25,0.0,0.0,0.0,2.2095701998212354,0.6304403968408202,856,1.6596470595800996,0.7672301955260118,1055,140.71424945612296,0.9262503933668118,955.5,945.1386708529566,0.7127321149223996,295,0.49117026184683504,0.8233619396015222,0.4091722348267588,4,222.25,,,,,,,,,,,,,1.4667814463923337e-19,0.03641360043841643,1.3654586505249156e-27,0.9883954706737228,0.24677024216941607,0.0015713986050975041,0.5074759460128713,0.9999999999999999,0.002714778798296429,0.9999999999999541,0.0008499884728391229,0.0007982210227401261,0.0007982210227401261,0.0007982210227337869,,0.0,4.786380409530668e-19,0.020163910573049823,0.0,,,,,0.4782608695652174,,0.0,1.0,0.7906976744186046,0.0,0.0,0.9302325581395349,0.5674759776446953,0.17675400427451057,774,1.732208472847464,0.8408301102254713,1069,208.59650045003153,0.9025249997897049,921.5,897.8903960933261,0.7359587615770955,231,1009.0473684210526,935.5,610.6543869996938,760,0.4758535102197843,0.8532293215616218,0.41093374637766444,5,174.5
db35,1.0,periodization,3.5965987175812044e-26,313.9128726176382,5896256.241883156,0.6407766990291263,300.4811518283469,206,raw,1.295599481247368e-13,-2.0091628361029995e-10,6.403149973675816,63117.308605900675,0.7701245148305514,5.618943883690066e-06,1.0,326.99999999999994,,,,[],[],13,661.1538461538462,87.00000000000004,940.0000000000001,"[8, 32, 51, 63, 81, 100, 111, 133, 152, 162, 175, 192, 204]","[877.9999999999994, 638.0000000000001, 787.0000000000002, 792.0000000000008, 940.0000000000001, 787.9999999999998, 636.9999999999995, 674.9999999999998, 770.9999999999997, 196.0000000000001, 833.9999999999999, 571.9999999999998, 87.00000000000004]","[0, 13, 39, 39, 76, 99, 107, 107, 107, 161, 99, 187, 203]","[76, 39, 61, 76, 205, 164, 119, 142, 164, 164, 205, 205, 205]",37754613.0,941.0,-941.0,0.0,,,,DWT,mdp.39015067403892,0.0,,0.0,33.0,19.0,0.0,28.5,,0.0,256.3413461538462,4359.0,256.3413461538461,,0.0,256.3413461538462,,,84.00000000000004,0.0,19.5,1.1368683772161603e-13,0.0,,5.684341886080802e-14,1.4535339769429935e-13,2.4655036576398295e-26,0.9444868580801938,0.815751853191281,0.000180393785325585,0.6272538141470184,0.00043539500072065784,0.999999999723601,0.4742280246116498,6.6959667625959335e-09,6.6959667625959335e-09,6.081912306383589e-09,,2.859275438170267e-12,0.9999999933040264,1.3612963731558036e-13,,,,,,0.0,1.0,0.0,0.0,0.0,0.7422684098791595,0.24267159368259578,838,1.6257339218849993,0.7808455082368048,262,0,0.20618566978270975,0.24635434483026294,841,0.0,0.4235135392410357,0.7692474175972877,235,341.39420030223124,0.6421444441276403,544.0,382.61068465373955,0.5359569180805916,745,db,0.540986235965534,0.9305070477545101,0.3421575204977732,3,559.5,1.4535339769429935e-13,0.0001547883299646835,2.4655036576398292e-26,0.9444868580801938,0.8157518531912811,0.0012136868036301766,0.7198518140010223,0.0028000655535788776,0.9999999997236009,0.9919828214562024,0.9855281704452468,0.9855281704452468,0.9855281704451335,,6.125805465799743e-13,0.9999999999667601,7.585973278963461e-14,,,,,1.0,,0.0,1.0,0.25,0.0,0.0,0.0,2.209570199821273,0.630440396840831,841,1.6642820730558856,0.7693728934416715,1015,123.03657992645927,0.9355154193257551,928.0,919.8437500000001,0.7245711268536532,269,0.49117026184683504,0.8233619396015222,0.4091722348267588,4,202.75,,,,,,,,,,,,,9.759576604704305e-19,0.03641360043841643,2.4655036576398292e-26,0.9597329775452683,0.2521781160713378,0.0015452391321970104,0.5445812474631311,1.0,0.0028000655535788776,0.9999999999999541,0.0008499884728391227,0.0007982210227401261,0.0007982210227401261,0.0007982210227337863,,0.0,4.786380409530668e-19,0.020163910573049823,7.054128794466933e-19,,,,,0.4782608695652174,,0.0,1.0,0.7906976744186046,0.0,0.0,0.9302325581395349,0.5674759776446953,0.17675400427451057,751,1.732578069467119,0.8410095158636001,1067,223.44574285494903,0.89558610146965,909.0,881.5368536853686,0.7354098731647316,232,1009.0473684210526,935.5,610.6543869996938,760,0.4758535102197843,0.8532293215616218,0.41093374637766444,5,175.25
db28,1.0,smooth,1.61173789476445e-26,317.3988482980276,374276670.33402944,0.5769230769230769,273.2504964011163,206,raw,9.11051169780267e-14,-2.026128154142299e-10,4.233576493855293,5662346.555573532,0.9979738197864139,5.618943883690066e-06,0.9999999999999999,327.0,,,,[],[],13,661.1538461538462,86.99999999999989,939.9999999999998,"[8, 32, 51, 63, 81, 100, 111, 133, 152, 162, 175, 192, 204]","[877.9999999999997, 638.0000000000002, 787.0, 791.9999999999998, 939.9999999999998, 788.0, 637.0, 675.0000000000001, 771.0000000000001, 195.9999999999999, 834.0, 571.9999999999999, 86.99999999999989]","[0, 13, 42, 42, 76, 99, 107, 107, 107, 161, 99, 187, 203]","[76, 39, 61, 76, 205, 164, 119, 142, 164, 164, 205, 205, 205]",37754613.0,940.9999999999998,-940.9999999999998,0.0,,,,DWT,mdp.39015067403892,0.0,,0.0,33.0,19.0,0.0,28.5,,2.2737367544323206e-13,256.3413461538462,4359.0,256.3413461538461,,0.0,256.3413461538462,,,83.99999999999989,0.0,24.0,2.2737367544323206e-13,2.2737367544323206e-13,,0.0,9.67650513928821e-14,1.0608847097211243e-26,0.9573508975270822,0.06627305181405929,0.4147492823818549,0.14835164835164788,0.4537657756201202,0.9999999997235755,0.47422802461146824,6.6959667625959335e-09,6.6959667625959335e-09,6.081912306383589e-09,,0.0,0.9999999933040264,2.7225927463116073e-13,,,,,,0.0,1.0,0.5,2.847685247612971e-13,2.847685247612971e-13,0.7922684098778575,0.2590182137493034,514,1.4557686750923726,0.6992106246142125,701,0,0.24785233644918186,0.29613842719979566,513,0.0,0.38006133192730457,0.6903231444208259,687,104.36913656185274,0.8905983893481627,603.75,590.2333529450963,0.6288683770640184,467,db,0.540986235965534,0.9305070477545101,0.3421575204977732,3,351.0,9.67650513928821e-14,0.0001547883299646835,1.0608847097211243e-26,0.9573508975270822,0.06627305181405929,0.4153541269725327,0.3599190283400808,0.45505800223448234,0.9999999997235753,0.9919828214561996,0.9855281704452468,0.9855281704452468,0.9855281704451335,,0.0,0.9999999999667601,1.5171946557926922e-13,,,,,1.0,,0.0,1.0,0.5,2.847685247612971e-13,2.847685247612971e-13,0.0,2.2345701998211176,0.6375734627747387,505,1.5412613765278191,0.7125022518759553,1485,692.9646455628166,0.6368109824094252,995.0,753.6934673366834,0.5576612564038741,1115,0.49117026184683504,0.8233619396015222,0.4091722348267588,4,837.25,,,,,,,,,,,,,6.497171354144548e-19,0.03641360043841643,1.0608847097211243e-26,0.9690640394767781,0.02048737405546386,0.09838869950757614,0.2722854198973803,0.9999999999999999,0.45505800223448234,0.9999999999999541,0.0008499884728391206,0.0007982210227401261,0.0007982210227401261,0.0007982210227337863,,0.0,0.0,0.020163910573049823,1.4108257588933865e-18,,,,,0.4782608695652174,,0.0,1.0,0.8604651162790697,9.54194168962319e-19,9.54194168962319e-19,0.9302325581395349,0.5744527218307418,0.17892707859001003,358,1.7427379094518385,0.8459411967254205,1001,454.66966030295004,0.7875375419145093,679.5,527.3848417954379,0.735007088714264,233,1009.0473684210526,935.5,610.6543869996938,760,0.4758535102197843,0.8532293215616218,0.41093374637766444,5,176.0
rbio2.8,1.0,symmetric,5.0892710298615675e-27,320.1808429434142,5061062.666186758,0.527027027027027,113.41631251273384,206,smoothed,4.85652510655447e-14,-2.132859444614614e-10,6.324543150161795,30904.64773795295,0.9710787203534634,0.00014966566451320263,0.9999999999999999,362.4000000000001,,,,[],[],11,426.60000000000014,32.20000000000002,728.4000000000001,"[9, 31, 53, 64, 80, 102, 131, 148, 158, 175, 192]","[311.0000000000001, 417.79999999999995, 589.6000000000001, 432.20000000000016, 728.4000000000001, 371.00000000000017, 587.0000000000002, 32.20000000000002, 448.20000000000016, 368.0000000000002, 407.2000000000002]","[1, 1, 1, 60, 1, 94, 120, 144, 144, 165, 186]","[20, 40, 75, 75, 203, 120, 203, 149, 203, 186, 203]",30736475.84000001,728.4000000000001,-728.4000000000001,0.0,,,,DWT,mdp.39015067403892,1.4901161193847656e-08,,0.0,33.0,11.0,0.0,33.0,,1.1368683772161603e-13,168.4000000000002,987.7999999999975,168.40000000000015,,0.0,168.4000000000002,,,28.00000000000003,0.0,33.0,1.1368683772161603e-13,1.1368683772161603e-13,,1.1368683772161603e-13,5.785413329831948e-14,1.0106370204350509e-26,0.9812736491421888,0.2743567436477788,0.10488036157725467,0.0958575670425443,0.02034944759902553,,0.9999996647345563,4.406097391567225e-09,4.406097391567225e-09,3.6788452796766485e-09,,1.2251610931599486e-12,0.9999999955939026,7.585973278963461e-14,,,,,,3.1786782849947497e-13,1.0,1.0,1.7477015598164352e-13,1.7477015598164352e-13,0.9999999009655096,0.3759218679569122,148,0.8248655479544752,0.41875773054274007,427,0,0.3333333060684555,0.47426771797821127,150,0.0,0.21095968128697862,0.3721899734662657,485,178.82300374019744,0.8125545034169839,302.5,224.37624076218958,0.7477342747692886,235,rbio,0.7685897546424816,0.816051598246696,0.21717169227625407,5,177.5,4.301519279420869e-14,0.9999999999705129,2.8046276965644853e-27,0.9676170875813076,0.7885971389512116,0.0002747459103756675,0.07866287339971545,0.00019820181545286133,0.9999999997234145,2.0315811923854454e-05,4.745570603148508e-11,4.745570603148508e-11,3.9622916059300906e-11,,1.2251610931599486e-12,0.003126132840347795,7.585973278963461e-14,,,,,0.0,,1.4749084227875944e-13,1.0,1.0,1.4238426238064856e-13,1.4238426238064856e-13,1.0,0.4015691612048926,0.11457677215665295,1041,1.706550624946178,0.7889130174362244,677,257.3868683519033,0.8651012220377865,859.0,820.4388824214202,0.7074457892159582,312,0.3888041033402703,1.0,0.4278371276618108,3,234.75,,,,,,,,,,,,,2.888202655737913e-19,0.9999999999715824,2.8046276965644853e-27,0.976510724912728,0.24378362128382727,0.0013256752442713802,0.059509922586637454,0.9999999999999999,0.00019820181545286177,0.9999999999999541,9.960751159770467e-05,3.843648489765261e-14,3.843648489765261e-14,3.209227588535368e-14,,0.0,9.572760819061336e-19,0.004567040150618456,7.054128794466933e-19,,,,,0.13043478260869565,,4.666576700876887e-21,1.0,1.0,4.770970844811595e-19,4.770970844811595e-19,1.0,0.4544873153722995,0.14156097535167125,1032,1.8323443329639784,0.8894369884500563,536,350.72496346852756,0.8361098301548937,784.0,705.5510204081633,0.7348773449839889,234,818.67,599.5,715.6978453131971,300,0.38607403914171184,1.0,0.42974817260080167,3,176.25
db32,1.0,reflect,1.7927024906866033e-26,316.93671024985485,7599895.294110868,0.6305970149253731,320.2353337896385,206,raw,9.518168346262119e-14,-2.086494310660241e-10,6.790408878738966,59006.412794217205,0.775399397404376,5.618943883690066e-06,0.9999999999999999,326.9999999999999,,,,[],[],13,661.1538461538462,87.00000000000003,939.9999999999999,"[8, 32, 51, 63, 81, 100, 111, 133, 152, 162, 175, 192, 204]","[877.9999999999999, 637.9999999999998, 787.0000000000002, 792.0000000000002, 939.9999999999999, 788.0000000000002, 636.9999999999998, 674.9999999999998, 771.0000000000001, 196.0, 834.0000000000003, 571.9999999999997, 87.00000000000003]","[0, 13, 42, 42, 76, 99, 107, 107, 107, 161, 99, 187, 203]","[76, 42, 61, 76, 205, 164, 119, 142, 164, 164, 205, 205, 205]",37754613.0,940.9999999999999,-940.9999999999999,0.0,,,,DWT,mdp.39015067403892,0.0,,0.0,33.0,19.0,0.0,28.5,,1.1368683772161603e-13,256.3413461538462,4359.0,256.3413461538461,,0.0,256.3413461538462,,,84.00000000000003,0.0,24.0,1.1368683772161603e-13,1.1368683772161603e-13,,1.1368683772161603e-13,1.019158638699556e-13,1.1889472405609381e-26,0.9556455035063935,0.9495303781820064,0.002097639440723052,0.5509061833688699,0.00010256455552921885,0.9999999997234845,0.4742280246116333,6.6959667625959335e-09,6.6959667625959335e-09,6.081912306383589e-09,,5.718550876340534e-12,0.9999999933040264,1.3612963731558036e-13,,,,,,0.0,1.0,0.5,1.4238426238064856e-13,1.4238426238064856e-13,0.7922684098806412,0.25901821375021344,404,1.669604809974385,0.801916844355102,179,0,0.24785233644963706,0.2961384272003395,404,0.0,0.4322852835971386,0.7851799464742817,187,127.63620176109912,0.8662094321162483,293.5,251.81494343838742,0.7792787202509963,180,db,0.540986235965534,0.9305070477545101,0.3421575204977732,3,135.75,1.0191586386995558e-13,0.0001547883299646835,1.1889472405609381e-26,0.9556455035063935,0.9495303781820064,0.003128951025039169,0.6624705420267085,0.002468022485560362,0.9999999997234844,0.9919828214562021,0.9855281704452468,0.9855281704452468,0.9855281704451335,,1.2251610931599486e-12,0.9999999999667601,7.585973278963461e-14,,,,,1.0,,0.0,1.0,0.5,1.4238426238064856e-13,1.4238426238064856e-13,0.0,2.2345701998216363,0.6375734627748867,414,1.71573882890068,0.7931605877107918,585,120.91525958289962,0.9366272224408283,499.5,484.86486486486496,0.8374173848053198,114,0.49117026184683504,0.8233619396015222,0.4091722348267588,4,86.5,,,,,,,,,,,,,6.843016375615532e-19,0.03641360043841643,1.1889472405609381e-26,0.9678270145678938,0.2935338497677869,0.001993108494239406,0.501171251037466,0.9999999999999999,0.002468022485560362,0.9999999999999541,0.0008499884728391225,0.0007982210227401261,0.0007982210227401261,0.0007982210227337863,,0.0,9.572760819061336e-19,0.020163910573049823,7.054128794466933e-19,,,,,0.4782608695652174,,0.0,1.0,0.8604651162790697,4.770970844811595e-19,4.770970844811595e-19,0.9302325581395349,0.5744527218307418,0.17892707859001003,428,1.7408394774124667,0.8450196801493604,1014,414.36457377531684,0.8063716944975154,721.0,601.9306518723994,0.7347279033235241,235,1009.0473684210526,935.5,610.6543869996938,760,0.4758535102197843,0.8532293215616218,0.41093374637766444,5,177.5
db11,1.0,periodization,9.606485330234155e-27,317.42175350352335,4964927.927717422,0.529126213592233,91.72298812151875,206,smoothed,6.424678443421609e-14,-2.0813308854172915e-10,6.190719439935717,31688.237398435293,0.9844635069079928,0.00014966566451320274,0.9999999999999999,362.4000000000001,,,,[],[],11,426.60000000000014,32.19999999999999,728.4000000000002,"[9, 31, 53, 64, 80, 102, 131, 148, 158, 175, 192]","[311.0000000000002, 417.8, 589.6000000000003, 432.20000000000005, 728.4000000000002, 371.00000000000006, 587.0, 32.19999999999999, 448.2, 368.0, 407.2000000000004]","[1, 1, 1, 60, 1, 94, 120, 144, 144, 165, 186]","[20, 40, 75, 75, 203, 120, 203, 149, 203, 186, 203]",30736475.839999996,728.4000000000002,-728.4000000000002,0.0,,,,DWT,mdp.39015067403892,0.0,,0.0,33.0,11.0,0.0,33.0,,2.2737367544323206e-13,168.4000000000002,987.7999999999975,168.40000000000012,,0.0,168.4000000000002,,,28.0,0.0,33.0,2.2737367544323206e-13,2.2737367544323206e-13,,1.1368683772161603e-13,9.230426555972048e-14,2.332644800827261e-26,0.9707907291595578,0.0813288804585483,0.06362367009185235,0.11027684467067218,0.026847626163012877,,0.999999664709775,4.406097391567225e-09,4.406097391567225e-09,3.678815706965397e-09,,1.2251610931599486e-12,0.9999999955939026,1.5171946557926922e-13,,,,,,0.0,1.0,1.0,3.4954031196328703e-13,3.4954031196328703e-13,0.9999999009580152,0.3759218679540948,202,0.7098005011044368,0.36034290402561236,780,0,0.33333330606639705,0.47426771797528244,202,0.0,0.1789811072205337,0.31577111389713247,807,341.68052817410205,0.6418443100900397,497.75,322.0041861507546,0.5600468929905125,714,db,0.573477938514061,0.8443824841957417,0.34525069778143475,3,536.25,6.282908226227937e-14,0.9999999999705138,6.001307647710083e-27,0.9574354229208462,0.7423677602880879,0.00016666936400625497,0.09049565661727149,0.0002614934985440938,0.9999999997234922,2.0315811923354854e-05,4.745570603148508e-11,4.745570603148508e-11,3.962258299239352e-11,,1.2251610931599486e-12,0.003126132840347795,1.5171946557926922e-13,,,,,0.0,,0.0,1.0,1.0,2.847685247612971e-13,2.847685247612971e-13,1.0,0.4015691612049135,0.1145767721566589,1035,1.6820313285054507,0.7775781107198898,912,86.97413408594535,0.9544160722819993,973.5,969.6147919876735,0.7220979732479179,277,0.49117026184683504,0.8233619396015222,0.4091722348267588,4,208.75,,,,,,,,,,,,,4.2185820976239396e-19,0.9999999999715831,6.001307647710083e-27,0.9691253508313689,0.2294924645150036,0.0013004024002777692,0.06846164253822229,0.9999999999999999,0.0002614934985440938,0.9999999999999541,9.960751159770423e-05,3.843648489765261e-14,3.843648489765261e-14,3.209195062470194e-14,,0.0,9.572760819061336e-19,0.004567040150618456,1.4108257588933865e-18,,,,,0.13043478260869565,,0.0,1.0,1.0,9.54194168962319e-19,9.54194168962319e-19,1.0,0.4544873153722995,0.14156097535167125,1055,1.8243608983626252,0.8855617550119014,655,282.842712474619,0.8678305081894304,855.0,808.2163742690059,0.7341488989545283,236,1009.0473684210526,935.5,610.6543869996938,760,0.4758535102197843,0.8532293215616218,0.41093374637766444,5,178.25
rbio3.7,1.0,constant,2.9707888983124105e-27,324.74307454544396,5935998.504463568,0.6272727272727273,360.33697506272625,206,raw,2.989625806893528e-14,-2.0886814500187554e-10,6.605073938883189,72348.41547165326,0.5861643735350941,5.618943883690066e-06,1.0,327.0000000000001,,,,[],[],13,661.1538461538462,86.99999999999994,939.9999999999998,"[8, 32, 51, 63, 81, 100, 111, 133, 152, 162, 175, 192, 204]","[878.0, 637.9999999999999, 786.9999999999999, 792.0000000000001, 939.9999999999998, 788.0, 636.9999999999999, 675.0000000000001, 771.0, 195.9999999999999, 833.9999999999999, 572.0, 86.99999999999994]","[0, 13, 39, 39, 76, 99, 107, 107, 107, 161, 164, 187, 203]","[76, 39, 61, 76, 205, 164, 119, 142, 164, 164, 205, 205, 205]",37754613.0,940.9999999999998,-940.9999999999998,0.0,,,,DWT,mdp.39015067403892,0.0,,0.0,33.0,19.0,0.0,28.5,,2.2737367544323206e-13,256.3413461538462,4359.0,256.3413461538461,,0.0,256.3413461538462,,,83.99999999999994,0.0,24.0,2.2737367544323206e-13,2.2737367544323206e-13,,1.1368683772161603e-13,1.9426596257214264e-14,1.305449462708101e-27,0.9844527550314591,0.8855064537247815,0.00022511903400330584,0.5259740259740263,0.0011827730780259048,0.9999999997234812,0.47422802461153424,6.6959667625959335e-09,6.6959667625959335e-09,6.081912306383589e-09,,5.718550876340534e-12,0.9999999933040264,2.7225927463116073e-13,,,,,,0.0,1.0,0.5,2.847685247612971e-13,2.847685247612971e-13,0.7922684098807365,0.25901821375024464,336,1.6444001589084873,0.789810965092484,210,0,0.24785233644966387,0.2961384272003716,337,0.0,0.4246676408207246,0.7713436661880921,223,69.48620966302114,0.9271633022400197,276.5,263.3353130704889,0.818665508562358,88,rbio,0.5136782423812899,1.0,0.3404252303330971,4,67.0,1.942659625721425e-14,0.0001547883299646835,1.3054494627081017e-27,0.9844527550314591,0.8855064537247817,0.0012583658296824224,0.6437320574162682,0.0035456755581428365,0.9999999997234811,0.9919828214562006,0.9855281704452468,0.9855281704452468,0.9855281704451335,,1.2251610931599486e-12,0.9999999999667601,1.5171946557926922e-13,,,,,1.0,,0.0,1.0,0.5,2.847685247612971e-13,2.847685247612971e-13,0.0,2.2345701998217304,0.6375734627749136,334,1.6930115923742597,0.7826541236868426,815,340.1183617507294,0.8217409005499322,574.5,473.8207136640557,0.7603201358095573,195,0.3888041033402703,1.0,0.4278371276618108,3,147.0,,,,,,,,,,,,,1.3043751116137848e-19,0.03641360043841643,1.3054494627081017e-27,0.9887226476360891,0.27374176153659935,0.001555686968412514,0.48699523991094845,1.0,0.0035456755581428365,0.9999999999999541,0.0008499884728391214,0.0007982210227401261,0.0007982210227401261,0.0007982210227337863,,0.0,9.572760819061336e-19,0.020163910573049823,1.4108257588933865e-18,,,,,0.4782608695652174,,0.0,1.0,0.8604651162790697,9.54194168962319e-19,9.54194168962319e-19,0.9302325581395349,0.5744527218307418,0.17892707859001003,559,1.7380227591533026,0.8436524188979281,1039,339.4112549695428,0.8413966098273165,799.0,726.909887359199,0.7340160619230041,237,818.67,599.5,715.6978453131971,300,0.38607403914171184,1.0,0.42974817260080167,3,178.5
db25,1.0,smooth,1.2105890086896607e-26,318.6418252035339,271979701.5699831,0.6062992125984252,307.29442934390437,206,raw,7.861672478064118e-14,-2.1207369194087575e-10,4.144312549238559,4212841.4587396,0.9970970378024897,5.618943883690066e-06,1.0,327.00000000000006,,,,[],[],13,661.1538461538462,86.9999999999998,940.0000000000001,"[8, 32, 51, 63, 81, 100, 111, 133, 152, 162, 175, 192, 204]","[877.9999999999997, 637.9999999999998, 786.9999999999999, 792.0000000000001, 940.0000000000001, 788.0000000000002, 637.0, 674.9999999999999, 770.9999999999999, 196.00000000000006, 834.0000000000001, 571.9999999999999, 86.9999999999998]","[0, 13, 39, 39, 76, 99, 107, 107, 107, 161, 99, 187, 203]","[76, 39, 61, 76, 205, 164, 119, 142, 164, 164, 205, 205, 205]",37754613.0,941.0000000000001,-941.0000000000001,0.0,,,,DWT,mdp.39015067403892,0.0,,0.0,33.0,19.0,0.0,28.5,,1.1368683772161603e-13,256.3413461538462,4359.0,256.3413461538461,,0.0,256.3413461538462,,,83.9999999999998,0.0,19.5,1.1368683772161603e-13,1.1368683772161603e-13,,5.684341886080802e-14,8.098575119209585e-14,7.770051954297838e-27,0.9619377637045934,0.035436836843784625,0.2996260591458433,0.3686726659167606,0.33640949884089144,0.9999999997234329,0.4742280246113692,6.6959667625959335e-09,6.6959667625959335e-09,6.081912306383589e-09,,2.859275438170267e-12,0.9999999933040264,1.3612963731558036e-13,,,,,,0.0,1.0,0.0,1.4238426238064856e-13,1.4238426238064856e-13,0.7422684098791322,0.24267159368258684,842,1.4267269720100284,0.6852617962739008,758,0,0.20618566978271008,0.24635434483026333,838,0.0,0.3752603530219234,0.6816029022497684,713,63.08922253443927,0.9338687394817198,787.75,783.8907877611096,0.5540674934305874,692,db,0.540986235965534,0.9305070477545101,0.3421575204977732,3,519.75,8.098575119209584e-14,0.0001547883299646835,7.770051954297838e-27,0.9619377637045934,0.035436836843784625,0.30034988122213463,0.5255076668048075,0.33797935526577805,0.9999999997234328,0.9919828214561981,0.9855281704452468,0.9855281704452468,0.9855281704451335,,6.125805465799743e-13,0.9999999999667601,7.585973278963461e-14,,,,,1.0,,0.0,1.0,0.25,1.4238426238064856e-13,1.4238426238064856e-13,0.0,2.2095701998213286,0.6304403968408469,839,1.4904972624723365,0.6890347556226575,1603,540.2295808265224,0.7168608066946948,1221.0,1101.4881244881244,0.5384618498882279,1280,0.49117026184683504,0.8233619396015222,0.4091722348267588,4,961.0,,,,,,,,,,,,,5.437689487734491e-19,0.03641360043841643,7.770051954297838e-27,0.972391169539665,0.010954795529833167,0.07149586790729395,0.39755629585674024,1.0,0.33797935526577805,0.9999999999999541,0.0008499884728391195,0.0007982210227401261,0.0007982210227401261,0.0007982210227337863,,0.0,4.786380409530668e-19,0.020163910573049823,7.054128794466933e-19,,,,,0.4782608695652174,,0.0,1.0,0.7906976744186046,4.770970844811595e-19,4.770970844811595e-19,0.9302325581395349,0.5674759776446953,0.17675400427451057,785,1.7297983740228764,0.8396602258310132,1078,207.18228688765842,0.9031858472487577,931.5,908.4594739667205,0.733952736708491,238,1009.0473684210526,935.5,610.6543869996938,760,0.4758535102197843,0.8532293215616218,0.41093374637766444,5,179.75
db27,1.0,reflect,1.3298728193450048e-26,318.233691370887,7160143.931628106,0.6317829457364341,300.2053197953992,206,raw,8.159600287779063e-14,-2.0379564702466558e-10,6.711788006236847,58807.98332077623,0.7773357272436279,5.618943883690066e-06,1.0,326.99999999999983,,,,[],[],13,661.1538461538462,87.00000000000017,939.9999999999999,"[8, 32, 51, 63, 81, 100, 111, 133, 152, 162, 175, 192, 204]","[878.0, 638.0000000000002, 786.9999999999998, 792.0, 939.9999999999999, 788.0, 637.0000000000001, 675.0, 771.0000000000001, 196.00000000000006, 834.0, 572.0000000000002, 87.00000000000017]","[0, 13, 39, 39, 76, 99, 107, 107, 107, 161, 164, 187, 203]","[76, 39, 61, 76, 205, 164, 119, 142, 164, 164, 205, 205, 205]",37754613.0,940.9999999999999,-940.9999999999999,0.0,,,,DWT,mdp.39015067403892,0.0,,0.0,33.0,19.0,0.0,28.5,,1.1368683772161603e-13,256.3413461538462,4359.0,256.3413461538462,,0.0,256.3413461538462,,,84.00000000000017,0.0,24.0,1.1368683772161603e-13,1.1368683772161603e-13,,1.7053025658242404e-13,8.475012075492799e-14,8.614183183552856e-27,0.9604316574651508,0.9223708107213116,0.0016027509324602698,0.5598006644518273,8.649911067003192e-05,0.9999999997235577,0.4742280246117984,6.6959667625959335e-09,6.6959667625959335e-09,6.082000342865356e-09,,8.5778263145108e-12,0.9999999933040264,1.3612963731558036e-13,,,,,,0.0,1.0,0.5,1.4238426238064856e-13,1.4238426238064856e-13,0.7922684098821468,0.2590182137507057,277,1.662200640620424,0.7983605967401407,185,0,0.2478523364498964,0.2961384272006494,276,0.0,0.43053654780063283,0.782003635988594,193,50.625257200992735,0.9469336926614332,232.75,224.4662705799172,0.8514804731650982,42,db,0.540986235965534,0.9305070477545101,0.3421575204977732,3,32.25,8.475012075492798e-14,0.0001547883299646835,8.614183183552856e-27,0.9604316574651508,0.9223708107213117,0.0026345739738804974,0.669155446756426,0.0024519950467331887,0.9999999997235576,0.9919828214562046,0.9855281704452468,0.9855281704452468,0.9855281704451347,,1.837741639739923e-12,0.9999999999667601,7.585973278963461e-14,,,,,1.0,,0.0,1.0,0.5,1.4238426238064856e-13,1.4238426238064856e-13,0.0,2.2345701998219436,0.6375734627749744,285,1.707451099936388,0.7893292936552057,668,270.82189719444773,0.8580598023089896,476.5,399.5383001049318,0.8041609284081636,126,0.49117026184683504,0.8233619396015222,0.4091722348267588,4,95.5,,,,,,,,,,,,,5.69044349073444e-19,0.03641360043841643,8.614183183552856e-27,0.9712987000510805,0.28513785467595054,0.0018775023381613965,0.5062285054418795,1.0,0.0024519950467331887,0.9999999999999541,0.0008499884728391244,0.0007982210227401261,0.0007982210227401261,0.0007982210227337874,,0.0,1.4359141228592004e-18,0.020163910573049823,7.054128794466933e-19,,,,,0.4782608695652174,,0.0,1.0,0.8604651162790697,4.770970844811595e-19,4.770970844811595e-19,0.9302325581395349,0.5744527218307418,0.17892707859001003,417,1.740683178864656,0.8449438113799578,1015,422.8498551495554,0.8024066097431984,716.0,591.1382681564246,0.733913585245431,239,1009.0473684210526,935.5,610.6543869996938,760,0.4758535102197843,0.8532293215616218,0.41093374637766444,5,180.5
db23,1.0,reflect,1.469514602545669e-26,317.8000534084636,6829084.0418611625,0.632,308.8913579640217,206,raw,8.636888399724712e-14,-2.1512602810247774e-10,6.6605240553719725,58041.519738806346,0.7727440273301517,5.618943883690066e-06,0.9999999999999998,327.0000000000001,,,,[],[],13,661.1538461538462,86.99999999999989,939.9999999999998,"[8, 32, 51, 63, 81, 100, 111, 133, 152, 162, 175, 192, 204]","[878.0000000000002, 637.9999999999998, 787.0000000000005, 792.0000000000001, 939.9999999999998, 788.0, 637.0000000000003, 675.0000000000001, 771.0000000000001, 196.0, 834.0000000000001, 571.9999999999998, 86.99999999999989]","[0, 13, 42, 42, 76, 99, 107, 107, 107, 161, 99, 187, 203]","[76, 42, 61, 76, 205, 164, 119, 142, 164, 164, 205, 205, 205]",37754613.0,940.9999999999999,-940.9999999999999,0.0,,,,DWT,mdp.39015067403892,0.0,,0.0,33.0,19.0,0.0,28.5,,1.1368683772161603e-13,256.3413461538462,4359.0,256.3413461538462,,0.0,256.3413461538462,,,83.99999999999989,0.0,24.0,2.2737367544323206e-13,1.1368683772161603e-13,,1.1368683772161603e-13,9.078073885341593e-14,9.602380906788976e-27,0.9588314352129808,0.9046616873358039,0.0012301819105761682,0.5614285714285715,2.4443921996789215e-05,0.9999999997233868,0.47422802461146824,6.6959667625959335e-09,6.6959667625959335e-09,6.082000342865356e-09,,5.718550876340534e-12,0.9999999933040264,2.7225927463116073e-13,,,,,,0.0,1.0,0.5,1.4238426238064856e-13,1.4238426238064856e-13,0.7922684098806861,0.25901821375022815,380,1.6528260017805874,0.7938579259581094,202,0,0.24785233644964194,0.2961384272003454,391,0.0,0.42827203994167584,0.7778905046215233,202,106.03890795363748,0.888848104870401,293.75,265.0742103148142,0.7904670293744038,157,db,0.540986235965534,0.9305070477545101,0.3421575204977732,3,118.5,9.078073885341592e-14,0.0001547883299646835,9.602380906788976e-27,0.9588314352129808,0.904661687335804,0.0022623899944248056,0.6703789473684212,0.002390086662054979,0.9999999997233867,0.9919828214561996,0.9855281704452468,0.9855281704452468,0.9855281704451347,,1.2251610931599486e-12,0.9999999999667601,1.5171946557926922e-13,,,,,1.0,,0.0,1.0,0.5,1.4238426238064856e-13,1.4238426238064856e-13,0.0,2.2345701998216736,0.6375734627748973,353,1.6979149497934647,0.7849208730235494,760,287.79245994292484,0.8491653773884041,556.5,482.084456424079,0.7787493553608686,165,0.49117026184683504,0.8233619396015222,0.4091722348267588,4,124.75,,,,,,,,,,,,,6.095361987580954e-19,0.03641360043841643,9.602380906788976e-27,0.9701379625548355,0.2796633303397061,0.001790470063669999,0.5071541063455555,0.9999999999999998,0.002390086662054979,0.9999999999999541,0.0008499884728391206,0.0007982210227401261,0.0007982210227401261,0.0007982210227337874,,0.0,9.572760819061336e-19,0.020163910573049823,1.4108257588933865e-18,,,,,0.4782608695652174,,0.0,1.0,0.8604651162790697,4.770970844811595e-19,4.770970844811595e-19,0.9302325581395349,0.5744527218307418,0.17892707859001003,570,1.7375514350691401,0.843423633801994,1042,333.75440072005046,0.8440399996635278,806.0,736.8982630272952,0.733702242822418,240,1009.0473684210526,935.5,610.6543869996938,760,0.4758535102197843,0.8532293215616218,0.41093374637766444,5,181.25
rbio1.5,1.0,antireflect,4.902150159605648e-27,320.3435326408831,4959776.562593204,0.5280373831775701,93.25049287284287,206,smoothed,4.832380450484952e-14,-2.1379367165508305e-10,6.245397384718729,40214.5958753834,0.9840793728747201,0.00014966566451320263,0.9999999999999999,362.4000000000001,,,,[],[],11,426.6,32.19999999999999,728.4,"[9, 31, 53, 64, 80, 102, 131, 148, 158, 175, 192]","[311.00000000000006, 417.79999999999995, 589.6000000000001, 432.20000000000016, 728.4, 371.00000000000017, 587.0000000000001, 32.19999999999999, 448.2, 368.0, 407.2000000000001]","[1, 1, 1, 60, 1, 94, 120, 144, 144, 165, 186]","[20, 40, 75, 75, 203, 120, 203, 149, 203, 186, 203]",30736475.840000007,728.4,-728.4,0.0,,,,DWT,mdp.39015067403892,1.1175870895385742e-08,,0.0,33.0,11.0,0.0,33.0,,0.0,168.4000000000001,987.7999999999984,168.40000000000003,,0.0,168.4000000000001,,,28.0,0.0,33.0,0.0,0.0,,1.1368683772161603e-13,5.732370902446456e-14,9.558742330393585e-27,0.9818917744758252,0.16019657010198568,0.06141293664583253,0.10279768664860611,0.09755529712649984,,0.999999664709775,4.4059791007223055e-09,4.4059791007223055e-09,3.6787269888316428e-09,,1.2251610931599486e-12,0.9999999955939887,0.0,,,,,,2.3840087137460624e-13,1.0,1.0,0.0,0.0,0.9999999009578642,0.3759218679540381,241,0.7800810115694637,0.3960220606308344,575,0,0.333333306066326,0.47426771797518136,244,0.0,0.20055060928554386,0.35382555326811294,586,195.19989754095673,0.7953879480702759,411.5,342.07467170862043,0.6820231144963539,362,rbio,0.7685897546424816,0.816051598246696,0.21717169227625407,5,272.75,4.2710120875947324e-14,0.9999999999705129,2.6722085783617743e-27,0.968217449396112,0.7612562473104921,0.00016087809894871374,0.08435809149040846,0.0009501799448571524,0.9999999997234068,2.0315811923354854e-05,4.745454029730922e-11,4.745454029730922e-11,3.962169481397382e-11,,1.2251610931599486e-12,0.0031261328403480726,0.0,,,,,0.0,,1.1061813170906958e-13,1.0,1.0,0.0,0.0,1.0,0.4015691612047782,0.11457677215662031,1113,1.6957623407970233,0.7839257538434216,780,235.46655813512032,0.8765898542268762,946.5,917.2107765451665,0.6902603359184696,400,0.3888041033402703,1.0,0.4278371276618108,3,300.75,,,,,,,,,,,,,2.867718973873952e-19,0.9999999999715824,2.6722085783617743e-27,0.9769462034650429,0.23533157239335356,0.0012990481588327789,0.06381846069417613,0.9999999999999999,0.0009501799448571524,0.9999999999999541,9.960751159770423e-05,3.8435400695480126e-14,3.8435400695480126e-14,3.20911916831812e-14,,0.0,9.572760819061336e-19,0.00456704015061846,0.0,,,,,0.13043478260869565,,3.499932525657665e-21,1.0,1.0,0.0,0.0,1.0,0.4544873153722995,0.14156097535167125,1042,1.8303904886021884,0.888488574217105,569,334.46150750123695,0.8437095759340014,805.5,736.0620732464307,0.7336538533875614,241,818.67,599.5,715.6978453131971,300,0.38607403914171184,1.0,0.42974817260080167,3,181.5
coif9,1.0,symmetric,1.2651858421746947e-26,316.22585550865983,6015815.696893937,0.5232558139534884,92.43760645714823,206,smoothed,7.821143948233142e-14,-1.9960908481664356e-10,6.5720057304008055,30380.01514968937,0.9811390371795837,0.0001496656645132029,0.9999999999999999,362.39999999999986,,,,[],[],11,426.59999999999997,32.19999999999993,728.3999999999999,"[9, 31, 53, 64, 80, 102, 131, 148, 158, 175, 192]","[311.0, 417.8000000000003, 589.5999999999999, 432.19999999999993, 728.3999999999999, 371.00000000000006, 587.0000000000001, 32.19999999999993, 448.20000000000005, 367.9999999999998, 407.19999999999993]","[1, 1, 1, 60, 1, 94, 120, 144, 144, 165, 186]","[20, 40, 75, 75, 203, 120, 203, 149, 203, 186, 203]",30736475.83999999,728.3999999999999,-728.3999999999999,0.0,,,,DWT,mdp.39015067403892,7.450580596923828e-09,,0.0,33.0,11.0,0.0,33.0,,1.1368683772161603e-13,168.40000000000003,987.7999999999993,168.39999999999998,,0.0,168.40000000000003,,,27.999999999999943,0.0,33.0,1.1368683772161603e-13,1.1368683772161603e-13,,1.1368683772161603e-13,1.22982656638078e-13,3.2239035841098957e-26,0.9662470189027279,0.6312977745169198,0.5146172772833604,0.06995316711759479,0.015998756911089367,,0.9999996646602125,4.4059199552998455e-09,4.4059199552998455e-09,3.67866784340914e-09,,1.2251610931599486e-12,0.9999999955940747,7.585973278963461e-14,,,,,,1.5893391424973748e-13,1.0,1.0,1.7477015598164352e-13,1.7477015598164352e-13,0.9999999009430534,0.3759218679484704,274,1.187086506853287,0.6026456709223921,132,0,0.33333330606221695,0.474267717969335,274,0.0,0.31401628496168793,0.5540097143438372,141,79.47064447538683,0.9166974376568272,205.25,182.08944352203952,0.8507753435663591,79,coif,0.5556920286951962,0.9053407607371553,0.33941335169221604,4,60.25,8.047366618644285e-14,0.9999999999705149,8.156415299918273e-27,0.9530222885817505,0.8740830465493219,0.001348097872814038,0.05740514075887437,0.00015582647388024317,0.9999999997236206,2.0315811922300142e-05,4.745387416349445e-11,4.745387416349445e-11,3.962102868015904e-11,,1.2251610931599486e-12,0.0031261328403482946,7.585973278963461e-14,,,,,0.0,,7.374542113937972e-14,1.0,1.0,1.4238426238064856e-13,1.4238426238064856e-13,1.0,0.40156916120485386,0.11457677215664189,1061,1.732553332133847,0.8009336829172626,419,453.96255352176354,0.7620741333743377,740.0,600.7554054054054,0.6871167312573995,421,0.4784248188775415,0.776734912893196,0.43208215291776214,2,316.25,,,,,,,,,,,,,5.4033061646057e-19,0.9999999999715842,8.156415299918273e-27,0.9659242389255642,0.2702103772199673,0.001576670095681791,0.04342805360384916,0.9999999999999999,0.00015582647388024317,0.9999999999999541,9.960751159770347e-05,3.8434858594393884e-14,3.8434858594393884e-14,3.2090649582094954e-14,,0.0,9.572760819061336e-19,0.004567040150618464,7.054128794466933e-19,,,,,0.13043478260869565,,2.3332883504384434e-21,1.0,1.0,4.770970844811595e-19,4.770970844811595e-19,1.0,0.4544873153722995,0.14156097535167125,1033,1.8328816190357116,0.8896977921085071,515,366.2813126546316,0.8288405081053123,774.0,687.3320413436693,0.7335791325573291,242,986.6382352941176,846.0,585.0035688138154,340,0.4652856568234462,0.8173890317607586,0.42908333069536003,4,182.5
rbio3.7,1.0,zero,2.9706050860626502e-27,324.74334326570056,5936330.449597104,0.6272727272727273,360.33697506272625,206,raw,2.9879011886028484e-14,-2.0886536944431397e-10,6.603777111292873,72840.50666500955,0.5889332224211938,5.618943883690066e-06,1.0,327.0000000000001,,,,[],[],13,661.1538461538462,86.99999999999994,939.9999999999998,"[8, 32, 51, 63, 81, 100, 111, 133, 152, 162, 175, 192, 204]","[878.0, 637.9999999999999, 786.9999999999999, 792.0000000000001, 939.9999999999998, 788.0, 636.9999999999999, 675.0000000000001, 771.0, 195.9999999999999, 833.9999999999999, 572.0, 86.99999999999994]","[0, 13, 39, 39, 76, 99, 107, 107, 107, 161, 164, 187, 203]","[76, 39, 61, 76, 205, 164, 119, 142, 164, 164, 205, 205, 205]",37754613.0,940.9999999999998,-940.9999999999998,0.0,,,,DWT,mdp.39015067403892,0.0,,0.0,33.0,19.0,0.0,28.5,,2.2737367544323206e-13,256.3413461538462,4359.0,256.3413461538461,,0.0,256.3413461538462,,,83.99999999999994,0.0,24.0,2.2737367544323206e-13,2.2737367544323206e-13,,1.1368683772161603e-13,1.9404805405909878e-14,1.3053193849888456e-27,0.9844537466700413,0.8850584648472334,0.0002254925992630774,0.5259740259740263,0.001222614255828095,0.9999999997234812,0.47422802461153424,6.6959667625959335e-09,6.6959667625959335e-09,6.081912306383589e-09,,5.718550876340534e-12,0.9999999933040264,2.7225927463116073e-13,,,,,,0.0,1.0,0.5,2.847685247612971e-13,2.847685247612971e-13,0.7922684098807365,0.25901821375024464,337,1.644192882706613,0.789711409630782,211,0,0.24785233644966387,0.2961384272003716,336,0.0,0.4246167930087366,0.7712513089328027,224,68.91057006487951,0.9277666980451997,277.0,264.0757014110427,0.8187051519576103,87,rbio,0.5136782423812899,1.0,0.3404252303330971,4,66.25,1.9404805405909878e-14,0.0001547883299646835,1.3053193849888449e-27,0.9844537466700413,0.8850584648472335,0.0012587390088701742,0.6437320574162682,0.0035854224836481077,0.9999999997234811,0.9919828214562006,0.9855281704452468,0.9855281704452468,0.9855281704451335,,1.2251610931599486e-12,0.9999999999667601,1.5171946557926922e-13,,,,,1.0,,0.0,1.0,0.5,2.847685247612971e-13,2.847685247612971e-13,0.0,2.2345701998217304,0.6375734627749136,333,1.6928042782784307,0.7825582854582506,820,344.36100243784864,0.8195172943197858,576.5,473.6513443191674,0.758684223679809,198,0.3888041033402703,1.0,0.4278371276618108,3,149.25,,,,,,,,,,,,,1.3029119914806442e-19,0.03641360043841643,1.3053193849888449e-27,0.9887233669312266,0.2736032721286758,0.0015557742334085796,0.48699523991094845,1.0,0.0035854224836481077,0.9999999999999541,0.0008499884728391214,0.0007982210227401261,0.0007982210227401261,0.0007982210227337863,,0.0,9.572760819061336e-19,0.020163910573049823,1.4108257588933865e-18,,,,,0.4782608695652174,,0.0,1.0,0.8604651162790697,9.54194168962319e-19,9.54194168962319e-19,0.9302325581395349,0.5744527218307418,0.17892707859001003,560,1.7379698884291233,0.8436267549564705,1041,340.1183617507294,0.84106618609779,800.5,728.2448469706434,0.7335003827685211,243,818.67,599.5,715.6978453131971,300,0.38607403914171184,1.0,0.42974817260080167,3,183.0
rbio1.5,1.0,antisymmetric,4.901659993606287e-27,320.3439669136517,4923770.650750883,0.5233644859813084,86.25025605773428,206,smoothed,4.8254819773222324e-14,-2.1379367165508305e-10,6.230729054669129,36706.53598401392,0.9813000982241794,0.00014966566451320263,0.9999999999999999,362.4000000000001,,,,[],[],11,426.6,32.19999999999999,728.4,"[9, 31, 53, 64, 80, 102, 131, 148, 158, 175, 192]","[311.00000000000006, 417.79999999999995, 589.6000000000001, 432.20000000000016, 728.4, 371.00000000000017, 587.0000000000001, 32.19999999999999, 448.2, 368.0, 407.2000000000001]","[1, 1, 1, 60, 1, 94, 120, 144, 144, 165, 186]","[20, 40, 75, 75, 203, 120, 203, 149, 203, 186, 203]",30736475.840000007,728.4,-728.4,0.0,,,,DWT,mdp.39015067403892,1.1175870895385742e-08,,0.0,33.0,11.0,0.0,33.0,,0.0,168.4000000000001,987.7999999999984,168.40000000000003,,0.0,168.4000000000001,,,28.0,0.0,33.0,0.0,0.0,,1.1368683772161603e-13,5.717215923193457e-14,9.557307810749948e-27,0.9818934244573799,0.1390389112592779,0.04596082411938036,0.07069963347057168,0.06846354064103433,,0.999999664709775,4.4059791007223055e-09,4.4059791007223055e-09,3.6787269888316428e-09,,1.2251610931599486e-12,0.9999999955939887,0.0,,,,,,2.3840087137460624e-13,1.0,1.0,0.0,0.0,0.9999999009578642,0.3759218679540381,243,0.7373011920084166,0.37430412102620836,698,0,0.333333306066326,0.47426771797518136,250,0.0,0.18657947627824303,0.32917669339328565,716,265.98668513041525,0.7211879610792293,476.75,365.479071283759,0.6107250077932834,535,rbio,0.7685897546424816,0.816051598246696,0.21717169227625407,5,402.5,4.2622957470729796e-14,0.9999999999705129,2.671861704443758e-27,0.9682190519609426,0.7561890751100422,0.00012039955120667339,0.05801770782095417,0.0006668288159347173,0.9999999997234068,2.0315811923354854e-05,4.745454029730922e-11,4.745454029730922e-11,3.962169481397382e-11,,1.2251610931599486e-12,0.0031261328403480726,0.0,,,,,0.0,,1.1061813170906958e-13,1.0,1.0,0.0,0.0,1.0,0.4015691612047782,0.11457677215662031,1109,1.682559983042475,0.777822499863633,908,142.12846301849606,0.9255091912900963,1008.5,998.484878532474,0.698472624995153,344,0.3888041033402703,1.0,0.4278371276618108,3,258.75,,,,,,,,,,,,,2.8618664933413914e-19,0.9999999999715824,2.671861704443758e-27,0.9769473659017524,0.23376512797239446,0.001289582571186447,0.0438914719468107,0.9999999999999999,0.0006668288159347173,0.9999999999999541,9.960751159770423e-05,3.8435400695480126e-14,3.8435400695480126e-14,3.20911916831812e-14,,0.0,9.572760819061336e-19,0.00456704015061846,0.0,,,,,0.13043478260869565,,3.499932525657665e-21,1.0,1.0,0.0,0.0,1.0,0.4544873153722995,0.14156097535167125,1063,1.8215190951093962,0.8841823172709442,685,267.28636328851496,0.8750998302390117,874.0,833.1292906178489,0.7333443076428703,244,818.67,599.5,715.6978453131971,300,0.38607403914171184,1.0,0.42974817260080167,3,183.75
coif3,1.0,antireflect,6.96789831827005e-27,321.0407744241754,6231733.498184377,0.6306306306306306,288.0103957108488,206,raw,5.132551611335821e-14,-2.1271173711312757e-10,6.452953012057413,93214.72514068335,0.8398730593392796,5.618943883690064e-06,0.9999999999999999,327.00000000000006,,,,[],[],13,661.1538461538462,87.00000000000003,940.0000000000001,"[8, 32, 51, 63, 81, 100, 111, 133, 152, 162, 175, 192, 204]","[878.0, 638.0000000000002, 787.0000000000002, 791.9999999999999, 940.0000000000001, 788.0, 637.0, 675.0, 771.0000000000001, 196.0, 834.0000000000001, 571.9999999999999, 87.00000000000003]","[0, 13, 39, 39, 76, 99, 107, 107, 107, 161, 99, 187, 203]","[76, 39, 61, 76, 205, 164, 119, 142, 164, 164, 205, 205, 205]",37754613.0,941.0000000000001,-941.0000000000001,0.0,,,,DWT,mdp.39015067403892,0.0,,0.0,33.0,19.0,0.0,28.5,,1.1368683772161603e-13,256.3413461538462,4359.0,256.3413461538462,,0.0,256.3413461538462,,,84.00000000000003,0.0,19.5,1.1368683772161603e-13,1.1368683772161603e-13,,5.684341886080802e-14,4.650283556957776e-14,4.134068761168192e-27,0.9707904294242713,0.8329563045999838,0.0005579340344101127,0.5511583011583011,0.0028721720447687908,0.9999999997234232,0.4742280246116333,6.6959667625959335e-09,6.6959667625959335e-09,6.082000342865356e-09,,2.859275438170267e-12,0.9999999933040264,1.3612963731558036e-13,,,,,,0.0,1.0,0.0,1.4238426238064856e-13,1.4238426238064856e-13,0.7422684098792379,0.2426715936826214,810,1.620843566142371,0.7784966538124081,286,0,0.20618566978273942,0.2463543448302984,811,0.0,0.41979189262315064,0.7624876170602182,281,304.2707127981046,0.681057953041819,547.0,420.0429420099154,0.5538413454936559,693,coif,0.5507900112560971,0.8749445204262634,0.351963635992853,2,520.25,4.6502835569577754e-14,0.0001547883299646835,4.134068761168191e-27,0.9707904294242713,0.8329563045999839,0.001590836872625133,0.6626600284495021,0.005231077912792112,0.9999999997234231,0.9919828214562021,0.9855281704452468,0.9855281704452468,0.9855281704451347,,6.125805465799743e-13,0.9999999999667601,7.585973278963461e-14,,,,,1.0,,0.0,1.0,0.25,1.4238426238064856e-13,1.4238426238064856e-13,0.0,2.2095701998213304,0.6304403968408473,816,1.6669507073241576,0.7706065634437451,1000,130.10764773832474,0.9318094089421778,908.0,898.6784140969163,0.7279592118086151,264,0.4784248188775415,0.776734912893196,0.43208215291776214,2,198.5,,,,,,,,,,,,,3.1223761761095863e-19,0.036413600438416426,4.134068761168191e-27,0.9788125407139621,0.2574966282234275,0.0016334326873769598,0.5013146010304718,0.9999999999999999,0.005231077912792112,0.9999999999999541,0.0008499884728391225,0.0007982210227401261,0.0007982210227401261,0.0007982210227337874,,0.0,4.786380409530668e-19,0.020163910573049823,7.054128794466933e-19,,,,,0.4782608695652174,,0.0,1.0,0.7906976744186046,4.770970844811595e-19,4.770970844811595e-19,0.9302325581395349,0.5674759776446953,0.17675400427451057,764,1.7303949065925917,0.8399497882908493,1077,221.32442251138937,0.8965773726582292,920.5,893.8924497555676,0.7332185928711707,245,986.6382352941176,846.0,585.0035688138154,340,0.4652856568234462,0.8173890317607586,0.42908333069536003,4,184.75
db22,1.0,antireflect,1.2914403585154485e-26,318.3610489253235,6632758.831347285,0.625,306.3396983627581,206,raw,7.505538801038727e-14,-2.071719462648528e-10,6.626938612550902,124304.55551952859,0.8949425439408221,5.618943883690064e-06,0.9999999999999998,327.0000000000001,,,,[],[],13,661.1538461538462,86.99999999999994,940.0000000000003,"[8, 32, 51, 63, 81, 100, 111, 133, 152, 162, 175, 192, 204]","[878.0, 637.9999999999999, 787.0, 792.0, 940.0000000000003, 788.0000000000005, 637.0, 674.9999999999997, 770.9999999999998, 196.0, 834.0000000000002, 572.0, 86.99999999999994]","[0, 13, 39, 39, 76, 99, 107, 107, 107, 161, 99, 187, 203]","[76, 39, 61, 76, 205, 164, 119, 142, 164, 164, 205, 205, 205]",37754613.0,941.0000000000003,-941.0000000000003,0.0,,,,DWT,mdp.39015067403892,0.0,,0.0,33.0,19.0,0.0,28.5,,3.410605131648481e-13,256.3413461538462,4359.0,256.34134615384613,,0.0,256.3413461538462,,,83.99999999999994,0.0,19.5,3.410605131648481e-13,3.410605131648481e-13,,1.1368683772161603e-13,7.648594039774077e-14,8.342209642255739e-27,0.9609016356733598,0.8930596016432091,0.0010092409451700674,0.5089285714285714,0.005389297887877882,0.9999999997235067,0.47422802461153424,6.6959667625959335e-09,6.6959667625959335e-09,6.0819563246244724e-09,,5.718550876340534e-12,0.9999999933040264,4.083889119467411e-13,,,,,,0.0,1.0,0.0,4.2715278714194565e-13,4.2715278714194565e-13,0.7422684098808746,0.2426715936831565,724,1.6293025503142107,0.7825595325565317,248,0,0.20618566978303593,0.24635434483065266,724,0.0,0.4211610434127214,0.7649744695728109,267,269.4455727353238,0.7175622927302685,490.75,379.5063765110075,0.6015746474133523,534,db,0.540986235965534,0.9305070477545101,0.3421575204977732,3,401.25,7.648594039774076e-14,0.0001547883299646835,8.342209642255739e-27,0.9609016356733598,0.8930596016432092,0.0020416773669664637,0.6309210526315789,0.007742248989866802,0.9999999997235066,0.9919828214562006,0.9855281704452468,0.9855281704452468,0.9855281704451341,,1.2251610931599486e-12,0.9999999999667601,2.275791983689038e-13,,,,,1.0,,0.0,1.0,0.25,4.2715278714194565e-13,4.2715278714194565e-13,0.0,2.209570199821825,0.6304403968409885,724,1.6796033779460968,0.776455705223114,927,143.54267658086914,0.924767989213381,825.5,813.0199878861297,0.7460579987995626,223,0.49117026184683504,0.8233619396015222,0.4091722348267588,4,168.25,,,,,,,,,,,,,5.135555180241066e-19,0.036413600438416426,8.342209642255739e-27,0.9716396035274237,0.2760767100935971,0.001738858164617372,0.4773034772020025,0.9999999999999998,0.0077422489898668016,0.9999999999999541,0.0008499884728391214,0.0007982210227401261,0.0007982210227401261,0.0007982210227337869,,0.0,9.572760819061336e-19,0.020163910573049823,2.11623863834008e-18,,,,,0.4782608695652174,,0.0,1.0,0.7906976744186046,1.4312912534434783e-18,1.4312912534434783e-18,0.9302325581395349,0.5674759776446953,0.17675400427451057,881,1.7268339168538156,0.8382212507380656,1098,153.4421715174808,0.9282980506927659,989.5,977.6028297119758,0.7329574365613363,246,1009.0473684210526,935.5,610.6543869996938,760,0.4758535102197843,0.8532293215616218,0.41093374637766444,5,185.75
coif16,1.0,reflect,2.670994182490962e-26,312.98066932130354,6958493.741484651,0.5133333333333333,95.72895968539072,206,smoothed,1.141869770259132e-13,-2.195191139975355e-10,6.797570890505644,30001.568302217922,0.9803477291823318,0.00014966566451320252,0.9999999999999999,362.4000000000001,,,,[],[],11,426.60000000000036,32.200000000000074,728.4000000000003,"[9, 31, 53, 64, 80, 102, 131, 148, 158, 175, 192]","[311.0000000000001, 417.8000000000002, 589.6000000000004, 432.2000000000004, 728.4000000000003, 371.00000000000017, 587.0000000000006, 32.200000000000074, 448.20000000000016, 368.0, 407.2000000000004]","[1, 1, 1, 60, 1, 94, 120, 144, 144, 165, 186]","[20, 40, 75, 75, 203, 120, 203, 149, 203, 186, 203]",30736475.84000001,728.4000000000003,-728.4000000000003,0.0,,,,DWT,mdp.39015067403892,1.4901161193847656e-08,,0.0,33.0,11.0,0.0,33.0,,3.410605131648481e-13,168.40000000000043,987.7999999999947,168.40000000000026,,0.0,168.40000000000043,,,28.000000000000085,0.0,33.0,3.410605131648481e-13,3.410605131648481e-13,,1.1368683772161603e-13,2.020158734424621e-13,7.338141785040663e-26,0.9539172166719813,0.9566538776425739,0.9191721538553357,0.0017958126483921255,0.01286036022737895,,0.9999996647841187,4.406333973257064e-09,4.406333973257064e-09,3.6789635705216543e-09,,1.2251610931599486e-12,0.9999999955936445,2.275791983689038e-13,,,,,,3.1786782849947497e-13,1.0,1.0,5.243104679449306e-13,5.243104679449306e-13,0.9999999009806425,0.37592186796260096,83,1.5161258149025125,0.769688353502283,38,0,0.33333330607268447,0.47426771798422823,82,0.0,0.4063427744351235,0.7168986296935234,47,23.388031127053,0.9754842441016216,62.5,55.68262024736601,0.95498530863362,10,coif,0.5556920286951962,0.9053407607371553,0.33941335169221604,4,8.5,1.2592938200738553e-13,0.9999999999705123,1.8104845987104428e-26,0.9410468168762264,0.9520044939675585,0.0024078749005544547,0.0014736842105264047,0.00012525876842801095,0.9999999997233205,2.0315811924853655e-05,4.745837056674418e-11,4.745837056674418e-11,3.9624192815779224e-11,,1.2251610931599486e-12,0.0031261328403469624,2.275791983689038e-13,,,,,0.0,,1.4749084227875944e-13,1.0,1.0,4.2715278714194565e-13,4.2715278714194565e-13,1.0,0.40156916120508424,0.11457677215670763,1024,1.7424738516318936,0.8055197917952138,308,506.288455329568,0.7346496565358658,666.0,473.5615615615615,0.6927965263811404,376,0.4784248188775415,0.776734912893196,0.43208215291776214,2,282.5,,,,,,,,,,,,,8.455374762335895e-19,0.9999999999715816,1.8104845987104428e-26,0.9572377086483022,0.29429868757391886,0.0018244905561778937,0.001114869435800414,0.9999999999999999,0.00012525876842801138,0.9999999999999541,9.960751159770543e-05,3.8438544881780334e-14,3.8438544881780334e-14,3.209325166730892e-14,,0.0,9.572760819061336e-19,0.004567040150618443,2.11623863834008e-18,,,,,0.13043478260869565,,4.666576700876887e-21,1.0,1.0,1.4312912534434783e-18,1.4312912534434783e-18,1.0,0.4544873153722995,0.14156097535167125,1062,1.8229002655271773,0.8848527502429722,670,277.18585822512665,0.8704738980256418,866.0,821.6397228637413,0.73290050041469,247,986.6382352941176,846.0,585.0035688138154,340,0.4652856568234462,0.8173890317607586,0.42908333069536003,4,186.25
db4,1.0,smooth,3.042965841718263e-27,324.63882169565863,6372570.265377379,0.6320754716981132,304.6284581517059,206,raw,3.163812254252195e-14,-2.1187795962163413e-10,6.318780032025164,86996.33403795132,0.8305804657452583,5.618943883690066e-06,1.0,327.00000000000006,,,,[],[],13,661.1538461538462,87.00000000000003,940.0,"[8, 32, 51, 63, 81, 100, 111, 133, 152, 162, 175, 192, 204]","[878.0000000000001, 638.0000000000001, 787.0, 791.9999999999999, 940.0, 788.0, 637.0000000000001, 675.0, 771.0, 195.99999999999994, 834.0, 572.0, 87.00000000000003]","[0, 13, 39, 39, 76, 99, 107, 107, 107, 161, 99, 187, 203]","[76, 39, 61, 76, 205, 164, 119, 142, 164, 164, 205, 205, 205]",37754613.0,941.0,-941.0,0.0,,,,DWT,mdp.39015067403892,0.0,,0.0,33.0,19.0,0.0,28.5,,0.0,256.3413461538462,4359.0,256.34134615384613,,0.0,256.3413461538462,,,84.00000000000003,0.0,19.5,0.0,0.0,,5.684341886080802e-14,2.1627472238956942e-14,1.356526647135997e-27,0.9840680384140618,0.786606270739827,0.0007164292741546614,0.5619946091644202,0.0023687124646902522,0.9999999997234358,0.4742280246116333,6.6959667625959335e-09,6.6959667625959335e-09,6.0819563246244724e-09,,2.859275438170267e-12,0.9999999933040264,0.0,,,,,,0.0,1.0,0.0,0.0,0.0,0.7422684098790998,0.24267159368257626,858,1.6098475015964528,0.7732152067727802,322,0,0.2061856697827007,0.24635434483025212,857,0.0,0.4169692574725764,0.7573607330312219,313,311.7910625189033,0.6731749868774599,587.5,463.34691076583624,0.5286734473171366,767,db,0.540986235965534,0.9305070477545101,0.3421575204977732,3,576.0,2.1627472238956942e-14,0.0001547883299646835,1.3565266471359962e-27,0.9840680384140617,0.786606270739827,0.001749168310796233,0.6708043694141012,0.004728809367327655,0.9999999997234357,0.9919828214562021,0.9855281704452468,0.9855281704452468,0.9855281704451341,,6.125805465799743e-13,0.9999999999667601,0.0,,,,,1.0,,0.0,1.0,0.25,0.0,0.0,0.0,2.209570199821235,0.6304403968408201,867,1.6548782504746904,0.7650256458771877,1087,155.56349186104046,0.9184677715612996,977.0,964.6151484135108,0.7032066321118866,325,0.49117026184683504,0.8233619396015222,0.4091722348267588,4,244.75,,,,,,,,,,,,,1.4521502450609325e-19,0.03641360043841643,1.3565266471359962e-27,0.9884435895223576,0.24316817261162482,0.0016704572396096424,0.5074759460128713,1.0,0.004728809367327655,0.9999999999999541,0.0008499884728391225,0.0007982210227401261,0.0007982210227401261,0.0007982210227337869,,0.0,4.786380409530668e-19,0.020163910573049823,0.0,,,,,0.4782608695652174,,0.0,1.0,0.7906976744186046,0.0,0.0,0.9302325581395349,0.5674759776446953,0.17675400427451057,722,1.7312914509226178,0.8403849792506295,1071,246.7802666341051,0.884682118395278,896.5,862.5343000557725,0.732878442375209,248,1009.0473684210526,935.5,610.6543869996938,760,0.4758535102197843,0.8532293215616218,0.41093374637766444,5,187.25
rbio1.3,1.0,zero,4.54555439507079e-27,320.67153015062536,4915976.842742816,0.5285714285714286,80.74966047445719,206,smoothed,4.773743428601837e-14,-2.1303110386838908e-10,6.210122834629095,32291.615165107713,0.98053718769678,0.00014966566451320263,0.9999999999999999,362.4000000000001,,,,[],[],11,426.59999999999997,32.20000000000002,728.4000000000001,"[9, 31, 53, 64, 80, 102, 131, 148, 158, 175, 192]","[311.00000000000006, 417.79999999999995, 589.6, 432.20000000000005, 728.4000000000001, 371.00000000000017, 587.0000000000001, 32.20000000000002, 448.2, 368.0, 407.2]","[1, 1, 1, 60, 1, 94, 120, 144, 144, 165, 186]","[20, 40, 75, 75, 203, 120, 203, 149, 203, 186, 203]",30736475.840000007,728.4000000000001,-728.4000000000001,0.0,,,,DWT,mdp.39015067403892,1.1175870895385742e-08,,0.0,33.0,11.0,0.0,33.0,,1.1368683772161603e-13,168.40000000000003,987.7999999999993,168.40000000000006,,0.0,168.40000000000003,,,28.00000000000003,0.0,33.0,1.1368683772161603e-13,1.1368683772161603e-13,,1.1368683772161603e-13,5.6035535787959745e-14,8.515129289650513e-27,0.9831379724422334,0.10931641577611377,0.04261607343294817,0.10646603558323861,0.03185133750213873,,0.9999996647345563,4.4059199552998455e-09,4.4059199552998455e-09,3.6787565615428943e-09,,1.2251610931599486e-12,0.9999999955940747,7.585973278963461e-14,,,,,,2.3840087137460624e-13,1.0,1.0,1.7477015598164352e-13,1.7477015598164352e-13,0.9999999009654228,0.37592186795687954,150,0.7211759773040387,0.3661178677260616,742,0,0.3333333060684263,0.4742677179781697,156,0.0,0.18191254781953267,0.32094296850035947,775,349.85365988271917,0.6332770860768142,455.75,254.53462093386509,0.577775859600252,659,rbio,0.7685897546424816,0.816051598246696,0.21717169227625407,5,495.5,4.196923193159831e-14,0.9999999999705129,2.4198578030049372e-27,0.9694278344620612,0.7490706597900882,0.0001116376003656998,0.08736842105263184,0.0003102292033631427,0.9999999997234184,2.0315811923854454e-05,4.745387416349445e-11,4.745387416349445e-11,3.9622027880881205e-11,,1.2251610931599486e-12,0.0031261328403482946,7.585973278963461e-14,,,,,0.0,,1.1061813170906958e-13,1.0,1.0,1.4238426238064856e-13,1.4238426238064856e-13,1.0,0.401569161204873,0.11457677215664736,1053,1.6913193093553955,0.7818718063718726,844,147.78531726798843,0.9225443829832346,948.5,936.9868212967843,0.7127134912819737,296,0.3888041033402703,1.0,0.4278371276618108,3,222.75,,,,,,,,,,,,,2.81797288934719e-19,0.9999999999715824,2.4198578030049372e-27,0.9778241685908479,0.23156457083265067,0.0012875336584100643,0.06609583083673215,0.9999999999999999,0.0003102292033631427,0.9999999999999541,9.960751159770467e-05,3.8434858594393884e-14,3.8434858594393884e-14,3.2091408523615694e-14,,0.0,9.572760819061336e-19,0.004567040150618464,7.054128794466933e-19,,,,,0.13043478260869565,,3.499932525657665e-21,1.0,1.0,4.770970844811595e-19,4.770970844811595e-19,1.0,0.4544873153722995,0.14156097535167125,1047,1.8296829774075334,0.8881451417001115,582,328.8046532517446,0.8463529657702128,814.5,748.132596685083,0.7328727445673493,249,818.67,599.5,715.6978453131971,300,0.38607403914171184,1.0,0.42974817260080167,3,187.5
rbio1.3,1.0,smooth,4.54555439507079e-27,320.67153015062536,4915976.842742816,0.5285714285714286,80.74966047445719,206,smoothed,4.773743428601837e-14,-2.1303110386838908e-10,6.210122834629095,32291.615165107713,0.98053718769678,0.00014966566451320263,0.9999999999999999,362.4000000000001,,,,[],[],11,426.59999999999997,32.20000000000002,728.4000000000001,"[9, 31, 53, 64, 80, 102, 131, 148, 158, 175, 192]","[311.00000000000006, 417.79999999999995, 589.6, 432.20000000000005, 728.4000000000001, 371.00000000000017, 587.0000000000001, 32.20000000000002, 448.2, 368.0, 407.2]","[1, 1, 1, 60, 1, 94, 120, 144, 144, 165, 186]","[20, 40, 75, 75, 203, 120, 203, 149, 203, 186, 203]",30736475.840000007,728.4000000000001,-728.4000000000001,0.0,,,,DWT,mdp.39015067403892,1.1175870895385742e-08,,0.0,33.0,11.0,0.0,33.0,,1.1368683772161603e-13,168.40000000000003,987.7999999999993,168.40000000000006,,0.0,168.40000000000003,,,28.00000000000003,0.0,33.0,1.1368683772161603e-13,1.1368683772161603e-13,,1.1368683772161603e-13,5.6035535787959745e-14,8.515129289650513e-27,0.9831379724422334,0.10931641577611377,0.04261607343294817,0.10646603558323861,0.03185133750213873,,0.9999996647345563,4.4059199552998455e-09,4.4059199552998455e-09,3.6787565615428943e-09,,1.2251610931599486e-12,0.9999999955940747,7.585973278963461e-14,,,,,,2.3840087137460624e-13,1.0,1.0,1.7477015598164352e-13,1.7477015598164352e-13,0.9999999009654228,0.37592186795687954,151,0.7211759773040387,0.3661178677260616,743,0,0.3333333060684263,0.4742677179781697,153,0.0,0.18191254781953267,0.32094296850035947,776,350.9998812915279,0.6320755961304738,455.75,253.27646215399716,0.5771751146270818,663,rbio,0.7685897546424816,0.816051598246696,0.21717169227625407,5,498.5,4.196923193159831e-14,0.9999999999705129,2.4198578030049372e-27,0.9694278344620612,0.7490706597900882,0.0001116376003656998,0.08736842105263184,0.0003102292033631427,0.9999999997234184,2.0315811923854454e-05,4.745387416349445e-11,4.745387416349445e-11,3.9622027880881205e-11,,1.2251610931599486e-12,0.0031261328403482946,7.585973278963461e-14,,,,,0.0,,1.1061813170906958e-13,1.0,1.0,1.4238426238064856e-13,1.4238426238064856e-13,1.0,0.401569161204873,0.11457677215664736,1051,1.6913193093553955,0.7818718063718726,846,144.95689014324225,0.9240267871366655,948.5,937.4232999472852,0.7134546933586892,291,0.3888041033402703,1.0,0.4278371276618108,3,219.0,,,,,,,,,,,,,2.81797288934719e-19,0.9999999999715824,2.4198578030049372e-27,0.9778241685908479,0.23156457083265067,0.0012875336584100643,0.06609583083673215,0.9999999999999999,0.0003102292033631427,0.9999999999999541,9.960751159770467e-05,3.8434858594393884e-14,3.8434858594393884e-14,3.2091408523615694e-14,,0.0,9.572760819061336e-19,0.004567040150618464,7.054128794466933e-19,,,,,0.13043478260869565,,3.499932525657665e-21,1.0,1.0,4.770970844811595e-19,4.770970844811595e-19,1.0,0.4544873153722995,0.14156097535167125,1048,1.8296829774075334,0.8881451417001115,581,330.2188668141177,0.84569211831116,814.5,747.560466543892,0.732542320837823,250,818.67,599.5,715.6978453131971,300,0.38607403914171184,1.0,0.42974817260080167,3,188.25
coif3,1.0,antisymmetric,7.297151014965989e-27,320.84025912759205,6189948.615401898,0.6306306306306306,284.7649576622112,206,raw,5.33812476422682e-14,-2.1277601902625337e-10,6.441815382586709,89758.96142518029,0.8337041669794908,5.618943883690064e-06,0.9999999999999999,327.00000000000006,,,,[],[],13,661.1538461538462,86.99999999999994,940.0000000000001,"[8, 32, 51, 63, 81, 100, 111, 133, 152, 162, 175, 192, 204]","[878.0, 638.0000000000002, 787.0000000000002, 791.9999999999999, 940.0000000000001, 788.0, 637.0, 675.0, 771.0000000000001, 196.0, 834.0000000000001, 571.9999999999999, 86.99999999999994]","[0, 13, 39, 39, 76, 99, 107, 107, 107, 161, 99, 187, 203]","[76, 39, 61, 76, 205, 164, 119, 142, 164, 164, 205, 205, 205]",37754613.0,941.0000000000001,-941.0000000000001,0.0,,,,DWT,mdp.39015067403892,0.0,,0.0,33.0,19.0,0.0,28.5,,1.1368683772161603e-13,256.3413461538462,4359.0,256.3413461538462,,0.0,256.3413461538462,,,83.99999999999994,0.0,19.5,1.1368683772161603e-13,1.1368683772161603e-13,,5.684341886080802e-14,4.9100288020957616e-14,4.3670697711715725e-27,0.9700504825854382,0.8291088123331734,0.000510910056607276,0.5511583011583011,0.002592383057502706,0.9999999997234222,0.47422802461153424,6.6959667625959335e-09,6.6959667625959335e-09,6.082000342865356e-09,,2.859275438170267e-12,0.9999999933040264,1.3612963731558036e-13,,,,,,0.0,1.0,0.0,1.4238426238064856e-13,1.4238426238064856e-13,0.7422684098792082,0.24267159368261168,826,1.6183404243218582,0.7772943863191144,293,0,0.20618566978273117,0.24635434483028854,826,0.0,0.4191776111143117,0.7613718688713906,285,310.0542963202843,0.6749954965196181,557.5,428.1257778095022,0.5453069725784674,719,coif,0.5507900112560971,0.8749445204262634,0.351963635992853,2,539.75,4.910028802095761e-14,0.0001547883299646835,4.3670697711715725e-27,0.9700504825854382,0.8291088123331735,0.0015438614931370868,0.6626600284495021,0.004951950822491859,0.9999999997234221,0.9919828214562006,0.9855281704452468,0.9855281704452468,0.9855281704451347,,6.125805465799743e-13,0.9999999999667601,7.585973278963461e-14,,,,,1.0,,0.0,1.0,0.25,1.4238426238064856e-13,1.4238426238064856e-13,0.0,2.20957019982133,0.6304403968408472,822,1.6644478545615888,0.7694495317704662,1012,134.35028842544403,0.9295858027120314,917.0,907.1581243184297,0.7244889181275042,270,0.4784248188775415,0.776734912893196,0.43208215291776214,2,203.0,,,,,,,,,,,,,3.296778952917279e-19,0.036413600438416426,4.3670697711715725e-27,0.9782758127438962,0.25630723055592897,0.001622447867106296,0.5013146010304718,0.9999999999999999,0.004951950822491858,0.9999999999999541,0.0008499884728391214,0.0007982210227401261,0.0007982210227401261,0.0007982210227337874,,0.0,4.786380409530668e-19,0.020163910573049823,7.054128794466933e-19,,,,,0.4782608695652174,,0.0,1.0,0.7906976744186046,4.770970844811595e-19,4.770970844811595e-19,0.9302325581395349,0.5674759776446953,0.17675400427451057,766,1.7293610277305476,0.8394479338713848,1080,222.03152929257593,0.8962469489287028,923.0,896.2946912242687,0.7324692688568748,251,986.6382352941176,846.0,585.0035688138154,340,0.4652856568234462,0.8173890317607586,0.42908333069536003,4,189.25
db35,1.0,reflect,2.0884312221020274e-26,316.2735906955331,7646020.17702493,0.635036496350365,301.6992133206727,206,raw,9.934016931602303e-14,-2.0101875719547288e-10,6.818911955197663,58637.56310044024,0.7832656634706187,5.618943883690066e-06,1.0,326.9999999999999,,,,[],[],13,661.1538461538462,86.99999999999991,940.0000000000002,"[8, 32, 51, 63, 81, 100, 111, 133, 152, 162, 175, 192, 204]","[878.0000000000002, 638.0, 787.0000000000002, 792.0000000000005, 940.0000000000002, 787.9999999999998, 636.9999999999998, 675.0, 770.9999999999998, 195.99999999999983, 834.0, 571.9999999999998, 86.99999999999991]","[0, 13, 42, 42, 76, 99, 107, 107, 107, 161, 164, 187, 203]","[76, 42, 61, 76, 205, 164, 119, 142, 164, 164, 205, 205, 205]",37754613.0,941.0000000000001,-941.0000000000001,0.0,,,,DWT,mdp.39015067403892,0.0,,0.0,33.0,19.0,0.0,28.5,,1.1368683772161603e-13,256.3413461538462,4359.0,256.34134615384613,,0.0,256.3413461538462,,,83.99999999999991,0.0,28.5,2.2737367544323206e-13,1.1368683772161603e-13,,1.1368683772161603e-13,1.0717018289072495e-13,1.3982244729064198e-26,0.95319844222803,0.9593767612515461,0.002149547578927013,0.5842022940563086,7.27013788854303e-05,0.9999999997235995,0.47422802461150126,6.6959667625959335e-09,6.6959667625959335e-09,6.0819563246244724e-09,,5.718550876340534e-12,0.9999999933040264,2.7225927463116073e-13,,,,,,0.0,1.0,1.0,1.4238426238064856e-13,1.4238426238064856e-13,0.8422684098806827,0.2753648338173604,129,1.686392217815604,0.8099798931918738,138,0,0.2895190031163078,0.34592250957010956,135,0.0,0.4373749682771755,0.7944245784251732,151,9.287087810503355,0.9902651071168728,138.25,137.79685474893267,0.9226744822796105,12,db,0.540986235965534,0.9305070477545101,0.3421575204977732,3,9.75,1.0717018289072495e-13,0.0001547883299646835,1.3982244729064198e-26,0.9531984422280299,0.9593767612515463,0.003180805517248927,0.6874951978486362,0.002438229956250494,0.9999999997235994,0.9919828214562001,0.9855281704452468,0.9855281704452468,0.9855281704451341,,1.2251610931599486e-12,0.9999999999667601,1.5171946557926922e-13,,,,,1.0,,0.0,1.0,0.75,1.4238426238064856e-13,1.4238426238064856e-13,0.0,2.259570199821674,0.6447065287088495,126,1.7292176562316315,0.7993916494711178,452,230.5168106668145,0.8791840614953802,289.0,197.0657439446367,0.8638582781271451,89,0.49117026184683504,0.8233619396015222,0.4091722348267588,4,67.75,,,,,,,,,,,,,7.195811217718935e-19,0.03641360043841643,1.3982244729064198e-26,0.9660520137656275,0.2965777194481063,0.0020052342563590215,0.520102867267055,1.0,0.002438229956250494,0.9999999999999541,0.000849988472839121,0.0007982210227401261,0.0007982210227401261,0.0007982210227337869,,0.0,9.572760819061336e-19,0.020163910573049823,1.4108257588933865e-18,,,,,0.4782608695652174,,0.0,1.0,0.9302325581395349,4.770970844811595e-19,4.770970844811595e-19,0.9302325581395349,0.5814294660167882,0.18110015290550946,151,1.748863204132438,0.8489144717567945,975,582.6559876977152,0.7277308468702266,563.0,261.50088809946715,0.732323367360347,252,1009.0473684210526,935.5,610.6543869996938,760,0.4758535102197843,0.8532293215616218,0.41093374637766444,5,190.25
db4,1.0,constant,3.004855435267974e-27,324.6935566408502,5976442.939149344,0.6320754716981132,295.45791329970126,206,raw,3.143116834764037e-14,-2.119123765353975e-10,6.3178127045944645,64214.57484022338,0.7707378386043873,5.618943883690066e-06,1.0,327.00000000000006,,,,[],[],13,661.1538461538462,87.00000000000006,940.0,"[8, 32, 51, 63, 81, 100, 111, 133, 152, 162, 175, 192, 204]","[878.0000000000001, 638.0000000000001, 787.0, 791.9999999999999, 940.0, 788.0, 637.0000000000001, 675.0, 771.0, 195.99999999999994, 834.0, 572.0, 87.00000000000006]","[0, 13, 39, 39, 76, 99, 107, 107, 107, 161, 99, 187, 203]","[76, 39, 61, 76, 205, 164, 119, 142, 164, 164, 205, 205, 205]",37754613.0,941.0,-941.0,0.0,,,,DWT,mdp.39015067403892,0.0,,0.0,33.0,19.0,0.0,28.5,,0.0,256.3413461538462,4359.0,256.34134615384613,,0.0,256.3413461538462,,,84.00000000000006,0.0,19.5,0.0,0.0,,5.684341886080802e-14,2.1365982023304357e-14,1.329557200010232e-27,0.9842700227532034,0.7862721076381651,0.00027063449491324175,0.5619946091644202,0.0005242329635377217,0.9999999997234353,0.47422802461166635,6.6959667625959335e-09,6.6959667625959335e-09,6.0819563246244724e-09,,2.859275438170267e-12,0.9999999933040264,0.0,,,,,,0.0,1.0,0.0,0.0,0.0,0.7422684098791097,0.24267159368257948,853,1.6088409214590251,0.7727317429239854,328,0,0.20618566978270347,0.24635434483025545,852,0.0,0.4166664508422121,0.7568107312087146,320,305.14736876903703,0.6801390264475503,588.25,469.4933574222413,0.5317623853411756,756,db,0.540986235965534,0.9305070477545101,0.3421575204977732,3,567.75,2.1365982023304345e-14,0.0001547883299646835,1.329557200010232e-27,0.9842700227532034,0.7862721076381652,0.001303834251298779,0.6708043694141012,0.0028886933523769288,0.9999999997234352,0.9919828214562026,0.9855281704452468,0.9855281704452468,0.9855281704451341,,6.125805465799743e-13,0.9999999999667601,0.0,,,,,1.0,,0.0,1.0,0.25,0.0,0.0,0.0,2.2095701998212354,0.6304403968408202,855,1.6538736460916155,0.7645612321858527,1096,170.41273426595797,0.9106851497557872,975.5,960.6150691952844,0.6997084029701368,338,0.49117026184683504,0.8233619396015222,0.4091722348267588,4,254.5,,,,,,,,,,,,,1.434592803463252e-19,0.03641360043841643,1.329557200010232e-27,0.9885901009183703,0.24306487082799053,0.001566319398525687,0.5074759460128713,1.0,0.0028886933523769288,0.9999999999999541,0.0008499884728391229,0.0007982210227401261,0.0007982210227401261,0.0007982210227337869,,0.0,4.786380409530668e-19,0.020163910573049823,0.0,,,,,0.4782608695652174,,0.0,1.0,0.7906976744186046,0.0,0.0,0.9302325581395349,0.5674759776446953,0.17675400427451057,732,1.7305395915418862,0.8400200197114723,1075,242.5376259469858,0.8866646607724366,903.5,870.9463198671832,0.7322341995450967,253,1009.0473684210526,935.5,610.6543869996938,760,0.4758535102197843,0.8532293215616218,0.41093374637766444,5,191.0
rbio1.3,1.0,antisymmetric,4.54555439507079e-27,320.67153015062536,4915767.480222569,0.5285714285714286,80.74966047445719,206,smoothed,4.773743428601837e-14,-2.1303110386838908e-10,6.210813808326257,32301.5974550737,0.9802341684252521,0.00014966566451320263,0.9999999999999999,362.4000000000001,,,,[],[],11,426.59999999999997,32.20000000000002,728.4000000000001,"[9, 31, 53, 64, 80, 102, 131, 148, 158, 175, 192]","[311.00000000000006, 417.79999999999995, 589.6, 432.20000000000005, 728.4000000000001, 371.00000000000017, 587.0000000000001, 32.20000000000002, 448.2, 368.0, 407.2]","[1, 1, 1, 60, 1, 94, 120, 144, 144, 165, 186]","[20, 40, 75, 75, 203, 120, 203, 149, 203, 186, 203]",30736475.840000007,728.4000000000001,-728.4000000000001,0.0,,,,DWT,mdp.39015067403892,1.1175870895385742e-08,,0.0,33.0,11.0,0.0,33.0,,1.1368683772161603e-13,168.40000000000003,987.7999999999993,168.40000000000006,,0.0,168.40000000000003,,,28.00000000000003,0.0,33.0,1.1368683772161603e-13,1.1368683772161603e-13,,1.1368683772161603e-13,5.6035535787959745e-14,8.515129289650513e-27,0.9831379724422334,0.11031307904346693,0.0425262244871461,0.10646603558323861,0.03193411897048603,,0.9999996647345563,4.4059199552998455e-09,4.4059199552998455e-09,3.6787565615428943e-09,,1.2251610931599486e-12,0.9999999955940747,7.585973278963461e-14,,,,,,2.3840087137460624e-13,1.0,1.0,1.7477015598164352e-13,1.7477015598164352e-13,0.9999999009654228,0.37592186795687954,156,0.7216624970521532,0.3663648581672188,735,0,0.3333333060684263,0.4742677179781697,155,0.0,0.18205391864666098,0.32119238490105173,774,346.19936452859065,0.6371075843515821,455.0,257.8249352978114,0.5800841904986422,652,rbio,0.7685897546424816,0.816051598246696,0.21717169227625407,5,490.25,4.196923193159831e-14,0.9999999999705129,2.4198578030049372e-27,0.9694278344620612,0.7493093565400022,0.00011140223094058114,0.08736842105263184,0.0003110354875255233,0.9999999997234184,2.0315811923854454e-05,4.745387416349445e-11,4.745387416349445e-11,3.9622027880881205e-11,,1.2251610931599486e-12,0.0031261328403482946,7.585973278963461e-14,,,,,0.0,,1.1061813170906958e-13,1.0,1.0,1.4238426238064856e-13,1.4238426238064856e-13,1.0,0.401569161204873,0.11457677215664736,1054,1.6914388625593049,0.7819270740430811,842,149.90663761154806,0.9214325798681614,948.0,936.1476793248944,0.7122886169781059,297,0.3888041033402703,1.0,0.4278371276618108,3,223.5,,,,,,,,,,,,,2.81797288934719e-19,0.9999999999715824,2.4198578030049372e-27,0.9778241685908479,0.23163836054758682,0.001287478619135016,0.06609583083673215,0.9999999999999999,0.00031103548752552373,0.9999999999999541,9.960751159770467e-05,3.8434858594393884e-14,3.8434858594393884e-14,3.2091408523615694e-14,,0.0,9.572760819061336e-19,0.004567040150618464,7.054128794466933e-19,,,,,0.13043478260869565,,3.499932525657665e-21,1.0,1.0,4.770970844811595e-19,4.770970844811595e-19,1.0,0.4544873153722995,0.14156097535167125,1049,1.829720167259029,0.8881631940000642,579,332.34018715767735,0.8447008471225806,814.0,746.1560196560197,0.7321635076734399,254,818.67,599.5,715.6978453131971,300,0.38607403914171184,1.0,0.42974817260080167,3,191.25
dmey,1.0,smooth,1.4130955771014078,57.970077097731505,170994052.5074578,0.5939849624060151,291.62169448256634,206,raw,0.7914414478763427,-66.34875167844487,4.67488930648991,2818263.1864758953,0.995934436973917,5.59790904997578e-06,0.9999917124658538,326.9801196421646,,,,[],[],13,662.0206851912158,87.45259976652153,940.8351365651408,"[8, 32, 51, 63, 81, 100, 111, 133, 152, 162, 175, 192, 204]","[878.318647344757, 638.3685263722563, 793.8803675445979, 787.7532306423487, 940.8351365651408, 789.6678941089613, 638.721977086629, 677.1222546861662, 772.264460533111, 196.38987369936171, 832.1318873346538, 573.3620518012989, 87.45259976652153]","[0, 13, 39, 61, 76, 99, 107, 107, 107, 161, 164, 187, 203]","[76, 39, 76, 76, 164, 164, 119, 142, 164, 164, 205, 205, 205]",37855644.09429455,941.7984508668359,-941.7984508668359,0.0,,,,DWT,mdp.39015067403892,101031.09429454803,,0.0,28.5,19.0,0.0,28.5,,0.7984508668358785,257.20818519121576,4347.731092514196,257.20818519121576,,0.0,257.20818519121576,,,84.45259976652153,0.0,24.0,0.8351365651408287,0.7984508668358785,,0.01988035783540454,0.9999999999999999,1.0,0.0,0.21872449027521013,0.18597857221517797,0.2763157894736843,0.22350026239352996,0.0,0.9999999999999999,0.6712602914460744,0.6712602914460744,0.6712602912442983,,1.0,0.32873970855395074,0.9999999999998639,,,,,,1.0,0.0,0.5,0.9999999999999998,0.9999999999999998,3.0185041165178417,0.9868467992759,2,1.3022779519920797,0.6254885105120986,830,0,0.7368767152241884,0.8804335460899917,6,0.0,0.3630648892947003,0.6594517120059341,784,463.99533043627355,0.5136317291024386,405.5,5.9777597792819614,0.5442896591004855,723,dmey,1.0,0.5967959140315767,0.12096122579052698,7,544.0,1.0,8.783077814711326e-06,1.0,0.0,0.21872449027521013,0.18681984663393525,0.45609418282548503,0.2253372282631063,0.0,1.0,0.9952425349380725,0.9952425349380725,0.9952425349380365,,0.2142432793994769,0.9966677505055406,0.5572609630463032,,,,,1.0,,1.0,0.75,0.5,0.9999999999999998,0.9999999999999998,0.0,3.5048042779199147,1.0,1,1.3753473678133534,0.6358026689063629,1657,1170.9688296449226,0.3862846804796003,829.0,1.9987937273823884,0.4758991536569909,1638,1.0,0.16047866370298075,0.25185640088910577,7,1230.25,,,,,,,,,,,,,6.714378032793016e-06,0.03627288998284377,1.0,0.2746398228927277,0.06761557412402536,0.04494776890596565,0.3450437079032314,0.9999935317180532,0.22533722826310623,0.999834453866551,0.0008560531558366233,0.0008060890981470731,0.0008060890981470731,0.0008060890981407344,,0.0,1.673983676295842e-07,0.02011177492703106,5.181919921018266e-06,,,,,0.4782608695652174,,3.1639772536229756e-08,0.9302325581395349,0.8604651162790697,3.3507711913111097e-06,3.3507711913111097e-06,0.9302325581395349,0.5674628412819586,0.17674991263925766,983,1.860033015259272,0.9028773324682787,193,558.6143571373725,0.738965253674125,588.0,322.6513605442177,0.732099449266969,255,1640.65,1604.0,395.57969121943455,20,0.7737090308889414,0.5527188516912812,0.2925880228703567,9,193.5
db4,1.0,zero,3.0051005182676544e-27,324.69320243461226,5976841.119680134,0.6320754716981132,295.45791329970126,206,raw,3.1465660713453965e-14,-2.1191559618216892e-10,6.316817235727448,64635.408196867196,0.7722313297674778,5.618943883690066e-06,1.0,327.00000000000006,,,,[],[],13,661.1538461538462,87.00000000000006,940.0,"[8, 32, 51, 63, 81, 100, 111, 133, 152, 162, 175, 192, 204]","[878.0000000000001, 638.0000000000001, 787.0, 791.9999999999999, 940.0, 788.0, 637.0000000000001, 675.0, 771.0, 195.99999999999994, 834.0, 572.0, 87.00000000000006]","[0, 13, 39, 39, 76, 99, 107, 107, 107, 161, 99, 187, 203]","[76, 39, 61, 76, 205, 164, 119, 142, 164, 164, 205, 205, 205]",37754613.0,941.0,-941.0,0.0,,,,DWT,mdp.39015067403892,0.0,,0.0,33.0,19.0,0.0,28.5,,0.0,256.3413461538462,4359.0,256.34134615384613,,0.0,256.3413461538462,,,84.00000000000006,0.0,19.5,0.0,0.0,,5.684341886080802e-14,2.1409563725913128e-14,1.32973063696924e-27,0.984268715651997,0.7859282230819612,0.0002710826003330614,0.5619946091644202,0.0005583048933212717,0.9999999997234352,0.47422802461166635,6.6959667625959335e-09,6.6959667625959335e-09,6.0819563246244724e-09,,2.859275438170267e-12,0.9999999933040264,0.0,,,,,,0.0,1.0,0.0,0.0,0.0,0.7422684098791097,0.24267159368257948,850,1.6086820477448225,0.7726554353410273,330,0,0.20618566978270347,0.24635434483025545,851,0.0,0.41662761688943617,0.7567401952869078,323,302.5453134105149,0.6828665477877203,588.5,471.818461280787,0.5329951187575919,754,db,0.540986235965534,0.9305070477545101,0.3421575204977732,3,566.25,2.1409563725913115e-14,0.0001547883299646835,1.3297306369692394e-27,0.984268715651997,0.7859282230819612,0.001304281893610855,0.6708043694141012,0.002922684678176869,0.9999999997234351,0.9919828214562026,0.9855281704452468,0.9855281704452468,0.9855281704451341,,6.125805465799743e-13,0.9999999999667601,0.0,,,,,1.0,,0.0,1.0,0.25,0.0,0.0,0.0,2.2095701998212354,0.6304403968408202,854,1.6537147399042653,0.7644877722146575,1097,171.82694782833104,0.9099439476790718,975.5,960.3669912865197,0.6993378019317791,339,0.49117026184683504,0.8233619396015222,0.4091722348267588,4,255.25,,,,,,,,,,,,,1.4375190437295323e-19,0.03641360043841643,1.3297306369692394e-27,0.9885891527992078,0.24295856379455835,0.0015664240761333467,0.5074759460128713,1.0,0.002922684678176869,0.9999999999999541,0.0008499884728391229,0.0007982210227401261,0.0007982210227401261,0.0007982210227337869,,0.0,4.786380409530668e-19,0.020163910573049823,0.0,,,,,0.4782608695652174,,0.0,1.0,0.7906976744186046,0.0,0.0,0.9302325581395349,0.5674759776446953,0.17675400427451057,735,1.7304995180227967,0.8400005676524382,1076,241.1234123846127,0.8873255082314894,905.5,873.3959138597461,0.732097333554997,256,1009.0473684210526,935.5,610.6543869996938,760,0.4758535102197843,0.8532293215616218,0.41093374637766444,5,193.25
db27,1.0,antireflect,1.3658755119980428e-26,318.1176812797459,6909301.211577259,0.627906976744186,298.762255192676,206,raw,7.921602963665242e-14,-2.0505841469287426e-10,6.699914475142188,137117.39687109605,0.9045819554237395,5.6189438836900665e-06,1.0,326.9999999999997,,,,[],[],13,661.1538461538462,87.00000000000007,939.9999999999999,"[8, 32, 51, 63, 81, 100, 111, 133, 152, 162, 175, 192, 204]","[878.0, 638.0000000000002, 786.9999999999998, 792.0, 939.9999999999999, 788.0, 637.0000000000001, 675.0, 771.0000000000001, 196.0000000000001, 833.9999999999999, 572.0, 87.00000000000007]","[0, 13, 39, 39, 76, 99, 107, 107, 107, 161, 164, 187, 203]","[76, 39, 61, 76, 205, 164, 119, 142, 164, 164, 205, 205, 205]",37754613.0,940.9999999999999,-940.9999999999999,0.0,,,,DWT,mdp.39015067403892,0.0,,0.0,33.0,19.0,0.0,28.5,,1.1368683772161603e-13,256.3413461538462,4359.0,256.34134615384613,,0.0,256.3413461538462,,,84.00000000000007,0.0,24.0,1.1368683772161603e-13,1.1368683772161603e-13,,2.8421709430404007e-13,8.174298327492314e-14,8.868962076335806e-27,0.9600035539654415,0.9182691013596743,0.001320456913327109,0.5307308970099668,0.0064266639235456904,0.9999999997235386,0.47422802461168284,6.6959667625959335e-09,6.6959667625959335e-09,6.0819563246244724e-09,,1.4296377190851335e-11,0.9999999933040264,1.3612963731558036e-13,,,,,,0.0,1.0,0.5,1.4238426238064856e-13,1.4238426238064856e-13,0.7922684098849582,0.2590182137516248,255,1.6506599357786105,0.7928175571219674,205,0,0.24785233645035964,0.29613842720120287,255,0.0,0.42709383411194696,0.7757504743558057,206,28.58175408659634,0.9700400900559787,230.25,227.5888304757879,0.8643439443990586,28,db,0.540986235965534,0.9305070477545101,0.3421575204977732,3,21.75,8.174298327492312e-14,0.0001547883299646835,8.868962076335806e-27,0.9600035539654415,0.9182691013596743,0.002352571699815413,0.6473072215422278,0.008777160928115785,0.9999999997235385,0.9919828214562029,0.9855281704452468,0.9855281704452468,0.9855281704451341,,3.062902732899872e-12,0.9999999999667601,7.585973278963461e-14,,,,,1.0,,0.0,1.0,0.5,1.4238426238064856e-13,1.4238426238064856e-13,0.0,2.2345701998225556,0.6375734627751489,255,1.6987931582855766,0.7853268557710416,745,346.4823227814083,0.8184054912047126,500.0,379.95,0.7781754919335933,166,0.49117026184683504,0.8233619396015222,0.4091722348267588,4,125.5,,,,,,,,,,,,,5.488532912361108e-19,0.03641360043841644,8.868962076335806e-27,0.9709881708207112,0.2838698693990022,0.0018115583408955156,0.48969991787623546,1.0,0.008777160928115783,0.9999999999999541,0.0008499884728391231,0.0007982210227401261,0.0007982210227401261,0.0007982210227337869,,0.0,2.3931902047653343e-18,0.020163910573049823,7.054128794466933e-19,,,,,0.4782608695652174,,0.0,1.0,0.8604651162790697,4.770970844811595e-19,4.770970844811595e-19,0.9302325581395349,0.5744527218307418,0.17892707859001003,565,1.7357485280156226,0.8425484859428893,1047,340.82546853191593,0.8407357623682636,806.0,733.939205955335,0.732050124174786,257,1009.0473684210526,935.5,610.6543869996938,760,0.4758535102197843,0.8532293215616218,0.41093374637766444,5,194.0
rbio1.3,1.0,constant,4.54555439507079e-27,320.67153015062536,4915976.842742816,0.5285714285714286,80.74966047445719,206,smoothed,4.773743428601837e-14,-2.1303110386838908e-10,6.210122834629095,32291.615165107713,0.98053718769678,0.00014966566451320263,0.9999999999999999,362.4000000000001,,,,[],[],11,426.59999999999997,32.20000000000002,728.4000000000001,"[9, 31, 53, 64, 80, 102, 131, 148, 158, 175, 192]","[311.00000000000006, 417.79999999999995, 589.6, 432.20000000000005, 728.4000000000001, 371.00000000000017, 587.0000000000001, 32.20000000000002, 448.2, 368.0, 407.2]","[1, 1, 1, 60, 1, 94, 120, 144, 144, 165, 186]","[20, 40, 75, 75, 203, 120, 203, 149, 203, 186, 203]",30736475.840000007,728.4000000000001,-728.4000000000001,0.0,,,,DWT,mdp.39015067403892,1.1175870895385742e-08,,0.0,33.0,11.0,0.0,33.0,,1.1368683772161603e-13,168.40000000000003,987.7999999999993,168.40000000000006,,0.0,168.40000000000003,,,28.00000000000003,0.0,33.0,1.1368683772161603e-13,1.1368683772161603e-13,,1.1368683772161603e-13,5.6035535787959745e-14,8.515129289650513e-27,0.9831379724422334,0.10931641577611377,0.04261607343294817,0.10646603558323861,0.03185133750213873,,0.9999996647345563,4.4059199552998455e-09,4.4059199552998455e-09,3.6787565615428943e-09,,1.2251610931599486e-12,0.9999999955940747,7.585973278963461e-14,,,,,,2.3840087137460624e-13,1.0,1.0,1.7477015598164352e-13,1.7477015598164352e-13,0.9999999009654228,0.37592186795687954,154,0.7211759773040387,0.3661178677260616,744,0,0.3333333060684263,0.4742677179781697,152,0.0,0.18191254781953267,0.32094296850035947,777,350.9998812915279,0.6320755961304738,456.75,254.71961747908088,0.5766510056124068,665,rbio,0.7685897546424816,0.816051598246696,0.21717169227625407,5,500.0,4.196923193159831e-14,0.9999999999705129,2.4198578030049372e-27,0.9694278344620612,0.7490706597900882,0.0001116376003656998,0.08736842105263184,0.0003102292033631427,0.9999999997234184,2.0315811923854454e-05,4.745387416349445e-11,4.745387416349445e-11,3.9622027880881205e-11,,1.2251610931599486e-12,0.0031261328403482946,7.585973278963461e-14,,,,,0.0,,1.1061813170906958e-13,1.0,1.0,1.4238426238064856e-13,1.4238426238064856e-13,1.0,0.401569161204873,0.11457677215664736,1050,1.6913193093553955,0.7818718063718726,845,144.95689014324225,0.9240267871366655,947.5,936.4116094986806,0.7137167478660267,290,0.3888041033402703,1.0,0.4278371276618108,3,218.25,,,,,,,,,,,,,2.81797288934719e-19,0.9999999999715824,2.4198578030049372e-27,0.9778241685908479,0.23156457083265067,0.0012875336584100643,0.06609583083673215,0.9999999999999999,0.0003102292033631427,0.9999999999999541,9.960751159770467e-05,3.8434858594393884e-14,3.8434858594393884e-14,3.2091408523615694e-14,,0.0,9.572760819061336e-19,0.004567040150618464,7.054128794466933e-19,,,,,0.13043478260869565,,3.499932525657665e-21,1.0,1.0,4.770970844811595e-19,4.770970844811595e-19,1.0,0.4544873153722995,0.14156097535167125,1051,1.8296829774075334,0.8881451417001115,583,330.92597359530424,0.8453616945816336,817.0,749.9791921664627,0.731792996823527,258,818.67,599.5,715.6978453131971,300,0.38607403914171184,1.0,0.42974817260080167,3,194.25
rbio1.3,1.0,symmetric,4.54555439507079e-27,320.67153015062536,4915767.480222569,0.5285714285714286,80.74966047445719,206,smoothed,4.773743428601837e-14,-2.1303110386838908e-10,6.210813808326257,32301.599532171207,0.9802341053930191,0.00014966566451320263,0.9999999999999999,362.4000000000001,,,,[],[],11,426.59999999999997,32.20000000000002,728.4000000000001,"[9, 31, 53, 64, 80, 102, 131, 148, 158, 175, 192]","[311.00000000000006, 417.79999999999995, 589.6, 432.20000000000005, 728.4000000000001, 371.00000000000017, 587.0000000000001, 32.20000000000002, 448.2, 368.0, 407.2]","[1, 1, 1, 60, 1, 94, 120, 144, 144, 165, 186]","[20, 40, 75, 75, 203, 120, 203, 149, 203, 186, 203]",30736475.840000007,728.4000000000001,-728.4000000000001,0.0,,,,DWT,mdp.39015067403892,1.1175870895385742e-08,,0.0,33.0,11.0,0.0,33.0,,1.1368683772161603e-13,168.40000000000003,987.7999999999993,168.40000000000006,,0.0,168.40000000000003,,,28.00000000000003,0.0,33.0,1.1368683772161603e-13,1.1368683772161603e-13,,1.1368683772161603e-13,5.6035535787959745e-14,8.515129289650513e-27,0.9831379724422334,0.11031307904346693,0.0425262244871461,0.10646603558323861,0.03193413619550975,,0.9999996647345563,4.4059199552998455e-09,4.4059199552998455e-09,3.6787565615428943e-09,,1.2251610931599486e-12,0.9999999955940747,7.585973278963461e-14,,,,,,2.3840087137460624e-13,1.0,1.0,1.7477015598164352e-13,1.7477015598164352e-13,0.9999999009654228,0.37592186795687954,155,0.7216625039421627,0.36636486166505516,734,0,0.3333333060684263,0.4742677179781697,151,0.0,0.18205392110737867,0.3211923892424237,772,346.76120505808217,0.6365186529789495,453.0,254.26103244358725,0.580837942841676,648,rbio,0.7685897546424816,0.816051598246696,0.21717169227625407,5,487.25,4.196923193159831e-14,0.9999999999705129,2.4198578030049372e-27,0.9694278344620612,0.7493093565400022,0.00011140223094058114,0.08736842105263184,0.0003110356552957273,0.9999999997234184,2.0315811923854454e-05,4.745387416349445e-11,4.745387416349445e-11,3.9622027880881205e-11,,1.2251610931599486e-12,0.0031261328403482946,7.585973278963461e-14,,,,,0.0,,1.1061813170906958e-13,1.0,1.0,1.4238426238064856e-13,1.4238426238064856e-13,1.0,0.401569161204873,0.11457677215664736,1055,1.691438862626413,0.7819270740741042,841,151.32085117392117,0.9206913777914459,948.0,935.9229957805907,0.7119180159397481,299,0.3888041033402703,1.0,0.4278371276618108,3,225.0,,,,,,,,,,,,,2.81797288934719e-19,0.9999999999715824,2.4198578030049372e-27,0.9778241685908479,0.23163836054758682,0.001287478619135016,0.06609583083673215,0.9999999999999999,0.0003110356552957273,0.9999999999999541,9.960751159770467e-05,3.8434858594393884e-14,3.8434858594393884e-14,3.2091408523615694e-14,,0.0,9.572760819061336e-19,0.004567040150618464,7.054128794466933e-19,,,,,0.13043478260869565,,3.499932525657665e-21,1.0,1.0,4.770970844811595e-19,4.770970844811595e-19,1.0,0.4544873153722995,0.14156097535167125,1052,1.8297201673261372,0.8881631940326391,578,335.1686142824235,0.843379152204475,815.0,746.080981595092,0.731269015354574,259,818.67,599.5,715.6978453131971,300,0.38607403914171184,1.0,0.42974817260080167,3,195.0
rbio2.8,1.0,antireflect,5.0890977025541684e-27,320.18099085531475,5118105.072582312,0.5225225225225225,121.81324251310218,206,smoothed,4.853814823765834e-14,-2.132859444614614e-10,6.343861841795069,59026.77133213912,0.9847286001117055,0.00014966566451320263,0.9999999999999999,362.4000000000001,,,,[],[],11,426.60000000000014,32.20000000000002,728.4000000000001,"[9, 31, 53, 64, 80, 102, 131, 148, 158, 175, 192]","[311.0000000000001, 417.79999999999995, 589.6000000000001, 432.20000000000016, 728.4000000000001, 371.00000000000017, 587.0000000000002, 32.20000000000002, 448.20000000000016, 368.0000000000002, 407.2000000000002]","[1, 1, 1, 60, 1, 94, 120, 144, 144, 165, 186]","[20, 40, 75, 75, 203, 120, 203, 149, 203, 186, 203]",30736475.84000001,728.4000000000001,-728.4000000000001,0.0,,,,DWT,mdp.39015067403892,1.4901161193847656e-08,,0.0,33.0,11.0,0.0,33.0,,1.1368683772161603e-13,168.4000000000002,987.7999999999975,168.40000000000015,,0.0,168.4000000000002,,,28.00000000000003,0.0,33.0,1.1368683772161603e-13,1.1368683772161603e-13,,1.1368683772161603e-13,5.779459218181052e-14,1.0105862944712823e-26,0.9812742111205704,0.30222210292740637,0.12936038825353202,0.0649162004655208,0.2535615354168448,,0.9999996647345563,4.406097391567225e-09,4.406097391567225e-09,3.6788452796766485e-09,,1.2251610931599486e-12,0.9999999955939026,7.585973278963461e-14,,,,,,3.1786782849947497e-13,1.0,1.0,1.7477015598164352e-13,1.7477015598164352e-13,0.9999999009655096,0.3759218679569122,147,0.9319468666157749,0.473119474826191,245,0,0.3333333060684555,0.47426771797821127,149,0.0,0.2473334911691332,0.43636321857318144,244,55.721779105361186,0.9415914265142964,196.25,184.38172650477918,0.8679393191271692,65,rbio,0.7685897546424816,0.816051598246696,0.21717169227625407,5,50.0,4.2980947900971056e-14,0.9999999999705129,2.804505038684716e-27,0.9676176334097063,0.7952707777950454,0.00033887409523361393,0.05327169274537713,0.002469666874448242,0.9999999997234145,2.0315811923854454e-05,4.745570603148508e-11,4.745570603148508e-11,3.9622916059300906e-11,,1.2251610931599486e-12,0.003126132840347795,7.585973278963461e-14,,,,,0.0,,1.4749084227875944e-13,1.0,1.0,1.4238426238064856e-13,1.4238426238064856e-13,1.0,0.4015691612048926,0.11457677215665295,1040,1.700671949719426,0.7861953931572432,729,219.9102089490163,0.8847430770707462,884.5,857.1622385528547,0.7105843267953311,303,0.3888041033402703,1.0,0.4278371276618108,3,228.0,,,,,,,,,,,,,2.8859033241490117e-19,0.9999999999715824,2.804505038684716e-27,0.976511120834912,0.24584668208398935,0.0013406711121627232,0.04030102352386228,0.9999999999999999,0.002469666874448242,0.9999999999999541,9.960751159770467e-05,3.843648489765261e-14,3.843648489765261e-14,3.209227588535368e-14,,0.0,9.572760819061336e-19,0.004567040150618456,7.054128794466933e-19,,,,,0.13043478260869565,,4.666576700876887e-21,1.0,1.0,4.770970844811595e-19,4.770970844811595e-19,1.0,0.4544873153722995,0.14156097535167125,1060,1.8266086252498037,0.8866528225571354,617,313.2483040656405,0.8536222878197941,838.5,779.9880739415623,0.730899928956626,260,818.67,599.5,715.6978453131971,300,0.38607403914171184,1.0,0.42974817260080167,3,195.75
db22,1.0,periodic,1.385437347736589e-26,318.05592355962176,6633924.819519498,0.625,322.8994958368743,206,raw,8.266957776373882e-14,-2.0713364357050321e-10,6.654768181572089,62617.31452269939,0.7445467375033292,5.618943883690064e-06,0.9999999999999998,327.0000000000001,,,,[],[],13,661.1538461538462,87.00000000000009,940.0000000000003,"[8, 32, 51, 63, 81, 100, 111, 133, 152, 162, 175, 192, 204]","[878.0000000000002, 637.9999999999998, 787.0, 792.0, 940.0000000000003, 788.0000000000005, 637.0, 674.9999999999997, 770.9999999999998, 196.0, 834.0000000000005, 571.9999999999998, 87.00000000000009]","[0, 13, 39, 39, 76, 99, 107, 107, 107, 161, 99, 187, 203]","[76, 39, 61, 76, 205, 164, 119, 142, 164, 164, 205, 205, 205]",37754613.0,941.0000000000003,-941.0000000000003,0.0,,,,DWT,mdp.39015067403892,0.0,,0.0,33.0,19.0,0.0,28.5,,3.410605131648481e-13,256.3413461538462,4359.0,256.34134615384613,,0.0,256.3413461538462,,,84.00000000000009,0.0,19.5,3.410605131648481e-13,3.410605131648481e-13,,1.1368683772161603e-13,8.61066012486258e-14,9.00739457910163e-27,0.9597756539969201,0.9026733216793559,0.0010105531279088337,0.5089285714285714,0.0003949139812718041,0.9999999997235073,0.47422802461169933,6.6959667625959335e-09,6.6959667625959335e-09,6.0819563246244724e-09,,5.718550876340534e-12,0.9999999933040264,4.083889119467411e-13,,,,,,0.0,1.0,0.0,4.2715278714194565e-13,4.2715278714194565e-13,0.7422684098809241,0.24267159368317268,720,1.6314367238551504,0.7835845833356335,243,0,0.2061856697830497,0.24635434483066912,719,0.0,0.4215978767422027,0.7657679103473989,251,272.8178574311684,0.7140274031119828,483.25,367.68086804241244,0.6037380202142724,524,db,0.540986235965534,0.9305070477545101,0.3421575204977732,3,393.75,8.61066012486258e-14,0.0001547883299646835,9.007394579101628e-27,0.9597756539969201,0.902673321679356,0.0020429881935913326,0.6309210526315789,0.002759680300100689,0.9999999997235072,0.9919828214562032,0.9855281704452468,0.9855281704452468,0.9855281704451341,,1.2251610931599486e-12,0.9999999999667601,2.275791983689038e-13,,,,,1.0,,0.0,1.0,0.25,4.2715278714194565e-13,4.2715278714194565e-13,0.0,2.209570199821826,0.6304403968409887,721,1.6817422768957155,0.7774444864521433,913,135.7645019878171,0.9288446006353159,817.0,805.71970624235,0.7503237678228991,214,0.49117026184683504,0.8233619396015222,0.4091722348267588,4,161.5,,,,,,,,,,,,,5.781522719022407e-19,0.036413600438416426,9.007394579101628e-27,0.9708228612591818,0.27904865529686995,0.0017391646910368947,0.4773034772020025,0.9999999999999998,0.002759680300100689,0.9999999999999541,0.0008499884728391233,0.0007982210227401261,0.0007982210227401261,0.0007982210227337869,,0.0,9.572760819061336e-19,0.020163910573049823,2.11623863834008e-18,,,,,0.4782608695652174,,0.0,1.0,0.7906976744186046,1.4312912534434783e-18,1.4312912534434783e-18,0.9302325581395349,0.5674759776446953,0.17675400427451057,888,1.7258369698818103,0.8377373234016625,1107,154.8563850798539,0.9276372032337131,997.5,985.4796992481203,0.7307578539533052,261,1009.0473684210526,935.5,610.6543869996938,760,0.4758535102197843,0.8532293215616218,0.41093374637766444,5,197.0
db5,1.0,smooth,3.2637099933482935e-27,324.33467685585236,6961804.8142355,0.6401869158878505,318.68561289441834,206,raw,3.606392423097912e-14,-2.106395058376649e-10,6.24292380349524,109206.778617986,0.8617303775928251,5.618943883690066e-06,1.0,327.0000000000001,,,,[],[],13,661.1538461538462,86.99999999999997,940.0000000000001,"[8, 32, 51, 63, 81, 100, 111, 133, 152, 162, 175, 192, 204]","[878.0, 637.9999999999999, 786.9999999999999, 791.9999999999999, 940.0000000000001, 788.0000000000001, 637.0, 675.0, 771.0000000000001, 195.99999999999977, 834.0, 572.0, 86.99999999999997]","[0, 13, 42, 42, 76, 99, 107, 107, 107, 161, 99, 187, 203]","[76, 42, 61, 76, 205, 164, 119, 142, 164, 164, 205, 205, 205]",37754613.0,941.0000000000001,-941.0000000000001,0.0,,,,DWT,mdp.39015067403892,0.0,,0.0,33.0,19.0,0.0,28.5,,1.1368683772161603e-13,256.3413461538462,4359.0,256.34134615384613,,0.0,256.3413461538462,,,83.99999999999997,0.0,24.0,1.1368683772161603e-13,1.1368683772161603e-13,,1.1368683772161603e-13,2.7219549454944183e-14,1.5127398256407583e-27,0.9829456751001563,0.7604017490841203,0.0013795435514019991,0.6228304405874501,0.004166936622175156,0.9999999997234545,0.47422802461156727,6.6959667625959335e-09,6.6959667625959335e-09,6.0819563246244724e-09,,5.718550876340534e-12,0.9999999933040264,1.3612963731558036e-13,,,,,,0.0,1.0,0.5,1.4238426238064856e-13,1.4238426238064856e-13,0.7922684098806345,0.2590182137502113,410,1.6214570021510948,0.778791289204802,285,0,0.24785233644963522,0.29613842720033734,413,0.0,0.4214655430835981,0.7655275465438586,253,83.312163977817,0.9126706876542798,340.25,324.63124133158203,0.7780072515839533,184,db,0.540986235965534,0.9305070477545101,0.3421575204977732,3,138.75,2.7219549454944177e-14,0.0001547883299646835,1.5127398256407583e-27,0.9829456751001563,0.7604017490841204,0.0024115972730639904,0.7165272995573047,0.006522779464903498,0.9999999997234543,0.9919828214562011,0.9855281704452468,0.9855281704452468,0.9855281704451341,,1.2251610931599486e-12,0.9999999999667601,7.585973278963461e-14,,,,,1.0,,0.0,1.0,0.5,1.4238426238064856e-13,1.4238426238064856e-13,0.0,2.2345701998216363,0.6375734627748867,410,1.6604405462359486,0.767597012626431,1048,451.1341263970173,0.7635565375277686,729.0,589.4101508916324,0.6907405329148277,397,0.49117026184683504,0.8233619396015222,0.4091722348267588,4,298.75,,,,,,,,,,,,,1.8276234492280033e-19,0.03641360043841643,1.5127398256407583e-27,0.9876294718702044,0.23506741638553116,0.0018253610034939841,0.5420661906309392,1.0,0.006522779464903498,0.9999999999999541,0.0008499884728391218,0.0007982210227401261,0.0007982210227401261,0.0007982210227337869,,0.0,9.572760819061336e-19,0.020163910573049823,7.054128794466933e-19,,,,,0.4782608695652174,,0.0,1.0,0.8604651162790697,4.770970844811595e-19,4.770970844811595e-19,0.9302325581395349,0.5744527218307418,0.17892707859001003,299,1.741383739986479,0.8452838702669311,1007,500.63160108007565,0.7660599994952917,653.0,461.09188361408883,0.7304599062897019,262,1009.0473684210526,935.5,610.6543869996938,760,0.4758535102197843,0.8532293215616218,0.41093374637766444,5,197.75
rbio2.8,1.0,smooth,4.914322216358325e-27,322.5571561847954,8740283.716630956,0.6351351351351351,341.24004523772555,206,raw,4.6050542020447155e-14,-2.1612345246780075e-10,6.167128455259778,176745.69720421475,0.8796317280788888,5.618943883690066e-06,0.9999999999999999,327.0000000000001,,,,[],[],13,661.1538461538462,87.0,940.0000000000001,"[8, 32, 51, 63, 81, 100, 111, 133, 152, 162, 175, 192, 204]","[878.0000000000001, 638.0000000000001, 787.0000000000001, 792.0, 940.0000000000001, 788.0, 637.0000000000001, 675.0000000000001, 771.0000000000002, 196.0, 834.0000000000003, 572.0000000000001, 87.0]","[0, 13, 39, 39, 76, 99, 107, 107, 107, 161, 99, 187, 203]","[76, 39, 61, 76, 205, 164, 119, 142, 164, 164, 205, 205, 205]",37754613.0,941.0000000000001,-941.0000000000001,0.0,,,,DWT,mdp.39015067403892,0.0,,0.0,33.0,19.0,0.0,28.5,,1.1368683772161603e-13,256.3413461538462,4359.0,256.3413461538462,,0.0,256.3413461538462,,,84.0,0.0,19.5,1.1368683772161603e-13,1.1368683772161603e-13,,1.1368683772161603e-13,3.983781428838839e-14,2.6808223317057944e-27,0.9763862214129804,0.7342182585161112,0.0033810126679822083,0.5849420849420846,0.00963508988378686,0.9999999997233718,0.4742280246116003,6.6959667625959335e-09,6.6959667625959335e-09,6.082000342865356e-09,,5.718550876340534e-12,0.9999999933040264,1.3612963731558036e-13,,,,,,0.0,1.0,0.0,1.4238426238064856e-13,1.4238426238064856e-13,0.7422684098806576,0.24267159368308552,762,1.5924622382595444,0.7648650059167884,380,0,0.20618566978297492,0.24635434483057977,763,0.0,0.4135703333932947,0.7511871085107821,354,228.5889688210406,0.7603889215712363,564.75,495.08690288679674,0.5842038947478823,582,rbio,0.5136782423812899,1.0,0.3404252303330971,4,437.5,3.9837814288388387e-14,0.0001547883299646835,2.6808223317057944e-27,0.9763862214129804,0.7342182585161113,0.004410997912439252,0.6880512091038404,0.011977996713243448,0.9999999997233717,0.9919828214562016,0.9855281704452468,0.9855281704452468,0.9855281704451347,,1.2251610931599486e-12,0.9999999999667601,7.585973278963461e-14,,,,,1.0,,0.0,1.0,0.25,1.4238426238064856e-13,1.4238426238064856e-13,0.0,2.209570199821637,0.6304403968409348,762,1.6352044797772471,0.7559307537723854,1173,290.62088706767105,0.8476829732349732,967.5,923.8511627906976,0.67030375076843,496,0.3888041033402703,1.0,0.4278371276618108,3,372.75,,,,,,,,,,,,,2.674861451324427e-19,0.03641360043841643,2.6808223317057944e-27,0.9828715053819476,0.22697316162192735,0.002292905000199248,0.5205235000932469,0.9999999999999999,0.01197799671324345,0.9999999999999541,0.0008499884728391221,0.0007982210227401261,0.0007982210227401261,0.0007982210227337874,,0.0,9.572760819061336e-19,0.020163910573049823,7.054128794466933e-19,,,,,0.4782608695652174,,0.0,1.0,0.7906976744186046,4.770970844811595e-19,4.770970844811595e-19,0.9302325581395349,0.5674759776446953,0.17675400427451057,757,1.7282806153943344,0.8389234916705833,1086,232.63813101037414,0.8912905929858065,921.5,892.134563212154,0.7303415581751462,263,818.67,599.5,715.6978453131971,300,0.38607403914171184,1.0,0.42974817260080167,3,198.0
db24,1.0,symmetric,8.88049058729131e-27,319.9874228856822,6781493.056828542,0.6309523809523809,310.8246770757484,206,raw,6.51733252047917e-14,-2.0543100553993833e-10,6.672050387399883,58577.569401491804,0.7744624247880639,5.618943883690066e-06,1.0,327.0,,,,[],[],13,661.1538461538462,86.99999999999991,939.9999999999999,"[8, 32, 51, 63, 81, 100, 111, 133, 152, 162, 175, 192, 204]","[878.0000000000001, 638.0, 787.0, 792.0, 939.9999999999999, 788.0, 636.9999999999999, 674.9999999999999, 770.9999999999998, 196.00000000000006, 834.0000000000002, 572.0, 86.99999999999991]","[0, 13, 42, 42, 76, 99, 107, 107, 107, 161, 99, 187, 203]","[76, 42, 61, 76, 205, 164, 119, 142, 164, 164, 205, 205, 205]",37754613.0,941.0,-941.0,0.0,,,,DWT,mdp.39015067403892,0.0,,0.0,33.0,19.0,0.0,28.5,,0.0,256.3413461538462,4359.0,256.34134615384613,,0.0,256.3413461538462,,,83.99999999999991,0.0,24.0,1.1368683772161603e-13,0.0,,0.0,6.399978260032939e-14,5.48754569508121e-27,0.9669033237801196,0.9086434568370005,0.0011766238466361767,0.5535714285714284,6.784410921857598e-05,0.999999999723533,0.47422802461150126,6.6959667625959335e-09,6.6959667625959335e-09,6.0819563246244724e-09,,0.0,0.9999999933040264,1.3612963731558036e-13,,,,,,0.0,1.0,0.5,0.0,0.0,0.7922684098776986,0.25901821374925144,538,1.6565077435715811,0.7956262790085594,193,0,0.24785233644912946,0.29613842719973305,548,0.0,0.42879533460850006,0.7788409891605025,199,200.3971057675235,0.789940140704902,369.5,287.9764154108624,0.7013117894300192,337,db,0.540986235965534,0.9305070477545101,0.3421575204977732,3,253.5,6.399978260032938e-14,0.0001547883299646835,5.487545695081209e-27,0.9669033237801196,0.9086434568370007,0.002208887281643363,0.6644736842105263,0.0024333841774292447,0.9999999997235329,0.9919828214562001,0.9855281704452468,0.9855281704452468,0.9855281704451341,,0.0,0.9999999999667601,7.585973278963461e-14,,,,,1.0,,0.0,1.0,0.5,0.0,0.0,0.0,2.2345701998209666,0.6375734627746956,536,1.7023774300709977,0.7869838114031883,716,127.27922061357856,0.9332918130956087,626.0,613.0607028753993,0.802599784954513,129,0.49117026184683504,0.8233619396015222,0.4091722348267588,4,97.75,,,,,,,,,,,,,4.2971873439518037e-19,0.03641360043841643,5.487545695081209e-27,0.9759929890754855,0.28089423790983775,0.001777958878229833,0.5026866652492413,1.0,0.0024333841774292447,0.9999999999999541,0.000849988472839121,0.0007982210227401261,0.0007982210227401261,0.0007982210227337869,,0.0,0.0,0.020163910573049823,7.054128794466933e-19,,,,,0.4782608695652174,,0.0,1.0,0.8604651162790697,0.0,0.0,0.9302325581395349,0.5744527218307418,0.17892707859001003,414,1.7399039917415,0.8445655867003541,1028,434.16356364854016,0.7971198300707756,721.0,590.2801664355062,0.7301019711101542,264,1009.0473684210526,935.5,610.6543869996938,760,0.4758535102197843,0.8532293215616218,0.41093374637766444,5,199.25
db11,1.0,zero,5.69145527776358e-27,321.9195591924796,5973582.7623202745,0.6371681415929203,260.8694457428432,206,raw,4.976386077756721e-14,-2.1080892587122264e-10,6.320262814159998,67224.1046283969,0.7964115030963199,5.618943883690064e-06,1.0,327.0,,,,[],[],13,661.1538461538462,87.00000000000001,940.0,"[8, 32, 51, 63, 81, 100, 111, 133, 152, 162, 175, 192, 204]","[878.0, 638.0000000000001, 787.0, 792.0, 940.0, 787.9999999999999, 637.0000000000001, 675.0, 771.0000000000002, 196.0, 834.0000000000002, 571.9999999999999, 87.00000000000001]","[0, 13, 42, 42, 76, 99, 107, 107, 107, 161, 99, 187, 203]","[76, 42, 61, 76, 205, 164, 119, 142, 164, 164, 205, 205, 205]",37754613.0,941.0,-941.0,0.0,,,,DWT,mdp.39015067403892,0.0,,0.0,33.0,19.0,0.0,28.5,,0.0,256.3413461538462,4359.0,256.34134615384613,,0.0,256.3413461538462,,,84.00000000000001,0.0,24.0,0.0,0.0,,0.0,4.452965695986332e-14,3.2307731446574135e-27,0.9740333441664438,0.7871184975841607,0.0002674157018290892,0.600189633375474,0.0007678935146925067,0.999999999723452,0.4742280246116168,6.6959667625959335e-09,6.6959667625959335e-09,6.0819563246244724e-09,,0.0,0.9999999933040264,0.0,,,,,,0.0,1.0,0.5,0.0,0.0,0.7922684098776652,0.25901821374924056,556,1.618495973788322,0.777369097254626,292,0,0.24785233644912774,0.296138427199731,556,0.0,0.4202970980082621,0.7634052451921303,274,157.78783223049868,0.8346039494439217,419.5,374.8331451490588,0.6974382430657764,348,db,0.540986235965534,0.9305070477545101,0.3421575204977732,3,261.75,4.452965695986331e-14,0.0001547883299646835,3.2307731446574128e-27,0.9740333441664438,0.7871184975841609,0.0013006187847711377,0.6995109455053563,0.003131777475627677,0.9999999997234518,0.9919828214562019,0.9855281704452468,0.9855281704452468,0.9855281704451341,,0.0,0.9999999999667601,0.0,,,,,1.0,,0.0,1.0,0.5,0.0,0.0,0.0,2.234570199820929,0.6375734627746849,542,1.6597330902651093,0.7672699662344286,1054,362.03867196751236,0.8102522683608426,798.0,715.874686716792,0.6960066373250754,355,0.49117026184683504,0.8233619396015222,0.4091722348267588,4,267.25,,,,,,,,,,,,,2.989889504991149e-19,0.036413600438416426,3.2307731446574128e-27,0.9811648219256881,0.24332652027592971,0.0015655674871568506,0.5291930032100749,1.0,0.003131777475627677,0.9999999999999541,0.0008499884728391223,0.0007982210227401261,0.0007982210227401261,0.0007982210227337869,,0.0,0.0,0.020163910573049823,0.0,,,,,0.4782608695652174,,0.0,1.0,0.8604651162790697,0.0,0.0,0.9302325581395349,0.5744527218307418,0.17892707859001003,539,1.734998929442744,0.8421846238208999,1050,361.3315651863258,0.8311534742119973,794.5,712.3348017621146,0.7299458959845033,265,1009.0473684210526,935.5,610.6543869996938,760,0.4758535102197843,0.8532293215616218,0.41093374637766444,5,200.0
db16,1.0,reflect,8.2409503290474e-27,318.0876257773515,5485146.428031715,0.5254237288135594,114.68479433759876,206,smoothed,6.034870553661483e-14,-2.1230062152710665e-10,6.419685947215867,30639.62055058414,0.9819161042988623,0.00014966566451320255,0.9999999999999999,362.4000000000001,,,,[],[],11,426.60000000000014,32.19999999999999,728.4000000000003,"[9, 31, 53, 64, 80, 102, 131, 148, 158, 175, 192]","[311.0, 417.8000000000002, 589.6000000000003, 432.19999999999993, 728.4000000000003, 371.0000000000001, 587.0, 32.19999999999999, 448.2000000000003, 368.0, 407.20000000000016]","[1, 1, 1, 60, 1, 94, 120, 144, 144, 165, 186]","[20, 40, 75, 75, 203, 120, 203, 149, 203, 186, 203]",30736475.84000001,728.4000000000003,-728.4000000000003,0.0,,,,DWT,mdp.39015067403892,1.4901161193847656e-08,,0.0,33.0,11.0,0.0,33.0,,3.410605131648481e-13,168.4000000000002,987.7999999999975,168.40000000000015,,0.0,168.4000000000002,,,28.0,0.0,33.0,3.410605131648481e-13,3.410605131648481e-13,,1.1368683772161603e-13,8.374073223484657e-14,1.9330073747662752e-26,0.9733206528598454,0.41159110056531123,0.2868779745627722,0.08484453826089242,0.018151621268885143,,0.999999664709775,4.406097391567225e-09,4.406097391567225e-09,3.6788452796766485e-09,,1.2251610931599486e-12,0.9999999955939026,2.275791983689038e-13,,,,,,3.1786782849947497e-13,1.0,1.0,5.243104679449306e-13,5.243104679449306e-13,0.9999999009582908,0.37592186795419846,198,0.974425393091885,0.49468445761404933,221,0,0.33333330606646133,0.4742677179753739,198,0.0,0.25354084107397007,0.4473146638080376,232,17.05627939108253,0.9821213004286347,212.25,211.23515642068682,0.8798185118495374,58,db,0.573477938514061,0.8443824841957417,0.34525069778143475,3,44.25,5.790379194792831e-14,0.9999999999705125,5.034964660501964e-27,0.9598926423573735,0.8214642025279939,0.0007515091395820453,0.069625334522748,0.00017679518185437573,0.9999999997234293,2.0315811923354854e-05,4.745570603148508e-11,4.745570603148508e-11,3.9622916059300906e-11,,1.2251610931599486e-12,0.003126132840347795,2.275791983689038e-13,,,,,0.0,,1.4749084227875944e-13,1.0,1.0,4.2715278714194565e-13,4.2715278714194565e-13,1.0,0.40156916120508224,0.11457677215670704,1025,1.714964293010596,0.7928025312680312,594,304.763022691402,0.8402709524678187,809.5,752.130945027795,0.7080023525441819,311,0.49117026184683504,0.8233619396015222,0.4091722348267588,4,234.25,,,,,,,,,,,,,3.8878794867058696e-19,0.9999999999715818,5.034964660501964e-27,0.9709077199570397,0.2539440078537936,0.0014371625476539119,0.0526728568185314,0.9999999999999999,0.00017679518185437573,0.9999999999999541,9.960751159770423e-05,3.843648489765261e-14,3.843648489765261e-14,3.209227588535368e-14,,0.0,9.572760819061336e-19,0.004567040150618456,2.11623863834008e-18,,,,,0.13043478260869565,,4.666576700876887e-21,1.0,1.0,1.4312912534434783e-18,1.4312912534434783e-18,1.0,0.4544873153722995,0.14156097535167125,1054,1.8313750779665579,0.8889665030557792,559,350.017856687341,0.8364402538844201,806.5,730.5468071915685,0.7297855475029578,266,1009.0473684210526,935.5,610.6543869996938,760,0.4758535102197843,0.8532293215616218,0.41093374637766444,5,200.75
haar,1.0,antisymmetric,4.689601928132895e-27,320.53603894590907,4916497.513525565,0.5339805825242718,153.37455796706374,206,smoothed,5.1583333074234454e-14,-2.1415171858052476e-10,6.251701695249963,31688.2373984353,0.9479708511035823,0.0001496656645132027,0.9999999999999999,362.4000000000001,,,,[],[],11,426.60000000000014,32.19999999999999,728.4,"[9, 31, 53, 64, 80, 102, 131, 148, 158, 175, 192]","[311.0000000000001, 417.80000000000007, 589.6, 432.20000000000005, 728.4, 371.00000000000017, 587.0, 32.19999999999999, 448.2000000000001, 368.0000000000001, 407.2000000000001]","[1, 1, 1, 60, 1, 94, 120, 144, 144, 165, 186]","[20, 40, 75, 75, 203, 120, 203, 149, 203, 186, 203]",30736475.84000001,728.4,-728.4,0.0,,,,DWT,mdp.39015067403892,1.4901161193847656e-08,,0.0,33.0,11.0,0.0,33.0,,0.0,168.4000000000002,987.7999999999975,168.4000000000001,,0.0,168.4000000000002,,,28.0,0.0,33.0,0.0,0.0,,1.1368683772161603e-13,6.448443672150608e-14,8.936698749923184e-27,0.9826231854125504,0.16928993321880254,0.04283952183663018,0.14362142418571724,0.026847626163012936,,0.999999664709775,4.406097391567225e-09,4.406097391567225e-09,3.6787861342541454e-09,,1.2251610931599486e-12,0.9999999955939026,0.0,,,,,,3.1786782849947497e-13,1.0,1.0,0.0,0.0,0.9999999009579496,0.3759218679540702,221,0.763826258914758,0.3877700450761808,615,0,0.3333333060663501,0.47426771797521566,230,0.0,0.19503167011668257,0.3440886508880504,629,229.02019561601986,0.7599369018700002,423.75,330.8915099450618,0.6578772559664466,424,haar,0.6445592013380003,0.05883501061488047,0.5311580558789356,2,318.5,4.682859177247569e-14,0.9999999999705136,2.5217953756619697e-27,0.9689278412429513,0.7634340703454832,0.00011222294860600292,0.11785896780786931,0.00026149349854409426,0.9999999997234015,2.0315811923354854e-05,4.745570603148508e-11,4.745570603148508e-11,3.962224992548613e-11,,1.2251610931599486e-12,0.003126132840347795,0.0,,,,,0.0,,1.4749084227875944e-13,1.0,1.0,0.0,0.0,1.0,0.40156916120479735,0.11457677215662576,1094,1.7103780357959095,0.7906823726480132,646,316.7838379715733,0.8339707348157372,870.0,812.3264367816091,0.6889979460242208,407,0.12852368039351705,0.2769787579518756,0.8269397963389753,1,305.5,,,,,,,,,,,,,3.144248679037427e-19,0.999999999971583,2.5217953756619697e-27,0.9774614934208818,0.23600481549780045,0.001287670537457888,0.08916249492626177,0.9999999999999999,0.00026149349854409426,0.9999999999999541,9.960751159770423e-05,3.843648489765261e-14,3.843648489765261e-14,3.209173378426744e-14,,0.0,9.572760819061336e-19,0.004567040150618456,0.0,,,,,0.13043478260869565,,4.666576700876887e-21,1.0,1.0,0.0,0.0,1.0,0.4544873153722995,0.14156097535167125,1028,1.840892734431537,0.8935864620618573,404,441.23463146040564,0.7938155927755114,716.0,580.0446927374302,0.7296180767615874,267,327.0,268.5,438.5491630604859,20,0.1542089129922188,0.6127574170194295,0.7082265357996179,2,200.75
rbio1.3,1.0,periodic,4.54555439507079e-27,320.67153015062536,4915767.480222569,0.5285714285714286,80.74966047445719,206,smoothed,4.773743428601837e-14,-2.1303110386838908e-10,6.210813808326257,32301.5974550737,0.9802341684252521,0.00014966566451320263,0.9999999999999999,362.4000000000001,,,,[],[],11,426.59999999999997,32.20000000000002,728.4000000000001,"[9, 31, 53, 64, 80, 102, 131, 148, 158, 175, 192]","[311.00000000000006, 417.79999999999995, 589.6, 432.20000000000005, 728.4000000000001, 371.00000000000017, 587.0000000000001, 32.20000000000002, 448.2, 368.0, 407.2]","[1, 1, 1, 60, 1, 94, 120, 144, 144, 165, 186]","[20, 40, 75, 75, 203, 120, 203, 149, 203, 186, 203]",30736475.840000007,728.4000000000001,-728.4000000000001,0.0,,,,DWT,mdp.39015067403892,1.1175870895385742e-08,,0.0,33.0,11.0,0.0,33.0,,1.1368683772161603e-13,168.40000000000003,987.7999999999993,168.40000000000006,,0.0,168.40000000000003,,,28.00000000000003,0.0,33.0,1.1368683772161603e-13,1.1368683772161603e-13,,1.1368683772161603e-13,5.6035535787959745e-14,8.515129289650513e-27,0.9831379724422334,0.11031307904346693,0.0425262244871461,0.10646603558323861,0.03193411897048603,,0.9999996647345563,4.4059199552998455e-09,4.4059199552998455e-09,3.6787565615428943e-09,,1.2251610931599486e-12,0.9999999955940747,7.585973278963461e-14,,,,,,2.3840087137460624e-13,1.0,1.0,1.7477015598164352e-13,1.7477015598164352e-13,0.9999999009654228,0.37592186795687954,152,0.7216624970521532,0.3663648581672188,736,0,0.3333333060684263,0.4742677179781697,157,0.0,0.18205391864666098,0.32119238490105173,773,346.74534363612344,0.6365352792074177,454.5,256.3982445964376,0.5800600924338976,653,rbio,0.7685897546424816,0.816051598246696,0.21717169227625407,5,491.0,4.196923193159831e-14,0.9999999999705129,2.4198578030049372e-27,0.9694278344620612,0.7493093565400022,0.00011140223094058114,0.08736842105263184,0.0003110354875255233,0.9999999997234184,2.0315811923854454e-05,4.745387416349445e-11,4.745387416349445e-11,3.9622027880881205e-11,,1.2251610931599486e-12,0.0031261328403482946,7.585973278963461e-14,,,,,0.0,,1.1061813170906958e-13,1.0,1.0,1.4238426238064856e-13,1.4238426238064856e-13,1.0,0.401569161204873,0.11457677215664736,1056,1.6914388625593049,0.7819270740430811,843,150.61374439273462,0.9210619788298037,949.5,937.5545023696682,0.7117102346979207,300,0.3888041033402703,1.0,0.4278371276618108,3,225.75,,,,,,,,,,,,,2.81797288934719e-19,0.9999999999715824,2.4198578030049372e-27,0.9778241685908479,0.23163836054758682,0.001287478619135016,0.06609583083673215,0.9999999999999999,0.00031103548752552373,0.9999999999999541,9.960751159770467e-05,3.8434858594393884e-14,3.8434858594393884e-14,3.2091408523615694e-14,,0.0,9.572760819061336e-19,0.004567040150618464,7.054128794466933e-19,,,,,0.13043478260869565,,3.499932525657665e-21,1.0,1.0,4.770970844811595e-19,4.770970844811595e-19,1.0,0.4544873153722995,0.14156097535167125,1059,1.829720167259029,0.8881631940000642,580,338.70414818835627,0.8417270335568429,819.5,749.5057962172056,0.729391554161599,268,818.67,599.5,715.6978453131971,300,0.38607403914171184,1.0,0.42974817260080167,3,201.75
db6,1.0,antireflect,5.483479376003613e-27,322.0812303247702,6067463.927663462,0.6342592592592593,309.1382608414244,206,raw,4.492630647221021e-14,-2.042693791892729e-10,6.405411780430195,79162.38864310014,0.8109240072205992,5.618943883690064e-06,1.0,327.0,,,,[],[],13,661.1538461538462,87.00000000000003,940.0,"[8, 32, 51, 63, 81, 100, 111, 133, 152, 162, 175, 192, 204]","[878.0, 637.9999999999998, 787.0, 792.0000000000002, 940.0, 788.0, 637.0, 675.0000000000002, 771.0, 195.99999999999994, 834.0, 572.0, 87.00000000000003]","[0, 13, 42, 42, 76, 99, 107, 107, 107, 161, 99, 187, 203]","[76, 42, 61, 76, 205, 164, 119, 142, 164, 164, 205, 205, 205]",37754613.0,941.0,-941.0,0.0,,,,DWT,mdp.39015067403892,0.0,,0.0,33.0,19.0,0.0,28.5,,0.0,256.3413461538462,4359.0,256.34134615384613,,0.0,256.3413461538462,,,84.00000000000003,0.0,24.0,0.0,0.0,,0.0,3.841732316898392e-14,3.083595625224103e-27,0.9746299472451484,0.8165331939621678,0.00037306792677809777,0.5783730158730161,0.0017344527673358728,0.9999999997235505,0.4742280246116333,6.6959667625959335e-09,6.6959667625959335e-09,6.0819563246244724e-09,,0.0,0.9999999933040264,0.0,,,,,,0.0,1.0,0.5,0.0,0.0,0.7922684098776702,0.25901821374924217,551,1.6252740866371345,0.780624647810021,265,0,0.24785233644912913,0.29613842719973266,554,0.0,0.42145545968725445,0.765509231600228,254,169.22765731404544,0.8226125185387364,406.0,353.028531388087,0.6985179993112969,347,db,0.540986235965534,0.9305070477545101,0.3421575204977732,3,261.0,3.841732316898391e-14,0.0001547883299646835,3.0835956252241022e-27,0.9746299472451484,0.816533193962168,0.0014061618203166483,0.6831140350877196,0.00409605013849897,0.9999999997235504,0.9919828214562021,0.9855281704452468,0.9855281704452468,0.9855281704451341,,0.0,0.9999999999667601,0.0,,,,,1.0,,0.0,1.0,0.5,0.0,0.0,0.0,2.234570199820929,0.6375734627746849,555,1.66867811671724,0.771405119160009,991,308.2985565973347,0.83841794727603,773.0,711.5200517464424,0.7166408394661072,283,0.49117026184683504,0.8233619396015222,0.4091722348267588,4,213.25,,,,,,,,,,,,,2.579484307645358e-19,0.036413600438416426,3.0835956252241022e-27,0.9815975740405201,0.25241965648934744,0.0015902478897192767,0.5167884363865966,1.0,0.00409605013849897,0.9999999999999541,0.0008499884728391225,0.0007982210227401261,0.0007982210227401261,0.0007982210227337869,,0.0,0.0,0.020163910573049823,0.0,,,,,0.4782608695652174,,0.0,1.0,0.8604651162790697,0.0,0.0,0.9302325581395349,0.5744527218307418,0.17892707859001003,515,1.7352413713553902,0.8423023073811232,1048,376.8879143724298,0.823884152162416,781.5,690.6206014075497,0.7293486181372828,269,1009.0473684210526,935.5,610.6543869996938,760,0.4758535102197843,0.8532293215616218,0.41093374637766444,5,203.0
haar,1.0,zero,4.689601928132895e-27,320.53603894590907,4916497.513525565,0.5339805825242718,153.37455796706374,206,smoothed,5.1583333074234454e-14,-2.1415171858052476e-10,6.251701695249963,31688.2373984353,0.9479708511035823,0.0001496656645132027,0.9999999999999999,362.4000000000001,,,,[],[],11,426.60000000000014,32.19999999999999,728.4,"[9, 31, 53, 64, 80, 102, 131, 148, 158, 175, 192]","[311.0000000000001, 417.80000000000007, 589.6, 432.20000000000005, 728.4, 371.00000000000017, 587.0, 32.19999999999999, 448.2000000000001, 368.0000000000001, 407.2000000000001]","[1, 1, 1, 60, 1, 94, 120, 144, 144, 165, 186]","[20, 40, 75, 75, 203, 120, 203, 149, 203, 186, 203]",30736475.84000001,728.4,-728.4,0.0,,,,DWT,mdp.39015067403892,1.4901161193847656e-08,,0.0,33.0,11.0,0.0,33.0,,0.0,168.4000000000002,987.7999999999975,168.4000000000001,,0.0,168.4000000000002,,,28.0,0.0,33.0,0.0,0.0,,1.1368683772161603e-13,6.448443672150608e-14,8.936698749923184e-27,0.9826231854125504,0.16928993321880254,0.04283952183663018,0.14362142418571724,0.026847626163012936,,0.999999664709775,4.406097391567225e-09,4.406097391567225e-09,3.6787861342541454e-09,,1.2251610931599486e-12,0.9999999955939026,0.0,,,,,,3.1786782849947497e-13,1.0,1.0,0.0,0.0,0.9999999009579496,0.3759218679540702,227,0.763826258914758,0.3877700450761808,621,0,0.3333333060663501,0.47426771797521566,215,0.0,0.19503167011668257,0.3440886508880504,619,230.41628993338702,0.7584734906358627,420.5,325.67285699519056,0.6588489046470718,420,haar,0.6445592013380003,0.05883501061488047,0.5311580558789356,2,315.5,4.682859177247569e-14,0.9999999999705136,2.5217953756619697e-27,0.9689278412429513,0.7634340703454832,0.00011222294860600292,0.11785896780786931,0.00026149349854409426,0.9999999997234015,2.0315811923354854e-05,4.745570603148508e-11,4.745570603148508e-11,3.962224992548613e-11,,1.2251610931599486e-12,0.003126132840347795,0.0,,,,,0.0,,1.4749084227875944e-13,1.0,1.0,0.0,0.0,1.0,0.40156916120479735,0.11457677215662576,1095,1.7103780357959095,0.7906823726480132,651,313.9554108468271,0.8354531389691682,873.0,816.5463917525774,0.6889529845789237,408,0.12852368039351705,0.2769787579518756,0.8269397963389753,1,306.25,,,,,,,,,,,,,3.144248679037427e-19,0.999999999971583,2.5217953756619697e-27,0.9774614934208818,0.23600481549780045,0.001287670537457888,0.08916249492626177,0.9999999999999999,0.00026149349854409426,0.9999999999999541,9.960751159770423e-05,3.843648489765261e-14,3.843648489765261e-14,3.209173378426744e-14,,0.0,9.572760819061336e-19,0.004567040150618456,0.0,,,,,0.13043478260869565,,4.666576700876887e-21,1.0,1.0,0.0,0.0,1.0,0.4544873153722995,0.14156097535167125,1029,1.840892734431537,0.8935864620618573,403,442.64884502277874,0.7931547453164585,716.0,579.1717877094973,0.729287653032061,270,327.0,268.5,438.5491630604859,20,0.1542089129922188,0.6127574170194295,0.7082265357996179,2,203.0
db6,1.0,antisymmetric,5.4375224841416845e-27,322.11778181081525,6088676.4804141,0.6342592592592593,309.1382608414244,206,raw,4.3999324140969795e-14,-2.040688729110256e-10,6.402451686895075,79590.14341389506,0.8118433163191546,5.618943883690064e-06,1.0,327.0,,,,[],[],13,661.1538461538462,87.00000000000006,940.0,"[8, 32, 51, 63, 81, 100, 111, 133, 152, 162, 175, 192, 204]","[878.0, 637.9999999999998, 787.0, 792.0000000000002, 940.0, 788.0, 637.0, 675.0000000000002, 771.0, 195.99999999999994, 834.0, 572.0, 87.00000000000006]","[0, 13, 42, 42, 76, 99, 107, 107, 107, 161, 99, 187, 203]","[76, 42, 61, 76, 205, 164, 119, 142, 164, 164, 205, 205, 205]",37754613.0,941.0,-941.0,0.0,,,,DWT,mdp.39015067403892,0.0,,0.0,33.0,19.0,0.0,28.5,,0.0,256.3413461538462,4359.0,256.34134615384613,,0.0,256.3413461538462,,,84.00000000000006,0.0,24.0,0.0,0.0,,0.0,3.7246064911373346e-14,3.0510734854575938e-27,0.9747648305035058,0.815510630137849,0.0003969401634164099,0.5783730158730161,0.0017690850755524437,0.9999999997235536,0.47422802461166635,6.6959667625959335e-09,6.6959667625959335e-09,6.0819563246244724e-09,,0.0,0.9999999933040264,0.0,,,,,,0.0,1.0,0.5,0.0,0.0,0.7922684098776801,0.2590182137492454,547,1.6248695237215964,0.780430334871634,270,0,0.24785233644913185,0.2961384271997359,546,0.0,0.4213518126846163,0.765320972709464,262,161.98019426254967,0.8302094399763631,406.25,357.7768571163961,0.7021854327764415,335,db,0.540986235965534,0.9305070477545101,0.3421575204977732,3,252.0,3.7246064911373333e-14,0.0001547883299646835,3.051073485457593e-27,0.9747648305035058,0.815510630137849,0.0014300093854889317,0.6831140350877196,0.004130600517044354,0.9999999997235534,0.9919828214562026,0.9855281704452468,0.9855281704452468,0.9855281704451341,,0.0,0.9999999999667601,0.0,,,,,1.0,,0.0,1.0,0.5,0.0,0.0,0.0,2.234570199820929,0.6375734627746849,554,1.6682735086940998,0.7712180748779651,992,309.7127701597078,0.8376767451993146,773.0,710.9547218628719,0.7162702384277495,285,0.49117026184683504,0.8233619396015222,0.4091722348267588,4,214.75,,,,,,,,,,,,,2.500841600489079e-19,0.036413600438416426,3.051073485457593e-27,0.981695412984691,0.25210354538549806,0.0015958244538719333,0.5167884363865966,1.0,0.004130600517044353,0.9999999999999541,0.0008499884728391229,0.0007982210227401261,0.0007982210227401261,0.0007982210227337869,,0.0,0.0,0.020163910573049823,0.0,,,,,0.4782608695652174,,0.0,1.0,0.8604651162790697,0.0,0.0,0.9302325581395349,0.5744527218307418,0.17892707859001003,513,1.7351586276034625,0.84226214279404,1049,379.00923471598946,0.8228928809738367,781.0,689.0358514724712,0.7289698049728996,271,1009.0473684210526,935.5,610.6543869996938,760,0.4758535102197843,0.8532293215616218,0.41093374637766444,5,204.5
rbio1.1,1.0,reflect,4.689601928132895e-27,320.53603894590907,4916497.513525565,0.5339805825242718,153.37455796706374,206,smoothed,5.1583333074234454e-14,-2.1415171858052476e-10,6.251701695249963,31688.2373984353,0.9479708511035823,0.0001496656645132027,0.9999999999999999,362.4000000000001,,,,[],[],11,426.60000000000014,32.19999999999999,728.4,"[9, 31, 53, 64, 80, 102, 131, 148, 158, 175, 192]","[311.0000000000001, 417.80000000000007, 589.6, 432.20000000000005, 728.4, 371.00000000000017, 587.0, 32.19999999999999, 448.2000000000001, 368.0000000000001, 407.2000000000001]","[1, 1, 1, 60, 1, 94, 120, 144, 144, 165, 186]","[20, 40, 75, 75, 203, 120, 203, 149, 203, 186, 203]",30736475.84000001,728.4,-728.4,0.0,,,,DWT,mdp.39015067403892,1.4901161193847656e-08,,0.0,33.0,11.0,0.0,33.0,,0.0,168.4000000000002,987.7999999999975,168.4000000000001,,0.0,168.4000000000002,,,28.0,0.0,33.0,0.0,0.0,,1.1368683772161603e-13,6.448443672150608e-14,8.936698749923184e-27,0.9826231854125504,0.16928993321880254,0.04283952183663018,0.14362142418571724,0.026847626163012936,,0.999999664709775,4.406097391567225e-09,4.406097391567225e-09,3.6787861342541454e-09,,1.2251610931599486e-12,0.9999999955939026,0.0,,,,,,3.1786782849947497e-13,1.0,1.0,0.0,0.0,0.9999999009579496,0.3759218679540702,228,0.763826258914758,0.3877700450761808,609,0,0.3333333060663501,0.47426771797521566,207,0.0,0.19503167011668257,0.3440886508880504,612,227.06386766722704,0.7619875600972463,414.0,320.1817136353048,0.6640126479731514,408,rbio,0.7685897546424816,0.816051598246696,0.21717169227625407,5,307.25,4.682859177247569e-14,0.9999999999705136,2.5217953756619697e-27,0.9689278412429513,0.7634340703454832,0.00011222294860600292,0.11785896780786931,0.00026149349854409426,0.9999999997234015,2.0315811923354854e-05,4.745570603148508e-11,4.745570603148508e-11,3.962224992548613e-11,,1.2251610931599486e-12,0.003126132840347795,0.0,,,,,0.0,,1.4749084227875944e-13,1.0,1.0,0.0,0.0,1.0,0.40156916120479735,0.11457677215662576,1098,1.7103780357959095,0.7906823726480132,642,322.44069222106566,0.8310059265088754,870.0,810.248275862069,0.6875155418707899,418,0.3888041033402703,1.0,0.4278371276618108,3,314.25,,,,,,,,,,,,,3.144248679037427e-19,0.999999999971583,2.5217953756619697e-27,0.9774614934208818,0.23600481549780045,0.001287670537457888,0.08916249492626177,0.9999999999999999,0.00026149349854409426,0.9999999999999541,9.960751159770423e-05,3.843648489765261e-14,3.843648489765261e-14,3.209173378426744e-14,,0.0,9.572760819061336e-19,0.004567040150618456,0.0,,,,,0.13043478260869565,,4.666576700876887e-21,1.0,1.0,0.0,0.0,1.0,0.4544873153722995,0.14156097535167125,1030,1.840892734431537,0.8935864620618573,402,444.06305858515185,0.7924938978574056,716.0,578.2960893854749,0.7289572293025346,272,818.67,599.5,715.6978453131971,300,0.38607403914171184,1.0,0.42974817260080167,3,204.75
coif9,1.0,antireflect,1.3943276617483322e-26,315.8037503092298,6036409.016175135,0.5155038759689923,97.43000521969263,206,smoothed,8.100208745393777e-14,-2.0060104688468562e-10,6.585976349900296,116234.95769033043,0.995107262039803,0.00014966566451320274,0.9999999999999999,362.39999999999986,,,,[],[],11,426.6,32.19999999999993,728.3999999999999,"[9, 31, 53, 64, 80, 102, 131, 148, 158, 175, 192]","[311.0000000000001, 417.8000000000003, 589.5999999999999, 432.19999999999993, 728.3999999999999, 371.00000000000006, 587.0000000000001, 32.19999999999993, 448.20000000000005, 367.9999999999997, 407.19999999999993]","[1, 1, 1, 60, 1, 94, 120, 144, 144, 165, 186]","[20, 40, 75, 75, 203, 120, 203, 149, 203, 186, 203]",30736475.839999992,728.3999999999999,-728.3999999999999,0.0,,,,DWT,mdp.39015067403892,3.725290298461914e-09,,0.0,33.0,11.0,0.0,33.0,,1.1368683772161603e-13,168.4000000000001,987.7999999999984,168.4,,0.0,168.4000000000001,,,27.999999999999943,0.0,33.0,1.1368683772161603e-13,1.1368683772161603e-13,,1.1368683772161603e-13,1.2911331933901734e-13,3.6018499884597484e-26,0.9646432669670704,0.6514490528282196,0.5234550006055678,0.01670523393853046,0.7279794980639781,,0.9999996646602125,4.4059791007223055e-09,4.4059791007223055e-09,3.6786974161203912e-09,,1.2251610931599486e-12,0.9999999955939887,7.585973278963461e-14,,,,,,7.946695712486874e-14,1.0,1.0,1.7477015598164352e-13,1.7477015598164352e-13,0.9999999009430149,0.37592186794845595,275,1.464111879698178,0.7432825501361733,49,0,0.3333333060622155,0.4742677179693329,275,0.0,0.4120331503433566,0.7269379928807348,45,131.64598993766072,0.8620062998557015,161.0,80.15532055518835,0.8466215985651673,89,coif,0.5556920286951962,0.9053407607371553,0.33941335169221604,4,67.75,8.399969831313331e-14,0.9999999999705138,9.070308327865737e-27,0.9514646248359158,0.8789091947551165,0.0013712492836529453,0.013708690330477724,0.00709045576920981,0.9999999997236056,2.0315811922300142e-05,4.745454029730922e-11,4.745454029730922e-11,3.962136174706643e-11,,1.2251610931599486e-12,0.0031261328403480726,7.585973278963461e-14,,,,,0.0,,3.687271056968986e-14,1.0,1.0,1.4238426238064856e-13,1.4238426238064856e-13,1.0,0.40156916120483577,0.11457677215663672,1067,1.719338655241431,0.7948247339829352,553,363.4528855298854,0.8095110662841272,810.0,728.458024691358,0.6924913821986673,381,0.4784248188775415,0.776734912893196,0.43208215291776214,2,286.25,,,,,,,,,,,,,5.640057291149429e-19,0.9999999999715831,9.070308327865737e-27,0.9647943716750119,0.2717023124912844,0.0015820838696597617,0.010370878472561185,0.9999999999999999,0.007090455769209809,0.9999999999999541,9.960751159770347e-05,3.8435400695480126e-14,3.8435400695480126e-14,3.209086642252945e-14,,0.0,9.572760819061336e-19,0.00456704015061846,7.054128794466933e-19,,,,,0.13043478260869565,,1.1666441752192217e-21,1.0,1.0,4.770970844811595e-19,4.770970844811595e-19,1.0,0.4544873153722995,0.14156097535167125,1078,1.822503354873644,0.8846600861186525,676,284.2569260369921,0.8671696607303775,877.0,830.9327251995439,0.7286782883091141,273,986.6382352941176,846.0,585.0035688138154,340,0.4652856568234462,0.8173890317607586,0.42908333069536003,4,205.75
coif14,1.0,antireflect,2.5795644197410577e-26,313.13193496217974,6724688.0819197185,0.5138888888888888,96.80277776759242,206,smoothed,1.1226995600717932e-13,-2.1479478196084794e-10,6.727474742883422,138932.06625321187,0.9961036486004645,0.0001496656645132026,0.9999999999999997,362.4000000000002,,,,[],[],11,426.6,32.200000000000074,728.4000000000001,"[9, 31, 53, 64, 80, 102, 131, 148, 158, 175, 192]","[311.0000000000002, 417.79999999999995, 589.6000000000004, 432.20000000000005, 728.4000000000001, 371.00000000000017, 587.0000000000001, 32.200000000000074, 448.1999999999998, 367.9999999999996, 407.20000000000005]","[1, 1, 1, 60, 1, 94, 120, 144, 144, 165, 186]","[20, 40, 75, 75, 203, 120, 203, 149, 203, 186, 203]",30736475.840000007,728.4,-728.4,0.0,,,,DWT,mdp.39015067403892,1.1175870895385742e-08,,0.0,33.0,11.0,0.0,33.0,,0.0,168.4000000000001,987.7999999999984,168.40000000000006,,0.0,168.4000000000001,,,28.000000000000085,0.0,33.0,1.1368683772161603e-13,0.0,,2.2737367544323206e-13,1.9780444678598435e-13,7.070563473104438e-26,0.9544919372977431,0.8555469095988978,0.818833315701756,0.005611914526224893,0.9162028396494473,,0.9999996647841187,4.4059791007223055e-09,4.4059791007223055e-09,3.6787565615428943e-09,,2.4503221863198973e-12,0.9999999955939887,7.585973278963461e-14,,,,,,2.3840087137460624e-13,1.0,1.0,0.0,0.0,0.9999999009808267,0.3759218679626702,82,1.7786111766993011,0.9029437363695764,11,0,0.33333330607263223,0.4742677179841539,84,0.0,0.5072409881106096,0.8949103864499588,12,41.290636549545546,0.9567184103254239,47.25,20.1671546446633,0.9535950542193157,11,coif,0.5556920286951962,0.9053407607371553,0.33941335169221604,4,9.25,1.2350719269208264e-13,0.9999999999705127,1.7457828444685617e-26,0.9416050213359238,0.9277897913130029,0.002145026021889637,0.004605263157894668,0.008923734428559291,0.9999999997233917,2.0315811924853655e-05,4.745454029730922e-11,4.745454029730922e-11,3.9622027880881205e-11,,2.4503221863198973e-12,0.0031261328403480726,7.585973278963461e-14,,,,,0.0,,1.1061813170906958e-13,1.0,1.0,0.0,0.0,1.0,0.40156916120542924,0.11457677215680606,1020,1.7353420203841294,0.8022228520928261,389,446.1843789287115,0.7661507447962728,704.5,563.2079488999291,0.6984579719788492,345,0.4784248188775415,0.776734912893196,0.43208215291776214,2,259.25,,,,,,,,,,,,,8.292739815036538e-19,0.9999999999715822,1.7457828444685617e-26,0.9576426079340503,0.28681305567156434,0.001763025428659056,0.0034839669868759193,0.9999999999999997,0.008923734428559291,0.9999999999999541,9.960751159770543e-05,3.8435400695480126e-14,3.8435400695480126e-14,3.2091408523615694e-14,,0.0,1.9145521638122673e-18,0.00456704015061846,7.054128794466933e-19,,,,,0.13043478260869565,,3.499932525657665e-21,1.0,1.0,0.0,0.0,1.0,0.4544873153722995,0.14156097535167125,1075,1.8238366858681723,0.8853072973895069,658,294.8635277547903,0.8622133047874811,866.5,816.330063473745,0.7286533813657032,274,986.6382352941176,846.0,585.0035688138154,340,0.4652856568234462,0.8173890317607586,0.42908333069536003,4,206.5
bior2.8,1.0,reflect,6.987561403885443e-27,318.80414236928897,5322508.762955963,0.5225225225225225,83.134671543323,206,smoothed,5.577415552058651e-14,-2.1356141299833136e-10,6.2776324556381455,34263.22003543542,0.9860081062275543,0.00014966566451320263,0.9999999999999999,362.40000000000003,,,,[],[],11,426.60000000000014,32.200000000000045,728.4000000000003,"[9, 31, 53, 64, 80, 102, 131, 148, 158, 175, 192]","[311.0, 417.8000000000001, 589.6, 432.20000000000005, 728.4000000000003, 371.0, 587.0000000000001, 32.200000000000045, 448.2000000000001, 368.0000000000001, 407.2000000000002]","[1, 1, 1, 60, 1, 94, 120, 144, 144, 165, 186]","[20, 40, 75, 75, 203, 120, 203, 149, 203, 186, 203]",30736475.84000001,728.4000000000003,-728.4000000000003,0.0,,,,DWT,mdp.39015067403892,1.4901161193847656e-08,,0.0,33.0,11.0,0.0,33.0,,3.410605131648481e-13,168.4000000000002,987.7999999999975,168.40000000000012,,0.0,168.4000000000002,,,28.000000000000057,0.0,33.0,3.410605131648481e-13,3.410605131648481e-13,,5.684341886080802e-14,7.369108661770233e-14,1.5661906154230525e-26,0.9760429952351637,0.20669256732711463,0.21708122805082614,0.0649162004655208,0.04820152836240373,,0.9999996647593375,4.406097391567225e-09,4.406097391567225e-09,3.678815706965397e-09,,6.125805465799743e-13,0.9999999955939026,2.275791983689038e-13,,,,,,3.1786782849947497e-13,1.0,1.0,5.243104679449306e-13,5.243104679449306e-13,0.9999999009728445,0.37592186795966953,109,0.8427597863612605,0.42784206032666466,360,0,0.33333330607053807,0.47426771798117434,106,0.0,0.21613350277730042,0.38131799485620377,440,172.00847847320395,0.8196976116633082,253.75,169.07043086246398,0.7768561433578596,188,bior,0.8100315533562081,0.7923003667562746,0.1952878026237719,6,142.5,5.212376863944074e-14,0.9999999999705129,4.1479836625619994e-27,0.9625367507930365,0.7723918472520033,0.0005686687071760314,0.05327169274537713,0.0004694786127505744,0.9999999997234104,2.0315811924354055e-05,4.745570603148508e-11,4.745570603148508e-11,3.962258299239352e-11,,6.125805465799743e-13,0.003126132840347795,2.275791983689038e-13,,,,,0.0,,1.4749084227875944e-13,1.0,1.0,4.2715278714194565e-13,4.2715278714194565e-13,1.0,0.4015691612047761,0.1145767721566197,1123,1.6854987768791965,0.7791810606232497,884,168.99852070358486,0.9114263518325028,1003.5,989.2695565520677,0.6927414778030438,379,0.5943810304597339,0.7715092316736338,0.3524805091760961,5,285.5,,,,,,,,,,,,,3.499786871390465e-19,0.9999999999715824,4.1479836625619994e-27,0.9728256509202231,0.23877398518541612,0.0013944067613232956,0.04030102352386228,0.9999999999999999,0.0004694786127505744,0.9999999999999541,9.960751159770499e-05,3.843648489765261e-14,3.843648489765261e-14,3.209195062470194e-14,,0.0,4.786380409530668e-19,0.004567040150618456,2.11623863834008e-18,,,,,0.13043478260869565,,4.666576700876887e-21,1.0,1.0,1.4312912534434783e-18,1.4312912534434783e-18,1.0,0.4544873153722995,0.14156097535167125,1083,1.8200877873716048,0.8834875471772756,703,268.70057685088807,0.8744389827799588,893.0,852.5744680851063,0.7285746315768953,275,1104.4,1082.5,563.6960149978129,300,0.520820561188399,0.7876173146100969,0.3991404127850916,6,207.75
db36,1.0,periodization,3.440108367666468e-26,314.10607123254414,5895025.334336459,0.6504854368932039,329.1730540402655,206,raw,1.281604997393859e-13,-2.0230117581121776e-10,6.404486979910433,63117.308605900645,0.7599243862170542,5.618943883690066e-06,0.9999999999999999,327.0000000000001,,,,[],[],13,661.1538461538462,86.99999999999994,940.0000000000001,"[8, 32, 51, 63, 81, 100, 111, 133, 152, 162, 175, 192, 204]","[877.9999999999998, 638.0, 786.9999999999998, 792.0000000000003, 940.0000000000001, 787.9999999999997, 637.0000000000005, 674.9999999999999, 771.0000000000005, 196.0, 833.9999999999994, 572.0000000000001, 86.99999999999994]","[0, 13, 42, 42, 76, 99, 107, 107, 107, 161, 164, 187, 203]","[76, 42, 61, 76, 205, 164, 119, 142, 164, 164, 205, 205, 205]",37754613.0,941.0,-941.0,0.0,,,,DWT,mdp.39015067403892,0.0,,0.0,33.0,19.0,0.0,28.5,,0.0,256.3413461538462,4359.0,256.3413461538461,,0.0,256.3413461538462,,,83.99999999999994,0.0,28.5,1.1368683772161603e-13,0.0,,1.1368683772161603e-13,1.4358517038057192e-13,2.3547607238633784e-26,0.9451998047072216,0.8162137217748873,0.00017900854345582676,0.7000693481276009,0.00043539500072065546,0.9999999997235801,0.47422802461153424,6.6959667625959335e-09,6.6959667625959335e-09,6.081912306383589e-09,,5.718550876340534e-12,0.9999999933040264,1.3612963731558036e-13,,,,,,0.0,1.0,1.0,0.0,0.0,0.8422684098805545,0.2753648338173184,151,1.6555181451243084,0.7951509715230546,196,0,0.2895190031162717,0.3459225095700664,152,0.0,0.4327621597347013,0.786046118871016,185,22.963739532866448,0.9759289942003496,171.0,168.7129427414815,0.8983418555907409,13,db,0.540986235965534,0.9305070477545101,0.3421575204977732,3,10.5,1.4358517038057192e-13,0.0001547883299646835,2.3547607238633787e-26,0.9451998047072216,0.8162137217748874,0.0012123029933794262,0.7745784363822179,0.002800065553578875,0.99999999972358,0.9919828214562006,0.9855281704452468,0.9855281704452468,0.9855281704451335,,1.2251610931599486e-12,0.9999999999667601,7.585973278963461e-14,,,,,1.0,,0.0,1.0,0.75,0.0,0.0,0.0,2.2595701998215794,0.6447065287088225,152,1.6868307323712495,0.7797968038722138,873,509.8239892355008,0.7327966513440771,512.5,258.9190243902439,0.7320953906615564,256,0.49117026184683504,0.8233619396015222,0.4091722348267588,4,193.0,,,,,,,,,,,,,9.640851138381546e-19,0.03641360043841643,2.3547607238633787e-26,0.9602501206369172,0.25232089619354126,0.0015449155391348817,0.58598295223921,0.9999999999999999,0.002800065553578875,0.9999999999999541,0.0008499884728391214,0.0007982210227401261,0.0007982210227401261,0.0007982210227337863,,0.0,9.572760819061336e-19,0.020163910573049823,7.054128794466933e-19,,,,,0.4782608695652174,,0.0,1.0,0.9302325581395349,0.0,0.0,0.9302325581395349,0.5814294660167882,0.18110015290550946,50,1.7495202654971105,0.8492334154568991,973,652.6595590351834,0.6950188976471106,511.5,95.11241446725317,0.7280001030291627,276,1009.0473684210526,935.5,610.6543869996938,760,0.4758535102197843,0.8532293215616218,0.41093374637766444,5,208.25
db11,1.0,constant,6.19822565035255e-27,321.54911863896217,5972664.902553252,0.6371681415929203,260.8694457428432,206,raw,5.216108020161221e-14,-2.1089563428944587e-10,6.3231367950080895,65999.21463267106,0.7926193776739796,5.618943883690064e-06,1.0,327.0,,,,[],[],13,661.1538461538462,87.00000000000001,940.0,"[8, 32, 51, 63, 81, 100, 111, 133, 152, 162, 175, 192, 204]","[878.0000000000002, 638.0000000000001, 787.0, 792.0, 940.0, 787.9999999999999, 637.0000000000001, 675.0, 771.0000000000002, 196.0, 834.0000000000002, 571.9999999999999, 87.00000000000001]","[0, 13, 42, 42, 76, 99, 107, 107, 107, 161, 99, 187, 203]","[76, 42, 61, 76, 205, 164, 119, 142, 164, 164, 205, 205, 205]",37754613.0,941.0,-941.0,0.0,,,,DWT,mdp.39015067403892,0.0,,0.0,33.0,19.0,0.0,28.5,,0.0,256.3413461538462,4359.0,256.34134615384613,,0.0,256.3413461538462,,,84.00000000000001,0.0,24.0,0.0,0.0,,0.0,4.755858529117254e-14,3.589397416646485e-27,0.9726663346603296,0.7881113137949245,0.0002663827584668864,0.600189633375474,0.0006687227496662288,0.9999999997234507,0.4742280246116168,6.6959667625959335e-09,6.6959667625959335e-09,6.0819563246244724e-09,,0.0,0.9999999933040264,0.0,,,,,,0.0,1.0,0.5,0.0,0.0,0.7922684098776652,0.25901821374924056,557,1.6181319914123442,0.7771942752868158,294,0,0.24785233644912774,0.296138427199731,557,0.0,0.4202377983827949,0.7632975365133549,276,157.2111107184646,0.8352084793307499,421.0,376.81767817615645,0.696954344487178,349,db,0.540986235965534,0.9305070477545101,0.3421575204977732,3,262.5,4.755858529117253e-14,0.0001547883299646835,3.5893974166464845e-27,0.9726663346603296,0.7881113137949245,0.0012995869089346744,0.6995109455053563,0.0030328413189364576,0.9999999997234505,0.9919828214562019,0.9855281704452468,0.9855281704452468,0.9855281704451341,,0.0,0.9999999999667601,0.0,,,,,1.0,,0.0,1.0,0.5,0.0,0.0,0.0,2.234570199820929,0.6375734627746849,560,1.6593692022662283,0.7671017462150458,1058,352.13917703090067,0.8154406828978508,809.0,732.3609394313968,0.6957182450128667,356,0.49117026184683504,0.8233619396015222,0.4091722348267588,4,268.0,,,,,,,,,,,,,3.193263203497619e-19,0.036413600438416426,3.5893974166464845e-27,0.9801732476682258,0.2436334353269419,0.0015653261911688517,0.5291930032100749,1.0,0.0030328413189364576,0.9999999999999541,0.0008499884728391223,0.0007982210227401261,0.0007982210227401261,0.0007982210227337869,,0.0,0.0,0.020163910573049823,0.0,,,,,0.4782608695652174,,0.0,1.0,0.8604651162790697,0.0,0.0,0.9302325581395349,0.5744527218307418,0.17892707859001003,528,1.734517747303102,0.8419510535331107,1056,373.3523804664971,0.8255362708100481,792.0,704.0,0.7277214064330615,277,1009.0473684210526,935.5,610.6543869996938,760,0.4758535102197843,0.8532293215616218,0.41093374637766444,5,209.0
db6,1.0,symmetric,5.394571688447709e-27,322.15222278044655,6088263.797098234,0.6342592592592593,309.1382608414244,206,raw,4.443047871363976e-14,-2.0379831155992447e-10,6.402885666939283,62434.697046713576,0.7593970262423385,5.618943883690066e-06,1.0,327.0,,,,[],[],13,661.1538461538462,87.00000000000009,940.0,"[8, 32, 51, 63, 81, 100, 111, 133, 152, 162, 175, 192, 204]","[878.0, 637.9999999999998, 787.0, 792.0000000000002, 940.0, 788.0, 637.0, 675.0000000000002, 771.0, 195.99999999999994, 834.0, 572.0, 87.00000000000009]","[0, 13, 42, 42, 76, 99, 107, 107, 107, 161, 99, 187, 203]","[76, 42, 61, 76, 205, 164, 119, 142, 164, 164, 205, 205, 205]",37754613.0,941.0,-941.0,0.0,,,,DWT,mdp.39015067403892,0.0,,0.0,33.0,19.0,0.0,28.5,,0.0,256.3413461538462,4359.0,256.34134615384613,,0.0,256.3413461538462,,,84.00000000000009,0.0,24.0,0.0,0.0,,0.0,3.779083619398292e-14,3.020678658391417e-27,0.9748919254784991,0.8156605484726643,0.00039647573681538553,0.5783730158730161,0.00038012872311484684,0.9999999997235576,0.47422802461169933,6.6959667625959335e-09,6.6959667625959335e-09,6.0819563246244724e-09,,0.0,0.9999999933040264,0.0,,,,,,0.0,1.0,0.5,0.0,0.0,0.79226840987769,0.2590182137492486,542,1.624464925119726,0.7802360047929806,272,0,0.24785233644913462,0.2961384271997392,541,0.0,0.4212127617509631,0.7650684080055848,265,157.64305672414923,0.8347557057398856,405.0,358.95356057463533,0.7051137019265465,329,db,0.540986235965534,0.9305070477545101,0.3421575204977732,3,247.5,3.7790836193982907e-14,0.0001547883299646835,3.020678658391417e-27,0.974891925478499,0.8156605484726644,0.0014295454388632562,0.6831140350877196,0.0027449300194373376,0.9999999997235575,0.9919828214562032,0.9855281704452468,0.9855281704452468,0.9855281704451341,,0.0,0.9999999999667601,0.0,,,,,1.0,,0.0,1.0,0.5,0.0,0.0,0.0,2.2345701998209293,0.637573462774685,540,1.6678702246741497,0.7710316426629392,995,321.7335854398791,0.8313765275472331,767.5,700.0651465798045,0.7145614293920652,288,0.49117026184683504,0.8233619396015222,0.4091722348267588,4,217.0,,,,,,,,,,,,,2.537419603817581e-19,0.03641360043841643,3.020678658391417e-27,0.9817876026182615,0.25214989051250014,0.0015957159636297304,0.5167884363865966,1.0,0.0027449300194373376,0.9999999999999541,0.0008499884728391233,0.0007982210227401261,0.0007982210227401261,0.0007982210227337869,,0.0,0.0,0.020163910573049823,0.0,,,,,0.4782608695652174,,0.0,1.0,0.8604651162790697,0.0,0.0,0.9302325581395349,0.5744527218307418,0.17892707859001003,512,1.734682791502942,0.8420311675233833,1054,383.2518754031088,0.8209103385966782,783.0,689.205619412516,0.7275112440646943,278,1009.0473684210526,935.5,610.6543869996938,760,0.4758535102197843,0.8532293215616218,0.41093374637766444,5,209.75
haar,1.0,reflect,4.689601928132895e-27,320.53603894590907,4916497.513525565,0.5339805825242718,153.37455796706374,206,smoothed,5.1583333074234454e-14,-2.1415171858052476e-10,6.251701695249963,31688.2373984353,0.9479708511035823,0.0001496656645132027,0.9999999999999999,362.4000000000001,,,,[],[],11,426.60000000000014,32.19999999999999,728.4,"[9, 31, 53, 64, 80, 102, 131, 148, 158, 175, 192]","[311.0000000000001, 417.80000000000007, 589.6, 432.20000000000005, 728.4, 371.00000000000017, 587.0, 32.19999999999999, 448.2000000000001, 368.0000000000001, 407.2000000000001]","[1, 1, 1, 60, 1, 94, 120, 144, 144, 165, 186]","[20, 40, 75, 75, 203, 120, 203, 149, 203, 186, 203]",30736475.84000001,728.4,-728.4,0.0,,,,DWT,mdp.39015067403892,1.4901161193847656e-08,,0.0,33.0,11.0,0.0,33.0,,0.0,168.4000000000002,987.7999999999975,168.4000000000001,,0.0,168.4000000000002,,,28.0,0.0,33.0,0.0,0.0,,1.1368683772161603e-13,6.448443672150608e-14,8.936698749923184e-27,0.9826231854125504,0.16928993321880254,0.04283952183663018,0.14362142418571724,0.026847626163012936,,0.999999664709775,4.406097391567225e-09,4.406097391567225e-09,3.6787861342541454e-09,,1.2251610931599486e-12,0.9999999955939026,0.0,,,,,,3.1786782849947497e-13,1.0,1.0,0.0,0.0,0.9999999009579496,0.3759218679540702,222,0.763826258914758,0.3877700450761808,620,0,0.3333333060663501,0.47426771797521566,221,0.0,0.19503167011668257,0.3440886508880504,637,235.0843820134946,0.7535803123548275,425.0,327.5425631259594,0.6540438249405165,438,haar,0.6445592013380003,0.05883501061488047,0.5311580558789356,2,329.0,4.682859177247569e-14,0.9999999999705136,2.5217953756619697e-27,0.9689278412429513,0.7634340703454832,0.00011222294860600292,0.11785896780786931,0.00026149349854409426,0.9999999997234015,2.0315811923354854e-05,4.745570603148508e-11,4.745570603148508e-11,3.962224992548613e-11,,1.2251610931599486e-12,0.003126132840347795,0.0,,,,,0.0,,1.4749084227875944e-13,1.0,1.0,0.0,0.0,1.0,0.40156916120479735,0.11457677215662576,1091,1.7103780357959095,0.7906823726480132,634,323.1477990022522,0.8306353254705177,862.5,801.9640579710145,0.6892956501566425,405,0.12852368039351705,0.2769787579518756,0.8269397963389753,1,304.0,,,,,,,,,,,,,3.144248679037427e-19,0.999999999971583,2.5217953756619697e-27,0.9774614934208818,0.23600481549780045,0.001287670537457888,0.08916249492626177,0.9999999999999999,0.00026149349854409426,0.9999999999999541,9.960751159770423e-05,3.843648489765261e-14,3.843648489765261e-14,3.209173378426744e-14,,0.0,9.572760819061336e-19,0.004567040150618456,0.0,,,,,0.13043478260869565,,4.666576700876887e-21,1.0,1.0,0.0,0.0,1.0,0.4544873153722995,0.14156097535167125,1035,1.840892734431537,0.8935864620618573,401,448.3056992722711,0.7905113554802472,718.0,578.0431754874652,0.7274986683943292,279,327.0,268.5,438.5491630604859,20,0.1542089129922188,0.6127574170194295,0.7082265357996179,2,209.75
sym9,1.0,periodization,7.048719874549742e-26,308.7662962277204,4961398.783080125,0.529126213592233,86.2777415602499,206,smoothed,2.121626650116609e-13,-1.806626626077449e-10,6.1951230255509175,31688.23739843526,0.9826309833013,0.00014966566451320246,0.9999999999999999,362.3999999999999,,,,[],[],11,426.5999999999996,32.200000000000216,728.3999999999999,"[9, 31, 53, 64, 80, 102, 131, 148, 158, 175, 192]","[310.9999999999999, 417.7999999999997, 589.5999999999996, 432.199999999999, 728.3999999999999, 370.99999999999955, 586.9999999999995, 32.200000000000216, 448.1999999999995, 367.99999999999955, 407.1999999999996]","[1, 1, 1, 60, 1, 94, 120, 144, 144, 165, 186]","[20, 40, 75, 75, 203, 120, 203, 149, 203, 186, 203]",30736475.839999974,728.3999999999999,-728.3999999999999,0.0,,,,DWT,mdp.39015067403892,2.2351741790771484e-08,,0.0,33.0,11.0,0.0,33.0,,1.1368683772161603e-13,168.3999999999997,987.8000000000029,168.39999999999966,,0.0,168.3999999999997,,,28.000000000000227,0.0,33.0,1.1368683772161603e-13,1.1368683772161603e-13,,5.684341886080802e-14,4.1725473626016963e-13,2.0149992276276434e-25,0.9379050732168807,0.08768063023620004,0.06210912047298838,0.11027684467067218,0.026847626163012603,,0.9999996649080249,4.405565082765087e-09,4.405565082765087e-09,3.6783425435853743e-09,,6.125805465799743e-13,0.9999999955944188,7.585973278963461e-14,,,,,,4.768017427492125e-13,1.0,1.0,1.7477015598164352e-13,1.7477015598164352e-13,0.9999999010171113,0.3759218679763104,63,0.6924877076183218,0.3515537551424046,818,0,0.3333333060827859,0.47426771799860057,63,0.0,0.1749741849657388,0.30870181857683493,843,443.2338547538985,0.535394282228618,446.75,117.11396551131527,0.5335514388082293,782,sym,1.0,1.0,0.0,7,588.25,2.4972336354404304e-13,0.9999999999705118,4.908453174225007e-26,0.9254948260735532,0.7438889782137954,0.0001627018308323978,0.09049565661727149,0.0002614934985440912,0.9999999997239062,2.0315811927407168e-05,4.745004389405949e-11,4.745004389405949e-11,3.9617531477631474e-11,,6.125805465799743e-13,0.003126132840349405,7.585973278963461e-14,,,,,0.0,,2.2123626341813917e-13,1.0,1.0,1.4238426238064856e-13,1.4238426238064856e-13,1.0,0.40156916120462005,0.11457677215657518,1140,1.663625595593563,0.7690694136572988,1027,79.90306627407988,0.9581220826655766,1083.5,1080.5537609598523,0.6951249826325787,359,0.7763846615972358,0.5622554397616224,0.28785410495344815,6,270.75,,,,,,,,,,,,,1.676737066455307e-18,0.9999999999715813,4.908453174225007e-26,0.9459569138453043,0.22996272746217084,0.0012994746240829265,0.06846164253822229,0.9999999999999999,0.0002614934985440912,0.9999999999999543,9.960751159770738e-05,3.8431822828310924e-14,3.8431822828310924e-14,3.208783065644649e-14,,0.0,4.786380409530668e-19,0.004567040150618481,7.054128794466933e-19,,,,,0.13043478260869565,,6.99986505131533e-21,1.0,1.0,4.770970844811595e-19,4.770970844811595e-19,1.0,0.4544873153722995,0.14156097535167125,1102,1.8106945037564721,0.8789279599097525,788,222.03152929257593,0.8962469489287028,945.0,918.9164021164022,0.7273290819409869,280,1409.1368421052632,1454.5,398.32527672708756,380,0.6645304607900322,0.5565550872278735,0.3678621512786154,7,211.75
coif9,1.0,periodic,1.7469056686588406e-26,317.0490979275139,6980491.787247718,0.624031007751938,296.19222163692115,206,raw,8.873161105547857e-14,-2.1156731921934406e-10,6.688594539157463,61113.70560412829,0.7391046399577339,5.618943883690066e-06,0.9999999999999998,327.0,,,,[],[],13,661.1538461538463,86.99999999999991,939.9999999999999,"[8, 32, 51, 63, 81, 100, 111, 133, 152, 162, 175, 192, 204]","[878.0000000000006, 637.9999999999999, 787.0, 792.0000000000002, 939.9999999999999, 787.9999999999999, 637.0000000000002, 674.9999999999998, 770.9999999999998, 195.9999999999999, 834.0000000000001, 572.0000000000002, 86.99999999999991]","[0, 13, 39, 39, 76, 99, 107, 107, 107, 161, 99, 187, 203]","[76, 39, 61, 76, 205, 164, 119, 142, 164, 164, 205, 205, 205]",37754613.0,940.9999999999999,-940.9999999999999,0.0,,,,DWT,mdp.39015067403892,0.0,,0.0,33.0,19.0,0.0,28.5,,1.1368683772161603e-13,256.3413461538463,4358.999999999998,256.3413461538462,,0.0,256.3413461538463,,,83.99999999999991,0.0,19.5,1.1368683772161603e-13,1.1368683772161603e-13,,0.0,9.376608548211644e-14,1.1565383768082804e-26,0.95606023948028,0.9143586313376122,0.0014005735446821815,0.5016611295681063,0.00027317729693659694,0.9999999997234406,0.47422802461150126,6.696054799077647e-09,6.696054799077647e-09,6.082000342865356e-09,,0.0,0.9999999933039181,1.3612963731558036e-13,,,,,,0.0,1.0,0.0,1.4238426238064856e-13,1.4238426238064856e-13,0.7422684098777673,0.2426715936821406,908,1.6322894687647367,0.7839941596035325,240,0,0.2061856697824958,0.24635434483000732,906,0.0,0.42171921886889396,0.7659883097182674,250,382.22855291914897,0.5993411394977475,576.0,385.66331297616165,0.49778377729604356,884,coif,0.5507900112560971,0.8749445204262634,0.351963635992853,2,663.5,9.376608548211644e-14,0.0001547883299646835,1.1565383768082804e-26,0.9560602394802798,0.9143586313376123,0.0024326055322782506,0.6254589963280295,0.002638231608308645,0.9999999997234404,0.9919828214562001,0.9855281704452481,0.9855281704452481,0.9855281704451347,,0.0,0.9999999999667596,7.585973278963461e-14,,,,,1.0,,0.0,1.0,0.25,1.4238426238064856e-13,1.4238426238064856e-13,0.0,2.2095701998210235,0.6304403968407598,909,1.683317089686042,0.7781724990244939,901,5.656854249492381,0.9970351916931381,905.0,904.9823204419889,0.7613582667061078,192,0.4784248188775415,0.776734912893196,0.43208215291776214,2,144.5,,,,,,,,,,,,,6.295809445821148e-19,0.03641360043841643,1.1565383768082804e-26,0.9681278475273647,0.2826610030516452,0.0018302736184463955,0.4731713303105915,0.9999999999999998,0.002638231608308645,0.9999999999999541,0.000849988472839121,0.0007982210227401272,0.0007982210227401272,0.0007982210227337874,,0.0,0.0,0.020163910573049813,7.054128794466933e-19,,,,,0.4782608695652174,,0.0,1.0,0.7906976744186046,4.770970844811595e-19,4.770970844811595e-19,0.9302325581395349,0.5674759776446953,0.17675400427451057,855,1.724370251750531,0.8370253647735154,1114,183.1406563273158,0.9144202540526561,984.5,967.465718638903,0.7271867625403468,281,986.6382352941176,846.0,585.0035688138154,340,0.4652856568234462,0.8173890317607586,0.42908333069536003,4,211.75
coif2,1.0,antireflect,5.8945863961678515e-27,321.76725909376546,6026592.943622255,0.6342592592592593,289.75923193374314,206,raw,4.950045228082665e-14,-2.1510715431105896e-10,6.4029951458582435,76870.34281812668,0.7996951986871337,5.618943883690066e-06,1.0,327.0000000000001,,,,[],[],13,661.1538461538462,86.99999999999991,940.0000000000001,"[8, 32, 51, 63, 81, 100, 111, 133, 152, 162, 175, 192, 204]","[878.0, 638.0, 787.0000000000001, 792.0000000000001, 940.0000000000001, 788.0, 637.0000000000002, 675.0000000000001, 771.0, 195.9999999999999, 834.0000000000002, 572.0, 86.99999999999991]","[0, 13, 42, 42, 76, 99, 107, 107, 107, 161, 99, 187, 203]","[76, 42, 61, 76, 205, 164, 119, 142, 164, 164, 205, 205, 205]",37754613.0,941.0000000000001,-941.0000000000001,0.0,,,,DWT,mdp.39015067403892,0.0,,0.0,33.0,19.0,0.0,28.5,,1.1368683772161603e-13,256.3413461538462,4359.0,256.3413461538462,,0.0,256.3413461538462,,,83.99999999999991,0.0,24.0,1.1368683772161603e-13,1.1368683772161603e-13,,1.1368683772161603e-13,4.4196835754394025e-14,3.374522174585693e-27,0.9734713223231346,0.8156983679471933,0.00032707243466821714,0.5783730158730161,0.0015488818681277283,0.9999999997233872,0.47422802461150126,6.6959667625959335e-09,6.6959667625959335e-09,6.082000342865356e-09,,5.718550876340534e-12,0.9999999933040264,1.3612963731558036e-13,,,,,,0.0,1.0,0.5,1.4238426238064856e-13,1.4238426238064856e-13,0.792268409880628,0.25901821375020917,418,1.6240642725706371,0.7800435700168415,276,0,0.2478523364496334,0.2961384272003352,417,0.0,0.4211773325211964,0.7650040562411657,266,84.68126514564285,0.9112355711261605,344.25,328.5957241276351,0.7751932572611935,190,coif,0.5507900112560971,0.8749445204262634,0.351963635992853,2,143.0,4.419683575439401e-14,0.0001547883299646835,3.3745221745856936e-27,0.9734713223231346,0.8156983679471933,0.0013602138636027283,0.6831140350877196,0.0039109182444723115,0.999999999723387,0.9919828214562001,0.9855281704452468,0.9855281704452468,0.9855281704451347,,1.2251610931599486e-12,0.9999999999667601,7.585973278963461e-14,,,,,1.0,,0.0,1.0,0.5,1.4238426238064856e-13,1.4238426238064856e-13,0.0,2.2345701998216363,0.6375734627748867,407,1.667468502020513,0.770845932244379,998,417.9001076812496,0.7809747863305819,702.5,578.2007117437723,0.7063941017606787,315,0.4784248188775415,0.776734912893196,0.43208215291776214,2,236.75,,,,,,,,,,,,,2.9675426310826417e-19,0.03641360043841643,3.3745221745856936e-27,0.9807571536618872,0.25216158186667875,0.0015795033241232694,0.5167884363865966,1.0,0.0039109182444723115,0.9999999999999541,0.000849988472839121,0.0007982210227401261,0.0007982210227401261,0.0007982210227337874,,0.0,9.572760819061336e-19,0.020163910573049823,7.054128794466933e-19,,,,,0.4782608695652174,,0.0,1.0,0.8604651162790697,4.770970844811595e-19,4.770970844811595e-19,0.9302325581395349,0.5744527218307418,0.17892707859001003,503,1.7345286567764675,0.8419563490929907,1055,390.32294321497426,0.8176061013014139,779.0,681.2130937098846,0.7267937048563144,282,986.6382352941176,846.0,585.0035688138154,340,0.4652856568234462,0.8173890317607586,0.42908333069536003,4,212.5
rbio1.1,1.0,antisymmetric,4.689601928132895e-27,320.53603894590907,4916497.513525565,0.5339805825242718,153.37455796706374,206,smoothed,5.1583333074234454e-14,-2.1415171858052476e-10,6.251701695249963,31688.2373984353,0.9479708511035823,0.0001496656645132027,0.9999999999999999,362.4000000000001,,,,[],[],11,426.60000000000014,32.19999999999999,728.4,"[9, 31, 53, 64, 80, 102, 131, 148, 158, 175, 192]","[311.0000000000001, 417.80000000000007, 589.6, 432.20000000000005, 728.4, 371.00000000000017, 587.0, 32.19999999999999, 448.2000000000001, 368.0000000000001, 407.2000000000001]","[1, 1, 1, 60, 1, 94, 120, 144, 144, 165, 186]","[20, 40, 75, 75, 203, 120, 203, 149, 203, 186, 203]",30736475.84000001,728.4,-728.4,0.0,,,,DWT,mdp.39015067403892,1.4901161193847656e-08,,0.0,33.0,11.0,0.0,33.0,,0.0,168.4000000000002,987.7999999999975,168.4000000000001,,0.0,168.4000000000002,,,28.0,0.0,33.0,0.0,0.0,,1.1368683772161603e-13,6.448443672150608e-14,8.936698749923184e-27,0.9826231854125504,0.16928993321880254,0.04283952183663018,0.14362142418571724,0.026847626163012936,,0.999999664709775,4.406097391567225e-09,4.406097391567225e-09,3.6787861342541454e-09,,1.2251610931599486e-12,0.9999999955939026,0.0,,,,,,3.1786782849947497e-13,1.0,1.0,0.0,0.0,0.9999999009579496,0.3759218679540702,229,0.763826258914758,0.3877700450761808,617,0,0.3333333060663501,0.47426771797521566,223,0.0,0.19503167011668257,0.3440886508880504,639,232.28143848931765,0.7565184082921199,427.0,332.31401741803086,0.6544646548798125,437,rbio,0.7685897546424816,0.816051598246696,0.21717169227625407,5,329.0,4.682859177247569e-14,0.9999999999705136,2.5217953756619697e-27,0.9689278412429513,0.7634340703454832,0.00011222294860600292,0.11785896780786931,0.00026149349854409426,0.9999999997234015,2.0315811923354854e-05,4.745570603148508e-11,4.745570603148508e-11,3.962224992548613e-11,,1.2251610931599486e-12,0.003126132840347795,0.0,,,,,0.0,,1.4749084227875944e-13,1.0,1.0,0.0,0.0,1.0,0.40156916120479735,0.11457677215662576,1089,1.7103780357959095,0.7906823726480132,628,325.9762261269984,0.8291529213170867,858.5,796.6126965637741,0.6896026661092771,403,0.3888041033402703,1.0,0.4278371276618108,3,303.0,,,,,,,,,,,,,3.144248679037427e-19,0.999999999971583,2.5217953756619697e-27,0.9774614934208818,0.23600481549780045,0.001287670537457888,0.08916249492626177,0.9999999999999999,0.00026149349854409426,0.9999999999999541,9.960751159770423e-05,3.843648489765261e-14,3.843648489765261e-14,3.209173378426744e-14,,0.0,9.572760819061336e-19,0.004567040150618456,0.0,,,,,0.13043478260869565,,4.666576700876887e-21,1.0,1.0,0.0,0.0,1.0,0.4544873153722995,0.14156097535167125,1038,1.840892734431537,0.8935864620618573,400,451.1341263970173,0.7891896605621415,719.0,577.4687065368568,0.7266041760754633,283,818.67,599.5,715.6978453131971,300,0.38607403914171184,1.0,0.42974817260080167,3,213.0
db1,1.0,antisymmetric,4.689601928132895e-27,320.53603894590907,4916497.513525565,0.5339805825242718,153.37455796706374,206,smoothed,5.1583333074234454e-14,-2.1415171858052476e-10,6.251701695249963,31688.2373984353,0.9479708511035823,0.0001496656645132027,0.9999999999999999,362.4000000000001,,,,[],[],11,426.60000000000014,32.19999999999999,728.4,"[9, 31, 53, 64, 80, 102, 131, 148, 158, 175, 192]","[311.0000000000001, 417.80000000000007, 589.6, 432.20000000000005, 728.4, 371.00000000000017, 587.0, 32.19999999999999, 448.2000000000001, 368.0000000000001, 407.2000000000001]","[1, 1, 1, 60, 1, 94, 120, 144, 144, 165, 186]","[20, 40, 75, 75, 203, 120, 203, 149, 203, 186, 203]",30736475.84000001,728.4,-728.4,0.0,,,,DWT,mdp.39015067403892,1.4901161193847656e-08,,0.0,33.0,11.0,0.0,33.0,,0.0,168.4000000000002,987.7999999999975,168.4000000000001,,0.0,168.4000000000002,,,28.0,0.0,33.0,0.0,0.0,,1.1368683772161603e-13,6.448443672150608e-14,8.936698749923184e-27,0.9826231854125504,0.16928993321880254,0.04283952183663018,0.14362142418571724,0.026847626163012936,,0.999999664709775,4.406097391567225e-09,4.406097391567225e-09,3.6787861342541454e-09,,1.2251610931599486e-12,0.9999999955939026,0.0,,,,,,3.1786782849947497e-13,1.0,1.0,0.0,0.0,0.9999999009579496,0.3759218679540702,205,0.763826258914758,0.3877700450761808,625,0,0.3333333060663501,0.47426771797521566,222,0.0,0.19503167011668257,0.3440886508880504,638,241.49051051059266,0.7468652929658358,422.5,318.726333768,0.6519965877827083,451,db,0.573477938514061,0.8443824841957417,0.34525069778143475,3,339.0,4.682859177247569e-14,0.9999999999705136,2.5217953756619697e-27,0.9689278412429513,0.7634340703454832,0.00011222294860600292,0.11785896780786931,0.00026149349854409426,0.9999999997234015,2.0315811923354854e-05,4.745570603148508e-11,4.745570603148508e-11,3.962224992548613e-11,,1.2251610931599486e-12,0.003126132840347795,0.0,,,,,0.0,,1.4749084227875944e-13,1.0,1.0,0.0,0.0,1.0,0.40156916120479735,0.11457677215662576,1090,1.7103780357959095,0.7906823726480132,638,319.6122650963195,0.8324883306623063,864.0,804.8842592592592,0.6898290709915305,402,0.49117026184683504,0.8233619396015222,0.4091722348267588,4,302.5,,,,,,,,,,,,,3.144248679037427e-19,0.999999999971583,2.5217953756619697e-27,0.9774614934208818,0.23600481549780045,0.001287670537457888,0.08916249492626177,0.9999999999999999,0.00026149349854409426,0.9999999999999541,9.960751159770423e-05,3.843648489765261e-14,3.843648489765261e-14,3.209173378426744e-14,,0.0,9.572760819061336e-19,0.004567040150618456,0.0,,,,,0.13043478260869565,,4.666576700876887e-21,1.0,1.0,0.0,0.0,1.0,0.4544873153722995,0.14156097535167125,1039,1.840892734431537,0.8935864620618573,399,452.54833995939043,0.7885288131030885,719.0,576.5799721835883,0.7262737523459368,284,1009.0473684210526,935.5,610.6543869996938,760,0.4758535102197843,0.8532293215616218,0.41093374637766444,5,214.25
db33,1.0,antisymmetric,1.7170836629039903e-26,317.12387790684653,7590077.523808493,0.6259259259259259,308.82844029508436,206,raw,8.967152802389908e-14,-2.093586415341546e-10,6.804537901197479,163694.32491610406,0.9192691109019374,5.618943883690062e-06,1.0,327.0000000000001,,,,[],[],13,661.1538461538462,87.00000000000011,939.9999999999999,"[8, 32, 51, 63, 81, 100, 111, 133, 152, 162, 175, 192, 204]","[878.0000000000003, 638.0000000000002, 787.0000000000003, 792.0000000000002, 939.9999999999999, 787.9999999999999, 637.0, 674.9999999999998, 770.9999999999999, 196.00000000000023, 834.0000000000002, 571.9999999999997, 87.00000000000011]","[0, 13, 42, 42, 76, 99, 107, 107, 107, 161, 99, 187, 203]","[76, 42, 61, 76, 205, 164, 119, 142, 164, 164, 205, 205, 205]",37754613.0,940.9999999999999,-940.9999999999999,0.0,,,,DWT,mdp.39015067403892,0.0,,0.0,33.0,19.0,0.0,28.5,,1.1368683772161603e-13,256.3413461538462,4359.0,256.3413461538462,,0.0,256.3413461538462,,,84.00000000000011,0.0,24.0,1.1368683772161603e-13,1.1368683772161603e-13,,1.1368683772161603e-13,9.495368687820529e-14,1.1354343508399716e-26,0.9563361945333756,0.9544112466639136,0.0020865906933764207,0.5158730158730156,0.008578411668623777,0.9999999997234738,0.47422802461173236,6.6959667625959335e-09,6.6959667625959335e-09,6.082000342865356e-09,,5.718550876340534e-12,0.9999999933040264,1.3612963731558036e-13,,,,,,0.0,1.0,0.5,1.4238426238064856e-13,1.4238426238064856e-13,0.7922684098806972,0.2590182137502318,379,1.6618312063047442,0.7981831561872288,187,0,0.2478523364496526,0.2961384272003581,346,0.0,0.4296606823944842,0.7804127607522319,195,99.98124824185783,0.8951978529959561,276.75,249.92979239481227,0.8025517566866573,116,db,0.540986235965534,0.9305070477545101,0.3421575204977732,3,87.75,9.495368687820529e-14,0.0001547883299646835,1.1354343508399716e-26,0.9563361945333756,0.9544112466639137,0.0031179136963458863,0.6361403508771928,0.010923818282333173,0.9999999997234736,0.9919828214562036,0.9855281704452468,0.9855281704452468,0.9855281704451347,,1.2251610931599486e-12,0.9999999999667601,7.585973278963461e-14,,,,,1.0,,0.0,1.0,0.5,1.4238426238064856e-13,1.4238426238064856e-13,0.0,2.234570199821637,0.6375734627748869,386,1.7114384009523729,0.7911725637170277,618,164.04877323527901,0.9140205591010068,502.0,475.1952191235059,0.8254589168670652,121,0.49117026184683504,0.8233619396015222,0.4091722348267588,4,91.75,,,,,,,,,,,,,6.375549493077281e-19,0.03641360043841641,1.1354343508399716e-26,0.9683280143335519,0.29504270103639785,0.001990527502381856,0.48125197312046175,1.0,0.010923818282333173,0.9999999999999541,0.0008499884728391236,0.0007982210227401261,0.0007982210227401261,0.0007982210227337874,,0.0,9.572760819061336e-19,0.020163910573049823,7.054128794466933e-19,,,,,0.4782608695652174,,0.0,1.0,0.8604651162790697,4.770970844811595e-19,4.770970844811595e-19,0.9302325581395349,0.5744527218307418,0.17892707859001003,421,1.7373078195621454,0.8433053805681542,1043,439.8204178980326,0.7944764402345642,732.0,599.8674863387978,0.7262101827341045,285,1009.0473684210526,935.5,610.6543869996938,760,0.4758535102197843,0.8532293215616218,0.41093374637766444,5,215.0
rbio1.5,1.0,symmetric,4.901782535106127e-27,320.3438583413884,4923579.937822847,0.5233644859813084,86.25025605773428,206,smoothed,4.8289312139035926e-14,-2.1379367165508305e-10,6.231595916514276,32206.415822071223,0.9781091072075405,0.00014966566451320263,0.9999999999999999,362.4000000000001,,,,[],[],11,426.6,32.19999999999999,728.4,"[9, 31, 53, 64, 80, 102, 131, 148, 158, 175, 192]","[311.00000000000006, 417.79999999999995, 589.6000000000001, 432.20000000000016, 728.4, 371.00000000000017, 587.0000000000001, 32.19999999999999, 448.2, 368.0, 407.2000000000001]","[1, 1, 1, 60, 1, 94, 120, 144, 144, 165, 186]","[20, 40, 75, 75, 203, 120, 203, 149, 203, 186, 203]",30736475.840000007,728.4,-728.4,0.0,,,,DWT,mdp.39015067403892,1.1175870895385742e-08,,0.0,33.0,11.0,0.0,33.0,,0.0,168.4000000000001,987.7999999999984,168.40000000000003,,0.0,168.4000000000001,,,28.0,0.0,33.0,0.0,0.0,,1.1368683772161603e-13,5.724793412819957e-14,9.557666440660859e-27,0.9818930119465233,0.14028927630569787,0.045878978736956205,0.07069963347057168,0.03114479353849745,,0.999999664709775,4.4059791007223055e-09,4.4059791007223055e-09,3.6787269888316428e-09,,1.2251610931599486e-12,0.9999999955939887,0.0,,,,,,2.3840087137460624e-13,1.0,1.0,0.0,0.0,0.9999999009578642,0.3759218679540381,247,0.722957705492886,0.36702239386932933,731,0,0.333333306066326,0.47426771797518136,245,0.0,0.18141509914261486,0.32006533440111656,782,295.4729260016897,0.6902799517801994,501.25,371.1615946628307,0.5824303322842297,641,rbio,0.7685897546424816,0.816051598246696,0.21717169227625407,5,482.0,4.2666539173338566e-14,0.9999999999705129,2.6719484229232614e-27,0.9682186513047115,0.7564885323917167,0.00012018514801654333,0.05801770782095417,0.0003033475277987572,0.9999999997234068,2.0315811923354854e-05,4.745454029730922e-11,4.745454029730922e-11,3.962169481397382e-11,,1.2251610931599486e-12,0.0031261328403480726,0.0,,,,,0.0,,1.1061813170906958e-13,1.0,1.0,0.0,0.0,1.0,0.4015691612047782,0.11457677215662031,1111,1.682563971572724,0.7778243437019512,906,144.95689014324225,0.9240267871366655,1008.5,998.0823004462073,0.6977314229184376,346,0.3888041033402703,1.0,0.4278371276618108,3,260.25,,,,,,,,,,,,,2.8647927336076717e-19,0.9999999999715824,2.6719484229232614e-27,0.9769470752816776,0.2338577009439925,0.001289532434699319,0.0438914719468107,0.9999999999999999,0.0003033475277987572,0.9999999999999541,9.960751159770423e-05,3.8435400695480126e-14,3.8435400695480126e-14,3.20911916831812e-14,,0.0,9.572760819061336e-19,0.00456704015061846,0.0,,,,,0.13043478260869565,,3.499932525657665e-21,1.0,1.0,0.0,0.0,1.0,0.4544873153722995,0.14156097535167125,1089,1.8214197896396527,0.8841341134719332,689,282.842712474619,0.8678305081894304,889.0,844.0056242969629,0.7262049737208834,286,818.67,599.5,715.6978453131971,300,0.38607403914171184,1.0,0.42974817260080167,3,215.25
db1,1.0,antireflect,4.689601928132895e-27,320.53603894590907,4916497.513525565,0.5339805825242718,153.37455796706374,206,smoothed,5.1583333074234454e-14,-2.1415171858052476e-10,6.251701695249963,31688.2373984353,0.9479708511035823,0.0001496656645132027,0.9999999999999999,362.4000000000001,,,,[],[],11,426.60000000000014,32.19999999999999,728.4,"[9, 31, 53, 64, 80, 102, 131, 148, 158, 175, 192]","[311.0000000000001, 417.80000000000007, 589.6, 432.20000000000005, 728.4, 371.00000000000017, 587.0, 32.19999999999999, 448.2000000000001, 368.0000000000001, 407.2000000000001]","[1, 1, 1, 60, 1, 94, 120, 144, 144, 165, 186]","[20, 40, 75, 75, 203, 120, 203, 149, 203, 186, 203]",30736475.84000001,728.4,-728.4,0.0,,,,DWT,mdp.39015067403892,1.4901161193847656e-08,,0.0,33.0,11.0,0.0,33.0,,0.0,168.4000000000002,987.7999999999975,168.4000000000001,,0.0,168.4000000000002,,,28.0,0.0,33.0,0.0,0.0,,1.1368683772161603e-13,6.448443672150608e-14,8.936698749923184e-27,0.9826231854125504,0.16928993321880254,0.04283952183663018,0.14362142418571724,0.026847626163012936,,0.999999664709775,4.406097391567225e-09,4.406097391567225e-09,3.6787861342541454e-09,,1.2251610931599486e-12,0.9999999955939026,0.0,,,,,,3.1786782849947497e-13,1.0,1.0,0.0,0.0,0.9999999009579496,0.3759218679540702,204,0.763826258914758,0.3877700450761808,624,0,0.3333333060663501,0.47426771797521566,235,0.0,0.19503167011668257,0.3440886508880504,622,233.30577218177294,0.7554446832476175,421.25,323.4267431466358,0.6569414191919429,428,db,0.573477938514061,0.8443824841957417,0.34525069778143475,3,321.75,4.682859177247569e-14,0.9999999999705136,2.5217953756619697e-27,0.9689278412429513,0.7634340703454832,0.00011222294860600292,0.11785896780786931,0.00026149349854409426,0.9999999997234015,2.0315811923354854e-05,4.745570603148508e-11,4.745570603148508e-11,3.962224992548613e-11,,1.2251610931599486e-12,0.003126132840347795,0.0,,,,,0.0,,1.4749084227875944e-13,1.0,1.0,0.0,0.0,1.0,0.40156916120479735,0.11457677215662576,1103,1.7103780357959095,0.7906823726480132,649,321.02647865869255,0.8317471285855909,876.0,817.1769406392694,0.6863138158651225,423,0.49117026184683504,0.8233619396015222,0.4091722348267588,4,318.25,,,,,,,,,,,,,3.144248679037427e-19,0.999999999971583,2.5217953756619697e-27,0.9774614934208818,0.23600481549780045,0.001287670537457888,0.08916249492626177,0.9999999999999999,0.00026149349854409426,0.9999999999999541,9.960751159770423e-05,3.843648489765261e-14,3.843648489765261e-14,3.209173378426744e-14,,0.0,9.572760819061336e-19,0.004567040150618456,0.0,,,,,0.13043478260869565,,4.666576700876887e-21,1.0,1.0,0.0,0.0,1.0,0.4544873153722995,0.14156097535167125,1041,1.840892734431537,0.8935864620618573,395,456.7909806465097,0.7865462707259301,718.0,572.6949860724234,0.7255161260171706,287,1009.0473684210526,935.5,610.6543869996938,760,0.4758535102197843,0.8532293215616218,0.41093374637766444,5,216.5
coif4,1.0,periodic,7.697559195115572e-27,320.6082620949192,6410556.6614011815,0.631578947368421,293.03070762497737,206,raw,5.792992838393636e-14,-2.0834856062635073e-10,6.508802855775173,62978.14512990475,0.7325076016143778,5.618943883690066e-06,1.0,327.0000000000001,,,,[],[],13,661.1538461538462,86.99999999999983,940.0,"[8, 32, 51, 63, 81, 100, 111, 133, 152, 162, 175, 192, 204]","[877.9999999999998, 637.9999999999999, 787.0, 792.0, 940.0, 787.9999999999999, 636.9999999999999, 675.0, 770.9999999999999, 196.00000000000006, 834.0000000000002, 571.9999999999999, 86.99999999999983]","[0, 13, 42, 42, 76, 99, 107, 107, 107, 161, 99, 187, 203]","[76, 42, 61, 76, 205, 164, 119, 142, 164, 164, 205, 205, 205]",37754613.0,941.0,-941.0,0.0,,,,DWT,mdp.39015067403892,0.0,,0.0,33.0,19.0,0.0,28.5,,0.0,256.3413461538462,4359.0,256.341346153846,,0.0,256.3413461538462,,,83.99999999999983,0.0,24.0,0.0,0.0,,1.1368683772161603e-13,5.484762505248864e-14,4.6504251129035976e-27,0.969194361013319,0.8522496239164398,0.0007591785012550909,0.558270676691729,0.0004241279086337035,0.9999999997234891,0.4742280246114022,6.6959667625959335e-09,6.6959667625959335e-09,6.0818682881427056e-09,,5.718550876340534e-12,0.9999999933040264,0.0,,,,,,0.0,1.0,0.5,0.0,0.0,0.7922684098804337,0.2590182137501456,438,1.631498939546396,0.7836144657428326,242,0,0.24785233644957905,0.2961384272002702,438,0.0,0.4226122459693651,0.7676103565414052,239,114.03325538338952,0.8804682857616462,339.25,310.49772945942135,0.7624301596523115,219,coif,0.5507900112560971,0.8749445204262634,0.351963635992853,2,164.75,5.484762505248864e-14,0.0001547883299646835,4.6504251129035976e-27,0.969194361013319,0.8522496239164399,0.0017918733574488837,0.6680055401662048,0.0027888251160580625,0.9999999997234889,0.9919828214561985,0.9855281704452468,0.9855281704452468,0.9855281704451329,,1.2251610931599486e-12,0.9999999999667601,0.0,,,,,1.0,,0.0,1.0,0.5,0.0,0.0,0.0,2.23457019982154,0.6375734627748592,440,1.6769015477462421,0.7752066892347164,943,355.6747109368334,0.8135876777060622,691.5,600.0289226319595,0.7255831470291317,267,0.4784248188775415,0.776734912893196,0.43208215291776214,2,200.75,,,,,,,,,,,,,3.682676888032976e-19,0.03641360043841643,4.6504251129035976e-27,0.9776548162487184,0.26346088426397835,0.0016804434763839308,0.5053585797805296,1.0,0.0027888251160580625,0.9999999999999541,0.0008499884728391198,0.0007982210227401261,0.0007982210227401261,0.0007982210227337859,,0.0,9.572760819061336e-19,0.020163910573049823,0.0,,,,,0.4782608695652174,,0.0,1.0,0.8604651162790697,0.0,0.0,0.9302325581395349,0.5744527218307418,0.17892707859001003,523,1.7333465957095537,0.8413825656525065,1063,381.8376618407357,0.821571186055731,793.0,701.0706179066835,0.7255052191960898,288,986.6382352941176,846.0,585.0035688138154,340,0.4652856568234462,0.8173890317607586,0.42908333069536003,4,217.0
rbio1.5,1.0,periodic,4.902027618105807e-27,320.3436412050042,4923579.928130698,0.5233644859813084,86.25025605773428,206,smoothed,4.8289312139035926e-14,-2.1379367165508305e-10,6.2315958486007155,32202.186908150055,0.9782375562234935,0.00014966566451320263,0.9999999999999999,362.4000000000001,,,,[],[],11,426.6,32.19999999999999,728.4,"[9, 31, 53, 64, 80, 102, 131, 148, 158, 175, 192]","[311.00000000000006, 417.79999999999995, 589.6000000000001, 432.20000000000016, 728.4, 371.00000000000017, 587.0000000000001, 32.19999999999999, 448.2, 368.0, 407.2000000000001]","[1, 1, 1, 60, 1, 94, 120, 144, 144, 165, 186]","[20, 40, 75, 75, 203, 120, 203, 149, 203, 186, 203]",30736475.840000007,728.4,-728.4,0.0,,,,DWT,mdp.39015067403892,1.1175870895385742e-08,,0.0,33.0,11.0,0.0,33.0,,0.0,168.4000000000001,987.7999999999984,168.40000000000003,,0.0,168.4000000000001,,,28.0,0.0,33.0,0.0,0.0,,1.1368683772161603e-13,5.724793412819957e-14,9.55838370048267e-27,0.9818921869557462,0.14028917834690294,0.04587897457752353,0.07069963347057168,0.031109723859585957,,0.999999664709775,4.4059791007223055e-09,4.4059791007223055e-09,3.6787269888316428e-09,,1.2251610931599486e-12,0.9999999955939887,0.0,,,,,,2.3840087137460624e-13,1.0,1.0,0.0,0.0,0.9999999009578642,0.3759218679540381,245,0.7229431315677411,0.3670149951558858,732,0,0.333333306066326,0.47426771797518136,246,0.0,0.1814099567443411,0.32005626181878527,783,296.33595799362587,0.6893753060863461,501.5,370.715934937826,0.5818469821836343,645,rbio,0.7685897546424816,0.816051598246696,0.21717169227625407,5,485.0,4.2666539173338566e-14,0.9999999999705129,2.6721218598822702e-27,0.9682178500222964,0.7564885089309885,0.00012018513712044117,0.05801770782095417,0.00030300595223540193,0.9999999997234068,2.0315811923354854e-05,4.745454029730922e-11,4.745454029730922e-11,3.962169481397382e-11,,1.2251610931599486e-12,0.0031261328403480726,0.0,,,,,0.0,,1.1061813170906958e-13,1.0,1.0,0.0,0.0,1.0,0.4015691612047782,0.11457677215662031,1114,1.6825633424372377,0.7778240528619563,907,146.37110370561533,0.9232855850599501,1010.5,999.8990598713508,0.6968367128654048,350,0.3888041033402703,1.0,0.4278371276618108,3,263.25,,,,,,,,,,,,,2.8647927336076717e-19,0.9999999999715824,2.6721218598822702e-27,0.9769464940633231,0.2338576936914411,0.001289532432151352,0.0438914719468107,0.9999999999999999,0.00030300595223540193,0.9999999999999541,9.960751159770423e-05,3.8435400695480126e-14,3.8435400695480126e-14,3.20911916831812e-14,,0.0,9.572760819061336e-19,0.00456704015061846,0.0,,,,,0.13043478260869565,,3.499932525657665e-21,1.0,1.0,0.0,0.0,1.0,0.4544873153722995,0.14156097535167125,1093,1.8214193006508648,0.8841338761122256,690,284.9640328181787,0.8668392370008511,891.5,845.956253505328,0.7251252259770611,289,818.67,599.5,715.6978453131971,300,0.38607403914171184,1.0,0.42974817260080167,3,217.5
rbio1.1,1.0,periodic,4.689601928132895e-27,320.53603894590907,4916497.513525565,0.5339805825242718,153.37455796706374,206,smoothed,5.1583333074234454e-14,-2.1415171858052476e-10,6.251701695249963,31688.2373984353,0.9479708511035823,0.0001496656645132027,0.9999999999999999,362.4000000000001,,,,[],[],11,426.60000000000014,32.19999999999999,728.4,"[9, 31, 53, 64, 80, 102, 131, 148, 158, 175, 192]","[311.0000000000001, 417.80000000000007, 589.6, 432.20000000000005, 728.4, 371.00000000000017, 587.0, 32.19999999999999, 448.2000000000001, 368.0000000000001, 407.2000000000001]","[1, 1, 1, 60, 1, 94, 120, 144, 144, 165, 186]","[20, 40, 75, 75, 203, 120, 203, 149, 203, 186, 203]",30736475.84000001,728.4,-728.4,0.0,,,,DWT,mdp.39015067403892,1.4901161193847656e-08,,0.0,33.0,11.0,0.0,33.0,,0.0,168.4000000000002,987.7999999999975,168.4000000000001,,0.0,168.4000000000002,,,28.0,0.0,33.0,0.0,0.0,,1.1368683772161603e-13,6.448443672150608e-14,8.936698749923184e-27,0.9826231854125504,0.16928993321880254,0.04283952183663018,0.14362142418571724,0.026847626163012936,,0.999999664709775,4.406097391567225e-09,4.406097391567225e-09,3.6787861342541454e-09,,1.2251610931599486e-12,0.9999999955939026,0.0,,,,,,3.1786782849947497e-13,1.0,1.0,0.0,0.0,0.9999999009579496,0.3759218679540702,216,0.763826258914758,0.3877700450761808,610,0,0.3333333060663501,0.47426771797521566,234,0.0,0.19503167011668257,0.3440886508880504,621,225.61970215386776,0.7635013604257151,420.25,329.1426852753073,0.6614938667956668,416,rbio,0.7685897546424816,0.816051598246696,0.21717169227625407,5,313.25,4.682859177247569e-14,0.9999999999705136,2.5217953756619697e-27,0.9689278412429513,0.7634340703454832,0.00011222294860600292,0.11785896780786931,0.00026149349854409426,0.9999999997234015,2.0315811923354854e-05,4.745570603148508e-11,4.745570603148508e-11,3.962224992548613e-11,,1.2251610931599486e-12,0.003126132840347795,0.0,,,,,0.0,,1.4749084227875944e-13,1.0,1.0,0.0,0.0,1.0,0.40156916120479735,0.11457677215662576,1092,1.7103780357959095,0.7906823726480132,633,324.5620125646253,0.8298941233938022,862.5,801.433043478261,0.6889250491182848,409,0.3888041033402703,1.0,0.4278371276618108,3,307.5,,,,,,,,,,,,,3.144248679037427e-19,0.999999999971583,2.5217953756619697e-27,0.9774614934208818,0.23600481549780045,0.001287670537457888,0.08916249492626177,0.9999999999999999,0.00026149349854409426,0.9999999999999541,9.960751159770423e-05,3.843648489765261e-14,3.843648489765261e-14,3.209173378426744e-14,,0.0,9.572760819061336e-19,0.004567040150618456,0.0,,,,,0.13043478260869565,,4.666576700876887e-21,1.0,1.0,0.0,0.0,1.0,0.4544873153722995,0.14156097535167125,1044,1.840892734431537,0.8935864620618573,394,459.6194077712559,0.7852245758078243,719.0,572.0945757997218,0.7246216336983047,290,818.67,599.5,715.6978453131971,300,0.38607403914171184,1.0,0.42974817260080167,3,218.25
db36,1.0,antireflect,1.8651543865827224e-26,316.7646446086213,7380289.802346028,0.6159420289855072,294.4843765594387,206,raw,9.750129506358562e-14,-2.0330170880100925e-10,6.82739787905611,155406.90647285516,0.9155349435583798,5.618943883690064e-06,0.9999999999999999,327.0000000000001,,,,[],[],13,661.1538461538462,87.00000000000013,940.0,"[8, 32, 51, 63, 81, 100, 111, 133, 152, 162, 175, 192, 204]","[877.9999999999998, 638.0, 786.9999999999998, 792.0000000000005, 940.0, 788.0000000000002, 637.0, 675.0000000000002, 770.9999999999998, 196.00000000000017, 834.0, 572.0, 87.00000000000013]","[0, 13, 39, 39, 76, 99, 107, 107, 107, 161, 99, 187, 203]","[76, 39, 61, 76, 205, 164, 119, 142, 164, 164, 205, 205, 205]",37754613.0,941.0,-941.0,0.0,,,,DWT,mdp.39015067403892,0.0,,0.0,33.0,19.0,0.0,28.5,,0.0,256.3413461538462,4359.0,256.34134615384613,,0.0,256.3413461538462,,,84.00000000000013,0.0,19.5,0.0,0.0,,1.1368683772161603e-13,1.0484673337039511e-13,1.2402189995772214e-26,0.9550105423364881,0.9623082222512138,0.0018504992531128853,0.44099378881987544,0.007907437434220909,0.9999999997235651,0.47422802461174884,6.6959667625959335e-09,6.6959667625959335e-09,6.0819563246244724e-09,,5.718550876340534e-12,0.9999999933040264,0.0,,,,,,0.0,1.0,0.0,0.0,0.0,0.7422684098805641,0.24267159368305496,790,1.634646176545152,0.7851260943314677,235,0,0.2061856697829486,0.24635434483054836,789,0.0,0.42100881122732264,0.7646979631458781,268,310.9067384281016,0.6741019513332268,520.5,380.2313052256657,0.5642522335282486,657,db,0.540986235965534,0.9305070477545101,0.3421575204977732,3,493.5,1.0484673337039511e-13,0.0001547883299646835,1.2402189995772212e-26,0.9550105423364881,0.9623082222512139,0.002882066251734556,0.5798627002288328,0.010254431372057112,0.999999999723565,0.9919828214562039,0.9855281704452468,0.9855281704452468,0.9855281704451341,,1.2251610931599486e-12,0.9999999999667601,0.0,,,,,1.0,,0.0,1.0,0.25,0.0,0.0,0.0,2.2095701998215422,0.6304403968409078,790,1.6916947586821696,0.7820453710214939,839,34.64823227814083,0.9818405491204713,814.5,813.7630448127686,0.7774768783338206,168,0.49117026184683504,0.8233619396015222,0.4091722348267588,4,127.0,,,,,,,,,,,,,7.039806033522874e-19,0.036413600438416426,1.2402189995772212e-26,0.9673664390212349,0.297483939040916,0.0019353764462629785,0.43867688669533444,0.9999999999999999,0.010254431372057112,0.9999999999999541,0.0008499884728391238,0.0007982210227401261,0.0007982210227401261,0.0007982210227337869,,0.0,9.572760819061336e-19,0.020163910573049823,0.0,,,,,0.4782608695652174,,0.0,1.0,0.7906976744186046,0.0,0.0,0.9302325581395349,0.5674759776446953,0.17675400427451057,917,1.7206261285147937,0.835207932517323,1135,154.14927829866735,0.9279676269632395,1026.0,1014.4200779727095,0.7242641873133955,291,1009.0473684210526,935.5,610.6543869996938,760,0.4758535102197843,0.8532293215616218,0.41093374637766444,5,219.5
bior1.1,1.0,reflect,4.689601928132895e-27,320.53603894590907,4916497.513525565,0.5339805825242718,153.37455796706374,206,smoothed,5.1583333074234454e-14,-2.1415171858052476e-10,6.251701695249963,31688.2373984353,0.9479708511035823,0.0001496656645132027,0.9999999999999999,362.4000000000001,,,,[],[],11,426.60000000000014,32.19999999999999,728.4,"[9, 31, 53, 64, 80, 102, 131, 148, 158, 175, 192]","[311.0000000000001, 417.80000000000007, 589.6, 432.20000000000005, 728.4, 371.00000000000017, 587.0, 32.19999999999999, 448.2000000000001, 368.0000000000001, 407.2000000000001]","[1, 1, 1, 60, 1, 94, 120, 144, 144, 165, 186]","[20, 40, 75, 75, 203, 120, 203, 149, 203, 186, 203]",30736475.84000001,728.4,-728.4,0.0,,,,DWT,mdp.39015067403892,1.4901161193847656e-08,,0.0,33.0,11.0,0.0,33.0,,0.0,168.4000000000002,987.7999999999975,168.4000000000001,,0.0,168.4000000000002,,,28.0,0.0,33.0,0.0,0.0,,1.1368683772161603e-13,6.448443672150608e-14,8.936698749923184e-27,0.9826231854125504,0.16928993321880254,0.04283952183663018,0.14362142418571724,0.026847626163012936,,0.999999664709775,4.406097391567225e-09,4.406097391567225e-09,3.6787861342541454e-09,,1.2251610931599486e-12,0.9999999955939026,0.0,,,,,,3.1786782849947497e-13,1.0,1.0,0.0,0.0,0.9999999009579496,0.3759218679540702,230,0.763826258914758,0.3877700450761808,636,0,0.3333333060663501,0.47426771797521566,232,0.0,0.19503167011668257,0.3440886508880504,616,228.20093485055372,0.7607956657751009,428.5,337.4424094289548,0.6558171200992905,431,bior,0.8100315533562081,0.7923003667562746,0.1952878026237719,6,324.75,4.682859177247569e-14,0.9999999999705136,2.5217953756619697e-27,0.9689278412429513,0.7634340703454832,0.00011222294860600292,0.11785896780786931,0.00026149349854409426,0.9999999997234015,2.0315811923354854e-05,4.745570603148508e-11,4.745570603148508e-11,3.962224992548613e-11,,1.2251610931599486e-12,0.003126132840347795,0.0,,,,,0.0,,1.4749084227875944e-13,1.0,1.0,0.0,0.0,1.0,0.40156916120479735,0.11457677215662576,1093,1.7103780357959095,0.7906823726480132,630,327.3904396893715,0.8284117192403714,861.5,799.2919326755658,0.6884459015489068,414,0.5943810304597339,0.7715092316736338,0.3524805091760961,5,311.75,,,,,,,,,,,,,3.144248679037427e-19,0.999999999971583,2.5217953756619697e-27,0.9774614934208818,0.23600481549780045,0.001287670537457888,0.08916249492626177,0.9999999999999999,0.00026149349854409426,0.9999999999999541,9.960751159770423e-05,3.843648489765261e-14,3.843648489765261e-14,3.209173378426744e-14,,0.0,9.572760819061336e-19,0.004567040150618456,0.0,,,,,0.13043478260869565,,4.666576700876887e-21,1.0,1.0,0.0,0.0,1.0,0.4544873153722995,0.14156097535167125,1045,1.840892734431537,0.8935864620618573,389,463.86204845837517,0.7832420334306658,717.0,566.9525801952581,0.7240976522293516,292,1104.4,1082.5,563.6960149978129,300,0.520820561188399,0.7876173146100969,0.3991404127850916,6,220.5
db24,1.0,reflect,8.014305995671159e-27,320.4331332656486,6840771.088502874,0.6190476190476191,306.7159367254132,206,raw,5.884397607799663e-14,-2.0463164496220825e-10,6.681355454352841,57829.58773668927,0.7716265993856699,5.618943883690066e-06,1.0,327.00000000000006,,,,[],[],13,661.1538461538462,86.99999999999989,939.9999999999999,"[8, 32, 51, 63, 81, 100, 111, 133, 152, 162, 175, 192, 204]","[877.9999999999999, 638.0000000000001, 787.0, 792.0, 939.9999999999999, 788.0, 636.9999999999999, 674.9999999999999, 770.9999999999998, 196.0, 834.0, 571.9999999999997, 86.99999999999989]","[0, 13, 39, 39, 76, 99, 107, 107, 107, 161, 99, 187, 203]","[76, 39, 61, 76, 205, 164, 119, 142, 164, 164, 205, 205, 205]",37754613.0,941.0,-941.0,0.0,,,,DWT,mdp.39015067403892,0.0,,0.0,33.0,19.0,0.0,28.5,,0.0,256.3413461538462,4359.0,256.3413461538461,,0.0,256.3413461538462,,,83.99999999999989,0.0,19.5,1.1368683772161603e-13,0.0,,5.684341886080802e-14,5.600254017162088e-14,4.874576122706706e-27,0.9685480959860849,0.9118578906837925,0.0012433343088902055,0.4642857142857144,7.285271949160235e-06,0.999999999723545,0.47422802461146824,6.6959667625959335e-09,6.6959667625959335e-09,6.081912306383589e-09,,2.859275438170267e-12,0.9999999933040264,1.3612963731558036e-13,,,,,,0.0,1.0,0.0,0.0,0.0,0.742268409879105,0.24267159368257796,855,1.6233966698004925,0.7797229181455011,281,0,0.20618566978269462,0.24635434483024488,868,0.0,0.41824279003250403,0.7596739096883507,292,332.0491931426226,0.6519400491167477,574.0,429.87452696314824,0.5251314501348938,777,db,0.540986235965534,0.9305070477545101,0.3421575204977732,3,583.5,5.6002540171620866e-14,0.0001547883299646835,4.874576122706706e-27,0.9685480959860849,0.9118578906837926,0.002275528800005447,0.5973684210526318,0.0023729686042354976,0.9999999997235449,0.9919828214561996,0.9855281704452468,0.9855281704452468,0.9855281704451335,,6.125805465799743e-13,0.9999999999667601,7.585973278963461e-14,,,,,1.0,,0.0,1.0,0.25,0.0,0.0,0.0,2.2095701998212722,0.6304403968408308,843,1.6781385595847211,0.7757785414422239,935,65.05382386916237,0.9659047044710889,889.0,886.6197975253093,0.7499858952124836,216,0.49117026184683504,0.8233619396015222,0.4091722348267588,4,163.0,,,,,,,,,,,,,3.760222255089396e-19,0.03641360043841643,4.874576122706706e-27,0.9771860413341057,0.28188793454509364,0.0017935424692460148,0.4519202891547637,1.0,0.0023729686042354976,0.9999999999999541,0.0008499884728391206,0.0007982210227401261,0.0007982210227401261,0.0007982210227337863,,0.0,4.786380409530668e-19,0.020163910573049823,7.054128794466933e-19,,,,,0.4782608695652174,,0.0,1.0,0.7906976744186046,0.0,0.0,0.9302325581395349,0.5674759776446953,0.17675400427451057,900,1.7207937465427394,0.8352892958677064,1133,164.75588001646557,0.9230112710203432,1016.5,1003.1480570585342,0.7240056355101716,293,1009.0473684210526,935.5,610.6543869996938,760,0.4758535102197843,0.8532293215616218,0.41093374637766444,5,221.0
mexh,,,,-44.63215086921832,3801766681.3670487,0.6519607843137255,1511.2154922873715,206,smoothed,117590.87189955746,-400787.08160857507,13.357792099257399,438334.2874794633,0.017813833148811953,3.926178579778325e-06,0.3412618798632894,119123.16282533054,,,,[],[],3,65295.37958649596,5687.94768627458,161891.94128774753,"[53, 136, 155]","[161891.94128774753, 28306.2497854658, 5687.94768627458]","[0, 119, 147]","[205, 205, 205]",3193198265694.337,185295.670247783,-185295.670247783,0.0,,,,CWT,mdp.39015067403892,3193167529218.497,,0.0,-20.5,19.0,0.0,-16.0,,184567.27024778302,65037.179586495964,190205.7387594879,65037.17958649598,,0.0,65037.179586495964,,,5683.74768627458,0.0,-20.5,161163.54128774753,184567.27024778302,,118760.76282533054,1.0,,0.0,0.921102749965437,1.0,0.6046783625730993,0.13926244594974588,0.0,0.016080364842817135,0.46746925920503274,0.46746925920503274,0.4674692592050329,,1.0,0.8685631751602972,1.0,,,,,,1.0,0.33333333333333337,0.1538461538461538,0.7150028275591431,0.7150028275591431,3.0568659506388394,0.9247616971030556,2,2.0224054093304424,1.0,1,0,0.5963688568677052,0.8832714991688184,2,0.0,0.5538970435858356,0.9356354319521984,2,0.5,0.95,1.75,1.6,0.8875,2,mexh,0.2,,,2,2.0,0.9970457317046084,0.7369188189172597,,0.0,0.8499877348076522,0.9993833018210078,0.5696969696969698,0.13926244594974588,0.0,0.03337640904335433,0.49132680621780134,0.49132680621780134,0.49132680621780156,,1.0,0.8687854336876418,1.0,,,,,0.25,,1.0,0.5499999999999999,0.6666666666666666,0.7150028275591431,0.7150028275591431,0.7209302325581396,3.038453609354801,0.9377192043115533,2,2.001533692972834,0.9174323014617283,2,0.0,1.0,2.0,2.0,0.95,1,0.08108108108108109,0.14242182297397127,0.9005166963510517,1,1.0,102.0,False,0.6826876080331428,0.6666666666666667,0.4782608695652174,0.6373422257510962,0.6826876080331428,,,,,,0.9976095758668712,0.025090013082018185,,0.0,0.9948707280146526,0.9994409280537317,0.5922743877689083,0.48586590233045857,0.03310688979459402,0.0,0.07588470367884134,0.5887972591682027,0.5887972591682027,0.5887972591682001,,0.0,1.0,0.8799845984180854,1.0,,,,,0.4782608695652174,,1.0,0.1705426356589147,0.1705426356589147,0.7745532226121613,0.7745532226121613,0.24031007751937983,3.0759714230706874,0.9580850775715493,2,1.7484645766764435,0.8487209742805861,979,690.8433252192569,0.6771760162526836,490.5,3.991845056065239,0.723985204388024,294,414.5,414.5,170.41273426595797,2,0.19547276585710918,0.2381070941905428,0.7917369356428607,1,220.75
db30,1.0,periodization,2.876745545584681e-26,314.88277797559135,5896922.220928214,0.6456310679611651,326.6709879266397,206,raw,1.15823023148359e-13,-2.066286031166016e-10,6.402426822929535,63117.308605900645,0.7657000706237131,5.6189438836900665e-06,1.0,327.0000000000001,,,,[],[],13,661.1538461538462,86.99999999999982,940.0,"[8, 32, 51, 63, 81, 100, 111, 133, 152, 162, 175, 192, 204]","[877.9999999999998, 637.9999999999998, 787.0000000000002, 792.0, 940.0, 788.0000000000001, 637.0000000000003, 675.0, 770.9999999999998, 196.00000000000017, 833.9999999999997, 571.9999999999995, 86.99999999999982]","[0, 13, 42, 42, 76, 99, 107, 107, 107, 161, 164, 187, 203]","[76, 42, 61, 76, 205, 164, 119, 142, 164, 164, 205, 205, 205]",37754613.0,940.9999999999999,-940.9999999999999,0.0,,,,DWT,mdp.39015067403892,0.0,,0.0,33.0,19.0,0.0,28.5,,1.1368683772161603e-13,256.3413461538462,4359.0,256.3413461538461,,0.0,256.3413461538462,,,83.99999999999982,0.0,28.5,0.0,1.1368683772161603e-13,,1.1368683772161603e-13,1.2799655466663377e-13,1.956087887283296e-26,0.9480660284268626,0.8155020408850471,0.0001811432665194171,0.6636615811373097,0.00043539500072065546,0.9999999997235149,0.4742280246113857,6.6959667625959335e-09,6.6959667625959335e-09,6.081912306383589e-09,,5.718550876340534e-12,0.9999999933040264,0.0,,,,,,0.0,1.0,1.0,1.4238426238064856e-13,1.4238426238064856e-13,0.8422684098804987,0.27536483381730015,152,1.6423199994765574,0.7888118574728585,215,0,0.2895190031162718,0.3459225095700666,151,0.0,0.4284807735550128,0.7782696372303957,201,33.11973228555247,0.9652832994910352,179.75,175.2253204274483,0.8884330543576769,15,db,0.540986235965534,0.9305070477545101,0.3421575204977732,3,12.0,1.2799655466663377e-13,0.0001547883299646835,1.956087887283296e-26,0.9480660284268625,0.8155020408850472,0.0012144355102505955,0.7472151251916201,0.002800065553578875,0.9999999997235148,0.9919828214561983,0.9855281704452468,0.9855281704452468,0.9855281704451335,,1.2251610931599486e-12,0.9999999999667601,0.0,,,,,1.0,,0.0,1.0,0.75,1.4238426238064856e-13,1.4238426238064856e-13,0.0,2.259570199821597,0.6447065287088276,151,1.6772503679402797,0.7753679436316258,942,559.3214639185591,0.7068545786590361,546.5,260.27813357731014,0.71021450106956,306,0.49117026184683504,0.8233619396015222,0.4091722348267588,4,230.5,,,,,,,,,,,,,8.594172549268363e-19,0.03641360043841644,1.956087887283296e-26,0.962329165181825,0.25210089013981085,0.0015454142113076083,0.5652820998511706,1.0,0.002800065553578875,0.9999999999999541,0.0008499884728391196,0.0007982210227401261,0.0007982210227401261,0.0007982210227337863,,0.0,9.572760819061336e-19,0.020163910573049823,0.0,,,,,0.4782608695652174,,0.0,1.0,0.9302325581395349,4.770970844811595e-19,4.770970844811595e-19,0.9302325581395349,0.5814294660167882,0.18110015290550946,124,1.7423775975780607,0.8457662979893311,1002,620.8397538817887,0.7098879654757997,563.0,220.68916518650087,0.7234019266631335,295,1009.0473684210526,935.5,610.6543869996938,760,0.4758535102197843,0.8532293215616218,0.41093374637766444,5,222.5
db28,1.0,reflect,1.5637045946290577e-26,317.5302453460122,7280365.907938255,0.6192307692307693,291.73650671321354,206,raw,8.905066543925432e-14,-2.026347978301175e-10,6.712274985895514,58927.736345295954,0.7800019269944581,5.618943883690066e-06,1.0,327.0000000000001,,,,[],[],13,661.1538461538462,86.99999999999989,939.9999999999998,"[8, 32, 51, 63, 81, 100, 111, 133, 152, 162, 175, 192, 204]","[878.0000000000002, 638.0, 787.0, 791.9999999999998, 939.9999999999998, 788.0, 637.0, 675.0000000000001, 771.0, 195.99999999999994, 834.0, 572.0, 86.99999999999989]","[0, 13, 39, 39, 76, 99, 107, 107, 107, 161, 99, 187, 203]","[76, 39, 61, 76, 205, 164, 119, 142, 164, 164, 205, 205, 205]",37754613.0,940.9999999999998,-940.9999999999998,0.0,,,,DWT,mdp.39015067403892,0.0,,0.0,33.0,19.0,0.0,28.5,,2.2737367544323206e-13,256.3413461538462,4359.0,256.3413461538461,,0.0,256.3413461538462,,,83.99999999999989,0.0,19.5,2.2737367544323206e-13,2.2737367544323206e-13,,1.1368683772161603e-13,9.41692162312475e-14,1.0268931659687055e-26,0.9578357823809804,0.9225390377642155,0.0017380466463396448,0.4656593406593408,9.61946744327145e-05,0.9999999997235751,0.47422802461146824,6.6959667625959335e-09,6.6959667625959335e-09,6.081912306383589e-09,,5.718550876340534e-12,0.9999999933040264,2.7225927463116073e-13,,,,,,0.0,1.0,0.0,2.847685247612971e-13,2.847685247612971e-13,0.7422684098807167,0.24267159368310487,743,1.6231422256568335,0.7796007077616255,283,0,0.2061856697829917,0.24635434483059981,743,0.0,0.41848355023112227,0.7601112136795742,288,264.14563533525717,0.7231177826674453,514.25,412.4739902700844,0.592035830537077,562,db,0.540986235965534,0.9305070477545101,0.3421575204977732,3,422.25,9.41692162312475e-14,0.0001547883299646835,1.0268931659687055e-26,0.9578357823809804,0.9225390377642156,0.0027697298624196915,0.5984008097165994,0.00246166767369518,0.999999999723575,0.9919828214561996,0.9855281704452468,0.9855281704452468,0.9855281704451335,,1.2251610931599486e-12,0.9999999999667601,1.5171946557926922e-13,,,,,1.0,,0.0,1.0,0.25,2.847685247612971e-13,2.847685247612971e-13,0.0,2.20957019982173,0.6304403968409614,739,1.6777472805864715,0.7755976589704964,940,142.12846301849606,0.9255091912900963,839.5,827.4687313877307,0.7427598367351949,231,0.49117026184683504,0.8233619396015222,0.4091722348267588,4,174.25,,,,,,,,,,,,,6.322877168284238e-19,0.03641360043841643,1.0268931659687055e-26,0.9694157556402784,0.28518985968039623,0.001909107471750636,0.4527013103254479,1.0,0.00246166767369518,0.9999999999999541,0.0008499884728391206,0.0007982210227401261,0.0007982210227401261,0.0007982210227337863,,0.0,9.572760819061336e-19,0.020163910573049823,1.4108257588933865e-18,,,,,0.4782608695652174,,0.0,1.0,0.7906976744186046,9.54194168962319e-19,9.54194168962319e-19,0.9302325581395349,0.5674759776446953,0.17675400427451057,972,1.718188208291404,0.8340245433570194,1148,124.45079348883236,0.9418454236033493,1060.0,1052.6943396226416,0.7232591603998055,296,1009.0473684210526,935.5,610.6543869996938,760,0.4758535102197843,0.8532293215616218,0.41093374637766444,5,223.25
db18,1.0,periodic,1.0141304761459207e-26,319.4108541274001,6531115.844366298,0.6208333333333333,296.2818703657277,206,raw,6.390573076114204e-14,-2.0730772654076454e-10,6.618542587539306,62272.091474346715,0.7354538259880686,5.618943883690066e-06,0.9999999999999999,327.0,,,,[],[],13,661.1538461538462,86.99999999999997,940.0,"[8, 32, 51, 63, 81, 100, 111, 133, 152, 162, 175, 192, 204]","[878.0, 638.0000000000001, 787.0000000000002, 792.0000000000003, 940.0, 788.0, 636.9999999999999, 674.9999999999999, 771.0000000000002, 196.0, 834.0, 572.0, 86.99999999999997]","[0, 13, 39, 39, 76, 99, 107, 107, 107, 161, 99, 187, 203]","[76, 39, 61, 76, 205, 164, 119, 142, 164, 164, 205, 205, 205]",37754613.0,941.0,-941.0,0.0,,,,DWT,mdp.39015067403892,0.0,,0.0,33.0,19.0,0.0,28.5,,0.0,256.3413461538462,4359.0,256.3413461538462,,0.0,256.3413461538462,,,83.99999999999997,0.0,19.5,0.0,0.0,,0.0,6.239815502945728e-14,6.379781290888624e-27,0.9647756545332832,0.8901591961853837,0.0008948537016186261,0.4776785714285715,0.0003669636886501791,0.9999999997235047,0.47422802461156727,6.6959667625959335e-09,6.6959667625959335e-09,6.082000342865356e-09,,0.0,0.9999999933040264,0.0,,,,,,0.0,1.0,0.0,0.0,0.0,0.7422684098776635,0.2426715936821067,926,1.6156106315997802,0.7759832576302447,301,0,0.2061856697824606,0.24635434482996527,929,0.0,0.4167344049076343,0.7569341593509056,319,356.59161983049086,0.6262142349785211,618.75,464.39294676264643,0.48881466465907186,912,db,0.540986235965534,0.9305070477545101,0.3421575204977732,3,684.75,6.239815502945728e-14,0.0001547883299646835,6.379781290888624e-27,0.9647756545332832,0.8901591961853839,0.0019274083402807548,0.607434210526316,0.0027317961295021684,0.9999999997235046,0.9919828214562011,0.9855281704452468,0.9855281704452468,0.9855281704451347,,0.0,0.9999999999667601,0.0,,,,,1.0,,0.0,1.0,0.25,0.0,0.0,0.0,2.2095701998209285,0.6304403968407327,943,1.6690215340335395,0.7715638758867542,989,32.526911934581186,0.9829523522355444,966.0,965.4523809523807,0.738331522029722,242,0.49117026184683504,0.8233619396015222,0.4091722348267588,4,182.5,,,,,,,,,,,,,4.1896480141660104e-19,0.03641360043841643,6.379781290888624e-27,0.9744496625337745,0.2751800908811049,0.0017121372581696526,0.4595352455689353,0.9999999999999999,0.0027317961295021684,0.9999999999999541,0.0008499884728391218,0.0007982210227401261,0.0007982210227401261,0.0007982210227337874,,0.0,0.0,0.020163910573049823,0.0,,,,,0.4782608695652174,,0.0,1.0,0.7906976744186046,0.0,0.0,0.9302325581395349,0.5674759776446953,0.17675400427451057,939,1.7189468084007835,0.8343927749085821,1143,144.2497833620557,0.9325935591766095,1041.0,1031.0057636887607,0.7230724805228842,297,1009.0473684210526,935.5,610.6543869996938,760,0.4758535102197843,0.8532293215616218,0.41093374637766444,5,224.0
coif9,1.0,antisymmetric,2.1562800571748535e-26,316.1347408060565,7221395.461437691,0.6201550387596899,303.1404146530725,206,raw,1.0049350779791518e-13,-2.1080637235826603e-10,6.7074556536231436,149407.8815770138,0.9003418715494435,5.6189438836900665e-06,0.9999999999999999,327.00000000000006,,,,[],[],13,661.1538461538462,86.99999999999997,939.9999999999999,"[8, 32, 51, 63, 81, 100, 111, 133, 152, 162, 175, 192, 204]","[878.0000000000007, 638.0000000000001, 787.0, 792.0000000000002, 939.9999999999999, 787.9999999999999, 637.0000000000002, 674.9999999999998, 770.9999999999998, 195.99999999999994, 834.0000000000001, 572.0, 86.99999999999997]","[0, 13, 39, 39, 76, 99, 107, 107, 107, 161, 99, 187, 203]","[76, 39, 61, 76, 205, 164, 119, 142, 164, 164, 205, 205, 205]",37754613.0,940.9999999999999,-940.9999999999999,0.0,,,,DWT,mdp.39015067403892,0.0,,0.0,33.0,19.0,0.0,28.5,,1.1368683772161603e-13,256.3413461538462,4359.0,256.3413461538462,,0.0,256.3413461538462,,,83.99999999999997,0.0,19.5,1.1368683772161603e-13,1.1368683772161603e-13,,5.684341886080802e-14,1.0862744607170556e-13,1.4462388012875194e-26,0.9526860547017857,0.9208742002242426,0.0016716823350718239,0.47259136212624575,0.007421738399688639,0.999999999723452,0.47422802461156727,6.6959667625959335e-09,6.6959667625959335e-09,6.082000342865356e-09,,2.859275438170267e-12,0.9999999933040264,1.3612963731558036e-13,,,,,,0.0,1.0,0.0,1.4238426238064856e-13,1.4238426238064856e-13,0.742268409879218,0.2426715936826149,817,1.624889814200516,0.7804400804573728,269,0,0.2061856697827339,0.24635434483029178,816,0.0,0.4194056296888244,0.7617860296557718,283,312.1104238353257,0.6728402265877089,546.25,412.3489680228952,0.550125564027607,702,coif,0.5507900112560971,0.8749445204262634,0.351963635992853,2,527.0,1.0862744607170554e-13,0.0001547883299646835,1.4462388012875194e-26,0.9526860547017857,0.9208742002242427,0.002703434137303884,0.6036107711138311,0.009769881356006257,0.9999999997234519,0.9919828214562011,0.9855281704452468,0.9855281704452468,0.9855281704451347,,6.125805465799743e-13,0.9999999999667601,7.585973278963461e-14,,,,,1.0,,0.0,1.0,0.25,1.4238426238064856e-13,1.4238426238064856e-13,0.0,2.20957019982133,0.6304403968408472,824,1.6787991473781825,0.7760839213716576,932,76.36753236814714,0.9599750878573652,878.0,874.6788154897495,0.7499036864863345,217,0.4784248188775415,0.776734912893196,0.43208215291776214,2,163.25,,,,,,,,,,,,,7.293657376622677e-19,0.03641360043841644,1.4462388012875194e-26,0.9656803482588434,0.28467519876635383,0.0018936047417451062,0.45664274274494754,0.9999999999999999,0.009769881356006257,0.9999999999999541,0.0008499884728391218,0.0007982210227401261,0.0007982210227401261,0.0007982210227337874,,0.0,4.786380409530668e-19,0.020163910573049823,7.054128794466933e-19,,,,,0.4782608695652174,,0.0,1.0,0.7906976744186046,4.770970844811595e-19,4.770970844811595e-19,0.9302325581395349,0.5674759776446953,0.17675400427451057,901,1.7201817404812434,0.8349922224309851,1137,166.87720036002523,0.922019999831764,1019.0,1005.3356231599607,0.7229258877663493,298,986.6382352941176,846.0,585.0035688138154,340,0.4652856568234462,0.8173890317607586,0.42908333069536003,4,224.5
coif3,1.0,periodization,8.441783950772613e-27,320.2074501372316,5956191.558818835,0.6310679611650486,286.0256630768017,206,raw,6.190227872447476e-14,-2.1305091024715055e-10,6.338717052190825,63117.30860590066,0.7537721628010878,5.618943883690064e-06,0.9999999999999998,327.0000000000001,,,,[],[],13,661.1538461538463,86.99999999999997,940.0000000000002,"[8, 32, 51, 63, 81, 100, 111, 133, 152, 162, 175, 192, 204]","[878.0000000000002, 638.0000000000001, 787.0000000000003, 792.0, 940.0000000000002, 788.0000000000001, 637.0000000000001, 674.9999999999999, 771.0000000000001, 196.00000000000006, 834.0, 572.0, 86.99999999999997]","[0, 13, 39, 39, 76, 99, 107, 107, 107, 161, 99, 187, 203]","[76, 39, 61, 76, 205, 164, 119, 142, 164, 164, 205, 205, 205]",37754613.0,941.0000000000002,-941.0000000000002,0.0,,,,DWT,mdp.39015067403892,0.0,,0.0,33.0,19.0,0.0,28.5,,2.2737367544323206e-13,256.3413461538463,4358.999999999998,256.34134615384625,,0.0,256.3413461538463,,,83.99999999999997,0.0,19.5,2.2737367544323206e-13,2.2737367544323206e-13,,1.1368683772161603e-13,5.986675862351578e-14,5.17708782964893e-27,0.9677152741500676,0.7934935110733644,0.00024784394494099246,0.5544382801664359,0.00043539500072065665,0.9999999997234181,0.47422802461156727,6.696054799077647e-09,6.696054799077647e-09,6.082044361106239e-09,,5.718550876340534e-12,0.9999999933039181,2.7225927463116073e-13,,,,,,0.0,1.0,0.0,2.847685247612971e-13,2.847685247612971e-13,0.7422684098807847,0.2426715936831271,728,1.5994493119554412,0.768220921074685,354,0,0.2061856697830166,0.2463543448306296,726,0.0,0.41454128800737594,0.7529506987157721,340,219.46905628508696,0.7699485783175188,537.0,469.6449633529505,0.6035277482782563,526,coif,0.5507900112560971,0.8749445204262634,0.351963635992853,2,395.0,5.986675862351578e-14,0.0001547883299646835,5.1770878296489294e-27,0.9677152741500676,0.7934935110733644,0.001281067254891616,0.6651251916198266,0.0028000655535788763,0.999999999723418,0.9919828214562011,0.9855281704452481,0.9855281704452481,0.9855281704451354,,1.2251610931599486e-12,0.9999999999667596,1.5171946557926922e-13,,,,,1.0,,0.0,1.0,0.25,2.847685247612971e-13,2.847685247612971e-13,0.0,2.209570199821732,0.6304403968409619,729,1.6452329929119054,0.7605667865052037,1123,278.6000717874997,0.8539831908870547,926.0,884.0896328293736,0.684329121648978,443,0.4784248188775415,0.776734912893196,0.43208215291776214,2,332.75,,,,,,,,,,,,,4.0196804899625625e-19,0.036413600438416426,5.1770878296489294e-27,0.9765819455396333,0.2452972652829408,0.0015609955168165639,0.5031795426870521,0.9999999999999998,0.0028000655535788763,0.9999999999999541,0.0008499884728391218,0.0007982210227401272,0.0007982210227401272,0.0007982210227337879,,0.0,9.572760819061336e-19,0.020163910573049813,1.4108257588933865e-18,,,,,0.4782608695652174,,0.0,1.0,0.7906976744186046,9.54194168962319e-19,9.54194168962319e-19,0.9302325581395349,0.5674759776446953,0.17675400427451057,789,1.7226942211514176,0.836211803925913,1118,232.63813101037414,0.8912905929858065,953.5,925.1200839014159,0.7228649226611275,299,986.6382352941176,846.0,585.0035688138154,340,0.4652856568234462,0.8173890317607586,0.42908333069536003,4,225.25
db24,1.0,smooth,8.284709132755945e-27,320.2890198144455,242292221.27056083,0.6111111111111112,316.7236456591256,206,raw,6.185343499523299e-14,-2.0584656201805555e-10,4.117552985747923,3785557.631725019,0.996735461858034,5.618943883690066e-06,1.0,326.99999999999994,,,,[],[],13,661.1538461538462,87.00000000000006,939.9999999999999,"[8, 32, 51, 63, 81, 100, 111, 133, 152, 162, 175, 192, 204]","[878.0, 638.0000000000002, 787.0, 792.0, 939.9999999999999, 788.0, 636.9999999999999, 674.9999999999999, 770.9999999999998, 196.0, 834.0, 571.9999999999998, 87.00000000000006]","[0, 13, 39, 39, 76, 99, 107, 107, 107, 161, 99, 187, 203]","[76, 39, 61, 76, 205, 164, 119, 142, 164, 164, 205, 205, 205]",37754613.0,941.0,-941.0,0.0,,,,DWT,mdp.39015067403892,0.0,,0.0,33.0,19.0,0.0,28.5,,0.0,256.3413461538462,4359.0,256.34134615384613,,0.0,256.3413461538462,,,84.00000000000006,0.0,19.5,1.1368683772161603e-13,0.0,,5.684341886080802e-14,5.980504372423569e-14,5.06593128754237e-27,0.9680162847254576,0.026192750041986956,0.2662162869588663,0.4047619047619051,0.3018153196441857,0.9999999997235267,0.47422802461166635,6.6959667625959335e-09,6.6959667625959335e-09,6.0819563246244724e-09,,2.859275438170267e-12,0.9999999933040264,1.3612963731558036e-13,,,,,,0.0,1.0,0.0,0.0,0.0,0.7422684098791777,0.24267159368260174,837,1.4096451789875664,0.6770573532376413,784,0,0.2061856697827148,0.24635434483026897,837,0.0,0.37087531823199854,0.6736381587984281,740,46.87927758260217,0.9508602960350082,799.5,797.3928736224849,0.5564049907847997,684,db,0.540986235965534,0.9305070477545101,0.3421575204977732,3,513.75,5.980504372423569e-14,0.0001547883299646835,5.065931287542369e-27,0.9680162847254576,0.026192750041986956,0.26697463734819465,0.5526315789473688,0.3034670155384149,0.9999999997235266,0.9919828214562026,0.9855281704452468,0.9855281704452468,0.9855281704451341,,6.125805465799743e-13,0.9999999999667601,7.585973278963461e-14,,,,,1.0,,0.0,1.0,0.25,0.0,0.0,0.0,2.2095701998212736,0.6304403968408311,840,1.4698793387130968,0.6795033955748507,1623,553.6646096690667,0.709819386965898,1231.5,1107.0401948842873,0.5321895676967854,1323,0.49117026184683504,0.8233619396015222,0.4091722348267588,4,993.25,,,,,,,,,,,,,4.0155367183223396e-19,0.03641360043841643,5.065931287542369e-27,0.9768002866239094,0.008097117198662185,0.06369133158549375,0.41807603842511193,1.0,0.30346701553841493,0.9999999999999541,0.0008499884728391229,0.0007982210227401261,0.0007982210227401261,0.0007982210227337869,,0.0,4.786380409530668e-19,0.020163910573049823,7.054128794466933e-19,,,,,0.4782608695652174,,0.0,1.0,0.7906976744186046,0.0,0.0,0.9302325581395349,0.5674759776446953,0.17675400427451057,839,1.7215156980833408,0.8356397378629838,1127,203.64675298172568,0.9048379658963899,983.0,961.9053916581893,0.7227460857519332,300,1009.0473684210526,935.5,610.6543869996938,760,0.4758535102197843,0.8532293215616218,0.41093374637766444,5,226.25
db11,1.0,periodic,6.0357203038770215e-27,319.4401076794295,5297818.353025223,0.5353982300884956,93.54125911401819,206,smoothed,5.330795136491433e-14,-2.068562432455683e-10,6.326978701308629,32313.52837618479,0.9826409743311061,0.00014966566451320274,0.9999999999999999,362.4000000000001,,,,[],[],11,426.6,32.19999999999999,728.4000000000002,"[9, 31, 53, 64, 80, 102, 131, 148, 158, 175, 192]","[311.0000000000001, 417.79999999999984, 589.6, 432.2, 728.4000000000002, 371.0, 586.9999999999998, 32.19999999999999, 448.2000000000001, 368.0, 407.2000000000003]","[1, 1, 1, 60, 1, 94, 120, 144, 144, 165, 186]","[20, 40, 75, 75, 203, 120, 203, 149, 203, 186, 203]",30736475.839999996,728.4000000000002,-728.4000000000002,0.0,,,,DWT,mdp.39015067403892,0.0,,0.0,33.0,11.0,0.0,33.0,,2.2737367544323206e-13,168.4000000000001,987.7999999999984,168.40000000000003,,0.0,168.4000000000001,,,28.0,0.0,33.0,2.2737367544323206e-13,2.2737367544323206e-13,,1.1368683772161603e-13,6.82731815347556e-14,1.2876248321250535e-26,0.9784592900321153,0.2778697925145846,0.2064852183109593,0.15335922174320876,0.03203306011241608,,0.999999664709775,4.4059791007223055e-09,4.4059791007223055e-09,3.6787269888316428e-09,,1.2251610931599486e-12,0.9999999955939887,1.5171946557926922e-13,,,,,,0.0,1.0,1.0,3.4954031196328703e-13,3.4954031196328703e-13,0.9999999009579607,0.37592186795407434,203,0.9034099921743114,0.4586322207427535,259,0,0.33333330606637707,0.474267717975254,204,0.0,0.23545808324476464,0.4154117849470602,290,42.90299134870046,0.9550283109552407,239.0,233.40833098489637,0.8522521009702828,75,db,0.573477938514061,0.8443824841957417,0.34525069778143475,3,57.0,4.900767690291401e-14,0.9999999999705138,3.474397873014153e-27,0.9648836067629515,0.7894384996938647,0.0005409112671887106,0.12585002328830977,0.00031199916547589935,0.9999999997235114,2.0315811923354854e-05,4.745454029730922e-11,4.745454029730922e-11,3.962169481397382e-11,,1.2251610931599486e-12,0.0031261328403480726,1.5171946557926922e-13,,,,,0.0,,0.0,1.0,1.0,2.847685247612971e-13,2.847685247612971e-13,1.0,0.40156916120491265,0.11457677215665867,1036,1.7243846784003853,0.7971574355730268,498,380.42344827836257,0.8006166413635416,767.0,672.6571056062583,0.6993125135538882,340,0.49117026184683504,0.8233619396015222,0.4091722348267588,4,256.0,,,,,,,,,,,,,3.2905606923514353e-19,0.9999999999715831,3.474397873014153e-27,0.9745279667822059,0.24404371602487945,0.001387915903926134,0.0952078765971055,0.9999999999999999,0.0003119991654758998,0.9999999999999541,9.960751159770423e-05,3.8435400695480126e-14,3.8435400695480126e-14,3.20911916831812e-14,,0.0,9.572760819061336e-19,0.00456704015061846,1.4108257588933865e-18,,,,,0.13043478260869565,,0.0,1.0,1.0,9.54194168962319e-19,9.54194168962319e-19,1.0,0.4544873153722995,0.14156097535167125,1040,1.8456405463302155,0.8958910941339621,318,510.5310960166873,0.7614340672819219,679.0,487.06921944035344,0.7220721738278768,301,1009.0473684210526,935.5,610.6543869996938,760,0.4758535102197843,0.8532293215616218,0.41093374637766444,5,227.0
db36,1.0,reflect,2.1591191905492752e-26,316.12902629360923,7732890.723013349,0.6195652173913043,303.57239769487205,206,raw,1.0308905832538833e-13,-2.0156321056674888e-10,6.839005521223204,58996.890120598444,0.776327689542862,5.618943883690066e-06,1.0,326.9999999999999,,,,[],[],13,661.1538461538462,87.0,940.0,"[8, 32, 51, 63, 81, 100, 111, 133, 152, 162, 175, 192, 204]","[877.9999999999995, 638.0000000000003, 786.9999999999997, 792.0000000000005, 940.0, 788.0000000000001, 637.0, 675.0000000000002, 770.9999999999998, 196.00000000000028, 834.0000000000002, 571.9999999999998, 87.0]","[0, 13, 39, 39, 76, 99, 107, 107, 107, 161, 99, 187, 203]","[76, 39, 61, 76, 205, 164, 119, 142, 164, 164, 205, 205, 205]",37754613.0,941.0,-941.0,0.0,,,,DWT,mdp.39015067403892,0.0,,0.0,33.0,19.0,0.0,28.5,,0.0,256.3413461538462,4359.0,256.3413461538462,,0.0,256.3413461538462,,,84.0,0.0,19.5,0.0,0.0,,1.1368683772161603e-13,1.1190696919301514e-13,1.4482479600595292e-26,0.9526649668571529,0.9663180803266035,0.0022473101752120157,0.4681677018633538,0.00010179357133376999,0.9999999997235913,0.4742280246116003,6.6959667625959335e-09,6.6959667625959335e-09,6.082000342865356e-09,,5.718550876340534e-12,0.9999999933040264,0.0,,,,,,0.0,1.0,0.0,0.0,0.0,0.7422684098805327,0.2426715936830447,791,1.6431894734285446,0.7892294687564756,213,0,0.2061856697829399,0.24635434483053792,792,0.0,0.4236874815646699,0.7695633571620683,230,329.1630801492375,0.6549653247911557,506.5,345.7363203412737,0.5620214464626638,668,db,0.540986235965534,0.9305070477545101,0.3421575204977732,3,501.75,1.1190696919301514e-13,0.0001547883299646835,1.4482479600595292e-26,0.9526649668571529,0.9663180803266036,0.0032784670778995364,0.6002860411899313,0.0024672533252826615,0.9999999997235912,0.9919828214562016,0.9855281704452468,0.9855281704452468,0.9855281704451347,,1.2251610931599486e-12,0.9999999999667601,0.0,,,,,1.0,,0.0,1.0,0.25,0.0,0.0,0.0,2.209570199821542,0.6304403968409077,792,1.6975450080110883,0.7847498544299348,763,20.506096654409877,0.9892525698876259,777.5,777.2295819935691,0.7908789054888863,140,0.49117026184683504,0.8233619396015222,0.4091722348267588,4,106.0,,,,,,,,,,,,,7.513856956660256e-19,0.03641360043841643,1.4482479600595292e-26,0.9656650519761258,0.29872352979539524,0.0020280716384683557,0.4541275228980016,1.0,0.0024672533252826615,0.9999999999999541,0.0008499884728391221,0.0007982210227401261,0.0007982210227401261,0.0007982210227337874,,0.0,9.572760819061336e-19,0.020163910573049823,0.0,,,,,0.4782608695652174,,0.0,1.0,0.7906976744186046,0.0,0.0,0.9302325581395349,0.5674759776446953,0.17675400427451057,755,1.7233368225234276,0.8365237286110347,1115,254.55844122715712,0.8810474573704873,935.0,900.3475935828877,0.72206578476001,302,1009.0473684210526,935.5,610.6543869996938,760,0.4758535102197843,0.8532293215616218,0.41093374637766444,5,227.75
coif13,1.0,antireflect,2.2390854712288298e-26,313.7466920229489,6468465.666529522,0.5141843971631206,96.93365016565544,206,smoothed,1.0258083487285358e-13,-2.190852832484329e-10,6.6950765244638415,131239.2868922827,0.9958343644257934,0.00014966566451320265,0.9999999999999999,362.4000000000001,,,,[],[],11,426.60000000000014,32.2000000000001,728.4000000000001,"[9, 31, 53, 64, 80, 102, 131, 148, 158, 175, 192]","[311.0000000000001, 417.80000000000007, 589.6000000000001, 432.19999999999993, 728.4000000000001, 371.00000000000006, 586.9999999999998, 32.2000000000001, 448.20000000000016, 368.0000000000001, 407.20000000000033]","[1, 1, 1, 60, 1, 94, 120, 144, 144, 165, 186]","[20, 40, 75, 75, 203, 120, 203, 149, 203, 186, 203]",30736475.84000002,728.4000000000001,-728.4000000000001,0.0,,,,DWT,mdp.39015067403892,2.2351741790771484e-08,,0.0,33.0,11.0,0.0,33.0,,1.1368683772161603e-13,168.4000000000002,987.7999999999975,168.4000000000001,,0.0,168.4000000000002,,,28.000000000000114,0.0,33.0,1.1368683772161603e-13,1.1368683772161603e-13,,1.1368683772161603e-13,1.7651880483204717e-13,6.074117900540396e-26,0.9568276531986583,0.8088155877568662,0.7088742175473497,0.007641755950604595,0.8524079014800191,,0.9999996648089,4.406097391567225e-09,4.406097391567225e-09,3.6787861342541454e-09,,1.2251610931599486e-12,0.9999999955939026,7.585973278963461e-14,,,,,,4.768017427492125e-13,1.0,1.0,1.7477015598164352e-13,1.7477015598164352e-13,0.9999999009878743,0.3759218679653195,80,1.6769613575436053,0.8513393898366449,22,0,0.3333333060746592,0.47426771798703793,80,0.0,0.47636673084766784,0.8404398406026077,24,32.91909273759936,0.9654936134826002,51.5,35.67567567567568,0.955755192485535,9,coif,0.5556920286951962,0.9053407607371553,0.33941335169221604,4,7.75,1.1126482004363907e-13,0.9999999999705131,1.5048373953216396e-26,0.9438736140643458,0.9165978320944225,0.0018569757894896799,0.006270996640537874,0.008302377386784398,0.9999999997233271,2.0315811925353255e-05,4.745570603148508e-11,4.745570603148508e-11,3.962224992548613e-11,,1.2251610931599486e-12,0.003126132840347795,7.585973278963461e-14,,,,,0.0,,2.2123626341813917e-13,1.0,1.0,1.4238426238064856e-13,1.4238426238064856e-13,1.0,0.4015691612049297,0.11457677215666352,1034,1.7313809218720106,0.8003916950595231,433,424.9711754931151,0.7772687759470047,733.5,610.3912747102931,0.6964174068414268,353,0.4784248188775415,0.776734912893196,0.43208215291776214,2,265.25,,,,,,,,,,,,,7.470740635236783e-19,0.9999999999715825,1.5048373953216396e-26,0.9592881547573228,0.28335322020830733,0.001695667164259262,0.004744125258724974,0.9999999999999999,0.008302377386784398,0.9999999999999541,9.960751159770586e-05,3.843648489765261e-14,3.843648489765261e-14,3.209173378426744e-14,,0.0,9.572760819061336e-19,0.004567040150618456,7.054128794466933e-19,,,,,0.13043478260869565,,6.99986505131533e-21,1.0,1.0,4.770970844811595e-19,4.770970844811595e-19,1.0,0.4544873153722995,0.14156097535167125,1099,1.8233159375903372,0.8850545213300918,661,309.7127701597078,0.8552744064674263,880.0,825.4988636363637,0.7220297265981991,303,986.6382352941176,846.0,585.0035688138154,340,0.4652856568234462,0.8173890317607586,0.42908333069536003,4,228.25
db1,1.0,constant,4.689601928132895e-27,320.53603894590907,4916497.513525565,0.5339805825242718,153.37455796706374,206,smoothed,5.1583333074234454e-14,-2.1415171858052476e-10,6.251701695249963,31688.2373984353,0.9479708511035823,0.0001496656645132027,0.9999999999999999,362.4000000000001,,,,[],[],11,426.60000000000014,32.19999999999999,728.4,"[9, 31, 53, 64, 80, 102, 131, 148, 158, 175, 192]","[311.0000000000001, 417.80000000000007, 589.6, 432.20000000000005, 728.4, 371.00000000000017, 587.0, 32.19999999999999, 448.2000000000001, 368.0000000000001, 407.2000000000001]","[1, 1, 1, 60, 1, 94, 120, 144, 144, 165, 186]","[20, 40, 75, 75, 203, 120, 203, 149, 203, 186, 203]",30736475.84000001,728.4,-728.4,0.0,,,,DWT,mdp.39015067403892,1.4901161193847656e-08,,0.0,33.0,11.0,0.0,33.0,,0.0,168.4000000000002,987.7999999999975,168.4000000000001,,0.0,168.4000000000002,,,28.0,0.0,33.0,0.0,0.0,,1.1368683772161603e-13,6.448443672150608e-14,8.936698749923184e-27,0.9826231854125504,0.16928993321880254,0.04283952183663018,0.14362142418571724,0.026847626163012936,,0.999999664709775,4.406097391567225e-09,4.406097391567225e-09,3.6787861342541454e-09,,1.2251610931599486e-12,0.9999999955939026,0.0,,,,,,3.1786782849947497e-13,1.0,1.0,0.0,0.0,0.9999999009579496,0.3759218679540702,209,0.763826258914758,0.3877700450761808,608,0,0.3333333060663501,0.47426771797521566,211,0.0,0.19503167011668257,0.3440886508880504,613,231.23923398362427,0.7576108658452576,410.25,312.49795654359866,0.6637897096521885,410,db,0.573477938514061,0.8443824841957417,0.34525069778143475,3,308.25,4.682859177247569e-14,0.9999999999705136,2.5217953756619697e-27,0.9689278412429513,0.7634340703454832,0.00011222294860600292,0.11785896780786931,0.00026149349854409426,0.9999999997234015,2.0315811923354854e-05,4.745570603148508e-11,4.745570603148508e-11,3.962224992548613e-11,,1.2251610931599486e-12,0.003126132840347795,0.0,,,,,0.0,,1.4749084227875944e-13,1.0,1.0,0.0,0.0,1.0,0.40156916120479735,0.11457677215662576,1096,1.7103780357959095,0.7906823726480132,655,311.8340905032675,0.8365649420842414,875.5,819.9657338663621,0.6888537498681164,410,0.49117026184683504,0.8233619396015222,0.4091722348267588,4,308.5,,,,,,,,,,,,,3.144248679037427e-19,0.999999999971583,2.5217953756619697e-27,0.9774614934208818,0.23600481549780045,0.001287670537457888,0.08916249492626177,0.9999999999999999,0.00026149349854409426,0.9999999999999541,9.960751159770423e-05,3.843648489765261e-14,3.843648489765261e-14,3.209173378426744e-14,,0.0,9.572760819061336e-19,0.004567040150618456,0.0,,,,,0.13043478260869565,,4.666576700876887e-21,1.0,1.0,0.0,0.0,1.0,0.4544873153722995,0.14156097535167125,1053,1.840892734431537,0.8935864620618573,392,467.39758236430794,0.7815899147830336,722.5,571.3162629757786,0.7219865461765635,304,1009.0473684210526,935.5,610.6543869996938,760,0.4758535102197843,0.8532293215616218,0.41093374637766444,5,229.25
coif17,1.0,periodic,3.7270644869571763e-26,313.75812339722523,8018961.707629337,0.6176470588235294,290.95996851062006,206,raw,1.3085541280533394e-13,-2.1634405378279367e-10,6.931959260766913,60496.32118396608,0.7443721959931091,5.618943883690064e-06,0.9999999999999999,326.9999999999999,,,,[],[],13,661.1538461538462,86.99999999999989,939.9999999999994,"[8, 32, 51, 63, 81, 100, 111, 133, 152, 162, 175, 192, 204]","[878.0, 638.0, 787.0000000000008, 792.0000000000002, 939.9999999999994, 788.0, 637.0, 674.9999999999998, 771.0000000000003, 196.0000000000001, 834.0000000000006, 571.9999999999999, 86.99999999999989]","[0, 13, 39, 39, 76, 99, 107, 107, 107, 161, 99, 187, 203]","[76, 39, 61, 76, 205, 164, 119, 142, 164, 164, 205, 205, 205]",37754613.00000001,940.9999999999995,-940.9999999999995,0.0,,,,DWT,mdp.39015067403892,7.450580596923828e-09,,0.0,33.0,19.0,0.0,28.5,,4.547473508864641e-13,256.3413461538462,4359.0,256.34134615384625,,0.0,256.3413461538462,,,83.99999999999989,0.0,19.5,5.684341886080801e-13,4.547473508864641e-13,,1.1368683772161603e-13,1.4699023979307148e-13,2.5578298749814674e-26,0.943915798423362,0.9984289343468657,0.002569249468440291,0.4537815126050422,0.0002231920039907515,0.9999999997233685,0.47422802461146824,6.6959667625959335e-09,6.6959667625959335e-09,6.082044361106239e-09,,5.718550876340534e-12,0.9999999933040264,6.806481865779018e-13,,,,,,7.374542113937972e-14,1.0,0.0,5.695370495225942e-13,5.695370495225942e-13,0.7422684098811112,0.24267159368323385,715,1.648450452694675,0.7917563349143286,208,0,0.20618566978309036,0.24635434483071772,716,0.0,0.42486483582140205,0.771701840675987,220,289.5828896879096,0.6964539940378307,464.75,329.2615669091932,0.6046473324486847,521,coif,0.5507900112560971,0.8749445204262634,0.351963635992853,2,391.25,1.4699023979307148e-13,0.0001547883299646835,2.557829874981467e-26,0.943915798423362,0.9984289343468657,0.003600073653483606,0.5894736842105266,0.0025883645655986665,0.9999999997233684,0.9919828214561996,0.9855281704452468,0.9855281704452468,0.9855281704451354,,1.2251610931599486e-12,0.9999999999667601,3.7929866394817307e-13,,,,,1.0,,7.374542113937972e-14,1.0,0.25,5.695370495225942e-13,5.695370495225942e-13,0.0,2.209570199821995,0.630440396841037,705,1.704235238953023,0.7878426488672012,703,1.4142135623730951,0.9992587979232845,704.0,703.9985795454545,0.8151430257960238,124,0.4784248188775415,0.776734912893196,0.43208215291776214,2,93.5,,,,,,,,,,,,,9.86948037101577e-19,0.036413600438416426,2.557829874981467e-26,0.9593187536114499,0.30865014490585174,0.002103276787828642,0.44594777432011923,0.9999999999999999,0.0025883645655986665,0.9999999999999541,0.0008499884728391206,0.0007982210227401261,0.0007982210227401261,0.0007982210227337879,,0.0,9.572760819061336e-19,0.020163910573049823,3.5270643972334666e-18,,,,,0.4782608695652174,,2.3332883504384434e-21,1.0,0.7906976744186046,1.908388337924638e-18,1.908388337924638e-18,0.9302325581395349,0.5674759776446953,0.17675400427451057,838,1.721306498699504,0.8355381905355531,1130,206.47518010647187,0.9035162709782841,984.0,962.3373983739838,0.7218515934330674,305,986.6382352941176,846.0,585.0035688138154,340,0.4652856568234462,0.8173890317607586,0.42908333069536003,4,229.75
rbio1.1,1.0,symmetric,4.689601928132895e-27,320.53603894590907,4916497.513525565,0.5339805825242718,153.37455796706374,206,smoothed,5.1583333074234454e-14,-2.1415171858052476e-10,6.251701695249963,31688.2373984353,0.9479708511035823,0.0001496656645132027,0.9999999999999999,362.4000000000001,,,,[],[],11,426.60000000000014,32.19999999999999,728.4,"[9, 31, 53, 64, 80, 102, 131, 148, 158, 175, 192]","[311.0000000000001, 417.80000000000007, 589.6, 432.20000000000005, 728.4, 371.00000000000017, 587.0, 32.19999999999999, 448.2000000000001, 368.0000000000001, 407.2000000000001]","[1, 1, 1, 60, 1, 94, 120, 144, 144, 165, 186]","[20, 40, 75, 75, 203, 120, 203, 149, 203, 186, 203]",30736475.84000001,728.4,-728.4,0.0,,,,DWT,mdp.39015067403892,1.4901161193847656e-08,,0.0,33.0,11.0,0.0,33.0,,0.0,168.4000000000002,987.7999999999975,168.4000000000001,,0.0,168.4000000000002,,,28.0,0.0,33.0,0.0,0.0,,1.1368683772161603e-13,6.448443672150608e-14,8.936698749923184e-27,0.9826231854125504,0.16928993321880254,0.04283952183663018,0.14362142418571724,0.026847626163012936,,0.999999664709775,4.406097391567225e-09,4.406097391567225e-09,3.6787861342541454e-09,,1.2251610931599486e-12,0.9999999955939026,0.0,,,,,,3.1786782849947497e-13,1.0,1.0,0.0,0.0,0.9999999009579496,0.3759218679540702,217,0.763826258914758,0.3877700450761808,633,0,0.3333333060663501,0.47426771797521566,213,0.0,0.19503167011668257,0.3440886508880504,617,236.80934666238718,0.7517721733098667,420.0,319.90645972124094,0.6557603004914113,432,rbio,0.7685897546424816,0.816051598246696,0.21717169227625407,5,325.25,4.682859177247569e-14,0.9999999999705136,2.5217953756619697e-27,0.9689278412429513,0.7634340703454832,0.00011222294860600292,0.11785896780786931,0.00026149349854409426,0.9999999997234015,2.0315811923354854e-05,4.745570603148508e-11,4.745570603148508e-11,3.962224992548613e-11,,1.2251610931599486e-12,0.003126132840347795,0.0,,,,,0.0,,1.4749084227875944e-13,1.0,1.0,0.0,0.0,1.0,0.40156916120479735,0.11457677215662576,1099,1.7103780357959095,0.7906823726480132,650,317.49094475275984,0.8336001337773795,874.5,816.8667810177244,0.6876334002220231,417,0.3888041033402703,1.0,0.4278371276618108,3,313.5,,,,,,,,,,,,,3.144248679037427e-19,0.999999999971583,2.5217953756619697e-27,0.9774614934208818,0.23600481549780045,0.001287670537457888,0.08916249492626177,0.9999999999999999,0.00026149349854409426,0.9999999999999541,9.960751159770423e-05,3.843648489765261e-14,3.843648489765261e-14,3.209173378426744e-14,,0.0,9.572760819061336e-19,0.004567040150618456,0.0,,,,,0.13043478260869565,,4.666576700876887e-21,1.0,1.0,0.0,0.0,1.0,0.4544873153722995,0.14156097535167125,1057,1.840892734431537,0.8935864620618573,407,459.6194077712559,0.7852245758078243,732.0,587.7035519125683,0.7215842505207346,306,818.67,599.5,715.6978453131971,300,0.38607403914171184,1.0,0.42974817260080167,3,230.25
coif6,1.0,periodization,2.158116438792424e-26,316.1310437399566,6009669.387808268,0.6456310679611651,304.0254856567451,206,raw,9.657870110236118e-14,-2.1815060868846388e-10,6.28231114952717,63117.30860590067,0.7696285837445507,5.618943883690066e-06,0.9999999999999999,327.00000000000006,,,,[],[],13,661.1538461538462,86.99999999999991,940.0,"[8, 32, 51, 63, 81, 100, 111, 133, 152, 162, 175, 192, 204]","[878.0000000000001, 638.0000000000001, 787.0000000000001, 791.9999999999999, 940.0, 787.9999999999999, 636.9999999999999, 675.0, 771.0000000000001, 196.00000000000006, 834.0000000000005, 572.0000000000001, 86.99999999999991]","[0, 13, 42, 42, 76, 99, 107, 107, 107, 161, 99, 187, 203]","[76, 42, 61, 76, 205, 164, 119, 142, 164, 164, 205, 205, 205]",37754613.00000001,941.0,-941.0,0.0,,,,DWT,mdp.39015067403892,7.450580596923828e-09,,0.0,33.0,19.0,0.0,28.5,,0.0,256.3413461538462,4359.0,256.3413461538462,,0.0,256.3413461538462,,,83.99999999999991,0.0,24.0,0.0,0.0,,5.684341886080802e-14,1.0368101989443295e-13,1.4475383465180954e-26,0.9526724116909022,0.7740081012856058,0.0003080269603256239,0.6636615811373097,0.00043539500072065725,0.9999999997233413,0.47422802461150126,6.6959667625959335e-09,6.6959667625959335e-09,6.082000342865356e-09,,2.859275438170267e-12,0.9999999933040264,0.0,,,,,,7.374542113937972e-14,1.0,0.5,0.0,0.0,0.7922684098791103,0.25901821374971296,474,1.624400301482087,0.7802049658409743,273,0,0.24785233644936622,0.29613842720001593,476,0.0,0.42388568947478866,0.7699233714446799,228,130.9131391419517,0.8627744872725873,362.75,326.27721995515304,0.7412666985629184,261,coif,0.5507900112560971,0.8749445204262634,0.351963635992853,2,196.25,1.0368101989443295e-13,0.0001547883299646835,1.4475383465180954e-26,0.9526724116909022,0.7740081012856059,0.0013411880723665137,0.7472151251916201,0.0028000655535788768,0.9999999997233412,0.9919828214562001,0.9855281704452468,0.9855281704452468,0.9855281704451347,,6.125805465799743e-13,0.9999999999667601,0.0,,,,,1.0,,7.374542113937972e-14,1.0,0.5,0.0,0.0,0.0,2.2345701998212717,0.6375734627747827,483,1.659330604379964,0.7670839029852733,1060,408.0006127446379,0.7861632008675902,771.5,663.6163318211277,0.6909065480228935,396,0.4784248188775415,0.776734912893196,0.43208215291776214,2,297.5,,,,,,,,,,,,,6.961535623967563e-19,0.03641360043841643,1.4475383465180954e-26,0.9656704521620528,0.23927362719749626,0.0015750542935988822,0.5652820998511706,0.9999999999999999,0.0028000655535788768,0.9999999999999541,0.000849988472839121,0.0007982210227401261,0.0007982210227401261,0.0007982210227337874,,0.0,4.786380409530668e-19,0.020163910573049823,0.0,,,,,0.4782608695652174,,2.3332883504384434e-21,1.0,0.8604651162790697,0.0,0.0,0.9302325581395349,0.5744527218307418,0.17892707859001003,305,1.7379835583361856,0.8436333904565516,1040,519.7234841721124,0.7571385587980783,672.5,471.6728624535316,0.7214431111747401,307,986.6382352941176,846.0,585.0035688138154,340,0.4652856568234462,0.8173890317607586,0.42908333069536003,4,231.25
db3,1.0,antisymmetric,2.6066415138499032e-27,325.3109793922362,6005553.340204312,0.638095238095238,295.8151331341191,206,raw,2.778360066285245e-14,-2.056255166138527e-10,6.306525775628574,66372.48893020194,0.7877893151275638,5.618943883690066e-06,1.0,327.00000000000006,,,,[],[],13,661.1538461538462,87.0,939.9999999999999,"[8, 32, 51, 63, 81, 100, 111, 133, 152, 162, 175, 192, 204]","[877.9999999999999, 638.0, 787.0000000000001, 792.0, 939.9999999999999, 788.0, 637.0, 675.0, 770.9999999999998, 196.0, 833.9999999999998, 572.0, 87.0]","[0, 13, 42, 42, 76, 99, 107, 107, 107, 161, 164, 187, 203]","[76, 42, 61, 76, 205, 164, 119, 142, 164, 164, 205, 205, 205]",37754613.0,940.9999999999999,-940.9999999999999,0.0,,,,DWT,mdp.39015067403892,0.0,,0.0,33.0,19.0,0.0,28.5,,1.1368683772161603e-13,256.3413461538462,4359.0,256.3413461538461,,0.0,256.3413461538462,,,84.0,0.0,28.5,1.1368683772161603e-13,1.1368683772161603e-13,,5.684341886080802e-14,1.675721697242734e-14,1.047754661051825e-27,0.9865484524834846,0.7823730398853251,0.00030339483219039745,0.6071428571428568,0.0006989441554903884,0.99999999972353,0.4742280246116003,6.6959667625959335e-09,6.6959667625959335e-09,6.081912306383589e-09,,2.859275438170267e-12,0.9999999933040264,1.3612963731558036e-13,,,,,,0.0,1.0,1.0,1.4238426238064856e-13,1.4238426238064856e-13,0.8422684098792016,0.2753648338168761,182,1.6264040092576044,0.781167353471121,258,0,0.28951900311606277,0.3459225095698168,177,0.0,0.4221333360278618,0.7667404900516036,244,41.72429348313362,0.9562638433090842,215.25,209.22085849505388,0.8653174562457371,27,db,0.540986235965534,0.9305070477545101,0.3421575204977732,3,21.0,1.675721697242733e-14,0.0001547883299646835,1.047754661051825e-27,0.9865484524834846,0.7823730398853252,0.001336560731440532,0.7047368421052629,0.003062991229963722,0.9999999997235299,0.9919828214562016,0.9855281704452468,0.9855281704452468,0.9855281704451335,,6.125805465799743e-13,0.9999999999667601,7.585973278963461e-14,,,,,1.0,,0.0,1.0,0.75,1.4238426238064856e-13,1.4238426238064856e-13,0.0,2.2595701998213302,0.6447065287087514,171,1.6669502415209705,0.7706063481098473,1001,586.8986283848344,0.6924011381630847,586.0,292.1006825938567,0.692636627781752,380,0.49117026184683504,0.8233619396015222,0.4091722348267588,4,286.0,,,,,,,,,,,,,1.1251428953041243e-19,0.03641360043841643,1.047754661051825e-27,0.9902427831110535,0.24185952933045163,0.0015739722265893771,0.5331464909059279,1.0,0.0030629912299637214,0.9999999999999541,0.0008499884728391221,0.0007982210227401261,0.0007982210227401261,0.0007982210227337863,,0.0,4.786380409530668e-19,0.020163910573049823,7.054128794466933e-19,,,,,0.4782608695652174,,0.0,1.0,0.9302325581395349,4.770970844811595e-19,4.770970844811595e-19,0.9302325581395349,0.5814294660167882,0.18110015290550946,133,1.7412702936310158,0.8452288023504163,1011,620.8397538817887,0.7098879654757997,572.0,235.07517482517483,0.7212991229248158,308,1009.0473684210526,935.5,610.6543869996938,760,0.4758535102197843,0.8532293215616218,0.41093374637766444,5,232.25
coif8,1.0,periodization,2.5052036279669176e-26,315.4833621489148,6008108.878159966,0.6456310679611651,306.7748739114081,206,raw,1.1131057445189232e-13,-2.2012125455717392e-10,6.283942878805263,63117.30860590066,0.7678277450597331,5.618943883690062e-06,0.9999999999999998,327.00000000000017,,,,[],[],13,661.1538461538462,87.0000000000001,940.0000000000002,"[8, 32, 51, 63, 81, 100, 111, 133, 152, 162, 175, 192, 204]","[877.9999999999999, 638.0000000000003, 787.0, 792.0000000000001, 940.0000000000002, 787.9999999999998, 637.0000000000002, 675.0000000000001, 771.0000000000001, 196.00000000000023, 834.0000000000005, 572.0000000000005, 87.0000000000001]","[0, 13, 39, 39, 76, 99, 107, 107, 107, 161, 164, 187, 203]","[76, 39, 61, 76, 205, 164, 119, 142, 164, 164, 205, 205, 205]",37754613.0,941.0000000000002,-941.0000000000002,0.0,,,,DWT,mdp.39015067403892,0.0,,0.0,33.0,19.0,0.0,28.5,,2.2737367544323206e-13,256.3413461538462,4359.0,256.3413461538463,,0.0,256.3413461538462,,,84.0000000000001,0.0,24.0,2.2737367544323206e-13,2.2737367544323206e-13,,1.7053025658242404e-13,1.2229499745279955e-13,1.6931602243293978e-26,0.9502823199920254,0.7745717818960538,0.0003062707900033365,0.6636615811373097,0.00043539500072065665,0.9999999997233116,0.47422802461171587,6.6959667625959335e-09,6.6959667625959335e-09,6.082088379347123e-09,,8.5778263145108e-12,0.9999999933040264,2.7225927463116073e-13,,,,,,0.0,1.0,0.5,2.847685247612971e-13,2.847685247612971e-13,0.7922684098822735,0.25901821375074713,270,1.6232472086828171,0.7796511314645309,282,0,0.247852336449932,0.29613842720069194,270,0.0,0.42365716856744334,0.7695082982497181,231,22.23173407541571,0.9766962955184322,263.25,261.7370923458113,0.8503764496460086,44,coif,0.5507900112560971,0.8749445204262634,0.351963635992853,2,33.5,1.2229499745279955e-13,0.0001547883299646835,1.6931602243293978e-26,0.9502823199920254,0.7745717818960539,0.001339433717010168,0.7472151251916201,0.0028000655535788763,0.9999999997233114,0.9919828214562034,0.9855281704452468,0.9855281704452468,0.985528170445136,,1.837741639739923e-12,0.9999999999667601,1.5171946557926922e-13,,,,,1.0,,0.0,1.0,0.5,2.847685247612971e-13,2.847685247612971e-13,0.0,2.234570199822038,0.6375734627750014,273,1.6581775124881777,0.7665508457231958,1068,562.1498910433053,0.7053721745056052,670.5,434.84563758389265,0.6769785400829913,475,0.4784248188775415,0.776734912893196,0.43208215291776214,2,356.75,,,,,,,,,,,,,8.211348444175551e-19,0.03641360043841641,1.6931602243293978e-26,0.9639367748240528,0.23944788106385603,0.0015746440514999283,0.5652820998511706,0.9999999999999998,0.0028000655535788763,0.9999999999999541,0.0008499884728391234,0.0007982210227401261,0.0007982210227401261,0.0007982210227337884,,0.0,1.4359141228592004e-18,0.020163910573049823,1.4108257588933865e-18,,,,,0.4782608695652174,,0.0,1.0,0.8604651162790697,9.54194168962319e-19,9.54194168962319e-19,0.9302325581395349,0.5744527218307418,0.17892707859001003,325,1.7370302737455159,0.8431706572463097,1044,508.4097756731277,0.7624253384705011,684.5,495.69028487947406,0.7212827626931945,309,986.6382352941176,846.0,585.0035688138154,340,0.4652856568234462,0.8173890317607586,0.42908333069536003,4,232.75
db3,1.0,constant,2.6098275928457474e-27,325.30567428385524,6001359.73835772,0.638095238095238,295.5603994784634,206,raw,2.788707776029324e-14,-2.055793313360283e-10,6.291393329239476,63872.69449313761,0.7820075639673298,5.618943883690066e-06,1.0,327.00000000000006,,,,[],[],13,661.1538461538462,87.00000000000003,939.9999999999999,"[8, 32, 51, 63, 81, 100, 111, 133, 152, 162, 175, 192, 204]","[877.9999999999999, 638.0, 787.0000000000001, 792.0, 939.9999999999999, 788.0, 637.0, 675.0, 770.9999999999998, 196.0, 833.9999999999998, 572.0, 87.00000000000003]","[0, 13, 42, 42, 76, 99, 107, 107, 107, 161, 164, 187, 203]","[76, 42, 61, 76, 205, 164, 119, 142, 164, 164, 205, 205, 205]",37754613.0,940.9999999999999,-940.9999999999999,0.0,,,,DWT,mdp.39015067403892,0.0,,0.0,33.0,19.0,0.0,28.5,,1.1368683772161603e-13,256.3413461538462,4359.0,256.3413461538461,,0.0,256.3413461538462,,,84.00000000000003,0.0,28.5,1.1368683772161603e-13,1.1368683772161603e-13,,5.684341886080802e-14,1.688796208025364e-14,1.0500093415189306e-27,0.986528875432541,0.7771455387718137,0.0002986754258640802,0.6071428571428568,0.0004965533060286784,0.9999999997235307,0.4742280246116333,6.6959667625959335e-09,6.6959667625959335e-09,6.081912306383589e-09,,2.859275438170267e-12,0.9999999933040264,1.3612963731558036e-13,,,,,,0.0,1.0,1.0,1.4238426238064856e-13,1.4238426238064856e-13,0.8422684098792115,0.2753648338168794,171,1.623695196427335,0.7798663014953354,279,0,0.28951900311606543,0.34592250956981996,171,0.0,0.42145156247533144,0.7655021529122291,255,56.28498911788115,0.9410010596248626,219.0,208.31484049930654,0.8557206555985948,38,db,0.540986235965534,0.9305070477545101,0.3421575204977732,3,29.25,1.6887962080253627e-14,0.0001547883299646835,1.0500093415189306e-27,0.986528875432541,0.7771455387718138,0.0013318462025236767,0.7047368421052629,0.0028610791766493504,0.9999999997235306,0.9919828214562021,0.9855281704452468,0.9855281704452468,0.9855281704451335,,6.125805465799743e-13,0.9999999999667601,7.585973278963461e-14,,,,,1.0,,0.0,1.0,0.75,1.4238426238064856e-13,1.4238426238064856e-13,0.0,2.2595701998213302,0.6447065287087514,172,1.664241622647865,0.7693541938185946,1016,596.7981233214462,0.6872127236260764,594.0,294.1952861952862,0.6879459844545477,415,0.49117026184683504,0.8233619396015222,0.4091722348267588,4,312.25,,,,,,,,,,,,,1.133921616102965e-19,0.03641360043841643,1.0500093415189306e-27,0.9902285826979138,0.24024352149987302,0.001572869771359065,0.5331464909059279,1.0,0.0028610791766493504,0.9999999999999541,0.0008499884728391225,0.0007982210227401261,0.0007982210227401261,0.0007982210227337863,,0.0,4.786380409530668e-19,0.020163910573049823,7.054128794466933e-19,,,,,0.4782608695652174,,0.0,1.0,0.9302325581395349,4.770970844811595e-19,4.770970844811595e-19,0.9302325581395349,0.5814294660167882,0.18110015290550946,128,1.7403724534189018,0.844792982357413,1016,627.9108216936542,0.7065837281805354,572.0,227.35664335664336,0.7196470042771836,310,1009.0473684210526,935.5,610.6543869996938,760,0.4758535102197843,0.8532293215616218,0.41093374637766444,5,233.75
db9,1.0,symmetric,3.923292488304342e-27,321.3108918749745,5207248.594339363,0.5315315315315315,92.47632145048496,206,smoothed,3.990335570060515e-14,-2.0301575975878498e-10,6.3001603538688595,32427.25890660168,0.9813555431379719,0.00014966566451320274,0.9999999999999999,362.4000000000001,,,,[],[],11,426.59999999999997,32.19999999999999,728.3999999999999,"[9, 31, 53, 64, 80, 102, 131, 148, 158, 175, 192]","[311.00000000000017, 417.80000000000007, 589.5999999999999, 432.19999999999993, 728.3999999999999, 371.00000000000006, 587.0, 32.19999999999999, 448.20000000000005, 367.9999999999999, 407.19999999999993]","[1, 1, 1, 60, 1, 94, 120, 144, 144, 165, 186]","[20, 40, 75, 75, 203, 120, 203, 149, 203, 186, 203]",30736475.839999996,728.3999999999999,-728.3999999999999,0.0,,,,DWT,mdp.39015067403892,0.0,,0.0,33.0,11.0,0.0,33.0,,1.1368683772161603e-13,168.40000000000003,987.7999999999993,168.4,,0.0,168.40000000000003,,,28.0,0.0,33.0,1.1368683772161603e-13,1.1368683772161603e-13,,1.1368683772161603e-13,3.882516247377403e-14,6.694017809243034e-27,0.9855671716191091,0.2391868992379016,0.16761676501817055,0.12679893361956857,0.03297620846173328,,0.999999664709775,4.4059199552998455e-09,4.4059199552998455e-09,3.6786974161203912e-09,,1.2251610931599486e-12,0.9999999955940747,7.585973278963461e-14,,,,,,0.0,1.0,1.0,1.7477015598164352e-13,1.7477015598164352e-13,0.9999999009578514,0.37592186795403326,249,0.8586521919320339,0.4359101239113123,328,0,0.33333330606633643,0.47426771797519623,242,0.0,0.2217351397080746,0.3912007984702097,395,72.39935542991158,0.9241096903250403,303.5,291.3599737653756,0.8029877592086417,136,db,0.573477938514061,0.8443824841957417,0.34525069778143475,3,102.75,3.207073772658242e-14,0.9999999999705138,1.979504074035766e-27,0.9717872239693165,0.7801741059865175,0.00043909097953690596,0.10405405405405432,0.00032118534677966085,0.9999999997235692,2.0315811923354854e-05,4.745387416349445e-11,4.745387416349445e-11,3.962136174706643e-11,,1.2251610931599486e-12,0.0031261328403482946,7.585973278963461e-14,,,,,0.0,,0.0,1.0,1.0,1.4238426238064856e-13,1.4238426238064856e-13,1.0,0.4015691612048174,0.11457677215663148,1069,1.7151290285055418,0.7928786860415826,592,337.28993462598316,0.8232233047033631,830.5,762.0084286574353,0.693975384007866,367,0.49117026184683504,0.8233619396015222,0.4091722348267588,4,276.25,,,,,,,,,,,,,2.153350568868313e-19,0.9999999999715831,1.979504074035766e-27,0.9795355757816957,0.24117976010185913,0.001364106036460412,0.07871882164941313,0.9999999999999999,0.00032118534677966085,0.9999999999999541,9.960751159770423e-05,3.8434858594393884e-14,3.8434858594393884e-14,3.209086642252945e-14,,0.0,9.572760819061336e-19,0.004567040150618464,7.054128794466933e-19,,,,,0.13043478260869565,,0.0,1.0,1.0,4.770970844811595e-19,4.770970844811595e-19,1.0,0.4544873153722995,0.14156097535167125,1067,1.8406092813281107,0.8934488712880368,419,458.2051942088828,0.7858854232668772,743.0,601.7133243606999,0.7193445807923171,311,1009.0473684210526,935.5,610.6543869996938,760,0.4758535102197843,0.8532293215616218,0.41093374637766444,5,234.5
coif12,1.0,periodization,2.446893346718686e-26,313.3612483417105,4962867.493762491,0.529126213592233,101.96269976752083,206,smoothed,1.1530724086057175e-13,-2.036350865708417e-10,6.19328964124686,31688.23739843529,0.9835019630928264,0.00014966566451320284,0.9999999999999999,362.4,,,,[],[],11,426.6,32.200000000000074,728.4,"[9, 31, 53, 64, 80, 102, 131, 148, 158, 175, 192]","[311.00000000000017, 417.79999999999984, 589.6000000000003, 432.2000000000003, 728.4, 371.0, 587.0000000000003, 32.200000000000074, 448.1999999999998, 367.99999999999983, 407.2000000000001]","[1, 1, 1, 60, 1, 94, 120, 144, 144, 165, 186]","[20, 40, 75, 75, 203, 120, 203, 149, 203, 186, 203]",30736475.840000004,728.4,-728.4,0.0,,,,DWT,mdp.39015067403892,7.450580596923828e-09,,0.0,33.0,11.0,0.0,33.0,,0.0,168.4000000000001,987.7999999999984,168.40000000000006,,0.0,168.4000000000001,,,28.000000000000085,0.0,33.0,0.0,0.0,,0.0,2.0447693616919473e-13,6.68228835683623e-26,0.9553631935077855,0.08503614926926958,0.06273942481945538,0.11027684467067218,0.026847626163012846,,0.9999996647841187,4.4059791007223055e-09,4.4059791007223055e-09,3.6787565615428943e-09,,0.0,0.9999999955939887,0.0,,,,,,1.5893391424973748e-13,1.0,1.0,0.0,0.0,0.9999999009795237,0.3759218679621804,104,0.7019554914825693,0.3563602447504301,799,0,0.33333330607241507,0.4742677179838449,104,0.0,0.1771804626329143,0.31259428950490864,827,409.5009157498918,0.5707537570755852,458.5,184.40382920202595,0.545072895309281,762,coif,0.5556920286951962,0.9053407607371553,0.33941335169221604,4,572.5,1.2734485479777898e-13,0.9999999999705145,1.6518960082401792e-26,0.9424512396203995,0.7432556359078311,0.00016435298400234812,0.09049565661727149,0.0002614934985440934,0.9999999997235599,2.0315811924853655e-05,4.745454029730922e-11,4.745454029730922e-11,3.9622027880881205e-11,,0.0,0.0031261328403480726,0.0,,,,,0.0,,7.374542113937972e-14,1.0,1.0,0.0,0.0,1.0,0.4015691612041477,0.11457677215644041,1217,1.673483598145099,0.7736266218790423,961,181.01933598375618,0.9051261341804213,1089.0,1073.9550045913682,0.6671857085996447,521,0.4784248188775415,0.776734912893196,0.43208215291776214,2,391.25,,,,,,,,,,,,,8.550414956434235e-19,0.9999999999715838,1.6518960082401792e-26,0.9582564209787491,0.22976693867061423,0.0012998607331683432,0.06846164253822229,0.9999999999999999,0.0002614934985440934,0.9999999999999541,9.960751159770543e-05,3.8435400695480126e-14,3.8435400695480126e-14,3.2091408523615694e-14,,0.0,0.0,0.00456704015061846,0.0,,,,,0.13043478260869565,,2.3332883504384434e-21,1.0,1.0,0.0,0.0,1.0,0.4544873153722995,0.14156097535167125,1118,1.817976506695304,0.882462711892379,716,284.2569260369921,0.8671696607303775,917.0,872.9422028353326,0.7193324939165906,312,986.6382352941176,846.0,585.0035688138154,340,0.4652856568234462,0.8173890317607586,0.42908333069536003,4,235.0
haar,1.0,antireflect,4.689601928132895e-27,320.53603894590907,4916497.513525565,0.5339805825242718,153.37455796706374,206,smoothed,5.1583333074234454e-14,-2.1415171858052476e-10,6.251701695249963,31688.2373984353,0.9479708511035823,0.0001496656645132027,0.9999999999999999,362.4000000000001,,,,[],[],11,426.60000000000014,32.19999999999999,728.4,"[9, 31, 53, 64, 80, 102, 131, 148, 158, 175, 192]","[311.0000000000001, 417.80000000000007, 589.6, 432.20000000000005, 728.4, 371.00000000000017, 587.0, 32.19999999999999, 448.2000000000001, 368.0000000000001, 407.2000000000001]","[1, 1, 1, 60, 1, 94, 120, 144, 144, 165, 186]","[20, 40, 75, 75, 203, 120, 203, 149, 203, 186, 203]",30736475.84000001,728.4,-728.4,0.0,,,,DWT,mdp.39015067403892,1.4901161193847656e-08,,0.0,33.0,11.0,0.0,33.0,,0.0,168.4000000000002,987.7999999999975,168.4000000000001,,0.0,168.4000000000002,,,28.0,0.0,33.0,0.0,0.0,,1.1368683772161603e-13,6.448443672150608e-14,8.936698749923184e-27,0.9826231854125504,0.16928993321880254,0.04283952183663018,0.14362142418571724,0.026847626163012936,,0.999999664709775,4.406097391567225e-09,4.406097391567225e-09,3.6787861342541454e-09,,1.2251610931599486e-12,0.9999999955939026,0.0,,,,,,3.1786782849947497e-13,1.0,1.0,0.0,0.0,0.9999999009579496,0.3759218679540702,220,0.763826258914758,0.3877700450761808,613,0,0.3333333060663501,0.47426771797521566,210,0.0,0.19503167011668257,0.3440886508880504,627,233.93232639661696,0.7547879178232526,417.5,319.1427313206439,0.6585784452847919,422,haar,0.6445592013380003,0.05883501061488047,0.5311580558789356,2,317.0,4.682859177247569e-14,0.9999999999705136,2.5217953756619697e-27,0.9689278412429513,0.7634340703454832,0.00011222294860600292,0.11785896780786931,0.00026149349854409426,0.9999999997234015,2.0315811923354854e-05,4.745570603148508e-11,4.745570603148508e-11,3.962224992548613e-11,,1.2251610931599486e-12,0.003126132840347795,0.0,,,,,0.0,,1.4749084227875944e-13,1.0,1.0,0.0,0.0,1.0,0.40156916120479735,0.11457677215662576,1097,1.7103780357959095,0.7906823726480132,654,313.2483040656405,0.8358237400075259,875.5,819.46087949743,0.6884831488297587,413,0.12852368039351705,0.2769787579518756,0.8269397963389753,1,310.0,,,,,,,,,,,,,3.144248679037427e-19,0.999999999971583,2.5217953756619697e-27,0.9774614934208818,0.23600481549780045,0.001287670537457888,0.08916249492626177,0.9999999999999999,0.00026149349854409426,0.9999999999999541,9.960751159770423e-05,3.843648489765261e-14,3.843648489765261e-14,3.209173378426744e-14,,0.0,9.572760819061336e-19,0.004567040150618456,0.0,,,,,0.13043478260869565,,4.666576700876887e-21,1.0,1.0,0.0,0.0,1.0,0.4544873153722995,0.14156097535167125,1061,1.840892734431537,0.8935864620618573,383,479.4183976444792,0.7759727113810845,722.0,562.8296398891968,0.7192947669054954,313,327.0,268.5,438.5491630604859,20,0.1542089129922188,0.6127574170194295,0.7082265357996179,2,235.25
db34,1.0,symmetric,1.9123152486805807e-26,316.6561975876967,7605607.199024624,0.625,316.40139844350216,206,raw,9.37674964642637e-14,-2.0710588799488766e-10,6.820820684862077,59226.03819296173,0.7794953857130367,5.618943883690066e-06,1.0,327.0,,,,[],[],13,661.1538461538462,86.99999999999994,940.0000000000001,"[8, 32, 51, 63, 81, 100, 111, 133, 152, 162, 175, 192, 204]","[877.9999999999999, 638.0000000000002, 786.9999999999995, 792.0000000000003, 940.0000000000001, 788.0000000000002, 637.0, 674.9999999999999, 771.0, 196.00000000000017, 834.0000000000002, 571.9999999999998, 86.99999999999994]","[0, 13, 42, 42, 76, 99, 107, 107, 107, 161, 99, 187, 203]","[76, 42, 61, 76, 205, 164, 119, 142, 164, 164, 205, 205, 205]",37754613.0,941.0000000000001,-941.0000000000001,0.0,,,,DWT,mdp.39015067403892,0.0,,0.0,33.0,19.0,0.0,28.5,,1.1368683772161603e-13,256.3413461538462,4359.0,256.34134615384613,,0.0,256.3413461538462,,,83.99999999999994,0.0,24.0,1.1368683772161603e-13,1.1368683772161603e-13,,0.0,1.0012901406299618e-13,1.2735931484048586e-26,0.9546103482780728,0.9600361315998398,0.002104067518821885,0.5089285714285714,0.00012034608602477098,0.9999999997235077,0.47422802461153424,6.6959667625959335e-09,6.6959667625959335e-09,6.0819563246244724e-09,,0.0,0.9999999933040264,1.3612963731558036e-13,,,,,,0.0,1.0,0.5,1.4238426238064856e-13,1.4238426238064856e-13,0.7922684098777654,0.25901821374927325,533,1.6574558754214461,0.7960816699469024,191,0,0.24785233644915589,0.29613842719976463,531,0.0,0.4282249330793673,0.777804942227823,203,193.47609671481385,0.7971948671752476,364.5,287.3331566791761,0.7075596977385672,320,db,0.540986235965534,0.9305070477545101,0.3421575204977732,3,240.75,1.0012901406299617e-13,0.0001547883299646835,1.2735931484048586e-26,0.9546103482780728,0.9600361315998398,0.003135372459851374,0.6309210526315789,0.002485761950279138,0.9999999997235076,0.9919828214562006,0.9855281704452468,0.9855281704452468,0.9855281704451341,,0.0,0.9999999999667601,7.585973278963461e-14,,,,,1.0,,0.0,1.0,0.5,1.4238426238064856e-13,1.4238426238064856e-13,0.0,2.2345701998210235,0.6375734627747118,532,1.707761123217855,0.7894726128154357,666,94.75230867899737,0.9503394608600643,599.0,591.5058430717863,0.818199080534854,123,0.49117026184683504,0.8233619396015222,0.4091722348267588,4,93.25,,,,,,,,,,,,,6.723040524698045e-19,0.03641360043841643,1.2735931484048586e-26,0.9670761541881454,0.2967815544398081,0.001994610095888197,0.4773034772020025,1.0,0.002485761950279138,0.9999999999999541,0.0008499884728391214,0.0007982210227401261,0.0007982210227401261,0.0007982210227337869,,0.0,0.0,0.020163910573049823,7.054128794466933e-19,,,,,0.4782608695652174,,0.0,1.0,0.8604651162790697,4.770970844811595e-19,4.770970844811595e-19,0.9302325581395349,0.5744527218307418,0.17892707859001003,419,1.7324735505731548,0.8409587814199635,1068,458.91230099006935,0.7855549995373508,743.5,601.8722259583053,0.7190625464976473,314,1009.0473684210526,935.5,610.6543869996938,760,0.4758535102197843,0.8532293215616218,0.41093374637766444,5,236.75
db3,1.0,antireflect,2.618727169271639e-27,325.290889928172,6005991.650549442,0.638095238095238,295.8151331341191,206,raw,2.7947439400467035e-14,-2.0560586566631685e-10,6.306726705920774,66686.45664847904,0.7885913239766279,5.618943883690066e-06,1.0,327.00000000000006,,,,[],[],13,661.1538461538462,86.99999999999993,939.9999999999999,"[8, 32, 51, 63, 81, 100, 111, 133, 152, 162, 175, 192, 204]","[877.9999999999999, 638.0, 787.0000000000001, 792.0, 939.9999999999999, 788.0, 637.0, 675.0, 770.9999999999998, 196.0, 833.9999999999998, 572.0, 86.99999999999993]","[0, 13, 42, 42, 76, 99, 107, 107, 107, 161, 164, 187, 203]","[76, 42, 61, 76, 205, 164, 119, 142, 164, 164, 205, 205, 205]",37754613.0,940.9999999999999,-940.9999999999999,0.0,,,,DWT,mdp.39015067403892,0.0,,0.0,33.0,19.0,0.0,28.5,,1.1368683772161603e-13,256.3413461538462,4359.0,256.34134615384613,,0.0,256.3413461538462,,,83.99999999999993,0.0,28.5,1.1368683772161603e-13,1.1368683772161603e-13,,5.684341886080802e-14,1.6964230059818988e-14,1.0563072710929148e-27,0.9864743178130557,0.7824424512216815,0.00030388809900288184,0.6071428571428568,0.0007243639229174576,0.9999999997235304,0.47422802461151775,6.6959667625959335e-09,6.6959667625959335e-09,6.0819563246244724e-09,,2.859275438170267e-12,0.9999999933040264,1.3612963731558036e-13,,,,,,0.0,1.0,1.0,1.4238426238064856e-13,1.4238426238064856e-13,0.8422684098791899,0.2753648338168723,185,1.6264046486639026,0.7811676605801313,257,0,0.28951900311605955,0.34592250956981296,186,0.0,0.4221359847403827,0.7667453010318389,243,37.6773583645846,0.9605059136639574,217.75,212.90155294500184,0.8661282188864861,26,db,0.540986235965534,0.9305070477545101,0.3421575204977732,3,20.25,1.6964230059818975e-14,0.0001547883299646835,1.0563072710929148e-27,0.9864743178130556,0.7824424512216817,0.0013370534884719015,0.7047368421052629,0.003088350861832574,0.9999999997235303,0.9919828214562003,0.9855281704452468,0.9855281704452468,0.9855281704451341,,6.125805465799743e-13,0.9999999999667601,7.585973278963461e-14,,,,,1.0,,0.0,1.0,0.75,1.4238426238064856e-13,1.4238426238064856e-13,0.0,2.25957019982133,0.6447065287087513,185,1.6669508566181548,0.7706066324601435,999,575.5849198858497,0.6983307547768083,592.0,312.1875,0.6940291090445886,366,0.49117026184683504,0.8233619396015222,0.4091722348267588,4,275.5,,,,,,,,,,,,,1.1390425365689547e-19,0.03641360043841643,1.0563072710929148e-27,0.9901890087733813,0.2418809868606649,0.001574087453916664,0.5331464909059279,1.0,0.003088350861832574,0.9999999999999541,0.0008499884728391211,0.0007982210227401261,0.0007982210227401261,0.0007982210227337869,,0.0,4.786380409530668e-19,0.020163910573049823,7.054128794466933e-19,,,,,0.4782608695652174,,0.0,1.0,0.9302325581395349,4.770970844811595e-19,4.770970844811595e-19,0.9302325581395349,0.5814294660167882,0.18110015290550946,92,1.7412589592599304,0.8452233005412296,1012,650.5382386916237,0.6960101688356899,552.0,168.66666666666669,0.7190331218010225,315,1009.0473684210526,935.5,610.6543869996938,760,0.4758535102197843,0.8532293215616218,0.41093374637766444,5,237.5
db18,1.0,zero,9.763693129701764e-27,319.5756512565581,5933407.546136436,0.6291666666666667,236.46903696049333,206,raw,6.216386628755538e-14,-2.0731460992351722e-10,6.363057434776089,68786.50954861111,0.813223080111456,5.618943883690066e-06,1.0,327.0,,,,[],[],13,661.1538461538462,87.00000000000009,940.0,"[8, 32, 51, 63, 81, 100, 111, 133, 152, 162, 175, 192, 204]","[878.0, 638.0, 787.0000000000002, 792.0000000000003, 940.0, 788.0, 636.9999999999999, 674.9999999999999, 771.0000000000002, 196.0, 834.0000000000001, 572.0000000000001, 87.00000000000009]","[0, 13, 39, 39, 76, 99, 107, 107, 107, 161, 99, 187, 203]","[76, 39, 61, 76, 205, 164, 119, 142, 164, 164, 205, 205, 205]",37754613.0,941.0,-941.0,0.0,,,,DWT,mdp.39015067403892,0.0,,0.0,33.0,19.0,0.0,28.5,,0.0,256.3413461538462,4359.0,256.34134615384625,,0.0,256.3413461538462,,,84.00000000000009,0.0,19.5,0.0,0.0,,0.0,6.019727904771461e-14,6.1125582962968396e-27,0.9653837932481194,0.801901892229727,0.00022220321472250532,0.5401785714285713,0.0008943904995312527,0.9999999997235046,0.47422802461169933,6.6959667625959335e-09,6.6959667625959335e-09,6.082044361106239e-09,,0.0,0.9999999933040264,0.0,,,,,,0.0,1.0,0.0,0.0,0.0,0.7422684098777164,0.24267159368212396,916,1.5967215083317574,0.7669107477565101,368,0,0.20618566978247527,0.24635434482998278,917,0.0,0.41357260629302955,0.7511912368847052,353,321.0654138956733,0.6634534445538016,638.5,517.2992571719097,0.49708311640687985,886,db,0.540986235965534,0.9305070477545101,0.3421575204977732,3,665.25,6.01972790477146e-14,0.0001547883299646835,6.1125582962968396e-27,0.9653837932481194,0.8019018922297271,0.001255453023840933,0.6544078947368421,0.003257975206477659,0.9999999997235045,0.9919828214562032,0.9855281704452468,0.9855281704452468,0.9855281704451354,,0.0,0.9999999999667601,0.0,,,,,1.0,,0.0,1.0,0.25,0.0,0.0,0.0,2.2095701998209294,0.6304403968407329,917,1.643921732941393,0.7599606104885896,1133,152.73506473629428,0.9199501757147305,1025.0,1013.6204878048779,0.6913692178364008,390,0.49117026184683504,0.8233619396015222,0.4091722348267588,4,293.5,,,,,,,,,,,,,4.0418728807188627e-19,0.03641360043841643,6.1125582962968396e-27,0.974890782139674,0.24789659706616146,0.001555005831846917,0.4950717088350697,1.0,0.003257975206477659,0.9999999999999541,0.0008499884728391233,0.0007982210227401261,0.0007982210227401261,0.0007982210227337879,,0.0,0.0,0.020163910573049823,0.0,,,,,0.4782608695652174,,0.0,1.0,0.7906976744186046,0.0,0.0,0.9302325581395349,0.5674759776446953,0.17675400427451057,836,1.7199162244809343,0.8348633384939153,1140,214.96046148071045,0.8995511862239671,988.0,964.6153846153846,0.7189344716166565,316,1009.0473684210526,935.5,610.6543869996938,760,0.4758535102197843,0.8532293215616218,0.41093374637766444,5,238.25
db3,1.0,symmetric,2.6387473868080244e-27,325.2578143062707,6006738.689419915,0.638095238095238,295.8151331341191,206,raw,2.83699708816836e-14,-2.0560708691164393e-10,6.305281267457363,63069.42096483569,0.7771259410444227,5.618943883690066e-06,1.0,327.00000000000006,,,,[],[],13,661.1538461538462,87.0,939.9999999999999,"[8, 32, 51, 63, 81, 100, 111, 133, 152, 162, 175, 192, 204]","[877.9999999999999, 638.0, 787.0000000000001, 792.0, 939.9999999999999, 788.0, 637.0, 675.0, 770.9999999999998, 196.0, 833.9999999999998, 572.0, 87.0]","[0, 13, 42, 42, 76, 99, 107, 107, 107, 161, 164, 187, 203]","[76, 42, 61, 76, 205, 164, 119, 142, 164, 164, 205, 205, 205]",37754613.0,940.9999999999999,-940.9999999999999,0.0,,,,DWT,mdp.39015067403892,0.0,,0.0,33.0,19.0,0.0,28.5,,1.1368683772161603e-13,256.3413461538462,4359.0,256.3413461538461,,0.0,256.3413461538462,,,84.0,0.0,28.5,1.1368683772161603e-13,1.1368683772161603e-13,,5.684341886080802e-14,1.7498105916776362e-14,1.0704749026818911e-27,0.9863522612802856,0.7819431247424921,0.00030472880350948214,0.6071428571428568,0.0004315178737816759,0.9999999997235304,0.4742280246116003,6.6959667625959335e-09,6.6959667625959335e-09,6.081912306383589e-09,,2.859275438170267e-12,0.9999999933040264,1.3612963731558036e-13,,,,,,0.0,1.0,1.0,1.4238426238064856e-13,1.4238426238064856e-13,0.8422684098792016,0.2753648338168761,180,1.6259650334372449,0.7809565118980086,261,0,0.28951900311606277,0.3459225095698168,178,0.0,0.42202181119580917,0.7665379222914129,246,43.45399866525519,0.9544507351517241,216.25,209.75363463926155,0.8638867931523819,29,db,0.540986235965534,0.9305070477545101,0.3421575204977732,3,22.5,1.749810591677635e-14,0.0001547883299646835,1.0704749026818911e-27,0.9863522612802856,0.7819431247424922,0.0013378933241276695,0.7047368421052629,0.0027961975987612934,0.9999999997235303,0.9919828214562016,0.9855281704452468,0.9855281704452468,0.9855281704451335,,6.125805465799743e-13,0.9999999999667601,7.585973278963461e-14,,,,,1.0,,0.0,1.0,0.75,1.4238426238064856e-13,1.4238426238064856e-13,0.0,2.2595701998213302,0.6447065287087514,170,1.6665115180714976,0.770403532772708,1003,589.0199487283941,0.6912893350480115,586.5,290.72463768115944,0.6919496989705467,386,0.49117026184683504,0.8233619396015222,0.4091722348267588,4,290.5,,,,,,,,,,,,,1.1748889798308874e-19,0.03641360043841643,1.0704749026818911e-27,0.9901004738251542,0.2417266271612858,0.0015742838428300918,0.5331464909059279,1.0,0.0027961975987612934,0.9999999999999541,0.0008499884728391221,0.0007982210227401261,0.0007982210227401261,0.0007982210227337863,,0.0,4.786380409530668e-19,0.020163910573049823,7.054128794466933e-19,,,,,0.4782608695652174,,0.0,1.0,0.9302325581395349,4.770970844811595e-19,4.770970844811595e-19,0.9302325581395349,0.5814294660167882,0.18110015290550946,95,1.7410118953305327,0.8451033734110692,1013,649.1240251292506,0.6966710162947427,554.0,173.70938628158845,0.7188962558109228,317,1009.0473684210526,935.5,610.6543869996938,760,0.4758535102197843,0.8532293215616218,0.41093374637766444,5,239.0
coif3,1.0,reflect,6.81433750559577e-27,321.13755607028594,6283532.9284540685,0.6261261261261262,284.9314217702703,206,raw,5.2346476667860285e-14,-2.1266799432595734e-10,6.459259656499039,60916.53752706874,0.7552286852394205,5.618943883690066e-06,1.0,327.00000000000006,,,,[],[],13,661.1538461538462,87.0,940.0000000000001,"[8, 32, 51, 63, 81, 100, 111, 133, 152, 162, 175, 192, 204]","[878.0, 638.0000000000001, 787.0000000000002, 791.9999999999999, 940.0000000000001, 788.0, 637.0, 675.0, 771.0000000000001, 196.0, 834.0000000000001, 571.9999999999999, 87.0]","[0, 13, 39, 39, 76, 99, 107, 107, 107, 161, 99, 187, 203]","[76, 39, 61, 76, 205, 164, 119, 142, 164, 164, 205, 205, 205]",37754613.0,941.0000000000001,-941.0000000000001,0.0,,,,DWT,mdp.39015067403892,0.0,,0.0,33.0,19.0,0.0,28.5,,1.1368683772161603e-13,256.3413461538462,4359.0,256.3413461538462,,0.0,256.3413461538462,,,84.0,0.0,19.5,1.1368683772161603e-13,1.1368683772161603e-13,,5.684341886080802e-14,4.779283694269464e-14,4.0253989619255455e-27,0.971147575608711,0.8351349338839359,0.0006162282091690013,0.5173745173745177,0.0002572139785088311,0.9999999997234239,0.4742280246116003,6.6959667625959335e-09,6.6959667625959335e-09,6.082000342865356e-09,,2.859275438170267e-12,0.9999999933040264,1.3612963731558036e-13,,,,,,0.0,1.0,0.0,1.4238426238064856e-13,1.4238426238064856e-13,0.742268409879228,0.24267159368261818,814,1.6076168188423734,0.7721438022917784,332,0,0.20618566978273667,0.2463543448302951,815,0.0,0.4155663085972892,0.7548124914773161,332,278.571804029051,0.7079960125481646,573.25,471.72083818792396,0.5535525136116085,696,coif,0.5507900112560971,0.8749445204262634,0.351963635992853,2,522.5,4.779283694269463e-14,0.0001547883299646835,4.0253989619255455e-27,0.971147575608711,0.835134933883936,0.0016490708015522615,0.6372688477951639,0.0026223060543123363,0.9999999997234238,0.9919828214562016,0.9855281704452468,0.9855281704452468,0.9855281704451347,,6.125805465799743e-13,0.9999999999667601,7.585973278963461e-14,,,,,1.0,,0.0,1.0,0.25,1.4238426238064856e-13,1.4238426238064856e-13,0.0,2.2095701998213304,0.6304403968408473,814,1.6570834456361345,0.7660450748606703,1075,184.55486988968892,0.9032731289886327,944.5,926.4690312334569,0.7041260823140228,321,0.4784248188775415,0.776734912893196,0.43208215291776214,2,241.25,,,,,,,,,,,,,3.208991744928874e-19,0.03641360043841643,4.0253989619255455e-27,0.9790716003335604,0.2581701205683061,0.0016470502302236738,0.48210570196769653,1.0,0.0026223060543123363,0.9999999999999541,0.0008499884728391221,0.0007982210227401261,0.0007982210227401261,0.0007982210227337874,,0.0,4.786380409530668e-19,0.020163910573049823,7.054128794466933e-19,,,,,0.4782608695652174,,0.0,1.0,0.7906976744186046,4.770970844811595e-19,4.770970844811595e-19,0.9302325581395349,0.5674759776446953,0.17675400427451057,727,1.7221668289397114,0.8359558028391777,1122,279.30717856868625,0.8694826268370626,924.5,882.3082747431044,0.718736640521335,318,986.6382352941176,846.0,585.0035688138154,340,0.4652856568234462,0.8173890317607586,0.42908333069536003,4,239.5
db3,1.0,zero,2.6027201858550184e-27,325.3175176651754,6001524.062304187,0.638095238095238,295.5603994784634,206,raw,2.764563119959806e-14,-2.0564849823046245e-10,6.290837561935016,64160.1941043084,0.7830358259075346,5.618943883690066e-06,1.0,327.00000000000006,,,,[],[],13,661.1538461538462,87.00000000000003,939.9999999999999,"[8, 32, 51, 63, 81, 100, 111, 133, 152, 162, 175, 192, 204]","[877.9999999999999, 638.0, 787.0000000000001, 792.0, 939.9999999999999, 788.0, 637.0, 675.0, 770.9999999999998, 196.0, 833.9999999999998, 572.0, 87.00000000000003]","[0, 13, 42, 42, 76, 99, 107, 107, 107, 161, 164, 187, 203]","[76, 42, 61, 76, 205, 164, 119, 142, 164, 164, 205, 205, 205]",37754613.0,940.9999999999999,-940.9999999999999,0.0,,,,DWT,mdp.39015067403892,0.0,,0.0,33.0,19.0,0.0,28.5,,1.1368683772161603e-13,256.3413461538462,4359.0,256.3413461538461,,0.0,256.3413461538462,,,84.00000000000003,0.0,28.5,1.1368683772161603e-13,1.1368683772161603e-13,,5.684341886080802e-14,1.6582890161992297e-14,1.0449796697076952e-27,0.9865725801908226,0.7769535490479966,0.0002988603531654526,0.6071428571428568,0.0005198301361800007,0.9999999997235297,0.4742280246116333,6.6959667625959335e-09,6.6959667625959335e-09,6.081912306383589e-09,,2.859275438170267e-12,0.9999999933040264,1.3612963731558036e-13,,,,,,0.0,1.0,1.0,1.4238426238064856e-13,1.4238426238064856e-13,0.8422684098792115,0.2753648338168794,170,1.6236348276161061,0.7798373061508629,280,0,0.28951900311606543,0.34592250956981996,170,0.0,0.42143595957432095,0.765473812634535,256,57.42241142039695,0.9398087930603806,219.0,207.8744455817127,0.8551245223163537,40,db,0.540986235965534,0.9305070477545101,0.3421575204977732,3,30.75,1.6582890161992272e-14,0.0001547883299646835,1.0449796697076952e-27,0.9865725801908226,0.7769535490479967,0.001332030938706483,0.7047368421052629,0.0028843009407903846,0.9999999997235296,0.9919828214562021,0.9855281704452468,0.9855281704452468,0.9855281704451335,,6.125805465799743e-13,0.9999999999667601,7.585973278963461e-14,,,,,1.0,,0.0,1.0,0.75,1.4238426238064856e-13,1.4238426238064856e-13,0.0,2.2595701998213302,0.6447065287087514,174,1.6641812317146727,0.7693262759867799,1023,600.3336572273788,0.6853597184342879,598.5,297.4135338345865,0.6858402365756345,430,0.49117026184683504,0.8233619396015222,0.4091722348267588,4,323.5,,,,,,,,,,,,,1.1134379342390043e-19,0.03641360043841643,1.0449796697076952e-27,0.9902602843891214,0.2401841705996356,0.001572912970451605,0.5331464909059279,1.0,0.0028843009407903846,0.9999999999999541,0.0008499884728391225,0.0007982210227401261,0.0007982210227401261,0.0007982210227337863,,0.0,4.786380409530668e-19,0.020163910573049823,7.054128794466933e-19,,,,,0.4782608695652174,,0.0,1.0,0.9302325581395349,4.770970844811595e-19,4.770970844811595e-19,0.9302325581395349,0.5814294660167882,0.18110015290550946,113,1.7403711092887104,0.8447923299041115,1017,639.224530192639,0.7012969485081126,565.0,203.4,0.7186391284596638,319,1009.0473684210526,935.5,610.6543869996938,760,0.4758535102197843,0.8532293215616218,0.41093374637766444,5,240.5
db18,1.0,constant,1.025974112105472e-26,319.3604284427714,5931746.98967017,0.6291666666666667,236.46903696049333,206,raw,6.243980521406415e-14,-2.0765344999063282e-10,6.368092954512517,66942.0719737141,0.8080869354877669,5.618943883690066e-06,1.0,327.0,,,,[],[],13,661.1538461538463,87.00000000000009,940.0,"[8, 32, 51, 63, 81, 100, 111, 133, 152, 162, 175, 192, 204]","[878.0000000000002, 638.0, 787.0000000000002, 792.0000000000003, 940.0, 788.0, 636.9999999999999, 674.9999999999999, 771.0000000000002, 196.0, 834.0000000000001, 572.0000000000001, 87.00000000000009]","[0, 13, 39, 39, 76, 99, 107, 107, 107, 161, 99, 187, 203]","[76, 39, 61, 76, 205, 164, 119, 142, 164, 164, 205, 205, 205]",37754613.0,941.0,-941.0,0.0,,,,DWT,mdp.39015067403892,0.0,,0.0,33.0,19.0,0.0,28.5,,0.0,256.3413461538463,4358.999999999998,256.34134615384625,,0.0,256.3413461538463,,,84.00000000000009,0.0,19.5,0.0,0.0,,0.0,6.054593266858473e-14,6.463594701329306e-27,0.9645895723411873,0.8036414116935625,0.000220334453457419,0.5401785714285713,0.0007450593057228177,0.9999999997234995,0.47422802461169933,6.696054799077647e-09,6.696054799077647e-09,6.082044361106239e-09,,0.0,0.9999999933039181,0.0,,,,,,0.0,1.0,0.0,0.0,0.0,0.742268409877715,0.24267159368212352,918,1.597054068661358,0.7670704776090344,365,0,0.20618566978248093,0.24635434482998955,913,0.0,0.41367186861825767,0.7513715316811438,351,321.92998721254077,0.6625471832153661,636.75,514.5790704954139,0.4975471765133434,885,db,0.540986235965534,0.9305070477545101,0.3421575204977732,3,664.5,6.054593266858471e-14,0.0001547883299646835,6.463594701329305e-27,0.9645895723411873,0.8036414116935625,0.001253586193902214,0.6544078947368421,0.003108997285559096,0.9999999997234994,0.9919828214562032,0.9855281704452481,0.9855281704452481,0.9855281704451354,,0.0,0.9999999999667596,0.0,,,,,1.0,,0.0,1.0,0.25,0.0,0.0,0.0,2.2095701998209303,0.6304403968407332,915,1.6442544355458126,0.76011441396311,1131,152.73506473629428,0.9199501757147305,1023.0,1011.5982404692082,0.6918933268510759,388,0.49117026184683504,0.8233619396015222,0.4091722348267588,4,292.0,,,,,,,,,,,,,4.0652828028491027e-19,0.03641360043841643,6.463594701329305e-27,0.9743146859219594,0.2484343448377949,0.001554569288458099,0.4950717088350697,1.0,0.003108997285559096,0.9999999999999541,0.0008499884728391233,0.0007982210227401272,0.0007982210227401272,0.0007982210227337879,,0.0,0.0,0.020163910573049813,0.0,,,,,0.4782608695652174,,0.0,1.0,0.7906976744186046,0.0,0.0,0.9302325581395349,0.5674759776446953,0.17675400427451057,835,1.7197796311960603,0.8347970348424916,1141,216.37467504308356,0.8988903387649142,988.0,964.3066801619433,0.7186040478871301,320,1009.0473684210526,935.5,610.6543869996938,760,0.4758535102197843,0.8532293215616218,0.41093374637766444,5,241.25
rbio1.5,1.0,reflect,4.909625191095897e-27,320.3369153561608,4959763.4343012525,0.5280373831775701,91.12920898947661,206,smoothed,4.8289312139035926e-14,-2.1378157022411463e-10,6.245510568242933,31397.60993786399,0.9796582578446649,0.00014966566451320263,0.9999999999999999,362.4000000000001,,,,[],[],11,426.6,32.19999999999999,728.4,"[9, 31, 53, 64, 80, 102, 131, 148, 158, 175, 192]","[311.00000000000006, 417.79999999999995, 589.6000000000001, 432.20000000000016, 728.4, 371.00000000000017, 587.0000000000001, 32.19999999999999, 448.2, 368.0, 407.2000000000001]","[1, 1, 1, 60, 1, 94, 120, 144, 144, 165, 186]","[20, 40, 75, 75, 203, 120, 203, 149, 203, 186, 203]",30736475.840000007,728.4,-728.4,0.0,,,,DWT,mdp.39015067403892,1.1175870895385742e-08,,0.0,33.0,11.0,0.0,33.0,,0.0,168.4000000000001,987.7999999999984,168.40000000000003,,0.0,168.4000000000001,,,28.0,0.0,33.0,0.0,0.0,,1.1368683772161603e-13,5.724793412819957e-14,9.580618754958988e-27,0.9818666326789542,0.1603598264770208,0.06140730257536646,0.10279768664860611,0.02443750103039178,,0.999999664709775,4.4059791007223055e-09,4.4059791007223055e-09,3.6787269888316428e-09,,1.2251610931599486e-12,0.9999999955939887,0.0,,,,,,2.3840087137460624e-13,1.0,1.0,0.0,0.0,0.9999999009578642,0.3759218679540381,244,0.7508976192051825,0.38120659017469744,669,0,0.333333306066326,0.47426771797518136,248,0.0,0.1901241356300567,0.33543043184250043,692,251.03967149967883,0.736855690251909,463.25,361.3214840896534,0.6256343440777364,501,rbio,0.7685897546424816,0.816051598246696,0.21717169227625407,5,377.0,4.2666539173338566e-14,0.9999999999705129,2.6774984056115218e-27,0.9681930301174066,0.7612953465402922,0.00016086333986707027,0.08435809149040846,0.00023801909343164514,0.999999999723407,2.0315811923354854e-05,4.745454029730922e-11,4.745454029730922e-11,3.962169481397382e-11,,1.2251610931599486e-12,0.0031261328403480726,0.0,,,,,0.0,,1.1061813170906958e-13,1.0,1.0,0.0,0.0,1.0,0.4015691612047782,0.11457677215662031,1112,1.695482367124589,0.7837963261713127,783,232.63813101037414,0.8780722583803071,947.5,918.9403693931398,0.6907394834878475,398,0.3888041033402703,1.0,0.4278371276618108,3,299.25,,,,,,,,,,,,,2.8647927336076717e-19,0.9999999999715824,2.6774984056115218e-27,0.9769284906927165,0.2353436593657242,0.0012990447075384842,0.06381846069417613,0.9999999999999999,0.00023801909343164557,0.9999999999999541,9.960751159770423e-05,3.8435400695480126e-14,3.8435400695480126e-14,3.20911916831812e-14,,0.0,9.572760819061336e-19,0.00456704015061846,0.0,,,,,0.13043478260869565,,3.499932525657665e-21,1.0,1.0,0.0,0.0,1.0,0.4544873153722995,0.14156097535167125,1097,1.8301010383587606,0.8883480723757267,572,371.23106012293744,0.8265275419986273,834.5,751.9281006590772,0.718287135485295,321,818.67,599.5,715.6978453131971,300,0.38607403914171184,1.0,0.42974817260080167,3,241.5
db16,1.0,antisymmetric,1.2094263962099272e-26,318.6459980383214,6436162.233182272,0.6271186440677966,307.07317144809116,206,raw,7.239947584274031e-14,-2.1686119566766425e-10,6.5702755128235015,112133.18320627992,0.8792353750999361,5.618943883690062e-06,0.9999999999999999,327.0,,,,[],[],13,661.1538461538462,86.99999999999986,940.0000000000002,"[8, 32, 51, 63, 81, 100, 111, 133, 152, 162, 175, 192, 204]","[878.0000000000001, 638.0, 787.0000000000001, 792.0000000000001, 940.0000000000002, 788.0000000000002, 636.9999999999999, 675.0, 771.0000000000002, 196.00000000000017, 834.0, 571.9999999999999, 86.99999999999986]","[0, 13, 39, 39, 76, 99, 107, 107, 107, 161, 164, 187, 203]","[76, 39, 61, 76, 205, 164, 119, 142, 164, 164, 205, 205, 205]",37754613.0,941.0000000000002,-941.0000000000002,0.0,,,,DWT,mdp.39015067403892,0.0,,0.0,33.0,19.0,0.0,28.5,,2.2737367544323206e-13,256.3413461538462,4359.0,256.34134615384613,,0.0,256.3413461538462,,,83.99999999999986,0.0,24.0,2.2737367544323206e-13,2.2737367544323206e-13,,0.0,7.313014929686583e-14,7.761824538554889e-27,0.9619531624096428,0.8734853431721277,0.0007879945648379665,0.524818401937046,0.004403867108023024,0.9999999997233607,0.4742280246114352,6.6959667625959335e-09,6.6959667625959335e-09,6.0819563246244724e-09,,0.0,0.9999999933040264,2.7225927463116073e-13,,,,,,0.0,1.0,0.5,2.847685247612971e-13,2.847685247612971e-13,0.7922684098778607,0.25901821374930445,512,1.6259974738216627,0.7809720931245041,259,0,0.24785233644918275,0.2961384271997967,512,0.0,0.4206810961143889,0.7641027188833602,270,142.9647392424673,0.8501417827647093,388.25,348.7067210767747,0.7215855664347656,300,db,0.540986235965534,0.9305070477545101,0.3421575204977732,3,225.75,7.313014929686582e-14,0.0001547883299646835,7.761824538554889e-27,0.9619531624096428,0.8734853431721278,0.0018206596402221711,0.6428635147190009,0.006759149444166644,0.9999999997233606,0.9919828214561991,0.9855281704452468,0.9855281704452468,0.9855281704451341,,0.0,0.9999999999667601,1.5171946557926922e-13,,,,,1.0,,0.0,1.0,0.5,2.847685247612971e-13,2.847685247612971e-13,0.0,2.2345701998211176,0.6375734627747387,508,1.6747204009055834,0.774198377432897,957,317.49094475275984,0.8336001337773795,732.5,663.6941979522184,0.7248451402639517,268,0.49117026184683504,0.8233619396015222,0.4091722348267588,4,202.0,,,,,,,,,,,,,4.910234679737495e-19,0.03641360043841641,7.761824538554889e-27,0.9724023391470868,0.27002560569779344,0.0016871749205142658,0.4863381712527146,0.9999999999999999,0.0067591494441666435,0.9999999999999541,0.0008499884728391203,0.0007982210227401261,0.0007982210227401261,0.0007982210227337869,,0.0,0.0,0.020163910573049823,1.4108257588933865e-18,,,,,0.4782608695652174,,0.0,1.0,0.8604651162790697,9.54194168962319e-19,9.54194168962319e-19,0.9302325581395349,0.5744527218307418,0.17892707859001003,552,1.727460802207665,0.8385255467217411,1094,383.2518754031088,0.8209103385966782,823.0,733.764277035237,0.7181654496721708,322,1009.0473684210526,935.5,610.6543869996938,760,0.4758535102197843,0.8532293215616218,0.41093374637766444,5,242.75
coif3,1.0,periodic,6.68156379051896e-27,321.22301127775444,6201347.958144418,0.6261261261261262,284.7649576622112,206,raw,4.963882595149292e-14,-2.1297419383614896e-10,6.453303273227575,63346.52423737154,0.7322441328957167,5.618943883690064e-06,0.9999999999999999,327.00000000000006,,,,[],[],13,661.1538461538462,87.0,940.0000000000001,"[8, 32, 51, 63, 81, 100, 111, 133, 152, 162, 175, 192, 204]","[878.0, 638.0000000000001, 787.0000000000002, 791.9999999999999, 940.0000000000001, 788.0, 637.0, 675.0, 771.0000000000001, 196.0, 834.0000000000001, 572.0, 87.0]","[0, 13, 39, 39, 76, 99, 107, 107, 107, 161, 99, 187, 203]","[76, 39, 61, 76, 205, 164, 119, 142, 164, 164, 205, 205, 205]",37754613.0,941.0000000000001,-941.0000000000001,0.0,,,,DWT,mdp.39015067403892,0.0,,0.0,33.0,19.0,0.0,28.5,,1.1368683772161603e-13,256.3413461538462,4359.0,256.3413461538462,,0.0,256.3413461538462,,,84.0,0.0,19.5,1.1368683772161603e-13,1.1368683772161603e-13,,5.684341886080802e-14,4.437167328790654e-14,3.9314394893828885e-27,0.9714629246703814,0.8330773022635448,0.0005237386779745224,0.5173745173745177,0.0004539529851994817,0.9999999997234194,0.4742280246116003,6.6959667625959335e-09,6.6959667625959335e-09,6.082000342865356e-09,,2.859275438170267e-12,0.9999999933040264,1.3612963731558036e-13,,,,,,0.0,1.0,0.0,1.4238426238064856e-13,1.4238426238064856e-13,0.742268409879228,0.24267159368261818,815,1.6068096633062563,0.7717561227543454,334,0,0.20618566978273667,0.2463543448302951,814,0.0,0.4153615544618852,0.754440586980038,333,277.70607963576646,0.7089034804656535,574.0,473.232207433233,0.5536131658093466,695,coif,0.5507900112560971,0.8749445204262634,0.351963635992853,2,521.75,4.437167328790653e-14,0.0001547883299646835,3.9314394893828885e-27,0.9714629246703814,0.8330773022635448,0.0015566768563877581,0.6372688477951639,0.0028185796354232963,0.9999999997234192,0.9919828214562016,0.9855281704452468,0.9855281704452468,0.9855281704451347,,6.125805465799743e-13,0.9999999999667601,7.585973278963461e-14,,,,,1.0,,0.0,1.0,0.25,1.4238426238064856e-13,1.4238426238064856e-13,0.0,2.2095701998213304,0.6304403968408473,815,1.6562761517228004,0.7656718748701067,1077,185.26197667087544,0.9029025279502749,946.0,927.8594080338265,0.7035477000338377,323,0.4784248188775415,0.776734912893196,0.43208215291776214,2,242.75,,,,,,,,,,,,,2.979281884025883e-19,0.036413600438416426,3.9314394893828885e-27,0.9793003419847843,0.2575340329350766,0.0016254446382563345,0.48210570196769653,0.9999999999999999,0.0028185796354232963,0.9999999999999541,0.0008499884728391221,0.0007982210227401261,0.0007982210227401261,0.0007982210227337874,,0.0,4.786380409530668e-19,0.020163910573049823,7.054128794466933e-19,,,,,0.4782608695652174,,0.0,1.0,0.7906976744186046,4.770970844811595e-19,4.770970844811595e-19,0.9302325581395349,0.5674759776446953,0.17675400427451057,726,1.7220537367502917,0.835900906838156,1124,281.4284989122459,0.8684913556484832,925.0,882.1881081081082,0.7181241824971388,323,986.6382352941176,846.0,585.0035688138154,340,0.4652856568234462,0.8173890317607586,0.42908333069536003,4,243.25
haar,1.0,smooth,4.689601928132895e-27,320.53603894590907,4916497.513525565,0.5339805825242718,153.37455796706374,206,smoothed,5.1583333074234454e-14,-2.1415171858052476e-10,6.251701695249963,31688.2373984353,0.9479708511035823,0.0001496656645132027,0.9999999999999999,362.4000000000001,,,,[],[],11,426.60000000000014,32.19999999999999,728.4,"[9, 31, 53, 64, 80, 102, 131, 148, 158, 175, 192]","[311.0000000000001, 417.80000000000007, 589.6, 432.20000000000005, 728.4, 371.00000000000017, 587.0, 32.19999999999999, 448.2000000000001, 368.0000000000001, 407.2000000000001]","[1, 1, 1, 60, 1, 94, 120, 144, 144, 165, 186]","[20, 40, 75, 75, 203, 120, 203, 149, 203, 186, 203]",30736475.84000001,728.4,-728.4,0.0,,,,DWT,mdp.39015067403892,1.4901161193847656e-08,,0.0,33.0,11.0,0.0,33.0,,0.0,168.4000000000002,987.7999999999975,168.4000000000001,,0.0,168.4000000000002,,,28.0,0.0,33.0,0.0,0.0,,1.1368683772161603e-13,6.448443672150608e-14,8.936698749923184e-27,0.9826231854125504,0.16928993321880254,0.04283952183663018,0.14362142418571724,0.026847626163012936,,0.999999664709775,4.406097391567225e-09,4.406097391567225e-09,3.6787861342541454e-09,,1.2251610931599486e-12,0.9999999955939026,0.0,,,,,,3.1786782849947497e-13,1.0,1.0,0.0,0.0,0.9999999009579496,0.3759218679540702,223,0.763826258914758,0.3877700450761808,627,0,0.3333333060663501,0.47426771797521566,219,0.0,0.19503167011668257,0.3440886508880504,635,236.74177212031395,0.7518430061631929,426.0,327.3264976795149,0.6526510628300242,446,haar,0.6445592013380003,0.05883501061488047,0.5311580558789356,2,335.0,4.682859177247569e-14,0.9999999999705136,2.5217953756619697e-27,0.9689278412429513,0.7634340703454832,0.00011222294860600292,0.11785896780786931,0.00026149349854409426,0.9999999997234015,2.0315811923354854e-05,4.745570603148508e-11,4.745570603148508e-11,3.962224992548613e-11,,1.2251610931599486e-12,0.003126132840347795,0.0,,,,,0.0,,1.4749084227875944e-13,1.0,1.0,0.0,0.0,1.0,0.40156916120479735,0.11457677215662576,1085,1.7103780357959095,0.7906823726480132,637,316.7838379715733,0.8339707348157372,861.0,802.7235772357724,0.6913564365902586,391,0.12852368039351705,0.2769787579518756,0.8269397963389753,1,293.5,,,,,,,,,,,,,3.144248679037427e-19,0.999999999971583,2.5217953756619697e-27,0.9774614934208818,0.23600481549780045,0.001287670537457888,0.08916249492626177,0.9999999999999999,0.00026149349854409426,0.9999999999999541,9.960751159770423e-05,3.843648489765261e-14,3.843648489765261e-14,3.209173378426744e-14,,0.0,9.572760819061336e-19,0.004567040150618456,0.0,,,,,0.13043478260869565,,4.666576700876887e-21,1.0,1.0,0.0,0.0,1.0,0.4544873153722995,0.14156097535167125,1065,1.840892734431537,0.8935864620618573,382,482.95393155041194,0.7743205927334523,723.5,562.3082239115411,0.7181182402919598,324,327.0,268.5,438.5491630604859,20,0.1542089129922188,0.6127574170194295,0.7082265357996179,2,243.5
coif4,1.0,antireflect,7.24399959676579e-27,318.64761456778564,5340206.156133103,0.5219298245614035,93.39100905977463,206,smoothed,5.637992769518782e-14,-2.0004282674790414e-10,6.359018752045932,72488.8467174329,0.9920844374807183,0.00014966566451320274,0.9999999999999999,362.4,,,,[],[],11,426.59999999999985,32.19999999999993,728.4,"[9, 31, 53, 64, 80, 102, 131, 148, 158, 175, 192]","[310.9999999999999, 417.80000000000007, 589.5999999999999, 432.1999999999997, 728.4, 371.0, 587.0, 32.19999999999993, 448.1999999999999, 367.9999999999999, 407.2]","[1, 1, 1, 60, 1, 94, 120, 144, 144, 165, 186]","[20, 40, 75, 75, 203, 120, 203, 149, 203, 186, 203]",30736475.83999999,728.4,-728.4,0.0,,,,DWT,mdp.39015067403892,7.450580596923828e-09,,0.0,33.0,11.0,0.0,33.0,,0.0,168.39999999999992,987.8000000000002,168.39999999999995,,0.0,168.39999999999992,,,27.999999999999943,0.0,33.0,0.0,0.0,,0.0,7.502188323335623e-14,1.641239808052584e-26,0.975448281488486,0.32408449183690885,0.22467615057342746,0.060844968021175325,0.3652002847613034,,0.9999996646602125,4.405801664454926e-09,4.405801664454926e-09,3.6786382706978885e-09,,0.0,0.9999999955941608,0.0,,,,,,1.5893391424973748e-13,1.0,1.0,0.0,0.0,0.9999999009422961,0.3759218679481857,286,1.0300673912112737,0.5229321119294948,189,0,0.3333333060620645,0.4742677179691181,288,0.0,0.2786077395259109,0.4915394569665837,188,56.87632782332793,0.9403812077323607,237.75,227.54578291165018,0.8455836856271866,94,coif,0.5556920286951962,0.9053407607371553,0.33941335169221604,4,71.5,5.28891722915072e-14,0.9999999999705138,4.3294563081748046e-27,0.9619591277693301,0.8005067299455755,0.0005885644614557087,0.04993074792243768,0.0035570183952835415,0.9999999997236141,2.0315811922300142e-05,4.74525418958649e-11,4.74525418958649e-11,3.9620695613251655e-11,,0.0,0.003126132840348572,0.0,,,,,0.0,,7.374542113937972e-14,1.0,1.0,0.0,0.0,1.0,0.4015691612041456,0.1145767721564398,1219,1.699118230272818,0.7854771317245292,740,338.70414818835627,0.8224821026266477,979.5,920.9392547217967,0.6545586613762169,599,0.4784248188775415,0.776734912893196,0.43208215291776214,2,449.75,,,,,,,,,,,,,3.551178966067011e-19,0.9999999999715831,4.3294563081748046e-27,0.9724066661814462,0.24746530243280604,0.0013990592258119998,0.03777353680507589,0.9999999999999999,0.0035570183952835415,0.9999999999999541,9.960751159770347e-05,3.8433882812438647e-14,3.8433882812438647e-14,3.209043274166046e-14,,0.0,0.0,0.004567040150618468,0.0,,,,,0.13043478260869565,,2.3332883504384434e-21,1.0,1.0,0.0,0.0,1.0,0.4544873153722995,0.14156097535167125,1112,1.824408402609777,0.885584814015477,654,323.85490578343877,0.8486659318768978,883.0,823.6104190260475,0.7180245547234956,325,986.6382352941176,846.0,585.0035688138154,340,0.4652856568234462,0.8173890317607586,0.42908333069536003,4,244.75
coif10,1.0,reflect,1.7099931053694892e-26,314.91745514909763,6050400.895137956,0.5151515151515151,93.2462766411737,206,smoothed,9.116332284533712e-14,-2.1161290497673283e-10,6.606300021217778,29642.798075243725,0.97960898235905,0.00014966566451320263,0.9999999999999996,362.4,,,,[],[],11,426.6,32.19999999999993,728.4000000000001,"[9, 31, 53, 64, 80, 102, 131, 148, 158, 175, 192]","[310.99999999999994, 417.79999999999984, 589.6000000000001, 432.2000000000003, 728.4000000000001, 370.99999999999994, 587.0000000000002, 32.19999999999993, 448.20000000000005, 367.9999999999998, 407.19999999999976]","[1, 1, 1, 60, 1, 94, 120, 144, 144, 165, 186]","[20, 40, 75, 75, 203, 120, 203, 149, 203, 186, 203]",30736475.840000004,728.4000000000001,-728.4000000000001,0.0,,,,DWT,mdp.39015067403892,7.450580596923828e-09,,0.0,33.0,11.0,0.0,33.0,,1.1368683772161603e-13,168.4000000000001,987.7999999999984,168.40000000000003,,0.0,168.4000000000001,,,27.999999999999943,0.0,33.0,1.1368683772161603e-13,1.1368683772161603e-13,,0.0,1.5143613018558152e-13,4.52567636622028e-26,0.9612758657113044,0.6807639988863308,0.5294596836458649,0.014284873339481807,0.009885138480724559,,0.9999996646602125,4.4059791007223055e-09,4.4059791007223055e-09,3.6787269888316428e-09,,0.0,0.9999999955939887,7.585973278963461e-14,,,,,,1.5893391424973748e-13,1.0,1.0,1.7477015598164352e-13,1.7477015598164352e-13,0.999999900942451,0.3759218679482439,279,1.1915453654210084,0.6049092901258616,129,0,0.33333330606212247,0.4742677179692006,279,0.0,0.3136670800091226,0.5533936222961212,142,83.01957600469903,0.9129773836428732,207.25,182.1273820660163,0.847867098530032,88,coif,0.5556920286951962,0.9053407607371553,0.33941335169221604,4,67.0,9.683859551603436e-14,0.9999999999705129,1.1304166028196674e-26,0.9481939950476284,0.8859300036653872,0.0013869792266433547,0.01172248803827769,9.628037239577808e-05,0.9999999997234397,2.0315811922300142e-05,4.745454029730922e-11,4.745454029730922e-11,3.962169481397382e-11,,0.0,0.0031261328403480726,7.585973278963461e-14,,,,,0.0,,7.374542113937972e-14,1.0,1.0,1.4238426238064856e-13,1.4238426238064856e-13,1.0,0.40156916120424174,0.11457677215646724,1192,1.7173023957194204,0.7938834014374426,572,438.4062043356595,0.7702273562182078,882.0,773.0430839002267,0.6539816026374058,606,0.4784248188775415,0.776734912893196,0.43208215291776214,2,455.0,,,,,,,,,,,,,6.502109384593895e-19,0.9999999999715824,1.1304166028196674e-26,0.9624219870725276,0.2738726959937706,0.0015857621921874468,0.008868279602957052,0.9999999999999997,9.628037239577851e-05,0.9999999999999541,9.960751159770347e-05,3.8435400695480126e-14,3.8435400695480126e-14,3.20911916831812e-14,,0.0,0.0,0.00456704015061846,7.054128794466933e-19,,,,,0.13043478260869565,,2.3332883504384434e-21,1.0,1.0,4.770970844811595e-19,4.770970844811595e-19,1.0,0.4544873153722995,0.14156097535167125,1122,1.8187682453180931,0.8828470291866913,712,289.9137802864845,0.8645262708941661,917.0,871.1712104689204,0.718010798998485,326,986.6382352941176,846.0,585.0035688138154,340,0.4652856568234462,0.8173890317607586,0.42908333069536003,4,245.5
coif9,1.0,reflect,1.408933148562191e-26,315.75849487168574,6036475.2989931805,0.5155038759689923,92.82636303269709,206,smoothed,8.288515505007382e-14,-2.023592626798636e-10,6.585904033349591,29573.24235918201,0.9794301967730392,0.00014966566451320282,0.9999999999999997,362.4,,,,[],[],11,426.6,32.19999999999993,728.3999999999999,"[9, 31, 53, 64, 80, 102, 131, 148, 158, 175, 192]","[311.0000000000003, 417.8000000000002, 589.5999999999999, 432.19999999999993, 728.3999999999999, 371.00000000000006, 587.0000000000001, 32.19999999999993, 448.20000000000005, 367.9999999999998, 407.19999999999993]","[1, 1, 1, 60, 1, 94, 120, 144, 144, 165, 186]","[20, 40, 75, 75, 203, 120, 203, 149, 203, 186, 203]",30736475.839999996,728.3999999999999,-728.3999999999999,0.0,,,,DWT,mdp.39015067403892,0.0,,0.0,33.0,11.0,0.0,33.0,,1.1368683772161603e-13,168.4000000000001,987.7999999999984,168.40000000000003,,0.0,168.4000000000001,,,27.999999999999943,0.0,33.0,1.1368683772161603e-13,1.1368683772161603e-13,,0.0,1.3325015508198407e-13,3.6445944011008415e-26,0.964471322874322,0.6513447431417505,0.5234834461999329,0.01670523393853046,0.009308324510467737,,0.9999996646602125,4.4059791007223055e-09,4.4059791007223055e-09,3.6787269888316428e-09,,0.0,0.9999999955939887,7.585973278963461e-14,,,,,,0.0,1.0,1.0,1.7477015598164352e-13,1.7477015598164352e-13,0.9999999009423715,0.37592186794821403,283,1.1765023117750741,0.5972724152183987,139,0,0.33333330606210926,0.47426771796918177,283,0.0,0.30933043866644816,0.545742613267211,148,80.62412790226013,0.9154883355322221,213.25,190.311804846157,0.8459779203866561,92,coif,0.5556920286951962,0.9053407607371553,0.33941335169221604,4,70.0,8.63789868899306e-14,0.9999999999705143,9.17366642374074e-27,0.9512976220260486,0.8788842130145826,0.0013713238000886486,0.013708690330477724,9.06622554652254e-05,0.9999999997235792,2.0315811922300142e-05,4.745454029730922e-11,4.745454029730922e-11,3.962169481397382e-11,,0.0,0.0031261328403480726,7.585973278963461e-14,,,,,0.0,,0.0,1.0,1.0,1.4238426238064856e-13,1.4238426238064856e-13,1.0,0.4015691612042049,0.11457677215645672,1213,1.716426082537954,0.793478294863923,583,445.47727214752496,0.7665213458346305,898.0,787.5044543429843,0.6479357253282167,657,0.4784248188775415,0.776734912893196,0.43208215291776214,2,493.25,,,,,,,,,,,,,5.799811720686659e-19,0.9999999999715837,9.17366642374074e-27,0.9646732344872694,0.2716945897405001,0.001582101294737799,0.010370878472561185,0.9999999999999997,9.066225546522583e-05,0.9999999999999541,9.960751159770347e-05,3.8435400695480126e-14,3.8435400695480126e-14,3.20911916831812e-14,,0.0,0.0,0.00456704015061846,7.054128794466933e-19,,,,,0.13043478260869565,,0.0,1.0,1.0,4.770970844811595e-19,4.770970844811595e-19,1.0,0.4544873153722995,0.14156097535167125,1121,1.8196269024926477,0.8832638293686809,706,293.4493141924172,0.862874152246534,913.5,866.3667214012041,0.7180024966840146,327,986.6382352941176,846.0,585.0035688138154,340,0.4652856568234462,0.8173890317607586,0.42908333069536003,4,246.25
bior1.1,1.0,periodic,4.689601928132895e-27,320.53603894590907,4916497.513525565,0.5339805825242718,153.37455796706374,206,smoothed,5.1583333074234454e-14,-2.1415171858052476e-10,6.251701695249963,31688.2373984353,0.9479708511035823,0.0001496656645132027,0.9999999999999999,362.4000000000001,,,,[],[],11,426.60000000000014,32.19999999999999,728.4,"[9, 31, 53, 64, 80, 102, 131, 148, 158, 175, 192]","[311.0000000000001, 417.80000000000007, 589.6, 432.20000000000005, 728.4, 371.00000000000017, 587.0, 32.19999999999999, 448.2000000000001, 368.0000000000001, 407.2000000000001]","[1, 1, 1, 60, 1, 94, 120, 144, 144, 165, 186]","[20, 40, 75, 75, 203, 120, 203, 149, 203, 186, 203]",30736475.84000001,728.4,-728.4,0.0,,,,DWT,mdp.39015067403892,1.4901161193847656e-08,,0.0,33.0,11.0,0.0,33.0,,0.0,168.4000000000002,987.7999999999975,168.4000000000001,,0.0,168.4000000000002,,,28.0,0.0,33.0,0.0,0.0,,1.1368683772161603e-13,6.448443672150608e-14,8.936698749923184e-27,0.9826231854125504,0.16928993321880254,0.04283952183663018,0.14362142418571724,0.026847626163012936,,0.999999664709775,4.406097391567225e-09,4.406097391567225e-09,3.6787861342541454e-09,,1.2251610931599486e-12,0.9999999955939026,0.0,,,,,,3.1786782849947497e-13,1.0,1.0,0.0,0.0,0.9999999009579496,0.3759218679540702,232,0.763826258914758,0.3877700450761808,637,0,0.3333333060663501,0.47426771797521566,236,0.0,0.19503167011668257,0.3440886508880504,620,227.87624565393676,0.76113601084493,431.25,340.99448769791354,0.6545459928438486,436,bior,0.8100315533562081,0.7923003667562746,0.1952878026237719,6,328.5,4.682859177247569e-14,0.9999999999705136,2.5217953756619697e-27,0.9689278412429513,0.7634340703454832,0.00011222294860600292,0.11785896780786931,0.00026149349854409426,0.9999999997234015,2.0315811923354854e-05,4.745570603148508e-11,4.745570603148508e-11,3.962224992548613e-11,,1.2251610931599486e-12,0.003126132840347795,0.0,,,,,0.0,,1.4749084227875944e-13,1.0,1.0,0.0,0.0,1.0,0.40156916120479735,0.11457677215662576,1084,1.7103780357959095,0.7906823726480132,644,311.1269837220809,0.8369355431225991,864.0,807.9814814814815,0.6920526772216768,385,0.5943810304597339,0.7715092316736338,0.3524805091760961,5,290.0,,,,,,,,,,,,,3.144248679037427e-19,0.999999999971583,2.5217953756619697e-27,0.9774614934208818,0.23600481549780045,0.001287670537457888,0.08916249492626177,0.9999999999999999,0.00026149349854409426,0.9999999999999541,9.960751159770423e-05,3.843648489765261e-14,3.843648489765261e-14,3.209173378426744e-14,,0.0,9.572760819061336e-19,0.004567040150618456,0.0,,,,,0.13043478260869565,,4.666576700876887e-21,1.0,1.0,0.0,0.0,1.0,0.4544873153722995,0.14156097535167125,1071,1.840892734431537,0.8935864620618573,406,470.2260094890541,0.780268219864928,738.5,588.7962085308056,0.7175873809605013,328,1104.4,1082.5,563.6960149978129,300,0.520820561188399,0.7876173146100969,0.3991404127850916,6,247.5
coif3,1.0,symmetric,6.710238501481556e-27,321.2044129031643,6190101.659513912,0.6261261261261262,284.7649576622112,206,raw,5.084605875496881e-14,-2.125194464852625e-10,6.4416561151030365,61588.30086392361,0.7570177466534306,5.618943883690064e-06,0.9999999999999999,327.00000000000006,,,,[],[],13,661.1538461538462,87.00000000000003,940.0000000000001,"[8, 32, 51, 63, 81, 100, 111, 133, 152, 162, 175, 192, 204]","[878.0, 638.0000000000001, 787.0000000000002, 791.9999999999999, 940.0000000000001, 788.0, 637.0, 675.0, 771.0000000000001, 196.0, 834.0000000000001, 571.9999999999999, 87.00000000000003]","[0, 13, 39, 39, 76, 99, 107, 107, 107, 161, 99, 187, 203]","[76, 39, 61, 76, 205, 164, 119, 142, 164, 164, 205, 205, 205]",37754613.0,941.0000000000001,-941.0000000000001,0.0,,,,DWT,mdp.39015067403892,0.0,,0.0,33.0,19.0,0.0,28.5,,1.1368683772161603e-13,256.3413461538462,4359.0,256.3413461538462,,0.0,256.3413461538462,,,84.00000000000003,0.0,19.5,1.1368683772161603e-13,1.1368683772161603e-13,,5.684341886080802e-14,4.589703287921333e-14,3.95173161358684e-27,0.971394292457678,0.8290537934071626,0.0005110822897798254,0.5173745173745177,0.00031160195152270633,0.9999999997234261,0.4742280246116333,6.6959667625959335e-09,6.6959667625959335e-09,6.082000342865356e-09,,2.859275438170267e-12,0.9999999933040264,1.3612963731558036e-13,,,,,,0.0,1.0,0.0,1.4238426238064856e-13,1.4238426238064856e-13,0.7422684098792379,0.2426715936826214,812,1.6046934609428782,0.7707397035926858,338,0,0.20618566978273942,0.2463543448302984,810,0.0,0.4148306609005166,0.753476300214062,336,273.66646366212524,0.7131378787608751,574.0,476.1414249693857,0.5557303649569574,686,coif,0.5507900112560971,0.8749445204262634,0.351963635992853,2,515.0,4.5897032879213326e-14,0.0001547883299646835,3.95173161358684e-27,0.971394292457678,0.8290537934071626,0.0015440335483101915,0.6372688477951639,0.0026765653616676113,0.999999999723426,0.9919828214562021,0.9855281704452468,0.9855281704452468,0.9855281704451347,,6.125805465799743e-13,0.9999999999667601,7.585973278963461e-14,,,,,1.0,,0.0,1.0,0.25,1.4238426238064856e-13,1.4238426238064856e-13,0.0,2.2095701998213304,0.6304403968408473,817,1.6541600906034495,0.7646936512309461,1093,195.16147160748713,0.8977141134132667,955.0,935.0586387434555,0.6985950021992958,343,0.4784248188775415,0.776734912893196,0.43208215291776214,2,257.75,,,,,,,,,,,,,3.081700293345688e-19,0.036413600438416426,3.95173161358684e-27,0.9792505589108226,0.25629022223525477,0.001622488100845199,0.48210570196769653,0.9999999999999999,0.0026765653616676113,0.9999999999999541,0.0008499884728391225,0.0007982210227401261,0.0007982210227401261,0.0007982210227337874,,0.0,4.786380409530668e-19,0.020163910573049823,7.054128794466933e-19,,,,,0.4782608695652174,,0.0,1.0,0.7906976744186046,4.770970844811595e-19,4.770970844811595e-19,0.9302325581395349,0.5674759776446953,0.17675400427451057,739,1.721343677577796,0.8355562375090105,1129,275.77164466275354,0.8711347454846946,934.0,893.2880085653105,0.7173430736769267,329,986.6382352941176,846.0,585.0035688138154,340,0.4652856568234462,0.8173890317607586,0.42908333069536003,4,247.75
db34,1.0,antisymmetric,1.5946815540199014e-26,317.4450527616332,7609397.510782774,0.6213235294117647,312.21828991129433,206,raw,8.66103305579423e-14,-2.052290559717589e-10,6.817423170564075,164338.2427248173,0.9210915969290133,5.618943883690062e-06,1.0,327.0000000000001,,,,[],[],13,661.1538461538462,86.99999999999997,940.0000000000001,"[8, 32, 51, 63, 81, 100, 111, 133, 152, 162, 175, 192, 204]","[877.9999999999997, 638.0000000000002, 786.9999999999998, 792.0000000000002, 940.0000000000001, 788.0000000000002, 637.0, 674.9999999999999, 771.0, 196.00000000000023, 834.0000000000003, 571.9999999999998, 86.99999999999997]","[0, 13, 42, 42, 76, 99, 107, 107, 107, 161, 99, 187, 203]","[76, 42, 61, 76, 205, 164, 119, 142, 164, 164, 205, 205, 205]",37754613.0,941.0000000000001,-941.0000000000001,0.0,,,,DWT,mdp.39015067403892,0.0,,0.0,33.0,19.0,0.0,28.5,,1.1368683772161603e-13,256.3413461538462,4359.0,256.34134615384613,,0.0,256.3413461538462,,,83.99999999999997,0.0,24.0,1.1368683772161603e-13,1.1368683772161603e-13,,1.1368683772161603e-13,9.108581077167728e-14,1.0488145136063399e-26,0.9575214024579652,0.9588624608450058,0.0021083330695213787,0.4813550420168068,0.008630545184226781,0.999999999723536,0.47422802461156727,6.6959667625959335e-09,6.6959667625959335e-09,6.0819563246244724e-09,,5.718550876340534e-12,0.9999999933040264,1.3612963731558036e-13,,,,,,0.0,1.0,0.5,1.4238426238064856e-13,1.4238426238064856e-13,0.7922684098806345,0.2590182137502113,413,1.650992473201898,0.7929772759725119,203,0,0.24785233644963522,0.29613842720033734,412,0.0,0.4260597229121441,0.7738721698950266,210,118.96918368496384,0.8752943567243565,309.5,275.1693044636376,0.7754354383202495,188,db,0.540986235965534,0.9305070477545101,0.3421575204977732,3,141.75,9.108581077167728e-14,0.0001547883299646835,1.0488145136063399e-26,0.9575214024579652,0.9588624608450059,0.0031396336021918695,0.6101973684210528,0.010975828465648752,0.9999999997235359,0.9919828214562011,0.9855281704452468,0.9855281704452468,0.9855281704451341,,1.2251610931599486e-12,0.9999999999667601,7.585973278963461e-14,,,,,1.0,,0.0,1.0,0.5,1.4238426238064856e-13,1.4238426238064856e-13,0.0,2.2345701998216363,0.6375734627748867,409,1.7040296038414897,0.7877475868081217,707,210.71782079359116,0.8895608905693967,558.0,518.2132616487455,0.7985540301903586,131,0.49117026184683504,0.8233619396015222,0.4091722348267588,4,99.25,,,,,,,,,,,,,6.115845669444915e-19,0.03641360043841641,1.0488145136063399e-26,0.9691877169636411,0.29641873077145336,0.001995606530260164,0.46162562576106086,1.0,0.010975828465648752,0.9999999999999541,0.0008499884728391218,0.0007982210227401261,0.0007982210227401261,0.0007982210227337869,,0.0,9.572760819061336e-19,0.020163910573049823,7.054128794466933e-19,,,,,0.4782608695652174,,0.0,1.0,0.8604651162790697,4.770970844811595e-19,4.770970844811595e-19,0.9302325581395349,0.5744527218307418,0.17892707859001003,412,1.730684460651232,0.8400903405250978,1073,467.39758236430794,0.7815899147830336,742.5,595.3885521885522,0.7173136489803018,330,1009.0473684210526,935.5,610.6543869996938,760,0.4758535102197843,0.8532293215616218,0.41093374637766444,5,248.75
db6,1.0,reflect,5.381827372464333e-27,322.16249483636466,6107545.073031925,0.6296296296296297,309.1382608414244,206,raw,4.422352451875817e-14,-2.042185309747451e-10,6.412368778182494,61695.02712161408,0.7576051127163782,5.618943883690066e-06,1.0,327.0,,,,[],[],13,661.1538461538462,87.00000000000003,940.0,"[8, 32, 51, 63, 81, 100, 111, 133, 152, 162, 175, 192, 204]","[878.0, 637.9999999999998, 787.0, 792.0000000000002, 940.0, 788.0, 637.0, 675.0000000000002, 771.0, 195.99999999999994, 834.0, 572.0, 87.00000000000003]","[0, 13, 42, 42, 76, 99, 107, 107, 107, 161, 99, 187, 203]","[76, 42, 61, 76, 205, 164, 119, 142, 164, 164, 205, 205, 205]",37754613.0,941.0,-941.0,0.0,,,,DWT,mdp.39015067403892,0.0,,0.0,33.0,19.0,0.0,28.5,,0.0,256.3413461538462,4359.0,256.34134615384613,,0.0,256.3413461538462,,,84.00000000000003,0.0,24.0,0.0,0.0,,0.0,3.7529345978330316e-14,3.011659936522995e-27,0.9749298316903164,0.8189364876902091,0.0004181745482308957,0.5436507936507938,0.00032024282920191724,0.9999999997235512,0.4742280246116333,6.6959667625959335e-09,6.6959667625959335e-09,6.0819563246244724e-09,,0.0,0.9999999933040264,0.0,,,,,,0.0,1.0,0.5,0.0,0.0,0.7922684098776702,0.25901821374924217,553,1.61222364461484,0.7743564763113308,314,0,0.24785233644912913,0.29613842719973266,549,0.0,0.4172819412665426,0.7579286752072006,310,138.00603851522825,0.8553395822691527,431.5,398.3932118047135,0.7015167513022913,336,db,0.540986235965534,0.9305070477545101,0.3421575204977732,3,252.75,3.752934597833031e-14,0.0001547883299646835,3.0116599365229944e-27,0.9749298316903164,0.8189364876902091,0.0014512218250030448,0.6570175438596493,0.0026851857976175966,0.9999999997235511,0.9919828214562021,0.9855281704452468,0.9855281704452468,0.9855281704451341,,0.0,0.9999999999667601,0.0,,,,,1.0,,0.0,1.0,0.5,0.0,0.0,0.0,2.234570199820929,0.6375734627746849,553,1.6590792820231237,0.7669677203909887,1062,359.9173516239527,0.8113640714759158,807.5,727.2891640866873,0.6940730210629055,365,0.49117026184683504,0.8233619396015222,0.4091722348267588,4,274.75,,,,,,,,,,,,,2.5198621622198995e-19,0.03641360043841643,3.0116599365229944e-27,0.9818150982747789,0.2531626006608287,0.0016007848147695852,0.4970459567942995,1.0,0.0026851857976175966,0.9999999999999541,0.0008499884728391225,0.0007982210227401261,0.0007982210227401261,0.0007982210227337869,,0.0,0.0,0.020163910573049823,0.0,,,,,0.4782608695652174,,0.0,1.0,0.8604651162790697,0.0,0.0,0.9302325581395349,0.5744527218307418,0.17892707859001003,533,1.7272872888709399,0.8384413217336226,1095,397.39401102683973,0.8143018640061497,814.0,716.9963144963145,0.7169640161152244,331,1009.0473684210526,935.5,610.6543869996938,760,0.4758535102197843,0.8532293215616218,0.41093374637766444,5,249.5
bior1.1,1.0,antisymmetric,4.689601928132895e-27,320.53603894590907,4916497.513525565,0.5339805825242718,153.37455796706374,206,smoothed,5.1583333074234454e-14,-2.1415171858052476e-10,6.251701695249963,31688.2373984353,0.9479708511035823,0.0001496656645132027,0.9999999999999999,362.4000000000001,,,,[],[],11,426.60000000000014,32.19999999999999,728.4,"[9, 31, 53, 64, 80, 102, 131, 148, 158, 175, 192]","[311.0000000000001, 417.80000000000007, 589.6, 432.20000000000005, 728.4, 371.00000000000017, 587.0, 32.19999999999999, 448.2000000000001, 368.0000000000001, 407.2000000000001]","[1, 1, 1, 60, 1, 94, 120, 144, 144, 165, 186]","[20, 40, 75, 75, 203, 120, 203, 149, 203, 186, 203]",30736475.84000001,728.4,-728.4,0.0,,,,DWT,mdp.39015067403892,1.4901161193847656e-08,,0.0,33.0,11.0,0.0,33.0,,0.0,168.4000000000002,987.7999999999975,168.4000000000001,,0.0,168.4000000000002,,,28.0,0.0,33.0,0.0,0.0,,1.1368683772161603e-13,6.448443672150608e-14,8.936698749923184e-27,0.9826231854125504,0.16928993321880254,0.04283952183663018,0.14362142418571724,0.026847626163012936,,0.999999664709775,4.406097391567225e-09,4.406097391567225e-09,3.6787861342541454e-09,,1.2251610931599486e-12,0.9999999955939026,0.0,,,,,,3.1786782849947497e-13,1.0,1.0,0.0,0.0,0.9999999009579496,0.3759218679540702,233,0.763826258914758,0.3877700450761808,634,0,0.3333333060663501,0.47426771797521566,227,0.0,0.19503167011668257,0.3440886508880504,640,235.00709209156506,0.7536613290444811,433.5,337.92577550261694,0.6496294066606053,459,bior,0.8100315533562081,0.7923003667562746,0.1952878026237719,6,345.75,4.682859177247569e-14,0.9999999999705136,2.5217953756619697e-27,0.9689278412429513,0.7634340703454832,0.00011222294860600292,0.11785896780786931,0.00026149349854409426,0.9999999997234015,2.0315811923354854e-05,4.745570603148508e-11,4.745570603148508e-11,3.962224992548613e-11,,1.2251610931599486e-12,0.003126132840347795,0.0,,,,,0.0,,1.4749084227875944e-13,1.0,1.0,0.0,0.0,1.0,0.40156916120479735,0.11457677215662576,1075,1.7103780357959095,0.7906823726480132,625,318.1980515339464,0.8332295327390218,850.0,790.4411764705882,0.6938684351326136,368,0.5943810304597339,0.7715092316736338,0.3524805091760961,5,277.25,,,,,,,,,,,,,3.144248679037427e-19,0.999999999971583,2.5217953756619697e-27,0.9774614934208818,0.23600481549780045,0.001287670537457888,0.08916249492626177,0.9999999999999999,0.00026149349854409426,0.9999999999999541,9.960751159770423e-05,3.843648489765261e-14,3.843648489765261e-14,3.209173378426744e-14,,0.0,9.572760819061336e-19,0.004567040150618456,0.0,,,,,0.13043478260869565,,4.666576700876887e-21,1.0,1.0,0.0,0.0,1.0,0.4544873153722995,0.14156097535167125,1069,1.840892734431537,0.8935864620618573,378,488.61078579990436,0.771677202897241,723.5,558.5100207325502,0.7167965453738541,332,1104.4,1082.5,563.6960149978129,300,0.520820561188399,0.7876173146100969,0.3991404127850916,6,250.5
db1,1.0,smooth,4.689601928132895e-27,320.53603894590907,4916497.513525565,0.5339805825242718,153.37455796706374,206,smoothed,5.1583333074234454e-14,-2.1415171858052476e-10,6.251701695249963,31688.2373984353,0.9479708511035823,0.0001496656645132027,0.9999999999999999,362.4000000000001,,,,[],[],11,426.60000000000014,32.19999999999999,728.4,"[9, 31, 53, 64, 80, 102, 131, 148, 158, 175, 192]","[311.0000000000001, 417.80000000000007, 589.6, 432.20000000000005, 728.4, 371.00000000000017, 587.0, 32.19999999999999, 448.2000000000001, 368.0000000000001, 407.2000000000001]","[1, 1, 1, 60, 1, 94, 120, 144, 144, 165, 186]","[20, 40, 75, 75, 203, 120, 203, 149, 203, 186, 203]",30736475.84000001,728.4,-728.4,0.0,,,,DWT,mdp.39015067403892,1.4901161193847656e-08,,0.0,33.0,11.0,0.0,33.0,,0.0,168.4000000000002,987.7999999999975,168.4000000000001,,0.0,168.4000000000002,,,28.0,0.0,33.0,0.0,0.0,,1.1368683772161603e-13,6.448443672150608e-14,8.936698749923184e-27,0.9826231854125504,0.16928993321880254,0.04283952183663018,0.14362142418571724,0.026847626163012936,,0.999999664709775,4.406097391567225e-09,4.406097391567225e-09,3.6787861342541454e-09,,1.2251610931599486e-12,0.9999999955939026,0.0,,,,,,3.1786782849947497e-13,1.0,1.0,0.0,0.0,0.9999999009579496,0.3759218679540702,211,0.763826258914758,0.3877700450761808,626,0,0.3333333060663501,0.47426771797521566,220,0.0,0.19503167011668257,0.3440886508880504,636,239.95190490318402,0.7484780871035808,423.25,321.1674521203217,0.6524099030905745,447,db,0.573477938514061,0.8443824841957417,0.34525069778143475,3,336.0,4.682859177247569e-14,0.9999999999705136,2.5217953756619697e-27,0.9689278412429513,0.7634340703454832,0.00011222294860600292,0.11785896780786931,0.00026149349854409426,0.9999999997234015,2.0315811923354854e-05,4.745570603148508e-11,4.745570603148508e-11,3.962224992548613e-11,,1.2251610931599486e-12,0.003126132840347795,0.0,,,,,0.0,,1.4749084227875944e-13,1.0,1.0,0.0,0.0,1.0,0.40156916120479735,0.11457677215662576,1083,1.7103780357959095,0.7906823726480132,636,316.07673119038674,0.834341335854095,859.5,801.3821989528795,0.6919348188704437,387,0.49117026184683504,0.8233619396015222,0.4091722348267588,4,291.25,,,,,,,,,,,,,3.144248679037427e-19,0.999999999971583,2.5217953756619697e-27,0.9774614934208818,0.23600481549780045,0.001287670537457888,0.08916249492626177,0.9999999999999999,0.00026149349854409426,0.9999999999999541,9.960751159770423e-05,3.843648489765261e-14,3.843648489765261e-14,3.209173378426744e-14,,0.0,9.572760819061336e-19,0.004567040150618456,0.0,,,,,0.13043478260869565,,4.666576700876887e-21,1.0,1.0,0.0,0.0,1.0,0.4544873153722995,0.14156097535167125,1070,1.840892734431537,0.8935864620618573,381,487.19657223753126,0.7723380503562938,725.5,561.9159200551344,0.7166596793837543,333,1009.0473684210526,935.5,610.6543869996938,760,0.4758535102197843,0.8532293215616218,0.41093374637766444,5,251.0
coif8,1.0,periodization,2.5105433924929675e-26,313.24972142079554,4963242.368395041,0.529126213592233,101.37303053218004,206,smoothed,1.1342461958088201e-13,-2.1727650789671365e-10,6.192821860911708,31688.237398435303,0.9836952410938073,0.00014966566451320252,0.9999999999999997,362.4,,,,[],[],11,426.60000000000014,32.200000000000045,728.4000000000001,"[9, 31, 53, 64, 80, 102, 131, 148, 158, 175, 192]","[311.0000000000002, 417.8000000000002, 589.5999999999999, 432.2000000000004, 728.4000000000001, 371.0000000000002, 587.0, 32.200000000000045, 448.2000000000003, 368.0000000000002, 407.2]","[1, 1, 1, 60, 1, 94, 120, 144, 144, 165, 186]","[20, 40, 75, 75, 203, 120, 203, 149, 203, 186, 203]",30736475.840000004,728.4000000000001,-728.4000000000001,0.0,,,,DWT,mdp.39015067403892,7.450580596923828e-09,,0.0,33.0,11.0,0.0,33.0,,1.1368683772161603e-13,168.4000000000002,987.7999999999975,168.40000000000015,,0.0,168.4000000000002,,,28.000000000000057,0.0,33.0,1.1368683772161603e-13,1.1368683772161603e-13,,0.0,2.0034108092094393e-13,6.868566558711618e-26,0.9549394566868773,0.08436142101383648,0.06290030409480422,0.11027684467067218,0.026847626163012964,,0.9999996647593375,4.406097391567225e-09,4.406097391567225e-09,3.6788452796766485e-09,,0.0,0.9999999955939026,7.585973278963461e-14,,,,,,1.5893391424973748e-13,1.0,1.0,1.7477015598164352e-13,1.7477015598164352e-13,0.9999999009722519,0.37592186795944676,126,0.7014443248999809,0.35610074190346935,800,0,0.3333333060704053,0.4742677179809854,124,0.0,0.1770465218042005,0.3123579816323288,828,397.95937816147347,0.5828518048621871,469.5,216.69935581522617,0.5453567200411564,761,coif,0.5556920286951962,0.9053407607371553,0.33941335169221604,4,571.75,1.249661301495547e-13,0.9999999999705123,1.6969389952862803e-26,0.9420396800337647,0.743094041268074,0.00016477442536945983,0.09049565661727149,0.0002614934985440947,0.9999999997233543,2.0315811924354055e-05,4.745570603148508e-11,4.745570603148508e-11,3.9622916059300906e-11,,0.0,0.003126132840347795,7.585973278963461e-14,,,,,0.0,,7.374542113937972e-14,1.0,1.0,1.4238426238064856e-13,1.4238426238064856e-13,1.0,0.4015691612042433,0.11457677215646768,1186,1.6731560757938397,0.7734752131586489,963,157.6848122046001,0.9173559684462264,1074.5,1062.9297347603538,0.6771004160889413,474,0.4784248188775415,0.776734912893196,0.43208215291776214,2,356.0,,,,,,,,,,,,,8.39069839119323e-19,0.9999999999715816,1.6969389952862803e-26,0.9579578920440974,0.22971698397953785,0.0012999592838926334,0.06846164253822229,0.9999999999999997,0.0002614934985440951,0.9999999999999541,9.960751159770499e-05,3.843648489765261e-14,3.843648489765261e-14,3.209227588535368e-14,,0.0,0.0,0.004567040150618456,7.054128794466933e-19,,,,,0.13043478260869565,,2.3332883504384434e-21,1.0,1.0,4.770970844811595e-19,4.770970844811595e-19,1.0,0.4544873153722995,0.14156097535167125,1128,1.8177724612643364,0.8823636663416266,717,290.62088706767105,0.8641958471646397,922.5,876.7219512195123,0.7165605404047497,334,986.6382352941176,846.0,585.0035688138154,340,0.4652856568234462,0.8173890317607586,0.42908333069536003,4,251.5
db25,1.0,antireflect,1.0916885231635042e-26,319.0908050222871,6681393.246271374,0.6220472440944882,295.2113981254643,206,raw,7.72456532395507e-14,-2.1098256475227412e-10,6.68932414308885,128307.07501029146,0.8972329519243506,5.618943883690066e-06,1.0,327.0000000000001,,,,[],[],13,661.1538461538462,86.99999999999994,940.0000000000001,"[8, 32, 51, 63, 81, 100, 111, 133, 152, 162, 175, 192, 204]","[878.0000000000001, 638.0, 786.9999999999999, 792.0000000000001, 940.0000000000001, 788.0000000000002, 637.0, 674.9999999999999, 770.9999999999999, 195.99999999999994, 834.0000000000002, 572.0, 86.99999999999994]","[0, 13, 39, 39, 76, 99, 107, 107, 107, 161, 164, 187, 203]","[76, 39, 61, 76, 205, 164, 119, 142, 164, 164, 205, 205, 205]",37754613.0,941.0000000000001,-941.0000000000001,0.0,,,,DWT,mdp.39015067403892,0.0,,0.0,33.0,19.0,0.0,28.5,,1.1368683772161603e-13,256.3413461538462,4359.0,256.34134615384613,,0.0,256.3413461538462,,,83.99999999999994,0.0,24.0,1.1368683772161603e-13,1.1368683772161603e-13,,1.1368683772161603e-13,7.92533785133974e-14,6.928633387479807e-27,0.9635946008798466,0.9146106728955785,0.0010639732668987103,0.48678290213723285,0.005713353861325791,0.9999999997234493,0.47422802461153424,6.6959667625959335e-09,6.6959667625959335e-09,6.0819563246244724e-09,,5.718550876340534e-12,0.9999999933040264,1.3612963731558036e-13,,,,,,0.0,1.0,0.5,1.4238426238064856e-13,1.4238426238064856e-13,0.7922684098806246,0.25901821375020806,419,1.6329925858979737,0.7843318691437356,237,0,0.24785233644963245,0.296138427200334,419,0.0,0.42147068784555136,0.7655368912152327,252,100.9335590045914,0.8941996236849147,331.75,308.6197589559073,0.7732266462240087,195,db,0.540986235965534,0.9305070477545101,0.3421575204977732,3,147.0,7.925337851339739e-14,0.0001547883299646835,6.928633387479807e-27,0.9635946008798466,0.9146106728955786,0.002096353123965263,0.6142768338168256,0.008065538343914568,0.9999999997234492,0.9919828214562006,0.9855281704452468,0.9855281704452468,0.9855281704451341,,1.2251610931599486e-12,0.9999999999667601,7.585973278963461e-14,,,,,1.0,,0.0,1.0,0.5,1.4238426238064856e-13,1.4238426238064856e-13,0.0,2.234570199821636,0.6375734627748866,426,1.6854936587903688,0.7791786946067709,885,324.5620125646253,0.8298941233938022,655.5,575.1487414187643,0.7431703321371527,230,0.49117026184683504,0.8233619396015222,0.4091722348267588,4,173.5,,,,,,,,,,,,,5.321371437149855e-19,0.03641360043841643,6.928633387479807e-27,0.9735929732465446,0.282738918124729,0.001751643657152821,0.46471181698959263,1.0,0.008065538343914566,0.9999999999999541,0.0008499884728391214,0.0007982210227401261,0.0007982210227401261,0.0007982210227337869,,0.0,9.572760819061336e-19,0.020163910573049823,7.054128794466933e-19,,,,,0.4782608695652174,,0.0,1.0,0.8604651162790697,4.770970844811595e-19,4.770970844811595e-19,0.9302325581395349,0.5744527218307418,0.17892707859001003,554,1.7264360871037772,0.8380281404757507,1101,386.7874093090415,0.819258219949046,827.5,737.1045317220544,0.716287988479196,335,1009.0473684210526,935.5,610.6543869996938,760,0.4758535102197843,0.8532293215616218,0.41093374637766444,5,252.5
db34,1.0,reflect,1.7734696022866907e-26,316.9835549789899,7639530.084389232,0.6213235294117647,307.6362913640822,206,raw,8.995609004186124e-14,-2.0555357416185672e-10,6.8083591079105155,58812.79110636987,0.783893949286541,5.618943883690062e-06,1.0,327.0,,,,[],[],13,661.1538461538462,86.99999999999983,940.0000000000001,"[8, 32, 51, 63, 81, 100, 111, 133, 152, 162, 175, 192, 204]","[878.0000000000003, 638.0000000000002, 786.9999999999997, 792.0000000000002, 940.0000000000001, 788.0000000000002, 637.0, 674.9999999999999, 771.0, 196.00000000000023, 833.9999999999999, 572.0, 86.99999999999983]","[0, 13, 42, 42, 76, 99, 107, 107, 107, 161, 99, 187, 203]","[76, 42, 61, 76, 205, 164, 119, 142, 164, 164, 205, 205, 205]",37754613.0,941.0000000000001,-941.0000000000001,0.0,,,,DWT,mdp.39015067403892,0.0,,0.0,33.0,19.0,0.0,28.5,,1.1368683772161603e-13,256.3413461538462,4359.0,256.34134615384613,,0.0,256.3413461538462,,,83.99999999999983,0.0,24.0,1.1368683772161603e-13,1.1368683772161603e-13,,0.0,9.53132359247276e-14,1.1753367752027747e-26,0.9558183711620293,0.9557312818937589,0.0021422437419477847,0.4813550420168068,8.688836340053636e-05,0.9999999997235312,0.4742280246114022,6.6959667625959335e-09,6.6959667625959335e-09,6.0819563246244724e-09,,0.0,0.9999999933040264,1.3612963731558036e-13,,,,,,0.0,1.0,0.5,1.4238426238064856e-13,1.4238426238064856e-13,0.7922684098777257,0.2590182137492603,536,1.6450045575565948,0.7901012598099688,209,0,0.2478523364491449,0.2961384271997515,536,0.0,0.42439172836269623,0.7708425135066416,226,184.01698291190408,0.807110080805132,376.75,309.0996373936294,0.70609696912374,324,db,0.540986235965534,0.9305070477545101,0.3421575204977732,3,243.75,9.531323592472758e-14,0.0001547883299646835,1.1753367752027747e-26,0.9558183711620293,0.955731281893759,0.003173509228635134,0.6101973684210528,0.0024523833786082878,0.999999999723531,0.9919828214561985,0.9855281704452468,0.9855281704452468,0.9855281704451341,,0.0,0.9999999999667601,7.585973278963461e-14,,,,,1.0,,0.0,1.0,0.5,1.4238426238064856e-13,1.4238426238064856e-13,0.0,2.234570199821023,0.6375734627747117,533,1.6980497553667093,0.7849831916386558,758,159.0990257669732,0.9166147663695109,645.5,625.8931061192874,0.7891511986983824,143,0.49117026184683504,0.8233619396015222,0.4091722348267588,4,108.25,,,,,,,,,,,,,6.399690975274091e-19,0.03641360043841641,1.1753367752027747e-26,0.9679524058812018,0.29545077120639857,0.0020035280770808787,0.46162562576106086,1.0,0.0024523833786082878,0.9999999999999541,0.0008499884728391198,0.0007982210227401261,0.0007982210227401261,0.0007982210227337869,,0.0,0.0,0.020163910573049823,7.054128794466933e-19,,,,,0.4782608695652174,,0.0,1.0,0.8604651162790697,4.770970844811595e-19,4.770970844811595e-19,0.9302325581395349,0.5744527218307418,0.17892707859001003,571,1.726053876957835,0.8378426121145982,1105,377.59502115361636,0.8235537284328895,838.0,752.9295942720763,0.7159824716930803,336,1009.0473684210526,935.5,610.6543869996938,760,0.4758535102197843,0.8532293215616218,0.41093374637766444,5,253.25
db25,1.0,antisymmetric,1.2370981815847697e-26,318.5477507832611,6804287.497119899,0.6220472440944882,298.3920431729356,206,raw,7.879349815543588e-14,-2.1176327358319053e-10,6.692556964254903,133458.86537270297,0.9016903152996034,5.618943883690066e-06,1.0,327.0000000000001,,,,[],[],13,661.1538461538462,87.0,940.0000000000001,"[8, 32, 51, 63, 81, 100, 111, 133, 152, 162, 175, 192, 204]","[878.0, 637.9999999999998, 786.9999999999999, 792.0000000000001, 940.0000000000001, 788.0000000000002, 637.0, 674.9999999999999, 770.9999999999999, 196.0, 834.0000000000002, 572.0000000000003, 87.0]","[0, 13, 39, 39, 76, 99, 107, 107, 107, 161, 164, 187, 203]","[76, 39, 61, 76, 205, 164, 119, 142, 164, 164, 205, 205, 205]",37754613.0,941.0000000000001,-941.0000000000001,0.0,,,,DWT,mdp.39015067403892,0.0,,0.0,33.0,19.0,0.0,28.5,,1.1368683772161603e-13,256.3413461538462,4359.0,256.34134615384613,,0.0,256.3413461538462,,,84.0,0.0,24.0,1.1368683772161603e-13,1.1368683772161603e-13,,1.1368683772161603e-13,8.120910741796579e-14,7.957648415037496e-27,0.9615906077963808,0.9157274504350978,0.0012022763119037903,0.48678290213723285,0.006130458248885593,0.9999999997234376,0.4742280246116003,6.6959667625959335e-09,6.6959667625959335e-09,6.0819563246244724e-09,,5.718550876340534e-12,0.9999999933040264,1.3612963731558036e-13,,,,,,0.0,1.0,0.5,1.4238426238064856e-13,1.4238426238064856e-13,0.7922684098806445,0.25901821375021455,397,1.6325845720951762,0.7841358987325113,238,0,0.24785233644963794,0.2961384272003406,402,0.0,0.42142921183162746,0.76546155639439,257,88.12302007232087,0.9076278615594121,323.5,305.3625061022597,0.7842646645323266,168,db,0.540986235965534,0.9305070477545101,0.3421575204977732,3,126.75,8.120910741796578e-14,0.0001547883299646835,7.957648415037496e-27,0.9615906077963807,0.9157274504350978,0.00223451323561524,0.6142768338168256,0.008481655987388197,0.9999999997234374,0.9919828214562016,0.9855281704452468,0.9855281704452468,0.9855281704451341,,1.2251610931599486e-12,0.9999999999667601,7.585973278963461e-14,,,,,1.0,,0.0,1.0,0.5,1.4238426238064856e-13,1.4238426238064856e-13,0.0,2.2345701998216363,0.6375734627748867,420,1.6850851788232595,0.7789898603825154,889,331.6330803764908,0.826188113010225,654.5,570.4812834224598,0.7415793814527016,234,0.49117026184683504,0.8233619396015222,0.4091722348267588,4,176.5,,,,,,,,,,,,,5.452686469099178e-19,0.03641360043841643,7.957648415037496e-27,0.9721393564686001,0.28308415406245324,0.0017839513045117114,0.46471181698959263,1.0,0.008481655987388197,0.9999999999999541,0.0008499884728391221,0.0007982210227401261,0.0007982210227401261,0.0007982210227337869,,0.0,9.572760819061336e-19,0.020163910573049823,7.054128794466933e-19,,,,,0.4782608695652174,,0.0,1.0,0.8604651162790697,4.770970844811595e-19,4.770970844811595e-19,0.9302325581395349,0.5744527218307418,0.17892707859001003,573,1.7259191358869415,0.8377772075450749,1106,376.8879143724298,0.823884152162416,839.5,754.8993448481239,0.7157972162681239,337,1009.0473684210526,935.5,610.6543869996938,760,0.4758535102197843,0.8532293215616218,0.41093374637766444,5,254.0
coif10,1.0,periodization,3.67720330580673e-26,313.8166160497882,6007019.005710376,0.6456310679611651,308.09867847277246,206,raw,1.2534900287261926e-13,-2.192737103001748e-10,6.285082994428654,63117.308605900645,0.7666460224767365,5.618943883690066e-06,1.0,327.0000000000002,,,,[],[],13,661.1538461538463,86.99999999999991,940.0,"[8, 32, 51, 63, 81, 100, 111, 133, 152, 162, 175, 192, 204]","[878.0000000000002, 638.0000000000001, 787.0000000000001, 792.0000000000001, 940.0, 788.0000000000001, 637.0000000000001, 675.0000000000003, 771.0000000000002, 196.0, 834.0000000000005, 572.0, 86.99999999999991]","[0, 13, 39, 39, 76, 99, 107, 107, 107, 161, 164, 187, 203]","[76, 39, 61, 76, 205, 164, 119, 142, 164, 164, 205, 205, 205]",37754613.0,941.0,-941.0,0.0,,,,DWT,mdp.39015067403892,0.0,,0.0,33.0,19.0,0.0,28.5,,0.0,256.3413461538463,4358.999999999998,256.34134615384625,,0.0,256.3413461538463,,,83.99999999999991,0.0,24.0,0.0,0.0,,2.2737367544323206e-13,1.4003279531314185e-13,2.5225448015876892e-26,0.9441316495534074,0.7749656346504309,0.0003050442665703468,0.6636615811373097,0.00043539500072065546,0.9999999997233243,0.47422802461150126,6.696054799077647e-09,6.696054799077647e-09,6.082044361106239e-09,,1.1437101752681067e-11,0.9999999933039181,0.0,,,,,,0.0,1.0,0.5,0.0,0.0,0.7922684098833742,0.259018213751107,267,1.6197531195351291,0.7779729086141474,287,0,0.2478523364500842,0.2961384272008738,267,0.0,0.4229374130414879,0.7682009726784157,237,20.615528128088304,0.9783904317315636,264.5,263.2554630253745,0.8505683814842304,43,coif,0.5507900112560971,0.8749445204262634,0.351963635992853,2,32.75,1.4003279531314185e-13,0.0001547883299646835,2.5225448015876895e-26,0.9441316495534074,0.774965634650431,0.001338208461163943,0.7472151251916201,0.002800065553578875,0.9999999997233242,0.9919828214562001,0.9855281704452481,0.9855281704452481,0.9855281704451354,,2.4503221863198973e-12,0.9999999999667596,0.0,,,,,1.0,,0.0,1.0,0.5,0.0,0.0,0.0,2.2345701998221545,0.6375734627750346,268,1.6546834239742827,0.7649355804785605,1089,580.5346673541555,0.6957365475083042,678.5,430.14296241709656,0.6700642905256405,497,0.4784248188775415,0.776734912893196,0.43208215291776214,2,373.25,,,,,,,,,,,,,9.402331247211604e-19,0.03641360043841643,2.5225448015876895e-26,0.9594753234253685,0.23956963505708295,0.0015743575351289474,0.5652820998511706,1.0,0.002800065553578875,0.9999999999999541,0.000849988472839121,0.0007982210227401272,0.0007982210227401272,0.0007982210227337879,,0.0,1.9145521638122673e-18,0.020163910573049813,0.0,,,,,0.4782608695652174,,0.0,1.0,0.8604651162790697,0.0,0.0,0.9302325581395349,0.5744527218307418,0.17892707859001003,287,1.7344141366447334,0.8419007599554831,1057,544.4722215136416,0.7455737282646535,672.0,451.4270833333333,0.7157775183379342,338,986.6382352941176,846.0,585.0035688138154,340,0.4652856568234462,0.8173890317607586,0.42908333069536003,4,254.5
haar,1.0,periodic,4.689601928132895e-27,320.53603894590907,4916497.513525565,0.5339805825242718,153.37455796706374,206,smoothed,5.1583333074234454e-14,-2.1415171858052476e-10,6.251701695249963,31688.2373984353,0.9479708511035823,0.0001496656645132027,0.9999999999999999,362.4000000000001,,,,[],[],11,426.60000000000014,32.19999999999999,728.4,"[9, 31, 53, 64, 80, 102, 131, 148, 158, 175, 192]","[311.0000000000001, 417.80000000000007, 589.6, 432.20000000000005, 728.4, 371.00000000000017, 587.0, 32.19999999999999, 448.2000000000001, 368.0000000000001, 407.2000000000001]","[1, 1, 1, 60, 1, 94, 120, 144, 144, 165, 186]","[20, 40, 75, 75, 203, 120, 203, 149, 203, 186, 203]",30736475.84000001,728.4,-728.4,0.0,,,,DWT,mdp.39015067403892,1.4901161193847656e-08,,0.0,33.0,11.0,0.0,33.0,,0.0,168.4000000000002,987.7999999999975,168.4000000000001,,0.0,168.4000000000002,,,28.0,0.0,33.0,0.0,0.0,,1.1368683772161603e-13,6.448443672150608e-14,8.936698749923184e-27,0.9826231854125504,0.16928993321880254,0.04283952183663018,0.14362142418571724,0.026847626163012936,,0.999999664709775,4.406097391567225e-09,4.406097391567225e-09,3.6787861342541454e-09,,1.2251610931599486e-12,0.9999999955939026,0.0,,,,,,3.1786782849947497e-13,1.0,1.0,0.0,0.0,0.9999999009579496,0.3759218679540702,224,0.763826258914758,0.3877700450761808,630,0,0.3333333060663501,0.47426771797521566,212,0.0,0.19503167011668257,0.3440886508880504,633,238.78773698272977,0.7496983889069919,424.75,323.92998951839957,0.6522338904702675,449,haar,0.6445592013380003,0.05883501061488047,0.5311580558789356,2,337.25,4.682859177247569e-14,0.9999999999705136,2.5217953756619697e-27,0.9689278412429513,0.7634340703454832,0.00011222294860600292,0.11785896780786931,0.00026149349854409426,0.9999999997234015,2.0315811923354854e-05,4.745570603148508e-11,4.745570603148508e-11,3.962224992548613e-11,,1.2251610931599486e-12,0.003126132840347795,0.0,,,,,0.0,,1.4749084227875944e-13,1.0,1.0,0.0,0.0,1.0,0.40156916120479735,0.11457677215662576,1082,1.7103780357959095,0.7906823726480132,635,316.07673119038674,0.834341335854095,858.5,800.3145020384392,0.6921968733777812,384,0.12852368039351705,0.2769787579518756,0.8269397963389753,1,288.25,,,,,,,,,,,,,3.144248679037427e-19,0.999999999971583,2.5217953756619697e-27,0.9774614934208818,0.23600481549780045,0.001287670537457888,0.08916249492626177,0.9999999999999999,0.00026149349854409426,0.9999999999999541,9.960751159770423e-05,3.843648489765261e-14,3.843648489765261e-14,3.209173378426744e-14,,0.0,9.572760819061336e-19,0.004567040150618456,0.0,,,,,0.13043478260869565,,4.666576700876887e-21,1.0,1.0,0.0,0.0,1.0,0.4544873153722995,0.14156097535167125,1073,1.840892734431537,0.8935864620618573,377,492.1463197058371,0.7700250842496088,725.0,557.96,0.7156200187603184,339,327.0,268.5,438.5491630604859,20,0.1542089129922188,0.6127574170194295,0.7082265357996179,2,254.75
coif5,1.0,periodic,1.1074446794476394e-26,319.0285720587425,6546639.719572158,0.6282051282051282,291.3686039121845,206,raw,6.429808142227171e-14,-2.0982438009298498e-10,6.5448521476378,62853.587424268655,0.7362488621637056,5.618943883690064e-06,0.9999999999999999,327.0000000000001,,,,[],[],13,661.1538461538463,87.00000000000006,940.0000000000002,"[8, 32, 51, 63, 81, 100, 111, 133, 152, 162, 175, 192, 204]","[878.0000000000002, 638.0, 787.0000000000002, 792.0000000000003, 940.0000000000002, 788.0000000000001, 637.0000000000003, 675.0, 771.0000000000001, 195.99999999999994, 834.0, 572.0, 87.00000000000006]","[0, 13, 42, 42, 76, 99, 107, 107, 107, 161, 99, 187, 203]","[76, 42, 61, 76, 205, 164, 119, 142, 164, 164, 205, 205, 205]",37754613.0,941.0000000000002,-941.0000000000002,0.0,,,,DWT,mdp.39015067403892,0.0,,0.0,33.0,19.0,0.0,28.5,,2.2737367544323206e-13,256.3413461538463,4358.999999999998,256.34134615384625,,0.0,256.3413461538463,,,84.00000000000006,0.0,24.0,2.2737367544323206e-13,2.2737367544323206e-13,,1.1368683772161603e-13,6.2893896896632e-14,7.040134382454646e-27,0.9633649471555139,0.8647028458547605,0.0009123239998337603,0.5329670329670328,0.00041404334348830085,0.9999999997234668,0.47422802461166635,6.696054799077647e-09,6.696054799077647e-09,6.082044361106239e-09,,5.718550876340534e-12,0.9999999933039181,2.7225927463116073e-13,,,,,,0.0,1.0,0.5,2.847685247612971e-13,2.847685247612971e-13,0.7922684098808145,0.2590182137502701,305,1.6241789836342195,0.7800986661291497,275,0,0.24785233644969157,0.2961384272004047,304,0.0,0.4202951491305199,0.7634017053544828,275,17.03672503740082,0.9821417976547161,289.75,288.9987674085828,0.8392103118252616,57,coif,0.5507900112560971,0.8749445204262634,0.351963635992853,2,43.25,6.2893896896632e-14,0.0001547883299646835,7.040134382454646e-27,0.9633649471555139,0.8647028458547606,0.001944860583301671,0.6489878542510121,0.0027787644079741427,0.9999999997234666,0.9919828214562026,0.9855281704452481,0.9855281704452481,0.9855281704451354,,1.2251610931599486e-12,0.9999999999667596,1.5171946557926922e-13,,,,,1.0,,0.0,1.0,0.5,2.847685247612971e-13,2.847685247612971e-13,0.0,2.234570199821732,0.637573462774914,309,1.6720959053643287,0.7729851121090133,971,468.10468914549443,0.7546621126071832,640.0,468.81093749999997,0.7096161716075748,307,0.4784248188775415,0.776734912893196,0.43208215291776214,2,230.75,,,,,,,,,,,,,4.222933997194948e-19,0.036413600438416426,7.040134382454646e-27,0.9734263915803892,0.2673106212092741,0.0017162183269123436,0.4909713476889772,0.9999999999999999,0.0027787644079741427,0.9999999999999541,0.0008499884728391229,0.0007982210227401272,0.0007982210227401272,0.0007982210227337879,,0.0,9.572760819061336e-19,0.020163910573049813,1.4108257588933865e-18,,,,,0.4782608695652174,,0.0,1.0,0.8604651162790697,9.54194168962319e-19,9.54194168962319e-19,0.9302325581395349,0.5744527218307418,0.17892707859001003,508,1.726993379686614,0.8382986554808437,1096,415.77878733768995,0.8057108470384626,802.0,694.2244389027433,0.7154722459491378,340,986.6382352941176,846.0,585.0035688138154,340,0.4652856568234462,0.8173890317607586,0.42908333069536003,4,256.0
db30,1.0,periodization,2.4704173520177188e-26,313.31969545129033,4964084.042562499,0.5242718446601942,100.39356805062802,206,smoothed,1.1079588439010116e-13,-2.0359447461260115e-10,6.191771850851581,31688.23739843529,0.9833764277461764,0.00014966566451320268,0.9999999999999997,362.4,,,,[],[],11,426.6,32.20000000000013,728.4000000000003,"[9, 31, 53, 64, 80, 102, 131, 148, 158, 175, 192]","[311.0000000000007, 417.79999999999995, 589.6000000000001, 432.19999999999993, 728.4000000000003, 371.00000000000034, 586.9999999999998, 32.20000000000013, 448.1999999999998, 367.9999999999998, 407.20000000000005]","[1, 1, 1, 60, 1, 94, 120, 144, 144, 165, 186]","[20, 40, 75, 75, 203, 120, 203, 149, 203, 186, 203]",30736475.84,728.4000000000002,-728.4000000000002,0.0,,,,DWT,mdp.39015067403892,3.725290298461914e-09,,0.0,33.0,11.0,0.0,33.0,,2.2737367544323206e-13,168.4000000000001,987.7999999999984,168.4000000000001,,0.0,168.4000000000001,,,28.000000000000142,0.0,33.0,3.410605131648481e-13,2.2737367544323206e-13,,0.0,1.9456611791997099e-13,6.751133702581157e-26,0.9552053169203056,0.08284688223822664,0.06326151266530573,0.07693226515562712,0.026847626163012846,,0.9999996648336812,4.4059791007223055e-09,4.4059791007223055e-09,3.6787861342541454e-09,,0.0,0.9999999955939887,2.275791983689038e-13,,,,,,7.946695712486874e-14,1.0,1.0,3.4954031196328703e-13,3.4954031196328703e-13,0.9999999009946153,0.37592186796785365,73,0.687689344131464,0.3491177802019327,827,0,0.3333333060766184,0.4742677179898254,73,0.0,0.17215622902038175,0.3037301816169516,859,444.7516160735113,0.5338033374491495,458.0,134.36077011964784,0.5268597400034007,809,db,0.573477938514061,0.8443824841957417,0.34525069778143475,3,607.5,1.216446776304397e-13,0.9999999999705134,1.6685431520570792e-26,0.9422979000476353,0.7427313154656907,0.0001657206518702603,0.06313234542667362,0.0002614934985440934,0.9999999997235606,2.0315811925852856e-05,4.745454029730922e-11,4.745454029730922e-11,3.962224992548613e-11,,0.0,0.0031261328403480726,2.275791983689038e-13,,,,,0.0,,3.687271056968986e-14,1.0,1.0,2.847685247612971e-13,2.847685247612971e-13,1.0,0.40156916120435737,0.11457677215650024,1175,1.6621847935380631,0.7684033522580546,1038,96.87362902255701,0.9492276577449911,1106.5,1102.2593764121102,0.6846505165035228,438,0.49117026184683504,0.8233619396015222,0.4091722348267588,4,329.5,,,,,,,,,,,,,8.167683512880123e-19,0.9999999999715827,1.6685431520570792e-26,0.9581451945590912,0.229604852442064,0.001300180551462154,0.04776079015018275,0.9999999999999997,0.0002614934985440934,0.9999999999999541,9.960751159770619e-05,3.8435400695480126e-14,3.8435400695480126e-14,3.209173378426744e-14,,0.0,0.0,0.00456704015061846,2.11623863834008e-18,,,,,0.13043478260869565,,1.1666441752192217e-21,1.0,1.0,9.54194168962319e-19,9.54194168962319e-19,1.0,0.4544873153722995,0.14156097535167125,1145,1.8095485466831647,0.8783717016836979,791,250.31580054003783,0.8830299997476458,968.0,935.6353305785123,0.7153467755747576,341,1009.0473684210526,935.5,610.6543869996938,760,0.4758535102197843,0.8532293215616218,0.41093374637766444,5,257.0
coif17,1.0,antisymmetric,3.0815173975679767e-26,314.58414622849983,8522155.679537393,0.6111111111111112,303.16534679470203,206,raw,1.245864253187127e-13,-2.1362889235377036e-10,6.922185567105181,182059.37160925855,0.9224534402602629,5.618943883690064e-06,1.0,327.0,,,,[],[],13,661.1538461538462,86.99999999999994,939.9999999999994,"[8, 32, 51, 63, 81, 100, 111, 133, 152, 162, 175, 192, 204]","[878.0000000000002, 638.0, 787.0000000000007, 792.0000000000002, 939.9999999999994, 788.0, 637.0, 674.9999999999997, 771.0000000000005, 196.0000000000001, 834.0000000000005, 571.9999999999999, 86.99999999999994]","[0, 13, 39, 39, 76, 99, 107, 107, 107, 161, 99, 187, 203]","[76, 39, 61, 76, 205, 164, 119, 142, 164, 164, 205, 205, 205]",37754613.00000001,940.9999999999995,-940.9999999999995,0.0,,,,DWT,mdp.39015067403892,7.450580596923828e-09,,0.0,33.0,19.0,0.0,28.5,,4.547473508864641e-13,256.3413461538462,4359.0,256.34134615384625,,0.0,256.3413461538462,,,83.99999999999994,0.0,19.5,5.684341886080801e-13,4.547473508864641e-13,,0.0,1.3906926534392834e-13,2.1009980089350326e-26,0.9469640096731777,0.9950526134806885,0.0031355351820727614,0.4047619047619051,0.01006530088860161,0.9999999997234095,0.47422802461153424,6.6959667625959335e-09,6.6959667625959335e-09,6.082044361106239e-09,,0.0,0.9999999933040264,6.806481865779018e-13,,,,,,7.374542113937972e-14,1.0,0.0,5.695370495225942e-13,5.695370495225942e-13,0.7422684098782718,0.24267159368230556,869,1.6332033622848954,0.7844331057561693,236,0,0.20618566978261932,0.2463543448301549,869,0.0,0.4199974204637493,0.76286092687437,280,353.21806295828077,0.6297504581150097,563.5,395.63955050605966,0.5195397992881128,800,coif,0.5507900112560971,0.8749445204262634,0.351963635992853,2,600.5,1.3906926534392834e-13,0.0001547883299646835,2.1009980089350326e-26,0.9469640096731776,0.9950526134806885,0.004165774122467316,0.5526315789473688,0.012407189967640151,0.9999999997234094,0.9919828214562006,0.9855281704452468,0.9855281704452468,0.9855281704451354,,0.0,0.9999999999667601,3.7929866394817307e-13,,,,,1.0,,7.374542113937972e-14,1.0,0.25,5.695370495225942e-13,5.695370495225942e-13,0.0,2.209570199821383,0.6304403968408623,805,1.693849543559883,0.7830414960792292,812,4.949747468305833,0.9974057927314959,808.5,808.4848484848485,0.786831827183358,150,0.4784248188775415,0.776734912893196,0.43208215291776214,2,113.0,,,,,,,,,,,,,9.337636202619354e-19,0.036413600438416426,2.1009980089350326e-26,0.9615298046634766,0.30760640319450405,0.0022355613600138994,0.41807603842511193,1.0,0.012407189967640151,0.9999999999999541,0.0008499884728391214,0.0007982210227401261,0.0007982210227401261,0.0007982210227337879,,0.0,0.0,0.020163910573049823,3.5270643972334666e-18,,,,,0.4782608695652174,,2.3332883504384434e-21,1.0,0.7906976744186046,1.908388337924638e-18,1.908388337924638e-18,0.9302325581395349,0.5674759776446953,0.17675400427451057,965,1.7149562365639524,0.8324557142083133,1176,149.19953083036154,0.9302805930699245,1070.5,1060.1027557216255,0.7150234741050557,342,986.6382352941176,846.0,585.0035688138154,340,0.4652856568234462,0.8173890317607586,0.42908333069536003,4,257.5
db4,1.0,periodization,4.5097995372307305e-27,322.9302200914716,5965690.128431109,0.6262135922330098,294.39802908133623,206,raw,4.1522615078792234e-14,-2.1018731199973494e-10,6.328624549248743,63117.308605900645,0.7664149699995485,5.618943883690064e-06,1.0,327.0,,,,[],[],13,661.1538461538462,87.0,940.0,"[8, 32, 51, 63, 81, 100, 111, 133, 152, 162, 175, 192, 204]","[878.0, 637.9999999999999, 787.0000000000001, 792.0, 940.0, 788.0000000000001, 637.0000000000001, 675.0000000000001, 770.9999999999999, 196.0000000000001, 834.0000000000002, 571.9999999999999, 87.0]","[0, 13, 39, 39, 76, 99, 107, 107, 107, 161, 99, 187, 203]","[76, 39, 61, 76, 205, 164, 119, 142, 164, 164, 205, 205, 205]",37754613.0,941.0,-941.0,0.0,,,,DWT,mdp.39015067403892,0.0,,0.0,33.0,19.0,0.0,28.5,,0.0,256.3413461538462,4359.0,256.34134615384613,,0.0,256.3413461538462,,,84.0,0.0,19.5,0.0,0.0,,0.0,3.4116700043228894e-14,2.3945552980509552e-27,0.9777629116861485,0.790007057593783,0.00025853346940206266,0.5180305131761447,0.00043539500072065546,0.9999999997234613,0.4742280246116003,6.6959667625959335e-09,6.6959667625959335e-09,6.0819563246244724e-09,,0.0,0.9999999933040264,0.0,,,,,,0.0,1.0,0.0,0.0,0.0,0.7422684098776603,0.24267159368210564,935,1.5891769057034226,0.7632870495642893,388,0,0.20618566978245967,0.24635434482996416,931,0.0,0.41081180133121176,0.7461766579147531,390,314.0838529225383,0.6707716426388488,661.0,549.0693140045943,0.48894976261921475,911,db,0.540986235965534,0.9305070477545101,0.3421575204977732,3,684.0,3.411670004322888e-14,0.0001547883299646835,2.3945552980509552e-27,0.9777629116861485,0.7900070575937831,0.0012917457319488086,0.6377618804292289,0.002800065553578875,0.9999999997234612,0.9919828214562016,0.9855281704452468,0.9855281704452468,0.9855281704451341,,0.0,0.9999999999667601,0.0,,,,,1.0,,0.0,1.0,0.25,0.0,0.0,0.0,2.209570199820929,0.6304403968407328,933,1.638578363456062,0.7574904501063964,1158,159.0990257669732,0.9166147663695109,1045.5,1033.3945480631278,0.6843293957633718,442,0.49117026184683504,0.8233619396015222,0.4091722348267588,4,332.5,,,,,,,,,,,,,2.290724213216446e-19,0.036413600438416426,2.3945552980509552e-27,0.9838701016823146,0.24421947763610719,0.0015634925940624757,0.4824786902990126,1.0,0.002800065553578875,0.9999999999999541,0.0008499884728391221,0.0007982210227401261,0.0007982210227401261,0.0007982210227337869,,0.0,0.0,0.020163910573049823,0.0,,,,,0.4782608695652174,,0.0,1.0,0.7906976744186046,0.0,0.0,0.9302325581395349,0.5674759776446953,0.17675400427451057,794,1.7182491285970167,0.8340541146402028,1147,249.60869375885127,0.8833604234771724,970.5,938.4008243173622,0.714927875289988,343,1009.0473684210526,935.5,610.6543869996938,760,0.4758535102197843,0.8532293215616218,0.41093374637766444,5,258.5
db1,1.0,symmetric,4.689601928132895e-27,320.53603894590907,4916497.513525565,0.5339805825242718,153.37455796706374,206,smoothed,5.1583333074234454e-14,-2.1415171858052476e-10,6.251701695249963,31688.2373984353,0.9479708511035823,0.0001496656645132027,0.9999999999999999,362.4000000000001,,,,[],[],11,426.60000000000014,32.19999999999999,728.4,"[9, 31, 53, 64, 80, 102, 131, 148, 158, 175, 192]","[311.0000000000001, 417.80000000000007, 589.6, 432.20000000000005, 728.4, 371.00000000000017, 587.0, 32.19999999999999, 448.2000000000001, 368.0000000000001, 407.2000000000001]","[1, 1, 1, 60, 1, 94, 120, 144, 144, 165, 186]","[20, 40, 75, 75, 203, 120, 203, 149, 203, 186, 203]",30736475.84000001,728.4,-728.4,0.0,,,,DWT,mdp.39015067403892,1.4901161193847656e-08,,0.0,33.0,11.0,0.0,33.0,,0.0,168.4000000000002,987.7999999999975,168.4000000000001,,0.0,168.4000000000002,,,28.0,0.0,33.0,0.0,0.0,,1.1368683772161603e-13,6.448443672150608e-14,8.936698749923184e-27,0.9826231854125504,0.16928993321880254,0.04283952183663018,0.14362142418571724,0.026847626163012936,,0.999999664709775,4.406097391567225e-09,4.406097391567225e-09,3.6787861342541454e-09,,1.2251610931599486e-12,0.9999999955939026,0.0,,,,,,3.1786782849947497e-13,1.0,1.0,0.0,0.0,0.9999999009579496,0.3759218679540702,208,0.763826258914758,0.3877700450761808,619,0,0.3333333060663501,0.47426771797521566,206,0.0,0.19503167011668257,0.3440886508880504,624,239.3217847724412,0.7491385903852817,414.25,310.5557697861944,0.6574571358635004,425,db,0.573477938514061,0.8443824841957417,0.34525069778143475,3,319.5,4.682859177247569e-14,0.9999999999705136,2.5217953756619697e-27,0.9689278412429513,0.7634340703454832,0.00011222294860600292,0.11785896780786931,0.00026149349854409426,0.9999999997234015,2.0315811923354854e-05,4.745570603148508e-11,4.745570603148508e-11,3.962224992548613e-11,,1.2251610931599486e-12,0.003126132840347795,0.0,,,,,0.0,,1.4749084227875944e-13,1.0,1.0,0.0,0.0,1.0,0.40156916120479735,0.11457677215662576,1079,1.7103780357959095,0.7906823726480132,645,306.8843430349616,0.8391591493527455,862.0,807.3723897911833,0.6936885893514252,371,0.49117026184683504,0.8233619396015222,0.4091722348267588,4,279.25,,,,,,,,,,,,,3.144248679037427e-19,0.999999999971583,2.5217953756619697e-27,0.9774614934208818,0.23600481549780045,0.001287670537457888,0.08916249492626177,0.9999999999999999,0.00026149349854409426,0.9999999999999541,9.960751159770423e-05,3.843648489765261e-14,3.843648489765261e-14,3.209173378426744e-14,,0.0,9.572760819061336e-19,0.004567040150618456,0.0,,,,,0.13043478260869565,,4.666576700876887e-21,1.0,1.0,0.0,0.0,1.0,0.4544873153722995,0.14156097535167125,1077,1.840892734431537,0.8935864620618573,384,490.0249993622774,0.7710163554381881,730.5,566.1437371663245,0.7148306076256361,344,1009.0473684210526,935.5,610.6543869996938,760,0.4758535102197843,0.8532293215616218,0.41093374637766444,5,259.25
bior1.1,1.0,zero,4.689601928132895e-27,320.53603894590907,4916497.513525565,0.5339805825242718,153.37455796706374,206,smoothed,5.1583333074234454e-14,-2.1415171858052476e-10,6.251701695249963,31688.2373984353,0.9479708511035823,0.0001496656645132027,0.9999999999999999,362.4000000000001,,,,[],[],11,426.60000000000014,32.19999999999999,728.4,"[9, 31, 53, 64, 80, 102, 131, 148, 158, 175, 192]","[311.0000000000001, 417.80000000000007, 589.6, 432.20000000000005, 728.4, 371.00000000000017, 587.0, 32.19999999999999, 448.2000000000001, 368.0000000000001, 407.2000000000001]","[1, 1, 1, 60, 1, 94, 120, 144, 144, 165, 186]","[20, 40, 75, 75, 203, 120, 203, 149, 203, 186, 203]",30736475.84000001,728.4,-728.4,0.0,,,,DWT,mdp.39015067403892,1.4901161193847656e-08,,0.0,33.0,11.0,0.0,33.0,,0.0,168.4000000000002,987.7999999999975,168.4000000000001,,0.0,168.4000000000002,,,28.0,0.0,33.0,0.0,0.0,,1.1368683772161603e-13,6.448443672150608e-14,8.936698749923184e-27,0.9826231854125504,0.16928993321880254,0.04283952183663018,0.14362142418571724,0.026847626163012936,,0.999999664709775,4.406097391567225e-09,4.406097391567225e-09,3.6787861342541454e-09,,1.2251610931599486e-12,0.9999999955939026,0.0,,,,,,3.1786782849947497e-13,1.0,1.0,0.0,0.0,0.9999999009579496,0.3759218679540702,212,0.763826258914758,0.3877700450761808,623,0,0.3333333060663501,0.47426771797521566,218,0.0,0.19503167011668257,0.3440886508880504,628,237.023732988914,0.7515474496971551,420.25,319.95827181332993,0.6555169114313868,435,bior,0.8100315533562081,0.7923003667562746,0.1952878026237719,6,327.75,4.682859177247569e-14,0.9999999999705136,2.5217953756619697e-27,0.9689278412429513,0.7634340703454832,0.00011222294860600292,0.11785896780786931,0.00026149349854409426,0.9999999997234015,2.0315811923354854e-05,4.745570603148508e-11,4.745570603148508e-11,3.962224992548613e-11,,1.2251610931599486e-12,0.003126132840347795,0.0,,,,,0.0,,1.4749084227875944e-13,1.0,1.0,0.0,0.0,1.0,0.40156916120479735,0.11457677215662576,1080,1.7103780357959095,0.7906823726480132,624,322.44069222106566,0.8310059265088754,852.0,790.9859154929577,0.6922325230028654,382,0.5943810304597339,0.7715092316736338,0.3524805091760961,5,287.75,,,,,,,,,,,,,3.144248679037427e-19,0.999999999971583,2.5217953756619697e-27,0.9774614934208818,0.23600481549780045,0.001287670537457888,0.08916249492626177,0.9999999999999999,0.00026149349854409426,0.9999999999999541,9.960751159770423e-05,3.843648489765261e-14,3.843648489765261e-14,3.209173378426744e-14,,0.0,9.572760819061336e-19,0.004567040150618456,0.0,,,,,0.13043478260869565,,4.666576700876887e-21,1.0,1.0,0.0,0.0,1.0,0.4544873153722995,0.14156097535167125,1076,1.840892734431537,0.8935864620618573,376,494.9747468305833,0.7687033893315032,726.0,557.267217630854,0.7147255264414525,345,1104.4,1082.5,563.6960149978129,300,0.520820561188399,0.7876173146100969,0.3991404127850916,6,260.25
db17,1.0,zero,7.323437935545516e-27,318.6002486888072,4964641.687009774,0.5504201680672269,57.897243546375385,206,smoothed,5.976732054253017e-14,-1.9666799300210916e-10,6.191076371215969,41103.899250052964,0.9890318519449949,0.00014966566451320284,1.0,362.39999999999986,,,,[],[],11,426.59999999999997,32.200000000000045,728.3999999999999,"[9, 31, 53, 64, 80, 102, 131, 148, 158, 175, 192]","[310.99999999999983, 417.7999999999998, 589.5999999999999, 432.1999999999998, 728.3999999999999, 371.0000000000001, 587.0000000000001, 32.200000000000045, 448.20000000000005, 368.00000000000006, 407.20000000000005]","[1, 1, 1, 60, 1, 94, 120, 144, 144, 165, 186]","[20, 40, 75, 75, 203, 120, 203, 149, 203, 186, 203]",30736475.839999992,728.3999999999999,-728.3999999999999,0.0,,,,DWT,mdp.39015067403892,3.725290298461914e-09,,0.0,33.0,11.0,0.0,33.0,,1.1368683772161603e-13,168.40000000000003,987.7999999999993,168.39999999999998,,0.0,168.40000000000003,,,28.000000000000057,0.0,33.0,1.1368683772161603e-13,1.1368683772161603e-13,,1.1368683772161603e-13,8.246351083881754e-14,1.664488229523217e-26,0.9752683189573482,0.0818437195869513,0.06350082849729428,0.25654466405599635,0.10493014191784403,,0.9999996647593375,4.4059199552998455e-09,4.4059199552998455e-09,3.67866784340914e-09,,1.2251610931599486e-12,0.9999999955940747,7.585973278963461e-14,,,,,,7.946695712486874e-14,1.0,1.0,1.7477015598164352e-13,1.7477015598164352e-13,0.9999999009727512,0.37592186795963445,115,0.8024231878060926,0.40736446551056027,496,0,0.3333333060704708,0.4742677179810786,117,0.0,0.21172681043078811,0.37354339689740584,478,214.3245202957422,0.7753411736941906,301.5,187.34625930628914,0.7296517189225671,264,db,0.573477938514061,0.8443824841957417,0.34525069778143475,3,198.75,5.716920192153446e-14,0.9999999999705145,4.385672136790357e-27,0.9617843369527898,0.7424910621400812,0.00016634756662473114,0.2105263157894741,0.0010220102792784902,0.9999999997236649,2.0315811924354055e-05,4.745387416349445e-11,4.745387416349445e-11,3.962102868015904e-11,,1.2251610931599486e-12,0.0031261328403482946,7.585973278963461e-14,,,,,0.0,,3.687271056968986e-14,1.0,1.0,1.4238426238064856e-13,1.4238426238064856e-13,1.0,0.401569161204836,0.1145767721566368,1063,1.7330186373331657,0.8011487866027069,412,460.32651455244246,0.7587387240291182,737.5,593.8386440677966,0.6861041628531335,425,0.49117026184683504,0.8233619396015222,0.4091722348267588,4,319.75,,,,,,,,,,,,,3.838556335342593e-19,0.9999999999715838,4.385672136790357e-27,0.9722798798838037,0.22953058153382755,0.0013003271505099517,0.1592670622571857,1.0,0.0010220102792784906,0.9999999999999541,9.960751159770499e-05,3.8434858594393884e-14,3.8434858594393884e-14,3.2090649582094954e-14,,0.0,9.572760819061336e-19,0.004567040150618464,7.054128794466933e-19,,,,,0.13043478260869565,,1.1666441752192217e-21,1.0,1.0,4.770970844811595e-19,4.770970844811595e-19,1.0,0.4544873153722995,0.14156097535167125,1043,1.8628990112784936,0.9042685136029528,174,614.4757928511098,0.7128617790415375,608.5,298.2448644207067,0.714257992324507,346,1009.0473684210526,935.5,610.6543869996938,760,0.4758535102197843,0.8532293215616218,0.41093374637766444,5,260.75
db18,1.0,antireflect,1.0573604366942192e-26,319.2295619049871,6476114.890818341,0.6208333333333333,286.3891478449326,206,raw,6.520350602487863e-14,-2.07306394273135e-10,6.588147737529678,115643.53835784142,0.8828895727571618,5.618943883690066e-06,1.0,327.0,,,,[],[],13,661.1538461538462,87.0,940.0,"[8, 32, 51, 63, 81, 100, 111, 133, 152, 162, 175, 192, 204]","[878.0, 638.0, 787.0000000000002, 792.0000000000003, 940.0, 788.0, 636.9999999999999, 674.9999999999999, 771.0000000000002, 196.0, 834.0000000000001, 572.0000000000002, 87.0]","[0, 13, 39, 39, 76, 99, 107, 107, 107, 161, 99, 187, 203]","[76, 39, 61, 76, 205, 164, 119, 142, 164, 164, 205, 205, 205]",37754613.0,941.0,-941.0,0.0,,,,DWT,mdp.39015067403892,0.0,,0.0,33.0,19.0,0.0,28.5,,0.0,256.3413461538462,4359.0,256.34134615384625,,0.0,256.3413461538462,,,84.0,0.0,19.5,0.0,0.0,,0.0,6.40379165901121e-14,6.685705116911583e-27,0.9641066451900298,0.8796593002541612,0.0008329565884392527,0.4776785714285715,0.004688075981561908,0.9999999997235047,0.4742280246116003,6.6959667625959335e-09,6.6959667625959335e-09,6.082044361106239e-09,,0.0,0.9999999933040264,0.0,,,,,,0.0,1.0,0.0,0.0,0.0,0.7422684098776867,0.24267159368211427,921,1.6116567743887924,0.7740842066220516,317,0,0.20618566978246702,0.24635434482997293,921,0.0,0.41587069364579154,0.7553653602543929,330,345.00760861175223,0.6383568043901968,622.25,478.6733191985661,0.49305156781354703,893,db,0.540986235965534,0.9305070477545101,0.3421575204977732,3,670.5,6.403791659011209e-14,0.0001547883299646835,6.685705116911583e-27,0.9641066451900298,0.8796593002541613,0.0018655751964959642,0.607434210526316,0.007042685964612234,0.9999999997235046,0.9919828214562016,0.9855281704452468,0.9855281704452468,0.9855281704451354,,0.0,0.9999999999667601,0.0,,,,,1.0,,0.0,1.0,0.25,0.0,0.0,0.0,2.209570199820929,0.6304403968407328,925,1.6650636198241282,0.7697341909093169,1008,58.68986283848344,0.9692401138163085,966.5,964.7180548370408,0.7313443755664352,258,0.49117026184683504,0.8233619396015222,0.4091722348267588,4,194.5,,,,,,,,,,,,,4.299747804184801e-19,0.03641360043841643,6.685705116911583e-27,0.9739643897980659,0.2719341969679961,0.0016976780674478643,0.4595352455689353,1.0,0.007042685964612234,0.9999999999999541,0.0008499884728391221,0.0007982210227401261,0.0007982210227401261,0.0007982210227337879,,0.0,0.0,0.020163910573049823,0.0,,,,,0.4782608695652174,,0.0,1.0,0.7906976744186046,0.0,0.0,0.9302325581395349,0.5674759776446953,0.17675400427451057,760,1.718749824141487,0.8342971569162599,1144,271.5290039756342,0.8731172878618532,952.0,913.2773109243698,0.7141287373888705,347,1009.0473684210526,935.5,610.6543869996938,760,0.4758535102197843,0.8532293215616218,0.41093374637766444,5,261.5
db34,1.0,reflect,1.5623612334370598e-26,315.30958419896103,6529446.96452924,0.5220588235294118,111.593978478238,206,smoothed,9.055970644359917e-14,-2.097038098725084e-10,6.64533834303073,31183.447855163562,0.9836559183951388,0.0001496656645132028,0.9999999999999999,362.40000000000015,,,,[],[],11,426.6,32.20000000000002,728.4000000000001,"[9, 31, 53, 64, 80, 102, 131, 148, 158, 175, 192]","[310.9999999999999, 417.8000000000002, 589.6000000000004, 432.1999999999998, 728.4000000000001, 370.99999999999994, 586.9999999999998, 32.20000000000002, 448.2000000000001, 368.00000000000017, 407.2000000000003]","[1, 1, 1, 60, 1, 94, 120, 144, 144, 165, 186]","[20, 40, 75, 75, 203, 120, 203, 149, 203, 186, 203]",30736475.840000004,728.4000000000001,-728.4000000000001,0.0,,,,DWT,mdp.39015067403892,7.450580596923828e-09,,0.0,33.0,11.0,0.0,33.0,,1.1368683772161603e-13,168.4000000000001,987.7999999999984,168.40000000000003,,0.0,168.4000000000001,,,28.00000000000003,0.0,33.0,1.1368683772161603e-13,1.1368683772161603e-13,,1.7053025658242404e-13,1.501100695009442e-13,4.093616981053541e-26,0.9627657258779055,0.7370730328334347,0.7350446387500473,0.06173105978847451,0.022661490542751923,,0.9999996647345563,4.4059791007223055e-09,4.4059791007223055e-09,3.6787269888316428e-09,,1.837741639739923e-12,0.9999999955939887,7.585973278963461e-14,,,,,,1.5893391424973748e-13,1.0,1.0,1.7477015598164352e-13,1.7477015598164352e-13,0.999999900965673,0.3759218679569736,146,1.34747529145102,0.6840699025553053,73,0,0.33333330606847095,0.4742677179782332,147,0.0,0.35989656397039493,0.6349549438905484,94,37.37200378179723,0.9608259918429798,115.0,105.29373695198329,0.9201404592338589,29,db,0.573477938514061,0.8443824841957417,0.34525069778143475,3,22.5,9.607591572038095e-14,0.999999999970514,1.0259425146371419e-26,0.9496410400152944,0.8994157855078948,0.0019255321530463935,0.05065789473684251,0.0002207209087413441,0.9999999997234684,2.0315811923854454e-05,4.745454029730922e-11,4.745454029730922e-11,3.962169481397382e-11,,1.837741639739923e-12,0.0031261328403480726,7.585973278963461e-14,,,,,0.0,,7.374542113937972e-14,1.0,1.0,1.4238426238064856e-13,1.4238426238064856e-13,1.0,0.40156916120516106,0.11457677215672954,1021,1.740806728978451,0.8047491057436323,334,485.78235867515815,0.74539708664824,677.5,503.3416974169741,0.695156614602946,358,0.49117026184683504,0.8233619396015222,0.4091722348267588,4,269.5,,,,,,,,,,,,,6.450900179933992e-19,0.9999999999715835,1.0259425146371419e-26,0.9634716158665559,0.2780416341892382,0.001711698526651394,0.03832363685563556,0.9999999999999999,0.00022072090874134453,0.9999999999999541,9.960751159770467e-05,3.8435400695480126e-14,3.8435400695480126e-14,3.20911916831812e-14,,0.0,1.4359141228592004e-18,0.00456704015061846,7.054128794466933e-19,,,,,0.13043478260869565,,2.3332883504384434e-21,1.0,1.0,4.770970844811595e-19,4.770970844811595e-19,1.0,0.4544873153722995,0.14156097535167125,1101,1.8333773789750856,0.8899384385959267,504,422.14274836836887,0.8027370334727248,802.5,691.4691588785047,0.7138685167363624,348,1009.0473684210526,935.5,610.6543869996938,760,0.4758535102197843,0.8532293215616218,0.41093374637766444,5,262.25
coif16,1.0,periodization,4.8448096423904966e-26,312.6190252901437,6005292.470483047,0.6359223300970874,303.41958441826966,206,raw,1.5837674893334595e-13,-2.224279649354373e-10,6.286889970067212,63117.30860590065,0.7648778914263379,5.618943883690062e-06,0.9999999999999999,327.0000000000001,,,,[],[],13,661.1538461538463,87.00000000000023,939.9999999999997,"[8, 32, 51, 63, 81, 100, 111, 133, 152, 162, 175, 192, 204]","[878.0000000000006, 637.9999999999997, 787.0000000000005, 792.0000000000001, 939.9999999999997, 788.0000000000003, 636.9999999999994, 675.0000000000002, 770.9999999999999, 196.00000000000023, 834.0000000000008, 572.0000000000001, 87.00000000000023]","[0, 13, 39, 39, 76, 99, 107, 107, 107, 161, 99, 187, 203]","[76, 39, 61, 76, 205, 164, 119, 142, 164, 164, 205, 205, 205]",37754613.000000015,940.9999999999995,-940.9999999999995,0.0,,,,DWT,mdp.39015067403892,1.4901161193847656e-08,,0.0,33.0,19.0,0.0,28.5,,4.547473508864641e-13,256.3413461538463,4358.999999999998,256.34134615384625,,0.0,256.3413461538463,,,84.00000000000023,0.0,19.5,3.410605131648481e-13,4.547473508864641e-13,,1.1368683772161603e-13,1.8176392545467021e-13,3.3488203596633875e-26,0.9397122685290469,0.7755898540872467,0.00030310125395910175,0.5908460471567272,0.00043539500072065605,0.9999999997232768,0.4742280246118644,6.696054799077647e-09,6.696054799077647e-09,6.082044361106239e-09,,5.718550876340534e-12,0.9999999933039181,4.083889119467411e-13,,,,,,1.4749084227875944e-13,1.0,0.0,5.695370495225942e-13,5.695370495225942e-13,0.7422684098811295,0.24267159368323984,714,1.5882864155403755,0.7628593441233287,391,0,0.20618566978311248,0.24635434483074414,714,0.0,0.4133608332188949,0.7508065835612562,360,195.8424111371181,0.7947144537346771,544.75,491.6153174504179,0.6118488411231038,501,coif,0.5507900112560971,0.8749445204262634,0.351963635992853,2,376.25,1.8176392545467021e-13,0.0001547883299646835,3.3488203596633875e-26,0.9397122685290469,0.7755898540872468,0.0013362674566163059,0.6924885028104244,0.0028000655535788755,0.9999999997232767,0.9919828214562056,0.9855281704452481,0.9855281704452481,0.9855281704451354,,1.2251610931599486e-12,0.9999999999667596,2.275791983689038e-13,,,,,1.0,,1.4749084227875944e-13,1.0,0.25,5.695370495225942e-13,5.695370495225942e-13,0.0,2.2095701998219583,0.6304403968410265,708,1.6304522856233157,0.7537338849689539,1189,340.1183617507294,0.8217409005499322,948.5,887.5192409066947,0.6623117500653225,548,0.4784248188775415,0.776734912893196,0.43208215291776214,2,411.5,,,,,,,,,,,,,1.220431708227065e-18,0.03641360043841641,3.3488203596633875e-26,0.9562696804228338,0.2397626036430267,0.0015739036465955774,0.5238803950750917,0.9999999999999999,0.0028000655535788755,0.9999999999999541,0.0008499884728391251,0.0007982210227401272,0.0007982210227401272,0.0007982210227337879,,0.0,9.572760819061336e-19,0.020163910573049813,2.11623863834008e-18,,,,,0.4782608695652174,,4.666576700876887e-21,1.0,0.7906976744186046,1.908388337924638e-18,1.908388337924638e-18,0.9302325581395349,0.5674759776446953,0.17675400427451057,876,1.716026326281486,0.8329751457139599,1165,204.35385976291224,0.9045075421668635,1020.5,1000.0391964723175,0.7138191916441794,349,986.6382352941176,846.0,585.0035688138154,340,0.4652856568234462,0.8173890317607586,0.42908333069536003,4,262.75
db26,1.0,smooth,1.7246660139421468e-26,317.1047424155858,303840268.55015355,0.6015625,296.4664243230687,206,raw,9.008328064079885e-14,-2.1551160855892998e-10,4.172740769249179,4667801.386503603,0.997439596447548,5.618943883690066e-06,0.9999999999999998,327.0000000000001,,,,[],[],13,661.1538461538462,86.99999999999997,940.0000000000001,"[8, 32, 51, 63, 81, 100, 111, 133, 152, 162, 175, 192, 204]","[877.9999999999998, 638.0, 787.0, 792.0000000000003, 940.0000000000001, 788.0, 637.0000000000001, 675.0000000000002, 771.0000000000001, 196.00000000000017, 834.0000000000001, 572.0, 86.99999999999997]","[0, 13, 42, 42, 76, 99, 107, 107, 107, 161, 164, 187, 203]","[76, 42, 61, 76, 205, 164, 119, 142, 164, 164, 205, 205, 205]",37754613.0,941.0000000000001,-941.0000000000001,0.0,,,,DWT,mdp.39015067403892,0.0,,0.0,33.0,19.0,0.0,28.5,,1.1368683772161603e-13,256.3413461538462,4359.0,256.3413461538462,,0.0,256.3413461538462,,,83.99999999999997,0.0,28.5,1.1368683772161603e-13,1.1368683772161603e-13,,1.1368683772161603e-13,9.547394345309738e-14,1.140800124508098e-26,0.9562655802385605,0.04525736076566167,0.33548138515598397,0.3331473214285714,0.37324441809902453,0.999999999723381,0.47422802461156727,6.6959667625959335e-09,6.6959667625959335e-09,6.082000342865356e-09,,5.718550876340534e-12,0.9999999933040264,1.3612963731558036e-13,,,,,,0.0,1.0,1.0,1.4238426238064856e-13,1.4238426238064856e-13,0.8422684098806477,0.2753648338173489,138,1.4466854168043786,0.6948479048979928,725,0,0.2895190031163056,0.3459225095701069,139,0.0,0.3804245081764098,0.6909827984008559,685,327.47658949406855,0.6567331347022343,421.75,231.48435125330818,0.6073235904119137,510,db,0.540986235965534,0.9305070477545101,0.3421575204977732,3,383.25,9.547394345309738e-14,0.0001547883299646835,1.140800124508098e-26,0.9562655802385605,0.04525736076566178,0.3361681514896143,0.49880756578947383,0.3747271341345346,0.9999999997233809,0.9919828214562011,0.9855281704452468,0.9855281704452468,0.9855281704451347,,1.2251610931599486e-12,0.9999999999667601,7.585973278963461e-14,,,,,1.0,,0.0,1.0,0.75,1.4238426238064856e-13,1.4238426238064856e-13,0.0,2.2595701998216366,0.6447065287088388,136,1.513932420628748,0.6998684813059216,1545,996.3134546918454,0.4778231369539594,840.5,249.99405116002382,0.5186547550597889,1421,0.49117026184683504,0.8233619396015222,0.4091722348267588,4,1066.75,,,,,,,,,,,,,6.410481486255997e-19,0.03641360043841643,1.140800124508098e-26,0.9682767935361585,0.013990671221398104,0.07987168659321749,0.3773571742659993,0.9999999999999998,0.37472713413453457,0.9999999999999541,0.0008499884728391218,0.0007982210227401261,0.0007982210227401261,0.0007982210227337874,,0.0,9.572760819061336e-19,0.020163910573049823,7.054128794466933e-19,,,,,0.4782608695652174,,0.0,1.0,0.9302325581395349,4.770970844811595e-19,4.770970844811595e-19,0.9302325581395349,0.5814294660167882,0.18110015290550946,91,1.7396550585207229,0.844444752198765,1031,664.6803743153547,0.6894016942451613,561.0,167.23885918003563,0.7136260807674405,350,1009.0473684210526,935.5,610.6543869996938,760,0.4758535102197843,0.8532293215616218,0.41093374637766444,5,263.75
db35,1.0,symmetric,1.9359712150758958e-26,316.602803511273,7617220.462560958,0.6204379562043796,298.6881793316324,206,raw,9.6942949891978e-14,-2.0041079906718817e-10,6.816560749233654,59653.23443514572,0.7858875493799355,5.618943883690066e-06,1.0,327.0,,,,[],[],13,661.1538461538462,87.00000000000004,940.0000000000002,"[8, 32, 51, 63, 81, 100, 111, 133, 152, 162, 175, 192, 204]","[878.0, 638.0, 787.0, 792.0000000000005, 940.0000000000002, 787.9999999999998, 636.9999999999998, 675.0, 770.9999999999998, 196.0, 833.9999999999999, 571.9999999999995, 87.00000000000004]","[0, 13, 42, 42, 76, 99, 107, 107, 107, 161, 99, 187, 203]","[76, 42, 61, 76, 205, 164, 119, 142, 164, 164, 205, 205, 205]",37754613.0,941.0000000000001,-941.0000000000001,0.0,,,,DWT,mdp.39015067403892,0.0,,0.0,33.0,19.0,0.0,28.5,,1.1368683772161603e-13,256.3413461538462,4359.0,256.3413461538461,,0.0,256.3413461538462,,,84.00000000000004,0.0,24.0,2.2737367544323206e-13,1.1368683772161603e-13,,0.0,1.0414125455941569e-13,1.2903336766314341e-26,0.9544133120482424,0.9585645375384122,0.0021171368829168836,0.47471324296141826,0.0001549331740911021,0.9999999997236086,0.4742280246116498,6.6959667625959335e-09,6.6959667625959335e-09,6.081912306383589e-09,,0.0,0.9999999933040264,2.7225927463116073e-13,,,,,,0.0,1.0,0.5,1.4238426238064856e-13,1.4238426238064856e-13,0.7922684098778549,0.2590182137493025,515,1.6429360947832883,0.789107770135091,214,0,0.2478523364491732,0.29613842719978534,515,0.0,0.4237453952910992,0.7696685485677055,229,169.56291850912845,0.822261091709509,368.25,309.52075227574454,0.7181274012006664,304,db,0.540986235965534,0.9305070477545101,0.3421575204977732,3,228.75,1.0414125455941569e-13,0.0001547883299646835,1.2903336766314341e-26,0.9544133120482423,0.9585645375384123,0.0031484283170271354,0.6052055320783714,0.0025202672156516173,0.9999999997236085,0.9919828214562024,0.9855281704452468,0.9855281704452468,0.9855281704451335,,0.0,0.9999999999667601,1.5171946557926922e-13,,,,,1.0,,0.0,1.0,0.5,1.4238426238064856e-13,1.4238426238064856e-13,0.0,2.2345701998210616,0.6375734627747227,513,1.6966412262627386,0.7843320495457599,771,182.43354954612926,0.9043849321037059,642.0,616.0794392523366,0.7839534723411611,157,0.49117026184683504,0.8233619396015222,0.4091722348267588,4,118.75,,,,,,,,,,,,,6.992437519212462e-19,0.03641360043841643,1.2903336766314341e-26,0.9669332319535792,0.29632663200649606,0.001997663104636997,0.4578492089906151,1.0,0.0025202672156516173,0.9999999999999541,0.0008499884728391227,0.0007982210227401261,0.0007982210227401261,0.0007982210227337863,,0.0,0.0,0.020163910573049823,1.4108257588933865e-18,,,,,0.4782608695652174,,0.0,1.0,0.8604651162790697,4.770970844811595e-19,4.770970844811595e-19,0.9302325581395349,0.5744527218307418,0.17892707859001003,567,1.7243939573417275,0.8370368716880532,1113,386.08030252785494,0.8195886436785724,840.0,751.275,0.7135326395962955,351,1009.0473684210526,935.5,610.6543869996938,760,0.4758535102197843,0.8532293215616218,0.41093374637766444,5,264.5
bior1.1,1.0,constant,4.689601928132895e-27,320.53603894590907,4916497.513525565,0.5339805825242718,153.37455796706374,206,smoothed,5.1583333074234454e-14,-2.1415171858052476e-10,6.251701695249963,31688.2373984353,0.9479708511035823,0.0001496656645132027,0.9999999999999999,362.4000000000001,,,,[],[],11,426.60000000000014,32.19999999999999,728.4,"[9, 31, 53, 64, 80, 102, 131, 148, 158, 175, 192]","[311.0000000000001, 417.80000000000007, 589.6, 432.20000000000005, 728.4, 371.00000000000017, 587.0, 32.19999999999999, 448.2000000000001, 368.0000000000001, 407.2000000000001]","[1, 1, 1, 60, 1, 94, 120, 144, 144, 165, 186]","[20, 40, 75, 75, 203, 120, 203, 149, 203, 186, 203]",30736475.84000001,728.4,-728.4,0.0,,,,DWT,mdp.39015067403892,1.4901161193847656e-08,,0.0,33.0,11.0,0.0,33.0,,0.0,168.4000000000002,987.7999999999975,168.4000000000001,,0.0,168.4000000000002,,,28.0,0.0,33.0,0.0,0.0,,1.1368683772161603e-13,6.448443672150608e-14,8.936698749923184e-27,0.9826231854125504,0.16928993321880254,0.04283952183663018,0.14362142418571724,0.026847626163012936,,0.999999664709775,4.406097391567225e-09,4.406097391567225e-09,3.6787861342541454e-09,,1.2251610931599486e-12,0.9999999955939026,0.0,,,,,,3.1786782849947497e-13,1.0,1.0,0.0,0.0,0.9999999009579496,0.3759218679540702,234,0.763826258914758,0.3877700450761808,635,0,0.3333333060663501,0.47426771797521566,231,0.0,0.19503167011668257,0.3440886508880504,618,227.58514890036213,0.7614411437103122,429.5,339.11424985543715,0.6556157500522211,433,bior,0.8100315533562081,0.7923003667562746,0.1952878026237719,6,326.25,4.682859177247569e-14,0.9999999999705136,2.5217953756619697e-27,0.9689278412429513,0.7634340703454832,0.00011222294860600292,0.11785896780786931,0.00026149349854409426,0.9999999997234015,2.0315811923354854e-05,4.745570603148508e-11,4.745570603148508e-11,3.962224992548613e-11,,1.2251610931599486e-12,0.003126132840347795,0.0,,,,,0.0,,1.4749084227875944e-13,1.0,1.0,0.0,0.0,1.0,0.40156916120479735,0.11457677215662576,1077,1.7103780357959095,0.7906823726480132,632,314.66251762801363,0.8350825379308104,854.5,796.5640725570508,0.693615692445489,372,0.5943810304597339,0.7715092316736338,0.3524805091760961,5,280.25,,,,,,,,,,,,,3.144248679037427e-19,0.999999999971583,2.5217953756619697e-27,0.9774614934208818,0.23600481549780045,0.001287670537457888,0.08916249492626177,0.9999999999999999,0.00026149349854409426,0.9999999999999541,9.960751159770423e-05,3.843648489765261e-14,3.843648489765261e-14,3.209173378426744e-14,,0.0,9.572760819061336e-19,0.004567040150618456,0.0,,,,,0.13043478260869565,,4.666576700876887e-21,1.0,1.0,0.0,0.0,1.0,0.4544873153722995,0.14156097535167125,1081,1.840892734431537,0.8935864620618573,379,496.38896039295633,0.7680425418724504,730.0,561.2315068493151,0.7134605232726738,352,1104.4,1082.5,563.6960149978129,300,0.520820561188399,0.7876173146100969,0.3991404127850916,6,265.5
db6,1.0,symmetric,2.998713042588486e-27,322.4780496566631,5069452.506753515,0.5231481481481481,93.4449996445322,206,smoothed,3.314716354686681e-14,-2.0100658915112068e-10,6.249594383947595,32349.04581195334,0.982334084736484,0.00014966566451320274,0.9999999999999999,362.4,,,,[],[],11,426.59999999999997,32.20000000000002,728.4,"[9, 31, 53, 64, 80, 102, 131, 148, 158, 175, 192]","[311.00000000000006, 417.8000000000002, 589.6000000000001, 432.1999999999998, 728.4, 371.0, 586.9999999999999, 32.20000000000002, 448.2, 368.0, 407.2]","[1, 1, 1, 60, 1, 94, 120, 144, 144, 165, 186]","[20, 40, 75, 75, 203, 120, 203, 149, 203, 186, 203]",30736475.839999996,728.4,-728.4,0.0,,,,DWT,mdp.39015067403892,0.0,,0.0,33.0,11.0,0.0,33.0,,0.0,168.40000000000003,987.7999999999993,168.40000000000003,,0.0,168.40000000000003,,,28.00000000000003,0.0,33.0,0.0,0.0,,0.0,2.3982754667869205e-14,3.988143924255417e-27,0.9900016859395402,0.16625033883688395,0.10848090254075683,0.06921361249010745,0.03232760029256204,,0.9999996647345563,4.4059199552998455e-09,4.4059199552998455e-09,3.6787269888316428e-09,,0.0,0.9999999955940747,0.0,,,,,,0.0,1.0,1.0,0.0,0.0,0.9999999009645741,0.3759218679565605,195,0.7719831173656195,0.3919110199801656,591,0,0.33333330606826644,0.47426771797794226,193,0.0,0.19518202001426782,0.34435390879919026,610,234.82245065864834,0.7538548735234294,397.25,293.23483946712815,0.6687251306820501,395,db,0.573477938514061,0.8443824841957417,0.34525069778143475,3,297.0,2.3534171728090427e-14,0.9999999999705138,1.3252104362250905e-27,0.976094300415331,0.762706100003055,0.00028417793263403504,0.05679824561403529,0.0003148679607168836,0.9999999997235995,2.0315811923854454e-05,4.745387416349445e-11,4.745387416349445e-11,3.962169481397382e-11,,0.0,0.0031261328403482946,0.0,,,,,0.0,,0.0,1.0,1.0,0.0,0.0,1.0,0.4015691612041101,0.11457677215642968,1241,1.6899969645275452,0.7812605059902836,855,272.94321753800733,0.8569479991939165,1048.0,1012.4570610687022,0.6538408759072307,608,0.49117026184683504,0.8233619396015222,0.4091722348267588,4,457.0,,,,,,,,,,,,,1.5801732567106884e-19,0.9999999999715831,1.3252104362250905e-27,0.9826597575153913,0.23577977379082654,0.0013278808479392215,0.04296892617146997,0.9999999999999999,0.0003148679607168836,0.9999999999999541,9.960751159770467e-05,3.8434858594393884e-14,3.8434858594393884e-14,3.20911916831812e-14,,0.0,0.0,0.004567040150618464,0.0,,,,,0.13043478260869565,,0.0,1.0,1.0,0.0,0.0,1.0,0.4544873153722995,0.14156097535167125,1126,1.8254631994729489,0.8860968222273224,637,345.77521600022175,0.8384227962615787,881.5,813.6834940442427,0.7132534542055557,353,1009.0473684210526,935.5,610.6543869996938,760,0.4758535102197843,0.8532293215616218,0.41093374637766444,5,266.0
db6,1.0,antireflect,3.1098735006309888e-27,322.31997150522875,5110691.275882238,0.5231481481481481,96.67697804583403,206,smoothed,3.3983603417846544e-14,-2.008318400470447e-10,6.260279431645534,49785.25305236496,0.9881685862935077,0.00014966566451320268,0.9999999999999999,362.4,,,,[],[],11,426.59999999999997,32.20000000000002,728.4,"[9, 31, 53, 64, 80, 102, 131, 148, 158, 175, 192]","[311.00000000000006, 417.8000000000002, 589.6000000000001, 432.1999999999998, 728.4, 371.0, 586.9999999999999, 32.20000000000002, 448.2, 368.0, 407.2]","[1, 1, 1, 60, 1, 94, 120, 144, 144, 165, 186]","[20, 40, 75, 75, 203, 120, 203, 149, 203, 186, 203]",30736475.839999996,728.4,-728.4,0.0,,,,DWT,mdp.39015067403892,0.0,,0.0,33.0,11.0,0.0,33.0,,0.0,168.40000000000003,987.7999999999993,168.40000000000003,,0.0,168.40000000000003,,,28.00000000000003,0.0,33.0,0.0,0.0,,0.0,2.5820295902295204e-14,4.313466082188084e-27,0.9894010817733506,0.18166249503643855,0.12617872127174662,0.06921361249010745,0.17692316330335917,,0.9999996647345563,4.4059199552998455e-09,4.4059199552998455e-09,3.6787269888316428e-09,,0.0,0.9999999955940747,0.0,,,,,,0.0,1.0,1.0,0.0,0.0,0.9999999009645741,0.3759218679565605,193,0.8460159675354973,0.42949511886710295,347,0,0.33333330606826644,0.47426771797794226,192,0.0,0.2204827248392898,0.3889911996789238,398,105.98899313922492,0.8889004264787999,282.5,253.4197782972567,0.7963894165936976,147,db,0.573477938514061,0.8443824841957417,0.34525069778143475,3,111.0,2.4591028016352995e-14,0.9999999999705134,1.4038749369452177e-27,0.9755109562493971,0.7663972479709832,0.0003305393605103844,0.05679824561403529,0.001723215924744222,0.9999999997236022,2.0315811923854454e-05,4.745387416349445e-11,4.745387416349445e-11,3.962169481397382e-11,,0.0,0.0031261328403482946,0.0,,,,,0.0,,0.0,1.0,1.0,0.0,0.0,1.0,0.4015691612041101,0.11457677215642968,1242,1.6920790519114992,0.7822230240759647,831,290.62088706767105,0.8476829732349732,1036.5,995.7568740955137,0.6522219897621406,627,0.49117026184683504,0.8233619396015222,0.4091722348267588,4,471.25,,,,,,,,,,,,,1.6511345831679825e-19,0.9999999999715827,1.4038749369452177e-27,0.9822366228878749,0.23692083983566747,0.001338722100490308,0.04296892617146997,0.9999999999999999,0.001723215924744222,0.9999999999999541,9.960751159770467e-05,3.8434858594393884e-14,3.8434858594393884e-14,3.20911916831812e-14,,0.0,0.0,0.004567040150618464,0.0,,,,,0.13043478260869565,,0.0,1.0,1.0,0.0,0.0,1.0,0.4544873153722995,0.14156097535167125,1124,1.826348611530746,0.8865266094785813,624,353.5533905932738,0.834788135236788,874.0,802.4897025171624,0.7131884601417584,354,1009.0473684210526,935.5,610.6543869996938,760,0.4758535102197843,0.8532293215616218,0.41093374637766444,5,266.75
coif4,1.0,antireflect,8.927250715349152e-27,319.9646151506445,6320371.233887372,0.6271929824561403,289.06449284201136,206,raw,6.166345751165033e-14,-2.0897883423743046e-10,6.4932631932373,101839.31327159701,0.857367501692316,5.6189438836900665e-06,0.9999999999999999,327.0000000000001,,,,[],[],13,661.1538461538462,86.99999999999991,940.0,"[8, 32, 51, 63, 81, 100, 111, 133, 152, 162, 175, 192, 204]","[877.9999999999997, 638.0, 787.0, 792.0, 940.0, 787.9999999999999, 636.9999999999999, 675.0, 770.9999999999999, 196.00000000000006, 834.0000000000002, 572.0, 86.99999999999991]","[0, 13, 42, 42, 76, 99, 107, 107, 107, 161, 99, 187, 203]","[76, 42, 61, 76, 205, 164, 119, 142, 164, 164, 205, 205, 205]",37754613.0,941.0,-941.0,0.0,,,,DWT,mdp.39015067403892,0.0,,0.0,33.0,19.0,0.0,28.5,,0.0,256.3413461538462,4359.0,256.3413461538461,,0.0,256.3413461538462,,,83.99999999999991,0.0,24.0,0.0,0.0,,1.1368683772161603e-13,5.956500387783591e-14,5.520636257967095e-27,0.966819158074412,0.8468814500513836,0.0006576853951567553,0.5253759398496237,0.00357044454757622,0.9999999997234795,0.47422802461150126,6.6959667625959335e-09,6.6959667625959335e-09,6.081912306383589e-09,,5.718550876340534e-12,0.9999999933040264,0.0,,,,,,0.0,1.0,0.5,0.0,0.0,0.7922684098804766,0.25901821375015965,430,1.6154396162162072,0.7759011183623702,302,0,0.24785233644959098,0.2961384272002845,431,0.0,0.41791308470521144,0.7590750505065583,303,73.90308969634941,0.9225334489556086,366.5,355.3232429658596,0.7691807705993976,209,coif,0.5507900112560971,0.8749445204262634,0.351963635992853,2,157.25,5.95650038778359e-14,0.0001547883299646835,5.520636257967095e-27,0.966819158074412,0.8468814500513837,0.0016904851423901772,0.6432825484764542,0.0059276985119436874,0.9999999997234794,0.9919828214562001,0.9855281704452468,0.9855281704452468,0.9855281704451335,,1.2251610931599486e-12,0.9999999999667601,0.0,,,,,1.0,,0.0,1.0,0.5,0.0,0.0,0.0,2.234570199821541,0.6375734627748595,431,1.6641079976252924,0.7692924209545368,1025,420.0214280248092,0.7798629832155088,728.0,606.8337912087912,0.6991558102660353,342,0.4784248188775415,0.776734912893196,0.43208215291776214,2,257.0,,,,,,,,,,,,,3.999419535605722e-19,0.03641360043841644,5.520636257967095e-27,0.9759319386242871,0.26180138944734094,0.0016567346456704565,0.4866551780615114,0.9999999999999999,0.0059276985119436874,0.9999999999999541,0.000849988472839121,0.0007982210227401261,0.0007982210227401261,0.0007982210227337863,,0.0,9.572760819061336e-19,0.020163910573049823,0.0,,,,,0.4782608695652174,,0.0,1.0,0.8604651162790697,0.0,0.0,0.9302325581395349,0.5744527218307418,0.17892707859001003,545,1.7252454559819665,0.8374501970508786,1111,400.2224381515859,0.8129801690880439,828.0,731.274154589372,0.7130321406187883,355,986.6382352941176,846.0,585.0035688138154,340,0.4652856568234462,0.8173890317607586,0.42908333069536003,4,267.25
coif8,1.0,periodic,2.2463744825682722e-26,315.9569708969484,6844612.571827247,0.626984126984127,298.61260205760817,206,raw,9.873008559569501e-14,-2.2364154972365513e-10,6.65318466636897,61247.23917950368,0.7369916757757399,5.618943883690064e-06,1.0,327.0000000000002,,,,[],[],13,661.1538461538463,87.0,940.0000000000002,"[8, 32, 51, 63, 81, 100, 111, 133, 152, 162, 175, 192, 204]","[878.0, 638.0000000000002, 787.0000000000001, 792.0000000000003, 940.0000000000002, 788.0, 637.0, 675.0, 771.0000000000001, 196.00000000000023, 834.0000000000002, 572.0000000000002, 87.0]","[0, 13, 39, 39, 76, 99, 107, 107, 107, 161, 164, 187, 203]","[76, 39, 61, 76, 205, 164, 119, 142, 164, 164, 205, 205, 205]",37754613.00000001,941.0000000000002,-941.0000000000002,0.0,,,,DWT,mdp.39015067403892,7.450580596923828e-09,,0.0,33.0,19.0,0.0,28.5,,2.2737367544323206e-13,256.3413461538463,4358.999999999998,256.34134615384625,,0.0,256.3413461538463,,,84.0,0.0,24.0,2.2737367544323206e-13,2.2737367544323206e-13,,2.2737367544323206e-13,1.063993315258324e-13,1.5099955823951523e-26,0.9520300434920399,0.9021262966131691,0.0012476574471772185,0.5238095238095237,0.00028398857539660617,0.9999999997232585,0.4742280246116003,6.696054799077647e-09,6.696054799077647e-09,6.082044361106239e-09,,1.1437101752681067e-11,0.9999999933039181,2.7225927463116073e-13,,,,,,7.374542113937972e-14,1.0,0.5,2.847685247612971e-13,2.847685247612971e-13,0.7922684098836908,0.2590182137512105,259,1.6325424079687005,0.7841156471597761,239,0,0.24785233645016874,0.2961384272009748,259,0.0,0.42243718870758395,0.7672923918624056,241,11.0,0.9884696016771488,249.5,249.13603152998942,0.8634696016771488,30,coif,0.5507900112560971,0.8749445204262634,0.351963635992853,2,23.0,1.0639933152583238e-13,0.0001547883299646835,1.5099955823951523e-26,0.9520300434920399,0.9021262966131692,0.002279847470417874,0.6421052631578947,0.002649017310521071,0.9999999997232584,0.9919828214562016,0.9855281704452481,0.9855281704452481,0.9855281704451354,,2.4503221863198973e-12,0.9999999999667596,1.5171946557926922e-13,,,,,1.0,,7.374542113937972e-14,1.0,0.5,2.847685247612971e-13,2.847685247612971e-13,0.0,2.2345701998223815,0.6375734627750993,259,1.6813692467127086,0.7772720401367694,918,465.98336880193483,0.7557739157222564,588.5,404.0135938827528,0.7236678802929941,272,0.4784248188775415,0.776734912893196,0.43208215291776214,2,204.5,,,,,,,,,,,,,7.144053343009104e-19,0.036413600438416426,1.5099955823951523e-26,0.9652045038515579,0.27887955025580247,0.0017945523561017627,0.4857645398844154,1.0,0.002649017310521071,0.9999999999999541,0.0008499884728391221,0.0007982210227401272,0.0007982210227401272,0.0007982210227337879,,0.0,1.9145521638122673e-18,0.020163910573049813,1.4108257588933865e-18,,,,,0.4782608695652174,,2.3332883504384434e-21,1.0,0.8604651162790697,9.54194168962319e-19,9.54194168962319e-19,0.9302325581395349,0.5744527218307418,0.17892707859001003,521,1.7257492566263681,0.8376947465713341,1108,415.0716805565034,0.806041270767989,814.5,708.7391037446286,0.7127168970662374,356,986.6382352941176,846.0,585.0035688138154,340,0.4652856568234462,0.8173890317607586,0.42908333069536003,4,268.0
rbio1.1,1.0,smooth,4.689601928132895e-27,320.53603894590907,4916497.513525565,0.5339805825242718,153.37455796706374,206,smoothed,5.1583333074234454e-14,-2.1415171858052476e-10,6.251701695249963,31688.2373984353,0.9479708511035823,0.0001496656645132027,0.9999999999999999,362.4000000000001,,,,[],[],11,426.60000000000014,32.19999999999999,728.4,"[9, 31, 53, 64, 80, 102, 131, 148, 158, 175, 192]","[311.0000000000001, 417.80000000000007, 589.6, 432.20000000000005, 728.4, 371.00000000000017, 587.0, 32.19999999999999, 448.2000000000001, 368.0000000000001, 407.2000000000001]","[1, 1, 1, 60, 1, 94, 120, 144, 144, 165, 186]","[20, 40, 75, 75, 203, 120, 203, 149, 203, 186, 203]",30736475.84000001,728.4,-728.4,0.0,,,,DWT,mdp.39015067403892,1.4901161193847656e-08,,0.0,33.0,11.0,0.0,33.0,,0.0,168.4000000000002,987.7999999999975,168.4000000000001,,0.0,168.4000000000002,,,28.0,0.0,33.0,0.0,0.0,,1.1368683772161603e-13,6.448443672150608e-14,8.936698749923184e-27,0.9826231854125504,0.16928993321880254,0.04283952183663018,0.14362142418571724,0.026847626163012936,,0.999999664709775,4.406097391567225e-09,4.406097391567225e-09,3.6787861342541454e-09,,1.2251610931599486e-12,0.9999999955939026,0.0,,,,,,3.1786782849947497e-13,1.0,1.0,0.0,0.0,0.9999999009579496,0.3759218679540702,215,0.763826258914758,0.3877700450761808,614,0,0.3333333060663501,0.47426771797521566,225,0.0,0.19503167011668257,0.3440886508880504,643,236.17983967025353,0.7524320338886231,424.25,325.7466481946303,0.6538627674684205,441,rbio,0.7685897546424816,0.816051598246696,0.21717169227625407,5,332.0,4.682859177247569e-14,0.9999999999705136,2.5217953756619697e-27,0.9689278412429513,0.7634340703454832,0.00011222294860600292,0.11785896780786931,0.00026149349854409426,0.9999999997234015,2.0315811923354854e-05,4.745570603148508e-11,4.745570603148508e-11,3.962224992548613e-11,,1.2251610931599486e-12,0.003126132840347795,0.0,,,,,0.0,,1.4749084227875944e-13,1.0,1.0,0.0,0.0,1.0,0.40156916120479735,0.11457677215662576,1088,1.7103780357959095,0.7906823726480132,652,308.2985565973347,0.83841794727603,870.0,815.3747126436782,0.6912215522543672,392,0.3888041033402703,1.0,0.4278371276618108,3,294.75,,,,,,,,,,,,,3.144248679037427e-19,0.999999999971583,2.5217953756619697e-27,0.9774614934208818,0.23600481549780045,0.001287670537457888,0.08916249492626177,0.9999999999999999,0.00026149349854409426,0.9999999999999541,9.960751159770423e-05,3.843648489765261e-14,3.843648489765261e-14,3.209173378426744e-14,,0.0,9.572760819061336e-19,0.004567040150618456,0.0,,,,,0.13043478260869565,,4.666576700876887e-21,1.0,1.0,0.0,0.0,1.0,0.4544873153722995,0.14156097535167125,1085,1.840892734431537,0.8935864620618573,386,494.26764004939673,0.7690338130610296,735.5,569.4221617946974,0.7126711121379914,357,818.67,599.5,715.6978453131971,300,0.38607403914171184,1.0,0.42974817260080167,3,268.5
bior1.1,1.0,symmetric,4.689601928132895e-27,320.53603894590907,4916497.513525565,0.5339805825242718,153.37455796706374,206,smoothed,5.1583333074234454e-14,-2.1415171858052476e-10,6.251701695249963,31688.2373984353,0.9479708511035823,0.0001496656645132027,0.9999999999999999,362.4000000000001,,,,[],[],11,426.60000000000014,32.19999999999999,728.4,"[9, 31, 53, 64, 80, 102, 131, 148, 158, 175, 192]","[311.0000000000001, 417.80000000000007, 589.6, 432.20000000000005, 728.4, 371.00000000000017, 587.0, 32.19999999999999, 448.2000000000001, 368.0000000000001, 407.2000000000001]","[1, 1, 1, 60, 1, 94, 120, 144, 144, 165, 186]","[20, 40, 75, 75, 203, 120, 203, 149, 203, 186, 203]",30736475.84000001,728.4,-728.4,0.0,,,,DWT,mdp.39015067403892,1.4901161193847656e-08,,0.0,33.0,11.0,0.0,33.0,,0.0,168.4000000000002,987.7999999999975,168.4000000000001,,0.0,168.4000000000002,,,28.0,0.0,33.0,0.0,0.0,,1.1368683772161603e-13,6.448443672150608e-14,8.936698749923184e-27,0.9826231854125504,0.16928993321880254,0.04283952183663018,0.14362142418571724,0.026847626163012936,,0.999999664709775,4.406097391567225e-09,4.406097391567225e-09,3.6787861342541454e-09,,1.2251610931599486e-12,0.9999999955939026,0.0,,,,,,3.1786782849947497e-13,1.0,1.0,0.0,0.0,0.9999999009579496,0.3759218679540702,231,0.763826258914758,0.3877700450761808,639,0,0.3333333060663501,0.47426771797521566,224,0.0,0.19503167011668257,0.3440886508880504,641,238.1755305091884,0.7503401147702428,433.75,335.61840036612847,0.6478377722698174,462,bior,0.8100315533562081,0.7923003667562746,0.1952878026237719,6,348.0,4.682859177247569e-14,0.9999999999705136,2.5217953756619697e-27,0.9689278412429513,0.7634340703454832,0.00011222294860600292,0.11785896780786931,0.00026149349854409426,0.9999999997234015,2.0315811923354854e-05,4.745570603148508e-11,4.745570603148508e-11,3.962224992548613e-11,,1.2251610931599486e-12,0.003126132840347795,0.0,,,,,0.0,,1.4749084227875944e-13,1.0,1.0,0.0,0.0,1.0,0.40156916120479735,0.11457677215662576,1081,1.7103780357959095,0.7906823726480132,640,311.8340905032675,0.8365649420842414,860.5,803.9976757699011,0.6927845674781794,378,0.5943810304597339,0.7715092316736338,0.3524805091760961,5,284.75,,,,,,,,,,,,,3.144248679037427e-19,0.999999999971583,2.5217953756619697e-27,0.9774614934208818,0.23600481549780045,0.001287670537457888,0.08916249492626177,0.9999999999999999,0.00026149349854409426,0.9999999999999541,9.960751159770423e-05,3.843648489765261e-14,3.843648489765261e-14,3.209173378426744e-14,,0.0,9.572760819061336e-19,0.004567040150618456,0.0,,,,,0.13043478260869565,,4.666576700876887e-21,1.0,1.0,0.0,0.0,1.0,0.4544873153722995,0.14156097535167125,1084,1.840892734431537,0.8935864620618573,380,497.80317395532944,0.7673816944133974,732.0,562.7322404371585,0.7126628098235211,358,1104.4,1082.5,563.6960149978129,300,0.520820561188399,0.7876173146100969,0.3991404127850916,6,270.0
db1,1.0,periodic,4.689601928132895e-27,320.53603894590907,4916497.513525565,0.5339805825242718,153.37455796706374,206,smoothed,5.1583333074234454e-14,-2.1415171858052476e-10,6.251701695249963,31688.2373984353,0.9479708511035823,0.0001496656645132027,0.9999999999999999,362.4000000000001,,,,[],[],11,426.60000000000014,32.19999999999999,728.4,"[9, 31, 53, 64, 80, 102, 131, 148, 158, 175, 192]","[311.0000000000001, 417.80000000000007, 589.6, 432.20000000000005, 728.4, 371.00000000000017, 587.0, 32.19999999999999, 448.2000000000001, 368.0000000000001, 407.2000000000001]","[1, 1, 1, 60, 1, 94, 120, 144, 144, 165, 186]","[20, 40, 75, 75, 203, 120, 203, 149, 203, 186, 203]",30736475.84000001,728.4,-728.4,0.0,,,,DWT,mdp.39015067403892,1.4901161193847656e-08,,0.0,33.0,11.0,0.0,33.0,,0.0,168.4000000000002,987.7999999999975,168.4000000000001,,0.0,168.4000000000002,,,28.0,0.0,33.0,0.0,0.0,,1.1368683772161603e-13,6.448443672150608e-14,8.936698749923184e-27,0.9826231854125504,0.16928993321880254,0.04283952183663018,0.14362142418571724,0.026847626163012936,,0.999999664709775,4.406097391567225e-09,4.406097391567225e-09,3.6787861342541454e-09,,1.2251610931599486e-12,0.9999999955939026,0.0,,,,,,3.1786782849947497e-13,1.0,1.0,0.0,0.0,0.9999999009579496,0.3759218679540702,207,0.763826258914758,0.3877700450761808,632,0,0.3333333060663501,0.47426771797521566,205,0.0,0.19503167011668257,0.3440886508880504,634,246.53126914585636,0.7415814788827502,419.5,310.83576099953234,0.6509270077851906,456,db,0.573477938514061,0.8443824841957417,0.34525069778143475,3,342.75,4.682859177247569e-14,0.9999999999705136,2.5217953756619697e-27,0.9689278412429513,0.7634340703454832,0.00011222294860600292,0.11785896780786931,0.00026149349854409426,0.9999999997234015,2.0315811923354854e-05,4.745570603148508e-11,4.745570603148508e-11,3.962224992548613e-11,,1.2251610931599486e-12,0.003126132840347795,0.0,,,,,0.0,,1.4749084227875944e-13,1.0,1.0,0.0,0.0,1.0,0.40156916120479735,0.11457677215662576,1076,1.7103780357959095,0.7906823726480132,639,309.00566337852126,0.8380473462376723,857.5,801.8239067055393,0.6943119330769074,363,0.49117026184683504,0.8233619396015222,0.4091722348267588,4,273.25,,,,,,,,,,,,,3.144248679037427e-19,0.999999999971583,2.5217953756619697e-27,0.9774614934208818,0.23600481549780045,0.001287670537457888,0.08916249492626177,0.9999999999999999,0.00026149349854409426,0.9999999999999541,9.960751159770423e-05,3.843648489765261e-14,3.843648489765261e-14,3.209173378426744e-14,,0.0,9.572760819061336e-19,0.004567040150618456,0.0,,,,,0.13043478260869565,,4.666576700876887e-21,1.0,1.0,0.0,0.0,1.0,0.4544873153722995,0.14156097535167125,1087,1.840892734431537,0.8935864620618573,397,487.9036790187178,0.7720076266267674,742.0,581.588948787062,0.7126393273320752,359,1009.0473684210526,935.5,610.6543869996938,760,0.4758535102197843,0.8532293215616218,0.41093374637766444,5,270.5
rbio3.1,1.0,periodization,1.0439716032328356e-26,319.28490561145173,6476219.42045981,0.6310679611650486,416.5906696661788,206,raw,7.5852711029595e-14,-1.9306256593410183e-10,6.6684591651673495,89485.2297224055,0.5721628944853081,5.618943883690067e-06,1.0,327.0,,,,[],[],13,661.153846153846,86.99999999999996,939.9999999999998,"[8, 32, 51, 63, 81, 100, 111, 133, 152, 162, 175, 192, 204]","[877.9999999999998, 638.0, 786.9999999999997, 791.9999999999999, 939.9999999999998, 787.9999999999997, 637.0, 675.0, 770.9999999999999, 196.0000000000001, 833.9999999999999, 571.9999999999999, 86.99999999999996]","[0, 13, 42, 42, 76, 99, 107, 107, 107, 161, 164, 187, 203]","[76, 42, 61, 76, 205, 164, 119, 142, 164, 164, 205, 205, 205]",37754612.99999999,940.9999999999998,-940.9999999999998,0.0,,,,DWT,mdp.39015067403892,7.450580596923828e-09,,0.0,33.0,19.0,0.0,28.5,,2.2737367544323206e-13,256.34134615384596,4359.000000000002,256.341346153846,,0.0,256.34134615384596,,,83.99999999999996,0.0,28.5,2.2737367544323206e-13,2.2737367544323206e-13,,0.0,7.749337186515656e-14,6.590956865778795e-27,0.9643108759960858,0.9074028697080773,0.0008330742242733836,0.5544382801664359,0.002570220918477286,0.9999999997237194,0.4742280246115508,6.695790689632508e-09,6.695790689632508e-09,6.0818682881427056e-09,,0.0,0.9999999933041348,2.7225927463116073e-13,,,,,,7.374542113937972e-14,1.0,1.0,2.847685247612971e-13,2.847685247612971e-13,0.8422684098778543,0.2753648338164357,203,1.6555078978873032,0.7951460497404187,197,0,0.2895190031158375,0.3459225095695477,205,0.0,0.42869441509214334,0.7786576843304334,200,3.5,0.9963312368972747,201.25,201.2042143975914,0.8926886792452831,14,rbio,0.5136782423812899,1.0,0.3404252303330971,4,11.5,7.749337186515656e-14,0.0001547883299646835,6.590956865778795e-27,0.9643108759960858,0.9074028697080774,0.0018656927107558777,0.6651251916198266,0.004929841112451299,0.9999999997237193,0.9919828214562009,0.9855281704452442,0.9855281704452442,0.9855281704451329,,0.0,0.9999999999667607,1.5171946557926922e-13,,,,,1.0,,7.374542113937972e-14,1.0,0.75,2.847685247612971e-13,2.847685247612971e-13,0.0,2.2595701998211535,0.6447065287087009,192,1.7012892562884798,0.7864807648192124,721,374.05948724768365,0.8039520507087612,456.5,303.2464403066813,0.7823481427547999,160,0.3888041033402703,1.0,0.4278371276618108,3,120.75,,,,,,,,,,,,,5.203197937384676e-19,0.036413600438416446,6.590956865778795e-27,0.9741125306917174,0.28051072799347,0.001697705547226388,0.5031795426870521,1.0,0.004929841112451299,0.9999999999999541,0.0008499884728391216,0.000798221022740124,0.000798221022740124,0.0007982210227337859,,0.0,0.0,0.02016391057304983,1.4108257588933865e-18,,,,,0.4782608695652174,,2.3332883504384434e-21,1.0,0.9302325581395349,9.54194168962319e-19,9.54194168962319e-19,0.9302325581395349,0.5814294660167882,0.18110015290550946,58,1.7397395688366868,0.8444857742924685,1029,686.6006845321376,0.6791585586298423,543.5,109.81048758049677,0.71259329800651,360,818.67,599.5,715.6978453131971,300,0.38607403914171184,1.0,0.42974817260080167,3,270.75
bior1.1,1.0,periodization,4.791368206334468e-27,320.44280327508943,4916497.513525565,0.5339805825242718,153.37455796706374,206,smoothed,5.281808205864887e-14,-2.14316919766589e-10,6.251701695249963,31688.2373984353,0.9479708511035823,0.00014966566451320274,0.9999999999999999,362.4000000000001,,,,[],[],11,426.60000000000014,32.200000000000045,728.4,"[9, 31, 53, 64, 80, 102, 131, 148, 158, 175, 192]","[311.0000000000001, 417.80000000000007, 589.6, 432.20000000000005, 728.4, 371.00000000000017, 587.0, 32.200000000000045, 448.2000000000001, 368.0000000000001, 407.2000000000001]","[1, 1, 1, 60, 1, 94, 120, 144, 144, 165, 186]","[20, 40, 75, 75, 203, 120, 203, 149, 203, 186, 203]",30736475.84000001,728.4,-728.4,0.0,,,,DWT,mdp.39015067403892,1.4901161193847656e-08,,0.0,33.0,11.0,0.0,33.0,,0.0,168.4000000000002,987.7999999999975,168.4000000000001,,0.0,168.4000000000002,,,28.000000000000057,0.0,33.0,0.0,0.0,,1.1368683772161603e-13,6.719700728604591e-14,9.234527904393321e-27,0.9822689446030289,0.16928993321880254,0.04283952183663018,0.14362142418571724,0.026847626163012936,,0.9999996647593375,4.406097391567225e-09,4.406097391567225e-09,3.6787861342541454e-09,,1.2251610931599486e-12,0.9999999955939026,0.0,,,,,,3.1786782849947497e-13,1.0,1.0,0.0,0.0,0.9999999009728183,0.37592186795965965,111,0.763613714429046,0.3876621430711852,641,0,0.33333330607048034,0.4742677179810922,111,0.0,0.19498106428675135,0.3439993685077186,646,307.4457946804065,0.6777297749681274,377.25,189.33953980777093,0.6411447616979002,475,bior,0.8100315533562081,0.7923003667562746,0.1952878026237719,6,357.75,4.838871853577273e-14,0.9999999999705138,2.5938119326809355e-27,0.9685837805101045,0.7634340703454832,0.00011222294860600292,0.11785896780786931,0.00026149349854409426,0.9999999997233989,2.0315811924354055e-05,4.745570603148508e-11,4.745570603148508e-11,3.962224992548613e-11,,1.2251610931599486e-12,0.003126132840347795,0.0,,,,,0.0,,1.4749084227875944e-13,1.0,1.0,0.0,0.0,1.0,0.40156916120479763,0.11457677215662584,1070,1.7101715993562008,0.7905869401468153,656,292.74220741123065,0.8465711701199001,863.0,813.3487833140208,0.697132545227665,348,0.5943810304597339,0.7715092316736338,0.3524805091760961,5,262.25,,,,,,,,,,,,,3.249001487715967e-19,0.9999999999715831,2.5938119326809355e-27,0.9772119254667685,0.23600481549780045,0.001287670537457888,0.08916249492626177,0.9999999999999999,0.00026149349854409426,0.9999999999999541,9.960751159770499e-05,3.843648489765261e-14,3.843648489765261e-14,3.209173378426744e-14,,0.0,9.572760819061336e-19,0.004567040150618456,0.0,,,,,0.13043478260869565,,4.666576700876887e-21,1.0,1.0,0.0,0.0,1.0,0.4544873153722995,0.14156097535167125,1091,1.8407429936590691,0.8935137764976236,414,478.7112908632927,0.7763031351106109,752.5,600.2312292358804,0.7123338105459597,361,1104.4,1082.5,563.6960149978129,300,0.520820561188399,0.7876173146100969,0.3991404127850916,6,272.25
db16,1.0,symmetric,1.250557450631276e-26,318.5007559883355,6437580.578437256,0.6271186440677966,307.07317144809116,206,raw,7.538306548561645e-14,-2.172146906787049e-10,6.568827931859814,59322.73108136775,0.7721384831891911,5.618943883690062e-06,0.9999999999999998,327.0,,,,[],[],13,661.1538461538462,86.99999999999983,940.0000000000002,"[8, 32, 51, 63, 81, 100, 111, 133, 152, 162, 175, 192, 204]","[878.0, 638.0000000000001, 787.0000000000001, 792.0000000000001, 940.0000000000002, 788.0000000000002, 636.9999999999999, 675.0, 771.0000000000002, 196.00000000000017, 834.0, 572.0, 86.99999999999983]","[0, 13, 39, 39, 76, 99, 107, 107, 107, 161, 164, 187, 203]","[76, 39, 61, 76, 205, 164, 119, 142, 164, 164, 205, 205, 205]",37754613.0,941.0000000000002,-941.0000000000002,0.0,,,,DWT,mdp.39015067403892,0.0,,0.0,33.0,19.0,0.0,28.5,,2.2737367544323206e-13,256.3413461538462,4359.0,256.3413461538462,,0.0,256.3413461538462,,,83.99999999999983,0.0,24.0,2.2737367544323206e-13,2.2737367544323206e-13,,0.0,7.689996657252406e-14,8.052895115010292e-27,0.9614171863640047,0.8729852765665704,0.0007895907458332397,0.524818401937046,0.00012817463205689282,0.9999999997233554,0.4742280246114022,6.6959667625959335e-09,6.6959667625959335e-09,6.082000342865356e-09,,0.0,0.9999999933040264,2.7225927463116073e-13,,,,,,0.0,1.0,0.5,2.847685247612971e-13,2.847685247612971e-13,0.7922684098778641,0.25901821374930556,510,1.6237163759916113,0.7798764741117821,278,0,0.2478523364491837,0.2961384271997978,509,0.0,0.42001732874611797,0.762897087217268,279,133.3691618528561,0.860200039986524,394.0,360.1406243284026,0.7236010682112913,297,db,0.540986235965534,0.9305070477545101,0.3421575204977732,3,223.5,7.689996657252404e-14,0.0001547883299646835,8.052895115010292e-27,0.9614171863640047,0.8729852765665704,0.0018222541715971847,0.6428635147190009,0.002493571976315472,0.9999999997233553,0.9919828214561985,0.9855281704452468,0.9855281704452468,0.9855281704451347,,0.0,0.9999999999667601,1.5171946557926922e-13,,,,,1.0,,0.0,1.0,0.5,2.847685247612971e-13,2.847685247612971e-13,0.0,2.2345701998211176,0.6375734627747387,509,1.6724433482539678,0.7731457297985475,967,323.85490578343877,0.8302647244321599,738.0,666.9417344173442,0.7217361358009856,278,0.49117026184683504,0.8233619396015222,0.4091722348267588,4,209.5,,,,,,,,,,,,,5.163354462770727e-19,0.03641360043841641,8.052895115010292e-27,0.9720135634676976,0.26987101719884454,0.0016875477890415955,0.4863381712527146,0.9999999999999998,0.002493571976315472,0.9999999999999541,0.0008499884728391198,0.0007982210227401261,0.0007982210227401261,0.0007982210227337874,,0.0,0.0,0.020163910573049823,1.4108257588933865e-18,,,,,0.4782608695652174,,0.0,1.0,0.8604651162790697,9.54194168962319e-19,9.54194168962319e-19,0.9302325581395349,0.5744527218307418,0.17892707859001003,518,1.72544419799768,0.8375466682745207,1110,418.60721446243616,0.804389152120357,814.0,706.3636363636364,0.712007660172328,362,1009.0473684210526,935.5,610.6543869996938,760,0.4758535102197843,0.8532293215616218,0.41093374637766444,5,272.75
db1,1.0,periodization,4.791368206334468e-27,320.44280327508943,4916497.513525565,0.5339805825242718,153.37455796706374,206,smoothed,5.281808205864887e-14,-2.14316919766589e-10,6.251701695249963,31688.2373984353,0.9479708511035823,0.00014966566451320274,0.9999999999999999,362.4000000000001,,,,[],[],11,426.60000000000014,32.200000000000045,728.4,"[9, 31, 53, 64, 80, 102, 131, 148, 158, 175, 192]","[311.0000000000001, 417.80000000000007, 589.6, 432.20000000000005, 728.4, 371.00000000000017, 587.0, 32.200000000000045, 448.2000000000001, 368.0000000000001, 407.2000000000001]","[1, 1, 1, 60, 1, 94, 120, 144, 144, 165, 186]","[20, 40, 75, 75, 203, 120, 203, 149, 203, 186, 203]",30736475.84000001,728.4,-728.4,0.0,,,,DWT,mdp.39015067403892,1.4901161193847656e-08,,0.0,33.0,11.0,0.0,33.0,,0.0,168.4000000000002,987.7999999999975,168.4000000000001,,0.0,168.4000000000002,,,28.000000000000057,0.0,33.0,0.0,0.0,,1.1368683772161603e-13,6.719700728604591e-14,9.234527904393321e-27,0.9822689446030289,0.16928993321880254,0.04283952183663018,0.14362142418571724,0.026847626163012936,,0.9999996647593375,4.406097391567225e-09,4.406097391567225e-09,3.6787861342541454e-09,,1.2251610931599486e-12,0.9999999955939026,0.0,,,,,,3.1786782849947497e-13,1.0,1.0,0.0,0.0,0.9999999009728183,0.37592186795965965,114,0.763613714429046,0.3876621430711852,642,0,0.33333330607048034,0.4742677179810922,114,0.0,0.19498106428675135,0.3439993685077186,647,306.2911196884428,0.6789401261127435,379.25,193.73192839477386,0.6407017192408582,478,db,0.573477938514061,0.8443824841957417,0.34525069778143475,3,359.25,4.838871853577273e-14,0.9999999999705138,2.5938119326809355e-27,0.9685837805101045,0.7634340703454832,0.00011222294860600292,0.11785896780786931,0.00026149349854409426,0.9999999997233989,2.0315811924354055e-05,4.745570603148508e-11,4.745570603148508e-11,3.962224992548613e-11,,1.2251610931599486e-12,0.003126132840347795,0.0,,,,,0.0,,1.4749084227875944e-13,1.0,1.0,0.0,0.0,1.0,0.40156916120479763,0.11457677215662584,1071,1.7101715993562008,0.7905869401468153,658,292.03510063004416,0.8469417711582578,864.5,815.1740890688259,0.6969247639858375,349,0.49117026184683504,0.8233619396015222,0.4091722348267588,4,262.75,,,,,,,,,,,,,3.249001487715967e-19,0.9999999999715831,2.5938119326809355e-27,0.9772119254667685,0.23600481549780045,0.001287670537457888,0.08916249492626177,0.9999999999999999,0.00026149349854409426,0.9999999999999541,9.960751159770499e-05,3.843648489765261e-14,3.843648489765261e-14,3.209173378426744e-14,,0.0,9.572760819061336e-19,0.004567040150618456,0.0,,,,,0.13043478260869565,,4.666576700876887e-21,1.0,1.0,0.0,0.0,1.0,0.4544873153722995,0.14156097535167125,1092,1.8407429936590691,0.8935137764976236,413,480.1255044256658,0.7756422876515581,752.5,599.3302325581395,0.7120033868164333,363,1009.0473684210526,935.5,610.6543869996938,760,0.4758535102197843,0.8532293215616218,0.41093374637766444,5,273.5
db30,1.0,periodic,1.889148778135799e-26,316.7091308513223,6988859.23349103,0.6212121212121212,325.9367453706627,206,raw,9.174969306416827e-14,-2.0625867680479662e-10,6.7564538071827,62023.274252260926,0.7388420335173297,5.618943883690067e-06,0.9999999999999999,327.0000000000001,,,,[],[],13,661.1538461538462,87.00000000000003,939.9999999999998,"[8, 32, 51, 63, 81, 100, 111, 133, 152, 162, 175, 192, 204]","[877.9999999999999, 638.0000000000002, 787.0, 792.0000000000002, 939.9999999999998, 787.9999999999998, 636.9999999999999, 675.0000000000002, 771.0, 196.0, 834.0, 572.0000000000001, 87.00000000000003]","[0, 13, 39, 39, 76, 99, 107, 107, 107, 161, 164, 187, 203]","[76, 39, 61, 76, 205, 164, 119, 142, 164, 164, 205, 205, 205]",37754613.0,940.9999999999998,-940.9999999999998,0.0,,,,DWT,mdp.39015067403892,0.0,,0.0,33.0,19.0,0.0,28.5,,2.2737367544323206e-13,256.3413461538462,4359.0,256.3413461538462,,0.0,256.3413461538462,,,84.00000000000003,0.0,24.0,2.2737367544323206e-13,2.2737367544323206e-13,,1.1368683772161603e-13,9.757948446038338e-14,1.2571990198546146e-26,0.9548056840043554,0.9378006043036984,0.001409990122645561,0.4805194805194805,0.00034681870064957177,0.9999999997235205,0.4742280246116333,6.6959667625959335e-09,6.6959667625959335e-09,6.082000342865356e-09,,5.718550876340534e-12,0.9999999933040264,2.7225927463116073e-13,,,,,,0.0,1.0,0.5,2.847685247612971e-13,2.847685247612971e-13,0.7922684098807927,0.259018213750263,318,1.6348352271932747,0.785216895997982,234,0,0.24785233644967947,0.2961384272003902,316,0.0,0.4218603221718059,0.766244602236268,249,44.02556075736003,0.9538516134618867,279.25,273.9955061252734,0.8305683643829349,66,db,0.540986235965534,0.9305070477545101,0.3421575204977732,3,50.25,9.757948446038338e-14,0.0001547883299646835,1.2571990198546144e-26,0.9548056840043554,0.9378006043036985,0.0024420123784018007,0.6095693779904308,0.0027116987985110973,0.9999999997235204,0.9919828214562021,0.9855281704452468,0.9855281704452468,0.9855281704451347,,1.2251610931599486e-12,0.9999999999667601,1.5171946557926922e-13,,,,,1.0,,0.0,1.0,0.5,2.847685247612971e-13,2.847685247612971e-13,0.0,2.2345701998217313,0.6375734627749138,314,1.687963585847667,0.780320505215338,863,388.2016228714146,0.7965400299416066,588.5,460.4621920135939,0.7440509374026691,226,0.49117026184683504,0.8233619396015222,0.4091722348267588,4,170.5,,,,,,,,,,,,,6.551855469120657e-19,0.036413600438416446,1.2571990198546144e-26,0.9672178429451572,0.28990775652999334,0.0018324733348745999,0.4611505393537596,0.9999999999999999,0.0027116987985110973,0.9999999999999541,0.0008499884728391225,0.0007982210227401261,0.0007982210227401261,0.0007982210227337874,,0.0,9.572760819061336e-19,0.020163910573049823,1.4108257588933865e-18,,,,,0.4782608695652174,,0.0,1.0,0.8604651162790697,9.54194168962319e-19,9.54194168962319e-19,0.9302325581395349,0.5744527218307418,0.17892707859001003,564,1.722669796091943,0.8361999477747787,1119,392.44426355853386,0.8166148301128346,841.5,749.9893048128342,0.711695265523707,364,1009.0473684210526,935.5,610.6543869996938,760,0.4758535102197843,0.8532293215616218,0.41093374637766444,5,274.25
rbio2.4,1.0,periodic,3.708844863584067e-27,321.55501206540896,4894978.883272911,0.5280373831775701,112.38709439209079,206,smoothed,3.780794447742912e-14,-2.1013768503053187e-10,6.2596129560445934,31663.808990866935,0.9685621976214371,0.00014966566451320276,0.9999999999999999,362.40000000000003,,,,[],[],11,426.6,32.19999999999999,728.4000000000001,"[9, 31, 53, 64, 80, 102, 131, 148, 158, 175, 192]","[311.00000000000017, 417.79999999999995, 589.6, 432.2000000000002, 728.4000000000001, 371.0, 587.0, 32.19999999999999, 448.2, 368.0000000000001, 407.20000000000016]","[1, 1, 1, 60, 1, 94, 120, 144, 144, 165, 186]","[20, 40, 75, 75, 203, 120, 203, 149, 203, 186, 203]",30736475.840000004,728.4000000000001,-728.4000000000001,0.0,,,,DWT,mdp.39015067403892,7.450580596923828e-09,,0.0,33.0,11.0,0.0,33.0,,1.1368683772161603e-13,168.4000000000001,987.7999999999984,168.4000000000001,,0.0,168.4000000000001,,,28.0,0.0,33.0,1.1368683772161603e-13,1.1368683772161603e-13,,5.684341886080802e-14,3.42218375256759e-14,6.066415465153563e-27,0.9864946850173592,0.18070116792258106,0.03360469680191752,0.10279768664860611,0.026645045447086464,,0.999999664709775,4.4059791007223055e-09,4.4059791007223055e-09,3.6787861342541454e-09,,6.125805465799743e-13,0.9999999955939887,7.585973278963461e-14,,,,,,1.5893391424973748e-13,1.0,1.0,1.7477015598164352e-13,1.7477015598164352e-13,0.9999999009576438,0.3759218679539552,252,0.750826836210952,0.38117065592323246,670,0,0.3333333060663087,0.4742677179751567,257,0.0,0.19003475454822638,0.33527273942339997,693,246.7157608801405,0.7413880913206075,468.0,370.5472961249446,0.6254110267923791,503,rbio,0.7685897546424816,0.816051598246696,0.21717169227625407,5,378.5,2.942314929309989e-14,0.999999999970514,1.827746734903647e-27,0.9726880827381247,0.7661670140843754,8.80312851414065e-05,0.08435809149040846,0.000259520380331574,0.999999999723462,2.0315811923354854e-05,4.745454029730922e-11,4.745454029730922e-11,3.962224992548613e-11,,6.125805465799743e-13,0.0031261328403480726,7.585973278963461e-14,,,,,0.0,,7.374542113937972e-14,1.0,1.0,1.4238426238064856e-13,1.4238426238064856e-13,1.0,0.4015691612045485,0.11457677215655476,1147,1.7005874169564772,0.7861563149159561,730,294.8635277547903,0.8454593670048269,938.5,892.1790090570058,0.6767915283661451,476,0.3888041033402703,1.0,0.4278371276618108,3,357.75,,,,,,,,,,,,,1.9755814726917935e-19,0.9999999999715833,1.827746734903647e-27,0.980189022857787,0.23684966629489843,0.0012820135086461335,0.06381846069417613,0.9999999999999999,0.000259520380331574,0.9999999999999541,9.960751159770423e-05,3.8435400695480126e-14,3.8435400695480126e-14,3.209173378426744e-14,,0.0,4.786380409530668e-19,0.00456704015061846,7.054128794466933e-19,,,,,0.13043478260869565,,2.3332883504384434e-21,1.0,1.0,4.770970844811595e-19,4.770970844811595e-19,1.0,0.4544873153722995,0.14156097535167125,1111,1.8328104460377042,0.889663244073038,517,420.0214280248092,0.8037283046613041,814.0,705.6351351351351,0.7116772364428016,365,818.67,599.5,715.6978453131971,300,0.38607403914171184,1.0,0.42974817260080167,3,274.5
db25,1.0,symmetric,1.2946524775800085e-26,318.350260400775,6804103.285673791,0.6220472440944882,298.3920431729356,206,raw,8.392854911593514e-14,-2.1098445213141598e-10,6.692738155742565,58044.12700538404,0.7741438145659357,5.618943883690064e-06,1.0,327.0000000000002,,,,[],[],13,661.1538461538462,86.99999999999991,940.0000000000001,"[8, 32, 51, 63, 81, 100, 111, 133, 152, 162, 175, 192, 204]","[878.0000000000002, 637.9999999999997, 786.9999999999999, 792.0000000000001, 940.0000000000001, 788.0000000000002, 637.0, 674.9999999999999, 770.9999999999999, 196.0, 834.0000000000002, 571.9999999999998, 86.99999999999991]","[0, 13, 39, 39, 76, 99, 107, 107, 107, 161, 164, 187, 203]","[76, 39, 61, 76, 205, 164, 119, 142, 164, 164, 205, 205, 205]",37754613.0,941.0000000000001,-941.0000000000001,0.0,,,,DWT,mdp.39015067403892,0.0,,0.0,33.0,19.0,0.0,28.5,,1.1368683772161603e-13,256.3413461538462,4359.0,256.34134615384613,,0.0,256.3413461538462,,,83.99999999999991,0.0,24.0,1.1368683772161603e-13,1.1368683772161603e-13,,2.2737367544323206e-13,8.769733339384578e-14,8.364940723695742e-27,0.9608618235753738,0.9157900430046768,0.0012020690035574222,0.48678290213723285,2.4655014112848423e-05,0.9999999997234493,0.47422802461150126,6.6959667625959335e-09,6.6959667625959335e-09,6.0819563246244724e-09,,1.1437101752681067e-11,0.9999999933040264,1.3612963731558036e-13,,,,,,0.0,1.0,0.5,1.4238426238064856e-13,1.4238426238064856e-13,0.792268409883474,0.2590182137511396,266,1.6297361728992856,0.7827678029526081,244,0,0.24785233645010624,0.2961384272009001,266,0.0,0.42058268655731135,0.7639239730095341,271,12.065791865158845,0.9873524194285547,261.75,261.31502982491327,0.8564906751230823,37,db,0.540986235965534,0.9305070477545101,0.3421575204977732,3,28.5,8.769733339384578e-14,0.0001547883299646835,8.364940723695742e-27,0.9608618235753738,0.9157900430046769,0.002234306141517788,0.6142768338168256,0.0023902972547902995,0.9999999997234492,0.9919828214562001,0.9855281704452468,0.9855281704452468,0.9855281704451341,,2.4503221863198973e-12,0.9999999999667601,7.585973278963461e-14,,,,,1.0,,0.0,1.0,0.5,1.4238426238064856e-13,1.4238426238064856e-13,0.0,2.2345701998222487,0.6375734627750614,265,1.6822425575353634,0.7776757587643853,910,456.08387386532314,0.7609623302592646,587.5,410.46808510638294,0.7265241420688358,265,0.49117026184683504,0.8233619396015222,0.4091722348267588,4,199.75,,,,,,,,,,,,,5.8883304887416345e-19,0.036413600438416426,8.364940723695742e-27,0.9716107254169775,0.28310350366762393,0.0017839028771979904,0.46471181698959263,1.0,0.0023902972547902995,0.9999999999999541,0.000849988472839121,0.0007982210227401261,0.0007982210227401261,0.0007982210227337869,,0.0,1.9145521638122673e-18,0.020163910573049823,7.054128794466933e-19,,,,,0.4782608695652174,,0.0,1.0,0.8604651162790697,4.770970844811595e-19,4.770970844811595e-19,0.9302325581395349,0.5744527218307418,0.17892707859001003,551,1.7231750643518573,0.8364452096894596,1117,400.2224381515859,0.8129801690880439,834.0,737.9700239808154,0.7116302714599099,366,1009.0473684210526,935.5,610.6543869996938,760,0.4758535102197843,0.8532293215616218,0.41093374637766444,5,275.75
db2,1.0,reflect,3.0307921095935173e-27,322.43183726315215,4954337.163153406,0.5288461538461539,102.98779987276133,206,smoothed,3.6833535143195e-14,-2.1108050862750412e-10,6.205222478324915,32179.2128910463,0.9777011103155455,0.0001496656645132027,0.9999999999999999,362.40000000000003,,,,[],[],11,426.6,32.200000000000045,728.4,"[9, 31, 53, 64, 80, 102, 131, 148, 158, 175, 192]","[311.00000000000006, 417.79999999999995, 589.6, 432.19999999999993, 728.4, 371.00000000000017, 587.0000000000001, 32.200000000000045, 448.2000000000001, 368.0, 407.2000000000001]","[1, 1, 1, 60, 1, 94, 120, 144, 144, 165, 186]","[20, 40, 75, 75, 203, 120, 203, 149, 203, 186, 203]",30736475.840000007,728.4,-728.4,0.0,,,,DWT,mdp.39015067403892,1.1175870895385742e-08,,0.0,33.0,11.0,0.0,33.0,,0.0,168.4000000000001,987.7999999999984,168.40000000000003,,0.0,168.4000000000001,,,28.000000000000057,0.0,33.0,0.0,0.0,,5.684341886080802e-14,3.208119670618995e-14,4.082026510620376e-27,0.9898261059759563,0.10224812193891733,0.05907859186967042,0.10835311892941973,0.030919204161584318,,0.9999996647593375,4.4059791007223055e-09,4.4059791007223055e-09,3.6787269888316428e-09,,6.125805465799743e-13,0.9999999955939887,0.0,,,,,,2.3840087137460624e-13,1.0,1.0,0.0,0.0,0.9999999009724266,0.37592186795951243,124,0.730267949726279,0.3707335699421816,712,0,0.3333333060704052,0.4742677179809852,125,0.0,0.18434644898222577,0.3252370288802192,756,352.35339741042185,0.6306568161316333,429.25,212.8592324325902,0.5903546135165504,613,db,0.573477938514061,0.8443824841957417,0.34525069778143475,3,460.5,2.819196619440226e-14,0.9999999999705136,1.347911708187764e-27,0.9759237662213021,0.7473778325116677,0.00015476302010065967,0.08891700404858327,0.0003011503072681515,0.9999999997234478,2.0315811924354055e-05,4.745454029730922e-11,4.745454029730922e-11,3.962169481397382e-11,,6.125805465799743e-13,0.0031261328403480726,0.0,,,,,0.0,,1.1061813170906958e-13,1.0,1.0,0.0,0.0,1.0,0.40156916120447217,0.11457677215653299,1163,1.6950078191215474,0.7835769496749314,789,264.45793616376875,0.8613952116542093,976.0,940.171106557377,0.674932406665679,482,0.49117026184683504,0.8233619396015222,0.4091722348267588,4,362.5,,,,,,,,,,,,,1.892915185169379e-19,0.999999999971583,1.347911708187764e-27,0.9825360588022075,0.23104125728792962,0.0012976181960987064,0.06726736259275856,0.9999999999999999,0.0003011503072681515,0.9999999999999541,9.960751159770499e-05,3.8435400695480126e-14,3.8435400695480126e-14,3.20911916831812e-14,,0.0,4.786380409530668e-19,0.00456704015061846,0.0,,,,,0.13043478260869565,,3.499932525657665e-21,1.0,1.0,0.0,0.0,1.0,0.4544873153722995,0.14156097535167125,1113,1.8327184781748058,0.8896186020166631,524,416.4858941188765,0.8053804233089362,818.5,712.5375687232744,0.7114518938974588,367,1009.0473684210526,935.5,610.6543869996938,760,0.4758535102197843,0.8532293215616218,0.41093374637766444,5,276.5
db31,1.0,periodization,2.5360395808080064e-26,313.2058384680564,4962879.809332923,0.5339805825242718,108.73765217471227,206,smoothed,1.1044870490895578e-13,-2.0360759744875208e-10,6.193274272368767,31688.23739843529,0.9830119875705576,0.00014966566451320268,0.9999999999999996,362.4,,,,[],[],11,426.59999999999985,32.19999999999996,728.4000000000001,"[9, 31, 53, 64, 80, 102, 131, 148, 158, 175, 192]","[310.99999999999943, 417.7999999999997, 589.6000000000004, 432.1999999999997, 728.4000000000001, 371.0000000000002, 586.9999999999999, 32.19999999999996, 448.1999999999996, 367.9999999999999, 407.2000000000001]","[1, 1, 1, 60, 1, 94, 120, 144, 144, 165, 186]","[20, 40, 75, 75, 203, 120, 203, 149, 203, 186, 203]",30736475.839999992,728.4000000000001,-728.4000000000001,0.0,,,,DWT,mdp.39015067403892,3.725290298461914e-09,,0.0,33.0,11.0,0.0,33.0,,1.1368683772161603e-13,168.39999999999992,987.8000000000002,168.39999999999992,,0.0,168.39999999999992,,,27.99999999999997,0.0,33.0,1.1368683772161603e-13,1.1368683772161603e-13,,0.0,1.938034132301479e-13,6.943183694586811e-26,0.9547727272305883,0.08501398113708386,0.0627447101065208,0.14362142418571724,0.026847626163012846,,0.9999996646849938,4.405801664454926e-09,4.405801664454926e-09,3.678608697986637e-09,,0.0,0.9999999955941608,7.585973278963461e-14,,,,,,7.946695712486874e-14,1.0,1.0,1.7477015598164352e-13,1.7477015598164352e-13,0.9999999009497897,0.37592186795100274,266,0.7149306020997055,0.36294729143827753,759,0,0.33333330606415595,0.4742677179720938,266,0.0,0.18185720983187384,0.32084533731305026,778,290.2221850008484,0.6957838731647291,517.25,395.1918160626878,0.5767965487416937,664,db,0.573477938514061,0.8443824841957417,0.34525069778143475,3,498.75,1.2120601033284368e-13,0.9999999999705134,1.7149817863955253e-26,0.9418777420035432,0.7432503267314244,0.0001643668294066215,0.11785896780786931,0.0002614934985440934,0.9999999997235604,2.0315811922799742e-05,4.74525418958649e-11,4.74525418958649e-11,3.962036254634427e-11,,0.0,0.003126132840348572,7.585973278963461e-14,,,,,0.0,,3.687271056968986e-14,1.0,1.0,1.4238426238064856e-13,1.4238426238064856e-13,1.0,0.4015691612042221,0.11457677215646163,1207,1.6840821763857214,0.7785261872468187,899,217.78888860545663,0.8858548801858194,1053.0,1030.4776828110162,0.6669840438664946,522,0.49117026184683504,0.8233619396015222,0.4091722348267588,4,392.5,,,,,,,,,,,,,8.138229732213291e-19,0.9999999999715827,1.7149817863955253e-26,0.9578404286458155,0.22976529741402513,0.0012998639708064247,0.08916249492626177,0.9999999999999997,0.0002614934985440934,0.9999999999999541,9.960751159770391e-05,3.8433882812438647e-14,3.8433882812438647e-14,3.209010748100871e-14,,0.0,0.0,0.004567040150618468,7.054128794466933e-19,,,,,0.13043478260869565,,1.1666441752192217e-21,1.0,1.0,4.770970844811595e-19,4.770970844811595e-19,1.0,0.4544873153722995,0.14156097535167125,1131,1.8260064332412838,0.8863605129530445,628,355.6747109368334,0.8337968640482087,879.5,807.5815804434337,0.7114077778184968,368,1009.0473684210526,935.5,610.6543869996938,760,0.4758535102197843,0.8532293215616218,0.41093374637766444,5,277.25
rbio1.1,1.0,periodization,4.791368206334468e-27,320.44280327508943,4916497.513525565,0.5339805825242718,153.37455796706374,206,smoothed,5.281808205864887e-14,-2.14316919766589e-10,6.251701695249963,31688.2373984353,0.9479708511035823,0.00014966566451320274,0.9999999999999999,362.4000000000001,,,,[],[],11,426.60000000000014,32.200000000000045,728.4,"[9, 31, 53, 64, 80, 102, 131, 148, 158, 175, 192]","[311.0000000000001, 417.80000000000007, 589.6, 432.20000000000005, 728.4, 371.00000000000017, 587.0, 32.200000000000045, 448.2000000000001, 368.0000000000001, 407.2000000000001]","[1, 1, 1, 60, 1, 94, 120, 144, 144, 165, 186]","[20, 40, 75, 75, 203, 120, 203, 149, 203, 186, 203]",30736475.84000001,728.4,-728.4,0.0,,,,DWT,mdp.39015067403892,1.4901161193847656e-08,,0.0,33.0,11.0,0.0,33.0,,0.0,168.4000000000002,987.7999999999975,168.4000000000001,,0.0,168.4000000000002,,,28.000000000000057,0.0,33.0,0.0,0.0,,1.1368683772161603e-13,6.719700728604591e-14,9.234527904393321e-27,0.9822689446030289,0.16928993321880254,0.04283952183663018,0.14362142418571724,0.026847626163012936,,0.9999996647593375,4.406097391567225e-09,4.406097391567225e-09,3.6787861342541454e-09,,1.2251610931599486e-12,0.9999999955939026,0.0,,,,,,3.1786782849947497e-13,1.0,1.0,0.0,0.0,0.9999999009728183,0.37592186795965965,113,0.763613714429046,0.3876621430711852,643,0,0.33333330607048034,0.4742677179810922,112,0.0,0.19498106428675135,0.3439993685077186,645,306.86302590352375,0.6783406437069981,378.25,191.5366972374538,0.6409260870526605,476,rbio,0.7685897546424816,0.816051598246696,0.21717169227625407,5,358.25,4.838871853577273e-14,0.9999999999705138,2.5938119326809355e-27,0.9685837805101045,0.7634340703454832,0.00011222294860600292,0.11785896780786931,0.00026149349854409426,0.9999999997233989,2.0315811924354055e-05,4.745570603148508e-11,4.745570603148508e-11,3.962224992548613e-11,,1.2251610931599486e-12,0.003126132840347795,0.0,,,,,0.0,,1.4749084227875944e-13,1.0,1.0,0.0,0.0,1.0,0.40156916120479763,0.11457677215662584,1072,1.7101715993562008,0.7905869401468153,659,292.03510063004416,0.8469417711582578,865.5,816.2310803004043,0.6966627094785,352,0.3888041033402703,1.0,0.4278371276618108,3,264.75,,,,,,,,,,,,,3.249001487715967e-19,0.9999999999715831,2.5938119326809355e-27,0.9772119254667685,0.23600481549780045,0.001287670537457888,0.08916249492626177,0.9999999999999999,0.00026149349854409426,0.9999999999999541,9.960751159770499e-05,3.843648489765261e-14,3.843648489765261e-14,3.209173378426744e-14,,0.0,9.572760819061336e-19,0.004567040150618456,0.0,,,,,0.13043478260869565,,4.666576700876887e-21,1.0,1.0,0.0,0.0,1.0,0.4544873153722995,0.14156097535167125,1094,1.8407429936590691,0.8935137764976236,412,482.2468247692254,0.7746510164629787,753.0,598.5763612217796,0.7113909287922371,369,818.67,599.5,715.6978453131971,300,0.38607403914171184,1.0,0.42974817260080167,3,277.5
rbio2.4,1.0,antisymmetric,3.709147387911797e-27,321.55465783304584,4883768.20368194,0.5280373831775701,114.87857916938812,206,smoothed,3.785537148042281e-14,-2.1013768503053187e-10,6.250510885015557,35841.16503746233,0.9747944127902851,0.00014966566451320274,0.9999999999999999,362.40000000000003,,,,[],[],11,426.6,32.19999999999999,728.4000000000001,"[9, 31, 53, 64, 80, 102, 131, 148, 158, 175, 192]","[311.00000000000017, 417.79999999999995, 589.6, 432.2000000000002, 728.4000000000001, 371.0, 587.0, 32.19999999999999, 448.2, 368.0000000000001, 407.20000000000016]","[1, 1, 1, 60, 1, 94, 120, 144, 144, 165, 186]","[20, 40, 75, 75, 203, 120, 203, 149, 203, 186, 203]",30736475.840000004,728.4000000000001,-728.4000000000001,0.0,,,,DWT,mdp.39015067403892,7.450580596923828e-09,,0.0,33.0,11.0,0.0,33.0,,1.1368683772161603e-13,168.4000000000001,987.7999999999984,168.4000000000001,,0.0,168.4000000000001,,,28.0,0.0,33.0,1.1368683772161603e-13,1.1368683772161603e-13,,5.684341886080802e-14,3.432602800804026e-14,6.0673008327461165e-27,0.9864933391423526,0.16757230369991574,0.02879357902502855,0.10279768664860611,0.06128716349062946,,0.999999664709775,4.4059791007223055e-09,4.4059791007223055e-09,3.6787861342541454e-09,,6.125805465799743e-13,0.9999999955939887,7.585973278963461e-14,,,,,,1.5893391424973748e-13,1.0,1.0,1.7477015598164352e-13,1.7477015598164352e-13,0.9999999009576438,0.3759218679539552,256,0.7557128849035881,0.38365114582479704,656,0,0.3333333060663087,0.4742677179751567,254,0.0,0.19242058171522386,0.3394819842637537,670,235.6296529160397,0.7530087495638997,459.0,368.31783630994545,0.6359383370461008,488,rbio,0.7685897546424816,0.816051598246696,0.21717169227625407,5,367.25,2.9483074134186944e-14,0.9999999999705138,1.8279608211499226e-27,0.9726867755405104,0.7630227051460781,7.542802068219445e-05,0.08435809149040846,0.0005969315387401859,0.999999999723462,2.0315811923354854e-05,4.745454029730922e-11,4.745454029730922e-11,3.962224992548613e-11,,6.125805465799743e-13,0.0031261328403480726,7.585973278963461e-14,,,,,0.0,,7.374542113937972e-14,1.0,1.0,1.4238426238064856e-13,1.4238426238064856e-13,1.0,0.4015691612045485,0.11457677215655476,1152,1.6991431409998936,0.7854886475838165,738,292.74220741123065,0.8465711701199001,945.0,899.6571428571428,0.6756440756259878,480,0.3888041033402703,1.0,0.4278371276618108,3,360.75,,,,,,,,,,,,,1.9796050530579284e-19,0.9999999999715831,1.8279608211499226e-27,0.980188074668694,0.2358776477805621,0.001279066335117853,0.06381846069417613,0.9999999999999999,0.0005969315387401859,0.9999999999999541,9.960751159770423e-05,3.8435400695480126e-14,3.8435400695480126e-14,3.209173378426744e-14,,0.0,4.786380409530668e-19,0.00456704015061846,7.054128794466933e-19,,,,,0.13043478260869565,,2.3332883504384434e-21,1.0,1.0,4.770970844811595e-19,4.770970844811595e-19,1.0,0.4544873153722995,0.14156097535167125,1115,1.8324573587436792,0.8894918522151827,534,410.82903986938413,0.8080238131451476,824.5,722.1467556094602,0.711371719656686,370,818.67,599.5,715.6978453131971,300,0.38607403914171184,1.0,0.42974817260080167,3,278.25
rbio2.2,1.0,antireflect,1.8333433791085916e-27,324.6149605975511,4880537.27444074,0.5238095238095238,138.06855286577098,206,smoothed,2.3213362192550856e-14,-2.0562036517901606e-10,6.265063041087787,33359.68254931973,0.9545141776054109,0.00014966566451320274,1.0,362.4,,,,[],[],11,426.59999999999997,32.20000000000002,728.4,"[9, 31, 53, 64, 80, 102, 131, 148, 158, 175, 192]","[311.00000000000006, 417.79999999999995, 589.6000000000001, 432.2000000000001, 728.4, 371.0, 587.0, 32.20000000000002, 448.19999999999993, 368.0, 407.19999999999993]","[1, 1, 1, 60, 1, 94, 120, 144, 144, 165, 186]","[20, 40, 75, 75, 203, 120, 203, 149, 203, 186, 203]",30736475.84,728.4,-728.4,0.0,,,,DWT,mdp.39015067403892,3.725290298461914e-09,,0.0,33.0,11.0,0.0,33.0,,0.0,168.40000000000003,987.7999999999993,168.40000000000003,,0.0,168.40000000000003,,,28.00000000000003,0.0,33.0,0.0,0.0,,0.0,2.1595845435522496e-15,5.775734715177716e-28,0.9981206929131685,0.18856239272579406,0.02740700999662401,0.07375659091609926,0.040708642455229,,0.9999996647345563,4.4059199552998455e-09,4.4059199552998455e-09,3.6787269888316428e-09,,0.0,0.9999999955940747,0.0,,,,,,7.946695712486874e-14,1.0,1.0,0.0,0.0,0.9999999009646139,0.37592186795657545,191,0.7526432104576419,0.3820927707566697,666,0,0.3333333060682731,0.4742677179779517,187,0.0,0.1897936184295596,0.3348473100472233,694,283.7140579292233,0.7026058092985081,434.5,295.73507067761636,0.6235775377729438,506,rbio,0.7685897546424816,0.816051598246696,0.21717169227625407,5,380.75,1.0982641376765918e-14,0.9999999999705138,5.005176961414068e-28,0.9839799855601568,0.7680497450651738,7.179574706796688e-05,0.06052631578947404,0.00039649856832645394,0.99999999972353,2.0315811923854454e-05,4.745387416349445e-11,4.745387416349445e-11,3.962169481397382e-11,,0.0,0.0031261328403482946,0.0,,,,,0.0,,3.687271056968986e-14,1.0,1.0,0.0,0.0,1.0,0.4015691612041286,0.11457677215643496,1221,1.6988178873659043,0.7853382876577343,743,337.9970414071697,0.8228527036650054,982.0,923.8319755600816,0.654088825627052,605,0.3888041033402703,1.0,0.4278371276618108,3,454.5,,,,,,,,,,,,,7.374160600220076e-20,0.9999999999715831,5.005176961414068e-28,0.9883797194886542,0.23743168587591376,0.0012782169567145064,0.04578928039894109,1.0,0.00039649856832645394,0.9999999999999541,9.960751159770467e-05,3.8434858594393884e-14,3.8434858594393884e-14,3.20911916831812e-14,,0.0,0.0,0.004567040150618464,0.0,,,,,0.13043478260869565,,1.1666441752192217e-21,1.0,1.0,0.0,0.0,1.0,0.4544873153722995,0.14156097535167125,1120,1.8308570946878702,0.8887150691526775,563,393.85847712090697,0.8159539826537818,841.5,749.3285799168152,0.7113648417941807,371,818.67,599.5,715.6978453131971,300,0.38607403914171184,1.0,0.42974817260080167,3,279.0
db33,1.0,reflect,1.5333204297436906e-26,317.61546324663055,7637614.689071721,0.6185185185185185,308.82844029508436,206,raw,8.746401661182887e-14,-2.095074114194544e-10,6.80666667271094,58637.671193900394,0.778698168929877,5.618943883690064e-06,1.0,327.0000000000001,,,,[],[],13,661.1538461538462,87.00000000000031,939.9999999999999,"[8, 32, 51, 63, 81, 100, 111, 133, 152, 162, 175, 192, 204]","[878.0, 637.9999999999999, 787.0000000000002, 792.0, 939.9999999999999, 787.9999999999999, 637.0, 674.9999999999998, 770.9999999999999, 196.00000000000006, 834.0000000000002, 571.9999999999999, 87.00000000000031]","[0, 13, 42, 42, 76, 99, 107, 107, 107, 161, 99, 187, 203]","[76, 42, 61, 76, 205, 164, 119, 142, 164, 164, 205, 205, 205]",37754613.0,940.9999999999999,-940.9999999999999,0.0,,,,DWT,mdp.39015067403892,0.0,,0.0,33.0,19.0,0.0,28.5,,1.1368683772161603e-13,256.3413461538462,4359.0,256.34134615384613,,0.0,256.3413461538462,,,84.00000000000031,0.0,24.0,1.1368683772161603e-13,1.1368683772161603e-13,,1.1368683772161603e-13,9.216445791124429e-14,1.0053913189756717e-26,0.9581502557266504,0.9551466304327302,0.0021400881894872653,0.4603174603174599,7.271013045591856e-05,0.9999999997234715,0.4742280246119635,6.6959667625959335e-09,6.6959667625959335e-09,6.0819563246244724e-09,,5.718550876340534e-12,0.9999999933040264,1.3612963731558036e-13,,,,,,0.0,1.0,0.5,1.4238426238064856e-13,1.4238426238064856e-13,0.7922684098807534,0.25901821375025014,332,1.6376895808156813,0.7865878517091055,228,0,0.2478523364496682,0.29613842720037675,332,0.0,0.4219783930650434,0.7664590599130618,247,55.1082268510489,0.942234563049215,284.75,276.6511104863649,0.8218772395958863,83,db,0.540986235965534,0.9305070477545101,0.3421575204977732,3,63.0,9.216445791124429e-14,0.0001547883299646835,1.0053913189756716e-26,0.9581502557266502,0.9551466304327303,0.0031713559038937895,0.5943859649122805,0.002438238687117387,0.9999999997234714,0.9919828214562072,0.9855281704452468,0.9855281704452468,0.9855281704451341,,1.2251610931599486e-12,0.9999999999667601,7.585973278963461e-14,,,,,1.0,,0.0,1.0,0.5,1.4238426238064856e-13,1.4238426238064856e-13,0.0,2.234570199821638,0.6375734627748871,383,1.692825264432467,0.7825679870456884,819,308.2985565973347,0.83841794727603,601.0,521.9251247920133,0.7617142147281617,190,0.49117026184683504,0.8233619396015222,0.4091722348267588,4,143.5,,,,,,,,,,,,,6.188270116035352e-19,0.036413600438416426,1.0053913189756716e-26,0.969643862081989,0.29527003449899936,0.002003024539152589,0.4496640057727866,1.0,0.002438238687117387,0.9999999999999541,0.0008499884728391263,0.0007982210227401261,0.0007982210227401261,0.0007982210227337869,,0.0,9.572760819061336e-19,0.020163910573049823,7.054128794466933e-19,,,,,0.4782608695652174,,0.0,1.0,0.8604651162790697,4.770970844811595e-19,4.770970844811595e-19,0.9302325581395349,0.5744527218307418,0.17892707859001003,557,1.7221878246837377,0.835965994368685,1121,398.8082245892128,0.8136410165470969,839.0,744.2157330154946,0.7107924708903709,372,1009.0473684210526,935.5,610.6543869996938,760,0.4758535102197843,0.8532293215616218,0.41093374637766444,5,280.25
rbio2.4,1.0,periodization,4.027980423102995e-27,321.1965252312859,4877949.830834347,0.5242718446601942,114.87857916938812,206,smoothed,4.163126421209232e-14,-2.1082346979284278e-10,6.231353908818599,30036.567036253862,0.972101251466283,0.0001496656645132027,0.9999999999999999,362.40000000000003,,,,[],[],11,426.60000000000014,32.19999999999999,728.4000000000001,"[9, 31, 53, 64, 80, 102, 131, 148, 158, 175, 192]","[311.0000000000001, 417.79999999999995, 589.6, 432.2000000000001, 728.4000000000001, 371.0, 587.0, 32.19999999999999, 448.2000000000001, 368.0000000000001, 407.20000000000016]","[1, 1, 1, 60, 1, 94, 120, 144, 144, 165, 186]","[20, 40, 75, 75, 203, 120, 203, 149, 203, 186, 203]",30736475.840000004,728.4000000000001,-728.4000000000001,0.0,,,,DWT,mdp.39015067403892,7.450580596923828e-09,,0.0,33.0,11.0,0.0,33.0,,1.1368683772161603e-13,168.4000000000002,987.7999999999975,168.4000000000001,,0.0,168.4000000000002,,,28.0,0.0,33.0,1.1368683772161603e-13,1.1368683772161603e-13,,5.684341886080802e-14,4.2621135441268144e-14,7.000397482896318e-27,0.9851326455188905,0.1399402034224786,0.02629659596414708,0.07693226515562712,0.01315059890043526,,0.999999664709775,4.406097391567225e-09,4.406097391567225e-09,3.6787861342541454e-09,,6.125805465799743e-13,0.9999999955939026,7.585973278963461e-14,,,,,,1.5893391424973748e-13,1.0,1.0,1.7477015598164352e-13,1.7477015598164352e-13,0.9999999009576717,0.3759218679539657,251,0.7102311326270847,0.3605615218107428,778,0,0.3333333060663212,0.4742677179751746,251,0.0,0.17735032985166013,0.31289398125288675,825,318.40998204620826,0.6662369160941213,526.25,382.2047112398009,0.5573060890743142,721,rbio,0.7685897546424816,0.816051598246696,0.21717169227625407,5,542.0,3.425398010809233e-14,0.9999999999705136,2.0535881887234595e-27,0.9713651851627652,0.7564049308730926,6.88868925440237e-05,0.06313234542667362,0.00012808566737130926,0.9999999997234515,2.0315811923354854e-05,4.745570603148508e-11,4.745570603148508e-11,3.962224992548613e-11,,6.125805465799743e-13,0.003126132840347795,7.585973278963461e-14,,,,,0.0,,7.374542113937972e-14,1.0,1.0,1.4238426238064856e-13,1.4238426238064856e-13,1.0,0.40156916120454905,0.11457677215655492,1145,1.6863601922986402,0.7795792801825674,877,189.50461735799473,0.9006789217201285,1011.0,993.2393669634025,0.6854023539418252,434,0.3888041033402703,1.0,0.4278371276618108,3,326.25,,,,,,,,,,,,,2.299941715735041e-19,0.999999999971583,2.0535881887234595e-27,0.9792294456382293,0.23383185672018247,0.0012775367441332083,0.04776079015018275,0.9999999999999999,0.0001280856673713097,0.9999999999999541,9.960751159770423e-05,3.843648489765261e-14,3.843648489765261e-14,3.209173378426744e-14,,0.0,4.786380409530668e-19,0.004567040150618456,7.054128794466933e-19,,,,,0.13043478260869565,,2.3332883504384434e-21,1.0,1.0,4.770970844811595e-19,4.770970844811595e-19,1.0,0.4544873153722995,0.14156097535167125,1139,1.8242479144335735,0.8855069115614695,656,341.5325753131024,0.8404053386387371,897.5,832.5169916434539,0.7105064076371256,373,818.67,599.5,715.6978453131971,300,0.38607403914171184,1.0,0.42974817260080167,3,280.5
db1,1.0,zero,4.689601928132895e-27,320.53603894590907,4916497.513525565,0.5339805825242718,153.37455796706374,206,smoothed,5.1583333074234454e-14,-2.1415171858052476e-10,6.251701695249963,31688.2373984353,0.9479708511035823,0.0001496656645132027,0.9999999999999999,362.4000000000001,,,,[],[],11,426.60000000000014,32.19999999999999,728.4,"[9, 31, 53, 64, 80, 102, 131, 148, 158, 175, 192]","[311.0000000000001, 417.80000000000007, 589.6, 432.20000000000005, 728.4, 371.00000000000017, 587.0, 32.19999999999999, 448.2000000000001, 368.0000000000001, 407.2000000000001]","[1, 1, 1, 60, 1, 94, 120, 144, 144, 165, 186]","[20, 40, 75, 75, 203, 120, 203, 149, 203, 186, 203]",30736475.84000001,728.4,-728.4,0.0,,,,DWT,mdp.39015067403892,1.4901161193847656e-08,,0.0,33.0,11.0,0.0,33.0,,0.0,168.4000000000002,987.7999999999975,168.4000000000001,,0.0,168.4000000000002,,,28.0,0.0,33.0,0.0,0.0,,1.1368683772161603e-13,6.448443672150608e-14,8.936698749923184e-27,0.9826231854125504,0.16928993321880254,0.04283952183663018,0.14362142418571724,0.026847626163012936,,0.999999664709775,4.406097391567225e-09,4.406097391567225e-09,3.6787861342541454e-09,,1.2251610931599486e-12,0.9999999955939026,0.0,,,,,,3.1786782849947497e-13,1.0,1.0,0.0,0.0,0.9999999009579496,0.3759218679540702,210,0.763826258914758,0.3877700450761808,628,0,0.3333333060663501,0.47426771797521566,216,0.0,0.19503167011668257,0.3440886508880504,630,240.19159019416145,0.7482268446602081,421.0,318.1877890221835,0.6534635271519069,443,db,0.573477938514061,0.8443824841957417,0.34525069778143475,3,333.0,4.682859177247569e-14,0.9999999999705136,2.5217953756619697e-27,0.9689278412429513,0.7634340703454832,0.00011222294860600292,0.11785896780786931,0.00026149349854409426,0.9999999997234015,2.0315811923354854e-05,4.745570603148508e-11,4.745570603148508e-11,3.962224992548613e-11,,1.2251610931599486e-12,0.003126132840347795,0.0,,,,,0.0,,1.4749084227875944e-13,1.0,1.0,0.0,0.0,1.0,0.40156916120479735,0.11457677215662576,1086,1.7103780357959095,0.7906823726480132,627,324.5620125646253,0.8298941233938022,856.5,795.0052539404553,0.6904973761623099,399,0.49117026184683504,0.8233619396015222,0.4091722348267588,4,300.25,,,,,,,,,,,,,3.144248679037427e-19,0.999999999971583,2.5217953756619697e-27,0.9774614934208818,0.23600481549780045,0.001287670537457888,0.08916249492626177,0.9999999999999999,0.00026149349854409426,0.9999999999999541,9.960751159770423e-05,3.843648489765261e-14,3.843648489765261e-14,3.209173378426744e-14,,0.0,9.572760819061336e-19,0.004567040150618456,0.0,,,,,0.13043478260869565,,4.666576700876887e-21,1.0,1.0,0.0,0.0,1.0,0.4544873153722995,0.14156097535167125,1096,1.840892734431537,0.8935864620618573,405,488.61078579990436,0.771677202897241,750.5,591.4457028647568,0.7104881341589009,374,1009.0473684210526,935.5,610.6543869996938,760,0.4758535102197843,0.8532293215616218,0.41093374637766444,5,281.75
coif12,1.0,periodization,2.4428841322526304e-26,315.59276378291503,6006247.274404342,0.6407766990291263,305.87603214286946,206,raw,1.1041783867378614e-13,-2.0787094268115717e-10,6.285890552806825,63117.308605900645,0.7658414822038132,5.618943883690067e-06,1.0,327.0000000000001,,,,[],[],13,661.1538461538462,87.00000000000006,940.0000000000002,"[8, 32, 51, 63, 81, 100, 111, 133, 152, 162, 175, 192, 204]","[878.0, 637.9999999999999, 786.9999999999997, 792.0000000000002, 940.0000000000002, 787.9999999999995, 637.0000000000002, 675.0, 770.9999999999997, 195.9999999999999, 834.0, 572.0000000000005, 87.00000000000006]","[0, 13, 39, 39, 76, 99, 107, 107, 107, 161, 164, 187, 203]","[76, 39, 61, 76, 205, 164, 119, 142, 164, 164, 205, 205, 205]",37754613.0,941.0000000000003,-941.0000000000003,0.0,,,,DWT,mdp.39015067403892,0.0,,0.0,33.0,19.0,0.0,28.5,,3.410605131648481e-13,256.3413461538462,4359.0,256.34134615384613,,0.0,256.3413461538462,,,84.00000000000006,0.0,24.0,2.2737367544323206e-13,3.410605131648481e-13,,1.1368683772161603e-13,1.211670103092128e-13,1.6490588226095515e-26,0.9506860367888034,0.7752446055592033,0.00030417577362772883,0.6272538141470184,0.00043539500072065546,0.9999999997234962,0.47422802461166635,6.6959667625959335e-09,6.6959667625959335e-09,6.0819563246244724e-09,,5.718550876340534e-12,0.9999999933040264,2.7225927463116073e-13,,,,,,0.0,1.0,0.5,4.2715278714194565e-13,4.2715278714194565e-13,0.7922684098808462,0.2590182137502805,298,1.609261696288228,0.7729338424994074,325,0,0.24785233644970228,0.29613842720041744,298,0.0,0.41924050337412383,0.7614861030196873,284,17.153716798408443,0.9820191647815425,301.25,300.5381308012959,0.8331217417199117,63,coif,0.5507900112560971,0.8749445204262634,0.351963635992853,2,47.75,1.211670103092128e-13,0.0001547883299646835,1.6490588226095515e-26,0.9506860367888034,0.7752446055592034,0.001337340865790935,0.7198518140010223,0.002800065553578875,0.9999999997234961,0.9919828214562026,0.9855281704452468,0.9855281704452468,0.9855281704451341,,1.2251610931599486e-12,0.9999999999667601,1.5171946557926922e-13,,,,,1.0,,0.0,1.0,0.5,4.2715278714194565e-13,4.2715278714194565e-13,0.0,2.234570199821788,0.63757346277493,296,1.6478097834960437,0.761757998535669,1117,580.5346673541555,0.6957365475083042,706.5,467.9858457183298,0.6627267643201898,543,0.4784248188775415,0.776734912893196,0.43208215291776214,2,407.75,,,,,,,,,,,,,8.135611123193833e-19,0.036413600438416446,1.6490588226095515e-26,0.9642296149112649,0.23965587495704482,0.0015741546548256053,0.5445812474631311,1.0,0.002800065553578875,0.9999999999999541,0.0008499884728391229,0.0007982210227401261,0.0007982210227401261,0.0007982210227337869,,0.0,9.572760819061336e-19,0.020163910573049823,1.4108257588933865e-18,,,,,0.4782608695652174,,0.0,1.0,0.8604651162790697,1.4312912534434783e-18,1.4312912534434783e-18,0.9302325581395349,0.5744527218307418,0.17892707859001003,323,1.7290293890908845,0.8392869533899279,1082,536.6940469205896,0.7492083892894441,702.5,497.4889679715302,0.7104686806260305,375,986.6382352941176,846.0,585.0035688138154,340,0.4652856568234462,0.8173890317607586,0.42908333069536003,4,282.25
coif10,1.0,antireflect,1.755939897131236e-26,314.8023022759081,6050269.868716202,0.5151515151515151,97.31452862854809,206,smoothed,8.630421081134662e-14,-2.1145873940753342e-10,6.606443089191869,116789.34417661316,0.995170334594223,0.00014966566451320263,0.9999999999999997,362.40000000000003,,,,[],[],11,426.6,32.19999999999993,728.4000000000001,"[9, 31, 53, 64, 80, 102, 131, 148, 158, 175, 192]","[311.00000000000006, 417.8, 589.6000000000001, 432.2000000000003, 728.4000000000001, 370.99999999999994, 587.0000000000002, 32.19999999999993, 448.20000000000005, 367.9999999999999, 407.19999999999993]","[1, 1, 1, 60, 1, 94, 120, 144, 144, 165, 186]","[20, 40, 75, 75, 203, 120, 203, 149, 203, 186, 203]",30736475.840000004,728.4000000000001,-728.4000000000001,0.0,,,,DWT,mdp.39015067403892,7.450580596923828e-09,,0.0,33.0,11.0,0.0,33.0,,1.1368683772161603e-13,168.4000000000001,987.7999999999984,168.40000000000006,,0.0,168.4000000000001,,,27.999999999999943,0.0,33.0,1.1368683772161603e-13,1.1368683772161603e-13,,5.684341886080802e-14,1.407613416742511e-13,4.660144231045909e-26,0.9608383524005857,0.6809703607132664,0.529403453018468,0.014284873339481807,0.7325769328733005,,0.9999996646602125,4.4059791007223055e-09,4.4059791007223055e-09,3.6787565615428943e-09,,6.125805465799743e-13,0.9999999955939887,7.585973278963461e-14,,,,,,1.5893391424973748e-13,1.0,1.0,1.7477015598164352e-13,1.7477015598164352e-13,0.9999999009427663,0.37592186794836246,276,1.4804346407913738,0.7515690913895064,45,0,0.333333306062176,0.4742677179692767,276,0.0,0.41686771033503484,0.7354674651668444,43,133.94775100762237,0.8595935524029116,160.0,75.86618367781803,0.8459393338534473,93,coif,0.5556920286951962,0.9053407607371553,0.33941335169221604,4,70.75,9.069902316102447e-14,0.9999999999705129,1.1629315950864995e-26,0.9477690548762251,0.8859794264734804,0.0013868319241867,0.01172248803827769,0.007135234376648644,0.999999999723442,2.0315811922300142e-05,4.745454029730922e-11,4.745454029730922e-11,3.9622027880881205e-11,,6.125805465799743e-13,0.0031261328403480726,7.585973278963461e-14,,,,,0.0,,7.374542113937972e-14,1.0,1.0,1.4238426238064856e-13,1.4238426238064856e-13,1.0,0.4015691612045481,0.11457677215655465,1153,1.7198876509710967,0.7950785265580391,546,429.21381618023435,0.7750451697168583,849.5,741.0688640376693,0.6649072808752007,531,0.4784248188775415,0.776734912893196,0.43208215291776214,2,398.75,,,,,,,,,,,,,6.089875287081677e-19,0.9999999999715824,1.1629315950864995e-26,0.9621137523945384,0.2738879743539571,0.0015857277466751506,0.008868279602957052,0.9999999999999997,0.007135234376648645,0.9999999999999541,9.960751159770347e-05,3.8435400695480126e-14,3.8435400695480126e-14,3.2091408523615694e-14,,0.0,4.786380409530668e-19,0.00456704015061846,7.054128794466933e-19,,,,,0.13043478260869565,,2.3332883504384434e-21,1.0,1.0,4.770970844811595e-19,4.770970844811595e-19,1.0,0.4544873153722995,0.14156097535167125,1147,1.8214065080703379,0.884127666474608,691,322.44069222106566,0.8493267793359507,919.0,862.4341675734495,0.7099437634997511,376,986.6382352941176,846.0,585.0035688138154,340,0.4652856568234462,0.8173890317607586,0.42908333069536003,4,283.0
db8,1.0,antireflect,4.203878058141472e-27,323.2352913689231,6151962.681429564,0.6318181818181818,289.69495605556074,206,raw,4.1080407683994144e-14,-2.070074112126036e-10,6.438450362693757,87446.57973351063,0.8396199294362748,5.618943883690066e-06,0.9999999999999999,327.0,,,,[],[],13,661.1538461538462,87.00000000000006,940.0,"[8, 32, 51, 63, 81, 100, 111, 133, 152, 162, 175, 192, 204]","[877.9999999999999, 637.9999999999999, 787.0, 792.0, 940.0, 788.0, 637.0000000000001, 675.0, 770.9999999999999, 196.0, 833.9999999999999, 571.9999999999999, 87.00000000000006]","[0, 13, 42, 42, 76, 99, 107, 107, 107, 161, 164, 187, 203]","[76, 42, 61, 76, 205, 164, 119, 142, 164, 164, 205, 205, 205]",37754613.0,941.0,-941.0,0.0,,,,DWT,mdp.39015067403892,0.0,,0.0,33.0,19.0,0.0,28.5,,0.0,256.3413461538462,4359.0,256.3413461538461,,0.0,256.3413461538462,,,84.00000000000006,0.0,28.5,0.0,0.0,,0.0,3.355796332810655e-14,2.178065002527721e-27,0.9788886937646999,0.8279463667652137,0.0004681613494915054,0.5600649350649352,0.0024051657055806277,0.9999999997235093,0.47422802461166635,6.6959667625959335e-09,6.6959667625959335e-09,6.081912306383589e-09,,0.0,0.9999999933040264,0.0,,,,,,0.0,1.0,1.0,0.0,0.0,0.8422684098776668,0.27536483381637433,217,1.6265285205137927,0.7812271566491261,255,0,0.28951900311579487,0.3459225095694967,217,0.0,0.421221665296683,0.7650845799314334,264,24.810951882854745,0.9739927129110537,238.25,236.32229650210508,0.8621273837091956,33,db,0.540986235965534,0.9305070477545101,0.3421575204977732,3,25.5,3.355796332810654e-14,0.0001547883299646835,2.178065002527721e-27,0.9788886937646999,0.8279463667652138,0.0015011569659317018,0.6693540669856461,0.004765176370765385,0.9999999997235092,0.9919828214562026,0.9855281704452468,0.9855281704452468,0.9855281704451335,,0.0,0.9999999999667601,0.0,,,,,1.0,,0.0,1.0,0.75,0.0,0.0,0.0,2.259570199820929,0.644706528708637,218,1.6717511118553605,0.772825719188829,973,533.8656197958434,0.7201962160399143,595.5,356.19479429051216,0.7040446489004604,322,0.49117026184683504,0.8233619396015222,0.4091722348267588,4,242.5,,,,,,,,,,,,,2.2532085179551225e-19,0.03641360043841643,2.178065002527721e-27,0.9846866991701968,0.255947876994896,0.0016124617518006345,0.5063787653288399,0.9999999999999999,0.004765176370765385,0.9999999999999541,0.0008499884728391229,0.0007982210227401261,0.0007982210227401261,0.0007982210227337863,,0.0,0.0,0.020163910573049823,0.0,,,,,0.4782608695652174,,0.0,1.0,0.9302325581395349,0.0,0.0,0.9302325581395349,0.5814294660167882,0.18110015290550946,131,1.734973845686815,0.8421724479323777,1051,650.5382386916237,0.6960101688356899,591.0,232.96277495769885,0.7099209722683122,377,1009.0473684210526,935.5,610.6543869996938,760,0.4758535102197843,0.8532293215616218,0.41093374637766444,5,284.0
coif9,1.0,periodic,1.3022607729513344e-26,316.1004191542537,5765288.815366314,0.5193798449612403,97.94363436106843,206,smoothed,7.82976703968654e-14,-2.021876666091775e-10,6.54550178596295,30540.407942552967,0.9782185093202299,0.00014966566451320284,0.9999999999999999,362.4,,,,[],[],11,426.59999999999997,32.19999999999993,728.3999999999999,"[9, 31, 53, 64, 80, 102, 131, 148, 158, 175, 192]","[310.99999999999994, 417.8000000000003, 589.5999999999999, 432.19999999999993, 728.3999999999999, 371.00000000000006, 587.0000000000001, 32.19999999999993, 448.20000000000005, 367.9999999999998, 407.2000000000001]","[1, 1, 1, 60, 1, 94, 120, 144, 144, 165, 186]","[20, 40, 75, 75, 203, 120, 203, 149, 203, 186, 203]",30736475.839999996,728.3999999999999,-728.3999999999999,0.0,,,,DWT,mdp.39015067403892,0.0,,0.0,33.0,11.0,0.0,33.0,,1.1368683772161603e-13,168.40000000000003,987.7999999999993,168.4,,0.0,168.40000000000003,,,27.999999999999943,0.0,33.0,1.1368683772161603e-13,1.1368683772161603e-13,,0.0,1.2317209387874045e-13,3.3324070636551925e-26,0.9657704344009205,0.5930683774072256,0.40710244524081096,0.04332920052806262,0.017328867632257786,,0.9999996646602125,4.4059199552998455e-09,4.4059199552998455e-09,3.6786974161203912e-09,,0.0,0.9999999955940747,7.585973278963461e-14,,,,,,0.0,1.0,1.0,1.7477015598164352e-13,1.7477015598164352e-13,0.9999999009423701,0.37592186794821353,284,1.1038108992287359,0.5603693211040465,156,0,0.3333333060621041,0.47426771796917444,284,0.0,0.28951418931562867,0.5107813861972417,174,69.09655080634151,0.9275717496788873,224.5,208.33727906599646,0.8461234010448944,90,coif,0.5556920286951962,0.9053407607371553,0.33941335169221604,4,68.5,8.058262044296475e-14,0.9999999999705145,8.41878205965783e-27,0.9525594000365917,0.8649272633072186,0.0010664506705715224,0.03555691554467605,0.0001687816343781388,0.9999999997235818,2.0315811922300142e-05,4.745387416349445e-11,4.745387416349445e-11,3.962136174706643e-11,,0.0,0.0031261328403482946,7.585973278963461e-14,,,,,0.0,,0.0,1.0,1.0,1.4238426238064856e-13,1.4238426238064856e-13,1.0,0.4015691612042045,0.1145767721564566,1214,1.718822775763083,0.7945862505591518,557,464.5691552395617,0.7565151177989718,885.5,763.6341050254094,0.6462082926521064,667,0.4784248188775415,0.776734912893196,0.43208215291776214,2,500.75,,,,,,,,,,,,,5.410621765271399e-19,0.9999999999715838,8.41878205965783e-27,0.9655884780084669,0.2673799966819169,0.0015108091291481064,0.0268994660382052,0.9999999999999999,0.0001687816343781388,0.9999999999999541,9.960751159770347e-05,3.8434858594393884e-14,3.8434858594393884e-14,3.209086642252945e-14,,0.0,0.0,0.004567040150618464,7.054128794466933e-19,,,,,0.13043478260869565,,0.0,1.0,1.0,4.770970844811595e-19,4.770970844811595e-19,1.0,0.4544873153722995,0.14156097535167125,1141,1.824625788771103,0.8856903352808756,651,346.4823227814083,0.8380923725320522,896.0,829.0078125,0.7097003918735028,378,986.6382352941176,846.0,585.0035688138154,340,0.4652856568234462,0.8173890317607586,0.42908333069536003,4,284.5
coif4,1.0,symmetric,7.275717740759572e-27,318.6286403184887,5313505.068791472,0.5263157894736842,90.26986405566846,206,smoothed,5.779195892068195e-14,-2.0084005569742698e-10,6.33834454777641,32333.615768820444,0.9823034121616382,0.00014966566451320276,0.9999999999999999,362.4,,,,[],[],11,426.59999999999997,32.19999999999993,728.4,"[9, 31, 53, 64, 80, 102, 131, 148, 158, 175, 192]","[311.0, 417.80000000000007, 589.5999999999999, 432.1999999999997, 728.4, 371.0, 587.0, 32.19999999999993, 448.1999999999999, 367.9999999999999, 407.2]","[1, 1, 1, 60, 1, 94, 120, 144, 144, 165, 186]","[20, 40, 75, 75, 203, 120, 203, 149, 203, 186, 203]",30736475.839999992,728.4,-728.4,0.0,,,,DWT,mdp.39015067403892,3.725290298461914e-09,,0.0,33.0,11.0,0.0,33.0,,0.0,168.40000000000003,987.7999999999993,168.39999999999998,,0.0,168.40000000000003,,,27.999999999999943,0.0,33.0,0.0,0.0,,0.0,7.812391804920423e-14,1.6505224389731323e-26,0.9753761904811287,0.2942639356249963,0.21321724882450538,0.09097208810933019,0.032199641514410404,,0.9999996646602125,4.4059199552998455e-09,4.4059199552998455e-09,3.67866784340914e-09,,0.0,0.9999999955940747,0.0,,,,,,7.946695712486874e-14,1.0,1.0,0.0,0.0,0.9999999009422931,0.37592186794818455,288,0.8882349983629477,0.4509283640533752,273,0,0.33333330606207284,0.47426771796913,286,0.0,0.22943272922206417,0.4047814297049936,318,19.03286631067428,0.980049406382941,291.25,290.35196419833443,0.8373779526673615,98,coif,0.5556920286951962,0.9053407607371553,0.33941335169221604,4,74.5,5.4673298242053545e-14,0.999999999970514,4.351902167115814e-27,0.9618891084938647,0.7933648294847389,0.0005585465787408983,0.07465373961218841,0.00031362165356238394,0.9999999997236021,2.0315811922300142e-05,4.745387416349445e-11,4.745387416349445e-11,3.962102868015904e-11,,0.0,0.0031261328403482946,0.0,,,,,0.0,,3.687271056968986e-14,1.0,1.0,0.0,0.0,1.0,0.40156916120412794,0.11457677215643478,1234,1.7040820975149702,0.7877718538540192,706,373.3523804664971,0.8043226517471189,970.0,898.1484536082475,0.647968453756159,656,0.4784248188775415,0.776734912893196,0.43208215291776214,2,492.5,,,,,,,,,,,,,3.670971926967854e-19,0.9999999999715833,4.351902167115814e-27,0.9723558769873937,0.24525748519483467,0.0013920397817942679,0.05647693852409408,0.9999999999999999,0.00031362165356238394,0.9999999999999541,9.960751159770347e-05,3.8434858594393884e-14,3.8434858594393884e-14,3.2090649582094954e-14,,0.0,0.0,0.004567040150618464,0.0,,,,,0.13043478260869565,,1.1666441752192217e-21,1.0,1.0,0.0,0.0,1.0,0.4544873153722995,0.14156097535167125,1130,1.82945451274327,0.8880342428263059,586,384.66608896548183,0.8202494911376254,858.0,771.7715617715617,0.7096574558491866,379,986.6382352941176,846.0,585.0035688138154,340,0.4652856568234462,0.8173890317607586,0.42908333069536003,4,285.25
haar,1.0,periodization,4.791368206334468e-27,320.44280327508943,4916497.513525565,0.5339805825242718,153.37455796706374,206,smoothed,5.281808205864887e-14,-2.14316919766589e-10,6.251701695249963,31688.2373984353,0.9479708511035823,0.00014966566451320274,0.9999999999999999,362.4000000000001,,,,[],[],11,426.60000000000014,32.200000000000045,728.4,"[9, 31, 53, 64, 80, 102, 131, 148, 158, 175, 192]","[311.0000000000001, 417.80000000000007, 589.6, 432.20000000000005, 728.4, 371.00000000000017, 587.0, 32.200000000000045, 448.2000000000001, 368.0000000000001, 407.2000000000001]","[1, 1, 1, 60, 1, 94, 120, 144, 144, 165, 186]","[20, 40, 75, 75, 203, 120, 203, 149, 203, 186, 203]",30736475.84000001,728.4,-728.4,0.0,,,,DWT,mdp.39015067403892,1.4901161193847656e-08,,0.0,33.0,11.0,0.0,33.0,,0.0,168.4000000000002,987.7999999999975,168.4000000000001,,0.0,168.4000000000002,,,28.000000000000057,0.0,33.0,0.0,0.0,,1.1368683772161603e-13,6.719700728604591e-14,9.234527904393321e-27,0.9822689446030289,0.16928993321880254,0.04283952183663018,0.14362142418571724,0.026847626163012936,,0.9999996647593375,4.406097391567225e-09,4.406097391567225e-09,3.6787861342541454e-09,,1.2251610931599486e-12,0.9999999955939026,0.0,,,,,,3.1786782849947497e-13,1.0,1.0,0.0,0.0,0.9999999009728183,0.37592186795965965,112,0.763613714429046,0.3876621430711852,640,0,0.33333330607048034,0.4742677179810922,113,0.0,0.19498106428675135,0.3439993685077186,644,305.711601568101,0.6795475874548207,377.25,191.447797330571,0.6420536679412469,473,haar,0.6445592013380003,0.05883501061488047,0.5311580558789356,2,355.25,4.838871853577273e-14,0.9999999999705138,2.5938119326809355e-27,0.9685837805101045,0.7634340703454832,0.00011222294860600292,0.11785896780786931,0.00026149349854409426,0.9999999997233989,2.0315811924354055e-05,4.745570603148508e-11,4.745570603148508e-11,3.962224992548613e-11,,1.2251610931599486e-12,0.003126132840347795,0.0,,,,,0.0,,1.4749084227875944e-13,1.0,1.0,0.0,0.0,1.0,0.40156916120479763,0.11457677215662584,1073,1.7101715993562008,0.7905869401468153,657,294.15642097360376,0.8458299680431847,865.0,814.9838150289019,0.6962378351746321,354,0.12852368039351705,0.2769787579518756,0.8269397963389753,1,265.75,,,,,,,,,,,,,3.249001487715967e-19,0.9999999999715831,2.5938119326809355e-27,0.9772119254667685,0.23600481549780045,0.001287670537457888,0.08916249492626177,0.9999999999999999,0.00026149349854409426,0.9999999999999541,9.960751159770499e-05,3.843648489765261e-14,3.843648489765261e-14,3.209173378426744e-14,,0.0,9.572760819061336e-19,0.004567040150618456,0.0,,,,,0.13043478260869565,,4.666576700876887e-21,1.0,1.0,0.0,0.0,1.0,0.4544873153722995,0.14156097535167125,1100,1.8407429936590691,0.8935137764976236,411,487.19657223753126,0.7723380503562938,755.5,598.4116479152879,0.7096503335893618,380,327.0,268.5,438.5491630604859,20,0.1542089129922188,0.6127574170194295,0.7082265357996179,2,285.5
db34,1.0,periodic,1.450862254501249e-26,315.6311369195944,5900050.896327921,0.5294117647058824,111.31217350798052,206,smoothed,8.435970368860512e-14,-2.0695880564858325e-10,6.58732802472611,31021.254824057127,0.9795346243811722,0.0001496656645132028,0.9999999999999996,362.40000000000015,,,,[],[],11,426.6,32.19999999999999,728.4000000000001,"[9, 31, 53, 64, 80, 102, 131, 148, 158, 175, 192]","[310.9999999999999, 417.80000000000007, 589.6000000000005, 432.1999999999999, 728.4000000000001, 370.99999999999994, 586.9999999999998, 32.19999999999999, 448.2000000000001, 368.0000000000001, 407.19999999999993]","[1, 1, 1, 60, 1, 94, 120, 144, 144, 165, 186]","[20, 40, 75, 75, 203, 120, 203, 149, 203, 186, 203]",30736475.84,728.4000000000001,-728.4000000000001,0.0,,,,DWT,mdp.39015067403892,3.725290298461914e-09,,0.0,33.0,11.0,0.0,33.0,,1.1368683772161603e-13,168.4000000000001,987.7999999999984,168.40000000000003,,0.0,168.4000000000001,,,28.0,0.0,33.0,1.1368683772161603e-13,1.1368683772161603e-13,,1.7053025658242404e-13,1.3648953189731241e-13,3.7673041079919927e-26,0.9639874374294999,0.6533987140871464,0.464936248990506,0.11223829052449849,0.02131645074562749,,0.999999664709775,4.4059791007223055e-09,4.4059791007223055e-09,3.6787269888316428e-09,,1.837741639739923e-12,0.9999999955939887,7.585973278963461e-14,,,,,,7.946695712486874e-14,1.0,1.0,1.7477015598164352e-13,1.7477015598164352e-13,0.9999999009581988,0.3759218679541639,199,1.1909818405046175,0.6046232066354341,130,0,0.33333330606639927,0.4742677179752856,201,0.0,0.3165538773967736,0.5584867141919642,136,38.768543949960254,0.9593621132599998,166.5,159.7093361948638,0.8924169056866036,52,db,0.573477938514061,0.8443824841957417,0.34525069778143475,3,39.75,8.824210467645536e-14,0.999999999970514,9.470384541173846e-27,0.950827642350403,0.8793761306011368,0.001217952828103592,0.092105263157895,0.0002076203403672339,0.9999999997235098,2.0315811923354854e-05,4.745454029730922e-11,4.745454029730922e-11,3.962169481397382e-11,,1.837741639739923e-12,0.0031261328403480726,7.585973278963461e-14,,,,,0.0,,3.687271056968986e-14,1.0,1.0,1.4238426238064856e-13,1.4238426238064856e-13,1.0,0.4015691612051425,0.11457677215672425,1022,1.7477187804047514,0.8079444444975407,263,536.6940469205896,0.7187138118864834,642.5,418.3439688715954,0.6909868849788812,394,0.49117026184683504,0.8233619396015222,0.4091722348267588,4,296.5,,,,,,,,,,,,,5.924908492070138e-19,0.9999999999715835,9.470384541173846e-27,0.9643323299465062,0.2718466590857971,0.0015462367082170754,0.06967933973751878,0.9999999999999997,0.0002076203403672339,0.9999999999999541,9.960751159770423e-05,3.8435400695480126e-14,3.8435400695480126e-14,3.20911916831812e-14,,0.0,1.4359141228592004e-18,0.00456704015061846,7.054128794466933e-19,,,,,0.13043478260869565,,1.1666441752192217e-21,1.0,1.0,4.770970844811595e-19,4.770970844811595e-19,1.0,0.4544873153722995,0.14156097535167125,1088,1.843250629887522,0.8947310064554643,341,528.208765546351,0.7531734740437612,714.5,519.255423372988,0.709647484685432,381,1009.0473684210526,935.5,610.6543869996938,760,0.4758535102197843,0.8532293215616218,0.41093374637766444,5,287.0
db35,1.0,antisymmetric,1.8535436752084142e-26,316.79176423050285,7619323.178073583,0.6167883211678832,296.3737988577647,206,raw,9.202778776354041e-14,-2.0061652339365124e-10,6.814679573216417,163619.2612780818,0.9223577054297515,5.618943883690066e-06,1.0,327.0,,,,[],[],13,661.1538461538462,87.00000000000004,940.0000000000002,"[8, 32, 51, 63, 81, 100, 111, 133, 152, 162, 175, 192, 204]","[877.9999999999999, 637.9999999999998, 787.0000000000001, 792.0000000000005, 940.0000000000002, 787.9999999999998, 636.9999999999998, 675.0, 770.9999999999998, 195.99999999999994, 834.0, 571.9999999999997, 87.00000000000004]","[0, 13, 42, 42, 76, 99, 107, 107, 107, 161, 99, 187, 203]","[76, 42, 61, 76, 205, 164, 119, 142, 164, 164, 205, 205, 205]",37754613.0,941.0000000000001,-941.0000000000001,0.0,,,,DWT,mdp.39015067403892,0.0,,0.0,33.0,19.0,0.0,28.5,,1.1368683772161603e-13,256.3413461538462,4359.0,256.3413461538461,,0.0,256.3413461538462,,,84.00000000000004,0.0,24.0,2.2737367544323206e-13,1.1368683772161603e-13,,0.0,9.793086193766659e-14,1.2320024913930229e-26,0.9551106198808127,0.9579146855929992,0.0021195032422556444,0.44734098018769525,0.008572334291525182,0.9999999997236055,0.4742280246116498,6.6959667625959335e-09,6.6959667625959335e-09,6.081912306383589e-09,,0.0,0.9999999933040264,2.7225927463116073e-13,,,,,,0.0,1.0,0.5,1.4238426238064856e-13,1.4238426238064856e-13,0.7922684098778549,0.2590182137493025,516,1.6354487920272751,0.7855115932655925,233,0,0.2478523364491732,0.29613842719978534,516,0.0,0.42138226536487394,0.765376285334626,258,156.5063896459183,0.8359471806646559,380.75,332.121546961326,0.7184190829948017,302,db,0.540986235965534,0.9305070477545101,0.3421575204977732,3,227.25,9.793086193766657e-14,0.0001547883299646835,1.2320024913930229e-26,0.9551106198808127,0.9579146855929993,0.0031507922307821446,0.5846331156358048,0.010917755282489026,0.9999999997236054,0.9919828214562024,0.9855281704452468,0.9855281704452468,0.9855281704451335,,0.0,0.9999999999667601,1.5171946557926922e-13,,,,,1.0,,0.0,1.0,0.5,1.4238426238064856e-13,1.4238426238064856e-13,0.0,2.2345701998210616,0.6375734627747227,512,1.6918658955961567,0.7821244850760286,835,228.39549032325485,0.8802958646104534,673.5,634.7735708982925,0.7636542216134028,188,0.49117026184683504,0.8233619396015222,0.4091722348267588,4,142.0,,,,,,,,,,,,,6.575448281267542e-19,0.03641360043841643,1.2320024913930229e-26,0.9674390312865107,0.29612573949405074,0.0019982158871374714,0.4422857944215049,1.0,0.010917755282489026,0.9999999999999541,0.0008499884728391227,0.0007982210227401261,0.0007982210227401261,0.0007982210227337863,,0.0,0.0,0.020163910573049823,1.4108257588933865e-18,,,,,0.4782608695652174,,0.0,1.0,0.8604651162790697,4.770970844811595e-19,4.770970844811595e-19,0.9302325581395349,0.5744527218307418,0.17892707859001003,556,1.7217308964756046,0.8357441971649235,1125,402.34375849514555,0.8119888978994647,840.5,744.1998810232005,0.7096159442768352,382,1009.0473684210526,935.5,610.6543869996938,760,0.4758535102197843,0.8532293215616218,0.41093374637766444,5,287.75
coif6,1.0,antisymmetric,1.3195854604334234e-26,318.2674172513453,6599954.292187473,0.6208333333333333,287.9424062131968,206,raw,7.694815658440845e-14,-2.1598223209906846e-10,6.569194214223557,118903.39247798132,0.8734494345229294,5.618943883690066e-06,0.9999999999999999,327.00000000000006,,,,[],[],13,661.1538461538462,86.99999999999989,939.9999999999998,"[8, 32, 51, 63, 81, 100, 111, 133, 152, 162, 175, 192, 204]","[878.0000000000002, 638.0, 786.9999999999999, 792.0000000000002, 939.9999999999998, 788.0000000000002, 637.0, 675.0000000000002, 771.0000000000002, 195.99999999999994, 834.0000000000001, 572.0000000000001, 86.99999999999989]","[0, 13, 39, 39, 76, 99, 107, 107, 107, 161, 99, 187, 203]","[76, 39, 61, 76, 205, 164, 119, 142, 164, 164, 205, 205, 205]",37754613.00000001,940.9999999999998,-940.9999999999998,0.0,,,,DWT,mdp.39015067403892,7.450580596923828e-09,,0.0,33.0,19.0,0.0,28.5,,2.2737367544323206e-13,256.3413461538462,4359.0,256.3413461538462,,0.0,256.3413461538462,,,83.99999999999989,0.0,19.5,2.2737367544323206e-13,2.2737367544323206e-13,,5.684341886080802e-14,7.887748632839684e-14,8.54138302000919e-27,0.9605561135992075,0.8731118087488158,0.000972323289344308,0.4776785714285715,0.004952003540850013,0.999999999723374,0.47422802461146824,6.6959667625959335e-09,6.6959667625959335e-09,6.082000342865356e-09,,2.859275438170267e-12,0.9999999933040264,2.7225927463116073e-13,,,,,,7.374542113937972e-14,1.0,0.0,2.847685247612971e-13,2.847685247612971e-13,0.7422684098793503,0.24267159368265814,799,1.6064279640557462,0.7715727913116991,335,0,0.20618566978276692,0.24635434483033125,801,0.0,0.4146588525412802,0.7531642366684642,339,267.3194094462029,0.7197909754232674,568.5,474.2184590242477,0.5619395128688665,669,coif,0.5507900112560971,0.8749445204262634,0.351963635992853,2,502.25,7.887748632839682e-14,0.0001547883299646835,8.54138302000919e-27,0.9605561135992073,0.8731118087488159,0.0020047978647794004,0.607434210526316,0.007305989150323669,0.9999999997233738,0.9919828214561996,0.9855281704452468,0.9855281704452468,0.9855281704451347,,6.125805465799743e-13,0.9999999999667601,1.5171946557926922e-13,,,,,1.0,,7.374542113937972e-14,1.0,0.25,2.847685247612971e-13,2.847685247612971e-13,0.0,2.209570199821461,0.6304403968408846,799,1.6598344877253404,0.7673168407748857,1052,178.89801564019652,0.9062379372954945,925.5,908.2096164235547,0.7105875221068667,302,0.4784248188775415,0.776734912893196,0.43208215291776214,2,227.0,,,,,,,,,,,,,5.296132614853192e-19,0.03641360043841643,8.54138302000919e-27,0.971388975574522,0.269910132828452,0.0017302341852560232,0.4595352455689353,0.9999999999999999,0.007305989150323669,0.9999999999999541,0.0008499884728391206,0.0007982210227401261,0.0007982210227401261,0.0007982210227337874,,0.0,4.786380409530668e-19,0.020163910573049823,1.4108257588933865e-18,,,,,0.4782608695652174,,2.3332883504384434e-21,1.0,0.7906976744186046,9.54194168962319e-19,9.54194168962319e-19,0.9302325581395349,0.5674759776446953,0.17675400427451057,749,1.7163141428707773,0.8331148545644199,1162,292.03510063004416,0.8635349997055868,955.5,910.8717948717949,0.7085198363013915,383,986.6382352941176,846.0,585.0035688138154,340,0.4652856568234462,0.8173890317607586,0.42908333069536003,4,288.25
coif13,1.0,antireflect,3.2623570825355076e-26,314.33647751680815,7393699.813215109,0.6134751773049646,286.36552043013546,206,raw,1.2447755878911353e-13,-2.2382595776804534e-10,6.810408123691913,153310.58566598222,0.9065520644677829,5.618943883690062e-06,1.0,327.0000000000002,,,,[],[],13,661.1538461538463,86.99999999999986,939.9999999999998,"[8, 32, 51, 63, 81, 100, 111, 133, 152, 162, 175, 192, 204]","[877.9999999999998, 638.0000000000001, 787.0, 792.0000000000003, 939.9999999999998, 788.0000000000001, 637.0000000000001, 675.0000000000002, 771.0000000000009, 196.0, 834.0000000000002, 571.9999999999999, 86.99999999999986]","[0, 13, 39, 39, 76, 99, 107, 107, 107, 161, 99, 187, 203]","[76, 39, 61, 76, 205, 164, 119, 142, 164, 164, 205, 205, 205]",37754613.00000001,940.9999999999998,-940.9999999999998,0.0,,,,DWT,mdp.39015067403892,7.450580596923828e-09,,0.0,33.0,19.0,0.0,28.5,,2.2737367544323206e-13,256.3413461538463,4358.999999999998,256.34134615384625,,0.0,256.3413461538463,,,83.99999999999986,0.0,19.5,2.2737367544323206e-13,2.2737367544323206e-13,,2.2737367544323206e-13,1.3893171059506941e-13,2.228972144512242e-26,0.9460500560575845,0.9564391140580663,0.0018655906452971379,0.42249240121580584,0.007737713019062385,0.9999999997232557,0.4742280246114352,6.696054799077647e-09,6.696054799077647e-09,6.082044361106239e-09,,1.1437101752681067e-11,0.9999999933039181,2.7225927463116073e-13,,,,,,7.374542113937972e-14,1.0,0.0,2.847685247612971e-13,2.847685247612971e-13,0.7422684098836413,0.24267159368406102,701,1.6188744315695236,0.7775508718085862,291,0,0.2061856697834883,0.24635434483119317,701,0.0,0.41682310933990135,0.7570952773533505,315,229.99420282549153,0.7589159299523149,502.0,422.64996645487196,0.6163552396092812,494,coif,0.5507900112560971,0.8749445204262634,0.351963635992853,2,371.0,1.3893171059506941e-13,0.0001547883299646835,2.2289721445122423e-26,0.9460500560575844,0.9564391140580664,0.00289714204727509,0.565957446808511,0.010085108474043775,0.9999999997232556,0.9919828214561991,0.9855281704452481,0.9855281704452481,0.9855281704451354,,2.4503221863198973e-12,0.9999999999667596,1.5171946557926922e-13,,,,,1.0,,7.374542113937972e-14,1.0,0.25,2.847685247612971e-13,2.847685247612971e-13,0.0,2.2095701998223807,0.630440396841147,701,1.6777616201885768,0.7756042879556553,939,168.2914139223983,0.9117969528708605,820.0,802.730487804878,0.7410137804186587,235,0.4784248188775415,0.776734912893196,0.43208215291776214,2,176.75,,,,,,,,,,,,,9.32840025677891e-19,0.03641360043841641,2.2289721445122423e-26,0.9608668591070021,0.29566958748121475,0.0019389018015928314,0.42815730459990187,1.0,0.010085108474043774,0.9999999999999541,0.0008499884728391203,0.0007982210227401272,0.0007982210227401272,0.0007982210227337879,,0.0,1.9145521638122673e-18,0.020163910573049813,1.4108257588933865e-18,,,,,0.4782608695652174,,2.3332883504384434e-21,1.0,0.7906976744186046,9.54194168962319e-19,9.54194168962319e-19,0.9302325581395349,0.5674759776446953,0.17675400427451057,949,1.7115454054666899,0.8308000650572863,1197,175.36248173426378,0.9180549150774469,1073.0,1058.6700838769805,0.7083265229592841,384,986.6382352941176,846.0,585.0035688138154,340,0.4652856568234462,0.8173890317607586,0.42908333069536003,4,289.0
db3,1.0,periodic,2.620366161832001e-27,325.28817264331724,6011450.884689644,0.6333333333333333,295.8151331341191,206,raw,2.8059539589361226e-14,-2.0555845914316535e-10,6.305229967038783,62959.52335900224,0.777978494584313,5.618943883690066e-06,1.0,327.00000000000006,,,,[],[],13,661.1538461538462,86.99999999999996,939.9999999999999,"[8, 32, 51, 63, 81, 100, 111, 133, 152, 162, 175, 192, 204]","[877.9999999999999, 638.0, 787.0000000000001, 792.0, 939.9999999999999, 788.0, 637.0, 675.0, 770.9999999999998, 196.0, 833.9999999999998, 572.0, 86.99999999999996]","[0, 13, 42, 42, 76, 99, 107, 107, 107, 161, 164, 187, 203]","[76, 42, 61, 76, 205, 164, 119, 142, 164, 164, 205, 205, 205]",37754613.0,940.9999999999999,-940.9999999999999,0.0,,,,DWT,mdp.39015067403892,0.0,,0.0,33.0,19.0,0.0,28.5,,1.1368683772161603e-13,256.3413461538462,4359.0,256.34134615384613,,0.0,256.3413461538462,,,83.99999999999996,0.0,28.5,1.1368683772161603e-13,1.1368683772161603e-13,,5.684341886080802e-14,1.7105870593297467e-14,1.057467130756281e-27,0.9864642904167784,0.7819254030213405,0.0003100318258230754,0.5714285714285712,0.0004226202342523388,0.999999999723531,0.4742280246115508,6.6959667625959335e-09,6.6959667625959335e-09,6.0819563246244724e-09,,2.859275438170267e-12,0.9999999933040264,1.3612963731558036e-13,,,,,,0.0,1.0,1.0,1.4238426238064856e-13,1.4238426238064856e-13,0.8422684098791998,0.27536483381687554,183,1.6117367682281958,0.7741226279340165,315,0,0.2895190031160623,0.3459225095698163,183,0.0,0.41756886458128917,0.7584498274218684,308,74.24452841792451,0.9221755467317353,247.25,230.54332265321423,0.8315018194874609,65,db,0.540986235965534,0.9305070477545101,0.3421575204977732,3,49.5,1.7105870593297454e-14,0.0001547883299646835,1.057467130756281e-27,0.9864642904167783,0.7819254030213405,0.0013431908658766705,0.6778947368421051,0.0027873210083828367,0.9999999997235309,0.9919828214562009,0.9855281704452468,0.9855281704452468,0.9855281704451341,,6.125805465799743e-13,0.9999999999667601,7.585973278963461e-14,,,,,1.0,,0.0,1.0,0.75,1.4238426238064856e-13,1.4238426238064856e-13,0.0,2.2595701998213302,0.6447065287087514,178,1.6558321307222776,0.7654666105537677,1082,639.224530192639,0.6649766613246126,630.0,305.70793650793655,0.6673939910396648,519,0.49117026184683504,0.8233619396015222,0.4091722348267588,4,390.25,,,,,,,,,,,,,1.1485528174343652e-19,0.03641360043841643,1.057467130756281e-27,0.9901817352994418,0.2417211487425288,0.0015755226309915353,0.5128399404681369,1.0,0.0027873210083828367,0.9999999999999541,0.0008499884728391216,0.0007982210227401261,0.0007982210227401261,0.0007982210227337869,,0.0,4.786380409530668e-19,0.020163910573049823,7.054128794466933e-19,,,,,0.4782608695652174,,0.0,1.0,0.9302325581395349,4.770970844811595e-19,4.770970844811595e-19,0.9302325581395349,0.5814294660167882,0.18110015290550946,179,1.7329323615885397,0.8411814925558838,1065,626.496608131281,0.7072445756395883,622.0,306.4871382636656,0.7082951850160559,385,1009.0473684210526,935.5,610.6543869996938,760,0.4758535102197843,0.8532293215616218,0.41093374637766444,5,290.0
db18,1.0,zero,6.801207674532574e-27,318.92153838037063,4965098.9066484505,0.5458333333333333,55.794224988886235,206,smoothed,6.004420261966668e-14,-1.9915127325020912e-10,6.1905062553422106,41488.92744444445,0.9894797697132863,0.00014966566451320276,0.9999999999999997,362.4000000000001,,,,[],[],11,426.59999999999997,32.19999999999999,728.3999999999999,"[9, 31, 53, 64, 80, 102, 131, 148, 158, 175, 192]","[310.99999999999994, 417.80000000000007, 589.5999999999999, 432.20000000000016, 728.3999999999999, 370.99999999999994, 586.9999999999999, 32.19999999999999, 448.1999999999999, 368.0000000000001, 407.20000000000005]","[1, 1, 1, 60, 1, 94, 120, 144, 144, 165, 186]","[20, 40, 75, 75, 203, 120, 203, 149, 203, 186, 203]",30736475.83999999,728.3999999999999,-728.3999999999999,0.0,,,,DWT,mdp.39015067403892,7.450580596923828e-09,,0.0,33.0,11.0,0.0,33.0,,1.1368683772161603e-13,168.40000000000003,987.7999999999993,168.39999999999998,,0.0,168.40000000000003,,,28.0,0.0,33.0,1.1368683772161603e-13,1.1368683772161603e-13,,1.1368683772161603e-13,8.307178197875724e-14,1.5116523394574255e-26,0.976489031152904,0.08102138213497125,0.06369704653329544,0.22503777250161872,0.1081231166155773,,0.999999664709775,4.4059199552998455e-09,4.4059199552998455e-09,3.67866784340914e-09,,1.2251610931599486e-12,0.9999999955940747,7.585973278963461e-14,,,,,,1.5893391424973748e-13,1.0,1.0,1.7477015598164352e-13,1.7477015598164352e-13,0.9999999009579221,0.37592186795405985,239,0.7915169886727791,0.4018277386958217,543,0,0.3333333060663472,0.47426771797521156,240,0.0,0.20776690699120715,0.36655705549266276,514,167.27422594849054,0.8246601405152091,384.0,329.5459441003357,0.7110722086223844,304,db,0.573477938514061,0.8443824841957417,0.34525069778143475,3,228.75,5.75190472295853e-14,0.999999999970514,4.016107424059346e-27,0.9629699686510834,0.7422941157053626,0.0001668615818523917,0.18467105263157885,0.001053109569748473,0.9999999997236275,2.0315811923354854e-05,4.745387416349445e-11,4.745387416349445e-11,3.962102868015904e-11,,1.2251610931599486e-12,0.0031261328403482946,7.585973278963461e-14,,,,,0.0,,7.374542113937972e-14,1.0,1.0,1.4238426238064856e-13,1.4238426238064856e-13,1.0,0.40156916120485414,0.11457677215664197,1060,1.7233021345954107,0.7966569916440831,507,391.03004999616076,0.7950576257881757,783.5,685.922144224633,0.6922091063951361,383,0.49117026184683504,0.8233619396015222,0.4091722348267588,4,288.25,,,,,,,,,,,,,3.8620462718551157e-19,0.9999999999715833,4.016107424059346e-27,0.973139889902462,0.22946969833671316,0.0013004473488979961,0.13970707617372471,0.9999999999999997,0.001053109569748473,0.9999999999999541,9.960751159770423e-05,3.8434858594393884e-14,3.8434858594393884e-14,3.2090649582094954e-14,,0.0,9.572760819061336e-19,0.004567040150618464,7.054128794466933e-19,,,,,0.13043478260869565,,2.3332883504384434e-21,1.0,1.0,4.770970844811595e-19,4.770970844811595e-19,1.0,0.4544873153722995,0.14156097535167125,1074,1.8555730810731286,0.9007124389164254,231,596.0910165402596,0.7214527960092245,652.5,380.2206896551724,0.7082731269765749,386,1009.0473684210526,935.5,610.6543869996938,760,0.4758535102197843,0.8532293215616218,0.41093374637766444,5,290.75
db26,1.0,periodic,1.4777846220161314e-26,317.775681039228,6656437.3831630545,0.62890625,306.98900986729075,206,raw,8.232465410560288e-14,-2.151758771162833e-10,6.740635277593213,62368.92317289159,0.7291140320664558,5.618943883690064e-06,0.9999999999999998,327.0,,,,[],[],13,661.1538461538462,86.99999999999983,940.0000000000001,"[8, 32, 51, 63, 81, 100, 111, 133, 152, 162, 175, 192, 204]","[878.0, 638.0, 787.0, 792.0000000000003, 940.0000000000001, 788.0, 637.0000000000001, 675.0000000000002, 771.0000000000001, 196.00000000000006, 834.0, 571.9999999999999, 86.99999999999983]","[0, 13, 42, 42, 76, 99, 107, 107, 107, 161, 164, 187, 203]","[76, 42, 61, 76, 205, 164, 119, 142, 164, 164, 205, 205, 205]",37754613.0,941.0000000000001,-941.0000000000001,0.0,,,,DWT,mdp.39015067403892,0.0,,0.0,33.0,19.0,0.0,28.5,,1.1368683772161603e-13,256.3413461538462,4359.0,256.3413461538462,,0.0,256.3413461538462,,,83.99999999999983,0.0,28.5,1.1368683772161603e-13,1.1368683772161603e-13,,0.0,8.567078422253818e-14,9.660905040644282e-27,0.9587414956528671,0.9323360958615784,0.001035888374116666,0.5382254464285714,0.00037480347316715427,0.9999999997233862,0.4742280246114022,6.6959667625959335e-09,6.6959667625959335e-09,6.082000342865356e-09,,0.0,0.9999999933040264,1.3612963731558036e-13,,,,,,0.0,1.0,1.0,1.4238426238064856e-13,1.4238426238064856e-13,0.8422684098777389,0.2753648338163979,213,1.6573709893596433,0.7960408988839515,192,0,0.2895190031158153,0.34592250956952114,213,0.0,0.42883921618922155,0.7789206933246494,198,10.677078252031311,0.9888080940754389,204.0,203.57778029188822,0.8874858080440088,16,db,0.540986235965534,0.9305070477545101,0.3421575204977732,3,12.75,8.567078422253817e-14,0.0001547883299646835,9.660905040644282e-27,0.958741495652867,0.9323360958615785,0.0020682972563428083,0.6529399671052633,0.0027396173674364664,0.999999999723386,0.9919828214561985,0.9855281704452468,0.9855281704452468,0.9855281704451347,,0.0,0.9999999999667601,7.585973278963461e-14,,,,,1.0,,0.0,1.0,0.75,1.4238426238064856e-13,1.4238426238064856e-13,0.0,2.2595701998210234,0.6447065287086639,214,1.7047653641281304,0.7880877178650962,693,338.70414818835627,0.8224821026266477,453.5,327.0165380374862,0.7923993322357556,138,0.49117026184683504,0.8233619396015222,0.4091722348267588,4,104.5,,,,,,,,,,,,,5.752260316359609e-19,0.036413600438416426,9.660905040644282e-27,0.9700727239795826,0.288218481245115,0.0017450830148178587,0.493961194358003,0.9999999999999998,0.002739617367436466,0.9999999999999541,0.0008499884728391198,0.0007982210227401261,0.0007982210227401261,0.0007982210227337874,,0.0,0.0,0.020163910573049823,7.054128794466933e-19,,,,,0.4782608695652174,,0.0,1.0,0.9302325581395349,4.770970844811595e-19,4.770970844811595e-19,0.9302325581395349,0.5814294660167882,0.18110015290550946,61,1.7366298213393982,0.8429762739223311,1045,695.7930726875628,0.6748630501459987,553.0,115.27124773960216,0.7082259175963639,387,1009.0473684210526,935.5,610.6543869996938,760,0.4758535102197843,0.8532293215616218,0.41093374637766444,5,291.5
db15,1.0,periodization,1.3437489765574818e-26,315.9642172775863,4962387.101600167,0.5339805825242718,112.77609038894511,206,smoothed,7.725073769901855e-14,-1.992751741397574e-10,6.193889192983099,31688.23739843529,0.9825594742420309,0.00014966566451320268,0.9999999999999997,362.4,,,,[],[],11,426.59999999999985,32.200000000000045,728.3999999999999,"[9, 31, 53, 64, 80, 102, 131, 148, 158, 175, 192]","[311.0000000000001, 417.7999999999995, 589.5999999999998, 432.19999999999965, 728.3999999999999, 370.9999999999999, 587.0000000000001, 32.200000000000045, 448.19999999999993, 368.0, 407.1999999999997]","[1, 1, 1, 60, 1, 94, 120, 144, 144, 165, 186]","[20, 40, 75, 75, 203, 120, 203, 149, 203, 186, 203]",30736475.839999992,728.3999999999999,-728.3999999999999,0.0,,,,DWT,mdp.39015067403892,3.725290298461914e-09,,0.0,33.0,11.0,0.0,33.0,,1.1368683772161603e-13,168.39999999999992,987.8000000000002,168.3999999999999,,0.0,168.39999999999992,,,28.000000000000057,0.0,33.0,1.1368683772161603e-13,1.1368683772161603e-13,,0.0,1.2087212938791684e-13,3.4538264259318486e-26,0.9652529472350658,0.08590094512885327,0.06253326218200955,0.14362142418571724,0.026847626163012846,,0.9999996647593375,4.405801664454926e-09,4.405801664454926e-09,3.678579125275386e-09,,0.0,0.9999999955941608,7.585973278963461e-14,,,,,,7.946695712486874e-14,1.0,1.0,1.7477015598164352e-13,1.7477015598164352e-13,0.9999999009720839,0.3759218679593836,138,0.7215564921359993,0.3663110428778967,737,0,0.3333333060703488,0.474267717980905,138,0.0,0.18345088641353993,0.32365701412743275,761,352.89705770002297,0.6300869416142316,443.5,233.05044270037442,0.58260112279873,637,db,0.573477938514061,0.8443824841957417,0.34525069778143475,3,478.5,7.92598028161446e-14,0.9999999999705134,8.712380060235042e-27,0.9520567842770938,0.7434627509563969,0.00016381291777203886,0.11785896780786931,0.0002614934985440934,0.9999999997236256,2.0315811924354055e-05,4.74525418958649e-11,4.74525418958649e-11,3.962002947943688e-11,,0.0,0.003126132840348572,7.585973278963461e-14,,,,,0.0,,3.687271056968986e-14,1.0,1.0,1.4238426238064856e-13,1.4238426238064856e-13,1.0,0.4015691612042225,0.11457677215646174,1206,1.6902955369065342,0.7813985315683052,854,248.90158697766472,0.8695484344980793,1030.0,999.9262135922329,0.6648580746913877,532,0.49117026184683504,0.8233619396015222,0.4091722348267588,4,400.0,,,,,,,,,,,,,5.321802789122275e-19,0.9999999999715827,8.712380060235042e-27,0.9652239005521407,0.22983096535048386,0.001299734442959752,0.08916249492626177,0.9999999999999997,0.0002614934985440934,0.9999999999999541,9.960751159770499e-05,3.8433882812438647e-14,3.8433882812438647e-14,3.2089890640574215e-14,,0.0,0.0,0.004567040150618468,7.054128794466933e-19,,,,,0.13043478260869565,,1.1666441752192217e-21,1.0,1.0,4.770970844811595e-19,4.770970844811595e-19,1.0,0.4544873153722995,0.14156097535167125,1132,1.8304692855893847,0.8885268230078645,568,398.8082245892128,0.8136410165470969,850.0,756.4423529411764,0.708222377432427,388,1009.0473684210526,935.5,610.6543869996938,760,0.4758535102197843,0.8532293215616218,0.41093374637766444,5,292.25
db16,1.0,symmetric,7.938682572582302e-27,318.2499143717504,5443875.278051197,0.5338983050847458,103.80352113540916,206,smoothed,6.028403235071433e-14,-2.1172825714899133e-10,6.402571841097401,31540.601430901745,0.9814661909298353,0.00014966566451320263,0.9999999999999999,362.4000000000001,,,,[],[],11,426.60000000000014,32.19999999999999,728.4000000000003,"[9, 31, 53, 64, 80, 102, 131, 148, 158, 175, 192]","[310.9999999999999, 417.8000000000002, 589.6000000000003, 432.19999999999993, 728.4000000000003, 371.0000000000001, 587.0, 32.19999999999999, 448.2000000000003, 368.0, 407.20000000000005]","[1, 1, 1, 60, 1, 94, 120, 144, 144, 165, 186]","[20, 40, 75, 75, 203, 120, 203, 149, 203, 186, 203]",30736475.840000004,728.4000000000003,-728.4000000000003,0.0,,,,DWT,mdp.39015067403892,7.450580596923828e-09,,0.0,33.0,11.0,0.0,33.0,,3.410605131648481e-13,168.4000000000002,987.7999999999975,168.4000000000001,,0.0,168.4000000000002,,,28.0,0.0,33.0,3.410605131648481e-13,3.410605131648481e-13,,1.1368683772161603e-13,8.35986543043497e-14,1.8445457036483926e-26,0.9739372542373073,0.3869056443867279,0.26916625943144007,0.1430562618210557,0.025623305669925343,,0.999999664709775,4.406097391567225e-09,4.406097391567225e-09,3.6787861342541454e-09,,1.2251610931599486e-12,0.9999999955939026,2.275791983689038e-13,,,,,,1.5893391424973748e-13,1.0,1.0,5.243104679449306e-13,5.243104679449306e-13,0.9999999009581937,0.37592186795416194,200,0.9798701314478858,0.4974485763034672,219,0,0.3333333060664432,0.4742677179753481,200,0.0,0.2569555322209343,0.45333910316834947,226,13.30100246848585,0.9860576494041029,211.25,210.62621018362873,0.8823107953519467,55,db,0.573477938514061,0.8443824841957417,0.34525069778143475,3,42.0,5.782207625553687e-14,0.9999999999705129,4.821059981042758e-27,0.9604915240110442,0.8155521373872586,0.0007051113085210997,0.11739518287243567,0.00024956872548845006,0.999999999723438,2.0315811923354854e-05,4.745570603148508e-11,4.745570603148508e-11,3.962224992548613e-11,,1.2251610931599486e-12,0.003126132840347795,2.275791983689038e-13,,,,,0.0,,7.374542113937972e-14,1.0,1.0,4.2715278714194565e-13,4.2715278714194565e-13,1.0,0.40156916120504516,0.11457677215669647,1030,1.7314814392742324,0.8004381627622285,431,423.556961930742,0.7780099780237202,730.5,607.707049965777,0.6975741714017972,347,0.49117026184683504,0.8233619396015222,0.4091722348267588,4,261.25,,,,,,,,,,,,,3.882392786206594e-19,0.9999999999715824,4.821059981042758e-27,0.9713421248594126,0.25211637676297943,0.0014263127825065584,0.0888116330213799,0.9999999999999999,0.00024956872548845006,0.9999999999999541,9.960751159770423e-05,3.843648489765261e-14,3.843648489765261e-14,3.209173378426744e-14,,0.0,9.572760819061336e-19,0.004567040150618456,2.11623863834008e-18,,,,,0.13043478260869565,,2.3332883504384434e-21,1.0,1.0,1.4312912534434783e-18,1.4312912534434783e-18,1.0,0.4544873153722995,0.14156097535167125,1090,1.8452011003785942,0.8956777829801766,322,543.0580079512685,0.7462345757237063,706.0,497.1388101983003,0.7081640168338158,389,1009.0473684210526,935.5,610.6543869996938,760,0.4758535102197843,0.8532293215616218,0.41093374637766444,5,293.0
bior1.1,1.0,antireflect,4.689601928132895e-27,320.53603894590907,4916497.513525565,0.5339805825242718,153.37455796706374,206,smoothed,5.1583333074234454e-14,-2.1415171858052476e-10,6.251701695249963,31688.2373984353,0.9479708511035823,0.0001496656645132027,0.9999999999999999,362.4000000000001,,,,[],[],11,426.60000000000014,32.19999999999999,728.4,"[9, 31, 53, 64, 80, 102, 131, 148, 158, 175, 192]","[311.0000000000001, 417.80000000000007, 589.6, 432.20000000000005, 728.4, 371.00000000000017, 587.0, 32.19999999999999, 448.2000000000001, 368.0000000000001, 407.2000000000001]","[1, 1, 1, 60, 1, 94, 120, 144, 144, 165, 186]","[20, 40, 75, 75, 203, 120, 203, 149, 203, 186, 203]",30736475.84000001,728.4,-728.4,0.0,,,,DWT,mdp.39015067403892,1.4901161193847656e-08,,0.0,33.0,11.0,0.0,33.0,,0.0,168.4000000000002,987.7999999999975,168.4000000000001,,0.0,168.4000000000002,,,28.0,0.0,33.0,0.0,0.0,,1.1368683772161603e-13,6.448443672150608e-14,8.936698749923184e-27,0.9826231854125504,0.16928993321880254,0.04283952183663018,0.14362142418571724,0.026847626163012936,,0.999999664709775,4.406097391567225e-09,4.406097391567225e-09,3.6787861342541454e-09,,1.2251610931599486e-12,0.9999999955939026,0.0,,,,,,3.1786782849947497e-13,1.0,1.0,0.0,0.0,0.9999999009579496,0.3759218679540702,214,0.763826258914758,0.3877700450761808,616,0,0.3333333060663501,0.47426771797521566,226,0.0,0.19503167011668257,0.3440886508880504,642,236.4254639415983,0.7521745660989536,424.5,325.76778431022353,0.6536030063199171,442,bior,0.8100315533562081,0.7923003667562746,0.1952878026237719,6,333.0,4.682859177247569e-14,0.9999999999705136,2.5217953756619697e-27,0.9689278412429513,0.7634340703454832,0.00011222294860600292,0.11785896780786931,0.00026149349854409426,0.9999999997234015,2.0315811923354854e-05,4.745570603148508e-11,4.745570603148508e-11,3.962224992548613e-11,,1.2251610931599486e-12,0.003126132840347795,0.0,,,,,0.0,,1.4749084227875944e-13,1.0,1.0,0.0,0.0,1.0,0.40156916120479735,0.11457677215662576,1087,1.7103780357959095,0.7906823726480132,641,315.3696244092002,0.8347119368924527,864.0,806.4432870370371,0.6909408741066037,395,0.5943810304597339,0.7715092316736338,0.3524805091760961,5,297.5,,,,,,,,,,,,,3.144248679037427e-19,0.999999999971583,2.5217953756619697e-27,0.9774614934208818,0.23600481549780045,0.001287670537457888,0.08916249492626177,0.9999999999999999,0.00026149349854409426,0.9999999999999541,9.960751159770423e-05,3.843648489765261e-14,3.843648489765261e-14,3.209173378426744e-14,,0.0,9.572760819061336e-19,0.004567040150618456,0.0,,,,,0.13043478260869565,,4.666576700876887e-21,1.0,1.0,0.0,0.0,1.0,0.4544873153722995,0.14156097535167125,1104,1.840892734431537,0.8935864620618573,398,499.21738751770255,0.7667208469543446,751.0,585.0758988015979,0.7078931337575461,390,1104.4,1082.5,563.6960149978129,300,0.520820561188399,0.7876173146100969,0.3991404127850916,6,294.0
haar,1.0,symmetric,4.689601928132895e-27,320.53603894590907,4916497.513525565,0.5339805825242718,153.37455796706374,206,smoothed,5.1583333074234454e-14,-2.1415171858052476e-10,6.251701695249963,31688.2373984353,0.9479708511035823,0.0001496656645132027,0.9999999999999999,362.4000000000001,,,,[],[],11,426.60000000000014,32.19999999999999,728.4,"[9, 31, 53, 64, 80, 102, 131, 148, 158, 175, 192]","[311.0000000000001, 417.80000000000007, 589.6, 432.20000000000005, 728.4, 371.00000000000017, 587.0, 32.19999999999999, 448.2000000000001, 368.0000000000001, 407.2000000000001]","[1, 1, 1, 60, 1, 94, 120, 144, 144, 165, 186]","[20, 40, 75, 75, 203, 120, 203, 149, 203, 186, 203]",30736475.84000001,728.4,-728.4,0.0,,,,DWT,mdp.39015067403892,1.4901161193847656e-08,,0.0,33.0,11.0,0.0,33.0,,0.0,168.4000000000002,987.7999999999975,168.4000000000001,,0.0,168.4000000000002,,,28.0,0.0,33.0,0.0,0.0,,1.1368683772161603e-13,6.448443672150608e-14,8.936698749923184e-27,0.9826231854125504,0.16928993321880254,0.04283952183663018,0.14362142418571724,0.026847626163012936,,0.999999664709775,4.406097391567225e-09,4.406097391567225e-09,3.6787861342541454e-09,,1.2251610931599486e-12,0.9999999955939026,0.0,,,,,,3.1786782849947497e-13,1.0,1.0,0.0,0.0,0.9999999009579496,0.3759218679540702,213,0.763826258914758,0.3877700450761808,618,0,0.3333333060663501,0.47426771797521566,208,0.0,0.19503167011668257,0.3440886508880504,632,239.38863103052046,0.7490685209323684,417.75,314.88799624931244,0.6555877195856811,434,haar,0.6445592013380003,0.05883501061488047,0.5311580558789356,2,326.0,4.682859177247569e-14,0.9999999999705136,2.5217953756619697e-27,0.9689278412429513,0.7634340703454832,0.00011222294860600292,0.11785896780786931,0.00026149349854409426,0.9999999997234015,2.0315811923354854e-05,4.745570603148508e-11,4.745570603148508e-11,3.962224992548613e-11,,1.2251610931599486e-12,0.003126132840347795,0.0,,,,,0.0,,1.4749084227875944e-13,1.0,1.0,0.0,0.0,1.0,0.40156916120479735,0.11457677215662576,1078,1.7103780357959095,0.7906823726480132,653,300.5203820042827,0.8424945586979651,865.5,813.3264009243212,0.6944391032483537,361,0.12852368039351705,0.2769787579518756,0.8269397963389753,1,271.0,,,,,,,,,,,,,3.144248679037427e-19,0.999999999971583,2.5217953756619697e-27,0.9774614934208818,0.23600481549780045,0.001287670537457888,0.08916249492626177,0.9999999999999999,0.00026149349854409426,0.9999999999999541,9.960751159770423e-05,3.843648489765261e-14,3.843648489765261e-14,3.209173378426744e-14,,0.0,9.572760819061336e-19,0.004567040150618456,0.0,,,,,0.13043478260869565,,4.666576700876887e-21,1.0,1.0,0.0,0.0,1.0,0.4544873153722995,0.14156097535167125,1105,1.840892734431537,0.8935864620618573,396,501.3387078612622,0.7657295757657654,750.5,583.0512991339107,0.7075143205931631,391,327.0,268.5,438.5491630604859,20,0.1542089129922188,0.6127574170194295,0.7082265357996179,2,293.75
db3,1.0,reflect,2.6171800828361567e-27,325.2934564026688,6008504.6942894375,0.6333333333333333,295.8151331341191,206,raw,2.7956062491920437e-14,-2.05703121203274e-10,6.314696507960841,62490.5606077191,0.773160339114685,5.618943883690066e-06,1.0,327.00000000000006,,,,[],[],13,661.1538461538462,87.00000000000001,939.9999999999999,"[8, 32, 51, 63, 81, 100, 111, 133, 152, 162, 175, 192, 204]","[877.9999999999999, 638.0, 787.0000000000001, 792.0, 939.9999999999999, 788.0, 637.0, 675.0, 770.9999999999998, 196.0, 833.9999999999998, 572.0, 87.00000000000001]","[0, 13, 42, 42, 76, 99, 107, 107, 107, 161, 164, 187, 203]","[76, 42, 61, 76, 205, 164, 119, 142, 164, 164, 205, 205, 205]",37754613.0,940.9999999999999,-940.9999999999999,0.0,,,,DWT,mdp.39015067403892,0.0,,0.0,33.0,19.0,0.0,28.5,,1.1368683772161603e-13,256.3413461538462,4359.0,256.3413461538461,,0.0,256.3413461538462,,,84.00000000000001,0.0,28.5,1.1368683772161603e-13,1.1368683772161603e-13,,5.684341886080802e-14,1.6975125485471168e-14,1.0552124502891755e-27,0.9864837886849702,0.785195618024171,0.0003067162345671791,0.5714285714285712,0.000384651604435897,0.9999999997235289,0.4742280246116168,6.6959667625959335e-09,6.6959667625959335e-09,6.081912306383589e-09,,2.859275438170267e-12,0.9999999933040264,1.3612963731558036e-13,,,,,,0.0,1.0,1.0,1.4238426238064856e-13,1.4238426238064856e-13,0.8422684098792065,0.2753648338168777,173,1.6133667294429705,0.774905503825344,311,0,0.2895190031160641,0.3459225095698184,172,0.0,0.41797491821253263,0.7591873615932665,299,76.65670225100999,0.9196470626299685,238.75,220.3344942249882,0.8346925040613156,60,db,0.540986235965534,0.9305070477545101,0.3421575204977732,3,45.75,1.6975125485471168e-14,0.0001547883299646835,1.0552124502891755e-27,0.9864837886849702,0.7851956180241711,0.001339878701216207,0.6778947368421051,0.002749442200975482,0.9999999997235288,0.9919828214562019,0.9855281704452468,0.9855281704452468,0.9855281704451335,,6.125805465799743e-13,0.9999999999667601,7.585973278963461e-14,,,,,1.0,,0.0,1.0,0.75,1.4238426238064856e-13,1.4238426238064856e-13,0.0,2.2595701998213302,0.6447065287087514,166,1.6574621295793142,0.7662201348254328,1073,641.3458505361986,0.6638648582095396,619.5,287.51896690879744,0.6695896618091723,501,0.49117026184683504,0.8233619396015222,0.4091722348267588,4,376.75,,,,,,,,,,,,,1.1397740966355255e-19,0.03641360043841643,1.0552124502891755e-27,0.9901958785667107,0.24273208933106177,0.0015747481075305532,0.5128399404681369,1.0,0.002749442200975482,0.9999999999999541,0.0008499884728391223,0.0007982210227401261,0.0007982210227401261,0.0007982210227337863,,0.0,4.786380409530668e-19,0.020163910573049823,7.054128794466933e-19,,,,,0.4782608695652174,,0.0,1.0,0.9302325581395349,4.770970844811595e-19,4.770970844811595e-19,0.9302325581395349,0.5814294660167882,0.18110015290550946,134,1.7334307790584742,0.8414234290333648,1061,655.4879861599295,0.6936972027290049,597.5,237.9481171548117,0.7072457976261847,392,1009.0473684210526,935.5,610.6543869996938,760,0.4758535102197843,0.8532293215616218,0.41093374637766444,5,295.25
coif6,1.0,periodic,1.2450189577806879e-26,318.5200328241324,6644500.963414804,0.6208333333333333,287.9424062131968,206,raw,7.305051924747198e-14,-2.1394030991217784e-10,6.574288196055672,62406.44545967983,0.7397829251145807,5.618943883690064e-06,0.9999999999999999,327.0,,,,[],[],13,661.1538461538462,86.9999999999998,939.9999999999998,"[8, 32, 51, 63, 81, 100, 111, 133, 152, 162, 175, 192, 204]","[878.0000000000002, 638.0, 786.9999999999999, 792.0000000000002, 939.9999999999998, 788.0000000000002, 637.0, 675.0000000000002, 771.0000000000002, 195.99999999999994, 834.0000000000001, 572.0, 86.9999999999998]","[0, 13, 39, 39, 76, 99, 107, 107, 107, 161, 99, 187, 203]","[76, 39, 61, 76, 205, 164, 119, 142, 164, 164, 205, 205, 205]",37754613.0,940.9999999999998,-940.9999999999998,0.0,,,,DWT,mdp.39015067403892,0.0,,0.0,33.0,19.0,0.0,28.5,,2.2737367544323206e-13,256.3413461538462,4359.0,256.3413461538462,,0.0,256.3413461538462,,,83.9999999999998,0.0,19.5,2.2737367544323206e-13,2.2737367544323206e-13,,0.0,7.395275393360631e-14,8.013701072226939e-27,0.9614883222521571,0.8748715239339808,0.0010224553356608917,0.4776785714285715,0.0003778413899591191,0.9999999997234047,0.4742280246113692,6.6959667625959335e-09,6.6959667625959335e-09,6.082000342865356e-09,,0.0,0.9999999933040264,2.7225927463116073e-13,,,,,,0.0,1.0,0.0,2.847685247612971e-13,2.847685247612971e-13,0.7422684098778541,0.242671593682169,892,1.6060625480029116,0.7713972807440395,336,0,0.20618566978251424,0.24635434483002935,890,0.0,0.41442983925797605,0.7527482691480565,342,318.7078076650565,0.6659247299108422,615.0,491.10855191098153,0.5106353209302639,843,coif,0.5507900112560971,0.8749445204262634,0.351963635992853,2,632.75,7.395275393360631e-14,0.0001547883299646835,8.013701072226939e-27,0.9614883222521571,0.8748715239339808,0.0020548781006562503,0.607434210526316,0.0027426480974269535,0.9999999997234046,0.9919828214561981,0.9855281704452468,0.9855281704452468,0.9855281704451347,,0.0,0.9999999999667601,1.5171946557926922e-13,,,,,1.0,,0.0,1.0,0.25,2.847685247612971e-13,2.847685247612971e-13,0.0,2.2095701998211172,0.6304403968407866,892,1.6594733742064833,0.7671499033564264,1057,116.67261889578035,0.9388508286709747,974.5,967.5156490507954,0.7140532969350681,289,0.4784248188775415,0.776734912893196,0.43208215291776214,2,217.25,,,,,,,,,,,,,4.965467464763535e-19,0.036413600438416426,8.013701072226939e-27,0.9720651626081265,0.27045412382091005,0.001741945051591007,0.4595352455689353,0.9999999999999999,0.0027426480974269535,0.9999999999999541,0.0008499884728391195,0.0007982210227401261,0.0007982210227401261,0.0007982210227337874,,0.0,0.0,0.020163910573049823,1.4108257588933865e-18,,,,,0.4782608695652174,,0.0,1.0,0.7906976744186046,9.54194168962319e-19,9.54194168962319e-19,0.9302325581395349,0.5674759776446953,0.17675400427451057,772,1.7151723695991778,0.832560627194643,1171,282.13560569343247,0.8681609319189568,971.5,930.5321667524446,0.7070944846510672,393,986.6382352941176,846.0,585.0035688138154,340,0.4652856568234462,0.8173890317607586,0.42908333069536003,4,295.75
db7,1.0,antireflect,5.077539835301675e-27,322.41525907552887,6111719.539321033,0.6330275229357798,308.0000570258156,206,raw,4.5653879813590775e-14,-2.0352863838724318e-10,6.425619529011248,83612.5975861473,0.826975669045294,5.618943883690066e-06,1.0,327.0,,,,[],[],13,661.1538461538462,86.99999999999989,939.9999999999999,"[8, 32, 51, 63, 81, 100, 111, 133, 152, 162, 175, 192, 204]","[878.0, 638.0, 786.9999999999998, 791.9999999999999, 939.9999999999999, 788.0, 637.0, 675.0, 771.0, 196.0, 834.0, 571.9999999999999, 86.99999999999989]","[0, 13, 42, 42, 76, 99, 107, 107, 107, 161, 164, 187, 203]","[76, 39, 61, 76, 205, 164, 119, 142, 164, 164, 205, 205, 205]",37754613.0,940.9999999999999,-940.9999999999999,0.0,,,,DWT,mdp.39015067403892,0.0,,0.0,33.0,19.0,0.0,28.5,,1.1368683772161603e-13,256.3413461538462,4359.0,256.3413461538461,,0.0,256.3413461538462,,,83.99999999999989,0.0,28.5,1.1368683772161603e-13,1.1368683772161603e-13,,0.0,3.933662470838757e-14,2.7963259265002438e-27,0.9758625889558542,0.8235139573822263,0.0004228724197347986,0.5691349934469199,0.0020947550205575984,0.9999999997235617,0.47422802461146824,6.6959667625959335e-09,6.6959667625959335e-09,6.081912306383589e-09,,0.0,0.9999999933040264,1.3612963731558036e-13,,,,,,0.0,1.0,1.0,1.4238426238064856e-13,1.4238426238064856e-13,0.8422684098777323,0.27536483381639576,214,1.6259778675509207,0.7809626761662699,260,0,0.2895190031158134,0.34592250956951887,214,0.0,0.42137864586861173,0.76536971107455,259,26.272609310839304,0.9724605772423068,236.75,234.5634923864478,0.8621474793968347,32,db,0.540986235965534,0.9305070477545101,0.3421575204977732,3,24.75,3.933662470838756e-14,0.0001547883299646835,2.7963259265002438e-27,0.9758625889558542,0.8235139573822263,0.0014559148413532824,0.6761709319169482,0.004455500024475936,0.9999999997235616,0.9919828214561996,0.9855281704452468,0.9855281704452468,0.9855281704451335,,0.0,0.9999999999667601,7.585973278963461e-14,,,,,1.0,,0.0,1.0,0.75,1.4238426238064856e-13,1.4238426238064856e-13,0.0,2.2595701998210234,0.6447065287086639,211,1.670299498650298,0.7721546599556508,981,544.4722215136416,0.7146372004645485,596.0,347.30033557046977,0.7011341138591086,331,0.49117026184683504,0.8233619396015222,0.4091722348267588,4,249.25,,,,,,,,,,,,,2.6412096882622043e-19,0.03641360043841643,2.7963259265002438e-27,0.9824916832501074,0.25457766049647684,0.0016018822394566548,0.5115358500730494,1.0,0.004455500024475936,0.9999999999999541,0.0008499884728391206,0.0007982210227401261,0.0007982210227401261,0.0007982210227337863,,0.0,0.0,0.020163910573049823,7.054128794466933e-19,,,,,0.4782608695652174,,0.0,1.0,0.9302325581395349,4.770970844811595e-19,4.770970844811595e-19,0.9302325581395349,0.5814294660167882,0.18110015290550946,75,1.734905401488548,0.8421392244816931,1052,690.8433252192569,0.6771760162526836,563.5,140.01774622892634,0.7069291296216689,394,1009.0473684210526,935.5,610.6543869996938,760,0.4758535102197843,0.8532293215616218,0.41093374637766444,5,296.75
db7,1.0,antisymmetric,5.0199431763269986e-27,322.4648044571493,6124312.432244382,0.6330275229357798,303.20572543711086,206,raw,4.589209271499093e-14,-2.0282109325364957e-10,6.423078465858576,83625.63050824669,0.8277326786646753,5.618943883690066e-06,1.0,327.0,,,,[],[],13,661.1538461538462,87.00000000000003,939.9999999999999,"[8, 32, 51, 63, 81, 100, 111, 133, 152, 162, 175, 192, 204]","[878.0, 638.0, 786.9999999999998, 791.9999999999999, 939.9999999999999, 788.0, 637.0, 675.0, 771.0, 196.0, 834.0, 571.9999999999999, 87.00000000000003]","[0, 13, 42, 42, 76, 99, 107, 107, 107, 161, 164, 187, 203]","[76, 39, 61, 76, 205, 164, 119, 142, 164, 164, 205, 205, 205]",37754613.0,940.9999999999999,-940.9999999999999,0.0,,,,DWT,mdp.39015067403892,0.0,,0.0,33.0,19.0,0.0,28.5,,1.1368683772161603e-13,256.3413461538462,4359.0,256.3413461538461,,0.0,256.3413461538462,,,84.00000000000003,0.0,28.5,1.1368683772161603e-13,1.1368683772161603e-13,,0.0,3.963761084202936e-14,2.7555667167850598e-27,0.9760454226305587,0.8226361475345293,0.00043704424164426047,0.5691349934469199,0.0020958102049901876,0.9999999997235723,0.4742280246116333,6.6959667625959335e-09,6.6959667625959335e-09,6.081912306383589e-09,,0.0,0.9999999933040264,1.3612963731558036e-13,,,,,,0.0,1.0,1.0,1.4238426238064856e-13,1.4238426238064856e-13,0.8422684098777818,0.27536483381641197,206,1.6256561708166268,0.7808081641353611,263,0,0.2895190031158272,0.3459225095695353,206,0.0,0.4212936772227818,0.7652153785554562,263,32.90896534380867,0.965504229199362,234.5,231.03624733475482,0.8598485506583812,35,db,0.540986235965534,0.9305070477545101,0.3421575204977732,3,27.0,3.963761084202935e-14,0.0001547883299646835,2.755566716785059e-27,0.9760454226305587,0.8226361475345294,0.0014700720169760094,0.6761709319169482,0.004456552712658115,0.9999999997235722,0.9919828214562021,0.9855281704452468,0.9855281704452468,0.9855281704451335,,0.0,0.9999999999667601,7.585973278963461e-14,,,,,1.0,,0.0,1.0,0.75,1.4238426238064856e-13,1.4238426238064856e-13,0.0,2.259570199821024,0.644706528708664,209,1.6699777935943607,0.7720059404845176,983,547.3006486383878,0.7131547963111176,596.0,344.7097315436242,0.7003929117823932,337,0.49117026184683504,0.8233619396015222,0.4091722348267588,4,253.75,,,,,,,,,,,,,2.661419035101202e-19,0.03641360043841643,2.755566716785059e-27,0.9826243035167722,0.2543062980315372,0.0016051927827976714,0.5115358500730494,1.0,0.004456552712658115,0.9999999999999541,0.0008499884728391225,0.0007982210227401261,0.0007982210227401261,0.0007982210227337863,,0.0,0.0,0.020163910573049823,7.054128794466933e-19,,,,,0.4782608695652174,,0.0,1.0,0.9302325581395349,4.770970844811595e-19,4.770970844811595e-19,0.9302325581395349,0.5814294660167882,0.18110015290550946,80,1.7348513687630205,0.8421129964939692,1053,688.0148980945107,0.6784977111707894,566.5,148.70255957634598,0.7068890425012826,395,1009.0473684210526,935.5,610.6543869996938,760,0.4758535102197843,0.8532293215616218,0.41093374637766444,5,297.5
db9,1.0,antisymmetric,4.1189912635490734e-27,321.09949003434394,5207567.89490362,0.5315315315315315,92.47632145048496,206,smoothed,4.1153703961348046e-14,-2.0349655294182913e-10,6.299774061304558,59820.217758860104,0.9905834201135353,0.00014966566451320276,0.9999999999999997,362.4000000000001,,,,[],[],11,426.59999999999997,32.19999999999999,728.3999999999999,"[9, 31, 53, 64, 80, 102, 131, 148, 158, 175, 192]","[311.00000000000017, 417.80000000000007, 589.5999999999999, 432.19999999999993, 728.3999999999999, 371.00000000000006, 587.0, 32.19999999999999, 448.20000000000005, 367.9999999999999, 407.19999999999993]","[1, 1, 1, 60, 1, 94, 120, 144, 144, 165, 186]","[20, 40, 75, 75, 203, 120, 203, 149, 203, 186, 203]",30736475.84,728.3999999999999,-728.3999999999999,0.0,,,,DWT,mdp.39015067403892,3.725290298461914e-09,,0.0,33.0,11.0,0.0,33.0,,1.1368683772161603e-13,168.40000000000003,987.7999999999993,168.4,,0.0,168.40000000000003,,,28.0,0.0,33.0,1.1368683772161603e-13,1.1368683772161603e-13,,1.1368683772161603e-13,4.157200246337991e-14,7.266749776963544e-27,0.9847639687408439,0.2386297092741274,0.16775379441129518,0.12679893361956857,0.26014145450181186,,0.999999664709775,4.4059199552998455e-09,4.4059199552998455e-09,3.6786974161203912e-09,,1.2251610931599486e-12,0.9999999955940747,7.585973278963461e-14,,,,,,7.946695712486874e-14,1.0,1.0,1.7477015598164352e-13,1.7477015598164352e-13,0.9999999009578912,0.37592186795404825,240,0.9488262883357822,0.4816886147907252,235,0,0.33333330606634304,0.4742677179752056,241,0.0,0.2540125515068127,0.44814688867874464,230,5.066228051190222,0.9946894884159432,236.5,236.41794430900495,0.8733929622373218,63,db,0.573477938514061,0.8443824841957417,0.34525069778143475,3,48.0,3.365057444615018e-14,0.999999999970514,2.1179934858037617e-27,0.9710071033183565,0.7800406612837838,0.0004394499434534682,0.10405405405405432,0.002533754702966784,0.999999999723562,2.0315811923354854e-05,4.745387416349445e-11,4.745387416349445e-11,3.962136174706643e-11,,1.2251610931599486e-12,0.0031261328403482946,7.585973278963461e-14,,,,,0.0,,3.687271056968986e-14,1.0,1.0,1.4238426238064856e-13,1.4238426238064856e-13,1.0,0.4015691612048358,0.11457677215663674,1066,1.71547944098803,0.7930406765298026,590,336.5828278447966,0.8235939057417209,828.0,759.5893719806764,0.6948158207953887,360,0.49117026184683504,0.8233619396015222,0.4091722348267588,4,271.0,,,,,,,,,,,,,2.2594267785209684e-19,0.9999999999715833,2.1179934858037617e-27,0.9789697073281503,0.24113850756457902,0.0013641899773279488,0.07871882164941313,0.9999999999999997,0.002533754702966784,0.9999999999999541,9.960751159770423e-05,3.8434858594393884e-14,3.8434858594393884e-14,3.209086642252945e-14,,0.0,9.572760819061336e-19,0.004567040150618464,7.054128794466933e-19,,,,,0.13043478260869565,,1.1666441752192217e-21,1.0,1.0,4.770970844811595e-19,4.770970844811595e-19,1.0,0.4544873153722995,0.14156097535167125,1103,1.8411342037002523,0.8937036734916666,371,517.6021638285528,0.7581298299866576,737.0,555.2415196743555,0.7068686533110857,396,1009.0473684210526,935.5,610.6543869996938,760,0.4758535102197843,0.8532293215616218,0.41093374637766444,5,298.25
rbio1.1,1.0,antireflect,4.689601928132895e-27,320.53603894590907,4916497.513525565,0.5339805825242718,153.37455796706374,206,smoothed,5.1583333074234454e-14,-2.1415171858052476e-10,6.251701695249963,31688.2373984353,0.9479708511035823,0.0001496656645132027,0.9999999999999999,362.4000000000001,,,,[],[],11,426.60000000000014,32.19999999999999,728.4,"[9, 31, 53, 64, 80, 102, 131, 148, 158, 175, 192]","[311.0000000000001, 417.80000000000007, 589.6, 432.20000000000005, 728.4, 371.00000000000017, 587.0, 32.19999999999999, 448.2000000000001, 368.0000000000001, 407.2000000000001]","[1, 1, 1, 60, 1, 94, 120, 144, 144, 165, 186]","[20, 40, 75, 75, 203, 120, 203, 149, 203, 186, 203]",30736475.84000001,728.4,-728.4,0.0,,,,DWT,mdp.39015067403892,1.4901161193847656e-08,,0.0,33.0,11.0,0.0,33.0,,0.0,168.4000000000002,987.7999999999975,168.4000000000001,,0.0,168.4000000000002,,,28.0,0.0,33.0,0.0,0.0,,1.1368683772161603e-13,6.448443672150608e-14,8.936698749923184e-27,0.9826231854125504,0.16928993321880254,0.04283952183663018,0.14362142418571724,0.026847626163012936,,0.999999664709775,4.406097391567225e-09,4.406097391567225e-09,3.6787861342541454e-09,,1.2251610931599486e-12,0.9999999955939026,0.0,,,,,,3.1786782849947497e-13,1.0,1.0,0.0,0.0,0.9999999009579496,0.3759218679540702,225,0.763826258914758,0.3877700450761808,631,0,0.3333333060663501,0.47426771797521566,209,0.0,0.19503167011668257,0.3440886508880504,626,237.67817877682137,0.7508614478230384,422.75,322.2852971190901,0.6538636379576408,440,rbio,0.7685897546424816,0.816051598246696,0.21717169227625407,5,331.25,4.682859177247569e-14,0.9999999999705136,2.5217953756619697e-27,0.9689278412429513,0.7634340703454832,0.00011222294860600292,0.11785896780786931,0.00026149349854409426,0.9999999997234015,2.0315811923354854e-05,4.745570603148508e-11,4.745570603148508e-11,3.962224992548613e-11,,1.2251610931599486e-12,0.003126132840347795,0.0,,,,,0.0,,1.4749084227875944e-13,1.0,1.0,0.0,0.0,1.0,0.40156916120479735,0.11457677215662576,1074,1.7103780357959095,0.7906823726480132,629,314.66251762801363,0.8350825379308104,851.5,793.3599530240751,0.6944018559675016,362,0.3888041033402703,1.0,0.4278371276618108,3,272.25,,,,,,,,,,,,,3.144248679037427e-19,0.999999999971583,2.5217953756619697e-27,0.9774614934208818,0.23600481549780045,0.001287670537457888,0.08916249492626177,0.9999999999999999,0.00026149349854409426,0.9999999999999541,9.960751159770423e-05,3.843648489765261e-14,3.843648489765261e-14,3.209173378426744e-14,,0.0,9.572760819061336e-19,0.004567040150618456,0.0,,,,,0.13043478260869565,,4.666576700876887e-21,1.0,1.0,0.0,0.0,1.0,0.4544873153722995,0.14156097535167125,1106,1.840892734431537,0.8935864620618573,387,508.4097756731277,0.7624253384705011,746.5,573.3717347622237,0.7067967813847833,397,818.67,599.5,715.6978453131971,300,0.38607403914171184,1.0,0.42974817260080167,3,298.5
db36,1.0,periodic,1.6609757395490525e-26,317.2681595772456,7128558.079971598,0.6123188405797102,304.1194299961677,206,raw,9.182730088724888e-14,-2.0399015809857947e-10,6.8485285485944,62879.24919062246,0.7416161471272115,5.618943883690064e-06,1.0,327.0000000000001,,,,[],[],13,661.1538461538462,87.0,940.0,"[8, 32, 51, 63, 81, 100, 111, 133, 152, 162, 175, 192, 204]","[877.9999999999999, 637.9999999999998, 786.9999999999998, 792.0000000000003, 940.0, 788.0000000000001, 637.0, 675.0000000000002, 770.9999999999998, 196.00000000000006, 834.0, 572.0000000000002, 87.0]","[0, 13, 39, 39, 76, 99, 107, 107, 107, 161, 99, 187, 203]","[76, 39, 61, 76, 205, 164, 119, 142, 164, 164, 205, 205, 205]",37754613.0,941.0,-941.0,0.0,,,,DWT,mdp.39015067403892,0.0,,0.0,33.0,19.0,0.0,28.5,,0.0,256.3413461538462,4359.0,256.3413461538462,,0.0,256.3413461538462,,,84.0,0.0,19.5,0.0,0.0,,1.1368683772161603e-13,9.767754329125313e-14,1.0957286690275437e-26,0.9568686265609191,0.9696078085639881,0.0015672047662807136,0.4138198757763979,0.00041612099700013677,0.9999999997235547,0.4742280246116003,6.6959667625959335e-09,6.6959667625959335e-09,6.082000342865356e-09,,5.718550876340534e-12,0.9999999933040264,0.0,,,,,,0.0,1.0,0.0,0.0,0.0,0.7422684098805327,0.2426715936830447,792,1.6254030812004963,0.7806866043356444,264,0,0.2061856697829399,0.24635434483053792,793,0.0,0.4177849545485298,0.7588423217198463,305,293.7714531173284,0.6920634663340373,538.5,417.09124717758004,0.5637990287645029,659,db,0.540986235965534,0.9305070477545101,0.3421575204977732,3,495.0,9.767754329125313e-14,0.0001547883299646835,1.0957286690275437e-26,0.9568686265609191,0.9696078085639881,0.00259906454393327,0.5594393592677349,0.0027808371463798874,0.9999999997235546,0.9919828214562016,0.9855281704452468,0.9855281704452468,0.9855281704451347,,1.2251610931599486e-12,0.9999999999667601,0.0,,,,,1.0,,0.0,1.0,0.25,0.0,0.0,0.0,2.209570199821542,0.6304403968409077,791,1.6851591274445987,0.7790240457322748,888,68.58935777509511,0.9640516992793002,839.5,836.6980345443717,0.7620310907297969,189,0.49117026184683504,0.8233619396015222,0.4091722348267588,4,142.75,,,,,,,,,,,,,6.558439509719789e-19,0.036413600438416426,1.0957286690275437e-26,0.9687142193233483,0.2997405026236455,0.0018691987393371808,0.42322625049266765,1.0,0.0027808371463798874,0.9999999999999541,0.0008499884728391221,0.0007982210227401261,0.0007982210227401261,0.0007982210227337874,,0.0,9.572760819061336e-19,0.020163910573049823,0.0,,,,,0.4782608695652174,,0.0,1.0,0.7906976744186046,0.0,0.0,0.9302325581395349,0.5674759776446953,0.17675400427451057,857,1.7133602974626259,0.831681030518956,1187,233.3452377915607,0.8909601692562801,1022.0,995.3610567514678,0.7066950378991681,398,1009.0473684210526,935.5,610.6543869996938,760,0.4758535102197843,0.8532293215616218,0.41093374637766444,5,299.75
coif6,1.0,antireflect,1.1307246205492067e-26,316.71383025587375,5528637.365558952,0.5166666666666667,96.6330194067751,206,smoothed,7.335987265336265e-14,-2.1267625438525834e-10,6.455900494096691,89198.84591383641,0.9932777814060535,0.00014966566451320263,0.9999999999999999,362.4000000000001,,,,[],[],11,426.60000000000014,32.20000000000002,728.4,"[9, 31, 53, 64, 80, 102, 131, 148, 158, 175, 192]","[311.0000000000003, 417.79999999999995, 589.6000000000001, 432.20000000000005, 728.4, 371.0000000000001, 587.0000000000001, 32.20000000000002, 448.2000000000001, 368.0, 407.2]","[1, 1, 1, 60, 1, 94, 120, 144, 144, 165, 186]","[20, 40, 75, 75, 203, 120, 203, 149, 203, 186, 203]",30736475.840000004,728.4,-728.4,0.0,,,,DWT,mdp.39015067403892,7.450580596923828e-09,,0.0,33.0,11.0,0.0,33.0,,0.0,168.4000000000002,987.7999999999975,168.4000000000001,,0.0,168.4000000000002,,,28.00000000000003,0.0,33.0,0.0,0.0,,1.1368683772161603e-13,1.1232444388530556e-13,2.830389419561017e-26,0.9681010364472953,0.4638271100808321,0.30554232233695855,0.02469242391539027,0.5037735253978315,,0.9999996647345563,4.406097391567225e-09,4.406097391567225e-09,3.6787861342541454e-09,,1.2251610931599486e-12,0.9999999955939026,0.0,,,,,,1.5893391424973748e-13,1.0,1.0,0.0,0.0,0.9999999009653044,0.375921867956835,157,1.1769317178025949,0.597490410859036,138,0,0.333333306068402,0.4742677179781351,158,0.0,0.32370520259691715,0.5711035873321416,128,14.72809107341025,0.984561749398941,145.25,144.10562516628906,0.9161540403179191,32,coif,0.5556920286951962,0.9053407607371553,0.33941335169221604,4,25.0,7.434362732887863e-14,0.9999999999705129,7.20487866075265e-27,0.9548230258710433,0.8339745117851409,0.0008004024990601174,0.02026315789473737,0.0049067094733185705,0.9999999997234237,2.0315811923854454e-05,4.745570603148508e-11,4.745570603148508e-11,3.962224992548613e-11,,1.2251610931599486e-12,0.003126132840347795,0.0,,,,,0.0,,7.374542113937972e-14,1.0,1.0,0.0,0.0,1.0,0.4015691612047606,0.11457677215661528,1129,1.7003492194924945,0.7860461997647796,732,280.72139213105936,0.8528713877719815,930.5,888.1547555077915,0.6825939748084227,451,0.4784248188775415,0.776734912893196,0.43208215291776214,2,338.75,,,,,,,,,,,,,4.9917121821517325e-19,0.9999999999715824,7.20487866075265e-27,0.9672304220446494,0.2578113925340677,0.00144859587234759,0.0153294547422545,0.9999999999999999,0.0049067094733185705,0.9999999999999541,9.960751159770467e-05,3.843648489765261e-14,3.843648489765261e-14,3.209173378426744e-14,,0.0,9.572760819061336e-19,0.004567040150618456,0.0,,,,,0.13043478260869565,,2.3332883504384434e-21,1.0,1.0,0.0,0.0,1.0,0.4544873153722995,0.14156097535167125,1163,1.8180627131076827,0.8825045572870638,715,316.7838379715733,0.851970169172162,939.0,885.5644302449415,0.706592561221595,399,986.6382352941176,846.0,585.0035688138154,340,0.4652856568234462,0.8173890317607586,0.42908333069536003,4,300.25
rbio1.1,1.0,constant,4.689601928132895e-27,320.53603894590907,4916497.513525565,0.5339805825242718,153.37455796706374,206,smoothed,5.1583333074234454e-14,-2.1415171858052476e-10,6.251701695249963,31688.2373984353,0.9479708511035823,0.0001496656645132027,0.9999999999999999,362.4000000000001,,,,[],[],11,426.60000000000014,32.19999999999999,728.4,"[9, 31, 53, 64, 80, 102, 131, 148, 158, 175, 192]","[311.0000000000001, 417.80000000000007, 589.6, 432.20000000000005, 728.4, 371.00000000000017, 587.0, 32.19999999999999, 448.2000000000001, 368.0000000000001, 407.2000000000001]","[1, 1, 1, 60, 1, 94, 120, 144, 144, 165, 186]","[20, 40, 75, 75, 203, 120, 203, 149, 203, 186, 203]",30736475.84000001,728.4,-728.4,0.0,,,,DWT,mdp.39015067403892,1.4901161193847656e-08,,0.0,33.0,11.0,0.0,33.0,,0.0,168.4000000000002,987.7999999999975,168.4000000000001,,0.0,168.4000000000002,,,28.0,0.0,33.0,0.0,0.0,,1.1368683772161603e-13,6.448443672150608e-14,8.936698749923184e-27,0.9826231854125504,0.16928993321880254,0.04283952183663018,0.14362142418571724,0.026847626163012936,,0.999999664709775,4.406097391567225e-09,4.406097391567225e-09,3.6787861342541454e-09,,1.2251610931599486e-12,0.9999999955939026,0.0,,,,,,3.1786782849947497e-13,1.0,1.0,0.0,0.0,0.9999999009579496,0.3759218679540702,218,0.763826258914758,0.3877700450761808,612,0,0.3333333060663501,0.47426771797521566,228,0.0,0.19503167011668257,0.3440886508880504,631,230.2409969285806,0.7586572359239196,422.25,328.0868457951785,0.6580235865154189,423,rbio,0.7685897546424816,0.816051598246696,0.21717169227625407,5,318.5,4.682859177247569e-14,0.9999999999705136,2.5217953756619697e-27,0.9689278412429513,0.7634340703454832,0.00011222294860600292,0.11785896780786931,0.00026149349854409426,0.9999999997234015,2.0315811923354854e-05,4.745570603148508e-11,4.745570603148508e-11,3.962224992548613e-11,,1.2251610931599486e-12,0.003126132840347795,0.0,,,,,0.0,,1.4749084227875944e-13,1.0,1.0,0.0,0.0,1.0,0.40156916120479735,0.11457677215662576,1102,1.7103780357959095,0.7906823726480132,643,324.5620125646253,0.8298941233938022,872.5,812.1329512893983,0.6863045040449095,424,0.3888041033402703,1.0,0.4278371276618108,3,318.75,,,,,,,,,,,,,3.144248679037427e-19,0.999999999971583,2.5217953756619697e-27,0.9774614934208818,0.23600481549780045,0.001287670537457888,0.08916249492626177,0.9999999999999999,0.00026149349854409426,0.9999999999999541,9.960751159770423e-05,3.843648489765261e-14,3.843648489765261e-14,3.209173378426744e-14,,0.0,9.572760819061336e-19,0.004567040150618456,0.0,,,,,0.13043478260869565,,4.666576700876887e-21,1.0,1.0,0.0,0.0,1.0,0.4544873153722995,0.14156097535167125,1108,1.840892734431537,0.8935864620618573,393,505.58134854838147,0.7637470333886067,750.5,580.2051965356429,0.7065230494045838,400,818.67,599.5,715.6978453131971,300,0.38607403914171184,1.0,0.42974817260080167,3,300.75
db18,1.0,constant,6.801207674532574e-27,318.92153838037063,4965098.9066484505,0.5458333333333333,55.794224988886235,206,smoothed,6.004420261966668e-14,-1.9915127325020912e-10,6.1905062553422106,41488.92744444445,0.9894797697132863,0.00014966566451320276,0.9999999999999997,362.4000000000001,,,,[],[],11,426.59999999999997,32.19999999999999,728.3999999999999,"[9, 31, 53, 64, 80, 102, 131, 148, 158, 175, 192]","[310.99999999999994, 417.80000000000007, 589.5999999999999, 432.20000000000016, 728.3999999999999, 370.99999999999994, 586.9999999999999, 32.19999999999999, 448.1999999999999, 368.0000000000001, 407.20000000000005]","[1, 1, 1, 60, 1, 94, 120, 144, 144, 165, 186]","[20, 40, 75, 75, 203, 120, 203, 149, 203, 186, 203]",30736475.83999999,728.3999999999999,-728.3999999999999,0.0,,,,DWT,mdp.39015067403892,7.450580596923828e-09,,0.0,33.0,11.0,0.0,33.0,,1.1368683772161603e-13,168.40000000000003,987.7999999999993,168.39999999999998,,0.0,168.40000000000003,,,28.0,0.0,33.0,1.1368683772161603e-13,1.1368683772161603e-13,,1.1368683772161603e-13,8.307178197875724e-14,1.5116523394574255e-26,0.976489031152904,0.08102138213497125,0.06369704653329544,0.22503777250161872,0.1081231166155773,,0.999999664709775,4.4059199552998455e-09,4.4059199552998455e-09,3.67866784340914e-09,,1.2251610931599486e-12,0.9999999955940747,7.585973278963461e-14,,,,,,1.5893391424973748e-13,1.0,1.0,1.7477015598164352e-13,1.7477015598164352e-13,0.9999999009579221,0.37592186795405985,238,0.7915169886727791,0.4018277386958217,544,0,0.3333333060663472,0.47426771797521156,237,0.0,0.20776690699120715,0.36655705549266276,515,169.0019723750781,0.8228490855607148,383.5,327.84002344609246,0.7104287356524748,307,db,0.573477938514061,0.8443824841957417,0.34525069778143475,3,231.0,5.75190472295853e-14,0.999999999970514,4.016107424059346e-27,0.9629699686510834,0.7422941157053626,0.0001668615818523917,0.18467105263157885,0.001053109569748473,0.9999999997236275,2.0315811923354854e-05,4.745387416349445e-11,4.745387416349445e-11,3.962102868015904e-11,,1.2251610931599486e-12,0.0031261328403482946,7.585973278963461e-14,,,,,0.0,,7.374542113937972e-14,1.0,1.0,1.4238426238064856e-13,1.4238426238064856e-13,1.0,0.40156916120485414,0.11457677215664197,1057,1.7233021345954107,0.7966569916440831,505,390.32294321497426,0.7954282268265334,781.0,683.4635083226633,0.6930495431826587,374,0.49117026184683504,0.8233619396015222,0.4091722348267588,4,281.5,,,,,,,,,,,,,3.8620462718551157e-19,0.9999999999715833,4.016107424059346e-27,0.973139889902462,0.22946969833671316,0.0013004473488979961,0.13970707617372471,0.9999999999999997,0.001053109569748473,0.9999999999999541,9.960751159770423e-05,3.8434858594393884e-14,3.8434858594393884e-14,3.2090649582094954e-14,,0.0,9.572760819061336e-19,0.004567040150618464,7.054128794466933e-19,,,,,0.13043478260869565,,2.3332883504384434e-21,1.0,1.0,4.770970844811595e-19,4.770970844811595e-19,1.0,0.4544873153722995,0.14156097535167125,1082,1.8555730810731286,0.9007124389164254,230,602.4549775709385,0.7184789824434867,656.0,379.35975609756093,0.7059684631843601,401,1009.0473684210526,935.5,610.6543869996938,760,0.4758535102197843,0.8532293215616218,0.41093374637766444,5,302.0
db10,1.0,periodic,4.502039133617969e-27,320.71330608494526,5293449.205336726,0.53125,91.45100375466421,206,smoothed,4.289422107689511e-14,-2.064223458830843e-10,6.3142353582506425,32402.88966194518,0.9836619676614051,0.00014966566451320268,0.9999999999999999,362.4,,,,[],[],11,426.59999999999997,32.20000000000002,728.4000000000001,"[9, 31, 53, 64, 80, 102, 131, 148, 158, 175, 192]","[310.9999999999998, 417.7999999999999, 589.6000000000001, 432.20000000000016, 728.4000000000001, 371.0000000000001, 587.0, 32.20000000000002, 448.2, 368.0, 407.20000000000016]","[1, 1, 1, 60, 1, 94, 120, 144, 144, 165, 186]","[20, 40, 75, 75, 203, 120, 203, 149, 203, 186, 203]",30736475.839999996,728.4000000000001,-728.4000000000001,0.0,,,,DWT,mdp.39015067403892,0.0,,0.0,33.0,11.0,0.0,33.0,,1.1368683772161603e-13,168.40000000000003,987.7999999999993,168.40000000000003,,0.0,168.40000000000003,,,28.00000000000003,0.0,33.0,1.1368683772161603e-13,1.1368683772161603e-13,,0.0,4.5395674767876533e-14,8.387777540583203e-27,0.9832966964655809,0.25948874272740596,0.20461017728927944,0.1248650982085045,0.032774118373982565,,0.9999996647345563,4.4059199552998455e-09,4.4059199552998455e-09,3.6787269888316428e-09,,0.0,0.9999999955940747,7.585973278963461e-14,,,,,,0.0,1.0,1.0,1.7477015598164352e-13,1.7477015598164352e-13,0.999999900964682,0.3759218679566011,183,0.8850831645206998,0.44932827930004715,275,0,0.33333330606830186,0.4742677179779926,183,0.0,0.22929069043782843,0.40453083484718294,320,68.61183085542415,0.9280798418706246,240.25,226.1122909244081,0.838122730159631,97,db,0.573477938514061,0.8443824841957417,0.34525069778143475,3,73.5,3.58497480176347e-14,0.9999999999705134,2.3890635225910956e-27,0.9695819971173101,0.7850363139327128,0.0005359993862155153,0.10246710526315811,0.00031921700724207337,0.9999999997235179,2.0315811923854454e-05,4.745387416349445e-11,4.745387416349445e-11,3.962169481397382e-11,,0.0,0.0031261328403482946,7.585973278963461e-14,,,,,0.0,,0.0,1.0,1.0,1.4238426238064856e-13,1.4238426238064856e-13,1.0,0.40156916120420505,0.11457677215645677,1211,1.7156498837185823,0.7931194696736417,588,440.5275246792191,0.7691155531031346,899.5,791.6264591439689,0.6488397472014624,651,0.49117026184683504,0.8233619396015222,0.4091722348267588,4,489.25,,,,,,,,,,,,,2.4070876057077143e-19,0.9999999999715827,2.3890635225910956e-27,0.9779359920417625,0.2426828427305064,0.001386767299481221,0.07751826545798962,0.9999999999999999,0.0003192170072420738,0.9999999999999541,9.960751159770467e-05,3.8434858594393884e-14,3.8434858594393884e-14,3.20911916831812e-14,,0.0,0.0,0.004567040150618464,7.054128794466933e-19,,,,,0.13043478260869565,,0.0,1.0,1.0,4.770970844811595e-19,4.770970844811595e-19,1.0,0.4544873153722995,0.14156097535167125,1117,1.8399313932176005,0.893119818091718,425,489.31789258109086,0.7713467791677145,771.0,615.7263294422828,0.7055332026679695,402,1009.0473684210526,935.5,610.6543869996938,760,0.4758535102197843,0.8532293215616218,0.41093374637766444,5,302.75
db15,1.0,antisymmetric,9.325086466398881e-27,319.7752637938121,6415296.937432733,0.6196581196581197,304.34764400140136,206,raw,6.595802652705103e-14,-2.0381851761897275e-10,6.545805769183863,109465.86847634066,0.8764689893136155,5.618943883690066e-06,1.0,327.0,,,,[],[],13,661.1538461538462,87.00000000000003,939.9999999999998,"[8, 32, 51, 63, 81, 100, 111, 133, 152, 162, 175, 192, 204]","[878.0, 637.9999999999999, 787.0, 792.0000000000001, 939.9999999999998, 788.0, 637.0000000000001, 675.0, 770.9999999999999, 195.9999999999999, 834.0, 572.0, 87.00000000000003]","[0, 13, 39, 39, 76, 99, 107, 107, 107, 161, 99, 187, 203]","[76, 39, 61, 76, 205, 164, 119, 142, 164, 164, 205, 205, 205]",37754613.0,940.9999999999998,-940.9999999999998,0.0,,,,DWT,mdp.39015067403892,0.0,,0.0,33.0,19.0,0.0,28.5,,2.2737367544323206e-13,256.3413461538462,4359.0,256.34134615384613,,0.0,256.3413461538462,,,84.00000000000003,0.0,19.5,2.2737367544323206e-13,2.2737367544323206e-13,,0.0,6.49912663346788e-14,5.802171178531905e-27,0.9661204087006523,0.8650322742608312,0.00076451312516794,0.468864468864469,0.004187913313594989,0.9999999997235572,0.4742280246116333,6.6959667625959335e-09,6.6959667625959335e-09,6.0819563246244724e-09,,0.0,0.9999999933040264,2.7225927463116073e-13,,,,,,0.0,1.0,0.0,2.847685247612971e-13,2.847685247612971e-13,0.7422684098779202,0.2426715936821906,881,1.601791591674059,0.7693459259556783,347,0,0.2061856697825326,0.2463543448300513,881,0.0,0.4131211972485422,0.750371321558328,361,304.3172686523064,0.681009152356073,617.5,504.91821631921965,0.5168672596161916,818,db,0.540986235965534,0.9305070477545101,0.3421575204977732,3,614.25,6.499126633467879e-14,0.0001547883299646835,5.802171178531905e-27,0.9661204087006523,0.8650322742608313,0.0017972024681375371,0.6008097165991905,0.006543706531752545,0.9999999997235571,0.9919828214562021,0.9855281704452468,0.9855281704452468,0.9855281704451341,,0.0,0.9999999999667601,1.5171946557926922e-13,,,,,1.0,,0.0,1.0,0.25,2.847685247612971e-13,2.847685247612971e-13,0.0,2.2095701998211186,0.6304403968407869,879,1.6560747892256849,0.7655787879772389,1078,140.71424945612296,0.9262503933668118,978.5,968.3822176801227,0.7067048612536365,313,0.49117026184683504,0.8233619396015222,0.4091722348267588,4,235.75,,,,,,,,,,,,,4.363759310009676e-19,0.03641360043841643,5.802171178531905e-27,0.9754250936547831,0.2674124593289159,0.0016816896466917669,0.4545236930570446,1.0,0.006543706531752545,0.9999999999999541,0.0008499884728391225,0.0007982210227401261,0.0007982210227401261,0.0007982210227337869,,0.0,0.0,0.020163910573049823,1.4108257588933865e-18,,,,,0.4782608695652174,,0.0,1.0,0.7906976744186046,9.54194168962319e-19,9.54194168962319e-19,0.9302325581395349,0.5674759776446953,0.17675400427451057,730,1.7151531706476992,0.8325513078449568,1172,312.54119728445403,0.8539527115493205,951.0,899.6424815983175,0.7047800940924173,403,1009.0473684210526,935.5,610.6543869996938,760,0.4758535102197843,0.8532293215616218,0.41093374637766444,5,303.5
rbio2.6,1.0,reflect,3.392500152324831e-27,321.9421999841396,5008770.407459609,0.5229357798165137,119.66354857772654,206,smoothed,3.844174169925397e-14,-2.1014019413456738e-10,6.3079548761301005,30314.680598448085,0.969023329359998,0.00014966566451320274,0.9999999999999999,362.40000000000003,,,,[],[],11,426.6,32.20000000000002,728.4000000000001,"[9, 31, 53, 64, 80, 102, 131, 148, 158, 175, 192]","[311.00000000000017, 417.79999999999995, 589.6000000000001, 432.20000000000016, 728.4000000000001, 371.0, 587.0000000000001, 32.20000000000002, 448.20000000000005, 368.0000000000001, 407.20000000000016]","[1, 1, 1, 60, 1, 94, 120, 144, 144, 165, 186]","[20, 40, 75, 75, 203, 120, 203, 149, 203, 186, 203]",30736475.84,728.4000000000001,-728.4000000000001,0.0,,,,DWT,mdp.39015067403892,3.725290298461914e-09,,0.0,33.0,11.0,0.0,33.0,,1.1368683772161603e-13,168.4000000000001,987.7999999999984,168.4000000000001,,0.0,168.4000000000001,,,28.00000000000003,0.0,33.0,1.1368683772161603e-13,1.1368683772161603e-13,,5.684341886080802e-14,3.5614201244545095e-14,5.140601142959144e-27,0.9879657717866432,0.250429749806956,0.08243888392067407,0.0677548579496513,0.01545694835774205,,0.9999996647345563,4.4059791007223055e-09,4.4059791007223055e-09,3.6787861342541454e-09,,6.125805465799743e-13,0.9999999955939887,7.585973278963461e-14,,,,,,7.946695712486874e-14,1.0,1.0,1.7477015598164352e-13,1.7477015598164352e-13,0.9999999009650384,0.37592186795673505,165,0.7924985024587688,0.4023260217027151,539,0,0.33333330606836714,0.47426771797808553,165,0.0,0.20057803026024323,0.35387393128889644,585,229.97608571327584,0.7589349206359792,363.5,255.0060655074808,0.6889538334836081,349,rbio,0.7685897546424816,0.816051598246696,0.21717169227625407,5,263.0,3.0223963078535965e-14,0.9999999999705138,1.603880270111412e-27,0.9741168938132936,0.7828667224182717,0.00021595793409289344,0.05560115886045397,0.0001505493066068439,0.9999999997234619,2.0315811923854454e-05,4.745454029730922e-11,4.745454029730922e-11,3.962224992548613e-11,,6.125805465799743e-13,0.0031261328403480726,7.585973278963461e-14,,,,,0.0,,3.687271056968986e-14,1.0,1.0,1.4238426238064856e-13,1.4238426238064856e-13,1.0,0.40156916120453023,0.11457677215654954,1160,1.6983121596115307,0.7851044972252256,754,287.0853531617383,0.8495359784267619,957.0,913.9393939393941,0.6739818256913683,484,0.3888041033402703,1.0,0.4278371276618108,3,363.75,,,,,,,,,,,,,2.029351137584691e-19,0.9999999999715831,1.603880270111412e-27,0.9812254255123243,0.24201214428389456,0.0013119281418406982,0.04206330784154799,0.9999999999999999,0.00015054930660684434,0.9999999999999541,9.960751159770467e-05,3.8435400695480126e-14,3.8435400695480126e-14,3.209173378426744e-14,,0.0,4.786380409530668e-19,0.00456704015061846,7.054128794466933e-19,,,,,0.13043478260869565,,1.1666441752192217e-21,1.0,1.0,4.770970844811595e-19,4.770970844811595e-19,1.0,0.4544873153722995,0.14156097535167125,1151,1.8272828343709804,0.8869800899378001,607,384.66608896548183,0.8202494911376254,879.0,794.8316268486917,0.7047509137931118,404,818.67,599.5,715.6978453131971,300,0.38607403914171184,1.0,0.42974817260080167,3,303.75
db3,1.0,smooth,2.620427432581921e-27,325.28807109553395,6104501.797948659,0.6333333333333333,297.97106604187917,206,raw,2.800780104064083e-14,-2.0566925940102294e-10,6.315619140821835,73059.42474214452,0.8091348928414144,5.618943883690066e-06,1.0,327.00000000000006,,,,[],[],13,661.1538461538462,87.00000000000001,939.9999999999999,"[8, 32, 51, 63, 81, 100, 111, 133, 152, 162, 175, 192, 204]","[877.9999999999999, 638.0, 787.0000000000001, 792.0, 939.9999999999999, 788.0, 637.0, 675.0, 770.9999999999998, 196.0, 833.9999999999998, 572.0, 87.00000000000001]","[0, 13, 42, 42, 76, 99, 107, 107, 107, 161, 164, 187, 203]","[76, 42, 61, 76, 205, 164, 119, 142, 164, 164, 205, 205, 205]",37754613.0,940.9999999999999,-940.9999999999999,0.0,,,,DWT,mdp.39015067403892,0.0,,0.0,33.0,19.0,0.0,28.5,,1.1368683772161603e-13,256.3413461538462,4359.0,256.3413461538461,,0.0,256.3413461538462,,,84.00000000000001,0.0,28.5,1.1368683772161603e-13,1.1368683772161603e-13,,5.684341886080802e-14,1.7040498039384324e-14,1.0575104899960337e-27,0.9864639156824687,0.7855143413940872,0.000414749699567125,0.5714285714285712,0.0012403385194463077,0.9999999997235294,0.4742280246116168,6.6959667625959335e-09,6.6959667625959335e-09,6.081912306383589e-09,,2.859275438170267e-12,0.9999999933040264,1.3612963731558036e-13,,,,,,0.0,1.0,1.0,1.4238426238064856e-13,1.4238426238064856e-13,0.8422684098792065,0.2753648338168777,175,1.6139104588249324,0.7751666588888424,309,0,0.2895190031160641,0.3459225095698184,173,0.0,0.41813273955596086,0.759474019868918,295,74.12601882380213,0.9222997706249454,238.0,220.74191470011624,0.8364119398198102,58,db,0.540986235965534,0.9305070477545101,0.3421575204977732,3,44.25,1.704049803938431e-14,0.0001547883299646835,1.0575104899960337e-27,0.9864639156824687,0.7855143413940873,0.0014478005158499929,0.6778947368421051,0.003603104816965828,0.9999999997235293,0.9919828214562019,0.9855281704452468,0.9855281704452468,0.9855281704451335,,6.125805465799743e-13,0.9999999999667601,7.585973278963461e-14,,,,,1.0,,0.0,1.0,0.75,1.4238426238064856e-13,1.4238426238064856e-13,0.0,2.2595701998213302,0.6447065287087514,183,1.6580049934164844,0.7664710927176738,1069,626.496608131281,0.6716474800150518,626.0,312.50319488817894,0.6717776184142346,490,0.49117026184683504,0.8233619396015222,0.4091722348267588,4,368.5,,,,,,,,,,,,,1.1441634570349454e-19,0.03641360043841643,1.0575104899960337e-27,0.9901814634820966,0.24283061814059975,0.001599984768733848,0.5128399404681369,1.0,0.003603104816965828,0.9999999999999541,0.0008499884728391223,0.0007982210227401261,0.0007982210227401261,0.0007982210227337863,,0.0,4.786380409530668e-19,0.020163910573049823,7.054128794466933e-19,,,,,0.4782608695652174,,0.0,1.0,0.9302325581395349,4.770970844811595e-19,4.770970844811595e-19,0.9302325581395349,0.5814294660167882,0.18110015290550946,54,1.7338254777894724,0.8416150194699047,1058,709.9352083112938,0.6682545755554702,556.0,102.75539568345324,0.7042207457216603,405,1009.0473684210526,935.5,610.6543869996938,760,0.4758535102197843,0.8532293215616218,0.41093374637766444,5,305.0
rbio2.4,1.0,reflect,3.7093312001615575e-27,321.55444261736557,4907375.990649369,0.5233644859813084,115.02436624708663,206,smoothed,3.787261766332961e-14,-2.1013768503053187e-10,6.272082714086617,30634.300925343512,0.9682179247057716,0.00014966566451320274,0.9999999999999999,362.40000000000003,,,,[],[],11,426.6,32.19999999999999,728.4000000000001,"[9, 31, 53, 64, 80, 102, 131, 148, 158, 175, 192]","[311.00000000000017, 417.79999999999995, 589.6, 432.2000000000002, 728.4000000000001, 371.0, 587.0, 32.19999999999999, 448.2, 368.0000000000001, 407.20000000000016]","[1, 1, 1, 60, 1, 94, 120, 144, 144, 165, 186]","[20, 40, 75, 75, 203, 120, 203, 149, 203, 186, 203]",30736475.840000004,728.4000000000001,-728.4000000000001,0.0,,,,DWT,mdp.39015067403892,7.450580596923828e-09,,0.0,33.0,11.0,0.0,33.0,,1.1368683772161603e-13,168.4000000000001,987.7999999999984,168.4000000000001,,0.0,168.4000000000001,,,28.0,0.0,33.0,1.1368683772161603e-13,1.1368683772161603e-13,,5.684341886080802e-14,3.436391545617275e-14,6.067838777612478e-27,0.9864925214491228,0.19868759757149843,0.03892497584449316,0.07069963347057168,0.01810750650263642,,0.999999664709775,4.4059791007223055e-09,4.4059791007223055e-09,3.6787861342541454e-09,,6.125805465799743e-13,0.9999999955939887,7.585973278963461e-14,,,,,,1.5893391424973748e-13,1.0,1.0,1.7477015598164352e-13,1.7477015598164352e-13,0.9999999009576438,0.3759218679539552,255,0.746224655566763,0.3788342767073864,687,0,0.3333333060663087,0.4742677179751567,255,0.0,0.18755889069119389,0.330904645493634,709,255.92381678929377,0.7317360411013691,476.5,373.5113739394021,0.6161300750580221,523,rbio,0.7685897546424816,0.816051598246696,0.21717169227625407,5,393.5,2.950486498549133e-14,0.9999999999705138,1.8280908988691794e-27,0.9726859813459278,0.7704746899468092,0.00010196835483703608,0.05801770782095417,0.0001763655079422841,0.999999999723462,2.0315811923354854e-05,4.745454029730922e-11,4.745454029730922e-11,3.962224992548613e-11,,6.125805465799743e-13,0.0031261328403480726,7.585973278963461e-14,,,,,0.0,,7.374542113937972e-14,1.0,1.0,1.4238426238064856e-13,1.4238426238064856e-13,1.0,0.4015691612045485,0.11457677215655476,1150,1.692177547170486,0.7822685569718745,829,226.98127676088177,0.8810370666871689,989.5,963.466397170288,0.6812155983331023,455,0.3888041033402703,1.0,0.4278371276618108,3,342.0,,,,,,,,,,,,,1.981068173191068e-19,0.9999999999715831,1.8280908988691794e-27,0.9801874985915708,0.23818132319446275,0.0012852725819601694,0.0438914719468107,0.9999999999999999,0.00017636550794228453,0.9999999999999541,9.960751159770423e-05,3.8435400695480126e-14,3.8435400695480126e-14,3.209173378426744e-14,,0.0,4.786380409530668e-19,0.00456704015061846,7.054128794466933e-19,,,,,0.13043478260869565,,2.3332883504384434e-21,1.0,1.0,4.770970844811595e-19,4.770970844811595e-19,1.0,0.4544873153722995,0.14156097535167125,1158,1.8254729320165117,0.8861015464945252,636,369.10973977937783,0.8275188131872067,897.0,821.056856187291,0.7041799673412669,406,818.67,599.5,715.6978453131971,300,0.38607403914171184,1.0,0.42974817260080167,3,305.25
db19,1.0,antireflect,7.984742858834721e-27,320.44918312201844,6567108.005483912,0.628099173553719,286.1150849093565,206,raw,6.427652369363818e-14,-2.03072003657215e-10,6.591287489290376,119959.39741199666,0.8872100529058105,5.6189438836900665e-06,1.0,327.0,,,,[],[],13,661.1538461538462,86.99999999999984,939.9999999999998,"[8, 32, 51, 63, 81, 100, 111, 133, 152, 162, 175, 192, 204]","[878.0, 638.0, 787.0, 792.0, 939.9999999999998, 787.9999999999998, 637.0, 675.0, 770.9999999999999, 196.0, 833.9999999999999, 571.9999999999999, 86.99999999999984]","[0, 13, 42, 42, 76, 99, 107, 107, 107, 161, 164, 187, 203]","[76, 42, 61, 76, 205, 164, 119, 142, 164, 164, 205, 205, 205]",37754613.0,940.9999999999998,-940.9999999999998,0.0,,,,DWT,mdp.39015067403892,0.0,,0.0,33.0,19.0,0.0,28.5,,2.2737367544323206e-13,256.3413461538462,4359.0,256.3413461538461,,0.0,256.3413461538462,,,83.99999999999984,0.0,28.5,2.2737367544323206e-13,2.2737367544323206e-13,,0.0,6.286665833250149e-14,4.8536552895263504e-27,0.9686073235895991,0.8807439269829245,0.000935358651561443,0.5321723730814641,0.00503750086513485,0.9999999997235686,0.4742280246114187,6.6959667625959335e-09,6.6959667625959335e-09,6.081912306383589e-09,,0.0,0.9999999933040264,2.7225927463116073e-13,,,,,,0.0,1.0,1.0,2.847685247612971e-13,2.847685247612971e-13,0.8422684098778426,0.2753648338164318,204,1.6368879864390884,0.7862028432154249,231,0,0.2895190031158443,0.3459225095695557,203,0.0,0.42343706036178946,0.7691085054376756,236,17.4451521441727,0.9817136769977225,218.5,217.45794074931126,0.8763390187923623,20,db,0.540986235965534,0.9305070477545101,0.3421575204977732,3,15.75,6.286665833250147e-14,0.0001547883299646835,4.8536552895263504e-27,0.9686073235895991,0.8807439269829246,0.0019678714291901187,0.6483906046107004,0.007391284213539963,0.9999999997235685,0.9919828214561989,0.9855281704452468,0.9855281704452468,0.9855281704451335,,0.0,0.9999999999667601,1.5171946557926922e-13,,,,,1.0,,0.0,1.0,0.75,2.847685247612971e-13,2.847685247612971e-13,0.0,2.2595701998211175,0.6447065287086907,204,1.6848794852779487,0.7788947713103682,894,487.9036790187178,0.7442852835331668,549.0,332.1967213114754,0.7282747172382815,263,0.49117026184683504,0.8233619396015222,0.4091722348267588,4,198.25,,,,,,,,,,,,,4.22110509702852e-19,0.03641360043841644,4.8536552895263504e-27,0.9772290026790803,0.27226949393855165,0.0017215992308904555,0.4905195172596559,1.0,0.007391284213539963,0.9999999999999541,0.00084998847283912,0.0007982210227401261,0.0007982210227401261,0.0007982210227337863,,0.0,0.0,0.020163910573049823,1.4108257588933865e-18,,,,,0.4782608695652174,,0.0,1.0,0.9302325581395349,9.54194168962319e-19,9.54194168962319e-19,0.9302325581395349,0.5814294660167882,0.18110015290550946,74,1.7334213489129542,0.8414188515529857,1062,698.6214998123089,0.673541355227893,568.0,138.35915492957747,0.7040603972401147,407,1009.0473684210526,935.5,610.6543869996938,760,0.4758535102197843,0.8532293215616218,0.41093374637766444,5,306.5
db38,1.0,periodization,3.894805857244828e-26,313.56693432401426,5883742.958482321,0.6407766990291263,325.70008004811706,206,raw,1.2736194867700492e-13,-2.0184820481717067e-10,6.416767908865038,63117.308605900645,0.7676201814139004,5.61894388369007e-06,1.0,327.0,,,,[],[],13,661.153846153846,86.99999999999987,940.0000000000001,"[8, 32, 51, 63, 81, 100, 111, 133, 152, 162, 175, 192, 204]","[877.9999999999998, 638.0, 786.9999999999998, 792.0, 940.0000000000001, 787.9999999999994, 636.9999999999997, 675.0, 770.9999999999998, 195.99999999999972, 833.9999999999995, 571.9999999999997, 86.99999999999987]","[0, 13, 42, 42, 76, 99, 107, 107, 107, 161, 164, 187, 203]","[76, 42, 61, 76, 205, 164, 119, 142, 164, 164, 205, 205, 205]",37754613.0,941.0,-941.0,0.0,,,,DWT,mdp.39015067403892,0.0,,0.0,33.0,19.0,0.0,28.5,,0.0,256.34134615384596,4359.000000000002,256.3413461538459,,0.0,256.34134615384596,,,83.99999999999987,0.0,28.5,1.1368683772161603e-13,0.0,,0.0,1.425761872593016e-13,2.676534775772204e-26,0.9432102674601267,0.8204561666601635,0.00016631155458331827,0.6272538141470184,0.00043539500072065546,0.999999999723587,0.47422802461145175,6.695790689632508e-09,6.695790689632508e-09,6.081780251660939e-09,,0.0,0.9999999933041348,1.3612963731558036e-13,,,,,,0.0,1.0,1.0,0.0,0.0,0.8422684098775794,0.2753648338163458,226,1.6273130831320226,0.7816039847315869,252,0,0.289519003115757,0.3459225095694515,226,0.0,0.42394024431829275,0.7700224619544146,227,12.84198842339716,0.9865387962018898,232.75,232.2462566580737,0.8712830249353265,25,db,0.540986235965534,0.9305070477545101,0.3421575204977732,3,19.5,1.4257618725930158e-13,0.0001547883299646835,2.676534775772204e-26,0.9432102674601267,0.8204561666601636,0.0011996191265840144,0.7198518140010223,0.002800065553578875,0.9999999997235869,0.9919828214561993,0.9855281704452442,0.9855281704452442,0.9855281704451315,,0.0,0.9999999999667607,7.585973278963461e-14,,,,,1.0,,0.0,1.0,0.75,0.0,0.0,0.0,2.2595701998209643,0.644706528708647,217,1.6658612415797571,0.7701029196049721,1005,557.2001435749994,0.7079663817741093,611.0,356.93126022913253,0.6938678869038262,369,0.49117026184683504,0.8233619396015222,0.4091722348267588,4,277.75,,,,,,,,,,,,,9.573104197332382e-19,0.03641360043841647,2.676534775772204e-26,0.9588069895470028,0.25363238786165104,0.0015419495173889565,0.5445812474631311,1.0,0.002800065553578875,0.9999999999999541,0.0008499884728391204,0.000798221022740124,0.000798221022740124,0.0007982210227337848,,0.0,0.0,0.02016391057304983,7.054128794466933e-19,,,,,0.4782608695652174,,0.0,1.0,0.9302325581395349,0.0,0.0,0.9302325581395349,0.5814294660167882,0.18110015290550946,93,1.7327479677559123,0.8410919860738159,1066,688.0148980945107,0.6784977111707894,579.5,171.0750647109577,0.7038516593237125,408,1009.0473684210526,935.5,610.6543869996938,760,0.4758535102197843,0.8532293215616218,0.41093374637766444,5,307.25
coif4,1.0,antisymmetric,7.371116298385134e-27,318.5720661087556,5313397.033878222,0.5263157894736842,90.26986405566846,206,smoothed,5.767123564033436e-14,-2.0106369902350746e-10,6.338473422486697,69430.3712286677,0.9918873633590932,0.00014966566451320274,0.9999999999999997,362.4,,,,[],[],11,426.59999999999997,32.19999999999993,728.4,"[9, 31, 53, 64, 80, 102, 131, 148, 158, 175, 192]","[311.0000000000001, 417.80000000000007, 589.5999999999999, 432.1999999999997, 728.4, 371.0, 587.0, 32.19999999999993, 448.1999999999999, 367.9999999999999, 407.2]","[1, 1, 1, 60, 1, 94, 120, 144, 144, 165, 186]","[20, 40, 75, 75, 203, 120, 203, 149, 203, 186, 203]",30736475.839999992,728.4,-728.4,0.0,,,,DWT,mdp.39015067403892,3.725290298461914e-09,,0.0,33.0,11.0,0.0,33.0,,0.0,168.40000000000003,987.7999999999993,168.39999999999998,,0.0,168.40000000000003,,,27.999999999999943,0.0,33.0,0.0,0.0,,0.0,7.785870591227676e-14,1.678441777537341e-26,0.9751612416994263,0.29444982503057116,0.21317088511502238,0.09097208810933019,0.33983685685779985,,0.9999996646602125,4.4059199552998455e-09,4.4059199552998455e-09,3.67866784340914e-09,,0.0,0.9999999955940747,0.0,,,,,,7.946695712486874e-14,1.0,1.0,0.0,0.0,0.9999999009422931,0.37592186794818455,287,1.0112306780793279,0.5133693180152876,201,0,0.33333330606207284,0.47426771796913,287,0.0,0.27337012811603256,0.482298892893976,200,49.94246689942338,0.9476494057658036,243.75,236.0750331224071,0.8460731305558578,91,coif,0.5556920286951962,0.9053407607371553,0.33941335169221604,4,69.25,5.452076228292287e-14,0.9999999999705138,4.419412503409731e-27,0.9616803368521757,0.7934093492321878,0.0005584251237861409,0.07465373961218841,0.003309980856199537,0.9999999997235987,2.0315811922300142e-05,4.745387416349445e-11,4.745387416349445e-11,3.962102868015904e-11,,0.0,0.0031261328403482946,0.0,,,,,0.0,,3.687271056968986e-14,1.0,1.0,0.0,0.0,1.0,0.40156916120412794,0.11457677215643478,1235,1.7051775773572573,0.7882782779209563,686,388.2016228714146,0.7965400299416066,960.5,882.051015096304,0.6465666606731093,663,0.4784248188775415,0.776734912893196,0.43208215291776214,2,497.75,,,,,,,,,,,,,3.6607300860358735e-19,0.9999999999715831,4.419412503409731e-27,0.9722044423524031,0.24527124784336035,0.0013920113805154803,0.05647693852409408,0.9999999999999997,0.003309980856199537,0.9999999999999541,9.960751159770347e-05,3.8434858594393884e-14,3.8434858594393884e-14,3.2090649582094954e-14,,0.0,0.0,0.004567040150618464,0.0,,,,,0.13043478260869565,,1.1666441752192217e-21,1.0,1.0,0.0,0.0,1.0,0.4544873153722995,0.14156097535167125,1148,1.8305690627669537,0.8885752557782431,566,411.5361466505707,0.8076933894156212,857.0,758.1890315052508,0.7036130498479976,409,986.6382352941176,846.0,585.0035688138154,340,0.4652856568234462,0.8173890317607586,0.42908333069536003,4,307.75
db26,1.0,periodization,2.2497874227836426e-26,315.9503776228693,5940396.0412801895,0.6359223300970874,329.55102458270954,206,raw,1.0243000136220727e-13,-2.121923747822082e-10,6.355571705596865,63117.30860590066,0.765792491635042,5.618943883690067e-06,1.0,327.0000000000001,,,,[],[],13,661.1538461538463,87.00000000000013,940.0000000000002,"[8, 32, 51, 63, 81, 100, 111, 133, 152, 162, 175, 192, 204]","[877.9999999999999, 638.0, 787.0000000000003, 792.0, 940.0000000000002, 787.9999999999998, 637.0000000000003, 675.0000000000001, 771.0, 195.99999999999994, 834.0, 572.0000000000007, 87.00000000000013]","[0, 13, 39, 39, 76, 99, 107, 107, 107, 161, 164, 187, 203]","[76, 39, 61, 76, 205, 164, 119, 142, 164, 164, 205, 205, 205]",37754613.0,941.0000000000002,-941.0000000000002,0.0,,,,DWT,mdp.39015067403892,0.0,,0.0,33.0,19.0,0.0,28.5,,2.2737367544323206e-13,256.3413461538463,4358.999999999998,256.34134615384625,,0.0,256.3413461538463,,,84.00000000000013,0.0,24.0,2.2737367544323206e-13,2.2737367544323206e-13,,1.1368683772161603e-13,1.1107423928614772e-13,1.5124108048830545e-26,0.9520057128180439,0.7993159483173117,0.0002300679451855734,0.5908460471567272,0.00043539500072065665,0.9999999997234311,0.47422802461174884,6.696054799077647e-09,6.696054799077647e-09,6.082044361106239e-09,,5.718550876340534e-12,0.9999999933039181,2.7225927463116073e-13,,,,,,0.0,1.0,0.5,2.847685247612971e-13,2.847685247612971e-13,0.7922684098808392,0.2590182137502782,299,1.6074890125744599,0.772082416508483,333,0,0.24785233644969845,0.2961384272004129,299,0.0,0.41785414637019136,0.7589679980564927,304,16.33758448078132,0.9828746493912146,308.75,308.13222812379905,0.8296186664146848,69,db,0.540986235965534,0.9305070477545101,0.3421575204977732,3,52.5,1.1107423928614772e-13,0.0001547883299646835,1.5124108048830545e-26,0.9520057128180439,0.7993159483173117,0.0012633096262666755,0.6924885028104244,0.0028000655535788763,0.999999999723431,0.9919828214562039,0.9855281704452481,0.9855281704452481,0.9855281704451354,,1.2251610931599486e-12,0.9999999999667596,1.5171946557926922e-13,,,,,1.0,,0.0,1.0,0.5,2.847685247612971e-13,2.847685247612971e-13,0.0,2.234570199821732,0.637573462774914,306,1.6496549203966118,0.76261097793079,1112,569.9280656363574,0.7012955630836701,709.0,479.93229901269393,0.664851135839529,533,0.49117026184683504,0.8233619396015222,0.4091722348267588,4,400.75,,,,,,,,,,,,,7.457944322721054e-19,0.036413600438416446,1.5124108048830545e-26,0.9651868553495591,0.24709718918060422,0.0015568430360701805,0.5238803950750917,1.0,0.0028000655535788763,0.9999999999999541,0.0008499884728391238,0.0007982210227401272,0.0007982210227401272,0.0007982210227337879,,0.0,9.572760819061336e-19,0.020163910573049813,1.4108257588933865e-18,,,,,0.4782608695652174,,0.0,1.0,0.8604651162790697,9.54194168962319e-19,9.54194168962319e-19,0.9302325581395349,0.5744527218307418,0.17892707859001003,356,1.7250353937010474,0.8373482308651752,1112,534.5727265770299,0.7501996604780234,734.0,539.3351498637602,0.7036045031362079,410,1009.0473684210526,935.5,610.6543869996938,760,0.4758535102197843,0.8532293215616218,0.41093374637766444,5,308.75
db6,1.0,antisymmetric,3.0746275017394634e-27,322.36947366732153,5069261.107567362,0.5277777777777778,93.4449996445322,206,smoothed,3.385425704604555e-14,-2.0085599850006056e-10,6.249830348766431,46974.58504613229,0.9875440963217273,0.0001496656645132027,0.9999999999999999,362.4,,,,[],[],11,426.59999999999997,32.20000000000002,728.4,"[9, 31, 53, 64, 80, 102, 131, 148, 158, 175, 192]","[311.00000000000006, 417.8000000000002, 589.6000000000001, 432.1999999999998, 728.4, 371.0, 586.9999999999999, 32.20000000000002, 448.2, 368.0, 407.2]","[1, 1, 1, 60, 1, 94, 120, 144, 144, 165, 186]","[20, 40, 75, 75, 203, 120, 203, 149, 203, 186, 203]",30736475.839999996,728.4,-728.4,0.0,,,,DWT,mdp.39015067403892,0.0,,0.0,33.0,11.0,0.0,33.0,,0.0,168.40000000000003,987.7999999999993,168.40000000000003,,0.0,168.40000000000003,,,28.00000000000003,0.0,33.0,0.0,0.0,,0.0,2.5536140041301486e-14,4.210315154063095e-27,0.9895891609260896,0.16659069545000482,0.10839876264731729,0.10101446147204873,0.15361476158536874,,0.9999996647345563,4.4059199552998455e-09,4.4059199552998455e-09,3.6787269888316428e-09,,0.0,0.9999999955940747,0.0,,,,,,0.0,1.0,1.0,0.0,0.0,0.9999999009645741,0.3759218679565605,194,0.8330999148272895,0.42293805398171386,404,0,0.33333330606826644,0.47426771797794226,194,0.0,0.21702969172583642,0.382899114712574,426,127.91012469699183,0.8659223011561931,304.5,264.3414537594908,0.773369955609543,192,db,0.573477938514061,0.8443824841957417,0.34525069778143475,3,144.75,2.442759663157012e-14,0.9999999999705136,1.3789325342778595e-27,0.9756936304342603,0.7627876140108698,0.0002839627579391558,0.08289473684210552,0.0014961941585105514,0.9999999997236019,2.0315811923854454e-05,4.745387416349445e-11,4.745387416349445e-11,3.962169481397382e-11,,0.0,0.0031261328403482946,0.0,,,,,0.0,,0.0,1.0,1.0,0.0,0.0,1.0,0.4015691612041101,0.11457677215642968,1244,1.7007083389258095,0.7862122153470982,728,364.8670990922585,0.8087698642074117,986.0,918.4908722109533,0.6459991878689051,668,0.49117026184683504,0.8233619396015222,0.4091722348267588,4,502.0,,,,,,,,,,,,,1.6401611821694313e-19,0.999999999971583,1.3789325342778595e-27,0.9823691274669603,0.2358049726902758,0.001327830531041821,0.06271140576376699,0.9999999999999999,0.0014961941585105514,0.9999999999999541,9.960751159770467e-05,3.8434858594393884e-14,3.8434858594393884e-14,3.20911916831812e-14,,0.0,0.0,0.004567040150618464,0.0,,,,,0.13043478260869565,,0.0,1.0,1.0,0.0,0.0,1.0,0.4544873153722995,0.14156097535167125,1138,1.8336709180512025,0.8900809251947372,502,449.7199128346442,0.7898505080211943,820.0,696.6780487804879,0.7033364689638681,411,1009.0473684210526,935.5,610.6543869996938,760,0.4758535102197843,0.8532293215616218,0.41093374637766444,5,309.5
coif7,1.0,periodic,1.3823813015471183e-26,315.8411202345255,5538218.060463482,0.5203252032520326,92.27391468840226,206,smoothed,8.279353470338145e-14,-2.1331412192182647e-10,6.457049614338396,31449.363242130123,0.9789288004353454,0.00014966566451320274,0.9999999999999997,362.4,,,,[],[],11,426.59999999999997,32.20000000000016,728.3999999999999,"[9, 31, 53, 64, 80, 102, 131, 148, 158, 175, 192]","[311.0, 417.8000000000003, 589.6000000000001, 432.1999999999997, 728.3999999999999, 371.00000000000017, 586.9999999999999, 32.20000000000016, 448.2, 367.9999999999998, 407.2000000000001]","[1, 1, 1, 60, 1, 94, 120, 144, 144, 165, 186]","[20, 40, 75, 75, 203, 120, 203, 149, 203, 186, 203]",30736475.840000004,728.3999999999999,-728.3999999999999,0.0,,,,DWT,mdp.39015067403892,7.450580596923828e-09,,0.0,33.0,11.0,0.0,33.0,,1.1368683772161603e-13,168.40000000000003,987.7999999999993,168.40000000000003,,0.0,168.40000000000003,,,28.00000000000017,0.0,33.0,1.1368683772161603e-13,1.1368683772161603e-13,,0.0,1.3304887801378019e-13,3.566887774840461e-26,0.9647852507429376,0.4654846057849116,0.309653924242632,0.04982285091575352,0.024866682564245474,,0.9999996648584625,4.4059199552998455e-09,4.4059199552998455e-09,3.6787269888316428e-09,,0.0,0.9999999955940747,7.585973278963461e-14,,,,,,1.5893391424973748e-13,1.0,1.0,1.7477015598164352e-13,1.7477015598164352e-13,0.9999999010019335,0.3759218679706047,71,0.9963162288515739,0.5057977314380606,210,0,0.33333330607864065,0.4742677179927027,71,0.0,0.25923047346437333,0.45735271522856613,222,83.8590086593762,0.9120974751998153,143.5,106.8506682161534,0.8808390939940376,57,coif,0.5556920286951962,0.9053407607371553,0.33941335169221604,4,43.75,8.626322299237605e-14,0.9999999999705138,8.985767972671089e-27,0.9516025283203935,0.8343714751834317,0.0008111733029712431,0.040885750962773304,0.00024219928352057487,0.999999999723414,2.0315811926352456e-05,4.745387416349445e-11,4.745387416349445e-11,3.962169481397382e-11,,0.0,0.0031261328403482946,7.585973278963461e-14,,,,,0.0,,7.374542113937972e-14,1.0,1.0,1.4238426238064856e-13,1.4238426238064856e-13,1.0,0.4015691612042427,0.11457677215646751,1187,1.7050040212145006,0.7881980454928786,688,352.8462838120872,0.815070081859493,937.5,871.0997333333333,0.6618589403008157,552,0.4784248188775415,0.776734912893196,0.43208215291776214,2,414.5,,,,,,,,,,,,,5.792038894979353e-19,0.9999999999715831,8.985767972671089e-27,0.9648944013709364,0.25793410813874407,0.0014511145394967163,0.03093082885909404,0.9999999999999997,0.0002421992835205753,0.9999999999999541,9.960751159770662e-05,3.8434858594393884e-14,3.8434858594393884e-14,3.20911916831812e-14,,0.0,0.0,0.004567040150618464,7.054128794466933e-19,,,,,0.13043478260869565,,2.3332883504384434e-21,1.0,1.0,4.770970844811595e-19,4.770970844811595e-19,1.0,0.4544873153722995,0.14156097535167125,1172,1.8210984634101848,0.8839781387303377,696,336.5828278447966,0.8427183047454221,934.0,873.3533190578158,0.7031348533072905,412,986.6382352941176,846.0,585.0035688138154,340,0.4652856568234462,0.8173890317607586,0.42908333069536003,4,310.0
coif11,1.0,periodic,3.2085684246022515e-26,314.4086794154417,7035032.638623729,0.6222222222222222,287.6548259914235,206,raw,1.2619032032904495e-13,-2.242181995626453e-10,6.734338020861994,60237.074621355096,0.743002250762082,5.618943883690064e-06,0.9999999999999998,327.0000000000002,,,,[],[],13,661.1538461538463,87.0,940.0000000000002,"[8, 32, 51, 63, 81, 100, 111, 133, 152, 162, 175, 192, 204]","[878.0000000000005, 638.0, 787.0000000000002, 792.0000000000003, 940.0000000000002, 787.9999999999998, 637.0000000000003, 675.0000000000005, 771.0000000000002, 196.0, 833.9999999999999, 572.0000000000001, 87.0]","[0, 13, 39, 39, 76, 99, 107, 107, 107, 161, 164, 187, 203]","[76, 39, 61, 76, 205, 164, 119, 142, 164, 164, 205, 205, 205]",37754613.00000001,941.0000000000002,-941.0000000000002,0.0,,,,DWT,mdp.39015067403892,7.450580596923828e-09,,0.0,33.0,19.0,0.0,28.5,,2.2737367544323206e-13,256.3413461538463,4358.999999999998,256.3413461538463,,0.0,256.3413461538463,,,84.0,0.0,24.0,2.2737367544323206e-13,2.2737367544323206e-13,,2.2737367544323206e-13,1.4109581451523594e-13,2.19090772848485e-26,0.9463164974092518,0.9301607095606411,0.001461952866907509,0.48809523809523814,0.00020220262532468663,0.9999999997232498,0.4742280246116003,6.696054799077647e-09,6.696054799077647e-09,6.082088379347123e-09,,1.1437101752681067e-11,0.9999999933039181,2.7225927463116073e-13,,,,,,7.374542113937972e-14,1.0,0.5,2.847685247612971e-13,2.847685247612971e-13,0.792268409883704,0.2590182137512148,258,1.6289202058368928,0.7823758912092645,249,0,0.2478523364501724,0.29613842720097916,258,0.0,0.4207795750350943,0.7642815907455824,269,8.18535277187245,0.9914199656479324,258.5,258.30658505414675,0.8602278025304653,34,coif,0.5507900112560971,0.8749445204262634,0.351963635992853,2,26.0,1.4109581451523591e-13,0.0001547883299646835,2.1909077284848497e-26,0.9463164974092518,0.9301607095606412,0.0024939214202353063,0.615263157894737,0.0025674248415176143,0.9999999997232497,0.9919828214562016,0.9855281704452481,0.9855281704452481,0.985528170445136,,2.4503221863198973e-12,0.9999999999667596,1.5171946557926922e-13,,,,,1.0,,7.374542113937972e-14,1.0,0.5,2.847685247612971e-13,2.847685247612971e-13,0.0,2.2345701998223815,0.6375734627750993,258,1.681295883418823,0.7772381253752016,921,468.811795926681,0.7542915115688255,589.5,403.0839694656488,0.722664623708941,275,0.4784248188775415,0.776734912893196,0.43208215291776214,2,206.75,,,,,,,,,,,,,9.47370637500138e-19,0.036413600438416426,2.1909077284848497e-26,0.9610601250530362,0.287545991422442,0.0018446118529914898,0.4654579894466244,0.9999999999999998,0.0025674248415176143,0.9999999999999541,0.0008499884728391221,0.0007982210227401272,0.0007982210227401272,0.0007982210227337884,,0.0,1.9145521638122673e-18,0.020163910573049813,1.4108257588933865e-18,,,,,0.4782608695652174,,2.3332883504384434e-21,1.0,0.8604651162790697,9.54194168962319e-19,9.54194168962319e-19,0.9302325581395349,0.5744527218307418,0.17892707859001003,519,1.7194656225163019,0.834644612107612,1142,440.5275246792191,0.7941460165050378,830.5,713.6640577965081,0.7030309521777526,413,986.6382352941176,846.0,585.0035688138154,340,0.4652856568234462,0.8173890317607586,0.42908333069536003,4,310.75
bior2.6,1.0,antireflect,4.2108105604727334e-27,321.0037417079558,5209152.517162875,0.5137614678899083,82.97741806625494,206,smoothed,4.285559909885207e-14,-2.114594055413482e-10,6.241419943819045,53454.97889081074,0.9909152559589511,0.00014966566451320268,0.9999999999999999,362.4,,,,[],[],11,426.6,32.19999999999999,728.4000000000001,"[9, 31, 53, 64, 80, 102, 131, 148, 158, 175, 192]","[311.0000000000001, 417.8000000000001, 589.6, 432.19999999999993, 728.4000000000001, 371.0000000000001, 587.0000000000001, 32.19999999999999, 448.1999999999999, 368.0000000000001, 407.2]","[1, 1, 1, 60, 1, 94, 120, 144, 144, 165, 186]","[20, 40, 75, 75, 203, 120, 203, 149, 203, 186, 203]",30736475.84000001,728.4000000000001,-728.4000000000001,0.0,,,,DWT,mdp.39015067403892,1.4901161193847656e-08,,0.0,33.0,11.0,0.0,33.0,,1.1368683772161603e-13,168.4000000000001,987.7999999999984,168.40000000000006,,0.0,168.4000000000001,,,28.0,0.0,33.0,1.1368683772161603e-13,1.1368683772161603e-13,,0.0,4.5310827691988036e-14,7.535468099477506e-27,0.9844001813153672,0.15445949319288976,0.16843384277582946,0.004736661801951814,0.20735558856586195,,0.999999664709775,4.4059791007223055e-09,4.4059791007223055e-09,3.6787565615428943e-09,,0.0,0.9999999955939887,7.585973278963461e-14,,,,,,3.1786782849947497e-13,1.0,1.0,1.7477015598164352e-13,1.7477015598164352e-13,0.9999999009574081,0.3759218679538666,258,0.836923676920719,0.4248792551148569,390,0,0.3333333060662684,0.47426771797509937,259,0.0,0.21705510966456368,0.3829439588357863,425,87.20473993233777,0.9085904193581364,333.0,316.10516473891187,0.7797669077922758,187,bior,0.8100315533562081,0.7923003667562746,0.1952878026237719,6,141.75,3.580094847832996e-14,0.9999999999705134,2.1829709002204166e-27,0.9706537703176245,0.7598822410065936,0.000441231406676932,0.0038870111057464074,0.0020196250486926486,0.999999999723442,2.0315811923354854e-05,4.745454029730922e-11,4.745454029730922e-11,3.9622027880881205e-11,,0.0,0.0031261328403480726,7.585973278963461e-14,,,,,0.0,,1.4749084227875944e-13,1.0,1.0,1.4238426238064856e-13,1.4238426238064856e-13,1.0,0.40156916120427905,0.11457677215647788,1182,1.664916652739527,0.7696662502080674,1009,122.32947314527271,0.9358860203641128,1095.5,1088.6700136923778,0.6808622973937964,459,0.5943810304597339,0.7715092316736338,0.3524805091760961,5,345.5,,,,,,,,,,,,,2.4038110201605326e-19,0.9999999999715827,2.1829709002204166e-27,0.9787134136401614,0.2349068178312502,0.0013646065583868315,0.0029405959889231004,0.9999999999999999,0.0020196250486926486,0.9999999999999541,9.960751159770423e-05,3.8435400695480126e-14,3.8435400695480126e-14,3.2091408523615694e-14,,0.0,0.0,0.00456704015061846,7.054128794466933e-19,,,,,0.13043478260869565,,4.666576700876887e-21,1.0,1.0,4.770970844811595e-19,4.770970844811595e-19,1.0,0.4544873153722995,0.14156097535167125,1191,1.807347848785418,0.8773034624475201,800,276.4787514439401,0.8708043217551682,995.5,957.1069814163736,0.7028087029336588,414,1104.4,1082.5,563.6960149978129,300,0.520820561188399,0.7876173146100969,0.3991404127850916,6,312.0
db8,1.0,antisymmetric,4.2289990656087045e-27,320.98502285055594,5179585.526540656,0.5272727272727272,90.53026794181832,206,smoothed,4.199445537805445e-14,-2.0008910084357053e-10,6.283861023681327,56576.4262793393,0.9896586057264989,0.0001496656645132027,0.9999999999999997,362.3999999999999,,,,[],[],11,426.59999999999997,32.19999999999996,728.3999999999999,"[9, 31, 53, 64, 80, 102, 131, 148, 158, 175, 192]","[311.0, 417.79999999999995, 589.6000000000001, 432.19999999999993, 728.3999999999999, 370.99999999999994, 587.0, 32.19999999999996, 448.2, 367.9999999999999, 407.1999999999998]","[1, 1, 1, 60, 1, 94, 120, 144, 144, 165, 186]","[20, 40, 75, 75, 203, 120, 203, 149, 203, 186, 203]",30736475.83999999,728.3999999999999,-728.3999999999999,0.0,,,,DWT,mdp.39015067403892,7.450580596923828e-09,,0.0,33.0,11.0,0.0,33.0,,1.1368683772161603e-13,168.40000000000003,987.7999999999993,168.39999999999998,,0.0,168.40000000000003,,,27.99999999999997,0.0,33.0,1.1368683772161603e-13,1.1368683772161603e-13,,5.684341886080802e-14,4.341901555983897e-14,7.588698572296727e-27,0.9843290606472759,0.21567667917151753,0.1557450246682961,0.09754527794674564,0.23324123194745636,,0.9999996646849938,4.4059199552998455e-09,4.4059199552998455e-09,3.67866784340914e-09,,6.125805465799743e-13,0.9999999955940747,7.585973278963461e-14,,,,,,1.5893391424973748e-13,1.0,1.0,1.7477015598164352e-13,1.7477015598164352e-13,0.9999999009501814,0.37592186795114996,263,0.908622892265966,0.4612786425957945,252,0,0.333333306064231,0.47426771797220063,264,0.0,0.24093389634019072,0.4250726012616261,261,5.477225575051661,0.9942586734014134,260.0,259.91187331443194,0.8608609928851931,71,db,0.573477938514061,0.8443824841957417,0.34525069778143475,3,54.0,3.471287844723881e-14,0.9999999999705136,2.1958422908260544e-27,0.9705846934960771,0.774543505056968,0.0004079916196460913,0.08004784688995215,0.0022717489202341568,0.9999999997236134,2.0315811922799742e-05,4.745387416349445e-11,4.745387416349445e-11,3.962102868015904e-11,,6.125805465799743e-13,0.0031261328403482946,7.585973278963461e-14,,,,,0.0,,7.374542113937972e-14,1.0,1.0,1.4238426238064856e-13,1.4238426238064856e-13,1.0,0.40156916120454766,0.11457677215655453,1157,1.7027544026406376,0.7871580802253714,714,313.2483040656405,0.8358237400075259,935.5,883.0550507749866,0.6727598783895072,488,0.49117026184683504,0.8233619396015222,0.4091722348267588,4,367.0,,,,,,,,,,,,,2.3307538850115445e-19,0.999999999971583,2.1958422908260544e-27,0.9786633080646499,0.23943913968008687,0.0013568336975744598,0.06055768071733436,0.9999999999999997,0.0022717489202341568,0.9999999999999541,9.960751159770391e-05,3.8434858594393884e-14,3.8434858594393884e-14,3.2090649582094954e-14,,0.0,4.786380409530668e-19,0.004567040150618464,7.054128794466933e-19,,,,,0.13043478260869565,,2.3332883504384434e-21,1.0,1.0,4.770970844811595e-19,4.770970844811595e-19,1.0,0.4544873153722995,0.14156097535167125,1144,1.8327277433741043,0.8896230994306116,523,439.11331111684603,0.7948068639640906,833.5,717.8308338332334,0.7026604413278397,415,1009.0473684210526,935.5,610.6543869996938,760,0.4758535102197843,0.8532293215616218,0.41093374637766444,5,312.5
db18,1.0,smooth,6.801207674532574e-27,318.92153838037063,4965098.9066484505,0.5458333333333333,55.794224988886235,206,smoothed,6.004420261966668e-14,-1.9915127325020912e-10,6.1905062553422106,41488.92744444445,0.9894797697132863,0.00014966566451320276,0.9999999999999997,362.4000000000001,,,,[],[],11,426.59999999999997,32.19999999999999,728.3999999999999,"[9, 31, 53, 64, 80, 102, 131, 148, 158, 175, 192]","[310.99999999999994, 417.80000000000007, 589.5999999999999, 432.20000000000016, 728.3999999999999, 370.99999999999994, 586.9999999999999, 32.19999999999999, 448.1999999999999, 368.0000000000001, 407.20000000000005]","[1, 1, 1, 60, 1, 94, 120, 144, 144, 165, 186]","[20, 40, 75, 75, 203, 120, 203, 149, 203, 186, 203]",30736475.83999999,728.3999999999999,-728.3999999999999,0.0,,,,DWT,mdp.39015067403892,7.450580596923828e-09,,0.0,33.0,11.0,0.0,33.0,,1.1368683772161603e-13,168.40000000000003,987.7999999999993,168.39999999999998,,0.0,168.40000000000003,,,28.0,0.0,33.0,1.1368683772161603e-13,1.1368683772161603e-13,,1.1368683772161603e-13,8.307178197875724e-14,1.5116523394574255e-26,0.976489031152904,0.08102138213497125,0.06369704653329544,0.22503777250161872,0.1081231166155773,,0.999999664709775,4.4059199552998455e-09,4.4059199552998455e-09,3.67866784340914e-09,,1.2251610931599486e-12,0.9999999955940747,7.585973278963461e-14,,,,,,1.5893391424973748e-13,1.0,1.0,1.7477015598164352e-13,1.7477015598164352e-13,0.9999999009579221,0.37592186795405985,237,0.7915169886727791,0.4018277386958217,542,0,0.3333333060663472,0.47426771797521156,239,0.0,0.20776690699120715,0.36655705549266276,516,168.34587412031615,0.8235368195803814,383.5,328.23171942033537,0.7107726026623081,306,db,0.573477938514061,0.8443824841957417,0.34525069778143475,3,230.25,5.75190472295853e-14,0.999999999970514,4.016107424059346e-27,0.9629699686510834,0.7422941157053626,0.0001668615818523917,0.18467105263157885,0.001053109569748473,0.9999999997236275,2.0315811923354854e-05,4.745387416349445e-11,4.745387416349445e-11,3.962102868015904e-11,,1.2251610931599486e-12,0.0031261328403482946,7.585973278963461e-14,,,,,0.0,,7.374542113937972e-14,1.0,1.0,1.4238426238064856e-13,1.4238426238064856e-13,1.0,0.40156916120485414,0.11457677215664197,1058,1.7233021345954107,0.7966569916440831,506,390.32294321497426,0.7954282268265334,782.0,684.5882352941177,0.6927874886753211,377,0.49117026184683504,0.8233619396015222,0.4091722348267588,4,283.75,,,,,,,,,,,,,3.8620462718551157e-19,0.9999999999715833,4.016107424059346e-27,0.973139889902462,0.22946969833671316,0.0013004473488979961,0.13970707617372471,0.9999999999999997,0.001053109569748473,0.9999999999999541,9.960751159770423e-05,3.8434858594393884e-14,3.8434858594393884e-14,3.2090649582094954e-14,,0.0,9.572760819061336e-19,0.004567040150618464,7.054128794466933e-19,,,,,0.13043478260869565,,2.3332883504384434e-21,1.0,1.0,4.770970844811595e-19,4.770970844811595e-19,1.0,0.4544873153722995,0.14156097535167125,1095,1.8555730810731286,0.9007124389164254,232,610.2331521639906,0.714844321418696,663.5,382.87867370007535,0.7023987962233667,416,1009.0473684210526,935.5,610.6543869996938,760,0.4758535102197843,0.8532293215616218,0.41093374637766444,5,313.25
coif2,1.0,smooth,6.211874667252715e-27,321.53956562172374,6746245.571545483,0.6296296296296297,290.65654827829843,206,raw,5.15208156611973e-14,-2.1553980822375539e-10,6.326570393467369,106445.48012849365,0.8584694630671671,5.618943883690064e-06,1.0,327.0000000000001,,,,[],[],13,661.1538461538462,86.99999999999989,940.0000000000001,"[8, 32, 51, 63, 81, 100, 111, 133, 152, 162, 175, 192, 204]","[878.0000000000002, 638.0, 787.0000000000001, 792.0000000000001, 940.0000000000001, 788.0, 637.0000000000002, 675.0000000000001, 771.0, 195.9999999999999, 834.0000000000002, 572.0, 86.99999999999989]","[0, 13, 42, 42, 76, 99, 107, 107, 107, 161, 99, 187, 203]","[76, 42, 61, 76, 205, 164, 119, 142, 164, 164, 205, 205, 205]",37754613.0,941.0000000000001,-941.0000000000001,0.0,,,,DWT,mdp.39015067403892,0.0,,0.0,33.0,19.0,0.0,28.5,,1.1368683772161603e-13,256.3413461538462,4359.0,256.34134615384625,,0.0,256.3413461538462,,,83.99999999999989,0.0,24.0,1.1368683772161603e-13,1.1368683772161603e-13,,1.1368683772161603e-13,4.67495999364973e-14,3.599056364789371e-27,0.9726310818640226,0.7892974498173304,0.0011369569418805802,0.5436507936507938,0.003943373620906139,0.9999999997233806,0.47422802461146824,6.6959667625959335e-09,6.6959667625959335e-09,6.082044361106239e-09,,5.718550876340534e-12,0.9999999933040264,1.3612963731558036e-13,,,,,,0.0,1.0,0.5,1.4238426238064856e-13,1.4238426238064856e-13,0.7922684098806312,0.2590182137502102,415,1.597833519296065,0.7674448503884974,360,0,0.24785233644963428,0.29613842720033623,415,0.0,0.4138324569522951,0.7516632157710453,349,35.21718330588067,0.9630847135158483,384.75,382.3220259754544,0.7798914133616978,178,coif,0.5507900112560971,0.8749445204262634,0.351963635992853,2,134.0,4.67495999364973e-14,0.0001547883299646835,3.599056364789371e-27,0.9726310818640226,0.7892974498173304,0.0021692613718187386,0.6570175438596493,0.006299745346753358,0.9999999997233805,0.9919828214561996,0.9855281704452468,0.9855281704452468,0.9855281704451354,,1.2251610931599486e-12,0.9999999999667601,7.585973278963461e-14,,,,,1.0,,0.0,1.0,0.5,1.4238426238064856e-13,1.4238426238064856e-13,0.0,2.2345701998216363,0.6375734627748867,417,1.6446853567839046,0.7603136224537641,1127,502.04581464244876,0.7368732627660122,772.0,608.7551813471504,0.6661305517184358,525,0.4784248188775415,0.776734912893196,0.43208215291776214,2,394.25,,,,,,,,,,,,,3.1389448685547927e-19,0.036413600438416426,3.599056364789371e-27,0.980147676693653,0.24400011245597875,0.001768692673204373,0.4970459567942995,1.0,0.006299745346753358,0.9999999999999541,0.0008499884728391206,0.0007982210227401261,0.0007982210227401261,0.0007982210227337879,,0.0,9.572760819061336e-19,0.020163910573049823,7.054128794466933e-19,,,,,0.4782608695652174,,0.0,1.0,0.8604651162790697,4.770970844811595e-19,4.770970844811595e-19,0.9302325581395349,0.5744527218307418,0.17892707859001003,350,1.723235369568711,0.8364744824028363,1116,541.6437943888955,0.7468954231827591,733.0,532.8785811732605,0.7021860293483889,417,986.6382352941176,846.0,585.0035688138154,340,0.4652856568234462,0.8173890317607586,0.42908333069536003,4,313.75
coif13,1.0,periodic,3.0369965389072994e-26,314.64734949876754,7430823.005087497,0.6134751773049646,287.87877118467907,206,raw,1.2533663427515843e-13,-2.2369406327271985e-10,6.811981403896564,60320.32550104734,0.7398159604064002,5.618943883690062e-06,1.0,327.0000000000001,,,,[],[],13,661.1538461538463,86.99999999999991,939.9999999999998,"[8, 32, 51, 63, 81, 100, 111, 133, 152, 162, 175, 192, 204]","[877.9999999999997, 638.0000000000002, 787.0000000000001, 792.0000000000003, 939.9999999999998, 788.0000000000001, 637.0000000000001, 675.0000000000002, 771.0000000000008, 195.9999999999999, 834.0000000000002, 571.9999999999998, 86.99999999999991]","[0, 13, 39, 39, 76, 99, 107, 107, 107, 161, 99, 187, 203]","[76, 39, 61, 76, 205, 164, 119, 142, 164, 164, 205, 205, 205]",37754613.0,940.9999999999998,-940.9999999999998,0.0,,,,DWT,mdp.39015067403892,0.0,,0.0,33.0,19.0,0.0,28.5,,2.2737367544323206e-13,256.3413461538463,4358.999999999998,256.34134615384625,,0.0,256.3413461538463,,,83.99999999999991,0.0,19.5,2.2737367544323206e-13,2.2737367544323206e-13,,1.1368683772161603e-13,1.40017167375669e-13,2.069492101350211e-26,0.9471972440489853,0.9569826034457174,0.0019073684375112536,0.42249240121580584,0.00020894286604589347,0.9999999997232577,0.47422802461150126,6.696054799077647e-09,6.696054799077647e-09,6.082044361106239e-09,,5.718550876340534e-12,0.9999999933039181,2.7225927463116073e-13,,,,,,0.0,1.0,0.0,2.847685247612971e-13,2.847685247612971e-13,0.7422684098807649,0.24267159368312063,732,1.6168438698930914,0.7765755861588892,297,0,0.20618566978301112,0.24635434483062302,729,0.0,0.416098569967183,0.7557792626577873,326,242.20239470327292,0.746119083120259,521.0,436.09324139685026,0.5999987449144272,540,coif,0.5507900112560971,0.8749445204262634,0.351963635992853,2,405.5,1.40017167375669e-13,0.0001547883299646835,2.069492101350211e-26,0.9471972440489853,0.9569826034457175,0.002938876662999421,0.565957446808511,0.0025741491368475246,0.9999999997232576,0.9919828214562001,0.9855281704452481,0.9855281704452481,0.9855281704451354,,1.2251610931599486e-12,0.9999999999667596,1.5171946557926922e-13,,,,,1.0,,0.0,1.0,0.25,2.847685247612971e-13,2.847685247612971e-13,0.0,2.2095701998217314,0.6304403968409618,730,1.6757381612502276,0.7746688729299441,952,156.97770542341354,0.9177265694845841,841.0,826.3495838287752,0.7384754440714325,240,0.4784248188775415,0.776734912893196,0.43208215291776214,2,180.5,,,,,,,,,,,,,9.40128192841095e-19,0.03641360043841641,2.069492101350211e-26,0.9616989835916199,0.29583759951740746,0.0019486611107840143,0.42815730459990187,1.0,0.0025741491368475246,0.9999999999999541,0.000849988472839121,0.0007982210227401272,0.0007982210227401272,0.0007982210227337879,,0.0,9.572760819061336e-19,0.020163910573049813,1.4108257588933865e-18,,,,,0.4782608695652174,,0.0,1.0,0.7906976744186046,9.54194168962319e-19,9.54194168962319e-19,0.9302325581395349,0.5674759776446953,0.17675400427451057,932,1.709129182095274,0.8296272077508114,1217,201.52543263816605,0.9058292370849691,1074.5,1055.6016751977663,0.7018632166733256,418,986.6382352941176,846.0,585.0035688138154,340,0.4652856568234462,0.8173890317607586,0.42908333069536003,4,314.5
coif6,1.0,smooth,1.1345320950451192e-26,316.69923087992345,4961817.750723375,0.5625,57.39663912677397,206,smoothed,7.314106170773264e-14,-2.1283845796915605e-10,6.194599919660287,41488.92744444445,0.9891622333407316,0.0001496656645132026,0.9999999999999999,362.4000000000001,,,,[],[],11,426.60000000000014,32.20000000000002,728.4,"[9, 31, 53, 64, 80, 102, 131, 148, 158, 175, 192]","[311.00000000000017, 417.79999999999995, 589.6000000000001, 432.20000000000005, 728.4, 371.0000000000001, 587.0000000000001, 32.20000000000002, 448.2000000000001, 368.0, 407.20000000000005]","[1, 1, 1, 60, 1, 94, 120, 144, 144, 165, 186]","[20, 40, 75, 75, 203, 120, 203, 149, 203, 186, 203]",30736475.840000004,728.4,-728.4,0.0,,,,DWT,mdp.39015067403892,7.450580596923828e-09,,0.0,33.0,11.0,0.0,33.0,,0.0,168.4000000000002,987.7999999999975,168.40000000000006,,0.0,168.4000000000002,,,28.00000000000003,0.0,33.0,0.0,0.0,,1.1368683772161603e-13,1.1184374688712453e-13,2.841532373099498e-26,0.9680455673901235,0.08692610017482624,0.06228892247874758,0.33952082883660717,0.1081231166155773,,0.9999996647345563,4.406097391567225e-09,4.406097391567225e-09,3.6787565615428943e-09,,1.2251610931599486e-12,0.9999999955939026,0.0,,,,,,1.5893391424973748e-13,1.0,1.0,0.0,0.0,0.9999999009652956,0.3759218679568317,160,0.8344924299417682,0.42364498915500554,397,0,0.3333333060683995,0.47426771797813155,161,0.0,0.22355779078514196,0.39441644826581757,372,129.729205141582,0.8640155082373354,272.5,226.39488298054732,0.789188047619716,167,coif,0.5556920286951962,0.9053407607371553,0.33941335169221604,4,126.25,7.406715590295428e-14,0.9999999999705127,7.231822871445902e-27,0.9547691508686499,0.7437082713700081,0.00016317284242138162,0.27861842105263174,0.001053109569748473,0.9999999997234212,2.0315811923854454e-05,4.745570603148508e-11,4.745570603148508e-11,3.9622027880881205e-11,,1.2251610931599486e-12,0.003126132840347795,0.0,,,,,0.0,,7.374542113937972e-14,1.0,1.0,0.0,0.0,1.0,0.40156916120476055,0.11457677215661527,1130,1.7566658247569014,0.812080530268341,186,667.5088014401009,0.6501526197903036,658.0,319.4224924012158,0.6526444440670596,621,0.4784248188775415,0.776734912893196,0.43208215291776214,2,466.25,,,,,,,,,,,,,4.973148845462519e-19,0.9999999999715822,7.231822871445902e-27,0.9671913432633715,0.22990686450427594,0.0012995847664108175,0.2107800027059939,0.9999999999999999,0.001053109569748473,0.9999999999999541,9.960751159770467e-05,3.843648489765261e-14,3.843648489765261e-14,3.2091408523615694e-14,,0.0,9.572760819061336e-19,0.004567040150618456,0.0,,,,,0.13043478260869565,,2.3332883504384434e-21,1.0,1.0,0.0,0.0,1.0,0.4544873153722995,0.14156097535167125,1072,1.8806512754951195,0.9128856278314038,81,700.7428201558686,0.6725500840393137,576.5,150.61925411968778,0.7015787803374138,419,986.6382352941176,846.0,585.0035688138154,340,0.4652856568234462,0.8173890317607586,0.42908333069536003,4,315.25
rbio2.2,1.0,reflect,1.8333433791085916e-27,324.6149605975511,4880537.27444074,0.5238095238095238,138.06855286577098,206,smoothed,2.3213362192550856e-14,-2.0562036517901606e-10,6.265063041087787,31670.001225056694,0.9523087228136539,0.00014966566451320274,1.0,362.4,,,,[],[],11,426.59999999999997,32.20000000000002,728.4,"[9, 31, 53, 64, 80, 102, 131, 148, 158, 175, 192]","[311.00000000000006, 417.79999999999995, 589.6000000000001, 432.2000000000001, 728.4, 371.0, 587.0, 32.20000000000002, 448.19999999999993, 368.0, 407.19999999999993]","[1, 1, 1, 60, 1, 94, 120, 144, 144, 165, 186]","[20, 40, 75, 75, 203, 120, 203, 149, 203, 186, 203]",30736475.84,728.4,-728.4,0.0,,,,DWT,mdp.39015067403892,3.725290298461914e-09,,0.0,33.0,11.0,0.0,33.0,,0.0,168.40000000000003,987.7999999999993,168.40000000000003,,0.0,168.40000000000003,,,28.00000000000003,0.0,33.0,0.0,0.0,,0.0,2.1595845435522496e-15,5.775734715177716e-28,0.9981206929131685,0.18856239272579406,0.02740700999662401,0.07375659091609926,0.026696396614035646,,0.9999996647345563,4.4059199552998455e-09,4.4059199552998455e-09,3.6787269888316428e-09,,0.0,0.9999999955940747,0.0,,,,,,7.946695712486874e-14,1.0,1.0,0.0,0.0,0.9999999009646139,0.37592186795657545,186,0.7470383121211647,0.37924734399211835,686,0,0.3333333060682731,0.4742677179779517,184,0.0,0.18779186902367484,0.3313156823270958,706,295.14007973615963,0.6906288472367299,440.5,292.28477998501194,0.6144444026540044,526,rbio,0.7685897546424816,0.816051598246696,0.21717169227625407,5,395.75,1.0982641376765918e-14,0.9999999999705138,5.005176961414068e-28,0.9839799855601568,0.7680497450651738,7.179574706796688e-05,0.06052631578947404,0.0002600205361449159,0.99999999972353,2.0315811923854454e-05,4.745387416349445e-11,4.745387416349445e-11,3.962169481397382e-11,,0.0,0.0031261328403482946,0.0,,,,,0.0,,3.687271056968986e-14,1.0,1.0,0.0,0.0,1.0,0.4015691612041286,0.11457677215643496,1224,1.698763296153032,0.7853130509505173,746,337.9970414071697,0.8228527036650054,985.0,927.0091370558375,0.6533026621050394,617,0.3888041033402703,1.0,0.4278371276618108,3,463.5,,,,,,,,,,,,,7.374160600220076e-20,0.9999999999715831,5.005176961414068e-28,0.9883797194886542,0.23743168587591376,0.0012782169567145064,0.04578928039894109,1.0,0.00026002053614491635,0.9999999999999541,9.960751159770467e-05,3.8434858594393884e-14,3.8434858594393884e-14,3.20911916831812e-14,,0.0,0.0,0.004567040150618464,0.0,,,,,0.13043478260869565,,1.1666441752192217e-21,1.0,1.0,0.0,0.0,1.0,0.4544873153722995,0.14156097535167125,1155,1.8308025034749975,0.8886885700699998,564,417.9001076812496,0.8047195758498833,859.5,757.9057591623036,0.7015420309155959,420,818.67,599.5,715.6978453131971,300,0.38607403914171184,1.0,0.42974817260080167,3,315.75
db2,1.0,reflect,3.184868898533165e-27,324.44087687048284,6011311.125776958,0.6201923076923077,289.9217559794341,206,raw,3.488040492900007e-14,-2.1430679453260674e-10,6.2928975307678385,62761.37556377228,0.7768479959312792,5.618943883690066e-06,0.9999999999999998,327.0,,,,[],[],13,661.1538461538462,87.00000000000003,940.0,"[8, 32, 51, 63, 81, 100, 111, 133, 152, 162, 175, 192, 204]","[878.0, 638.0, 787.0, 792.0000000000001, 940.0, 788.0, 637.0000000000001, 675.0000000000001, 771.0, 195.99999999999994, 833.9999999999999, 572.0, 87.00000000000003]","[0, 13, 39, 39, 76, 99, 107, 107, 107, 161, 99, 187, 203]","[76, 39, 61, 76, 205, 164, 119, 142, 164, 164, 205, 205, 205]",37754613.0,941.0,-941.0,0.0,,,,DWT,mdp.39015067403892,0.0,,0.0,33.0,19.0,0.0,28.5,,0.0,256.3413461538462,4359.0,256.34134615384613,,0.0,256.3413461538462,,,84.00000000000003,0.0,19.5,0.0,0.0,,0.0,2.572415228418092e-14,1.4569466464017077e-27,0.9833375771966488,0.7776651649421154,0.0003098745435819807,0.4728708791208792,0.0004065775949053,0.9999999997233993,0.4742280246116333,6.6959667625959335e-09,6.6959667625959335e-09,6.0819563246244724e-09,,0.0,0.9999999933040264,0.0,,,,,,0.0,1.0,0.0,0.0,0.0,0.7422684098776702,0.24267159368210886,924,1.5683010486365192,0.7532603047188691,466,0,0.20618566978246244,0.24635434482996746,925,0.0,0.40432375914019447,0.7343921239193433,476,261.8604908470666,0.7255131123196367,697.75,624.0156887437005,0.4970594911703005,887,db,0.540986235965534,0.9305070477545101,0.3421575204977732,3,666.0,2.5724152284180906e-14,0.0001547883299646835,1.456946646401707e-27,0.9833375771966488,0.7776651649421154,0.0013430337461835399,0.6038208502024294,0.0027713163211167983,0.9999999997233991,0.9919828214562021,0.9855281704452468,0.9855281704452468,0.9855281704451341,,0.0,0.9999999999667601,0.0,,,,,1.0,,0.0,1.0,0.25,0.0,0.0,0.0,2.209570199820929,0.6304403968407328,928,1.622189948659914,0.7499143292583944,1215,202.93964620053913,0.8936375019913317,1071.5,1052.2818478768083,0.6660273463835065,526,0.49117026184683504,0.8233619396015222,0.4091722348267588,4,395.5,,,,,,,,,,,,,1.7272168300912663e-19,0.03641360043841643,1.456946646401707e-27,0.987913742044325,0.24040415656086048,0.001575485889796279,0.4568016714715404,0.9999999999999998,0.0027713163211167983,0.9999999999999541,0.0008499884728391225,0.0007982210227401261,0.0007982210227401261,0.0007982210227337869,,0.0,0.0,0.020163910573049823,0.0,,,,,0.4782608695652174,,0.0,1.0,0.7906976744186046,0.0,0.0,0.9302325581395349,0.5674759776446953,0.17675400427451057,954,1.7084913417004928,0.8293175940883354,1223,190.21172413918129,0.911116016757392,1088.5,1071.8805695911806,0.7012355784721539,421,1009.0473684210526,935.5,610.6543869996938,760,0.4758535102197843,0.8532293215616218,0.41093374637766444,5,317.0
bior1.5,1.0,periodization,6.739497307955285e-27,318.96112370072893,5001718.452590921,0.5388349514563107,149.1876841401262,206,smoothed,5.538217547732499e-14,-2.1314086051660348e-10,6.228336418881504,33707.214851171564,0.9510872663568368,0.00014966566451320274,0.9999999999999999,362.4,,,,[],[],11,426.59999999999997,32.200000000000045,728.4,"[9, 31, 53, 64, 80, 102, 131, 148, 158, 175, 192]","[311.00000000000006, 417.80000000000007, 589.6, 432.1999999999998, 728.4, 371.00000000000006, 587.0, 32.200000000000045, 448.2, 368.00000000000006, 407.2]","[1, 1, 1, 60, 1, 94, 120, 144, 144, 165, 186]","[20, 40, 75, 75, 203, 120, 203, 149, 203, 186, 203]",30736475.840000007,728.4,-728.4,0.0,,,,DWT,mdp.39015067403892,1.1175870895385742e-08,,0.0,33.0,11.0,0.0,33.0,,0.0,168.40000000000003,987.7999999999993,168.40000000000003,,0.0,168.40000000000003,,,28.000000000000057,0.0,33.0,0.0,0.0,,0.0,7.282996136823106e-14,1.4935921857163683e-26,0.9766394321293287,0.13558776368090744,0.0794125031241085,0.17696600370076232,0.04359066996028391,,0.9999996647593375,4.4059199552998455e-09,4.4059199552998455e-09,3.6787269888316428e-09,,0.0,0.9999999955940747,0.0,,,,,,2.3840087137460624e-13,1.0,1.0,0.0,0.0,0.9999999009721279,0.37592186795940014,136,0.7817064621445455,0.3968472496517828,571,0,0.33333330607035144,0.4742677179809088,137,0.0,0.20174233894220917,0.35592808692092903,577,252.60294930978142,0.7352170342664766,355.25,220.54817594983788,0.681418789669926,364,bior,0.8100315533562081,0.7923003667562746,0.1952878026237719,6,274.5,5.1628495054372234e-14,0.9999999999705138,3.972437082450981e-27,0.9631160474448832,0.7553625394711618,0.00020802998900773658,0.14522227899846715,0.000424569260708016,0.9999999997234167,2.0315811924354055e-05,4.745387416349445e-11,4.745387416349445e-11,3.962169481397382e-11,,0.0,0.0031261328403482946,0.0,,,,,0.0,,1.1061813170906958e-13,1.0,1.0,0.0,0.0,1.0,0.40156916120416564,0.11457677215644552,1216,1.713913652381221,0.7923168357035136,603,433.4564568673536,0.7728215634867119,909.5,806.210005497526,0.6480722073198759,652,0.5943810304597339,0.7715092316736338,0.3524805091760961,5,490.25,,,,,,,,,,,,,3.466532330592399e-19,0.9999999999715831,3.972437082450981e-27,0.9732458496422043,0.23350961620191765,0.0013100742547018345,0.10986334731430125,0.9999999999999999,0.00042456926070801645,0.9999999999999541,9.960751159770499e-05,3.8434858594393884e-14,3.8434858594393884e-14,3.20911916831812e-14,,0.0,0.0,0.004567040150618464,0.0,,,,,0.13043478260869565,,3.499932525657665e-21,1.0,1.0,0.0,0.0,1.0,0.4544873153722995,0.14156097535167125,1116,1.8454725216350925,0.8958095333835469,321,562.1498910433053,0.7373131350264929,718.5,498.5887265135699,0.7007827357375456,422,1104.4,1082.5,563.6960149978129,300,0.520820561188399,0.7876173146100969,0.3991404127850916,6,318.0
rbio3.7,1.0,periodization,3.0446466625455665e-27,322.4120297511286,4838343.245682034,0.529126213592233,144.0859426518834,206,smoothed,3.456789877144968e-14,-2.048528902065531e-10,6.266713008179973,29668.978737053334,0.9531475831100912,0.00014966566451320274,1.0,362.40000000000003,,,,[],[],11,426.59999999999997,32.20000000000002,728.4,"[9, 31, 53, 64, 80, 102, 131, 148, 158, 175, 192]","[310.99999999999994, 417.79999999999995, 589.6, 432.2, 728.4, 371.0000000000001, 587.0, 32.20000000000002, 448.19999999999976, 368.0000000000002, 407.1999999999999]","[1, 1, 1, 60, 1, 94, 120, 144, 144, 165, 186]","[20, 40, 75, 75, 203, 120, 203, 149, 203, 186, 203]",30736475.839999996,728.4,-728.4,0.0,,,,DWT,mdp.39015067403892,0.0,,0.0,33.0,11.0,0.0,33.0,,0.0,168.40000000000003,987.7999999999993,168.4,,0.0,168.40000000000003,,,28.00000000000003,0.0,33.0,0.0,0.0,,5.684341886080802e-14,2.7103910950525372e-14,4.122573240482082e-27,0.9897508490594549,0.19094231196132586,0.009299236940379603,0.11027684467067218,0.010102250349272542,,0.9999996647345563,4.4059199552998455e-09,4.4059199552998455e-09,3.6786974161203912e-09,,6.125805465799743e-13,0.9999999955940747,0.0,,,,,,0.0,1.0,1.0,0.0,0.0,0.9999999009648717,0.3759218679566724,174,0.7421229218945117,0.37675195833666264,690,0,0.33333330606831507,0.4742677179780114,180,0.0,0.18719592756873318,0.33026428031061067,712,302.6747429172114,0.6827308774452711,439.0,282.55667976716586,0.6112815812802874,534,rbio,0.7685897546424816,0.816051598246696,0.21717169227625407,5,401.75,2.532929533248987e-14,0.9999999999705138,1.357716107250756e-27,0.975850672017734,0.7686197259254975,2.4360397700399702e-05,0.09049565661727149,9.839502274651456e-05,0.9999999997235416,2.0315811923854454e-05,4.745387416349445e-11,4.745387416349445e-11,3.962136174706643e-11,,6.125805465799743e-13,0.0031261328403482946,0.0,,,,,0.0,,0.0,1.0,1.0,0.0,0.0,1.0,0.4015691612044163,0.11457677215651706,1174,1.7060700669088251,0.7886908625902097,679,350.017856687341,0.816552486012924,926.5,860.3842417701027,0.6654827419582439,529,0.3888041033402703,1.0,0.4278371276618108,3,397.5,,,,,,,,,,,,,1.700704641665967e-19,0.9999999999715831,1.357716107250756e-27,0.9824830391777619,0.23760788737516977,0.0012671245761322171,0.06846164253822229,1.0,9.839502274651456e-05,0.9999999999999541,9.960751159770467e-05,3.8434858594393884e-14,3.8434858594393884e-14,3.209086642252945e-14,,0.0,4.786380409530668e-19,0.004567040150618464,0.0,,,,,0.13043478260869565,,0.0,1.0,1.0,0.0,0.0,1.0,0.4544873153722995,0.14156097535167125,1143,1.8363513444981525,0.8913820291323801,478,470.2260094890541,0.780268219864928,810.5,674.0950030845157,0.7007649510539593,423,818.67,599.5,715.6978453131971,300,0.38607403914171184,1.0,0.42974817260080167,3,318.0
db17,1.0,antireflect,9.832745264861692e-27,319.54504458734584,6446723.539903136,0.6176470588235294,294.6698074442313,206,raw,6.74929368057561e-14,-1.9979096155253995e-10,6.584517321805145,113803.02694612925,0.8806527631287683,5.618943883690066e-06,1.0,327.0000000000001,,,,[],[],13,661.153846153846,87.00000000000009,939.9999999999998,"[8, 32, 51, 63, 81, 100, 111, 133, 152, 162, 175, 192, 204]","[878.0, 637.9999999999999, 786.9999999999998, 791.9999999999998, 939.9999999999998, 788.0, 636.9999999999999, 674.9999999999998, 771.0, 196.0000000000001, 834.0000000000002, 571.9999999999999, 87.00000000000009]","[0, 13, 39, 39, 76, 99, 107, 107, 107, 161, 99, 187, 203]","[76, 39, 61, 76, 205, 164, 119, 142, 164, 164, 205, 205, 205]",37754613.0,940.9999999999998,-940.9999999999998,0.0,,,,DWT,mdp.39015067403892,0.0,,0.0,33.0,19.0,0.0,28.5,,2.2737367544323206e-13,256.34134615384596,4359.000000000002,256.3413461538461,,0.0,256.34134615384596,,,84.00000000000009,0.0,19.5,2.2737367544323206e-13,2.2737367544323206e-13,,1.1368683772161603e-13,6.693065210076887e-14,6.161424159497382e-27,0.9652708477097155,0.8784051737398799,0.0007998800750928642,0.4537815126050422,0.004539062661691555,0.999999999723618,0.47422802461169933,6.695790689632508e-09,6.695790689632508e-09,6.081912306383589e-09,,5.718550876340534e-12,0.9999999933041348,2.7225927463116073e-13,,,,,,0.0,1.0,0.0,2.847685247612971e-13,2.847685247612971e-13,0.7422684098807345,0.2426715936831107,739,1.6020932655294764,0.7694908209300552,344,0,0.20618566978299063,0.24635434483059857,744,0.0,0.4128495595643884,0.7498779333482796,367,223.06426577707748,0.7661800149087238,548.5,480.24751694108,0.5956162129050957,556,db,0.540986235965534,0.9305070477545101,0.3421575204977732,3,417.75,6.693065210076886e-14,0.0001547883299646835,6.161424159497382e-27,0.9652708477097155,0.87840517373988,0.001832532867046449,0.5894736842105266,0.006894025165637197,0.9999999997236179,0.9919828214562032,0.9855281704452442,0.9855281704452442,0.9855281704451335,,1.2251610931599486e-12,0.9999999999667607,1.5171946557926922e-13,,,,,1.0,,0.0,1.0,0.25,2.847685247612971e-13,2.847685247612971e-13,0.0,2.20957019982173,0.6304403968409614,740,1.657874882068215,0.7664109441730801,1070,233.3452377915607,0.8777016573419494,905.0,874.9171270718232,0.7016914995305135,327,0.49117026184683504,0.8233619396015222,0.4091722348267588,4,246.25,,,,,,,,,,,,,4.493977001859143e-19,0.03641360043841643,6.161424159497382e-27,0.9748088559439338,0.2715465015426663,0.001689951380526275,0.44594777432011923,1.0,0.0068940251656371965,0.9999999999999541,0.0008499884728391233,0.000798221022740124,0.000798221022740124,0.0007982210227337863,,0.0,9.572760819061336e-19,0.02016391057304983,1.4108257588933865e-18,,,,,0.4782608695652174,,0.0,1.0,0.7906976744186046,9.54194168962319e-19,9.54194168962319e-19,0.9302325581395349,0.5674759776446953,0.17675400427451057,720,1.713564339953766,0.8317800746426889,1185,328.8046532517446,0.8463529657702128,952.5,895.748031496063,0.7006297539131439,424,1009.0473684210526,935.5,610.6543869996938,760,0.4758535102197843,0.8532293215616218,0.41093374637766444,5,319.25
sym9,1.0,reflect,3.5715013079186866e-25,303.9432843335104,6307869.851279905,0.6486486486486487,300.9314776066444,206,raw,4.728170390270624e-13,-1.864206566892808e-10,6.415113334119497,61409.869808961725,0.7591071326530103,5.618943883690058e-06,0.9999999999999999,326.9999999999997,,,,[],[],13,661.1538461538463,87.00000000000009,940.0000000000002,"[8, 32, 51, 63, 81, 100, 111, 133, 152, 162, 175, 192, 204]","[877.9999999999991, 638.0000000000013, 787.0000000000013, 792.0, 940.0000000000002, 787.9999999999994, 637.0000000000002, 675.0, 770.9999999999993, 196.00000000000102, 834.0000000000007, 571.9999999999991, 87.00000000000009]","[0, 13, 42, 42, 76, 99, 107, 107, 107, 161, 164, 187, 203]","[76, 42, 61, 76, 205, 164, 119, 142, 164, 164, 205, 205, 205]",37754613.0,940.9999999999995,-940.9999999999995,0.0,,,,DWT,mdp.39015067403892,0.0,,0.0,33.0,19.0,0.0,28.5,,4.547473508864641e-13,256.3413461538463,4358.999999999998,256.34134615384625,,0.0,256.3413461538463,,,84.00000000000009,0.0,28.5,2.2737367544323206e-13,4.547473508864641e-13,,2.8421709430404007e-13,5.790646871692011e-13,2.5194620415253705e-25,0.9076968203074893,0.8198845940867474,0.0006436165573596378,0.6862934362934365,0.00029715563855847157,0.9999999997238195,0.47422802461169933,6.696054799077647e-09,6.696054799077647e-09,6.082044361106239e-09,,1.4296377190851335e-11,0.9999999933039181,2.7225927463116073e-13,,,,,,0.0,1.0,1.0,5.695370495225942e-13,5.695370495225942e-13,0.8422684098852271,0.2753648338188461,85,1.6295184341690465,0.782663222303101,246,0,0.28951900311712325,0.3459225095710839,86,0.0,0.42685195282599875,0.7753111340813148,207,82.94978400614836,0.9130505408740583,156.0,123.88284239774518,0.874764264147721,22,sym,0.8243425715244881,0.7368036147090654,0.2019191155201387,6,18.0,5.790646871692011e-13,0.00015478832996457248,2.519462041525371e-25,0.9076968203074893,0.8198845940867474,0.0016764308444478307,0.7642247510668565,0.002662153224354148,0.9999999997238194,0.9919828214562032,0.9855281704452481,0.9855281704452481,0.9855281704451354,,3.062902732899872e-12,0.9999999999667596,1.5171946557926922e-13,,,,,1.0,,0.0,1.0,0.75,5.695370495225942e-13,5.695370495225942e-13,0.0,2.259570199822765,0.6447065287091608,85,1.6621998027552665,0.7684102907963318,1037,673.1656556895932,0.6471878114834417,561.0,157.12121212121212,0.6765813271253687,477,0.7763846615972358,0.5622554397616224,0.28785410495344815,6,359.25,,,,,,,,,,,,,3.888059215095043e-18,0.036413600438416384,2.519462041525371e-25,0.9330469492306761,0.2534556943068668,0.0016534481594598165,0.5781501972815735,0.9999999999999999,0.002662153224354148,0.9999999999999541,0.0008499884728391233,0.0007982210227401272,0.0007982210227401272,0.0007982210227337879,,0.0,2.3931902047653343e-18,0.020163910573049813,1.4108257588933865e-18,,,,,0.4782608695652174,,0.0,1.0,0.9302325581395349,1.908388337924638e-18,1.908388337924638e-18,0.9302325581395349,0.5814294660167882,0.18110015290550946,70,1.7306317611054467,0.8400647596752254,1074,709.9352083112938,0.6682545755554702,572.0,131.43356643356643,0.700482427964651,425,1409.1368421052632,1454.5,398.32527672708756,380,0.6645304607900322,0.5565550872278735,0.3678621512786154,7,320.5
db37,1.0,antisymmetric,1.3689513036440308e-26,315.8835187456673,6650465.119572365,0.5251798561151079,107.50888153760411,206,smoothed,8.490726999589593e-14,-2.064850290750546e-10,6.667082946806207,136698.7300666562,0.9962238086590904,0.0001496656645132028,1.0,362.39999999999986,,,,[],[],11,426.6,32.2000000000001,728.3999999999996,"[9, 31, 53, 64, 80, 102, 131, 148, 158, 175, 192]","[311.00000000000006, 417.79999999999995, 589.6000000000003, 432.20000000000005, 728.3999999999996, 371.0000000000001, 586.9999999999998, 32.2000000000001, 448.20000000000056, 367.9999999999999, 407.2000000000001]","[1, 1, 1, 60, 1, 94, 120, 144, 144, 165, 186]","[20, 40, 75, 75, 203, 120, 203, 149, 203, 186, 203]",30736475.840000004,728.3999999999996,-728.3999999999996,0.0,,,,DWT,mdp.39015067403892,7.450580596923828e-09,,0.0,33.0,11.0,0.0,33.0,,3.410605131648481e-13,168.4000000000001,987.7999999999984,168.4000000000001,,0.0,168.4000000000001,,,28.000000000000114,0.0,33.0,3.410605131648481e-13,3.410605131648481e-13,,1.1368683772161603e-13,1.3769245837551904e-13,3.527583547637717e-26,0.9649463401926873,0.7684375376404385,0.786980169716716,0.08316938074836913,0.8976821545695547,,0.9999996648089,4.4059791007223055e-09,4.4059791007223055e-09,3.6787861342541454e-09,,1.2251610931599486e-12,0.9999999955939887,2.275791983689038e-13,,,,,,1.5893391424973748e-13,1.0,1.0,5.243104679449306e-13,5.243104679449306e-13,0.9999999009879033,0.37592186796533045,79,1.7490172719214003,0.8879198619534082,15,0,0.3333333060746911,0.4742677179870832,79,0.0,0.5001736546954149,0.882441697550584,15,36.95041722813605,0.961267906469459,47.0,25.21276595744681,0.956000829545002,8,db,0.573477938514061,0.8443824841957417,0.34525069778143475,3,6.75,8.893396420536946e-14,0.999999999970514,8.890728414691327e-27,0.9517589884250597,0.9069274553018193,0.0020615831212323727,0.06825066262779245,0.008743344597906532,0.9999999997235169,2.0315811925353255e-05,4.745454029730922e-11,4.745454029730922e-11,3.962224992548613e-11,,1.2251610931599486e-12,0.0031261328403480726,2.275791983689038e-13,,,,,0.0,,7.374542113937972e-14,1.0,1.0,4.2715278714194565e-13,4.2715278714194565e-13,1.0,0.40156916120504516,0.11457677215669647,1031,1.7563475150374288,0.8119333804108463,191,593.9696961966999,0.6886951277795074,611.0,322.29296235679215,0.6842322599065251,444,0.49117026184683504,0.8233619396015222,0.4091722348267588,4,334.0,,,,,,,,,,,,,5.971362556297331e-19,0.9999999999715835,8.890728414691327e-27,0.9650078913001674,0.28036376037230637,0.001743512967523619,0.051632892035715194,1.0,0.008743344597906532,0.9999999999999541,9.960751159770586e-05,3.8435400695480126e-14,3.8435400695480126e-14,3.209173378426744e-14,,0.0,9.572760819061336e-19,0.00456704015061846,2.11623863834008e-18,,,,,0.13043478260869565,,2.3332883504384434e-21,1.0,1.0,1.4312912534434783e-18,1.4312912534434783e-18,1.0,0.4544873153722995,0.14156097535167125,1119,1.8442088660949205,0.8951961432265393,332,556.4930367938128,0.7399565248627042,725.5,512.0716747070985,0.7004689166369595,426,1009.0473684210526,935.5,610.6543869996938,760,0.4758535102197843,0.8532293215616218,0.41093374637766444,5,320.75
db22,1.0,reflect,1.235683976088177e-26,318.5527183191883,6835521.079434238,0.6169354838709677,306.3396982033755,206,raw,7.526234220526885e-14,-2.0765977826187313e-10,6.636446909441856,57965.82067081146,0.7736115911931983,5.618943883690064e-06,0.9999999999999998,327.00000000000006,,,,[],[],13,661.1538461538462,87.00000000000009,940.0000000000003,"[8, 32, 51, 63, 81, 100, 111, 133, 152, 162, 175, 192, 204]","[878.0, 638.0, 787.0, 792.0, 940.0000000000003, 788.0000000000005, 637.0, 674.9999999999997, 770.9999999999998, 196.0, 834.0000000000002, 572.0, 87.00000000000009]","[0, 13, 39, 39, 76, 99, 107, 107, 107, 161, 99, 187, 203]","[76, 39, 61, 76, 205, 164, 119, 142, 164, 164, 205, 205, 205]",37754613.0,941.0000000000003,-941.0000000000003,0.0,,,,DWT,mdp.39015067403892,0.0,,0.0,33.0,19.0,0.0,28.5,,3.410605131648481e-13,256.3413461538462,4359.0,256.34134615384613,,0.0,256.3413461538462,,,84.00000000000009,0.0,19.5,3.410605131648481e-13,3.410605131648481e-13,,5.684341886080802e-14,7.674743061339336e-14,7.947640560512231e-27,0.9616089391285471,0.8963442412386196,0.0012374260403139035,0.4484447004608295,1.831509858323812e-05,0.9999999997234994,0.47422802461169933,6.6959667625959335e-09,6.6959667625959335e-09,6.0819563246244724e-09,,2.859275438170267e-12,0.9999999933040264,4.083889119467411e-13,,,,,,0.0,1.0,0.0,4.2715278714194565e-13,4.2715278714194565e-13,0.7422684098794945,0.2426715936827053,796,1.6051414032297828,0.7709548517900447,337,0,0.20618566978281141,0.24635434483038443,796,0.0,0.41345670271130863,0.7509807157970232,356,259.6348397268749,0.7278460799508649,571.25,482.5724608753215,0.5645257653423088,655,db,0.540986235965534,0.9305070477545101,0.3421575204977732,3,492.0,7.674743061339335e-14,0.0001547883299646835,7.947640560512231e-27,0.9616089391285471,0.8963442412386197,0.0022696266375033126,0.5854626485568761,0.0023839723376024528,0.9999999997234993,0.9919828214562032,0.9855281704452468,0.9855281704452468,0.9855281704451341,,6.125805465799743e-13,0.9999999999667601,2.275791983689038e-13,,,,,1.0,,0.0,1.0,0.25,4.2715278714194565e-13,4.2715278714194565e-13,0.0,2.2095701998215196,0.6304403968409014,797,1.6614573821613932,0.7680670807782066,1043,173.9482681718907,0.9088321445639986,920.0,903.5554347826087,0.7133259255314752,292,0.49117026184683504,0.8233619396015222,0.4091722348267588,4,220.0,,,,,,,,,,,,,5.153112621838746e-19,0.036413600438416426,7.947640560512231e-27,0.9721526532869469,0.2770921098403504,0.0017921622953123333,0.4429133514605821,0.9999999999999998,0.0023839723376024528,0.9999999999999541,0.0008499884728391233,0.0007982210227401261,0.0007982210227401261,0.0007982210227337869,,0.0,4.786380409530668e-19,0.020163910573049823,2.11623863834008e-18,,,,,0.4782608695652174,,0.0,1.0,0.7906976744186046,1.4312912534434783e-18,1.4312912534434783e-18,0.9302325581395349,0.5674759776446953,0.17675400427451057,773,1.7117767376907798,0.8309123558713132,1196,299.10616844190963,0.8602307624103226,984.5,939.0634840020314,0.70009201671918,427,1009.0473684210526,935.5,610.6543869996938,760,0.4758535102197843,0.8532293215616218,0.41093374637766444,5,321.5
coif12,1.0,antireflect,1.967711114972678e-26,316.5321790803484,7235777.969645169,0.6159420289855072,287.29418148260675,206,raw,9.913429300757311e-14,-2.0612189732816267e-10,6.773703349995161,147939.09071082686,0.9015497475277336,5.618943883690066e-06,1.0,327.00000000000006,,,,[],[],13,661.1538461538462,86.99999999999991,940.0000000000002,"[8, 32, 51, 63, 81, 100, 111, 133, 152, 162, 175, 192, 204]","[877.9999999999998, 638.0000000000001, 786.9999999999998, 792.0000000000002, 940.0000000000002, 787.9999999999999, 637.0, 675.0, 770.9999999999999, 196.00000000000017, 833.9999999999997, 572.0000000000002, 86.99999999999991]","[0, 13, 39, 39, 76, 99, 107, 107, 107, 161, 164, 187, 203]","[76, 39, 61, 76, 205, 164, 119, 142, 164, 164, 205, 205, 205]",37754613.0,941.0000000000002,-941.0000000000002,0.0,,,,DWT,mdp.39015067403892,0.0,,0.0,33.0,19.0,0.0,28.5,,2.2737367544323206e-13,256.3413461538462,4359.0,256.3413461538461,,0.0,256.3413461538462,,,83.99999999999991,0.0,24.0,2.2737367544323206e-13,2.2737367544323206e-13,,5.684341886080802e-14,1.0691005460327886e-13,1.3127949314899965e-26,0.9541526919095422,0.9437594560280742,0.0016878681587875035,0.44099378881987544,0.007302820689223504,0.9999999997235226,0.47422802461150126,6.6959667625959335e-09,6.6959667625959335e-09,6.081912306383589e-09,,2.859275438170267e-12,0.9999999933040264,2.7225927463116073e-13,,,,,,0.0,1.0,0.5,2.847685247612971e-13,2.847685247612971e-13,0.792268409879297,0.259018213749774,458,1.624533920932237,0.7802691437153843,271,0,0.2478523364494229,0.29613842720008365,458,0.0,0.4184870781661415,0.7601176216326891,287,103.5519193448388,0.8914550111689321,368.5,346.58532100272913,0.7525933336767092,237,coif,0.5507900112560971,0.8749445204262634,0.351963635992853,2,178.25,1.0691005460327886e-13,0.0001547883299646835,1.3127949314899965e-26,0.9541526919095422,0.9437594560280743,0.0027196032333033464,0.5798627002288328,0.009651244969236202,0.9999999997235225,0.9919828214562001,0.9855281704452468,0.9855281704452468,0.9855281704451335,,6.125805465799743e-13,0.9999999999667601,1.5171946557926922e-13,,,,,1.0,,0.0,1.0,0.5,2.847685247612971e-13,2.847685247612971e-13,0.0,2.234570199821424,0.6375734627748261,456,1.681583159244072,0.7773709287241447,915,324.5620125646253,0.8298941233938022,685.5,608.6652078774617,0.7353086969170268,248,0.4784248188775415,0.776734912893196,0.43208215291776214,2,186.5,,,,,,,,,,,,,7.178345221129575e-19,0.03641360043841643,1.3127949314899965e-26,0.9667441884836139,0.29174985102959256,0.0018973857567242062,0.43867688669533444,1.0,0.009651244969236202,0.9999999999999541,0.000849988472839121,0.0007982210227401261,0.0007982210227401261,0.0007982210227337863,,0.0,4.786380409530668e-19,0.020163910573049823,1.4108257588933865e-18,,,,,0.4782608695652174,,0.0,1.0,0.8604651162790697,9.54194168962319e-19,9.54194168962319e-19,0.9302325581395349,0.5744527218307418,0.17892707859001003,553,1.7171254642806615,0.833508677525798,1160,429.21381618023435,0.7994327961774605,856.5,748.9550496205488,0.6995995756588237,428,986.6382352941176,846.0,585.0035688138154,340,0.4652856568234462,0.8173890317607586,0.42908333069536003,4,322.0
db15,1.0,symmetric,9.801466547027491e-27,319.5588818487325,6417098.349199145,0.6196581196581197,304.2988146506641,206,raw,6.752742917156969e-14,-2.0344959050788982e-10,6.543968226591934,59908.58856116157,0.7742063296847984,5.618943883690066e-06,1.0,327.0,,,,[],[],13,661.1538461538462,86.99999999999997,939.9999999999998,"[8, 32, 51, 63, 81, 100, 111, 133, 152, 162, 175, 192, 204]","[878.0, 637.9999999999999, 787.0, 792.0000000000001, 939.9999999999998, 788.0, 637.0000000000001, 675.0, 770.9999999999999, 195.9999999999999, 834.0, 571.9999999999999, 86.99999999999997]","[0, 13, 39, 39, 76, 99, 107, 107, 107, 161, 99, 187, 203]","[76, 39, 61, 76, 205, 164, 119, 142, 164, 164, 205, 205, 205]",37754613.0,940.9999999999998,-940.9999999999998,0.0,,,,DWT,mdp.39015067403892,0.0,,0.0,33.0,19.0,0.0,28.5,,2.2737367544323206e-13,256.3413461538462,4359.0,256.34134615384613,,0.0,256.3413461538462,,,83.99999999999997,0.0,19.5,2.2737367544323206e-13,2.2737367544323206e-13,,0.0,6.697423380337764e-14,6.139289267603968e-27,0.9653219103368348,0.8643974954750063,0.0007665404025294319,0.468864468864469,0.00017560740942486504,0.9999999997235629,0.47422802461156727,6.6959667625959335e-09,6.6959667625959335e-09,6.0819563246244724e-09,,0.0,0.9999999933040264,2.7225927463116073e-13,,,,,,0.0,1.0,0.0,2.847685247612971e-13,2.847685247612971e-13,0.7422684098779003,0.2426715936821841,886,1.5993911945398716,0.7681930070831721,355,0,0.2061856697825271,0.2463543448300447,885,0.0,0.4124407527764868,0.7491353984898826,374,300.89976182553994,0.6845914446273167,625.0,516.1749968571502,0.5147275881417506,828,db,0.540986235965534,0.9305070477545101,0.3421575204977732,3,621.75,6.697423380337763e-14,0.0001547883299646835,6.139289267603968e-27,0.9653219103368348,0.8643974954750064,0.0017992276503495334,0.6008097165991905,0.0025408925419351277,0.9999999997235628,0.9919828214562011,0.9855281704452468,0.9855281704452468,0.9855281704451341,,0.0,0.9999999999667601,1.5171946557926922e-13,,,,,1.0,,0.0,1.0,0.25,2.847685247612971e-13,2.847685247612971e-13,0.0,2.209570199821118,0.6304403968407868,886,1.6536781878096636,0.7644708747239974,1098,149.90663761154806,0.9214325798681614,992.0,980.6733870967741,0.7007582186552548,334,0.49117026184683504,0.8233619396015222,0.4091722348267588,4,251.5,,,,,,,,,,,,,4.496903242125422e-19,0.03641360043841643,6.139289267603968e-27,0.9748458947401847,0.26721622646998316,0.001682163219504942,0.4545236930570446,1.0,0.0025408925419351277,0.9999999999999541,0.0008499884728391218,0.0007982210227401261,0.0007982210227401261,0.0007982210227337869,,0.0,0.0,0.020163910573049823,1.4108257588933865e-18,,,,,0.4782608695652174,,0.0,1.0,0.7906976744186046,9.54194168962319e-19,9.54194168962319e-19,0.9302325581395349,0.5674759776446953,0.17675400427451057,725,1.7131066460599533,0.8315579057679742,1190,328.8046532517446,0.8463529657702128,957.5,901.0443864229766,0.6994615296140784,429,1009.0473684210526,935.5,610.6543869996938,760,0.4758535102197843,0.8532293215616218,0.41093374637766444,5,323.0
db22,1.0,periodization,1.8426578662506158e-26,316.81734541365734,5917732.437340838,0.6262135922330098,305.4227868107609,206,raw,9.372310582382431e-14,-2.055240422294019e-10,6.379912136913919,63117.308605900645,0.7633887073293495,5.618943883690064e-06,0.9999999999999998,327.0,,,,[],[],13,661.1538461538463,87.00000000000006,940.0000000000002,"[8, 32, 51, 63, 81, 100, 111, 133, 152, 162, 175, 192, 204]","[878.0, 638.0000000000001, 787.0000000000001, 792.0000000000002, 940.0000000000002, 788.0000000000001, 637.0, 675.0000000000005, 770.9999999999999, 196.0000000000001, 833.9999999999998, 571.9999999999998, 87.00000000000006]","[0, 13, 39, 39, 76, 99, 107, 107, 107, 161, 99, 187, 203]","[76, 39, 61, 76, 205, 164, 119, 142, 164, 164, 205, 205, 205]",37754613.0,941.0000000000002,-941.0000000000002,0.0,,,,DWT,mdp.39015067403892,0.0,,0.0,33.0,19.0,0.0,28.5,,2.2737367544323206e-13,256.3413461538463,4358.999999999998,256.3413461538462,,0.0,256.3413461538463,,,84.00000000000006,0.0,19.5,2.2737367544323206e-13,2.2737367544323206e-13,,0.0,1.0007292571867394e-13,1.2242989721589399e-26,0.9552050202379491,0.8077243463080631,0.00020456272086499176,0.5180305131761447,0.00043539500072065546,0.9999999997235316,0.47422802461166635,6.696054799077647e-09,6.696054799077647e-09,6.082000342865356e-09,,0.0,0.9999999933039181,2.7225927463116073e-13,,,,,,0.0,1.0,0.0,2.847685247612971e-13,2.847685247612971e-13,0.742268409877942,0.2426715936821977,875,1.5844738298174221,0.761028146289255,417,0,0.20618566978254466,0.24635434483006569,872,0.0,0.4101999796459217,0.7450653776183006,398,269.1598038340792,0.7178618408447808,640.5,555.533142684693,0.5232390965230194,783,db,0.540986235965534,0.9305070477545101,0.3421575204977732,3,588.0,1.0007292571867392e-13,0.0001547883299646835,1.2242989721589399e-26,0.955205020237949,0.8077243463080632,0.001237830761071337,0.6377618804292289,0.002800065553578875,0.9999999997235315,0.9919828214562026,0.9855281704452481,0.9855281704452481,0.9855281704451347,,0.0,0.9999999999667596,1.5171946557926922e-13,,,,,1.0,,0.0,1.0,0.25,2.847685247612971e-13,2.847685247612971e-13,0.0,2.2095701998211195,0.6304403968407871,876,1.6338753154588919,0.7553163008415822,1181,215.667568261897,0.8869666833008926,1028.5,1005.8881866796305,0.6739602808538006,485,0.49117026184683504,0.8233619396015222,0.4091722348267588,4,364.75,,,,,,,,,,,,,6.719274541227915e-19,0.036413600438416426,1.2242989721589399e-26,0.9675075055462821,0.24969652616793747,0.0015508850053331965,0.4824786902990126,0.9999999999999998,0.002800065553578875,0.9999999999999541,0.0008499884728391229,0.0007982210227401272,0.0007982210227401272,0.0007982210227337874,,0.0,0.0,0.020163910573049813,1.4108257588933865e-18,,,,,0.4782608695652174,,0.0,1.0,0.7906976744186046,9.54194168962319e-19,9.54194168962319e-19,0.9302325581395349,0.5674759776446953,0.17675400427451057,776,1.7111637913869477,0.8306148260322135,1201,300.5203820042827,0.8595699149512698,988.5,942.818411734952,0.6988270135504013,430,1009.0473684210526,935.5,610.6543869996938,760,0.4758535102197843,0.8532293215616218,0.41093374637766444,5,323.75
bior2.8,1.0,symmetric,6.992279251629288e-27,318.8012110979392,5265849.651352605,0.5315315315315315,80.50224347422153,206,smoothed,5.59638635325613e-14,-2.1354380486116085e-10,6.254075564181432,35094.34296885015,0.9866737948962183,0.00014966566451320263,0.9999999999999999,362.40000000000003,,,,[],[],11,426.60000000000014,32.200000000000045,728.4000000000003,"[9, 31, 53, 64, 80, 102, 131, 148, 158, 175, 192]","[311.0, 417.8000000000001, 589.6, 432.20000000000005, 728.4000000000003, 371.0, 587.0000000000001, 32.200000000000045, 448.2000000000001, 368.0000000000001, 407.2000000000002]","[1, 1, 1, 60, 1, 94, 120, 144, 144, 165, 186]","[20, 40, 75, 75, 203, 120, 203, 149, 203, 186, 203]",30736475.84000001,728.4000000000003,-728.4000000000003,0.0,,,,DWT,mdp.39015067403892,1.4901161193847656e-08,,0.0,33.0,11.0,0.0,33.0,,3.410605131648481e-13,168.4000000000002,987.7999999999975,168.40000000000012,,0.0,168.4000000000002,,,28.000000000000057,0.0,33.0,3.410605131648481e-13,3.410605131648481e-13,,5.684341886080802e-14,7.410784854715978e-14,1.5675713405800493e-26,0.9760318581250131,0.1727140114076269,0.19276569420244188,0.12679893361956857,0.05509389244315154,,0.9999996647593375,4.406097391567225e-09,4.406097391567225e-09,3.678815706965397e-09,,6.125805465799743e-13,0.9999999955939026,2.275791983689038e-13,,,,,,3.1786782849947497e-13,1.0,1.0,5.243104679449306e-13,5.243104679449306e-13,0.9999999009728445,0.37592186795966953,108,0.8411160981051524,0.4270076126211514,364,0,0.33333330607053807,0.47426771798117434,110,0.0,0.21762919854255375,0.38395680699218704,423,166.0148085764239,0.8259802845110861,251.25,170.49217512683543,0.7813077523184362,184,bior,0.8100315533562081,0.7923003667562746,0.1952878026237719,6,139.5,5.2363468003788966e-14,0.9999999999705129,4.1513223240229056e-27,0.9625259337381484,0.7642541229769944,0.0005049714297927553,0.10405405405405432,0.0005366096278269605,0.9999999997234106,2.0315811924354055e-05,4.745570603148508e-11,4.745570603148508e-11,3.962258299239352e-11,,6.125805465799743e-13,0.003126132840347795,2.275791983689038e-13,,,,,0.0,,1.4749084227875944e-13,1.0,1.0,4.2715278714194565e-13,4.2715278714194565e-13,1.0,0.4015691612047761,0.1145767721566197,1122,1.7017313727995689,0.7866851487183613,718,285.6711395993652,0.8502771805034773,920.0,875.6478260869565,0.6840484435012146,445,0.5943810304597339,0.7715092316736338,0.3524805091760961,5,335.0,,,,,,,,,,,,,3.515881192855006e-19,0.9999999999715824,4.1513223240229056e-27,0.9728178046593737,0.2362583231384939,0.0013795116577304876,0.07871882164941313,0.9999999999999999,0.0005366096278269605,0.9999999999999541,9.960751159770499e-05,3.843648489765261e-14,3.843648489765261e-14,3.209195062470194e-14,,0.0,4.786380409530668e-19,0.004567040150618456,2.11623863834008e-18,,,,,0.13043478260869565,,4.666576700876887e-21,1.0,1.0,1.4312912534434783e-18,1.4312912534434783e-18,1.0,0.4544873153722995,0.14156097535167125,1152,1.834211772696089,0.8903434610718007,490,468.10468914549443,0.7812594910535073,821.0,687.551766138855,0.6988073156202116,431,1104.4,1082.5,563.6960149978129,300,0.520820561188399,0.7876173146100969,0.3991404127850916,6,324.75
db20,1.0,antireflect,9.224449259655151e-27,319.8223880054729,6638643.541259527,0.6188524590163934,287.4331828078481,206,raw,6.404370022439641e-14,-2.0920964960425005e-10,6.595369144126608,123498.17912683901,0.8925327229800657,5.618943883690064e-06,1.0,327.0,,,,[],[],13,661.1538461538462,87.00000000000003,940.0,"[8, 32, 51, 63, 81, 100, 111, 133, 152, 162, 175, 192, 204]","[878.0000000000002, 638.0, 787.0, 792.0000000000002, 940.0, 787.9999999999999, 637.0, 675.0, 771.0, 196.0000000000001, 834.0000000000001, 571.9999999999999, 87.00000000000003]","[0, 13, 42, 42, 76, 99, 107, 107, 107, 161, 99, 187, 203]","[76, 42, 61, 76, 205, 164, 119, 142, 164, 164, 205, 205, 205]",37754613.0,941.0,-941.0,0.0,,,,DWT,mdp.39015067403892,0.0,,0.0,33.0,19.0,0.0,28.5,,0.0,256.3413461538462,4359.0,256.3413461538462,,0.0,256.3413461538462,,,84.00000000000003,0.0,24.0,0.0,0.0,,0.0,6.257248183989232e-14,5.730953627239189e-27,0.9662943077100797,0.8821539339740443,0.0010158634949981944,0.46282201405152196,0.005324011238430828,0.9999999997234761,0.4742280246116333,6.6959667625959335e-09,6.6959667625959335e-09,6.082000342865356e-09,,0.0,0.9999999933040264,0.0,,,,,,0.0,1.0,0.5,0.0,0.0,0.7922684098776834,0.2590182137492465,544,1.6086198933659595,0.7726255823823732,331,0,0.2478523364491328,0.29613842719973704,543,0.0,0.4147012662740768,0.7532412747118827,338,120.7007318398139,0.8734793167297548,439.0,414.0965146127838,0.7066558009225293,323,db,0.540986235965534,0.9305070477545101,0.3421575204977732,3,243.0,6.257248183989231e-14,0.0001547883299646835,5.730953627239189e-27,0.9662943077100797,0.8821539339740444,0.0020482930725254263,0.5962683347713544,0.007677116789083367,0.999999999723476,0.9919828214562021,0.9855281704452468,0.9855281704452468,0.9855281704451347,,0.0,0.9999999999667601,0.0,,,,,1.0,,0.0,1.0,0.5,0.0,0.0,0.0,2.234570199820929,0.6375734627746849,561,1.6635023151619064,0.7690124229440393,1029,330.92597359530424,0.8265587140485827,795.0,726.1245283018868,0.7049460236909579,319,0.49117026184683504,0.8233619396015222,0.4091722348267588,4,240.25,,,,,,,,,,,,,4.2013529752311295e-19,0.036413600438416426,5.730953627239189e-27,0.9755512330710603,0.27270537760253233,0.001740405194940934,0.4510880534810835,1.0,0.007677116789083366,0.9999999999999541,0.0008499884728391225,0.0007982210227401261,0.0007982210227401261,0.0007982210227337874,,0.0,0.0,0.020163910573049823,0.0,,,,,0.4782608695652174,,0.0,1.0,0.8604651162790697,0.0,0.0,0.9302325581395349,0.5744527218307418,0.17892707859001003,540,1.7169837794809462,0.833439902405696,1161,439.11331111684603,0.7948068639640906,850.5,737.1428571428571,0.6986884787110172,432,1009.0473684210526,935.5,610.6543869996938,760,0.4758535102197843,0.8532293215616218,0.41093374637766444,5,325.25
coif6,1.0,antisymmetric,1.0947551241970041e-26,316.85422887583906,5484510.68980364,0.525,90.73775757391891,206,smoothed,7.220976783076551e-14,-2.120839504016208e-10,6.434049685166287,85696.94246109194,0.99359591614292,0.00014966566451320265,0.9999999999999999,362.4000000000001,,,,[],[],11,426.6,32.20000000000002,728.4,"[9, 31, 53, 64, 80, 102, 131, 148, 158, 175, 192]","[310.9999999999999, 417.79999999999995, 589.6000000000001, 432.20000000000005, 728.4, 371.0000000000001, 587.0000000000001, 32.20000000000002, 448.2000000000001, 368.0000000000001, 407.2]","[1, 1, 1, 60, 1, 94, 120, 144, 144, 165, 186]","[20, 40, 75, 75, 203, 120, 203, 149, 203, 186, 203]",30736475.840000007,728.4,-728.4,0.0,,,,DWT,mdp.39015067403892,1.1175870895385742e-08,,0.0,33.0,11.0,0.0,33.0,,0.0,168.4000000000001,987.7999999999984,168.40000000000003,,0.0,168.4000000000001,,,28.00000000000003,0.0,33.0,0.0,0.0,,1.1368683772161603e-13,1.097978246879698e-13,2.725121104018673e-26,0.968634468773732,0.432309414526983,0.28660514440419743,0.0819339520828841,0.4747328232326576,,0.9999996647345563,4.4059791007223055e-09,4.4059791007223055e-09,3.6787269888316428e-09,,1.2251610931599486e-12,0.9999999955939887,0.0,,,,,,2.3840087137460624e-13,1.0,1.0,0.0,0.0,0.9999999009652984,0.3759218679568328,158,1.163304670856079,0.5905723970476053,141,0,0.3333333060683911,0.4742677179781196,163,0.0,0.32060225757436633,0.5656291525085536,129,15.649813630413195,0.9835955831966319,147.75,146.47604373554643,0.9143606846800769,33,coif,0.5556920286951962,0.9053407607371553,0.33941335169221604,4,25.75,7.28904499325176e-14,0.9999999999705131,6.9503346869757e-27,0.9553411285634065,0.826426153437934,0.0007507944302773833,0.06723684210526354,0.0046238556089493515,0.9999999997234326,2.0315811923854454e-05,4.745454029730922e-11,4.745454029730922e-11,3.962169481397382e-11,,1.2251610931599486e-12,0.0031261328403480726,0.0,,,,,0.0,,1.1061813170906958e-13,1.0,1.0,0.0,0.0,1.0,0.40156916120477837,0.11457677215662035,1107,1.7155374300383837,0.7930674840068407,589,366.2813126546316,0.8080286621306962,848.0,768.8950471698114,0.6817921088431259,452,0.4784248188775415,0.776734912893196,0.43208215291776214,2,339.5,,,,,,,,,,,,,4.894140358272953e-19,0.9999999999715825,6.9503346869757e-27,0.9676062331053417,0.25547792460508506,0.0014369954185462165,0.050865918008388855,0.9999999999999999,0.0046238556089493515,0.9999999999999541,9.960751159770467e-05,3.8435400695480126e-14,3.8435400695480126e-14,3.20911916831812e-14,,0.0,9.572760819061336e-19,0.00456704015061846,0.0,,,,,0.13043478260869565,,3.499932525657665e-21,1.0,1.0,0.0,0.0,1.0,0.4544873153722995,0.14156097535167125,1166,1.8312171093134122,0.8888898236017073,561,427.79960261786124,0.8000936436365135,863.5,757.5286624203821,0.6982944853696587,433,986.6382352941176,846.0,585.0035688138154,340,0.4652856568234462,0.8173890317607586,0.42908333069536003,4,325.75
db21,1.0,antireflect,1.2007841629171718e-26,318.6771429546993,6642155.8252419885,0.6260162601626016,302.7986880518118,206,raw,7.340783859957216e-14,-2.0442680881416498e-10,6.606169373070177,124133.74710175057,0.894561110179362,5.618943883690066e-06,1.0,327.00000000000006,,,,[],[],13,661.1538461538462,87.00000000000006,939.9999999999999,"[8, 32, 51, 63, 81, 100, 111, 133, 152, 162, 175, 192, 204]","[877.9999999999998, 637.9999999999998, 786.9999999999999, 792.0000000000003, 939.9999999999999, 787.9999999999999, 637.0, 674.9999999999999, 770.9999999999997, 196.00000000000006, 833.9999999999998, 572.0, 87.00000000000006]","[0, 13, 42, 42, 76, 99, 107, 107, 107, 161, 164, 187, 203]","[76, 42, 61, 76, 205, 164, 119, 142, 164, 164, 205, 205, 205]",37754613.0,940.9999999999999,-940.9999999999999,0.0,,,,DWT,mdp.39015067403892,0.0,,0.0,33.0,19.0,0.0,28.5,,1.1368683772161603e-13,256.3413461538462,4359.0,256.3413461538461,,0.0,256.3413461538462,,,84.00000000000006,0.0,28.5,1.1368683772161603e-13,1.1368683772161603e-13,,5.684341886080802e-14,7.440423313406894e-14,7.700666373227653e-27,0.9620680942019411,0.88588487128431,0.001019816158091407,0.5165505226480833,0.005375468726464954,0.9999999997235481,0.47422802461166635,6.6959667625959335e-09,6.6959667625959335e-09,6.081912306383589e-09,,2.859275438170267e-12,0.9999999933040264,1.3612963731558036e-13,,,,,,0.0,1.0,1.0,1.4238426238064856e-13,1.4238426238064856e-13,0.8422684098792214,0.2753648338168826,166,1.6294635966816262,0.7826368836721856,247,0,0.2895190031160682,0.3459225095698233,166,0.0,0.4213623465928142,0.7653401059388123,260,50.79616127228513,0.9467545479326152,209.75,200.57233704292526,0.8634454081382154,31,db,0.540986235965534,0.9305070477545101,0.3421575204977732,3,24.0,7.440423313406892e-14,0.0001547883299646835,7.700666373227653e-27,0.9620680942019411,0.8858848712843101,0.002052241650622553,0.6366495507060332,0.00772845254410887,0.999999999723548,0.9919828214562026,0.9855281704452468,0.9855281704452468,0.9855281704451335,,6.125805465799743e-13,0.9999999999667601,7.585973278963461e-14,,,,,1.0,,0.0,1.0,0.75,1.4238426238064856e-13,1.4238426238064856e-13,0.0,2.2595701998213302,0.6447065287087514,168,1.6790070506771189,0.7761800319800986,931,539.5224740453358,0.7172314077330525,549.5,284.6369426751592,0.7146167520845557,287,0.49117026184683504,0.8233619396015222,0.4091722348267588,4,216.25,,,,,,,,,,,,,4.995781485022028e-19,0.03641360043841643,7.700666373227653e-27,0.9724857060923036,0.27385874395824744,0.0017413285386412793,0.4816371922344578,1.0,0.007728452544108869,0.9999999999999541,0.0008499884728391229,0.0007982210227401261,0.0007982210227401261,0.0007982210227337863,,0.0,4.786380409530668e-19,0.020163910573049823,7.054128794466933e-19,,,,,0.4782608695652174,,0.0,1.0,0.9302325581395349,4.770970844811595e-19,4.770970844811595e-19,0.9302325581395349,0.5814294660167882,0.18110015290550946,117,1.7279617979467599,0.8387687347150622,1090,688.0148980945107,0.6784977111707894,603.5,211.3173156586578,0.6982441826881984,434,1009.0473684210526,935.5,610.6543869996938,760,0.4758535102197843,0.8532293215616218,0.41093374637766444,5,326.75
db27,1.0,antisymmetric,1.3125760866425666e-26,318.2905475911842,6994029.322411582,0.624031007751938,295.5882839364622,206,raw,8.016456969652635e-14,-2.060587256380615e-10,6.69942990014054,140859.71825620782,0.9109707408814485,5.618943883690066e-06,0.9999999999999999,326.9999999999998,,,,[],[],13,661.1538461538462,86.99999999999994,939.9999999999999,"[8, 32, 51, 63, 81, 100, 111, 133, 152, 162, 175, 192, 204]","[878.0, 638.0000000000002, 786.9999999999999, 792.0, 939.9999999999999, 788.0, 637.0000000000001, 675.0, 771.0000000000001, 196.00000000000017, 833.9999999999999, 572.0000000000002, 86.99999999999994]","[0, 13, 42, 42, 76, 99, 107, 107, 107, 161, 164, 187, 203]","[76, 39, 61, 76, 205, 164, 119, 142, 164, 164, 205, 205, 205]",37754613.0,940.9999999999999,-940.9999999999999,0.0,,,,DWT,mdp.39015067403892,0.0,,0.0,33.0,19.0,0.0,28.5,,1.1368683772161603e-13,256.3413461538462,4359.0,256.3413461538462,,0.0,256.3413461538462,,,83.99999999999994,0.0,28.5,1.1368683772161603e-13,1.1368683772161603e-13,,2.2737367544323206e-13,8.294148009666421e-14,8.491780049732864e-27,0.9606414697896654,0.9181017050051417,0.0014158084504820743,0.5016611295681063,0.006729653478551249,0.9999999997235235,0.47422802461153424,6.6959667625959335e-09,6.6959667625959335e-09,6.082000342865356e-09,,1.1437101752681067e-11,0.9999999933040264,1.3612963731558036e-13,,,,,,0.0,1.0,1.0,1.4238426238064856e-13,1.4238426238064856e-13,0.842268409883497,0.2753648338182804,100,1.6394999517097084,0.7874573789803362,223,0,0.2895190031167794,0.34592250957067305,100,0.0,0.4235687207519441,0.7693476463522916,232,73.70379908797103,0.9227423489643909,163.75,138.9146953789974,0.8755483233291557,21,db,0.540986235965534,0.9305070477545101,0.3421575204977732,3,16.5,8.29414800966642e-14,0.0001547883299646835,8.491780049732864e-27,0.9606414697896654,0.9181017050051417,0.0024478246931160528,0.6254589963280295,0.009079433700559254,0.9999999997235234,0.9919828214562006,0.9855281704452468,0.9855281704452468,0.9855281704451347,,2.4503221863198973e-12,0.9999999999667601,7.585973278963461e-14,,,,,1.0,,0.0,1.0,0.75,1.4238426238064856e-13,1.4238426238064856e-13,0.0,2.259570199822249,0.6447065287090136,100,1.6905214551227874,0.7815029702055614,852,531.7442994522837,0.7213080191549875,476.0,178.99159663865547,0.7359160640848312,246,0.49117026184683504,0.8233619396015222,0.4091722348267588,4,185.5,,,,,,,,,,,,,5.569004519683813e-19,0.03641360043841643,8.491780049732864e-27,0.9714508895559497,0.28381812119008537,0.0018338324986150191,0.4731713303105915,0.9999999999999999,0.009079433700559254,0.9999999999999541,0.0008499884728391214,0.0007982210227401261,0.0007982210227401261,0.0007982210227337874,,0.0,1.9145521638122673e-18,0.020163910573049823,7.054128794466933e-19,,,,,0.4782608695652174,,0.0,1.0,0.9302325581395349,4.770970844811595e-19,4.770970844811595e-19,0.9302325581395349,0.5814294660167882,0.18110015290550946,46,1.729520896313887,0.8395255355692509,1079,730.4413049657036,0.6586722873992039,562.5,88.23822222222223,0.6979109100547422,435,1009.0473684210526,935.5,610.6543869996938,760,0.4758535102197843,0.8532293215616218,0.41093374637766444,5,327.5
db7,1.0,periodic,5.050578551287038e-27,322.43838116807194,6174389.153789698,0.6284403669724771,309.48611053866364,206,raw,4.5374707227786974e-14,-2.0325008343036473e-10,6.445356607069286,63526.51589617403,0.7456985086040908,5.618943883690066e-06,1.0,327.0,,,,[],[],13,661.1538461538462,86.99999999999994,939.9999999999999,"[8, 32, 51, 63, 81, 100, 111, 133, 152, 162, 175, 192, 204]","[878.0, 638.0, 786.9999999999998, 791.9999999999999, 939.9999999999999, 788.0, 637.0, 675.0, 771.0, 196.0, 834.0, 571.9999999999999, 86.99999999999994]","[0, 13, 42, 42, 76, 99, 107, 107, 107, 161, 164, 187, 203]","[76, 39, 61, 76, 205, 164, 119, 142, 164, 164, 205, 205, 205]",37754613.0,940.9999999999999,-940.9999999999999,0.0,,,,DWT,mdp.39015067403892,0.0,,0.0,33.0,19.0,0.0,28.5,,1.1368683772161603e-13,256.3413461538462,4359.0,256.3413461538461,,0.0,256.3413461538462,,,83.99999999999994,0.0,28.5,1.1368683772161603e-13,1.1368683772161603e-13,,0.0,3.8983885302897877e-14,2.7772463366610765e-27,0.9759479147119237,0.8303321277476062,0.0004933997100715441,0.5347313237221495,0.0004685256493277528,0.9999999997235659,0.47422802461153424,6.6959667625959335e-09,6.6959667625959335e-09,6.081912306383589e-09,,0.0,0.9999999933040264,1.3612963731558036e-13,,,,,,0.0,1.0,1.0,1.4238426238064856e-13,1.4238426238064856e-13,0.8422684098777521,0.2753648338164022,212,1.6150614521940219,0.7757194849018604,304,0,0.28951900311581896,0.34592250956952547,211,0.0,0.4177466614080855,0.7587727681007311,306,53.98996820397903,0.9434067419245503,258.25,249.78510417063103,0.836352217922443,59,db,0.540986235965534,0.9305070477545101,0.3421575204977732,3,45.0,3.8983885302897864e-14,0.0001547883299646835,2.7772463366610765e-27,0.9759479147119237,0.8303321277476063,0.0015263692431846895,0.6503138580395945,0.0028331178249917754,0.9999999997235658,0.9919828214562006,0.9855281704452468,0.9855281704452468,0.9855281704451335,,0.0,0.9999999999667601,7.585973278963461e-14,,,,,1.0,,0.0,1.0,0.75,1.4238426238064856e-13,1.4238426238064856e-13,0.0,2.2595701998210234,0.6447065287086639,213,1.6628032240568116,0.7686892435052808,1032,579.1204537917824,0.6964777495850196,622.5,353.1180722891566,0.6851099439748998,436,0.49117026184683504,0.8233619396015222,0.4091722348267588,4,328.0,,,,,,,,,,,,,2.6175254311069997e-19,0.03641360043841643,2.7772463366610765e-27,0.9825535751556417,0.2566854011667169,0.0016183574430596844,0.49197449414673694,1.0,0.0028331178249917754,0.9999999999999541,0.0008499884728391214,0.0007982210227401261,0.0007982210227401261,0.0007982210227337863,,0.0,0.0,0.020163910573049823,7.054128794466933e-19,,,,,0.4782608695652174,,0.0,1.0,0.9302325581395349,4.770970844811595e-19,4.770970844811595e-19,0.9302325581395349,0.5814294660167882,0.18110015290550946,109,1.7275311493184713,0.8385596938638781,1092,695.0859659063763,0.6751934738755251,600.5,198.21482098251457,0.6972929986200056,436,1009.0473684210526,935.5,610.6543869996938,760,0.4758535102197843,0.8532293215616218,0.41093374637766444,5,328.25
bior2.4,1.0,antireflect,3.356482156436654e-27,324.2129490410214,6281875.075182771,0.6214953271028038,262.61330670368744,206,raw,3.532851812708303e-14,-2.1355328616579346e-10,6.251006001890797,77330.85362897372,0.8518509118990482,5.618943883690066e-06,0.9999999999999998,327.0,,,,[],[],13,661.1538461538462,87.00000000000003,940.0000000000001,"[8, 32, 51, 63, 81, 100, 111, 133, 152, 162, 175, 192, 204]","[878.0, 638.0, 787.0, 792.0, 940.0000000000001, 788.0, 637.0000000000001, 675.0, 771.0, 196.0, 834.0000000000002, 572.0000000000001, 87.00000000000003]","[0, 13, 39, 39, 76, 99, 107, 107, 107, 161, 99, 187, 203]","[76, 39, 61, 76, 205, 164, 119, 142, 164, 164, 205, 205, 205]",37754613.0,941.0000000000001,-941.0000000000001,0.0,,,,DWT,mdp.39015067403892,0.0,,0.0,33.0,19.0,0.0,28.5,,1.1368683772161603e-13,256.3413461538462,4359.0,256.34134615384613,,0.0,256.3413461538462,,,84.00000000000003,0.0,19.5,1.1368683772161603e-13,1.1368683772161603e-13,,0.0,2.6290351084212657e-14,1.578391551250613e-27,0.9824964719056021,0.7631937431891072,0.0006143624900323539,0.48264352469959954,0.0015861662035161566,0.9999999997234106,0.4742280246116333,6.6959667625959335e-09,6.6959667625959335e-09,6.0819563246244724e-09,,0.0,0.9999999933040264,1.3612963731558036e-13,,,,,,0.0,1.0,0.0,1.4238426238064856e-13,1.4238426238064856e-13,0.7422684098777951,0.2426715936821497,905,1.5650938122335494,0.7517198582132018,471,0,0.20618566978249747,0.24635434483000931,903,0.0,0.4038167835264118,0.7334712804384336,483,246.5785878781854,0.7415318785343968,690.5,624.4216574379413,0.5088686646340748,850,bior,0.672619891330026,0.76736776154697,0.2989557476048908,5,638.75,2.629035108421265e-14,0.0001547883299646835,1.5783915512506122e-27,0.9824964719056021,0.7631937431891073,0.0016472070105980044,0.6111657648794886,0.003948114376287368,0.9999999997234105,0.9919828214562021,0.9855281704452468,0.9855281704452468,0.9855281704451341,,0.0,0.9999999999667601,7.585973278963461e-14,,,,,1.0,,0.0,1.0,0.25,1.4238426238064856e-13,1.4238426238064856e-13,0.0,2.209570199821024,0.6304403968407599,898,1.6180103463338857,0.7479821611559601,1227,232.63813101037414,0.8780722583803071,1062.5,1037.0315294117647,0.660603215144032,557,0.5943810304597339,0.7715092316736338,0.3524805091760961,5,419.0,,,,,,,,,,,,,1.7652335579425348e-19,0.03641360043841643,1.5783915512506122e-27,0.9873036377614455,0.23593052176582968,0.001646614397477292,0.4623582356414787,0.9999999999999998,0.003948114376287368,0.9999999999999541,0.0008499884728391225,0.0007982210227401261,0.0007982210227401261,0.0007982210227337869,,0.0,0.0,0.020163910573049823,7.054128794466933e-19,,,,,0.4782608695652174,,0.0,1.0,0.7906976744186046,4.770970844811595e-19,4.770970844811595e-19,0.9302325581395349,0.5674759776446953,0.17675400427451057,866,1.7086173708771337,0.8293787698233279,1222,251.7300141024109,0.882369152288593,1044.0,1013.6513409961686,0.6972593424994367,437,1104.4,1082.5,563.6960149978129,300,0.520820561188399,0.7876173146100969,0.3991404127850916,6,329.25
coif14,1.0,periodic,3.056983057531229e-26,314.6188621507677,7702411.847859121,0.6111111111111112,298.05953495557793,206,raw,1.2790631552827142e-13,-2.1727863952492305e-10,6.858293233547487,60825.34866092635,0.7374424526600192,5.618943883690062e-06,0.9999999999999999,327.0000000000001,,,,[],[],13,661.1538461538462,87.0,939.9999999999999,"[8, 32, 51, 63, 81, 100, 111, 133, 152, 162, 175, 192, 204]","[877.9999999999995, 638.0000000000002, 787.0000000000003, 792.0000000000003, 939.9999999999999, 788.0000000000001, 637.0, 675.0000000000001, 771.0000000000001, 195.9999999999999, 834.0000000000008, 571.9999999999995, 87.0]","[0, 13, 39, 39, 76, 99, 107, 107, 107, 161, 99, 187, 203]","[76, 39, 61, 76, 205, 164, 119, 142, 164, 164, 205, 205, 205]",37754613.0,940.9999999999999,-940.9999999999999,0.0,,,,DWT,mdp.39015067403892,0.0,,0.0,33.0,19.0,0.0,28.5,,1.1368683772161603e-13,256.3413461538462,4359.0,256.3413461538462,,0.0,256.3413461538462,,,84.0,0.0,19.5,1.1368683772161603e-13,1.1368683772161603e-13,,1.1368683772161603e-13,1.4326400422002206e-13,2.0836358853573243e-26,0.9470921192856461,0.9729810173732472,0.002213009781067825,0.4047619047619051,0.0002498310546146241,0.9999999997233544,0.4742280246116003,6.6959667625959335e-09,6.6959667625959335e-09,6.082000342865356e-09,,5.718550876340534e-12,0.9999999933040264,1.3612963731558036e-13,,,,,,0.0,1.0,0.0,1.4238426238064856e-13,1.4238426238064856e-13,0.7422684098806576,0.24267159368308552,760,1.6178569793645377,0.7770621860689247,295,0,0.20618566978297492,0.24635434483057977,762,0.0,0.4159122352474973,0.7554408142053866,329,259.60290188414046,0.7278795577734376,536.5,441.62444575707343,0.5827552925135532,586,coif,0.5507900112560971,0.8749445204262634,0.351963635992853,2,440.0,1.4326400422002204e-13,0.0001547883299646835,2.083635885357324e-26,0.9470921192856461,0.9729810173732474,0.0032442021325078747,0.5526315789473688,0.0026149405962053725,0.9999999997233543,0.9919828214562016,0.9855281704452468,0.9855281704452468,0.9855281704451347,,1.2251610931599486e-12,0.9999999999667601,7.585973278963461e-14,,,,,1.0,,0.0,1.0,0.25,1.4238426238064856e-13,1.4238426238064856e-13,0.0,2.209570199821637,0.6304403968409348,763,1.6785129255300695,0.7759516052606966,933,120.20815280171308,0.936997823479186,848.0,839.4799528301887,0.7462766895173708,222,0.4784248188775415,0.776734912893196,0.43208215291776214,2,167.0,,,,,,,,,,,,,9.619286828248821e-19,0.03641360043841641,2.083635885357324e-26,0.9616227302746658,0.3007832822867335,0.002020059052496436,0.41807603842511193,0.9999999999999999,0.0026149405962053725,0.9999999999999541,0.0008499884728391221,0.0007982210227401261,0.0007982210227401261,0.0007982210227337874,,0.0,9.572760819061336e-19,0.020163910573049823,7.054128794466933e-19,,,,,0.4782608695652174,,0.0,1.0,0.7906976744186046,4.770970844811595e-19,4.770970844811595e-19,0.9302325581395349,0.5674759776446953,0.17675400427451057,912,1.707575780574448,0.8288731721988242,1231,225.56706319850866,0.8945948302810707,1071.5,1047.7573495100328,0.6969469478508157,438,986.6382352941176,846.0,585.0035688138154,340,0.4652856568234462,0.8173890317607586,0.42908333069536003,4,329.5
db27,1.0,periodic,1.2549080568177885e-26,318.48567339268084,6762965.878403401,0.624031007751938,304.5034615927592,206,raw,7.699127204167544e-14,-2.051251390966542e-10,6.73755595234886,62453.37441357001,0.7312422226037764,5.618943883690066e-06,1.0,326.9999999999999,,,,[],[],13,661.1538461538462,87.00000000000001,939.9999999999999,"[8, 32, 51, 63, 81, 100, 111, 133, 152, 162, 175, 192, 204]","[878.0, 638.0000000000002, 786.9999999999998, 792.0, 939.9999999999999, 788.0, 637.0000000000001, 675.0, 771.0000000000001, 196.0000000000001, 834.0, 572.0000000000002, 87.00000000000001]","[0, 13, 42, 42, 76, 99, 107, 107, 107, 161, 164, 187, 203]","[76, 42, 61, 76, 205, 164, 119, 142, 164, 164, 205, 205, 205]",37754613.0,940.9999999999999,-940.9999999999999,0.0,,,,DWT,mdp.39015067403892,0.0,,0.0,33.0,19.0,0.0,28.5,,1.1368683772161603e-13,256.3413461538462,4359.0,256.3413461538462,,0.0,256.3413461538462,,,84.00000000000001,0.0,28.5,1.1368683772161603e-13,1.1368683772161603e-13,,1.1368683772161603e-13,7.893196345665779e-14,8.08368288518672e-27,0.9613615281715066,0.9312723434629369,0.0011557736833953621,0.5016611295681063,0.00038164089871126154,0.9999999997235376,0.4742280246116168,6.6959667625959335e-09,6.6959667625959335e-09,6.082000342865356e-09,,5.718550876340534e-12,0.9999999933040264,1.3612963731558036e-13,,,,,,0.0,1.0,1.0,1.4238426238064856e-13,1.4238426238064856e-13,0.8422684098806625,0.27536483381735377,134,1.6438480835522356,0.7895458014292706,212,0,0.2895190031163097,0.34592250957011184,134,0.0,0.42447905193853414,0.7710011233950741,225,49.073923829259876,0.9485598282712161,176.25,166.0660699671339,0.8819057002991301,18,db,0.540986235965534,0.9305070477545101,0.3421575204977732,3,14.25,7.893196345665779e-14,0.0001547883299646835,8.08368288518672e-27,0.9613615281715064,0.9312723434629369,0.002188058666617819,0.6254589963280295,0.0027464386176790866,0.9999999997235375,0.9919828214562019,0.9855281704452468,0.9855281704452468,0.9855281704451347,,1.2251610931599486e-12,0.9999999999667601,7.585973278963461e-14,,,,,1.0,,0.0,1.0,0.75,1.4238426238064856e-13,1.4238426238064856e-13,0.0,2.259570199821637,0.6447065287088389,132,1.6948757283343925,0.7835158860651289,792,466.6904755831214,0.7554033146838987,462.0,226.2857142857143,0.7566324749520121,203,0.49117026184683504,0.8233619396015222,0.4091722348267588,4,153.25,,,,,,,,,,,,,5.299790415186042e-19,0.03641360043841643,8.08368288518672e-27,0.9719731912313296,0.2878896372776678,0.0017730882716474922,0.4731713303105915,1.0,0.0027464386176790866,0.9999999999999541,0.0008499884728391223,0.0007982210227401261,0.0007982210227401261,0.0007982210227337874,,0.0,9.572760819061336e-19,0.020163910573049823,7.054128794466933e-19,,,,,0.4782608695652174,,0.0,1.0,0.9302325581395349,4.770970844811595e-19,4.770970844811595e-19,0.9302325581395349,0.5814294660167882,0.18110015290550946,37,1.7293064652162702,0.8394214487192723,1081,738.2194795587557,0.6550376263744133,559.0,71.5509838998211,0.6969113365516926,439,1009.0473684210526,935.5,610.6543869996938,760,0.4758535102197843,0.8532293215616218,0.41093374637766444,5,330.5
db3,1.0,periodization,3.590964956278374e-27,323.9196807992648,6002035.53502666,0.6310679611650486,297.97106604187917,206,raw,3.7470493815446594e-14,-2.0470614092716062e-10,6.290301478502043,63117.308605900645,0.7752965198308782,5.6189438836900665e-06,1.0,327.0,,,,[],[],13,661.1538461538462,87.0,940.0,"[8, 32, 51, 63, 81, 100, 111, 133, 152, 162, 175, 192, 204]","[877.9999999999999, 637.9999999999999, 787.0000000000001, 792.0, 940.0, 787.9999999999999, 637.0, 675.0000000000002, 770.9999999999998, 196.0, 833.9999999999999, 571.9999999999999, 87.0]","[0, 13, 42, 42, 76, 99, 107, 107, 107, 161, 164, 187, 203]","[76, 42, 61, 76, 205, 164, 119, 142, 164, 164, 205, 205, 205]",37754613.0,941.0,-941.0,0.0,,,,DWT,mdp.39015067403892,0.0,,0.0,33.0,19.0,0.0,28.5,,0.0,256.3413461538462,4359.0,256.3413461538461,,0.0,256.3413461538462,,,84.0,0.0,28.5,0.0,0.0,,0.0,2.89967745273001e-14,1.744327106949328e-27,0.9814142457008415,0.7767683591143439,0.0002994359556404806,0.5544382801664359,0.00043539500072065546,0.9999999997235439,0.4742280246116003,6.6959667625959335e-09,6.6959667625959335e-09,6.081912306383589e-09,,0.0,0.9999999933040264,0.0,,,,,,0.0,1.0,1.0,0.0,0.0,0.842268409877647,0.27536483381636784,219,1.5993319149117862,0.7681645348770518,356,0,0.2895190031157893,0.34592250956949006,219,0.0,0.4141694644576944,0.7522753382399135,346,76.31950384185335,0.9200005200819147,285.0,269.69475867929714,0.8106291908585674,105,db,0.540986235965534,0.9305070477545101,0.3421575204977732,3,79.5,2.899677452730009e-14,0.0001547883299646835,1.744327106949328e-27,0.9814142457008413,0.776768359114344,0.0013326059463081808,0.6651251916198266,0.002800065553578875,0.9999999997235438,0.9919828214562016,0.9855281704452468,0.9855281704452468,0.9855281704451335,,0.0,0.9999999999667601,0.0,,,,,1.0,,0.0,1.0,0.75,0.0,0.0,0.0,2.2595701998209288,0.6447065287086369,223,1.6451155692086086,0.7605125032705125,1124,637.1032098490793,0.6660884644396858,673.5,372.1633259094284,0.656550521528019,585,0.49117026184683504,0.8233619396015222,0.4091722348267588,4,439.75,,,,,,,,,,,,,1.9469530590795591e-19,0.03641360043841644,1.744327106949328e-27,0.98651863396989,0.24012692175808995,0.0015730474314230279,0.5031795426870521,1.0,0.002800065553578875,0.9999999999999541,0.0008499884728391221,0.0007982210227401261,0.0007982210227401261,0.0007982210227337863,,0.0,0.0,0.020163910573049823,0.0,,,,,0.4782608695652174,,0.0,1.0,0.9302325581395349,0.0,0.0,0.9302325581395349,0.5814294660167882,0.18110015290550946,167,1.7260770884044496,0.8378538791667581,1104,662.559053971795,0.6903929654337406,635.5,290.1148701809599,0.6967151743056553,440,1009.0473684210526,935.5,610.6543869996938,760,0.4758535102197843,0.8532293215616218,0.41093374637766444,5,331.25
db2,1.0,antireflect,3.18089012921023e-27,324.44630578407885,6010503.7923225295,0.6201923076923077,288.0192455293183,206,raw,3.475537010292578e-14,-2.1426360685694882e-10,6.288964585051918,64807.21223745339,0.7845326022161642,5.618943883690066e-06,0.9999999999999998,327.0,,,,[],[],13,661.1538461538462,87.0,940.0,"[8, 32, 51, 63, 81, 100, 111, 133, 152, 162, 175, 192, 204]","[878.0, 638.0, 787.0, 792.0000000000001, 940.0, 788.0, 637.0000000000001, 675.0000000000001, 771.0, 195.99999999999994, 833.9999999999999, 572.0, 87.0]","[0, 13, 39, 39, 76, 99, 107, 107, 107, 161, 99, 187, 203]","[76, 39, 61, 76, 205, 164, 119, 142, 164, 164, 205, 205, 205]",37754613.0,941.0,-941.0,0.0,,,,DWT,mdp.39015067403892,0.0,,0.0,33.0,19.0,0.0,28.5,,0.0,256.3413461538462,4359.0,256.34134615384613,,0.0,256.3413461538462,,,84.0,0.0,19.5,0.0,0.0,,0.0,2.5566168612224145e-14,1.4541310057703102e-27,0.9833576111168639,0.7763065294921219,0.000308965984602932,0.4728708791208792,0.0005722146633406128,0.9999999997233999,0.4742280246116003,6.6959667625959335e-09,6.6959667625959335e-09,6.0819563246244724e-09,,0.0,0.9999999933040264,0.0,,,,,,0.0,1.0,0.0,0.0,0.0,0.7422684098776603,0.24267159368210564,930,1.5676995518115364,0.7529714037568581,467,0,0.20618566978245967,0.24635434482996416,933,0.0,0.40417702501265423,0.7341256038716347,478,265.04465032644345,0.7221754189450278,702.0,626.9142424053873,0.49316318117062713,892,db,0.540986235965534,0.9305070477545101,0.3421575204977732,3,669.75,2.556616861222414e-14,0.0001547883299646835,1.4541310057703102e-27,0.9833576111168639,0.776306529492122,0.0013421261261815265,0.6038208502024294,0.002936561541845388,0.9999999997233997,0.9919828214562016,0.9855281704452468,0.9855281704452468,0.9855281704451341,,0.0,0.9999999999667601,0.0,,,,,1.0,,0.0,1.0,0.25,0.0,0.0,0.0,2.209570199820929,0.6304403968407328,924,1.621588295565337,0.7496361939652749,1219,208.59650045003153,0.8906726936844699,1071.5,1051.195520298647,0.6645449422300755,535,0.49117026184683504,0.8233619396015222,0.4091722348267588,4,402.25,,,,,,,,,,,,,1.7166092091260005e-19,0.03641360043841643,1.4541310057703102e-27,0.9879282738522404,0.23998415368024584,0.00157527365005059,0.4568016714715404,0.9999999999999998,0.002936561541845388,0.9999999999999541,0.0008499884728391221,0.0007982210227401261,0.0007982210227401261,0.0007982210227337869,,0.0,0.0,0.020163910573049823,0.0,,,,,0.4782608695652174,,0.0,1.0,0.7906976744186046,0.0,0.0,0.9302325581395349,0.5674759776446953,0.17675400427451057,872,1.708356051313353,0.829251922875595,1225,249.60869375885127,0.8833604234771724,1048.5,1018.7887458273723,0.6967035762245675,441,1009.0473684210526,935.5,610.6543869996938,760,0.4758535102197843,0.8532293215616218,0.41093374637766444,5,332.0
coif1,1.0,antisymmetric,2.983594485045707e-27,322.50000078526443,4954718.543325436,0.5285714285714286,100.47168195816027,206,smoothed,3.382838777168535e-14,-2.099068918681727e-10,6.203937304739505,33439.85048484467,0.979807824203859,0.00014966566451320276,0.9999999999999999,362.4,,,,[],[],11,426.6,32.200000000000045,728.4000000000001,"[9, 31, 53, 64, 80, 102, 131, 148, 158, 175, 192]","[311.00000000000006, 417.80000000000007, 589.6, 432.19999999999993, 728.4000000000001, 371.0000000000001, 587.0, 32.200000000000045, 448.2000000000001, 368.0, 407.2000000000001]","[1, 1, 1, 60, 1, 94, 120, 144, 144, 165, 186]","[20, 40, 75, 75, 203, 120, 203, 149, 203, 186, 203]",30736475.840000007,728.4000000000001,-728.4000000000001,0.0,,,,DWT,mdp.39015067403892,1.1175870895385742e-08,,0.0,33.0,11.0,0.0,33.0,,1.1368683772161603e-13,168.4000000000001,987.7999999999984,168.40000000000003,,0.0,168.4000000000001,,,28.000000000000057,0.0,33.0,1.1368683772161603e-13,1.1368683772161603e-13,,0.0,2.5479308869102733e-14,3.943897958997114e-27,0.9900850873404986,0.10039438233926253,0.05924226302898931,0.10646603558323861,0.04137346179425217,,0.9999996647593375,4.4059791007223055e-09,4.4059791007223055e-09,3.6787269888316428e-09,,0.0,0.9999999955939887,7.585973278963461e-14,,,,,,2.3840087137460624e-13,1.0,1.0,1.7477015598164352e-13,1.7477015598164352e-13,0.9999999009722282,0.3759218679594378,128,0.733005174039429,0.37212317076161644,701,0,0.3333333060703895,0.47426771798096296,127,0.0,0.18536589001232384,0.32703559876631266,733,340.5988598532493,0.6429781343257346,422.25,216.4817779027671,0.6001840357163264,590,coif,0.5556920286951962,0.9053407607371553,0.33941335169221604,4,443.5,2.4394910354613547e-14,0.999999999970514,1.3145115438162765e-27,0.9761753050493621,0.7469338695081956,0.00015519177512202933,0.08736842105263184,0.00040297384974632283,0.9999999997234654,2.0315811924354055e-05,4.745454029730922e-11,4.745454029730922e-11,3.962169481397382e-11,,0.0,0.0031261328403480726,7.585973278963461e-14,,,,,0.0,,1.1061813170906958e-13,1.0,1.0,1.4238426238064856e-13,1.4238426238064856e-13,1.0,0.4015691612042608,0.11457677215647268,1185,1.694358271512775,0.7832766734589702,806,267.9934700697015,0.8595422064624205,995.5,959.4274234053239,0.668895841176703,510,0.4784248188775415,0.776734912893196,0.43208215291776214,2,383.0,,,,,,,,,,,,,1.637966501969721e-19,0.9999999999715833,1.3145115438162765e-27,0.9827185150510787,0.23090401242188002,0.0012977184570630929,0.06609583083673215,0.9999999999999999,0.00040297384974632283,0.9999999999999541,9.960751159770499e-05,3.8435400695480126e-14,3.8435400695480126e-14,3.20911916831812e-14,,0.0,0.0,0.00456704015061846,7.054128794466933e-19,,,,,0.13043478260869565,,3.499932525657665e-21,1.0,1.0,4.770970844811595e-19,4.770970844811595e-19,1.0,0.4544873153722995,0.14156097535167125,1168,1.8323314963361668,0.8894307574314768,537,446.1843789287115,0.7915026266688264,852.5,735.7372434017597,0.696569070343759,442,986.6382352941176,846.0,585.0035688138154,340,0.4652856568234462,0.8173890317607586,0.42908333069536003,4,332.5
db8,1.0,reflect,4.253813719326336e-27,323.18400779256774,6214193.3885662025,0.6272727272727273,289.69495605556074,206,raw,4.0994176769460155e-14,-2.0712975778991728e-10,6.448398578778708,61205.04676616284,0.7700148734110857,5.618943883690066e-06,1.0,327.0,,,,[],[],13,661.1538461538462,87.00000000000003,940.0,"[8, 32, 51, 63, 81, 100, 111, 133, 152, 162, 175, 192, 204]","[878.0, 637.9999999999999, 787.0, 792.0, 940.0, 788.0, 637.0000000000001, 675.0, 770.9999999999999, 196.0, 833.9999999999999, 571.9999999999999, 87.00000000000003]","[0, 13, 42, 42, 76, 99, 107, 107, 107, 161, 164, 187, 203]","[76, 42, 61, 76, 205, 164, 119, 142, 164, 164, 205, 205, 205]",37754613.0,941.0,-941.0,0.0,,,,DWT,mdp.39015067403892,0.0,,0.0,33.0,19.0,0.0,28.5,,0.0,256.3413461538462,4359.0,256.3413461538461,,0.0,256.3413461538462,,,84.00000000000003,0.0,28.5,0.0,0.0,,0.0,3.344900907158464e-14,2.2134027829256276e-27,0.9786994457579155,0.8313829763737562,0.0005381947011771327,0.5259740259740263,0.0002805725511626614,0.9999999997235074,0.4742280246116333,6.6959667625959335e-09,6.6959667625959335e-09,6.081912306383589e-09,,0.0,0.9999999933040264,0.0,,,,,,0.0,1.0,1.0,0.0,0.0,0.8422684098776569,0.2753648338163711,218,1.6136820922917048,0.7750569736695688,310,0,0.2895190031157921,0.3459225095694934,218,0.0,0.4171094018851973,0.7576152838720108,312,53.69978274319801,0.9437109195563962,264.5,256.32404964806284,0.8332286253966468,62,db,0.540986235965534,0.9305070477545101,0.3421575204977732,3,47.25,3.3449009071584634e-14,0.0001547883299646835,2.2134027829256276e-27,0.9786994457579155,0.8313829763737564,0.001571117939587437,0.6437320574162682,0.0026456093675775935,0.9999999997235073,0.9919828214562021,0.9855281704452468,0.9855281704452468,0.9855281704451335,,0.0,0.9999999999667601,0.0,,,,,1.0,,0.0,1.0,0.75,0.0,0.0,0.0,2.2595701998209288,0.6447065287086369,220,1.6622942177133622,0.7684539374297182,1035,576.2920266670362,0.6979601537384506,627.5,362.8685258964143,0.6845408735149277,441,0.49117026184683504,0.8233619396015222,0.4091722348267588,4,331.75,,,,,,,,,,,,,2.245892917289422e-19,0.03641360043841643,2.2134027829256276e-27,0.9845494262024785,0.25701025611590517,0.0016288215711346,0.48699523991094845,1.0,0.0026456093675775935,0.9999999999999541,0.0008499884728391225,0.0007982210227401261,0.0007982210227401261,0.0007982210227337863,,0.0,0.0,0.020163910573049823,0.0,,,,,0.4782608695652174,,0.0,1.0,0.9302325581395349,0.0,0.0,0.9302325581395349,0.5814294660167882,0.18110015290550946,132,1.726829614407924,0.8382191622907974,1099,683.7722574073914,0.6804802535479479,615.5,235.69130787977252,0.6964317155590207,443,1009.0473684210526,935.5,610.6543869996938,760,0.4758535102197843,0.8532293215616218,0.41093374637766444,5,333.5
bior1.5,1.0,zero,5.239217787314415e-27,320.05473422378657,5001701.640094571,0.5467289719626168,131.77841378304797,206,smoothed,4.7871092203546076e-14,-2.1292883012336056e-10,6.228383495166083,36676.70606565581,0.9567271285079487,0.00014966566451320276,1.0,362.40000000000003,,,,[],[],11,426.6,32.20000000000002,728.4,"[9, 31, 53, 64, 80, 102, 131, 148, 158, 175, 192]","[311.0, 417.80000000000007, 589.6000000000001, 432.1999999999998, 728.4, 371.00000000000017, 587.0000000000001, 32.20000000000002, 448.2, 368.0000000000001, 407.20000000000005]","[1, 1, 1, 60, 1, 94, 120, 144, 144, 165, 186]","[20, 40, 75, 75, 203, 120, 203, 149, 203, 186, 203]",30736475.840000007,728.4,-728.4,0.0,,,,DWT,mdp.39015067403892,1.1175870895385742e-08,,0.0,33.0,11.0,0.0,33.0,,0.0,168.4000000000001,987.7999999999984,168.40000000000003,,0.0,168.4000000000001,,,28.00000000000003,0.0,33.0,0.0,0.0,,5.684341886080802e-14,5.632916351098661e-14,1.0545204332678e-26,0.9807945100472921,0.13565566670499654,0.07940528795937137,0.2311898993607423,0.06821616609563662,,0.9999996647345563,4.4059791007223055e-09,4.4059791007223055e-09,3.6787269888316428e-09,,6.125805465799743e-13,0.9999999955939887,0.0,,,,,,2.3840087137460624e-13,1.0,1.0,0.0,0.0,0.9999999009649922,0.37592186795671767,172,0.8157696095431276,0.4141400149214026,463,0,0.33333330606834005,0.47426771797804695,173,0.0,0.21360879002401367,0.3768637182526216,458,166.28990749090377,0.8256919208690736,316.5,250.97986245681426,0.7469654572898827,239,bior,0.8100315533562081,0.7923003667562746,0.1952878026237719,6,180.75,4.21381110292073e-14,0.999999999970514,2.9107399510238923e-27,0.9671517178562655,0.7553788019659184,0.0002080110880717139,0.18971962616822452,0.0006644194097945228,0.9999999997234199,2.0315811923854454e-05,4.745454029730922e-11,4.745454029730922e-11,3.962169481397382e-11,,6.125805465799743e-13,0.0031261328403480726,0.0,,,,,0.0,,1.1061813170906958e-13,1.0,1.0,0.0,0.0,1.0,0.40156916120447206,0.11457677215653295,1165,1.7342380553524965,0.8017125054488307,397,543.0580079512685,0.715378402541264,781.0,592.1959026888604,0.6530246310400241,619,0.5943810304597339,0.7715092316736338,0.3524805091760961,5,465.5,,,,,,,,,,,,,2.8293120703790263e-19,0.9999999999715833,2.9107399510238923e-27,0.9761731642465511,0.23351464352152995,0.0013100698348677124,0.14352641568363664,1.0,0.0006644194097945233,0.9999999999999541,9.960751159770467e-05,3.8435400695480126e-14,3.8435400695480126e-14,3.20911916831812e-14,,0.0,4.786380409530668e-19,0.00456704015061846,0.0,,,,,0.13043478260869565,,3.499932525657665e-21,1.0,1.0,0.0,0.0,1.0,0.4544873153722995,0.14156097535167125,1109,1.8607925892549588,0.9032460367533167,189,650.5382386916237,0.6960101688356899,649.0,322.95993836671806,0.6963695703991534,444,1104.4,1082.5,563.6960149978129,300,0.520820561188399,0.7876173146100969,0.3991404127850916,6,334.5
db24,1.0,symmetric,1.2120426572315146e-26,316.41221969370736,5751310.175662483,0.5277777777777778,99.04677565020361,206,smoothed,7.595218952154081e-14,-2.0169985681661768e-10,6.508844935769654,31017.789786405043,0.9822198458190289,0.00014966566451320268,1.0,362.4,,,,[],[],11,426.59999999999997,32.20000000000002,728.4,"[9, 31, 53, 64, 80, 102, 131, 148, 158, 175, 192]","[311.0, 417.8000000000002, 589.5999999999998, 432.1999999999995, 728.4, 371.0000000000002, 586.9999999999999, 32.20000000000002, 448.2, 368.0, 407.2000000000001]","[1, 1, 1, 60, 1, 94, 120, 144, 144, 165, 186]","[20, 40, 75, 75, 203, 120, 203, 149, 203, 186, 203]",30736475.839999996,728.4,-728.4,0.0,,,,DWT,mdp.39015067403892,0.0,,0.0,33.0,11.0,0.0,33.0,,0.0,168.40000000000003,987.7999999999993,168.39999999999998,,0.0,168.40000000000003,,,28.00000000000003,0.0,33.0,0.0,0.0,,0.0,1.1801940093272118e-13,3.068374757496751e-26,0.966955093389635,0.5401943877972679,0.4011034438930257,0.10101446147204873,0.021287715765407972,,0.9999996647345563,4.4059199552998455e-09,4.4059199552998455e-09,3.67866784340914e-09,,0.0,0.9999999955940747,0.0,,,,,,0.0,1.0,1.0,0.0,0.0,0.9999999009645565,0.37592186795655386,197,1.099742842773946,0.5583040995743657,160,0,0.33333330606826156,0.47426771797793527,195,0.0,0.29007930033107193,0.5117783949742752,172,18.01850900231944,0.9811126740017616,181.0,179.62753625281522,0.8956926053446963,49,db,0.573477938514061,0.8443824841957417,0.34525069778143475,3,37.5,7.761906466556869e-14,0.9999999999705134,7.780338933929007e-27,0.9537100146153614,0.8522641604436048,0.0010507356114140645,0.08289473684210552,0.0002073404642075104,0.9999999997235891,2.0315811923854454e-05,4.745387416349445e-11,4.745387416349445e-11,3.962102868015904e-11,,0.0,0.0031261328403482946,0.0,,,,,0.0,,0.0,1.0,1.0,0.0,0.0,1.0,0.40156916120410996,0.11457677215642964,1246,1.7321242875998648,0.8007353419990557,425,580.5346673541555,0.6957365475083042,835.5,633.8120885697188,0.6289217328736489,751,0.49117026184683504,0.8233619396015222,0.4091722348267588,4,564.25,,,,,,,,,,,,,5.211637427164351e-19,0.9999999999715827,7.780338933929007e-27,0.9664230880031056,0.2634653780251881,0.0015071342870868207,0.06271140576376699,1.0,0.0002073404642075104,0.9999999999999541,9.960751159770467e-05,3.8434858594393884e-14,3.8434858594393884e-14,3.2090649582094954e-14,,0.0,0.0,0.004567040150618464,0.0,,,,,0.13043478260869565,,0.0,1.0,1.0,0.0,0.0,1.0,0.4544873153722995,0.14156097535167125,1156,1.8375076074406471,0.8919432899232301,462,490.73210614346397,0.7706859317086617,809.0,660.1631644004945,0.6963242742655458,445,1009.0473684210526,935.5,610.6543869996938,760,0.4758535102197843,0.8532293215616218,0.41093374637766444,5,335.0
coif3,1.0,symmetric,6.051957052605842e-27,319.4284403683157,5184474.091080035,0.527027027027027,88.81910417239379,206,smoothed,5.335968991363472e-14,-2.0924426635815557e-10,6.283677914407893,32946.17523054043,0.9827475927607053,0.00014966566451320263,0.9999999999999999,362.4,,,,[],[],11,426.6,32.19999999999996,728.4,"[9, 31, 53, 64, 80, 102, 131, 148, 158, 175, 192]","[311.00000000000017, 417.80000000000007, 589.6000000000001, 432.2, 728.4, 371.0, 587.0000000000002, 32.19999999999996, 448.20000000000005, 368.0, 407.19999999999993]","[1, 1, 1, 60, 1, 94, 120, 144, 144, 165, 186]","[20, 40, 75, 75, 203, 120, 203, 149, 203, 186, 203]",30736475.839999996,728.4,-728.4,0.0,,,,DWT,mdp.39015067403892,0.0,,0.0,33.0,11.0,0.0,33.0,,0.0,168.4000000000001,987.7999999999984,168.40000000000006,,0.0,168.4000000000001,,,27.99999999999997,0.0,33.0,0.0,0.0,,0.0,6.838684387915306e-14,1.292376678444588e-26,0.9784149610998777,0.21541256161177175,0.1578429759626868,0.0958575670425443,0.03727949512154734,,0.9999996646849938,4.4059791007223055e-09,4.4059791007223055e-09,3.6787565615428943e-09,,0.0,0.9999999955939887,0.0,,,,,,0.0,1.0,1.0,0.0,0.0,0.9999999009497069,0.3759218679509716,267,0.8269315703128131,0.41980658369968615,423,0,0.3333333060641414,0.4742677179720731,267,0.0,0.21211536583407095,0.37422891379028206,473,106.47534925981694,0.8883906192245106,357.5,334.2003659738188,0.756826336865924,213,coif,0.5556920286951962,0.9053407607371553,0.33941335169221604,4,160.75,4.907304945682715e-14,0.9999999999705129,3.485888071548442e-27,0.9648405517435917,0.7744802499886098,0.00041348743916494945,0.07866287339971545,0.00036309897732116373,0.9999999997234754,2.0315811922799742e-05,4.745454029730922e-11,4.745454029730922e-11,3.9622027880881205e-11,,0.0,0.0031261328403480726,0.0,,,,,0.0,,0.0,1.0,1.0,0.0,0.0,1.0,0.40156916120411024,0.11457677215642971,1237,1.6979615885914157,0.7849424334474144,759,337.9970414071697,0.8228527036650054,998.0,940.7645290581162,0.6498959535096516,641,0.4784248188775415,0.776734912893196,0.43208215291776214,2,481.25,,,,,,,,,,,,,3.294950052750855e-19,0.9999999999715824,3.485888071548442e-27,0.9744967363857377,0.23941958527281446,0.0013581188514212748,0.059509922586637454,0.9999999999999999,0.00036309897732116373,0.9999999999999541,9.960751159770391e-05,3.8435400695480126e-14,3.8435400695480126e-14,3.2091408523615694e-14,,0.0,0.0,0.00456704015061846,0.0,,,,,0.13043478260869565,,0.0,1.0,1.0,0.0,0.0,1.0,0.4544873153722995,0.14156097535167125,1179,1.8290361025106003,0.8878311426062286,594,413.6574669941303,0.806702118227042,886.5,789.9898477157361,0.6962248908892219,446,986.6382352941176,846.0,585.0035688138154,340,0.4652856568234462,0.8173890317607586,0.42908333069536003,4,335.5
coif17,1.0,antireflect,3.4898913735543374e-26,314.043673375458,8138099.531847865,0.6078431372549019,289.0972491115391,206,raw,1.301278394639534e-13,-2.174187496706308e-10,6.928111946862244,171461.76693611575,0.9161976409477326,5.618943883690066e-06,1.0,327.0000000000001,,,,[],[],13,661.1538461538463,86.99999999999997,939.9999999999994,"[8, 32, 51, 63, 81, 100, 111, 133, 152, 162, 175, 192, 204]","[878.0000000000001, 638.0, 787.0000000000007, 792.0, 939.9999999999994, 788.0, 637.0, 674.9999999999997, 771.0000000000005, 196.0, 834.0000000000006, 572.0000000000002, 86.99999999999997]","[0, 13, 39, 39, 76, 99, 107, 107, 107, 161, 99, 187, 203]","[76, 39, 61, 76, 205, 164, 119, 142, 164, 164, 205, 205, 205]",37754613.0,940.9999999999995,-940.9999999999995,0.0,,,,DWT,mdp.39015067403892,0.0,,0.0,33.0,19.0,0.0,28.5,,4.547473508864641e-13,256.3413461538463,4358.999999999998,256.3413461538462,,0.0,256.3413461538463,,,83.99999999999997,0.0,19.5,5.684341886080801e-13,4.547473508864641e-13,,1.1368683772161603e-13,1.4607093825366785e-13,2.3899904752648985e-26,0.9449695424883907,0.9970998803919696,0.002703325096477696,0.38025210084033567,0.009207287053441785,0.9999999997233523,0.47422802461156727,6.696054799077647e-09,6.696054799077647e-09,6.082000342865356e-09,,5.718550876340534e-12,0.9999999933039181,6.806481865779018e-13,,,,,,0.0,1.0,0.0,5.695370495225942e-13,5.695370495225942e-13,0.7422684098810896,0.24267159368322677,717,1.6226670832841537,0.7793724952709555,284,0,0.20618566978309444,0.24635434483072258,715,0.0,0.4167790169492642,0.7570151902853098,316,240.53412786269365,0.747867790500321,508.0,421.9860976681636,0.6076865157952339,509,coif,0.5507900112560971,0.8749445204262634,0.351963635992853,2,382.25,1.4607093825366785e-13,0.0001547883299646835,2.3899904752648982e-26,0.9449695424883906,0.9970998803919697,0.0037340107171144775,0.5342105263157892,0.011551205936296709,0.9999999997233522,0.9919828214562011,0.9855281704452481,0.9855281704452481,0.9855281704451347,,1.2251610931599486e-12,0.9999999999667596,3.7929866394817307e-13,,,,,1.0,,0.0,1.0,0.25,5.695370495225942e-13,5.695370495225942e-13,0.0,2.209570199821959,0.6304403968410266,707,1.685749800336785,0.7792971050408477,882,123.74368670764582,0.9351448182873974,794.5,784.863436123348,0.7593701030640341,197,0.4784248188775415,0.776734912893196,0.43208215291776214,2,148.25,,,,,,,,,,,,,9.807754990398926e-19,0.03641360043841643,2.3899904752648982e-26,0.9600830975930849,0.30823928672490897,0.002134596908870772,0.40414017047760775,1.0,0.011551205936296709,0.9999999999999541,0.0008499884728391218,0.0007982210227401272,0.0007982210227401272,0.0007982210227337874,,0.0,9.572760819061336e-19,0.020163910573049813,3.5270643972334666e-18,,,,,0.4782608695652174,,0.0,1.0,0.7906976744186046,1.908388337924638e-18,1.908388337924638e-18,0.9302325581395349,0.5674759776446953,0.17675400427451057,852,1.7084374310698092,0.8292914253665848,1224,263.0437226013957,0.8770823726161703,1038.0,1004.6705202312138,0.6960178218221038,447,986.6382352941176,846.0,585.0035688138154,340,0.4652856568234462,0.8173890317607586,0.42908333069536003,4,336.25
coif12,1.0,periodic,1.8728599492695462e-26,316.7467394440374,7178818.159323686,0.6159420289855072,289.28794718724635,206,raw,9.713050213108943e-14,-2.0724566507368828e-10,6.78592873134879,59995.08446440868,0.7343039951276866,5.618943883690062e-06,1.0,327.00000000000006,,,,[],[],13,661.1538461538462,87.0,940.0000000000002,"[8, 32, 51, 63, 81, 100, 111, 133, 152, 162, 175, 192, 204]","[878.0, 638.0000000000003, 786.9999999999997, 792.0000000000002, 940.0000000000002, 787.9999999999999, 637.0, 675.0, 770.9999999999999, 196.0000000000001, 833.9999999999998, 572.0000000000002, 87.0]","[0, 13, 39, 39, 76, 99, 107, 107, 107, 161, 164, 187, 203]","[76, 39, 61, 76, 205, 164, 119, 142, 164, 164, 205, 205, 205]",37754613.0,941.0000000000002,-941.0000000000002,0.0,,,,DWT,mdp.39015067403892,0.0,,0.0,33.0,19.0,0.0,28.5,,2.2737367544323206e-13,256.3413461538462,4359.0,256.34134615384613,,0.0,256.3413461538462,,,84.0,0.0,24.0,2.2737367544323206e-13,2.2737367544323206e-13,,5.684341886080802e-14,1.0437823006735086e-13,1.2456719659665364e-26,0.9549444682256427,0.9479827120037395,0.0016237665823835542,0.44099378881987544,0.0001826103769783493,0.9999999997235056,0.4742280246116003,6.6959667625959335e-09,6.6959667625959335e-09,6.0819563246244724e-09,,2.859275438170267e-12,0.9999999933040264,2.7225927463116073e-13,,,,,,0.0,1.0,0.5,2.847685247612971e-13,2.847685247612971e-13,0.7922684098793399,0.259018213749788,453,1.6242404797966223,0.7801282029442088,274,0,0.24785233644943477,0.29613842720009786,453,0.0,0.4182159182165287,0.7596251011541957,293,98.1677985220544,0.897098743687574,368.25,348.50444761208865,0.7555462271896989,230,coif,0.5507900112560971,0.8749445204262634,0.351963635992853,2,173.0,1.0437823006735086e-13,0.0001547883299646835,1.2456719659665364e-26,0.9549444682256426,0.9479827120037396,0.002655567904561424,0.5798627002288328,0.0025478789425642996,0.9999999997235055,0.9919828214562016,0.9855281704452468,0.9855281704452468,0.9855281704451341,,6.125805465799743e-13,0.9999999999667601,1.5171946557926922e-13,,,,,1.0,,0.0,1.0,0.5,2.847685247612971e-13,2.847685247612971e-13,0.0,2.2345701998214245,0.6375734627748262,454,1.6812964889465178,0.777238405301665,920,329.51176003293114,0.8272999161252982,687.0,607.9767103347889,0.7336185115217686,250,0.4784248188775415,0.776734912893196,0.43208215291776214,2,188.0,,,,,,,,,,,,,7.008348950660361e-19,0.03641360043841641,1.2456719659665364e-26,0.9673185114924898,0.29305541071844143,0.0018824116024998238,0.43867688669533444,1.0,0.0025478789425642996,0.9999999999999541,0.0008499884728391221,0.0007982210227401261,0.0007982210227401261,0.0007982210227337869,,0.0,4.786380409530668e-19,0.020163910573049823,1.4108257588933865e-18,,,,,0.4782608695652174,,0.0,1.0,0.8604651162790697,9.54194168962319e-19,9.54194168962319e-19,0.9302325581395349,0.5744527218307418,0.17892707859001003,527,1.7152740044426305,0.8326099616933264,1170,454.66966030295004,0.7875375419145093,848.5,726.6823806717738,0.6955211074058527,448,986.6382352941176,846.0,585.0035688138154,340,0.4652856568234462,0.8173890317607586,0.42908333069536003,4,337.0
db26,1.0,antireflect,1.9386340993087506e-26,316.596833994295,6759683.087394803,0.625,291.35269392941365,206,raw,9.040449079743802e-14,-2.1605650601941596e-10,6.699110149225803,131697.051761357,0.9007951369898857,5.618943883690064e-06,1.0,327.00000000000006,,,,[],[],13,661.1538461538463,86.99999999999986,940.0000000000001,"[8, 32, 51, 63, 81, 100, 111, 133, 152, 162, 175, 192, 204]","[878.0000000000006, 637.9999999999999, 787.0, 792.0000000000005, 940.0000000000001, 788.0, 637.0000000000001, 675.0000000000002, 771.0000000000001, 196.00000000000006, 834.0, 571.9999999999998, 86.99999999999986]","[0, 13, 42, 42, 76, 99, 107, 107, 107, 161, 164, 187, 203]","[76, 42, 61, 76, 205, 164, 119, 142, 164, 164, 205, 205, 205]",37754613.0,941.0000000000001,-941.0000000000001,0.0,,,,DWT,mdp.39015067403892,0.0,,0.0,33.0,19.0,0.0,28.5,,1.1368683772161603e-13,256.3413461538463,4358.999999999998,256.3413461538462,,0.0,256.3413461538463,,,83.99999999999986,0.0,28.5,1.1368683772161603e-13,1.1368683772161603e-13,,5.684341886080802e-14,9.587979805864156e-14,1.2922181098403448e-26,0.9543912831791611,0.9179912471042937,0.0011520792876895448,0.5089285714285714,0.005987816538788716,0.9999999997233728,0.4742280246114352,6.696054799077647e-09,6.696054799077647e-09,6.082000342865356e-09,,2.859275438170267e-12,0.9999999933039181,1.3612963731558036e-13,,,,,,0.0,1.0,1.0,1.4238426238064856e-13,1.4238426238064856e-13,0.8422684098791771,0.2753648338168681,186,1.6381729881798102,0.7868200339031579,227,0,0.289519003116062,0.34592250956981585,184,0.0,0.4235563746577467,0.7693252215648909,233,26.10874693788782,0.9726323407359666,207.5,205.04136714514405,0.87756354982291,19,db,0.540986235965534,0.9305070477545101,0.3421575204977732,3,15.0,9.587979805864156e-14,0.0001547883299646835,1.2922181098403447e-26,0.9543912831791611,0.9179912471042938,0.00218436808899405,0.6309210526315789,0.008339351724865782,0.9999999997233727,0.9919828214561991,0.9855281704452481,0.9855281704452481,0.9855281704451347,,6.125805465799743e-13,0.9999999999667596,7.585973278963461e-14,,,,,1.0,,0.0,1.0,0.75,1.4238426238064856e-13,1.4238426238064856e-13,0.0,2.2595701998213302,0.6447065287087514,175,1.6884731756350857,0.7805560810083854,858,482.95393155041194,0.7468794908016709,516.5,290.7066795740562,0.7380885923610032,243,0.49117026184683504,0.8233619396015222,0.4091722348267588,4,183.25,,,,,,,,,,,,,6.437732098735734e-19,0.036413600438416426,1.2922181098403447e-26,0.966917253089201,0.2837839746965996,0.0017722252593135022,0.4773034772020025,1.0,0.008339351724865782,0.9999999999999541,0.0008499884728391203,0.0007982210227401272,0.0007982210227401272,0.0007982210227337874,,0.0,4.786380409530668e-19,0.020163910573049813,7.054128794466933e-19,,,,,0.4782608695652174,,0.0,1.0,0.9302325581395349,4.770970844811595e-19,4.770970844811595e-19,0.9302325581395349,0.5814294660167882,0.18110015290550946,45,1.7281096635337312,0.838840510046808,1088,737.5123727775691,0.6553680501039396,566.5,86.42541924095322,0.6953242119678577,449,1009.0473684210526,935.5,610.6543869996938,760,0.4758535102197843,0.8532293215616218,0.41093374637766444,5,338.0
coif3,1.0,constant,5.8780093935827394e-27,319.55509598467336,4962572.016639583,0.5495495495495496,67.55963193835295,206,smoothed,5.192825673237044e-14,-2.0890607022039429e-10,6.193658396682227,37263.72972323675,0.9871134131726853,0.00014966566451320263,0.9999999999999999,362.4,,,,[],[],11,426.6,32.19999999999996,728.4,"[9, 31, 53, 64, 80, 102, 131, 148, 158, 175, 192]","[311.00000000000006, 417.80000000000007, 589.6000000000001, 432.2, 728.4, 371.0, 587.0000000000002, 32.19999999999996, 448.20000000000005, 368.0, 407.19999999999993]","[1, 1, 1, 60, 1, 94, 120, 144, 144, 165, 186]","[20, 40, 75, 75, 203, 120, 203, 149, 203, 186, 203]",30736475.839999996,728.4,-728.4,0.0,,,,DWT,mdp.39015067403892,0.0,,0.0,33.0,11.0,0.0,33.0,,0.0,168.4000000000001,987.7999999999984,168.40000000000003,,0.0,168.4000000000001,,,27.99999999999997,0.0,33.0,0.0,0.0,,0.0,6.524218568415602e-14,1.241469162591159e-26,0.97889617808126,0.08556804360703668,0.06261261937227858,0.25056439992766405,0.07308425553150005,,0.9999996646849938,4.4059791007223055e-09,4.4059791007223055e-09,3.6787269888316428e-09,,0.0,0.9999999955939887,0.0,,,,,,0.0,1.0,1.0,0.0,0.0,0.999999900949698,0.37592186795096827,269,0.7908875005220989,0.40150816779116205,551,0,0.33333330606413897,0.4742677179720697,268,0.0,0.20724649950282925,0.3656389158362631,525,155.95806060177418,0.8365219490547441,403.25,358.15145833806594,0.7069140143596571,314,coif,0.5556920286951962,0.9053407607371553,0.33941335169221604,4,236.5,4.726440879856337e-14,0.9999999999705129,3.362791189892418e-27,0.965307939641379,0.7433830224122617,0.0001640208028627977,0.2056187766714087,0.000711834169299898,0.9999999997234805,2.0315811922799742e-05,4.745454029730922e-11,4.745454029730922e-11,3.962169481397382e-11,,0.0,0.0031261328403480726,0.0,,,,,0.0,,0.0,1.0,1.0,0.0,0.0,1.0,0.4015691612041101,0.11457677215642968,1239,1.733490529609233,0.8013669353959365,406,589.0199487283941,0.6912893350480115,822.5,611.5914893617021,0.6301048352388905,747,0.4784248188775415,0.776734912893196,0.43208215291776214,2,560.75,,,,,,,,,,,,,3.173511081700229e-19,0.9999999999715824,3.362791189892418e-27,0.9748357609540546,0.22980631840180893,0.00129978305524099,0.15555441790051489,0.9999999999999999,0.000711834169299898,0.9999999999999541,9.960751159770391e-05,3.8435400695480126e-14,3.8435400695480126e-14,3.20911916831812e-14,,0.0,0.0,0.00456704015061846,0.0,,,,,0.13043478260869565,,0.0,1.0,1.0,0.0,0.0,1.0,0.4544873153722995,0.14156097535167125,1110,1.8629610081203398,0.9042986074468408,169,665.3874810965413,0.689071270515635,639.5,293.3385457388585,0.6951197474073503,450,986.6382352941176,846.0,585.0035688138154,340,0.4652856568234462,0.8173890317607586,0.42908333069536003,4,338.5
db33,1.0,symmetric,1.8054912279636718e-26,316.9058386412004,7587631.869923707,0.6148148148148148,308.82844029508436,206,raw,9.075803754702739e-14,-2.0921209209490415e-10,6.806731147369345,59633.33634223169,0.7775413158593275,5.618943883690066e-06,1.0,327.0000000000001,,,,[],[],13,661.1538461538462,86.99999999999983,939.9999999999999,"[8, 32, 51, 63, 81, 100, 111, 133, 152, 162, 175, 192, 204]","[877.9999999999998, 637.9999999999999, 787.0000000000003, 792.0000000000001, 939.9999999999999, 787.9999999999999, 637.0, 674.9999999999998, 771.0, 196.00000000000017, 834.0000000000001, 571.9999999999999, 86.99999999999983]","[0, 13, 42, 42, 76, 99, 107, 107, 107, 161, 99, 187, 203]","[76, 42, 61, 76, 205, 164, 119, 142, 164, 164, 205, 205, 205]",37754613.0,940.9999999999999,-940.9999999999999,0.0,,,,DWT,mdp.39015067403892,0.0,,0.0,33.0,19.0,0.0,28.5,,1.1368683772161603e-13,256.3413461538462,4359.0,256.34134615384613,,0.0,256.3413461538462,,,83.99999999999983,0.0,24.0,1.1368683772161603e-13,1.1368683772161603e-13,,1.1368683772161603e-13,9.632651051038142e-14,1.1979973978781813e-26,0.9555315802814686,0.9551689031928603,0.0020838383971790064,0.4325396825396825,0.0001533221648545714,0.999999999723476,0.4742280246114022,6.6959667625959335e-09,6.6959667625959335e-09,6.0819563246244724e-09,,5.718550876340534e-12,0.9999999933040264,1.3612963731558036e-13,,,,,,0.0,1.0,0.5,1.4238426238064856e-13,1.4238426238064856e-13,0.792268409880585,0.2590182137501951,426,1.625022520735135,0.7805038198553617,267,0,0.24785233644962146,0.2961384272003209,426,0.0,0.4181846657874521,0.7595683359079088,294,84.72455370198182,0.9111901952809415,353.25,337.7946270285013,0.7704535882065084,205,db,0.540986235965534,0.9305070477545101,0.3421575204977732,3,154.5,9.632651051038142e-14,0.0001547883299646835,1.1979973978781813e-26,0.9555315802814686,0.9551689031928603,0.0031151642445900367,0.5735087719298246,0.002518660017580551,0.9999999997234759,0.9919828214561985,0.9855281704452468,0.9855281704452468,0.9855281704451341,,1.2251610931599486e-12,0.9999999999667601,7.585973278963461e-14,,,,,1.0,,0.0,1.0,0.5,1.4238426238064856e-13,1.4238426238064856e-13,0.0,2.2345701998216354,0.6375734627748865,427,1.682918391054977,0.777988186566672,903,336.5828278447966,0.8235939057417209,665.0,579.8210526315789,0.7375307054914055,245,0.49117026184683504,0.8233619396015222,0.4091722348267588,4,184.75,,,,,,,,,,,,,6.467726061465106e-19,0.03641360043841643,1.1979973978781813e-26,0.9677443791972855,0.29527691980691173,0.001989884564874804,0.43387002209894926,1.0,0.002518660017580551,0.9999999999999541,0.0008499884728391198,0.0007982210227401261,0.0007982210227401261,0.0007982210227337869,,0.0,9.572760819061336e-19,0.020163910573049823,7.054128794466933e-19,,,,,0.4782608695652174,,0.0,1.0,0.8604651162790697,4.770970844811595e-19,4.770970844811595e-19,0.9302325581395349,0.5744527218307418,0.17892707859001003,568,1.714759582682383,0.832360256584414,1179,432.04224330498056,0.7981111012593549,873.5,766.6536920435032,0.6949667655829485,451,1009.0473684210526,935.5,610.6543869996938,760,0.4758535102197843,0.8532293215616218,0.41093374637766444,5,339.5
db23,1.0,smooth,1.322170703137864e-26,318.25891717086995,214714775.41304025,0.62,326.5777427865821,206,raw,8.195386117310669e-14,-2.1482449152898955e-10,4.093018351945898,3385514.122382038,0.9963603728407691,5.6189438836900665e-06,0.9999999999999999,327.0000000000001,,,,[],[],13,661.1538461538462,86.99999999999986,939.9999999999998,"[8, 32, 51, 63, 81, 100, 111, 133, 152, 162, 175, 192, 204]","[878.0, 637.9999999999998, 787.0000000000005, 792.0000000000001, 939.9999999999998, 788.0, 637.0000000000003, 675.0000000000001, 771.0000000000001, 196.0, 834.0, 572.0, 86.99999999999986]","[0, 13, 42, 42, 76, 99, 107, 107, 107, 161, 99, 187, 203]","[76, 42, 61, 76, 205, 164, 119, 142, 164, 164, 205, 205, 205]",37754613.0,940.9999999999999,-940.9999999999999,0.0,,,,DWT,mdp.39015067403892,0.0,,0.0,33.0,19.0,0.0,28.5,,1.1368683772161603e-13,256.3413461538462,4359.0,256.3413461538462,,0.0,256.3413461538462,,,83.99999999999986,0.0,24.0,2.2737367544323206e-13,1.1368683772161603e-13,,1.1368683772161603e-13,8.520228091949392e-14,8.559677909232065e-27,0.9605247463779293,0.017717264834778312,0.23518111070591954,0.47142857142857136,0.26942659820489323,0.9999999997233914,0.4742280246114352,6.6959667625959335e-09,6.6959667625959335e-09,6.082000342865356e-09,,5.718550876340534e-12,0.9999999933040264,2.7225927463116073e-13,,,,,,0.0,1.0,0.5,1.4238426238064856e-13,1.4238426238064856e-13,0.7922684098806761,0.2590182137502249,383,1.3991061033398746,0.6719953995134266,802,0,0.24785233644963922,0.2961384272003421,395,0.0,0.36928478640944606,0.6707492015780818,751,224.74337216775345,0.7644199453168203,582.75,518.0640957193978,0.5767854443565235,609,db,0.540986235965534,0.9305070477545101,0.3421575204977732,3,457.5,8.520228091949391e-14,0.0001547883299646835,8.559677909232065e-27,0.9605247463779293,0.017717264834778312,0.23597153531218132,0.6027368421052632,0.2711549161157977,0.9999999997233913,0.9919828214561991,0.9855281704452468,0.9855281704452468,0.9855281704451347,,1.2251610931599486e-12,0.9999999999667601,1.5171946557926922e-13,,,,,1.0,,0.0,1.0,0.5,1.4238426238064856e-13,1.4238426238064856e-13,0.0,2.2345701998216736,0.6375734627748973,347,1.4527623875770335,0.6715904831931943,1643,916.4103884177656,0.5197010542883829,995.0,572.9859296482413,0.49910629234335285,1550,0.49117026184683504,0.8233619396015222,0.4091722348267588,4,1163.5,,,,,,,,,,,,,5.720803233497095e-19,0.03641360043841644,8.559677909232065e-27,0.9713662230413403,0.005477041149820949,0.05644150183616047,0.4559815992423218,0.9999999999999999,0.2711549161157977,0.9999999999999541,0.0008499884728391203,0.0007982210227401261,0.0007982210227401261,0.0007982210227337874,,0.0,9.572760819061336e-19,0.020163910573049823,1.4108257588933865e-18,,,,,0.4782608695652174,,0.0,1.0,0.8604651162790697,4.770970844811595e-19,4.770970844811595e-19,0.9302325581395349,0.5744527218307418,0.17892707859001003,506,1.7155576915925492,0.8327476660754921,1169,468.811795926681,0.7809290673239808,837.5,706.2853731343283,0.6947869635685324,452,1009.0473684210526,935.5,610.6543869996938,760,0.4758535102197843,0.8532293215616218,0.41093374637766444,5,340.25
rbio1.5,1.0,smooth,4.901782535106127e-27,320.3438583413884,4915946.64533878,0.5373831775700935,82.08221988690383,206,smoothed,4.8289312139035926e-14,-2.1379367165508305e-10,6.208055252247178,33713.86703973128,0.9831410620396116,0.00014966566451320263,0.9999999999999999,362.4000000000001,,,,[],[],11,426.6,32.19999999999999,728.4,"[9, 31, 53, 64, 80, 102, 131, 148, 158, 175, 192]","[311.00000000000006, 417.79999999999995, 589.6000000000001, 432.20000000000016, 728.4, 371.00000000000017, 587.0000000000001, 32.19999999999999, 448.2, 368.0, 407.2000000000001]","[1, 1, 1, 60, 1, 94, 120, 144, 144, 165, 186]","[20, 40, 75, 75, 203, 120, 203, 149, 203, 186, 203]",30736475.840000007,728.4,-728.4,0.0,,,,DWT,mdp.39015067403892,1.1175870895385742e-08,,0.0,33.0,11.0,0.0,33.0,,0.0,168.4000000000001,987.7999999999984,168.40000000000003,,0.0,168.4000000000001,,,28.0,0.0,33.0,0.0,0.0,,1.1368683772161603e-13,5.724793412819957e-14,9.557666440660859e-27,0.9818930119465233,0.1063341265504232,0.04260311406985233,0.1669937930046742,0.04364583545222743,,0.999999664709775,4.4059791007223055e-09,4.4059791007223055e-09,3.6787269888316428e-09,,1.2251610931599486e-12,0.9999999955939887,0.0,,,,,,2.3840087137460624e-13,1.0,1.0,0.0,0.0,0.9999999009578642,0.3759218679540381,246,0.7478602788608296,0.37966463009084955,683,0,0.333333306066326,0.47426771797518136,249,0.0,0.19163855443196545,0.3381022764824839,675,249.15105859698852,0.7388353683469722,463.25,362.7553551305629,0.626624183125268,498,rbio,0.7685897546424816,0.816051598246696,0.21717169227625407,5,374.75,4.2666539173338566e-14,0.9999999999705129,2.6719484229232614e-27,0.9682186513047115,0.7483564137966886,0.00011160365185562487,0.13703885882931652,0.00042510656770862855,0.9999999997234068,2.0315811923354854e-05,4.745454029730922e-11,4.745454029730922e-11,3.962169481397382e-11,,1.2251610931599486e-12,0.0031261328403480726,0.0,,,,,0.0,,1.1061813170906958e-13,1.0,1.0,0.0,0.0,1.0,0.4015691612047782,0.11457677215662031,1108,1.7101507855464382,0.7905773182315764,661,316.07673119038674,0.834341335854095,884.5,828.024872809497,0.6853834561870056,435,0.3888041033402703,1.0,0.4278371276618108,3,327.0,,,,,,,,,,,,,2.8647927336076717e-19,0.9999999999715824,2.6719484229232614e-27,0.9769470752816776,0.23134377181353424,0.0012875257198199839,0.10367243818890637,0.9999999999999999,0.00042510656770862855,0.9999999999999541,9.960751159770423e-05,3.8435400695480126e-14,3.8435400695480126e-14,3.20911916831812e-14,,0.0,9.572760819061336e-19,0.00456704015061846,0.0,,,,,0.13043478260869565,,3.499932525657665e-21,1.0,1.0,0.0,0.0,1.0,0.4544873153722995,0.14156097535167125,1140,1.8441229118297862,0.8951544202264731,335,569.2209588551708,0.7340088977312286,737.5,517.8305084745763,0.6946913647534647,453,818.67,599.5,715.6978453131971,300,0.38607403914171184,1.0,0.42974817260080167,3,340.5
rbio2.2,1.0,zero,1.8333433791085916e-27,324.6149605975511,4877867.573446246,0.5333333333333333,135.31661701707952,206,smoothed,2.3213362192550856e-14,-2.0562036517901606e-10,6.2509992447288845,32114.12217403628,0.9602693265424058,0.00014966566451320274,1.0,362.4,,,,[],[],11,426.59999999999997,32.20000000000002,728.4,"[9, 31, 53, 64, 80, 102, 131, 148, 158, 175, 192]","[311.00000000000006, 417.79999999999995, 589.6000000000001, 432.2000000000001, 728.4, 371.0, 587.0, 32.20000000000002, 448.19999999999993, 368.0, 407.19999999999993]","[1, 1, 1, 60, 1, 94, 120, 144, 144, 165, 186]","[20, 40, 75, 75, 203, 120, 203, 149, 203, 186, 203]",30736475.84,728.4,-728.4,0.0,,,,DWT,mdp.39015067403892,3.725290298461914e-09,,0.0,33.0,11.0,0.0,33.0,,0.0,168.40000000000003,987.7999999999993,168.40000000000003,,0.0,168.40000000000003,,,28.00000000000003,0.0,33.0,0.0,0.0,,0.0,2.1595845435522496e-15,5.775734715177716e-28,0.9981206929131685,0.1682767157340167,0.026261294805197573,0.13917548025037796,0.030379417684911432,,0.9999996647345563,4.4059199552998455e-09,4.4059199552998455e-09,3.6787269888316428e-09,,0.0,0.9999999955940747,0.0,,,,,,7.946695712486874e-14,1.0,1.0,0.0,0.0,0.9999999009646139,0.37592186795657545,188,0.7639633801916247,0.3878396571418711,606,0,0.3333333060682731,0.4742677179779517,186,0.0,0.1946019430553821,0.34333049604743143,649,254.92923854800702,0.7327785759454852,407.25,288.049750127759,0.6529458917463276,444,rbio,0.7685897546424816,0.816051598246696,0.21717169227625407,5,334.25,1.0982641376765918e-14,0.9999999999705138,5.005176961414068e-28,0.9839799855601568,0.7631914089286371,6.879441718536704e-05,0.11421052631578965,0.00029589283484228587,0.99999999972353,2.0315811923854454e-05,4.745387416349445e-11,4.745387416349445e-11,3.962169481397382e-11,,0.0,0.0031261328403482946,0.0,,,,,0.0,,3.687271056968986e-14,1.0,1.0,0.0,0.0,1.0,0.4015691612041286,0.11457677215643496,1220,1.7178206605498274,0.7941229875740685,568,461.033621333629,0.7583681229907605,894.0,775.1230425055928,0.6449073319356318,674,0.3888041033402703,1.0,0.4278371276618108,3,506.25,,,,,,,,,,,,,7.374160600220076e-20,0.9999999999715831,5.005176961414068e-28,0.9883797194886542,0.23592980016231083,0.001277515119503341,0.08640238127452321,1.0,0.00029589283484228587,0.9999999999999541,9.960751159770467e-05,3.8434858594393884e-14,3.8434858594393884e-14,3.20911916831812e-14,,0.0,0.0,0.004567040150618464,0.0,,,,,0.13043478260869565,,1.1666441752192217e-21,1.0,1.0,0.0,0.0,1.0,0.4544873153722995,0.14156097535167125,1136,1.8463107989693024,0.8962164410014068,308,585.4844148224613,0.726409151952121,722.0,484.60941828254846,0.6945129871910137,454,818.67,599.5,715.6978453131971,300,0.38607403914171184,1.0,0.42974817260080167,3,341.25
db14,1.0,periodic,8.13185392939283e-27,318.1455030534081,5299302.118391757,0.5387931034482759,109.35012351167924,206,smoothed,5.601560208128167e-14,-2.075026594994261e-10,6.354923831041996,32414.09117609544,0.9793062826735939,0.00014966566451320274,0.9999999999999999,362.4,,,,[],[],11,426.60000000000014,32.20000000000002,728.4000000000002,"[9, 31, 53, 64, 80, 102, 131, 148, 158, 175, 192]","[310.9999999999999, 417.8000000000002, 589.6000000000003, 432.1999999999999, 728.4000000000002, 371.0000000000003, 587.0, 32.20000000000002, 448.2000000000001, 368.0, 407.20000000000005]","[1, 1, 1, 60, 1, 94, 120, 144, 144, 165, 186]","[20, 40, 75, 75, 203, 120, 203, 149, 203, 186, 203]",30736475.839999996,728.4000000000002,-728.4000000000002,0.0,,,,DWT,mdp.39015067403892,0.0,,0.0,33.0,11.0,0.0,33.0,,2.2737367544323206e-13,168.4000000000002,987.7999999999975,168.4000000000001,,0.0,168.4000000000002,,,28.00000000000003,0.0,33.0,2.2737367544323206e-13,2.2737367544323206e-13,,0.0,7.422151089155722e-14,1.901079226229195e-26,0.973540552528534,0.3181779611482659,0.20712198344849944,0.17667855042908134,0.03286701066545386,,0.9999996647345563,4.406097391567225e-09,4.406097391567225e-09,3.6787861342541454e-09,,0.0,0.9999999955939026,1.5171946557926922e-13,,,,,,0.0,1.0,1.0,3.4954031196328703e-13,3.4954031196328703e-13,0.999999900964828,0.37592186795665594,176,0.9305925282533394,0.4724319207630508,246,0,0.3333333060683576,0.47426771797807193,169,0.0,0.24405515117427273,0.43057933954825695,250,43.71403283462493,0.9541781626471437,210.25,203.41722016615603,0.8668951609881421,68,db,0.573477938514061,0.8443824841957417,0.34525069778143475,3,51.75,5.2428840557702084e-14,0.9999999999705138,4.957760824170983e-27,0.9601062226087962,0.799092140159007,0.0005425793451279736,0.14498638838475547,0.00032012176992526637,0.9999999997235016,2.0315811923854454e-05,4.745570603148508e-11,4.745570603148508e-11,3.962224992548613e-11,,0.0,0.003126132840347795,1.5171946557926922e-13,,,,,0.0,,0.0,1.0,1.0,2.847685247612971e-13,2.847685247612971e-13,1.0,0.401569161204301,0.11457677215648414,1177,1.734003697259788,0.8016041651819926,402,548.0077554195743,0.7127841952727598,789.5,599.3084230525649,0.649500064093403,643,0.49117026184683504,0.8233619396015222,0.4091722348267588,4,483.25,,,,,,,,,,,,,3.5202705532544244e-19,0.9999999999715831,4.957760824170983e-27,0.9710626425660382,0.2470280020626076,0.0013883059707347463,0.10968489169026671,0.9999999999999999,0.0003201217699252668,0.9999999999999541,9.960751159770467e-05,3.843648489765261e-14,3.843648489765261e-14,3.209173378426744e-14,,0.0,0.0,0.004567040150618456,1.4108257588933865e-18,,,,,0.13043478260869565,,0.0,1.0,1.0,9.54194168962319e-19,9.54194168962319e-19,1.0,0.4544873153722995,0.14156097535167125,1129,1.8508477449318275,0.8984187167860797,262,613.0615792887367,0.7135226265005903,695.5,425.30265995686557,0.6942613132502952,455,1009.0473684210526,935.5,610.6543869996938,760,0.4758535102197843,0.8532293215616218,0.41093374637766444,5,342.5
db22,1.0,symmetric,1.3770417232287902e-26,318.08232147633527,6810777.432318867,0.6169354838709677,296.93715137272653,206,raw,7.94531646516209e-14,-2.0673296408091602e-10,6.625895024258594,58844.55325096006,0.7772706177173128,5.618943883690064e-06,0.9999999999999998,327.0000000000001,,,,[],[],13,661.1538461538462,86.99999999999997,940.0000000000003,"[8, 32, 51, 63, 81, 100, 111, 133, 152, 162, 175, 192, 204]","[878.0000000000001, 638.0, 787.0, 792.0, 940.0000000000003, 788.0000000000005, 637.0, 674.9999999999997, 770.9999999999998, 196.0, 834.0000000000002, 572.0, 86.99999999999997]","[0, 13, 39, 39, 76, 99, 107, 107, 107, 161, 99, 187, 203]","[76, 39, 61, 76, 205, 164, 119, 142, 164, 164, 205, 205, 205]",37754613.0,941.0000000000003,-941.0000000000003,0.0,,,,DWT,mdp.39015067403892,0.0,,0.0,33.0,19.0,0.0,28.5,,3.410605131648481e-13,256.3413461538462,4359.0,256.34134615384613,,0.0,256.3413461538462,,,83.99999999999997,0.0,19.5,3.410605131648481e-13,3.410605131648481e-13,,1.1368683772161603e-13,8.20426074803584e-14,8.947981580831403e-27,0.9598730682857887,0.8926990942394611,0.0012095799717064713,0.4484447004608295,8.945992181710893e-05,0.9999999997235134,0.47422802461156727,6.6959667625959335e-09,6.6959667625959335e-09,6.0819563246244724e-09,,5.718550876340534e-12,0.9999999933040264,4.083889119467411e-13,,,,,,0.0,1.0,0.0,4.2715278714194565e-13,4.2715278714194565e-13,0.7422684098808845,0.24267159368315971,723,1.6022918421195458,0.7695861979387459,343,0,0.20618566978303868,0.24635434483065596,723,0.0,0.4127894878253998,0.7497688222436609,368,212.42155414803523,0.7773358971194599,539.25,476.24178963889153,0.606042162396208,517,db,0.540986235965534,0.9305070477545101,0.3421575204977732,3,388.5,8.204260748035838e-14,0.0001547883299646835,8.947981580831403e-27,0.9598730682857887,0.8926990942394613,0.0022418093472355936,0.5854626485568761,0.002454948853487656,0.9999999997235133,0.9919828214562011,0.9855281704452468,0.9855281704452468,0.9855281704451341,,1.2251610931599486e-12,0.9999999999667601,2.275791983689038e-13,,,,,1.0,,0.0,1.0,0.25,4.2715278714194565e-13,4.2715278714194565e-13,0.0,2.2095701998218256,0.6304403968409886,723,1.6586077681173865,0.7667497465127453,1065,241.83051916579925,0.8732544448816566,894.0,861.2919463087248,0.7023504928810799,326,0.49117026184683504,0.8233619396015222,0.4091722348267588,4,245.5,,,,,,,,,,,,,5.508650814191784e-19,0.036413600438416426,8.947981580831403e-27,0.9708935217050083,0.27596526434259905,0.001785657442401341,0.4429133514605821,0.9999999999999998,0.002454948853487656,0.9999999999999541,0.0008499884728391218,0.0007982210227401261,0.0007982210227401261,0.0007982210227337869,,0.0,9.572760819061336e-19,0.020163910573049823,2.11623863834008e-18,,,,,0.4782608695652174,,0.0,1.0,0.7906976744186046,1.4312912534434783e-18,1.4312912534434783e-18,0.9302325581395349,0.5674759776446953,0.17675400427451057,721,1.7104829741726395,0.8302843510216571,1208,344.36100243784864,0.8390836437206315,964.5,903.0254017625713,0.6941913545705961,456,1009.0473684210526,935.5,610.6543869996938,760,0.4758535102197843,0.8532293215616218,0.41093374637766444,5,343.25
rbio1.5,1.0,constant,4.901782535106127e-27,320.3438583413884,4915946.64533878,0.5373831775700935,82.08221988690383,206,smoothed,4.8289312139035926e-14,-2.1379367165508305e-10,6.208055252247178,33713.86703973128,0.9831410620396116,0.00014966566451320263,0.9999999999999999,362.4000000000001,,,,[],[],11,426.6,32.19999999999999,728.4,"[9, 31, 53, 64, 80, 102, 131, 148, 158, 175, 192]","[311.00000000000006, 417.79999999999995, 589.6000000000001, 432.20000000000016, 728.4, 371.00000000000017, 587.0000000000001, 32.19999999999999, 448.2, 368.0, 407.2000000000001]","[1, 1, 1, 60, 1, 94, 120, 144, 144, 165, 186]","[20, 40, 75, 75, 203, 120, 203, 149, 203, 186, 203]",30736475.840000007,728.4,-728.4,0.0,,,,DWT,mdp.39015067403892,1.1175870895385742e-08,,0.0,33.0,11.0,0.0,33.0,,0.0,168.4000000000001,987.7999999999984,168.40000000000003,,0.0,168.4000000000001,,,28.0,0.0,33.0,0.0,0.0,,1.1368683772161603e-13,5.724793412819957e-14,9.557666440660859e-27,0.9818930119465233,0.1063341265504232,0.04260311406985233,0.1669937930046742,0.04364583545222743,,0.999999664709775,4.4059791007223055e-09,4.4059791007223055e-09,3.6787269888316428e-09,,1.2251610931599486e-12,0.9999999955939887,0.0,,,,,,2.3840087137460624e-13,1.0,1.0,0.0,0.0,0.9999999009578642,0.3759218679540381,248,0.7478602788608296,0.37966463009084955,684,0,0.333333306066326,0.47426771797518136,247,0.0,0.19163855443196545,0.3381022764824839,677,250.0093331591176,0.737935709476816,464.0,362.97857257997265,0.6257812719291836,500,rbio,0.7685897546424816,0.816051598246696,0.21717169227625407,5,376.25,4.2666539173338566e-14,0.9999999999705129,2.6719484229232614e-27,0.9682186513047115,0.7483564137966886,0.00011160365185562487,0.13703885882931652,0.00042510656770862855,0.9999999997234068,2.0315811923354854e-05,4.745454029730922e-11,4.745454029730922e-11,3.962169481397382e-11,,1.2251610931599486e-12,0.0031261328403480726,0.0,,,,,0.0,,1.1061813170906958e-13,1.0,1.0,0.0,0.0,1.0,0.4015691612047782,0.11457677215662031,1110,1.7101507855464382,0.7905773182315764,662,316.7838379715733,0.8339707348157372,886.0,829.3679458239278,0.6848050739068204,437,0.3888041033402703,1.0,0.4278371276618108,3,328.5,,,,,,,,,,,,,2.8647927336076717e-19,0.9999999999715824,2.6719484229232614e-27,0.9769470752816776,0.23134377181353424,0.0012875257198199839,0.10367243818890637,0.9999999999999999,0.00042510656770862855,0.9999999999999541,9.960751159770423e-05,3.8435400695480126e-14,3.8435400695480126e-14,3.20911916831812e-14,,0.0,9.572760819061336e-19,0.00456704015061846,0.0,,,,,0.13043478260869565,,3.499932525657665e-21,1.0,1.0,0.0,0.0,1.0,0.4544873153722995,0.14156097535167125,1142,1.8441229118297862,0.8951544202264731,334,571.3422791987304,0.7330176265426493,738.0,516.840108401084,0.6940789067292685,457,818.67,599.5,715.6978453131971,300,0.38607403914171184,1.0,0.42974817260080167,3,343.5
coif14,1.0,antireflect,2.7899996899119034e-26,315.01575091849577,7631751.720252451,0.6076388888888888,287.94881654557844,206,raw,1.1699594906685802e-13,-2.1772394998010017e-10,6.848235706804047,160519.54173321882,0.9098297117495612,5.618943883690062e-06,0.9999999999999998,327.00000000000006,,,,[],[],13,661.1538461538462,87.00000000000011,939.9999999999999,"[8, 32, 51, 63, 81, 100, 111, 133, 152, 162, 175, 192, 204]","[878.0, 638.0000000000001, 787.0000000000002, 792.0000000000003, 939.9999999999999, 788.0000000000001, 637.0, 675.0000000000001, 771.0000000000002, 195.99999999999994, 834.0000000000009, 571.9999999999997, 87.00000000000011]","[0, 13, 39, 39, 76, 99, 107, 107, 107, 161, 99, 187, 203]","[76, 39, 61, 76, 205, 164, 119, 142, 164, 164, 205, 205, 205]",37754613.00000001,940.9999999999999,-940.9999999999999,0.0,,,,DWT,mdp.39015067403892,7.450580596923828e-09,,0.0,33.0,19.0,0.0,28.5,,1.1368683772161603e-13,256.3413461538462,4359.0,256.34134615384625,,0.0,256.3413461538462,,,84.00000000000011,0.0,19.5,1.1368683772161603e-13,1.1368683772161603e-13,,5.684341886080802e-14,1.2947856691358687e-13,1.8947007758391332e-26,0.9485567286897801,0.9695066464157279,0.0021334901067057164,0.3787202380952377,0.008321371707371811,0.9999999997233477,0.47422802461173236,6.6959667625959335e-09,6.6959667625959335e-09,6.082044361106239e-09,,2.859275438170267e-12,0.9999999933040264,1.3612963731558036e-13,,,,,,7.374542113937972e-14,1.0,0.0,1.4238426238064856e-13,1.4238426238064856e-13,0.7422684098793176,0.24267159368264746,805,1.6097707492855065,0.7731783423779106,323,0,0.20618566978275749,0.24635434483031998,805,0.0,0.4134048093422876,0.7508864594476716,358,268.55958370536695,0.7184910024052757,572.75,477.68361444206533,0.5590620630475016,679,coif,0.5507900112560971,0.8749445204262634,0.351963635992853,2,509.75,1.2947856691358687e-13,0.0001547883299646835,1.8947007758391332e-26,0.94855672868978,0.969506646415728,0.003164764640095215,0.5330592105263157,0.010667386400663299,0.9999999997233476,0.9919828214562036,0.9855281704452468,0.9855281704452468,0.9855281704451354,,6.125805465799743e-13,0.9999999999667601,7.585973278963461e-14,,,,,1.0,,7.374542113937972e-14,1.0,0.25,1.4238426238064856e-13,1.4238426238064856e-13,0.0,2.2095701998213677,0.630440396840858,809,1.6730068179009385,0.773406213450733,965,110.30865786510141,0.9421862380161943,887.0,880.1409244644871,0.7386507709997114,239,0.4784248188775415,0.776734912893196,0.43208215291776214,2,179.75,,,,,,,,,,,,,8.693680454021084e-19,0.03641360043841641,1.8947007758391332e-26,0.9626850996114414,0.29970922978023584,0.0020014832243410224,0.4032691787308888,0.9999999999999998,0.010667386400663299,0.9999999999999541,0.0008499884728391236,0.0007982210227401261,0.0007982210227401261,0.0007982210227337879,,0.0,4.786380409530668e-19,0.020163910573049823,7.054128794466933e-19,,,,,0.4782608695652174,,2.3332883504384434e-21,1.0,0.7906976744186046,4.770970844811595e-19,4.770970844811595e-19,0.9302325581395349,0.5674759776446953,0.17675400427451057,919,1.7049651224532807,0.8276059344556824,1244,229.80970388562795,0.8926122879039122,1081.5,1057.0836800739714,0.6936192280641056,458,986.6382352941176,846.0,585.0035688138154,340,0.4652856568234462,0.8173890317607586,0.42908333069536003,4,344.5
db38,1.0,symmetric,1.6386188087875896e-26,315.10261938670646,6731496.468447108,0.525,110.45222662836908,206,smoothed,8.786930191013859e-14,-2.0025301417092617e-10,6.684043939732478,32087.778937922794,0.9832388193300626,0.00014966566451320274,0.9999999999999997,362.4,,,,[],[],11,426.6,32.19999999999999,728.4000000000005,"[9, 31, 53, 64, 80, 102, 131, 148, 158, 175, 192]","[311.0, 417.7999999999999, 589.6000000000004, 432.1999999999999, 728.4000000000005, 370.99999999999966, 586.9999999999999, 32.19999999999999, 448.2000000000001, 368.00000000000017, 407.2]","[1, 1, 1, 60, 1, 94, 120, 144, 144, 165, 186]","[20, 40, 75, 75, 203, 120, 203, 149, 203, 186, 203]",30736475.83999999,728.4000000000005,-728.4000000000005,0.0,,,,DWT,mdp.39015067403892,7.450580596923828e-09,,0.0,33.0,11.0,0.0,33.0,,5.684341886080801e-13,168.4000000000001,987.7999999999984,168.40000000000006,,0.0,168.4000000000001,,,28.0,0.0,33.0,5.684341886080801e-13,5.684341886080801e-13,,0.0,1.4419962759227503e-13,4.3167923746117574e-26,0.9619793811024456,0.7929021427286898,0.8217551679577277,0.0819339520828841,0.030160957614734717,,0.999999664709775,4.4059791007223055e-09,4.4059791007223055e-09,3.6787565615428943e-09,,0.0,0.9999999955939887,3.7929866394817307e-13,,,,,,1.5893391424973748e-13,1.0,1.0,8.738507799082175e-13,8.738507799082175e-13,0.9999999009577598,0.37592186795399885,250,1.429354247883767,0.7256372174468195,54,0,0.33333330606639705,0.47426771797528244,203,0.0,0.3841045144980895,0.6776643204387555,63,98.94274438616844,0.8962864314610394,142.5,92.34112810836311,0.8734576811393246,61,db,0.573477938514061,0.8443824841957417,0.34525069778143475,3,46.5,9.267654291689723e-14,0.9999999999705138,1.0799074244325233e-26,0.9488772930035358,0.912786627515521,0.002152680142699078,0.06723684210526354,0.0002937650531272158,0.9999999997236109,2.0315811923354854e-05,4.745454029730922e-11,4.745454029730922e-11,3.9622027880881205e-11,,0.0,0.0031261328403480726,3.7929866394817307e-13,,,,,0.0,,7.374542113937972e-14,1.0,1.0,7.119213119032428e-13,7.119213119032428e-13,1.0,0.4015691612046217,0.11457677215657565,1138,1.753808272375214,0.8107595262272272,216,651.9524522539969,0.6583058426341736,677.0,363.0841949778435,0.6517420198495816,631,0.49117026184683504,0.8233619396015222,0.4091722348267588,4,474.25,,,,,,,,,,,,,6.22265343916414e-19,0.9999999999715831,1.0799074244325233e-26,0.9629176241988415,0.2821750403648783,0.0017648152841607673,0.050865918008388855,0.9999999999999997,0.0002937650531272158,0.9999999999999541,9.960751159770423e-05,3.8435400695480126e-14,3.8435400695480126e-14,3.2091408523615694e-14,,0.0,0.0,0.00456704015061846,3.5270643972334666e-18,,,,,0.13043478260869565,,2.3332883504384434e-21,1.0,1.0,2.3854854224057974e-18,2.3854854224057974e-18,1.0,0.4544873153722995,0.14156097535167125,1160,1.8401843755598872,0.8932426180745633,422,521.8448045156721,0.756147287609499,791.0,618.8621997471555,0.6932605596926,459,1009.0473684210526,935.5,610.6543869996938,760,0.4758535102197843,0.8532293215616218,0.41093374637766444,5,345.5
db19,1.0,reflect,7.369339446637451e-27,320.79750685391264,6748819.598735845,0.6239669421487604,290.65834652393465,206,raw,5.93096230164802e-14,-2.0155088709117608e-10,6.600613329376466,58623.95518137843,0.7694814375939703,5.618943883690066e-06,1.0,327.0,,,,[],[],13,661.1538461538462,86.99999999999989,939.9999999999998,"[8, 32, 51, 63, 81, 100, 111, 133, 152, 162, 175, 192, 204]","[878.0, 638.0000000000002, 787.0, 792.0, 939.9999999999998, 787.9999999999998, 637.0, 675.0, 770.9999999999999, 196.0, 834.0, 572.0, 86.99999999999989]","[0, 13, 42, 42, 76, 99, 107, 107, 107, 161, 164, 187, 203]","[76, 42, 61, 76, 205, 164, 119, 142, 164, 164, 205, 205, 205]",37754613.0,940.9999999999998,-940.9999999999998,0.0,,,,DWT,mdp.39015067403892,0.0,,0.0,33.0,19.0,0.0,28.5,,2.2737367544323206e-13,256.3413461538462,4359.0,256.34134615384613,,0.0,256.3413461538462,,,83.99999999999989,0.0,28.5,2.2737367544323206e-13,2.2737367544323206e-13,,0.0,5.659089315683923e-14,4.418155085456922e-27,0.9698927170169204,0.8839655369051368,0.0011398537071555625,0.5011806375442741,7.159964097550823e-05,0.9999999997235914,0.47422802461146824,6.6959667625959335e-09,6.6959667625959335e-09,6.0819563246244724e-09,,0.0,0.9999999933040264,2.7225927463116073e-13,,,,,,0.0,1.0,1.0,2.847685247612971e-13,2.847685247612971e-13,0.8422684098778705,0.27536483381644095,201,1.6249892202798517,0.7804878255339169,268,0,0.28951900311585216,0.34592250956956516,201,0.0,0.41953129306726383,0.7620142779179745,282,43.104524124504614,0.9548170606661377,238.0,232.18433179723505,0.8526705848404064,41,db,0.540986235965534,0.9305070477545101,0.3421575204977732,3,31.5,5.6590893156839216e-14,0.0001547883299646835,4.418155085456921e-27,0.9698927170169204,0.8839655369051368,0.0021721551433463333,0.6250978686385387,0.00243713082472257,0.9999999997235913,0.9919828214561996,0.9855281704452468,0.9855281704452468,0.9855281704451341,,0.0,0.9999999999667601,1.5171946557926922e-13,,,,,1.0,,0.0,1.0,0.75,2.847685247612971e-13,2.847685247612971e-13,0.0,2.259570199821118,0.6447065287086908,203,1.6760649124081413,0.7748199251391035,950,528.208765546351,0.7231610243467763,576.5,334.5186470078057,0.7105060886933043,305,0.49117026184683504,0.8233619396015222,0.4091722348267588,4,229.75,,,,,,,,,,,,,3.799726498684179e-19,0.03641360043841643,4.418155085456921e-27,0.9781613758831746,0.2732654089557496,0.0017693693587464893,0.4728981305161182,1.0,0.00243713082472257,0.9999999999999541,0.0008499884728391206,0.0007982210227401261,0.0007982210227401261,0.0007982210227337869,,0.0,0.0,0.020163910573049823,1.4108257588933865e-18,,,,,0.4782608695652174,,0.0,1.0,0.9302325581395349,9.54194168962319e-19,9.54194168962319e-19,0.9302325581395349,0.5814294660167882,0.18110015290550946,123,1.7254723993549954,0.837560357475764,1109,697.2072862499358,0.6742022026869459,616.0,221.43993506493504,0.6931758676986131,460,1009.0473684210526,935.5,610.6543869996938,760,0.4758535102197843,0.8532293215616218,0.41093374637766444,5,346.25
coif2,1.0,zero,6.0691138199389315e-27,321.6405396454482,5950191.105228998,0.625,279.83707294480007,206,raw,5.121038436887493e-14,-2.1548507422864136e-10,6.345109313685983,65500.51950445816,0.7699011254107778,5.618943883690066e-06,1.0,327.0000000000001,,,,[],[],13,661.1538461538462,86.99999999999994,940.0000000000001,"[8, 32, 51, 63, 81, 100, 111, 133, 152, 162, 175, 192, 204]","[878.0, 638.0, 787.0000000000001, 792.0000000000001, 940.0000000000001, 788.0, 637.0000000000002, 675.0000000000001, 771.0, 195.9999999999999, 834.0000000000002, 572.0, 86.99999999999994]","[0, 13, 42, 42, 76, 99, 107, 107, 107, 161, 99, 187, 203]","[76, 42, 61, 76, 205, 164, 119, 142, 164, 164, 205, 205, 205]",37754613.0,941.0000000000001,-941.0000000000001,0.0,,,,DWT,mdp.39015067403892,0.0,,0.0,33.0,19.0,0.0,28.5,,1.1368683772161603e-13,256.3413461538462,4359.0,256.3413461538462,,0.0,256.3413461538462,,,83.99999999999994,0.0,24.0,1.1368683772161603e-13,1.1368683772161603e-13,,1.1368683772161603e-13,4.635736461301842e-14,3.498029336167133e-27,0.9730036988709655,0.7957017167543616,0.0002410911391981997,0.5089285714285714,0.0006283468975061785,0.9999999997233815,0.47422802461153424,6.6959667625959335e-09,6.6959667625959335e-09,6.082000342865356e-09,,5.718550876340534e-12,0.9999999933040264,1.3612963731558036e-13,,,,,,0.0,1.0,0.5,1.4238426238064856e-13,1.4238426238064856e-13,0.7922684098806378,0.2590182137502124,407,1.5855963904891566,0.7615673159814459,407,0,0.2478523364496361,0.2961384272003384,409,0.0,0.40981292810175385,0.7443623578249742,405,1.632993161855452,0.9982882671259377,407.0,406.99508593575496,0.7858317645902225,162,coif,0.5507900112560971,0.8749445204262634,0.351963635992853,2,122.0,4.635736461301841e-14,0.0001547883299646835,3.498029336167132e-27,0.9730036988709655,0.7957017167543617,0.001274321428034799,0.6309210526315789,0.002992560983952758,0.9999999997233814,0.9919828214562006,0.9855281704452468,0.9855281704452468,0.9855281704451347,,1.2251610931599486e-12,0.9999999999667601,7.585973278963461e-14,,,,,1.0,,0.0,1.0,0.5,1.4238426238064856e-13,1.4238426238064856e-13,0.0,2.2345701998216363,0.6375734627748867,402,1.6359021202483461,0.7562532626045847,1168,541.6437943888955,0.7161196046179793,785.0,598.1350318471337,0.6523470140490315,626,0.4784248188775415,0.776734912893196,0.43208215291776214,2,470.0,,,,,,,,,,,,,3.1126087061582715e-19,0.03641360043841643,3.498029336167132e-27,0.9804179582318023,0.2459799007515008,0.0015594180586585515,0.4773034772020025,1.0,0.002992560983952758,0.9999999999999541,0.0008499884728391214,0.0007982210227401261,0.0007982210227401261,0.0007982210227337874,,0.0,9.572760819061336e-19,0.020163910573049823,7.054128794466933e-19,,,,,0.4782608695652174,,0.0,1.0,0.8604651162790697,4.770970844811595e-19,4.770970844811595e-19,0.9302325581395349,0.5744527218307418,0.17892707859001003,500,1.7150629297500497,0.8325075040735823,1174,476.589970519733,0.7772944062991902,837.0,701.3142174432497,0.6930864554860436,461,986.6382352941176,846.0,585.0035688138154,340,0.4652856568234462,0.8173890317607586,0.42908333069536003,4,346.75
db32,1.0,periodic,1.7922234300106656e-26,314.7134772362278,5893182.834161102,0.5335820895522388,108.89474218710949,206,smoothed,9.263355993814171e-14,-2.0200221495514416e-10,6.575292461913593,30901.260772265057,0.9797997270325566,0.00014966566451320284,0.9999999999999997,362.3999999999999,,,,[],[],11,426.59999999999997,32.19999999999993,728.3999999999999,"[9, 31, 53, 64, 80, 102, 131, 148, 158, 175, 192]","[311.0000000000001, 417.79999999999984, 589.5999999999997, 432.2000000000003, 728.3999999999999, 371.00000000000006, 586.9999999999995, 32.19999999999993, 448.1999999999999, 368.0000000000001, 407.20000000000005]","[1, 1, 1, 60, 1, 94, 120, 144, 144, 165, 186]","[20, 40, 75, 75, 203, 120, 203, 149, 203, 186, 203]",30736475.840000004,728.3999999999999,-728.3999999999999,0.0,,,,DWT,mdp.39015067403892,7.450580596923828e-09,,0.0,33.0,11.0,0.0,33.0,,1.1368683772161603e-13,168.40000000000003,987.7999999999993,168.39999999999998,,0.0,168.40000000000003,,,27.999999999999943,0.0,33.0,1.1368683772161603e-13,1.1368683772161603e-13,,5.684341886080802e-14,1.5466603513887675e-13,4.76633160577986e-26,0.960500869399868,0.6360385694008628,0.46198878664306947,0.14088418258373633,0.0203213600566038,,0.9999996646602125,4.4059199552998455e-09,4.4059199552998455e-09,3.67866784340914e-09,,6.125805465799743e-13,0.9999999955940747,7.585973278963461e-14,,,,,,1.5893391424973748e-13,1.0,1.0,1.7477015598164352e-13,1.7477015598164352e-13,0.9999999009427472,0.37592186794835525,277,1.1897964167180695,0.604021405074177,131,0,0.33333330606216593,0.4742677179692624,277,0.0,0.3171048240120422,0.5594587331335324,135,83.15447472425441,0.9128359803728989,205.0,179.6847375563951,0.8489756421780636,85,db,0.573477938514061,0.8443824841957417,0.34525069778143475,3,64.5,9.869626558973302e-14,0.9999999999705145,1.1886082255051267e-26,0.9474412703708003,0.8752184474092441,0.0012102316187774021,0.11561272584446236,0.0001979282452798871,0.9999999997235846,2.0315811922300142e-05,4.745387416349445e-11,4.745387416349445e-11,3.962102868015904e-11,,6.125805465799743e-13,0.0031261328403482946,7.585973278963461e-14,,,,,0.0,,7.374542113937972e-14,1.0,1.0,1.4238426238064856e-13,1.4238426238064856e-13,1.0,0.40156916120454755,0.1145767721565545,1159,1.7530033632530055,0.810387428690195,224,661.1448404094219,0.6534880291355232,691.5,375.43890093998556,0.6455333227438622,670,0.49117026184683504,0.8233619396015222,0.4091722348267588,4,503.5,,,,,,,,,,,,,6.626840375944087e-19,0.9999999999715838,1.1886082255051267e-26,0.9618759905676305,0.27056137029307015,0.001544431164597317,0.0874631712227662,0.9999999999999997,0.00019792824527988754,0.9999999999999541,9.960751159770347e-05,3.8434858594393884e-14,3.8434858594393884e-14,3.2090649582094954e-14,,0.0,4.786380409530668e-19,0.004567040150618464,7.054128794466933e-19,,,,,0.13043478260869565,,2.3332883504384434e-21,1.0,1.0,4.770970844811595e-19,4.770970844811595e-19,1.0,0.4544873153722995,0.14156097535167125,1137,1.8482429348480873,0.8971543177347188,284,603.162084352125,0.7181485587139602,710.5,454.4799437016186,0.6930696064597839,462,1009.0473684210526,935.5,610.6543869996938,760,0.4758535102197843,0.8532293215616218,0.41093374637766444,5,347.75
db8,1.0,smooth,4.13250146390645e-27,321.08526858156813,4962607.757770441,0.55,71.33538420502187,206,smoothed,4.13951505220432e-14,-1.999155729848216e-10,6.193613789418051,36674.2294214876,0.9861645452434632,0.00014966566451320268,0.9999999999999997,362.3999999999999,,,,[],[],11,426.59999999999997,32.19999999999996,728.3999999999999,"[9, 31, 53, 64, 80, 102, 131, 148, 158, 175, 192]","[311.0, 417.79999999999995, 589.6000000000001, 432.19999999999993, 728.3999999999999, 370.99999999999994, 587.0, 32.19999999999996, 448.2, 367.9999999999999, 407.1999999999998]","[1, 1, 1, 60, 1, 94, 120, 144, 144, 165, 186]","[20, 40, 75, 75, 203, 120, 203, 149, 203, 186, 203]",30736475.83999999,728.3999999999999,-728.3999999999999,0.0,,,,DWT,mdp.39015067403892,7.450580596923828e-09,,0.0,33.0,11.0,0.0,33.0,,1.1368683772161603e-13,168.40000000000003,987.7999999999993,168.39999999999998,,0.0,168.40000000000003,,,27.99999999999997,0.0,33.0,1.1368683772161603e-13,1.1368683772161603e-13,,5.684341886080802e-14,4.210242673723478e-14,7.306288724641179e-27,0.9847099355698528,0.08550370190800577,0.0626279578527552,0.2536585365853664,0.06819562769798272,,0.9999996646849938,4.4059199552998455e-09,4.4059199552998455e-09,3.67866784340914e-09,,6.125805465799743e-13,0.9999999955940747,7.585973278963461e-14,,,,,,1.5893391424973748e-13,1.0,1.0,1.7477015598164352e-13,1.7477015598164352e-13,0.9999999009501814,0.37592186795114996,264,0.7936334569356445,0.4029022016173501,532,0,0.333333306064231,0.47426771797220063,262,0.0,0.20781367994485792,0.3666395756418781,512,149.75869479488216,0.8430202360640648,392.5,349.7268698549641,0.7157973297720743,297,db,0.573477938514061,0.8443824841957417,0.34525069778143475,3,223.5,3.395564636441151e-14,0.9999999999705134,2.127554198169085e-27,0.9709546229380345,0.7433676128401969,0.00016406098373859704,0.20815789473684254,0.0006642193676222878,0.999999999723616,2.0315811922799742e-05,4.745387416349445e-11,4.745387416349445e-11,3.962102868015904e-11,,6.125805465799743e-13,0.0031261328403482946,7.585973278963461e-14,,,,,0.0,,7.374542113937972e-14,1.0,1.0,1.4238426238064856e-13,1.4238426238064856e-13,1.0,0.40156916120454766,0.11457677215655453,1156,1.7378674561971847,0.8033903235750635,366,558.6143571373725,0.7072251796973938,761.0,555.9737187910645,0.6541891097648395,604,0.49117026184683504,0.8233619396015222,0.4091722348267588,4,454.0,,,,,,,,,,,,,2.2799104603849267e-19,0.9999999999715827,2.127554198169085e-27,0.9789316401501852,0.22980155475115024,0.0012997924512204112,0.1574753078067924,0.9999999999999997,0.0006642193676222878,0.9999999999999541,9.960751159770391e-05,3.8434858594393884e-14,3.8434858594393884e-14,3.2090649582094954e-14,,0.0,4.786380409530668e-19,0.004567040150618464,7.054128794466933e-19,,,,,0.13043478260869565,,2.3332883504384434e-21,1.0,1.0,4.770970844811595e-19,4.770970844811595e-19,1.0,0.4544873153722995,0.14156097535167125,1114,1.8661654685525186,0.9058540823568398,149,682.3580438450184,0.6811411010070008,631.5,262.84402216943784,0.6930238215315377,463,1009.0473684210526,935.5,610.6543869996938,760,0.4758535102197843,0.8532293215616218,0.41093374637766444,5,348.5
db7,1.0,reflect,5.0395498163014236e-27,322.44787504263843,6163010.972746221,0.6284403669724771,308.0000570258156,206,raw,4.596107744661813e-14,-2.0306700765360404e-10,6.434448993567889,61550.16261621062,0.7647257122761365,5.618943883690066e-06,1.0,327.0,,,,[],[],13,661.1538461538462,86.99999999999994,939.9999999999999,"[8, 32, 51, 63, 81, 100, 111, 133, 152, 162, 175, 192, 204]","[878.0, 638.0, 786.9999999999998, 791.9999999999999, 939.9999999999999, 788.0, 637.0, 675.0, 771.0, 196.0, 834.0, 571.9999999999999, 86.99999999999994]","[0, 13, 42, 42, 76, 99, 107, 107, 107, 161, 164, 187, 203]","[76, 39, 61, 76, 205, 164, 119, 142, 164, 164, 205, 205, 205]",37754613.0,940.9999999999999,-940.9999999999999,0.0,,,,DWT,mdp.39015067403892,0.0,,0.0,33.0,19.0,0.0,28.5,,1.1368683772161603e-13,256.3413461538462,4359.0,256.3413461538461,,0.0,256.3413461538462,,,83.99999999999994,0.0,28.5,1.1368683772161603e-13,1.1368683772161603e-13,,0.0,3.972477424724689e-14,2.7694416735057105e-27,0.9759829492583819,0.82656409445952,0.0004805949037110617,0.5347313237221495,0.0003085141646882507,0.9999999997235687,0.47422802461153424,6.6959667625959335e-09,6.6959667625959335e-09,6.081912306383589e-09,,0.0,0.9999999933040264,1.3612963731558036e-13,,,,,,0.0,1.0,1.0,1.4238426238064856e-13,1.4238426238064856e-13,0.8422684098777521,0.2753648338164022,211,1.6131280492808189,0.7747908649351711,312,0,0.28951900311581896,0.34592250956952547,212,0.0,0.41725843452900735,0.757885978822151,311,57.73791359814335,0.9394780779893676,261.5,251.9386694201459,0.8326845316571576,64,db,0.540986235965534,0.9305070477545101,0.3421575204977732,3,48.75,3.9724774247246885e-14,0.0001547883299646835,2.7694416735057105e-27,0.9759829492583819,0.8265640944595201,0.0015135776703284621,0.6503138580395945,0.002673484879612221,0.9999999997235685,0.9919828214562006,0.9855281704452468,0.9855281704452468,0.9855281704451335,,0.0,0.9999999999667601,7.585973278963461e-14,,,,,1.0,,0.0,1.0,0.75,1.4238426238064856e-13,1.4238426238064856e-13,0.0,2.2595701998210234,0.6447065287086639,215,1.6608699791760648,0.7677955330990271,1046,587.605735166021,0.692030537124727,630.5,356.6851704996035,0.6807899016860532,460,0.49117026184683504,0.8233619396015222,0.4091722348267588,4,346.0,,,,,,,,,,,,,2.6672715156337623e-19,0.03641360043841643,2.7694416735057105e-27,0.9825789878204656,0.25552056711556964,0.0016153662351048763,0.49197449414673694,1.0,0.002673484879612221,0.9999999999999541,0.0008499884728391214,0.0007982210227401261,0.0007982210227401261,0.0007982210227337863,,0.0,0.0,0.020163910573049823,7.054128794466933e-19,,,,,0.4782608695652174,,0.0,1.0,0.9302325581395349,4.770970844811595e-19,4.770970844811595e-19,0.9302325581395349,0.5814294660167882,0.18110015290550946,38,1.7268986311096628,0.8382526636399941,1097,748.8260812765539,0.6500812704315169,567.5,73.45550660792952,0.6924471772718332,464,1009.0473684210526,935.5,610.6543869996938,760,0.4758535102197843,0.8532293215616218,0.41093374637766444,5,349.25
db24,1.0,reflect,1.1968476129703536e-26,316.4670101628639,5784670.477265754,0.5198412698412699,104.53424555731601,206,smoothed,7.42485900162786e-14,-2.017824574096499e-10,6.5216380992673315,30112.46434489748,0.9826232563252733,0.00014966566451320263,1.0,362.4,,,,[],[],11,426.59999999999985,32.20000000000002,728.4,"[9, 31, 53, 64, 80, 102, 131, 148, 158, 175, 192]","[311.00000000000017, 417.80000000000007, 589.5999999999998, 432.1999999999995, 728.4, 371.0000000000002, 586.9999999999999, 32.20000000000002, 448.2, 367.9999999999999, 407.19999999999993]","[1, 1, 1, 60, 1, 94, 120, 144, 144, 165, 186]","[20, 40, 75, 75, 203, 120, 203, 149, 203, 186, 203]",30736475.839999992,728.4,-728.4,0.0,,,,DWT,mdp.39015067403892,3.725290298461914e-09,,0.0,33.0,11.0,0.0,33.0,,0.0,168.39999999999992,987.8000000000002,168.39999999999995,,0.0,168.39999999999992,,,28.00000000000003,0.0,33.0,0.0,0.0,,0.0,1.1427683144688315e-13,3.02390494623497e-26,0.9671632650043985,0.5586472987890153,0.41542017989314617,0.04649872036014982,0.013780002641914813,,0.9999996647345563,4.405801664454926e-09,4.405801664454926e-09,3.6786382706978885e-09,,0.0,0.9999999955941608,0.0,,,,,,7.946695712486874e-14,1.0,1.0,0.0,0.0,0.9999999009645595,0.375921867956555,196,1.09144318754458,0.554090631334899,164,0,0.3333333060682532,0.4742677179779234,197,0.0,0.285929923812677,0.5044577717781201,181,15.50268793897798,0.9837498029989749,184.5,183.48113975646172,0.8951767882919403,50,db,0.573477938514061,0.8443824841957417,0.34525069778143475,3,38.25,7.546653713515761e-14,0.9999999999705129,7.672808739175093e-27,0.953912203850504,0.8566835566674449,0.0010882399125702329,0.03815789473684256,0.00013421600401101455,0.9999999997235879,2.0315811923854454e-05,4.74525418958649e-11,4.74525418958649e-11,3.9620695613251655e-11,,0.0,0.003126132840348572,0.0,,,,,0.0,,3.687271056968986e-14,1.0,1.0,0.0,0.0,1.0,0.40156916120412767,0.11457677215643469,1236,1.7165500647772631,0.7935356100124407,579,464.5691552395617,0.7565151177989718,907.5,788.5884297520662,0.6404430934906808,705,0.49117026184683504,0.8233619396015222,0.4091722348267588,4,529.75,,,,,,,,,,,,,5.067108591512607e-19,0.9999999999715824,7.672808739175093e-27,0.9665697480225177,0.26483157169001503,0.0015159043707363247,0.02886715503411519,1.0,0.00013421600401101498,0.9999999999999541,9.960751159770467e-05,3.8433882812438647e-14,3.8433882812438647e-14,3.209043274166046e-14,,0.0,0.0,0.004567040150618468,0.0,,,,,0.13043478260869565,,1.1666441752192217e-21,1.0,1.0,0.0,0.0,1.0,0.4544873153722995,0.14156097535167125,1202,1.824716135250593,0.8857341903026578,646,393.1513703397204,0.8162844063833082,924.0,840.3593073593073,0.6922543527243643,465,1009.0473684210526,935.5,610.6543869996938,760,0.4758535102197843,0.8532293215616218,0.41093374637766444,5,350.0
db7,1.0,symmetric,4.994454544360246e-27,322.4869118198211,6124744.779511342,0.6284403669724771,303.20572543711086,206,raw,4.451239808244705e-14,-2.029877377296458e-10,6.422625059142028,62137.59140831317,0.7674862252490904,5.618943883690066e-06,1.0,327.0,,,,[],[],13,661.1538461538462,86.99999999999997,939.9999999999999,"[8, 32, 51, 63, 81, 100, 111, 133, 152, 162, 175, 192, 204]","[877.9999999999999, 638.0, 786.9999999999998, 791.9999999999999, 939.9999999999999, 788.0, 637.0, 675.0, 771.0, 196.0, 834.0, 571.9999999999999, 86.99999999999997]","[0, 13, 42, 42, 76, 99, 107, 107, 107, 161, 164, 187, 203]","[76, 39, 61, 76, 205, 164, 119, 142, 164, 164, 205, 205, 205]",37754613.0,940.9999999999999,-940.9999999999999,0.0,,,,DWT,mdp.39015067403892,0.0,,0.0,33.0,19.0,0.0,28.5,,1.1368683772161603e-13,256.3413461538462,4359.0,256.3413461538461,,0.0,256.3413461538462,,,83.99999999999997,0.0,28.5,1.1368683772161603e-13,1.1368683772161603e-13,,0.0,3.7894342737678736e-14,2.737529273048213e-27,0.9761270038036796,0.8224795182589526,0.0004375307977126472,0.5347313237221495,0.0003560741602099315,0.9999999997235698,0.47422802461156727,6.6959667625959335e-09,6.6959667625959335e-09,6.081912306383589e-09,,0.0,0.9999999933040264,1.3612963731558036e-13,,,,,,0.0,1.0,1.0,1.4238426238064856e-13,1.4238426238064856e-13,0.842268409877762,0.2753648338164055,210,1.6111696858529234,0.773850256348746,320,0,0.28951900311582174,0.3459225095695288,210,0.0,0.41676643130828894,0.7569923303979108,318,62.93647591023825,0.9340288512471298,264.5,253.26933333333335,0.8283875912420136,74,db,0.540986235965534,0.9305070477545101,0.3421575204977732,3,56.25,3.789434273767872e-14,0.0001547883299646835,2.737529273048213e-27,0.9761270038036796,0.8224795182589527,0.0014705580701986974,0.6503138580395945,0.0027209323624255268,0.9999999997235697,0.9919828214562011,0.9855281704452468,0.9855281704452468,0.9855281704451335,,0.0,0.9999999999667601,7.585973278963461e-14,,,,,1.0,,0.0,1.0,0.75,1.4238426238064856e-13,1.4238426238064856e-13,0.0,2.259570199821024,0.644706528708664,206,1.6589115929960203,0.766890200243371,1063,605.9905114768712,0.682394910127426,634.5,345.11899133175734,0.6749238701580527,483,0.49117026184683504,0.8233619396015222,0.4091722348267588,4,363.25,,,,,,,,,,,,,2.544369424449996e-19,0.03641360043841643,2.737529273048213e-27,0.9826834792509558,0.25425787831237623,0.0016053064424924176,0.49197449414673694,1.0,0.0027209323624255268,0.9999999999999541,0.0008499884728391218,0.0007982210227401261,0.0007982210227401261,0.0007982210227337863,,0.0,0.0,0.020163910573049823,7.054128794466933e-19,,,,,0.4782608695652174,,0.0,1.0,0.9302325581395349,4.770970844811595e-19,4.770970844811595e-19,0.9302325581395349,0.5814294660167882,0.18110015290550946,66,1.7263439306631794,0.8379834068820058,1103,733.2697320904498,0.6573505924810983,584.5,124.54747647562019,0.6921098756798014,466,1009.0473684210526,935.5,610.6543869996938,760,0.4758535102197843,0.8532293215616218,0.41093374637766444,5,350.75
coif10,1.0,periodic,1.783188674992763e-26,316.9598194957197,7025267.271056627,0.6174242424242424,293.63343906753477,206,raw,8.929211199994948e-14,-2.1386137305512705e-10,6.718641772059798,60157.299987797385,0.739401901553151,5.618943883690066e-06,0.9999999999999999,327.0,,,,[],[],13,661.1538461538463,87.00000000000017,939.9999999999999,"[8, 32, 51, 63, 81, 100, 111, 133, 152, 162, 175, 192, 204]","[878.0000000000002, 637.9999999999998, 787.0000000000003, 792.0000000000002, 939.9999999999999, 788.0000000000001, 637.0000000000002, 675.0000000000005, 771.0000000000001, 196.0, 834.0000000000001, 572.0000000000002, 87.00000000000017]","[0, 13, 42, 42, 76, 99, 107, 107, 107, 161, 99, 187, 203]","[76, 42, 61, 76, 205, 164, 119, 142, 164, 164, 205, 205, 205]",37754613.0,940.9999999999999,-940.9999999999999,0.0,,,,DWT,mdp.39015067403892,0.0,,0.0,33.0,19.0,0.0,28.5,,1.1368683772161603e-13,256.3413461538463,4358.999999999998,256.3413461538463,,0.0,256.3413461538463,,,84.00000000000017,0.0,24.0,1.1368683772161603e-13,1.1368683772161603e-13,,0.0,9.447428814950883e-14,1.182214634608441e-26,0.955730781855312,0.924738442996357,0.001450963092684557,0.45211038961038963,0.00019574383190877577,0.9999999997234059,0.4742280246117984,6.696054799077647e-09,6.696054799077647e-09,6.082088379347123e-09,,0.0,0.9999999933039181,1.3612963731558036e-13,,,,,,0.0,1.0,0.5,1.4238426238064856e-13,1.4238426238064856e-13,0.7922684098778829,0.2590182137493117,505,1.617455625424018,0.7768694144121062,296,0,0.24785233644919458,0.29613842719981087,502,0.0,0.4167782901387691,0.7570138701454686,317,114.06723163701893,0.8804326712400221,405.0,380.7644500097631,0.7279521846766148,289,coif,0.5507900112560971,0.8749445204262634,0.351963635992853,2,217.25,9.447428814950882e-14,0.0001547883299646835,1.182214634608441e-26,0.955730781855312,0.9247384429963571,0.002482943003718191,0.5882177033492824,0.00256098132767295,0.9999999997234058,0.9919828214562046,0.9855281704452481,0.9855281704452481,0.985528170445136,,0.0,0.9999999999667596,7.585973278963461e-14,,,,,1.0,,0.0,1.0,0.5,1.4238426238064856e-13,1.4238426238064856e-13,0.0,2.2345701998210257,0.6375734627747125,515,1.673407072372387,0.7735912451504652,962,316.07673119038674,0.834341335854095,738.5,670.8598510494245,0.7236434142582844,273,0.4784248188775415,0.776734912893196,0.43208215291776214,2,205.25,,,,,,,,,,,,,6.343360850148197e-19,0.03641360043841643,1.182214634608441e-26,0.9678888720861687,0.2858697746150042,0.0018420446372795296,0.44499760150551665,0.9999999999999999,0.00256098132767295,0.9999999999999541,0.0008499884728391244,0.0007982210227401272,0.0007982210227401272,0.0007982210227337884,,0.0,0.0,0.020163910573049813,7.054128794466933e-19,,,,,0.4782608695652174,,0.0,1.0,0.8604651162790697,4.770970844811595e-19,4.770970844811595e-19,0.9302325581395349,0.5744527218307418,0.17892707859001003,520,1.7145367461426255,0.8322520896546111,1181,467.39758236430794,0.7815899147830336,850.5,722.0693709582598,0.6920800041204888,467,986.6382352941176,846.0,585.0035688138154,340,0.4652856568234462,0.8173890317607586,0.42908333069536003,4,351.25
coif1,1.0,reflect,2.986826517103991e-27,322.49529875897565,4956058.133921151,0.5285714285714286,106.01605042994301,206,smoothed,3.394048796057954e-14,-2.099421081425138e-10,6.214935615067131,32944.550188834,0.9756069595065427,0.00014966566451320274,0.9999999999999999,362.4,,,,[],[],11,426.6,32.200000000000045,728.4000000000001,"[9, 31, 53, 64, 80, 102, 131, 148, 158, 175, 192]","[311.00000000000006, 417.80000000000007, 589.6, 432.19999999999993, 728.4000000000001, 371.0000000000001, 587.0, 32.200000000000045, 448.2000000000001, 368.0, 407.2000000000001]","[1, 1, 1, 60, 1, 94, 120, 144, 144, 165, 186]","[20, 40, 75, 75, 203, 120, 203, 149, 203, 186, 203]",30736475.840000007,728.4000000000001,-728.4000000000001,0.0,,,,DWT,mdp.39015067403892,1.1175870895385742e-08,,0.0,33.0,11.0,0.0,33.0,,1.1368683772161603e-13,168.4000000000001,987.7999999999984,168.40000000000003,,0.0,168.4000000000001,,,28.000000000000057,0.0,33.0,1.1368683772161603e-13,1.1368683772161603e-13,,0.0,2.5725577281963944e-14,3.953356822897316e-27,0.9900672224012078,0.11625838982827263,0.05981715486105871,0.10646603558323861,0.03726601892129247,,0.9999996647593375,4.4059791007223055e-09,4.4059791007223055e-09,3.6787269888316428e-09,,0.0,0.9999999955939887,7.585973278963461e-14,,,,,,2.3840087137460624e-13,1.0,1.0,1.7477015598164352e-13,1.7477015598164352e-13,0.9999999009722282,0.3759218679594378,127,0.7395709275872105,0.3754563928385842,695,0,0.3333333060703895,0.47426771798096296,126,0.0,0.18712497451358512,0.33013909991807405,713,333.50099949875215,0.6504182395191278,415.25,214.45539657018674,0.6075728514157483,552,coif,0.5556920286951962,0.9053407607371553,0.33941335169221604,4,415.0,2.4536550888092026e-14,0.9999999999705138,1.3167987437131962e-27,0.9761579535078699,0.7507332339999692,0.00015669776897439688,0.08736842105263184,0.0003629677203254673,0.9999999997234649,2.0315811924354055e-05,4.745454029730922e-11,4.745454029730922e-11,3.962169481397382e-11,,0.0,0.0031261328403480726,7.585973278963461e-14,,,,,0.0,,1.1061813170906958e-13,1.0,1.0,1.4238426238064856e-13,1.4238426238064856e-13,1.0,0.4015691612042608,0.11457677215647268,1184,1.696232293378924,0.7841430059448358,775,289.20667350529794,0.8484241753116887,979.5,936.8044920877999,0.6675296977187375,518,0.4784248188775415,0.776734912893196,0.43208215291776214,2,389.0,,,,,,,,,,,,,1.6474767828351315e-19,0.9999999999715831,1.3167987437131962e-27,0.9827059289338688,0.23207853207029464,0.0012980706217923038,0.06609583083673215,0.9999999999999999,0.00036296772032546774,0.9999999999999541,9.960751159770499e-05,3.8435400695480126e-14,3.8435400695480126e-14,3.20911916831812e-14,,0.0,0.0,0.00456704015061846,7.054128794466933e-19,,,,,0.13043478260869565,,3.499932525657665e-21,1.0,1.0,4.770970844811595e-19,4.770970844811595e-19,1.0,0.4544873153722995,0.14156097535167125,1180,1.832895378120644,0.8897044708963561,514,470.93311627024065,0.7799377961354016,847.0,716.0802833530106,0.6920717018060185,468,986.6382352941176,846.0,585.0035688138154,340,0.4652856568234462,0.8173890317607586,0.42908333069536003,4,352.0
db8,1.0,antisymmetric,4.3351812752202006e-27,323.1017198467739,6212232.071991257,0.6272727272727273,288.27170167745186,206,raw,4.1890978280613676e-14,-2.0693713409514482e-10,6.432005854581999,89562.03454975222,0.8454731880553787,5.6189438836900665e-06,1.0,327.0,,,,[],[],13,661.1538461538462,86.99999999999997,940.0,"[8, 32, 51, 63, 81, 100, 111, 133, 152, 162, 175, 192, 204]","[877.9999999999999, 637.9999999999999, 787.0, 792.0, 940.0, 788.0, 637.0000000000001, 675.0, 770.9999999999999, 196.0, 833.9999999999999, 571.9999999999999, 86.99999999999997]","[0, 13, 42, 42, 76, 99, 107, 107, 107, 161, 164, 187, 203]","[76, 42, 61, 76, 205, 164, 119, 142, 164, 164, 205, 205, 205]",37754613.0,941.0,-941.0,0.0,,,,DWT,mdp.39015067403892,0.0,,0.0,33.0,19.0,0.0,28.5,,0.0,256.3413461538462,4359.0,256.3413461538461,,0.0,256.3413461538462,,,83.99999999999997,0.0,28.5,0.0,0.0,,0.0,3.4582133339412545e-14,2.2709838533163293e-27,0.9783957846088575,0.8257201124991145,0.0005359874697349705,0.5259740259740263,0.0025764392674819028,0.9999999997235103,0.47422802461156727,6.6959667625959335e-09,6.6959667625959335e-09,6.081912306383589e-09,,0.0,0.9999999933040264,0.0,,,,,,0.0,1.0,1.0,0.0,0.0,0.8422684098776371,0.2753648338163646,220,1.611585706735757,0.7740500725876277,318,0,0.2895190031157866,0.34592250956948684,220,0.0,0.416650293692845,0.7567813842238492,321,57.45940596049818,0.9397700147164589,269.75,260.57226399331665,0.8285066006496341,72,db,0.540986235965534,0.9305070477545101,0.3421575204977732,3,54.75,3.458213333941254e-14,0.0001547883299646835,2.2709838533163293e-27,0.9783957846088575,0.8257201124991146,0.001568912989273615,0.6437320574162682,0.004936044750704149,0.9999999997235102,0.9919828214562011,0.9855281704452468,0.9855281704452468,0.9855281704451335,,0.0,0.9999999999667601,0.0,,,,,1.0,,0.0,1.0,0.75,0.0,0.0,0.0,2.2595701998209288,0.6447065287086369,219,1.6601956607647015,0.7674838057087903,1049,586.8986283848344,0.6924011381630847,634.0,362.3517350157729,0.6800580114295507,462,0.49117026184683504,0.8233619396015222,0.4091722348267588,4,347.5,,,,,,,,,,,,,2.3219751642127057e-19,0.03641360043841644,2.2709838533163293e-27,0.9843291624976173,0.2552596620622245,0.001628305960975256,0.48699523991094845,1.0,0.004936044750704149,0.9999999999999541,0.0008499884728391218,0.0007982210227401261,0.0007982210227401261,0.0007982210227337863,,0.0,0.0,0.020163910573049823,0.0,,,,,0.4782608695652174,,0.0,1.0,0.9302325581395349,0.0,0.0,0.9302325581395349,0.5814294660167882,0.18110015290550946,40,1.7267380755063377,0.8381747284562346,1100,749.5331880577404,0.6497508467019905,570.0,77.19298245614036,0.6916978532575373,469,1009.0473684210526,935.5,610.6543869996938,760,0.4758535102197843,0.8532293215616218,0.41093374637766444,5,353.0
db27,1.0,symmetric,1.4178882516051977e-26,317.95537242822445,6992532.427954074,0.624031007751938,293.8428584064715,206,raw,8.009558496489915e-14,-2.0303558834200717e-10,6.700864050012466,57939.22489292032,0.7823030134453464,5.618943883690066e-06,1.0,326.9999999999999,,,,[],[],13,661.1538461538462,86.99999999999989,939.9999999999999,"[8, 32, 51, 63, 81, 100, 111, 133, 152, 162, 175, 192, 204]","[878.0000000000003, 637.9999999999999, 786.9999999999998, 792.0, 939.9999999999999, 788.0, 637.0000000000001, 675.0, 771.0000000000001, 196.00000000000006, 834.0, 571.9999999999999, 86.99999999999989]","[0, 13, 42, 42, 76, 99, 107, 107, 107, 161, 164, 187, 203]","[76, 39, 61, 76, 205, 164, 119, 142, 164, 164, 205, 205, 205]",37754613.0,940.9999999999999,-940.9999999999999,0.0,,,,DWT,mdp.39015067403892,0.0,,0.0,33.0,19.0,0.0,28.5,,1.1368683772161603e-13,256.3413461538462,4359.0,256.34134615384613,,0.0,256.3413461538462,,,83.99999999999989,0.0,28.5,1.1368683772161603e-13,1.1368683772161603e-13,,1.1368683772161603e-13,8.285431669144667e-14,9.237038662590823e-27,0.9594045975584026,0.9185971318422614,0.0014141238715852165,0.5016611295681063,1.6161824698124458e-05,0.9999999997235691,0.47422802461146824,6.6959667625959335e-09,6.6959667625959335e-09,6.0819563246244724e-09,,5.718550876340534e-12,0.9999999933040264,1.3612963731558036e-13,,,,,,0.0,1.0,1.0,1.4238426238064856e-13,1.4238426238064856e-13,0.8422684098806047,0.27536483381733484,149,1.636319302838539,0.7859297025562314,232,0,0.2895190031162937,0.34592250957009274,148,0.0,0.42263664304858817,0.7676546700956376,238,50.002499937503124,0.9475864780529317,191.75,181.98203469848144,0.8732953354625246,23,db,0.540986235965534,0.9305070477545101,0.3421575204977732,3,18.0,8.285431669144666e-14,0.0001547883299646835,9.237038662590823e-27,0.9594045975584026,0.9185971318422615,0.0024461418551968693,0.6254589963280295,0.00238182415771859,0.999999999723569,0.9919828214561996,0.9855281704452468,0.9855281704452468,0.9855281704451341,,1.2251610931599486e-12,0.9999999999667601,7.585973278963461e-14,,,,,1.0,,0.0,1.0,0.75,1.4238426238064856e-13,1.4238426238064856e-13,0.0,2.259570199821636,0.6447065287088387,149,1.6873471599665117,0.7800355406823092,869,509.11688245431424,0.7331672523824349,509.0,254.38310412573674,0.7331978819564166,251,0.49117026184683504,0.8233619396015222,0.4091722348267588,4,189.25,,,,,,,,,,,,,5.563152039151252e-19,0.03641360043841643,9.237038662590823e-27,0.9705537116952219,0.283971275370425,0.0018334389803020571,0.4731713303105915,1.0,0.00238182415771859,0.9999999999999541,0.0008499884728391206,0.0007982210227401261,0.0007982210227401261,0.0007982210227337869,,0.0,9.572760819061336e-19,0.020163910573049823,7.054128794466933e-19,,,,,0.4782608695652174,,0.0,1.0,0.9302325581395349,4.770970844811595e-19,4.770970844811595e-19,0.9302325581395349,0.5814294660167882,0.18110015290550946,48,1.726379926111327,0.8380008794074599,1102,745.2905473706211,0.651733389079149,575.0,91.99304347826087,0.6915209001470511,470,1009.0473684210526,935.5,610.6543869996938,760,0.4758535102197843,0.8532293215616218,0.41093374637766444,5,353.75
bior1.5,1.0,reflect,5.24704321090577e-27,320.0482523349308,5047020.641103592,0.5467289719626168,149.1876841401262,206,smoothed,4.813409649287475e-14,-2.1298716124107439e-10,6.265429550490376,34490.94888916027,0.9518202033018337,0.00014966566451320276,1.0,362.40000000000003,,,,[],[],11,426.6,32.20000000000002,728.4,"[9, 31, 53, 64, 80, 102, 131, 148, 158, 175, 192]","[311.0, 417.80000000000007, 589.6000000000001, 432.1999999999998, 728.4, 371.00000000000017, 587.0000000000001, 32.20000000000002, 448.2, 368.0000000000001, 407.20000000000005]","[1, 1, 1, 60, 1, 94, 120, 144, 144, 165, 186]","[20, 40, 75, 75, 203, 120, 203, 149, 203, 186, 203]",30736475.840000007,728.4,-728.4,0.0,,,,DWT,mdp.39015067403892,1.1175870895385742e-08,,0.0,33.0,11.0,0.0,33.0,,0.0,168.4000000000001,987.7999999999984,168.40000000000003,,0.0,168.4000000000001,,,28.00000000000003,0.0,33.0,0.0,0.0,,5.684341886080802e-14,5.690694709500715e-14,1.0568106214644909e-26,0.9807698826752218,0.18909104737675997,0.09885415808504597,0.2311898993607423,0.050090045822888465,,0.9999996647345563,4.4059791007223055e-09,4.4059791007223055e-09,3.6787269888316428e-09,,6.125805465799743e-13,0.9999999955939887,0.0,,,,,,2.3840087137460624e-13,1.0,1.0,0.0,0.0,0.9999999009649922,0.37592186795671767,168,0.8449465104095054,0.4289521898526669,349,0,0.33333330606834005,0.47426771797804695,171,0.0,0.2214278619029594,0.39065867725806674,396,118.76868274086398,0.8755045254288638,271.0,232.68102478412982,0.7957187197374926,151,bior,0.8100315533562081,0.7923003667562746,0.1952878026237719,6,114.75,4.247042151159914e-14,0.999999999970514,2.9162777389259723e-27,0.9671277982189599,0.7681763556779513,0.00025895959213956656,0.18971962616822452,0.0004878726053816288,0.999999999723419,2.0315811923854454e-05,4.745454029730922e-11,4.745454029730922e-11,3.962169481397382e-11,,6.125805465799743e-13,0.0031261328403480726,0.0,,,,,0.0,,1.1061813170906958e-13,1.0,1.0,0.0,0.0,1.0,0.40156916120447206,0.11457677215653295,1167,1.7405773359563983,0.804643060755244,336,587.605735166021,0.692030537124727,751.5,521.7724550898204,0.6490813062982126,648,0.5943810304597339,0.7715092316736338,0.3524805091760961,5,487.25,,,,,,,,,,,,,2.8516246524094125e-19,0.9999999999715833,2.9162777389259723e-27,0.9761558138941988,0.23747082575120793,0.0013219837388391952,0.14352641568363664,1.0,0.0004878726053816288,0.9999999999999541,9.960751159770467e-05,3.8435400695480126e-14,3.8435400695480126e-14,3.20911916831812e-14,,0.0,4.786380409530668e-19,0.00456704015061846,0.0,,,,,0.13043478260869565,,3.499932525657665e-21,1.0,1.0,0.0,0.0,1.0,0.4544873153722995,0.14156097535167125,1125,1.862695608388607,0.9041697799476195,176,671.0443353460336,0.6864278806794235,650.5,304.3812451960031,0.6912279590313005,471,1104.4,1082.5,563.6960149978129,300,0.520820561188399,0.7876173146100969,0.3991404127850916,6,354.75
db15,1.0,periodization,1.3174973839143163e-26,318.2742948532492,5932270.9564295905,0.6213592233009708,307.9909319694814,206,raw,7.637892237880933e-14,-2.0325574556779019e-10,6.364276560746152,63117.30860590066,0.7671292882966008,5.618943883690066e-06,1.0,327.00000000000006,,,,[],[],13,661.1538461538462,86.99999999999997,939.9999999999998,"[8, 32, 51, 63, 81, 100, 111, 133, 152, 162, 175, 192, 204]","[878.0, 637.9999999999997, 786.9999999999999, 792.0000000000001, 939.9999999999998, 788.0, 637.0000000000001, 675.0000000000001, 771.0, 195.99999999999994, 834.0, 571.9999999999998, 86.99999999999997]","[0, 13, 39, 39, 76, 99, 107, 107, 107, 161, 99, 187, 203]","[76, 39, 61, 76, 205, 164, 119, 142, 164, 164, 205, 205, 205]",37754613.0,940.9999999999998,-940.9999999999998,0.0,,,,DWT,mdp.39015067403892,0.0,,0.0,33.0,19.0,0.0,28.5,,2.2737367544323206e-13,256.3413461538462,4359.0,256.34134615384613,,0.0,256.3413461538462,,,83.99999999999997,0.0,19.5,2.2737367544323206e-13,2.2737367544323206e-13,,5.684341886080802e-14,7.815824903405681e-14,8.526606407917669e-27,0.9605814935072456,0.8023230390953524,0.00022092411650356645,0.48162274618585255,0.00043539500072065665,0.9999999997235658,0.47422802461156727,6.6959667625959335e-09,6.6959667625959335e-09,6.0819563246244724e-09,,2.859275438170267e-12,0.9999999933040264,2.7225927463116073e-13,,,,,,0.0,1.0,0.0,2.847685247612971e-13,2.847685247612971e-13,0.74226840987933,0.2426715936826515,803,1.5704441340743545,0.7542896359122301,461,0,0.20618566978276537,0.2463543448303294,802,0.0,0.4056479497036648,0.7367973130738191,468,195.1657415292619,0.7954237510175451,633.5,588.3943042876706,0.5656888147121268,649,db,0.540986235965534,0.9305070477545101,0.3421575204977732,3,487.5,7.815824903405681e-14,0.0001547883299646835,8.526606407917669e-27,0.9605814935072456,0.8023230390953525,0.00125417524754372,0.6103985692386303,0.0028000655535788763,0.9999999997235657,0.9919828214562011,0.9855281704452468,0.9855281704452468,0.9855281704451341,,6.125805465799743e-13,0.9999999999667601,1.5171946557926922e-13,,,,,1.0,,0.0,1.0,0.25,2.847685247612971e-13,2.847685247612971e-13,0.0,2.2095701998214246,0.6304403968408742,801,1.6234633935811182,0.7505030239391383,1211,289.9137802864845,0.848053574273331,1006.0,964.2256461232605,0.6603999527551141,559,0.49117026184683504,0.8233619396015222,0.4091722348267588,4,420.25,,,,,,,,,,,,,5.247840303958371e-19,0.03641360043841643,8.526606407917669e-27,0.9714073851491115,0.24802678864678404,0.0015547070339846333,0.46177783791097265,1.0,0.0028000655535788763,0.9999999999999541,0.0008499884728391218,0.0007982210227401261,0.0007982210227401261,0.0007982210227337869,,0.0,4.786380409530668e-19,0.020163910573049823,1.4108257588933865e-18,,,,,0.4782608695652174,,0.0,1.0,0.7906976744186046,9.54194168962319e-19,9.54194168962319e-19,0.9302325581395349,0.5674759776446953,0.17675400427451057,868,1.7043904204471785,0.8273269687545487,1245,266.5792565073284,0.8754302539685381,1056.5,1022.8679602460955,0.6908693325917457,472,1009.0473684210526,935.5,610.6543869996938,760,0.4758535102197843,0.8532293215616218,0.41093374637766444,5,355.25
db10,1.0,reflect,4.445629460794882e-27,320.76806612427623,5252016.443978941,0.5223214285714286,91.80723782451872,206,smoothed,4.305509562682259e-14,-2.0626085284192234e-10,6.320787507040411,31648.497951946134,0.9828204879087844,0.0001496656645132027,0.9999999999999999,362.4,,,,[],[],11,426.6,32.20000000000002,728.4000000000001,"[9, 31, 53, 64, 80, 102, 131, 148, 158, 175, 192]","[311.0, 417.7999999999999, 589.6000000000001, 432.20000000000016, 728.4000000000001, 371.0000000000001, 587.0, 32.20000000000002, 448.2, 368.0, 407.20000000000016]","[1, 1, 1, 60, 1, 94, 120, 144, 144, 165, 186]","[20, 40, 75, 75, 203, 120, 203, 149, 203, 186, 203]",30736475.839999996,728.4000000000001,-728.4000000000001,0.0,,,,DWT,mdp.39015067403892,0.0,,0.0,33.0,11.0,0.0,33.0,,1.1368683772161603e-13,168.4000000000001,987.7999999999984,168.4000000000001,,0.0,168.4000000000001,,,28.00000000000003,0.0,33.0,1.1368683772161603e-13,1.1368683772161603e-13,,0.0,4.574909361998747e-14,8.222689011674252e-27,0.9835047524648729,0.26893958875499124,0.18682910584784956,0.06353488945761823,0.026518073551048064,,0.9999996647345563,4.4059791007223055e-09,4.4059791007223055e-09,3.6787861342541454e-09,,0.0,0.9999999955939887,7.585973278963461e-14,,,,,,0.0,1.0,1.0,1.7477015598164352e-13,1.7477015598164352e-13,0.9999999009646924,0.3759218679566049,182,0.8540083839838244,0.4335526118509639,332,0,0.3333333060683095,0.47426771797800354,182,0.0,0.21847520143948942,0.38544938507081306,414,115.2432210587677,0.87919997792582,277.5,243.65702708757436,0.794159737390583,155,db,0.573477938514061,0.8443824841957417,0.34525069778143475,3,117.0,3.60530158024584e-14,0.9999999999705136,2.349144302874339e-27,0.9697840740595072,0.7872997526533072,0.0004894198684949176,0.05213815789473725,0.00025828368532136107,0.9999999997235204,2.0315811923854454e-05,4.745454029730922e-11,4.745454029730922e-11,3.962224992548613e-11,,0.0,0.0031261328403480726,7.585973278963461e-14,,,,,0.0,,0.0,1.0,1.0,1.4238426238064856e-13,1.4238426238064856e-13,1.0,0.4015691612042055,0.1145767721564569,1210,1.6967236072092018,0.7843701330342328,770,311.1269837220809,0.8369355431225991,990.0,941.1111111111112,0.6590338092971486,567,0.49117026184683504,0.8233619396015222,0.4091722348267588,4,426.25,,,,,,,,,,,,,2.4207357731996616e-19,0.999999999971583,2.349144302874339e-27,0.9780825706083439,0.24338255270991918,0.001375875048348153,0.039443483387131384,0.9999999999999999,0.00025828368532136107,0.9999999999999541,9.960751159770467e-05,3.8435400695480126e-14,3.8435400695480126e-14,3.209173378426744e-14,,0.0,0.0,0.00456704015061846,7.054128794466933e-19,,,,,0.13043478260869565,,0.0,1.0,1.0,4.770970844811595e-19,4.770970844811595e-19,1.0,0.4544873153722995,0.14156097535167125,1207,1.8251094630645779,0.8859251152833236,639,401.636651713959,0.8123193216289911,923.0,835.6153846153845,0.6905054552070189,473,1009.0473684210526,935.5,610.6543869996938,760,0.4758535102197843,0.8532293215616218,0.41093374637766444,5,356.0
bior1.5,1.0,antireflect,5.24716575240561e-27,320.0481509092828,5046769.378404383,0.5467289719626168,149.1876841401262,206,smoothed,4.816858885868835e-14,-2.1298716124107439e-10,6.2651544432343185,43146.76541001648,0.9614293423385906,0.00014966566451320276,1.0,362.40000000000003,,,,[],[],11,426.6,32.20000000000002,728.4,"[9, 31, 53, 64, 80, 102, 131, 148, 158, 175, 192]","[311.0, 417.80000000000007, 589.6000000000001, 432.1999999999998, 728.4, 371.00000000000017, 587.0000000000001, 32.20000000000002, 448.2, 368.0000000000001, 407.20000000000005]","[1, 1, 1, 60, 1, 94, 120, 144, 144, 165, 186]","[20, 40, 75, 75, 203, 120, 203, 149, 203, 186, 203]",30736475.840000007,728.4,-728.4,0.0,,,,DWT,mdp.39015067403892,1.1175870895385742e-08,,0.0,33.0,11.0,0.0,33.0,,0.0,168.4000000000001,987.7999999999984,168.40000000000003,,0.0,168.4000000000001,,,28.00000000000003,0.0,33.0,0.0,0.0,,5.684341886080802e-14,5.698272199127213e-14,1.0568464844555815e-26,0.9807694973173076,0.1886942315532042,0.0987463274732597,0.2311898993607423,0.12187129078598838,,0.9999996647345563,4.4059791007223055e-09,4.4059791007223055e-09,3.6787269888316428e-09,,6.125805465799743e-13,0.9999999955939887,0.0,,,,,,2.3840087137460624e-13,1.0,1.0,0.0,0.0,0.9999999009649922,0.37592186795671767,173,0.8734064539623257,0.44340038859621694,296,0,0.33333330606834005,0.47426771797804695,177,0.0,0.23161017807007994,0.4086230387936264,306,72.87889497881628,0.9236070283240919,238.0,221.282795990908,0.8370655686693835,99,bior,0.8100315533562081,0.7923003667562746,0.1952878026237719,6,75.75,4.25140032142079e-14,0.999999999970514,2.916364457405477e-27,0.9671274239353572,0.7680813199216434,0.0002586771177167473,0.18971962616822452,0.0011870155672689218,0.999999999723419,2.0315811923854454e-05,4.745454029730922e-11,4.745454029730922e-11,3.962169481397382e-11,,6.125805465799743e-13,0.0031261328403480726,0.0,,,,,0.0,,1.1061813170906958e-13,1.0,1.0,0.0,0.0,1.0,0.40156916120447206,0.11457677215653295,1166,1.7408091094556264,0.8047502062028885,333,589.0199487283941,0.6912893350480115,749.5,518.0493662441628,0.6492348142745299,645,0.5943810304597339,0.7715092316736338,0.3524805091760961,5,485.0,,,,,,,,,,,,,2.8545508926756923e-19,0.9999999999715833,2.916364457405477e-27,0.9761555424037784,0.2374414467949832,0.0013219176844336844,0.14352641568363664,1.0,0.0011870155672689218,0.9999999999999541,9.960751159770467e-05,3.8435400695480126e-14,3.8435400695480126e-14,3.20911916831812e-14,,0.0,4.786380409530668e-19,0.00456704015061846,0.0,,,,,0.13043478260869565,,3.499932525657665e-21,1.0,1.0,0.0,0.0,1.0,0.4544873153722995,0.14156097535167125,1127,1.8629603801737944,0.9042983026357447,172,675.2869760331529,0.6844453383022651,649.5,298.45111624326404,0.6904703327025344,474,1104.4,1082.5,563.6960149978129,300,0.520820561188399,0.7876173146100969,0.3991404127850916,6,357.0
bior1.5,1.0,antisymmetric,5.23923119029096e-27,320.05472311367134,5011700.621593803,0.5373831775700935,140.90566768120755,206,smoothed,4.7875403749272774e-14,-2.1292883012336056e-10,6.254876320894133,39566.71387339615,0.9519601060814825,0.00014966566451320276,1.0,362.40000000000003,,,,[],[],11,426.6,32.20000000000002,728.4,"[9, 31, 53, 64, 80, 102, 131, 148, 158, 175, 192]","[311.0, 417.80000000000007, 589.6000000000001, 432.1999999999998, 728.4, 371.00000000000017, 587.0000000000001, 32.20000000000002, 448.2, 368.0000000000001, 407.20000000000005]","[1, 1, 1, 60, 1, 94, 120, 144, 144, 165, 186]","[20, 40, 75, 75, 203, 120, 203, 149, 203, 186, 203]",30736475.840000007,728.4,-728.4,0.0,,,,DWT,mdp.39015067403892,1.1175870895385742e-08,,0.0,33.0,11.0,0.0,33.0,,0.0,168.4000000000001,987.7999999999984,168.40000000000003,,0.0,168.4000000000001,,,28.00000000000003,0.0,33.0,0.0,0.0,,5.684341886080802e-14,5.633863537301972e-14,1.0545243557824505e-26,0.9807944678353772,0.1738690261425049,0.08369639959550129,0.1669937930046742,0.09218251957515333,,0.9999996647345563,4.4059791007223055e-09,4.4059791007223055e-09,3.6787269888316428e-09,,6.125805465799743e-13,0.9999999955939887,0.0,,,,,,2.3840087137460624e-13,1.0,1.0,0.0,0.0,0.9999999009649922,0.37592186795671767,166,0.8209299186021772,0.41675973799727295,439,0,0.33333330606834005,0.47426771797804695,170,0.0,0.2139337437361811,0.37743702454874195,450,159.70884968174641,0.8325903043168277,306.25,243.80468112285897,0.7557867664141791,215,bior,0.8100315533562081,0.7923003667562746,0.1952878026237719,6,162.75,4.214355874203339e-14,0.999999999970514,2.910749435857589e-27,0.9671516768574251,0.76453074425155,0.00021925213792377534,0.13703885882931652,0.000897849567852115,0.9999999997234199,2.0315811923854454e-05,4.745454029730922e-11,4.745454029730922e-11,3.962169481397382e-11,,6.125805465799743e-13,0.0031261328403480726,0.0,,,,,0.0,,1.1061813170906958e-13,1.0,1.0,0.0,0.0,1.0,0.40156916120447206,0.11457677215653295,1164,1.717840687548594,0.7941322457582655,565,423.556961930742,0.7780099780237202,864.5,760.7403123192597,0.6624588674185687,547,0.5943810304597339,0.7715092316736338,0.3524805091760961,5,411.5,,,,,,,,,,,,,2.829677850412311e-19,0.9999999999715833,2.910749435857589e-27,0.976173134507625,0.2363438366823612,0.0013126984653040006,0.10367243818890637,1.0,0.0008978495678521152,0.9999999999999541,9.960751159770467e-05,3.8435400695480126e-14,3.8435400695480126e-14,3.20911916831812e-14,,0.0,4.786380409530668e-19,0.00456704015061846,0.0,,,,,0.13043478260869565,,3.499932525657665e-21,1.0,1.0,0.0,0.0,1.0,0.4544873153722995,0.14156097535167125,1150,1.8463602633725678,0.8962404514829984,306,596.7981233214462,0.721122372279698,728.0,483.3791208791209,0.6904677281959237,475,1104.4,1082.5,563.6960149978129,300,0.520820561188399,0.7876173146100969,0.3991404127850916,6,357.75
db20,1.0,reflect,8.117164267099491e-27,320.37774911978573,6835075.327647123,0.6188524590163934,289.82442756399706,206,raw,6.235357429953014e-14,-2.1080281964458715e-10,6.604431587088797,58377.59993629377,0.7723445035282209,5.618943883690062e-06,1.0,327.0,,,,[],[],13,661.1538461538462,87.00000000000006,940.0,"[8, 32, 51, 63, 81, 100, 111, 133, 152, 162, 175, 192, 204]","[878.0000000000002, 638.0, 787.0, 792.0000000000002, 940.0, 787.9999999999999, 637.0, 675.0, 771.0, 196.0000000000001, 834.0000000000001, 571.9999999999999, 87.00000000000006]","[0, 13, 42, 42, 76, 99, 107, 107, 107, 161, 99, 187, 203]","[76, 42, 61, 76, 205, 164, 119, 142, 164, 164, 205, 205, 205]",37754613.0,941.0,-941.0,0.0,,,,DWT,mdp.39015067403892,0.0,,0.0,33.0,19.0,0.0,28.5,,0.0,256.3413461538462,4359.0,256.3413461538462,,0.0,256.3413461538462,,,84.00000000000006,0.0,24.0,0.0,0.0,,0.0,6.043697841206279e-14,4.947365446440434e-27,0.9683437159494942,0.885284553403174,0.0012369243990324854,0.46282201405152196,5.165398201141167e-05,0.999999999723452,0.47422802461166635,6.6959667625959335e-09,6.6959667625959335e-09,6.082000342865356e-09,,0.0,0.9999999933040264,0.0,,,,,,0.0,1.0,0.5,0.0,0.0,0.7922684098776933,0.2590182137492497,540,1.6094164355736122,0.7730081643022028,324,0,0.2478523364491355,0.29613842719974026,539,0.0,0.41471735768859325,0.7532705022994693,337,120.78355296424537,0.8733925021339147,435.0,409.797511649347,0.7087088296833095,318,db,0.540986235965534,0.9305070477545101,0.3421575204977732,3,239.25,6.043697841206279e-14,0.0001547883299646835,4.947365446440434e-27,0.9683437159494942,0.8852845534031741,0.002269125514657851,0.5962683347713544,0.002417232351215195,0.9999999997234519,0.9919828214562026,0.9855281704452468,0.9855281704452468,0.9855281704451347,,0.0,0.9999999999667601,0.0,,,,,1.0,,0.0,1.0,0.5,0.0,0.0,0.0,2.234570199820929,0.6375734627746849,548,1.6643037322660286,0.7693829061729549,1014,329.51176003293114,0.8272999161252982,781.0,711.4878361075544,0.7089853878320411,310,0.49117026184683504,0.8233619396015222,0.4091722348267588,4,233.5,,,,,,,,,,,,,4.0579672021834016e-19,0.03641360043841641,4.947365446440434e-27,0.977037792194567,0.27367316419925997,0.0017920451117057097,0.4510880534810835,1.0,0.002417232351215195,0.9999999999999541,0.0008499884728391229,0.0007982210227401261,0.0007982210227401261,0.0007982210227337874,,0.0,0.0,0.020163910573049823,0.0,,,,,0.4782608695652174,,0.0,1.0,0.8604651162790697,0.0,0.0,0.9302325581395349,0.5744527218307418,0.17892707859001003,381,1.716281474436649,0.8330989970025273,1163,552.9575028878802,0.7416086435103364,772.0,573.9676165803108,0.6904304899794673,476,1009.0473684210526,935.5,610.6543869996938,760,0.4758535102197843,0.8532293215616218,0.41093374637766444,5,358.25
sym20,1.0,periodic,2.2281094341687483e-18,233.76803356734894,5598660.6579781305,0.5286885245901639,105.10567680269808,206,smoothed,1.2327390025704506e-09,1.3587973478808176e-08,6.459758366222679,31142.080485999286,0.980721519138909,0.00014966566451730183,0.9999999999999992,362.39999999983047,,,,[],[],11,426.59999999578145,32.19999999896049,728.3999999924846,"[9, 31, 53, 64, 80, 102, 131, 148, 158, 175, 192]","[310.99999999542905, 417.7999999960003, 589.5999999950928, 432.19999999360647, 728.3999999924846, 370.9999999952437, 586.999999997963, 32.19999999896049, 448.1999999967386, 367.9999999960296, 407.19999999604784]","[1, 1, 1, 60, 1, 94, 120, 144, 144, 165, 186]","[20, 40, 75, 75, 205, 120, 205, 149, 205, 186, 205]",30736475.839910984,728.3999999949415,-728.3999999949415,0.0,,,,DWT,mdp.39015067403892,8.901208639144897e-05,,0.0,15.0,11.0,0.0,33.0,,5.058495844423305e-09,168.3999999957815,987.8000000464026,168.39999999646471,,0.0,168.3999999957815,,,27.999999998960504,0.0,33.0,7.51538209442515e-09,5.058495844423305e-09,,1.695070750429295e-10,2.7081060790509227e-09,6.520784292059426e-18,0.6529557073361852,0.46939172050508804,0.3355931595070376,0.10727036618980738,0.02231843783913868,,0.9999987583605737,1.6560718288750767e-11,1.6560718288750767e-11,2.365816900115275e-13,,1.8267151899014834e-09,0.9999999999833963,5.014783495791585e-09,,,,,,1.8987834735416138e-09,0.0,1.0,7.776398090403228e-09,7.776398090403228e-09,0.8999996349905779,0.3383295774524945,664,0.8461013868317843,0.4295384834987649,346,0,0.2499998985558672,0.35570067324303256,664,0.0,0.22678991344076618,0.40011878739572954,340,185.34562309372185,0.8057173762120315,503.5,452.3148191040905,0.6389697992171268,484,sym,1.0,1.0,0.0,7,364.75,1.55756876852181e-09,0.9999999999989659,1.5767577714828476e-18,0.6487342580814841,0.8353072130758531,0.0008791240489449612,0.08802847282139784,0.00021737960582286038,0.9999999999314253,2.0315793510139457e-05,1.783573289060314e-13,1.783573289060314e-13,2.4980018054066022e-15,,1.8267151899014834e-09,0.003126132854069874,5.014783495791585e-09,,,,,0.0,,8.810365463521695e-10,0.0,1.0,6.3353877546269585e-09,6.3353877546269585e-09,1.0,0.30156916756061847,0.08604451023427716,1248,1.5426320648217082,0.7131359007241579,1478,162.63455967290594,0.9147617611777222,1363.0,1353.2971386647102,0.6002005870878129,871,0.7763846615972358,0.5622554397616224,0.28785410495344815,6,654.75,,,,,,,,,,,,,1.045810552392731e-14,0.9999999999990035,1.5767577714828476e-18,0.745205819230268,0.2582233782371499,0.0014670042830158456,0.06659517224093997,0.9999999999999993,0.0002173796058228608,0.9999999999999886,9.960751158377538e-05,1.444157293750692e-16,1.444157293750692e-16,1.951563910473908e-18,,0.0,1.4272986381220454e-15,0.004567040150833149,4.663202380870311e-14,,,,,0.13043478260869565,,2.7875795922688084e-17,0.7209302325581395,1.0,2.1228434773989188e-14,2.1228434773989188e-14,1.0,0.42658033862821654,0.13286867808970554,1314,1.7036937035366482,0.8269887758835057,1255,41.71930009000631,0.9805049999579409,1284.5,1283.8224990268586,0.6901356775490639,477,1409.1368421052632,1454.5,398.32527672708756,380,0.6645304607900322,0.5565550872278735,0.3678621512786154,7,359.5
bior2.2,1.0,antisymmetric,1.1340143572082945e-27,328.9256069387005,6218776.840649022,0.6238095238095238,258.8130143412089,206,raw,1.4805848025486567e-14,-2.0857493510107177e-10,6.213253278552678,69520.47614229025,0.8342984117790004,5.618943883690066e-06,1.0,327.0,,,,[],[],13,661.1538461538462,87.00000000000003,940.0,"[8, 32, 51, 63, 81, 100, 111, 133, 152, 162, 175, 192, 204]","[878.0, 637.9999999999999, 787.0, 792.0, 940.0, 788.0, 637.0, 675.0, 771.0, 196.0, 834.0, 572.0, 87.00000000000003]","[0, 13, 42, 42, 76, 99, 107, 107, 107, 161, 99, 187, 203]","[76, 39, 61, 76, 205, 164, 119, 142, 164, 164, 205, 205, 205]",37754613.0,941.0,-941.0,0.0,,,,DWT,mdp.39015067403892,0.0,,0.0,33.0,19.0,0.0,28.5,,0.0,256.3413461538462,4359.0,256.34134615384613,,0.0,256.3413461538462,,,84.00000000000003,0.0,24.0,0.0,0.0,,0.0,3.596013658792923e-16,5.626173421630546e-30,0.9998872464415456,0.7501520711280529,0.0005433528381551604,0.5,0.0009538146346396135,0.9999999997234856,0.4742280246116333,6.6959667625959335e-09,6.6959667625959335e-09,6.0819563246244724e-09,,0.0,0.9999999933040264,0.0,,,,,,0.0,1.0,0.5,0.0,0.0,0.7922684098776702,0.25901821374924217,549,1.5756615855912814,0.7567955955447339,446,0,0.24785233644912913,0.29613842719973266,551,0.0,0.4064420605957349,0.7382396937686737,451,58.642277127228496,0.9385301078330939,499.25,494.0819467183748,0.7076036283400271,319,bior,0.672619891330026,0.76736776154697,0.2989557476048908,5,240.5,3.596013658792544e-16,0.0001547883299646835,5.626173421630546e-30,0.9998872464415456,0.750152071128053,0.0015762707457368896,0.6242105263157895,0.003317258761875897,0.9999999997234855,0.9919828214562021,0.9855281704452468,0.9855281704452468,0.9855281704451341,,0.0,0.9999999999667601,0.0,,,,,1.0,,0.0,1.0,0.5,0.0,0.0,0.0,2.234570199820929,0.6375734627746849,544,1.626854069221272,0.7520704829475727,1200,463.86204845837517,0.7568857188373296,872.0,748.6238532110092,0.6499313290203419,640,0.5943810304597339,0.7715092316736338,0.3524805091760961,5,481.25,,,,,,,,,,,,,2.4144995116222338e-21,0.03641360043841643,5.626173421630546e-30,0.9999182130588701,0.23189887381074292,0.0016300265140229424,0.47222683959255474,1.0,0.003317258761875897,0.9999999999999541,0.0008499884728391225,0.0007982210227401261,0.0007982210227401261,0.0007982210227337869,,0.0,0.0,0.020163910573049823,0.0,,,,,0.4782608695652174,,0.0,1.0,0.8604651162790697,0.0,0.0,0.9302325581395349,0.5744527218307418,0.17892707859001003,308,1.7178570974709837,0.8338638190839339,1152,596.7981233214462,0.721122372279698,730.0,486.0493150684932,0.6900004384762977,478,1104.4,1082.5,563.6960149978129,300,0.520820561188399,0.7876173146100969,0.3991404127850916,6,360.0
rbio3.5,1.0,periodization,2.846846012909757e-27,322.7037589763348,4838769.081205385,0.529126213592233,140.73571926198034,206,smoothed,3.2981707733248954e-14,-2.0492414432027367e-10,6.269627887385157,29750.401146699052,0.9505389603697747,0.00014966566451320268,1.0,362.4000000000001,,,,[],[],11,426.59999999999997,32.200000000000074,728.4,"[9, 31, 53, 64, 80, 102, 131, 148, 158, 175, 192]","[311.0, 417.79999999999995, 589.6, 432.2, 728.4, 371.0000000000001, 587.0, 32.200000000000074, 448.1999999999998, 368.0000000000001, 407.1999999999998]","[1, 1, 1, 60, 1, 94, 120, 144, 144, 165, 186]","[20, 40, 75, 75, 203, 120, 203, 149, 203, 186, 203]",30736475.839999996,728.4,-728.4,0.0,,,,DWT,mdp.39015067403892,0.0,,0.0,33.0,11.0,0.0,33.0,,0.0,168.40000000000003,987.7999999999993,168.4,,0.0,168.40000000000003,,,28.000000000000085,0.0,33.0,0.0,0.0,,1.1368683772161603e-13,2.361927142113899e-14,3.5436899278980295e-27,0.9908592488380981,0.19514674556640846,0.009481986330351931,0.11027684467067218,0.010777472833273051,,0.9999996647841187,4.4059199552998455e-09,4.4059199552998455e-09,3.6786974161203912e-09,,1.2251610931599486e-12,0.9999999955940747,0.0,,,,,,0.0,1.0,1.0,0.0,0.0,0.9999999009800467,0.375921867962377,97,0.7452516422528241,0.3783403091169793,688,0,0.3333333060724963,0.47426771798396045,97,0.0,0.18807747117697537,0.3318195618229803,702,345.30276569989996,0.63804741540891,396.0,170.23778368468962,0.6114765378931342,533,rbio,0.7685897546424816,0.816051598246696,0.21717169227625407,5,401.0,2.3325115437114223e-14,0.9999999999705134,1.2177392699857598e-27,0.9769272189030077,0.7696266704669846,2.483913029402776e-05,0.09049565661727149,0.00010497162987613013,0.9999999997235405,2.0315811924853655e-05,4.745387416349445e-11,4.745387416349445e-11,3.962136174706643e-11,,1.2251610931599486e-12,0.0031261328403482946,0.0,,,,,0.0,,0.0,1.0,1.0,0.0,0.0,1.0,0.40156916120472297,0.11457677215660454,1134,1.70722233731988,0.7892235400939412,670,328.09754647055803,0.8280411182020136,902.0,842.3281596452329,0.6776473934825582,471,0.3888041033402703,1.0,0.4278371276618108,3,354.0,,,,,,,,,,,,,1.5661364270332109e-19,0.9999999999715827,1.2177392699857598e-27,0.9832639234171283,0.23791916999925106,0.001267236523955865,0.06846164253822229,1.0,0.0001049716298761297,0.9999999999999541,9.960751159770543e-05,3.8434858594393884e-14,3.8434858594393884e-14,3.209086642252945e-14,,0.0,9.572760819061336e-19,0.004567040150618464,0.0,,,,,0.13043478260869565,,0.0,1.0,1.0,0.0,0.0,1.0,0.4544873153722995,0.14156097535167125,1181,1.8369782029705761,0.8916863120675613,470,502.7529214236353,0.7650687283067125,825.5,672.4046032707449,0.6896605323776552,479,818.67,599.5,715.6978453131971,300,0.38607403914171184,1.0,0.42974817260080167,3,360.0
coif7,1.0,reflect,1.3039824810240885e-26,316.0946811754747,5735042.623059138,0.516260162601626,92.27391468840226,206,smoothed,8.241950811159025e-14,-2.1263222294010172e-10,6.502715244953556,29995.888183419404,0.9790826417547209,0.00014966566451320268,0.9999999999999999,362.4,,,,[],[],11,426.59999999999997,32.20000000000016,728.3999999999999,"[9, 31, 53, 64, 80, 102, 131, 148, 158, 175, 192]","[310.9999999999998, 417.8000000000003, 589.6000000000001, 432.1999999999997, 728.3999999999999, 371.00000000000017, 586.9999999999999, 32.20000000000016, 448.2, 367.9999999999999, 407.19999999999993]","[1, 1, 1, 60, 1, 94, 120, 144, 144, 165, 186]","[20, 40, 75, 75, 203, 120, 203, 149, 203, 186, 203]",30736475.840000007,728.3999999999999,-728.3999999999999,0.0,,,,DWT,mdp.39015067403892,1.1175870895385742e-08,,0.0,33.0,11.0,0.0,33.0,,1.1368683772161603e-13,168.40000000000003,987.7999999999993,168.4,,0.0,168.40000000000003,,,28.00000000000017,0.0,33.0,1.1368683772161603e-13,1.1368683772161603e-13,,0.0,1.3222719398240668e-13,3.3374458139034536e-26,0.965748633450385,0.5313528968668264,0.3941221444203814,0.02190015424868272,0.012813255948087271,,0.9999996648584625,4.4059199552998455e-09,4.4059199552998455e-09,3.6786974161203912e-09,,0.0,0.9999999955940747,7.585973278963461e-14,,,,,,2.3840087137460624e-13,1.0,1.0,1.7477015598164352e-13,1.7477015598164352e-13,0.9999999010019643,0.3759218679706163,70,1.0560720647925825,0.5361338490118813,177,0,0.3333333060786448,0.4742677179927086,70,0.0,0.2751338692763565,0.4854106096526363,197,68.04165390895982,0.9286775116258283,128.5,101.78819408244541,0.8969907474271699,48,coif,0.5556920286951962,0.9053407607371553,0.33941335169221604,4,37.0,8.579063390471225e-14,0.9999999999705134,8.430966006028151e-27,0.9525382255958824,0.8501466597604559,0.0010324473117708183,0.017971758664955206,0.00012479997692392856,0.9999999997234243,2.0315811926352456e-05,4.745387416349445e-11,4.745387416349445e-11,3.962136174706643e-11,,0.0,0.0031261328403482946,7.585973278963461e-14,,,,,0.0,,1.1061813170906958e-13,1.0,1.0,1.4238426238064856e-13,1.4238426238064856e-13,1.0,0.401569161204261,0.11457677215647273,1183,1.7043511122309438,0.7878962153632596,702,340.1183617507294,0.8217409005499322,942.5,881.1310344827587,0.6638840771093477,537,0.4784248188775415,0.776734912893196,0.43208215291776214,2,403.25,,,,,,,,,,,,,5.760307477091877e-19,0.9999999999715827,8.430966006028151e-27,0.9655731189124038,0.26281078272029573,0.0015028577131277275,0.01359596872927199,0.9999999999999999,0.00012479997692392856,0.9999999999999541,9.960751159770662e-05,3.8434858594393884e-14,3.8434858594393884e-14,3.209086642252945e-14,,0.0,0.0,0.004567040150618464,7.054128794466933e-19,,,,,0.13043478260869565,,3.499932525657665e-21,1.0,1.0,4.770970844811595e-19,4.770970844811595e-19,1.0,0.4544873153722995,0.14156097535167125,1230,1.8169889990380885,0.8819833664872039,755,335.87572106361006,0.8430487284749486,992.5,935.6675062972292,0.6896318408729883,480,986.6382352941176,846.0,585.0035688138154,340,0.4652856568234462,0.8173890317607586,0.42908333069536003,4,361.0
db30,1.0,periodic,1.207703156368425e-26,316.42779672902145,5829598.316928421,0.5340909090909091,116.45993615162067,206,smoothed,7.877194042680237e-14,-2.024773682052232e-10,6.55167617435375,31254.818390547443,0.9793208091295247,0.00014966566451320284,0.9999999999999999,362.4000000000001,,,,[],[],11,426.59999999999985,32.200000000000045,728.3999999999999,"[9, 31, 53, 64, 80, 102, 131, 148, 158, 175, 192]","[311.0000000000002, 417.7999999999997, 589.5999999999999, 432.1999999999997, 728.3999999999999, 370.9999999999999, 587.0, 32.200000000000045, 448.2000000000002, 367.9999999999999, 407.19999999999993]","[1, 1, 1, 60, 1, 94, 120, 144, 144, 165, 186]","[20, 40, 75, 75, 203, 120, 203, 149, 203, 186, 203]",30736475.84,728.3999999999999,-728.3999999999999,0.0,,,,DWT,mdp.39015067403892,3.725290298461914e-09,,0.0,33.0,11.0,0.0,33.0,,1.1368683772161603e-13,168.39999999999992,987.8000000000002,168.39999999999995,,0.0,168.39999999999992,,,28.000000000000057,0.0,33.0,1.1368683772161603e-13,1.1368683772161603e-13,,1.1368683772161603e-13,1.2421399870238406e-13,3.0556747757767124e-26,0.9670142769783956,0.6019743403009691,0.4347011812208766,0.1443792555383318,0.02325335450742746,,0.9999996647593375,4.405801664454926e-09,4.405801664454926e-09,3.6786382706978885e-09,,1.2251610931599486e-12,0.9999999955941608,7.585973278963461e-14,,,,,,7.946695712486874e-14,1.0,1.0,1.7477015598164352e-13,1.7477015598164352e-13,0.9999999009727143,0.37592186795962057,122,1.165599370966301,0.5917373425503187,140,0,0.3333333060704558,0.47426771798105727,123,0.0,0.3101889155065892,0.5472571987576909,145,11.73314393786536,0.9877011069833697,132.5,131.72535542436333,0.9244061090472404,24,db,0.573477938514061,0.8443824841957417,0.34525069778143475,3,18.75,8.118186885383528e-14,0.9999999999705145,7.74962975237463e-27,0.9537674974021386,0.8670602047601889,0.0011387486654299349,0.11848086124401919,0.00022648561128321741,0.9999999997235774,2.0315811924354055e-05,4.74525418958649e-11,4.74525418958649e-11,3.9620695613251655e-11,,1.2251610931599486e-12,0.003126132840348572,7.585973278963461e-14,,,,,0.0,,3.687271056968986e-14,1.0,1.0,1.4238426238064856e-13,1.4238426238064856e-13,1.0,0.40156916120483527,0.11457677215663659,1068,1.753842913776823,0.810775540432884,215,603.162084352125,0.683877314280857,641.5,357.9423226812159,0.6738306906834054,486,0.49117026184683504,0.8233619396015222,0.4091722348267588,4,365.5,,,,,,,,,,,,,5.450857568932752e-19,0.9999999999715838,7.74962975237463e-27,0.9664647837275029,0.26803936528181194,0.0015277154423722738,0.08963296884417171,0.9999999999999999,0.00022648561128321785,0.9999999999999541,9.960751159770499e-05,3.8433882812438647e-14,3.8433882812438647e-14,3.209043274166046e-14,,0.0,9.572760819061336e-19,0.004567040150618468,7.054128794466933e-19,,,,,0.13043478260869565,,1.1666441752192217e-21,1.0,1.0,4.770970844811595e-19,4.770970844811595e-19,1.0,0.4544873153722995,0.14156097535167125,1146,1.8506061923722326,0.8983014649261025,265,622.9610742253484,0.7088966942872204,705.5,430.4606661941885,0.6896118985454793,481,1009.0473684210526,935.5,610.6543869996938,760,0.4758535102197843,0.8532293215616218,0.41093374637766444,5,362.0
db27,1.0,periodization,2.2272898784307355e-26,315.99402503367776,5920944.733371406,0.6310679611650486,300.98454201438375,206,raw,1.0343537296427387e-13,-2.038768043277656e-10,6.376450836841774,63117.308605900645,0.7682736609373341,5.618943883690066e-06,1.0,326.99999999999983,,,,[],[],13,661.1538461538462,87.00000000000001,940.0000000000002,"[8, 32, 51, 63, 81, 100, 111, 133, 152, 162, 175, 192, 204]","[877.9999999999999, 638.0000000000005, 786.9999999999999, 792.0000000000001, 940.0000000000002, 788.0000000000001, 637.0, 675.0, 771.0000000000001, 196.0, 834.0, 571.9999999999999, 87.00000000000001]","[0, 13, 39, 39, 76, 99, 107, 107, 107, 161, 164, 187, 203]","[76, 39, 61, 76, 205, 164, 119, 142, 164, 164, 205, 205, 205]",37754613.0,941.0000000000002,-941.0000000000002,0.0,,,,DWT,mdp.39015067403892,0.0,,0.0,33.0,19.0,0.0,28.5,,2.2737367544323206e-13,256.3413461538462,4359.0,256.3413461538462,,0.0,256.3413461538462,,,84.00000000000001,0.0,24.0,2.2737367544323206e-13,2.2737367544323206e-13,,1.7053025658242404e-13,1.123445437474118e-13,1.496490052799848e-26,0.952166781645217,0.8065286407680539,0.0002081777827528979,0.5544382801664359,0.00043539500072065546,0.9999999997235565,0.4742280246116168,6.6959667625959335e-09,6.6959667625959335e-09,6.082000342865356e-09,,8.5778263145108e-12,0.9999999933040264,2.7225927463116073e-13,,,,,,0.0,1.0,0.5,2.847685247612971e-13,2.847685247612971e-13,0.7922684098822174,0.25901821375072875,274,1.5966179482188525,0.7668610074835751,369,0,0.2478523364499164,0.2961384272006733,274,0.0,0.41422215938585616,0.7523710504985619,345,48.911484677254826,0.9487300999190201,315.5,309.8889940166043,0.8090086558295311,108,db,0.540986235965534,0.9305070477545101,0.3421575204977732,3,81.75,1.123445437474118e-13,0.0001547883299646835,1.496490052799848e-26,0.952166781645217,0.806528640768054,0.0012414420868670658,0.6651251916198266,0.002800065553578875,0.9999999997235564,0.9919828214562019,0.9855281704452468,0.9855281704452468,0.9855281704451347,,1.837741639739923e-12,0.9999999999667601,1.5171946557926922e-13,,,,,1.0,,0.0,1.0,0.5,2.847685247612971e-13,2.847685247612971e-13,0.0,2.2345701998220373,0.637573462775001,275,1.6424016496723985,0.7592578985614034,1142,613.0615792887367,0.6786888997438487,708.5,443.2604093154552,0.6536788314232871,614,0.49117026184683504,0.8233619396015222,0.4091722348267588,4,461.5,,,,,,,,,,,,,7.543237366417759e-19,0.03641360043841643,1.496490052799848e-26,0.9653036882625637,0.24932689075825254,0.0015517294852551732,0.5031795426870521,1.0,0.002800065553578875,0.9999999999999541,0.0008499884728391223,0.0007982210227401261,0.0007982210227401261,0.0007982210227337874,,0.0,1.4359141228592004e-18,0.020163910573049823,1.4108257588933865e-18,,,,,0.4782608695652174,,0.0,1.0,0.8604651162790697,9.54194168962319e-19,9.54194168962319e-19,0.9302325581395349,0.5744527218307418,0.17892707859001003,293,1.7179374465070512,0.8339028212536567,1151,606.6976182580578,0.7164964400663281,722.0,467.09556786703604,0.6895566312481173,482,1009.0473684210526,935.5,610.6543869996938,760,0.4758535102197843,0.8532293215616218,0.41093374637766444,5,362.75
bior2.2,1.0,symmetric,1.1303381122130898e-27,328.93970875668055,6218606.164290505,0.6238095238095238,258.8130143412089,206,raw,1.466787856223218e-14,-2.0855317472978912e-10,6.210220437421143,67120.30897675737,0.8282389480764216,5.618943883690066e-06,1.0,327.0,,,,[],[],13,661.1538461538462,87.00000000000003,940.0,"[8, 32, 51, 63, 81, 100, 111, 133, 152, 162, 175, 192, 204]","[878.0, 637.9999999999999, 787.0, 792.0, 940.0, 788.0, 637.0, 675.0, 771.0, 196.0, 834.0, 572.0, 87.00000000000003]","[0, 13, 42, 42, 76, 99, 107, 107, 107, 161, 99, 187, 203]","[76, 39, 61, 76, 205, 164, 119, 142, 164, 164, 205, 205, 205]",37754613.0,941.0,-941.0,0.0,,,,DWT,mdp.39015067403892,0.0,,0.0,33.0,19.0,0.0,28.5,,0.0,256.3413461538462,4359.0,256.34134615384613,,0.0,256.3413461538462,,,84.00000000000003,0.0,24.0,0.0,0.0,,0.0,1.8527455544421065e-16,3.0246190365073677e-30,0.9999392853423872,0.7491043766585308,0.0005431607619601373,0.5,0.0007594899076621512,0.999999999723486,0.4742280246116333,6.6959667625959335e-09,6.6959667625959335e-09,6.0819563246244724e-09,,0.0,0.9999999933040264,0.0,,,,,,0.0,1.0,0.5,0.0,0.0,0.7922684098776702,0.25901821374924217,554,1.5750911357681372,0.7565216065628467,448,0,0.24785233644912913,0.29613842719973266,553,0.0,0.40629328904925327,0.7379694730618032,455,58.96043871388114,0.9381966051217179,502.5,497.30723854041014,0.705733522686645,327,bior,0.672619891330026,0.76736776154697,0.2989557476048908,5,246.5,1.8527455544419803e-16,0.0001547883299646835,3.0246190365073677e-30,0.9999392853423872,0.7491043766585308,0.0015760788680486673,0.6242105263157895,0.0031233937490152386,0.9999999997234859,0.9919828214562021,0.9855281704452468,0.9855281704452468,0.9855281704451341,,0.0,0.9999999999667601,0.0,,,,,1.0,,0.0,1.0,0.5,0.0,0.0,0.0,2.234570199820929,0.6375734627746849,547,1.626283803383028,0.7518068575170619,1203,463.86204845837517,0.7568857188373296,875.0,752.0468571428572,0.6491451654983293,647,0.5943810304597339,0.7715092316736338,0.3524805091760961,5,486.5,,,,,,,,,,,,,1.244003405110042e-21,0.03641360043841643,3.0246190365073677e-30,0.9999559600052009,0.23157499392434258,0.0016299816449459484,0.47222683959255474,1.0,0.0031233937490152386,0.9999999999999541,0.0008499884728391225,0.0007982210227401261,0.0007982210227401261,0.0007982210227337869,,0.0,0.0,0.020163910573049823,0.0,,,,,0.4782608695652174,,0.0,1.0,0.8604651162790697,0.0,0.0,0.9302325581395349,0.5744527218307418,0.17892707859001003,301,1.7176402372558994,0.8337585531177347,1153,602.4549775709385,0.7184789824434867,727.0,477.3768913342503,0.6893796781376312,483,1104.4,1082.5,563.6960149978129,300,0.520820561188399,0.7876173146100969,0.3991404127850916,6,363.75
coif6,1.0,reflect,1.3977975727064037e-26,318.0173496487405,6684073.284853845,0.6166666666666667,285.7999699987801,206,raw,7.879349815543589e-14,-2.1553947515684792e-10,6.593570147308707,60231.04721083067,0.7368413859870728,5.618943883690064e-06,1.0,327.0,,,,[],[],13,661.1538461538462,86.99999999999997,939.9999999999998,"[8, 32, 51, 63, 81, 100, 111, 133, 152, 162, 175, 192, 204]","[878.0000000000002, 638.0000000000001, 786.9999999999999, 792.0000000000002, 939.9999999999998, 788.0000000000002, 637.0, 675.0000000000002, 771.0000000000002, 195.99999999999994, 834.0000000000001, 572.0, 86.99999999999997]","[0, 13, 39, 39, 76, 99, 107, 107, 107, 161, 99, 187, 203]","[76, 39, 61, 76, 205, 164, 119, 142, 164, 164, 205, 205, 205]",37754613.00000001,940.9999999999998,-940.9999999999998,0.0,,,,DWT,mdp.39015067403892,7.450580596923828e-09,,0.0,33.0,19.0,0.0,28.5,,2.2737367544323206e-13,256.3413461538462,4359.0,256.34134615384625,,0.0,256.3413461538462,,,83.99999999999997,0.0,19.5,2.2737367544323206e-13,2.2737367544323206e-13,,0.0,8.12091074179658e-14,9.094863715443901e-27,0.9596333075330624,0.8815324708195106,0.0010669893355441324,0.4464285714285716,0.00020171462810459305,0.9999999997233806,0.47422802461156727,6.6959667625959335e-09,6.6959667625959335e-09,6.082044361106239e-09,,0.0,0.9999999933040264,2.7225927463116073e-13,,,,,,7.374542113937972e-14,1.0,0.0,2.847685247612971e-13,2.847685247612971e-13,0.7422684098779636,0.24267159368220478,872,1.5957318289094118,0.7664354013784036,372,0,0.20618566978254058,0.24635434483006083,873,0.0,0.41110788168353185,0.7467144424843601,385,285.26069947798044,0.7009845917421589,625.5,527.854972656812,0.5226621071918341,786,coif,0.5507900112560971,0.8749445204262634,0.351963635992853,2,590.0,8.120910741796579e-14,0.0001547883299646835,9.094863715443901e-27,0.9596333075330624,0.8815324708195107,0.0020993660755657152,0.5839473684210529,0.002566937998752821,0.9999999997233805,0.9919828214562011,0.9855281704452468,0.9855281704452468,0.9855281704451354,,0.0,0.9999999999667601,1.5171946557926922e-13,,,,,1.0,,7.374542113937972e-14,1.0,0.25,2.847685247612971e-13,2.847685247612971e-13,0.0,2.2095701998211554,0.6304403968407974,871,1.6522480619236641,0.7638097487594084,1100,161.92745289171938,0.91513236221608,985.5,972.1968543886352,0.6993114641269079,341,0.4784248188775415,0.776734912893196,0.43208215291776214,2,256.25,,,,,,,,,,,,,5.452686469099179e-19,0.036413600438416426,9.094863715443901e-27,0.9707196088029474,0.2725132610821653,0.0017523482120106184,0.44176701393586815,1.0,0.002566937998752821,0.9999999999999541,0.0008499884728391218,0.0007982210227401261,0.0007982210227401261,0.0007982210227337879,,0.0,0.0,0.020163910573049823,1.4108257588933865e-18,,,,,0.4782608695652174,,2.3332883504384434e-21,1.0,0.7906976744186046,9.54194168962319e-19,9.54194168962319e-19,0.9302325581395349,0.5674759776446953,0.17675400427451057,737,1.7082222308342114,0.8291869651698738,1228,347.18942956259485,0.8377619488025257,982.5,921.1562340966922,0.6893248996349077,484,986.6382352941176,846.0,585.0035688138154,340,0.4652856568234462,0.8173890317607586,0.42908333069536003,4,364.0
bior2.2,1.0,antireflect,1.1260640364301837e-27,328.956161584018,6220884.835243732,0.6238095238095238,260.5165936761131,206,raw,1.4521244599816777e-14,-2.085016603814465e-10,6.217561085461661,70264.04700963717,0.8347298557670507,5.618943883690066e-06,1.0,327.0,,,,[],[],13,661.1538461538462,87.0,940.0,"[8, 32, 51, 63, 81, 100, 111, 133, 152, 162, 175, 192, 204]","[878.0, 637.9999999999999, 787.0, 792.0, 940.0, 788.0, 637.0, 675.0, 771.0, 196.0, 834.0, 572.0, 87.0]","[0, 13, 42, 42, 76, 99, 107, 107, 107, 161, 99, 187, 203]","[76, 39, 61, 76, 205, 164, 119, 142, 164, 164, 205, 205, 205]",37754613.0,941.0,-941.0,0.0,,,,DWT,mdp.39015067403892,0.0,,0.0,33.0,19.0,0.0,28.5,,0.0,256.3413461538462,4359.0,256.34134615384613,,0.0,256.3413461538462,,,84.0,0.0,24.0,0.0,0.0,,0.0,0.0,0.0,1.0,0.7516402023154678,0.0005457251384807629,0.5,0.0010140163605279454,0.9999999997234867,0.4742280246116003,6.6959667625959335e-09,6.6959667625959335e-09,6.0819563246244724e-09,,0.0,0.9999999933040264,0.0,,,,,,0.0,1.0,0.5,0.0,0.0,0.7922684098776603,0.25901821374923895,563,1.57649857016058,0.75719760206782,442,0,0.24785233644912635,0.2961384271997293,562,0.0,0.40664999294224546,0.7386173709991936,447,68.15912753745214,0.9285543736504694,503.5,496.57744738315773,0.7003882979363458,344,bior,0.672619891330026,0.76736776154697,0.2989557476048908,5,259.25,0.0,0.0001547883299646835,0.0,1.0,0.7516402023154679,0.0015786405943388525,0.6242105263157895,0.003377318068507157,0.9999999997234866,0.9919828214562016,0.9855281704452468,0.9855281704452468,0.9855281704451341,,0.0,0.9999999999667601,0.0,,,,,1.0,,0.0,1.0,0.5,0.0,0.0,0.0,2.234570199820929,0.6375734627746849,545,1.627690995597006,0.7524573815855625,1198,461.7407281148155,0.7579975219524028,871.5,749.1795754446356,0.6506182578315474,637,0.5943810304597339,0.7715092316736338,0.3524805091760961,5,479.0,,,,,,,,,,,,,0.0,0.03641360043841643,0.0,1.0,0.23235890846201732,0.0016305806843403502,0.47222683959255474,1.0,0.003377318068507157,0.9999999999999541,0.0008499884728391221,0.0007982210227401261,0.0007982210227401261,0.0007982210227337869,,0.0,0.0,0.020163910573049823,0.0,,,,,0.4782608695652174,,0.0,1.0,0.8604651162790697,0.0,0.0,0.9302325581395349,0.5744527218307418,0.17892707859001003,276,1.7181604877691101,0.8340110875575696,1149,617.304219975856,0.7115400841234318,712.5,445.0863157894737,0.6892980794448935,485,1104.4,1082.5,563.6960149978129,300,0.520820561188399,0.7876173146100969,0.3991404127850916,6,365.25
db5,1.0,reflect,2.6973222237316195e-27,322.9380704361431,5043610.589526307,0.5233644859813084,92.33496008906285,206,smoothed,3.0163573903990675e-14,-2.0711170556353465e-10,6.243092275882926,32183.105448152954,0.981828183120747,0.00014966566451320268,1.0,362.4,,,,[],[],11,426.60000000000014,32.20000000000002,728.4000000000001,"[9, 31, 53, 64, 80, 102, 131, 148, 158, 175, 192]","[311.0000000000001, 417.8, 589.6000000000001, 432.20000000000005, 728.4000000000001, 371.00000000000017, 587.0, 32.20000000000002, 448.2000000000001, 368.0, 407.19999999999993]","[1, 1, 1, 60, 1, 94, 120, 144, 144, 165, 186]","[20, 40, 75, 75, 203, 120, 203, 149, 203, 186, 203]",30736475.839999996,728.4000000000001,-728.4000000000001,0.0,,,,DWT,mdp.39015067403892,0.0,,0.0,33.0,11.0,0.0,33.0,,1.1368683772161603e-13,168.4000000000002,987.7999999999975,168.40000000000006,,0.0,168.4000000000002,,,28.00000000000003,0.0,33.0,1.1368683772161603e-13,1.1368683772161603e-13,,0.0,1.7428226140947645e-14,3.10609365837653e-27,0.9917494948187723,0.15687167175443556,0.09739071783323494,0.07069963347057168,0.030951484489446204,,0.9999996647345563,4.406097391567225e-09,4.406097391567225e-09,3.6787565615428943e-09,,0.0,0.9999999955939026,7.585973278963461e-14,,,,,,0.0,1.0,1.0,1.7477015598164352e-13,1.7477015598164352e-13,0.9999999009647114,0.3759218679566121,180,0.762841338869111,0.3872700328207242,644,0,0.33333330606831957,0.4742677179780178,178,0.0,0.19252328605235405,0.3396631825111068,668,275.5715273149,0.7111409566929769,417.5,281.22801384758094,0.6367549647196541,487,db,0.573477938514061,0.8443824841957417,0.34525069778143475,3,366.0,1.976435445243221e-14,0.9999999999705134,1.1119263358848367e-27,0.9777918812352173,0.760459947842707,0.0002551259457045467,0.05801770782095417,0.0003014647147995845,0.9999999997235075,2.0315811923854454e-05,4.745570603148508e-11,4.745570603148508e-11,3.9622027880881205e-11,,0.0,0.003126132840347795,7.585973278963461e-14,,,,,0.0,,0.0,1.0,1.0,1.4238426238064856e-13,1.4238426238064856e-13,1.0,0.401569161204206,0.11457677215645704,1209,1.6903603345302007,0.7814284865477017,853,251.7300141024109,0.8680660303446484,1031.0,1000.2686711930165,0.6638548181073347,538,0.49117026184683504,0.8233619396015222,0.4091722348267588,4,404.5,,,,,,,,,,,,,1.327053473677457e-19,0.9999999999715827,1.1119263358848367e-27,0.983891115039558,0.23508540770634845,0.0013210872709973403,0.0438914719468107,1.0,0.0003014647147995845,0.9999999999999541,9.960751159770467e-05,3.843648489765261e-14,3.843648489765261e-14,3.2091408523615694e-14,,0.0,0.0,0.004567040150618456,7.054128794466933e-19,,,,,0.13043478260869565,,0.0,1.0,1.0,4.770970844811595e-19,4.770970844811595e-19,1.0,0.4544873153722995,0.14156097535167125,1209,1.8262150911685084,0.8864617974523977,625,412.95036021294374,0.8070325419565684,917.0,824.0185387131952,0.689263934529686,486,1009.0473684210526,935.5,610.6543869996938,760,0.4758535102197843,0.8532293215616218,0.41093374637766444,5,365.75
bior2.8,1.0,smooth,6.988357923634404e-27,318.8036473404841,5063518.044221316,0.5495495495495496,66.16902030917481,206,smoothed,5.5825894069306903e-14,-2.1371846514739487e-10,6.16245364110945,39368.321472944175,0.99023573567175,0.0001496656645132026,0.9999999999999999,362.40000000000003,,,,[],[],11,426.60000000000014,32.200000000000045,728.4000000000003,"[9, 31, 53, 64, 80, 102, 131, 148, 158, 175, 192]","[311.0, 417.8000000000001, 589.6, 432.20000000000005, 728.4000000000003, 371.0, 587.0000000000001, 32.200000000000045, 448.2000000000001, 368.0000000000001, 407.2000000000002]","[1, 1, 1, 60, 1, 94, 120, 144, 144, 165, 186]","[20, 40, 75, 75, 203, 120, 203, 149, 203, 186, 203]",30736475.84000001,728.4000000000003,-728.4000000000003,0.0,,,,DWT,mdp.39015067403892,1.4901161193847656e-08,,0.0,33.0,11.0,0.0,33.0,,3.410605131648481e-13,168.4000000000002,987.7999999999975,168.40000000000012,,0.0,168.4000000000002,,,28.000000000000057,0.0,33.0,3.410605131648481e-13,3.410605131648481e-13,,5.684341886080802e-14,7.380474896209981e-14,1.566423724865143e-26,0.9760411144163414,0.040558177422789235,0.10593409902601375,0.25056439992766405,0.0905372844362907,,0.9999996647593375,4.406097391567225e-09,4.406097391567225e-09,3.678815706965397e-09,,6.125805465799743e-13,0.9999999955939026,2.275791983689038e-13,,,,,,3.1786782849947497e-13,1.0,1.0,5.243104679449306e-13,5.243104679449306e-13,0.9999999009728445,0.37592186795966953,106,0.7953114806198104,0.4037540803162736,519,0,0.33333330607053807,0.47426771798117434,109,0.0,0.20909072503273907,0.36889262880575324,497,231.40638856061574,0.7574356514039667,307.75,177.40617964814268,0.717423276435736,289,bior,0.8100315533562081,0.7923003667562746,0.1952878026237719,6,218.25,5.2189141193353884e-14,0.9999999999705127,4.148547332678776e-27,0.9625349240246774,0.7326033447376027,0.0002775062942101856,0.2056187766714087,0.0008818251234644927,0.9999999997234079,2.0315811924354055e-05,4.745570603148508e-11,4.745570603148508e-11,3.962258299239352e-11,,6.125805465799743e-13,0.003126132840347795,2.275791983689038e-13,,,,,0.0,,1.4749084227875944e-13,1.0,1.0,4.2715278714194565e-13,4.2715278714194565e-13,1.0,0.4015691612047761,0.1145767721566197,1120,1.7265616205291945,0.7981638035989839,483,450.4270196158308,0.7639271385661264,801.5,674.9344978165939,0.671926881652036,489,0.5943810304597339,0.7715092316736338,0.3524805091760961,5,368.0,,,,,,,,,,,,,3.504176231789885e-19,0.9999999999715822,4.148547332678776e-27,0.9728243258552026,0.22647393393070142,0.0013263207381584055,0.15555441790051489,0.9999999999999999,0.0008818251234644929,0.9999999999999541,9.960751159770499e-05,3.843648489765261e-14,3.843648489765261e-14,3.209195062470194e-14,,0.0,4.786380409530668e-19,0.004567040150618456,2.11623863834008e-18,,,,,0.13043478260869565,,4.666576700876887e-21,1.0,1.0,1.4312912534434783e-18,1.4312912534434783e-18,1.0,0.4544873153722995,0.14156097535167125,1135,1.8601692200485993,0.9029434475403493,192,666.8016946589144,0.6884104230565821,663.5,328.4400904295403,0.6891818470423097,487,1104.4,1082.5,563.6960149978129,300,0.520820561188399,0.7876173146100969,0.3991404127850916,6,366.75
bior2.2,1.0,periodic,1.1302768414631697e-27,328.93994417535333,6216985.471387064,0.6238095238095238,251.6055633089221,206,raw,1.465063237932538e-14,-2.0855872584491225e-10,6.209039124976058,67187.33074263038,0.8280815468464477,5.618943883690066e-06,1.0,327.0,,,,[],[],13,661.1538461538462,87.00000000000003,940.0,"[8, 32, 51, 63, 81, 100, 111, 133, 152, 162, 175, 192, 204]","[878.0, 637.9999999999999, 787.0, 792.0, 940.0, 788.0, 637.0, 675.0, 771.0, 196.0, 834.0, 572.0, 87.00000000000003]","[0, 13, 42, 42, 76, 99, 107, 107, 107, 161, 99, 187, 203]","[76, 39, 61, 76, 205, 164, 119, 142, 164, 164, 205, 205, 205]",37754613.0,941.0,-941.0,0.0,,,,DWT,mdp.39015067403892,0.0,,0.0,33.0,19.0,0.0,28.5,,0.0,256.3413461538462,4359.0,256.34134615384613,,0.0,256.3413461538462,,,84.00000000000003,0.0,24.0,0.0,0.0,,0.0,1.6348370413981283e-16,2.981259796756056e-30,0.9999401540905859,0.7486962924688826,0.0005413368624529071,0.5,0.0007649161906902038,0.9999999997234859,0.4742280246116333,6.6959667625959335e-09,6.6959667625959335e-09,6.0819563246244724e-09,,0.0,0.9999999933040264,0.0,,,,,,0.0,1.0,0.5,0.0,0.0,0.7922684098776702,0.25901821374924217,552,1.5748888734856898,0.756424459303625,449,0,0.24785233644912913,0.29613842719973266,550,0.0,0.40624283741701217,0.7378778354062879,457,56.680390495008645,0.9405865927725277,502.0,497.1951159697773,0.7071905710193875,322,bior,0.672619891330026,0.76736776154697,0.2989557476048908,5,242.75,1.6348370413982545e-16,0.0001547883299646835,2.981259796756056e-30,0.9999401540905859,0.7486962924688826,0.0015742568535040994,0.6242105263157895,0.003128807195082455,0.9999999997234857,0.9919828214562021,0.9855281704452468,0.9855281704452468,0.9855281704451341,,0.0,0.9999999999667601,0.0,,,,,1.0,,0.0,1.0,0.5,0.0,0.0,0.0,2.234570199820929,0.6375734627746849,557,1.6260815369082777,0.7517133527287545,1205,458.2051942088828,0.7598505271441914,881.0,761.844494892168,0.6490552426077352,649,0.5943810304597339,0.7715092316736338,0.3524805091760961,5,488.0,,,,,,,,,,,,,1.097691391795982e-21,0.03641360043841643,2.981259796756056e-30,0.9999565901605483,0.23144884048473788,0.0016295555812819453,0.47222683959255474,1.0,0.003128807195082455,0.9999999999999541,0.0008499884728391225,0.0007982210227401261,0.0007982210227401261,0.0007982210227337869,,0.0,0.0,0.020163910573049823,0.0,,,,,0.4782608695652174,,0.0,1.0,0.8604651162790697,0.0,0.0,0.9302325581395349,0.5744527218307418,0.17892707859001003,300,1.7175794909759003,0.8337290663082034,1154,603.8691911333116,0.7178181349844339,727.0,476.20357634112787,0.6890492544081048,488,1104.4,1082.5,563.6960149978129,300,0.520820561188399,0.7876173146100969,0.3991404127850916,6,367.5
coif2,1.0,periodic,6.00514715702237e-27,321.68655592534446,6062884.714199861,0.625,281.9380409026381,206,raw,5.0830968344925365e-14,-2.1539725558739352e-10,6.403291821665398,62342.78113190684,0.7525856137020042,5.618943883690066e-06,1.0,327.0000000000001,,,,[],[],13,661.1538461538462,86.99999999999991,940.0000000000001,"[8, 32, 51, 63, 81, 100, 111, 133, 152, 162, 175, 192, 204]","[878.0000000000001, 638.0, 787.0000000000001, 792.0000000000001, 940.0000000000001, 788.0, 637.0000000000002, 675.0000000000001, 771.0, 195.9999999999999, 834.0000000000002, 572.0, 86.99999999999991]","[0, 13, 42, 42, 76, 99, 107, 107, 107, 161, 99, 187, 203]","[76, 42, 61, 76, 205, 164, 119, 142, 164, 164, 205, 205, 205]",37754613.0,941.0000000000001,-941.0000000000001,0.0,,,,DWT,mdp.39015067403892,0.0,,0.0,33.0,19.0,0.0,28.5,,1.1368683772161603e-13,256.3413461538462,4359.0,256.3413461538462,,0.0,256.3413461538462,,,83.99999999999991,0.0,24.0,1.1368683772161603e-13,1.1368683772161603e-13,,1.1368683772161603e-13,4.5877965884322e-14,3.452762289866009e-27,0.9731735093613584,0.8158008545559263,0.0003679145598681601,0.5089285714285714,0.00037268693518182315,0.9999999997233828,0.47422802461150126,6.6959667625959335e-09,6.6959667625959335e-09,6.082000342865356e-09,,5.718550876340534e-12,0.9999999933040264,1.3612963731558036e-13,,,,,,0.0,1.0,0.5,1.4238426238064856e-13,1.4238426238064856e-13,0.792268409880628,0.25901821375020917,417,1.5957089934095803,0.7664244334105019,374,0,0.2478523364496334,0.2961384272003352,418,0.0,0.4123304420705418,0.7489350360036359,375,24.8327740429189,0.9739698385294351,396.0,394.832063241309,0.7794377494533968,179,coif,0.5507900112560971,0.8749445204262634,0.351963635992853,2,134.75,4.5877965884321995e-14,0.0001547883299646835,3.452762289866009e-27,0.9731735093613584,0.8158008545559264,0.0014010137793055186,0.6309210526315789,0.002737505836546247,0.9999999997233827,0.9919828214562001,0.9855281704452468,0.9855281704452468,0.9855281704451347,,1.2251610931599486e-12,0.9999999999667601,7.585973278963461e-14,,,,,1.0,,0.0,1.0,0.5,1.4238426238064856e-13,1.4238426238064856e-13,0.0,2.2345701998216363,0.6375734627748867,416,1.6460148995600374,0.760928250339979,1120,497.80317395532944,0.7390968689961586,768.0,606.6666666666666,0.6682905728628592,516,0.4784248188775415,0.776734912893196,0.43208215291776214,2,387.5,,,,,,,,,,,,,3.080420063229191e-19,0.03641360043841643,3.452762289866009e-27,0.9805411319991884,0.2521932641482595,0.0015890440611207733,0.4773034772020025,1.0,0.002737505836546247,0.9999999999999541,0.000849988472839121,0.0007982210227401261,0.0007982210227401261,0.0007982210227337874,,0.0,9.572760819061336e-19,0.020163910573049823,7.054128794466933e-19,,,,,0.4782608695652174,,0.0,1.0,0.8604651162790697,4.770970844811595e-19,4.770970844811595e-19,0.9302325581395349,0.5744527218307418,0.17892707859001003,274,1.7181563066511294,0.8340090580039982,1150,619.4255403194156,0.7105488129348525,712.0,442.5561797752809,0.6889192662805104,489,986.6382352941176,846.0,585.0035688138154,340,0.4652856568234462,0.8173890317607586,0.42908333069536003,4,367.75
db17,1.0,antisymmetric,1.0862507441080973e-26,319.1124915989544,6552320.770059858,0.6134453781512605,311.07185043955985,206,raw,7.262367622052867e-14,-1.989615139308425e-10,6.580097960408107,117933.92792430619,0.8849716883594432,5.618943883690066e-06,1.0,327.00000000000006,,,,[],[],13,661.153846153846,87.00000000000014,939.9999999999998,"[8, 32, 51, 63, 81, 100, 111, 133, 152, 162, 175, 192, 204]","[878.0, 637.9999999999998, 786.9999999999998, 791.9999999999998, 939.9999999999998, 788.0, 636.9999999999999, 674.9999999999998, 771.0, 196.0000000000001, 834.0000000000001, 571.9999999999998, 87.00000000000014]","[0, 13, 39, 39, 76, 99, 107, 107, 107, 161, 99, 187, 203]","[76, 39, 61, 76, 205, 164, 119, 142, 164, 164, 205, 205, 205]",37754613.0,940.9999999999998,-940.9999999999998,0.0,,,,DWT,mdp.39015067403892,0.0,,0.0,33.0,19.0,0.0,28.5,,2.2737367544323206e-13,256.34134615384596,4359.000000000002,256.3413461538461,,0.0,256.34134615384596,,,84.00000000000014,0.0,19.5,2.2737367544323206e-13,2.2737367544323206e-13,,5.684341886080802e-14,7.341343036382279e-14,6.890152062199876e-27,0.9636746292573496,0.8768785060729343,0.0009187173549000201,0.4222689075630255,0.004873512785117414,0.9999999997236305,0.4742280246117654,6.695790689632508e-09,6.695790689632508e-09,6.081912306383589e-09,,2.859275438170267e-12,0.9999999933041348,2.7225927463116073e-13,,,,,,0.0,1.0,0.0,2.847685247612971e-13,2.847685247612971e-13,0.7422684098793247,0.2426715936826498,804,1.587960357297058,0.7627027372448655,392,0,0.20618566978275787,0.24635434483032045,804,0.0,0.40857678409462883,0.7421170917421864,426,228.47538160598398,0.7605079857379623,606.5,541.5650911203078,0.5623818754685619,666,db,0.540986235965534,0.9305070477545101,0.3421575204977732,3,500.25,7.341343036382278e-14,0.0001547883299646835,6.890152062199876e-27,0.9636746292573495,0.8768785060729344,0.001951247330966843,0.5657894736842108,0.007227684080216415,0.9999999997236304,0.9919828214562042,0.9855281704452442,0.9855281704452442,0.9855281704451335,,6.125805465799743e-13,0.9999999999667607,1.5171946557926922e-13,,,,,1.0,,0.0,1.0,0.25,2.847685247612971e-13,2.847685247612971e-13,0.0,2.209570199821424,0.630440396840874,803,1.6468729537505948,0.7613249160530855,1118,222.73863607376248,0.8832606729173152,960.5,934.6736074960958,0.6899269821609637,401,0.49117026184683504,0.8233619396015222,0.4091722348267588,4,301.75,,,,,,,,,,,,,4.929255241468315e-19,0.03641360043841643,6.890152062199876e-27,0.9736510226446238,0.27107455388528584,0.001717711817246655,0.428030229816186,1.0,0.007227684080216415,0.9999999999999541,0.0008499884728391241,0.000798221022740124,0.000798221022740124,0.0007982210227337863,,0.0,4.786380409530668e-19,0.02016391057304983,1.4108257588933865e-18,,,,,0.4782608695652174,,0.0,1.0,0.7906976744186046,9.54194168962319e-19,9.54194168962319e-19,0.9302325581395349,0.5674759776446953,0.17675400427451057,796,1.7056139921281082,0.8279209018333158,1240,313.9554108468271,0.8532918640902677,1018.0,969.5874263261296,0.6887954647554142,490,1009.0473684210526,935.5,610.6543869996938,760,0.4758535102197843,0.8532293215616218,0.41093374637766444,5,368.75
coif6,1.0,constant,1.2947401713408316e-26,318.34996623977594,5963747.788601799,0.6208333333333333,230.98012420895031,206,raw,7.572367759802575e-14,-2.1539292571759743e-10,6.333043723308573,67444.8478732639,0.8073981120137047,5.618943883690066e-06,0.9999999999999999,327.0,,,,[],[],13,661.1538461538462,86.99999999999997,939.9999999999998,"[8, 32, 51, 63, 81, 100, 111, 133, 152, 162, 175, 192, 204]","[878.0, 637.9999999999999, 786.9999999999999, 792.0000000000002, 939.9999999999998, 788.0000000000002, 637.0, 675.0000000000002, 771.0000000000002, 195.99999999999994, 834.0000000000001, 572.0, 86.99999999999997]","[0, 13, 39, 39, 76, 99, 107, 107, 107, 161, 99, 187, 203]","[76, 39, 61, 76, 205, 164, 119, 142, 164, 164, 205, 205, 205]",37754613.00000001,940.9999999999998,-940.9999999999998,0.0,,,,DWT,mdp.39015067403892,7.450580596923828e-09,,0.0,33.0,19.0,0.0,28.5,,2.2737367544323206e-13,256.3413461538462,4359.0,256.3413461538462,,0.0,256.3413461538462,,,83.99999999999997,0.0,19.5,2.2737367544323206e-13,2.2737367544323206e-13,,0.0,7.733033588578565e-14,8.365561302814692e-27,0.9608607380546923,0.7915336605451211,0.00025634759405823314,0.4776785714285715,0.0007857655493602984,0.9999999997233828,0.47422802461156727,6.6959667625959335e-09,6.6959667625959335e-09,6.082000342865356e-09,,0.0,0.9999999933040264,2.7225927463116073e-13,,,,,,7.374542113937972e-14,1.0,0.0,2.847685247612971e-13,2.847685247612971e-13,0.7422684098779504,0.24267159368220048,873,1.563797181582954,0.7510970821206752,477,0,0.20618566978253688,0.24635434483005642,875,0.0,0.403889385361908,0.733603150542441,481,228.06066444406116,0.7609426997441707,676.5,618.8338378378533,0.5259116014444124,774,coif,0.5507900112560971,0.8749445204262634,0.351963635992853,2,581.0,7.733033588578565e-14,0.0001547883299646835,8.365561302814692e-27,0.9608607380546923,0.7915336605451212,0.0012895621156622306,0.607434210526316,0.0031496072304129205,0.9999999997233827,0.9919828214562011,0.9855281704452468,0.9855281704452468,0.9855281704451347,,0.0,0.9999999999667601,1.5171946557926922e-13,,,,,1.0,,7.374542113937972e-14,1.0,0.25,2.847685247612971e-13,2.847685247612971e-13,0.0,2.209570199821155,0.6304403968407973,873,1.6172080176542643,0.7476112565192249,1231,253.144227664784,0.8673248282679329,1052.0,1021.5427756653992,0.6579810724148889,573,0.4784248188775415,0.776734912893196,0.43208215291776214,2,430.25,,,,,,,,,,,,,5.192251085400247e-19,0.03641360043841643,8.365561302814692e-27,0.9716099380235037,0.24469140528757535,0.0015629819726963564,0.4595352455689353,0.9999999999999999,0.0031496072304129205,0.9999999999999541,0.0008499884728391218,0.0007982210227401261,0.0007982210227401261,0.0007982210227337874,,0.0,0.0,0.020163910573049823,1.4108257588933865e-18,,,,,0.4782608695652174,,2.3332883504384434e-21,1.0,0.7906976744186046,9.54194168962319e-19,9.54194168962319e-19,0.9302325581395349,0.5674759776446953,0.17675400427451057,961,1.7020911776954837,0.8262108949293441,1269,217.78888860545663,0.8982294913058614,1115.0,1093.7300448430492,0.6886007269613419,491,986.6382352941176,846.0,585.0035688138154,340,0.4652856568234462,0.8173890317607586,0.42908333069536003,4,369.25
db8,1.0,periodic,4.2800069649171695e-27,320.9329539849833,5183526.069142048,0.5363636363636364,98.59642123800062,206,smoothed,4.249459468235161e-14,-1.9975772147518035e-10,6.287642571089357,32498.116592567552,0.9814239617770406,0.00014966566451320268,0.9999999999999997,362.3999999999999,,,,[],[],11,426.59999999999997,32.19999999999996,728.3999999999999,"[9, 31, 53, 64, 80, 102, 131, 148, 158, 175, 192]","[311.0, 417.79999999999995, 589.6000000000001, 432.19999999999993, 728.3999999999999, 370.99999999999994, 587.0, 32.19999999999996, 448.2, 367.9999999999999, 407.1999999999998]","[1, 1, 1, 60, 1, 94, 120, 144, 144, 165, 186]","[20, 40, 75, 75, 203, 120, 203, 149, 203, 186, 203]",30736475.83999999,728.3999999999999,-728.3999999999999,0.0,,,,DWT,mdp.39015067403892,7.450580596923828e-09,,0.0,33.0,11.0,0.0,33.0,,1.1368683772161603e-13,168.40000000000003,987.7999999999993,168.39999999999998,,0.0,168.40000000000003,,,27.99999999999997,0.0,33.0,1.1368683772161603e-13,1.1368683772161603e-13,,5.684341886080802e-14,4.4517751555681324e-14,7.737978272712295e-27,0.9841312295282507,0.22113119851257945,0.1574361277282227,0.1599905814021941,0.033563819451589566,,0.9999996646849938,4.4059199552998455e-09,4.4059199552998455e-09,3.67866784340914e-09,,6.125805465799743e-13,0.9999999955940747,7.585973278963461e-14,,,,,,1.5893391424973748e-13,1.0,1.0,1.7477015598164352e-13,1.7477015598164352e-13,0.9999999009501814,0.37592186795114996,265,0.8571841611788782,0.43516485187505993,329,0,0.333333306064231,0.47426771797220063,261,0.0,0.22232185094612586,0.39223591588596657,392,61.91055375835906,0.9351042413434392,311.75,303.13280288294646,0.804161135346772,133,db,0.573477938514061,0.8443824841957417,0.34525069778143475,3,100.5,3.5344813135065914e-14,0.9999999999705134,2.2319388579196218e-27,0.9703925475943003,0.7758498399864289,0.00041242165442811646,0.1312918660287084,0.0003269086257238589,0.9999999997236184,2.0315811922799742e-05,4.745387416349445e-11,4.745387416349445e-11,3.962102868015904e-11,,6.125805465799743e-13,0.0031261328403482946,7.585973278963461e-14,,,,,0.0,,7.374542113937972e-14,1.0,1.0,1.4238426238064856e-13,1.4238426238064856e-13,1.0,0.40156916120454766,0.11457677215655453,1158,1.7230141691193936,0.7965238694798289,515,454.66966030295004,0.7617035323359801,836.5,712.9348475791992,0.6616431707801493,553,0.49117026184683504,0.8233619396015222,0.4091722348267588,4,415.75,,,,,,,,,,,,,2.3731843688726065e-19,0.9999999999715827,2.2319388579196218e-27,0.9785239330793065,0.2398429745965273,0.0013578696261056112,0.09932473155311766,0.9999999999999997,0.0003269086257238589,0.9999999999999541,9.960751159770391e-05,3.8434858594393884e-14,3.8434858594393884e-14,3.2090649582094954e-14,,0.0,4.786380409530668e-19,0.004567040150618464,7.054128794466933e-19,,,,,0.13043478260869565,,2.3332883504384434e-21,1.0,1.0,4.770970844811595e-19,4.770970844811595e-19,1.0,0.4544873153722995,0.14156097535167125,1154,1.8475754380218934,0.8968303085644939,290,610.9402589451771,0.7145138976891696,722.0,463.51800554016626,0.6885653600595381,492,1009.0473684210526,935.5,610.6543869996938,760,0.4758535102197843,0.8532293215616218,0.41093374637766444,5,370.25
db35,1.0,symmetric,1.8005761649935205e-26,314.69328377343356,6514537.172305945,0.5291970802919708,101.07884517317936,206,smoothed,9.149531186629297e-14,-1.9836596809597077e-10,6.641770225690694,31918.725930600493,0.9841808679377034,0.00014966566451320268,0.9999999999999999,362.4000000000001,,,,[],[],11,426.59999999999997,32.19999999999993,728.3999999999997,"[9, 31, 53, 64, 80, 102, 131, 148, 158, 175, 192]","[311.0000000000002, 417.79999999999995, 589.5999999999995, 432.1999999999997, 728.3999999999997, 371.0000000000002, 587.0000000000001, 32.19999999999993, 448.20000000000005, 368.0000000000002, 407.20000000000005]","[1, 1, 1, 60, 1, 94, 120, 144, 144, 165, 186]","[20, 40, 75, 75, 203, 120, 203, 149, 203, 186, 203]",30736475.839999996,728.3999999999997,-728.3999999999997,0.0,,,,DWT,mdp.39015067403892,0.0,,0.0,33.0,11.0,0.0,33.0,,2.2737367544323206e-13,168.40000000000003,987.7999999999993,168.4,,0.0,168.40000000000003,,,27.999999999999943,0.0,33.0,2.2737367544323206e-13,2.2737367544323206e-13,,1.1368683772161603e-13,1.5216546356213202e-13,4.790776717082145e-26,0.9604241460970335,0.7319263658893481,0.7286460287609631,0.11076362685337342,0.028759029177236998,,0.9999996646602125,4.4059199552998455e-09,4.4059199552998455e-09,3.6786974161203912e-09,,1.2251610931599486e-12,0.9999999955940747,1.5171946557926922e-13,,,,,,0.0,1.0,1.0,3.4954031196328703e-13,3.4954031196328703e-13,0.9999999009430905,0.37592186794848437,272,1.3623497473956654,0.6916211858279356,69,0,0.3333333060622417,0.47426771796937023,272,0.0,0.36578845668258675,0.6453498372599294,87,112.24675199458261,0.8823409308232887,175.0,119.97619310040781,0.8494513878435102,82,db,0.573477938514061,0.8443824841957417,0.34525069778143475,3,62.25,9.725806940364371e-14,0.9999999999705134,1.1945191738643229e-26,0.9473667519215135,0.8981831799602805,0.0019087702740811416,0.09089512101421438,0.00028011039443955965,0.9999999997236394,2.0315811922300142e-05,4.745387416349445e-11,4.745387416349445e-11,3.962136174706643e-11,,1.2251610931599486e-12,0.0031261328403482946,1.5171946557926922e-13,,,,,0.0,,0.0,1.0,1.0,2.847685247612971e-13,2.847685247612971e-13,1.0,0.40156916120491193,0.11457677215665846,1037,1.7549361187141894,0.8112809128450509,198,593.2625894155134,0.6890657288178651,617.5,332.5117408906882,0.68271420612801,450,0.49117026184683504,0.8233619396015222,0.4091722348267588,4,338.5,,,,,,,,,,,,,6.530274447156839e-19,0.9999999999715827,1.1945191738643229e-26,0.961821937852058,0.277660591665534,0.0017077788940728265,0.06876384476286507,0.9999999999999999,0.00028011039443955965,0.9999999999999541,9.960751159770347e-05,3.8434858594393884e-14,3.8434858594393884e-14,3.209086642252945e-14,,0.0,9.572760819061336e-19,0.004567040150618464,1.4108257588933865e-18,,,,,0.13043478260869565,,0.0,1.0,1.0,9.54194168962319e-19,9.54194168962319e-19,1.0,0.4544873153722995,0.14156097535167125,1161,1.8443949300454165,0.8952864603993606,330,587.605735166021,0.7254178807635416,745.5,513.9235412474849,0.6885266973911166,493,1009.0473684210526,935.5,610.6543869996938,760,0.4758535102197843,0.8532293215616218,0.41093374637766444,5,371.0
db38,1.0,periodic,1.943214183600823e-26,314.3621920250371,5985260.397390049,0.5321428571428571,108.57263005464534,206,smoothed,9.375671759994697e-14,-1.9760986180728006e-10,6.633610109661992,30650.403505927577,0.9791389465281765,0.0001496656645132028,0.9999999999999997,362.4,,,,[],[],11,426.6,32.20000000000002,728.4000000000005,"[9, 31, 53, 64, 80, 102, 131, 148, 158, 175, 192]","[311.0, 417.79999999999984, 589.6000000000004, 432.2, 728.4000000000005, 370.99999999999966, 586.9999999999999, 32.20000000000002, 448.2000000000001, 368.0, 407.19999999999993]","[1, 1, 1, 60, 1, 94, 120, 144, 144, 165, 186]","[20, 40, 75, 75, 203, 120, 203, 149, 203, 186, 203]",30736475.83999999,728.4000000000005,-728.4000000000005,0.0,,,,DWT,mdp.39015067403892,7.450580596923828e-09,,0.0,33.0,11.0,0.0,33.0,,5.684341886080801e-13,168.4000000000001,987.7999999999984,168.40000000000006,,0.0,168.4000000000001,,,28.00000000000003,0.0,33.0,5.684341886080801e-13,5.684341886080801e-13,,0.0,1.5713345519850547e-13,5.208221092840518e-26,0.9591661918403976,0.7201561813851564,0.5015043216031609,0.13099811908359313,0.01824104252187364,,0.9999996647345563,4.4059791007223055e-09,4.4059791007223055e-09,3.6787565615428943e-09,,0.0,0.9999999955939887,3.7929866394817307e-13,,,,,,1.5893391424973748e-13,1.0,1.0,8.738507799082175e-13,8.738507799082175e-13,0.9999999009651942,0.3759218679567936,162,1.2460256312406313,0.6325671702865318,112,0,0.3333333060684621,0.47426771797822065,148,0.0,0.3328665509191913,0.5872666852671635,116,24.406283343980636,0.9744168937694123,134.5,131.23851575218495,0.9167157844109116,31,db,0.573477938514061,0.8443824841957417,0.34525069778143475,3,24.0,1.0011539478093096e-13,0.999999999970514,1.295459280760621e-26,0.9461449484144289,0.8953642692217532,0.001313747009679204,0.1075000000000002,0.00017766613693048511,0.9999999997236507,2.0315811923854454e-05,4.745454029730922e-11,4.745454029730922e-11,3.9622027880881205e-11,,0.0,0.0031261328403480726,3.7929866394817307e-13,,,,,0.0,,7.374542113937972e-14,1.0,1.0,7.119213119032428e-13,7.119213119032428e-13,1.0,0.4015691612046218,0.11457677215657569,1137,1.7590970434997906,0.8132044465978439,173,681.6509370638319,0.642740599023149,655.0,300.30687022900764,0.6497245972054948,642,0.49117026184683504,0.8233619396015222,0.4091722348267588,4,482.5,,,,,,,,,,,,,6.722126074614835e-19,0.9999999999715835,1.295459280760621e-26,0.9609356902437688,0.27678916538971965,0.001568637418526424,0.08132574366507545,0.9999999999999997,0.00017766613693048511,0.9999999999999541,9.960751159770467e-05,3.8435400695480126e-14,3.8435400695480126e-14,3.2091408523615694e-14,,0.0,0.0,0.00456704015061846,3.5270643972334666e-18,,,,,0.13043478260869565,,2.3332883504384434e-21,1.0,1.0,2.3854854224057974e-18,2.3854854224057974e-18,1.0,0.4544873153722995,0.14156097535167125,1153,1.8483416794626435,0.8972022492894034,283,615.1828996322963,0.7125313553120111,718.0,454.4554317548746,0.6885086683102111,494,1009.0473684210526,935.5,610.6543869996938,760,0.4758535102197843,0.8532293215616218,0.41093374637766444,5,371.75
coif9,1.0,reflect,1.7185863280457803e-26,317.12007894348534,7233148.153972028,0.6124031007751938,285.7976892930234,206,raw,8.907653471361453e-14,-2.0952950485764464e-10,6.715936851930936,59373.48923194774,0.7434203757201628,5.618943883690066e-06,1.0,327.0,,,,[],[],13,661.1538461538463,86.99999999999994,939.9999999999999,"[8, 32, 51, 63, 81, 100, 111, 133, 152, 162, 175, 192, 204]","[878.0000000000003, 638.0000000000001, 787.0, 792.0000000000002, 939.9999999999999, 787.9999999999999, 637.0000000000002, 674.9999999999998, 770.9999999999998, 195.9999999999999, 834.0000000000001, 572.0000000000001, 86.99999999999994]","[0, 13, 39, 39, 76, 99, 107, 107, 107, 161, 99, 187, 203]","[76, 39, 61, 76, 205, 164, 119, 142, 164, 164, 205, 205, 205]",37754613.0,940.9999999999999,-940.9999999999999,0.0,,,,DWT,mdp.39015067403892,0.0,,0.0,33.0,19.0,0.0,28.5,,1.1368683772161603e-13,256.3413461538463,4358.999999999998,256.34134615384613,,0.0,256.3413461538463,,,83.99999999999994,0.0,19.5,1.1368683772161603e-13,1.1368683772161603e-13,,0.0,9.420190250820409e-14,1.1364977361948903e-26,0.9563221754985296,0.9238040287832147,0.0016849086101276905,0.4144518272425247,0.0001322841640490728,0.9999999997234712,0.47422802461153424,6.696054799077647e-09,6.696054799077647e-09,6.0819563246244724e-09,,0.0,0.9999999933039181,1.3612963731558036e-13,,,,,,0.0,1.0,0.0,1.4238426238064856e-13,1.4238426238064856e-13,0.742268409877764,0.24267159368213953,910,1.6023714184478353,0.769624418718709,342,0,0.20618566978249486,0.2463543448300062,907,0.0,0.4120494030027514,0.7484245716214837,377,317.28956280764527,0.6674113597404138,634.0,514.2754221606189,0.5014205645662236,876,coif,0.5507900112560971,0.8749445204262634,0.351963635992853,2,657.5,9.420190250820408e-14,0.0001547883299646835,1.1364977361948902e-26,0.9563221754985296,0.9238040287832148,0.0027166467432762596,0.5599143206854345,0.002497671786385488,0.9999999997234711,0.9919828214562006,0.9855281704452481,0.9855281704452481,0.9855281704451341,,0.0,0.9999999999667596,7.585973278963461e-14,,,,,1.0,,0.0,1.0,0.25,1.4238426238064856e-13,1.4238426238064856e-13,0.0,2.209570199821024,0.6304403968407599,900,1.6620648764394974,0.768347916363749,1039,98.2878425849301,0.9484864556682756,969.5,964.5177926766373,0.7201813829704061,279,0.4784248188775415,0.776734912893196,0.43208215291776214,2,209.75,,,,,,,,,,,,,6.325071848483948e-19,0.03641360043841643,1.1364977361948902e-26,0.9683178454839532,0.2855809137132745,0.001896694404957951,0.42358556761365956,1.0,0.002497671786385488,0.9999999999999541,0.0008499884728391214,0.0007982210227401272,0.0007982210227401272,0.0007982210227337869,,0.0,0.0,0.020163910573049813,7.054128794466933e-19,,,,,0.4782608695652174,,0.0,1.0,0.7906976744186046,4.770970844811595e-19,4.770970844811595e-19,0.9302325581395349,0.5674759776446953,0.17675400427451057,770,1.7060868872410127,0.8281504495212191,1237,330.2188668141177,0.84569211831116,1003.5,949.1679123069257,0.6883834423331501,495,986.6382352941176,846.0,585.0035688138154,340,0.4652856568234462,0.8173890317607586,0.42908333069536003,4,372.25
db36,1.0,antisymmetric,1.8054062147981577e-26,316.90604313744694,7659637.002884398,0.605072463768116,289.0126588336913,206,raw,9.534552220023578e-14,-2.0362900254866888e-10,6.820118607286857,164711.1751340392,0.9239994725756676,5.618943883690064e-06,1.0,327.0,,,,[],[],13,661.1538461538462,87.00000000000016,940.0,"[8, 32, 51, 63, 81, 100, 111, 133, 152, 162, 175, 192, 204]","[877.9999999999999, 638.0000000000005, 786.9999999999998, 792.0000000000005, 940.0, 788.0000000000001, 637.0, 675.0000000000002, 770.9999999999999, 196.00000000000006, 834.0000000000002, 572.0, 87.00000000000016]","[0, 13, 39, 39, 76, 99, 107, 107, 107, 161, 99, 187, 203]","[76, 39, 61, 76, 205, 164, 119, 142, 164, 164, 205, 205, 205]",37754613.0,941.0,-941.0,0.0,,,,DWT,mdp.39015067403892,0.0,,0.0,33.0,19.0,0.0,28.5,,0.0,256.3413461538462,4359.0,256.34134615384625,,0.0,256.3413461538462,,,84.00000000000016,0.0,19.5,0.0,0.0,,0.0,1.0212287695734724e-13,1.1979372369330255e-26,0.9555323349189141,0.9597935990170794,0.002164871717091862,0.35947204968944113,0.00866073890974881,0.9999999997235601,0.4742280246117819,6.6959667625959335e-09,6.6959667625959335e-09,6.082044361106239e-09,,0.0,0.9999999933040264,0.0,,,,,,0.0,1.0,0.0,0.0,0.0,0.7422684098777411,0.24267159368213206,912,1.6015517516475648,0.7692307299787338,348,0,0.20618566978248215,0.246354344829991,910,0.0,0.41070294924699224,0.7459789447912576,392,312.86365507464535,0.6720506760223843,640.5,524.9360397455612,0.500333514111821,881,db,0.540986235965534,0.9305070477545101,0.3421575204977732,3,661.5,1.0212287695734723e-13,0.0001547883299646835,1.1979372369330253e-26,0.9555323349189141,0.9597935990170794,0.003196113818231869,0.518592677345538,0.011005950761857196,0.99999999972356,0.9919828214562044,0.9855281704452468,0.9855281704452468,0.9855281704451354,,0.0,0.9999999999667601,0.0,,,,,1.0,,0.0,1.0,0.25,0.0,0.0,0.0,2.20957019982093,0.630440396840733,916,1.666700145000406,0.7704907322014737,1002,60.81118318204309,0.9681283107012353,959.0,957.0719499478624,0.73275388281393,252,0.49117026184683504,0.8233619396015222,0.4091722348267588,4,190.0,,,,,,,,,,,,,6.856916016880364e-19,0.036413600438416426,1.1979372369330253e-26,0.9677449265812367,0.29670657893154884,0.0020088139812442594,0.3923249780873332,1.0,0.011005950761857194,0.9999999999999541,0.0008499884728391242,0.0007982210227401261,0.0007982210227401261,0.0007982210227337879,,0.0,0.0,0.020163910573049823,0.0,,,,,0.4782608695652174,,0.0,1.0,0.7906976744186046,0.0,0.0,0.9302325581395349,0.5674759776446953,0.17675400427451057,943,1.7022611040763211,0.8262933787756994,1267,229.1025971044414,0.8929427116334386,1105.0,1081.249773755656,0.6882937857232614,496,1009.0473684210526,935.5,610.6543869996938,760,0.4758535102197843,0.8532293215616218,0.41093374637766444,5,373.25
coif12,1.0,antisymmetric,1.9814562264278934e-26,316.501947643457,7376803.127065025,0.6123188405797102,291.2461754166513,206,raw,9.844121203200615e-14,-2.0735602124233597e-10,6.7866777497071835,153432.11707521556,0.9057949267242799,5.618943883690064e-06,1.0,327.00000000000006,,,,[],[],13,661.1538461538462,86.99999999999986,940.0000000000002,"[8, 32, 51, 63, 81, 100, 111, 133, 152, 162, 175, 192, 204]","[878.0000000000002, 638.0000000000002, 786.9999999999998, 792.0000000000002, 940.0000000000002, 787.9999999999999, 637.0, 675.0, 771.0, 196.00000000000017, 833.9999999999998, 572.0, 86.99999999999986]","[0, 13, 39, 39, 76, 99, 107, 107, 107, 161, 164, 187, 203]","[76, 39, 61, 76, 205, 164, 119, 142, 164, 164, 205, 205, 205]",37754613.0,941.0000000000002,-941.0000000000002,0.0,,,,DWT,mdp.39015067403892,0.0,,0.0,33.0,19.0,0.0,28.5,,2.2737367544323206e-13,256.3413461538462,4359.0,256.3413461538462,,0.0,256.3413461538462,,,83.99999999999986,0.0,24.0,2.2737367544323206e-13,2.2737367544323206e-13,,5.684341886080802e-14,1.06034334766484e-13,1.3225218825030412e-26,0.9540411310633509,0.9482414602723186,0.0018465754096053393,0.4138198757763979,0.007747552566181268,0.999999999723504,0.4742280246114352,6.6959667625959335e-09,6.6959667625959335e-09,6.082000342865356e-09,,2.859275438170267e-12,0.9999999933040264,2.7225927463116073e-13,,,,,,0.0,1.0,0.5,2.847685247612971e-13,2.847685247612971e-13,0.7922684098793036,0.2590182137497762,456,1.6160956677054377,0.776216222114369,300,0,0.24785233644942473,0.2961384272000858,456,0.0,0.415712074351433,0.7550772526232057,331,82.09902557278009,0.9139423212025366,385.75,372.4240031583103,0.7547961081903668,232,coif,0.5507900112560971,0.8749445204262634,0.351963635992853,2,174.5,1.0603433476648398e-13,0.0001547883299646835,1.3225218825030412e-26,0.9540411310633509,0.9482414602723186,0.0028781464634386467,0.5594393592677349,0.010094924743740458,0.9999999997235038,0.9919828214561991,0.9855281704452468,0.9855281704452468,0.9855281704451347,,6.125805465799743e-13,0.9999999999667601,1.5171946557926922e-13,,,,,1.0,,0.0,1.0,0.5,2.847685247612971e-13,2.847685247612971e-13,0.0,2.234570199821424,0.6375734627748261,457,1.675844631998902,0.7747180927763275,951,349.31074990615446,0.8169230870512817,704.0,617.3394886363636,0.7239751703600223,271,0.4784248188775415,0.776734912893196,0.43208215291776214,2,203.75,,,,,,,,,,,,,7.1195460807790085e-19,0.036413600438416426,1.3225218825030412e-26,0.9666632666884623,0.29313539907599373,0.0019344598348295238,0.42322625049266765,1.0,0.010094924743740458,0.9999999999999541,0.0008499884728391203,0.0007982210227401261,0.0007982210227401261,0.0007982210227337874,,0.0,4.786380409530668e-19,0.020163910573049823,1.4108257588933865e-18,,,,,0.4782608695652174,,0.0,1.0,0.8604651162790697,9.54194168962319e-19,9.54194168962319e-19,0.9302325581395349,0.5744527218307418,0.17892707859001003,522,1.7117854396945587,0.8309165799049161,1195,475.88286373854646,0.7776248300287166,858.5,726.604542807222,0.6882283028648256,497,986.6382352941176,846.0,585.0035688138154,340,0.4652856568234462,0.8173890317607586,0.42908333069536003,4,373.75
sym20,1.0,reflect,2.2739939446334995e-18,233.6795057036536,5614175.603059695,0.5327868852459017,106.07603296260682,206,smoothed,1.2397443470949841e-09,1.2707419093846301e-08,6.473789668243197,30198.342743185505,0.9798925220119293,0.0001496656645172589,0.9999999999999999,362.39999999983047,,,,[],[],11,426.59999999576553,32.19999999896049,728.399999992311,"[9, 31, 53, 64, 80, 102, 131, 148, 158, 175, 192]","[310.99999999542706, 417.79999999600017, 589.5999999950928, 432.19999999360647, 728.399999992311, 370.9999999952437, 586.999999997963, 32.19999999896049, 448.1999999967386, 367.9999999960296, 407.1999999960475]","[1, 1, 1, 60, 1, 94, 120, 144, 144, 165, 186]","[20, 40, 75, 75, 205, 120, 205, 149, 205, 186, 205]",30736475.839911573,728.3999999949415,-728.3999999949415,0.0,,,,DWT,mdp.39015067403892,8.842349052429199e-05,,0.0,15.0,11.0,0.0,33.0,,5.058495844423305e-09,168.3999999957656,987.8000000465781,168.3999999964645,,0.0,168.3999999957656,,,27.999999998960504,0.0,33.0,7.688981895626057e-09,5.058495844423305e-09,,1.695070750429295e-10,2.723495839716101e-09,6.65506988446288e-18,0.6526193534297355,0.4896305275311956,0.34225147379420073,0.13542193741972292,0.014492177897674707,,0.9999987583605737,0.0,0.0,0.0,,1.8267151899014834e-09,1.0,5.130621307761357e-09,,,,,,1.8862276943158846e-09,0.0,1.0,7.776398090403228e-09,7.776398090403228e-09,0.8999996350405133,0.33832957747126624,662,0.8674782596645474,0.4403908348616596,307,0,0.24999989856307783,0.35570067325329185,663,0.0,0.23348792468514648,0.4119358920297254,301,206.99496773271244,0.7830241428378276,483.25,416.7336144655849,0.6382363900771948,485,sym,1.0,1.0,0.0,7,365.5,1.5664201428633118e-09,0.9999999999986682,1.6092286893799024e-18,0.6484075702227213,0.8401543240485451,0.000896566252546123,0.1111302847282144,0.0001411525278613708,0.9999999999181537,2.0315793510139457e-05,0.0,0.0,0.0,,1.8267151899014834e-09,0.0031261328541218325,5.130621307761357e-09,,,,,0.0,,8.752106580821584e-10,0.0,1.0,6.3353877546269585e-09,6.3353877546269585e-09,1.0,0.30156916761554264,0.08604451024994828,1247,1.5540785626233966,0.7184274467162916,1449,142.8355697996826,0.9251385902517387,1348.0,1340.4324925816024,0.6093198192348841,829,0.7763846615972358,0.5622554397616224,0.28785410495344815,6,623.25,,,,,,,,,,,,,1.0517536997365917e-14,0.9999999999987164,1.6092286893799024e-18,0.744968852867177,0.2597217938505504,0.0014710830041197772,0.08407212138821951,0.9999999999999999,0.00014115252786137122,0.9999999999999863,9.960751158377538e-05,0.0,0.0,0.0,,0.0,1.4272986381220454e-15,0.004567040150833961,4.7709189275618206e-14,,,,,0.13043478260869565,,2.7691466143003447e-17,0.7209302325581395,1.0,2.1228434773989188e-14,2.1228434773989188e-14,1.0,0.4265803386282174,0.13286867808970582,1313,1.7112630597136864,0.8306630118016645,1200,79.90306627407988,0.962662118563514,1256.5,1253.959411062475,0.6877562929266168,498,1409.1368421052632,1454.5,398.32527672708756,380,0.6645304607900322,0.5565550872278735,0.3678621512786154,7,375.25
db8,1.0,periodic,3.9766248466879e-27,323.4766462511629,6258945.332333809,0.6227272727272727,288.27170167745186,206,raw,3.951100503947548e-14,-2.0684343127186646e-10,6.4579460621543765,63482.31443857913,0.7530809309589097,5.618943883690066e-06,1.0,327.0,,,,[],[],13,661.1538461538462,86.99999999999997,940.0,"[8, 32, 51, 63, 81, 100, 111, 133, 152, 162, 175, 192, 204]","[878.0, 637.9999999999999, 787.0, 792.0, 940.0, 788.0, 637.0000000000001, 675.0, 770.9999999999999, 196.0, 833.9999999999999, 571.9999999999999, 86.99999999999997]","[0, 13, 42, 42, 76, 99, 107, 107, 107, 161, 164, 187, 203]","[76, 42, 61, 76, 205, 164, 119, 142, 164, 164, 205, 205, 205]",37754613.0,941.0,-941.0,0.0,,,,DWT,mdp.39015067403892,0.0,,0.0,33.0,19.0,0.0,28.5,,0.0,256.3413461538462,4359.0,256.3413461538461,,0.0,256.3413461538462,,,83.99999999999997,0.0,28.5,0.0,0.0,,0.0,3.1574995859407715e-14,2.0172455822874266e-27,0.9797793479202347,0.8346811529338594,0.0005885577576278759,0.49188311688311653,0.00046494696684993143,0.9999999997235117,0.47422802461156727,6.6959667625959335e-09,6.6959667625959335e-09,6.081912306383589e-09,,0.0,0.9999999933040264,0.0,,,,,,0.0,1.0,1.0,0.0,0.0,0.8422684098776371,0.2753648338163646,222,1.6024416895272853,0.7696581701561422,341,0,0.2895190031157866,0.34592250956948684,222,0.0,0.41342464027315395,0.7509224792934239,357,73.61385739111897,0.9228366274726216,285.5,271.32107522023944,0.8117851900465833,103,db,0.540986235965534,0.9305070477545101,0.3421575204977732,3,78.0,3.157499585940771e-14,0.0001547883299646835,2.0172455822874266e-27,0.9797793479202347,0.8346811529338594,0.0016214289468542199,0.6181100478468897,0.002829547608605121,0.9999999997235116,0.9919828214562011,0.9855281704452468,0.9855281704452468,0.9855281704451335,,0.0,0.9999999999667601,0.0,,,,,1.0,,0.0,1.0,0.75,0.0,0.0,0.0,2.2595701998209288,0.6447065287086369,222,1.654441174263099,0.764823592033665,1090,613.7686860699232,0.678318298705491,656.0,368.8719512195122,0.6672513925393283,520,0.49117026184683504,0.8233619396015222,0.4091722348267588,4,391.0,,,,,,,,,,,,,2.120064585839376e-19,0.03641360043841643,2.0172455822874266e-27,0.9853327442261969,0.2580298406233061,0.0016405864015305376,0.46761171449305655,1.0,0.002829547608605121,0.9999999999999541,0.0008499884728391218,0.0007982210227401261,0.0007982210227401261,0.0007982210227337863,,0.0,0.0,0.020163910573049823,0.0,,,,,0.4782608695652174,,0.0,1.0,0.9302325581395349,0.0,0.0,0.9302325581395349,0.5814294660167882,0.18110015290550946,178,1.7201354450203077,0.8349697501834863,1138,678.8225099390856,0.6827932196546329,658.0,307.84802431610944,0.6876582920703072,499,1009.0473684210526,935.5,610.6543869996938,760,0.4758535102197843,0.8532293215616218,0.41093374637766444,5,375.5
db8,1.0,zero,4.13250146390645e-27,321.08526858156813,4962607.757770441,0.55,71.33538420502187,206,smoothed,4.13951505220432e-14,-1.999155729848216e-10,6.193613789418051,36674.2294214876,0.9861645452434632,0.00014966566451320268,0.9999999999999997,362.3999999999999,,,,[],[],11,426.59999999999997,32.19999999999996,728.3999999999999,"[9, 31, 53, 64, 80, 102, 131, 148, 158, 175, 192]","[311.0, 417.79999999999995, 589.6000000000001, 432.19999999999993, 728.3999999999999, 370.99999999999994, 587.0, 32.19999999999996, 448.2, 367.9999999999999, 407.1999999999998]","[1, 1, 1, 60, 1, 94, 120, 144, 144, 165, 186]","[20, 40, 75, 75, 203, 120, 203, 149, 203, 186, 203]",30736475.83999999,728.3999999999999,-728.3999999999999,0.0,,,,DWT,mdp.39015067403892,7.450580596923828e-09,,0.0,33.0,11.0,0.0,33.0,,1.1368683772161603e-13,168.40000000000003,987.7999999999993,168.39999999999998,,0.0,168.40000000000003,,,27.99999999999997,0.0,33.0,1.1368683772161603e-13,1.1368683772161603e-13,,5.684341886080802e-14,4.210242673723478e-14,7.306288724641179e-27,0.9847099355698528,0.08550370190800577,0.0626279578527552,0.2536585365853664,0.06819562769798272,,0.9999996646849938,4.4059199552998455e-09,4.4059199552998455e-09,3.67866784340914e-09,,6.125805465799743e-13,0.9999999955940747,7.585973278963461e-14,,,,,,1.5893391424973748e-13,1.0,1.0,1.7477015598164352e-13,1.7477015598164352e-13,0.9999999009501814,0.37592186795114996,261,0.7936334569356445,0.4029022016173501,530,0,0.333333306064231,0.47426771797220063,265,0.0,0.20781367994485792,0.3666395756418781,510,148.6124714371801,0.8442217280532703,391.5,349.26630031189666,0.7169221847813521,291,db,0.573477938514061,0.8443824841957417,0.34525069778143475,3,219.0,3.395564636441151e-14,0.9999999999705134,2.127554198169085e-27,0.9709546229380345,0.7433676128401969,0.00016406098373859704,0.20815789473684254,0.0006642193676222878,0.999999999723616,2.0315811922799742e-05,4.745387416349445e-11,4.745387416349445e-11,3.962102868015904e-11,,6.125805465799743e-13,0.0031261328403482946,7.585973278963461e-14,,,,,0.0,,7.374542113937972e-14,1.0,1.0,1.4238426238064856e-13,1.4238426238064856e-13,1.0,0.40156916120454766,0.11457677215655453,1154,1.7378674561971847,0.8033903235750635,368,555.7859300126264,0.7087075838508248,761.0,558.0446780551905,0.6549303118415549,594,0.49117026184683504,0.8233619396015222,0.4091722348267588,4,446.5,,,,,,,,,,,,,2.2799104603849267e-19,0.9999999999715827,2.127554198169085e-27,0.9789316401501852,0.22980155475115024,0.0012997924512204112,0.1574753078067924,0.9999999999999997,0.0006642193676222878,0.9999999999999541,9.960751159770391e-05,3.8434858594393884e-14,3.8434858594393884e-14,3.2090649582094954e-14,,0.0,4.786380409530668e-19,0.004567040150618464,7.054128794466933e-19,,,,,0.13043478260869565,,2.3332883504384434e-21,1.0,1.0,4.770970844811595e-19,4.770970844811595e-19,1.0,0.4544873153722995,0.14156097535167125,1133,1.8661654685525186,0.9058540823568398,148,696.5001794687494,0.6745326264164723,640.5,261.8017174082748,0.6876167804979558,500,1009.0473684210526,935.5,610.6543869996938,760,0.4758535102197843,0.8532293215616218,0.41093374637766444,5,376.25
sym9,1.0,constant,6.266661081054201e-26,309.2770366679777,4961507.698345981,0.545045045045045,71.22984107878679,206,smoothed,1.99336771468936e-13,-1.8196877338283506e-10,6.194987029899523,37263.72972323672,0.9864367356928935,0.00014966566451320244,1.0,362.3999999999999,,,,[],[],11,426.5999999999997,32.20000000000019,728.3999999999999,"[9, 31, 53, 64, 80, 102, 131, 148, 158, 175, 192]","[310.99999999999994, 417.79999999999984, 589.5999999999997, 432.199999999999, 728.3999999999999, 370.99999999999966, 586.9999999999995, 32.20000000000019, 448.1999999999995, 367.99999999999966, 407.1999999999999]","[1, 1, 1, 60, 1, 94, 120, 144, 144, 165, 186]","[20, 40, 75, 75, 203, 120, 203, 149, 203, 186, 203]",30736475.839999977,728.3999999999999,-728.3999999999999,0.0,,,,DWT,mdp.39015067403892,1.862645149230957e-08,,0.0,33.0,11.0,0.0,33.0,,1.1368683772161603e-13,168.39999999999975,987.800000000002,168.39999999999972,,0.0,168.39999999999975,,,28.0000000000002,0.0,33.0,1.1368683772161603e-13,1.1368683772161603e-13,,5.684341886080802e-14,3.8907804470013005e-13,1.7861219282619763e-25,0.9398455870290473,0.08748446955624768,0.062155861990081905,0.21962303335063982,0.0730842555314998,,0.9999996648832438,4.405624228187547e-09,4.405624228187547e-09,3.678401689007877e-09,,6.125805465799743e-13,0.9999999955943328,7.585973278963461e-14,,,,,,3.9733478562434375e-13,1.0,1.0,1.7477015598164352e-13,1.7477015598164352e-13,0.9999999010096473,0.3759218679735045,66,0.7558104335435658,0.3837006681344582,655,0,0.3333333060807218,0.4742677179956638,66,0.0,0.19745617249398656,0.34836612926672755,604,326.0024284163131,0.6582783769221037,347.75,119.45512813181232,0.6468802786078024,467,sym,1.0,1.0,0.0,7,352.0,2.335176245381563e-13,0.9999999999705116,4.355016587083656e-26,0.9273795739240767,0.7438419985384134,0.00016282427549670943,0.1802275960170698,0.0007118341692998959,0.9999999997238865,2.0315811926907568e-05,4.7450710027874266e-11,4.7450710027874266e-11,3.961819761144625e-11,,6.125805465799743e-13,0.0031261328403491273,7.585973278963461e-14,,,,,0.0,,1.8436355284844931e-13,1.0,1.0,1.4238426238064856e-13,1.4238426238064856e-13,1.0,0.4015691612046019,0.11457677215657,1143,1.700805927716727,0.7862573291962774,725,295.57063453597686,0.8450887659664692,934.0,887.2323340471092,0.6777854731299852,469,0.7763846615972358,0.5622554397616224,0.28785410495344815,6,353.25,,,,,,,,,,,,,1.567925608469004e-18,0.9999999999715811,4.355016587083656e-26,0.9473240348799628,0.22994820436181237,0.001299503256797451,0.13634551883773918,1.0,0.0007118341692998959,0.9999999999999543,9.960751159770694e-05,3.843236492939717e-14,3.843236492939717e-14,3.2088372757532735e-14,,0.0,4.786380409530668e-19,0.0045670401506184765,7.054128794466933e-19,,,,,0.13043478260869565,,5.833220876096109e-21,1.0,1.0,4.770970844811595e-19,4.770970844811595e-19,1.0,0.4544873153722995,0.14156097535167125,1185,1.8388412159315541,0.8925906358934087,446,522.5519112968586,0.7558168638799726,815.5,648.0809319435929,0.6873710487624163,501,1409.1368421052632,1454.5,398.32527672708756,380,0.6645304607900322,0.5565550872278735,0.3678621512786154,7,377.5
db14,1.0,antisymmetric,8.249983935238742e-27,318.08286771373895,5324232.524585536,0.5344827586206896,103.49295375521082,206,smoothed,5.5118800570128145e-14,-2.0817627621738717e-10,6.371327642483122,73176.46724476718,0.9923788649443447,0.00014966566451320265,0.9999999999999999,362.4,,,,[],[],11,426.60000000000014,32.20000000000002,728.4000000000002,"[9, 31, 53, 64, 80, 102, 131, 148, 158, 175, 192]","[310.9999999999999, 417.8000000000002, 589.6000000000003, 432.1999999999999, 728.4000000000002, 371.0000000000003, 587.0, 32.20000000000002, 448.2000000000001, 368.0, 407.20000000000005]","[1, 1, 1, 60, 1, 94, 120, 144, 144, 165, 186]","[20, 40, 75, 75, 203, 120, 203, 149, 203, 186, 203]",30736475.839999996,728.4000000000002,-728.4000000000002,0.0,,,,DWT,mdp.39015067403892,0.0,,0.0,33.0,11.0,0.0,33.0,,2.2737367544323206e-13,168.4000000000002,987.7999999999975,168.4000000000001,,0.0,168.4000000000002,,,28.00000000000003,0.0,33.0,2.2737367544323206e-13,2.2737367544323206e-13,,0.0,7.225136358866748e-14,1.9356511496407525e-26,0.9733025750116244,0.3418388853992096,0.2178209887541681,0.14707086344589415,0.3709026072857364,,0.9999996647345563,4.406097391567225e-09,4.406097391567225e-09,3.6787861342541454e-09,,0.0,0.9999999955939026,1.5171946557926922e-13,,,,,,0.0,1.0,1.0,3.4954031196328703e-13,3.4954031196328703e-13,0.999999900964828,0.37592186795665594,177,1.0710008703763374,0.5437127238496895,173,0,0.3333333060683576,0.47426771797807193,168,0.0,0.2929908456995293,0.5169151490062358,168,4.358898943540674,0.9954309235392655,171.5,171.41760383865648,0.9078307657528613,38,db,0.573477938514061,0.8443824841957417,0.34525069778143475,3,29.25,5.1295716289874167e-14,0.9999999999705131,5.041357438412905e-27,0.9598750840254704,0.8047588341204069,0.0005706065935910217,0.12068965517241376,0.003612558511109314,0.9999999997234915,2.0315811923854454e-05,4.745570603148508e-11,4.745570603148508e-11,3.962224992548613e-11,,0.0,0.003126132840347795,1.5171946557926922e-13,,,,,0.0,,0.0,1.0,1.0,2.847685247612971e-13,2.847685247612971e-13,1.0,0.401569161204301,0.11457677215648414,1179,1.7283106561262562,0.7989723567882717,459,509.11688245431424,0.7331672523824349,819.0,660.7582417582416,0.6519609846817834,629,0.49117026184683504,0.8233619396015222,0.4091722348267588,4,472.75,,,,,,,,,,,,,3.4441883063311406e-19,0.9999999999715825,5.041357438412905e-27,0.9708949838423008,0.2487797801332896,0.0013948599207060535,0.09130396241467953,0.9999999999999999,0.003612558511109314,0.9999999999999541,9.960751159770467e-05,3.843648489765261e-14,3.843648489765261e-14,3.209173378426744e-14,,0.0,0.0,0.004567040150618456,1.4108257588933865e-18,,,,,0.13043478260869565,,0.0,1.0,1.0,9.54194168962319e-19,9.54194168962319e-19,1.0,0.4544873153722995,0.14156097535167125,1164,1.84559091869415,0.8958670044176505,320,596.7981233214462,0.721122372279698,742.0,501.9946091644205,0.6871967001585406,502,1009.0473684210526,935.5,610.6543869996938,760,0.4758535102197843,0.8532293215616218,0.41093374637766444,5,377.75
sym9,1.0,zero,6.266661081054201e-26,309.2770366679777,4961507.698345981,0.545045045045045,71.22984107878679,206,smoothed,1.99336771468936e-13,-1.8196877338283506e-10,6.194987029899523,37263.72972323672,0.9864367356928935,0.00014966566451320244,1.0,362.3999999999999,,,,[],[],11,426.5999999999997,32.20000000000019,728.3999999999999,"[9, 31, 53, 64, 80, 102, 131, 148, 158, 175, 192]","[310.99999999999994, 417.79999999999984, 589.5999999999997, 432.199999999999, 728.3999999999999, 370.99999999999966, 586.9999999999995, 32.20000000000019, 448.1999999999995, 367.99999999999966, 407.1999999999999]","[1, 1, 1, 60, 1, 94, 120, 144, 144, 165, 186]","[20, 40, 75, 75, 203, 120, 203, 149, 203, 186, 203]",30736475.839999977,728.3999999999999,-728.3999999999999,0.0,,,,DWT,mdp.39015067403892,1.862645149230957e-08,,0.0,33.0,11.0,0.0,33.0,,1.1368683772161603e-13,168.39999999999975,987.800000000002,168.39999999999972,,0.0,168.39999999999975,,,28.0000000000002,0.0,33.0,1.1368683772161603e-13,1.1368683772161603e-13,,5.684341886080802e-14,3.8907804470013005e-13,1.7861219282619763e-25,0.9398455870290473,0.08748446955624768,0.062155861990081905,0.21962303335063982,0.0730842555314998,,0.9999996648832438,4.405624228187547e-09,4.405624228187547e-09,3.678401689007877e-09,,6.125805465799743e-13,0.9999999955943328,7.585973278963461e-14,,,,,,3.9733478562434375e-13,1.0,1.0,1.7477015598164352e-13,1.7477015598164352e-13,0.9999999010096473,0.3759218679735045,67,0.7558104335435658,0.3837006681344582,653,0,0.3333333060807218,0.4742677179956638,68,0.0,0.19745617249398656,0.34836612926672755,606,325.03794650266093,0.659289364252976,348.5,121.90359507821893,0.6469926905122323,465,sym,1.0,1.0,0.0,7,350.5,2.335176245381563e-13,0.9999999999705116,4.355016587083656e-26,0.9273795739240767,0.7438419985384134,0.00016282427549670943,0.1802275960170698,0.0007118341692998959,0.9999999997238865,2.0315811926907568e-05,4.7450710027874266e-11,4.7450710027874266e-11,3.961819761144625e-11,,6.125805465799743e-13,0.0031261328403491273,7.585973278963461e-14,,,,,0.0,,1.8436355284844931e-13,1.0,1.0,1.4238426238064856e-13,1.4238426238064856e-13,1.0,0.4015691612046019,0.11457677215657,1142,1.700805927716727,0.7862573291962774,726,294.15642097360376,0.8458299680431847,934.0,887.678800856531,0.6781560741683429,468,0.7763846615972358,0.5622554397616224,0.28785410495344815,6,352.5,,,,,,,,,,,,,1.567925608469004e-18,0.9999999999715811,4.355016587083656e-26,0.9473240348799628,0.22994820436181237,0.001299503256797451,0.13634551883773918,1.0,0.0007118341692998959,0.9999999999999543,9.960751159770694e-05,3.843236492939717e-14,3.843236492939717e-14,3.2088372757532735e-14,,0.0,4.786380409530668e-19,0.0045670401506184765,7.054128794466933e-19,,,,,0.13043478260869565,,5.833220876096109e-21,1.0,1.0,4.770970844811595e-19,4.770970844811595e-19,1.0,0.4544873153722995,0.14156097535167125,1186,1.8388412159315541,0.8925906358934087,447,522.5519112968586,0.7558168638799726,816.5,649.2859767299449,0.687137403902603,503,1409.1368421052632,1454.5,398.32527672708756,380,0.6645304607900322,0.5565550872278735,0.3678621512786154,7,379.0
db21,1.0,antisymmetric,1.080877305323578e-26,319.1340284859514,6820521.118385896,0.6219512195121951,305.4363938903251,206,raw,7.320088440469059e-14,-2.0508617026848986e-10,6.607749542474694,131217.26418747587,0.9002422991572805,5.618943883690066e-06,1.0,327.00000000000006,,,,[],[],13,661.1538461538462,87.00000000000006,939.9999999999999,"[8, 32, 51, 63, 81, 100, 111, 133, 152, 162, 175, 192, 204]","[878.0000000000001, 637.9999999999999, 786.9999999999999, 792.0000000000003, 939.9999999999999, 787.9999999999999, 637.0, 674.9999999999999, 770.9999999999997, 196.00000000000006, 833.9999999999999, 572.0000000000001, 87.00000000000006]","[0, 13, 42, 42, 76, 99, 107, 107, 107, 161, 164, 187, 203]","[76, 42, 61, 76, 205, 164, 119, 142, 164, 164, 205, 205, 205]",37754613.0,940.9999999999999,-940.9999999999999,0.0,,,,DWT,mdp.39015067403892,0.0,,0.0,33.0,19.0,0.0,28.5,,1.1368683772161603e-13,256.3413461538462,4359.0,256.34134615384613,,0.0,256.3413461538462,,,84.00000000000006,0.0,28.5,1.1368683772161603e-13,1.1368683772161603e-13,,5.684341886080802e-14,7.414274291841635e-14,6.85212605128035e-27,0.9637541052460807,0.8864307405449208,0.0012205453459476524,0.4860627177700348,0.005948971498892951,0.9999999997235381,0.47422802461166635,6.6959667625959335e-09,6.6959667625959335e-09,6.0819563246244724e-09,,2.859275438170267e-12,0.9999999933040264,1.3612963731558036e-13,,,,,,0.0,1.0,1.0,1.4238426238064856e-13,1.4238426238064856e-13,0.8422684098792346,0.2753648338168869,165,1.6188827816900913,0.7775548823997726,290,0,0.28951900311607187,0.3459225095698277,164,0.0,0.41792713501618617,0.7591005707424713,302,76.08054941967757,0.9202509964154323,230.25,211.44218119818868,0.8394493975787853,56,db,0.540986235965534,0.9305070477545101,0.3421575204977732,3,42.75,7.414274291841635e-14,0.0001547883299646835,6.85212605128035e-27,0.9637541052460807,0.8864307405449208,0.0022527633889878177,0.6137355584082158,0.008300598580702926,0.999999999723538,0.9919828214562026,0.9855281704452468,0.9855281704452468,0.9855281704451341,,6.125805465799743e-13,0.9999999999667601,7.585973278963461e-14,,,,,1.0,,0.0,1.0,0.75,1.4238426238064856e-13,1.4238426238064856e-13,0.0,2.2595701998213307,0.6447065287087516,165,1.6714551142985972,0.772688883912895,974,572.0493859799169,0.7001837599685969,569.5,282.1949078138718,0.7008518380555773,333,0.49117026184683504,0.8233619396015222,0.4091722348267588,4,250.75,,,,,,,,,,,,,4.978224043424347e-19,0.03641360043841643,6.85212605128035e-27,0.9737086713618857,0.2740274916984132,0.0017882189582676716,0.46430233210463623,1.0,0.008300598580702926,0.9999999999999541,0.0008499884728391229,0.0007982210227401261,0.0007982210227401261,0.0007982210227337869,,0.0,4.786380409530668e-19,0.020163910573049823,7.054128794466933e-19,,,,,0.4782608695652174,,0.0,1.0,0.9302325581395349,4.770970844811595e-19,4.770970844811595e-19,0.9302325581395349,0.5814294660167882,0.18110015290550946,77,1.722098310551114,0.8359225433758164,1123,739.6336931211287,0.6543767789153605,600.0,144.1183333333333,0.6870014735698298,504,1009.0473684210526,935.5,610.6543869996938,760,0.4758535102197843,0.8532293215616218,0.41093374637766444,5,379.25
sym9,1.0,smooth,6.266661081054201e-26,309.2770366679777,4961507.698345981,0.545045045045045,71.22984107878679,206,smoothed,1.99336771468936e-13,-1.8196877338283506e-10,6.194987029899523,37263.72972323672,0.9864367356928935,0.00014966566451320244,1.0,362.3999999999999,,,,[],[],11,426.5999999999997,32.20000000000019,728.3999999999999,"[9, 31, 53, 64, 80, 102, 131, 148, 158, 175, 192]","[310.99999999999994, 417.79999999999984, 589.5999999999997, 432.199999999999, 728.3999999999999, 370.99999999999966, 586.9999999999995, 32.20000000000019, 448.1999999999995, 367.99999999999966, 407.1999999999999]","[1, 1, 1, 60, 1, 94, 120, 144, 144, 165, 186]","[20, 40, 75, 75, 203, 120, 203, 149, 203, 186, 203]",30736475.839999977,728.3999999999999,-728.3999999999999,0.0,,,,DWT,mdp.39015067403892,1.862645149230957e-08,,0.0,33.0,11.0,0.0,33.0,,1.1368683772161603e-13,168.39999999999975,987.800000000002,168.39999999999972,,0.0,168.39999999999975,,,28.0000000000002,0.0,33.0,1.1368683772161603e-13,1.1368683772161603e-13,,5.684341886080802e-14,3.8907804470013005e-13,1.7861219282619763e-25,0.9398455870290473,0.08748446955624768,0.062155861990081905,0.21962303335063982,0.0730842555314998,,0.9999996648832438,4.405624228187547e-09,4.405624228187547e-09,3.678401689007877e-09,,6.125805465799743e-13,0.9999999955943328,7.585973278963461e-14,,,,,,3.9733478562434375e-13,1.0,1.0,1.7477015598164352e-13,1.7477015598164352e-13,0.9999999010096473,0.3759218679735045,68,0.7558104335435658,0.3837006681344582,654,0,0.3333333060807218,0.4742677179956638,67,0.0,0.19745617249398656,0.34836612926672755,605,325.08716779760266,0.65923776960419,348.5,121.90216118778754,0.6469668931878392,466,sym,1.0,1.0,0.0,7,351.25,2.335176245381563e-13,0.9999999999705116,4.355016587083656e-26,0.9273795739240767,0.7438419985384134,0.00016282427549670943,0.1802275960170698,0.0007118341692998959,0.9999999997238865,2.0315811926907568e-05,4.7450710027874266e-11,4.7450710027874266e-11,3.961819761144625e-11,,6.125805465799743e-13,0.0031261328403491273,7.585973278963461e-14,,,,,0.0,,1.8436355284844931e-13,1.0,1.0,1.4238426238064856e-13,1.4238426238064856e-13,1.0,0.4015691612046019,0.11457677215657,1141,1.700805927716727,0.7862573291962774,727,292.74220741123065,0.8465711701199001,934.0,888.1231263383297,0.6785266752067006,467,0.7763846615972358,0.5622554397616224,0.28785410495344815,6,351.75,,,,,,,,,,,,,1.567925608469004e-18,0.9999999999715811,4.355016587083656e-26,0.9473240348799628,0.22994820436181237,0.001299503256797451,0.13634551883773918,1.0,0.0007118341692998959,0.9999999999999543,9.960751159770694e-05,3.843236492939717e-14,3.843236492939717e-14,3.2088372757532735e-14,,0.0,4.786380409530668e-19,0.0045670401506184765,7.054128794466933e-19,,,,,0.13043478260869565,,5.833220876096109e-21,1.0,1.0,4.770970844811595e-19,4.770970844811595e-19,1.0,0.4544873153722995,0.14156097535167125,1187,1.8388412159315541,0.8925906358934087,445,524.6732316404183,0.7548255926913934,816.0,647.3223039215686,0.6867585907382201,505,1409.1368421052632,1454.5,398.32527672708756,380,0.6645304607900322,0.5565550872278735,0.3678621512786154,7,380.5
coif14,1.0,periodization,4.06749803126875e-26,313.37851895450734,6005694.711585967,0.6359223300970874,304.70829549957807,206,raw,1.3790507935549028e-13,-2.1811341621713906e-10,6.286468895457704,63117.30860590066,0.7652792199457256,5.618943883690062e-06,1.0,326.99999999999994,,,,[],[],13,661.1538461538462,86.99999999999994,939.9999999999999,"[8, 32, 51, 63, 81, 100, 111, 133, 152, 162, 175, 192, 204]","[877.9999999999999, 638.0000000000003, 787.0000000000003, 792.0, 939.9999999999999, 788.0000000000001, 636.9999999999997, 675.0000000000001, 770.9999999999995, 196.0000000000004, 833.9999999999997, 572.0000000000005, 86.99999999999994]","[0, 13, 42, 42, 76, 99, 107, 107, 107, 161, 99, 187, 203]","[76, 42, 61, 76, 205, 164, 119, 142, 164, 164, 205, 205, 205]",37754613.0,940.9999999999999,-940.9999999999999,0.0,,,,DWT,mdp.39015067403892,0.0,,0.0,33.0,19.0,0.0,28.5,,1.1368683772161603e-13,256.3413461538462,4359.0,256.3413461538462,,0.0,256.3413461538462,,,83.99999999999994,0.0,24.0,1.1368683772161603e-13,1.1368683772161603e-13,,5.684341886080802e-14,1.5589761578288435e-13,2.798743193109519e-26,0.9425149720914952,0.7754443939327234,0.0003035539290759271,0.5908460471567272,0.00043539500072065665,0.9999999997233419,0.47422802461153424,6.6959667625959335e-09,6.6959667625959335e-09,6.082000342865356e-09,,2.859275438170267e-12,0.9999999933040264,1.3612963731558036e-13,,,,,,0.0,1.0,0.5,1.4238426238064856e-13,1.4238426238064856e-13,0.7922684098792082,0.259018213749745,467,1.5898955339381593,0.7636322091390711,386,0,0.24785233644939786,0.29613842720005373,468,0.0,0.41369304522927997,0.7514099957486009,350,59.29797635670209,0.9378427920789286,417.75,411.2731537509251,0.7499748551589611,247,coif,0.5507900112560971,0.8749445204262634,0.351963635992853,2,185.75,1.5589761578288435e-13,0.0001547883299646835,2.798743193109519e-26,0.9425149720914952,0.7754443939327234,0.0013367196639026996,0.6924885028104244,0.0028000655535788763,0.9999999997233417,0.9919828214562006,0.9855281704452468,0.9855281704452468,0.9855281704451347,,6.125805465799743e-13,0.9999999999667601,7.585973278963461e-14,,,,,1.0,,0.0,1.0,0.5,1.4238426238064856e-13,1.4238426238064856e-13,0.0,2.23457019982133,0.6375734627747992,477,1.6320614037871841,0.7544777564061748,1186,501.3387078612622,0.7372438638043699,831.5,680.3631990378833,0.6507236090510319,636,0.4784248188775415,0.776734912893196,0.43208215291776214,2,477.5,,,,,,,,,,,,,1.0467555267774045e-18,0.03641360043841641,2.798743193109519e-26,0.9583026499752705,0.23971763669923413,0.0015740093916863092,0.5238803950750917,1.0,0.0028000655535788763,0.9999999999999541,0.0008499884728391214,0.0007982210227401261,0.0007982210227401261,0.0007982210227337874,,0.0,4.786380409530668e-19,0.020163910573049823,7.054128794466933e-19,,,,,0.4782608695652174,,0.0,1.0,0.8604651162790697,4.770970844811595e-19,4.770970844811595e-19,0.9302325581395349,0.5744527218307418,0.17892707859001003,278,1.7172236774135974,0.833556351094359,1159,622.9610742253484,0.7088966942872204,718.5,448.4370215727209,0.6865745153679093,506,986.6382352941176,846.0,585.0035688138154,340,0.4652856568234462,0.8173890317607586,0.42908333069536003,4,380.5
coif17,1.0,symmetric,3.502251383119172e-26,314.02831931382565,8522159.859299839,0.6111111111111112,298.16403000009325,206,raw,1.2991549583691344e-13,-2.156316236678916e-10,6.922182172063109,60901.154182345024,0.7681835777688848,5.618943883690064e-06,0.9999999999999999,326.99999999999994,,,,[],[],13,661.1538461538463,86.99999999999994,939.9999999999994,"[8, 32, 51, 63, 81, 100, 111, 133, 152, 162, 175, 192, 204]","[878.0000000000001, 638.0000000000008, 787.0000000000007, 792.0000000000002, 939.9999999999994, 788.0, 637.0, 674.9999999999998, 771.0000000000005, 196.00000000000017, 834.0000000000003, 572.0, 86.99999999999994]","[0, 13, 42, 42, 76, 99, 107, 107, 107, 161, 99, 187, 203]","[76, 42, 61, 76, 205, 164, 119, 142, 164, 164, 205, 205, 205]",37754613.00000001,940.9999999999995,-940.9999999999995,0.0,,,,DWT,mdp.39015067403892,7.450580596923828e-09,,0.0,33.0,19.0,0.0,28.5,,4.547473508864641e-13,256.3413461538463,4358.999999999998,256.3413461538463,,0.0,256.3413461538463,,,83.99999999999994,0.0,24.0,5.684341886080801e-13,4.547473508864641e-13,,5.684341886080802e-14,1.4580263839698264e-13,2.3987372364642984e-26,0.9449128825249778,0.9950514406639636,0.003135539885904467,0.4047619047619051,0.0002559684968164042,0.9999999997233793,0.47422802461153424,6.696054799077647e-09,6.696054799077647e-09,6.082088379347123e-09,,2.859275438170267e-12,0.9999999933039181,6.806481865779018e-13,,,,,,7.374542113937972e-14,1.0,0.5,5.695370495225942e-13,5.695370495225942e-13,0.7922684098797134,0.25901821374991013,440,1.6280483689828047,0.7819571450157665,250,0,0.24785233644953358,0.2961384272002159,440,0.0,0.4185147170071366,0.7601678233502044,286,100.38592198776347,0.8947736666794932,354.0,332.17189314750294,0.7618522421447781,221,coif,0.5507900112560971,0.8749445204262634,0.351963635992853,2,166.25,1.4580263839698261e-13,0.0001547883299646835,2.3987372364642984e-26,0.9449128825249778,0.9950514406639637,0.00416577882143771,0.5526315789473688,0.0026210635190566556,0.9999999997233792,0.9919828214562006,0.9855281704452481,0.9855281704452481,0.985528170445136,,6.125805465799743e-13,0.9999999999667596,3.7929866394817307e-13,,,,,1.0,,7.374542113937972e-14,1.0,0.5,5.695370495225942e-13,5.695370495225942e-13,0.0,2.2345701998216896,0.6375734627749019,340,1.6887038326326425,0.7806627103138835,857,365.57420587344507,0.808399263169054,598.5,486.8504594820385,0.7473600089430176,220,0.4784248188775415,0.776734912893196,0.43208215291776214,2,165.5,,,,,,,,,,,,,9.789740323759637e-19,0.036413600438416426,2.3987372364642984e-26,0.9600419987119888,0.307606040634847,0.002235562458830892,0.41807603842511193,0.9999999999999999,0.002621063519056655,0.9999999999999541,0.0008499884728391214,0.0007982210227401272,0.0007982210227401272,0.0007982210227337884,,0.0,4.786380409530668e-19,0.020163910573049813,3.5270643972334666e-18,,,,,0.4782608695652174,,2.3332883504384434e-21,1.0,0.8604651162790697,1.908388337924638e-18,1.908388337924638e-18,0.9302325581395349,0.5744527218307418,0.17892707859001003,563,1.7101489216832062,0.8301221988350617,1209,456.7909806465097,0.7865462707259301,886.0,768.247178329571,0.6862637895685725,507,986.6382352941176,846.0,585.0035688138154,340,0.4652856568234462,0.8173890317607586,0.42908333069536003,4,381.25
sym16,1.0,periodization,2.71620598747223e-20,252.90777172028203,4961521.679276396,0.5242718446601942,90.30766563705109,206,smoothed,1.330948717803131e-10,1.2626849121738387e-09,6.194969573221366,31688.23739841322,0.9831993395159343,0.00014966566451372359,0.9999999999999999,362.3999999999794,,,,[],[],11,426.5999999995402,32.199999999853475,728.3999999991679,"[9, 31, 53, 64, 80, 102, 131, 148, 158, 175, 192]","[310.9999999994724, 417.79999999958517, 589.5999999994536, 432.1999999992778, 728.3999999991679, 370.99999999947266, 586.9999999998328, 32.199999999853475, 448.19999999967763, 367.99999999957925, 407.19999999957065]","[1, 1, 1, 60, 1, 94, 120, 144, 144, 165, 186]","[20, 40, 75, 75, 205, 120, 205, 149, 205, 186, 205]",30736475.83999089,728.3999999994121,-728.3999999994121,0.0,,,,DWT,mdp.39015067403892,9.104609489440918e-06,,0.0,15.0,11.0,0.0,33.0,,5.878746378584765e-10,168.39999999954028,987.8000000050561,168.39999999961597,,0.0,168.39999999954028,,,27.999999999853486,0.0,33.0,8.320739652845077e-10,5.878746378584765e-10,,2.05773176276125e-11,2.9234195346636043e-10,7.94924702157882e-20,0.7256754751859893,0.08745928997276896,0.06216186197449954,0.07693226515562712,0.02684762616282984,,0.9999995369624646,3.92755177844477e-09,3.92755177844477e-09,3.279110941691204e-09,,2.217541578619507e-10,0.9999999960723999,5.552173842873357e-10,,,,,,1.9421724321317922e-10,0.0,1.0,9.037364765810785e-10,9.037364765810785e-10,0.8999998633122926,0.33832966328362846,660,0.5517278177003131,0.2800944825376959,946,0,0.24999996224564502,0.3557007638610567,660,0.0,0.13986807410629382,0.246765137645344,950,166.28489608700684,0.8256971739129908,804.0,778.2075335546255,0.49146493915775324,925,sym,1.0,1.0,0.0,7,695.5,1.6814933169447628e-10,0.9999999999741289,1.9221671335476157e-20,0.7193642248903579,0.7438359681318182,0.0001628399931311289,0.06313234542667362,0.00026149349854231096,0.9999999997456601,2.0315809328042e-05,4.230160666196525e-11,4.230160666196525e-11,3.531763770325824e-11,,2.217541578619507e-10,0.0031261328418435985,5.552173842873357e-10,,,,,0.0,,9.011690463232202e-11,0.0,1.0,7.362690207703337e-10,7.362690207703337e-10,1.0,0.3015691619277483,0.08604450862709179,1261,1.5289754745077233,0.7068226617759515,1516,180.31222920256963,0.905496735218779,1388.5,1376.7922218221102,0.5888856841712344,922,0.7763846615972358,0.5622554397616224,0.28785410495344815,6,693.0,,,,,,,,,,,,,1.129018178958218e-15,0.9999999999750673,1.9221671335476157e-20,0.7964379844638334,0.2299463401471393,0.001299506932241717,0.04776079015018275,0.9999999999999999,0.0002614934985423114,0.9999999999999578,9.960751159574107e-05,3.4261872852714426e-14,3.4261872852714426e-14,2.8605264858205803e-14,,0.0,1.732669708250102e-16,0.004567040150641859,5.162916864670348e-15,,,,,0.13043478260869565,,2.851278364235778e-18,0.7209302325581395,1.0,2.4670690238520755e-15,2.4670690238520755e-15,1.0,0.4265803386281247,0.13286867808967692,1317,1.7126946276699844,0.8313579082078173,1191,89.09545442950498,0.9583666100796706,1254.0,1250.8349282296651,0.6861926508342278,508,1409.1368421052632,1454.5,398.32527672708756,380,0.6645304607900322,0.5565550872278735,0.3678621512786154,7,382.75
bior2.2,1.0,constant,1.1305219244628501e-27,328.9390025772209,6216969.035533555,0.6238095238095238,252.52287525848584,206,raw,1.4685124745138977e-14,-2.0855039917222756e-10,6.202366352817245,67792.37473072561,0.831029826507373,5.618943883690066e-06,1.0,327.0,,,,[],[],13,661.1538461538462,87.00000000000003,940.0,"[8, 32, 51, 63, 81, 100, 111, 133, 152, 162, 175, 192, 204]","[878.0, 637.9999999999999, 787.0, 792.0, 940.0, 788.0, 637.0, 675.0, 771.0, 196.0, 834.0, 572.0, 87.00000000000003]","[0, 13, 42, 42, 76, 99, 107, 107, 107, 161, 99, 187, 203]","[76, 39, 61, 76, 205, 164, 119, 142, 164, 164, 205, 205, 205]",37754613.0,941.0,-941.0,0.0,,,,DWT,mdp.39015067403892,0.0,,0.0,33.0,19.0,0.0,28.5,,0.0,256.3413461538462,4359.0,256.34134615384613,,0.0,256.3413461538462,,,84.00000000000003,0.0,24.0,0.0,0.0,,0.0,2.0706540674860848e-16,3.1546967557641723e-30,0.9999366793803098,0.7463911844253127,0.0005413183658302263,0.5,0.0008139023652718636,0.999999999723486,0.4742280246116333,6.6959667625959335e-09,6.6959667625959335e-09,6.0819563246244724e-09,,0.0,0.9999999933040264,0.0,,,,,,0.0,1.0,0.5,0.0,0.0,0.7922684098776702,0.25901821374924217,555,1.5737538198592607,0.7558792892029867,454,0,0.24785233644912913,0.29613842719973266,555,0.0,0.4059603855325264,0.7373648048591995,463,55.83532334762049,0.9414724073924313,506.75,502.12940595412437,0.7051439605096328,328,bior,0.672619891330026,0.76736776154697,0.2989557476048908,5,247.25,2.0706540674858323e-16,0.0001547883299646835,3.1546967557641723e-30,0.9999366793803098,0.7463911844253128,0.001574238375997298,0.6242105263157895,0.0031776774830431288,0.9999999997234859,0.9919828214562021,0.9855281704452468,0.9855281704452468,0.9855281704451341,,0.0,0.9999999999667601,0.0,,,,,1.0,,0.0,1.0,0.5,0.0,0.0,0.0,2.234570199820929,0.6375734627746849,543,1.6249464369367579,0.7511886128642974,1206,468.811795926681,0.7542915115688255,874.5,748.8370497427101,0.6479790891177462,655,0.5943810304597339,0.7715092316736338,0.3524805091760961,5,492.5,,,,,,,,,,,,,1.3903154184241984e-21,0.03641360043841643,3.1546967557641723e-30,0.999954069744087,0.23073624902509945,0.0016295512604633914,0.47222683959255474,1.0,0.0031776774830431283,0.9999999999999541,0.0008499884728391225,0.0007982210227401261,0.0007982210227401261,0.0007982210227337869,,0.0,0.0,0.020163910573049823,0.0,,,,,0.4782608695652174,,0.0,1.0,0.8604651162790697,0.0,0.0,0.9302325581395349,0.5744527218307418,0.17892707859001003,251,1.7172412289509793,0.8335648707739142,1157,640.638743755012,0.7006361010490598,704.0,412.5099431818182,0.6858320692161187,509,1104.4,1082.5,563.6960149978129,300,0.520820561188399,0.7876173146100969,0.3991404127850916,6,383.25
coif10,1.0,antireflect,1.6454290526412063e-26,317.3090008566362,7053698.0484781,0.6136363636363636,286.2002971938664,206,raw,8.693800803317147e-14,-2.1194457300311171e-10,6.715728900141221,141851.04180485403,0.8955618217228439,5.618943883690066e-06,0.9999999999999999,327.0,,,,[],[],13,661.1538461538463,87.00000000000017,939.9999999999999,"[8, 32, 51, 63, 81, 100, 111, 133, 152, 162, 175, 192, 204]","[878.0000000000002, 637.9999999999998, 787.0000000000003, 792.0, 939.9999999999999, 788.0000000000001, 637.0000000000002, 675.0000000000005, 771.0000000000001, 196.0, 833.9999999999999, 572.0000000000002, 87.00000000000017]","[0, 13, 42, 42, 76, 99, 107, 107, 107, 161, 99, 187, 203]","[76, 42, 61, 76, 205, 164, 119, 142, 164, 164, 205, 205, 205]",37754613.0,940.9999999999999,-940.9999999999999,0.0,,,,DWT,mdp.39015067403892,0.0,,0.0,33.0,19.0,0.0,28.5,,1.1368683772161603e-13,256.3413461538463,4358.999999999998,256.34134615384625,,0.0,256.3413461538463,,,84.00000000000017,0.0,24.0,1.1368683772161603e-13,1.1368683772161603e-13,,0.0,9.149983694646056e-14,1.0847268039309618e-26,0.9570193401278833,0.9237321918716974,0.0014829585933861967,0.42370129870129875,0.0068099140040277055,0.9999999997234348,0.4742280246117984,6.696054799077647e-09,6.696054799077647e-09,6.082044361106239e-09,,0.0,0.9999999933039181,1.3612963731558036e-13,,,,,,0.0,1.0,0.5,1.4238426238064856e-13,1.4238426238064856e-13,0.7922684098778697,0.2590182137493074,509,1.6090236642808038,0.7728195149201451,327,0,0.2478523364491909,0.2961384271998065,505,0.0,0.4140932128777275,0.7521368389345965,347,98.50211503651414,0.8967483070896078,422.0,404.6624021175065,0.7272001493519318,290,coif,0.5507900112560971,0.8749445204262634,0.351963635992853,2,218.0,9.149983694646056e-14,0.0001547883299646835,1.0847268039309618e-26,0.9570193401278833,0.9237321918716975,0.002514905437727313,0.5668660287081342,0.009159504353665077,0.9999999997234347,0.9919828214562046,0.9855281704452481,0.9855281704452481,0.9855281704451354,,0.0,0.9999999999667596,7.585973278963461e-14,,,,,1.0,,0.0,1.0,0.5,1.4238426238064856e-13,1.4238426238064856e-13,0.0,2.2345701998210252,0.6375734627747123,516,1.6677918023445526,0.7709953891842715,996,339.4112549695428,0.8221115015882899,756.0,679.8095238095239,0.7129425432469751,294,0.4784248188775415,0.776734912893196,0.43208215291776214,2,221.0,,,,,,,,,,,,,6.143644951974576e-19,0.03641360043841643,1.0847268039309618e-26,0.968823540942974,0.28555870635090086,0.001849518799209238,0.4288446636572737,0.9999999999999999,0.009159504353665077,0.9999999999999541,0.0008499884728391244,0.0007982210227401272,0.0007982210227401272,0.0007982210227337879,,0.0,0.0,0.020163910573049813,7.054128794466933e-19,,,,,0.4782608695652174,,0.0,1.0,0.8604651162790697,4.770970844811595e-19,4.770970844811595e-19,0.9302325581395349,0.5744527218307418,0.17892707859001003,511,1.7111239844767214,0.8305955033876022,1202,488.61078579990436,0.771677202897241,856.5,717.1301809690601,0.6857217790187139,510,986.6382352941176,846.0,585.0035688138154,340,0.4652856568234462,0.8173890317607586,0.42908333069536003,4,383.5
bior2.2,1.0,zero,1.1305219244628501e-27,328.9390025772209,6217073.660823253,0.6238095238095238,252.52287525848584,206,raw,1.4685124745138977e-14,-2.0855039917222756e-10,6.201951338532834,67985.79083049887,0.8315032544124672,5.618943883690066e-06,1.0,327.0,,,,[],[],13,661.1538461538462,87.00000000000003,940.0,"[8, 32, 51, 63, 81, 100, 111, 133, 152, 162, 175, 192, 204]","[878.0, 637.9999999999999, 787.0, 792.0, 940.0, 788.0, 637.0, 675.0, 771.0, 196.0, 834.0, 572.0, 87.00000000000003]","[0, 13, 42, 42, 76, 99, 107, 107, 107, 161, 99, 187, 203]","[76, 39, 61, 76, 205, 164, 119, 142, 164, 164, 205, 205, 205]",37754613.0,941.0,-941.0,0.0,,,,DWT,mdp.39015067403892,0.0,,0.0,33.0,19.0,0.0,28.5,,0.0,256.3413461538462,4359.0,256.34134615384613,,0.0,256.3413461538462,,,84.00000000000003,0.0,24.0,0.0,0.0,,0.0,2.0706540674860848e-16,3.1546967557641723e-30,0.9999366793803098,0.7462478178090962,0.0005414361093052048,0.5,0.0008295619123739248,0.999999999723486,0.4742280246116333,6.6959667625959335e-09,6.6959667625959335e-09,6.0819563246244724e-09,,0.0,0.9999999933040264,0.0,,,,,,0.0,1.0,0.5,0.0,0.0,0.7922684098776702,0.25901821374924217,550,1.5736884592417306,0.7558478962770431,455,0,0.24785233644912913,0.29613842719973266,552,0.0,0.40594443686682147,0.7373358365529451,464,52.96146397775147,0.9444848385977448,505.25,501.0804150172075,0.7074363396343022,321,bior,0.672619891330026,0.76736776154697,0.2989557476048908,5,242.0,2.0706540674858323e-16,0.0001547883299646835,3.1546967557641723e-30,0.9999366793803098,0.7462478178090963,0.0015743559977868145,0.6242105263157895,0.003193299984345731,0.9999999997234859,0.9919828214562021,0.9855281704452468,0.9855281704452468,0.9855281704451341,,0.0,0.9999999999667601,0.0,,,,,1.0,,0.0,1.0,0.5,0.0,0.0,0.0,2.234570199820929,0.6375734627746849,549,1.6248810614400655,0.7511583907427805,1207,465.2762620207483,0.7561445167606141,878.0,754.7186788154897,0.6479884009379591,654,0.5943810304597339,0.7715092316736338,0.3524805091760961,5,491.75,,,,,,,,,,,,,1.3903154184241984e-21,0.03641360043841643,3.1546967557641723e-30,0.999954069744087,0.230691929268983,0.0016295787653868607,0.47222683959255474,1.0,0.003193299984345731,0.9999999999999541,0.0008499884728391225,0.0007982210227401261,0.0007982210227401261,0.0007982210227337869,,0.0,0.0,0.020163910573049823,0.0,,,,,0.4782608695652174,,0.0,1.0,0.8604651162790697,0.0,0.0,0.9302325581395349,0.5744527218307418,0.17892707859001003,253,1.7172253318259039,0.8335571541614862,1158,639.9316369738256,0.7009665247785861,705.5,415.27143869596034,0.6856468137911622,511,1104.4,1082.5,563.6960149978129,300,0.520820561188399,0.7876173146100969,0.3991404127850916,6,384.75
db32,1.0,symmetric,1.7774499991139206e-26,314.74942481673406,6438197.119421158,0.5298507462686567,108.66064825123635,206,smoothed,9.434739936450481e-14,-2.014530098293225e-10,6.610947009233175,32351.491404573728,0.983140874569409,0.00014966566451320276,0.9999999999999996,362.4,,,,[],[],11,426.59999999999985,32.1999999999999,728.3999999999999,"[9, 31, 53, 64, 80, 102, 131, 148, 158, 175, 192]","[310.9999999999998, 417.7999999999998, 589.5999999999999, 432.2000000000003, 728.3999999999999, 371.00000000000006, 586.9999999999995, 32.1999999999999, 448.1999999999999, 368.0000000000002, 407.20000000000016]","[1, 1, 1, 60, 1, 94, 120, 144, 144, 165, 186]","[20, 40, 75, 75, 203, 120, 203, 149, 203, 186, 203]",30736475.839999996,728.3999999999999,-728.3999999999999,0.0,,,,DWT,mdp.39015067403892,0.0,,0.0,33.0,11.0,0.0,33.0,,1.1368683772161603e-13,168.39999999999992,987.8000000000002,168.39999999999998,,0.0,168.39999999999992,,,27.999999999999915,0.0,33.0,1.1368683772161603e-13,1.1368683772161603e-13,,0.0,1.584311002970434e-13,4.7230956880440715e-26,0.9606374491006084,0.6874668332746663,0.6958843230550535,0.1152536475833654,0.03234788118490087,,0.9999996646354313,4.405801664454926e-09,4.405801664454926e-09,3.67866784340914e-09,,0.0,0.9999999955941608,7.585973278963461e-14,,,,,,0.0,1.0,1.0,1.7477015598164352e-13,1.7477015598164352e-13,0.999999900934899,0.37592186794540494,289,1.327098659132579,0.67372534115747,82,0,0.33333330606002404,0.4742677179662149,289,0.0,0.35594144774267905,0.6279770484231815,101,114.29020080479341,0.8801989509383716,190.25,137.85247152668788,0.8403877354272571,95,db,0.573477938514061,0.8443824841957417,0.34525069778143475,3,72.0,1.0086173143810607e-13,0.999999999970514,1.1781535675639784e-26,0.9475739250810022,0.8875353049101655,0.001822947298985851,0.09457973291437557,0.00031506549481018003,0.9999999997235929,2.0315811921800542e-05,4.74525418958649e-11,4.74525418958649e-11,3.962102868015904e-11,,0.0,0.003126132840348572,7.585973278963461e-14,,,,,0.0,,0.0,1.0,1.0,1.4238426238064856e-13,1.4238426238064856e-13,1.0,0.40156916120420355,0.11457677215645634,1215,1.751181400397473,0.809545162312038,238,690.8433252192569,0.6379227855244984,726.5,398.0316586373022,0.6285787931815364,753,0.49117026184683504,0.8233619396015222,0.4091722348267588,4,565.75,,,,,,,,,,,,,6.772237939174881e-19,0.9999999999715833,1.1781535675639784e-26,0.9619722130117166,0.2743689521065229,0.0016877098713892454,0.07155132199912367,0.9999999999999997,0.00031506549481018047,0.9999999999999541,9.960751159770315e-05,3.8433882812438647e-14,3.8433882812438647e-14,3.2090649582094954e-14,,0.0,0.0,0.004567040150618468,7.054128794466933e-19,,,,,0.13043478260869565,,0.0,1.0,1.0,4.770970844811595e-19,4.770970844811595e-19,1.0,0.4544873153722995,0.14156097535167125,1173,1.8439582137850163,0.8950744742630926,336,591.8483758531403,0.723435338386383,754.5,522.3697813121272,0.6854326224642195,512,1009.0473684210526,935.5,610.6543869996938,760,0.4758535102197843,0.8532293215616218,0.41093374637766444,5,385.25
coif5,1.0,periodic,6.602907465309058e-27,319.05004663234644,5415451.853301182,0.5213675213675214,92.49156016439541,206,smoothed,5.404522568417997e-14,-2.0501240705073127e-10,6.389297869743983,31966.0346523627,0.9793016736537242,0.00014966566451320268,0.9999999999999997,362.4,,,,[],[],11,426.59999999999997,32.200000000000045,728.4000000000001,"[9, 31, 53, 64, 80, 102, 131, 148, 158, 175, 192]","[311.0, 417.79999999999995, 589.6, 432.19999999999993, 728.4000000000001, 371.0000000000001, 587.0, 32.200000000000045, 448.20000000000005, 368.0, 407.19999999999993]","[1, 1, 1, 60, 1, 94, 120, 144, 144, 165, 186]","[20, 40, 75, 75, 203, 120, 203, 149, 203, 186, 203]",30736475.84,728.4000000000001,-728.4000000000001,0.0,,,,DWT,mdp.39015067403892,3.725290298461914e-09,,0.0,33.0,11.0,0.0,33.0,,1.1368683772161603e-13,168.40000000000003,987.7999999999993,168.4,,0.0,168.40000000000003,,,28.000000000000057,0.0,33.0,1.1368683772161603e-13,1.1368683772161603e-13,,0.0,6.989286994241976e-14,1.453617807107418e-26,0.9769772870619343,0.36775921419093716,0.2569682081906399,0.05698251672782269,0.029151352528537466,,0.9999996647593375,4.4059199552998455e-09,4.4059199552998455e-09,3.6786974161203912e-09,,0.0,0.9999999955940747,7.585973278963461e-14,,,,,,7.946695712486874e-14,1.0,1.0,1.7477015598164352e-13,1.7477015598164352e-13,0.9999999009721474,0.37592186795940746,135,0.9330036311305141,0.473655960209788,244,0,0.3333333060703712,0.4742677179809369,135,0.0,0.24111979695713454,0.425400580263422,255,66.25896165802781,0.9305461617840379,192.25,175.1716587158833,0.8645131228207401,69,coif,0.5556920286951962,0.9053407607371553,0.33941335169221604,4,52.75,4.993923579617638e-14,0.9999999999705134,3.8757770653512146e-27,0.9634441931937179,0.8109666461688195,0.0006731571405285146,0.0467611336032393,0.00028393158909823055,0.9999999997235391,2.0315811924354055e-05,4.745387416349445e-11,4.745387416349445e-11,3.962136174706643e-11,,0.0,0.0031261328403482946,7.585973278963461e-14,,,,,0.0,,3.687271056968986e-14,1.0,1.0,1.4238426238064856e-13,1.4238426238064856e-13,1.0,0.40156916120422353,0.11457677215646205,1205,1.7027044435284244,0.7871349848695183,715,346.4823227814083,0.8184054912047126,960.0,897.4739583333333,0.6576304185583312,578,0.4784248188775415,0.776734912893196,0.43208215291776214,2,434.0,,,,,,,,,,,,,3.3531090780431736e-19,0.9999999999715827,3.8757770653512146e-27,0.973483873500696,0.25069883718620267,0.001418840553519319,0.03537566478981746,0.9999999999999997,0.00028393158909823055,0.9999999999999541,9.960751159770499e-05,3.8434858594393884e-14,3.8434858594393884e-14,3.209086642252945e-14,,0.0,0.0,0.004567040150618464,7.054128794466933e-19,,,,,0.13043478260869565,,1.1666441752192217e-21,1.0,1.0,4.770970844811595e-19,4.770970844811595e-19,1.0,0.4544873153722995,0.14156097535167125,1228,1.8244130015133015,0.8855870463660387,653,406.5863991822648,0.8100063555223062,940.5,852.6145667198298,0.6852601871069475,513,986.6382352941176,846.0,585.0035688138154,340,0.4652856568234462,0.8173890317607586,0.42908333069536003,4,385.75
coif14,1.0,antisymmetric,2.846205550731167e-26,314.9291298556699,7880320.322899892,0.6111111111111112,298.25896303345706,206,raw,1.1664455809013199e-13,-2.196439696788869e-10,6.842726086619998,167997.70267813787,0.9152322679318446,5.618943883690061e-06,1.0,327.0000000000001,,,,[],[],13,661.1538461538463,87.0,939.9999999999999,"[8, 32, 51, 63, 81, 100, 111, 133, 152, 162, 175, 192, 204]","[878.0000000000002, 638.0000000000002, 787.0000000000005, 792.0000000000002, 939.9999999999999, 788.0000000000001, 637.0, 675.0000000000001, 771.0000000000001, 196.0, 834.0000000000008, 571.9999999999999, 87.0]","[0, 13, 42, 42, 76, 99, 107, 107, 107, 161, 99, 187, 203]","[76, 42, 61, 76, 205, 164, 119, 142, 164, 164, 205, 205, 205]",37754613.00000001,940.9999999999999,-940.9999999999999,0.0,,,,DWT,mdp.39015067403892,7.450580596923828e-09,,0.0,33.0,19.0,0.0,28.5,,1.1368683772161603e-13,256.3413461538463,4358.999999999998,256.3413461538463,,0.0,256.3413461538463,,,84.0,0.0,24.0,1.1368683772161603e-13,1.1368683772161603e-13,,1.1368683772161603e-13,1.2903457831826007e-13,1.9344757646863526e-26,0.9482370773579042,0.9676033490303236,0.0024132248738037458,0.4047619047619051,0.008926826029380368,0.9999999997233188,0.4742280246116003,6.696054799077647e-09,6.696054799077647e-09,6.082088379347123e-09,,5.718550876340534e-12,0.9999999933039181,1.3612963731558036e-13,,,,,,7.374542113937972e-14,1.0,0.5,1.4238426238064856e-13,1.4238426238064856e-13,0.7922684098807196,0.2590182137502391,342,1.6194260255726864,0.7778158042762809,288,0,0.24785233644966076,0.29613842720036787,340,0.0,0.4164927977220956,0.7564953169377877,324,25.0,0.9737945492662474,323.5,321.96281269829063,0.8173480083857443,91,coif,0.5507900112560971,0.8749445204262634,0.351963635992853,2,68.75,1.2903457831826007e-13,0.0001547883299646835,1.9344757646863526e-26,0.9482370773579042,0.9676033490303237,0.0034442103070595575,0.5526315789473688,0.011271408399038951,0.9999999997233187,0.9919828214562016,0.9855281704452481,0.9855281704452481,0.985528170445136,,1.2251610931599486e-12,0.9999999999667596,7.585973278963461e-14,,,,,1.0,,7.374542113937972e-14,1.0,0.5,1.4238426238064856e-13,1.4238426238064856e-13,0.0,2.234570199821674,0.6375734627748975,345,1.6800736574103532,0.7766731084373881,925,410.1219330881976,0.785051397752517,635.0,502.5590551181102,0.7261210867169294,266,0.4784248188775415,0.776734912893196,0.43208215291776214,2,200.0,,,,,,,,,,,,,8.663869381308355e-19,0.036413600438416405,1.9344757646863526e-26,0.9624532372647393,0.2991208523869182,0.0020668293792943894,0.41807603842511193,1.0,0.011271408399038953,0.9999999999999541,0.0008499884728391221,0.0007982210227401272,0.0007982210227401272,0.0007982210227337884,,0.0,9.572760819061336e-19,0.020163910573049813,7.054128794466933e-19,,,,,0.4782608695652174,,2.3332883504384434e-21,1.0,0.8604651162790697,4.770970844811595e-19,4.770970844811595e-19,0.9302325581395349,0.5744527218307418,0.17892707859001003,524,1.7107288421031168,0.8304036976028133,1206,482.2468247692254,0.7746510164629787,865.0,730.571098265896,0.6852227044931716,514,986.6382352941176,846.0,585.0035688138154,340,0.4652856568234462,0.8173890317607586,0.42908333069536003,4,386.5
db17,1.0,symmetric,1.1912381740961519e-26,318.7118064460396,6553001.755984244,0.6134453781512605,311.07185043955985,206,raw,7.533132693689604e-14,-1.9881851720527077e-10,6.579414158654503,59613.50926279657,0.7729561333477791,5.618943883690066e-06,1.0,327.0000000000001,,,,[],[],13,661.153846153846,87.0000000000002,939.9999999999998,"[8, 32, 51, 63, 81, 100, 111, 133, 152, 162, 175, 192, 204]","[877.9999999999997, 637.9999999999999, 786.9999999999998, 791.9999999999998, 939.9999999999998, 788.0, 636.9999999999999, 674.9999999999998, 771.0, 196.0000000000001, 834.0000000000001, 571.9999999999999, 87.0000000000002]","[0, 13, 39, 39, 76, 99, 107, 107, 107, 161, 99, 187, 203]","[76, 39, 61, 76, 205, 164, 119, 142, 164, 164, 205, 205, 205]",37754613.0,940.9999999999998,-940.9999999999998,0.0,,,,DWT,mdp.39015067403892,0.0,,0.0,33.0,19.0,0.0,28.5,,2.2737367544323206e-13,256.34134615384596,4359.000000000002,256.3413461538461,,0.0,256.34134615384596,,,84.0000000000002,0.0,19.5,2.2737367544323206e-13,2.2737367544323206e-13,,1.1368683772161603e-13,7.683459401861089e-14,7.633112635350976e-27,0.9621960103324169,0.8766422868697417,0.0009194837245739293,0.4222689075630255,0.00015171690508211948,0.9999999997236326,0.4742280246118314,6.695790689632508e-09,6.695790689632508e-09,6.081912306383589e-09,,5.718550876340534e-12,0.9999999933041348,2.7225927463116073e-13,,,,,,0.0,1.0,0.0,2.847685247612971e-13,2.847685247612971e-13,0.7422684098807741,0.24267159368312363,730,1.5850667411733268,0.761312923621393,412,0,0.20618566978300168,0.24635434483061175,732,0.0,0.4077723006398187,0.7406558708772728,434,178.05242673624718,0.813362236125527,577.0,535.6677617446701,0.6042702165952583,523,db,0.540986235965534,0.9305070477545101,0.3421575204977732,3,393.0,7.683459401861087e-14,0.0001547883299646835,7.633112635350976e-27,0.9621960103324169,0.8766422868697418,0.0019520129086134422,0.5657894736842108,0.002517058555372053,0.9999999997236325,0.9919828214562052,0.9855281704452442,0.9855281704452442,0.9855281704451335,,1.2251610931599486e-12,0.9999999999667607,1.5171946557926922e-13,,,,,1.0,,0.0,1.0,0.25,2.847685247612971e-13,2.847685247612971e-13,0.0,2.209570199821731,0.6304403968409616,733,1.643983805372926,0.7599893056521227,1132,282.13560569343247,0.852130185695266,932.5,889.8187667560321,0.6816992647553899,453,0.49117026184683504,0.8233619396015222,0.4091722348267588,4,340.75,,,,,,,,,,,,,5.1589651023713055e-19,0.03641360043841643,7.633112635350976e-27,0.9725784913593604,0.2710015300687809,0.0017178908415130425,0.428030229816186,1.0,0.002517058555372053,0.9999999999999541,0.0008499884728391248,0.000798221022740124,0.000798221022740124,0.0007982210227337863,,0.0,9.572760819061336e-19,0.02016391057304983,1.4108257588933865e-18,,,,,0.4782608695652174,,0.0,1.0,0.7906976744186046,9.54194168962319e-19,9.54194168962319e-19,0.9302325581395349,0.5674759776446953,0.17675400427451057,832,1.703049800750893,0.8266762194800429,1259,301.9345955666558,0.858909067492217,1045.5,1001.9014825442372,0.6851788328115291,515,1009.0473684210526,935.5,610.6543869996938,760,0.4758535102197843,0.8532293215616218,0.41093374637766444,5,387.5
db3,1.0,antisymmetric,2.7464154121050824e-27,322.8597364668366,4964667.894281309,0.5285714285714286,91.20437171266838,206,smoothed,3.2414200773327854e-14,-1.9926107430734465e-10,6.201983505207366,34487.12098849188,0.9831958537838125,0.00014966566451320274,0.9999999999999999,362.4,,,,[],[],11,426.59999999999997,32.200000000000045,728.3999999999999,"[9, 31, 53, 64, 80, 102, 131, 148, 158, 175, 192]","[311.0, 417.79999999999984, 589.5999999999999, 432.2, 728.3999999999999, 371.00000000000006, 586.9999999999999, 32.200000000000045, 448.20000000000005, 367.9999999999999, 407.20000000000005]","[1, 1, 1, 60, 1, 94, 120, 144, 144, 165, 186]","[20, 40, 75, 75, 203, 120, 203, 149, 203, 186, 203]",30736475.839999996,728.3999999999999,-728.3999999999999,0.0,,,,DWT,mdp.39015067403892,0.0,,0.0,33.0,11.0,0.0,33.0,,1.1368683772161603e-13,168.40000000000003,987.7999999999993,168.39999999999998,,0.0,168.40000000000003,,,28.000000000000057,0.0,33.0,1.1368683772161603e-13,1.1368683772161603e-13,,0.0,2.2372538122238144e-14,3.249769766434154e-27,0.991451871726063,0.09757621395824936,0.06351207547558337,0.10646603558323861,0.050058301680101946,,0.9999996647593375,4.4059199552998455e-09,4.4059199552998455e-09,3.67866784340914e-09,,0.0,0.9999999955940747,7.585973278963461e-14,,,,,,0.0,1.0,1.0,1.7477015598164352e-13,1.7477015598164352e-13,0.9999999009720988,0.3759218679593892,137,0.7380250026578971,0.3746715764323297,696,0,0.3333333060703621,0.47426771798092393,136,0.0,0.18700921406046553,0.32993486714851267,714,328.3061325450176,0.6558635927201073,420.75,228.70795960736103,0.6074129284355254,553,db,0.573477938514061,0.8443824841957417,0.34525069778143475,3,415.5,2.2608060547654125e-14,0.9999999999705138,1.1466679267361533e-27,0.977502811154534,0.746258929781517,0.000166377029350093,0.08736842105263184,0.000487563420245292,0.9999999997236259,2.0315811924354055e-05,4.745387416349445e-11,4.745387416349445e-11,3.962102868015904e-11,,0.0,0.0031261328403482946,7.585973278963461e-14,,,,,0.0,,0.0,1.0,1.0,1.4238426238064856e-13,1.4238426238064856e-13,1.0,0.401569161204205,0.11457677215645676,1212,1.694856733767916,0.7835071051590515,793,296.2777413171634,0.8447181649281115,1002.5,958.7192019950124,0.6596494388581857,563,0.49117026184683504,0.8233619396015222,0.4091722348267588,4,423.25,,,,,,,,,,,,,1.5179906510522336e-19,0.9999999999715831,1.1466679267361533e-27,0.983681435114637,0.23069536437766208,0.0013003340401348215,0.06609583083673215,0.9999999999999999,0.000487563420245292,0.9999999999999541,9.960751159770499e-05,3.8434858594393884e-14,3.8434858594393884e-14,3.2090649582094954e-14,,0.0,0.0,0.004567040150618464,7.054128794466933e-19,,,,,0.13043478260869565,,0.0,1.0,1.0,4.770970844811595e-19,4.770970844811595e-19,1.0,0.4544873153722995,0.14156097535167125,1205,1.832840067971928,0.8896776228355305,516,487.19657223753126,0.7723380503562938,860.5,722.5798954096456,0.685117623308988,516,1009.0473684210526,935.5,610.6543869996938,760,0.4758535102197843,0.8532293215616218,0.41093374637766444,5,388.25
bior2.2,1.0,periodization,1.4788028987765239e-27,327.7726895364061,6217217.013518738,0.616504854368932,259.4682371623259,206,raw,1.8696269429885337e-14,-2.0913026865798928e-10,6.200757556182064,66985.47547483267,0.8255729406241985,5.618943883690066e-06,1.0,327.0,,,,[],[],13,661.1538461538462,87.00000000000003,940.0,"[8, 32, 51, 63, 81, 100, 111, 133, 152, 162, 175, 192, 204]","[877.9999999999999, 637.9999999999999, 787.0, 792.0, 940.0, 787.9999999999999, 637.0, 675.0, 771.0, 196.0, 834.0000000000001, 572.0, 87.00000000000003]","[0, 13, 39, 39, 76, 99, 107, 107, 107, 161, 99, 187, 203]","[76, 39, 61, 76, 205, 164, 119, 142, 164, 164, 205, 205, 205]",37754613.0,941.0,-941.0,0.0,,,,DWT,mdp.39015067403892,0.0,,0.0,33.0,19.0,0.0,28.5,,0.0,256.3413461538462,4359.0,256.3413461538461,,0.0,256.3413461538462,,,84.00000000000003,0.0,19.5,0.0,0.0,,0.0,5.2752163047202e-15,2.4962137597931767e-28,0.9956327202193597,0.7458354258925827,0.0005415974359267377,0.4452149791955613,0.0007485733832528542,0.9999999997234772,0.4742280246116333,6.6959667625959335e-09,6.6959667625959335e-09,6.081912306383589e-09,,0.0,0.9999999933040264,0.0,,,,,,0.0,1.0,0.0,0.0,0.0,0.742268409877657,0.24267159368210453,938,1.5489535647167885,0.7439676426718788,513,0,0.20618566978245878,0.24635434482996307,940,0.0,0.3984966619812707,0.7238080952490356,528,241.70005516479856,0.7466456444813432,729.75,669.6594864110465,0.4908542687815521,905,bior,0.672619891330026,0.76736776154697,0.2989557476048908,5,680.0,5.2752163047202e-15,0.0001547883299646835,2.4962137597931767e-28,0.9956327202193597,0.7458354258925828,0.0015745171576805992,0.5830352580480325,0.003112503049833927,0.9999999997234771,0.9919828214562021,0.9855281704452468,0.9855281704452468,0.9855281704451335,,0.0,0.9999999999667601,0.0,,,,,1.0,,0.0,1.0,0.25,0.0,0.0,0.0,2.2095701998209285,0.6304403968407327,945,1.605590144484276,0.7422404862386679,1271,230.5168106668145,0.8791840614953802,1108.0,1084.0207581227437,0.649235636617711,644,0.5943810304597339,0.7715092316736338,0.3524805091760961,5,484.25,,,,,,,,,,,,,3.5419796474644866e-20,0.03641360043841643,2.4962137597931767e-28,0.9968321491648378,0.2305644441567119,0.0016296164513510264,0.4410769855229332,1.0,0.003112503049833927,0.9999999999999541,0.0008499884728391225,0.0007982210227401261,0.0007982210227401261,0.0007982210227337863,,0.0,0.0,0.020163910573049823,0.0,,,,,0.4782608695652174,,0.0,1.0,0.7906976744186046,0.0,0.0,0.9302325581395349,0.5674759776446953,0.17675400427451057,840,1.7027961953635475,0.826553117065329,1262,298.3990616607231,0.860561186139849,1051.0,1008.6393910561369,0.6847198454063731,517,1104.4,1082.5,563.6960149978129,300,0.520820561188399,0.7876173146100969,0.3991404127850916,6,389.25
db38,1.0,antisymmetric,1.8217250088905432e-26,314.6425705382326,6734312.908283166,0.525,100.67312444858027,206,smoothed,9.209677249516758e-14,-2.0014914170474226e-10,6.681248523500084,139429.96899104316,0.9962521117416968,0.00014966566451320265,0.9999999999999997,362.3999999999999,,,,[],[],11,426.60000000000014,32.19999999999999,728.4000000000007,"[9, 31, 53, 64, 80, 102, 131, 148, 158, 175, 192]","[311.0, 417.80000000000024, 589.6000000000003, 432.2, 728.4000000000007, 370.99999999999966, 586.9999999999999, 32.19999999999999, 448.2000000000002, 368.0000000000001, 407.20000000000005]","[1, 1, 1, 60, 1, 94, 120, 144, 144, 165, 186]","[20, 40, 75, 75, 203, 120, 203, 149, 203, 186, 203]",30736475.839999996,728.4000000000005,-728.4000000000005,0.0,,,,DWT,mdp.39015067403892,0.0,,0.0,33.0,11.0,0.0,33.0,,5.684341886080801e-13,168.4000000000002,987.7999999999975,168.4000000000001,,0.0,168.4000000000002,,,28.0,0.0,33.0,6.821210263296962e-13,5.684341886080801e-13,,5.684341886080802e-14,1.534867883157528e-13,4.852670916292172e-26,0.9602314655775164,0.7888700230007896,0.8229638568380795,0.0819339520828841,0.9203318641390433,,0.999999664709775,4.406097391567225e-09,4.406097391567225e-09,3.6787861342541454e-09,,6.125805465799743e-13,0.9999999955939026,4.551583967378077e-13,,,,,,0.0,1.0,1.0,8.738507799082175e-13,8.738507799082175e-13,0.9999999009580613,0.3759218679541122,201,1.7829621457547615,0.9051525835348441,10,0,0.3333333060664561,0.4742677179753665,199,0.0,0.5106187373769239,0.9008696503345824,11,109.41168432423781,0.8853126998697717,105.25,19.909477487587374,0.8874938761403366,54,db,0.573477938514061,0.8443824841957417,0.34525069778143475,3,41.25,9.801802534288408e-14,0.9999999999705131,1.2094854961992946e-26,0.9471796086027076,0.9118209514383144,0.00215584643924687,0.06723684210526354,0.008963950761012782,0.9999999997236125,2.0315811923354854e-05,4.745570603148508e-11,4.745570603148508e-11,3.962224992548613e-11,,6.125805465799743e-13,0.003126132840347795,4.551583967378077e-13,,,,,0.0,,0.0,1.0,1.0,7.119213119032428e-13,7.119213119032428e-13,1.0,0.4015691612049297,0.11457677215666352,1033,1.7557764811275443,0.8116693999122193,193,593.9696961966999,0.6886951277795074,613.0,325.2349102773246,0.6837081508918501,446,0.49117026184683504,0.8233619396015222,0.4091722348267588,4,335.5,,,,,,,,,,,,,6.581300761800101e-19,0.9999999999715825,1.2094854961992946e-26,0.9616861915411845,0.2818765153012423,0.0017655556975194283,0.050865918008388855,0.9999999999999997,0.00896395076101278,0.9999999999999541,9.960751159770423e-05,3.843648489765261e-14,3.843648489765261e-14,3.209173378426744e-14,,0.0,4.786380409530668e-19,0.004567040150618456,4.23247727668016e-18,,,,,0.13043478260869565,,0.0,1.0,1.0,2.3854854224057974e-18,2.3854854224057974e-18,1.0,0.4544873153722995,0.14156097535167125,1178,1.8427646979233085,0.8944951305586331,349,586.1915216036479,0.7260787282225944,763.5,538.4702030124428,0.6846515136440074,518,1009.0473684210526,935.5,610.6543869996938,760,0.4758535102197843,0.8532293215616218,0.41093374637766444,5,389.75
db17,1.0,reflect,1.2167758226628407e-26,318.61968675155754,6605310.985319449,0.6134453781512605,311.07185043955985,206,raw,7.533132693689604e-14,-1.998305965145191e-10,6.592155210571154,58976.279067029594,0.7694804972155427,5.618943883690066e-06,1.0,327.0000000000001,,,,[],[],13,661.153846153846,86.99999999999994,939.9999999999998,"[8, 32, 51, 63, 81, 100, 111, 133, 152, 162, 175, 192, 204]","[878.0000000000001, 637.9999999999999, 786.9999999999998, 791.9999999999998, 939.9999999999998, 788.0, 636.9999999999999, 674.9999999999998, 771.0, 196.0000000000001, 834.0000000000001, 571.9999999999997, 86.99999999999994]","[0, 13, 39, 39, 76, 99, 107, 107, 107, 161, 99, 187, 203]","[76, 39, 61, 76, 205, 164, 119, 142, 164, 164, 205, 205, 205]",37754613.0,940.9999999999998,-940.9999999999998,0.0,,,,DWT,mdp.39015067403892,0.0,,0.0,33.0,19.0,0.0,28.5,,2.2737367544323206e-13,256.34134615384596,4359.000000000002,256.3413461538461,,0.0,256.34134615384596,,,83.99999999999994,0.0,19.5,2.2737367544323206e-13,2.2737367544323206e-13,,1.1368683772161603e-13,7.683459401861089e-14,7.813833946637454e-27,0.9618560678049004,0.8810436811564966,0.0009783516183035138,0.4222689075630255,0.00010012483866589546,0.9999999997236174,0.47422802461153424,6.695790689632508e-09,6.695790689632508e-09,6.081912306383589e-09,,5.718550876340534e-12,0.9999999933041348,2.7225927463116073e-13,,,,,,0.0,1.0,0.0,2.847685247612971e-13,2.847685247612971e-13,0.742268409880685,0.2426715936830945,753,1.587072269920487,0.7622761858703865,399,0,0.2061856697829769,0.24635434483058213,759,0.0,0.4082808915881358,0.7415796483657267,429,197.84842683225966,0.7926117119158704,585.0,534.5583771914877,0.5897020823730296,568,db,0.540986235965534,0.9305070477545101,0.3421575204977732,3,426.75,7.683459401861087e-14,0.0001547883299646835,7.813833946637454e-27,0.9618560678049004,0.8810436811564966,0.0020108199635844996,0.5657894736842108,0.0024655885403366056,0.9999999997236173,0.9919828214562006,0.9855281704452442,0.9855281704452442,0.9855281704451335,,1.2251610931599486e-12,0.9999999999667607,1.5171946557926922e-13,,,,,1.0,,0.0,1.0,0.25,2.847685247612971e-13,2.847685247612971e-13,0.0,2.2095701998217296,0.6304403968409612,741,1.6459893525212594,0.7609164403232387,1121,268.70057685088807,0.8591716054240628,931.0,892.2244897959183,0.6856130563807945,432,0.49117026184683504,0.8233619396015222,0.4091722348267588,4,325.0,,,,,,,,,,,,,5.1589651023713055e-19,0.03641360043841643,7.813833946637454e-27,0.9723319105873948,0.2723621586900692,0.001731642405343804,0.428030229816186,1.0,0.0024655885403366056,0.9999999999999541,0.0008499884728391214,0.000798221022740124,0.000798221022740124,0.0007982210227337863,,0.0,9.572760819061336e-19,0.02016391057304983,1.4108257588933865e-18,,,,,0.4782608695652174,,0.0,1.0,0.7906976744186046,9.54194168962319e-19,9.54194168962319e-19,0.9302325581395349,0.5674759776446953,0.17675400427451057,801,1.7035684543742593,0.8269279787746889,1256,321.7335854398791,0.849657203065477,1028.5,978.1779290228487,0.6845248632149815,519,1009.0473684210526,935.5,610.6543869996938,760,0.4758535102197843,0.8532293215616218,0.41093374637766444,5,390.5
coif9,1.0,smooth,1.4350099797281767e-26,315.67884952879024,4961406.27422161,0.5775193798449613,49.17097742924523,206,smoothed,8.391992602448175e-14,-2.0136841083484602e-10,6.1951136716418596,44213.37037918394,0.9904561192930195,0.00014966566451320282,0.9999999999999999,362.4,,,,[],[],11,426.59999999999997,32.19999999999993,728.3999999999999,"[9, 31, 53, 64, 80, 102, 131, 148, 158, 175, 192]","[310.99999999999966, 417.8000000000003, 589.5999999999999, 432.19999999999993, 728.3999999999999, 371.00000000000006, 587.0000000000001, 32.19999999999993, 448.20000000000005, 367.9999999999997, 407.2000000000002]","[1, 1, 1, 60, 1, 94, 120, 144, 144, 165, 186]","[20, 40, 75, 75, 203, 120, 203, 149, 203, 186, 203]",30736475.83999999,728.3999999999999,-728.3999999999999,0.0,,,,DWT,mdp.39015067403892,7.450580596923828e-09,,0.0,33.0,11.0,0.0,33.0,,1.1368683772161603e-13,168.40000000000003,987.7999999999993,168.39999999999998,,0.0,168.40000000000003,,,27.999999999999943,0.0,33.0,1.1368683772161603e-13,1.1368683772161603e-13,,0.0,1.3552340196993376e-13,3.720910846142122e-26,0.964168717331895,0.08766713811978152,0.06211233533286155,0.44268869937104427,0.13071646817464866,,0.9999996646602125,4.4059199552998455e-09,4.4059199552998455e-09,3.67866784340914e-09,,0.0,0.9999999955940747,7.585973278963461e-14,,,,,,1.5893391424973748e-13,1.0,1.0,1.7477015598164352e-13,1.7477015598164352e-13,0.9999999009424407,0.37592186794824006,280,0.8827530341437765,0.4481453469895284,281,0,0.3333333060621149,0.4742677179691898,280,0.0,0.24105047976148097,0.4252782859697747,260,10.177589760514683,0.9893316669176995,275.25,274.9569892473118,0.8504048271695416,80,coif,0.5556920286951962,0.9053407607371553,0.33941335169221604,4,61.0,8.768643796819358e-14,0.9999999999705143,9.358203348125397e-27,0.9510037126799414,0.7438857469074516,0.00016271025251963557,0.36328029375765025,0.0012731668108299026,0.9999999997235941,2.0315811922300142e-05,4.745387416349445e-11,4.745387416349445e-11,3.962102868015904e-11,,0.0,0.0031261328403482946,7.585973278963461e-14,,,,,0.0,,7.374542113937972e-14,1.0,1.0,1.4238426238064856e-13,1.4238426238064856e-13,1.0,0.40156916120424124,0.1145767721564671,1196,1.7884478402959607,0.8267728841971411,53,808.2230508962239,0.5764030131571154,624.5,101.50200160128104,0.6245484667462726,764,0.4784248188775415,0.776734912893196,0.43208215291776214,2,573.5,,,,,,,,,,,,,5.887598928675065e-19,0.9999999999715837,9.358203348125397e-27,0.9644600443519236,0.2299617285496424,0.0012994765934277554,0.2748282795228643,0.9999999999999999,0.0012731668108299026,0.9999999999999541,9.960751159770347e-05,3.8434858594393884e-14,3.8434858594393884e-14,3.2090649582094954e-14,,0.0,0.0,0.004567040150618464,7.054128794466933e-19,,,,,0.13043478260869565,,2.3332883504384434e-21,1.0,1.0,4.770970844811595e-19,4.770970844811595e-19,1.0,0.4544873153722995,0.14156097535167125,1123,1.9047472077076237,0.9245820175303413,25,776.4032457428292,0.6371947449799864,574.0,48.911149825783966,0.6844852229572829,520,986.6382352941176,846.0,585.0035688138154,340,0.4652856568234462,0.8173890317607586,0.42908333069536003,4,391.0
coif14,1.0,symmetric,2.063022912258998e-26,314.1023582290257,6656853.26962863,0.5243055555555556,97.90272507870348,206,smoothed,1.0375303636730007e-13,-2.1250172732578724e-10,6.712124782498622,31226.530382201123,0.9822583479383633,0.00014966566451320274,0.9999999999999997,362.4000000000001,,,,[],[],11,426.6,32.200000000000074,728.4,"[9, 31, 53, 64, 80, 102, 131, 148, 158, 175, 192]","[310.9999999999999, 417.79999999999995, 589.6, 432.20000000000005, 728.4, 371.00000000000017, 587.0000000000001, 32.200000000000074, 448.1999999999999, 367.99999999999966, 407.2000000000004]","[1, 1, 1, 60, 1, 94, 120, 144, 144, 165, 186]","[20, 40, 75, 75, 203, 120, 203, 149, 203, 186, 203]",30736475.840000004,728.4,-728.4,0.0,,,,DWT,mdp.39015067403892,7.450580596923828e-09,,0.0,33.0,11.0,0.0,33.0,,0.0,168.4000000000001,987.7999999999984,168.40000000000003,,0.0,168.4000000000001,,,28.000000000000085,0.0,33.0,0.0,0.0,,1.1368683772161603e-13,1.7909396732230274e-13,5.558853276555916e-26,0.95817897596657,0.8334060643920818,0.789721675443263,0.07716382473559295,0.02301876676498481,,0.9999996647841187,4.4059791007223055e-09,4.4059791007223055e-09,3.6787269888316428e-09,,1.2251610931599486e-12,0.9999999955939887,0.0,,,,,,1.5893391424973748e-13,1.0,1.0,0.0,0.0,0.9999999009801275,0.37592186796240734,96,1.4265442920978992,0.7242106931960086,56,0,0.3333333060725147,0.4742677179839867,96,0.0,0.38306990104323896,0.6758389822890223,65,20.822663934601003,0.978173308244653,78.25,73.97121083827265,0.9480751237240037,17,coif,0.5556920286951962,0.9053407607371553,0.33941335169221604,4,13.75,1.1274591696823387e-13,0.9999999999705138,1.380243870422936e-26,0.9451861028836557,0.9224871500254905,0.0020687648040118075,0.06332236842105304,0.0002242007474701404,0.9999999997234263,2.0315811924853655e-05,4.745454029730922e-11,4.745454029730922e-11,3.962169481397382e-11,,1.2251610931599486e-12,0.0031261328403480726,0.0,,,,,0.0,,7.374542113937972e-14,1.0,1.0,0.0,0.0,1.0,0.4015691612047602,0.11457677215661517,1133,1.7548082466929122,0.8112217995080794,200,659.7306268470488,0.6542292312122386,666.5,339.98499624906225,0.6524552864656581,623,0.4784248188775415,0.776734912893196,0.43208215291776214,2,467.75,,,,,,,,,,,,,7.570187081786149e-19,0.9999999999715831,1.380243870422936e-26,0.9602401818797487,0.28517381932186353,0.001745192347135509,0.04790454606954436,0.9999999999999997,0.00022420074747014082,0.9999999999999541,9.960751159770543e-05,3.8435400695480126e-14,3.8435400695480126e-14,3.20911916831812e-14,,0.0,9.572760819061336e-19,0.00456704015061846,0.0,,,,,0.13043478260869565,,2.3332883504384434e-21,1.0,1.0,0.0,0.0,1.0,0.4544873153722995,0.14156097535167125,1195,1.838855113680611,0.8925973819901138,444,531.0371926710972,0.7518517791256556,819.5,647.4435631482612,0.6844539269460054,521,986.6382352941176,846.0,585.0035688138154,340,0.4652856568234462,0.8173890317607586,0.42908333069536003,4,391.75
coif6,1.0,antireflect,1.2243168219282727e-26,318.5928543017998,6581096.666100022,0.6125,288.4877402966589,206,raw,7.129625907992106e-14,-2.1412294159972868e-10,6.580054148780526,118670.45578625696,0.8666794849179436,5.618943883690066e-06,0.9999999999999999,327.0,,,,[],[],13,661.1538461538462,86.99999999999991,939.9999999999998,"[8, 32, 51, 63, 81, 100, 111, 133, 152, 162, 175, 192, 204]","[878.0, 638.0000000000001, 786.9999999999999, 792.0000000000002, 939.9999999999998, 788.0000000000002, 637.0, 675.0000000000002, 771.0000000000002, 195.99999999999994, 834.0000000000001, 572.0000000000001, 86.99999999999991]","[0, 13, 39, 39, 76, 99, 107, 107, 107, 161, 99, 187, 203]","[76, 39, 61, 76, 205, 164, 119, 142, 164, 164, 205, 205, 205]",37754613.00000001,940.9999999999998,-940.9999999999998,0.0,,,,DWT,mdp.39015067403892,7.450580596923828e-09,,0.0,33.0,19.0,0.0,28.5,,2.2737367544323206e-13,256.3413461538462,4359.0,256.34134615384625,,0.0,256.3413461538462,,,83.99999999999991,0.0,19.5,2.2737367544323206e-13,2.2737367544323206e-13,,0.0,7.173621577748861e-14,7.867199050793398e-27,0.9617570499907251,0.8768633713534002,0.0009511012460717042,0.41517857142857173,0.004933144288181118,0.999999999723402,0.47422802461150126,6.6959667625959335e-09,6.6959667625959335e-09,6.082044361106239e-09,,0.0,0.9999999933040264,2.7225927463116073e-13,,,,,,7.374542113937972e-14,1.0,0.0,2.847685247612971e-13,2.847685247612971e-13,0.7422684098779438,0.24267159368219834,874,1.5840061524702544,0.7608035192756188,418,0,0.20618566978253505,0.24635434483005422,880,0.0,0.40746040475380296,0.7400893598152964,440,258.8204010506127,0.728699789255123,653.0,575.9041557469112,0.5221067080447523,789,coif,0.5507900112560971,0.8749445204262634,0.351963635992853,2,592.25,7.17362157774886e-14,0.0001547883299646835,7.867199050793398e-27,0.9617570499907251,0.8768633713534002,0.001983597754052439,0.5604605263157898,0.007287174512999507,0.9999999997234019,0.9919828214562001,0.9855281704452468,0.9855281704452468,0.9855281704451354,,0.0,0.9999999999667601,1.5171946557926922e-13,,,,,1.0,,7.374542113937972e-14,1.0,0.25,2.847685247612971e-13,2.847685247612971e-13,0.0,2.209570199821155,0.6304403968407973,872,1.6436232312680488,0.7598226175967379,1134,185.26197667087544,0.9029025279502749,1003.0,985.8903290129612,0.6886105931155987,412,0.4784248188775415,0.776734912893196,0.43208215291776214,2,309.5,,,,,,,,,,,,,4.816640713720693e-19,0.03641360043841643,7.867199050793398e-27,0.9722600870081678,0.271069875201389,0.0017252767073475564,0.42399878230280097,0.9999999999999999,0.007287174512999506,0.9999999999999541,0.000849988472839121,0.0007982210227401261,0.0007982210227401261,0.0007982210227337879,,0.0,0.0,0.020163910573049823,1.4108257588933865e-18,,,,,0.4782608695652174,,2.3332883504384434e-21,1.0,0.7906976744186046,9.54194168962319e-19,9.54194168962319e-19,0.9302325581395349,0.5674759776446953,0.17675400427451057,804,1.7031920910170955,0.8267452884992115,1257,320.319371877506,0.8503180505245299,1030.5,980.7161572052402,0.6843879972248819,522,986.6382352941176,846.0,585.0035688138154,340,0.4652856568234462,0.8173890317607586,0.42908333069536003,4,392.5
coif13,1.0,reflect,2.8663942628298325e-26,314.89843320948427,7664104.818227327,0.6099290780141844,286.3655205035988,206,raw,1.2112856564589958e-13,-2.247112496078814e-10,6.822975810195763,58341.10636636037,0.7539015233800495,5.618943883690062e-06,1.0,327.0000000000001,,,,[],[],13,661.1538461538463,86.99999999999977,939.9999999999998,"[8, 32, 51, 63, 81, 100, 111, 133, 152, 162, 175, 192, 204]","[878.0, 638.0000000000001, 787.0000000000001, 792.0000000000003, 939.9999999999998, 788.0000000000001, 637.0000000000001, 675.0000000000002, 771.0000000000009, 195.99999999999994, 834.0000000000002, 572.0, 86.99999999999977]","[0, 13, 39, 39, 76, 99, 107, 107, 107, 161, 99, 187, 203]","[76, 39, 61, 76, 205, 164, 119, 142, 164, 164, 205, 205, 205]",37754613.00000001,940.9999999999998,-940.9999999999998,0.0,,,,DWT,mdp.39015067403892,7.450580596923828e-09,,0.0,33.0,19.0,0.0,28.5,,2.2737367544323206e-13,256.3413461538463,4358.999999999998,256.3413461538463,,0.0,256.3413461538463,,,83.99999999999977,0.0,19.5,2.2737367544323206e-13,2.2737367544323206e-13,,1.1368683772161603e-13,1.347001996573996e-13,1.9487626341846477e-26,0.9481237997840988,0.960780619291514,0.00216989971850105,0.3958966565349543,4.869935321905961e-05,0.9999999997232424,0.4742280246113362,6.696054799077647e-09,6.696054799077647e-09,6.082088379347123e-09,,5.718550876340534e-12,0.9999999933039181,2.7225927463116073e-13,,,,,,7.374542113937972e-14,1.0,0.0,2.847685247612971e-13,2.847685247612971e-13,0.7422684098807654,0.24267159368312077,731,1.6087276816200733,0.7726773534458495,329,0,0.20618566978300717,0.24635434483061833,730,0.0,0.413377459300708,0.7508367822900204,359,223.48210219165202,0.7657420312456478,537.25,467.1324952742843,0.601293447488652,537,coif,0.5507900112560971,0.8749445204262634,0.351963635992853,2,403.25,1.3470019965739956e-13,0.0001547883299646835,1.9487626341846477e-26,0.9481237997840988,0.960780619291514,0.0032011366233049184,0.5459686450167973,0.0024142847121898527,0.9999999997232423,0.9919828214561976,0.9855281704452481,0.9855281704452481,0.985528170445136,,1.2251610931599486e-12,0.9999999999667596,1.5171946557926922e-13,,,,,1.0,,7.374542113937972e-14,1.0,0.25,2.847685247612971e-13,2.847685247612971e-13,0.0,2.209570199821768,0.6304403968409722,727,1.6702647661077903,0.7721386036169098,982,180.31222920256963,0.905496735218779,854.5,835.4757167934464,0.7288227910894733,262,0.4784248188775415,0.776734912893196,0.43208215291776214,2,197.0,,,,,,,,,,,,,9.04428061592477e-19,0.03641360043841641,1.9487626341846477e-26,0.9623710702237416,0.29701170225104534,0.002009988524410985,0.4130354053377167,1.0,0.0024142847121898527,0.9999999999999541,0.0008499884728391191,0.0007982210227401272,0.0007982210227401272,0.0007982210227337884,,0.0,9.572760819061336e-19,0.020163910573049813,1.4108257588933865e-18,,,,,0.4782608695652174,,2.3332883504384434e-21,1.0,0.7906976744186046,9.54194168962319e-19,9.54194168962319e-19,0.9302325581395349,0.5674759776446953,0.17675400427451057,762,1.7040374436734425,0.8271556305442699,1250,345.0681092190352,0.8387532199911051,1006.0,946.8190854870776,0.6843298810235899,523,986.6382352941176,846.0,585.0035688138154,340,0.4652856568234462,0.8173890317607586,0.42908333069536003,4,393.25
coif6,1.0,zero,1.3271462709735612e-26,318.2426045573396,5964977.628561623,0.6208333333333333,230.98012420895031,206,raw,7.767249626649399e-14,-2.1546264772354389e-10,6.329380485724308,68786.50954861112,0.8111680363647029,5.618943883690066e-06,0.9999999999999999,327.0,,,,[],[],13,661.1538461538462,86.99999999999997,939.9999999999998,"[8, 32, 51, 63, 81, 100, 111, 133, 152, 162, 175, 192, 204]","[878.0000000000002, 638.0, 786.9999999999999, 792.0000000000002, 939.9999999999998, 788.0000000000002, 637.0, 675.0000000000002, 771.0000000000002, 195.99999999999994, 834.0000000000001, 572.0, 86.99999999999997]","[0, 13, 39, 39, 76, 99, 107, 107, 107, 161, 99, 187, 203]","[76, 39, 61, 76, 205, 164, 119, 142, 164, 164, 205, 205, 205]",37754613.0,940.9999999999998,-940.9999999999998,0.0,,,,DWT,mdp.39015067403892,0.0,,0.0,33.0,19.0,0.0,28.5,,2.2737367544323206e-13,256.3413461538462,4359.0,256.3413461538462,,0.0,256.3413461538462,,,83.99999999999997,0.0,19.5,2.2737367544323206e-13,2.2737367544323206e-13,,0.0,7.979270208318093e-14,8.5948883218632e-27,0.9604645491410074,0.7902681957247999,0.00025773163448435766,0.4776785714285715,0.0008943904995312539,0.9999999997233818,0.47422802461156727,6.6959667625959335e-09,6.6959667625959335e-09,6.082000342865356e-09,,0.0,0.9999999933040264,2.7225927463116073e-13,,,,,,0.0,1.0,0.0,2.847685247612971e-13,2.847685247612971e-13,0.7422684098779135,0.24267159368218844,882,1.5629708778248643,0.7507002056273832,480,0,0.20618566978253075,0.2463543448300491,882,0.0,0.403695429768982,0.7332508599421115,485,230.66046475284836,0.7582175421877899,682.25,623.7561231231915,0.5215353958318405,790,coif,0.5507900112560971,0.8749445204262634,0.351963635992853,2,593.0,7.979270208318091e-14,0.0001547883299646835,8.594888321863199e-27,0.9604645491410073,0.7902681957248,0.0012909447257110145,0.607434210526316,0.0032579752064776603,0.9999999997233817,0.9919828214562011,0.9855281704452468,0.9855281704452468,0.9855281704451347,,0.0,0.9999999999667601,1.5171946557926922e-13,,,,,1.0,,0.0,1.0,0.25,2.847685247612971e-13,2.847685247612971e-13,0.0,2.209570199821118,0.6304403968407868,888,1.6163816103913433,0.7472292207109155,1232,243.24473272817235,0.8725132428049411,1060.0,1032.090566037736,0.6584788436246928,570,0.4784248188775415,0.776734912893196,0.43208215291776214,2,428.0,,,,,,,,,,,,,5.357583660445075e-19,0.03641360043841643,8.594888321863199e-27,0.9713225583629053,0.24430020478573805,0.0015633052851007653,0.4595352455689353,0.9999999999999999,0.0032579752064776603,0.9999999999999541,0.0008499884728391218,0.0007982210227401261,0.0007982210227401261,0.0007982210227337874,,0.0,0.0,0.020163910573049823,1.4108257588933865e-18,,,,,0.4782608695652174,,0.0,1.0,0.7906976744186046,9.54194168962319e-19,9.54194168962319e-19,0.9302325581395349,0.5674759776446953,0.17675400427451057,878,1.7017666584948343,0.8260533702898278,1270,277.18585822512665,0.8704738980256418,1074.0,1038.2309124767226,0.6843023695735686,524,986.6382352941176,846.0,585.0035688138154,340,0.4652856568234462,0.8173890317607586,0.42908333069536003,4,394.0
db18,1.0,antisymmetric,1.083758556355098e-26,319.122467075692,6607049.268506929,0.6125,292.2164002247937,206,raw,6.600976507577145e-14,-2.0690282820368375e-10,6.5843501340031985,120883.41476107624,0.8884745324513823,5.618943883690066e-06,1.0,327.0,,,,[],[],13,661.1538461538462,86.99999999999989,940.0,"[8, 32, 51, 63, 81, 100, 111, 133, 152, 162, 175, 192, 204]","[878.0, 638.0, 787.0000000000002, 792.0000000000003, 940.0, 788.0, 636.9999999999999, 674.9999999999999, 771.0000000000002, 196.0, 834.0, 572.0000000000001, 86.99999999999989]","[0, 13, 39, 39, 76, 99, 107, 107, 107, 161, 99, 187, 203]","[76, 39, 61, 76, 205, 164, 119, 142, 164, 164, 205, 205, 205]",37754613.0,941.0,-941.0,0.0,,,,DWT,mdp.39015067403892,0.0,,0.0,33.0,19.0,0.0,28.5,,0.0,256.3413461538462,4359.0,256.3413461538462,,0.0,256.3413461538462,,,83.99999999999989,0.0,19.5,0.0,0.0,,0.0,6.505663888859198e-14,6.872515691430736e-27,0.9637114410248485,0.8783474187412255,0.0009803078518640733,0.41517857142857173,0.005112312078978976,0.9999999997235108,0.47422802461146824,6.6959667625959335e-09,6.6959667625959335e-09,6.082000342865356e-09,,0.0,0.9999999933040264,0.0,,,,,,0.0,1.0,0.0,0.0,0.0,0.7422684098776339,0.24267159368209698,948,1.5860070812038982,0.7617645721225423,404,0,0.20618566978245234,0.24635434482995539,948,0.0,0.4079162563561331,0.7409173443669319,432,306.20907889871586,0.6790261227476773,683.0,579.7297229113233,0.48154660435077784,922,db,0.540986235965534,0.9305070477545101,0.3421575204977732,3,692.25,6.505663888859197e-14,0.0001547883299646835,6.872515691430736e-27,0.9637114410248485,0.8783474187412256,0.002012774175417872,0.5604605263157898,0.007465918446453076,0.9999999997235107,0.9919828214561996,0.9855281704452468,0.9855281704452468,0.9855281704451347,,0.0,0.9999999999667601,0.0,,,,,1.0,,0.0,1.0,0.25,0.0,0.0,0.0,2.209570199820928,0.6304403968407325,951,1.6456239753665411,0.7607475318892213,1122,120.91525958289962,0.9366272224408283,1036.5,1029.4471780028944,0.6966941143650682,351,0.49117026184683504,0.8233619396015222,0.4091722348267588,4,264.25,,,,,,,,,,,,,4.368148670409098e-19,0.03641360043841643,6.872515691430736e-27,0.9736777244348164,0.27152864740393845,0.0017320993822962916,0.42399878230280097,1.0,0.007465918446453076,0.9999999999999541,0.0008499884728391206,0.0007982210227401261,0.0007982210227401261,0.0007982210227337874,,0.0,0.0,0.020163910573049823,0.0,,,,,0.4782608695652174,,0.0,1.0,0.7906976744186046,0.0,0.0,0.9302325581395349,0.5674759776446953,0.17675400427451057,742,1.7043469684852155,0.8273058767679088,1247,357.0889244992065,0.8331360165891558,994.5,930.3911513323278,0.6842081952104657,525,1009.0473684210526,935.5,610.6543869996938,760,0.4758535102197843,0.8532293215616218,0.41093374637766444,5,395.0
coif6,1.0,zero,1.1345320950451192e-26,316.69923087992345,4961817.750723375,0.5625,57.39663912677397,206,smoothed,7.314106170773264e-14,-2.1283845796915605e-10,6.194599919660287,41488.92744444445,0.9891622333407316,0.0001496656645132026,0.9999999999999999,362.4000000000001,,,,[],[],11,426.60000000000014,32.20000000000002,728.4,"[9, 31, 53, 64, 80, 102, 131, 148, 158, 175, 192]","[311.00000000000017, 417.79999999999995, 589.6000000000001, 432.20000000000005, 728.4, 371.0000000000001, 587.0000000000001, 32.20000000000002, 448.2000000000001, 368.0, 407.20000000000005]","[1, 1, 1, 60, 1, 94, 120, 144, 144, 165, 186]","[20, 40, 75, 75, 203, 120, 203, 149, 203, 186, 203]",30736475.840000004,728.4,-728.4,0.0,,,,DWT,mdp.39015067403892,7.450580596923828e-09,,0.0,33.0,11.0,0.0,33.0,,0.0,168.4000000000002,987.7999999999975,168.40000000000006,,0.0,168.4000000000002,,,28.00000000000003,0.0,33.0,0.0,0.0,,1.1368683772161603e-13,1.1184374688712453e-13,2.841532373099498e-26,0.9680455673901235,0.08692610017482624,0.06228892247874758,0.33952082883660717,0.1081231166155773,,0.9999996647345563,4.406097391567225e-09,4.406097391567225e-09,3.6787565615428943e-09,,1.2251610931599486e-12,0.9999999955939026,0.0,,,,,,1.5893391424973748e-13,1.0,1.0,0.0,0.0,0.9999999009652956,0.3759218679568317,161,0.8344924299417682,0.42364498915500554,398,0,0.3333333060683995,0.47426771797813155,159,0.0,0.22355779078514196,0.39441644826581757,374,130.85106037017812,0.8628395593604004,273.0,226.15674773115444,0.7883380186739108,171,coif,0.5556920286951962,0.9053407607371553,0.33941335169221604,4,129.25,7.406715590295428e-14,0.9999999999705127,7.231822871445902e-27,0.9547691508686499,0.7437082713700081,0.00016317284242138162,0.27861842105263174,0.001053109569748473,0.9999999997234212,2.0315811923854454e-05,4.745570603148508e-11,4.745570603148508e-11,3.9622027880881205e-11,,1.2251610931599486e-12,0.003126132840347795,0.0,,,,,0.0,,7.374542113937972e-14,1.0,1.0,0.0,0.0,1.0,0.40156916120476055,0.11457677215661527,1131,1.7566658247569014,0.812080530268341,188,666.8016946589144,0.6505232208286613,659.5,322.40788476118274,0.6524366628252322,624,0.4784248188775415,0.776734912893196,0.43208215291776214,2,468.5,,,,,,,,,,,,,4.973148845462519e-19,0.9999999999715822,7.231822871445902e-27,0.9671913432633715,0.22990686450427594,0.0012995847664108175,0.2107800027059939,0.9999999999999999,0.001053109569748473,0.9999999999999541,9.960751159770467e-05,3.843648489765261e-14,3.843648489765261e-14,3.2091408523615694e-14,,0.0,9.572760819061336e-19,0.004567040150618456,0.0,,,,,0.13043478260869565,,2.3332883504384434e-21,1.0,1.0,0.0,0.0,1.0,0.4544873153722995,0.14156097535167125,1134,1.8806512754951195,0.9128856278314038,83,743.1692270270614,0.6527246602677284,608.5,154.67871815940836,0.6841894329376025,526,986.6382352941176,846.0,585.0035688138154,340,0.4652856568234462,0.8173890317607586,0.42908333069536003,4,395.5
coif5,1.0,zero,1.1054778883752049e-26,319.03629186554593,5962683.944434803,0.6282051282051282,249.06700828932102,206,raw,6.469474362912808e-14,-2.1032420249867122e-10,6.3318152281470175,68222.2089268756,0.803471008286359,5.618943883690062e-06,1.0,327.0000000000001,,,,[],[],13,661.1538461538463,87.00000000000009,940.0000000000002,"[8, 32, 51, 63, 81, 100, 111, 133, 152, 162, 175, 192, 204]","[878.0000000000002, 637.9999999999999, 787.0000000000002, 792.0000000000003, 940.0000000000002, 788.0000000000001, 637.0000000000003, 675.0, 771.0000000000001, 195.99999999999994, 834.0, 572.0000000000001, 87.00000000000009]","[0, 13, 42, 42, 76, 99, 107, 107, 107, 161, 99, 187, 203]","[76, 42, 61, 76, 205, 164, 119, 142, 164, 164, 205, 205, 205]",37754613.0,941.0000000000002,-941.0000000000002,0.0,,,,DWT,mdp.39015067403892,0.0,,0.0,33.0,19.0,0.0,28.5,,2.2737367544323206e-13,256.3413461538463,4358.999999999998,256.34134615384625,,0.0,256.3413461538463,,,84.00000000000009,0.0,24.0,2.2737367544323206e-13,2.2737367544323206e-13,,1.1368683772161603e-13,6.339508647663281e-14,7.026216066494243e-27,0.9633934349902973,0.7911092770938372,0.0002551503624001974,0.5329670329670328,0.0008487030299971797,0.9999999997234592,0.47422802461169933,6.696054799077647e-09,6.696054799077647e-09,6.082044361106239e-09,,5.718550876340534e-12,0.9999999933039181,2.7225927463116073e-13,,,,,,0.0,1.0,0.5,2.847685247612971e-13,2.847685247612971e-13,0.7922684098808244,0.25901821375027334,303,1.5872445690105117,0.762358941706817,397,0,0.2478523364496943,0.2961384272004079,302,0.0,0.411071699770886,0.7466487235868806,386,51.581650484127266,0.9459311839789022,347.0,341.2633385245204,0.7910997638972079,156,coif,0.5507900112560971,0.8749445204262634,0.351963635992853,2,117.5,6.339508647663281e-14,0.0001547883299646835,7.026216066494243e-27,0.9633934349902973,0.7911092770938372,0.0012883661213185123,0.6489878542510121,0.00321239581981617,0.9999999997234591,0.9919828214562032,0.9855281704452481,0.9855281704452481,0.9855281704451354,,1.2251610931599486e-12,0.9999999999667596,1.5171946557926922e-13,,,,,1.0,,0.0,1.0,0.5,2.847685247612971e-13,2.847685247612971e-13,0.0,2.234570199821732,0.637573462774914,305,1.6351614190184796,0.755910847422913,1175,615.1828996322963,0.6775770966287755,740.0,484.2905405405406,0.6448682128846184,675,0.4784248188775415,0.776734912893196,0.43208215291776214,2,506.75,,,,,,,,,,,,,4.25658576025717e-19,0.03641360043841641,7.026216066494243e-27,0.9734470555212732,0.2445602131623991,0.001562702298895875,0.4909713476889772,1.0,0.00321239581981617,0.9999999999999541,0.0008499884728391233,0.0007982210227401272,0.0007982210227401272,0.0007982210227337879,,0.0,9.572760819061336e-19,0.020163910573049813,1.4108257588933865e-18,,,,,0.4782608695652174,,0.0,1.0,0.8604651162790697,9.54194168962319e-19,9.54194168962319e-19,0.9302325581395349,0.5744527218307418,0.17892707859001003,262,1.7157272685784353,0.8328299803222871,1167,639.9316369738256,0.7009665247785861,714.5,427.92722183345,0.6835440100528445,527,986.6382352941176,846.0,585.0035688138154,340,0.4652856568234462,0.8173890317607586,0.42908333069536003,4,396.25
db8,1.0,constant,4.13250146390645e-27,321.08526858156813,4962607.757770441,0.55,71.33538420502187,206,smoothed,4.13951505220432e-14,-1.999155729848216e-10,6.193613789418051,36674.2294214876,0.9861645452434632,0.00014966566451320268,0.9999999999999997,362.3999999999999,,,,[],[],11,426.59999999999997,32.19999999999996,728.3999999999999,"[9, 31, 53, 64, 80, 102, 131, 148, 158, 175, 192]","[311.0, 417.79999999999995, 589.6000000000001, 432.19999999999993, 728.3999999999999, 370.99999999999994, 587.0, 32.19999999999996, 448.2, 367.9999999999999, 407.1999999999998]","[1, 1, 1, 60, 1, 94, 120, 144, 144, 165, 186]","[20, 40, 75, 75, 203, 120, 203, 149, 203, 186, 203]",30736475.83999999,728.3999999999999,-728.3999999999999,0.0,,,,DWT,mdp.39015067403892,7.450580596923828e-09,,0.0,33.0,11.0,0.0,33.0,,1.1368683772161603e-13,168.40000000000003,987.7999999999993,168.39999999999998,,0.0,168.40000000000003,,,27.99999999999997,0.0,33.0,1.1368683772161603e-13,1.1368683772161603e-13,,5.684341886080802e-14,4.210242673723478e-14,7.306288724641179e-27,0.9847099355698528,0.08550370190800577,0.0626279578527552,0.2536585365853664,0.06819562769798272,,0.9999996646849938,4.4059199552998455e-09,4.4059199552998455e-09,3.67866784340914e-09,,6.125805465799743e-13,0.9999999955940747,7.585973278963461e-14,,,,,,1.5893391424973748e-13,1.0,1.0,1.7477015598164352e-13,1.7477015598164352e-13,0.9999999009501814,0.37592186795114996,262,0.7936334569356445,0.4029022016173501,531,0,0.333333306064231,0.47426771797220063,263,0.0,0.20781367994485792,0.3666395756418781,511,149.46878157885234,0.8433241283240541,391.75,349.0626308315244,0.7163423576630752,293,db,0.573477938514061,0.8443824841957417,0.34525069778143475,3,220.5,3.395564636441151e-14,0.9999999999705134,2.127554198169085e-27,0.9709546229380345,0.7433676128401969,0.00016406098373859704,0.20815789473684254,0.0006642193676222878,0.999999999723616,2.0315811922799742e-05,4.745387416349445e-11,4.745387416349445e-11,3.962102868015904e-11,,6.125805465799743e-13,0.0031261328403482946,7.585973278963461e-14,,,,,0.0,,7.374542113937972e-14,1.0,1.0,1.4238426238064856e-13,1.4238426238064856e-13,1.0,0.40156916120454766,0.11457677215655453,1155,1.7378674561971847,0.8033903235750635,367,557.2001435749994,0.7079663817741093,761.0,557.0105124835743,0.6545597108031972,598,0.49117026184683504,0.8233619396015222,0.4091722348267588,4,449.5,,,,,,,,,,,,,2.2799104603849267e-19,0.9999999999715827,2.127554198169085e-27,0.9789316401501852,0.22980155475115024,0.0012997924512204112,0.1574753078067924,0.9999999999999997,0.0006642193676222878,0.9999999999999541,9.960751159770391e-05,3.8434858594393884e-14,3.8434858594393884e-14,3.2090649582094954e-14,,0.0,4.786380409530668e-19,0.004567040150618464,7.054128794466933e-19,,,,,0.13043478260869565,,2.3332883504384434e-21,1.0,1.0,4.770970844811595e-19,4.770970844811595e-19,1.0,0.4544873153722995,0.14156097535167125,1149,1.8661654685525186,0.9058540823568398,150,706.399674405361,0.6699066942031023,649.5,265.35796766743647,0.6832010106529531,528,1009.0473684210526,935.5,610.6543869996938,760,0.4758535102197843,0.8532293215616218,0.41093374637766444,5,397.25
rbio2.4,1.0,zero,3.7089023049121174e-27,321.55494480387733,4877959.3362675905,0.5420560747663551,103.88230217399234,206,smoothed,3.782087911460922e-14,-2.1013768503053187e-10,6.231066761098491,33136.39923994028,0.9758448070209906,0.00014966566451320276,0.9999999999999999,362.40000000000003,,,,[],[],11,426.6,32.19999999999999,728.4000000000001,"[9, 31, 53, 64, 80, 102, 131, 148, 158, 175, 192]","[311.00000000000017, 417.79999999999995, 589.6, 432.2000000000002, 728.4000000000001, 371.0, 587.0, 32.19999999999999, 448.2, 368.0000000000001, 407.20000000000016]","[1, 1, 1, 60, 1, 94, 120, 144, 144, 165, 186]","[20, 40, 75, 75, 203, 120, 203, 149, 203, 186, 203]",30736475.840000004,728.4000000000001,-728.4000000000001,0.0,,,,DWT,mdp.39015067403892,7.450580596923828e-09,,0.0,33.0,11.0,0.0,33.0,,1.1368683772161603e-13,168.4000000000001,987.7999999999984,168.4000000000001,,0.0,168.4000000000001,,,28.0,0.0,33.0,1.1368683772161603e-13,1.1368683772161603e-13,,5.684341886080802e-14,3.4250253111775284e-14,6.066583572924302e-27,0.9864944294630289,0.13952602038467068,0.026300675267144254,0.19909184618270787,0.03885699115368861,,0.999999664709775,4.4059791007223055e-09,4.4059791007223055e-09,3.6787861342541454e-09,,6.125805465799743e-13,0.9999999955939887,7.585973278963461e-14,,,,,,1.5893391424973748e-13,1.0,1.0,1.7477015598164352e-13,1.7477015598164352e-13,0.9999999009576438,0.3759218679539552,253,0.7699895404382937,0.39089894504041384,595,0,0.3333333060663087,0.4742677179751567,252,0.0,0.1986099946358964,0.35040178380394704,595,197.74288862055192,0.7927223389721678,423.75,354.5417968302776,0.6742699745175305,383,rbio,0.7685897546424816,0.816051598246696,0.21717169227625407,5,288.5,2.943949243157818e-14,0.999999999970514,1.8277873841909152e-27,0.9726878345278457,0.7563057357404609,6.889757873730922e-05,0.1633792424987702,0.00037846364881500075,0.999999999723462,2.0315811923354854e-05,4.745454029730922e-11,4.745454029730922e-11,3.962224992548613e-11,,6.125805465799743e-13,0.0031261328403480726,7.585973278963461e-14,,,,,0.0,,7.374542113937972e-14,1.0,1.0,1.4238426238064856e-13,1.4238426238064856e-13,1.0,0.4015691612045485,0.11457677215655476,1149,1.7273030997158885,0.7985065784185468,474,477.29707730091957,0.7498442991085328,811.5,671.1349353049908,0.6622649168498639,549,0.3888041033402703,1.0,0.4278371276618108,3,412.5,,,,,,,,,,,,,1.9766788127916487e-19,0.9999999999715833,1.8277873841909152e-27,0.980188842815935,0.23380119195175733,0.001277539243014833,0.12359942693627127,0.9999999999999999,0.00037846364881500075,0.9999999999999541,9.960751159770423e-05,3.8435400695480126e-14,3.8435400695480126e-14,3.209173378426744e-14,,0.0,4.786380409530668e-19,0.00456704015061846,7.054128794466933e-19,,,,,0.13043478260869565,,2.3332883504384434e-21,1.0,1.0,4.770970844811595e-19,4.770970844811595e-19,1.0,0.4544873153722995,0.14156097535167125,1165,1.855243827512438,0.9005526161744939,239,654.780879378743,0.6940276264585313,702.0,396.63105413105416,0.6829951216404806,529,818.67,599.5,715.6978453131971,300,0.38607403914171184,1.0,0.42974817260080167,3,397.5
rbio4.4,1.0,reflect,9.008150960695258e-21,257.7010421866927,5040231.913023423,0.5233644859813084,97.8091678315857,206,smoothed,7.731434478606847e-11,5.666596303265481e-10,6.224358888334818,33664.96471222683,0.9794051563338538,0.00014966566451343833,0.9999999999999999,362.39999999998673,,,,[],[],11,426.5999999997452,32.19999999993479,728.3999999995194,"[9, 31, 53, 64, 80, 102, 131, 148, 158, 175, 192]","[310.99999999972204, 417.7999999997863, 589.5999999997192, 432.19999999956804, 728.3999999995194, 370.9999999997033, 586.9999999999089, 32.19999999993479, 448.1999999998187, 367.9999999997578, 407.199999999759]","[1, 1, 1, 60, 1, 94, 120, 144, 144, 165, 186]","[20, 40, 75, 75, 205, 120, 205, 149, 205, 186, 205]",30736475.839994777,728.3999999996884,-728.3999999996884,0.0,,,,DWT,mdp.39015067403892,5.219131708145142e-06,,0.0,15.0,11.0,0.0,33.0,,3.1161562219494954e-10,168.39999999974526,987.8000000028014,168.39999999978892,,0.0,168.39999999974526,,,27.9999999999348,0.0,33.0,4.80554263049271e-10,3.1161562219494954e-10,,1.3244516594568267e-11,1.6979994897071293e-10,2.6363246687704266e-20,0.7438870887814077,0.12985055746461194,0.09594074234749622,0.07069963347057168,0.04324029659388808,,0.9999996078616024,4.140830171834904e-09,4.140830171834904e-09,3.459060889656095e-09,,1.4273126735313402e-10,0.9999999958591322,3.206590905017855e-10,,,,,,1.113332069319411e-10,0.0,1.0,4.790449975456849e-10,4.790449975456849e-10,0.8999998842892428,0.33832967116932355,651,0.6048038752516226,0.3070394912866477,912,0,0.2499999680828558,0.3557007721662593,651,0.0,0.15480261697539657,0.2731137132607038,910,150.11329055083698,0.842648542399542,781.0,759.360694204631,0.5119951307385551,866,rbio,0.7685897546424816,0.816051598246696,0.21717169227625407,5,650.75,9.766966810859727e-11,0.9999999999721492,6.3747633073122065e-21,0.7370524780547126,0.7539885021987214,0.00025132757173957666,0.05801770782095417,0.00042115665518307295,0.9999999997351697,2.0315810768445353e-05,4.45986580999147e-11,4.45986580999147e-11,3.725580954849761e-11,,1.4273126735313402e-10,0.0031261328411769096,3.206590905017855e-10,,,,,0.0,,5.165866750813549e-11,0.0,1.0,3.902752631853577e-10,3.902752631853577e-10,1.0,0.30156916161538955,0.08604450853796876,1274,1.5427269474235266,0.7131797635422944,1476,142.8355697996826,0.9251385902517387,1375.0,1367.5810909090908,0.6022443475367708,865,0.3888041033402703,1.0,0.4278371276618108,3,649.5,,,,,,,,,,,,,6.557910740185501e-16,0.9999999999731591,6.3747633073122065e-21,0.809268338911848,0.23308485206632873,0.0013201990513431153,0.0438914719468107,0.9999999999999999,0.0004211566551830725,0.999999999999956,9.960751159683058e-05,3.612236378069955e-14,3.612236378069955e-14,3.017486434331307e-14,,0.0,1.115226635420646e-16,0.004567040150631428,2.9817802414211724e-15,,,,,0.13043478260869565,,1.6344684894821297e-18,0.7209302325581395,1.0,1.307723108562858e-15,1.307723108562858e-15,1.0,0.4265803386281197,0.13286867808967537,1319,1.7204885803386725,0.8351411653528031,1136,129.4005409571382,0.9395324574966644,1227.5,1220.6794297352342,0.6829671633277714,530,818.67,599.5,715.6978453131971,300,0.38607403914171184,1.0,0.42974817260080167,3,398.25
sym9,1.0,smooth,3.600526339779076e-25,303.9081325448917,8992602.738633716,0.6531531531531531,300.9314776066444,206,raw,4.792482484216507e-13,-1.8292278802789675e-10,6.0096660902185475,177319.2285075053,0.9233888707287775,5.618943883690058e-06,0.9999999999999998,326.9999999999997,,,,[],[],13,661.1538461538463,87.00000000000017,940.0000000000002,"[8, 32, 51, 63, 81, 100, 111, 133, 152, 162, 175, 192, 204]","[877.9999999999992, 638.0000000000013, 787.0000000000013, 792.0, 940.0000000000002, 787.9999999999994, 637.0000000000002, 675.0, 770.9999999999993, 196.00000000000102, 834.0000000000007, 571.9999999999991, 87.00000000000017]","[0, 13, 42, 42, 76, 99, 107, 107, 107, 161, 164, 187, 203]","[76, 42, 61, 76, 205, 164, 119, 142, 164, 164, 205, 205, 205]",37754613.0,940.9999999999995,-940.9999999999995,0.0,,,,DWT,mdp.39015067403892,0.0,,0.0,33.0,19.0,0.0,28.5,,4.547473508864641e-13,256.3413461538463,4358.999999999998,256.34134615384625,,0.0,256.3413461538463,,,84.00000000000017,0.0,28.5,2.2737367544323206e-13,4.547473508864641e-13,,2.8421709430404007e-13,5.871906318134261e-13,2.5400020759934758e-25,0.9075671022495111,0.6798229104392686,0.003664968091565836,0.72007722007722,0.00968152469696381,0.9999999997238722,0.4742280246117984,6.696054799077647e-09,6.696054799077647e-09,6.082044361106239e-09,,1.4296377190851335e-11,0.9999999933039181,2.7225927463116073e-13,,,,,,0.0,1.0,1.0,5.695370495225942e-13,5.695370495225942e-13,0.8422684098852569,0.2753648338188558,83,1.5781876984145227,0.7580088960884294,436,0,0.28951900311713147,0.3459225095710937,83,0.0,0.41510171565987364,0.753968629630582,335,179.44985371963946,0.811897427966835,234.25,136.17003591556613,0.7831761772957865,169,sym,0.8243425715244881,0.7368036147090654,0.2019191155201387,6,128.25,5.871906318134262e-13,0.00015478832996457248,2.5400020759934758e-25,0.9075671022495111,0.6798229104392687,0.004694659873927442,0.7896159317211948,0.012024321675556532,0.9999999997238721,0.9919828214562046,0.9855281704452481,0.9855281704452481,0.9855281704451354,,3.062902732899872e-12,0.9999999999667596,1.5171946557926922e-13,,,,,1.0,,0.0,1.0,0.75,5.695370495225942e-13,5.695370495225942e-13,0.0,2.2595701998227655,0.6447065287091609,83,1.60750158425372,0.7431241164656981,1267,837.2144289248723,0.5612083705844484,675.0,155.79407407407408,0.603717392839394,857,0.7763846615972358,0.5622554397616224,0.28785410495344815,6,644.25,,,,,,,,,,,,,3.94261987930992e-18,0.036413600438416384,2.5400020759934758e-25,0.932952856917167,0.21015761122213394,0.002359237102218023,0.5973590963443487,0.9999999999999998,0.012024321675556534,0.9999999999999543,0.0008499884728391244,0.0007982210227401272,0.0007982210227401272,0.0007982210227337879,,0.0,2.3931902047653343e-18,0.020163910573049813,1.4108257588933865e-18,,,,,0.4782608695652174,,0.0,1.0,0.9302325581395349,1.908388337924638e-18,1.908388337924638e-18,0.9302325581395349,0.5814294660167882,0.18110015290550946,57,1.7207075856519447,0.8352474725696221,1134,761.5540033379117,0.6441336433000413,595.5,108.54408060453402,0.682931307631329,531,1409.1368421052632,1454.5,398.32527672708756,380,0.6645304607900322,0.5565550872278735,0.3678621512786154,7,400.0
db18,1.0,reflect,1.1873551403199669e-26,318.7259861011316,6642412.218338801,0.6125,291.92609724720324,206,raw,6.845872304853686e-14,-2.0694812530308848e-10,6.597284470063758,58517.79346205275,0.7688368633579574,5.618943883690066e-06,1.0,327.0,,,,[],[],13,661.1538461538463,86.99999999999991,940.0,"[8, 32, 51, 63, 81, 100, 111, 133, 152, 162, 175, 192, 204]","[878.0, 638.0000000000002, 787.0000000000002, 792.0000000000003, 940.0, 788.0, 636.9999999999999, 674.9999999999999, 771.0000000000002, 196.0, 834.0, 572.0000000000003, 86.99999999999991]","[0, 13, 39, 39, 76, 99, 107, 107, 107, 161, 99, 187, 203]","[76, 39, 61, 76, 205, 164, 119, 142, 164, 164, 205, 205, 205]",37754613.0,941.0,-941.0,0.0,,,,DWT,mdp.39015067403892,0.0,,0.0,33.0,19.0,0.0,28.5,,0.0,256.3413461538463,4358.999999999998,256.3413461538462,,0.0,256.3413461538463,,,83.99999999999991,0.0,19.5,0.0,0.0,,0.0,6.815093977381437e-14,7.605633717158125e-27,0.962248336469823,0.8828155830036685,0.0010201046984076754,0.41517857142857173,6.300447001422239e-05,0.9999999997235102,0.47422802461150126,6.696054799077647e-09,6.696054799077647e-09,6.082000342865356e-09,,0.0,0.9999999933039181,0.0,,,,,,0.0,1.0,0.0,0.0,0.0,0.7422684098776424,0.24267159368209978,946,1.5853634759817907,0.7614554463547921,409,0,0.20618566978246075,0.24635434482996543,926,0.0,0.4076656999742579,0.7404622471106188,435,297.0600388249262,0.6886163115042703,679.0,581.3248455304125,0.48843813478777454,913,db,0.540986235965534,0.9305070477545101,0.3421575204977732,3,685.5,6.815093977381437e-14,0.0001547883299646835,7.605633717158125e-27,0.962248336469823,0.8828155830036686,0.0020525298927383333,0.5604605263157898,0.0024285559873621016,0.9999999997235101,0.9919828214562001,0.9855281704452481,0.9855281704452481,0.9855281704451347,,0.0,0.9999999999667596,0.0,,,,,1.0,,0.0,1.0,0.25,0.0,0.0,0.0,2.209570199820929,0.6304403968407328,921,1.6449851276397718,0.7604522020698532,1125,144.2497833620557,0.9243973881750233,1023.0,1012.8299120234602,0.6941169330812222,364,0.49117026184683504,0.8233619396015222,0.4091722348267588,4,274.0,,,,,,,,,,,,,4.57591172931499e-19,0.03641360043841643,7.605633717158125e-27,0.9726164466556567,0.2729099170162502,0.0017413959417760872,0.42399878230280097,1.0,0.0024285559873621016,0.9999999999999541,0.000849988472839121,0.0007982210227401272,0.0007982210227401272,0.0007982210227337874,,0.0,0.0,0.020163910573049813,0.0,,,,,0.4782608695652174,,0.0,1.0,0.7906976744186046,0.0,0.0,0.9302325581395349,0.5674759776446953,0.17675400427451057,823,1.702390539919979,0.8263562081385596,1266,313.2483040656405,0.8536222878197941,1044.5,997.5280038295836,0.6827690878351307,532,1009.0473684210526,935.5,610.6543869996938,760,0.4758535102197843,0.8532293215616218,0.41093374637766444,5,400.25
rbio1.5,1.0,zero,4.901782535106127e-27,320.3438583413884,4915946.64533878,0.5373831775700935,82.08221988690383,206,smoothed,4.8289312139035926e-14,-2.1379367165508305e-10,6.208055252247178,33713.86703973128,0.9831410620396116,0.00014966566451320263,0.9999999999999999,362.4000000000001,,,,[],[],11,426.6,32.19999999999999,728.4,"[9, 31, 53, 64, 80, 102, 131, 148, 158, 175, 192]","[311.00000000000006, 417.79999999999995, 589.6000000000001, 432.20000000000016, 728.4, 371.00000000000017, 587.0000000000001, 32.19999999999999, 448.2, 368.0, 407.2000000000001]","[1, 1, 1, 60, 1, 94, 120, 144, 144, 165, 186]","[20, 40, 75, 75, 203, 120, 203, 149, 203, 186, 203]",30736475.840000007,728.4,-728.4,0.0,,,,DWT,mdp.39015067403892,1.1175870895385742e-08,,0.0,33.0,11.0,0.0,33.0,,0.0,168.4000000000001,987.7999999999984,168.40000000000003,,0.0,168.4000000000001,,,28.0,0.0,33.0,0.0,0.0,,1.1368683772161603e-13,5.724793412819957e-14,9.557666440660859e-27,0.9818930119465233,0.1063341265504232,0.04260311406985233,0.1669937930046742,0.04364583545222743,,0.999999664709775,4.4059791007223055e-09,4.4059791007223055e-09,3.6787269888316428e-09,,1.2251610931599486e-12,0.9999999955939887,0.0,,,,,,2.3840087137460624e-13,1.0,1.0,0.0,0.0,0.9999999009578642,0.3759218679540381,242,0.7478602788608296,0.37966463009084955,685,0,0.333333306066326,0.47426771797518136,243,0.0,0.19163855443196545,0.3381022764824839,676,252.90643856309129,0.7348989113594431,461.5,357.57061063275665,0.6255731454071849,502,rbio,0.7685897546424816,0.816051598246696,0.21717169227625407,5,377.75,4.2666539173338566e-14,0.9999999999705129,2.6719484229232614e-27,0.9682186513047115,0.7483564137966886,0.00011160365185562487,0.13703885882931652,0.00042510656770862855,0.9999999997234068,2.0315811923354854e-05,4.745454029730922e-11,4.745454029730922e-11,3.962169481397382e-11,,1.2251610931599486e-12,0.0031261328403480726,0.0,,,,,0.0,,1.1061813170906958e-13,1.0,1.0,0.0,0.0,1.0,0.4015691612047782,0.11457677215662031,1115,1.7101507855464382,0.7905773182315764,660,321.7335854398791,0.8313765275472331,887.5,829.1830985915493,0.6831148885115621,448,0.3888041033402703,1.0,0.4278371276618108,3,336.75,,,,,,,,,,,,,2.8647927336076717e-19,0.9999999999715824,2.6719484229232614e-27,0.9769470752816776,0.23134377181353424,0.0012875257198199839,0.10367243818890637,0.9999999999999999,0.00042510656770862855,0.9999999999999541,9.960751159770423e-05,3.8435400695480126e-14,3.8435400695480126e-14,3.20911916831812e-14,,0.0,9.572760819061336e-19,0.00456704015061846,0.0,,,,,0.13043478260869565,,3.499932525657665e-21,1.0,1.0,0.0,0.0,1.0,0.4544873153722995,0.14156097535167125,1182,1.8441229118297862,0.8951544202264731,333,600.3336572273788,0.719470253632066,757.5,519.6118811881188,0.6827491455076218,533,818.67,599.5,715.6978453131971,300,0.38607403914171184,1.0,0.42974817260080167,3,400.5
db27,1.0,antisymmetric,1.4601613892149737e-26,315.6033901396005,5937484.539287596,0.5271317829457365,108.98530598418988,206,smoothed,8.295683449778024e-14,-1.971319329996394e-10,6.547845400599319,110106.69123378696,0.9953143038187031,0.0001496656645132028,1.0,362.4,,,,[],[],11,426.59999999999997,32.200000000000074,728.4000000000001,"[9, 31, 53, 64, 80, 102, 131, 148, 158, 175, 192]","[311.0000000000001, 417.8, 589.5999999999998, 432.19999999999993, 728.4000000000001, 370.99999999999983, 587.0000000000002, 32.200000000000074, 448.19999999999993, 368.0, 407.20000000000005]","[1, 1, 1, 60, 1, 94, 120, 144, 144, 165, 186]","[20, 40, 75, 75, 203, 120, 203, 149, 203, 186, 203]",30736475.839999992,728.4000000000001,-728.4000000000001,0.0,,,,DWT,mdp.39015067403892,3.725290298461914e-09,,0.0,33.0,11.0,0.0,33.0,,1.1368683772161603e-13,168.40000000000003,987.7999999999993,168.40000000000003,,0.0,168.40000000000003,,,28.000000000000085,0.0,33.0,1.1368683772161603e-13,1.1368683772161603e-13,,0.0,1.3340762478828483e-13,3.794518952418226e-26,0.9638820159559347,0.596448816677913,0.48100107928340397,0.09657713370712695,0.6771588048738708,,0.9999996647841187,4.4059199552998455e-09,4.4059199552998455e-09,3.6787269888316428e-09,,0.0,0.9999999955940747,7.585973278963461e-14,,,,,,7.946695712486874e-14,1.0,1.0,1.7477015598164352e-13,1.7477015598164352e-13,0.9999999009795906,0.3759218679622055,103,1.4265485329866583,0.724212846158945,55,0,0.3333333060724388,0.4742677179838786,103,0.0,0.40215255007119766,0.709505939842491,50,29.227555491350966,0.9693631493801352,77.75,69.44529574011645,0.9439320987990822,22,db,0.573477938514061,0.8443824841957417,0.34525069778143475,3,17.25,8.646955511566448e-14,0.999999999970514,9.5361913759302e-27,0.9507252504506621,0.8657368645974691,0.001260036458990025,0.07925336597307275,0.006595466723249934,0.9999999997236579,2.0315811924853655e-05,4.745387416349445e-11,4.745387416349445e-11,3.962169481397382e-11,,0.0,0.0031261328403482946,7.585973278963461e-14,,,,,0.0,,3.687271056968986e-14,1.0,1.0,1.4238426238064856e-13,1.4238426238064856e-13,1.0,0.4015691612042238,0.11457677215646213,1197,1.738273133757799,0.8035778622884024,362,590.4341622907672,0.690548132971296,779.5,555.8871071199487,0.6410025780160464,702,0.49117026184683504,0.8233619396015222,0.4091722348267588,4,527.5,,,,,,,,,,,,,5.805892813740026e-19,0.9999999999715835,9.5361913759302e-27,0.9642580589399757,0.267630273438685,0.0015560776318383962,0.05995664116949312,1.0,0.006595466723249934,0.9999999999999541,9.960751159770543e-05,3.8434858594393884e-14,3.8434858594393884e-14,3.20911916831812e-14,,0.0,0.0,0.004567040150618464,7.054128794466933e-19,,,,,0.13043478260869565,,1.1666441752192217e-21,1.0,1.0,4.770970844811595e-19,4.770970844811595e-19,1.0,0.4544873153722995,0.14156097535167125,1199,1.839768854047801,0.8930409200663356,429,544.4722215136416,0.7455737282646535,814.0,631.9054054054054,0.6825999482444762,534,1009.0473684210526,935.5,610.6543869996938,760,0.4758535102197843,0.8532293215616218,0.41093374637766444,5,401.75
mexh,,,,-42.39157829213524,3803893321.1450505,0.6537692747001713,1520.909582714584,206,raw,117872.63749686551,-394682.38269420766,13.37162722679466,433019.3156657055,0.017908537339332366,2.4093000165864147e-07,0.23330984555079345,119006.53033361546,,,,[],[],4,50667.28322338635,4343.344079077535,159858.80425104126,"[52, 79, 136, 154]","[159858.80425104126, 4343.344079077535, 29923.924705297177, 8543.059858129447]","[0, 77, 119, 148]","[205, 205, 205, 205]",3181536640530.83,186457.2851794605,-186457.2851794605,0.0,,,,CWT,mdp.39015067403892,3181498885917.83,,0.0,-12.0,28.0,0.0,-30.0,,185516.2851794605,50262.47072338635,189715.1328935454,50262.47072338636,,0.0,50262.47072338635,,,4340.344079077535,0.0,-21.0,158918.80425104126,185516.2851794605,,118679.53033361546,1.0,,0.0,0.8667501238070237,1.0,0.5710161662817552,0.1341653416085618,0.0,0.03693950485067669,0.78726720339813,0.78726720339813,0.7872672033981303,,1.0,0.8663038395811281,1.0,,,,,,0.9999999999999999,0.9750000000000001,0.65625,0.7209618519292043,0.7209618519292043,3.3815567223484937,1.0,1,1.7599286905301068,0.838602154657227,2,0,0.721398735346303,1.0,1,0.0,0.5228917744216889,0.8513090542370635,3,0.9574271077563381,0.9042572892243662,1.75,1.4117647058823528,0.8646286446121831,2,mexh,0.2,,,2,2.0,1.0,0.012861691620243254,,0.13970629557983627,0.8931981584497052,1.0,0.5906336088154269,0.13600685835614493,0.1624732238984219,0.014547224114903196,0.325432364575046,0.325432364575046,0.3254323645750461,,0.9993141103535239,0.8663038395811281,0.9831555234646359,,,,,0.8125,,0.9961855046682653,0.975,0.6363636363636364,0.7200374411202543,0.7200374411202543,0.06976744186046513,3.007837612842347,0.9282705795899273,3,1.9047387643823743,0.8730649273733749,3,0.0,1.0,3.0,3.0,0.925,2,0.08108108108108109,0.14242182297397127,0.9005166963510517,1,1.75,102.0,False,0.6112025636761702,0.6249999999999999,0.13636363636363633,,0.5370298097388743,,,,,,1.0,0.00043790442410322067,,0.005997437559997376,0.9963481939750393,1.0,0.5999864700311189,0.40161114303198664,0.032677591746597665,0.015231775659698688,0.05788355206984659,0.45469101978679316,0.45469101978679316,0.45469101978678966,,0.0,0.9993159989058462,0.8777148083968496,0.9860716821014844,,,,,0.8695652173913043,,0.9963457465999213,0.3023255813953488,0.16279069767441856,0.7785358495028936,0.7785358495028936,0.023255813953488413,3.0667143188864707,0.9552017304396798,3,1.72170672303851,0.8357324631536336,1126,794.0809152724929,0.6289341517418258,564.5,5.984056687333925,0.6825745525064268,535,414.5,414.5,170.41273426595797,2,0.19547276585710918,0.2381070941905428,0.7917369356428607,1,401.5
coif5,1.0,constant,1.1402551660298416e-26,318.9017719832639,5961699.228258542,0.6282051282051282,249.06700828932102,206,raw,6.721268633352068e-14,-2.104676433134528e-10,6.334800541595217,67061.32815581854,0.8000580359941417,5.618943883690066e-06,1.0,327.0000000000001,,,,[],[],13,661.1538461538463,87.00000000000009,940.0000000000002,"[8, 32, 51, 63, 81, 100, 111, 133, 152, 162, 175, 192, 204]","[878.0, 637.9999999999999, 787.0000000000002, 792.0000000000003, 940.0000000000002, 788.0000000000001, 637.0000000000003, 675.0, 771.0000000000001, 195.99999999999994, 834.0, 572.0000000000001, 87.00000000000009]","[0, 13, 42, 42, 76, 99, 107, 107, 107, 161, 99, 187, 203]","[76, 42, 61, 76, 205, 164, 119, 142, 164, 164, 205, 205, 205]",37754613.0,941.0000000000002,-941.0000000000002,0.0,,,,DWT,mdp.39015067403892,0.0,,0.0,33.0,19.0,0.0,28.5,,2.2737367544323206e-13,256.3413461538463,4358.999999999998,256.34134615384625,,0.0,256.3413461538463,,,84.00000000000009,0.0,24.0,2.2737367544323206e-13,2.2737367544323206e-13,,1.1368683772161603e-13,6.657655076707273e-14,7.272323111326788e-27,0.9628970261708665,0.7921405531329768,0.00025404218000189675,0.5329670329670328,0.000754714643634531,0.9999999997234571,0.47422802461169933,6.696054799077647e-09,6.696054799077647e-09,6.082044361106239e-09,,5.718550876340534e-12,0.9999999933039181,2.7225927463116073e-13,,,,,,0.0,1.0,0.5,2.847685247612971e-13,2.847685247612971e-13,0.7922684098808244,0.25901821375027334,304,1.587424212292679,0.7624452249836047,396,0,0.2478523364496943,0.2961384272004079,301,0.0,0.4111266711022546,0.7467485705829718,384,50.76990578416837,0.9467820694086285,346.25,340.6820724061136,0.7919182883730773,150,coif,0.5507900112560971,0.8749445204262634,0.351963635992853,2,113.0,6.657655076707271e-14,0.0001547883299646835,7.272323111326788e-27,0.9628970261708665,0.7921405531329769,0.001287259084203949,0.6489878542510121,0.0031186297818324364,0.999999999723457,0.9919828214562032,0.9855281704452481,0.9855281704452481,0.9855281704451354,,1.2251610931599486e-12,0.9999999999667596,1.5171946557926922e-13,,,,,1.0,,0.0,1.0,0.5,2.847685247612971e-13,2.847685247612971e-13,0.0,2.234570199821732,0.637573462774914,307,1.6353411518126402,0.7559939352252324,1171,610.9402589451771,0.6798007028589219,739.0,486.4641407307172,0.6462420705070291,666,0.4784248188775415,0.776734912893196,0.43208215291776214,2,500.0,,,,,,,,,,,,,4.470201299695622e-19,0.03641360043841643,7.272323111326788e-27,0.9730869803320932,0.24487901752389993,0.001562443427038554,0.4909713476889772,1.0,0.0031186297818324364,0.9999999999999541,0.0008499884728391233,0.0007982210227401272,0.0007982210227401272,0.0007982210227337879,,0.0,9.572760819061336e-19,0.020163910573049813,1.4108257588933865e-18,,,,,0.4782608695652174,,0.0,1.0,0.8604651162790697,9.54194168962319e-19,9.54194168962319e-19,0.9302325581395349,0.5744527218307418,0.17892707859001003,247,1.7156329897945557,0.8327842165233657,1168,651.2453454728103,0.6956797451061634,707.5,407.76819787985863,0.6825361342353247,536,986.6382352941176,846.0,585.0035688138154,340,0.4652856568234462,0.8173890317607586,0.42908333069536003,4,403.0
bior4.4,1.0,reflect,9.010128901880034e-21,257.7000887006196,4945958.161457508,0.5233644859813084,86.06382299054636,206,smoothed,7.731950139475761e-11,5.667468272429018e-10,6.244623302472506,31184.52158510402,0.9818701819095326,0.0001496656645134383,0.9999999999999997,362.3999999999867,,,,[],[],11,426.59999999974514,32.19999999993473,728.3999999995192,"[9, 31, 53, 64, 80, 102, 131, 148, 158, 175, 192]","[310.99999999972215, 417.79999999978634, 589.5999999997193, 432.1999999995678, 728.3999999995192, 370.99999999970333, 586.9999999999089, 32.19999999993473, 448.19999999981854, 367.99999999975773, 407.1999999997589]","[1, 1, 1, 60, 1, 94, 120, 144, 144, 165, 186]","[20, 40, 75, 75, 205, 120, 205, 149, 205, 186, 205]",30736475.83999478,728.3999999996881,-728.3999999996881,0.0,,,,DWT,mdp.39015067403892,5.21540641784668e-06,,0.0,15.0,11.0,0.0,33.0,,3.1184299587039277e-10,168.3999999997452,987.8000000028023,168.39999999978892,,0.0,168.3999999997452,,,27.999999999934744,0.0,33.0,4.807816367247142e-10,3.1184299587039277e-10,,1.3301360013429075e-11,1.6981127731770455e-10,2.6369035329689253e-20,0.743883466094131,0.15908003072590116,0.055482702460415874,0.07069963347057168,0.022670394806340973,,0.9999996078120399,4.140771026412444e-09,4.140771026412444e-09,3.459060889656095e-09,,1.4334384789971398e-10,0.9999999958592183,3.2081080996736477e-10,,,,,,1.1125373997481623e-10,0.0,1.0,4.793945378576481e-10,4.793945378576481e-10,0.8999998842748638,0.33832967116391816,654,0.5909594576113455,0.3000111253594914,929,0,0.24999996807883818,0.355700772160543,654,0.0,0.15025946110388172,0.2650983567103117,929,158.77132402714707,0.833573035610957,791.5,767.6133922931143,0.5019542326901745,902,bior,0.8100315533562081,0.7923003667562746,0.1952878026237719,6,678.0,9.76761835731373e-11,0.999999999972149,6.376163029466057e-21,0.7370489594752442,0.7609888407259893,0.00014534318311212923,0.05801770782095417,0.00022080763547925857,0.9999999997351711,2.0315810767446152e-05,4.4597991966099926e-11,4.4597991966099926e-11,3.725580954849761e-11,,1.4334384789971398e-10,0.003126132841177187,3.2081080996736477e-10,,,,,0.0,,5.16217947975658e-11,0.0,1.0,3.90560031710119e-10,3.90560031710119e-10,1.0,0.3015691616158666,0.08604450853810489,1273,1.5460918737372864,0.7147353190194269,1469,138.59292911256333,0.927362196481885,1371.0,1363.9948942377825,0.6044043686811941,847,0.5943810304597339,0.7715092316736338,0.3524805091760961,5,636.5,,,,,,,,,,,,,6.55834821310531e-16,0.9999999999731589,6.376163029466057e-21,0.8092657866744216,0.23524890744022942,0.0012954154418596633,0.0438914719468107,0.9999999999999997,0.00022080763547925857,0.999999999999956,9.960751159682982e-05,3.612182167961331e-14,3.612182167961331e-14,3.017486434331307e-14,,0.0,1.1200130158301764e-16,0.004567040150631432,2.9831910671800657e-15,,,,,0.13043478260869565,,1.6333018453069102e-18,0.7209302325581395,1.0,1.3086773027318203e-15,1.3086773027318203e-15,1.0,0.4265803386281197,0.13286867808967537,1320,1.7214765452705436,0.8356207327233509,1128,135.7645019878171,0.9365586439309266,1224.0,1216.4705882352941,0.6822980135542484,537,1104.4,1082.5,563.6960149978129,300,0.520820561188399,0.7876173146100969,0.3991404127850916,6,404.25
bior1.5,1.0,constant,5.239217787314415e-27,320.05473422378657,5001701.640094571,0.5467289719626168,131.77841378304797,206,smoothed,4.7871092203546076e-14,-2.1292883012336056e-10,6.228383495166083,36676.70606565581,0.9567271285079487,0.00014966566451320276,1.0,362.40000000000003,,,,[],[],11,426.6,32.20000000000002,728.4,"[9, 31, 53, 64, 80, 102, 131, 148, 158, 175, 192]","[311.0, 417.80000000000007, 589.6000000000001, 432.1999999999998, 728.4, 371.00000000000017, 587.0000000000001, 32.20000000000002, 448.2, 368.0000000000001, 407.20000000000005]","[1, 1, 1, 60, 1, 94, 120, 144, 144, 165, 186]","[20, 40, 75, 75, 203, 120, 203, 149, 203, 186, 203]",30736475.840000007,728.4,-728.4,0.0,,,,DWT,mdp.39015067403892,1.1175870895385742e-08,,0.0,33.0,11.0,0.0,33.0,,0.0,168.4000000000001,987.7999999999984,168.40000000000003,,0.0,168.4000000000001,,,28.00000000000003,0.0,33.0,0.0,0.0,,5.684341886080802e-14,5.632916351098661e-14,1.0545204332678e-26,0.9807945100472921,0.13565566670499654,0.07940528795937137,0.2311898993607423,0.06821616609563662,,0.9999996647345563,4.4059791007223055e-09,4.4059791007223055e-09,3.6787269888316428e-09,,6.125805465799743e-13,0.9999999955939887,0.0,,,,,,2.3840087137460624e-13,1.0,1.0,0.0,0.0,0.9999999009649922,0.37592186795671767,171,0.8157696095431276,0.4141400149214026,462,0,0.33333330606834005,0.47426771797804695,174,0.0,0.21360879002401367,0.3768637182526216,457,165.71662559924397,0.8262928452838114,316.0,250.81883531728,0.7475279740045891,236,bior,0.8100315533562081,0.7923003667562746,0.1952878026237719,6,178.5,4.21381110292073e-14,0.999999999970514,2.9107399510238923e-27,0.9671517178562655,0.7553788019659184,0.0002080110880717139,0.18971962616822452,0.0006644194097945228,0.9999999997234199,2.0315811923854454e-05,4.745454029730922e-11,4.745454029730922e-11,3.962169481397382e-11,,6.125805465799743e-13,0.0031261328403480726,0.0,,,,,0.0,,1.1061813170906958e-13,1.0,1.0,0.0,0.0,1.0,0.40156916120447206,0.11457677215653295,1169,1.7342380553524965,0.8017125054488307,396,546.5935418572012,0.7135253973494753,782.5,591.5961661341853,0.6517050466831233,632,0.5943810304597339,0.7715092316736338,0.3524805091760961,5,475.25,,,,,,,,,,,,,2.8293120703790263e-19,0.9999999999715833,2.9107399510238923e-27,0.9761731642465511,0.23351464352152995,0.0013100698348677124,0.14352641568363664,1.0,0.0006644194097945233,0.9999999999999541,9.960751159770467e-05,3.8435400695480126e-14,3.8435400695480126e-14,3.20911916831812e-14,,0.0,4.786380409530668e-19,0.00456704015061846,0.0,,,,,0.13043478260869565,,3.499932525657665e-21,1.0,1.0,0.0,0.0,1.0,0.4544873153722995,0.14156097535167125,1159,1.8607925892549588,0.9032460367533167,188,686.6006845321376,0.6791585586298423,673.5,323.52190051967335,0.682219466230809,538,1104.4,1082.5,563.6960149978129,300,0.520820561188399,0.7876173146100969,0.3991404127850916,6,405.0
bior4.4,1.0,periodization,8.765671142961415e-21,257.8195470081811,4916664.876923743,0.5242718446601942,86.06382299054636,206,smoothed,7.651185866230395e-11,6.010445030534429e-10,6.204495705360643,30566.636784702285,0.9840925391230968,0.0001496656645134409,0.9999999999999992,362.3999999999867,,,,[],[],11,426.5999999997491,32.19999999993473,728.3999999995618,"[9, 31, 53, 64, 80, 102, 131, 148, 158, 175, 192]","[310.99999999972215, 417.79999999978634, 589.5999999997193, 432.1999999995677, 728.3999999995618, 370.99999999970333, 586.999999999909, 32.19999999993473, 448.19999999981866, 367.99999999975773, 407.1999999997588]","[1, 1, 1, 60, 1, 94, 120, 144, 144, 165, 186]","[20, 40, 75, 75, 205, 120, 205, 149, 205, 186, 205]",30736475.839994766,728.3999999996881,-728.3999999996881,0.0,,,,DWT,mdp.39015067403892,5.230307579040527e-06,,0.0,15.0,11.0,0.0,33.0,,3.1184299587039277e-10,168.39999999974918,987.8000000027587,168.3999999997889,,0.0,168.39999999974918,,,27.999999999934744,0.0,33.0,4.381490725791082e-10,3.1184299587039277e-10,,1.3301360013429075e-11,1.6803699936293684e-10,2.565360533726892e-20,0.7443373375276998,0.10119982166327836,0.042911346654531585,0.07693226515562712,0.01754637905233955,,0.9999996078120399,4.144911205984632e-09,4.144911205984632e-09,3.4590313169448434e-09,,1.4334384789971398e-10,0.9999999958550888,2.9236341017125177e-10,,,,,,1.1157160780331571e-10,0.0,1.0,4.793945378576481e-10,4.793945378576481e-10,0.8999998842612097,0.33832967115878526,655,0.5564494444091226,0.2824915006819913,944,0,0.24999996807683753,0.35570077215769647,655,0.0,0.14041816431735907,0.24773564565811404,949,168.30998187867527,0.8235744424751832,800.75,774.2188336493901,0.49210692773654335,922,bior,0.8100315533562081,0.7923003667562746,0.1952878026237719,6,693.0,9.665571296899998e-11,0.9999999999721669,6.203168532221886e-21,0.7374897876741827,0.7471267689108254,0.00011241110179965267,0.06313234542667362,0.0001709001763253908,0.999999999735688,2.0315810767446152e-05,4.464262293168986e-11,4.464262293168986e-11,3.725547648159022e-11,,1.4334384789971398e-10,0.0031261328411643086,2.9236341017125177e-10,,,,,0.0,,5.176928563984456e-11,0.0,1.0,3.90560031710119e-10,3.90560031710119e-10,1.0,0.3015691616017369,0.08604450853407336,1275,1.5414347607669439,0.712582404835536,1484,147.78531726798843,0.9225443829832346,1379.5,1371.583907212758,0.5997679986194999,873,0.5943810304597339,0.7715092316736338,0.3524805091760961,5,656.0,,,,,,,,,,,,,6.489829959030006e-16,0.9999999999731762,6.203168532221886e-21,0.8095855458948775,0.23096364453642093,0.0012877145355913381,0.04776079015018275,0.9999999999999993,0.0001709001763253908,0.9999999999999561,9.960751159682982e-05,3.6157925611957076e-14,3.6157925611957076e-14,3.017464750287857e-14,,0.0,1.1200130158301764e-16,0.00456704015063123,2.718661237387556e-15,,,,,0.13043478260869565,,1.6379684220077873e-18,0.7209302325581395,1.0,1.3086773027318203e-15,1.3086773027318203e-15,1.0,0.42658033862811956,0.13286867808967534,1321,1.7210496831954716,0.8354135299003305,1132,133.64318164425748,0.9375499151195058,1226.5,1219.2189156135344,0.6822095369990052,539,1104.4,1082.5,563.6960149978129,300,0.520820561188399,0.7876173146100969,0.3991404127850916,6,405.75
coif2,1.0,constant,6.186753659785483e-27,321.55716422951167,5949933.218413687,0.625,279.83707294480007,206,raw,5.203820114840126e-14,-2.1540691452770775e-10,6.346067109315698,65021.23254243829,0.7682146768267728,5.618943883690064e-06,1.0,327.0000000000001,,,,[],[],13,661.1538461538462,86.99999999999994,940.0000000000001,"[8, 32, 51, 63, 81, 100, 111, 133, 152, 162, 175, 192, 204]","[878.0000000000001, 638.0, 787.0000000000001, 792.0000000000001, 940.0000000000001, 788.0, 637.0000000000002, 675.0000000000001, 771.0, 195.9999999999999, 834.0000000000002, 572.0, 86.99999999999994]","[0, 13, 42, 42, 76, 99, 107, 107, 107, 161, 99, 187, 203]","[76, 42, 61, 76, 205, 164, 119, 142, 164, 164, 205, 205, 205]",37754613.0,941.0000000000001,-941.0000000000001,0.0,,,,DWT,mdp.39015067403892,0.0,,0.0,33.0,19.0,0.0,28.5,,1.1368683772161603e-13,256.3413461538462,4359.0,256.3413461538462,,0.0,256.3413461538462,,,83.99999999999994,0.0,24.0,1.1368683772161603e-13,1.1368683772161603e-13,,1.1368683772161603e-13,4.7403325475628795e-14,3.581279076491038e-27,0.9726960247108898,0.796032587096943,0.00024080091787720355,0.5089285714285714,0.0005895423886470251,0.9999999997233826,0.47422802461153424,6.6959667625959335e-09,6.6959667625959335e-09,6.082000342865356e-09,,5.718550876340534e-12,0.9999999933040264,1.3612963731558036e-13,,,,,,0.0,1.0,0.5,1.4238426238064856e-13,1.4238426238064856e-13,0.7922684098806378,0.2590182137502124,409,1.5855615542501986,0.7615505840179013,408,0,0.2478523364496361,0.2961384272003384,407,0.0,0.40981094078329483,0.7443587481656578,406,1.2909944487358056,0.9986467563430442,407.5,407.49693250055924,0.7857489546914382,163,coif,0.5507900112560971,0.8749445204262634,0.351963635992853,2,122.75,4.740332547562879e-14,0.0001547883299646835,3.581279076491037e-27,0.9726960247108898,0.796032587096943,0.0012740315066515743,0.6309210526315789,0.002953848274942217,0.9999999997233825,0.9919828214562006,0.9855281704452468,0.9855281704452468,0.9855281704451347,,1.2251610931599486e-12,0.9999999999667601,7.585973278963461e-14,,,,,1.0,,0.0,1.0,0.5,1.4238426238064856e-13,1.4238426238064856e-13,0.0,2.2345701998216363,0.6375734627748867,399,1.6358673208792964,0.7562371753729253,1169,544.4722215136416,0.7146372004645485,784.0,594.9375,0.6518678664796537,630,0.4784248188775415,0.776734912893196,0.43208215291776214,2,473.0,,,,,,,,,,,,,3.1828384725489953e-19,0.036413600438416426,3.581279076491037e-27,0.9801947836485584,0.24608218462536466,0.001559350262840358,0.4773034772020025,1.0,0.002953848274942217,0.9999999999999541,0.0008499884728391214,0.0007982210227401261,0.0007982210227401261,0.0007982210227337874,,0.0,9.572760819061336e-19,0.020163910573049823,7.054128794466933e-19,,,,,0.4782608695652174,,0.0,1.0,0.8604651162790697,4.770970844811595e-19,4.770970844811595e-19,0.9302325581395349,0.5744527218307418,0.17892707859001003,279,1.7149646479555223,0.832459797176046,1175,633.5676759431466,0.703940338344324,727.0,450.92847317744156,0.6821103560880499,540,986.6382352941176,846.0,585.0035688138154,340,0.4652856568234462,0.8173890317607586,0.42908333069536003,4,406.0
rbio4.4,1.0,periodization,8.765229277509811e-21,257.81976593558676,5011417.190641555,0.5242718446601942,97.8091678315857,206,smoothed,7.65135928127875e-11,6.00974914274259e-10,6.183874946826522,32918.82658923112,0.9819673763496711,0.00014966566451344096,0.9999999999999997,362.39999999998673,,,,[],[],11,426.5999999997491,32.19999999993479,728.399999999562,"[9, 31, 53, 64, 80, 102, 131, 148, 158, 175, 192]","[310.99999999972204, 417.7999999997863, 589.5999999997192, 432.19999999956786, 728.399999999562, 370.9999999997032, 586.9999999999089, 32.19999999993479, 448.1999999998186, 367.9999999997578, 407.199999999759]","[1, 1, 1, 60, 1, 94, 120, 144, 144, 165, 186]","[20, 40, 75, 75, 205, 120, 205, 149, 205, 186, 205]",30736475.839994762,728.3999999996884,-728.3999999996884,0.0,,,,DWT,mdp.39015067403892,5.234032869338989e-06,,0.0,15.0,11.0,0.0,33.0,,3.1161562219494954e-10,168.39999999974918,987.8000000027587,168.3999999997889,,0.0,168.39999999974918,,,27.9999999999348,0.0,33.0,4.3792169890366495e-10,3.1161562219494954e-10,,1.3244516594568267e-11,1.680408090486426e-10,2.565231217399159e-20,0.744338169323307,0.07145635579719158,0.08357476382116519,0.07693226515562712,0.03705269739351076,,0.9999996078616024,4.144911205984632e-09,4.144911205984632e-09,3.4590313169448434e-09,,1.4273126735313402e-10,0.9999999958550888,2.922116907056725e-10,,,,,,1.1165107476044058e-10,0.0,1.0,4.790449975456849e-10,4.790449975456849e-10,0.8999998842755963,0.3383296711641935,652,0.5697124464732298,0.2892247006056906,938,0,0.2499999680808524,0.35570077216340884,652,0.0,0.14476489309412033,0.25540445165089065,942,166.28489608700684,0.8256971739129908,796.0,769.9483212560709,0.4956578112751537,911,rbio,0.7685897546424816,0.816051598246696,0.21717169227625407,5,684.5,9.665790409822149e-11,0.9999999999721674,6.202855838969735e-21,0.7374905955658725,0.740003331270483,0.00021893349932402563,0.06313234542667362,0.0003608899875577466,0.9999999997356869,2.0315810768445353e-05,4.464262293168986e-11,4.464262293168986e-11,3.725547648159022e-11,,1.4273126735313402e-10,0.0031261328411643086,2.922116907056725e-10,,,,,0.0,,5.180615835041425e-11,0.0,1.0,3.902752631853577e-10,3.902752631853577e-10,1.0,0.30156916160125957,0.08604450853393716,1277,1.5380027838050416,0.7109958528392416,1490,150.61374439273462,0.9210619788298037,1383.5,1375.3017708709795,0.5979785785134344,878,0.3888041033402703,1.0,0.4278371276618108,3,659.25,,,,,,,,,,,,,6.489977079729123e-16,0.9999999999731767,6.202855838969735e-21,0.8095861319073367,0.22876153481755773,0.0013126239541922716,0.04776079015018275,0.9999999999999997,0.0003608899875577466,0.9999999999999561,9.960751159683058e-05,3.6157925611957076e-14,3.6157925611957076e-14,3.017464750287857e-14,,0.0,1.115226635420646e-16,0.00456704015063123,2.7172504116286626e-15,,,,,0.13043478260869565,,1.6391350661830064e-18,0.7209302325581395,1.0,1.307723108562858e-15,1.307723108562858e-15,1.0,0.42658033862811956,0.13286867808967534,1323,1.720037430577309,0.8349221730608696,1139,130.10764773832474,0.939202033767138,1231.0,1224.1242891957756,0.6819841944536624,541,818.67,599.5,715.6978453131971,300,0.38607403914171184,1.0,0.42974817260080167,3,406.5
coif3,1.0,zero,5.8780093935827394e-27,319.55509598467336,4962572.016639583,0.5495495495495496,67.55963193835295,206,smoothed,5.192825673237044e-14,-2.0890607022039429e-10,6.193658396682227,37263.72972323675,0.9871134131726853,0.00014966566451320263,0.9999999999999999,362.4,,,,[],[],11,426.6,32.19999999999996,728.4,"[9, 31, 53, 64, 80, 102, 131, 148, 158, 175, 192]","[311.00000000000006, 417.80000000000007, 589.6000000000001, 432.2, 728.4, 371.0, 587.0000000000002, 32.19999999999996, 448.20000000000005, 368.0, 407.19999999999993]","[1, 1, 1, 60, 1, 94, 120, 144, 144, 165, 186]","[20, 40, 75, 75, 203, 120, 203, 149, 203, 186, 203]",30736475.839999996,728.4,-728.4,0.0,,,,DWT,mdp.39015067403892,0.0,,0.0,33.0,11.0,0.0,33.0,,0.0,168.4000000000001,987.7999999999984,168.40000000000003,,0.0,168.4000000000001,,,27.99999999999997,0.0,33.0,0.0,0.0,,0.0,6.524218568415602e-14,1.241469162591159e-26,0.97889617808126,0.08556804360703668,0.06261261937227858,0.25056439992766405,0.07308425553150005,,0.9999996646849938,4.4059791007223055e-09,4.4059791007223055e-09,3.6787269888316428e-09,,0.0,0.9999999955939887,0.0,,,,,,0.0,1.0,1.0,0.0,0.0,0.999999900949698,0.37592186795096827,268,0.7908875005220989,0.40150816779116205,552,0,0.33333330606413897,0.4742677179720697,269,0.0,0.20724649950282925,0.3656389158362631,526,156.53407509761786,0.8359181602750336,403.75,358.37315571093615,0.7063500654624644,317,coif,0.5556920286951962,0.9053407607371553,0.33941335169221604,4,238.75,4.726440879856337e-14,0.9999999999705129,3.362791189892418e-27,0.965307939641379,0.7433830224122617,0.0001640208028627977,0.2056187766714087,0.000711834169299898,0.9999999997234805,2.0315811922799742e-05,4.745454029730922e-11,4.745454029730922e-11,3.962169481397382e-11,,0.0,0.0031261328403480726,0.0,,,,,0.0,,0.0,1.0,1.0,0.0,0.0,1.0,0.4015691612041101,0.11457677215642968,1243,1.733490529609233,0.8013669353959365,407,591.1412690719537,0.6901775319329383,825.0,613.2133333333334,0.62889379741301,752,0.4784248188775415,0.776734912893196,0.43208215291776214,2,564.5,,,,,,,,,,,,,3.173511081700229e-19,0.9999999999715824,3.362791189892418e-27,0.9748357609540546,0.22980631840180893,0.00129978305524099,0.15555441790051489,0.9999999999999999,0.000711834169299898,0.9999999999999541,9.960751159770391e-05,3.8435400695480126e-14,3.8435400695480126e-14,3.20911916831812e-14,,0.0,0.0,0.00456704015061846,0.0,,,,,0.13043478260869565,,0.0,1.0,1.0,0.0,0.0,1.0,0.4544873153722995,0.14156097535167125,1157,1.8629610081203398,0.9042986074468408,171,697.2072862499358,0.6742022026869459,664.0,297.96234939759034,0.6819609144275851,542,986.6382352941176,846.0,585.0035688138154,340,0.4652856568234462,0.8173890317607586,0.42908333069536003,4,407.5
db16,1.0,antireflect,1.1409563331742394e-26,318.89910223491836,6374643.156740817,0.6186440677966102,300.8081518753155,206,raw,7.045065717427207e-14,-2.1603652200497268e-10,6.56868742571363,109442.52547174488,0.8759695256674638,5.618943883690064e-06,0.9999999999999998,327.0,,,,[],[],13,661.1538461538462,86.99999999999997,940.0000000000002,"[8, 32, 51, 63, 81, 100, 111, 133, 152, 162, 175, 192, 204]","[878.0, 638.0000000000001, 787.0000000000001, 792.0000000000001, 940.0000000000002, 788.0000000000002, 636.9999999999999, 675.0, 771.0000000000002, 196.00000000000017, 834.0, 571.9999999999998, 86.99999999999997]","[0, 13, 39, 39, 76, 99, 107, 107, 107, 161, 164, 187, 203]","[76, 39, 61, 76, 205, 164, 119, 142, 164, 164, 205, 205, 205]",37754613.0,941.0000000000002,-941.0000000000002,0.0,,,,DWT,mdp.39015067403892,0.0,,0.0,33.0,19.0,0.0,28.5,,2.2737367544323206e-13,256.3413461538462,4359.0,256.3413461538462,,0.0,256.3413461538462,,,83.99999999999997,0.0,24.0,2.2737367544323206e-13,2.2737367544323206e-13,,0.0,7.066778309947056e-14,7.27728503432591e-27,0.9628871741950699,0.872936738741506,0.000718762069916455,0.4612590799031478,0.004186023393984368,0.9999999997233732,0.47422802461156727,6.6959667625959335e-09,6.6959667625959335e-09,6.082000342865356e-09,,0.0,0.9999999933040264,2.7225927463116073e-13,,,,,,0.0,1.0,0.5,2.847685247612971e-13,2.847685247612971e-13,0.7922684098779136,0.2590182137493217,498,1.6007380961309767,0.7688399284786683,351,0,0.2478523364491974,0.29613842719981426,498,0.0,0.41274847225338357,0.7496943237449558,369,80.01249902359005,0.9161294559501152,429.0,417.7504590364606,0.7332219606794601,277,db,0.540986235965534,0.9305070477545101,0.3421575204977732,3,208.5,7.066778309947054e-14,0.0001547883299646835,7.27728503432591e-27,0.9628871741950699,0.8729367387415061,0.0017514986956615425,0.5950936663693134,0.006541821083125819,0.9999999997233731,0.9919828214562011,0.9855281704452468,0.9855281704452468,0.9855281704451347,,0.0,0.9999999999667601,1.5171946557926922e-13,,,,,1.0,,0.0,1.0,0.5,2.847685247612971e-13,2.847685247612971e-13,0.0,2.234570199821118,0.6375734627747388,500,1.6557770546049615,0.7654411496824256,1083,412.2432534317572,0.7839395946374439,791.5,684.1440303221731,0.68455365476107,440,0.49117026184683504,0.8233619396015222,0.4091722348267588,4,331.0,,,,,,,,,,,,,4.744902104692667e-19,0.036413600438416426,7.27728503432591e-27,0.9730798341011846,0.2698560124186101,0.0016710021816449358,0.4501993950498661,0.9999999999999998,0.0065418210831258185,0.9999999999999541,0.0008499884728391218,0.0007982210227401261,0.0007982210227401261,0.0007982210227337874,,0.0,0.0,0.020163910573049823,1.4108257588933865e-18,,,,,0.4782608695652174,,0.0,1.0,0.8604651162790697,9.54194168962319e-19,9.54194168962319e-19,0.9302325581395349,0.5744527218307418,0.17892707859001003,348,1.7132319743455415,0.8316187412839281,1189,594.6768029778865,0.7221136434682773,768.5,538.4150943396227,0.6815007469677835,543,1009.0473684210526,935.5,610.6543869996938,760,0.4758535102197843,0.8532293215616218,0.41093374637766444,5,408.5
db12,1.0,antireflect,7.498364157703527e-27,320.7221271876568,6247305.220858151,0.6228070175438597,295.4225500828604,206,raw,5.84171330510534e-14,-2.1450086151731122e-10,6.465447003027451,96597.15774096713,0.8536101957555973,5.618943883690066e-06,1.0,327.0000000000001,,,,[],[],13,661.1538461538462,87.0,940.0000000000001,"[8, 32, 51, 63, 81, 100, 111, 133, 152, 162, 175, 192, 204]","[878.0, 638.0, 787.0, 792.0000000000002, 940.0000000000001, 787.9999999999999, 636.9999999999999, 674.9999999999998, 771.0, 196.0000000000001, 834.0000000000002, 572.0, 87.0]","[0, 13, 42, 42, 76, 99, 107, 107, 107, 161, 164, 187, 203]","[76, 42, 61, 76, 205, 164, 119, 142, 164, 164, 205, 205, 205]",37754613.0,941.0000000000001,-941.0000000000001,0.0,,,,DWT,mdp.39015067403892,0.0,,0.0,33.0,19.0,0.0,28.5,,1.1368683772161603e-13,256.3413461538462,4359.0,256.34134615384613,,0.0,256.3413461538462,,,84.0,0.0,28.5,1.1368683772161603e-13,1.1368683772161603e-13,,1.1368683772161603e-13,5.5463216601837433e-14,4.509461514517252e-27,0.9696145489833154,0.8372723517234106,0.0005754581793305454,0.49248120300751913,0.0031460239251747467,0.9999999997233963,0.4742280246116003,6.6959667625959335e-09,6.6959667625959335e-09,6.0819563246244724e-09,,5.718550876340534e-12,0.9999999933040264,1.3612963731558036e-13,,,,,,0.0,1.0,1.0,1.4238426238064856e-13,1.4238426238064856e-13,0.8422684098806444,0.27536483381734783,140,1.5989435250038126,0.7679779898889679,358,0,0.2895190031163047,0.34592250957010584,142,0.0,0.4128861981927753,0.7499444817998862,362,126.45288977849947,0.8674498010707553,250.5,202.62564650436596,0.802435592359277,117,db,0.540986235965534,0.9305070477545101,0.3421575204977732,3,88.5,5.546321660183743e-14,0.0001547883299646835,4.509461514517251e-27,0.9696145489833154,0.8372723517234107,0.001608342906701884,0.6185595567867039,0.005504281941649301,0.9999999997233961,0.9919828214562016,0.9855281704452468,0.9855281704452468,0.9855281704451341,,1.2251610931599486e-12,0.9999999999667601,7.585973278963461e-14,,,,,1.0,,0.0,1.0,0.75,1.4238426238064856e-13,1.4238426238064856e-13,0.0,2.2595701998216366,0.6447065287088388,141,1.6508810485847514,0.7631777987883308,1109,684.479364188578,0.641258194869718,625.0,250.1904,0.6568450303489051,583,0.49117026184683504,0.8233619396015222,0.4091722348267588,4,438.25,,,,,,,,,,,,,3.724010031794182e-19,0.03641360043841643,4.509461514517251e-27,0.9779596038690533,0.258830872979603,0.001637526334731829,0.46795177634249363,1.0,0.005504281941649301,0.9999999999999541,0.0008499884728391221,0.0007982210227401261,0.0007982210227401261,0.0007982210227337869,,0.0,9.572760819061336e-19,0.020163910573049823,7.054128794466933e-19,,,,,0.4782608695652174,,0.0,1.0,0.9302325581395349,4.770970844811595e-19,4.770970844811595e-19,0.9302325581395349,0.5814294660167882,0.18110015290550946,147,1.7173164654237634,0.8336013912578488,1156,713.4707422172264,0.6666024569078381,651.5,260.831926323868,0.6810816022856948,544,1009.0473684210526,935.5,610.6543869996938,760,0.4758535102197843,0.8532293215616218,0.41093374637766444,5,409.25
coif7,1.0,periodic,1.3726704381641795e-26,318.0961296603939,6696397.7910014875,0.6219512195121951,288.8134399922253,206,raw,8.060434736064971e-14,-2.1629864566108655e-10,6.612666620189326,61593.64025381644,0.7376793786058439,5.618943883690062e-06,1.0,327.0,,,,[],[],13,661.1538461538463,86.99999999999997,939.9999999999998,"[8, 32, 51, 63, 81, 100, 111, 133, 152, 162, 175, 192, 204]","[878.0000000000001, 638.0000000000002, 787.0000000000002, 792.0000000000003, 939.9999999999998, 788.0, 637.0000000000002, 675.0000000000001, 771.0000000000003, 196.00000000000017, 834.0000000000001, 572.0000000000001, 86.99999999999997]","[0, 13, 42, 42, 76, 99, 107, 107, 107, 161, 164, 187, 203]","[76, 42, 61, 76, 205, 164, 119, 142, 164, 164, 205, 205, 205]",37754613.0,940.9999999999998,-940.9999999999998,0.0,,,,DWT,mdp.39015067403892,0.0,,0.0,33.0,19.0,0.0,28.5,,2.2737367544323206e-13,256.3413461538463,4358.999999999998,256.3413461538463,,0.0,256.3413461538463,,,83.99999999999997,0.0,28.5,2.2737367544323206e-13,2.2737367544323206e-13,,0.0,8.349714680492597e-14,8.917047473220811e-27,0.9599240236109848,0.8881293442318288,0.001080859119660427,0.4860627177700348,0.0003120342445304814,0.9999999997233692,0.47422802461156727,6.696054799077647e-09,6.696054799077647e-09,6.082088379347123e-09,,0.0,0.9999999933039181,2.7225927463116073e-13,,,,,,0.0,1.0,1.0,2.847685247612971e-13,2.847685247612971e-13,0.8422684098779386,0.2753648338164632,197,1.6151094165375346,0.7757425223384811,303,0,0.289519003115877,0.34592250956959486,195,0.0,0.4169386223375615,0.7573050890049643,314,65.11208285205852,0.9317483408259345,252.25,239.67321991171505,0.8336676714611853,61,coif,0.5507900112560971,0.8749445204262634,0.351963635992853,2,46.25,8.349714680492596e-14,0.0001547883299646835,8.917047473220811e-27,0.9599240236109848,0.8881293442318288,0.002113221525545128,0.6137355584082158,0.002676996631999573,0.9999999997233691,0.9919828214562011,0.9855281704452481,0.9855281704452481,0.985528170445136,,0.0,0.9999999999667596,1.5171946557926922e-13,,,,,1.0,,0.0,1.0,0.75,2.847685247612971e-13,2.847685247612971e-13,0.0,2.2595701998211197,0.6447065287086914,196,1.667687155449726,0.7709470124784438,997,566.3925317304246,0.7031485682754588,596.5,327.5976529756916,0.695258770510895,357,0.4784248188775415,0.776734912893196,0.43208215291776214,2,268.25,,,,,,,,,,,,,5.606314083078885e-19,0.03641360043841641,8.917047473220811e-27,0.9709304826687172,0.2745525909378946,0.001755588199200754,0.46430233210463623,1.0,0.002676996631999573,0.9999999999999541,0.0008499884728391218,0.0007982210227401272,0.0007982210227401272,0.0007982210227337884,,0.0,0.0,0.020163910573049813,1.4108257588933865e-18,,,,,0.4782608695652174,,0.0,1.0,0.9302325581395349,9.54194168962319e-19,9.54194168962319e-19,0.9302325581395349,0.5814294660167882,0.18110015290550946,87,1.718428190795939,0.8341410330976616,1146,748.8260812765539,0.6500812704315169,616.5,161.72262773722628,0.680998579140992,545,986.6382352941176,846.0,585.0035688138154,340,0.4652856568234462,0.8173890317607586,0.42908333069536003,4,409.75
db16,1.0,reflect,1.1903589388347988e-26,318.715013092853,6515113.378126198,0.6186440677966102,307.07317144809116,206,raw,7.24684605743675e-14,-2.1655810478194155e-10,6.5790229216467475,58991.62962826813,0.7690955326762922,5.618943883690062e-06,0.9999999999999998,327.0,,,,[],[],13,661.1538461538462,86.99999999999989,940.0000000000002,"[8, 32, 51, 63, 81, 100, 111, 133, 152, 162, 175, 192, 204]","[878.0, 638.0, 787.0000000000001, 792.0000000000001, 940.0000000000002, 788.0000000000002, 636.9999999999999, 675.0, 771.0000000000002, 196.00000000000017, 834.0, 572.0000000000001, 86.99999999999989]","[0, 13, 39, 39, 76, 99, 107, 107, 107, 161, 164, 187, 203]","[76, 39, 61, 76, 205, 164, 119, 142, 164, 164, 205, 205, 205]",37754613.0,941.0000000000002,-941.0000000000002,0.0,,,,DWT,mdp.39015067403892,0.0,,0.0,33.0,19.0,0.0,28.5,,2.2737367544323206e-13,256.3413461538462,4359.0,256.3413461538462,,0.0,256.3413461538462,,,83.99999999999989,0.0,24.0,2.2737367544323206e-13,2.2737367544323206e-13,,0.0,7.321731270208335e-14,7.62689058444656e-27,0.9622078435851076,0.8765071341098309,0.0008768448054065106,0.4612590799031478,0.0001013676661091109,0.9999999997233653,0.47422802461146824,6.6959667625959335e-09,6.6959667625959335e-09,6.082000342865356e-09,,0.0,0.9999999933040264,2.7225927463116073e-13,,,,,,0.0,1.0,0.5,2.847685247612971e-13,2.847685247612971e-13,0.7922684098778839,0.25901821374931205,504,1.6005608745257542,0.7687548083415181,352,0,0.2478523364491892,0.29613842719980443,506,0.0,0.41261903372413006,0.749459218500046,370,83.4665601703261,0.9125088467816288,433.0,420.874386282615,0.7293152200365167,287,db,0.540986235965534,0.9305070477545101,0.3421575204977732,3,216.0,7.321731270208335e-14,0.0001547883299646835,7.62689058444656e-27,0.9622078435851076,0.876507134109831,0.0019094180558928203,0.5950936663693134,0.002466828427622234,0.9999999997233652,0.9919828214561996,0.9855281704452468,0.9855281704452468,0.9855281704451347,,0.0,0.9999999999667601,1.5171946557926922e-13,,,,,1.0,,0.0,1.0,0.5,2.847685247612971e-13,2.847685247612971e-13,0.0,2.2345701998211176,0.6375734627747387,506,1.6556036165410584,0.7653609718404489,1084,408.7077195258245,0.7857925998292324,795.0,689.9421383647799,0.6845629665812829,439,0.49117026184683504,0.8233619396015222,0.4091722348267588,4,330.25,,,,,,,,,,,,,4.916087160270055e-19,0.03641360043841641,7.62689058444656e-27,0.9725870747296279,0.27095974950984897,0.0017079303727166064,0.4501993950498661,0.9999999999999998,0.002466828427622234,0.9999999999999541,0.0008499884728391206,0.0007982210227401261,0.0007982210227401261,0.0007982210227337874,,0.0,0.0,0.020163910573049823,1.4108257588933865e-18,,,,,0.4782608695652174,,0.0,1.0,0.8604651162790697,9.54194168962319e-19,9.54194168962319e-19,0.9302325581395349,0.5744527218307418,0.17892707859001003,365,1.7118766543015613,0.8309608563238705,1194,586.1915216036479,0.7260787282225944,779.5,559.0891597177678,0.6809131958869982,546,1009.0473684210526,935.5,610.6543869996938,760,0.4758535102197843,0.8532293215616218,0.41093374637766444,5,410.75
db19,1.0,antisymmetric,8.98155668928448e-27,319.9382763145946,6667744.657922328,0.6198347107438017,288.0920303758671,206,raw,6.722562097070073e-14,-2.0157642222074248e-10,6.587442649790704,123815.97545830779,0.8915632629838164,5.618943883690066e-06,1.0,327.00000000000006,,,,[],[],13,661.1538461538462,86.99999999999977,939.9999999999998,"[8, 32, 51, 63, 81, 100, 111, 133, 152, 162, 175, 192, 204]","[878.0000000000003, 638.0000000000001, 787.0, 792.0, 939.9999999999998, 787.9999999999998, 637.0, 675.0, 770.9999999999999, 196.0, 833.9999999999999, 571.9999999999999, 86.99999999999977]","[0, 13, 42, 42, 76, 99, 107, 107, 107, 161, 164, 187, 203]","[76, 42, 61, 76, 205, 164, 119, 142, 164, 164, 205, 205, 205]",37754613.0,940.9999999999998,-940.9999999999998,0.0,,,,DWT,mdp.39015067403892,0.0,,0.0,33.0,19.0,0.0,28.5,,2.2737367544323206e-13,256.3413461538462,4359.0,256.3413461538461,,0.0,256.3413461538462,,,83.99999999999977,0.0,28.5,2.2737367544323206e-13,2.2737367544323206e-13,,5.684341886080802e-14,6.659289390555095e-14,5.559066761052189e-27,0.9667219618065674,0.8794157278108273,0.001048613383782449,0.47018890200708413,0.0053497409818561775,0.9999999997235911,0.4742280246113362,6.6959667625959335e-09,6.6959667625959335e-09,6.081912306383589e-09,,2.859275438170267e-12,0.9999999933040264,2.7225927463116073e-13,,,,,,0.0,1.0,1.0,2.847685247612971e-13,2.847685247612971e-13,0.8422684098792474,0.2753648338168911,163,1.610480804766278,0.7735193844299313,321,0,0.28951900311607576,0.34592250956983234,163,0.0,0.41534061821422186,0.7544025594957737,334,95.12228971171794,0.9002911009311133,245.25,217.6371465131556,0.8216078146165,84,db,0.540986235965534,0.9305070477545101,0.3421575204977732,3,63.75,6.659289390555094e-14,0.0001547883299646835,5.5590667610521885e-27,0.9667219618065674,0.8794157278108273,0.002081009114972581,0.6018051326663769,0.007702785663640105,0.999999999723591,0.9919828214561976,0.9855281704452468,0.9855281704452468,0.9855281704451335,,6.125805465799743e-13,0.9999999999667601,1.5171946557926922e-13,,,,,1.0,,0.0,1.0,0.75,2.847685247612971e-13,2.847685247612971e-13,0.0,2.2595701998214235,0.644706528708778,163,1.6646311492672932,0.7695342661916099,1010,598.9194436650057,0.6861009205110034,586.5,280.6990622335891,0.6893554917020426,404,0.49117026184683504,0.8233619396015222,0.4091722348267588,4,304.0,,,,,,,,,,,,,4.471298639795473e-19,0.03641360043841643,5.5590667610521885e-27,0.9758614363222292,0.2718589000015883,0.0017480555822324481,0.4552767437725805,1.0,0.007702785663640105,0.9999999999999541,0.0008499884728391191,0.0007982210227401261,0.0007982210227401261,0.0007982210227337863,,0.0,4.786380409530668e-19,0.020163910573049823,1.4108257588933865e-18,,,,,0.4782608695652174,,0.0,1.0,0.9302325581395349,9.54194168962319e-19,9.54194168962319e-19,0.9302325581395349,0.5814294660167882,0.18110015290550946,78,1.7184362314912427,0.8341449361259775,1145,754.4829355260462,0.6474378805953056,611.5,146.05069501226492,0.6808451085219519,547,1009.0473684210526,935.5,610.6543869996938,760,0.4758535102197843,0.8532293215616218,0.41093374637766444,5,411.5
db11,1.0,antireflect,6.464205805177482e-27,321.3666407194843,6258227.214409469,0.6194690265486725,277.70313911487324,206,raw,5.372617130040418e-14,-2.1134927141730773e-10,6.455009463643478,95975.15856123221,0.8521474863972678,5.618943883690064e-06,1.0,327.0,,,,[],[],13,661.1538461538462,86.99999999999991,940.0,"[8, 32, 51, 63, 81, 100, 111, 133, 152, 162, 175, 192, 204]","[878.0000000000002, 638.0000000000001, 787.0, 792.0, 940.0, 787.9999999999999, 637.0000000000001, 675.0, 771.0000000000002, 196.0, 834.0000000000002, 571.9999999999999, 86.99999999999991]","[0, 13, 42, 42, 76, 99, 107, 107, 107, 161, 99, 187, 203]","[76, 42, 61, 76, 205, 164, 119, 142, 164, 164, 205, 205, 205]",37754613.0,941.0,-941.0,0.0,,,,DWT,mdp.39015067403892,0.0,,0.0,33.0,19.0,0.0,28.5,,0.0,256.3413461538462,4359.0,256.3413461538462,,0.0,256.3413461538462,,,83.99999999999991,0.0,24.0,0.0,0.0,,0.0,4.953610504704529e-14,3.7776225863625486e-27,0.971992949826478,0.8336667054617891,0.0005877496002492905,0.46744627054361537,0.0030956650074635468,0.9999999997234438,0.47422802461150126,6.6959667625959335e-09,6.6959667625959335e-09,6.082000342865356e-09,,0.0,0.9999999933040264,0.0,,,,,,0.0,1.0,0.5,0.0,0.0,0.7922684098776438,0.2590182137492335,574,1.58853977153673,0.762981031866369,390,0,0.24785233644912175,0.29613842719972383,574,0.0,0.4095986675203861,0.7439731863259818,409,101.04578170314682,0.8940819898289866,486.75,470.9533129470221,0.6919309320214115,359,db,0.540986235965534,0.9305070477545101,0.3421575204977732,3,270.0,4.9536105047045276e-14,0.0001547883299646835,3.7776225863625486e-27,0.971992949826478,0.8336667054617892,0.001620621624689679,0.5997438285980436,0.005454042158058287,0.9999999997234437,0.9919828214562001,0.9855281704452468,0.9855281704452468,0.9855281704451347,,0.0,0.9999999999667601,0.0,,,,,1.0,,0.0,1.0,0.5,0.0,0.0,0.0,2.2345701998209284,0.6375734627746847,571,1.6429650181299489,0.7595183354352222,1138,400.92954493277244,0.7898692112511675,854.5,760.4423639555296,0.6710090291056676,492,0.49117026184683504,0.8233619396015222,0.4091722348267588,4,370.0,,,,,,,,,,,,,3.326041355580081e-19,0.036413600438416426,3.7776225863625486e-27,0.9796848011258819,0.2577162385746448,0.0016403976156394036,0.45371732901651485,1.0,0.005454042158058286,0.9999999999999541,0.000849988472839121,0.0007982210227401261,0.0007982210227401261,0.0007982210227337874,,0.0,0.0,0.020163910573049823,0.0,,,,,0.4782608695652174,,0.0,1.0,0.8604651162790697,0.0,0.0,0.9302325581395349,0.5744527218307418,0.17892707859001003,351,1.7120818273720073,0.8310604492413182,1192,594.6768029778865,0.7221136434682773,771.5,542.3097861309137,0.6807998123883443,548,1009.0473684210526,935.5,610.6543869996938,760,0.4758535102197843,0.8532293215616218,0.41093374637766444,5,412.25
db38,1.0,antireflect,1.844542847970759e-26,314.58851126083795,6775333.499967182,0.525,121.54463538533685,206,smoothed,9.233040437923315e-14,-2.0016621693486095e-10,6.694932447658103,141622.6044223718,0.9962177855783368,0.00014966566451320268,0.9999999999999997,362.3999999999999,,,,[],[],11,426.6,32.20000000000002,728.4000000000005,"[9, 31, 53, 64, 80, 102, 131, 148, 158, 175, 192]","[311.00000000000006, 417.79999999999995, 589.6000000000005, 432.19999999999993, 728.4000000000005, 370.99999999999966, 586.9999999999999, 32.20000000000002, 448.2000000000003, 368.0, 407.20000000000016]","[1, 1, 1, 60, 1, 94, 120, 144, 144, 165, 186]","[20, 40, 75, 75, 203, 120, 203, 149, 203, 186, 203]",30736475.839999992,728.4000000000005,-728.4000000000005,0.0,,,,DWT,mdp.39015067403892,3.725290298461914e-09,,0.0,33.0,11.0,0.0,33.0,,5.684341886080801e-13,168.4000000000001,987.7999999999984,168.4000000000001,,0.0,168.4000000000001,,,28.00000000000003,0.0,33.0,5.684341886080801e-13,5.684341886080801e-13,,5.684341886080802e-14,1.5400004483967275e-13,4.919449596226163e-26,0.9600260720621583,0.8086077707870645,0.8405680436554801,0.0819339520828841,0.9385150246336935,,0.9999996647345563,4.4059791007223055e-09,4.4059791007223055e-09,3.6787861342541454e-09,,6.125805465799743e-13,0.9999999955939887,3.7929866394817307e-13,,,,,,7.946695712486874e-14,1.0,1.0,8.738507799082175e-13,8.738507799082175e-13,0.9999999009654696,0.37592186795689714,149,1.8087831411452446,0.9182610731024918,8,0,0.333333306068509,0.4742677179782874,146,0.0,0.5185215518887764,0.9148123540091957,9,80.26207074328447,0.9158678503739156,78.0,16.021030128523137,0.9170534220423037,30,db,0.573477938514061,0.8443824841957417,0.34525069778143475,3,23.25,9.831322328164818e-14,0.9999999999705134,1.2256329100402045e-26,0.9469801176307002,0.9165480607856029,0.002201962587788247,0.06723684210526354,0.009141053132129873,0.9999999997236122,2.0315811923854454e-05,4.745454029730922e-11,4.745454029730922e-11,3.962224992548613e-11,,6.125805465799743e-13,0.0031261328403480726,3.7929866394817307e-13,,,,,0.0,,3.687271056968986e-14,1.0,1.0,7.119213119032428e-13,7.119213119032428e-13,1.0,0.40156916120490976,0.11457677215665783,1039,1.7581142402407015,0.8127501112424549,176,610.2331521639906,0.6801713038972796,607.5,301.01069958847734,0.6808875387410926,458,0.49117026184683504,0.8233619396015222,0.4091722348267588,4,344.5,,,,,,,,,,,,,6.601121467353735e-19,0.9999999999715827,1.2256329100402045e-26,0.961541488734398,0.28333783411406377,0.0017763395934415713,0.050865918008388855,0.9999999999999997,0.009141053132129873,0.9999999999999541,9.960751159770467e-05,3.8435400695480126e-14,3.8435400695480126e-14,3.209173378426744e-14,,0.0,4.786380409530668e-19,0.00456704015061846,3.5270643972334666e-18,,,,,0.13043478260869565,,1.1666441752192217e-21,1.0,1.0,2.3854854224057974e-18,2.3854854224057974e-18,1.0,0.4544873153722995,0.14156097535167125,1192,1.8434847685420555,0.8948446595369411,340,602.4549775709385,0.7184789824434867,766.0,529.0861618798956,0.6802675286049209,549,1009.0473684210526,935.5,610.6543869996938,760,0.4758535102197843,0.8532293215616218,0.41093374637766444,5,413.0
coif14,1.0,constant,2.068367253420777e-26,314.09112220881195,4961057.798330945,0.5520833333333334,33.75568440541737,206,smoothed,1.0293384267922711e-13,-2.1288106832884117e-10,6.1955488304007895,46599.0675771605,0.9918277096006394,0.0001496656645132026,0.9999999999999997,362.4000000000001,,,,[],[],11,426.60000000000014,32.200000000000045,728.4,"[9, 31, 53, 64, 80, 102, 131, 148, 158, 175, 192]","[311.00000000000034, 417.79999999999995, 589.6000000000005, 432.20000000000005, 728.4, 371.00000000000017, 587.0000000000001, 32.200000000000045, 448.1999999999998, 367.9999999999997, 407.2000000000004]","[1, 1, 1, 60, 1, 94, 120, 144, 144, 165, 186]","[20, 40, 75, 75, 203, 120, 203, 149, 203, 186, 203]",30736475.840000004,728.4,-728.4,0.0,,,,DWT,mdp.39015067403892,7.450580596923828e-09,,0.0,33.0,11.0,0.0,33.0,,0.0,168.4000000000002,987.7999999999975,168.40000000000012,,0.0,168.4000000000002,,,28.000000000000057,0.0,33.0,0.0,0.0,,1.1368683772161603e-13,1.7729431353600917e-13,5.574494023545403e-26,0.9581362856865374,0.08829481288117041,0.0619627852062352,0.26796891862723987,0.15050065774972957,,0.9999996647593375,4.406097391567225e-09,4.406097391567225e-09,3.678815706965397e-09,,1.2251610931599486e-12,0.9999999955939026,0.0,,,,,,1.5893391424973748e-13,1.0,1.0,0.0,0.0,0.9999999009727477,0.3759218679596331,119,0.8173984010064662,0.41496690000395514,451,0,0.33333330607046957,0.47426771798107686,118,0.0,0.2181233514501557,0.3848286264623656,418,182.93988083520773,0.8082391186213755,276.5,186.1540739319717,0.7592034167530358,206,coif,0.5556920286951962,0.9053407607371553,0.33941335169221604,4,155.5,1.1171085153127565e-13,0.9999999999705127,1.3840258801103074e-26,0.9451446394253565,0.7440360724290737,0.00016231848913258345,0.21990131578947408,0.0014658630632447536,0.9999999997234206,2.0315811924354055e-05,4.745570603148508e-11,4.745570603148508e-11,3.962258299239352e-11,,1.2251610931599486e-12,0.003126132840347795,0.0,,,,,0.0,,7.374542113937972e-14,1.0,1.0,0.0,0.0,1.0,0.4015691612047609,0.11457677215661537,1128,1.72773285053596,0.7987052458423268,469,465.98336880193483,0.7557739157222564,798.5,662.5322479649343,0.6686364337521136,512,0.4784248188775415,0.776734912893196,0.43208215291776214,2,384.5,,,,,,,,,,,,,7.500688875461993e-19,0.9999999999715822,1.3840258801103074e-26,0.9602101059382934,0.23000819955267082,0.0012993849826639405,0.16635942362332598,0.9999999999999997,0.0014658630632447538,0.9999999999999541,9.960751159770499e-05,3.843648489765261e-14,3.843648489765261e-14,3.209195062470194e-14,,0.0,9.572760819061336e-19,0.004567040150618456,0.0,,,,,0.13043478260869565,,2.3332883504384434e-21,1.0,1.0,0.0,0.0,1.0,0.4544873153722995,0.14156097535167125,1169,1.858909970496728,0.9023321960910587,204,682.3580438450184,0.6811411010070008,686.5,347.3794610342316,0.6801733542418181,550,986.6382352941176,846.0,585.0035688138154,340,0.4652856568234462,0.8173890317607586,0.42908333069536003,4,413.5
coif10,1.0,symmetric,1.5751974555453164e-26,315.2740487264156,6051558.230345386,0.5227272727272727,92.54163923535283,206,smoothed,8.336804817146416e-14,-2.1002843908490878e-10,6.598356511178172,30226.778871620838,0.9813355485697581,0.00014966566451320244,0.9999999999999999,362.4,,,,[],[],11,426.6,32.19999999999993,728.4000000000001,"[9, 31, 53, 64, 80, 102, 131, 148, 158, 175, 192]","[311.0000000000001, 417.8000000000001, 589.6000000000001, 432.2000000000003, 728.4000000000001, 370.99999999999994, 587.0000000000002, 32.19999999999993, 448.19999999999993, 367.9999999999998, 407.1999999999997]","[1, 1, 1, 60, 1, 94, 120, 144, 144, 165, 186]","[20, 40, 75, 75, 203, 120, 203, 149, 203, 186, 203]",30736475.840000004,728.4000000000001,-728.4000000000001,0.0,,,,DWT,mdp.39015067403892,7.450580596923828e-09,,0.0,33.0,11.0,0.0,33.0,,1.1368683772161603e-13,168.4000000000001,987.7999999999984,168.40000000000003,,0.0,168.4000000000001,,,27.999999999999943,0.0,33.0,1.1368683772161603e-13,1.1368683772161603e-13,,0.0,1.3431100362969385e-13,4.131183464221183e-26,0.9626307119454635,0.6693062477406106,0.5299563596899086,0.06632262621902181,0.014727993975349254,,0.9999996646602125,4.4059791007223055e-09,4.4059791007223055e-09,3.6787269888316428e-09,,0.0,0.9999999955939887,7.585973278963461e-14,,,,,,1.5893391424973748e-13,1.0,1.0,1.7477015598164352e-13,1.7477015598164352e-13,0.999999900942451,0.3759218679482439,278,1.2096299789603264,0.6140902672466144,122,0,0.33333330606212247,0.4742677179692006,278,0.0,0.32042056279578407,0.5653085937439264,130,87.8179936004006,0.907947595806708,202.0,173.28564691086308,0.8481037769389934,87,coif,0.5556920286951962,0.9053407607371553,0.33941335169221604,4,66.25,8.698913072645328e-14,0.9999999999705116,1.035026275365193e-26,0.9495099060767646,0.883185919430128,0.001388280325436593,0.054425837320574266,0.00014344935555070382,0.9999999997234635,2.0315811922300142e-05,4.745454029730922e-11,4.745454029730922e-11,3.962169481397382e-11,,0.0,0.0031261328403480726,7.585973278963461e-14,,,,,0.0,,7.374542113937972e-14,1.0,1.0,1.4238426238064856e-13,1.4238426238064856e-13,1.0,0.40156916120424174,0.11457677215646724,1193,1.7338207580748561,0.8015195951128238,404,557.907250356186,0.7075957807357516,798.5,603.5967438948028,0.6445473662588611,676,0.4784248188775415,0.776734912893196,0.43208215291776214,2,507.5,,,,,,,,,,,,,5.84077908441458e-19,0.9999999999715811,1.035026275365193e-26,0.9633764965296792,0.2730244012702201,0.0015860664438306239,0.041174155299442905,0.9999999999999999,0.00014344935555070382,0.9999999999999541,9.960751159770347e-05,3.8435400695480126e-14,3.8435400695480126e-14,3.20911916831812e-14,,0.0,0.0,0.00456704015061846,7.054128794466933e-19,,,,,0.13043478260869565,,2.3332883504384434e-21,1.0,1.0,4.770970844811595e-19,4.770970844811595e-19,1.0,0.4544873153722995,0.14156097535167125,1229,1.831858173628286,0.8892010021849935,551,479.4183976444792,0.7759727113810845,890.0,760.8752808988764,0.6800424304568974,551,986.6382352941176,846.0,585.0035688138154,340,0.4652856568234462,0.8173890317607586,0.42908333069536003,4,414.25
db15,1.0,antireflect,6.594141918648618e-27,319.0558158448341,5415915.589379167,0.5341880341880342,112.86652551137824,206,smoothed,5.779195892068194e-14,-1.9963879438478248e-10,6.402266520393261,80202.13374069374,0.9931378035607692,0.00014966566451320265,1.0,362.40000000000003,,,,[],[],11,426.59999999999997,32.200000000000074,728.3999999999999,"[9, 31, 53, 64, 80, 102, 131, 148, 158, 175, 192]","[311.0000000000001, 417.7999999999999, 589.6000000000001, 432.19999999999993, 728.3999999999999, 370.99999999999994, 587.0, 32.200000000000074, 448.19999999999993, 368.0000000000001, 407.19999999999993]","[1, 1, 1, 60, 1, 94, 120, 144, 144, 165, 186]","[20, 40, 75, 75, 203, 120, 203, 149, 203, 186, 203]",30736475.839999992,728.3999999999999,-728.3999999999999,0.0,,,,DWT,mdp.39015067403892,3.725290298461914e-09,,0.0,33.0,11.0,0.0,33.0,,1.1368683772161603e-13,168.40000000000003,987.7999999999993,168.40000000000003,,0.0,168.40000000000003,,,28.000000000000085,0.0,33.0,1.1368683772161603e-13,1.1368683772161603e-13,,5.684341886080802e-14,7.812391804920421e-14,1.4510524825259523e-26,0.9769992066822253,0.3864652485629389,0.2571672227883254,0.14504640621627476,0.42916528955932776,,0.9999996647841187,4.4059199552998455e-09,4.4059199552998455e-09,3.6787269888316428e-09,,6.125805465799743e-13,0.9999999955940747,7.585973278963461e-14,,,,,,7.946695712486874e-14,1.0,1.0,1.7477015598164352e-13,1.7477015598164352e-13,0.9999999009798969,0.37592186796232063,98,1.1377004379952318,0.5775739508503009,146,0,0.33333330607248973,0.4742677179839512,98,0.0,0.31354905340131,0.5531853914163527,143,26.874709300753377,0.9718294451774073,121.25,116.7866662861383,0.9223665045593535,26,db,0.573477938514061,0.8443824841957417,0.34525069778143475,3,20.25,5.467329824205353e-14,0.9999999999705131,3.869573984114189e-27,0.9634654828938831,0.8154466644002855,0.0006736784816642319,0.11902834008097182,0.004180031870943025,0.9999999997236202,2.0315811924853655e-05,4.745387416349445e-11,4.745387416349445e-11,3.962169481397382e-11,,6.125805465799743e-13,0.0031261328403482946,7.585973278963461e-14,,,,,0.0,,3.687271056968986e-14,1.0,1.0,1.4238426238064856e-13,1.4238426238064856e-13,1.0,0.40156916120453007,0.1145767721565495,1161,1.7354228098386888,0.8022601998582201,388,546.5935418572012,0.7135253973494753,774.5,581.6242737249839,0.6538014827418236,610,0.49117026184683504,0.8233619396015222,0.4091722348267588,4,458.5,,,,,,,,,,,,,3.6709719269678533e-19,0.9999999999715825,3.869573984114189e-27,0.9734993162013784,0.2520837712849199,0.0014189624650129135,0.09004714673771647,1.0,0.004180031870943025,0.9999999999999541,9.960751159770543e-05,3.8434858594393884e-14,3.8434858594393884e-14,3.20911916831812e-14,,0.0,4.786380409530668e-19,0.004567040150618464,7.054128794466933e-19,,,,,0.13043478260869565,,1.1666441752192217e-21,1.0,1.0,4.770970844811595e-19,4.770970844811595e-19,1.0,0.4544873153722995,0.14156097535167125,1183,1.8485418280307133,0.8972994032666466,282,637.1032098490793,0.702288219696692,732.5,455.43481228668946,0.6799992500352618,552,1009.0473684210526,935.5,610.6543869996938,760,0.4758535102197843,0.8532293215616218,0.41093374637766444,5,415.25
coif16,1.0,antisymmetric,3.1065556895228165e-26,312.32460730867473,6916642.745843654,0.52,97.96420816297542,206,smoothed,1.1970575555608874e-13,-2.2001254151859994e-10,6.7823203204268605,142807.58928728598,0.996139243430182,0.0001496656645132026,0.9999999999999999,362.3999999999999,,,,[],[],11,426.60000000000036,32.200000000000074,728.4000000000003,"[9, 31, 53, 64, 80, 102, 131, 148, 158, 175, 192]","[311.0, 417.8000000000004, 589.6000000000005, 432.2000000000004, 728.4000000000003, 371.00000000000017, 587.0000000000006, 32.200000000000074, 448.20000000000016, 368.00000000000006, 407.20000000000067]","[1, 1, 1, 60, 1, 94, 120, 144, 144, 165, 186]","[20, 40, 75, 75, 203, 120, 203, 149, 203, 186, 203]",30736475.84000001,728.4000000000003,-728.4000000000003,0.0,,,,DWT,mdp.39015067403892,1.4901161193847656e-08,,0.0,33.0,11.0,0.0,33.0,,3.410605131648481e-13,168.40000000000043,987.7999999999947,168.40000000000032,,0.0,168.40000000000043,,,28.000000000000085,0.0,33.0,3.410605131648481e-13,3.410605131648481e-13,,5.684341886080802e-14,2.141398568448604e-13,8.612855940373019e-26,0.951424566204549,0.9346563934168564,0.9012115951331803,0.04758903518238765,0.9483419067840972,,0.9999996647841187,4.406333973257064e-09,4.406333973257064e-09,3.679022715944157e-09,,6.125805465799743e-13,0.9999999955936445,2.275791983689038e-13,,,,,,3.1786782849947497e-13,1.0,1.0,5.243104679449306e-13,5.243104679449306e-13,0.9999999009803539,0.37592186796249244,84,1.887161110784406,0.9580510495077792,4,0,0.33333330607263834,0.47426771798416256,83,0.0,0.5404604995316122,0.9535185953689227,6,45.33118867475975,0.9524830307392456,44.25,9.078125,0.9530496914702518,12,coif,0.5556920286951962,0.9053407607371553,0.33941335169221604,4,10.0,1.3290245442478804e-13,0.9999999999705127,2.118716762259701e-26,0.9386257995244589,0.9467361870448948,0.0023608251957025184,0.03905263157894773,0.009236766093033272,0.9999999997233131,2.0315811924853655e-05,4.745837056674418e-11,4.745837056674418e-11,3.9624858949594e-11,,6.125805465799743e-13,0.0031261328403469624,2.275791983689038e-13,,,,,0.0,,1.4749084227875944e-13,1.0,1.0,4.2715278714194565e-13,4.2715278714194565e-13,1.0,0.40156916120477815,0.11457677215662028,1116,1.7570397447842854,0.8122533879455591,182,660.4377336282354,0.6538586301738809,649.0,312.96147919876734,0.6568559398248859,582,0.4784248188775415,0.776734912893196,0.43208215291776214,2,437.0,,,,,,,,,,,,,8.923573204940717e-19,0.9999999999715822,2.118716762259701e-26,0.9554815990732444,0.29267006520616634,0.001813488355509822,0.029544040048708142,0.9999999999999999,0.009236766093033272,0.9999999999999541,9.960751159770543e-05,3.8438544881780334e-14,3.8438544881780334e-14,3.209379376839516e-14,,0.0,4.786380409530668e-19,0.004567040150618443,2.11623863834008e-18,,,,,0.13043478260869565,,4.666576700876887e-21,1.0,1.0,1.4312912534434783e-18,1.4312912534434783e-18,1.0,0.4544873153722995,0.14156097535167125,1217,1.8360430586729373,0.8912323843243446,479,521.8448045156721,0.756147287609499,848.0,687.432783018868,0.6799428026832541,553,986.6382352941176,846.0,585.0035688138154,340,0.4652856568234462,0.8173890317607586,0.42908333069536003,4,415.75
coif5,1.0,antisymmetric,1.1263895953229278e-26,318.9549061669951,6545516.612963494,0.6196581196581197,285.7632695380019,206,raw,6.764384090619064e-14,-2.0899215691372596e-10,6.531882495370052,114033.53155970137,0.8665130334088185,5.618943883690064e-06,0.9999999999999999,327.0000000000001,,,,[],[],13,661.1538461538463,87.00000000000009,940.0000000000002,"[8, 32, 51, 63, 81, 100, 111, 133, 152, 162, 175, 192, 204]","[878.0000000000001, 637.9999999999998, 787.0000000000002, 792.0000000000003, 940.0000000000002, 788.0000000000001, 637.0000000000003, 675.0, 771.0000000000001, 195.99999999999994, 834.0, 571.9999999999999, 87.00000000000009]","[0, 13, 42, 42, 76, 99, 107, 107, 107, 161, 99, 187, 203]","[76, 42, 61, 76, 205, 164, 119, 142, 164, 164, 205, 205, 205]",37754613.0,941.0000000000002,-941.0000000000002,0.0,,,,DWT,mdp.39015067403892,0.0,,0.0,33.0,19.0,0.0,28.5,,2.2737367544323206e-13,256.3413461538463,4358.999999999998,256.3413461538462,,0.0,256.3413461538463,,,84.00000000000009,0.0,24.0,2.2737367544323206e-13,2.2737367544323206e-13,,1.1368683772161603e-13,6.712132204968229e-14,7.174201151767936e-27,0.9630931033378247,0.860222481614359,0.0009110600752581918,0.468864468864469,0.0045577250060243515,0.9999999997234793,0.47422802461169933,6.696054799077647e-09,6.696054799077647e-09,6.082000342865356e-09,,5.718550876340534e-12,0.9999999933039181,2.7225927463116073e-13,,,,,,0.0,1.0,0.5,2.847685247612971e-13,2.847685247612971e-13,0.7922684098808112,0.25901821375026907,308,1.5977915102851123,0.767424673318273,362,0,0.24785233644969062,0.2961384272004035,306,0.0,0.4122061048276852,0.748709196463417,376,36.25833237569906,0.9619933622896236,338.0,335.10007839726444,0.803847834184644,114,coif,0.5507900112560971,0.8749445204262634,0.351963635992853,2,86.0,6.712132204968229e-14,0.0001547883299646835,7.174201151767935e-27,0.9630931033378247,0.8602224816143591,0.0019435979649661795,0.6008097165991905,0.0069126433604514235,0.9999999997234792,0.9919828214562032,0.9855281704452481,0.9855281704452481,0.9855281704451347,,1.2251610931599486e-12,0.9999999999667596,1.5171946557926922e-13,,,,,1.0,,0.0,1.0,0.5,2.847685247612971e-13,2.847685247612971e-13,0.0,2.234570199821732,0.637573462774914,308,1.6520742821646155,0.763729412956839,1101,560.7356774809322,0.7061133765823207,704.5,481.34563520227107,0.6684392878718731,513,0.4784248188775415,0.776734912893196,0.43208215291776214,2,385.25,,,,,,,,,,,,,4.506779303024123e-19,0.036413600438416426,7.174201151767935e-27,0.9732292069006447,0.2659255801468018,0.0017159230736193002,0.4545236930570446,0.9999999999999999,0.0069126433604514235,0.9999999999999541,0.0008499884728391233,0.0007982210227401272,0.0007982210227401272,0.0007982210227337874,,0.0,9.572760819061336e-19,0.020163910573049813,1.4108257588933865e-18,,,,,0.4782608695652174,,0.0,1.0,0.8604651162790697,9.54194168962319e-19,9.54194168962319e-19,0.9302325581395349,0.5744527218307418,0.17892707859001003,309,1.7132568904491023,0.8316308357924309,1188,621.5468606629753,0.7095575417462732,748.5,490.436873747495,0.6798955933030432,554,986.6382352941176,846.0,585.0035688138154,340,0.4652856568234462,0.8173890317607586,0.42908333069536003,4,416.5
rbio4.4,1.0,periodic,8.763948798531537e-21,257.82040042620923,5027804.044654407,0.5280373831775701,95.83254525442383,206,smoothed,7.650707144404342e-11,6.005753450076968e-10,6.211008879902292,34683.604246650946,0.9796284443354597,0.00014966566451344102,0.9999999999999997,362.39999999998673,,,,[],[],11,426.5999999997491,32.19999999993479,728.399999999562,"[9, 31, 53, 64, 80, 102, 131, 148, 158, 175, 192]","[310.99999999972204, 417.7999999997863, 589.5999999997192, 432.19999999956804, 728.399999999562, 370.9999999997033, 586.9999999999089, 32.19999999993479, 448.1999999998187, 367.9999999997578, 407.199999999759]","[1, 1, 1, 60, 1, 94, 120, 144, 144, 165, 186]","[20, 40, 75, 75, 205, 120, 205, 149, 205, 186, 205]",30736475.839994766,728.3999999996884,-728.3999999996884,0.0,,,,DWT,mdp.39015067403892,5.230307579040527e-06,,0.0,15.0,11.0,0.0,33.0,,3.1161562219494954e-10,168.39999999974918,987.8000000027587,168.39999999978892,,0.0,168.39999999974918,,,27.9999999999348,0.0,33.0,4.3792169890366495e-10,3.1161562219494954e-10,,1.3244516594568267e-11,1.6802648251497547e-10,2.5648564724658122e-20,0.7443405800151566,0.1105944510770722,0.09060726207506316,0.10279768664860611,0.051687704619857056,,0.9999996078616024,4.144911205984632e-09,4.144911205984632e-09,3.459060889656095e-09,,1.4273126735313402e-10,0.9999999958550888,2.922116907056725e-10,,,,,,1.1157160780331571e-10,0.0,1.0,4.790449975456849e-10,4.790449975456849e-10,0.8999998842755653,0.3383296711641819,653,0.6089993611429548,0.3091694046461463,908,0,0.24999996808084826,0.35570077216340296,653,0.0,0.15714681208625453,0.2772495078864223,904,146.07874588727822,0.8468776248561025,779.5,758.9695861800417,0.514895835488848,854,rbio,0.7685897546424816,0.816051598246696,0.21717169227625407,5,641.75,9.664966423567502e-11,0.9999999999721676,6.2019496872564155e-21,0.737492936979911,0.7493767439838243,0.00023735591993667075,0.08435809149040846,0.000503433660417274,0.9999999997356809,2.0315810768445353e-05,4.464262293168986e-11,4.464262293168986e-11,3.725580954849761e-11,,1.4273126735313402e-10,0.0031261328411643086,2.922116907056725e-10,,,,,0.0,,5.176928563984456e-11,0.0,1.0,3.902752631853577e-10,3.902752631853577e-10,1.0,0.30156916160124125,0.08604450853393193,1278,1.551247422115075,0.7171186524921083,1455,125.15790027001891,0.9344036162106819,1366.5,1360.7683863885838,0.6091043238286113,830,0.3888041033402703,1.0,0.4278371276618108,3,623.25,,,,,,,,,,,,,6.489423824208371e-16,0.9999999999731771,6.2019496872564155e-21,0.8095878302758384,0.23165919242012678,0.0013169318912773136,0.06381846069417613,0.9999999999999997,0.000503433660417274,0.9999999999999561,9.960751159683058e-05,3.6157925611957076e-14,3.6157925611957076e-14,3.017486434331307e-14,,0.0,1.115226635420646e-16,0.00456704015063123,2.7172504116286626e-15,,,,,0.13043478260869565,,1.6379684220077873e-18,0.7209302325581395,1.0,1.307723108562858e-15,1.307723108562858e-15,1.0,0.42658033862811956,0.13286867808967534,1322,1.727969518054978,0.8387724821274237,1089,164.75588001646557,0.9230112710203432,1205.5,1194.241393612609,0.6798467570054987,555,818.67,599.5,715.6978453131971,300,0.38607403914171184,1.0,0.42974817260080167,3,417.0
coif3,1.0,zero,7.000171690103368e-27,321.0207055496167,5955857.696397867,0.6171171171171171,265.0740429920101,206,raw,5.257067704564867e-14,-2.127904519255735e-10,6.339072376231249,66604.17003489975,0.7835510239745526,5.618943883690066e-06,0.9999999999999999,327.00000000000006,,,,[],[],13,661.1538461538462,87.00000000000003,940.0000000000001,"[8, 32, 51, 63, 81, 100, 111, 133, 152, 162, 175, 192, 204]","[878.0, 638.0000000000002, 787.0000000000002, 791.9999999999999, 940.0000000000001, 788.0, 637.0, 675.0, 771.0000000000001, 196.0, 834.0000000000001, 571.9999999999999, 87.00000000000003]","[0, 13, 39, 39, 76, 99, 107, 107, 107, 161, 99, 187, 203]","[76, 39, 61, 76, 205, 164, 119, 142, 164, 164, 205, 205, 205]",37754613.0,941.0000000000001,-941.0000000000001,0.0,,,,DWT,mdp.39015067403892,0.0,,0.0,33.0,19.0,0.0,28.5,,1.1368683772161603e-13,256.3413461538462,4359.0,256.3413461538462,,0.0,256.3413461538462,,,84.00000000000003,0.0,19.5,1.1368683772161603e-13,1.1368683772161603e-13,,5.684341886080802e-14,4.807611800965162e-14,4.156907536093465e-27,0.9707163707337789,0.7936162577046236,0.0002474682219994081,0.44980694980694996,0.000717701752070643,0.9999999997234221,0.4742280246116333,6.6959667625959335e-09,6.6959667625959335e-09,6.082000342865356e-09,,2.859275438170267e-12,0.9999999933040264,1.3612963731558036e-13,,,,,,0.0,1.0,0.0,1.4238426238064856e-13,1.4238426238064856e-13,0.7422684098792379,0.2426715936826214,809,1.5595715459165702,0.7490674949999763,488,0,0.20618566978273942,0.2463543448302984,812,0.0,0.4018880934928616,0.7299681106689075,496,183.9191398413988,0.8072126416756826,651.25,612.2826598490842,0.5622803250307135,667,coif,0.5507900112560971,0.8749445204262634,0.351963635992853,2,500.75,4.807611800965161e-14,0.0001547883299646835,4.156907536093464e-27,0.9707163707337789,0.7936162577046236,0.0012806919202519712,0.5864864864864867,0.00308170445168711,0.9999999997234219,0.9919828214562021,0.9855281704452468,0.9855281704452468,0.9855281704451347,,6.125805465799743e-13,0.9999999999667601,7.585973278963461e-14,,,,,1.0,,0.0,1.0,0.25,1.4238426238064856e-13,1.4238426238064856e-13,0.0,2.2095701998213304,0.6304403968408473,812,1.6157520100163474,0.7469381658049805,1235,299.10616844190963,0.8432357607746805,1023.5,979.7948216902785,0.6534050921273822,616,0.4784248188775415,0.776734912893196,0.43208215291776214,2,462.5,,,,,,,,,,,,,3.228012306659695e-19,0.03641360043841643,4.156907536093464e-27,0.9787588214891102,0.2453352106631492,0.0015609077477851524,0.4436879038421457,0.9999999999999999,0.00308170445168711,0.9999999999999541,0.0008499884728391225,0.0007982210227401261,0.0007982210227401261,0.0007982210227337874,,0.0,4.786380409530668e-19,0.020163910573049823,7.054128794466933e-19,,,,,0.4782608695652174,,0.0,1.0,0.7906976744186046,4.770970844811595e-19,4.770970844811595e-19,0.9302325581395349,0.5674759776446953,0.17675400427451057,816,1.700335275547973,0.825358563688977,1276,325.2691193458119,0.848005084417845,1046.0,995.4263862332697,0.6796100188444365,556,986.6382352941176,846.0,585.0035688138154,340,0.4652856568234462,0.8173890317607586,0.42908333069536003,4,418.0
db4,1.0,reflect,2.9422826819120937e-27,322.56055478696913,4994789.385334925,0.5377358490566038,96.48076433925753,206,smoothed,3.261253187675607e-14,-2.0791559585120508e-10,6.2240529649816425,32162.543172012458,0.9820597093820418,0.00014966566451320268,0.9999999999999999,362.4,,,,[],[],11,426.59999999999997,32.19999999999999,728.4000000000001,"[9, 31, 53, 64, 80, 102, 131, 148, 158, 175, 192]","[310.99999999999994, 417.8000000000001, 589.6, 432.19999999999993, 728.4000000000001, 371.00000000000006, 587.0000000000001, 32.19999999999999, 448.20000000000016, 368.0, 407.20000000000016]","[1, 1, 1, 60, 1, 94, 120, 144, 144, 165, 186]","[20, 40, 75, 75, 203, 120, 203, 149, 203, 186, 203]",30736475.840000004,728.4000000000001,-728.4000000000001,0.0,,,,DWT,mdp.39015067403892,7.450580596923828e-09,,0.0,33.0,11.0,0.0,33.0,,1.1368683772161603e-13,168.40000000000003,987.7999999999993,168.40000000000006,,0.0,168.40000000000003,,,28.0,0.0,33.0,1.1368683772161603e-13,1.1368683772161603e-13,,0.0,2.2808243775761902e-14,3.8229948502821574e-27,0.9903151569951176,0.12940929237740623,0.07643886014536966,0.1694162875841484,0.0307809649576281,,0.999999664709775,4.4059199552998455e-09,4.4059199552998455e-09,3.6787565615428943e-09,,0.0,0.9999999955940747,7.585973278963461e-14,,,,,,1.5893391424973748e-13,1.0,1.0,1.7477015598164352e-13,1.7477015598164352e-13,0.9999999009573362,0.3759218679538396,260,0.777192071475176,0.3945554385849047,585,0,0.3333333060662525,0.4742677179750768,260,0.0,0.19948008029424188,0.3519368503916352,591,189.386729559738,0.8014814155558302,424.0,360.56315995307,0.6785184855556929,375,db,0.573477938514061,0.8443824841957417,0.34525069778143475,3,282.0,2.2858655337654567e-14,0.9999999999705134,1.2852765764134675e-27,0.9763987630244072,0.7538828210267381,0.00020024019657148518,0.1390268123138035,0.00029980386967776726,0.9999999997234954,2.0315811923354854e-05,4.745387416349445e-11,4.745387416349445e-11,3.9622027880881205e-11,,0.0,0.0031261328403482946,7.585973278963461e-14,,,,,0.0,,7.374542113937972e-14,1.0,1.0,1.4238426238064856e-13,1.4238426238064856e-13,1.0,0.40156916120424185,0.11457677215646726,1191,1.7186114347802506,0.7944885507604836,558,447.59859249108456,0.7654095427195573,874.5,759.9519725557461,0.653538104693112,615,0.49117026184683504,0.8233619396015222,0.4091722348267588,4,462.25,,,,,,,,,,,,,1.534816532583347e-19,0.9999999999715827,1.2852765764134675e-27,0.9828806025674334,0.23305218223082586,0.0013082526734652256,0.10517636186795276,0.9999999999999999,0.00029980386967776726,0.9999999999999541,9.960751159770423e-05,3.8434858594393884e-14,3.8434858594393884e-14,3.2091408523615694e-14,,0.0,0.0,0.004567040150618464,7.054128794466933e-19,,,,,0.13043478260869565,,2.3332883504384434e-21,1.0,1.0,4.770970844811595e-19,4.770970844811595e-19,1.0,0.4544873153722995,0.14156097535167125,1184,1.8490990452791143,0.8975698817037036,276,642.0529573173851,0.699975253590007,730.0,447.6493150684931,0.6794268791314522,557,1009.0473684210526,935.5,610.6543869996938,760,0.4758535102197843,0.8532293215616218,0.41093374637766444,5,419.0
coif6,1.0,symmetric,1.3593746854315225e-26,318.13840068718446,6600343.470903453,0.6125,287.5965234233772,206,raw,7.708612604766284e-14,-2.1521928683654602e-10,6.568806872173768,60478.4695277509,0.7512173223194939,5.618943883690064e-06,0.9999999999999999,327.0,,,,[],[],13,661.1538461538462,86.99999999999986,939.9999999999998,"[8, 32, 51, 63, 81, 100, 111, 133, 152, 162, 175, 192, 204]","[878.0000000000005, 638.0, 786.9999999999999, 792.0000000000002, 939.9999999999998, 788.0000000000002, 637.0, 675.0000000000002, 771.0000000000002, 195.99999999999994, 834.0000000000001, 572.0000000000001, 86.99999999999986]","[0, 13, 39, 39, 76, 99, 107, 107, 107, 161, 99, 187, 203]","[76, 39, 61, 76, 205, 164, 119, 142, 164, 164, 205, 205, 205]",37754613.0,940.9999999999998,-940.9999999999998,0.0,,,,DWT,mdp.39015067403892,0.0,,0.0,33.0,19.0,0.0,28.5,,2.2737367544323206e-13,256.3413461538462,4359.0,256.3413461538462,,0.0,256.3413461538462,,,83.99999999999986,0.0,19.5,2.2737367544323206e-13,2.2737367544323206e-13,,0.0,7.90518131388319e-14,8.822957922958898e-27,0.960080013269534,0.8729780015014934,0.0009727612642788526,0.41517857142857173,0.00022174668040249226,0.9999999997233855,0.4742280246114352,6.6959667625959335e-09,6.6959667625959335e-09,6.082000342865356e-09,,0.0,0.9999999933040264,2.7225927463116073e-13,,,,,,0.0,1.0,0.0,2.847685247612971e-13,2.847685247612971e-13,0.7422684098778739,0.24267159368217547,889,1.579183516477574,0.7584871908764553,434,0,0.20618566978251973,0.2463543448300359,889,0.0,0.40617888673346814,0.737761678793543,459,255.68127946071192,0.7319902731019792,667.75,594.1315704497819,0.5160213420017233,822,coif,0.5507900112560971,0.8749445204262634,0.351963635992853,2,617.0,7.90518131388319e-14,0.0001547883299646835,8.822957922958898e-27,0.9600800132695338,0.8729780015014935,0.00200523538707585,0.5604605263157898,0.0025869226612132397,0.9999999997233854,0.9919828214561991,0.9855281704452468,0.9855281704452468,0.9855281704451347,,0.0,0.9999999999667601,1.5171946557926922e-13,,,,,1.0,,0.0,1.0,0.25,2.847685247612971e-13,2.847685247612971e-13,0.0,2.2095701998211177,0.6304403968407867,889,1.6388050423851732,0.7575952404099129,1153,186.67619023324855,0.9021613258735595,1021.0,1003.9343780607248,0.6835230109451655,447,0.4784248188775415,0.776734912893196,0.43208215291776214,2,335.75,,,,,,,,,,,,,5.307837575918313e-19,0.036413600438416426,8.822957922958898e-27,0.9710436313550692,0.2698687682156541,0.001730336496378217,0.42399878230280097,0.9999999999999999,0.0025869226612132397,0.9999999999999541,0.0008499884728391203,0.0007982210227401261,0.0007982210227401261,0.0007982210227337874,,0.0,0.0,0.020163910573049823,1.4108257588933865e-18,,,,,0.4782608695652174,,0.0,1.0,0.7906976744186046,9.54194168962319e-19,9.54194168962319e-19,0.9302325581395349,0.5674759776446953,0.17675400427451057,847,1.6999840932861698,0.8251880965514875,1282,307.59144981614816,0.8562656776560056,1064.5,1020.0601221230623,0.6794178855569748,558,986.6382352941176,846.0,585.0035688138154,340,0.4652856568234462,0.8173890317607586,0.42908333069536003,4,419.5
coif7,1.0,symmetric,1.2550394059879297e-26,316.26082512146286,5665787.084409889,0.524390243902439,91.80457529318704,206,smoothed,8.293689359879419e-14,-2.135721599572099e-10,6.482706456267434,30685.856701656114,0.9815033973881093,0.00014966566451320268,0.9999999999999999,362.4,,,,[],[],11,426.59999999999997,32.20000000000016,728.3999999999999,"[9, 31, 53, 64, 80, 102, 131, 148, 158, 175, 192]","[311.0, 417.8000000000002, 589.6000000000001, 432.1999999999997, 728.3999999999999, 371.00000000000017, 586.9999999999999, 32.20000000000016, 448.2, 367.9999999999999, 407.19999999999993]","[1, 1, 1, 60, 1, 94, 120, 144, 144, 165, 186]","[20, 40, 75, 75, 203, 120, 203, 149, 203, 186, 203]",30736475.84000001,728.3999999999999,-728.3999999999999,0.0,,,,DWT,mdp.39015067403892,1.4901161193847656e-08,,0.0,33.0,11.0,0.0,33.0,,1.1368683772161603e-13,168.40000000000003,987.7999999999993,168.40000000000003,,0.0,168.40000000000003,,,28.00000000000017,0.0,33.0,1.1368683772161603e-13,1.1368683772161603e-13,,0.0,1.333638174263815e-13,3.1942090274866904e-26,0.9663798829003706,0.5024921387951643,0.36440079252198526,0.07774554758282357,0.018535049970065602,,0.9999996648584625,4.4059199552998455e-09,4.4059199552998455e-09,3.6787269888316428e-09,,0.0,0.9999999955940747,7.585973278963461e-14,,,,,,3.1786782849947497e-13,1.0,1.0,1.7477015598164352e-13,1.7477015598164352e-13,0.999999901002013,0.3759218679706346,69,1.0517866344199926,0.533958273729734,179,0,0.3333333060786539,0.47426771799272155,69,0.0,0.27565048739579184,0.4863220638366387,194,68.11448695639814,0.9286011667123709,127.75,100.68785258800912,0.8973456567314475,47,coif,0.5556920286951962,0.9053407607371553,0.33941335169221604,4,36.25,8.644435944384371e-14,0.9999999999705134,8.084612398888905e-27,0.9531513343697263,0.843234627003342,0.0009545888856353832,0.06379974326059085,0.00018052974340946855,0.9999999997234101,2.0315811926352456e-05,4.745387416349445e-11,4.745387416349445e-11,3.962169481397382e-11,,0.0,0.0031261328403482946,7.585973278963461e-14,,,,,0.0,,1.4749084227875944e-13,1.0,1.0,1.4238426238064856e-13,1.4238426238064856e-13,1.0,0.40156916120427955,0.11457677215647802,1181,1.7195775176484687,0.7949351565274139,549,446.89148570989806,0.765780143757915,865.0,749.5595375722543,0.6562129230319973,586,0.4784248188775415,0.776734912893196,0.43208215291776214,2,440.0,,,,,,,,,,,,,5.804201081086077e-19,0.9999999999715827,8.084612398888905e-27,0.9660178436011854,0.2606740258228478,0.0014846511371090676,0.04826568898891559,0.9999999999999999,0.00018052974340946855,0.9999999999999541,9.960751159770662e-05,3.8434858594393884e-14,3.8434858594393884e-14,3.20911916831812e-14,,0.0,0.0,0.004567040150618464,7.054128794466933e-19,,,,,0.13043478260869565,,4.666576700876887e-21,1.0,1.0,4.770970844811595e-19,4.770970844811595e-19,1.0,0.4544873153722995,0.14156097535167125,1235,1.830068532125076,0.8883322935474387,573,468.10468914549443,0.7812594910535073,904.0,782.804203539823,0.6794147922557257,559,986.6382352941176,846.0,585.0035688138154,340,0.4652856568234462,0.8173890317607586,0.42908333069536003,4,420.25
bior4.4,1.0,periodic,8.765685634955341e-21,257.8195398281401,4934058.120457621,0.5280373831775701,85.62516561141496,206,smoothed,7.651097447081252e-11,6.00739480379657e-10,6.230999953490101,32172.328467499123,0.982166337849337,0.00014966566451344096,0.9999999999999996,362.3999999999867,,,,[],[],11,426.599999999749,32.19999999993473,728.3999999995618,"[9, 31, 53, 64, 80, 102, 131, 148, 158, 175, 192]","[310.99999999972215, 417.79999999978634, 589.5999999997193, 432.1999999995678, 728.3999999995618, 370.99999999970333, 586.9999999999089, 32.19999999993473, 448.19999999981854, 367.99999999975773, 407.1999999997589]","[1, 1, 1, 60, 1, 94, 120, 144, 144, 165, 186]","[20, 40, 75, 75, 205, 120, 205, 149, 205, 186, 205]",30736475.839994766,728.3999999996881,-728.3999999996881,0.0,,,,DWT,mdp.39015067403892,5.230307579040527e-06,,0.0,15.0,11.0,0.0,33.0,,3.1184299587039277e-10,168.39999999974907,987.8000000027596,168.39999999978892,,0.0,168.39999999974907,,,27.999999999934744,0.0,33.0,4.381490725791082e-10,3.1184299587039277e-10,,1.3301360013429075e-11,1.6803505691808097e-10,2.5653647749533317e-20,0.7443373102477595,0.13942965681897238,0.050375741875584634,0.10279768664860611,0.03086211278356366,,0.9999996078120399,4.1447929151397124e-09,4.1447929151397124e-09,3.459060889656095e-09,,1.4334384789971398e-10,0.9999999958551749,2.9236341017125177e-10,,,,,,1.1157160780331571e-10,0.0,1.0,4.793945378576481e-10,4.793945378576481e-10,0.8999998842611906,0.3383296711587781,656,0.5949690053192126,0.30204664387861613,928,0,0.24999996807682742,0.3557007721576821,656,0.0,0.1525432155060745,0.26912751756782793,923,155.6092863552815,0.8368875405080907,790.75,767.7852196393728,0.5040045668997477,899,bior,0.8100315533562081,0.7923003667562746,0.1952878026237719,6,675.75,9.665459577771085e-11,0.9999999999721674,6.203178787716391e-21,0.737489761178206,0.7562826570631426,0.00013196492512339633,0.08435809149040846,0.0003005942423078946,0.9999999997356834,2.0315810767446152e-05,4.464134617521154e-11,4.464134617521154e-11,3.725580954849761e-11,,1.4334384789971398e-10,0.003126132841164586,2.9236341017125177e-10,,,,,0.0,,5.176928563984456e-11,0.0,1.0,3.90560031710119e-10,3.90560031710119e-10,1.0,0.30156916160173636,0.0860445085340732,1276,1.554564641909063,0.7186521539534299,1448,121.62236636408618,0.9362566214024706,1362.0,1356.5697503671072,0.6112100717075246,824,0.5943810304597339,0.7715092316736338,0.3524805091760961,5,619.25,,,,,,,,,,,,,6.489754946583503e-16,0.9999999999731767,6.203178787716391e-21,0.8095855266757512,0.23379405750597607,0.0012922870422353834,0.06381846069417613,0.9999999999999997,0.0003005942423078946,0.9999999999999561,9.960751159682982e-05,3.615694983000184e-14,3.615694983000184e-14,3.017486434331307e-14,,0.0,1.1200130158301764e-16,0.0045670401506312346,2.718661237387556e-15,,,,,0.13043478260869565,,1.6379684220077873e-18,0.7209302325581395,1.0,1.3086773027318203e-15,1.3086773027318203e-15,1.0,0.42658033862811956,0.13286867808967534,1324,1.7289421102460856,0.8392445874265677,1083,170.41273426595797,0.9203678811841318,1203.5,1191.4349813045285,0.6789923518070191,560,1104.4,1082.5,563.6960149978129,300,0.520820561188399,0.7876173146100969,0.3991404127850916,6,421.5
bior2.6,1.0,antireflect,5.364477407910341e-27,322.17651826221754,6409760.85347509,0.6146788990825688,259.4682371623259,206,raw,4.7187754587779136e-14,-2.1514801051836504e-10,6.288648369368159,87991.09967748281,0.8721053711060492,5.618943883690064e-06,0.9999999999999999,327.00000000000017,,,,[],[],13,661.1538461538462,87.00000000000003,940.0000000000001,"[8, 32, 51, 63, 81, 100, 111, 133, 152, 162, 175, 192, 204]","[878.0000000000001, 638.0000000000002, 787.0, 792.0000000000001, 940.0000000000001, 788.0000000000001, 637.0000000000001, 675.0, 771.0000000000001, 196.00000000000006, 834.0, 572.0, 87.00000000000003]","[0, 13, 39, 39, 76, 99, 107, 107, 107, 161, 99, 187, 203]","[76, 39, 61, 76, 205, 164, 119, 142, 164, 164, 205, 205, 205]",37754613.0,941.0000000000001,-941.0000000000001,0.0,,,,DWT,mdp.39015067403892,0.0,,0.0,33.0,19.0,0.0,28.5,,1.1368683772161603e-13,256.3413461538462,4359.0,256.3413461538462,,0.0,256.3413461538462,,,84.00000000000003,0.0,19.5,1.1368683772161603e-13,1.1368683772161603e-13,,1.7053025658242404e-13,4.127470209655595e-14,2.9993819527580317e-27,0.9749815813064617,0.7761972928362333,0.000758282912904475,0.4315203145478373,0.002449251672160661,0.9999999997233865,0.4742280246116333,6.6959667625959335e-09,6.6959667625959335e-09,6.082000342865356e-09,,8.5778263145108e-12,0.9999999933040264,1.3612963731558036e-13,,,,,,0.0,1.0,0.0,1.4238426238064856e-13,1.4238426238064856e-13,0.7422684098820972,0.2426715936835562,712,1.5470545630358121,0.7430555457335278,515,0,0.20618566978321595,0.24635434483086777,712,0.0,0.3982383403748782,0.723338893652829,530,109.57911905711477,0.8851371917640306,617.25,602.633920957564,0.6190623065738392,489,bior,0.672619891330026,0.76736776154697,0.2989557476048908,5,368.0,4.1274702096555946e-14,0.0001547883299646835,2.9993819527580317e-27,0.9749815813064617,0.7761972928362334,0.0017909786946704253,0.5727426364075325,0.004809158043149281,0.9999999997233864,0.9919828214562021,0.9855281704452468,0.9855281704452468,0.9855281704451347,,1.837741639739923e-12,0.9999999999667601,7.585973278963461e-14,,,,,1.0,,0.0,1.0,0.25,1.4238426238064856e-13,1.4238426238064856e-13,0.0,2.209570199821943,0.630440396841022,715,1.6050502387179582,0.7419908958186647,1273,394.5655839020935,0.7932046205963871,994.0,915.689134808853,0.6361201300046925,724,0.5943810304597339,0.7715092316736338,0.3524805091760961,5,544.25,,,,,,,,,,,,,2.7713395306719116e-19,0.036413600438416426,2.9993819527580317e-27,0.9818526353855113,0.239950384717319,0.0016802342665823001,0.43329042636779913,0.9999999999999999,0.004809158043149281,0.9999999999999541,0.0008499884728391225,0.0007982210227401261,0.0007982210227401261,0.0007982210227337874,,0.0,1.4359141228592004e-18,0.020163910573049823,7.054128794466933e-19,,,,,0.4782608695652174,,0.0,1.0,0.7906976744186046,4.770970844811595e-19,4.770970844811595e-19,0.9302325581395349,0.5674759776446953,0.17675400427451057,971,1.6960908046191432,0.8232982580070228,1306,236.88077169749343,0.8893080506086479,1138.5,1113.856829161177,0.6786493524071278,561,1104.4,1082.5,563.6960149978129,300,0.520820561188399,0.7876173146100969,0.3991404127850916,6,422.25
db12,1.0,reflect,8.168528302641867e-27,320.3503542870827,6340671.21601753,0.6228070175438597,298.854777546538,206,raw,6.082297556655179e-14,-2.140229105052101e-10,6.476994349082407,59758.487957939346,0.7634389306508005,5.618943883690066e-06,1.0,327.0000000000001,,,,[],[],13,661.1538461538462,87.00000000000003,940.0000000000001,"[8, 32, 51, 63, 81, 100, 111, 133, 152, 162, 175, 192, 204]","[878.0, 638.0, 787.0, 792.0000000000002, 940.0000000000001, 787.9999999999999, 636.9999999999999, 674.9999999999998, 771.0, 196.0000000000001, 834.0000000000002, 572.0000000000001, 87.00000000000003]","[0, 13, 42, 42, 76, 99, 107, 107, 107, 161, 164, 187, 203]","[76, 42, 61, 76, 205, 164, 119, 142, 164, 164, 205, 205, 205]",37754613.0,941.0000000000001,-941.0000000000001,0.0,,,,DWT,mdp.39015067403892,0.0,,0.0,33.0,19.0,0.0,28.5,,1.1368683772161603e-13,256.3413461538462,4359.0,256.34134615384613,,0.0,256.3413461538462,,,84.00000000000003,0.0,28.5,1.1368683772161603e-13,1.1368683772161603e-13,,1.1368683772161603e-13,5.850304035879884e-14,4.98371403911506e-27,0.9682426228149337,0.8412613805167899,0.000680530640746072,0.49248120300751913,0.00016345481473930504,0.9999999997234035,0.4742280246116333,6.6959667625959335e-09,6.6959667625959335e-09,6.0819563246244724e-09,,5.718550876340534e-12,0.9999999933040264,1.3612963731558036e-13,,,,,,0.0,1.0,1.0,1.4238426238064856e-13,1.4238426238064856e-13,0.8422684098806543,0.27536483381735105,135,1.5989743922860105,0.7679928155491398,357,0,0.28951900311630746,0.34592250957010917,137,0.0,0.4128536489397737,0.7498853610717483,365,129.94742526627195,0.8637867659682684,248.5,197.5550199963727,0.8016522928373837,120,db,0.540986235965534,0.9305070477545101,0.3421575204977732,3,90.75,5.850304035879883e-14,0.0001547883299646835,4.98371403911506e-27,0.9682426228149337,0.8412613805167899,0.0017133067778876113,0.6185595567867039,0.002528768696649707,0.9999999997234034,0.9919828214562021,0.9855281704452468,0.9855281704452468,0.9855281704451341,,1.2251610931599486e-12,0.9999999999667601,7.585973278963461e-14,,,,,1.0,,0.0,1.0,0.75,1.4238426238064856e-13,1.4238426238064856e-13,0.0,2.2595701998216366,0.6447065287088388,139,1.6509146839180087,0.7631933479035253,1107,684.479364188578,0.641258194869718,623.0,246.9871589085072,0.6573691393635802,579,0.49117026184683504,0.8233619396015222,0.4091722348267588,4,435.25,,,,,,,,,,,,,3.9281152903672217e-19,0.03641360043841643,4.98371403911506e-27,0.9769644632605778,0.2600640246569585,0.0016620713042978916,0.46795177634249363,1.0,0.0025287686966497065,0.9999999999999541,0.0008499884728391225,0.0007982210227401261,0.0007982210227401261,0.0007982210227337869,,0.0,9.572760819061336e-19,0.020163910573049823,7.054128794466933e-19,,,,,0.4782608695652174,,0.0,1.0,0.9302325581395349,4.770970844811595e-19,4.770970844811595e-19,0.9302325581395349,0.5814294660167882,0.18110015290550946,143,1.716158024084139,0.8330390730527629,1164,721.956023591465,0.662637372153521,653.5,254.70849273144609,0.6786317701889101,562,1009.0473684210526,935.5,610.6543869996938,760,0.4758535102197843,0.8532293215616218,0.41093374637766444,5,422.75
db14,1.0,symmetric,7.751423843139062e-27,318.3535838974957,5322733.577209008,0.5301724137931034,100.23334046489305,206,smoothed,5.3790844486304655e-14,-2.0756609764305313e-10,6.373121886872055,31617.10195545875,0.9817670533511879,0.00014966566451320268,0.9999999999999999,362.4,,,,[],[],11,426.60000000000014,32.20000000000002,728.4000000000002,"[9, 31, 53, 64, 80, 102, 131, 148, 158, 175, 192]","[311.0, 417.8000000000002, 589.6000000000003, 432.1999999999999, 728.4000000000002, 371.0000000000003, 587.0, 32.20000000000002, 448.2000000000001, 368.0, 407.20000000000005]","[1, 1, 1, 60, 1, 94, 120, 144, 144, 165, 186]","[20, 40, 75, 75, 203, 120, 203, 149, 203, 186, 203]",30736475.839999996,728.4000000000002,-728.4000000000002,0.0,,,,DWT,mdp.39015067403892,0.0,,0.0,33.0,11.0,0.0,33.0,,2.2737367544323206e-13,168.4000000000002,987.7999999999975,168.4000000000001,,0.0,168.4000000000002,,,28.00000000000003,0.0,33.0,2.2737367544323206e-13,2.2737367544323206e-13,,0.0,6.933403008246539e-14,1.7897425703877228e-26,0.974331137569726,0.34442691079358834,0.21717770818305604,0.1174631764627077,0.026257711780521706,,0.9999996647345563,4.406097391567225e-09,4.406097391567225e-09,3.6787861342541454e-09,,0.0,0.9999999955939026,1.5171946557926922e-13,,,,,,0.0,1.0,1.0,3.4954031196328703e-13,3.4954031196328703e-13,0.999999900964828,0.37592186795665594,178,0.9228893473274704,0.4685212633589728,250,0,0.3333333060683576,0.47426771797807193,167,0.0,0.23995094925566707,0.4233384165725152,265,49.658836071740545,0.9479467127130602,215.0,206.40275392675093,0.8612899182013938,70,db,0.573477938514061,0.8443824841957417,0.34525069778143475,3,53.25,4.961782073943668e-14,0.9999999999705134,4.688543304550605e-27,0.9608740880306759,0.8053786555491362,0.0005689214477402708,0.09639292196007268,0.000255747784759848,0.9999999997235007,2.0315811923854454e-05,4.745570603148508e-11,4.745570603148508e-11,3.962224992548613e-11,,0.0,0.003126132840347795,1.5171946557926922e-13,,,,,0.0,,0.0,1.0,1.0,2.847685247612971e-13,2.847685247612971e-13,1.0,0.401569161204301,0.11457677215648414,1178,1.7181577090953462,0.7942788001126365,563,434.8706704297267,0.7720803614099965,870.5,761.8770821367029,0.6579217320676817,574,0.49117026184683504,0.8233619396015222,0.4091722348267588,4,431.5,,,,,,,,,,,,,3.331528056079355e-19,0.9999999999715827,4.688543304550605e-27,0.9716196215644475,0.24897138913740785,0.001394465862701582,0.07292303313909282,0.9999999999999999,0.000255747784759848,0.9999999999999541,9.960751159770467e-05,3.843648489765261e-14,3.843648489765261e-14,3.209173378426744e-14,,0.0,0.0,0.004567040150618456,1.4108257588933865e-18,,,,,0.13043478260869565,,0.0,1.0,1.0,9.54194168962319e-19,9.54194168962319e-19,1.0,0.4544873153722995,0.14156097535167125,1220,1.8374262127997205,0.8919037802071799,464,534.5727265770299,0.7501996604780234,842.0,672.3040380047505,0.6783708582763949,563,1009.0473684210526,935.5,610.6543869996938,760,0.4758535102197843,0.8532293215616218,0.41093374637766444,5,423.5
coif3,1.0,constant,7.387647912597946e-27,320.78673057603845,5955363.125725346,0.6171171171171171,265.0740429920101,206,raw,5.377790984912457e-14,-2.1278256934209865e-10,6.340700760442848,65871.55625557991,0.781140917111079,5.618943883690064e-06,0.9999999999999999,327.00000000000006,,,,[],[],13,661.1538461538462,87.00000000000003,940.0000000000001,"[8, 32, 51, 63, 81, 100, 111, 133, 152, 162, 175, 192, 204]","[878.0000000000001, 638.0000000000002, 787.0000000000002, 791.9999999999999, 940.0000000000001, 788.0, 637.0, 675.0, 771.0000000000001, 196.0, 834.0000000000001, 571.9999999999999, 87.00000000000003]","[0, 13, 39, 39, 76, 99, 107, 107, 107, 161, 99, 187, 203]","[76, 39, 61, 76, 205, 164, 119, 142, 164, 164, 205, 205, 205]",37754613.0,941.0000000000001,-941.0000000000001,0.0,,,,DWT,mdp.39015067403892,0.0,,0.0,33.0,19.0,0.0,28.5,,1.1368683772161603e-13,256.3413461538462,4359.0,256.3413461538462,,0.0,256.3413461538462,,,84.00000000000003,0.0,19.5,1.1368683772161603e-13,1.1368683772161603e-13,,5.684341886080802e-14,4.960147760095842e-14,4.431111368285327e-27,0.9698529501119348,0.7941787827624023,0.0002469116407964011,0.44980694980694996,0.0006583871448671703,0.9999999997234222,0.4742280246116333,6.6959667625959335e-09,6.6959667625959335e-09,6.082000342865356e-09,,2.859275438170267e-12,0.9999999933040264,1.3612963731558036e-13,,,,,,0.0,1.0,0.0,1.4238426238064856e-13,1.4238426238064856e-13,0.7422684098792379,0.2426715936826214,811,1.559310751938871,0.7489422347693073,489,0,0.20618566978273942,0.2463543448302984,813,0.0,0.4018429976488028,0.7298862009815603,497,184.20550118459184,0.8069124725528387,652.5,613.4856289043261,0.5614751042009476,671,coif,0.5507900112560971,0.8749445204262634,0.351963635992853,2,503.75,4.960147760095841e-14,0.0001547883299646835,4.4311113682853266e-27,0.9698529501119348,0.7941787827624024,0.0012801359142642008,0.5864864864864867,0.003022530165083533,0.9999999997234221,0.9919828214562021,0.9855281704452468,0.9855281704452468,0.9855281704451347,,6.125805465799743e-13,0.9999999999667601,7.585973278963461e-14,,,,,1.0,,0.0,1.0,0.25,1.4238426238064856e-13,1.4238426238064856e-13,0.0,2.2095701998213304,0.6304403968408473,813,1.6154912724544954,0.7468176307012029,1236,299.10616844190963,0.8432357607746805,1024.5,980.8374816983894,0.6531430376200447,618,0.4784248188775415,0.776734912893196,0.43208215291776214,2,464.0,,,,,,,,,,,,,3.3304307159795006e-19,0.036413600438416426,4.4311113682853266e-27,0.9781325305539312,0.2455091073067898,0.001560777730190582,0.4436879038421457,0.9999999999999999,0.003022530165083533,0.9999999999999541,0.0008499884728391225,0.0007982210227401261,0.0007982210227401261,0.0007982210227337874,,0.0,4.786380409530668e-19,0.020163910573049823,7.054128794466933e-19,,,,,0.4782608695652174,,0.0,1.0,0.7906976744186046,4.770970844811595e-19,4.770970844811595e-19,0.9302325581395349,0.5674759776446953,0.17675400427451057,805,1.7000227145852473,0.8252068436894154,1280,335.87572106361006,0.8430487284749486,1042.5,988.3932853717026,0.6779495978823341,564,986.6382352941176,846.0,585.0035688138154,340,0.4652856568234462,0.8173890317607586,0.42908333069536003,4,424.0
bior1.5,1.0,smooth,5.239217787314415e-27,320.05473422378657,5001701.640094571,0.5467289719626168,131.77841378304797,206,smoothed,4.7871092203546076e-14,-2.1292883012336056e-10,6.228383495166083,36676.70606565581,0.9567271285079487,0.00014966566451320276,1.0,362.40000000000003,,,,[],[],11,426.6,32.20000000000002,728.4,"[9, 31, 53, 64, 80, 102, 131, 148, 158, 175, 192]","[311.0, 417.80000000000007, 589.6000000000001, 432.1999999999998, 728.4, 371.00000000000017, 587.0000000000001, 32.20000000000002, 448.2, 368.0000000000001, 407.20000000000005]","[1, 1, 1, 60, 1, 94, 120, 144, 144, 165, 186]","[20, 40, 75, 75, 203, 120, 203, 149, 203, 186, 203]",30736475.840000007,728.4,-728.4,0.0,,,,DWT,mdp.39015067403892,1.1175870895385742e-08,,0.0,33.0,11.0,0.0,33.0,,0.0,168.4000000000001,987.7999999999984,168.40000000000003,,0.0,168.4000000000001,,,28.00000000000003,0.0,33.0,0.0,0.0,,5.684341886080802e-14,5.632916351098661e-14,1.0545204332678e-26,0.9807945100472921,0.13565566670499654,0.07940528795937137,0.2311898993607423,0.06821616609563662,,0.9999996647345563,4.4059791007223055e-09,4.4059791007223055e-09,3.6787269888316428e-09,,6.125805465799743e-13,0.9999999955939887,0.0,,,,,,2.3840087137460624e-13,1.0,1.0,0.0,0.0,0.9999999009649922,0.37592186795671767,167,0.8157696095431276,0.4141400149214026,464,0,0.33333330606834005,0.47426771797804695,172,0.0,0.21360879002401367,0.3768637182526216,456,167.76446783114315,0.8241462601350701,314.75,247.67598946689955,0.7471098176985622,238,bior,0.8100315533562081,0.7923003667562746,0.1952878026237719,6,180.0,4.21381110292073e-14,0.999999999970514,2.9107399510238923e-27,0.9671517178562655,0.7553788019659184,0.0002080110880717139,0.18971962616822452,0.0006644194097945228,0.9999999997234199,2.0315811923854454e-05,4.745454029730922e-11,4.745454029730922e-11,3.962169481397382e-11,,6.125805465799743e-13,0.0031261328403480726,0.0,,,,,0.0,,1.1061813170906958e-13,1.0,1.0,0.0,0.0,1.0,0.40156916120447206,0.11457677215653295,1170,1.7342380553524965,0.8017125054488307,398,545.8864350760147,0.713895998387833,784.0,593.954081632653,0.6514972654412959,633,0.5943810304597339,0.7715092316736338,0.3524805091760961,5,476.0,,,,,,,,,,,,,2.8293120703790263e-19,0.9999999999715833,2.9107399510238923e-27,0.9761731642465511,0.23351464352152995,0.0013100698348677124,0.14352641568363664,1.0,0.0006644194097945233,0.9999999999999541,9.960751159770467e-05,3.8435400695480126e-14,3.8435400695480126e-14,3.20911916831812e-14,,0.0,4.786380409530668e-19,0.00456704015061846,0.0,,,,,0.13043478260869565,,3.499932525657665e-21,1.0,1.0,0.0,0.0,1.0,0.4544873153722995,0.14156097535167125,1174,1.8607925892549588,0.9032460367533167,187,697.9143930311224,0.6738717789574195,680.5,322.6127847171198,0.677940562375906,565,1104.4,1082.5,563.6960149978129,300,0.520820561188399,0.7876173146100969,0.3991404127850916,6,425.25
db2,1.0,periodic,3.1821883032241614e-27,324.4445337178546,6008933.362860502,0.6153846153846154,287.21587400421134,206,raw,3.4820043288826276e-14,-2.1427470908719507e-10,6.2861771263947706,63382.349521838856,0.7794322699870428,5.618943883690066e-06,0.9999999999999998,327.0,,,,[],[],13,661.1538461538462,87.0,940.0,"[8, 32, 51, 63, 81, 100, 111, 133, 152, 162, 175, 192, 204]","[878.0, 638.0, 787.0, 792.0000000000001, 940.0, 788.0, 637.0000000000001, 675.0000000000001, 771.0, 195.99999999999994, 833.9999999999999, 572.0, 87.0]","[0, 13, 39, 39, 76, 99, 107, 107, 107, 161, 99, 187, 203]","[76, 39, 61, 76, 205, 164, 119, 142, 164, 164, 205, 205, 205]",37754613.0,941.0,-941.0,0.0,,,,DWT,mdp.39015067403892,0.0,,0.0,33.0,19.0,0.0,28.5,,0.0,256.3413461538462,4359.0,256.34134615384613,,0.0,256.3413461538462,,,84.0,0.0,19.5,0.0,0.0,,0.0,2.5647884304615577e-14,1.4550496796625562e-27,0.9833510717913203,0.7753436023579737,0.0003071986506954099,0.43681318681318704,0.00045685350759766064,0.9999999997233997,0.4742280246116003,6.6959667625959335e-09,6.6959667625959335e-09,6.0819563246244724e-09,,0.0,0.9999999933040264,0.0,,,,,,0.0,1.0,0.0,0.0,0.0,0.7422684098776603,0.24267159368210564,936,1.5527440595968083,0.7457882301992806,503,0,0.20618566978245967,0.24635434482996416,934,0.0,0.39953398910552496,0.7256922409435657,518,245.163040988373,0.7430156803056887,722.75,660.3260638149179,0.4927080497964502,896,db,0.540986235965534,0.9305070477545101,0.3421575204977732,3,672.75,2.564788430461557e-14,0.0001547883299646835,1.4550496796625555e-27,0.9833510717913203,0.7753436023579737,0.001340360618777282,0.5767206477732796,0.002821473296053993,0.9999999997233996,0.9919828214562016,0.9855281704452468,0.9855281704452468,0.9855281704451341,,0.0,0.9999999999667601,0.0,,,,,1.0,,0.0,1.0,0.25,0.0,0.0,0.0,2.209570199820929,0.6304403968407328,927,1.6102159093792578,0.7443789086727318,1251,229.1025971044414,0.8799252635720957,1089.0,1064.900826446281,0.6545852732954818,597,0.49117026184683504,0.8233619396015222,0.4091722348267588,4,448.75,,,,,,,,,,,,,1.722095909625276e-19,0.03641360043841643,1.4550496796625555e-27,0.9879235304859059,0.23968647841336965,0.0015748608001336013,0.43629986574107826,0.9999999999999998,0.002821473296053993,0.9999999999999541,0.0008499884728391221,0.0007982210227401261,0.0007982210227401261,0.0007982210227337869,,0.0,0.0,0.020163910573049823,0.0,,,,,0.4782608695652174,,0.0,1.0,0.7906976744186046,0.0,0.0,0.9302325581395349,0.5674759776446953,0.17675400427451057,821,1.6999574036446545,0.8251751411511596,1283,326.683332908185,0.847344236958792,1052.0,1001.2766159695818,0.6778777259560316,566,1009.0473684210526,935.5,610.6543869996938,760,0.4758535102197843,0.8532293215616218,0.41093374637766444,5,425.75
db2,1.0,zero,3.1804574045389193e-27,324.4468966335371,6009087.898825999,0.6153846153846154,287.21587400421134,206,raw,3.4742435465745683e-14,-2.1426638241451038e-10,6.282919077848096,63654.66286057692,0.7816472772851788,5.618943883690066e-06,0.9999999999999998,327.0,,,,[],[],13,661.1538461538462,87.0,940.0,"[8, 32, 51, 63, 81, 100, 111, 133, 152, 162, 175, 192, 204]","[878.0, 638.0, 787.0, 792.0000000000001, 940.0, 788.0, 637.0000000000001, 675.0000000000001, 771.0, 195.99999999999994, 833.9999999999999, 572.0, 87.0]","[0, 13, 39, 39, 76, 99, 107, 107, 107, 161, 99, 187, 203]","[76, 39, 61, 76, 205, 164, 119, 142, 164, 164, 205, 205, 205]",37754613.0,941.0,-941.0,0.0,,,,DWT,mdp.39015067403892,0.0,,0.0,33.0,19.0,0.0,28.5,,0.0,256.3413461538462,4359.0,256.34134615384613,,0.0,256.3413461538462,,,84.0,0.0,19.5,0.0,0.0,,0.0,2.5549825473745856e-14,1.4538247811395601e-27,0.9833597914851268,0.7742181100239723,0.00030737256277383137,0.43681318681318704,0.0004789008116198566,0.9999999997233998,0.4742280246116003,6.6959667625959335e-09,6.6959667625959335e-09,6.0819563246244724e-09,,0.0,0.9999999933040264,0.0,,,,,,0.0,1.0,0.0,0.0,0.0,0.7422684098776603,0.24267159368210564,934,1.5521954511237392,0.7455247316918004,505,0,0.20618566978245967,0.24635434482996416,938,0.0,0.39939717017751314,0.7254437303357582,522,244.03466283843093,0.7441984666263827,724.75,663.0564651521852,0.4922512249274471,900,db,0.540986235965534,0.9305070477545101,0.3421575204977732,3,675.75,2.554982547374585e-14,0.0001547883299646835,1.4538247811395609e-27,0.9833597914851268,0.7742181100239725,0.001340534351121144,0.5767206477732796,0.0028434684427565615,0.9999999997233997,0.9919828214562016,0.9855281704452468,0.9855281704452468,0.9855281704451341,,0.0,0.9999999999667601,0.0,,,,,1.0,,0.0,1.0,0.25,0.0,0.0,0.0,2.209570199820929,0.6304403968407328,929,1.6096672799533942,0.7441252854344373,1254,229.80970388562795,0.8795546625337379,1091.5,1067.307375171782,0.6537448365079591,611,0.49117026184683504,0.8233619396015222,0.4091722348267588,4,459.25,,,,,,,,,,,,,1.7155118690261453e-19,0.03641360043841643,1.4538247811395609e-27,0.9879298554045496,0.23933854842052824,0.0015749014260655965,0.43629986574107826,0.9999999999999998,0.0028434684427565615,0.9999999999999541,0.0008499884728391221,0.0007982210227401261,0.0007982210227401261,0.0007982210227337869,,0.0,0.0,0.020163910573049823,0.0,,,,,0.4782608695652174,,0.0,1.0,0.7906976744186046,0.0,0.0,0.9302325581395349,0.5674759776446953,0.17675400427451057,844,1.6997960519710669,0.8250968195474875,1287,313.2483040656405,0.8536222878197941,1065.5,1019.4537775692163,0.6778625457790559,567,1009.0473684210526,935.5,610.6543869996938,760,0.4758535102197843,0.8532293215616218,0.41093374637766444,5,426.5
db25,1.0,antireflect,1.0685117131796735e-26,316.9596058692077,5826572.848062632,0.531496062992126,110.85963636355588,206,smoothed,7.041185326273177e-14,-2.0618298179897509e-10,6.536843255739664,106012.53189101182,0.9951483176947149,0.00014966566451320274,0.9999999999999997,362.40000000000003,,,,[],[],11,426.6,32.20000000000002,728.3999999999999,"[9, 31, 53, 64, 80, 102, 131, 148, 158, 175, 192]","[311.0000000000002, 417.79999999999995, 589.6, 432.1999999999997, 728.3999999999999, 371.0, 587.0000000000002, 32.20000000000002, 448.2000000000002, 368.00000000000006, 407.2]","[1, 1, 1, 60, 1, 94, 120, 144, 144, 165, 186]","[20, 40, 75, 75, 203, 120, 203, 149, 203, 186, 203]",30736475.840000004,728.3999999999999,-728.3999999999999,0.0,,,,DWT,mdp.39015067403892,7.450580596923828e-09,,0.0,33.0,11.0,0.0,33.0,,1.1368683772161603e-13,168.4000000000001,987.7999999999984,168.40000000000003,,0.0,168.4000000000001,,,28.00000000000003,0.0,33.0,1.1368683772161603e-13,1.1368683772161603e-13,,5.684341886080802e-14,1.0584805822015723e-13,2.648317146442252e-26,0.9690348394806481,0.5805792782443296,0.4334027865138022,0.12655530081187577,0.6432066232404464,,0.9999996647345563,4.4059791007223055e-09,4.4059791007223055e-09,3.6787269888316428e-09,,6.125805465799743e-13,0.9999999955939887,7.585973278963461e-14,,,,,,1.5893391424973748e-13,1.0,1.0,1.7477015598164352e-13,1.7477015598164352e-13,0.9999999009650604,0.3759218679567433,164,1.3963167056884154,0.7088651189796896,62,0,0.3333333060683688,0.47426771797808787,164,0.0,0.3932541183273155,0.6938066979094245,56,60.67124524847005,0.9364033068674318,111.5,86.61515059324611,0.9097634982974476,36,db,0.573477938514061,0.8443824841957417,0.34525069778143475,3,27.75,7.061875368403568e-14,0.9999999999705138,6.764618933260284e-27,0.9557299935251199,0.8619361754672376,0.0011353473743735598,0.10385412349772122,0.006264775484306806,0.9999999997235215,2.0315811923854454e-05,4.745454029730922e-11,4.745454029730922e-11,3.962169481397382e-11,,6.125805465799743e-13,0.0031261328403480726,7.585973278963461e-14,,,,,0.0,,7.374542113937972e-14,1.0,1.0,1.4238426238064856e-13,1.4238426238064856e-13,1.0,0.4015691612045485,0.11457677215655476,1146,1.7490213170092728,0.8085465878315695,250,633.5676759431466,0.6679414696314745,698.0,410.458452722063,0.651056688694144,634,0.49117026184683504,0.8233619396015222,0.4091722348267588,4,476.5,,,,,,,,,,,,,4.741610084393102e-19,0.9999999999715831,6.764618933260284e-27,0.9678883002628409,0.26645534429707773,0.0015269200774098257,0.07856757047569068,0.9999999999999997,0.006264775484306806,0.9999999999999541,9.960751159770467e-05,3.8435400695480126e-14,3.8435400695480126e-14,3.20911916831812e-14,,0.0,4.786380409530668e-19,0.00456704015061846,7.054128794466933e-19,,,,,0.13043478260869565,,2.3332883504384434e-21,1.0,1.0,4.770970844811595e-19,4.770970844811595e-19,1.0,0.4544873153722995,0.14156097535167125,1190,1.8486570507204039,0.8973553334323233,278,644.8813844421313,0.6986535586719013,734.0,450.70844686648496,0.6778314522331469,568,1009.0473684210526,935.5,610.6543869996938,760,0.4758535102197843,0.8532293215616218,0.41093374637766444,5,427.25
sym16,1.0,reflect,2.775118523140477e-20,252.81458338013496,5549440.461638964,0.5338983050847458,104.30729994610947,206,smoothed,1.341061347731005e-10,1.2037275842652287e-09,6.425353233682369,30817.301483606916,0.980226802275884,0.00014966566451371822,1.0,362.39999999997946,,,,[],[],11,426.5999999995381,32.199999999853475,728.3999999991423,"[9, 31, 53, 64, 80, 102, 131, 148, 158, 175, 192]","[310.99999999947215, 417.79999999958574, 589.5999999994539, 432.1999999992778, 728.3999999991423, 370.99999999947283, 586.9999999998331, 32.199999999853475, 448.19999999967763, 367.99999999957896, 407.19999999957065]","[1, 1, 1, 60, 1, 94, 120, 144, 144, 165, 186]","[20, 40, 75, 75, 205, 120, 205, 149, 205, 186, 205]",30736475.83999092,728.3999999994121,-728.3999999994121,0.0,,,,DWT,mdp.39015067403892,9.074807167053223e-06,,0.0,15.0,11.0,0.0,33.0,,5.878746378584765e-10,168.39999999953818,987.8000000050797,168.39999999961606,,0.0,168.39999999953818,,,27.999999999853486,0.0,33.0,8.576535037718713e-10,5.878746378584765e-10,,2.0520474208751693e-11,2.9456355661150854e-10,8.121660428021884e-20,0.7253214142052352,0.4197656175837232,0.314470072394634,0.1430562618210557,0.01962509965741717,,0.9999995369624646,3.925363397813756e-09,3.925363397813756e-09,3.2791996598249584e-09,,2.2114157731537072e-10,0.9999999960746366,5.722858241650036e-10,,,,,,1.9358150755618026e-10,0.0,1.0,9.037364765810785e-10,9.037364765810785e-10,0.8999998633200347,0.33832966328653885,659,0.8673832381920779,0.44034259551372845,308,0,0.2499999622467924,0.35570076386268923,659,0.0,0.23174835227951843,0.40886681549555776,305,203.51965507046242,0.7866670282280268,482.75,418.3950243897494,0.6403198872796318,480,sym,1.0,1.0,0.0,7,361.75,1.69427080030125e-10,0.9999999999740918,1.963857544743361e-20,0.719020338818408,0.8234219657047113,0.0008237897450641815,0.11739518287243567,0.0001911467307215589,0.9999999997447715,2.0315809328042e-05,4.22780699338432e-11,4.22780699338432e-11,3.5318581392829174e-11,,2.2114157731537072e-10,0.003126132841850593,5.722858241650036e-10,,,,,0.0,,8.98219229477645e-11,0.0,1.0,7.362690207703337e-10,7.362690207703337e-10,1.0,0.3015691619358184,0.08604450862939438,1260,1.5905696127981597,0.7352967174440187,1330,49.49747468305833,0.974057927314959,1295.0,1294.054054054054,0.647668376655383,658,0.7763846615972358,0.5622554397616224,0.28785410495344815,6,495.0,,,,,,,,,,,,,1.1375974643145355e-15,0.9999999999750313,1.963857544743361e-20,0.7961885432017791,0.2545492225740385,0.0014540647945102266,0.0888116330213799,1.0,0.00019114673072155933,0.9999999999999577,9.960751159574107e-05,3.424268247426143e-14,3.424268247426143e-14,2.8605915379509295e-14,,0.0,1.7278833278405712e-16,0.004567040150641969,5.321634762545854e-15,,,,,0.13043478260869565,,2.8419452108340245e-18,0.7209302325581395,1.0,2.4670690238520755e-15,2.4670690238520755e-15,1.0,0.42658033862812483,0.13286867808967698,1316,1.7413158814986751,0.8452509311255549,1009,217.08178182427008,0.8985599150353878,1162.5,1142.2313978494624,0.6776678079849836,569,1409.1368421052632,1454.5,398.32527672708756,380,0.6645304607900322,0.5565550872278735,0.3678621512786154,7,428.5
db10,1.0,antireflect,6.273638455238557e-27,321.4965975981493,6240341.208947395,0.6205357142857143,286.1915650148777,206,raw,5.205329155844472e-14,-2.1133528260719738e-10,6.4432014935270825,93477.07840614069,0.8495934130536117,5.618943883690066e-06,0.9999999999999999,327.0,,,,[],[],13,661.1538461538462,87.00000000000006,940.0000000000002,"[8, 32, 51, 63, 81, 100, 111, 133, 152, 162, 175, 192, 204]","[878.0, 638.0, 787.0000000000001, 792.0, 940.0000000000002, 788.0, 637.0, 675.0000000000001, 771.0000000000001, 196.00000000000006, 833.9999999999998, 572.0, 87.00000000000006]","[0, 13, 42, 42, 76, 99, 107, 107, 107, 161, 99, 187, 203]","[76, 42, 61, 76, 205, 164, 119, 142, 164, 164, 205, 205, 205]",37754613.0,941.0000000000002,-941.0000000000002,0.0,,,,DWT,mdp.39015067403892,0.0,,0.0,33.0,19.0,0.0,28.5,,2.2737367544323206e-13,256.3413461538462,4359.0,256.34134615384613,,0.0,256.3413461538462,,,84.00000000000006,0.0,24.0,2.2737367544323206e-13,2.2737367544323206e-13,,0.0,4.742239247052014e-14,3.6427645109237846e-27,0.9724725201295488,0.829587644129298,0.0005676210018705814,0.47544642857142866,0.0028934129514080263,0.999999999723444,0.47422802461166635,6.6959667625959335e-09,6.6959667625959335e-09,6.0819563246244724e-09,,0.0,0.9999999933040264,2.7225927463116073e-13,,,,,,0.0,1.0,0.5,2.847685247612971e-13,2.847685247612971e-13,0.7922684098779301,0.25901821374932715,495,1.58989708114184,0.7636329522662386,385,0,0.24785233644920202,0.29613842719981975,495,0.0,0.41012095331338067,0.744921838400314,400,59.49439749533845,0.9376368999000645,443.75,437.74180813264906,0.7362450746879777,270,db,0.540986235965534,0.9305070477545101,0.3421575204977732,3,203.25,4.742239247052013e-14,0.0001547883299646835,3.6427645109237846e-27,0.9724725201295488,0.8295876441292981,0.0016005138288037832,0.6057565789473687,0.005252268569806466,0.9999999997234439,0.9919828214562026,0.9855281704452468,0.9855281704452468,0.9855281704451341,,0.0,0.9999999999667601,1.5171946557926922e-13,,,,,1.0,,0.0,1.0,0.5,2.847685247612971e-13,2.847685247612971e-13,0.0,2.2345701998211185,0.6375734627747389,494,1.6435275664520315,0.7597783931725903,1135,453.255446740577,0.7624447344126954,814.5,688.3855125844076,0.6677789709799327,517,0.49117026184683504,0.8233619396015222,0.4091722348267588,4,388.75,,,,,,,,,,,,,3.1841187026654934e-19,0.03641360043841643,3.6427645109237846e-27,0.9800326623258526,0.256455254614703,0.0016356955669012564,0.4582660861665734,0.9999999999999999,0.005252268569806465,0.9999999999999541,0.0008499884728391229,0.0007982210227401261,0.0007982210227401261,0.0007982210227337869,,0.0,0.0,0.020163910573049823,1.4108257588933865e-18,,,,,0.4782608695652174,,0.0,1.0,0.8604651162790697,9.54194168962319e-19,9.54194168962319e-19,0.9302325581395349,0.5744527218307418,0.17892707859001003,248,1.713396494512372,0.8316986009037018,1186,663.2661607529816,0.6900625417042142,717.0,410.22036262203625,0.6775079063661258,570,1009.0473684210526,935.5,610.6543869996938,760,0.4758535102197843,0.8532293215616218,0.41093374637766444,5,428.75
coif16,1.0,periodic,4.0077381334973165e-26,313.4427990996651,7831327.170415807,0.6166666666666667,291.0951452935236,206,raw,1.3419254919779946e-13,-2.2791013520873386e-10,6.903198493573122,60377.42479595183,0.7414294413133055,5.6189438836900605e-06,0.9999999999999998,327.00000000000034,,,,[],[],13,661.1538461538463,87.00000000000006,940.0000000000002,"[8, 32, 51, 63, 81, 100, 111, 133, 152, 162, 175, 192, 204]","[878.0000000000001, 638.0000000000003, 787.0000000000001, 792.0000000000002, 940.0000000000002, 788.0000000000002, 637.0000000000001, 675.0000000000003, 771.0000000000002, 196.00000000000006, 834.0, 572.0000000000001, 87.00000000000006]","[0, 13, 42, 42, 76, 99, 107, 107, 107, 161, 164, 187, 203]","[76, 42, 61, 76, 205, 164, 119, 142, 164, 164, 205, 205, 205]",37754613.000000015,941.0000000000002,-941.0000000000002,0.0,,,,DWT,mdp.39015067403892,1.4901161193847656e-08,,0.0,33.0,19.0,0.0,28.5,,2.2737367544323206e-13,256.3413461538463,4358.999999999998,256.34134615384625,,0.0,256.3413461538463,,,84.00000000000006,0.0,28.5,2.2737367544323206e-13,2.2737367544323206e-13,,3.410605131648481e-13,1.5120676952046956e-13,2.7564531323805655e-26,0.9427521803794395,0.988493532055317,0.0023580888350862067,0.4464285714285716,0.00021356579608687587,0.9999999997231942,0.47422802461166635,6.696054799077647e-09,6.696054799077647e-09,6.082044361106239e-09,,1.71556526290216e-11,0.9999999933039181,2.7225927463116073e-13,,,,,,1.4749084227875944e-13,1.0,1.0,2.847685247612971e-13,2.847685247612971e-13,0.8422684098866067,0.27536483381929705,82,1.6397339734520515,0.7875697804156992,222,0,0.28951900311732354,0.3459225095713232,82,0.0,0.4225307422772308,0.7674623175795073,240,86.33848118500426,0.9094984473951737,156.5,120.98695688294424,0.8727261629009412,24,coif,0.5507900112560971,0.8749445204262634,0.351963635992853,2,18.5,1.5120676952046954e-13,0.0001547883299646835,2.7564531323805655e-26,0.9427521803794395,0.9884935320553172,0.0033891312503050745,0.5839473684210529,0.002578761130420288,0.9999999997231941,0.9919828214562026,0.9855281704452481,0.9855281704452481,0.9855281704451354,,3.675483279479846e-12,0.9999999999667596,1.5171946557926922e-13,,,,,1.0,,1.4749084227875944e-13,1.0,0.75,2.847685247612971e-13,2.847685247612971e-13,0.0,2.2595701998230315,0.6447065287092368,82,1.6962495280893766,0.7841509732956011,773,488.61078579990436,0.7439146824948091,427.5,148.27134502923977,0.7599290393606121,196,0.4784248188775415,0.776734912893196,0.43208215291776214,2,147.5,,,,,,,,,,,,,1.0152594116778373e-18,0.036413600438416405,2.7564531323805655e-26,0.958474711421025,0.3055787561955572,0.0020539495783067326,0.44176701393586815,0.9999999999999998,0.002578761130420288,0.9999999999999541,0.0008499884728391229,0.0007982210227401272,0.0007982210227401272,0.0007982210227337879,,0.0,2.871828245718401e-18,0.020163910573049813,1.4108257588933865e-18,,,,,0.4782608695652174,,4.666576700876887e-21,1.0,0.9302325581395349,9.54194168962319e-19,9.54194168962319e-19,0.9302325581395349,0.5814294660167882,0.18110015290550946,63,1.7175635698975686,0.8337213380686419,1155,772.1606050557099,0.6391772873571449,609.0,119.48275862068967,0.6772989240524042,571,986.6382352941176,846.0,585.0035688138154,340,0.4652856568234462,0.8173890317607586,0.42908333069536003,4,429.25
sym15,1.0,periodization,1.4894388088952188e-21,265.51717208591333,4961153.069007569,0.5242718446601942,92.41899524834879,206,smoothed,3.1351103862972767e-11,8.58810134112962e-11,6.195429855210551,31688.23739843007,0.9840210398462373,0.00014966566451331937,1.0,362.3999999999955,,,,[],[],11,426.5999999998928,32.199999999967275,728.3999999998086,"[9, 31, 53, 64, 80, 102, 131, 148, 158, 175, 192]","[310.99999999987705, 417.799999999904, 589.5999999998747, 432.199999999829, 728.3999999998086, 370.99999999987665, 586.9999999999596, 32.199999999967275, 448.19999999992336, 367.99999999990007, 407.19999999989983]","[1, 1, 1, 60, 1, 94, 120, 144, 144, 165, 186]","[20, 40, 75, 75, 205, 120, 205, 149, 205, 186, 205]",30736475.839997876,728.3999999998648,-728.3999999998648,0.0,,,,DWT,mdp.39015067403892,2.119690179824829e-06,,0.0,15.0,11.0,0.0,33.0,,1.3517365005100146e-10,168.39999999989288,987.800000001178,168.39999999991016,,0.0,168.39999999989288,,,27.999999999967287,0.0,33.0,1.9133494788547978e-10,1.3517365005100146e-10,,4.490630090003833e-12,6.882514684283647e-11,4.358986313364141e-21,0.7735837934705538,0.08812320258352245,0.06200367108136906,0.07693226515562712,0.02684762616296955,,0.9999996361865637,4.294430833963073e-09,4.294430833963073e-09,3.585218075854653e-09,,4.839386317981797e-11,0.9999999957055692,1.2767193028495506e-10,,,,,,4.521669860405031e-11,0.0,1.0,2.0780171546217415e-10,2.0780171546217415e-10,0.8999998925547394,0.3383296742765048,649,0.5807256694628642,0.29481575999292897,936,0,0.24999997039192487,0.35570077545161033,649,0.0,0.14678436550326673,0.25896734754545536,940,166.86221861164378,0.8250920140339164,793.5,767.1844589756026,0.4966655038723041,909,sym,1.0,1.0,0.0,7,683.5,3.959431579235366e-11,0.9999999999713234,1.054024729089005e-21,0.765895766868003,0.7439949724691954,0.0001624255942837883,0.06313234542667362,0.00026149349854367185,0.9999999997279235,2.0315811343873946e-05,4.6253001428908647e-11,4.6253001428908647e-11,3.8614500486033876e-11,,4.839386317981797e-11,0.003126132840696849,1.2767193028495506e-10,,,,,0.0,,2.0980572314153528e-11,0.0,1.0,1.6929488797059114e-10,1.6929488797059114e-10,1.0,0.3015691613693289,0.08604450846776208,1283,1.556973694617073,0.7197658232540982,1445,114.5512985522207,0.9399626317860479,1364.0,1359.189882697947,0.6125389678846382,816,0.7763846615972358,0.5622554397616224,0.28785410495344815,6,613.5,,,,,,,,,,,,,2.6585120417964905e-16,0.9999999999723632,1.054024729089005e-21,0.8301901119938124,0.22999549408297174,0.001299410028354872,0.04776079015018275,1.0,0.00026149349854367185,0.9999999999999549,9.9607511597266e-05,3.7462329245674386e-14,3.7462329245674386e-14,3.127554638882035e-14,,0.0,3.781240523529228e-17,0.0045670401506239175,1.187209876108785e-15,,,,,0.13043478260869565,,6.638205356997372e-19,0.7209302325581395,1.0,5.672684334480985e-16,5.672684334480985e-16,1.0,0.42658033862811606,0.13286867808967423,1327,1.7329704327031321,0.8411999726291435,1064,185.969083452062,0.9130985591345505,1195.5,1181.0355499790883,0.6772268496607332,572,1409.1368421052632,1454.5,398.32527672708756,380,0.6645304607900322,0.5565550872278735,0.3678621512786154,7,430.75
rbio3.3,1.0,reflect,3.1391456014053064e-27,322.27928414416897,4850549.075587479,0.5330188679245284,135.9554592676687,206,smoothed,3.649292303078576e-14,-2.037650492781045e-10,6.301714019003108,30805.795026237505,0.9400962299112159,0.00014966566451320274,0.9999999999999999,362.40000000000003,,,,[],[],11,426.6,32.200000000000045,728.4,"[9, 31, 53, 64, 80, 102, 131, 148, 158, 175, 192]","[311.0, 417.8000000000001, 589.6, 432.19999999999993, 728.4, 371.0000000000001, 587.0000000000001, 32.200000000000045, 448.2, 367.9999999999999, 407.20000000000005]","[1, 1, 1, 60, 1, 94, 120, 144, 144, 165, 186]","[20, 40, 75, 75, 203, 120, 203, 149, 203, 186, 203]",30736475.839999996,728.4,-728.4,0.0,,,,DWT,mdp.39015067403892,0.0,,0.0,33.0,11.0,0.0,33.0,,0.0,168.4000000000001,987.7999999999984,168.40000000000003,,0.0,168.4000000000001,,,28.000000000000057,0.0,33.0,0.0,0.0,,5.684341886080802e-14,3.133291960557324e-14,4.3991338021562975e-27,0.9892464936892793,0.24142791213814885,0.014537428324162195,0.13701542258368044,0.019529678522611338,,0.9999996647593375,4.4059791007223055e-09,4.4059791007223055e-09,3.6787269888316428e-09,,6.125805465799743e-13,0.9999999955939887,0.0,,,,,,0.0,1.0,1.0,0.0,0.0,0.9999999009723074,0.3759218679594676,125,0.7841486068872491,0.39808704805607725,566,0,0.3333333060703853,0.47426771798095696,128,0.0,0.20025099075113054,0.3532969450824493,588,260.25420265578805,0.727196852562067,351.75,207.46925926355954,0.6792430803690839,373,rbio,0.7685897546424816,0.816051598246696,0.21717169227625407,5,281.0,2.7761596881140733e-14,0.9999999999705138,1.4245898137367519e-27,0.9753608106759191,0.780710819351328,3.8082429535684845e-05,0.11243793445878897,0.00019021733732849273,0.999999999723558,2.0315811924354055e-05,4.745454029730922e-11,4.745454029730922e-11,3.962169481397382e-11,,6.125805465799743e-13,0.0031261328403480726,0.0,,,,,0.0,,0.0,1.0,1.0,0.0,0.0,1.0,0.4015691612044169,0.11457677215651721,1173,1.720642197895016,0.7954273423985098,537,449.7199128346442,0.7642977396044841,855.0,736.7263157894737,0.6580922660286571,571,0.3888041033402703,1.0,0.4278371276618108,3,429.0,,,,,,,,,,,,,1.8640185625398653e-19,0.9999999999715831,1.4245898137367519e-27,0.982127713268105,0.2413456774266911,0.0012703333645465247,0.08506138266070706,0.9999999999999999,0.00019021733732849273,0.9999999999999541,9.960751159770499e-05,3.8435400695480126e-14,3.8435400695480126e-14,3.20911916831812e-14,,0.0,4.786380409530668e-19,0.00456704015061846,0.0,,,,,0.13043478260869565,,0.0,1.0,1.0,0.0,0.0,1.0,0.4544873153722995,0.14156097535167125,1201,1.8446852733471526,0.8954273957395512,329,616.5971131946694,0.7118705078529581,765.0,516.5084967320262,0.6771969361694697,573,818.67,599.5,715.6978453131971,300,0.38607403914171184,1.0,0.42974817260080167,3,430.5
db2,1.0,antisymmetric,3.188054977529009e-27,324.4365344472278,6009463.955203634,0.6153846153846154,287.21587400421134,206,raw,3.4983882026440864e-14,-2.1433133046145095e-10,6.287214520629507,64261.51779344932,0.7836981096727298,5.618943883690066e-06,0.9999999999999998,327.0,,,,[],[],13,661.1538461538462,87.00000000000003,940.0,"[8, 32, 51, 63, 81, 100, 111, 133, 152, 162, 175, 192, 204]","[878.0, 638.0, 787.0, 792.0000000000001, 940.0, 788.0, 637.0000000000001, 675.0000000000001, 771.0, 195.99999999999994, 833.9999999999999, 572.0, 87.00000000000003]","[0, 13, 39, 39, 76, 99, 107, 107, 107, 161, 99, 187, 203]","[76, 39, 61, 76, 205, 164, 119, 142, 164, 164, 205, 205, 205]",37754613.0,941.0,-941.0,0.0,,,,DWT,mdp.39015067403892,0.0,,0.0,33.0,19.0,0.0,28.5,,0.0,256.3413461538462,4359.0,256.34134615384613,,0.0,256.3413461538462,,,84.00000000000003,0.0,19.5,0.0,0.0,,0.0,2.5854897392007217e-14,1.4592013268688132e-27,0.9833215526717614,0.7757019700255534,0.0003077957700578281,0.43681318681318704,0.000528033605718043,0.9999999997233988,0.4742280246116333,6.6959667625959335e-09,6.6959667625959335e-09,6.0819563246244724e-09,,0.0,0.9999999933040264,0.0,,,,,,0.0,1.0,0.0,0.0,0.0,0.7422684098776702,0.24267159368210886,925,1.5529343025577917,0.7458796045376997,502,0,0.20618566978246244,0.24635434482996746,924,0.0,0.39958406732621277,0.72578320035424,517,239.67895193362307,0.7487642013274391,717.0,656.857591911298,0.49859593714170697,883,db,0.540986235965534,0.9305070477545101,0.3421575204977732,3,663.0,2.585489739200721e-14,0.0001547883299646835,1.4592013268688132e-27,0.9833215526717614,0.7757019700255534,0.001340957121029109,0.5767206477732796,0.0028924850033758887,0.9999999997233987,0.9919828214562021,0.9855281704452468,0.9855281704452468,0.9855281704451341,,0.0,0.9999999999667601,0.0,,,,,1.0,,0.0,1.0,0.25,0.0,0.0,0.0,2.209570199820929,0.6304403968407328,922,1.610406084675367,0.7444668238886664,1250,231.93102422918759,0.8784428594186648,1086.0,1061.233885819521,0.654630234740779,596,0.49117026184683504,0.8233619396015222,0.4091722348267588,4,448.0,,,,,,,,,,,,,1.735995550890107e-19,0.03641360043841643,1.4592013268688132e-27,0.9879021184921145,0.2397972626952779,0.0015750002874586379,0.43629986574107826,0.9999999999999998,0.0028924850033758887,0.9999999999999541,0.0008499884728391225,0.0007982210227401261,0.0007982210227401261,0.0007982210227337869,,0.0,0.0,0.020163910573049823,0.0,,,,,0.4782608695652174,,0.0,1.0,0.7906976744186046,0.0,0.0,0.9302325581395349,0.5674759776446953,0.17675400427451057,783,1.7000284230159248,0.8252096146147809,1279,350.72496346852756,0.8361098301548937,1031.0,971.345295829292,0.6771670646101571,574,1009.0473684210526,935.5,610.6543869996938,760,0.4758535102197843,0.8532293215616218,0.41093374637766444,5,431.75
db19,1.0,periodization,1.363613886628618e-26,318.12487831552374,5950978.070758699,0.6262135922330098,287.1545856857434,206,raw,8.168750702021408e-14,-2.0145829449092224e-10,6.344270227698318,63117.308605900645,0.7647642721721835,5.618943883690066e-06,1.0,327.00000000000006,,,,[],[],13,661.1538461538462,86.99999999999991,939.9999999999999,"[8, 32, 51, 63, 81, 100, 111, 133, 152, 162, 175, 192, 204]","[877.9999999999999, 637.9999999999999, 787.0000000000002, 791.9999999999999, 939.9999999999999, 788.0, 637.0, 675.0, 770.9999999999997, 196.00000000000006, 834.0, 572.0, 86.99999999999991]","[0, 13, 42, 42, 76, 99, 107, 107, 107, 161, 99, 187, 203]","[76, 42, 61, 76, 205, 164, 119, 142, 164, 164, 205, 205, 205]",37754613.0,940.9999999999999,-940.9999999999999,0.0,,,,DWT,mdp.39015067403892,0.0,,0.0,33.0,19.0,0.0,28.5,,1.1368683772161603e-13,256.3413461538462,4359.0,256.34134615384613,,0.0,256.3413461538462,,,83.99999999999991,0.0,24.0,1.1368683772161603e-13,1.1368683772161603e-13,,5.684341886080802e-14,8.486573782637273e-14,8.8529573176622e-27,0.9600301126567908,0.7954118546380808,0.00024197677647024696,0.5180305131761447,0.00043539500072065546,0.9999999997235929,0.47422802461150126,6.6959667625959335e-09,6.6959667625959335e-09,6.0819563246244724e-09,,2.859275438170267e-12,0.9999999933040264,1.3612963731558036e-13,,,,,,0.0,1.0,0.5,1.4238426238064856e-13,1.4238426238064856e-13,0.7922684098791851,0.25901821374973744,472,1.5812313464615588,0.759470770552749,427,0,0.24785233644939142,0.296138427200046,472,0.0,0.40926873149648557,0.7433739081191678,414,30.20347662107791,0.9683401712567318,446.25,444.7079364910167,0.7502864378296237,246,db,0.540986235965534,0.9305070477545101,0.3421575204977732,3,185.25,8.486573782637272e-14,0.0001547883299646835,8.8529573176622e-27,0.9600301126567908,0.7954118546380808,0.001275206150018924,0.6377618804292289,0.002800065553578875,0.9999999997235928,0.9919828214562001,0.9855281704452468,0.9855281704452468,0.9855281704451341,,6.125805465799743e-13,0.9999999999667601,7.585973278963461e-14,,,,,1.0,,0.0,1.0,0.5,1.4238426238064856e-13,1.4238426238064856e-13,0.0,2.2345701998213294,0.6375734627747991,480,1.6306328127696994,0.7538173399885125,1188,500.63160108007565,0.7376144648427276,834.0,683.7410071942446,0.650253773301867,638,0.49117026184683504,0.8233619396015222,0.4091722348267588,4,479.5,,,,,,,,,,,,,5.698206457981684e-19,0.03641360043841643,8.8529573176622e-27,0.9710074354377721,0.24589029398920145,0.001559624943884196,0.4824786902990126,1.0,0.002800065553578875,0.9999999999999541,0.000849988472839121,0.0007982210227401261,0.0007982210227401261,0.0007982210227337869,,0.0,4.786380409530668e-19,0.020163910573049823,7.054128794466933e-19,,,,,0.4782608695652174,,0.0,1.0,0.8604651162790697,4.770970844811595e-19,4.770970844811595e-19,0.9302325581395349,0.5744527218307418,0.17892707859001003,310,1.7113650032017493,0.8307124961193134,1198,627.9108216936542,0.7065837281805354,754.0,492.54641909814325,0.6771236397912023,575,1009.0473684210526,935.5,610.6543869996938,760,0.4758535102197843,0.8532293215616218,0.41093374637766444,5,432.5
db2,1.0,smooth,3.184133649534124e-27,324.441879585059,6017855.99880666,0.6153846153846154,289.9217559794341,206,raw,3.4845912563186476e-14,-2.1428536722823147e-10,6.2921635660142865,65645.12247224298,0.7888453079592409,5.618943883690066e-06,0.9999999999999998,327.0,,,,[],[],13,661.1538461538462,87.0,940.0,"[8, 32, 51, 63, 81, 100, 111, 133, 152, 162, 175, 192, 204]","[878.0, 638.0, 787.0, 792.0000000000001, 940.0, 788.0, 637.0000000000001, 675.0000000000001, 771.0, 195.99999999999994, 833.9999999999999, 572.0, 87.0]","[0, 13, 39, 39, 76, 99, 107, 107, 107, 161, 99, 187, 203]","[76, 39, 61, 76, 205, 164, 119, 142, 164, 164, 205, 205, 205]",37754613.0,941.0,-941.0,0.0,,,,DWT,mdp.39015067403892,0.0,,0.0,33.0,19.0,0.0,28.5,,0.0,256.3413461538462,4359.0,256.34134615384613,,0.0,256.3413461538462,,,84.0,0.0,19.5,0.0,0.0,,0.0,2.5680570581572155e-14,1.4564263355246833e-27,0.9833412774404383,0.7774116169388503,0.000317240029460528,0.43681318681318704,0.0006400543871504158,0.9999999997233996,0.4742280246116003,6.6959667625959335e-09,6.6959667625959335e-09,6.0819563246244724e-09,,0.0,0.9999999933040264,0.0,,,,,,0.0,1.0,0.0,0.0,0.0,0.7422684098776603,0.24267159368210564,937,1.5538504913179207,0.7463196531018671,497,0,0.20618566978245967,0.24635434482996416,936,0.0,0.399815421916564,0.7262034204999663,515,248.65823265411234,0.7393519573856264,721.25,656.8757221932635,0.49166235185843166,902,db,0.540986235965534,0.9305070477545101,0.3421575204977732,3,677.25,2.5680570581572142e-14,0.0001547883299646835,1.4564263355246826e-27,0.9833412774404383,0.7774116169388503,0.001350391619983781,0.5767206477732796,0.0030042407771821047,0.9999999997233995,0.9919828214562016,0.9855281704452468,0.9855281704452468,0.9855281704451341,,0.0,0.9999999999667601,0.0,,,,,1.0,,0.0,1.0,0.25,0.0,0.0,0.0,2.209570199820929,0.6304403968407328,920,1.6113221625522214,0.7448903130904933,1247,231.22391744800103,0.8788134604570226,1083.5,1058.8278726349793,0.6554706715283016,589,0.49117026184683504,0.8233619396015222,0.4091722348267588,4,442.75,,,,,,,,,,,,,1.7242905898249865e-19,0.03641360043841643,1.4564263355246826e-27,0.9879164260538155,0.24032577579157766,0.0015772064702822852,0.43629986574107826,0.9999999999999998,0.0030042407771821047,0.9999999999999541,0.0008499884728391221,0.0007982210227401261,0.0007982210227401261,0.0007982210227337869,,0.0,0.0,0.020163910573049823,0.0,,,,,0.4782608695652174,,0.0,1.0,0.7906976744186046,0.0,0.0,0.9302325581395349,0.5674759776446953,0.17675400427451057,758,1.7003470695020297,0.8253642885840141,1275,365.57420587344507,0.8291709318348388,1016.5,950.7624200688638,0.6770854659174195,576,1009.0473684210526,935.5,610.6543869996938,760,0.4758535102197843,0.8532293215616218,0.41093374637766444,5,433.25
coif12,1.0,reflect,2.429541474743412e-26,315.61654929543795,7473560.768006294,0.6123188405797102,287.29418148260675,206,raw,1.0903036833678045e-13,-2.0682866530563907e-10,6.788295090981312,58709.54520034037,0.7513871871273063,5.618943883690062e-06,1.0,327.0000000000001,,,,[],[],13,661.1538461538462,86.99999999999989,940.0000000000002,"[8, 32, 51, 63, 81, 100, 111, 133, 152, 162, 175, 192, 204]","[878.0000000000001, 638.0, 786.9999999999997, 792.0000000000002, 940.0000000000002, 787.9999999999999, 637.0, 675.0, 770.9999999999999, 196.00000000000017, 833.9999999999998, 572.0, 86.99999999999989]","[0, 13, 39, 39, 76, 99, 107, 107, 107, 161, 164, 187, 203]","[76, 39, 61, 76, 205, 164, 119, 142, 164, 164, 205, 205, 205]",37754613.0,941.0000000000002,-941.0000000000002,0.0,,,,DWT,mdp.39015067403892,0.0,,0.0,33.0,19.0,0.0,28.5,,2.2737367544323206e-13,256.3413461538462,4359.0,256.3413461538461,,0.0,256.3413461538462,,,83.99999999999989,0.0,24.0,2.2737367544323206e-13,2.2737367544323206e-13,,1.1368683772161603e-13,1.1941391746737506e-13,1.6396166746576153e-26,0.9507738107147893,0.9488001705491662,0.0019554647699886797,0.4138198757763979,7.852926542234657e-05,0.999999999723512,0.47422802461146824,6.6959667625959335e-09,6.6959667625959335e-09,6.081912306383589e-09,,5.718550876340534e-12,0.9999999933040264,2.7225927463116073e-13,,,,,,0.0,1.0,0.5,2.847685247612971e-13,2.847685247612971e-13,0.7922684098807168,0.2590182137502382,344,1.6114014659946199,0.7739615811357274,319,0,0.24785233644965837,0.296138427200365,342,0.0,0.4144284813499245,0.7527458027162539,344,12.203141671990318,0.9872084468847062,337.25,336.9066116073432,0.8168484582431916,93,coif,0.5507900112560971,0.8749445204262634,0.351963635992853,2,70.25,1.1941391746737506e-13,0.0001547883299646835,1.639616674657615e-26,0.9507738107147893,0.9488001705491662,0.002986923288905535,0.5594393592677349,0.002444044055752925,0.9999999997235118,0.9919828214561996,0.9855281704452468,0.9855281704452468,0.9855281704451335,,1.2251610931599486e-12,0.9999999999667601,1.5171946557926922e-13,,,,,1.0,,0.0,1.0,0.5,2.847685247612971e-13,2.847685247612971e-13,0.0,2.23457019982173,0.6375734627749134,339,1.6711576310657348,0.7725513618309576,978,451.8412331782039,0.7631859364894109,658.5,503.48063781321184,0.7090300751629445,309,0.4784248188775415,0.776734912893196,0.43208215291776214,2,232.25,,,,,,,,,,,,,8.017901842527013e-19,0.03641360043841641,1.639616674657615e-26,0.9642932826217635,0.2933081164342123,0.001959896433541221,0.42322625049266765,1.0,0.002444044055752925,0.9999999999999541,0.0008499884728391206,0.0007982210227401261,0.0007982210227401261,0.0007982210227337863,,0.0,9.572760819061336e-19,0.020163910573049823,1.4108257588933865e-18,,,,,0.4782608695652174,,0.0,1.0,0.8604651162790697,9.54194168962319e-19,9.54194168962319e-19,0.9302325581395349,0.5744527218307418,0.17892707859001003,507,1.7074021739578096,0.8287889019317679,1232,512.652416360247,0.7604427960933425,869.5,718.3714778608396,0.6770671924391947,577,986.6382352941176,846.0,585.0035688138154,340,0.4652856568234462,0.8173890317607586,0.42908333069536003,4,433.75
db2,1.0,constant,3.180212321539239e-27,324.447231309598,6009151.850218609,0.6153846153846154,287.21587400421134,206,raw,3.470794309993209e-14,-2.1426083129938726e-10,6.2830462945455166,63506.10082216938,0.7810176859823338,5.618943883690066e-06,0.9999999999999998,327.0,,,,[],[],13,661.1538461538462,87.0,940.0,"[8, 32, 51, 63, 81, 100, 111, 133, 152, 162, 175, 192, 204]","[878.0, 638.0, 787.0, 792.0000000000001, 940.0, 788.0, 637.0000000000001, 675.0000000000001, 771.0, 195.99999999999994, 833.9999999999999, 572.0, 87.0]","[0, 13, 39, 39, 76, 99, 107, 107, 107, 161, 99, 187, 203]","[76, 39, 61, 76, 205, 164, 119, 142, 164, 164, 205, 205, 205]",37754613.0,941.0,-941.0,0.0,,,,DWT,mdp.39015067403892,0.0,,0.0,33.0,19.0,0.0,28.5,,0.0,256.3413461538462,4359.0,256.34134615384613,,0.0,256.3413461538462,,,84.0,0.0,19.5,0.0,0.0,,0.0,2.5506243771137086e-14,1.4536513441805535e-27,0.9833610265155585,0.7742620570111498,0.00030744453255491676,0.43681318681318704,0.0004668727837527426,0.9999999997233999,0.4742280246116003,6.6959667625959335e-09,6.6959667625959335e-09,6.0819563246244724e-09,,0.0,0.9999999933040264,0.0,,,,,,0.0,1.0,0.0,0.0,0.0,0.7422684098776603,0.24267159368210564,933,1.552213390409331,0.7455333479914217,504,0,0.20618566978245967,0.24635434482996416,935,0.0,0.39940132342245355,0.7254512740684822,521,243.45345208752605,0.7448077022143333,723.25,661.721089144347,0.493342006243435,891,db,0.540986235965534,0.9305070477545101,0.3421575204977732,3,669.0,2.5506243771137086e-14,0.0001547883299646835,1.4536513441805527e-27,0.9833610265155585,0.7742620570111498,0.0013406062465229397,0.5767206477732796,0.0028314688696017935,0.9999999997233998,0.9919828214562016,0.9855281704452468,0.9855281704452468,0.9855281704451341,,0.0,0.9999999999667601,0.0,,,,,1.0,,0.0,1.0,0.25,0.0,0.0,0.0,2.209570199820929,0.6304403968407328,923,1.609685230583681,0.744133583744313,1253,233.3452377915607,0.8777016573419494,1088.0,1062.9770220588236,0.6537355246877462,612,0.49117026184683504,0.8233619396015222,0.4091722348267588,4,460.0,,,,,,,,,,,,,1.7125856287598656e-19,0.03641360043841643,1.4536513441805527e-27,0.9879307512464423,0.23935213400833913,0.0015749182382356229,0.43629986574107826,0.9999999999999998,0.0028314688696017935,0.9999999999999541,0.0008499884728391221,0.0007982210227401261,0.0007982210227401261,0.0007982210227337869,,0.0,0.0,0.020163910573049823,0.0,,,,,0.4782608695652174,,0.0,1.0,0.7906976744186046,0.0,0.0,0.9302325581395349,0.5674759776446953,0.17675400427451057,818,1.6997985908469313,0.8250980519414554,1286,330.92597359530424,0.8453616945816336,1052.0,999.9505703422052,0.6768864547674522,578,1009.0473684210526,935.5,610.6543869996938,760,0.4758535102197843,0.8532293215616218,0.41093374637766444,5,434.75
db7,1.0,periodization,8.153325919117407e-27,320.3584444379883,5947767.573474553,0.6262135922330098,308.0000570258156,206,raw,5.977006087763652e-14,-2.0229173891550827e-10,6.347694749938688,63117.308605900645,0.7642812130008102,5.618943883690066e-06,1.0,327.0,,,,[],[],13,661.1538461538462,86.99999999999999,939.9999999999999,"[8, 32, 51, 63, 81, 100, 111, 133, 152, 162, 175, 192, 204]","[877.9999999999999, 638.0000000000002, 786.9999999999998, 791.9999999999998, 939.9999999999999, 787.9999999999999, 637.0, 675.0, 771.0, 196.0, 834.0000000000001, 571.9999999999999, 86.99999999999999]","[0, 13, 42, 42, 76, 99, 107, 107, 107, 161, 164, 187, 203]","[76, 42, 61, 76, 205, 164, 119, 142, 164, 164, 205, 205, 205]",37754613.0,940.9999999999999,-940.9999999999999,0.0,,,,DWT,mdp.39015067403892,0.0,,0.0,33.0,19.0,0.0,28.5,,1.1368683772161603e-13,256.3413461538462,4359.0,256.3413461538461,,0.0,256.3413461538462,,,83.99999999999999,0.0,28.5,1.1368683772161603e-13,1.1368683772161603e-13,,0.0,5.717266438248303e-14,4.972955825890981e-27,0.9682724773032957,0.7965948552821588,0.00023836373886017016,0.5180305131761447,0.00043539500072065546,0.9999999997235803,0.4742280246115838,6.6959667625959335e-09,6.6959667625959335e-09,6.081912306383589e-09,,0.0,0.9999999933040264,1.3612963731558036e-13,,,,,,0.0,1.0,1.0,1.4238426238064856e-13,1.4238426238064856e-13,0.842268409877767,0.2753648338164071,209,1.5867664590526822,0.7621293038749499,403,0,0.28951900311582307,0.3459225095695304,209,0.0,0.41044645052810214,0.7455130541907427,395,109.74515934655159,0.8849631453390444,304.0,274.30302255787876,0.7831524322083063,170,db,0.540986235965534,0.9305070477545101,0.3421575204977732,3,128.25,5.717266438248302e-14,0.0001547883299646835,4.972955825890981e-27,0.9682724773032957,0.7965948552821588,0.001271596846408975,0.6377618804292289,0.002800065553578875,0.9999999997235802,0.9919828214562014,0.9855281704452468,0.9855281704452468,0.9855281704451335,,0.0,0.9999999999667601,7.585973278963461e-14,,,,,1.0,,0.0,1.0,0.75,1.4238426238064856e-13,1.4238426238064856e-13,0.0,2.259570199821024,0.644706528708664,207,1.636167927227823,0.7563761412248666,1166,678.1154031578991,0.6445936042149376,686.5,351.5833940276766,0.642396382820257,691,0.49117026184683504,0.8233619396015222,0.4091722348267588,4,519.25,,,,,,,,,,,,,3.838788818059917e-19,0.03641360043841643,4.972955825890981e-27,0.9769861185175436,0.2462560018604955,0.0015587809368343404,0.4824786902990126,1.0,0.002800065553578875,0.9999999999999541,0.0008499884728391219,0.0007982210227401261,0.0007982210227401261,0.0007982210227337863,,0.0,0.0,0.020163910573049823,7.054128794466933e-19,,,,,0.4782608695652174,,0.0,1.0,0.9302325581395349,4.770970844811595e-19,4.770970844811595e-19,0.9302325581395349,0.5814294660167882,0.18110015290550946,159,1.7151346449817342,0.8325423153143234,1173,717.0062761231592,0.664950338260206,666.0,280.0405405405405,0.676867692494589,579,1009.0473684210526,935.5,610.6543869996938,760,0.4758535102197843,0.8532293215616218,0.41093374637766444,5,435.5
db14,1.0,reflect,8.56299417740467e-27,317.92114225531924,5348097.977576333,0.5301724137931034,104.45517542919087,206,smoothed,5.919536705472265e-14,-2.0783685883429875e-10,6.386943385206267,30649.76934826266,0.9808129147785236,0.0001496656645132027,0.9999999999999999,362.4,,,,[],[],11,426.60000000000014,32.20000000000002,728.4000000000002,"[9, 31, 53, 64, 80, 102, 131, 148, 158, 175, 192]","[311.0000000000001, 417.8000000000002, 589.6000000000003, 432.1999999999999, 728.4000000000002, 371.0000000000003, 587.0, 32.20000000000002, 448.2000000000001, 368.0, 407.20000000000016]","[1, 1, 1, 60, 1, 94, 120, 144, 144, 165, 186]","[20, 40, 75, 75, 203, 120, 203, 149, 203, 186, 203]",30736475.84,728.4000000000002,-728.4000000000002,0.0,,,,DWT,mdp.39015067403892,3.725290298461914e-09,,0.0,33.0,11.0,0.0,33.0,,2.2737367544323206e-13,168.4000000000002,987.7999999999975,168.4000000000001,,0.0,168.4000000000002,,,28.00000000000003,0.0,33.0,2.2737367544323206e-13,2.2737367544323206e-13,,0.0,8.120700914098592e-14,2.0272567162510584e-26,0.9726881132202606,0.3643630961303972,0.228062964203186,0.1174631764627077,0.01823578355796411,,0.9999996647345563,4.406097391567225e-09,4.406097391567225e-09,3.6787861342541454e-09,,0.0,0.9999999955939026,1.5171946557926922e-13,,,,,,7.946695712486874e-14,1.0,1.0,3.4954031196328703e-13,3.4954031196328703e-13,0.9999999009648678,0.3759218679566709,175,0.934105482107241,0.47421533454122256,243,0,0.3333333060683642,0.4742677179780813,166,0.0,0.24297330479637097,0.4286706697387966,252,44.75861183429769,0.9530832161066062,209.0,201.79738503703757,0.8670028239862171,67,db,0.573477938514061,0.8443824841957417,0.34525069778143475,3,51.0,5.644652876694766e-14,0.9999999999705136,5.262864212079259e-27,0.9592782804710506,0.8101532898729388,0.0005974366009104846,0.09639292196007268,0.0001776149150882608,0.9999999997234966,2.0315811923854454e-05,4.745570603148508e-11,4.745570603148508e-11,3.962224992548613e-11,,0.0,0.003126132840347795,1.5171946557926922e-13,,,,,0.0,,3.687271056968986e-14,1.0,1.0,2.847685247612971e-13,2.847685247612971e-13,1.0,0.4015691612043194,0.1145767721564894,1176,1.7195705461501891,0.7949319337072622,550,442.64884502277874,0.7680037499880614,863.0,749.478563151796,0.6578488351617456,576,0.49117026184683504,0.8233619396015222,0.4091722348267588,4,433.0,,,,,,,,,,,,,3.7900333278021246e-19,0.999999999971583,5.262864212079259e-27,0.9704620863103686,0.2504473996226991,0.0014011339053226098,0.07292303313909282,0.9999999999999999,0.0001776149150882608,0.9999999999999541,9.960751159770467e-05,3.843648489765261e-14,3.843648489765261e-14,3.209173378426744e-14,,0.0,0.0,0.004567040150618456,1.4108257588933865e-18,,,,,0.13043478260869565,,1.1666441752192217e-21,1.0,1.0,9.54194168962319e-19,9.54194168962319e-19,1.0,0.4544873153722995,0.14156097535167125,1226,1.8374417777633612,0.8919113355853567,463,539.5224740453358,0.7478866943713385,844.5,672.1586737714624,0.6766302630735197,580,1009.0473684210526,935.5,610.6543869996938,760,0.4758535102197843,0.8532293215616218,0.41093374637766444,5,436.25
coif9,1.0,antireflect,1.7691861127019216e-26,316.994057251557,7044249.8501982875,0.6085271317829457,288.33783576311197,206,raw,8.995123955291873e-14,-2.0993073945874414e-10,6.704484220977084,142562.78893481594,0.8933940644522171,5.618943883690066e-06,1.0,327.0,,,,[],[],13,661.1538461538462,86.99999999999991,939.9999999999999,"[8, 32, 51, 63, 81, 100, 111, 133, 152, 162, 175, 192, 204]","[878.0000000000002, 638.0, 787.0, 792.0000000000002, 939.9999999999999, 787.9999999999999, 637.0000000000002, 674.9999999999998, 770.9999999999998, 195.99999999999983, 834.0000000000001, 572.0, 86.99999999999991]","[0, 13, 39, 39, 76, 99, 107, 107, 107, 161, 99, 187, 203]","[76, 39, 61, 76, 205, 164, 119, 142, 164, 164, 205, 205, 205]",37754613.0,940.9999999999999,-940.9999999999999,0.0,,,,DWT,mdp.39015067403892,0.0,,0.0,33.0,19.0,0.0,28.5,,1.1368683772161603e-13,256.3413461538462,4359.0,256.3413461538462,,0.0,256.3413461538462,,,83.99999999999991,0.0,19.5,1.1368683772161603e-13,1.1368683772161603e-13,,0.0,9.530710724779827e-14,1.1723054943367235e-26,0.9558571269254,0.9198477193059165,0.0014723257559435363,0.3853820598006642,0.0068675391847622036,0.9999999997234652,0.47422802461150126,6.6959667625959335e-09,6.6959667625959335e-09,6.082000342865356e-09,,0.0,0.9999999933040264,1.3612963731558036e-13,,,,,,0.0,1.0,0.0,1.4238426238064856e-13,1.4238426238064856e-13,0.7422684098777687,0.24267159368214106,907,1.5910741381697553,0.7641982967428553,384,0,0.20618566978249014,0.24635434483000057,909,0.0,0.4086783463370309,0.7423015639855843,424,291.44353369620904,0.6945036334421288,656.0,558.2457514366528,0.50343630309423,866,coif,0.5507900112560971,0.8749445204262634,0.351963635992853,2,650.0,9.530710724779826e-14,0.0001547883299646835,1.1723054943367234e-26,0.9558571269254,0.9198477193059166,0.0025042835891036616,0.5380660954712362,0.009216993210476834,0.9999999997234651,0.9919828214562001,0.9855281704452468,0.9855281704452468,0.9855281704451347,,0.0,0.9999999999667601,7.585973278963461e-14,,,,,1.0,,0.0,1.0,0.25,1.4238426238064856e-13,1.4238426238064856e-13,0.0,2.2095701998210235,0.6304403968407598,908,1.6536499494638397,0.7644578205559666,1099,135.0573952066306,0.9292152016736737,1003.5,994.4115595416042,0.7016359027236293,328,0.4784248188775415,0.776734912893196,0.43208215291776214,2,246.5,,,,,,,,,,,,,6.399279472736647e-19,0.03641360043841643,1.1723054943367234e-26,0.9679805177685844,0.28435787674844604,0.0018470349640737987,0.4070569800480156,1.0,0.009216993210476835,0.9999999999999541,0.000849988472839121,0.0007982210227401261,0.0007982210227401261,0.0007982210227337874,,0.0,0.0,0.020163910573049823,7.054128794466933e-19,,,,,0.4782608695652174,,0.0,1.0,0.7906976744186046,4.770970844811595e-19,4.770970844811595e-19,0.9302325581395349,0.5674759776446953,0.17675400427451057,731,1.7013244359523143,0.8258387113529851,1272,382.54476862192223,0.8212407623262046,1001.5,928.4393409885173,0.6766250540602985,581,986.6382352941176,846.0,585.0035688138154,340,0.4652856568234462,0.8173890317607586,0.42908333069536003,4,436.75
db5,1.0,antireflect,2.7402883371130746e-27,322.86943611925807,5043812.371667861,0.5233644859813084,92.33496008906285,206,smoothed,3.0844798128809215e-14,-2.0730290817283559e-10,6.2428425154960365,44137.017023904875,0.986501885845984,0.00014966566451320268,1.0,362.4,,,,[],[],11,426.60000000000014,32.20000000000002,728.4000000000001,"[9, 31, 53, 64, 80, 102, 131, 148, 158, 175, 192]","[311.0000000000001, 417.8, 589.6000000000001, 432.20000000000005, 728.4000000000001, 371.00000000000017, 587.0, 32.20000000000002, 448.2000000000001, 368.0, 407.19999999999993]","[1, 1, 1, 60, 1, 94, 120, 144, 144, 165, 186]","[20, 40, 75, 75, 203, 120, 203, 149, 203, 186, 203]",30736475.839999996,728.4000000000001,-728.4000000000001,0.0,,,,DWT,mdp.39015067403892,0.0,,0.0,33.0,11.0,0.0,33.0,,1.1368683772161603e-13,168.4000000000002,987.7999999999975,168.40000000000006,,0.0,168.4000000000002,,,28.00000000000003,0.0,33.0,1.1368683772161603e-13,1.1368683772161603e-13,,0.0,1.892478034218116e-14,3.231838270888742e-27,0.9914887247105018,0.15651141635792043,0.09747731362258136,0.07069963347057168,0.1300832825143663,,0.9999996647345563,4.406097391567225e-09,4.406097391567225e-09,3.6787565615428943e-09,,0.0,0.9999999955939026,7.585973278963461e-14,,,,,,0.0,1.0,1.0,1.7477015598164352e-13,1.7477015598164352e-13,0.9999999009647114,0.3759218679566121,181,0.8022007662105328,0.407251549214309,498,0,0.33333330606831957,0.4742677179780178,179,0.0,0.20660862438228011,0.36451353148441146,533,194.22903147229732,0.7964056273875291,347.75,266.7438660115664,0.7159439038405151,295,db,0.573477938514061,0.8443824841957417,0.34525069778143475,3,222.0,2.0625093078955324e-14,0.9999999999705134,1.1423320027609504e-27,0.977538605067863,0.7603736681581797,0.00025535279312022003,0.05801770782095417,0.0012669996386363588,0.9999999997235046,2.0315811923854454e-05,4.745570603148508e-11,4.745570603148508e-11,3.9622027880881205e-11,,0.0,0.003126132840347795,7.585973278963461e-14,,,,,0.0,,0.0,1.0,1.0,1.4238426238064856e-13,1.4238426238064856e-13,1.0,0.401569161204206,0.11457677215645704,1208,1.6905515563807663,0.7815168855702237,851,252.43712088359746,0.8676954293062906,1029.5,998.5507527926177,0.664062599349162,536,0.49117026184683504,0.8233619396015222,0.4091722348267588,4,403.0,,,,,,,,,,,,,1.384846718936489e-19,0.9999999999715827,1.1423320027609504e-27,0.9837073985939487,0.23505873556553236,0.0013211403174680063,0.0438914719468107,1.0,0.001266999638636359,0.9999999999999541,9.960751159770467e-05,3.843648489765261e-14,3.843648489765261e-14,3.2091408523615694e-14,,0.0,0.0,0.004567040150618456,7.054128794466933e-19,,,,,0.13043478260869565,,0.0,1.0,1.0,4.770970844811595e-19,4.770970844811595e-19,1.0,0.4544873153722995,0.14156097535167125,1253,1.826477765723505,0.8865893021254745,619,448.3056992722711,0.7905113554802472,936.0,828.6399572649572,0.6765640889550768,582,1009.0473684210526,935.5,610.6543869996938,760,0.4758535102197843,0.8532293215616218,0.41093374637766444,5,437.75
db35,1.0,periodic,1.67636771781335e-26,315.00370585309037,5904797.239629776,0.5364963503649635,129.1134559824391,206,smoothed,9.016304423674281e-14,-1.9841395193509522e-10,6.597160048053102,30975.02714790057,0.9789184201737184,0.00014966566451320263,0.9999999999999999,362.4000000000001,,,,[],[],11,426.59999999999985,32.19999999999993,728.3999999999997,"[9, 31, 53, 64, 80, 102, 131, 148, 158, 175, 192]","[310.99999999999966, 417.7999999999999, 589.5999999999997, 432.19999999999976, 728.3999999999997, 371.0000000000002, 587.0000000000001, 32.19999999999993, 448.19999999999993, 368.00000000000017, 407.20000000000016]","[1, 1, 1, 60, 1, 94, 120, 144, 144, 165, 186]","[20, 40, 75, 75, 203, 120, 203, 149, 203, 186, 203]",30736475.839999996,728.3999999999997,-728.3999999999997,0.0,,,,DWT,mdp.39015067403892,0.0,,0.0,33.0,11.0,0.0,33.0,,2.2737367544323206e-13,168.39999999999992,987.8000000000002,168.39999999999998,,0.0,168.39999999999992,,,27.999999999999943,0.0,33.0,2.2737367544323206e-13,2.2737367544323206e-13,,1.1368683772161603e-13,1.4923865819389687e-13,4.4272683186670506e-26,0.9616035677478274,0.6675804644692694,0.4669731653477591,0.16090219167161632,0.02093309232550928,,0.9999996646602125,4.405801664454926e-09,4.405801664454926e-09,3.67866784340914e-09,,1.2251610931599486e-12,0.9999999955941608,1.5171946557926922e-13,,,,,,0.0,1.0,1.0,3.4954031196328703e-13,3.4954031196328703e-13,0.9999999009430537,0.3759218679484705,273,1.2169730691561058,0.6178181181590214,120,0,0.3333333060622267,0.4742677179693489,273,0.0,0.3254274973660187,0.5741421814393303,126,86.6371744691619,0.9091853517094739,198.0,169.52134540750325,0.8508190909490766,78,db,0.573477938514061,0.8443824841957417,0.34525069778143475,3,59.25,9.557472614038017e-14,0.9999999999705129,1.1066210520437513e-26,0.9485122796715648,0.8827726014405738,0.0012232887597357532,0.13203995389934686,0.0002038864633434564,0.9999999997236386,2.0315811922300142e-05,4.74525418958649e-11,4.74525418958649e-11,3.962102868015904e-11,,1.2251610931599486e-12,0.003126132840348572,1.5171946557926922e-13,,,,,0.0,,0.0,1.0,1.0,2.847685247612971e-13,2.847685247612971e-13,1.0,0.40156916120491115,0.11457677215665824,1038,1.7640028489288078,0.8154723276131421,142,633.5676759431466,0.6679414696314745,590.0,249.82372881355934,0.6793585754865967,463,0.49117026184683504,0.8233619396015222,0.4091722348267588,4,348.25,,,,,,,,,,,,,6.4172484168717705e-19,0.9999999999715824,1.1066210520437513e-26,0.9626528580637166,0.2728966298756025,0.001547484473548503,0.09989067390108503,0.9999999999999999,0.0002038864633434564,0.9999999999999541,9.960751159770347e-05,3.8433882812438647e-14,3.8433882812438647e-14,3.2090649582094954e-14,,0.0,9.572760819061336e-19,0.004567040150618468,1.4108257588933865e-18,,,,,0.13043478260869565,,0.0,1.0,1.0,9.54194168962319e-19,9.54194168962319e-19,1.0,0.4544873153722995,0.14156097535167125,1189,1.8548515961500331,0.900362223421627,245,667.5088014401009,0.6880799993270557,717.0,406.28312412831235,0.6765166351775465,583,1009.0473684210526,935.5,610.6543869996938,760,0.4758535102197843,0.8532293215616218,0.41093374637766444,5,438.5
db37,1.0,antireflect,1.5799755209480683e-26,315.2608951589864,6723775.6271885615,0.5287769784172662,115.58177220488568,206,smoothed,9.148884454770295e-14,-2.0799106881241913e-10,6.680619622064471,139926.60070585363,0.9962620780072524,0.00014966566451320268,0.9999999999999996,362.39999999999986,,,,[],[],11,426.6000000000002,32.2000000000001,728.3999999999996,"[9, 31, 53, 64, 80, 102, 131, 148, 158, 175, 192]","[311.0000000000004, 417.8000000000005, 589.6000000000003, 432.20000000000016, 728.3999999999996, 371.0000000000001, 586.9999999999998, 32.2000000000001, 448.20000000000033, 368.0000000000001, 407.20000000000033]","[1, 1, 1, 60, 1, 94, 120, 144, 144, 165, 186]","[20, 40, 75, 75, 203, 120, 203, 149, 203, 186, 203]",30736475.840000004,728.3999999999996,-728.3999999999996,0.0,,,,DWT,mdp.39015067403892,7.450580596923828e-09,,0.0,33.0,11.0,0.0,33.0,,3.410605131648481e-13,168.40000000000026,987.7999999999965,168.4000000000002,,0.0,168.40000000000026,,,28.000000000000114,0.0,33.0,3.410605131648481e-13,3.410605131648481e-13,,1.1368683772161603e-13,1.521512557690824e-13,4.1451669487708085e-26,0.9625807361118233,0.7879628930156176,0.8184417313074244,0.1078779540580794,0.92445034824639,,0.9999996648089,4.406156536989685e-09,4.406156536989685e-09,3.678904425099151e-09,,1.2251610931599486e-12,0.9999999955938166,2.275791983689038e-13,,,,,,1.5893391424973748e-13,1.0,1.0,5.243104679449306e-13,5.243104679449306e-13,0.9999999009879591,0.37592186796535143,75,1.7936820747504483,0.9105947469867487,9,0,0.3333333060747162,0.4742677179871189,75,0.0,0.5144733803913554,0.907670283860908,10,37.818646194701365,0.9603578132131013,42.25,16.822429906542055,0.9580353007365296,5,db,0.573477938514061,0.8443824841957417,0.34525069778143475,3,4.5,9.72498978344046e-14,0.9999999999705134,1.0384075508289184e-26,0.949461366435129,0.9116036975409323,0.002144000222499822,0.08852707307837987,0.00900406443107766,0.9999999997234943,2.0315811925353255e-05,4.7456372165299854e-11,4.7456372165299854e-11,3.962352668196445e-11,,1.2251610931599486e-12,0.0031261328403475175,2.275791983689038e-13,,,,,0.0,,7.374542113937972e-14,1.0,1.0,4.2715278714194565e-13,4.2715278714194565e-13,1.0,0.4015691612050464,0.11457677215669682,1026,1.7655631236271576,0.8161936194414132,134,630.7392488184004,0.6694238737849054,580.0,237.0413793103448,0.6827203226366875,449,0.49117026184683504,0.8233619396015222,0.4091722348267588,4,337.75,,,,,,,,,,,,,6.529725777106914e-19,0.9999999999715827,1.0384075508289184e-26,0.9633412878066256,0.2818093543400546,0.0017627855535999575,0.06697237258224847,0.9999999999999997,0.00900406443107766,0.9999999999999541,9.960751159770586e-05,3.8436918578521606e-14,3.8436918578521606e-14,3.209270956622268e-14,,0.0,9.572760819061336e-19,0.004567040150618451,2.11623863834008e-18,,,,,0.13043478260869565,,2.3332883504384434e-21,1.0,1.0,1.4312912534434783e-18,1.4312912534434783e-18,1.0,0.4544873153722995,0.14156097535167125,1193,1.8501814174275895,0.8980952752156123,266,655.4879861599295,0.6936972027290049,729.5,435.0075394105552,0.6764046761308576,584,1009.0473684210526,935.5,610.6543869996938,760,0.4758535102197843,0.8532293215616218,0.41093374637766444,5,439.25
bior2.2,1.0,reflect,1.1292965094644485e-27,328.9437126106999,6220747.039732248,0.6190476190476191,253.17809807960285,206,raw,1.4581647647698184e-14,-2.0848223147851557e-10,6.221270065566878,66540.71109693877,0.823893983117114,5.618943883690066e-06,1.0,327.0,,,,[],[],13,661.1538461538462,87.0,940.0,"[8, 32, 51, 63, 81, 100, 111, 133, 152, 162, 175, 192, 204]","[878.0, 637.9999999999999, 787.0, 792.0, 940.0, 788.0, 637.0, 675.0, 771.0, 196.0, 834.0, 572.0, 87.0]","[0, 13, 42, 42, 76, 99, 107, 107, 107, 161, 99, 187, 203]","[76, 39, 61, 76, 205, 164, 119, 142, 164, 164, 205, 205, 205]",37754613.0,941.0,-941.0,0.0,,,,DWT,mdp.39015067403892,0.0,,0.0,33.0,19.0,0.0,28.5,,0.0,256.3413461538462,4359.0,256.34134615384613,,0.0,256.3413461538462,,,84.0,0.0,24.0,0.0,0.0,,0.0,7.632029892229725e-17,2.2875119607235913e-30,0.9999540604701467,0.7529214688821203,0.0005455700658171135,0.4642857142857144,0.0007125639262680766,0.999999999723487,0.4742280246116003,6.6959667625959335e-09,6.6959667625959335e-09,6.0819563246244724e-09,,0.0,0.9999999933040264,0.0,,,,,,0.0,1.0,0.5,0.0,0.0,0.7922684098776603,0.25901821374923895,559,1.5627052669302444,0.7505726318152047,481,0,0.24785233644912635,0.2961384271997293,558,0.0,0.40230242216919415,0.7307206751911104,494,41.33602141796749,0.9566708370880844,523.0,520.5407299353244,0.7042264038689898,332,bior,0.672619891330026,0.76736776154697,0.2989557476048908,5,250.25,7.632029892228463e-17,0.0001547883299646835,2.2875119607235913e-30,0.9999540604701467,0.7529214688821204,0.0015784856819396145,0.5973684210526318,0.003076578780441958,0.9999999997234869,0.9919828214562016,0.9855281704452468,0.9855281704452468,0.9855281704451341,,0.0,0.9999999999667601,0.0,,,,,1.0,,0.0,1.0,0.5,0.0,0.0,0.0,2.234570199820929,0.6375734627746849,552,1.6174468498857317,0.7477216651139854,1230,479.4183976444792,0.7487324959934596,891.0,762.0202020202021,0.6408756819589939,703,0.5943810304597339,0.7715092316736338,0.3524805091760961,5,528.5,,,,,,,,,,,,,5.124433385400306e-22,0.03641360043841643,2.2875119607235913e-30,0.9999666772944894,0.2327549938496258,0.0016305444593032804,0.4519202891547637,1.0,0.0030765787804419575,0.9999999999999541,0.0008499884728391221,0.0007982210227401261,0.0007982210227401261,0.0007982210227337869,,0.0,0.0,0.020163910573049823,0.0,,,,,0.4782608695652174,,0.0,1.0,0.8604651162790697,0.0,0.0,0.9302325581395349,0.5744527218307418,0.17892707859001003,367,1.710095602836747,0.83009631737088,1211,596.7981233214462,0.721122372279698,789.0,563.2915082382763,0.6762153917473257,585,1104.4,1082.5,563.6960149978129,300,0.520820561188399,0.7876173146100969,0.3991404127850916,6,440.25
db18,1.0,antisymmetric,6.90749585142738e-27,318.8541924149004,5572229.489736159,0.5375,110.09725767625396,206,smoothed,6.1767204080699e-14,-1.9969725872925926e-10,6.434219611211552,89309.01623635202,0.9939208964546009,0.00014966566451320274,0.9999999999999997,362.4000000000001,,,,[],[],11,426.59999999999997,32.19999999999999,728.3999999999999,"[9, 31, 53, 64, 80, 102, 131, 148, 158, 175, 192]","[311.0, 417.80000000000007, 589.5999999999999, 432.20000000000016, 728.3999999999999, 370.99999999999994, 586.9999999999999, 32.19999999999999, 448.1999999999999, 368.0000000000001, 407.19999999999993]","[1, 1, 1, 60, 1, 94, 120, 144, 144, 165, 186]","[20, 40, 75, 75, 203, 120, 203, 149, 203, 186, 203]",30736475.83999999,728.3999999999999,-728.3999999999999,0.0,,,,DWT,mdp.39015067403892,7.450580596923828e-09,,0.0,33.0,11.0,0.0,33.0,,1.1368683772161603e-13,168.40000000000003,987.7999999999993,168.39999999999998,,0.0,168.40000000000003,,,28.0,0.0,33.0,1.1368683772161603e-13,1.1368683772161603e-13,,1.1368683772161603e-13,8.685697484374424e-14,1.5427586336190835e-26,0.9762331560236057,0.4325545165448711,0.32425009485506906,0.16779624433412488,0.5046871495359012,,0.999999664709775,4.4059199552998455e-09,4.4059199552998455e-09,3.67866784340914e-09,,1.2251610931599486e-12,0.9999999955940747,7.585973278963461e-14,,,,,,1.5893391424973748e-13,1.0,1.0,1.7477015598164352e-13,1.7477015598164352e-13,0.9999999009579221,0.37592186795405985,236,1.23313555686217,0.6260232937643068,115,0,0.3333333060663472,0.47426771797521156,238,0.0,0.3436458801848084,0.6062843394884765,108,72.5183884726258,0.9239849177435788,174.25,151.55028224236693,0.8706664630646616,64,db,0.573477938514061,0.8443824841957417,0.34525069778143475,3,48.75,5.969608946771379e-14,0.9999999999705138,4.091323976016029e-27,0.9627214467921182,0.826484854362292,0.0008494096145419145,0.1376973684210527,0.004915608091422368,0.9999999997236193,2.0315811923354854e-05,4.745387416349445e-11,4.745387416349445e-11,3.962102868015904e-11,,1.2251610931599486e-12,0.0031261328403482946,7.585973278963461e-14,,,,,0.0,,7.374542113937972e-14,1.0,1.0,1.4238426238064856e-13,1.4238426238064856e-13,1.0,0.40156916120485414,0.11457677215664197,1059,1.7483451905492975,0.8082340246073028,257,567.0996385116111,0.7027779672371011,658.0,413.62158054711244,0.6789571177904583,465,0.49117026184683504,0.8233619396015222,0.4091722348267588,4,349.75,,,,,,,,,,,,,4.0082211176566405e-19,0.9999999999715831,4.091323976016029e-27,0.972959622042828,0.2554960711633286,0.0014600557979813616,0.10417061290759039,0.9999999999999997,0.004915608091422368,0.9999999999999541,9.960751159770423e-05,3.8434858594393884e-14,3.8434858594393884e-14,3.2090649582094954e-14,,0.0,9.572760819061336e-19,0.004567040150618464,7.054128794466933e-19,,,,,0.13043478260869565,,2.3332883504384434e-21,1.0,1.0,4.770970844811595e-19,4.770970844811595e-19,1.0,0.4544873153722995,0.14156097535167125,1188,1.8558883250974134,0.9008654612990326,229,678.1154031578991,0.6831236433841593,708.5,383.9830628087509,0.6760244385145096,586,1009.0473684210526,935.5,610.6543869996938,760,0.4758535102197843,0.8532293215616218,0.41093374637766444,5,440.75
sym15,1.0,reflect,1.5214849130967123e-21,265.4247222395403,5500230.343537963,0.5213675213675214,94.31623163356203,206,smoothed,3.159121723656117e-11,7.033846838251717e-11,6.408083460279868,30956.911850335408,0.9817141414175852,0.00014966566451331804,1.0,362.39999999999554,,,,[],[],11,426.5999999998921,32.199999999967304,728.3999999998003,"[9, 31, 53, 64, 80, 102, 131, 148, 158, 175, 192]","[310.9999999998774, 417.7999999999042, 589.5999999998747, 432.19999999982906, 728.3999999998003, 370.99999999987665, 586.9999999999598, 32.199999999967304, 448.1999999999233, 367.9999999999002, 407.1999999998998]","[1, 1, 1, 60, 1, 94, 120, 144, 144, 165, 186]","[20, 40, 75, 75, 205, 120, 205, 149, 205, 186, 205]",30736475.839997888,728.3999999998648,-728.3999999998648,0.0,,,,DWT,mdp.39015067403892,2.1085143089294434e-06,,0.0,15.0,11.0,0.0,33.0,,1.3517365005100146e-10,168.39999999989215,987.8000000011862,168.39999999991022,,0.0,168.39999999989215,,,27.999999999967315,0.0,33.0,1.9963408703915775e-10,1.3517365005100146e-10,,4.433786671143025e-12,6.935264229136049e-11,4.452772430799702e-21,0.773232538332564,0.39485562628236603,0.2933513104072512,0.05698251672782269,0.02078286517952354,,0.9999996362113449,4.293661943471095e-09,4.293661943471095e-09,3.5852772212771556e-09,,4.7781282633238e-11,0.9999999957063435,1.332096907785984e-10,,,,,,4.497829773267571e-11,0.0,1.0,2.0780171546217415e-10,2.0780171546217415e-10,0.8999998925644608,0.33832967428015925,647,0.8391491441280913,0.426009053297685,380,0,0.24999997039432184,0.3557007754550207,647,0.0,0.2198864081426972,0.3879391356346083,405,147.2896805618099,0.8456083012978932,519.75,488.28692096923487,0.6503984902715881,458,sym,1.0,1.0,0.0,7,345.25,3.989770320557633e-11,0.9999999999713141,1.0767026743892284e-21,0.765554606005266,0.8174561253263373,0.0007684667713351429,0.0467611336032393,0.00020242326426054332,0.9999999997276893,2.0315811344373547e-05,4.624484128967765e-11,4.624484128967765e-11,3.861516661984865e-11,,4.7781282633238e-11,0.0031261328406992916,1.332096907785984e-10,,,,,0.0,,2.086995418244446e-11,0.0,1.0,1.6929488797059114e-10,1.6929488797059114e-10,1.0,0.30156916137173284,0.086044508468448,1282,1.587230482293435,0.7337530869864232,1351,48.79036790187178,0.9744285283533167,1316.5,1315.5958982149639,0.6422195052668052,694,0.7763846615972358,0.5622554397616224,0.28785410495344815,6,522.0,,,,,,,,,,,,,2.6788826196241724e-16,0.9999999999723544,1.0767026743892284e-21,0.8299426474899956,0.25270496763117184,0.0014411279554708148,0.03537566478981746,1.0,0.00020242326426054332,0.9999999999999548,9.960751159726632e-05,3.745549877198773e-14,3.745549877198773e-14,3.1276088489906595e-14,,0.0,3.7333767194339215e-17,0.004567040150623955,1.2387050163083935e-15,,,,,0.13043478260869565,,6.603206031740795e-19,0.7209302325581395,1.0,5.672684334480985e-16,5.672684334480985e-16,1.0,0.42658033862811606,0.13286867808967423,1326,1.7392698715006383,0.8442577788352053,1033,207.18228688765842,0.9031858472487577,1179.5,1161.3039423484527,0.6760088114748461,587,1409.1368421052632,1454.5,398.32527672708756,380,0.6645304607900322,0.5565550872278735,0.3678621512786154,7,442.0
sym2,1.0,reflect,1.8166226852006066e-21,264.65475141077354,4954337.163153224,0.5288461538461539,102.98779987275864,206,smoothed,3.291456212222995e-11,1.1954488510146278e-10,6.205222478324945,32179.212891041472,0.9777011103155558,0.00014966566451337244,0.9999999999999999,362.39999999999554,,,,[],[],11,426.59999999988537,32.199999999946556,728.39999999978,"[9, 31, 53, 64, 80, 102, 131, 148, 158, 175, 192]","[310.9999999998529, 417.799999999899, 589.5999999998551, 432.1999999998291, 728.39999999978, 370.9999999998706, 586.9999999999744, 32.199999999946556, 448.1999999999313, 367.99999999990325, 407.19999999989716]","[1, 1, 1, 60, 1, 94, 120, 144, 144, 165, 186]","[20, 40, 75, 75, 205, 120, 205, 149, 205, 186, 205]",30736475.83999804,728.3999999998398,-728.3999999998398,0.0,,,,DWT,mdp.39015067403892,1.955777406692505e-06,,0.0,15.0,11.0,0.0,33.0,,1.6018475434975699e-10,168.39999999988544,987.8000000012598,168.3999999999054,,0.0,168.39999999988544,,,27.999999999946567,0.0,33.0,2.1998403099132702e-10,1.6018475434975699e-10,,4.433786671143025e-12,7.225984564111813e-11,5.316522532221255e-21,0.7703071012408106,0.10224812193896088,0.059078591869592086,0.10835311892941973,0.030919204161544284,,0.9999996181210371,4.286682783620836e-09,4.286682783620836e-09,3.580249860364414e-09,,4.7781282633238e-11,0.9999999957133119,1.4678858294794297e-10,,,,,,4.1720152490556085e-11,0.0,1.0,2.4625114977813574e-10,2.4625114977813574e-10,0.8999998871556972,0.33832967224688654,650,0.5985565469068264,0.3038679234522173,923,0,0.24999996889306303,0.3557007733190248,650,0.0,0.1529865911732268,0.26990975224312835,921,157.0413958165171,0.8353863775508207,786.0,762.4678225148218,0.5057435032408191,894,sym,1.0,1.0,0.0,7,672.25,4.1569772427146293e-11,0.9999999999716918,1.2855617047948657e-21,0.7627132393342564,0.7473778325116781,0.00015476302010045454,0.08891700404858327,0.0003011503072677616,0.9999999997284309,2.0315810976834214e-05,4.616967919091053e-11,4.616967919091053e-11,3.8561043247398175e-11,,4.7781282633238e-11,0.003126132840721052,1.4678858294794297e-10,,,,,0.0,,1.9358173049087176e-11,0.0,1.0,2.0061942569433383e-10,2.0061942569433383e-10,1.0,0.3015691613901355,0.08604450847369868,1281,1.5670815030041343,0.7244385130048375,1415,94.75230867899737,0.9503394608600643,1348.0,1344.669881305638,0.6219202545390468,778,0.7763846615972358,0.5622554397616224,0.28785410495344815,6,585.0,,,,,,,,,,,,,2.791151668130359e-16,0.9999999999727184,1.2855617047948657e-21,0.8278816332582852,0.23104125728793284,0.0012976181960986585,0.06726736259275856,0.9999999999999999,0.0003011503072677616,0.9999999999999549,9.960751159698833e-05,3.739478345032854e-14,3.739478345032854e-14,3.1232069881703683e-14,,0.0,3.7333767194339215e-17,0.004567040150624296,1.3649739217293516e-15,,,,,0.13043478260869565,,6.124881919900914e-19,0.7209302325581395,1.0,6.722297920339537e-16,6.722297920339537e-16,1.0,0.4265803386281163,0.1328686780896743,1325,1.7399258228487948,0.8445761837229647,1027,210.71782079359116,0.9015337286011256,1176.0,1157.121598639456,0.6760005091603758,588,1409.1368421052632,1454.5,398.32527672708756,380,0.6645304607900322,0.5565550872278735,0.3678621512786154,7,442.75
sym16,1.0,periodic,2.716125612875422e-20,252.907900233217,5516394.222626796,0.538135593220339,102.84040427004393,206,smoothed,1.3308793549416479e-10,1.258543891314289e-09,6.409213841619171,31790.297234715323,0.9807925332239039,0.00014966566451372334,0.9999999999999999,362.39999999997946,,,,[],[],11,426.5999999995404,32.199999999853475,728.3999999991679,"[9, 31, 53, 64, 80, 102, 131, 148, 158, 175, 192]","[310.9999999994723, 417.79999999958574, 589.5999999994539, 432.1999999992778, 728.3999999991679, 370.99999999947283, 586.9999999998331, 32.199999999853475, 448.19999999967763, 367.99999999957896, 407.19999999957065]","[1, 1, 1, 60, 1, 94, 120, 144, 144, 165, 186]","[20, 40, 75, 75, 205, 120, 205, 149, 205, 186, 205]",30736475.83999089,728.3999999994121,-728.3999999994121,0.0,,,,DWT,mdp.39015067403892,9.104609489440918e-06,,0.0,15.0,11.0,0.0,33.0,,5.878746378584765e-10,168.39999999954046,987.8000000050542,168.39999999961606,,0.0,168.39999999954046,,,27.999999999853486,0.0,33.0,8.320739652845077e-10,5.878746378584765e-10,,2.0520474208751693e-11,2.9232671541727463e-10,7.949011797311693e-20,0.725675963459691,0.3964860929175089,0.30028811788593424,0.17216212360113736,0.02769399138936197,,0.9999995369624646,3.927729214712149e-09,3.927729214712149e-09,3.2791996598249584e-09,,2.2114157731537072e-10,0.9999999960722278,5.552173842873357e-10,,,,,,1.9421724321317922e-10,0.0,1.0,9.037364765810785e-10,9.037364765810785e-10,0.8999998633120335,0.33832966328353103,661,0.8637351295614338,0.43849056799878344,316,0,0.2499999622456166,0.3557007638610163,661,0.0,0.23175804136370867,0.4088839096623942,304,202.7091512487781,0.7875166129467734,485.5,421.9520888847542,0.6393033798486487,483,sym,1.0,1.0,0.0,7,364.0,1.681405675765912e-10,0.9999999999741274,1.922110255160824e-20,0.7193646991321818,0.8178466153738789,0.0007866385191930835,0.14128010704727947,0.0002697370208108404,0.9999999997455977,2.0315809328042e-05,4.2303438529955883e-11,4.2303438529955883e-11,3.5318581392829174e-11,,2.2114157731537072e-10,0.0031261328418430434,5.552173842873357e-10,,,,,0.0,,9.011690463232202e-11,0.0,1.0,7.362690207703337e-10,7.362690207703337e-10,1.0,0.30156916192744315,0.08604450862700472,1262,1.5975553839940009,0.7385261357528977,1298,25.45584412271571,0.9866583626191218,1280.0,1279.746875,0.6578994119175273,575,0.7763846615972358,0.5622554397616224,0.28785410495344815,6,432.75,,,,,,,,,,,,,1.1289593333576137e-15,0.9999999999750655,1.922110255160824e-20,0.7964383284599668,0.25282568209127193,0.0014453772747184451,0.10688102112280418,0.9999999999999999,0.0002697370208108404,0.9999999999999578,9.960751159574107e-05,3.4263499155973154e-14,3.4263499155973154e-14,2.8605915379509295e-14,,0.0,1.7278833278405712e-16,0.004567040150641851,5.162916864670348e-15,,,,,0.13043478260869565,,2.851278364235778e-18,0.7209302325581395,1.0,2.4670690238520755e-15,2.4670690238520755e-15,1.0,0.4265803386281247,0.13286867808967692,1318,1.7478588300089246,0.8484269392119426,981,238.2949852598665,0.8886472031495951,1149.5,1124.8003479773813,0.6757488352196575,589,1409.1368421052632,1454.5,398.32527672708756,380,0.6645304607900322,0.5565550872278735,0.3678621512786154,7,443.5
rbio2.2,1.0,constant,1.8333433791085916e-27,324.6149605975511,4877867.573446246,0.5333333333333333,135.31661701707952,206,smoothed,2.3213362192550856e-14,-2.0562036517901606e-10,6.2509992447288845,32114.12217403628,0.9602693265424058,0.00014966566451320274,1.0,362.4,,,,[],[],11,426.59999999999997,32.20000000000002,728.4,"[9, 31, 53, 64, 80, 102, 131, 148, 158, 175, 192]","[311.00000000000006, 417.79999999999995, 589.6000000000001, 432.2000000000001, 728.4, 371.0, 587.0, 32.20000000000002, 448.19999999999993, 368.0, 407.19999999999993]","[1, 1, 1, 60, 1, 94, 120, 144, 144, 165, 186]","[20, 40, 75, 75, 203, 120, 203, 149, 203, 186, 203]",30736475.84,728.4,-728.4,0.0,,,,DWT,mdp.39015067403892,3.725290298461914e-09,,0.0,33.0,11.0,0.0,33.0,,0.0,168.40000000000003,987.7999999999993,168.40000000000003,,0.0,168.40000000000003,,,28.00000000000003,0.0,33.0,0.0,0.0,,0.0,2.1595845435522496e-15,5.775734715177716e-28,0.9981206929131685,0.1682767157340167,0.026261294805197573,0.13917548025037796,0.030379417684911432,,0.9999996647345563,4.4059199552998455e-09,4.4059199552998455e-09,3.6787269888316428e-09,,0.0,0.9999999955940747,0.0,,,,,,7.946695712486874e-14,1.0,1.0,0.0,0.0,0.9999999009646139,0.37592186795657545,190,0.7639633801916247,0.3878396571418711,607,0,0.3333333060682731,0.4742677179779517,191,0.0,0.1946019430553821,0.34333049604743143,651,253.80487912305128,0.7339571497661936,409.75,292.3484070092542,0.6522249061199941,450,rbio,0.7685897546424816,0.816051598246696,0.21717169227625407,5,338.75,1.0982641376765918e-14,0.9999999999705138,5.005176961414068e-28,0.9839799855601568,0.7631914089286371,6.879441718536704e-05,0.11421052631578965,0.00029589283484228587,0.99999999972353,2.0315811923854454e-05,4.745387416349445e-11,4.745387416349445e-11,3.962169481397382e-11,,0.0,0.0031261328403482946,0.0,,,,,0.0,,3.687271056968986e-14,1.0,1.0,0.0,0.0,1.0,0.4015691612041286,0.11457677215643496,1223,1.7178206605498274,0.7941229875740685,566,464.5691552395617,0.7565151177989718,894.5,773.8602571268865,0.6438498020860688,683,0.3888041033402703,1.0,0.4278371276618108,3,513.0,,,,,,,,,,,,,7.374160600220076e-20,0.9999999999715831,5.005176961414068e-28,0.9883797194886542,0.23592980016231083,0.001277515119503341,0.08640238127452321,1.0,0.00029589283484228587,0.9999999999999541,9.960751159770467e-05,3.8434858594393884e-14,3.8434858594393884e-14,3.20911916831812e-14,,0.0,0.0,0.004567040150618464,0.0,,,,,0.13043478260869565,,1.1666441752192217e-21,1.0,1.0,0.0,0.0,1.0,0.4544873153722995,0.14156097535167125,1203,1.8463107989693024,0.8962164410014068,310,631.4463555995869,0.7049316095329032,756.5,492.9676140118969,0.6757134683178535,590,818.67,599.5,715.6978453131971,300,0.38607403914171184,1.0,0.42974817260080167,3,443.25
db25,1.0,periodic,1.1072129994245042e-26,316.8050869819415,5511271.447564284,0.5354330708661418,106.29297865224444,206,smoothed,7.168375925210816e-14,-2.0603752037828878e-10,6.47563596903957,31131.289328465704,0.9800554611494184,0.00014966566451320276,1.0,362.4,,,,[],[],11,426.6,32.20000000000002,728.3999999999999,"[9, 31, 53, 64, 80, 102, 131, 148, 158, 175, 192]","[311.0, 417.79999999999995, 589.6, 432.1999999999997, 728.3999999999999, 371.0, 587.0000000000002, 32.20000000000002, 448.2000000000002, 368.00000000000006, 407.19999999999993]","[1, 1, 1, 60, 1, 94, 120, 144, 144, 165, 186]","[20, 40, 75, 75, 203, 120, 203, 149, 203, 186, 203]",30736475.84,728.3999999999999,-728.3999999999999,0.0,,,,DWT,mdp.39015067403892,3.725290298461914e-09,,0.0,33.0,11.0,0.0,33.0,,1.1368683772161603e-13,168.4000000000001,987.7999999999984,168.40000000000003,,0.0,168.4000000000001,,,28.00000000000003,0.0,33.0,1.1368683772161603e-13,1.1368683772161603e-13,,0.0,1.0864225751992871e-13,2.7615803173363854e-26,0.9684477584286177,0.49229363929910586,0.2980896540042171,0.1535985424658099,0.02222894856675322,,0.9999996647345563,4.4059791007223055e-09,4.4059791007223055e-09,3.6787269888316428e-09,,0.0,0.9999999955939887,7.585973278963461e-14,,,,,,7.946695712486874e-14,1.0,1.0,1.7477015598164352e-13,1.7477015598164352e-13,0.9999999009647144,0.3759218679566132,179,1.04659129812189,0.5313207684502435,183,0,0.3333333060683112,0.4742677179780059,181,0.0,0.27637979182351613,0.48760875423144584,192,5.737304826019502,0.993986053641489,183.75,183.6187450211373,0.9006879953742035,44,db,0.573477938514061,0.8443824841957417,0.34525069778143475,3,33.75,7.222582896773392e-14,0.999999999970514,7.038494861201522e-27,0.9551597838497444,0.8407921283546532,0.0007808793956400484,0.12604641525072574,0.00021650798824385557,0.9999999997235237,2.0315811923854454e-05,4.745454029730922e-11,4.745454029730922e-11,3.962169481397382e-11,,0.0,0.0031261328403480726,7.585973278963461e-14,,,,,0.0,,3.687271056968986e-14,1.0,1.0,1.4238426238064856e-13,1.4238426238064856e-13,1.0,0.40156916120422376,0.1145767721564621,1198,1.7443875433611664,0.8064044630698388,294,639.224530192639,0.6649766613246126,746.0,472.1340482573727,0.6369956681885118,721,0.49117026184683504,0.8233619396015222,0.4091722348267588,4,541.75,,,,,,,,,,,,,4.849515194212182e-19,0.9999999999715833,7.038494861201522e-27,0.9674746928717223,0.25991896200616943,0.0014440305493096013,0.09535645075890375,1.0,0.000216507988243856,0.9999999999999541,9.960751159770467e-05,3.8435400695480126e-14,3.8435400695480126e-14,3.20911916831812e-14,,0.0,0.0,0.00456704015061846,7.054128794466933e-19,,,,,0.13043478260869565,,1.1666441752192217e-21,1.0,1.0,4.770970844811595e-19,4.770970844811595e-19,1.0,0.4544873153722995,0.14156097535167125,1197,1.8493954954910887,0.8977137813949463,272,654.0737725975565,0.6943580501880577,734.5,443.2729748127978,0.6755668755613186,591,1009.0473684210526,935.5,610.6543869996938,760,0.4758535102197843,0.8532293215616218,0.41093374637766444,5,444.5
sym15,1.0,periodic,1.4886126785841603e-21,265.5195816066764,5479502.952078556,0.5213675213675214,93.60792963287454,206,smoothed,3.1343687084845616e-11,8.402170070749596e-11,6.3973306366209055,32058.376667891473,0.9813160168034122,0.00014966566451331931,1.0,362.39999999999554,,,,[],[],11,426.5999999998928,32.199999999967304,728.3999999998086,"[9, 31, 53, 64, 80, 102, 131, 148, 158, 175, 192]","[310.9999999998771, 417.7999999999042, 589.5999999998747, 432.19999999982906, 728.3999999998086, 370.99999999987665, 586.9999999999598, 32.199999999967304, 448.1999999999233, 367.9999999999002, 407.1999999998999]","[1, 1, 1, 60, 1, 94, 120, 144, 144, 165, 186]","[20, 40, 75, 75, 205, 120, 205, 149, 205, 186, 205]",30736475.83999788,728.3999999998648,-728.3999999998648,0.0,,,,DWT,mdp.39015067403892,2.115964889526367e-06,,0.0,15.0,11.0,0.0,33.0,,1.3517365005100146e-10,168.39999999989288,987.800000001178,168.39999999991022,,0.0,168.39999999989288,,,27.999999999967315,0.0,33.0,1.9133494788547978e-10,1.3517365005100146e-10,,4.433786671143025e-12,6.880885322017681e-11,4.356568560682478e-21,0.7735929482347998,0.3793457097613424,0.2844560493564221,0.05698251672782269,0.029917129485695224,,0.9999996362113449,4.294430833963073e-09,4.294430833963073e-09,3.5852772212771556e-09,,4.7781282633238e-11,0.9999999957055692,1.2767193028495506e-10,,,,,,4.513723164692544e-11,0.0,1.0,2.0780171546217415e-10,2.0780171546217415e-10,0.8999998925618455,0.3383296742791761,648,0.830816507005812,0.4217788412111033,415,0,0.2499999703939372,0.3557007754544735,648,0.0,0.21775633623355592,0.3841811122885924,422,132.53270036736845,0.8610768339964692,533.25,508.5353492352986,0.6510572849227629,455,sym,1.0,1.0,0.0,7,343.0,3.958494456451735e-11,0.9999999999713229,1.053440104577793e-21,0.7659046585451075,0.8137415641638334,0.0007451646339408218,0.0467611336032393,0.0002913901887679287,0.9999999997278954,2.0315811344373547e-05,4.6253001428908647e-11,4.6253001428908647e-11,3.861516661984865e-11,,4.7781282633238e-11,0.003126132840696849,1.2767193028495506e-10,,,,,0.0,,2.0943699603583838e-11,0.0,1.0,1.6929488797059114e-10,1.6929488797059114e-10,1.0,0.30156916136900447,0.08604450846766952,1284,1.5856071689371851,0.7330026533225147,1357,51.61879502661797,0.9729461241998858,1320.5,1319.4911018553578,0.6404300851607396,706,0.7763846615972358,0.5622554397616224,0.28785410495344815,6,531.0,,,,,,,,,,,,,2.657882822133246e-16,0.999999999972363,1.053440104577793e-21,0.8301965616622918,0.25155666372928376,0.0014356789352821845,0.03537566478981746,1.0,0.0002913901887679287,0.9999999999999549,9.960751159726632e-05,3.7462329245674386e-14,3.7462329245674386e-14,3.1276088489906595e-14,,0.0,3.7333767194339215e-17,0.0045670401506239175,1.187209876108785e-15,,,,,0.13043478260869565,,6.626538915245179e-19,0.7209302325581395,1.0,5.672684334480985e-16,5.672684334480985e-16,1.0,0.42658033862811606,0.13286867808967423,1328,1.7388809303127832,0.8440689831636786,1034,207.88939366884497,0.9028554235192313,1181.0,1162.7027942421676,0.6754931323203633,592,1409.1368421052632,1454.5,398.32527672708756,380,0.6645304607900322,0.5565550872278735,0.3678621512786154,7,445.75
db1,1.0,reflect,4.689601928132895e-27,320.53603894590907,4916497.513525565,0.5339805825242718,153.37455796706374,206,smoothed,5.1583333074234454e-14,-2.1415171858052476e-10,6.251701695249963,31688.2373984353,0.9479708511035823,0.0001496656645132027,0.9999999999999999,362.4000000000001,,,,[],[],11,426.60000000000014,32.19999999999999,728.4,"[9, 31, 53, 64, 80, 102, 131, 148, 158, 175, 192]","[311.0000000000001, 417.80000000000007, 589.6, 432.20000000000005, 728.4, 371.00000000000017, 587.0, 32.19999999999999, 448.2000000000001, 368.0000000000001, 407.2000000000001]","[1, 1, 1, 60, 1, 94, 120, 144, 144, 165, 186]","[20, 40, 75, 75, 203, 120, 203, 149, 203, 186, 203]",30736475.84000001,728.4,-728.4,0.0,,,,DWT,mdp.39015067403892,1.4901161193847656e-08,,0.0,33.0,11.0,0.0,33.0,,0.0,168.4000000000002,987.7999999999975,168.4000000000001,,0.0,168.4000000000002,,,28.0,0.0,33.0,0.0,0.0,,1.1368683772161603e-13,6.448443672150608e-14,8.936698749923184e-27,0.9826231854125504,0.16928993321880254,0.04283952183663018,0.14362142418571724,0.026847626163012936,,0.999999664709775,4.406097391567225e-09,4.406097391567225e-09,3.6787861342541454e-09,,1.2251610931599486e-12,0.9999999955939026,0.0,,,,,,3.1786782849947497e-13,1.0,1.0,0.0,0.0,0.9999999009579496,0.3759218679540702,206,0.763826258914758,0.3877700450761808,629,0,0.3333333060663501,0.47426771797521566,214,0.0,0.19503167011668257,0.3440886508880504,615,237.95938028719664,0.7505666873299826,416.0,313.8951780468781,0.6572539935601694,426,db,0.573477938514061,0.8443824841957417,0.34525069778143475,3,320.25,4.682859177247569e-14,0.9999999999705136,2.5217953756619697e-27,0.9689278412429513,0.7634340703454832,0.00011222294860600292,0.11785896780786931,0.00026149349854409426,0.9999999997234015,2.0315811923354854e-05,4.745570603148508e-11,4.745570603148508e-11,3.962224992548613e-11,,1.2251610931599486e-12,0.003126132840347795,0.0,,,,,0.0,,1.4749084227875944e-13,1.0,1.0,0.0,0.0,1.0,0.40156916120479735,0.11457677215662576,1105,1.7103780357959095,0.7906823726480132,648,323.1477990022522,0.8306353254705177,876.5,816.9309754706218,0.6856268870539171,431,0.49117026184683504,0.8233619396015222,0.4091722348267588,4,324.25,,,,,,,,,,,,,3.144248679037427e-19,0.999999999971583,2.5217953756619697e-27,0.9774614934208818,0.23600481549780045,0.001287670537457888,0.08916249492626177,0.9999999999999999,0.00026149349854409426,0.9999999999999541,9.960751159770423e-05,3.843648489765261e-14,3.843648489765261e-14,3.209173378426744e-14,,0.0,9.572760819061336e-19,0.004567040150618456,0.0,,,,,0.13043478260869565,,4.666576700876887e-21,1.0,1.0,0.0,0.0,1.0,0.4544873153722995,0.14156097535167125,1219,1.840892734431537,0.8935864620618573,391,585.4844148224613,0.726409151952121,805.0,592.0857142857142,0.6751204638265278,593,1009.0473684210526,935.5,610.6543869996938,760,0.4758535102197843,0.8532293215616218,0.41093374637766444,5,446.0
db7,1.0,zero,4.853041653544705e-27,322.61165227983696,5946858.191153842,0.6238532110091743,280.83627597766497,206,raw,4.530572249615978e-14,-2.031956825021581e-10,6.348665427428772,65893.05327834358,0.7867000709982049,5.618943883690066e-06,1.0,327.0,,,,[],[],13,661.1538461538462,87.0,939.9999999999999,"[8, 32, 51, 63, 81, 100, 111, 133, 152, 162, 175, 192, 204]","[878.0, 638.0, 786.9999999999998, 791.9999999999999, 939.9999999999999, 788.0, 637.0, 675.0, 771.0, 196.0, 834.0, 571.9999999999999, 87.0]","[0, 13, 42, 42, 76, 99, 107, 107, 107, 161, 164, 187, 203]","[76, 39, 61, 76, 205, 164, 119, 142, 164, 164, 205, 205, 205]",37754613.0,940.9999999999999,-940.9999999999999,0.0,,,,DWT,mdp.39015067403892,0.0,,0.0,33.0,19.0,0.0,28.5,,1.1368683772161603e-13,256.3413461538462,4359.0,256.3413461538461,,0.0,256.3413461538462,,,84.0,0.0,28.5,1.1368683772161603e-13,1.1368683772161603e-13,,0.0,3.889672189768034e-14,2.6374561477005198e-27,0.9765873243409955,0.7969301756612833,0.0002373403358680872,0.500327653997379,0.0006601276082562903,0.9999999997235667,0.4742280246116003,6.6959667625959335e-09,6.6959667625959335e-09,6.081912306383589e-09,,0.0,0.9999999933040264,1.3612963731558036e-13,,,,,,0.0,1.0,1.0,1.4238426238064856e-13,1.4238426238064856e-13,0.8422684098777719,0.2753648338164087,208,1.5849312651348653,0.7612478540213298,414,0,0.2895190031158244,0.345922509569532,208,0.0,0.40934282770842345,0.7435084925288873,413,118.64618268897937,0.8756329321918456,310.75,276.77540760340867,0.7749495897856502,191,db,0.540986235965534,0.9305070477545101,0.3421575204977732,3,144.0,3.8896721897680336e-14,0.0001547883299646835,2.637456147700519e-27,0.9765873243409955,0.7969301756612834,0.0012705745010828551,0.6244567841622408,0.0030242665110574263,0.9999999997235666,0.9919828214562016,0.9855281704452468,0.9855281704452468,0.9855281704451335,,0.0,0.9999999999667601,7.585973278963461e-14,,,,,1.0,,0.0,1.0,0.75,1.4238426238064856e-13,1.4238426238064856e-13,0.0,2.259570199821024,0.644706528708664,210,1.6360916263435274,0.7563408684588656,1167,676.701189595526,0.6453348062916531,688.5,355.9477124183006,0.6422428748439397,693,0.49117026184683504,0.8233619396015222,0.4091722348267588,4,520.75,,,,,,,,,,,,,2.6116729505744397e-19,0.03641360043841643,2.637456147700519e-27,0.9830173774374293,0.2463596614000444,0.0015585418694806677,0.4724131382204245,1.0,0.0030242665110574263,0.9999999999999541,0.0008499884728391221,0.0007982210227401261,0.0007982210227401261,0.0007982210227337863,,0.0,0.0,0.020163910573049823,7.054128794466933e-19,,,,,0.4782608695652174,,0.0,1.0,0.9302325581395349,4.770970844811595e-19,4.770970844811595e-19,0.9302325581395349,0.5814294660167882,0.18110015290550946,145,1.7148685701213193,0.8324131601013581,1177,729.734198184517,0.6590027111287304,661.0,258.1921331316188,0.6750621032279166,594,1009.0473684210526,935.5,610.6543869996938,760,0.4758535102197843,0.8532293215616218,0.41093374637766444,5,446.75
db26,1.0,antisymmetric,1.7696677522541498e-26,316.99287509818714,6865770.037266962,0.6171875,290.8195261190476,206,raw,8.919725799396209e-14,-2.1565671470824847e-10,6.702843070414554,136274.45801286917,0.9054954853618998,5.618943883690066e-06,0.9999999999999998,327.0000000000001,,,,[],[],13,661.1538461538463,86.99999999999991,940.0000000000001,"[8, 32, 51, 63, 81, 100, 111, 133, 152, 162, 175, 192, 204]","[878.0000000000002, 638.0000000000002, 787.0, 792.0000000000002, 940.0000000000001, 788.0, 637.0000000000001, 675.0000000000002, 771.0000000000001, 196.00000000000006, 834.0000000000001, 572.0, 86.99999999999991]","[0, 13, 42, 42, 76, 99, 107, 107, 107, 161, 164, 187, 203]","[76, 42, 61, 76, 205, 164, 119, 142, 164, 164, 205, 205, 205]",37754613.00000001,941.0000000000001,-941.0000000000001,0.0,,,,DWT,mdp.39015067403892,7.450580596923828e-09,,0.0,33.0,19.0,0.0,28.5,,1.1368683772161603e-13,256.3413461538463,4358.999999999998,256.34134615384625,,0.0,256.3413461538463,,,83.99999999999991,0.0,28.5,1.1368683772161603e-13,1.1368683772161603e-13,,1.1368683772161603e-13,9.435443846733472e-14,1.1726463343761609e-26,0.9558527645118388,0.9192807841143109,0.0012714676895172695,0.4503348214285714,0.006358417067311714,0.9999999997233788,0.47422802461150126,6.696054799077647e-09,6.696054799077647e-09,6.082044361106239e-09,,5.718550876340534e-12,0.9999999933039181,1.3612963731558036e-13,,,,,,7.374542113937972e-14,1.0,1.0,1.4238426238064856e-13,1.4238426238064856e-13,0.8422684098806766,0.2753648338173584,132,1.6164650798967501,0.7763936520408725,298,0,0.28951900311631557,0.34592250957011883,129,0.0,0.41663728181687787,0.756757750145931,322,104.10371431093769,0.8908766097369626,220.25,183.5789516260323,0.8300032943863009,67,db,0.540986235965534,0.9305070477545101,0.3421575204977732,3,51.0,9.435443846733472e-14,0.0001547883299646835,1.1726463343761609e-26,0.9558527645118388,0.919280784114311,0.0023036331053617296,0.5868832236842105,0.008709075523508301,0.9999999997233787,0.9919828214562001,0.9855281704452481,0.9855281704452481,0.9855281704451354,,1.2251610931599486e-12,0.9999999999667596,7.585973278963461e-14,,,,,1.0,,7.374542113937972e-14,1.0,0.75,1.4238426238064856e-13,1.4238426238064856e-13,0.0,2.259570199821674,0.6447065287088495,123,1.6725872233883965,0.7732122411371372,966,596.0910165402596,0.6875833246644342,544.5,218.21487603305783,0.701102983086934,332,0.49117026184683504,0.8233619396015222,0.4091722348267588,4,250.0,,,,,,,,,,,,,6.335313689415926e-19,0.03641360043841643,1.1726463343761609e-26,0.9679773534475109,0.2841826167744793,0.0018001144383612228,0.44398804289000143,0.9999999999999998,0.008709075523508301,0.9999999999999541,0.000849988472839121,0.0007982210227401272,0.0007982210227401272,0.0007982210227337879,,0.0,9.572760819061336e-19,0.020163910573049813,7.054128794466933e-19,,,,,0.4782608695652174,,2.3332883504384434e-21,1.0,0.9302325581395349,4.770970844811595e-19,4.770970844811595e-19,0.9302325581395349,0.5814294660167882,0.18110015290550946,76,1.7157807051718372,0.8328559189419305,1166,770.7463914933368,0.6398381348161978,621.0,142.6988727858293,0.6748256094641736,595,1009.0473684210526,935.5,610.6543869996938,760,0.4758535102197843,0.8532293215616218,0.41093374637766444,5,447.5
coif4,1.0,reflect,7.32944452959574e-27,320.82108184474293,6386374.923369419,0.618421052631579,284.21413567363084,206,raw,5.710211160441003e-14,-2.0830737135213714e-10,6.503674288940641,59673.53007043856,0.7565400990891104,5.618943883690066e-06,0.9999999999999999,327.0000000000001,,,,[],[],13,661.1538461538462,86.99999999999994,940.0,"[8, 32, 51, 63, 81, 100, 111, 133, 152, 162, 175, 192, 204]","[878.0, 638.0, 787.0, 792.0, 940.0, 787.9999999999999, 636.9999999999999, 675.0, 770.9999999999999, 196.00000000000006, 834.0000000000002, 571.9999999999999, 86.99999999999994]","[0, 13, 42, 42, 76, 99, 107, 107, 107, 161, 99, 187, 203]","[76, 42, 61, 76, 205, 164, 119, 142, 164, 164, 205, 205, 205]",37754613.0,941.0,-941.0,0.0,,,,DWT,mdp.39015067403892,0.0,,0.0,33.0,19.0,0.0,28.5,,0.0,256.3413461538462,4359.0,256.34134615384613,,0.0,256.3413461538462,,,83.99999999999994,0.0,24.0,0.0,0.0,,1.1368683772161603e-13,5.380166418987827e-14,4.389922800473379e-27,0.9699797140702008,0.8504779613478849,0.0007319647953232314,0.45958646616541377,0.00015657636955004807,0.9999999997234896,0.47422802461153424,6.6959667625959335e-09,6.6959667625959335e-09,6.0819563246244724e-09,,5.718550876340534e-12,0.9999999933040264,0.0,,,,,,0.0,1.0,0.5,0.0,0.0,0.7922684098804997,0.2590182137501672,429,1.591490008417122,0.764398040631012,383,0,0.24785233644959742,0.29613842720029215,429,0.0,0.4101165853089895,0.7449139045899712,401,22.5905584998099,0.976320169287411,410.5,409.5533937734459,0.7730133341195965,196,coif,0.5507900112560971,0.8749445204262634,0.351963635992853,2,147.5,5.380166418987826e-14,0.0001547883299646835,4.3899228004733784e-27,0.9699797140702008,0.850477961347885,0.0017646877763229062,0.5938365650969533,0.0025219065238021345,0.9999999997234895,0.9919828214562006,0.9855281704452468,0.9855281704452468,0.9855281704451341,,1.2251610931599486e-12,0.9999999999667601,0.0,,,,,1.0,,0.0,1.0,0.5,0.0,0.0,0.0,2.234570199821541,0.6375734627748595,435,1.646698978040928,0.7612444896654544,1119,483.6610383315985,0.7465088897633132,777.0,626.4671814671815,0.6696380926803988,500,0.4784248188775415,0.776734912893196,0.43208215291776214,2,375.5,,,,,,,,,,,,,3.612447121642253e-19,0.03641360043841643,4.3899228004733784e-27,0.9782244800811499,0.26291319990738815,0.00167408634365021,0.44924837462347544,0.9999999999999999,0.0025219065238021345,0.9999999999999541,0.0008499884728391214,0.0007982210227401261,0.0007982210227401261,0.0007982210227337869,,0.0,9.572760819061336e-19,0.020163910573049823,0.0,,,,,0.4782608695652174,,0.0,1.0,0.8604651162790697,0.0,0.0,0.9302325581395349,0.5744527218307418,0.17892707859001003,290,1.7108605237646266,0.8304676171065551,1203,645.5884912233179,0.6983231349423749,746.5,467.3409243134629,0.6747456796207201,596,986.6382352941176,846.0,585.0035688138154,340,0.4652856568234462,0.8173890317607586,0.42908333069536003,4,448.0
db20,1.0,periodization,2.0218447879339094e-26,316.41431434042227,5912535.442140622,0.6262135922330098,321.18976680981814,206,raw,9.902388539526994e-14,-2.0663959432454567e-10,6.3855199464700405,63117.30860590065,0.762814739458872,5.618943883690066e-06,1.0,327.0,,,,[],[],13,661.1538461538462,87.0,940.0000000000002,"[8, 32, 51, 63, 81, 100, 111, 133, 152, 162, 175, 192, 204]","[878.0, 637.9999999999997, 787.0000000000001, 792.0000000000002, 940.0000000000002, 787.9999999999997, 636.9999999999999, 675.0000000000003, 770.9999999999997, 195.9999999999999, 833.9999999999998, 572.0000000000002, 87.0]","[0, 13, 39, 39, 76, 99, 107, 107, 107, 161, 164, 187, 203]","[76, 39, 61, 76, 205, 164, 119, 142, 164, 164, 205, 205, 205]",37754613.0,941.0000000000002,-941.0000000000002,0.0,,,,DWT,mdp.39015067403892,0.0,,0.0,33.0,19.0,0.0,28.5,,2.2737367544323206e-13,256.3413461538462,4359.0,256.34134615384613,,0.0,256.3413461538462,,,84.0,0.0,24.0,2.2737367544323206e-13,2.2737367544323206e-13,,0.0,1.0677055266968742e-13,1.3511035029967253e-26,0.9537177443359443,0.8096615631958826,0.00019871411317094636,0.5180305131761447,0.00043539500072065605,0.9999999997235148,0.4742280246116003,6.6959667625959335e-09,6.6959667625959335e-09,6.0819563246244724e-09,,0.0,0.9999999933040264,2.7225927463116073e-13,,,,,,0.0,1.0,0.5,2.847685247612971e-13,2.847685247612971e-13,0.7922684098779104,0.25901821374932066,499,1.5845471484162774,0.761063361460579,416,0,0.24785233644919652,0.29613842719981315,499,0.0,0.4102554911931856,0.7451662058337483,396,54.31083378725341,0.9430704048351641,452.5,447.57174203032696,0.7343758732771208,273,db,0.540986235965534,0.9305070477545101,0.3421575204977732,3,205.5,1.0677055266968741e-13,0.0001547883299646835,1.3511035029967253e-26,0.9537177443359443,0.8096615631958826,0.0012319881977931636,0.6377618804292289,0.0028000655535788755,0.9999999997235146,0.9919828214562016,0.9855281704452468,0.9855281704452468,0.9855281704451341,,0.0,0.9999999999667601,1.5171946557926922e-13,,,,,1.0,,0.0,1.0,0.5,2.847685247612971e-13,2.847685247612971e-13,0.0,2.2345701998211185,0.6375734627747389,497,1.6339486370799547,0.7553501963384227,1180,482.95393155041194,0.7468794908016709,838.5,699.4156231365533,0.6537070409983198,613,0.49117026184683504,0.8233619396015222,0.4091722348267588,4,460.75,,,,,,,,,,,,,7.168978533945189e-19,0.03641360043841643,1.3511035029967253e-26,0.9664286948345965,0.25029538929436584,0.0015495187682057871,0.4824786902990126,1.0,0.0028000655535788755,0.9999999999999541,0.0008499884728391221,0.0007982210227401261,0.0007982210227401261,0.0007982210227337869,,0.0,0.0,0.020163910573049823,1.4108257588933865e-18,,,,,0.4782608695652174,,0.0,1.0,0.8604651162790697,9.54194168962319e-19,9.54194168962319e-19,0.9302325581395349,0.5744527218307418,0.17892707859001003,295,1.7108152534045868,0.8304456424525694,1204,642.7600640985717,0.6996448298604805,749.5,473.88925950633757,0.6747055925003337,597,1009.0473684210526,935.5,610.6543869996938,760,0.4758535102197843,0.8532293215616218,0.41093374637766444,5,449.0
sym14,1.0,periodization,6.380760464367068e-22,269.1986743286052,4961418.223456758,0.5242718446601942,90.21224363553111,206,smoothed,2.0589992153113444e-11,4.11166434230643e-11,6.195098751135784,31688.23739843184,0.9832918874574665,0.00014966566451327524,1.0,362.3999999999965,,,,[],[],11,426.59999999993033,32.199999999980236,728.3999999998762,"[9, 31, 53, 64, 80, 102, 131, 148, 158, 175, 192]","[310.99999999992167, 417.79999999993765, 589.5999999999194, 432.1999999998872, 728.3999999998762, 370.9999999999191, 586.9999999999734, 32.199999999980236, 448.1999999999495, 367.99999999993486, 407.19999999993433]","[1, 1, 1, 60, 1, 94, 120, 144, 144, 165, 186]","[20, 40, 75, 75, 205, 120, 205, 149, 205, 186, 205]",30736475.839998554,728.3999999999123,-728.3999999999123,0.0,,,,DWT,mdp.39015067403892,1.4416873455047607e-06,,0.0,15.0,11.0,0.0,33.0,,8.765255188336596e-11,168.3999999999304,987.8000000007651,168.3999999999416,,0.0,168.3999999999304,,,27.999999999980247,0.0,33.0,1.2380496627883986e-10,8.765255188336596e-11,,3.467448550509289e-12,4.5184491750714325e-11,1.867388348190065e-21,0.7875713405460638,0.08764561672121408,0.06211746340535468,0.07693226515562712,0.026847626162984244,,0.9999996474868108,4.3334668127865585e-09,4.3334668127865585e-09,3.617925494498723e-09,,3.736741334137843e-11,0.9999999956665117,8.261124900791209e-11,,,,,,3.07537124073242e-11,0.0,1.0,1.3474779026184715e-10,1.3474779026184715e-10,0.899999895894022,0.3383296755318142,645,0.5889363009319226,0.29898403373018473,930,0,0.24999997132153412,0.3557007767742614,645,0.0,0.1487306160052041,0.2624010601783891,935,166.00075301034028,0.8259950178088676,788.75,762.5492645371809,0.4996065235794862,907,sym,1.0,1.0,0.0,7,682.0,2.599746445390712e-11,0.999999999971017,4.515440644726329e-22,0.7794813435948337,0.7438805926210843,0.00016272368608264407,0.06313234542667362,0.00026149349854381497,0.9999999997272488,2.0315811573412557e-05,4.6673498399485425e-11,4.6673498399485425e-11,3.896682976289867e-11,,3.736741334137843e-11,0.00312613284057478,8.261124900791209e-11,,,,,0.0,,1.4269738990469975e-11,0.0,1.0,1.0977826629548006e-10,1.0977826629548006e-10,1.0,0.3015691613144891,0.08604450845211505,1287,1.5650679997705745,0.7235077003536422,1427,98.99494936611666,0.9481158546299179,1357.0,1353.3890935887987,0.6184499608579359,791,0.7763846615972358,0.5622554397616224,0.28785410495344815,6,594.75,,,,,,,,,,,,,1.7455680423763124e-16,0.9999999999720682,4.515440644726329e-22,0.8400445483344908,0.22996013517511224,0.0012994797347600203,0.04776079015018275,1.0,0.00026149349854381497,0.9999999999999548,9.960751159743958e-05,3.780287714805208e-14,3.780287714805208e-14,3.156079998040129e-14,,0.0,2.9196920498137076e-17,0.004567040150622007,7.68194625717449e-16,,,,,0.13043478260869565,,4.514912958098388e-19,0.7209302325581395,1.0,3.6784185213497393e-16,3.6784185213497393e-16,1.0,0.4265803386281152,0.13286867808967395,1331,1.7388654499067238,0.8440614688305383,1035,209.30360723121808,0.9021945760601785,1183.0,1164.484361792054,0.6746954188712108,598,1409.1368421052632,1454.5,398.32527672708756,380,0.6645304607900322,0.5565550872278735,0.3678621512786154,7,450.25
db2,1.0,symmetric,3.181698137224801e-27,324.44520273164403,6009142.134048698,0.6153846153846154,287.21587400421134,206,raw,3.480279710591948e-14,-2.1427470908719507e-10,6.287551234022737,63316.12635934827,0.778821959724428,5.618943883690066e-06,0.9999999999999998,327.0,,,,[],[],13,661.1538461538462,87.0,940.0,"[8, 32, 51, 63, 81, 100, 111, 133, 152, 162, 175, 192, 204]","[878.0, 638.0, 787.0, 792.0000000000001, 940.0, 788.0, 637.0000000000001, 675.0000000000001, 771.0, 195.99999999999994, 833.9999999999999, 572.0, 87.0]","[0, 13, 39, 39, 76, 99, 107, 107, 107, 161, 99, 187, 203]","[76, 39, 61, 76, 205, 164, 119, 142, 164, 164, 205, 205, 205]",37754613.0,941.0,-941.0,0.0,,,,DWT,mdp.39015067403892,0.0,,0.0,33.0,19.0,0.0,28.5,,0.0,256.3413461538462,4359.0,256.34134615384613,,0.0,256.3413461538462,,,84.0,0.0,19.5,0.0,0.0,,0.0,2.5626093453311198e-14,1.45470280574454e-27,0.9833535406036606,0.7758182876118037,0.0003074335981468769,0.43681318681318704,0.00045149188189284867,0.9999999997233997,0.4742280246116003,6.6959667625959335e-09,6.6959667625959335e-09,6.0819563246244724e-09,,0.0,0.9999999933040264,0.0,,,,,,0.0,1.0,0.0,0.0,0.0,0.7422684098776603,0.24267159368210564,932,1.5529808563345713,0.7459019644743415,501,0,0.20618566978245967,0.24635434482996416,937,0.0,0.3995929925290146,0.7257994116168578,516,246.03590523878148,0.7421007282612353,721.5,658.5240483443552,0.49290571004256734,895,db,0.540986235965534,0.9305070477545101,0.3421575204977732,3,672.0,2.5626093453311192e-14,0.0001547883299646835,1.4547028057445393e-27,0.9833535406036606,0.7758182876118038,0.0013405953234153858,0.5767206477732796,0.0028161243543501514,0.9999999997233996,0.9919828214562016,0.9855281704452468,0.9855281704452468,0.9855281704451341,,0.0,0.9999999999667601,0.0,,,,,1.0,,0.0,1.0,0.25,0.0,0.0,0.0,2.209570199820929,0.6304403968407328,926,1.6104527110692146,0.7444883785782986,1249,228.39549032325485,0.8802958646104534,1087.5,1063.5163218390805,0.655163655575667,592,0.49117026184683504,0.8233619396015222,0.4091722348267588,4,445.0,,,,,,,,,,,,,1.720632789492136e-19,0.03641360043841643,1.4547028057445393e-27,0.9879253212640623,0.23983322062740128,0.0015749156839534738,0.43629986574107826,0.9999999999999998,0.0028161243543501514,0.9999999999999541,0.0008499884728391221,0.0007982210227401261,0.0007982210227401261,0.0007982210227337869,,0.0,0.0,0.020163910573049823,0.0,,,,,0.4782608695652174,,0.0,1.0,0.7906976744186046,0.0,0.0,0.9302325581395349,0.5674759776446953,0.17675400427451057,723,1.7000297370837925,0.8252102524755508,1278,392.44426355853386,0.8166148301128346,1000.5,923.5322338830583,0.6745457328134267,599,1009.0473684210526,935.5,610.6543869996938,760,0.4758535102197843,0.8532293215616218,0.41093374637766444,5,450.5
db37,1.0,constant,1.4349425819032645e-26,315.67905350779563,4961163.023166604,0.5683453237410072,39.69033749033957,206,smoothed,8.945595073756406e-14,-2.059362236295218e-10,6.19541742459847,46034.732968272874,0.9913835200203329,0.00014966566451320284,0.9999999999999999,362.39999999999986,,,,[],[],11,426.6,32.2000000000001,728.3999999999996,"[9, 31, 53, 64, 80, 102, 131, 148, 158, 175, 192]","[310.9999999999998, 417.8, 589.6000000000003, 432.2000000000001, 728.3999999999996, 371.0000000000001, 586.9999999999998, 32.2000000000001, 448.20000000000033, 368.0000000000003, 407.2000000000003]","[1, 1, 1, 60, 1, 94, 120, 144, 144, 165, 186]","[20, 40, 75, 75, 203, 120, 203, 149, 203, 186, 203]",30736475.840000004,728.3999999999996,-728.3999999999996,0.0,,,,DWT,mdp.39015067403892,7.450580596923828e-09,,0.0,33.0,11.0,0.0,33.0,,3.410605131648481e-13,168.4000000000001,987.7999999999984,168.40000000000012,,0.0,168.4000000000001,,,28.000000000000114,0.0,33.0,3.410605131648481e-13,3.410605131648481e-13,,1.1368683772161603e-13,1.4768527282046456e-13,3.7207135996911225e-26,0.9641694923323574,0.08810527261816671,0.06200794295722639,0.37967226046488556,0.14582072481629546,,0.9999996648089,4.4059791007223055e-09,4.4059791007223055e-09,3.678815706965397e-09,,1.2251610931599486e-12,0.9999999955939887,2.275791983689038e-13,,,,,,1.5893391424973748e-13,1.0,1.0,5.243104679449306e-13,5.243104679449306e-13,0.9999999009879121,0.3759218679653338,76,0.8637554972996278,0.4385009080449201,314,0,0.3333333060746935,0.4742677179870867,77,0.0,0.23425367045558282,0.413286874815829,296,132.12967115678447,0.861499296481358,190.75,122.29424189293044,0.8307758536914127,102,db,0.573477938514061,0.8443824841957417,0.34525069778143475,3,77.25,9.468130123690045e-14,0.9999999999705145,9.357726396488124e-27,0.9510044654086499,0.7439906783162988,0.00016243678494335312,0.31156758803483553,0.0014202809313912732,0.9999999997235253,2.0315811925353255e-05,4.745454029730922e-11,4.745454029730922e-11,3.962258299239352e-11,,1.2251610931599486e-12,0.0031261328403480726,2.275791983689038e-13,,,,,0.0,,7.374542113937972e-14,1.0,1.0,4.2715278714194565e-13,4.2715278714194565e-13,1.0,0.40156916120504527,0.1145767721566965,1027,1.7678743842628946,0.8172620809189497,119,642.0529573173851,0.6634942571711818,573.0,213.28621291448516,0.6815898958811883,454,0.49117026184683504,0.8233619396015222,0.4091722348267588,4,341.5,,,,,,,,,,,,,6.357260491413027e-19,0.9999999999715838,9.357726396488124e-27,0.9644605903513529,0.22999416660650526,0.0012994126452019388,0.2357066585941099,0.9999999999999999,0.001420280931391273,0.9999999999999541,9.960751159770586e-05,3.8435400695480126e-14,3.8435400695480126e-14,3.209195062470194e-14,,0.0,9.572760819061336e-19,0.00456704015061846,2.11623863834008e-18,,,,,0.13043478260869565,,2.3332883504384434e-21,1.0,1.0,1.4312912534434783e-18,1.4312912534434783e-18,1.0,0.4544873153722995,0.14156097535167125,1162,1.8891739196383226,0.9170225985983012,45,789.8382745853736,0.6309166941189843,603.5,86.64457332228666,0.674453674162296,600,1009.0473684210526,935.5,610.6543869996938,760,0.4758535102197843,0.8532293215616218,0.41093374637766444,5,451.25
bior1.5,1.0,periodic,5.2392125218593435e-27,320.05473858848245,5011758.626849534,0.5373831775700935,140.90566768120755,206,smoothed,4.7868936430682724e-14,-2.1292883012336056e-10,6.254540484583947,35575.788082008636,0.9465709450258518,0.00014966566451320276,1.0,362.40000000000003,,,,[],[],11,426.6,32.20000000000002,728.4,"[9, 31, 53, 64, 80, 102, 131, 148, 158, 175, 192]","[311.0, 417.80000000000007, 589.6000000000001, 432.1999999999998, 728.4, 371.00000000000017, 587.0000000000001, 32.20000000000002, 448.2, 368.0000000000001, 407.20000000000005]","[1, 1, 1, 60, 1, 94, 120, 144, 144, 165, 186]","[20, 40, 75, 75, 203, 120, 203, 149, 203, 186, 203]",30736475.840000007,728.4,-728.4,0.0,,,,DWT,mdp.39015067403892,1.1175870895385742e-08,,0.0,33.0,11.0,0.0,33.0,,0.0,168.4000000000001,987.7999999999984,168.40000000000003,,0.0,168.4000000000001,,,28.00000000000003,0.0,33.0,0.0,0.0,,5.684341886080802e-14,5.6324427579970043e-14,1.0545188922799016e-26,0.9807945266305739,0.1733846144846075,0.08372129283366182,0.1669937930046742,0.05908643659200767,,0.9999996647345563,4.4059791007223055e-09,4.4059791007223055e-09,3.6787269888316428e-09,,6.125805465799743e-13,0.9999999955939887,0.0,,,,,,2.3840087137460624e-13,1.0,1.0,0.0,0.0,0.9999999009649922,0.37592186795671767,169,0.8074617614761685,0.40992238744157766,479,0,0.33333330606834005,0.47426771797804695,175,0.0,0.20914009479222598,0.3689797304232821,493,181.3945974939717,0.8098589124801135,329.0,254.0081579925811,0.7324975904119646,260,bior,0.8100315533562081,0.7923003667562746,0.1952878026237719,6,196.5,4.2135387172794246e-14,0.999999999970514,2.9107362248392263e-27,0.9671517339629814,0.7644147296534927,0.000219317348562619,0.13703885882931652,0.0005754966538618527,0.9999999997234199,2.0315811923854454e-05,4.745454029730922e-11,4.745454029730922e-11,3.962169481397382e-11,,6.125805465799743e-13,0.0031261328403480726,0.0,,,,,0.0,,1.1061813170906958e-13,1.0,1.0,0.0,0.0,1.0,0.40156916120447206,0.11457677215653295,1171,1.7176538059526225,0.7940458531710044,569,425.67828227430164,0.776898174908647,870.0,765.8609195402299,0.6604616660706757,558,0.5943810304597339,0.7715092316736338,0.3524805091760961,5,419.75,,,,,,,,,,,,,2.829129180362384e-19,0.9999999999715833,2.9107362248392263e-27,0.9761731759297214,0.23630797241474055,0.0013127137142951793,0.10367243818890637,1.0,0.0005754966538618527,0.9999999999999541,9.960751159770467e-05,3.8435400695480126e-14,3.8435400695480126e-14,3.20911916831812e-14,,0.0,4.786380409530668e-19,0.00456704015061846,0.0,,,,,0.13043478260869565,,3.499932525657665e-21,1.0,1.0,0.0,0.0,1.0,0.4544873153722995,0.14156097535167125,1208,1.8462134225509148,0.896169173581873,312,633.5676759431466,0.703940338344324,760.0,495.91578947368424,0.6744000757142181,601,1104.4,1082.5,563.6960149978129,300,0.520820561188399,0.7876173146100969,0.3991404127850916,6,452.25
coif4,1.0,antisymmetric,8.090672326602797e-27,320.39194634315004,6395275.4703250555,0.618421052631579,280.94888000217463,206,raw,5.937860774810744e-14,-2.090831952017452e-10,6.473826540118225,103329.35959392994,0.8605937437131134,5.618943883690066e-06,1.0,327.0000000000001,,,,[],[],13,661.1538461538462,86.99999999999991,940.0,"[8, 32, 51, 63, 81, 100, 111, 133, 152, 162, 175, 192, 204]","[877.9999999999998, 637.9999999999999, 787.0, 792.0, 940.0, 787.9999999999999, 636.9999999999999, 675.0, 770.9999999999999, 196.00000000000006, 834.0000000000002, 571.9999999999999, 86.99999999999991]","[0, 13, 42, 42, 76, 99, 107, 107, 107, 161, 99, 187, 203]","[76, 42, 61, 76, 205, 164, 119, 142, 164, 164, 205, 205, 205]",37754613.0,941.0,-941.0,0.0,,,,DWT,mdp.39015067403892,0.0,,0.0,33.0,19.0,0.0,28.5,,0.0,256.3413461538462,4359.0,256.3413461538461,,0.0,256.3413461538462,,,83.99999999999991,0.0,24.0,0.0,0.0,,1.1368683772161603e-13,5.6678056562056814e-14,4.9286179951526476e-27,0.9683961069178025,0.8401670614317024,0.0007419813155239405,0.45958646616541377,0.0036910831634731386,0.999999999723478,0.47422802461150126,6.6959667625959335e-09,6.6959667625959335e-09,6.081912306383589e-09,,5.718550876340534e-12,0.9999999933040264,0.0,,,,,,0.0,1.0,0.5,0.0,0.0,0.7922684098804766,0.25901821375015965,431,1.5868032051452576,0.7621469531476547,401,0,0.24785233644959098,0.2961384272002845,432,0.0,0.40907283733968136,0.7430180964147437,418,14.479871085982314,0.9848219380650081,420.5,420.11906010434984,0.7720231283616446,201,coif,0.5507900112560971,0.8749445204262634,0.351963635992853,2,151.25,5.667805656205681e-14,0.0001547883299646835,4.9286179951526476e-27,0.9683961069178024,0.8401670614317024,0.0017746939446558114,0.5938365650969533,0.00604805173299857,0.9999999997234779,0.9919828214562001,0.9855281704452468,0.9855281704452468,0.9855281704451335,,1.2251610931599486e-12,0.9999999999667601,0.0,,,,,1.0,,0.0,1.0,0.5,0.0,0.0,0.0,2.234570199821541,0.6375734627748595,433,1.6420088249592388,0.7590763015286215,1143,502.04581464244876,0.7368732627660122,788.0,628.0697969543147,0.6619376796010354,551,0.4784248188775415,0.776734912893196,0.43208215291776214,2,413.75,,,,,,,,,,,,,3.805578979216743e-19,0.03641360043841643,4.9286179951526476e-27,0.977075794516618,0.2597257314319064,0.0016764262068281741,0.44924837462347544,1.0,0.00604805173299857,0.9999999999999541,0.000849988472839121,0.0007982210227401261,0.0007982210227401261,0.0007982210227337863,,0.0,9.572760819061336e-19,0.020163910573049823,0.0,,,,,0.4782608695652174,,0.0,1.0,0.8604651162790697,0.0,0.0,0.9302325581395349,0.5744527218307418,0.17892707859001003,334,1.709989206203434,0.8300446714550918,1212,620.8397538817887,0.7098879654757997,773.0,523.6843467011643,0.6743365061023858,602,986.6382352941176,846.0,585.0035688138154,340,0.4652856568234462,0.8173890317607586,0.42908333069536003,4,452.5
coif2,1.0,reflect,6.117640253875634e-27,321.60595312020547,6044411.011247143,0.6203703703703703,283.33026858631877,206,raw,5.183124695351968e-14,-2.1563828500603964e-10,6.4106594076525045,61292.72696754292,0.7491085281314301,5.618943883690066e-06,1.0,327.0000000000001,,,,[],[],13,661.1538461538462,86.99999999999994,940.0000000000001,"[8, 32, 51, 63, 81, 100, 111, 133, 152, 162, 175, 192, 204]","[878.0000000000001, 638.0, 787.0000000000001, 792.0000000000001, 940.0000000000001, 788.0, 637.0000000000002, 675.0000000000001, 771.0, 195.9999999999999, 834.0000000000002, 572.0, 86.99999999999994]","[0, 13, 42, 42, 76, 99, 107, 107, 107, 161, 99, 187, 203]","[76, 42, 61, 76, 205, 164, 119, 142, 164, 164, 205, 205, 205]",37754613.0,941.0000000000001,-941.0000000000001,0.0,,,,DWT,mdp.39015067403892,0.0,,0.0,33.0,19.0,0.0,28.5,,1.1368683772161603e-13,256.3413461538462,4359.0,256.3413461538462,,0.0,256.3413461538462,,,83.99999999999994,0.0,24.0,1.1368683772161603e-13,1.1368683772161603e-13,,1.1368683772161603e-13,4.7141835259976204e-14,3.5323698540507426e-27,0.9728760667628139,0.8183459859220771,0.00034712457699069153,0.474206349206349,0.0002876714030423093,0.9999999997233792,0.47422802461153424,6.6959667625959335e-09,6.6959667625959335e-09,6.082000342865356e-09,,5.718550876340534e-12,0.9999999933040264,1.3612963731558036e-13,,,,,,0.0,1.0,0.5,1.4238426238064856e-13,1.4238426238064856e-13,0.7922684098806378,0.2590182137502124,408,1.5828698034403448,0.760257726988302,423,0,0.2478523364496361,0.2961384272003384,408,0.0,0.40825789969933735,0.741537887124479,430,11.05667219374799,0.9884101968618993,417.25,417.03120521941435,0.775520612057784,187,coif,0.5507900112560971,0.8749445204262634,0.351963635992853,2,140.75,4.71418352599762e-14,0.0001547883299646835,3.532369854050743e-27,0.9728760667628139,0.8183459859220772,0.0013802452824481525,0.6048245614035088,0.0026526914256993243,0.999999999723379,0.9919828214562006,0.9855281704452468,0.9855281704452468,0.9855281704451347,,1.2251610931599486e-12,0.9999999999667601,7.585973278963461e-14,,,,,1.0,,0.0,1.0,0.5,1.4238426238064856e-13,1.4238426238064856e-13,0.0,2.2345701998216363,0.6375734627748867,406,1.6366260931799896,0.7565879445423461,1164,535.986940139403,0.7190844129248412,785.0,602.0178343949044,0.6538294182024624,609,0.4784248188775415,0.776734912893196,0.43208215291776214,2,457.25,,,,,,,,,,,,,3.1652810309513144e-19,0.03641360043841643,3.532369854050743e-27,0.9803253789832289,0.25298005541396007,0.0015841875126956975,0.4575609976097055,1.0,0.0026526914256993243,0.9999999999999541,0.0008499884728391214,0.0007982210227401261,0.0007982210227401261,0.0007982210227337874,,0.0,9.572760819061336e-19,0.020163910573049823,7.054128794466933e-19,,,,,0.4782608695652174,,0.0,1.0,0.8604651162790697,4.770970844811595e-19,4.770970844811595e-19,0.9302325581395349,0.5744527218307418,0.17892707859001003,304,1.7104869045989337,0.8302862588871514,1207,638.5174234114525,0.701627372237639,755.5,485.6757114493713,0.6742949945300345,603,986.6382352941176,846.0,585.0035688138154,340,0.4652856568234462,0.8173890317607586,0.42908333069536003,4,453.25
coif13,1.0,antisymmetric,3.0613194948568223e-26,314.6127058971308,7626191.945430456,0.6063829787234043,291.4381372901924,206,raw,1.1882620022784195e-13,-2.2326307469456029e-10,6.805966619850011,160577.9568851297,0.9114279969481542,5.618943883690064e-06,1.0,327.0000000000001,,,,[],[],13,661.1538461538463,86.99999999999977,939.9999999999998,"[8, 32, 51, 63, 81, 100, 111, 133, 152, 162, 175, 192, 204]","[877.9999999999998, 638.0000000000002, 787.0, 792.0000000000003, 939.9999999999998, 788.0000000000001, 637.0000000000001, 675.0000000000002, 771.0000000000009, 195.99999999999994, 834.0, 572.0, 86.99999999999977]","[0, 13, 39, 39, 76, 99, 107, 107, 107, 161, 99, 187, 203]","[76, 39, 61, 76, 205, 164, 119, 142, 164, 164, 205, 205, 205]",37754613.00000001,940.9999999999998,-940.9999999999998,0.0,,,,DWT,mdp.39015067403892,7.450580596923828e-09,,0.0,33.0,19.0,0.0,28.5,,2.2737367544323206e-13,256.3413461538463,4358.999999999998,256.34134615384625,,0.0,256.3413461538463,,,83.99999999999977,0.0,19.5,2.2737367544323206e-13,2.2737367544323206e-13,,1.1368683772161603e-13,1.3179112100826444e-13,2.0867046355507742e-26,0.9470694013160184,0.954904797287188,0.002127233233156992,0.36930091185410363,0.00832610117313963,0.9999999997232643,0.4742280246113362,6.696054799077647e-09,6.696054799077647e-09,6.082044361106239e-09,,5.718550876340534e-12,0.9999999933039181,2.7225927463116073e-13,,,,,,7.374542113937972e-14,1.0,0.0,2.847685247612971e-13,2.847685247612971e-13,0.7422684098807523,0.2426715936831165,733,1.597808461150026,0.7674328148760953,361,0,0.2061856697830035,0.24635434483061394,731,0.0,0.41021605557337537,0.7450945770760119,397,204.3355084169171,0.7858118360409674,555.5,498.67723827593005,0.6017633603684921,533,coif,0.5507900112560971,0.8749445204262634,0.351963635992853,2,400.25,1.3179112100826442e-13,0.0001547883299646835,2.0867046355507742e-26,0.9470694013160184,0.9549047972871881,0.0031585142328967343,0.5259798432250844,0.010672104677931268,0.9999999997232641,0.9919828214561976,0.9855281704452481,0.9855281704452481,0.9855281704451354,,1.2251610931599486e-12,0.9999999999667596,1.5171946557926922e-13,,,,,1.0,,7.374542113937972e-14,1.0,0.25,2.847685247612971e-13,2.847685247612971e-13,0.0,2.2095701998217674,0.630440396840972,728,1.6619805120991944,0.7683089159817506,1040,220.61731573020282,0.8843724760323884,884.0,856.470588235294,0.7105300535298211,304,0.4784248188775415,0.776734912893196,0.43208215291776214,2,228.5,,,,,,,,,,,,,8.848954078150569e-19,0.036413600438416426,2.0867046355507742e-26,0.9616062515641931,0.2951952752118364,0.002000021616144515,0.39791350607553205,1.0,0.010672104677931268,0.9999999999999541,0.0008499884728391191,0.0007982210227401272,0.0007982210227401272,0.0007982210227337879,,0.0,9.572760819061336e-19,0.020163910573049813,1.4108257588933865e-18,,,,,0.4782608695652174,,2.3332883504384434e-21,1.0,0.7906976744186046,9.54194168962319e-19,9.54194168962319e-19,0.9302325581395349,0.5674759776446953,0.17675400427451057,750,1.6999197237853982,0.8251568509968806,1284,377.59502115361636,0.8235537284328895,1017.0,946.9026548672567,0.6741600417865382,604,986.6382352941176,846.0,585.0035688138154,340,0.4652856568234462,0.8173890317607586,0.42908333069536003,4,454.0
sym8,1.0,reflect,9.76897160882827e-22,267.34891026813443,5141888.893472672,0.5227272727272727,93.39985331604352,206,smoothed,2.4810578618552447e-11,-1.2354473000541356e-11,6.291333482328539,31884.349485719522,0.9806864906299185,0.00014966566451321328,0.9999999999999996,362.3999999999955,,,,[],[],11,426.5999999999413,32.19999999999675,728.3999999999097,"[9, 31, 53, 64, 80, 102, 131, 148, 158, 175, 192]","[310.9999999999402, 417.79999999996954, 589.599999999957, 432.19999999985555, 728.3999999999097, 370.9999999999228, 586.9999999999827, 32.19999999999675, 448.19999999995343, 367.99999999992883, 407.1999999999375]","[0, 0, 0, 60, 0, 94, 120, 144, 144, 165, 186]","[20, 40, 75, 75, 203, 120, 203, 149, 203, 186, 203]",30736475.83999852,728.3999999999355,-728.3999999999355,0.0,,,,DWT,mdp.39015067403892,1.475214958190918e-06,,0.0,33.0,11.0,0.0,33.0,,6.446043698815629e-11,168.39999999994137,987.8000000006441,168.3999999999495,,0.0,168.39999999994137,,,27.99999999999676,0.0,15.0,9.026734915096313e-11,6.446043698815629e-11,,4.490630090003833e-12,5.445652902772784e-11,2.8589821041515316e-21,0.780543323131221,0.22645498387555255,0.13956733088884854,0.06632262621902181,0.02847395104451367,,0.9999996618847132,4.344881879321305e-09,4.344881879321305e-09,3.6261467082266178e-09,,4.839386317981797e-11,0.9999999956550698,6.023262783496988e-11,,,,,,3.146891502144802e-11,1.0,0.0,9.909467844159187e-11,9.909467844159187e-11,0.8999999001974075,0.3383296771495511,629,0.6892557821826842,0.34991301046096274,822,0,0.24999997251616482,0.35570077847398585,629,0.0,0.17733745931623057,0.31287127414501287,826,112.59514495157714,0.8819757390444685,726.5,713.4131840156087,0.5602226703608086,711,sym,1.0,1.0,0.0,7,535.0,3.133024867536037e-11,0.9999999999705869,6.91316320459112e-22,0.7726552954456182,0.7771248646662845,0.0003656123301549973,0.054425837320574266,0.0002773337587015758,0.9999999997264429,2.0315811865956324e-05,4.679640008831143e-11,4.679640008831143e-11,3.9055370049112526e-11,,4.839386317981797e-11,0.0031261328405389754,6.023262783496988e-11,,,,,0.0,,1.4601593385597185e-11,1.0,0.0,8.073187676982773e-11,8.073187676982773e-11,1.0,0.30156916129753053,0.08604450844727639,1292,1.5742196840884533,0.727738388142391,1390,69.29646455628166,0.9636810982409425,1341.0,1339.2095451155853,0.6304254547808485,745,0.7763846615972358,0.5622554397616224,0.28785410495344815,6,560.25,,,,,,,,,,,,,2.1036313346778218e-16,0.9999999999716537,6.91316320459112e-22,0.8350932048400331,0.24023713039335767,0.001346923636531173,0.041174155299442905,0.9999999999999997,0.0002773337587015758,0.9999999999999546,9.960751159766087e-05,3.79025153277035e-14,3.79025153277035e-14,3.163246574400258e-14,,0.0,3.781240523529228e-17,0.004567040150621447,5.600978262806744e-16,,,,,0.13043478260869565,,4.619910933868119e-19,1.0,0.7209302325581395,2.705140469008174e-16,2.705140469008174e-16,1.0,0.4265803386281149,0.13286867808967387,1334,1.7384285455337,0.8438493913826526,1038,209.30360723121808,0.9021945760601785,1186.0,1167.531197301855,0.6739944842917716,605,1409.1368421052632,1454.5,398.32527672708756,380,0.6645304607900322,0.5565550872278735,0.3678621512786154,7,455.5
coif6,1.0,constant,1.1345320950451192e-26,316.69923087992345,4961817.750723375,0.5625,57.39663912677397,206,smoothed,7.314106170773264e-14,-2.1283845796915605e-10,6.194599919660287,41488.92744444445,0.9891622333407316,0.0001496656645132026,0.9999999999999999,362.4000000000001,,,,[],[],11,426.60000000000014,32.20000000000002,728.4,"[9, 31, 53, 64, 80, 102, 131, 148, 158, 175, 192]","[311.00000000000017, 417.79999999999995, 589.6000000000001, 432.20000000000005, 728.4, 371.0000000000001, 587.0000000000001, 32.20000000000002, 448.2000000000001, 368.0, 407.20000000000005]","[1, 1, 1, 60, 1, 94, 120, 144, 144, 165, 186]","[20, 40, 75, 75, 203, 120, 203, 149, 203, 186, 203]",30736475.840000004,728.4,-728.4,0.0,,,,DWT,mdp.39015067403892,7.450580596923828e-09,,0.0,33.0,11.0,0.0,33.0,,0.0,168.4000000000002,987.7999999999975,168.40000000000006,,0.0,168.4000000000002,,,28.00000000000003,0.0,33.0,0.0,0.0,,1.1368683772161603e-13,1.1184374688712453e-13,2.841532373099498e-26,0.9680455673901235,0.08692610017482624,0.06228892247874758,0.33952082883660717,0.1081231166155773,,0.9999996647345563,4.406097391567225e-09,4.406097391567225e-09,3.6787565615428943e-09,,1.2251610931599486e-12,0.9999999955939026,0.0,,,,,,1.5893391424973748e-13,1.0,1.0,0.0,0.0,0.9999999009652956,0.3759218679568317,159,0.8344924299417682,0.42364498915500554,396,0,0.3333333060683995,0.47426771797813155,160,0.0,0.22355779078514196,0.39441644826581757,373,130.24336195497003,0.8634765597956289,272.0,225.408930345622,0.7891806279062001,168,coif,0.5556920286951962,0.9053407607371553,0.33941335169221604,4,127.0,7.406715590295428e-14,0.9999999999705127,7.231822871445902e-27,0.9547691508686499,0.7437082713700081,0.00016317284242138162,0.27861842105263174,0.001053109569748473,0.9999999997234212,2.0315811923854454e-05,4.745570603148508e-11,4.745570603148508e-11,3.9622027880881205e-11,,1.2251610931599486e-12,0.003126132840347795,0.0,,,,,0.0,,7.374542113937972e-14,1.0,1.0,0.0,0.0,1.0,0.40156916120476055,0.11457677215661527,1132,1.7566658247569014,0.812080530268341,187,668.2159082212875,0.6497820187519459,659.5,320.9764973464746,0.6520660617868744,628,0.4784248188775415,0.776734912893196,0.43208215291776214,2,471.5,,,,,,,,,,,,,4.973148845462519e-19,0.9999999999715822,7.231822871445902e-27,0.9671913432633715,0.22990686450427594,0.0012995847664108175,0.2107800027059939,0.9999999999999999,0.001053109569748473,0.9999999999999541,9.960751159770467e-05,3.843648489765261e-14,3.843648489765261e-14,3.2091408523615694e-14,,0.0,9.572760819061336e-19,0.004567040150618456,0.0,,,,,0.13043478260869565,,2.3332883504384434e-21,1.0,1.0,0.0,0.0,1.0,0.4544873153722995,0.14156097535167125,1170,1.8806512754951195,0.9128856278314038,82,769.3321779309637,0.6404989822752507,626.0,153.258785942492,0.6739878088946347,606,986.6382352941176,846.0,585.0035688138154,340,0.4652856568234462,0.8173890317607586,0.42908333069536003,4,455.5
db22,1.0,periodic,1.079033049767512e-26,316.917051273276,5488910.279624825,0.532258064516129,114.01981241888362,206,smoothed,6.824314576220185e-14,-2.0121495580838246e-10,6.454623379031318,31461.418715810745,0.9782579579977124,0.00014966566451320284,1.0,362.4,,,,[],[],11,426.59999999999997,32.200000000000045,728.4,"[9, 31, 53, 64, 80, 102, 131, 148, 158, 175, 192]","[311.00000000000006, 417.79999999999995, 589.5999999999999, 432.1999999999997, 728.4, 371.0, 586.9999999999999, 32.200000000000045, 448.1999999999999, 368.0000000000001, 407.2000000000001]","[1, 1, 1, 60, 1, 94, 120, 144, 144, 165, 186]","[20, 40, 75, 75, 203, 120, 203, 149, 203, 186, 203]",30736475.839999992,728.4,-728.4,0.0,,,,DWT,mdp.39015067403892,3.725290298461914e-09,,0.0,33.0,11.0,0.0,33.0,,0.0,168.40000000000003,987.7999999999993,168.39999999999998,,0.0,168.40000000000003,,,28.000000000000057,0.0,33.0,0.0,0.0,,0.0,1.0108371161749601e-13,2.679108886449142e-26,0.9688731570003357,0.46198499412320915,0.2884932498154671,0.13178947661586246,0.024966656599893052,,0.9999996647593375,4.4059199552998455e-09,4.4059199552998455e-09,3.67866784340914e-09,,0.0,0.9999999955940747,0.0,,,,,,7.946695712486874e-14,1.0,1.0,0.0,0.0,0.9999999009720306,0.37592186795936355,141,1.019265469455872,0.5174483233884296,197,0,0.3333333060703333,0.47426771798088296,139,0.0,0.2680153620221241,0.47285163625113585,212,37.74806838325197,0.9604317941475347,172.25,166.11594765699348,0.8899381192959895,53,db,0.573477938514061,0.8443824841957417,0.34525069778143475,3,40.5,6.787855413250954e-14,0.9999999999705145,6.83907487777198e-27,0.9555729574322432,0.8335333325960886,0.0007557405348893739,0.1081494057724958,0.00024317302176418438,0.9999999997235964,2.0315811924354055e-05,4.745387416349445e-11,4.745387416349445e-11,3.962102868015904e-11,,0.0,0.0031261328403482946,0.0,,,,,0.0,,3.687271056968986e-14,1.0,1.0,0.0,0.0,1.0,0.40156916120412856,0.11457677215643494,1228,1.733845342423152,0.8015309600920468,403,583.3630944789018,0.6942541433548732,815.5,606.8473329245861,0.633421620943684,733,0.49117026184683504,0.8233619396015222,0.4091722348267588,4,550.75,,,,,,,,,,,,,4.557622727650737e-19,0.9999999999715838,6.83907487777198e-27,0.9677743925346997,0.2576750082447647,0.0014381520259178812,0.08181703117566708,1.0,0.0002431730217641848,0.9999999999999541,9.960751159770499e-05,3.8434858594393884e-14,3.8434858594393884e-14,3.2090649582094954e-14,,0.0,0.0,0.004567040150618464,0.0,,,,,0.13043478260869565,,1.1666441752192217e-21,1.0,1.0,0.0,0.0,1.0,0.4544873153722995,0.14156097535167125,1216,1.8430452973265903,0.8946313361198509,345,615.8900064134829,0.7122009315824847,780.5,537.501601537476,0.6737406527071301,607,1009.0473684210526,935.5,610.6543869996938,760,0.4758535102197843,0.8532293215616218,0.41093374637766444,5,456.5
db26,1.0,reflect,1.1750581008110072e-26,316.5468053339309,5912115.242937787,0.52734375,117.1672090357147,206,smoothed,7.585733551555343e-14,-2.1184640708327199e-10,6.552019564650742,30094.25675803597,0.982871021144393,0.0001496656645132028,0.9999999999999997,362.4000000000001,,,,[],[],11,426.60000000000014,32.2000000000001,728.4,"[9, 31, 53, 64, 80, 102, 131, 148, 158, 175, 192]","[311.00000000000017, 417.79999999999984, 589.6000000000005, 432.1999999999998, 728.4, 370.9999999999999, 587.0000000000001, 32.2000000000001, 448.20000000000016, 368.00000000000006, 407.19999999999976]","[1, 1, 1, 60, 1, 94, 120, 144, 144, 165, 186]","[20, 40, 75, 75, 203, 120, 203, 149, 203, 186, 203]",30736475.840000004,728.4,-728.4,0.0,,,,DWT,mdp.39015067403892,7.450580596923828e-09,,0.0,33.0,11.0,0.0,33.0,,0.0,168.4000000000002,987.7999999999975,168.40000000000003,,0.0,168.4000000000002,,,28.000000000000114,0.0,33.0,0.0,0.0,,1.1368683772161603e-13,1.178110199679925e-13,2.960135767510749e-26,0.9674664398059114,0.6024696478601177,0.47011372212853275,0.09803313187999166,0.013629010156163315,,0.9999996648089,4.406097391567225e-09,4.406097391567225e-09,3.6787269888316428e-09,,1.2251610931599486e-12,0.9999999955939026,0.0,,,,,,1.5893391424973748e-13,1.0,1.0,0.0,0.0,0.9999999009875897,0.37592186796521254,81,1.1614364056923692,0.5896239388631809,142,0,0.3333333060745924,0.47426771798694284,81,0.0,0.3073874216901193,0.5423146054485958,149,37.348583194904016,0.9608505417244193,113.25,104.04468256256926,0.92106992495026,28,db,0.573477938514061,0.8443824841957417,0.34525069778143475,3,21.75,7.74992149833946e-14,0.999999999970514,7.518611722975793e-27,0.9542066660964833,0.8671788288817446,0.0012315158016608953,0.0804481907894739,0.0001327453505866375,0.9999999997234362,2.0315811925353255e-05,4.745570603148508e-11,4.745570603148508e-11,3.962169481397382e-11,,1.2251610931599486e-12,0.003126132840347795,0.0,,,,,0.0,,7.374542113937972e-14,1.0,1.0,0.0,0.0,1.0,0.40156916120476094,0.11457677215661538,1125,1.7389615463361685,0.8038961052027958,354,545.1793282948281,0.7142665994261908,739.5,538.5395537525355,0.6633439915369947,541,0.49117026184683504,0.8233619396015222,0.4091722348267588,4,406.75,,,,,,,,,,,,,5.203590266432081e-19,0.9999999999715835,7.518611722975793e-27,0.9667833392094127,0.2680760362466127,0.0015494083021134195,0.060860548301989115,0.9999999999999997,0.00013274535058663793,0.9999999999999541,9.960751159770586e-05,3.843648489765261e-14,3.843648489765261e-14,3.20911916831812e-14,,0.0,9.572760819061336e-19,0.004567040150618456,0.0,,,,,0.13043478260869565,,2.3332883504384434e-21,1.0,1.0,0.0,0.0,1.0,0.4544873153722995,0.14156097535167125,1232,1.8392800432524976,0.8928036467581069,437,562.1498910433053,0.7373131350264929,834.5,645.1575793888557,0.6736799319992277,608,1009.0473684210526,935.5,610.6543869996938,760,0.4758535102197843,0.8532293215616218,0.41093374637766444,5,457.25
rbio1.1,1.0,zero,4.689601928132895e-27,320.53603894590907,4916497.513525565,0.5339805825242718,153.37455796706374,206,smoothed,5.1583333074234454e-14,-2.1415171858052476e-10,6.251701695249963,31688.2373984353,0.9479708511035823,0.0001496656645132027,0.9999999999999999,362.4000000000001,,,,[],[],11,426.60000000000014,32.19999999999999,728.4,"[9, 31, 53, 64, 80, 102, 131, 148, 158, 175, 192]","[311.0000000000001, 417.80000000000007, 589.6, 432.20000000000005, 728.4, 371.00000000000017, 587.0, 32.19999999999999, 448.2000000000001, 368.0000000000001, 407.2000000000001]","[1, 1, 1, 60, 1, 94, 120, 144, 144, 165, 186]","[20, 40, 75, 75, 203, 120, 203, 149, 203, 186, 203]",30736475.84000001,728.4,-728.4,0.0,,,,DWT,mdp.39015067403892,1.4901161193847656e-08,,0.0,33.0,11.0,0.0,33.0,,0.0,168.4000000000002,987.7999999999975,168.4000000000001,,0.0,168.4000000000002,,,28.0,0.0,33.0,0.0,0.0,,1.1368683772161603e-13,6.448443672150608e-14,8.936698749923184e-27,0.9826231854125504,0.16928993321880254,0.04283952183663018,0.14362142418571724,0.026847626163012936,,0.999999664709775,4.406097391567225e-09,4.406097391567225e-09,3.6787861342541454e-09,,1.2251610931599486e-12,0.9999999955939026,0.0,,,,,,3.1786782849947497e-13,1.0,1.0,0.0,0.0,0.9999999009579496,0.3759218679540702,219,0.763826258914758,0.3877700450761808,611,0,0.3333333060663501,0.47426771797521566,229,0.0,0.19503167011668257,0.3440886508880504,623,226.9882522657652,0.7620668215243551,420.5,328.5469539698923,0.6606455700913181,417,rbio,0.7685897546424816,0.816051598246696,0.21717169227625407,5,314.0,4.682859177247569e-14,0.9999999999705136,2.5217953756619697e-27,0.9689278412429513,0.7634340703454832,0.00011222294860600292,0.11785896780786931,0.00026149349854409426,0.9999999997234015,2.0315811923354854e-05,4.745570603148508e-11,4.745570603148508e-11,3.962224992548613e-11,,1.2251610931599486e-12,0.003126132840347795,0.0,,,,,0.0,,1.4749084227875944e-13,1.0,1.0,0.0,0.0,1.0,0.40156916120479735,0.11457677215662576,1104,1.7103780357959095,0.7906823726480132,647,323.1477990022522,0.8306353254705177,875.5,815.8629354654483,0.6858889415612546,429,0.3888041033402703,1.0,0.4278371276618108,3,322.5,,,,,,,,,,,,,3.144248679037427e-19,0.999999999971583,2.5217953756619697e-27,0.9774614934208818,0.23600481549780045,0.001287670537457888,0.08916249492626177,0.9999999999999999,0.00026149349854409426,0.9999999999999541,9.960751159770423e-05,3.843648489765261e-14,3.843648489765261e-14,3.209173378426744e-14,,0.0,9.572760819061336e-19,0.004567040150618456,0.0,,,,,0.13043478260869565,,4.666576700876887e-21,1.0,1.0,0.0,0.0,1.0,0.4544873153722995,0.14156097535167125,1224,1.840892734431537,0.8935864620618573,390,589.7270555095806,0.7244266095749623,807.0,591.5241635687732,0.6736619029183223,609,818.67,599.5,715.6978453131971,300,0.38607403914171184,1.0,0.42974817260080167,3,457.5
db22,1.0,symmetric,1.1279945060286468e-26,316.724328898531,5736131.195500056,0.5282258064516129,108.12939175532352,206,smoothed,7.177861325809555e-14,-2.0086792229534518e-10,6.496446715013089,31006.183294647253,0.9820765206917597,0.00014966566451320284,1.0,362.4,,,,[],[],11,426.59999999999997,32.200000000000045,728.4,"[9, 31, 53, 64, 80, 102, 131, 148, 158, 175, 192]","[310.99999999999994, 417.8000000000002, 589.5999999999999, 432.1999999999997, 728.4, 371.0, 586.9999999999999, 32.200000000000045, 448.1999999999999, 367.9999999999999, 407.20000000000005]","[1, 1, 1, 60, 1, 94, 120, 144, 144, 165, 186]","[20, 40, 75, 75, 203, 120, 203, 149, 203, 186, 203]",30736475.839999996,728.4,-728.4,0.0,,,,DWT,mdp.39015067403892,0.0,,0.0,33.0,11.0,0.0,33.0,,0.0,168.40000000000003,987.7999999999993,168.39999999999998,,0.0,168.40000000000003,,,28.000000000000057,0.0,33.0,0.0,0.0,,0.0,1.0885063848465743e-13,2.8223994673525413e-26,0.9681409251255348,0.5223111438194634,0.394589310588091,0.10409196298642986,0.02119146506207794,,0.9999996647593375,4.4059199552998455e-09,4.4059199552998455e-09,3.67866784340914e-09,,0.0,0.9999999955940747,0.0,,,,,,0.0,1.0,1.0,0.0,0.0,0.9999999009719909,0.3759218679593486,145,1.089448153498534,0.5530778166627994,166,0,0.3333333060703267,0.4742677179808736,145,0.0,0.28718925822595803,0.5066795785186538,179,16.740669042783207,0.9824521288859714,158.75,157.4568079449627,0.9080237583633212,37,db,0.573477938514061,0.8443824841957417,0.34525069778143475,3,28.5,7.234567864990803e-14,0.9999999999705145,7.185558562630482e-27,0.9548617682392249,0.8479811971246538,0.0010336711061219614,0.08542020373514442,0.00020640299089056714,0.9999999997236017,2.0315811924354055e-05,4.745387416349445e-11,4.745387416349445e-11,3.962102868015904e-11,,0.0,0.0031261328403482946,0.0,,,,,0.0,,0.0,1.0,1.0,0.0,0.0,1.0,0.4015691612041101,0.11457677215642968,1240,1.7316751376299533,0.800527706636316,429,573.46359954229,0.6994425578918815,834.5,637.459556620731,0.6310367925727751,743,0.49117026184683504,0.8233619396015222,0.4091722348267588,4,558.25,,,,,,,,,,,,,4.857562354944452e-19,0.9999999999715838,7.185558562630482e-27,0.967258524215695,0.2621413606579576,0.0015031438877396639,0.06462196830495687,1.0,0.00020640299089056714,0.9999999999999541,9.960751159770499e-05,3.8434858594393884e-14,3.8434858594393884e-14,3.2090649582094954e-14,,0.0,0.0,0.004567040150618464,0.0,,,,,0.13043478260869565,,0.0,1.0,1.0,0.0,0.0,1.0,0.4544873153722995,0.14156097535167125,1236,1.8381087153120614,0.8922350732770823,459,549.4219689819474,0.7432607621579685,847.5,669.4088495575221,0.6736163623873955,610,1009.0473684210526,935.5,610.6543869996938,760,0.4758535102197843,0.8532293215616218,0.41093374637766444,5,458.75
db7,1.0,constant,5.485355792719916e-27,322.0797444469699,5946429.748932802,0.6238532110091743,280.83627597766497,206,raw,4.772018810311158e-14,-2.028825996092138e-10,6.350271651123229,65101.56129075277,0.7840791459983812,5.618943883690066e-06,1.0,327.0,,,,[],[],13,661.153846153846,87.0,939.9999999999999,"[8, 32, 51, 63, 81, 100, 111, 133, 152, 162, 175, 192, 204]","[877.9999999999998, 638.0, 786.9999999999998, 791.9999999999999, 939.9999999999999, 788.0, 637.0, 675.0, 771.0, 196.0, 834.0, 571.9999999999999, 87.0]","[0, 13, 42, 42, 76, 99, 107, 107, 107, 161, 164, 187, 203]","[76, 39, 61, 76, 205, 164, 119, 142, 164, 164, 205, 205, 205]",37754613.0,940.9999999999999,-940.9999999999999,0.0,,,,DWT,mdp.39015067403892,0.0,,0.0,33.0,19.0,0.0,28.5,,1.1368683772161603e-13,256.34134615384596,4359.000000000002,256.341346153846,,0.0,256.34134615384596,,,84.0,0.0,28.5,1.1368683772161603e-13,1.1368683772161603e-13,,0.0,4.194744108029395e-14,3.0849235019415098e-27,0.9746244640196791,0.7974850453720641,0.00023685817447022337,0.500327653997379,0.0005960460448543157,0.9999999997235715,0.4742280246116003,6.695790689632508e-09,6.695790689632508e-09,6.0818682881427056e-09,,0.0,0.9999999933041348,1.3612963731558036e-13,,,,,,0.0,1.0,1.0,1.4238426238064856e-13,1.4238426238064856e-13,0.8422684098777072,0.27536483381638754,216,1.5840051100914092,0.7608030186175294,419,0,0.2895190031158004,0.3459225095695033,216,0.0,0.4091587584165075,0.7431741588787304,416,116.34252590232573,0.8780476667690505,316.75,284.70277219037825,0.7730123029862024,197,db,0.540986235965534,0.9305070477545101,0.3421575204977732,3,148.5,4.1947441080293936e-14,0.0001547883299646835,3.084923501941509e-27,0.9746244640196791,0.7974850453720642,0.0012700928379888881,0.6244567841622408,0.0029603365454463296,0.9999999997235713,0.9919828214562016,0.9855281704452442,0.9855281704452442,0.9855281704451329,,0.0,0.9999999999667607,7.585973278963461e-14,,,,,1.0,,0.0,1.0,0.75,1.4238426238064856e-13,1.4238426238064856e-13,0.0,2.2595701998210225,0.6447065287086636,216,1.6351655321883394,0.7559127488802727,1174,677.4082963767125,0.6449642052532953,695.0,364.8690647482015,0.640354220027067,707,0.49117026184683504,0.8233619396015222,0.4091722348267588,4,531.25,,,,,,,,,,,,,2.8165097692140497e-19,0.03641360043841643,3.084923501941509e-27,0.9815935967271224,0.246531191501732,0.0015584292363827364,0.4724131382204245,1.0,0.0029603365454463296,0.9999999999999541,0.0008499884728391221,0.000798221022740124,0.000798221022740124,0.0007982210227337859,,0.0,0.0,0.02016391057304983,7.054128794466933e-19,,,,,0.4782608695652174,,0.0,1.0,0.9302325581395349,4.770970844811595e-19,4.770970844811595e-19,0.9302325581395349,0.5814294660167882,0.18110015290550946,146,1.7140744384431856,0.8320276811957152,1183,733.2697320904498,0.6573505924810983,664.5,259.9217456734387,0.6734182868947547,611,1009.0473684210526,935.5,610.6543869996938,760,0.4758535102197843,0.8532293215616218,0.41093374637766444,5,459.5
coif11,1.0,antisymmetric,3.1665795796820217e-26,314.46588840048577,7257764.127390315,0.6111111111111112,290.98863961329977,206,raw,1.2358614671011838e-13,-2.2525903364823137e-10,6.744272353723465,149167.926150959,0.9040777142617441,5.618943883690062e-06,0.9999999999999998,327.00000000000006,,,,[],[],13,661.1538461538463,86.99999999999983,940.0000000000002,"[8, 32, 51, 63, 81, 100, 111, 133, 152, 162, 175, 192, 204]","[878.0000000000005, 638.0, 787.0000000000002, 792.0000000000003, 940.0000000000002, 787.9999999999998, 637.0000000000003, 675.0000000000005, 771.0000000000002, 196.0, 834.0, 572.0000000000001, 86.99999999999983]","[0, 13, 39, 39, 76, 99, 107, 107, 107, 161, 164, 187, 203]","[76, 39, 61, 76, 205, 164, 119, 142, 164, 164, 205, 205, 205]",37754613.00000001,941.0000000000002,-941.0000000000002,0.0,,,,DWT,mdp.39015067403892,7.450580596923828e-09,,0.0,33.0,19.0,0.0,28.5,,2.2737367544323206e-13,256.3413461538463,4358.999999999998,256.3413461538463,,0.0,256.3413461538463,,,83.99999999999983,0.0,24.0,2.2737367544323206e-13,2.2737367544323206e-13,,5.684341886080802e-14,1.3780539596827415e-13,2.161193641482781e-26,0.9465276115155444,0.9335925232119187,0.001712610996984741,0.4047619047619051,0.00740231088925334,0.9999999997232342,0.4742280246114022,6.696054799077647e-09,6.696054799077647e-09,6.082088379347123e-09,,2.859275438170267e-12,0.9999999933039181,2.7225927463116073e-13,,,,,,7.374542113937972e-14,1.0,0.5,2.847685247612971e-13,2.847685247612971e-13,0.7922684098793557,0.25901821374979317,452,1.600434820163577,0.7686942640044807,353,0,0.2478523364494411,0.2961384272001054,452,0.0,0.41174962013737226,0.747880062004516,379,50.774009099144415,0.9467777682398906,409.0,404.197086414967,0.7590282971178488,223,coif,0.5507900112560971,0.8749445204262634,0.351963635992853,2,167.75,1.3780539596827413e-13,0.0001547883299646835,2.1611936414827812e-26,0.9465276115155444,0.9335925232119188,0.0027443205002857336,0.5526315789473688,0.00975049980524341,0.9999999997232341,0.9919828214561985,0.9855281704452481,0.9855281704452481,0.985528170445136,,6.125805465799743e-13,0.9999999999667596,1.5171946557926922e-13,,,,,1.0,,7.374542113937972e-14,1.0,0.5,2.847685247612971e-13,2.847685247612971e-13,0.0,2.2345701998214613,0.6375734627748367,442,1.6610842566547983,0.7678945903961534,1045,426.38538905548813,0.7765275738702893,743.5,621.2373907195696,0.6934262607296939,373,0.4784248188775415,0.776734912893196,0.43208215291776214,2,280.25,,,,,,,,,,,,,9.25277523489723e-19,0.03641360043841641,2.1611936414827812e-26,0.9612132588185665,0.288606887941281,0.0019031656937538288,0.41807603842511193,0.9999999999999998,0.00975049980524341,0.9999999999999541,0.0008499884728391198,0.0007982210227401272,0.0007982210227401272,0.0007982210227337884,,0.0,4.786380409530668e-19,0.020163910573049813,1.4108257588933865e-18,,,,,0.4782608695652174,,2.3332883504384434e-21,1.0,0.8604651162790697,9.54194168962319e-19,9.54194168962319e-19,0.9302325581395349,0.5744527218307418,0.17892707859001003,530,1.7040376775323058,0.8271557440615381,1249,508.4097756731277,0.7624253384705011,889.5,744.2046093310848,0.6733855664315123,612,986.6382352941176,846.0,585.0035688138154,340,0.4652856568234462,0.8173890317607586,0.42908333069536003,4,460.0
bior2.4,1.0,periodic,3.3596743480551495e-27,324.2088206342204,6284328.825469994,0.6121495327102804,253.17809807960285,206,raw,3.539779041620401e-14,-2.136020249565745e-10,6.249401867768014,67281.31187928488,0.8287785121939683,5.618943883690066e-06,0.9999999999999998,327.0,,,,[],[],13,661.1538461538462,87.00000000000006,940.0000000000001,"[8, 32, 51, 63, 81, 100, 111, 133, 152, 162, 175, 192, 204]","[878.0, 638.0, 787.0, 792.0, 940.0000000000001, 788.0, 637.0000000000001, 675.0, 771.0, 196.0, 834.0000000000002, 572.0000000000001, 87.00000000000006]","[0, 13, 39, 39, 76, 99, 107, 107, 107, 161, 99, 187, 203]","[76, 39, 61, 76, 205, 164, 119, 142, 164, 164, 205, 205, 205]",37754613.0,941.0000000000001,-941.0000000000001,0.0,,,,DWT,mdp.39015067403892,0.0,,0.0,33.0,19.0,0.0,28.5,,1.1368683772161603e-13,256.3413461538462,4359.0,256.34134615384613,,0.0,256.3413461538462,,,84.00000000000006,0.0,19.5,1.1368683772161603e-13,1.1368683772161603e-13,,0.0,2.637787782331238e-14,1.5806505574142602e-27,0.9824812371498809,0.7626395953205171,0.0006171238977797616,0.4125500667556743,0.0007725251851734541,0.9999999997234098,0.47422802461166635,6.6959667625959335e-09,6.6959667625959335e-09,6.0819563246244724e-09,,0.0,0.9999999933040264,1.3612963731558036e-13,,,,,,0.0,1.0,0.0,1.4238426238064856e-13,1.4238426238064856e-13,0.742268409877805,0.24267159368215294,899,1.5364461385647878,0.7379602835346164,542,0,0.20618566978250025,0.24635434483001262,897,0.0,0.39488256850405773,0.7172436485036412,563,199.66033657188902,0.7907124354592359,725.25,683.9487242352271,0.5152461548365361,825,bior,0.672619891330026,0.76736776154697,0.2989557476048908,5,620.0,2.6377877823312374e-14,0.0001547883299646835,1.5806505574142602e-27,0.9824812371498809,0.7626395953205172,0.001649965564487248,0.5584849975405806,0.0031363981889631415,0.9999999997234097,0.9919828214562026,0.9855281704452468,0.9855281704452468,0.9855281704451341,,0.0,0.9999999999667601,7.585973278963461e-14,,,,,1.0,,0.0,1.0,0.25,1.4238426238064856e-13,1.4238426238064856e-13,0.0,2.209570199821024,0.6304403968407599,903,1.5963285174126094,0.7379589735471191,1304,283.5498192558056,0.8513889836185505,1103.5,1067.0702310829179,0.6365173429623151,723,0.5943810304597339,0.7715092316736338,0.3524805091760961,5,543.5,,,,,,,,,,,,,1.771110434085467e-19,0.03641360043841643,1.5806505574142602e-27,0.9872925870763373,0.23575921481141787,0.0016472594634461147,0.42250425814674847,0.9999999999999998,0.003136398188963141,0.9999999999999541,0.0008499884728391229,0.0007982210227401261,0.0007982210227401261,0.0007982210227337869,,0.0,0.0,0.020163910573049823,7.054128794466933e-19,,,,,0.4782608695652174,,0.0,1.0,0.7906976744186046,4.770970844811595e-19,4.770970844811595e-19,0.9302325581395349,0.5674759776446953,0.17675400427451057,969,1.6922591320490254,0.8214383284893106,1326,252.43712088359746,0.8820387285590666,1147.5,1119.7333333333333,0.6729118876440192,613,1104.4,1082.5,563.6960149978129,300,0.520820561188399,0.7876173146100969,0.3991404127850916,6,461.25
db20,1.0,periodic,9.11410063904909e-27,319.87465427047147,6647351.123932385,0.6147540983606558,288.6655138317133,206,raw,6.461282426032075e-14,-2.1013069062547908e-10,6.609148561106519,62810.37422053304,0.741003888957306,5.618943883690064e-06,1.0,327.0000000000001,,,,[],[],13,661.1538461538462,86.99999999999997,940.0,"[8, 32, 51, 63, 81, 100, 111, 133, 152, 162, 175, 192, 204]","[878.0000000000003, 638.0, 787.0, 792.0000000000002, 940.0, 787.9999999999999, 637.0, 675.0, 771.0, 196.0000000000001, 834.0000000000002, 571.9999999999999, 86.99999999999997]","[0, 13, 42, 42, 76, 99, 107, 107, 107, 161, 99, 187, 203]","[76, 42, 61, 76, 205, 164, 119, 142, 164, 164, 205, 205, 205]",37754613.0,941.0,-941.0,0.0,,,,DWT,mdp.39015067403892,0.0,,0.0,33.0,19.0,0.0,28.5,,0.0,256.3413461538462,4359.0,256.3413461538462,,0.0,256.3413461538462,,,83.99999999999997,0.0,24.0,0.0,0.0,,1.1368683772161603e-13,6.329157993293695e-14,5.652863636445777e-27,0.9664871820604276,0.886914031300932,0.0010256628565629112,0.43208430913348955,0.0004105446730047055,0.9999999997234622,0.47422802461156727,6.6959667625959335e-09,6.6959667625959335e-09,6.082000342865356e-09,,5.718550876340534e-12,0.9999999933040264,0.0,,,,,,0.0,1.0,0.5,0.0,0.0,0.7922684098805228,0.25901821375017475,427,1.5968600977270055,0.7669773127123815,367,0,0.2478523364496038,0.2961384272002998,427,0.0,0.41086521621849276,0.7462736778687686,389,29.68164415931166,0.9688871654514553,402.5,400.82849337046184,0.773489704319019,194,db,0.540986235965534,0.9305070477545101,0.3421575204977732,3,146.25,6.329157993293695e-14,0.0001547883299646835,5.652863636445777e-27,0.9664871820604276,0.8869140313009322,0.0020580823066513273,0.5731665228645386,0.0027752740142972946,0.9999999997234621,0.9919828214562011,0.9855281704452468,0.9855281704452468,0.9855281704451347,,1.2251610931599486e-12,0.9999999999667601,0.0,,,,,1.0,,0.0,1.0,0.5,0.0,0.0,0.0,2.2345701998215413,0.6375734627748596,430,1.6548015211799758,0.7649901750634104,1088,465.2762620207483,0.7561445167606141,759.0,616.3899868247694,0.6791728873111247,464,0.49117026184683504,0.8233619396015222,0.4091722348267588,4,349.0,,,,,,,,,,,,,4.2496359396247515e-19,0.036413600438416426,5.652863636445777e-27,0.975691136443988,0.27417689418139723,0.0017426943297735294,0.43361110433380445,1.0,0.0027752740142972946,0.9999999999999541,0.0008499884728391218,0.0007982210227401261,0.0007982210227401261,0.0007982210227337874,,0.0,9.572760819061336e-19,0.020163910573049823,0.0,,,,,0.4782608695652174,,0.0,1.0,0.8604651162790697,0.0,0.0,0.9302325581395349,0.5744527218307418,0.17892707859001003,337,1.7088531075927254,0.8294931986185117,1218,622.9610742253484,0.7088966942872204,777.5,527.9305466237943,0.6727894686389373,614,1009.0473684210526,935.5,610.6543869996938,760,0.4758535102197843,0.8532293215616218,0.41093374637766444,5,461.75
db15,1.0,antireflect,1.0102933954321759e-26,319.42731732959356,6316206.36751263,0.6111111111111112,297.9531288948463,206,raw,6.8657054151965e-14,-2.0308954518100385e-10,6.543935446123234,105202.99108244127,0.8711884705757215,5.618943883690066e-06,1.0,327.0,,,,[],[],13,661.1538461538462,87.00000000000009,939.9999999999998,"[8, 32, 51, 63, 81, 100, 111, 133, 152, 162, 175, 192, 204]","[878.0, 637.9999999999999, 787.0, 792.0000000000001, 939.9999999999998, 788.0, 637.0000000000001, 675.0, 770.9999999999999, 195.9999999999999, 834.0, 571.9999999999999, 87.00000000000009]","[0, 13, 39, 39, 76, 99, 107, 107, 107, 161, 99, 187, 203]","[76, 39, 61, 76, 205, 164, 119, 142, 164, 164, 205, 205, 205]",37754613.0,940.9999999999998,-940.9999999999998,0.0,,,,DWT,mdp.39015067403892,0.0,,0.0,33.0,19.0,0.0,28.5,,2.2737367544323206e-13,256.3413461538462,4359.0,256.34134615384613,,0.0,256.3413461538462,,,84.00000000000009,0.0,19.5,2.2737367544323206e-13,2.2737367544323206e-13,,0.0,6.840153456381472e-14,6.352627566993913e-27,0.9648364074764635,0.8643861714674912,0.000652998327228932,0.4047619047619051,0.0038427779840214003,0.9999999997235682,0.47422802461169933,6.6959667625959335e-09,6.6959667625959335e-09,6.0819563246244724e-09,,0.0,0.9999999933040264,2.7225927463116073e-13,,,,,,0.0,1.0,0.0,2.847685247612971e-13,2.847685247612971e-13,0.74226840987794,0.24267159368219707,876,1.5748633023710568,0.7564121774106701,450,0,0.2061856697825381,0.24635434483005786,874,0.0,0.40481003246759334,0.7352753648707857,473,238.92031447046662,0.7495594187940602,668.25,604.0375928038416,0.5245438603404263,780,db,0.540986235965534,0.9305070477545101,0.3421575204977732,3,585.75,6.840153456381471e-14,0.0001547883299646835,6.3526275669939125e-27,0.9648364074764635,0.8643861714674912,0.0016858029184507455,0.5526315789473688,0.00619938768902384,0.9999999997235681,0.9919828214562032,0.9855281704452468,0.9855281704452468,0.9855281704451341,,0.0,0.9999999999667601,1.5171946557926922e-13,,,,,1.0,,0.0,1.0,0.25,2.847685247612971e-13,2.847685247612971e-13,0.0,2.209570199821119,0.630440396840787,877,1.6355166547218432,0.7560750676145352,1170,207.18228688765842,0.8914138957611853,1023.5,1002.5305324865657,0.6774941596206345,472,0.49117026184683504,0.8233619396015222,0.4091722348267588,4,355.0,,,,,,,,,,,,,4.592737610846097e-19,0.03641360043841643,6.3526275669939125e-27,0.9744937302993996,0.2672127258136618,0.001655639744703137,0.41807603842511193,1.0,0.00619938768902384,0.9999999999999541,0.0008499884728391233,0.0007982210227401261,0.0007982210227401261,0.0007982210227337869,,0.0,0.0,0.020163910573049823,1.4108257588933865e-18,,,,,0.4782608695652174,,0.0,1.0,0.7906976744186046,9.54194168962319e-19,9.54194168962319e-19,0.9302325581395349,0.5674759776446953,0.17675400427451057,741,1.699764671535983,0.8250815871923155,1288,386.7874093090415,0.819258219949046,1014.5,940.7668802365698,0.6725963996941491,615,1009.0473684210526,935.5,610.6543869996938,760,0.4758535102197843,0.8532293215616218,0.41093374637766444,5,462.5
db36,1.0,symmetric,1.916349161678444e-26,316.64704605799375,7662980.659337824,0.605072463768116,282.60368639454254,206,raw,9.982090666455e-14,-2.0346568874174652e-10,6.817142724323275,59155.27412427082,0.7883804875140609,5.618943883690062e-06,1.0,327.0,,,,[],[],13,661.1538461538462,87.00000000000014,940.0,"[8, 32, 51, 63, 81, 100, 111, 133, 152, 162, 175, 192, 204]","[878.0000000000001, 638.0000000000001, 786.9999999999998, 792.0000000000003, 940.0, 788.0000000000001, 637.0, 675.0000000000002, 770.9999999999999, 196.00000000000006, 834.0000000000002, 572.0, 87.00000000000014]","[0, 13, 39, 39, 76, 99, 107, 107, 107, 161, 99, 187, 203]","[76, 39, 61, 76, 205, 164, 119, 142, 164, 164, 205, 205, 205]",37754613.0,941.0,-941.0,0.0,,,,DWT,mdp.39015067403892,0.0,,0.0,33.0,19.0,0.0,28.5,,0.0,256.3413461538462,4359.0,256.3413461538462,,0.0,256.3413461538462,,,84.00000000000014,0.0,19.5,0.0,0.0,,0.0,1.0777760287083458e-13,1.276447812352033e-26,0.9545765770616641,0.9587655807372979,0.0021686346097069906,0.35947204968944113,0.00011461681494497012,0.9999999997235626,0.4742280246117654,6.6959667625959335e-09,6.6959667625959335e-09,6.082000342865356e-09,,0.0,0.9999999933040264,0.0,,,,,,0.0,1.0,0.0,0.0,0.0,0.7422684098777229,0.2426715936821261,915,1.5970477204017128,0.7670674285184284,366,0,0.2061856697824771,0.24635434482998497,915,0.0,0.40938718232959065,0.7435890558984847,412,304.26633070387527,0.6810625464319966,652.0,544.5720476706392,0.4988121956478641,882,db,0.540986235965534,0.9305070477545101,0.3421575204977732,3,662.25,1.0777760287083458e-13,0.0001547883299646835,1.276447812352033e-26,0.954576577061664,0.9587655807372979,0.003199872821974802,0.518592677345538,0.0024800462329391793,0.9999999997235625,0.9919828214562042,0.9855281704452468,0.9855281704452468,0.9855281704451347,,0.0,0.9999999999667601,0.0,,,,,1.0,,0.0,1.0,0.25,0.0,0.0,0.0,2.2095701998209294,0.6304403968407329,918,1.6622041988364722,0.7684123230394063,1036,83.43860018001261,0.956269077473788,977.0,973.4370522006141,0.7221072850681309,276,0.49117026184683504,0.8233619396015222,0.4091722348267588,4,208.0,,,,,,,,,,,,,7.236595691430212e-19,0.03641360043841641,1.276447812352033e-26,0.9670516578926301,0.2963887816601507,0.002009692994484022,0.3923249780873332,1.0,0.0024800462329391793,0.9999999999999541,0.0008499884728391241,0.0007982210227401261,0.0007982210227401261,0.0007982210227337874,,0.0,0.0,0.020163910573049823,0.0,,,,,0.4782608695652174,,0.0,1.0,0.7906976744186046,0.0,0.0,0.9302325581395349,0.5674759776446953,0.17675400427451057,768,1.698276321922511,0.8243591284414398,1293,371.23106012293744,0.8265275419986273,1030.5,963.6331877729258,0.6724927429619305,616,1009.0473684210526,935.5,610.6543869996938,760,0.4758535102197843,0.8532293215616218,0.41093374637766444,5,463.25
db15,1.0,reflect,9.259342951734636e-27,319.8059907686374,6439587.161628159,0.6068376068376068,304.2605222185449,206,raw,6.497499410136351e-14,-2.0380552800958464e-10,6.556854776548628,58997.68763726748,0.7692959877871399,5.618943883690066e-06,1.0,327.0,,,,[],[],13,661.1538461538462,87.00000000000006,939.9999999999998,"[8, 32, 51, 63, 81, 100, 111, 133, 152, 162, 175, 192, 204]","[878.0, 637.9999999999999, 787.0, 792.0000000000001, 939.9999999999998, 788.0, 637.0000000000001, 675.0, 770.9999999999999, 195.9999999999999, 834.0, 572.0, 87.00000000000006]","[0, 13, 39, 39, 76, 99, 107, 107, 107, 161, 99, 187, 203]","[76, 39, 61, 76, 205, 164, 119, 142, 164, 164, 205, 205, 205]",37754613.0,940.9999999999998,-940.9999999999998,0.0,,,,DWT,mdp.39015067403892,0.0,,0.0,33.0,19.0,0.0,28.5,,2.2737367544323206e-13,256.3413461538462,4359.0,256.34134615384613,,0.0,256.3413461538462,,,84.00000000000006,0.0,19.5,2.2737367544323206e-13,2.2737367544323206e-13,,0.0,6.374918781032899e-14,5.755646714277973e-27,0.9662337981940042,0.868849152035737,0.0007918489195349531,0.3727106227106223,0.00010185814067343766,0.9999999997235575,0.47422802461166635,6.6959667625959335e-09,6.6959667625959335e-09,6.0819563246244724e-09,,0.0,0.9999999933040264,2.7225927463116073e-13,,,,,,0.0,1.0,0.0,2.847685247612971e-13,2.847685247612971e-13,0.7422684098779301,0.24267159368219382,877,1.5636857716239991,0.7510435715400988,478,0,0.20618566978253533,0.24635434483005456,877,0.0,0.4010859099655242,0.7285110672696594,504,223.10983842045155,0.766132244842294,684.0,629.2594074032156,0.5245755563834111,779,db,0.540986235965534,0.9305070477545101,0.3421575204977732,3,585.0,6.374918781032897e-14,0.0001547883299646835,5.755646714277972e-27,0.9662337981940042,0.8688491520357371,0.0018245100115227794,0.5285425101214574,0.002467317741870606,0.9999999997235574,0.9919828214562026,0.9855281704452468,0.9855281704452468,0.9855281704451341,,0.0,0.9999999999667601,1.5171946557926922e-13,,,,,1.0,,0.0,1.0,0.25,2.847685247612971e-13,2.847685247612971e-13,0.0,2.2095701998211186,0.6304403968407869,878,1.6275274774737953,0.7523817895848905,1199,226.98127676088177,0.8810370666871689,1038.5,1013.6947520462206,0.6683749274735635,515,0.49117026184683504,0.8233619396015222,0.4091722348267588,4,387.25,,,,,,,,,,,,,4.280361462420692e-19,0.03641360043841643,5.755646714277972e-27,0.975507341877763,0.2685923929604299,0.0016880752993334144,0.3998522111091451,1.0,0.002467317741870606,0.9999999999999541,0.0008499884728391229,0.0007982210227401261,0.0007982210227401261,0.0007982210227337869,,0.0,0.0,0.020163910573049823,1.4108257588933865e-18,,,,,0.4782608695652174,,0.0,1.0,0.7906976744186046,9.54194168962319e-19,9.54194168962319e-19,0.9302325581395349,0.5674759776446953,0.17675400427451057,951,1.6922965309284523,0.8214564822533661,1325,264.45793616376875,0.8764215251571175,1138.0,1107.2715289982425,0.672322912111269,617,1009.0473684210526,935.5,610.6543869996938,760,0.4758535102197843,0.8532293215616218,0.41093374637766444,5,464.0
coif4,1.0,symmetric,8.440467037896526e-27,320.20812768668486,6395533.751145865,0.618421052631579,280.94888000217463,206,raw,6.270712104911955e-14,-2.0898061059426983e-10,6.473565097477528,61432.36003682813,0.7650472295542764,5.6189438836900665e-06,0.9999999999999999,327.0000000000001,,,,[],[],13,661.1538461538462,86.99999999999989,940.0,"[8, 32, 51, 63, 81, 100, 111, 133, 152, 162, 175, 192, 204]","[877.9999999999998, 638.0, 787.0, 792.0, 940.0, 787.9999999999999, 636.9999999999999, 675.0, 770.9999999999999, 196.00000000000006, 834.0000000000002, 571.9999999999999, 86.99999999999989]","[0, 13, 42, 42, 76, 99, 107, 107, 107, 161, 99, 187, 203]","[76, 42, 61, 76, 205, 164, 119, 142, 164, 164, 205, 205, 205]",37754613.0,941.0,-941.0,0.0,,,,DWT,mdp.39015067403892,0.0,,0.0,33.0,19.0,0.0,28.5,,0.0,256.3413461538462,4359.0,256.3413461538461,,0.0,256.3413461538462,,,83.99999999999989,0.0,24.0,0.0,0.0,,1.1368683772161603e-13,6.08836908638027e-14,5.1761558948970094e-27,0.9677177744609399,0.840076746114521,0.0007422719802518484,0.45958646616541377,0.0002989765148093265,0.9999999997234795,0.47422802461146824,6.6959667625959335e-09,6.6959667625959335e-09,6.081912306383589e-09,,5.718550876340534e-12,0.9999999933040264,0.0,,,,,,0.0,1.0,0.5,0.0,0.0,0.7922684098804668,0.25901821375015643,434,1.5849943506854496,0.7612781542249148,413,0,0.2478523364495882,0.29613842720028116,435,0.0,0.4085527793699345,0.742073490839806,427,10.1447851956888,0.989366053253995,427.25,427.06635882758627,0.7707574501070813,204,coif,0.5507900112560971,0.8749445204262634,0.351963635992853,2,153.5,6.088369086380268e-14,0.0001547883299646835,5.176155894897009e-27,0.9677177744609398,0.8400767461145211,0.0017749843089876957,0.5938365650969533,0.002663969792957024,0.9999999997234794,0.9919828214561996,0.9855281704452468,0.9855281704452468,0.9855281704451335,,1.2251610931599486e-12,0.9999999999667601,0.0,,,,,1.0,,0.0,1.0,0.5,0.0,0.0,0.0,2.2345701998215404,0.6375734627748593,436,1.640203180232682,0.7582415787792213,1152,506.288455329568,0.7346496565358658,794.0,632.5843828715365,0.6592535494419371,565,0.4784248188775415,0.776734912893196,0.43208215291776214,2,424.25,,,,,,,,,,,,,4.0879611649127767e-19,0.03641360043841644,5.176155894897009e-27,0.9765837591655704,0.2596978117324904,0.001676494106226402,0.44924837462347544,0.9999999999999999,0.002663969792957024,0.9999999999999541,0.0008499884728391206,0.0007982210227401261,0.0007982210227401261,0.0007982210227337863,,0.0,9.572760819061336e-19,0.020163910573049823,0.0,,,,,0.4782608695652174,,0.0,1.0,0.8604651162790697,0.0,0.0,0.9302325581395349,0.5744527218307418,0.17892707859001003,378,1.7083264263167801,0.8292375426266098,1227,600.3336572273788,0.719470253632066,802.5,577.9514018691589,0.6722351268160329,618,986.6382352941176,846.0,585.0035688138154,340,0.4652856568234462,0.8173890317607586,0.42908333069536003,4,464.5
coif16,1.0,symmetric,2.7264135757936727e-26,312.8914813864537,6917813.082192149,0.5233333333333333,97.96420887080552,206,smoothed,1.1610130332856784e-13,-2.1884947187800257e-10,6.781172906366401,30808.97544004142,0.9822938945607935,0.00014966566451320244,1.0,362.4,,,,[],[],11,426.6000000000002,32.20000000000013,728.4000000000003,"[9, 31, 53, 64, 80, 102, 131, 148, 158, 175, 192]","[311.0000000000004, 417.8000000000003, 589.6000000000003, 432.2000000000004, 728.4000000000003, 371.00000000000017, 587.0000000000006, 32.20000000000013, 448.20000000000005, 368.00000000000006, 407.20000000000016]","[1, 1, 1, 60, 1, 94, 120, 144, 144, 165, 186]","[20, 40, 75, 75, 203, 120, 203, 149, 203, 186, 203]",30736475.84000001,728.4000000000003,-728.4000000000003,0.0,,,,DWT,mdp.39015067403892,1.4901161193847656e-08,,0.0,33.0,11.0,0.0,33.0,,3.410605131648481e-13,168.40000000000026,987.7999999999965,168.40000000000026,,0.0,168.40000000000026,,,28.000000000000142,0.0,33.0,3.410605131648481e-13,3.410605131648481e-13,,0.0,2.0622138018516899e-13,7.500332162248928e-26,0.9535783548826787,0.933001358715535,0.9017138506802678,0.07048564644938504,0.019556053164656112,,0.9999996648336812,4.406156536989685e-09,4.406156536989685e-09,3.6789635705216543e-09,,0.0,0.9999999955938166,2.275791983689038e-13,,,,,,3.1786782849947497e-13,1.0,1.0,5.243104679449306e-13,5.243104679449306e-13,0.9999999009948782,0.37592186796795246,72,1.525521297473187,0.7744581380670601,36,0,0.33333330607669737,0.4742677179899378,72,0.0,0.41119075198467564,0.7254517741831488,46,18.35755975068582,0.9807572748944593,56.5,51.75,0.9607664781180891,3,coif,0.5556920286951962,0.9053407607371553,0.33941335169221604,4,3.25,1.28348166502172e-13,0.9999999999705116,1.849703031066157e-26,0.9407176932054706,0.9463398130466344,0.0023621409106318967,0.05784210526315803,0.00019047422400365974,0.9999999997233306,2.0315811925852856e-05,4.7456372165299854e-11,4.7456372165299854e-11,3.9624192815779224e-11,,0.0,0.0031261328403475175,2.275791983689038e-13,,,,,0.0,,1.4749084227875944e-13,1.0,1.0,4.2715278714194565e-13,4.2715278714194565e-13,1.0,0.401569161204471,0.11457677215653266,1172,1.7619946245773044,0.814543955310748,155,719.1275964667188,0.6230987439901893,663.5,273.79050489826676,0.6376762063766459,718,0.4784248188775415,0.776734912893196,0.43208215291776214,2,539.0,,,,,,,,,,,,,8.6177810971144425e-19,0.9999999999715811,1.849703031066157e-26,0.9569989754441925,0.2925475318061502,0.0018137960250206202,0.043758625355161784,1.0,0.00019047422400365974,0.9999999999999541,9.960751159770619e-05,3.8436918578521606e-14,3.8436918578521606e-14,3.209325166730892e-14,,0.0,0.0,0.004567040150618451,2.11623863834008e-18,,,,,0.13043478260869565,,4.666576700876887e-21,1.0,1.0,1.4312912534434783e-18,1.4312912534434783e-18,1.0,0.4544873153722995,0.14156097535167125,1238,1.8389596890052233,0.8926481438257121,442,562.8569978244918,0.7369827112969665,840.0,651.4238095238094,0.6722296734054926,619,986.6382352941176,846.0,585.0035688138154,340,0.4652856568234462,0.8173890317607586,0.42908333069536003,4,465.25
bior2.4,1.0,antisymmetric,3.363534405300114e-27,324.2038337245259,6249233.719515478,0.6121495327102804,259.4682371623259,206,raw,3.538054423329721e-14,-2.135380761103561e-10,6.243774267179312,74660.17491898514,0.846790217027861,5.618943883690066e-06,0.9999999999999998,327.0,,,,[],[],13,661.1538461538462,87.00000000000003,940.0000000000001,"[8, 32, 51, 63, 81, 100, 111, 133, 152, 162, 175, 192, 204]","[878.0, 638.0, 787.0, 792.0, 940.0000000000001, 788.0, 637.0000000000001, 675.0, 771.0, 196.0, 834.0000000000002, 572.0000000000001, 87.00000000000003]","[0, 13, 39, 39, 76, 99, 107, 107, 107, 161, 99, 187, 203]","[76, 39, 61, 76, 205, 164, 119, 142, 164, 164, 205, 205, 205]",37754613.0,941.0000000000001,-941.0000000000001,0.0,,,,DWT,mdp.39015067403892,0.0,,0.0,33.0,19.0,0.0,28.5,,1.1368683772161603e-13,256.3413461538462,4359.0,256.34134615384613,,0.0,256.3413461538462,,,84.00000000000003,0.0,19.5,1.1368683772161603e-13,1.1368683772161603e-13,,0.0,2.6356086972008e-14,1.5833821895186387e-27,0.9824628343241272,0.7606955416237513,0.0005776284780609986,0.4125500667556743,0.0013699400511815421,0.9999999997234108,0.4742280246116333,6.6959667625959335e-09,6.6959667625959335e-09,6.0819563246244724e-09,,0.0,0.9999999933040264,1.3612963731558036e-13,,,,,,0.0,1.0,0.0,1.4238426238064856e-13,1.4238426238064856e-13,0.7422684098777951,0.2426715936821497,902,1.535682288257497,0.737593403645242,546,0,0.20618566978249747,0.24635434483000931,902,0.0,0.3947070013695291,0.7169247577189612,564,200.4752686326504,0.7898582089804503,728.5,687.0672533930943,0.5131156872994496,838,bior,0.672619891330026,0.76736776154697,0.2989557476048908,5,629.75,2.635608697200799e-14,0.0001547883299646835,1.5833821895186387e-27,0.9824628343241272,0.7606955416237514,0.0016105109624731954,0.5584849975405806,0.003732399750283945,0.9999999997234107,0.9919828214562021,0.9855281704452468,0.9855281704452468,0.9855281704451341,,0.0,0.9999999999667601,7.585973278963461e-14,,,,,1.0,,0.0,1.0,0.25,1.4238426238064856e-13,1.4238426238064856e-13,0.0,2.209570199821024,0.6304403968407599,901,1.5955641221922958,0.7376056049854391,1310,289.20667350529794,0.8484241753116887,1105.5,1067.670737222976,0.6345108297942091,728,0.5943810304597339,0.7715092316736338,0.3524805091760961,5,547.25,,,,,,,,,,,,,1.7696473139523273e-19,0.03641360043841643,1.5833821895186387e-27,0.9872792383993894,0.23515823818246628,0.0016380333173947514,0.42250425814674847,0.9999999999999998,0.003732399750283945,0.9999999999999541,0.0008499884728391225,0.0007982210227401261,0.0007982210227401261,0.0007982210227337869,,0.0,0.0,0.020163910573049823,7.054128794466933e-19,,,,,0.4782608695652174,,0.0,1.0,0.7906976744186046,4.770970844811595e-19,4.770970844811595e-19,0.9302325581395349,0.5674759776446953,0.17675400427451057,958,1.6921844220798836,0.8214020635751429,1327,260.92240225783604,0.8780736438047495,1142.5,1112.7054704595187,0.6720975695659261,620,1104.4,1082.5,563.6960149978129,300,0.520820561188399,0.7876173146100969,0.3991404127850916,6,466.5
coif16,1.0,antireflect,4.2580459963770657e-26,313.17968898379536,7905653.1961522,0.6066666666666667,289.9791637352723,206,raw,1.3908184205187686e-13,-2.2899160345702127e-10,6.911171810631751,166739.26262942026,0.9133740032511847,5.618943883690061e-06,1.0,327.0000000000002,,,,[],[],13,661.1538461538463,87.00000000000003,940.0000000000002,"[8, 32, 51, 63, 81, 100, 111, 133, 152, 162, 175, 192, 204]","[878.0000000000002, 638.0000000000005, 787.0, 792.0000000000005, 940.0000000000002, 788.0000000000002, 637.0000000000001, 675.0000000000003, 771.0000000000002, 196.0000000000001, 834.0, 571.9999999999998, 87.00000000000003]","[0, 13, 39, 39, 76, 99, 107, 107, 107, 161, 164, 187, 203]","[76, 39, 61, 76, 205, 164, 119, 142, 164, 164, 205, 205, 205]",37754613.000000015,941.0000000000002,-941.0000000000002,0.0,,,,DWT,mdp.39015067403892,1.4901161193847656e-08,,0.0,33.0,19.0,0.0,28.5,,2.2737367544323206e-13,256.3413461538463,4358.999999999998,256.3413461538463,,0.0,256.3413461538463,,,84.00000000000003,0.0,24.0,2.2737367544323206e-13,2.2737367544323206e-13,,2.2737367544323206e-13,1.573844758652621e-13,2.9335875505585554e-26,0.9417812444866666,0.9912479131203898,0.0024417340472217956,0.37142857142857155,0.008824938951515,0.9999999997231779,0.4742280246116333,6.696054799077647e-09,6.696054799077647e-09,6.082088379347123e-09,,1.1437101752681067e-11,0.9999999933039181,2.7225927463116073e-13,,,,,,1.4749084227875944e-13,1.0,0.5,2.847685247612971e-13,2.847685247612971e-13,0.7922684098837508,0.25901821375123013,257,1.6140149743171586,0.7752168580337008,308,0,0.2478523364501813,0.29613842720098976,257,0.0,0.4144655502197125,0.7528131326354077,341,41.23408784003837,0.9567776857022658,290.75,286.5041011121165,0.8260041468343614,79,coif,0.5507900112560971,0.8749445204262634,0.351963635992853,2,59.75,1.573844758652621e-13,0.0001547883299646835,2.933587550558556e-26,0.9417812444866666,0.99124791312039,0.003472690016832699,0.5275789473684213,0.011169762355491466,0.9999999997231778,0.9919828214562021,0.9855281704452481,0.9855281704452481,0.985528170445136,,2.4503221863198973e-12,0.9999999999667596,1.5171946557926922e-13,,,,,1.0,,1.4749084227875944e-13,1.0,0.5,2.847685247612971e-13,2.847685247612971e-13,0.0,2.2345701998224183,0.6375734627751098,257,1.6779749685384837,0.7757029157303194,937,480.83261120685233,0.7479912939167441,597.0,403.36515912897823,0.7175491060778689,281,0.4784248188775415,0.776734912893196,0.43208215291776214,2,211.25,,,,,,,,,,,,,1.0567388674523588e-18,0.036413600438416405,2.933587550558556e-26,0.9577704331898835,0.3064302340380105,0.0020734891337578576,0.3991232580165067,1.0,0.011169762355491466,0.9999999999999541,0.0008499884728391225,0.0007982210227401272,0.0007982210227401272,0.0007982210227337884,,0.0,1.9145521638122673e-18,0.020163910573049813,1.4108257588933865e-18,,,,,0.4782608695652174,,4.666576700876887e-21,1.0,0.8604651162790697,9.54194168962319e-19,9.54194168962319e-19,0.9302325581395349,0.5744527218307418,0.17892707859001003,517,1.70395540978012,0.8271158105291586,1252,519.7234841721124,0.7571385587980783,884.5,731.8078010175241,0.6719104008943663,621,986.6382352941176,846.0,585.0035688138154,340,0.4652856568234462,0.8173890317607586,0.42908333069536003,4,466.75
db26,1.0,reflect,1.6408505958534286e-26,317.3211020775775,6991961.263921192,0.6171875,295.38842372506645,206,raw,8.504955100487707e-14,-2.1607182709715579e-10,6.710796593016789,57863.54448900957,0.7746440019144488,5.618943883690066e-06,0.9999999999999998,327.0000000000001,,,,[],[],13,661.1538461538462,86.9999999999998,940.0000000000001,"[8, 32, 51, 63, 81, 100, 111, 133, 152, 162, 175, 192, 204]","[878.0, 638.0000000000001, 787.0, 792.0000000000003, 940.0000000000001, 788.0, 637.0000000000001, 675.0000000000002, 771.0000000000001, 196.00000000000006, 834.0, 571.9999999999999, 86.9999999999998]","[0, 13, 42, 42, 76, 99, 107, 107, 107, 161, 164, 187, 203]","[76, 42, 61, 76, 205, 164, 119, 142, 164, 164, 205, 205, 205]",37754613.0,941.0000000000001,-941.0000000000001,0.0,,,,DWT,mdp.39015067403892,0.0,,0.0,33.0,19.0,0.0,28.5,,1.1368683772161603e-13,256.3413461538462,4359.0,256.3413461538462,,0.0,256.3413461538462,,,83.9999999999998,0.0,28.5,1.1368683772161603e-13,1.1368683772161603e-13,,1.1368683772161603e-13,8.911373872863069e-14,1.0814867847404912e-26,0.957063996372739,0.9220283271876817,0.0014134810935512601,0.4503348214285714,1.0034512384760725e-05,0.9999999997233726,0.4742280246113692,6.6959667625959335e-09,6.6959667625959335e-09,6.082000342865356e-09,,5.718550876340534e-12,0.9999999933040264,1.3612963731558036e-13,,,,,,0.0,1.0,1.0,1.4238426238064856e-13,1.4238426238064856e-13,0.8422684098805883,0.27536483381732946,150,1.616097244230018,0.7762169793244639,299,0,0.28951900311628903,0.34592250957008713,150,0.0,0.41635633253979876,0.7562474488548407,325,94.1311142325781,0.9013300689385974,231.0,202.48306997742662,0.8295958520793616,70,db,0.540986235965534,0.9305070477545101,0.3421575204977732,3,53.25,8.911373872863068e-14,0.0001547883299646835,1.0814867847404912e-26,0.9570639963727389,0.9220283271876817,0.0024454997414608028,0.5868832236842105,0.002375711340791441,0.9999999997233725,0.9919828214561981,0.9855281704452468,0.9855281704452468,0.9855281704451347,,1.2251610931599486e-12,0.9999999999667601,7.585973278963461e-14,,,,,1.0,,0.0,1.0,0.75,1.4238426238064856e-13,1.4238426238064856e-13,0.0,2.2595701998216358,0.6447065287088386,150,1.6722253216865806,0.7730449393533979,969,579.1204537917824,0.6964777495850196,559.5,259.78552278820376,0.7016193779371639,329,0.49117026184683504,0.8233619396015222,0.4091722348267588,4,247.75,,,,,,,,,,,,,5.983433297395741e-19,0.03641360043841643,1.0814867847404912e-26,0.9688559328046514,0.2850319807487773,0.0018332888270928464,0.44398804289000143,0.9999999999999998,0.002375711340791441,0.9999999999999541,0.0008499884728391195,0.0007982210227401261,0.0007982210227401261,0.0007982210227337874,,0.0,9.572760819061336e-19,0.020163910573049823,7.054128794466933e-19,,,,,0.4782608695652174,,0.0,1.0,0.9302325581395349,4.770970844811595e-19,4.770970844811595e-19,0.9302325581395349,0.5814294660167882,0.18110015290550946,103,1.7142157762945496,0.8320962879038593,1182,762.9682169002848,0.6434727958409885,642.5,189.48793774319068,0.6716195754905877,622,1009.0473684210526,935.5,610.6543869996938,760,0.4758535102197843,0.8532293215616218,0.41093374637766444,5,467.75
rbio2.2,1.0,smooth,1.8333433791085916e-27,324.6149605975511,4877867.573446246,0.5333333333333333,135.31661701707952,206,smoothed,2.3213362192550856e-14,-2.0562036517901606e-10,6.2509992447288845,32114.12217403628,0.9602693265424058,0.00014966566451320274,1.0,362.4,,,,[],[],11,426.59999999999997,32.20000000000002,728.4,"[9, 31, 53, 64, 80, 102, 131, 148, 158, 175, 192]","[311.00000000000006, 417.79999999999995, 589.6000000000001, 432.2000000000001, 728.4, 371.0, 587.0, 32.20000000000002, 448.19999999999993, 368.0, 407.19999999999993]","[1, 1, 1, 60, 1, 94, 120, 144, 144, 165, 186]","[20, 40, 75, 75, 203, 120, 203, 149, 203, 186, 203]",30736475.84,728.4,-728.4,0.0,,,,DWT,mdp.39015067403892,3.725290298461914e-09,,0.0,33.0,11.0,0.0,33.0,,0.0,168.40000000000003,987.7999999999993,168.40000000000003,,0.0,168.40000000000003,,,28.00000000000003,0.0,33.0,0.0,0.0,,0.0,2.1595845435522496e-15,5.775734715177716e-28,0.9981206929131685,0.1682767157340167,0.026261294805197573,0.13917548025037796,0.030379417684911432,,0.9999996647345563,4.4059199552998455e-09,4.4059199552998455e-09,3.6787269888316428e-09,,0.0,0.9999999955940747,0.0,,,,,,7.946695712486874e-14,1.0,1.0,0.0,0.0,0.9999999009646139,0.37592186795657545,187,0.7639633801916247,0.3878396571418711,605,0,0.3333333060682731,0.4742677179779517,185,0.0,0.1946019430553821,0.34333049604743143,650,255.56261463680482,0.7321146597098482,406.75,286.85446894130365,0.6528759881358466,445,rbio,0.7685897546424816,0.816051598246696,0.21717169227625407,5,335.0,1.0982641376765918e-14,0.9999999999705138,5.005176961414068e-28,0.9839799855601568,0.7631914089286371,6.879441718536704e-05,0.11421052631578965,0.00029589283484228587,0.99999999972353,2.0315811923854454e-05,4.745387416349445e-11,4.745387416349445e-11,3.962169481397382e-11,,0.0,0.0031261328403482946,0.0,,,,,0.0,,3.687271056968986e-14,1.0,1.0,0.0,0.0,1.0,0.4015691612041286,0.11457677215643496,1225,1.7178206605498274,0.7941229875740685,567,465.2762620207483,0.7561445167606141,896.0,775.1953125,0.6432714198058835,686,0.3888041033402703,1.0,0.4278371276618108,3,515.25,,,,,,,,,,,,,7.374160600220076e-20,0.9999999999715831,5.005176961414068e-28,0.9883797194886542,0.23592980016231083,0.001277515119503341,0.08640238127452321,1.0,0.00029589283484228587,0.9999999999999541,9.960751159770467e-05,3.8434858594393884e-14,3.8434858594393884e-14,3.20911916831812e-14,,0.0,0.0,0.004567040150618464,0.0,,,,,0.13043478260869565,,1.1666441752192217e-21,1.0,1.0,0.0,0.0,1.0,0.4544873153722995,0.14156097535167125,1218,1.8463107989693024,0.8962164410014068,309,642.7600640985717,0.6996448298604805,763.5,492.943025540275,0.6714345644629505,623,818.67,599.5,715.6978453131971,300,0.38607403914171184,1.0,0.42974817260080167,3,468.0
coif11,1.0,smooth,2.9640920053461455e-26,314.7528756684749,266174629.37310275,0.5925925925925926,287.6548259914235,206,raw,1.1932633953213913e-13,-2.2381230202484233e-10,4.501021357000394,4091655.168763718,0.9972213868918867,5.618943883690064e-06,0.9999999999999999,327.00000000000006,,,,[],[],13,661.1538461538463,87.00000000000003,940.0000000000002,"[8, 32, 51, 63, 81, 100, 111, 133, 152, 162, 175, 192, 204]","[878.0, 638.0000000000003, 787.0, 792.0000000000005, 940.0000000000002, 787.9999999999998, 637.0000000000003, 675.0000000000005, 771.0000000000002, 196.0, 834.0, 572.0000000000001, 87.00000000000003]","[0, 13, 42, 42, 76, 99, 107, 107, 107, 161, 164, 187, 203]","[76, 42, 61, 76, 205, 164, 119, 142, 164, 164, 205, 205, 205]",37754613.00000001,941.0000000000002,-941.0000000000002,0.0,,,,DWT,mdp.39015067403892,7.450580596923828e-09,,0.0,33.0,19.0,0.0,28.5,,2.2737367544323206e-13,256.3413461538463,4358.999999999998,256.34134615384625,,0.0,256.3413461538463,,,84.00000000000003,0.0,28.5,2.2737367544323206e-13,2.2737367544323206e-13,,5.684341886080802e-14,1.3242305569609156e-13,2.0179000259502592e-26,0.9475866595051606,0.15866183575193593,0.2930931322126505,0.2658730158730156,0.32659789361140884,0.9999999997232559,0.4742280246116333,6.696054799077647e-09,6.696054799077647e-09,6.082044361106239e-09,,2.859275438170267e-12,0.9999999933039181,2.7225927463116073e-13,,,,,,7.374542113937972e-14,1.0,1.0,2.847685247612971e-13,2.847685247612971e-13,0.8422684098794118,0.2753648338169448,157,1.4314178433685014,0.6875148376730329,747,0,0.2895190031161233,0.34592250956988907,156,0.0,0.37397656708469496,0.6792711019046591,722,333.86474307220084,0.6500369569473785,445.5,258.00770784591396,0.5915279124359534,566,coif,0.5507900112560971,0.8749445204262634,0.351963635992853,2,425.0,1.3242305569609156e-13,0.0001547883299646835,2.0179000259502592e-26,0.9475866595051606,0.15866183575193604,0.2938237059346859,0.44824561403508767,0.3281909613563506,0.9999999997232558,0.9919828214562021,0.9855281704452481,0.9855281704452481,0.9855281704451354,,6.125805465799743e-13,0.9999999999667596,1.5171946557926922e-13,,,,,1.0,,7.374542113937972e-14,1.0,0.75,2.847685247612971e-13,2.847685247612971e-13,0.0,2.2595701998214626,0.6447065287087892,157,1.5054158330913139,0.6959313893297437,1568,997.7276682542185,0.47708193487724393,862.5,285.4214492753623,0.5125189548600056,1465,0.4784248188775415,0.776734912893196,0.43208215291776214,2,1099.25,,,,,,,,,,,,,8.891384562011632e-19,0.036413600438416426,2.0179000259502592e-26,0.9619814500558795,0.04904805631248901,0.0699697735283073,0.33910612005592383,0.9999999999999999,0.32819096135635056,0.9999999999999541,0.0008499884728391225,0.0007982210227401272,0.0007982210227401272,0.0007982210227337879,,0.0,4.786380409530668e-19,0.020163910573049813,1.4108257588933865e-18,,,,,0.4782608695652174,,2.3332883504384434e-21,1.0,0.9302325581395349,9.54194168962319e-19,9.54194168962319e-19,0.9302325581395349,0.5814294660167882,0.18110015290550946,86,1.7145406976503423,0.832254007753224,1180,773.574818618083,0.638516439898092,633.0,160.31595576619273,0.6713610236873637,624,986.6382352941176,846.0,585.0035688138154,340,0.4652856568234462,0.8173890317607586,0.42908333069536003,4,469.0
rbio3.1,1.0,symmetric,1.0753568047723073e-26,316.9318728661442,4908715.646656513,0.6586538461538461,309.84176764979964,206,smoothed,7.883230206697618e-14,-1.878857514014957e-10,6.478292414261168,37616.21323502219,0.7753378256770047,0.0001496656645132028,0.9999999999999999,362.39999999999986,,,,[],[],11,426.59999999999985,32.200000000000074,728.3999999999999,"[9, 31, 53, 64, 80, 102, 131, 148, 158, 175, 192]","[310.99999999999983, 417.79999999999984, 589.5999999999999, 432.1999999999998, 728.3999999999999, 371.0, 586.9999999999999, 32.200000000000074, 448.19999999999993, 367.9999999999999, 407.20000000000005]","[1, 1, 1, 60, 1, 94, 120, 144, 144, 165, 186]","[20, 40, 75, 75, 203, 120, 203, 149, 203, 186, 203]",30736475.83999998,728.3999999999999,-728.3999999999999,0.0,,,,DWT,mdp.39015067403892,1.4901161193847656e-08,,0.0,33.0,11.0,0.0,33.0,,1.1368683772161603e-13,168.39999999999992,987.8000000000002,168.39999999999995,,0.0,168.39999999999992,,,28.000000000000085,0.0,33.0,1.1368683772161603e-13,1.1368683772161603e-13,,1.1368683772161603e-13,1.2434660477084782e-13,2.668349989121894e-26,0.9689294703513298,0.49612530667656907,0.03949989574819644,1.0,0.07600734259601438,,0.9999996647841187,4.405801664454926e-09,4.405801664454926e-09,3.6786382706978885e-09,,1.2251610931599486e-12,0.9999999955941608,7.585973278963461e-14,,,,,,3.1786782849947497e-13,1.0,1.0,1.7477015598164352e-13,1.7477015598164352e-13,0.9999999009802678,0.3759218679624601,89,1.2795732204616237,0.6495982032375385,100,0,0.33333330607254075,0.47426771798402373,93,0.0,0.36865171648174777,0.6504014024792903,79,8.770214744615247,0.9908069027834222,90.25,89.59194459925266,0.9481026128172876,16,rbio,0.7685897546424816,0.816051598246696,0.21717169227625407,5,13.25,8.125813683340064e-14,0.999999999970514,6.81305933392076e-27,0.9556276524653712,0.8417097969190627,0.00010347442222620787,0.8206224696356275,0.0007403047781502957,0.9999999997237973,2.0315811924853655e-05,4.74525418958649e-11,4.74525418958649e-11,3.9620695613251655e-11,,1.2251610931599486e-12,0.003126132840348572,7.585973278963461e-14,,,,,0.0,,1.4749084227875944e-13,1.0,1.0,1.4238426238064856e-13,1.4238426238064856e-13,1.0,0.4015691612048907,0.1145767721566524,1048,2.0228283367960755,0.9351235079754059,8,735.3910524340095,0.6145749201079616,528.0,15.87878787878788,0.668922680179767,509,0.3888041033402703,1.0,0.4278371276618108,3,382.5,,,,,,,,,,,,,5.455978489398743e-19,0.9999999999715835,6.81305933392076e-27,0.9678140661336162,0.2602026462280873,0.0012856247638853792,0.6208161173152378,0.9999999999999999,0.0007403047781502957,0.9999999999999541,9.960751159770543e-05,3.8433882812438647e-14,3.8433882812438647e-14,3.209043274166046e-14,,0.0,9.572760819061336e-19,0.004567040150618468,7.054128794466933e-19,,,,,0.13043478260869565,,4.666576700876887e-21,1.0,1.0,4.770970844811595e-19,4.770970844811595e-19,1.0,0.4544873153722995,0.14156097535167125,1167,2.0600551440049677,0.9999699348871488,7,820.2438661763952,0.616708473749348,587.0,13.916524701873938,0.6712047041643936,625,818.67,599.5,715.6978453131971,300,0.38607403914171184,1.0,0.42974817260080167,3,469.5
db22,1.0,antisymmetric,1.168745681800491e-26,316.57019854962994,5738173.261558233,0.5241935483870968,103.53816793436997,206,smoothed,7.324453880517344e-14,-2.0056483140962248e-10,6.494134799228958,100004.62443148474,0.9946872145488106,0.00014966566451320284,1.0,362.4,,,,[],[],11,426.59999999999997,32.200000000000045,728.4,"[9, 31, 53, 64, 80, 102, 131, 148, 158, 175, 192]","[311.00000000000006, 417.80000000000007, 589.5999999999999, 432.1999999999997, 728.4, 371.0, 586.9999999999999, 32.200000000000045, 448.1999999999999, 368.0, 407.20000000000005]","[1, 1, 1, 60, 1, 94, 120, 144, 144, 165, 186]","[20, 40, 75, 75, 203, 120, 203, 149, 203, 186, 203]",30736475.839999992,728.4,-728.4,0.0,,,,DWT,mdp.39015067403892,3.725290298461914e-09,,0.0,33.0,11.0,0.0,33.0,,0.0,168.40000000000003,987.7999999999993,168.39999999999998,,0.0,168.40000000000003,,,28.000000000000057,0.0,33.0,0.0,0.0,,0.0,1.1207107157591951e-13,2.9416618442250864e-26,0.9675553202911774,0.5189764271019973,0.39546567318808784,0.0763944493569973,0.5933840471693341,,0.9999996647593375,4.4059199552998455e-09,4.4059199552998455e-09,3.67866784340914e-09,,0.0,0.9999999955940747,0.0,,,,,,7.946695712486874e-14,1.0,1.0,0.0,0.0,0.9999999009720306,0.37592186795936355,143,1.3056656409303151,0.6628444865947859,87,0,0.3333333060703333,0.47426771798088296,140,0.0,0.3645394167296723,0.6431461927336509,88,31.203632267200348,0.9672917900763099,114.5,108.1263628392063,0.9236354128578614,25,db,0.573477938514061,0.8443824841957417,0.34525069778143475,3,19.5,7.419790101078058e-14,0.9999999999705145,7.47394086622126e-27,0.9542929923583775,0.8471825461976896,0.0010359668365784013,0.06269100169779301,0.005779508010593877,0.9999999997236062,2.0315811924354055e-05,4.745387416349445e-11,4.745387416349445e-11,3.962102868015904e-11,,0.0,0.0031261328403482946,0.0,,,,,0.0,,3.687271056968986e-14,1.0,1.0,0.0,0.0,1.0,0.40156916120412856,0.11457677215643494,1230,1.7240732556961342,0.7970134694804202,503,514.06662992262,0.7305730451139308,866.5,714.0103866128102,0.6382162919489989,716,0.49117026184683504,0.8233619396015222,0.4091722348267588,4,538.0,,,,,,,,,,,,,4.981927566261359e-19,0.9999999999715838,7.47394086622126e-27,0.9668459568420293,0.26189446905069674,0.0015036807261160372,0.04742690543424666,1.0,0.005779508010593877,0.9999999999999541,9.960751159770499e-05,3.8434858594393884e-14,3.8434858594393884e-14,3.2090649582094954e-14,,0.0,0.0,0.004567040150618464,0.0,,,,,0.13043478260869565,,1.1666441752192217e-21,1.0,1.0,0.0,0.0,1.0,0.4544873153722995,0.14156097535167125,1254,1.8330892143630173,0.8897985608119725,510,526.0874452027914,0.7541647452323404,882.0,725.1020408163265,0.67100760626103,626,1009.0473684210526,935.5,610.6543869996938,760,0.4758535102197843,0.8532293215616218,0.41093374637766444,5,470.75
coif3,1.0,smooth,5.8780093935827394e-27,319.55509598467336,4962572.016639583,0.5495495495495496,67.55963193835295,206,smoothed,5.192825673237044e-14,-2.0890607022039429e-10,6.193658396682227,37263.72972323675,0.9871134131726853,0.00014966566451320263,0.9999999999999999,362.4,,,,[],[],11,426.6,32.19999999999996,728.4,"[9, 31, 53, 64, 80, 102, 131, 148, 158, 175, 192]","[311.00000000000006, 417.80000000000007, 589.6000000000001, 432.2, 728.4, 371.0, 587.0000000000002, 32.19999999999996, 448.20000000000005, 368.0, 407.19999999999993]","[1, 1, 1, 60, 1, 94, 120, 144, 144, 165, 186]","[20, 40, 75, 75, 203, 120, 203, 149, 203, 186, 203]",30736475.839999996,728.4,-728.4,0.0,,,,DWT,mdp.39015067403892,0.0,,0.0,33.0,11.0,0.0,33.0,,0.0,168.4000000000001,987.7999999999984,168.40000000000003,,0.0,168.4000000000001,,,27.99999999999997,0.0,33.0,0.0,0.0,,0.0,6.524218568415602e-14,1.241469162591159e-26,0.97889617808126,0.08556804360703668,0.06261261937227858,0.25056439992766405,0.07308425553150005,,0.9999996646849938,4.4059791007223055e-09,4.4059791007223055e-09,3.6787269888316428e-09,,0.0,0.9999999955939887,0.0,,,,,,0.0,1.0,1.0,0.0,0.0,0.999999900949698,0.37592186795096827,270,0.7908875005220989,0.40150816779116205,550,0,0.33333330606413897,0.4742677179720697,270,0.0,0.20724649950282925,0.3656389158362631,527,155.30266149254064,0.8372089502174627,404.25,359.6112534319751,0.7067334059263414,315,coif,0.5556920286951962,0.9053407607371553,0.33941335169221604,4,237.25,4.726440879856337e-14,0.9999999999705129,3.362791189892418e-27,0.965307939641379,0.7433830224122617,0.0001640208028627977,0.2056187766714087,0.000711834169299898,0.9999999997234805,2.0315811922799742e-05,4.745454029730922e-11,4.745454029730922e-11,3.962169481397382e-11,,0.0,0.0031261328403480726,0.0,,,,,0.0,,0.0,1.0,1.0,0.0,0.0,1.0,0.4015691612041101,0.11457677215642968,1245,1.733490529609233,0.8013669353959365,408,591.8483758531403,0.6898069308945806,826.5,614.5916515426497,0.628315415132825,754,0.4784248188775415,0.776734912893196,0.43208215291776214,2,566.0,,,,,,,,,,,,,3.173511081700229e-19,0.9999999999715824,3.362791189892418e-27,0.9748357609540546,0.22980631840180893,0.00129978305524099,0.15555441790051489,0.9999999999999999,0.000711834169299898,0.9999999999999541,9.960751159770391e-05,3.8435400695480126e-14,3.8435400695480126e-14,3.20911916831812e-14,,0.0,0.0,0.00456704015061846,0.0,,,,,0.13043478260869565,,0.0,1.0,1.0,0.0,0.0,1.0,0.4544873153722995,0.14156097535167125,1196,1.8629610081203398,0.9042986074468408,170,725.4915574973977,0.6609852535058889,683.0,297.68667642752564,0.670913187500608,627,986.6382352941176,846.0,585.0035688138154,340,0.4652856568234462,0.8173890317607586,0.42908333069536003,4,471.25
coif4,1.0,zero,8.289802263843052e-27,320.28635075380964,5959736.321287087,0.6228070175438597,257.55005961230574,206,raw,5.941310011392103e-14,-2.0867674255242993e-10,6.334946877624002,67502.4544859957,0.7944210978245869,5.618943883690066e-06,1.0,327.0000000000001,,,,[],[],13,661.1538461538462,86.99999999999989,940.0,"[8, 32, 51, 63, 81, 100, 111, 133, 152, 162, 175, 192, 204]","[877.9999999999998, 637.9999999999999, 787.0, 792.0, 940.0, 787.9999999999999, 636.9999999999999, 675.0, 770.9999999999999, 196.00000000000006, 834.0000000000002, 571.9999999999999, 86.99999999999989]","[0, 13, 42, 42, 76, 99, 107, 107, 107, 161, 99, 187, 203]","[76, 42, 61, 76, 205, 164, 119, 142, 164, 164, 205, 205, 205]",37754613.0,941.0,-941.0,0.0,,,,DWT,mdp.39015067403892,0.0,,0.0,33.0,19.0,0.0,28.5,,0.0,256.3413461538462,4359.0,256.3413461538461,,0.0,256.3413461538462,,,83.99999999999989,0.0,24.0,0.0,0.0,,1.1368683772161603e-13,5.6721638264665565e-14,5.069535524346758e-27,0.9680064352874655,0.7921911048900261,0.0002518331587552602,0.49248120300751913,0.0007904295533730006,0.9999999997234841,0.47422802461146824,6.6959667625959335e-09,6.6959667625959335e-09,6.081912306383589e-09,,5.718550876340534e-12,0.9999999933040264,0.0,,,,,,0.0,1.0,0.5,0.0,0.0,0.7922684098804668,0.25901821375015643,436,1.5743339831106375,0.7561579435773487,453,0,0.2478523364495882,0.29613842720028116,436,0.0,0.40671512570258495,0.7387356746732199,445,8.18535277187245,0.9914199656479324,442.5,442.3872213092269,0.7637917438302555,216,coif,0.5507900112560971,0.8749445204262634,0.351963635992853,2,162.5,5.672163826466555e-14,0.0001547883299646835,5.069535524346758e-27,0.9680064352874655,0.7921911048900261,0.0012850523459353787,0.6185595567867039,0.003154260200788685,0.999999999723484,0.9919828214561996,0.9855281704452468,0.9855281704452468,0.9855281704451335,,1.2251610931599486e-12,0.9999999999667601,0.0,,,,,1.0,,0.0,1.0,0.5,0.0,0.0,0.0,2.2345701998215404,0.6375734627748593,438,1.6262739029738573,0.7518022807048897,1204,541.6437943888955,0.7161196046179793,821.0,642.3288672350792,0.6429130517848807,688,0.4784248188775415,0.776734912893196,0.43208215291776214,2,516.5,,,,,,,,,,,,,3.808505219483022e-19,0.03641360043841643,5.069535524346758e-27,0.9767931422338231,0.24489464488264498,0.0015619273987801593,0.46795177634249363,1.0,0.0031542602007886855,0.9999999999999541,0.0008499884728391206,0.0007982210227401261,0.0007982210227401261,0.0007982210227337863,,0.0,9.572760819061336e-19,0.020163910573049823,0.0,,,,,0.4782608695652174,,0.0,1.0,0.8604651162790697,0.0,0.0,0.9302325581395349,0.5744527218307418,0.17892707859001003,312,1.708670666229826,0.8294046398834166,1221,642.7600640985717,0.6996448298604805,766.5,497.00195694716245,0.6707336298835113,628,986.6382352941176,846.0,585.0035688138154,340,0.4652856568234462,0.8173890317607586,0.42908333069536003,4,472.0
sym8,1.0,symmetric,9.222947038726298e-22,267.59870159466277,5100611.248450016,0.5318181818181819,91.68052300097271,206,smoothed,2.4248391859702355e-11,-9.538059231666456e-12,6.268435877165748,32836.936509861705,0.9813497100987802,0.0001496656645132168,0.9999999999999999,362.3999999999955,,,,[],[],11,426.59999999994034,32.19999999999675,728.3999999998989,"[9, 31, 53, 64, 80, 102, 131, 148, 158, 175, 192]","[310.9999999999402, 417.79999999996954, 589.599999999957, 432.19999999985555, 728.3999999998989, 370.9999999999228, 586.9999999999827, 32.19999999999675, 448.19999999995343, 367.99999999992883, 407.1999999999375]","[0, 0, 0, 60, 0, 94, 120, 144, 144, 165, 186]","[20, 40, 75, 75, 203, 120, 203, 149, 203, 186, 203]",30736475.83999853,728.3999999999355,-728.3999999999355,0.0,,,,DWT,mdp.39015067403892,1.4677643775939941e-06,,0.0,33.0,11.0,0.0,33.0,,6.446043698815629e-11,168.3999999999404,987.800000000655,168.3999999999495,,0.0,168.3999999999404,,,27.99999999999676,0.0,15.0,1.0106759873451665e-10,6.446043698815629e-11,,4.490630090003833e-12,5.322148346536682e-11,2.6991825724134472e-21,0.7814923835170472,0.19342738518427943,0.12185282837853176,0.12876792967447026,0.03637359660237222,,0.9999996618847132,4.343876407139488e-09,4.343876407139488e-09,3.6261467082266178e-09,,4.839386317981797e-11,0.9999999956561021,6.743930244998517e-11,,,,,,3.130998110719828e-11,1.0,0.0,9.909467844159187e-11,9.909467844159187e-11,0.8999999002008444,0.3383296771508431,628,0.6925921474183374,0.35160677587256034,817,0,0.2499999725166706,0.3557007784747055,628,0.0,0.18027344620141747,0.31805114962751563,792,102.41215748142405,0.8926497301033292,716.25,705.3019500299404,0.5709317832906583,680,sym,1.0,1.0,0.0,7,511.75,3.061991595225293e-11,0.9999999999706113,6.526760063182952e-22,0.7735770819904951,0.7692148907329579,0.0003192071972411102,0.10566985645933058,0.0003542756060604534,0.9999999997264853,2.0315811865956324e-05,4.6785575413821334e-11,4.6785575413821334e-11,3.9055370049112526e-11,,4.839386317981797e-11,0.003126132840542195,6.743930244998517e-11,,,,,0.0,,1.4527847964457804e-11,1.0,0.0,8.073187676982773e-11,8.073187676982773e-11,1.0,0.3015691613010921,0.08604450844829259,1291,1.5913229508765165,0.7356449744531331,1325,24.041630560342615,0.9873995646958372,1308.0,1307.7790519877674,0.6509324867504344,635,0.7763846615972358,0.5622554397616224,0.28785410495344815,6,477.75,,,,,,,,,,,,,2.055936910357755e-16,0.9999999999716772,6.526760063182952e-22,0.8357618320914801,0.23779187413451353,0.0013360721639033672,0.0799412061352262,0.9999999999999999,0.0003542756060604538,0.9999999999999546,9.960751159766087e-05,3.789373329010637e-14,3.789373329010637e-14,3.163246574400258e-14,,0.0,3.781240523529228e-17,0.0045670401506214976,6.271120498281103e-16,,,,,0.13043478260869565,,4.596578050363734e-19,1.0,0.7209302325581395,2.705140469008174e-16,2.705140469008174e-16,1.0,0.42658033862811495,0.1328686780896739,1332,1.753139265092096,0.8509901115336452,957,265.1650429449553,0.876091101427591,1144.5,1113.7824377457405,0.6706390086577207,629,1409.1368421052632,1454.5,398.32527672708756,380,0.6645304607900322,0.5565550872278735,0.3678621512786154,7,473.5
db17,1.0,constant,7.323437935545516e-27,318.6002486888072,4964641.687009774,0.5504201680672269,57.897243546375385,206,smoothed,5.976732054253017e-14,-1.9666799300210916e-10,6.191076371215969,41103.899250052964,0.9890318519449949,0.00014966566451320284,1.0,362.39999999999986,,,,[],[],11,426.59999999999997,32.200000000000045,728.3999999999999,"[9, 31, 53, 64, 80, 102, 131, 148, 158, 175, 192]","[310.99999999999983, 417.7999999999998, 589.5999999999999, 432.1999999999998, 728.3999999999999, 371.0000000000001, 587.0000000000001, 32.200000000000045, 448.20000000000005, 368.00000000000006, 407.20000000000005]","[1, 1, 1, 60, 1, 94, 120, 144, 144, 165, 186]","[20, 40, 75, 75, 203, 120, 203, 149, 203, 186, 203]",30736475.839999992,728.3999999999999,-728.3999999999999,0.0,,,,DWT,mdp.39015067403892,3.725290298461914e-09,,0.0,33.0,11.0,0.0,33.0,,1.1368683772161603e-13,168.40000000000003,987.7999999999993,168.39999999999998,,0.0,168.40000000000003,,,28.000000000000057,0.0,33.0,1.1368683772161603e-13,1.1368683772161603e-13,,1.1368683772161603e-13,8.246351083881754e-14,1.664488229523217e-26,0.9752683189573482,0.0818437195869513,0.06350082849729428,0.25654466405599635,0.10493014191784403,,0.9999996647593375,4.4059199552998455e-09,4.4059199552998455e-09,3.67866784340914e-09,,1.2251610931599486e-12,0.9999999955940747,7.585973278963461e-14,,,,,,7.946695712486874e-14,1.0,1.0,1.7477015598164352e-13,1.7477015598164352e-13,0.9999999009727512,0.37592186795963445,116,0.8024231878060926,0.40736446551056027,495,0,0.3333333060704708,0.4742677179810786,116,0.0,0.21172681043078811,0.37354339689740584,477,213.74595512742067,0.7759476361347792,301.0,187.2833010246469,0.7302170046501988,262,db,0.573477938514061,0.8443824841957417,0.34525069778143475,3,197.25,5.716920192153446e-14,0.9999999999705145,4.385672136790357e-27,0.9617843369527898,0.7424910621400812,0.00016634756662473114,0.2105263157894741,0.0010220102792784902,0.9999999997236649,2.0315811924354055e-05,4.745387416349445e-11,4.745387416349445e-11,3.962102868015904e-11,,1.2251610931599486e-12,0.0031261328403482946,7.585973278963461e-14,,,,,0.0,,3.687271056968986e-14,1.0,1.0,1.4238426238064856e-13,1.4238426238064856e-13,1.0,0.401569161204836,0.1145767721566368,1065,1.7330186373331657,0.8011487866027069,413,461.033621333629,0.7583681229907605,739.0,595.1894451962111,0.6855257805729484,433,0.49117026184683504,0.8233619396015222,0.4091722348267588,4,325.75,,,,,,,,,,,,,3.838556335342593e-19,0.9999999999715838,4.385672136790357e-27,0.9722798798838037,0.22953058153382755,0.0013003271505099517,0.1592670622571857,1.0,0.0010220102792784906,0.9999999999999541,9.960751159770499e-05,3.8434858594393884e-14,3.8434858594393884e-14,3.2090649582094954e-14,,0.0,9.572760819061336e-19,0.004567040150618464,7.054128794466933e-19,,,,,0.13043478260869565,,1.1666441752192217e-21,1.0,1.0,4.770970844811595e-19,4.770970844811595e-19,1.0,0.4544873153722995,0.14156097535167125,1198,1.8628990112784936,0.9042685136029528,175,723.3702371538382,0.6619765246944682,686.5,305.38965768390386,0.6705910660855519,630,1009.0473684210526,935.5,610.6543869996938,760,0.4758535102197843,0.8532293215616218,0.41093374637766444,5,473.75
bior2.4,1.0,symmetric,3.3601032433045896e-27,324.2082662502758,6249579.139627083,0.6121495327102804,259.4682371623259,206,raw,3.544952896492441e-14,-2.1359924939901294e-10,6.2408600142045385,67181.17814109124,0.8296130486958307,5.618943883690066e-06,0.9999999999999998,327.0,,,,[],[],13,661.1538461538462,87.00000000000006,940.0000000000001,"[8, 32, 51, 63, 81, 100, 111, 133, 152, 162, 175, 192, 204]","[878.0, 638.0, 787.0, 792.0, 940.0000000000001, 788.0, 637.0000000000001, 675.0, 771.0, 196.0, 834.0000000000002, 572.0000000000001, 87.00000000000006]","[0, 13, 39, 39, 76, 99, 107, 107, 107, 161, 99, 187, 203]","[76, 39, 61, 76, 205, 164, 119, 142, 164, 164, 205, 205, 205]",37754613.0,941.0000000000001,-941.0000000000001,0.0,,,,DWT,mdp.39015067403892,0.0,,0.0,33.0,19.0,0.0,28.5,,1.1368683772161603e-13,256.3413461538462,4359.0,256.34134615384613,,0.0,256.3413461538462,,,84.00000000000006,0.0,19.5,1.1368683772161603e-13,1.1368683772161603e-13,,0.0,2.6443250377225536e-14,1.5809540720925237e-27,0.9824791913476191,0.7596888134134564,0.0005780172078259072,0.4125500667556743,0.0007644180576303636,0.9999999997234099,0.47422802461166635,6.6959667625959335e-09,6.6959667625959335e-09,6.0819563246244724e-09,,0.0,0.9999999933040264,1.3612963731558036e-13,,,,,,0.0,1.0,0.0,1.4238426238064856e-13,1.4238426238064856e-13,0.742268409877805,0.24267159368215294,900,1.5349467239339063,0.7372401096096294,549,0,0.20618566978250025,0.24635434483001262,896,0.0,0.39450756331320525,0.7165625090643547,570,195.62783544270994,0.794939375846216,728.75,689.2912587920594,0.5155252434786636,824,bior,0.672619891330026,0.76736776154697,0.2989557476048908,5,619.25,2.644325037722553e-14,0.0001547883299646835,1.5809540720925244e-27,0.9824791913476191,0.7596888134134565,0.0016108992904938799,0.5584849975405806,0.003128310240456277,0.9999999997234098,0.9919828214562026,0.9855281704452468,0.9855281704452468,0.9855281704451341,,0.0,0.9999999999667601,7.585973278963461e-14,,,,,1.0,,0.0,1.0,0.25,1.4238426238064856e-13,1.4238426238064856e-13,0.0,2.209570199821024,0.6304403968407599,904,1.5948291306613227,0.7372658293127964,1311,287.79245994292484,0.8491653773884041,1107.5,1070.1074492099322,0.6343573218178917,729,0.5943810304597339,0.7715092316736338,0.3524805091760961,5,548.0,,,,,,,,,,,,,1.7754997944848873e-19,0.03641360043841643,1.5809540720925244e-27,0.9872911031328463,0.234847022434105,0.0016381241248253622,0.42250425814674847,0.9999999999999998,0.0031283102404562764,0.9999999999999541,0.0008499884728391229,0.0007982210227401261,0.0007982210227401261,0.0007982210227337869,,0.0,0.0,0.020163910573049823,7.054128794466933e-19,,,,,0.4782608695652174,,0.0,1.0,0.7906976744186046,4.770970844811595e-19,4.770970844811595e-19,0.9302325581395349,0.5674759776446953,0.17675400427451057,956,1.6917943426455613,0.8212127153881901,1332,265.87214972614186,0.8757606776980645,1144.0,1113.1048951048951,0.6705906192228641,631,1104.4,1082.5,563.6960149978129,300,0.520820561188399,0.7876173146100969,0.3991404127850916,6,474.75
coif3,1.0,smooth,6.971435708390851e-27,321.0385702025966,9670350.547389435,0.6261261261261262,288.0103957108488,206,raw,5.2518938496928275e-14,-2.1275925465858153e-10,5.901874520506109,193030.26383562625,0.9253133547721998,5.618943883690064e-06,0.9999999999999999,327.00000000000006,,,,[],[],13,661.1538461538462,86.99999999999997,940.0000000000001,"[8, 32, 51, 63, 81, 100, 111, 133, 152, 162, 175, 192, 204]","[878.0, 638.0000000000002, 787.0000000000002, 791.9999999999999, 940.0000000000001, 788.0, 637.0, 675.0, 771.0000000000001, 196.0, 834.0000000000001, 571.9999999999999, 86.99999999999997]","[0, 13, 39, 39, 76, 99, 107, 107, 107, 161, 99, 187, 203]","[76, 39, 61, 76, 205, 164, 119, 142, 164, 164, 205, 205, 205]",37754613.0,941.0000000000001,-941.0000000000001,0.0,,,,DWT,mdp.39015067403892,0.0,,0.0,33.0,19.0,0.0,28.5,,1.1368683772161603e-13,256.3413461538462,4359.0,256.3413461538462,,0.0,256.3413461538462,,,83.99999999999997,0.0,19.5,1.1368683772161603e-13,1.1368683772161603e-13,,5.684341886080802e-14,4.8010745455738476e-14,4.13657205264976e-27,0.9707822953476342,0.6425863304303117,0.004427693646660924,0.5173745173745177,0.010953537202806308,0.9999999997234226,0.47422802461156727,6.6959667625959335e-09,6.6959667625959335e-09,6.082000342865356e-09,,2.859275438170267e-12,0.9999999933040264,1.3612963731558036e-13,,,,,,0.0,1.0,0.0,1.4238426238064856e-13,1.4238426238064856e-13,0.742268409879218,0.2426715936826149,816,1.51730761096738,0.7287679839168693,589,0,0.2061856697827339,0.24635434483029178,817,0.0,0.3932655467156752,0.7143065763213895,582,133.39915042208227,0.8601686054275868,701.0,681.9553867651991,0.5626838834265817,664,coif,0.5507900112560971,0.8749445204262634,0.351963635992853,2,498.5,4.801074545573847e-14,0.0001547883299646835,4.13657205264976e-27,0.970782295347634,0.6425863304303118,0.00545659716783415,0.6372688477951639,0.013293324980692654,0.9999999997234225,0.9919828214562011,0.9855281704452468,0.9855281704452468,0.9855281704451347,,6.125805465799743e-13,0.9999999999667601,7.585973278963461e-14,,,,,1.0,,0.0,1.0,0.25,1.4238426238064856e-13,1.4238426238064856e-13,0.0,2.20957019982133,0.6304403968408472,835,1.566762146506369,0.7242908792372792,1422,415.0716805565034,0.7824571904840129,1128.5,1052.1665928223306,0.5955000837116081,888,0.4784248188775415,0.776734912893196,0.43208215291776214,2,666.5,,,,,,,,,,,,,3.223622946260275e-19,0.036413600438416426,4.13657205264976e-27,0.9788066405786919,0.19864645061751746,0.0025374101009739136,0.48210570196769653,0.9999999999999999,0.013293324980692654,0.9999999999999541,0.0008499884728391218,0.0007982210227401261,0.0007982210227401261,0.0007982210227337874,,0.0,4.786380409530668e-19,0.020163910573049823,7.054128794466933e-19,,,,,0.4782608695652174,,0.0,1.0,0.7906976744186046,4.770970844811595e-19,4.770970844811595e-19,0.9302325581395349,0.5674759776446953,0.17675400427451057,775,1.696959605617323,0.8237199820953842,1301,371.938166904124,0.8261971182691009,1038.0,971.3631984585743,0.6705751946485692,632,986.6382352941176,846.0,585.0035688138154,340,0.4652856568234462,0.8173890317607586,0.42908333069536003,4,475.0
sym20,1.0,periodization,2.2280523043728634e-18,233.7681449239673,4961661.389860454,0.5242718446601942,90.36180910848744,206,smoothed,1.2327280049363014e-09,1.3586906288027984e-08,6.194795135106943,31688.237398219295,0.983072327126093,0.00014966566451730153,0.9999999999999992,362.3999999998306,,,,[],[],11,426.5999999957816,32.19999999896061,728.3999999924848,"[9, 31, 53, 64, 80, 102, 131, 148, 158, 175, 192]","[310.99999999542945, 417.79999999600034, 589.5999999950932, 432.19999999360664, 728.3999999924848, 370.99999999524346, 586.9999999979626, 32.19999999896061, 448.1999999967379, 367.99999999603017, 407.1999999960482]","[1, 1, 1, 60, 1, 94, 120, 144, 144, 165, 186]","[20, 40, 75, 75, 205, 120, 205, 149, 205, 186, 205]",30736475.839910984,728.3999999949417,-728.3999999949417,0.0,,,,DWT,mdp.39015067403892,8.901208639144897e-05,,0.0,15.0,11.0,0.0,33.0,,5.058268470747862e-09,168.39999999578168,987.8000000464008,168.39999999646477,,0.0,168.39999999578168,,,27.999999998960618,0.0,33.0,7.515154720749706e-09,5.058268470747862e-09,,1.6939338820520788e-10,2.7080819187891613e-09,6.520617096018615e-18,0.6529561304259565,0.08720767972799989,0.062221819452467644,0.07693226515562712,0.026847626161221643,,0.9999987584596988,1.6738154556130166e-11,1.6738154556130166e-11,2.9572711251420257e-13,,1.8254900288083233e-09,0.9999999999832242,5.0146317763260055e-09,,,,,,1.8987834735416138e-09,0.0,1.0,7.776048550091266e-09,7.776048550091266e-09,0.8999996350195254,0.33832957746337644,663,0.5080003851849717,0.25789547028897997,954,0,0.24999989856397473,0.35570067325456795,662,0.0,0.12945221766162213,0.22838874785312982,954,168.2980986226523,0.8235868987183939,808.25,781.9669502516969,0.4881823382480858,932,sym,1.0,1.0,0.0,7,700.75,1.557554872820266e-09,0.9999999999989642,1.5767173426563686e-18,0.6487346690126157,0.7437757085139124,0.0001629970584922742,0.06313234542667362,0.0002614934985266473,0.9999999999314092,2.031579351213786e-05,1.8030021919912542e-13,1.8030021919912542e-13,3.164135620181696e-15,,1.8254900288083233e-09,0.0031261328540693745,5.0146317763260055e-09,,,,,0.0,,8.810365463521695e-10,0.0,1.0,6.335102986102197e-09,6.335102986102197e-09,1.0,0.30156916755981783,0.08604451023404872,1249,1.486567690203371,0.6872181727035068,1604,251.02290732122438,0.8684366313830061,1426.5,1404.4135997195935,0.560397560974522,1092,0.7763846615972358,0.5622554397616224,0.28785410495344815,6,820.5,,,,,,,,,,,,,1.0458012222934115e-14,0.9999999999990016,1.5767173426563686e-18,0.7452061173033464,0.2299277117408915,0.0012995436607318692,0.04776079015018275,0.9999999999999993,0.0002614934985266477,0.9999999999999886,9.96075115837769e-05,1.4604203263379745e-16,1.4604203263379745e-16,2.4936649967166602e-18,,0.0,1.4263413620401394e-15,0.004567040150833141,4.663061298294421e-14,,,,,0.13043478260869565,,2.7875795922688084e-17,0.7209302325581395,1.0,2.122748057982023e-14,2.122748057982023e-14,1.0,0.42658033862821654,0.13286867808970554,1315,1.6819462115420023,0.8164323409176113,1394,55.86143571373726,0.9738965253674124,1354.5,1353.3480989294942,0.6704763000668839,633,1409.1368421052632,1454.5,398.32527672708756,380,0.6645304607900322,0.5565550872278735,0.3678621512786154,7,476.5
db37,1.0,zero,1.4349425819032645e-26,315.67905350779563,4961163.023166604,0.5683453237410072,39.69033749033957,206,smoothed,8.945595073756406e-14,-2.059362236295218e-10,6.19541742459847,46034.732968272874,0.9913835200203329,0.00014966566451320284,0.9999999999999999,362.39999999999986,,,,[],[],11,426.6,32.2000000000001,728.3999999999996,"[9, 31, 53, 64, 80, 102, 131, 148, 158, 175, 192]","[310.9999999999998, 417.8, 589.6000000000003, 432.2000000000001, 728.3999999999996, 371.0000000000001, 586.9999999999998, 32.2000000000001, 448.20000000000033, 368.0000000000003, 407.2000000000003]","[1, 1, 1, 60, 1, 94, 120, 144, 144, 165, 186]","[20, 40, 75, 75, 203, 120, 203, 149, 203, 186, 203]",30736475.840000004,728.3999999999996,-728.3999999999996,0.0,,,,DWT,mdp.39015067403892,7.450580596923828e-09,,0.0,33.0,11.0,0.0,33.0,,3.410605131648481e-13,168.4000000000001,987.7999999999984,168.40000000000012,,0.0,168.4000000000001,,,28.000000000000114,0.0,33.0,3.410605131648481e-13,3.410605131648481e-13,,1.1368683772161603e-13,1.4768527282046456e-13,3.7207135996911225e-26,0.9641694923323574,0.08810527261816671,0.06200794295722639,0.37967226046488556,0.14582072481629546,,0.9999996648089,4.4059791007223055e-09,4.4059791007223055e-09,3.678815706965397e-09,,1.2251610931599486e-12,0.9999999955939887,2.275791983689038e-13,,,,,,1.5893391424973748e-13,1.0,1.0,5.243104679449306e-13,5.243104679449306e-13,0.9999999009879121,0.3759218679653338,77,0.8637554972996278,0.4385009080449201,315,0,0.3333333060746935,0.4742677179870867,78,0.0,0.23425367045558282,0.413286874815829,294,131.33925536563697,0.8623278245643218,191.0,123.51973362060524,0.8310590904792259,101,db,0.573477938514061,0.8443824841957417,0.34525069778143475,3,76.5,9.468130123690045e-14,0.9999999999705145,9.357726396488124e-27,0.9510044654086499,0.7439906783162988,0.00016243678494335312,0.31156758803483553,0.0014202809313912732,0.9999999997235253,2.0315811925353255e-05,4.745454029730922e-11,4.745454029730922e-11,3.962258299239352e-11,,1.2251610931599486e-12,0.0031261328403480726,2.275791983689038e-13,,,,,0.0,,7.374542113937972e-14,1.0,1.0,4.2715278714194565e-13,4.2715278714194565e-13,1.0,0.40156916120504527,0.1145767721566965,1028,1.7678743842628946,0.8172620809189497,117,644.1742776609448,0.6623824540561086,572.5,210.0890829694323,0.6811650215773206,456,0.49117026184683504,0.8233619396015222,0.4091722348267588,4,343.0,,,,,,,,,,,,,6.357260491413027e-19,0.9999999999715838,9.357726396488124e-27,0.9644605903513529,0.22999416660650526,0.0012994126452019388,0.2357066585941099,0.9999999999999999,0.001420280931391273,0.9999999999999541,9.960751159770586e-05,3.8435400695480126e-14,3.8435400695480126e-14,3.209195062470194e-14,,0.0,9.572760819061336e-19,0.00456704015061846,2.11623863834008e-18,,,,,0.13043478260869565,,2.3332883504384434e-21,1.0,1.0,1.4312912534434783e-18,1.4312912534434783e-18,1.0,0.4544873153722995,0.14156097535167125,1177,1.8891739196383226,0.9170225985983012,47,799.0306627407987,0.6266211856351408,612.0,90.390522875817,0.6703199386119629,634,1009.0473684210526,935.5,610.6543869996938,760,0.4758535102197843,0.8532293215616218,0.41093374637766444,5,476.75
db33,1.0,periodization,2.807415127212905e-26,314.98872611160647,5889213.603710537,0.6262135922330098,309.9087957978147,206,raw,1.1995977661389907e-13,-2.100944973548763e-10,6.410807204583726,63117.30860590063,0.7623941339647221,5.618943883690066e-06,0.9999999999999999,327.0000000000001,,,,[],[],13,661.1538461538462,87.00000000000001,939.9999999999998,"[8, 32, 51, 63, 81, 100, 111, 133, 152, 162, 175, 192, 204]","[877.9999999999997, 638.0000000000005, 787.0000000000003, 791.9999999999999, 939.9999999999998, 787.9999999999999, 637.0000000000001, 674.9999999999997, 771.0000000000001, 196.00000000000006, 833.9999999999998, 572.0, 87.00000000000001]","[0, 13, 42, 42, 76, 99, 107, 107, 107, 161, 99, 187, 203]","[76, 42, 61, 76, 205, 164, 119, 142, 164, 164, 205, 205, 205]",37754613.0,940.9999999999998,-940.9999999999998,0.0,,,,DWT,mdp.39015067403892,0.0,,0.0,33.0,19.0,0.0,28.5,,2.2737367544323206e-13,256.3413461538462,4359.0,256.34134615384613,,0.0,256.3413461538462,,,84.00000000000001,0.0,24.0,2.2737367544323206e-13,2.2737367544323206e-13,,1.1368683772161603e-13,1.332234144383076e-13,1.9070250924552287e-26,0.9484570010342419,0.8183970423476323,0.0001724681232428016,0.5180305131761447,0.0004353950007206543,0.9999999997234627,0.4742280246116168,6.6959667625959335e-09,6.6959667625959335e-09,6.0819563246244724e-09,,5.718550876340534e-12,0.9999999933040264,2.7225927463116073e-13,,,,,,0.0,1.0,0.5,2.847685247612971e-13,2.847685247612971e-13,0.7922684098807745,0.2590182137502571,323,1.585745319016154,0.7616388468573099,405,0,0.24785233644967442,0.2961384272003842,323,0.0,0.41068655242569724,0.7459491624790779,393,44.151255172795864,0.9537198583094383,361.0,356.963880267461,0.7876565748570252,158,db,0.540986235965534,0.9305070477545101,0.3421575204977732,3,119.25,1.332234144383076e-13,0.0001547883299646835,1.9070250924552287e-26,0.9484570010342418,0.8183970423476324,0.0012057693325562959,0.6377618804292289,0.0028000655535788737,0.9999999997234625,0.9919828214562019,0.9855281704452468,0.9855281704452468,0.9855281704451341,,1.2251610931599486e-12,0.9999999999667601,1.5171946557926922e-13,,,,,1.0,,0.0,1.0,0.5,2.847685247612971e-13,2.847685247612971e-13,0.0,2.234570199821731,0.6375734627749137,322,1.6351468212421767,0.7559040990876557,1176,603.8691911333116,0.6835067132424992,749.0,505.5700934579439,0.6454745306254425,671,0.49117026184683504,0.8233619396015222,0.4091722348267588,4,504.25,,,,,,,,,,,,,8.945123673582525e-19,0.03641360043841643,1.9070250924552287e-26,0.9626127611415577,0.2529958387838164,0.0015433876943226896,0.4824786902990126,0.9999999999999999,0.0028000655535788737,0.9999999999999541,0.0008499884728391223,0.0007982210227401261,0.0007982210227401261,0.0007982210227337869,,0.0,9.572760819061336e-19,0.020163910573049823,1.4108257588933865e-18,,,,,0.4782608695652174,,0.0,1.0,0.8604651162790697,9.54194168962319e-19,9.54194168962319e-19,0.9302325581395349,0.5744527218307418,0.17892707859001003,256,1.7098728523965472,0.8299881922346033,1213,676.701189595526,0.6837844908432121,734.5,422.77467665078285,0.6702800958888957,635,1009.0473684210526,935.5,610.6543869996938,760,0.4758535102197843,0.8532293215616218,0.41093374637766444,5,477.5
rbio2.2,1.0,antisymmetric,1.8333433791085916e-27,324.6149605975511,4877418.529050121,0.5333333333333333,135.31661701707952,206,smoothed,2.3213362192550856e-14,-2.0562036517901606e-10,6.253237894870552,32407.27699614513,0.9598772060816294,0.00014966566451320274,1.0,362.4,,,,[],[],11,426.59999999999997,32.20000000000002,728.4,"[9, 31, 53, 64, 80, 102, 131, 148, 158, 175, 192]","[311.00000000000006, 417.79999999999995, 589.6000000000001, 432.2000000000001, 728.4, 371.0, 587.0, 32.20000000000002, 448.19999999999993, 368.0, 407.19999999999993]","[1, 1, 1, 60, 1, 94, 120, 144, 144, 165, 186]","[20, 40, 75, 75, 203, 120, 203, 149, 203, 186, 203]",30736475.84,728.4,-728.4,0.0,,,,DWT,mdp.39015067403892,3.725290298461914e-09,,0.0,33.0,11.0,0.0,33.0,,0.0,168.40000000000003,987.7999999999993,168.40000000000003,,0.0,168.40000000000003,,,28.00000000000003,0.0,33.0,0.0,0.0,,0.0,2.1595845435522496e-15,5.775734715177716e-28,0.9981206929131685,0.17150575379120692,0.026068585214375946,0.13917548025037796,0.03281050180588443,,0.9999996647345563,4.4059199552998455e-09,4.4059199552998455e-09,3.6787269888316428e-09,,0.0,0.9999999955940747,0.0,,,,,,7.946695712486874e-14,1.0,1.0,0.0,0.0,0.9999999009646139,0.37592186795657545,185,0.7664539780731983,0.3891040536476636,602,0,0.3333333060682731,0.4742677179779517,188,0.0,0.1953830019964309,0.34470849541096427,609,241.92974186734463,0.7464048827386325,396.0,285.14968862858586,0.6656552715579955,404,rbio,0.7685897546424816,0.816051598246696,0.21717169227625407,5,304.25,1.0982641376765918e-14,0.9999999999705138,5.005176961414068e-28,0.9839799855601568,0.7639647502514758,6.828959272469422e-05,0.11421052631578965,0.00031957137864307896,0.99999999972353,2.0315811923854454e-05,4.745387416349445e-11,4.745387416349445e-11,3.962169481397382e-11,,0.0,0.0031261328403482946,0.0,,,,,0.0,,3.687271056968986e-14,1.0,1.0,0.0,0.0,1.0,0.4015691612041286,0.11457677215643496,1226,1.7182165502165367,0.7943060014893722,560,470.93311627024065,0.7531797084537523,893.0,768.8241881298992,0.6425751791744652,689,0.3888041033402703,1.0,0.4278371276618108,3,517.5,,,,,,,,,,,,,7.374160600220076e-20,0.9999999999715831,5.005176961414068e-28,0.9883797194886542,0.23616886766440798,0.001277397070303331,0.08640238127452321,1.0,0.0003195713786430794,0.9999999999999541,9.960751159770467e-05,3.8434858594393884e-14,3.8434858594393884e-14,3.20911916831812e-14,,0.0,0.0,0.004567040150618464,0.0,,,,,0.13043478260869565,,1.1666441752192217e-21,1.0,1.0,0.0,0.0,1.0,0.4544873153722995,0.14156097535167125,1222,1.8464397451132712,0.8962790326594815,302,650.5382386916237,0.6960101688356899,762.0,484.3097112860892,0.6699677012402748,636,818.67,599.5,715.6978453131971,300,0.38607403914171184,1.0,0.42974817260080167,3,477.75
db26,1.0,symmetric,1.70582209906868e-26,317.1524551042246,6863731.6601510905,0.6171875,290.9445938143046,206,raw,8.805038683065999e-14,-2.1512269743340377e-10,6.704833667163162,57739.60500110884,0.776204344599062,5.618943883690064e-06,0.9999999999999999,327.00000000000006,,,,[],[],13,661.1538461538462,86.99999999999982,940.0000000000001,"[8, 32, 51, 63, 81, 100, 111, 133, 152, 162, 175, 192, 204]","[878.0, 638.0, 787.0, 792.0000000000005, 940.0000000000001, 788.0, 637.0000000000001, 675.0000000000002, 771.0000000000001, 196.0000000000001, 834.0, 571.9999999999998, 86.99999999999982]","[0, 13, 42, 42, 76, 99, 107, 107, 107, 161, 164, 187, 203]","[76, 42, 61, 76, 205, 164, 119, 142, 164, 164, 205, 205, 205]",37754613.0,941.0000000000001,-941.0000000000001,0.0,,,,DWT,mdp.39015067403892,0.0,,0.0,33.0,19.0,0.0,28.5,,1.1368683772161603e-13,256.3413461538462,4359.0,256.3413461538462,,0.0,256.3413461538462,,,83.99999999999982,0.0,28.5,1.1368683772161603e-13,1.1368683772161603e-13,,5.684341886080802e-14,9.290534685559327e-14,1.1274649225735478e-26,0.9564416508612614,0.9199684354333598,0.0012691737354873027,0.4503348214285714,0.0,0.9999999997233869,0.4742280246113857,6.6959667625959335e-09,6.6959667625959335e-09,6.082000342865356e-09,,2.859275438170267e-12,0.9999999933040264,1.3612963731558036e-13,,,,,,0.0,1.0,1.0,1.4238426238064856e-13,1.4238426238064856e-13,0.8422684098791636,0.2753648338168637,187,1.6146177235619918,0.7755063605372073,305,0,0.2895190031160522,0.3459225095698042,187,0.0,0.41600176014776996,0.7556034224621823,328,75.3541637867477,0.9210124069321303,251.75,234.98095468376613,0.8285617590216208,71,db,0.540986235965534,0.9305070477545101,0.3421575204977732,3,54.0,9.290534685559326e-14,0.0001547883299646835,1.1274649225735478e-26,0.9564416508612614,0.9199684354333599,0.002301341522086116,0.5868832236842105,0.002365700567058319,0.9999999997233868,0.9919828214561983,0.9855281704452468,0.9855281704452468,0.9855281704451347,,6.125805465799743e-13,0.9999999999667601,7.585973278963461e-14,,,,,1.0,,0.0,1.0,0.75,1.4238426238064856e-13,1.4238426238064856e-13,0.0,2.2595701998213293,0.6447065287087511,187,1.6707458850833596,0.7723610177763339,979,560.0285706997456,0.7064839776206784,583.0,314.0188679245283,0.7004642110325614,336,0.49117026184683504,0.8233619396015222,0.4091722348267588,4,253.0,,,,,,,,,,,,,6.238016200562112e-19,0.036413600438416426,1.1274649225735478e-26,0.9684045081542242,0.28439519442719724,0.0017995785697702243,0.44398804289000143,0.9999999999999999,0.002365700567058319,0.9999999999999541,0.0008499884728391196,0.0007982210227401261,0.0007982210227401261,0.0007982210227337874,,0.0,4.786380409530668e-19,0.020163910573049823,7.054128794466933e-19,,,,,0.4782608695652174,,0.0,1.0,0.9302325581395349,4.770970844811595e-19,4.770970844811595e-19,0.9302325581395349,0.5814294660167882,0.18110015290550946,79,1.7136056689053487,0.8318001361003365,1184,781.352993211135,0.6348817788733014,631.5,148.11718131433096,0.6698941604646881,637,1009.0473684210526,935.5,610.6543869996938,760,0.4758535102197843,0.8532293215616218,0.41093374637766444,5,479.0
rbio6.8,1.0,reflect,3.060358893877698e-22,272.38967514270394,5198241.01395895,0.5225225225225225,98.1809293604818,206,smoothed,1.3875226749652795e-11,-6.924389950325206e-11,6.314267818877339,31617.19018184886,0.9785253158009355,0.00014966566451325478,0.9999999999999997,362.39999999999736,,,,[],[],11,426.5999999999547,32.199999999984385,728.3999999999141,"[9, 31, 53, 64, 80, 102, 131, 148, 158, 175, 192]","[310.9999999999477, 417.7999999999639, 589.5999999999474, 432.19999999992024, 728.3999999999141, 370.9999999999459, 586.9999999999909, 32.199999999984385, 448.19999999997225, 367.99999999995856, 407.1999999999566]","[1, 1, 1, 60, 1, 94, 120, 144, 144, 165, 186]","[20, 40, 75, 75, 205, 120, 205, 149, 205, 186, 205]",30736475.839999143,728.3999999999392,-728.3999999999392,0.0,,,,DWT,mdp.39015067403892,8.530914783477783e-07,,0.0,15.0,11.0,0.0,33.0,,6.082245818106458e-11,168.3999999999548,987.8000000004968,168.39999999996252,,0.0,168.3999999999548,,,27.999999999984396,0.0,33.0,8.58335624798201e-11,6.082245818106458e-11,,2.6147972675971687e-12,3.043309271242641e-11,8.9563973979409e-22,0.7996952701712052,0.2595355640672006,0.1637511180033485,0.0649162004655208,0.026258443427282615,,0.9999996511048723,4.358840199021824e-09,4.358840199021824e-09,3.6396910099797684e-09,,2.817870514267882e-11,0.999999995641133,5.7274098256174126e-11,,,,,,1.8197933181594942e-11,0.0,1.0,9.350203345017927e-11,9.350203345017927e-11,0.8999998969484656,0.3383296759282027,637,0.7279303607042488,0.36954685111723556,721,0,0.24999997161616921,0.35570077719346915,637,0.0,0.18773665659499872,0.3312182726598143,707,44.82186966202994,0.9530169081110798,675.5,673.2751841503683,0.622472814642542,509,rbio,0.7685897546424816,0.816051598246696,0.21717169227625407,5,383.0,1.7513241873097944e-11,0.9999999999708751,2.165704629487857e-22,0.7912568590060696,0.7850475274508605,0.00042896448214210087,0.05327169274537713,0.00025575491093443245,0.9999999997255855,2.031581164690932e-05,4.6946724285845676e-11,4.6946724285845676e-11,3.920119784339704e-11,,2.817870514267882e-11,0.003126132840495399,5.7274098256174126e-11,,,,,0.0,,8.443850720458977e-12,0.0,1.0,7.617558037364698e-11,7.617558037364698e-11,1.0,0.30156916128108874,0.08604450844258518,1299,1.5889033403194182,0.7345264244155792,1344,31.81980515339464,0.9833229532739022,1321.5,1321.1169125993192,0.6453564451904101,672,0.3888041033402703,1.0,0.4278371276618108,3,504.75,,,,,,,,,,,,,1.1759052651571964e-16,0.9999999999719312,2.165704629487857e-22,0.8485860382787143,0.2426863092306068,0.001361738035284784,0.04030102352386228,0.9999999999999997,0.00025575491093443245,0.9999999999999545,9.96075115974952e-05,3.802427123167362e-14,3.802427123167362e-14,3.17506437808035e-14,,0.0,2.2017349883841074e-17,0.0045670401506207655,5.325867239822534e-16,,,,,0.13043478260869565,,2.671615161252018e-19,0.7209302325581395,1.0,2.5524694019742034e-16,2.5524694019742034e-16,1.0,0.4265803386281146,0.1328686780896738,1339,1.747398357965654,0.8482034217976313,982,252.43712088359746,0.8820387285590666,1160.5,1133.0443774235243,0.6698745044664491,638,818.67,599.5,715.6978453131971,300,0.38607403914171184,1.0,0.42974817260080167,3,479.25
db21,1.0,symmetric,1.3121131155219546e-26,318.29207970252816,6823505.946243202,0.6178861788617886,297.0540289910056,206,raw,7.561535001164238e-14,-2.041998792279316e-10,6.6048590936256915,58919.78201232534,0.7771706960380406,5.6189438836900665e-06,1.0,327.0000000000001,,,,[],[],13,661.1538461538462,86.99999999999989,939.9999999999999,"[8, 32, 51, 63, 81, 100, 111, 133, 152, 162, 175, 192, 204]","[877.9999999999999, 638.0000000000001, 786.9999999999999, 792.0000000000003, 939.9999999999999, 787.9999999999999, 637.0, 674.9999999999999, 770.9999999999997, 196.00000000000006, 833.9999999999999, 572.0000000000001, 86.99999999999989]","[0, 13, 42, 42, 76, 99, 107, 107, 107, 161, 164, 187, 203]","[76, 42, 61, 76, 205, 164, 119, 142, 164, 164, 205, 205, 205]",37754613.0,940.9999999999999,-940.9999999999999,0.0,,,,DWT,mdp.39015067403892,0.0,,0.0,33.0,19.0,0.0,28.5,,1.1368683772161603e-13,256.3413461538462,4359.0,256.34134615384613,,0.0,256.3413461538462,,,83.99999999999989,0.0,28.5,1.1368683772161603e-13,1.1368683772161603e-13,,1.1368683772161603e-13,7.719346210102994e-14,8.488503759522109e-27,0.9606471236273777,0.885432235465954,0.001223904419123421,0.45557491289198626,9.555066779642712e-05,0.9999999997235516,0.47422802461146824,6.6959667625959335e-09,6.6959667625959335e-09,6.0819563246244724e-09,,5.718550876340534e-12,0.9999999933040264,1.3612963731558036e-13,,,,,,0.0,1.0,1.0,1.4238426238064856e-13,1.4238426238064856e-13,0.8422684098806047,0.27536483381733484,148,1.601984529432322,0.7694385946143566,345,0,0.2895190031162937,0.34592250957009274,149,0.0,0.41287171584948323,0.7499181768435013,363,118.8735322376965,0.8753946202959156,251.25,209.18819599697477,0.8060149202108509,111,db,0.540986235965534,0.9305070477545101,0.3421575204977732,3,84.0,7.719346210102994e-14,0.0001547883299646835,8.488503759522109e-27,0.9606471236273777,0.8854322354659541,0.0022561189906304827,0.5908215661103982,0.002461025190585757,0.9999999997235515,0.9919828214561996,0.9855281704452468,0.9855281704452468,0.9855281704451341,,1.2251610931599486e-12,0.9999999999667601,7.585973278963461e-14,,,,,1.0,,0.0,1.0,0.75,1.4238426238064856e-13,1.4238426238064856e-13,0.0,2.259570199821636,0.6447065287088387,148,1.6575919243135457,0.7662801370040575,1072,653.36666581637,0.6575646405574581,610.0,260.09180327868853,0.6689290708028381,508,0.49117026184683504,0.8233619396015222,0.4091722348267588,4,382.0,,,,,,,,,,,,,5.183060862063956e-19,0.03641360043841644,8.488503759522109e-27,0.9714549906246741,0.273718818014478,0.0017890036391227566,0.4469674719748147,1.0,0.002461025190585757,0.9999999999999541,0.0008499884728391206,0.0007982210227401261,0.0007982210227401261,0.0007982210227337869,,0.0,9.572760819061336e-19,0.020163910573049823,7.054128794466933e-19,,,,,0.4782608695652174,,0.0,1.0,0.9302325581395349,4.770970844811595e-19,4.770970844811595e-19,0.9302325581395349,0.5814294660167882,0.18110015290550946,166,1.7113223841992717,0.8306918084589581,1199,730.4413049657036,0.6586722873992039,682.5,291.6249084249084,0.669873526877172,639,1009.0473684210526,935.5,610.6543869996938,760,0.4758535102197843,0.8532293215616218,0.41093374637766444,5,480.5
coif10,1.0,symmetric,1.8988739779168634e-26,316.68683103871797,7244356.764210665,0.6060606060606061,290.64614514611384,206,raw,9.327598025141994e-14,-2.1571433528322649e-10,6.725190039059933,59488.553494069514,0.754991938833887,5.618943883690066e-06,0.9999999999999999,327.00000000000006,,,,[],[],13,661.1538461538463,87.00000000000014,939.9999999999999,"[8, 32, 51, 63, 81, 100, 111, 133, 152, 162, 175, 192, 204]","[878.0000000000001, 638.0000000000001, 787.0000000000003, 792.0, 939.9999999999999, 788.0000000000001, 637.0000000000002, 675.0000000000005, 771.0000000000001, 195.99999999999994, 834.0, 572.0000000000002, 87.00000000000014]","[0, 13, 39, 39, 76, 99, 107, 107, 107, 161, 99, 187, 203]","[76, 39, 61, 76, 205, 164, 119, 142, 164, 164, 205, 205, 205]",37754613.00000001,940.9999999999999,-940.9999999999999,0.0,,,,DWT,mdp.39015067403892,7.450580596923828e-09,,0.0,33.0,19.0,0.0,28.5,,1.1368683772161603e-13,256.3413461538463,4358.999999999998,256.3413461538463,,0.0,256.3413461538463,,,84.00000000000014,0.0,19.5,1.1368683772161603e-13,1.1368683772161603e-13,,5.684341886080802e-14,9.950797480082127e-14,1.2640812151842562e-26,0.954723392647415,0.9270005407533617,0.001697522584463962,0.3668831168831169,0.00014160011155588462,0.999999999723378,0.4742280246117654,6.696054799077647e-09,6.696054799077647e-09,6.082088379347123e-09,,2.859275438170267e-12,0.9999999933039181,1.3612963731558036e-13,,,,,,7.374542113937972e-14,1.0,0.0,1.4238426238064856e-13,1.4238426238064856e-13,0.7422684098793394,0.2426715936826546,800,1.583992953944612,0.7607971799790559,420,0,0.20618566978276956,0.24635434483033442,799,0.0,0.40630577158792386,0.7379921456796719,453,210.01111081718193,0.7798625672775871,618.0,564.1731153383436,0.5660319125696112,647,coif,0.5507900112560971,0.8749445204262634,0.351963635992853,2,485.75,9.950797480082127e-14,0.0001547883299646835,1.2640812151842562e-26,0.954723392647415,0.9270005407533617,0.0027292476813292514,0.5241626794258375,0.0025069656951500004,0.9999999997233779,0.9919828214562042,0.9855281704452481,0.9855281704452481,0.985528170445136,,6.125805465799743e-13,0.9999999999667596,7.585973278963461e-14,,,,,1.0,,7.374542113937972e-14,1.0,0.25,1.4238426238064856e-13,1.4238426238064856e-13,0.0,2.2095701998213686,0.6304403968408583,807,1.6484132242425598,0.7620369602337392,1115,217.78888860545663,0.8858548801858194,961.0,936.3215400624349,0.691093058541547,393,0.4784248188775415,0.776734912893196,0.43208215291776214,2,295.25,,,,,,,,,,,,,6.681341600903553e-19,0.03641360043841643,1.2640812151842562e-26,0.9671581520719126,0.28656907005454135,0.0018996410344745709,0.39653878796078784,0.9999999999999999,0.0025069656951500004,0.9999999999999541,0.0008499884728391241,0.0007982210227401272,0.0007982210227401272,0.0007982210227337884,,0.0,4.786380409530668e-19,0.020163910573049813,7.054128794466933e-19,,,,,0.4782608695652174,,2.3332883504384434e-21,1.0,0.7906976744186046,4.770970844811595e-19,4.770970844811595e-19,0.9302325581395349,0.5674759776446953,0.17675400427451057,842,1.695071628381537,0.8228035403782625,1315,334.46150750123695,0.8437095759340014,1078.5,1026.6388502549837,0.6698688066585895,640,986.6382352941176,846.0,585.0035688138154,340,0.4652856568234462,0.8173890317607586,0.42908333069536003,4,481.0
coif9,1.0,constant,1.4350099797281767e-26,315.67884952879024,4961406.27422161,0.5775193798449613,49.17097742924523,206,smoothed,8.391992602448175e-14,-2.0136841083484602e-10,6.1951136716418596,44213.37037918394,0.9904561192930195,0.00014966566451320282,0.9999999999999999,362.4,,,,[],[],11,426.59999999999997,32.19999999999993,728.3999999999999,"[9, 31, 53, 64, 80, 102, 131, 148, 158, 175, 192]","[310.99999999999966, 417.8000000000003, 589.5999999999999, 432.19999999999993, 728.3999999999999, 371.00000000000006, 587.0000000000001, 32.19999999999993, 448.20000000000005, 367.9999999999997, 407.2000000000002]","[1, 1, 1, 60, 1, 94, 120, 144, 144, 165, 186]","[20, 40, 75, 75, 203, 120, 203, 149, 203, 186, 203]",30736475.83999999,728.3999999999999,-728.3999999999999,0.0,,,,DWT,mdp.39015067403892,7.450580596923828e-09,,0.0,33.0,11.0,0.0,33.0,,1.1368683772161603e-13,168.40000000000003,987.7999999999993,168.39999999999998,,0.0,168.40000000000003,,,27.999999999999943,0.0,33.0,1.1368683772161603e-13,1.1368683772161603e-13,,0.0,1.3552340196993376e-13,3.720910846142122e-26,0.964168717331895,0.08766713811978152,0.06211233533286155,0.44268869937104427,0.13071646817464866,,0.9999996646602125,4.4059199552998455e-09,4.4059199552998455e-09,3.67866784340914e-09,,0.0,0.9999999955940747,7.585973278963461e-14,,,,,,1.5893391424973748e-13,1.0,1.0,1.7477015598164352e-13,1.7477015598164352e-13,0.9999999009424407,0.37592186794824006,281,0.8827530341437765,0.4481453469895284,282,0,0.3333333060621149,0.4742677179691898,281,0.0,0.24105047976148097,0.4252782859697747,259,11.176612486199325,0.9882844732849063,275.75,275.39596842638474,0.8496191758458075,81,coif,0.5556920286951962,0.9053407607371553,0.33941335169221604,4,61.75,8.768643796819358e-14,0.9999999999705143,9.358203348125397e-27,0.9510037126799414,0.7438857469074516,0.00016271025251963557,0.36328029375765025,0.0012731668108299026,0.9999999997235941,2.0315811922300142e-05,4.745387416349445e-11,4.745387416349445e-11,3.962102868015904e-11,,0.0,0.0031261328403482946,7.585973278963461e-14,,,,,0.0,,7.374542113937972e-14,1.0,1.0,1.4238426238064856e-13,1.4238426238064856e-13,1.0,0.40156916120424124,0.1145767721564671,1194,1.7884478402959607,0.8267728841971411,51,808.2230508962239,0.5764030131571154,622.5,97.82168674698795,0.6250725757609477,761,0.4784248188775415,0.776734912893196,0.43208215291776214,2,571.25,,,,,,,,,,,,,5.887598928675065e-19,0.9999999999715837,9.358203348125397e-27,0.9644600443519236,0.2299617285496424,0.0012994765934277554,0.2748282795228643,0.9999999999999999,0.0012731668108299026,0.9999999999999541,9.960751159770347e-05,3.8434858594393884e-14,3.8434858594393884e-14,3.2090649582094954e-14,,0.0,0.0,0.004567040150618464,7.054128794466933e-19,,,,,0.13043478260869565,,2.3332883504384434e-21,1.0,1.0,4.770970844811595e-19,4.770970844811595e-19,1.0,0.4544873153722995,0.14156097535167125,1175,1.9047472077076237,0.9245820175303413,26,812.4656915833431,0.6203431347741388,600.5,50.87427144046628,0.6698678290693124,641,986.6382352941176,846.0,585.0035688138154,340,0.4652856568234462,0.8173890317607586,0.42908333069536003,4,481.75
coif16,1.0,antisymmetric,4.288105426287856e-26,313.14913792582996,8227399.566139474,0.6133333333333333,298.54084462713195,206,raw,1.4230687825544823e-13,-2.2773072316795443e-10,6.896088131943451,175481.6884838337,0.919439644742789,5.6189438836900605e-06,1.0,327.0000000000001,,,,[],[],13,661.1538461538463,87.00000000000003,940.0000000000002,"[8, 32, 51, 63, 81, 100, 111, 133, 152, 162, 175, 192, 204]","[878.0000000000001, 638.0, 787.0000000000002, 792.0000000000007, 940.0000000000002, 788.0000000000002, 637.0000000000001, 675.0000000000003, 771.0000000000001, 196.00000000000006, 834.0000000000001, 572.0, 87.00000000000003]","[0, 13, 42, 42, 76, 99, 107, 107, 107, 161, 164, 187, 203]","[76, 42, 61, 76, 205, 164, 119, 142, 164, 164, 205, 205, 205]",37754613.000000015,941.0000000000002,-941.0000000000002,0.0,,,,DWT,mdp.39015067403892,1.4901161193847656e-08,,0.0,33.0,19.0,0.0,28.5,,2.2737367544323206e-13,256.3413461538463,4358.999999999998,256.3413461538463,,0.0,256.3413461538463,,,84.00000000000003,0.0,28.5,2.2737367544323206e-13,2.2737367544323206e-13,,1.1368683772161603e-13,1.6145936505918174e-13,2.954859593580903e-26,0.9416685041663534,0.9860372588010895,0.0028038217964967247,0.42142857142857104,0.009532751949574416,0.9999999997231969,0.4742280246116333,6.696054799077647e-09,6.696054799077647e-09,6.082088379347123e-09,,5.718550876340534e-12,0.9999999933039181,2.7225927463116073e-13,,,,,,1.4749084227875944e-13,1.0,1.0,2.847685247612971e-13,2.847685247612971e-13,0.8422684098808915,0.2753648338174286,108,1.6318061720391903,0.783762030549566,241,0,0.2895190031163714,0.34592250957018555,108,0.0,0.4201838634831804,0.7631995720366556,277,88.41002959694863,0.9073270130011021,183.5,152.21856031415936,0.857489502307679,36,coif,0.5507900112560971,0.8749445204262634,0.351963635992853,2,27.5,1.6145936505918174e-13,0.0001547883299646835,2.954859593580903e-26,0.9416685041663534,0.9860372588010896,0.0038344035558590854,0.5651578947368419,0.011875900879940001,0.9999999997231968,0.9919828214562021,0.9855281704452481,0.9855281704452481,0.985528170445136,,1.2251610931599486e-12,0.9999999999667596,1.5171946557926922e-13,,,,,1.0,,1.4749084227875944e-13,1.0,0.75,2.847685247612971e-13,2.847685247612971e-13,0.0,2.2595701998218063,0.6447065287088872,108,1.6907968883133158,0.7816302988802959,848,523.2590180780452,0.7257552316152803,478.0,191.59832635983264,0.7376155613003026,244,0.4784248188775415,0.776734912893196,0.43208215291776214,2,183.5,,,,,,,,,,,,,1.0840992139420783e-18,0.036413600438416405,2.954859593580903e-26,0.957688655851174,0.3048194341549338,0.0021580729787203383,0.427552428629414,1.0,0.011875900879940001,0.9999999999999541,0.0008499884728391225,0.0007982210227401272,0.0007982210227401272,0.0007982210227337884,,0.0,9.572760819061336e-19,0.020163910573049813,1.4108257588933865e-18,,,,,0.4782608695652174,,4.666576700876887e-21,1.0,0.9302325581395349,9.54194168962319e-19,9.54194168962319e-19,0.9302325581395349,0.5814294660167882,0.18110015290550946,43,1.7147973590127796,0.8323785935666822,1178,802.5661966467314,0.6249690669875086,610.5,82.97133497133497,0.6698443465778665,642,986.6382352941176,846.0,585.0035688138154,340,0.4652856568234462,0.8173890317607586,0.42908333069536003,4,482.5
rbio3.1,1.0,reflect,1.0753568047723073e-26,316.9318728661442,4908510.66708457,0.6586538461538461,309.84176764979964,206,smoothed,7.883230206697618e-14,-1.878857514014957e-10,6.479363660554114,37506.16006119407,0.7742615336030234,0.0001496656645132028,0.9999999999999999,362.39999999999986,,,,[],[],11,426.59999999999985,32.200000000000074,728.3999999999999,"[9, 31, 53, 64, 80, 102, 131, 148, 158, 175, 192]","[310.99999999999983, 417.79999999999984, 589.5999999999999, 432.1999999999998, 728.3999999999999, 371.0, 586.9999999999999, 32.200000000000074, 448.19999999999993, 367.9999999999999, 407.20000000000005]","[1, 1, 1, 60, 1, 94, 120, 144, 144, 165, 186]","[20, 40, 75, 75, 203, 120, 203, 149, 203, 186, 203]",30736475.83999998,728.3999999999999,-728.3999999999999,0.0,,,,DWT,mdp.39015067403892,1.4901161193847656e-08,,0.0,33.0,11.0,0.0,33.0,,1.1368683772161603e-13,168.39999999999992,987.8000000000002,168.39999999999995,,0.0,168.39999999999992,,,28.000000000000085,0.0,33.0,1.1368683772161603e-13,1.1368683772161603e-13,,1.1368683772161603e-13,1.2434660477084782e-13,2.668349989121894e-26,0.9689294703513298,0.4976704766806539,0.03941192776601728,1.0,0.07509468995250138,,0.9999996647841187,4.405801664454926e-09,4.405801664454926e-09,3.6786382706978885e-09,,1.2251610931599486e-12,0.9999999955941608,7.585973278963461e-14,,,,,,3.1786782849947497e-13,1.0,1.0,1.7477015598164352e-13,1.7477015598164352e-13,0.9999999009802678,0.3759218679624601,88,1.2799367604151712,0.6497827607891137,98,0,0.33333330607254075,0.47426771798402373,95,0.0,0.36872950925008957,0.6505386499770509,77,9.327379053088816,0.9902228731099698,89.5,88.72908431255755,0.9482036797415677,15,rbio,0.7685897546424816,0.816051598246696,0.21717169227625407,5,12.5,8.125813683340064e-14,0.999999999970514,6.81305933392076e-27,0.9556276524653712,0.8420798587745768,0.00010324398019698287,0.8206224696356275,0.0007314156223173483,0.9999999997237973,2.0315811924853655e-05,4.74525418958649e-11,4.74525418958649e-11,3.9620695613251655e-11,,1.2251610931599486e-12,0.003126132840348572,7.585973278963461e-14,,,,,0.0,,1.4749084227875944e-13,1.0,1.0,1.4238426238064856e-13,1.4238426238064856e-13,1.0,0.4015691612048907,0.1145767721566524,1049,2.023009696840485,0.9352073480313562,4,738.9265863399422,0.6127219149161729,526.5,7.969610636277302,0.6683892593448789,514,0.3888041033402703,1.0,0.4278371276618108,3,386.25,,,,,,,,,,,,,5.455978489398743e-19,0.9999999999715835,6.81305933392076e-27,0.9678140661336162,0.26031704560234353,0.001285570876842817,0.6208161173152378,0.9999999999999999,0.0007314156223173483,0.9999999999999541,9.960751159770543e-05,3.8433882812438647e-14,3.8433882812438647e-14,3.209043274166046e-14,,0.0,9.572760819061336e-19,0.004567040150618468,7.054128794466933e-19,,,,,0.13043478260869565,,4.666576700876887e-21,1.0,1.0,4.770970844811595e-19,4.770970844811595e-19,1.0,0.4544873153722995,0.14156097535167125,1171,2.0601087610862416,0.9999959611172846,2,826.607827207074,0.6137346601836102,586.5,3.9931798806479115,0.6698346198114313,643,818.67,599.5,715.6978453131971,300,0.38607403914171184,1.0,0.42974817260080167,3,483.0
rbio6.8,1.0,periodization,2.9738282500044594e-22,272.51423991508796,4948649.83825266,0.5242718446601942,98.1809293604818,206,smoothed,1.3718790963986713e-11,-6.899476545652565e-11,6.200016382478651,31422.38413783734,0.9813830106820794,0.00014966566451325526,0.9999999999999996,362.39999999999736,,,,[],[],11,426.5999999999554,32.199999999984385,728.3999999999207,"[9, 31, 53, 64, 80, 102, 131, 148, 158, 175, 192]","[310.9999999999478, 417.7999999999639, 589.5999999999475, 432.19999999992035, 728.3999999999207, 370.9999999999459, 586.9999999999908, 32.199999999984385, 448.19999999997236, 367.99999999995856, 407.19999999995673]","[1, 1, 1, 60, 1, 94, 120, 144, 144, 165, 186]","[20, 40, 75, 75, 205, 120, 205, 149, 205, 186, 205]",30736475.839999143,728.3999999999393,-728.3999999999393,0.0,,,,DWT,mdp.39015067403892,8.530914783477783e-07,,0.0,15.0,11.0,0.0,33.0,,6.070877134334296e-11,168.39999999995547,987.8000000004895,168.39999999996257,,0.0,168.39999999995547,,,27.999999999984396,0.0,33.0,7.923972589196637e-11,6.070877134334296e-11,,2.6147972675971687e-12,3.0089425203649534e-11,8.70315684560905e-22,0.8001685431730431,0.0947388281443804,0.05663784867378415,0.07693226515562712,0.024642949345148348,,0.9999996511048723,4.359549944091342e-09,4.359549944091342e-09,3.639750155402271e-09,,2.817870514267882e-11,0.9999999956404447,5.2874233754375324e-11,,,,,,1.8197933181594942e-11,0.0,1.0,9.332726329419763e-11,9.332726329419763e-11,0.8999998969462952,0.3383296759273868,639,0.596419550122245,0.3027830388599252,924,0,0.24999997161583937,0.35570077719299986,639,0.0,0.1504457763602961,0.2654270672483547,927,165.41538622510302,0.8266086098269361,782.25,756.0164467856977,0.5033200281839083,900,rbio,0.7685897546424816,0.816051598246696,0.21717169227625407,5,676.25,1.7315582543926034e-11,0.9999999999708784,2.1044698161635289e-22,0.7917165312162502,0.7455793875587752,0.00014836921861807175,0.06313234542667362,0.00024002014180253247,0.9999999997255892,2.031581164690932e-05,4.695438482471559e-11,4.695438482471559e-11,3.9201863977211815e-11,,2.817870514267882e-11,0.0031261328404932343,5.2874233754375324e-11,,,,,0.0,,8.443850720458977e-12,0.0,1.0,7.603319611126633e-11,7.603319611126633e-11,1.0,0.3015691612788356,0.08604450844194231,1303,1.573242743232531,0.7272867628889494,1393,63.63961030678928,0.9666459065478044,1348.0,1346.4977744807122,0.6300734773829169,748,0.3888041033402703,1.0,0.4278371276618108,3,561.75,,,,,,,,,,,,,1.1626336705795117e-16,0.9999999999719345,2.1044698161635289e-22,0.8489194661945022,0.23048529353706076,0.0012961230562850855,0.04776079015018275,0.9999999999999997,0.00024002014180253247,0.9999999999999545,9.96075115974952e-05,3.803045118405679e-14,3.803045118405679e-14,3.175118588188974e-14,,0.0,2.2017349883841074e-17,0.004567040150620732,4.916727769743452e-16,,,,,0.13043478260869565,,2.671615161252018e-19,0.7209302325581395,1.0,2.5476984311293913e-16,2.5476984311293913e-16,1.0,0.4265803386281145,0.13286867808967376,1342,1.7444427121217303,0.8467687238038912,997,243.9518395093589,0.8860038133133837,1169.5,1144.056434373664,0.6697542431052901,644,818.67,599.5,715.6978453131971,300,0.38607403914171184,1.0,0.42974817260080167,3,483.75
db16,1.0,periodization,2.1372691077061945e-26,316.17320038385463,5971483.785923619,0.6262135922330098,297.72434349852466,206,raw,1.0164792416623894e-13,-2.1612922562752875e-10,6.322484386376081,63117.30860590066,0.7648156829984776,5.618943883690066e-06,0.9999999999999998,327.00000000000006,,,,[],[],13,661.1538461538463,86.99999999999989,939.9999999999999,"[8, 32, 51, 63, 81, 100, 111, 133, 152, 162, 175, 192, 204]","[877.9999999999998, 638.0000000000005, 787.0000000000001, 792.0000000000006, 939.9999999999999, 788.0000000000001, 636.9999999999999, 675.0000000000002, 770.9999999999999, 196.00000000000017, 834.0, 572.0000000000003, 86.99999999999989]","[0, 13, 42, 42, 76, 99, 107, 107, 107, 161, 99, 187, 203]","[76, 42, 61, 76, 205, 164, 119, 142, 164, 164, 205, 205, 205]",37754613.0,940.9999999999999,-940.9999999999999,0.0,,,,DWT,mdp.39015067403892,0.0,,0.0,33.0,19.0,0.0,28.5,,1.1368683772161603e-13,256.3413461538463,4358.999999999998,256.34134615384625,,0.0,256.3413461538463,,,83.99999999999989,0.0,24.0,1.1368683772161603e-13,1.1368683772161603e-13,,5.684341886080802e-14,1.1008607118089259e-13,1.432785394613036e-26,0.9528279792506827,0.7878859393404181,0.00026505355042618045,0.5180305131761447,0.00043539500072065665,0.9999999997233717,0.47422802461146824,6.696054799077647e-09,6.696054799077647e-09,6.082044361106239e-09,,2.859275438170267e-12,0.9999999933039181,1.3612963731558036e-13,,,,,,0.0,1.0,0.5,1.4238426238064856e-13,1.4238426238064856e-13,0.7922684098792003,0.25901821374974243,468,1.5731586471559595,0.7555934257380361,456,0,0.24785233644940163,0.29613842720005823,467,0.0,0.4074306100052343,0.7400352422221835,441,12.569805089976535,0.9868241036792699,458.0,457.7373448448751,0.7533701231184609,235,db,0.540986235965534,0.9305070477545101,0.3421575204977732,3,177.0,1.1008607118089259e-13,0.0001547883299646835,1.4327853946130357e-26,0.9528279792506827,0.7878859393404182,0.0012982590746031654,0.6377618804292289,0.0028000655535788763,0.9999999997233716,0.9919828214561996,0.9855281704452481,0.9855281704452481,0.9855281704451354,,6.125805465799743e-13,0.9999999999667596,7.585973278963461e-14,,,,,1.0,,0.0,1.0,0.5,1.4238426238064856e-13,1.4238426238064856e-13,0.0,2.2345701998213303,0.6375734627747994,474,1.6225601015394144,0.7500854454390753,1213,522.5519112968586,0.7261258326536381,843.5,681.63841138115,0.6420199393876156,695,0.49117026184683504,0.8233619396015222,0.4091722348267588,4,522.25,,,,,,,,,,,,,7.391594980534736e-19,0.03641360043841643,1.4327853946130357e-26,0.9657832946747673,0.24356376401068847,0.0015650156876318966,0.4824786902990126,0.9999999999999998,0.0028000655535788763,0.9999999999999541,0.0008499884728391206,0.0007982210227401272,0.0007982210227401272,0.0007982210227337879,,0.0,4.786380409530668e-19,0.020163910573049813,7.054128794466933e-19,,,,,0.4782608695652174,,0.0,1.0,0.8604651162790697,4.770970844811595e-19,4.770970844811595e-19,0.9302325581395349,0.5744527218307418,0.17892707859001003,361,1.7070699491265635,0.8286276369074622,1233,616.5971131946694,0.7118705078529581,797.0,558.4855708908407,0.6697203006554511,645,1009.0473684210526,935.5,610.6543869996938,760,0.4758535102197843,0.8532293215616218,0.41093374637766444,5,485.0
coif2,1.0,symmetric,5.847068622228567e-27,321.8024105603069,5977154.808964933,0.6203703703703703,283.33026858631877,206,raw,5.003764393121263e-14,-2.1527368776475274e-10,6.3913095215825,61991.692807099105,0.7526192891579293,5.618943883690066e-06,1.0,327.0000000000001,,,,[],[],13,661.1538461538462,87.0,940.0000000000001,"[8, 32, 51, 63, 81, 100, 111, 133, 152, 162, 175, 192, 204]","[878.0000000000001, 638.0, 787.0000000000001, 792.0000000000001, 940.0000000000001, 788.0, 637.0000000000002, 675.0000000000001, 771.0, 195.9999999999999, 834.0000000000002, 572.0, 87.0]","[0, 13, 42, 42, 76, 99, 107, 107, 107, 161, 99, 187, 203]","[76, 42, 61, 76, 205, 164, 119, 142, 164, 164, 205, 205, 205]",37754613.0,941.0000000000001,-941.0000000000001,0.0,,,,DWT,mdp.39015067403892,0.0,,0.0,33.0,19.0,0.0,28.5,,1.1368683772161603e-13,256.3413461538462,4359.0,256.3413461538462,,0.0,256.3413461538462,,,84.0,0.0,24.0,1.1368683772161603e-13,1.1368683772161603e-13,,1.1368683772161603e-13,4.487558672432038e-14,3.340895451305762e-27,0.9736010391925748,0.811661570965211,0.0002714356207792882,0.474206349206349,0.0003442617722002727,0.9999999997233846,0.4742280246116003,6.6959667625959335e-09,6.6959667625959335e-09,6.082000342865356e-09,,5.718550876340534e-12,0.9999999933040264,1.3612963731558036e-13,,,,,,0.0,1.0,0.5,1.4238426238064856e-13,1.4238426238064856e-13,0.7922684098806576,0.25901821375021883,396,1.579947371089327,0.7588540728332775,431,0,0.2478523364496416,0.29613842720034494,392,0.0,0.40751058206006796,0.7401804991997315,437,23.280893453645632,0.9755965477425098,414.0,413.0188468794678,0.7708171417957832,203,coif,0.5507900112560971,0.8749445204262634,0.351963635992853,2,152.75,4.487558672432038e-14,0.0001547883299646835,3.3408954513057615e-27,0.9736010391925748,0.811661570965211,0.0013046345492177046,0.6048245614035088,0.002709147918988881,0.9999999997233845,0.9919828214562016,0.9855281704452468,0.9855281704452468,0.9855281704451347,,1.2251610931599486e-12,0.9999999999667601,7.585973278963461e-14,,,,,1.0,,0.0,1.0,0.5,1.4238426238064856e-13,1.4238426238064856e-13,0.0,2.2345701998216367,0.6375734627748868,394,1.633703646390115,0.7552369407797888,1182,557.2001435749994,0.7079663817741093,788.0,591.0,0.647484239105084,659,0.4784248188775415,0.776734912893196,0.43208215291776214,2,494.75,,,,,,,,,,,,,3.0131165371047472e-19,0.03641360043841643,3.3408954513057615e-27,0.9808512451132781,0.2509136633312855,0.0015665065418526427,0.4575609976097055,1.0,0.002709147918988881,0.9999999999999541,0.0008499884728391221,0.0007982210227401261,0.0007982210227401261,0.0007982210227337874,,0.0,9.572760819061336e-19,0.020163910573049823,7.054128794466933e-19,,,,,0.4782608695652174,,0.0,1.0,0.8604651162790697,4.770970844811595e-19,4.770970844811595e-19,0.9302325581395349,0.5744527218307418,0.17892707859001003,250,1.7097829703475205,0.8299445626516894,1214,681.6509370638319,0.6814715247365272,732.0,414.61748633879785,0.669707724985086,646,986.6382352941176,846.0,585.0035688138154,340,0.4652856568234462,0.8173890317607586,0.42908333069536003,4,485.5
bior6.8,1.0,reflect,3.058616241011791e-22,272.39214883977684,5227090.280831707,0.5225225225225225,83.82363371357945,206,smoothed,1.3872225913827012e-11,-6.672131736008021e-11,6.302080925546784,32171.95591466785,0.982863648992892,0.00014966566451325478,0.9999999999999997,362.3999999999973,,,,[],[],11,426.59999999995483,32.19999999998433,728.3999999999144,"[9, 31, 53, 64, 80, 102, 131, 148, 158, 175, 192]","[310.9999999999477, 417.7999999999639, 589.5999999999475, 432.19999999992024, 728.3999999999144, 370.9999999999459, 586.9999999999909, 32.19999999998433, 448.1999999999722, 367.9999999999585, 407.19999999995684]","[1, 1, 1, 60, 1, 94, 120, 144, 144, 165, 186]","[20, 40, 75, 75, 205, 120, 205, 149, 205, 186, 205]",30736475.83999914,728.3999999999394,-728.3999999999394,0.0,,,,DWT,mdp.39015067403892,8.568167686462402e-07,,0.0,15.0,11.0,0.0,33.0,,6.059508450562134e-11,168.3999999999549,987.8000000004959,168.39999999996257,,0.0,168.3999999999549,,,27.99999999998434,0.0,33.0,8.560618880437687e-11,6.059508450562134e-11,,2.6716406864579767e-12,3.0426500296451354e-11,8.951297350668267e-22,0.79970466876775,0.24195713962703197,0.17613192146628215,0.0649162004655208,0.03085902326497477,,0.9999996510553099,4.358958489866743e-09,4.358958489866743e-09,3.639750155402271e-09,,2.8791285689258795e-11,0.9999999956410469,5.712237879059486e-11,,,,,,1.8277400138719813e-11,0.0,1.0,9.3152493138216e-11,9.3152493138216e-11,0.8999998969337731,0.3383296759226795,641,0.7271774213086333,0.36916460798279255,722,0,0.24999997161204332,0.35570077718759885,641,0.0,0.1876527076602838,0.3310701640184215,708,43.104524124504614,0.9548170606661377,678.0,675.9501965464352,0.6220626183833833,511,bior,0.8100315533562081,0.7923003667562746,0.1952878026237719,6,384.75,1.7509450264970984e-11,0.9999999999708751,2.164471412928308e-22,0.7912659875082861,0.7808375671564287,0.0004613973901474793,0.05327169274537713,0.0003005641506707525,0.9999999997256235,2.031581164596563e-05,4.6948056553475226e-11,4.6948056553475226e-11,3.9201863977211815e-11,,2.8791285689258795e-11,0.0031261328404951216,5.712237879059486e-11,,,,,0.0,,8.480723431028668e-12,0.0,1.0,7.58908118488857e-11,7.58908118488857e-11,1.0,0.3015691612812243,0.08604450844262386,1298,1.5868379774234438,0.7335716378123894,1355,40.30508652763321,0.9788757408136094,1326.5,1325.887674330946,0.6418225664235762,697,0.5943810304597339,0.7715092316736338,0.3524805091760961,5,524.0,,,,,,,,,,,,,1.1756506822540302e-16,0.9999999999719312,2.164471412928308e-22,0.8485926597306989,0.24138485971304624,0.001369322213830584,0.04030102352386228,0.9999999999999997,0.0003005641506707525,0.9999999999999545,9.960751159749444e-05,3.802524701362886e-14,3.802524701362886e-14,3.175118588188974e-14,,0.0,2.249598792479414e-17,0.004567040150620761,5.3117589822336e-16,,,,,0.13043478260869565,,2.6832816030042103e-19,0.7209302325581395,1.0,2.54292746028458e-16,2.54292746028458e-16,1.0,0.4265803386281146,0.1328686780896738,1340,1.7467733218632322,0.8479000234578055,984,251.7300141024109,0.882369152288593,1162.0,1134.73321858864,0.6696892490414927,647,1104.4,1082.5,563.6960149978129,300,0.520820561188399,0.7876173146100969,0.3991404127850916,6,486.75
coif14,1.0,reflect,2.823996435653886e-26,314.9631510262518,7943039.596220031,0.6041666666666666,287.94881654557844,206,raw,1.1751549032692535e-13,-2.198804471831321e-10,6.856719231846306,59043.28011576473,0.7542776461326474,5.618943883690062e-06,1.0,327.0000000000002,,,,[],[],13,661.1538461538462,87.00000000000011,939.9999999999999,"[8, 32, 51, 63, 81, 100, 111, 133, 152, 162, 175, 192, 204]","[878.0, 637.9999999999998, 787.0000000000001, 792.0000000000002, 939.9999999999999, 788.0000000000001, 637.0, 675.0000000000001, 771.0000000000001, 196.0, 834.000000000001, 571.9999999999995, 87.00000000000011]","[0, 13, 39, 39, 76, 99, 107, 107, 107, 161, 99, 187, 203]","[76, 39, 61, 76, 205, 164, 119, 142, 164, 164, 205, 205, 205]",37754613.0,940.9999999999999,-940.9999999999999,0.0,,,,DWT,mdp.39015067403892,0.0,,0.0,33.0,19.0,0.0,28.5,,1.1368683772161603e-13,256.3413461538462,4359.0,256.34134615384625,,0.0,256.3413461538462,,,84.00000000000011,0.0,19.5,1.1368683772161603e-13,1.1368683772161603e-13,,2.2737367544323206e-13,1.3013501630913144e-13,1.918759124257234e-26,0.9483626231793674,0.9724372787447383,0.002483808049345234,0.35267857142857106,0.00010554944437237703,0.9999999997233152,0.47422802461173236,6.6959667625959335e-09,6.6959667625959335e-09,6.082044361106239e-09,,1.1437101752681067e-11,0.9999999933040264,1.3612963731558036e-13,,,,,,0.0,1.0,0.0,1.4238426238064856e-13,1.4238426238064856e-13,0.7422684098835697,0.2426715936840376,702,1.5975917655432048,0.7673287352422984,363,0,0.20618566978346614,0.2463543448311667,702,0.0,0.4095084788212299,0.7438093723802772,410,183.16181370580495,0.8080064845851102,544.25,497.3362560781429,0.6187569110556578,490,coif,0.5507900112560971,0.8749445204262634,0.351963635992853,2,368.0,1.3013501630913144e-13,0.0001547883299646835,1.918759124257234e-26,0.9483626231793674,0.9724372787447384,0.003514720536339497,0.5134868421052631,0.0024710003130502915,0.9999999997233151,0.9919828214562036,0.9855281704452468,0.9855281704452468,0.9855281704451354,,2.4503221863198973e-12,0.9999999999667601,7.585973278963461e-14,,,,,1.0,,0.0,1.0,0.25,1.4238426238064856e-13,1.4238426238064856e-13,0.0,2.20957019982225,0.6304403968411098,702,1.6634231469038392,0.7689758246337144,1030,231.93102422918759,0.8784428594186648,866.0,834.9422632794457,0.7122822263550348,298,0.4784248188775415,0.776734912893196,0.43208215291776214,2,224.0,,,,,,,,,,,,,8.737756948031931e-19,0.03641360043841641,1.918759124257234e-26,0.962544303204031,0.30061519320126445,0.0020833176377038935,0.38846231903666617,1.0,0.0024710003130502915,0.9999999999999541,0.0008499884728391236,0.0007982210227401261,0.0007982210227401261,0.0007982210227337879,,0.0,1.9145521638122673e-18,0.020163910573049823,7.054128794466933e-19,,,,,0.4782608695652174,,0.0,1.0,0.7906976744186046,4.770970844811595e-19,4.770970844811595e-19,0.9302325581395349,0.5674759776446953,0.17675400427451057,778,1.6961732452132958,0.8233382754385011,1305,372.64527368531054,0.8258666945395745,1041.5,974.8343734997601,0.6695922257744602,648,986.6382352941176,846.0,585.0035688138154,340,0.4652856568234462,0.8173890317607586,0.42908333069536003,4,487.0
bior6.8,1.0,periodization,2.9741960698443047e-22,272.51370278841057,4977023.686319265,0.5242718446601942,84.60303629705203,206,smoothed,1.371567669934364e-11,-6.606151181654513e-11,6.187672848486288,31978.132981497663,0.9850623827480566,0.00014966566451325518,0.9999999999999996,362.39999999999725,,,,[],[],11,426.5999999999554,32.19999999998436,728.399999999921,"[9, 31, 53, 64, 80, 102, 131, 148, 158, 175, 192]","[310.9999999999477, 417.7999999999638, 589.5999999999476, 432.1999999999201, 728.399999999921, 370.9999999999459, 586.999999999991, 32.19999999998436, 448.1999999999722, 367.9999999999586, 407.19999999995696]","[1, 1, 1, 60, 1, 94, 120, 144, 144, 165, 186]","[20, 40, 75, 75, 205, 120, 205, 149, 205, 186, 205]",30736475.839999147,728.3999999999395,-728.3999999999395,0.0,,,,DWT,mdp.39015067403892,8.493661880493164e-07,,0.0,15.0,11.0,0.0,33.0,,6.048139766789973e-11,168.39999999995547,987.8000000004895,168.39999999996257,,0.0,168.39999999995547,,,27.999999999984368,0.0,33.0,7.901235221652314e-11,6.048139766789973e-11,,2.7284841053187847e-12,3.0082583600451136e-11,8.7042333070247e-22,0.8001665024070215,0.07693446457738444,0.06881462383930848,0.07693226515562712,0.029251681957331205,,0.999999651080091,4.359549944091342e-09,4.359549944091342e-09,3.639750155402271e-09,,2.940386623583877e-11,0.9999999956404447,5.272251428879605e-11,,,,,,1.8118466224470075e-11,0.0,1.0,9.297772298223435e-11,9.297772298223435e-11,0.8999998969392182,0.3383296759247264,640,0.5954480245067675,0.3022898265262177,927,0,0.24999997161379878,0.3557007771900965,640,0.0,0.15029993399525077,0.2651697618445669,928,165.98870443497051,0.8260076473427982,783.75,757.3842801487906,0.5022333834198267,901,bior,0.8100315533562081,0.7923003667562746,0.1952878026237719,6,677.25,1.7311647616520562e-11,0.9999999999708777,2.1047301098377896e-22,0.7917145490972112,0.7413153157735133,0.00018026765153706498,0.06313234542667362,0.0002849087888395748,0.9999999997256335,2.031581164646523e-05,4.695438482471559e-11,4.695438482471559e-11,3.9201863977211815e-11,,2.940386623583877e-11,0.0031261328404932343,5.272251428879605e-11,,,,,0.0,,8.406978009889287e-12,0.0,1.0,7.574842758650503e-11,7.574842758650503e-11,1.0,0.30156916127923983,0.08604450844205765,1300,1.5711434227437675,0.7263162781947679,1404,73.53910524340094,0.9614574920107961,1352.0,1349.9999999999998,0.6264310520850627,759,0.5943810304597339,0.7715092316736338,0.3524805091760961,5,570.5,,,,,,,,,,,,,1.1623694646781924e-16,0.999999999971934,2.1047301098377896e-22,0.848918028444285,0.22916711621954247,0.0013035822520669979,0.04776079015018275,0.9999999999999997,0.0002849087888395748,0.9999999999999545,9.960751159749477e-05,3.803045118405679e-14,3.803045118405679e-14,3.175118588188974e-14,,0.0,2.297462596574721e-17,0.004567040150620732,4.902619512154518e-16,,,,,0.13043478260869565,,2.6599487194998257e-19,0.7209302325581395,1.0,2.5381564894397685e-16,2.5381564894397685e-16,1.0,0.4265803386281145,0.13286867808967376,1343,1.7438044458695465,0.8464589034262696,999,243.24473272817235,0.8863342370429101,1171.0,1145.736122971819,0.6695689876803336,649,1104.4,1082.5,563.6960149978129,300,0.520820561188399,0.7876173146100969,0.3991404127850916,6,488.25
coif10,1.0,reflect,1.913885311647283e-26,316.6526333745291,7247613.253919085,0.6060606060606061,283.45717338099627,206,raw,9.448321305489582e-14,-2.1526025406615485e-10,6.729802261925786,59128.93738083278,0.7488067092836993,5.618943883690066e-06,0.9999999999999999,327.0000000000001,,,,[],[],13,661.1538461538463,87.00000000000006,939.9999999999999,"[8, 32, 51, 63, 81, 100, 111, 133, 152, 162, 175, 192, 204]","[877.9999999999998, 638.0, 787.0000000000003, 792.0, 939.9999999999999, 788.0000000000001, 637.0000000000002, 675.0000000000005, 771.0000000000001, 196.0, 833.9999999999999, 572.0000000000005, 87.00000000000006]","[0, 13, 39, 39, 76, 99, 107, 107, 107, 161, 99, 187, 203]","[76, 39, 61, 76, 205, 164, 119, 142, 164, 164, 205, 205, 205]",37754613.00000001,940.9999999999999,-940.9999999999999,0.0,,,,DWT,mdp.39015067403892,7.450580596923828e-09,,0.0,33.0,19.0,0.0,28.5,,1.1368683772161603e-13,256.3413461538463,4358.999999999998,256.34134615384625,,0.0,256.3413461538463,,,84.00000000000006,0.0,19.5,1.1368683772161603e-13,1.1368683772161603e-13,,1.1368683772161603e-13,1.0103333439212804e-13,1.2747042289235046e-26,0.954597195524586,0.9285938323829545,0.0017011873811456008,0.3668831168831169,0.00011248451326550078,0.9999999997233848,0.47422802461166635,6.696054799077647e-09,6.696054799077647e-09,6.082044361106239e-09,,5.718550876340534e-12,0.9999999933039181,1.3612963731558036e-13,,,,,,7.374542113937972e-14,1.0,0.0,1.4238426238064856e-13,1.4238426238064856e-13,0.7422684098807262,0.24267159368310798,741,1.5847040676447388,0.7611387302974166,415,0,0.2061856697829959,0.24635434483060487,735,0.0,0.4064859770510693,0.7383194612772086,450,176.97528075977164,0.8144913199583106,585.25,544.8156753188331,0.6005108591405809,538,coif,0.5507900112560971,0.8749445204262634,0.351963635992853,2,404.0,1.0103333439212804e-13,0.0001547883299646835,1.2747042289235046e-26,0.954597195524586,0.9285938323829546,0.002732908690518826,0.5241626794258375,0.0024779189756470024,0.9999999997233847,0.9919828214562026,0.9855281704452481,0.9855281704452481,0.9855281704451354,,1.2251610931599486e-12,0.9999999999667596,7.585973278963461e-14,,,,,1.0,,7.374542113937972e-14,1.0,0.25,1.4238426238064856e-13,1.4238426238064856e-13,0.0,2.2095701998216746,0.6304403968409455,742,1.6491243636004556,0.7623657094008921,1114,263.0437226013957,0.8621364137309246,928.0,890.7198275862069,0.687881624056238,416,0.4784248188775415,0.776734912893196,0.43208215291776214,2,312.5,,,,,,,,,,,,,6.783760010223357e-19,0.03641360043841643,1.2747042289235046e-26,0.9670666137045468,0.28706161356508453,0.001900497132464518,0.39653878796078784,0.9999999999999999,0.0024779189756470024,0.9999999999999541,0.0008499884728391229,0.0007982210227401272,0.0007982210227401272,0.0007982210227337879,,0.0,9.572760819061336e-19,0.020163910573049813,7.054128794466933e-19,,,,,0.4782608695652174,,2.3332883504384434e-21,1.0,0.7906976744186046,4.770970844811595e-19,4.770970844811595e-19,0.9302325581395349,0.5674759776446953,0.17675400427451057,811,1.6952517864775831,0.8228909907943821,1311,353.5533905932738,0.834788135236788,1061.0,1002.0933081998114,0.6694968713567118,650,986.6382352941176,846.0,585.0035688138154,340,0.4652856568234462,0.8173890317607586,0.42908333069536003,4,488.5
coif9,1.0,zero,1.4350099797281767e-26,315.67884952879024,4961406.27422161,0.5775193798449613,49.17097742924523,206,smoothed,8.391992602448175e-14,-2.0136841083484602e-10,6.1951136716418596,44213.37037918394,0.9904561192930195,0.00014966566451320282,0.9999999999999999,362.4,,,,[],[],11,426.59999999999997,32.19999999999993,728.3999999999999,"[9, 31, 53, 64, 80, 102, 131, 148, 158, 175, 192]","[310.99999999999966, 417.8000000000003, 589.5999999999999, 432.19999999999993, 728.3999999999999, 371.00000000000006, 587.0000000000001, 32.19999999999993, 448.20000000000005, 367.9999999999997, 407.2000000000002]","[1, 1, 1, 60, 1, 94, 120, 144, 144, 165, 186]","[20, 40, 75, 75, 203, 120, 203, 149, 203, 186, 203]",30736475.83999999,728.3999999999999,-728.3999999999999,0.0,,,,DWT,mdp.39015067403892,7.450580596923828e-09,,0.0,33.0,11.0,0.0,33.0,,1.1368683772161603e-13,168.40000000000003,987.7999999999993,168.39999999999998,,0.0,168.40000000000003,,,27.999999999999943,0.0,33.0,1.1368683772161603e-13,1.1368683772161603e-13,,0.0,1.3552340196993376e-13,3.720910846142122e-26,0.964168717331895,0.08766713811978152,0.06211233533286155,0.44268869937104427,0.13071646817464866,,0.9999996646602125,4.4059199552998455e-09,4.4059199552998455e-09,3.67866784340914e-09,,0.0,0.9999999955940747,7.585973278963461e-14,,,,,,1.5893391424973748e-13,1.0,1.0,1.7477015598164352e-13,1.7477015598164352e-13,0.9999999009424407,0.37592186794824006,282,0.8827530341437765,0.4481453469895284,283,0,0.3333333060621149,0.4742677179691898,282,0.0,0.24105047976148097,0.4252782859697747,258,12.175795661885921,0.9872371114655284,276.25,275.82903647141563,0.848833440428781,86,coif,0.5556920286951962,0.9053407607371553,0.33941335169221604,4,65.5,8.768643796819358e-14,0.9999999999705143,9.358203348125397e-27,0.9510037126799414,0.7438857469074516,0.00016271025251963557,0.36328029375765025,0.0012731668108299026,0.9999999997235941,2.0315811922300142e-05,4.745387416349445e-11,4.745387416349445e-11,3.962102868015904e-11,,0.0,0.0031261328403482946,7.585973278963461e-14,,,,,0.0,,7.374542113937972e-14,1.0,1.0,1.4238426238064856e-13,1.4238426238064856e-13,1.0,0.40156916120424124,0.1145767721564671,1195,1.7884478402959607,0.8267728841971411,52,808.2230508962239,0.5764030131571154,623.5,99.66319165998397,0.6248105212536101,762,0.4784248188775415,0.776734912893196,0.43208215291776214,2,572.0,,,,,,,,,,,,,5.887598928675065e-19,0.9999999999715837,9.358203348125397e-27,0.9644600443519236,0.2299617285496424,0.0012994765934277554,0.2748282795228643,0.9999999999999999,0.0012731668108299026,0.9999999999999541,9.960751159770347e-05,3.8434858594393884e-14,3.8434858594393884e-14,3.2090649582094954e-14,,0.0,0.0,0.004567040150618464,7.054128794466933e-19,,,,,0.13043478260869565,,2.3332883504384434e-21,1.0,1.0,4.770970844811595e-19,4.770970844811595e-19,1.0,0.4544873153722995,0.14156097535167125,1176,1.9047472077076237,0.9245820175303413,24,814.5870119269027,0.6193518635855595,600.0,47.04,0.6694890159049293,651,986.6382352941176,846.0,585.0035688138154,340,0.4652856568234462,0.8173890317607586,0.42908333069536003,4,489.25
coif2,1.0,antisymmetric,6.296612114392184e-27,321.4807230625495,5977109.741600953,0.6203703703703703,284.19369234557155,206,raw,5.1745016038985684e-14,-2.1560364604767133e-10,6.39135771200981,73011.28636430483,0.7905558794920767,5.618943883690064e-06,1.0,327.0000000000001,,,,[],[],13,661.1538461538462,86.99999999999994,940.0000000000001,"[8, 32, 51, 63, 81, 100, 111, 133, 152, 162, 175, 192, 204]","[878.0000000000002, 638.0, 787.0000000000001, 792.0000000000001, 940.0000000000001, 788.0, 637.0000000000002, 675.0000000000001, 771.0, 195.9999999999999, 834.0000000000002, 572.0, 86.99999999999994]","[0, 13, 42, 42, 76, 99, 107, 107, 107, 161, 99, 187, 203]","[76, 42, 61, 76, 205, 164, 119, 142, 164, 164, 205, 205, 205]",37754613.0,941.0000000000001,-941.0000000000001,0.0,,,,DWT,mdp.39015067403892,0.0,,0.0,33.0,19.0,0.0,28.5,,1.1368683772161603e-13,256.3413461538462,4359.0,256.3413461538462,,0.0,256.3413461538462,,,83.99999999999994,0.0,24.0,1.1368683772161603e-13,1.1368683772161603e-13,,1.1368683772161603e-13,4.703288100345429e-14,3.6590221933664345e-27,0.9724139394993665,0.8116782183403904,0.0002713849027544353,0.474206349206349,0.0012364410921065923,0.9999999997233797,0.47422802461153424,6.6959667625959335e-09,6.6959667625959335e-09,6.082000342865356e-09,,5.718550876340534e-12,0.9999999933040264,1.3612963731558036e-13,,,,,,0.0,1.0,0.5,1.4238426238064856e-13,1.4238426238064856e-13,0.7922684098806378,0.2590182137502124,406,1.5796002813299406,0.7586873644464232,432,0,0.2478523364496361,0.2961384272003384,406,0.0,0.40747579159554925,0.74011730765446,439,17.269916039170543,0.9818973626423789,420.75,420.21982148168564,0.7704298133966612,206,coif,0.5507900112560971,0.8749445204262634,0.351963635992853,2,155.0,4.703288100345428e-14,0.0001547883299646835,3.6590221933664345e-27,0.9724139394993665,0.8116782183403906,0.0013045838836088883,0.6048245614035088,0.0035992166097721804,0.9999999997233796,0.9919828214562006,0.9855281704452468,0.9855281704452468,0.9855281704451347,,1.2251610931599486e-12,0.9999999999667601,7.585973278963461e-14,,,,,1.0,,0.0,1.0,0.5,1.4238426238064856e-13,1.4238426238064856e-13,0.0,2.2345701998216363,0.6375734627748867,404,1.6333557124052875,0.7550760960642402,1184,551.5432893255071,0.7109311900809712,794.0,602.4382871536524,0.6473943162144897,660,0.4784248188775415,0.776734912893196,0.43208215291776214,2,495.5,,,,,,,,,,,,,3.157965430285614e-19,0.036413600438416426,3.6590221933664345e-27,0.9799901702695686,0.25091880963122204,0.001566494694101484,0.4575609976097055,1.0,0.0035992166097721804,0.9999999999999541,0.0008499884728391214,0.0007982210227401261,0.0007982210227401261,0.0007982210227337874,,0.0,9.572760819061336e-19,0.020163910573049823,7.054128794466933e-19,,,,,0.4782608695652174,,0.0,1.0,0.8604651162790697,4.770970844811595e-19,4.770970844811595e-19,0.9302325581395349,0.5744527218307418,0.17892707859001003,249,1.7096249201437006,0.8298678436121614,1215,683.0651506262049,0.6808106772774744,732.0,413.29918032786884,0.6693773012555596,652,986.6382352941176,846.0,585.0035688138154,340,0.4652856568234462,0.8173890317607586,0.42908333069536003,4,490.0
coif4,1.0,constant,8.196609453214613e-27,320.335450042596,5958997.093990301,0.6228070175438597,257.55005961230574,206,raw,6.015468597891337e-14,-2.0844959092159162e-10,6.3372535519584305,66543.68520121576,0.7914514334251441,5.618943883690066e-06,1.0,327.0000000000001,,,,[],[],13,661.1538461538462,86.99999999999989,940.0,"[8, 32, 51, 63, 81, 100, 111, 133, 152, 162, 175, 192, 204]","[877.9999999999998, 637.9999999999999, 787.0, 792.0, 940.0, 787.9999999999999, 636.9999999999999, 675.0, 770.9999999999999, 196.00000000000006, 834.0000000000002, 571.9999999999999, 86.99999999999989]","[0, 13, 42, 42, 76, 99, 107, 107, 107, 161, 99, 187, 203]","[76, 42, 61, 76, 205, 164, 119, 142, 164, 164, 205, 205, 205]",37754613.0,941.0,-941.0,0.0,,,,DWT,mdp.39015067403892,0.0,,0.0,33.0,19.0,0.0,28.5,,0.0,256.3413461538462,4359.0,256.3413461538461,,0.0,256.3413461538462,,,83.99999999999989,0.0,24.0,0.0,0.0,,1.1368683772161603e-13,5.765864487075404e-14,5.0035861206839144e-27,0.9681876227786219,0.7929879451590535,0.00025100124525735017,0.49248120300751913,0.0007128047186636764,0.9999999997234875,0.47422802461146824,6.6959667625959335e-09,6.6959667625959335e-09,6.081912306383589e-09,,5.718550876340534e-12,0.9999999933040264,0.0,,,,,,0.0,1.0,0.5,0.0,0.0,0.7922684098804668,0.25901821375015643,433,1.5748096498492141,0.7563864079227346,451,0,0.2478523364495882,0.29613842720028116,434,0.0,0.4068275720790826,0.7389399162776182,444,8.582928793055823,0.9910032192944908,440.5,440.37520918632663,0.7646315886828847,215,coif,0.5507900112560971,0.8749445204262634,0.351963635992853,2,161.75,5.765864487075403e-14,0.0001547883299646835,5.003586120683914e-27,0.9681876227786219,0.7929879451590535,0.0012842212922029744,0.6185595567867039,0.003076819003194851,0.9999999997234874,0.9919828214561996,0.9855281704452468,0.9855281704452468,0.9855281704451335,,1.2251610931599486e-12,0.9999999999667601,0.0,,,,,1.0,,0.0,1.0,0.5,0.0,0.0,0.0,2.2345701998215404,0.6375734627748593,439,1.6267496435971627,0.7520222085319125,1201,538.8153672641492,0.7176020087714102,820.0,642.9743902439025,0.6439163083689337,681,0.4784248188775415,0.776734912893196,0.43208215291776214,2,511.25,,,,,,,,,,,,,3.8714193852080463e-19,0.03641360043841643,5.003586120683914e-27,0.9769245684244978,0.24514097675068425,0.0015617330634499244,0.46795177634249363,1.0,0.003076819003194851,0.9999999999999541,0.0008499884728391206,0.0007982210227401261,0.0007982210227401261,0.0007982210227337863,,0.0,9.572760819061336e-19,0.020163910573049823,0.0,,,,,0.4782608695652174,,0.0,1.0,0.8604651162790697,0.0,0.0,0.9302325581395349,0.5744527218307418,0.17892707859001003,268,1.708841614231548,0.829487619634055,1219,672.4585489084067,0.6857670332203707,743.5,439.39744451916613,0.6691685633391573,653,986.6382352941176,846.0,585.0035688138154,340,0.4652856568234462,0.8173890317607586,0.42908333069536003,4,490.75
bior3.9,1.0,periodization,2.7191669871558585e-27,325.1274336792701,6797083.638903484,0.616504854368932,227.10022979914686,206,raw,3.114168757903705e-14,-2.1093315982767827e-10,6.048996627457558,79432.468840241,0.888296966701438,5.618943883690066e-06,1.0,327.0,,,,[],[],13,661.1538461538462,86.99999999999996,940.0,"[8, 32, 51, 63, 81, 100, 111, 133, 152, 162, 175, 192, 204]","[878.0, 638.0, 787.0, 792.0000000000001, 940.0, 788.0, 637.0, 675.0, 771.0, 196.0, 834.0, 572.0000000000001, 86.99999999999996]","[0, 13, 39, 39, 76, 99, 107, 107, 107, 161, 99, 187, 203]","[76, 39, 61, 76, 205, 164, 119, 142, 164, 164, 205, 205, 205]",37754613.0,941.0,-941.0,0.0,,,,DWT,mdp.39015067403892,0.0,,0.0,33.0,19.0,0.0,28.5,,0.0,256.3413461538462,4359.0,256.34134615384613,,0.0,256.3413461538462,,,83.99999999999996,0.0,19.5,0.0,0.0,,0.0,2.1000218050012226e-14,1.127385136958326e-27,0.9858711272499248,0.6934096380525938,0.001194169215597527,0.4452149791955613,0.001756319269521675,0.9999999997234501,0.4742280246115508,6.6959667625959335e-09,6.6959667625959335e-09,6.0819563246244724e-09,,0.0,0.9999999933040264,0.0,,,,,,0.0,1.0,0.0,0.0,0.0,0.7422684098776454,0.24267159368210076,941,1.5176130992594703,0.7289147109780977,588,0,0.20618566978245556,0.24635434482995924,942,0.0,0.39093077908833374,0.7100658288561709,601,200.41124386287976,0.7899253208984489,768.0,728.7508772823901,0.4924469371787842,899,bior,0.672619891330026,0.76736776154697,0.2989557476048908,5,675.5,2.1000218050012214e-14,0.0001547883299646835,1.127385136958326e-27,0.9858711272499248,0.6934096380525938,0.002226414517826421,0.5830352580480325,0.004117864911088151,0.99999999972345,0.9919828214562009,0.9855281704452468,0.9855281704452468,0.9855281704451341,,0.0,0.9999999999667601,0.0,,,,,1.0,,0.0,1.0,0.25,0.0,0.0,0.0,2.2095701998209285,0.6304403968407327,941,1.5742483882071887,0.7277516576303238,1389,316.7838379715733,0.8339707348157372,1165.0,1121.9304721030044,0.6116918663596507,819,0.5943810304597339,0.7715092316736338,0.3524805091760961,5,615.5,,,,,,,,,,,,,1.4100340275886543e-19,0.03641360043841643,1.127385136958326e-27,0.9897514783596794,0.2143577553709936,0.0017820574835292616,0.4410769855229332,1.0,0.004117864911088151,0.9999999999999541,0.0008499884728391216,0.0007982210227401261,0.0007982210227401261,0.0007982210227337869,,0.0,0.0,0.020163910573049823,0.0,,,,,0.4782608695652174,,0.0,1.0,0.7906976744186046,0.0,0.0,0.9302325581395349,0.5674759776446953,0.17675400427451057,973,1.6909228137481842,0.8207896671521764,1340,259.50818869546293,0.8787344912638023,1156.5,1127.3843493298746,0.6691569652580693,654,1104.4,1082.5,563.6960149978129,300,0.520820561188399,0.7876173146100969,0.3991404127850916,6,492.0
coif12,1.0,symmetric,2.0120487118629886e-26,316.4354075603861,7377084.955684078,0.6086956521739131,289.28794718724635,206,raw,1.0304594286812134e-13,-2.0900259301015754e-10,6.78641847656208,58718.346815503784,0.7539108162887076,5.618943883690066e-06,1.0,327.0000000000002,,,,[],[],13,661.1538461538462,87.0,940.0000000000002,"[8, 32, 51, 63, 81, 100, 111, 133, 152, 162, 175, 192, 204]","[877.9999999999998, 637.9999999999998, 786.9999999999999, 792.0000000000002, 940.0000000000002, 787.9999999999999, 637.0, 675.0, 770.9999999999999, 196.0000000000001, 833.9999999999998, 572.0000000000002, 87.0]","[0, 13, 39, 39, 76, 99, 107, 107, 107, 161, 164, 187, 203]","[76, 39, 61, 76, 205, 164, 119, 142, 164, 164, 205, 205, 205]",37754613.0,941.0000000000002,-941.0000000000002,0.0,,,,DWT,mdp.39015067403892,0.0,,0.0,33.0,19.0,0.0,28.5,,2.2737367544323206e-13,256.3413461538462,4359.0,256.3413461538461,,0.0,256.3413461538462,,,84.0,0.0,24.0,2.2737367544323206e-13,2.2737367544323206e-13,,2.2737367544323206e-13,1.118524920647542e-13,1.3441711509112315e-26,0.9537955830928821,0.9481518944070326,0.0018468925746144057,0.3866459627329195,7.924187056425195e-05,0.9999999997234792,0.4742280246116003,6.6959667625959335e-09,6.6959667625959335e-09,6.081912306383589e-09,,1.1437101752681067e-11,0.9999999933040264,2.7225927463116073e-13,,,,,,0.0,1.0,0.5,2.847685247612971e-13,2.847685247612971e-13,0.7922684098836157,0.25901821375118594,262,1.6019668250773715,0.769430091152718,346,0,0.24785233645014593,0.2961384272009475,262,0.0,0.41131494680020053,0.7470905445248222,383,61.075772610749674,0.9359792739929249,313.25,304.5362056337905,0.8038124881495023,115,coif,0.5507900112560971,0.8749445204262634,0.351963635992853,2,86.75,1.1185249206475419e-13,0.0001547883299646835,1.3441711509112315e-26,0.953795583092882,0.9481518944070326,0.0028784633006641927,0.5390160183066365,0.0024447549750844424,0.9999999997234791,0.9919828214562016,0.9855281704452468,0.9855281704452468,0.9855281704451335,,2.4503221863198973e-12,0.9999999999667601,1.5171946557926922e-13,,,,,1.0,,0.0,1.0,0.5,2.847685247612971e-13,2.847685247612971e-13,0.0,2.2345701998223433,0.6375734627750884,262,1.6644232744106806,0.7694381687316331,1013,531.0371926710972,0.7216786201933453,637.5,416.323137254902,0.6937795616689997,370,0.4784248188775415,0.776734912893196,0.43208215291776214,2,278.0,,,,,,,,,,,,,7.510199156327407e-19,0.03641360043841643,1.3441711509112315e-26,0.9664851559691148,0.2931077110590021,0.0019345339247041691,0.4077756142900004,1.0,0.0024447549750844424,0.9999999999999541,0.0008499884728391221,0.0007982210227401261,0.0007982210227401261,0.0007982210227337863,,0.0,1.9145521638122673e-18,0.020163910573049823,1.4108257588933865e-18,,,,,0.4782608695652174,,0.0,1.0,0.8604651162790697,9.54194168962319e-19,9.54194168962319e-19,0.9302325581395349,0.5744527218307418,0.17892707859001003,532,1.7024244439108627,0.8263726654511976,1265,518.3092706097393,0.7577994062571312,898.5,749.003895381191,0.6689697965865096,655,986.6382352941176,846.0,585.0035688138154,340,0.4652856568234462,0.8173890317607586,0.42908333069536003,4,492.25
bior1.1,1.0,smooth,4.689601928132895e-27,320.53603894590907,4916497.513525565,0.5339805825242718,153.37455796706374,206,smoothed,5.1583333074234454e-14,-2.1415171858052476e-10,6.251701695249963,31688.2373984353,0.9479708511035823,0.0001496656645132027,0.9999999999999999,362.4000000000001,,,,[],[],11,426.60000000000014,32.19999999999999,728.4,"[9, 31, 53, 64, 80, 102, 131, 148, 158, 175, 192]","[311.0000000000001, 417.80000000000007, 589.6, 432.20000000000005, 728.4, 371.00000000000017, 587.0, 32.19999999999999, 448.2000000000001, 368.0000000000001, 407.2000000000001]","[1, 1, 1, 60, 1, 94, 120, 144, 144, 165, 186]","[20, 40, 75, 75, 203, 120, 203, 149, 203, 186, 203]",30736475.84000001,728.4,-728.4,0.0,,,,DWT,mdp.39015067403892,1.4901161193847656e-08,,0.0,33.0,11.0,0.0,33.0,,0.0,168.4000000000002,987.7999999999975,168.4000000000001,,0.0,168.4000000000002,,,28.0,0.0,33.0,0.0,0.0,,1.1368683772161603e-13,6.448443672150608e-14,8.936698749923184e-27,0.9826231854125504,0.16928993321880254,0.04283952183663018,0.14362142418571724,0.026847626163012936,,0.999999664709775,4.406097391567225e-09,4.406097391567225e-09,3.6787861342541454e-09,,1.2251610931599486e-12,0.9999999955939026,0.0,,,,,,3.1786782849947497e-13,1.0,1.0,0.0,0.0,0.9999999009579496,0.3759218679540702,235,0.763826258914758,0.3877700450761808,638,0,0.3333333060663501,0.47426771797521566,233,0.0,0.19503167011668257,0.3440886508880504,614,226.53476554383434,0.762542174482354,430.0,340.621867613609,0.6559042109309045,430,bior,0.8100315533562081,0.7923003667562746,0.1952878026237719,6,324.0,4.682859177247569e-14,0.9999999999705136,2.5217953756619697e-27,0.9689278412429513,0.7634340703454832,0.00011222294860600292,0.11785896780786931,0.00026149349854409426,0.9999999997234015,2.0315811923354854e-05,4.745570603148508e-11,4.745570603148508e-11,3.962224992548613e-11,,1.2251610931599486e-12,0.003126132840347795,0.0,,,,,0.0,,1.4749084227875944e-13,1.0,1.0,0.0,0.0,1.0,0.40156916120479735,0.11457677215662576,1101,1.7103780357959095,0.7906823726480132,631,332.34018715767735,0.8258175119718673,866.0,802.229792147806,0.685969552631636,427,0.5943810304597339,0.7715092316736338,0.3524805091760961,5,321.5,,,,,,,,,,,,,3.144248679037427e-19,0.999999999971583,2.5217953756619697e-27,0.9774614934208818,0.23600481549780045,0.001287670537457888,0.08916249492626177,0.9999999999999999,0.00026149349854409426,0.9999999999999541,9.960751159770423e-05,3.843648489765261e-14,3.843648489765261e-14,3.209173378426744e-14,,0.0,9.572760819061336e-19,0.004567040150618456,0.0,,,,,0.13043478260869565,,4.666576700876887e-21,1.0,1.0,0.0,0.0,1.0,0.4544873153722995,0.14156097535167125,1241,1.840892734431537,0.8935864620618573,388,603.162084352125,0.7181485587139602,814.5,591.170042971148,0.6687705410392231,656,1104.4,1082.5,563.6960149978129,300,0.520820561188399,0.7876173146100969,0.3991404127850916,6,493.5
sym14,1.0,reflect,6.5296199755165e-22,269.09851968214,5459214.382634314,0.5344827586206896,100.86331065901119,206,smoothed,2.0758158945800326e-11,2.5849300477628962e-11,6.391025527924997,31136.37106624695,0.9810592236077749,0.00014966566451327443,0.9999999999999997,362.39999999999657,,,,[],[],11,426.5999999999298,32.199999999980236,728.3999999998705,"[9, 31, 53, 64, 80, 102, 131, 148, 158, 175, 192]","[310.99999999992195, 417.79999999993817, 589.5999999999189, 432.1999999998869, 728.3999999998705, 370.99999999991917, 586.9999999999735, 32.199999999980236, 448.19999999994985, 367.9999999999348, 407.19999999993405]","[1, 1, 1, 60, 1, 94, 120, 144, 144, 165, 186]","[20, 40, 75, 75, 205, 120, 205, 149, 205, 186, 205]",30736475.839998566,728.3999999999126,-728.3999999999126,0.0,,,,DWT,mdp.39015067403892,1.430511474609375e-06,,0.0,15.0,11.0,0.0,33.0,,8.742517820792273e-11,168.3999999999299,987.8000000007705,168.3999999999416,,0.0,168.3999999999299,,,27.999999999980247,0.0,33.0,1.2948930816492066e-10,8.742517820792273e-11,,3.410605131648481e-12,4.555393063872592e-11,1.9109535675573856e-21,0.7871908116912889,0.3702511953685568,0.2757491109118114,0.14707086344589415,0.022271090571916445,,0.9999996474868108,4.33293450398442e-09,4.33293450398442e-09,3.617925494498723e-09,,3.6754832794798456e-11,0.9999999956670279,8.640423564739381e-11,,,,,,3.051531153594959e-11,0.0,1.0,1.3439824994988387e-10,1.3439824994988387e-10,0.899999895895292,0.33832967553229165,644,0.8630514217757478,0.4381434715278516,317,0,0.24999997132167529,0.35570077677446227,644,0.0,0.22893329600500315,0.4039002943398275,326,186.2317105113949,0.8047885634052464,482.75,428.83260950809955,0.6493806548682417,460,sym,1.0,1.0,0.0,7,346.75,2.6209946113969433e-11,0.9999999999710114,4.620783491708256e-22,0.7791117502754754,0.8115634654029868,0.000722355828807295,0.12068965517241376,0.00021691844763787726,0.9999999997270187,2.0315811573412557e-05,4.6667725239757374e-11,4.6667725239757374e-11,3.896682976289867e-11,,3.6754832794798456e-11,0.00312613284057639,8.640423564739381e-11,,,,,0.0,,1.4159120858760905e-11,0.0,1.0,1.0949349777071875e-10,1.0949349777071875e-10,1.0,0.30156916131590744,0.08604450845251974,1286,1.621972590119177,0.7498138476320472,1217,48.79036790187178,0.9744285283533167,1251.5,1250.5489412704756,0.6592530482437443,566,0.7763846615972358,0.5622554397616224,0.28785410495344815,6,426.0,,,,,,,,,,,,,1.7598348642832503e-16,0.9999999999720627,4.620783491708256e-22,0.8397764600589035,0.2508833353880991,0.0014303452769336843,0.09130396241467953,0.9999999999999997,0.0002169184476378777,0.9999999999999547,9.960751159743958e-05,3.7798215078710395e-14,3.7798215078710395e-14,3.156079998040129e-14,,0.0,2.871828245718401e-17,0.004567040150622032,8.034652696897837e-16,,,,,0.13043478260869565,,4.4799136328418115e-19,0.7209302325581395,1.0,3.668876579660116e-16,3.668876579660116e-16,1.0,0.4265803386281152,0.13286867808967395,1330,1.766631068704386,0.8575391585428739,887,313.2483040656405,0.8536222878197941,1108.5,1064.2399639152006,0.6678158168070933,657,1409.1368421052632,1454.5,398.32527672708756,380,0.6645304607900322,0.5565550872278735,0.3678621512786154,7,494.5
haar,1.0,constant,4.689601928132895e-27,320.53603894590907,4916497.513525565,0.5339805825242718,153.37455796706374,206,smoothed,5.1583333074234454e-14,-2.1415171858052476e-10,6.251701695249963,31688.2373984353,0.9479708511035823,0.0001496656645132027,0.9999999999999999,362.4000000000001,,,,[],[],11,426.60000000000014,32.19999999999999,728.4,"[9, 31, 53, 64, 80, 102, 131, 148, 158, 175, 192]","[311.0000000000001, 417.80000000000007, 589.6, 432.20000000000005, 728.4, 371.00000000000017, 587.0, 32.19999999999999, 448.2000000000001, 368.0000000000001, 407.2000000000001]","[1, 1, 1, 60, 1, 94, 120, 144, 144, 165, 186]","[20, 40, 75, 75, 203, 120, 203, 149, 203, 186, 203]",30736475.84000001,728.4,-728.4,0.0,,,,DWT,mdp.39015067403892,1.4901161193847656e-08,,0.0,33.0,11.0,0.0,33.0,,0.0,168.4000000000002,987.7999999999975,168.4000000000001,,0.0,168.4000000000002,,,28.0,0.0,33.0,0.0,0.0,,1.1368683772161603e-13,6.448443672150608e-14,8.936698749923184e-27,0.9826231854125504,0.16928993321880254,0.04283952183663018,0.14362142418571724,0.026847626163012936,,0.999999664709775,4.406097391567225e-09,4.406097391567225e-09,3.6787861342541454e-09,,1.2251610931599486e-12,0.9999999955939026,0.0,,,,,,3.1786782849947497e-13,1.0,1.0,0.0,0.0,0.9999999009579496,0.3759218679540702,226,0.763826258914758,0.3877700450761808,622,0,0.3333333060663501,0.47426771797521566,217,0.0,0.19503167011668257,0.3440886508880504,625,232.1271203457278,0.7566801673524866,422.5,326.7762750796129,0.6569040249760336,429,haar,0.6445592013380003,0.05883501061488047,0.5311580558789356,2,322.25,4.682859177247569e-14,0.9999999999705136,2.5217953756619697e-27,0.9689278412429513,0.7634340703454832,0.00011222294860600292,0.11785896780786931,0.00026149349854409426,0.9999999997234015,2.0315811923354854e-05,4.745570603148508e-11,4.745570603148508e-11,3.962224992548613e-11,,1.2251610931599486e-12,0.003126132840347795,0.0,,,,,0.0,,1.4749084227875944e-13,1.0,1.0,0.0,0.0,1.0,0.40156916120479735,0.11457677215662576,1100,1.7103780357959095,0.7906823726480132,626,335.1686142824235,0.8243351078184363,863.0,797.9142526071844,0.6860145140769331,426,0.12852368039351705,0.2769787579518756,0.8269397963389753,1,319.75,,,,,,,,,,,,,3.144248679037427e-19,0.999999999971583,2.5217953756619697e-27,0.9774614934208818,0.23600481549780045,0.001287670537457888,0.08916249492626177,0.9999999999999999,0.00026149349854409426,0.9999999999999541,9.960751159770423e-05,3.843648489765261e-14,3.843648489765261e-14,3.209173378426744e-14,,0.0,9.572760819061336e-19,0.004567040150618456,0.0,,,,,0.13043478260869565,,4.666576700876887e-21,1.0,1.0,0.0,0.0,1.0,0.4544873153722995,0.14156097535167125,1244,1.840892734431537,0.8935864620618573,385,607.4047250392443,0.7161660163368018,814.5,588.0171884591774,0.6677792698506438,658,327.0,268.5,438.5491630604859,20,0.1542089129922188,0.6127574170194295,0.7082265357996179,2,494.0
coif13,1.0,symmetric,3.2189660708636885e-26,314.3946284777509,7626425.127363065,0.6063829787234043,288.256627302011,206,raw,1.2819087754623356e-13,-2.2679536026970781e-10,6.805758523864908,59296.47847160735,0.7601540599651818,5.618943883690062e-06,1.0,327.00000000000017,,,,[],[],13,661.1538461538464,86.99999999999986,939.9999999999998,"[8, 32, 51, 63, 81, 100, 111, 133, 152, 162, 175, 192, 204]","[878.0000000000005, 638.0, 787.0000000000001, 792.0000000000003, 939.9999999999998, 788.0000000000001, 637.0000000000001, 675.0000000000002, 771.0000000000009, 195.99999999999994, 834.0000000000002, 572.0000000000001, 86.99999999999986]","[0, 13, 39, 39, 76, 99, 107, 107, 107, 161, 99, 187, 203]","[76, 39, 61, 76, 205, 164, 119, 142, 164, 164, 205, 205, 205]",37754613.00000001,940.9999999999998,-940.9999999999998,0.0,,,,DWT,mdp.39015067403892,7.450580596923828e-09,,0.0,33.0,19.0,0.0,28.5,,2.2737367544323206e-13,256.3413461538464,4358.999999999996,256.3413461538463,,0.0,256.3413461538464,,,83.99999999999986,0.0,19.5,2.2737367544323206e-13,2.2737367544323206e-13,,1.7053025658242404e-13,1.4362355326654432e-13,2.19826579147077e-26,0.9462646462681963,0.9548329105633977,0.002127495652034176,0.36930091185410363,0.00012604914209211253,0.999999999723211,0.4742280246114352,6.696142835559359e-09,6.696142835559359e-09,6.082088379347123e-09,,8.5778263145108e-12,0.9999999933038097,2.7225927463116073e-13,,,,,,7.374542113937972e-14,1.0,0.0,2.847685247612971e-13,2.847685247612971e-13,0.7422684098822233,0.24267159368359742,704,1.5940097751564397,0.765608293129108,378,0,0.20618566978325933,0.2463543448309196,704,0.0,0.40908150165039725,0.7430338338068833,417,177.67268595181795,0.8137602872622454,550.75,507.3249303945907,0.6182271037988376,491,coif,0.5507900112560971,0.8749445204262634,0.351963635992853,2,368.75,1.4362355326654432e-13,0.0001547883299646835,2.19826579147077e-26,0.9462646462681963,0.9548329105633979,0.0031587763805694014,0.5259798432250844,0.002491451514623507,0.9999999997232109,0.9919828214561991,0.9855281704452493,0.9855281704452493,0.985528170445136,,1.837741639739923e-12,0.9999999999667591,1.5171946557926922e-13,,,,,1.0,,7.374542113937972e-14,1.0,0.25,2.847685247612971e-13,2.847685247612971e-13,0.0,2.209570199822075,0.6304403968410598,704,1.6581895855171016,0.7665564269052239,1067,256.6797615707168,0.8654718230761442,885.5,848.2981366459627,0.7006866452906927,335,0.4784248188775415,0.776734912893196,0.43208215291776214,2,251.75,,,,,,,,,,,,,9.643428310445629e-19,0.03641360043841641,2.19826579147077e-26,0.9610225143001769,0.295173052450705,0.0020000829173005674,0.39791350607553205,1.0,0.002491451514623507,0.9999999999999541,0.0008499884728391203,0.0007982210227401281,0.0007982210227401281,0.0007982210227337884,,0.0,1.4359141228592004e-18,0.020163910573049806,1.4108257588933865e-18,,,,,0.4782608695652174,,2.3332883504384434e-21,1.0,0.7906976744186046,9.54194168962319e-19,9.54194168962319e-19,0.9302325581395349,0.5674759776446953,0.17675400427451057,733,1.696286139431678,0.8233930753425392,1304,403.75797205751866,0.8113280504404119,1018.5,938.4702994599901,0.6676967355005798,659,986.6382352941176,846.0,585.0035688138154,340,0.4652856568234462,0.8173890317607586,0.42908333069536003,4,495.25
db24,1.0,periodic,1.2066431723948077e-26,316.4316101439797,5503296.936971637,0.5317460317460317,104.9796258700138,206,smoothed,7.751296907460608e-14,-2.0125301425366662e-10,6.465794372403523,31290.303731257332,0.9800178780719854,0.00014966566451320263,1.0,362.4,,,,[],[],11,426.59999999999985,32.20000000000002,728.4,"[9, 31, 53, 64, 80, 102, 131, 148, 158, 175, 192]","[310.99999999999994, 417.79999999999995, 589.5999999999998, 432.1999999999995, 728.4, 371.0000000000002, 586.9999999999999, 32.20000000000002, 448.2, 368.0, 407.19999999999993]","[1, 1, 1, 60, 1, 94, 120, 144, 144, 165, 186]","[20, 40, 75, 75, 203, 120, 203, 149, 203, 186, 203]",30736475.83999999,728.4,-728.4,0.0,,,,DWT,mdp.39015067403892,7.450580596923828e-09,,0.0,33.0,11.0,0.0,33.0,,0.0,168.39999999999992,987.8000000000002,168.39999999999992,,0.0,168.39999999999992,,,28.00000000000003,0.0,33.0,0.0,0.0,,0.0,1.2144821498871195e-13,3.052572627047356e-26,0.967028765716343,0.47809808033711654,0.2946673539230363,0.12827233202799818,0.023547628528596716,,0.9999996647345563,4.405801664454926e-09,4.405801664454926e-09,3.678608697986637e-09,,0.0,0.9999999955941608,0.0,,,,,,1.5893391424973748e-13,1.0,1.0,0.0,0.0,0.9999999009645903,0.3759218679565666,192,1.0273279607825565,0.5215413911360831,191,0,0.33333330606825734,0.47426771797792927,196,0.0,0.2702305943618875,0.4767599056452129,204,5.909032633745278,0.99380604545729,195.75,195.61875579334625,0.8943086831060034,51,db,0.573477938514061,0.8443824841957417,0.34525069778143475,3,39.0,7.959113670861534e-14,0.9999999999705129,7.742128603897528e-27,0.9537815697666494,0.8373923504171792,0.0007719142954321306,0.10526315789473706,0.00022935181415936583,0.9999999997235959,2.0315811923854454e-05,4.74525418958649e-11,4.74525418958649e-11,3.962036254634427e-11,,0.0,0.003126132840348572,0.0,,,,,0.0,,7.374542113937972e-14,1.0,1.0,0.0,0.0,1.0,0.401569161204146,0.11457677215643991,1218,1.73354807798047,0.8013935391535616,405,574.8778131046631,0.698701355815166,811.5,607.8743068391867,0.6366934452031805,722,0.49117026184683504,0.8233619396015222,0.4091722348267588,4,542.5,,,,,,,,,,,,,5.3440497992135265e-19,0.9999999999715824,7.742128603897528e-27,0.9664749912603167,0.25886796887390856,0.0014419341316634696,0.07963353112859284,1.0,0.00022935181415936626,0.9999999999999541,9.960751159770467e-05,3.8433882812438647e-14,3.8433882812438647e-14,3.209010748100871e-14,,0.0,0.0,0.004567040150618468,0.0,,,,,0.13043478260869565,,2.3332883504384434e-21,1.0,1.0,0.0,0.0,1.0,0.4544873153722995,0.14156097535167125,1240,1.841985099427533,0.8941167061949322,359,622.9610742253484,0.7088966942872204,799.5,556.7979987492183,0.6676492817230495,660,1009.0473684210526,935.5,610.6543869996938,760,0.4758535102197843,0.8532293215616218,0.41093374637766444,5,496.25
coif5,1.0,antireflect,1.1100425487731754e-26,319.0183962091178,6454565.651144833,0.6153846153846154,291.1005929581763,206,raw,6.520916492864493e-14,-2.092733764058635e-10,6.544938165039217,110962.98019868194,0.855528810795506,5.618943883690064e-06,0.9999999999999999,327.0000000000001,,,,[],[],13,661.1538461538463,87.0000000000002,940.0000000000002,"[8, 32, 51, 63, 81, 100, 111, 133, 152, 162, 175, 192, 204]","[878.0, 637.9999999999999, 787.0000000000002, 792.0000000000003, 940.0000000000002, 788.0000000000001, 637.0000000000003, 675.0, 771.0000000000001, 195.99999999999994, 834.0, 572.0000000000001, 87.0000000000002]","[0, 13, 42, 42, 76, 99, 107, 107, 107, 161, 99, 187, 203]","[76, 42, 61, 76, 205, 164, 119, 142, 164, 164, 205, 205, 205]",37754613.0,941.0000000000002,-941.0000000000002,0.0,,,,DWT,mdp.39015067403892,0.0,,0.0,33.0,19.0,0.0,28.5,,2.2737367544323206e-13,256.3413461538463,4358.999999999998,256.34134615384625,,0.0,256.3413461538463,,,84.0000000000002,0.0,24.0,2.2737367544323206e-13,2.2737367544323206e-13,,1.1368683772161603e-13,6.404506671319635e-14,7.058518626009246e-27,0.9633273959666991,0.8647325605519169,0.0008087054502142124,0.43681318681318704,0.004309123965451454,0.9999999997234751,0.4742280246118314,6.696054799077647e-09,6.696054799077647e-09,6.082044361106239e-09,,5.718550876340534e-12,0.9999999933039181,2.7225927463116073e-13,,,,,,0.0,1.0,0.5,2.847685247612971e-13,2.847685247612971e-13,0.792268409880864,0.25901821375028633,297,1.5872159947819497,0.7623452174080719,398,0,0.24785233644970533,0.2961384272004211,297,0.0,0.40874887155887596,0.7424296622392482,421,65.62710314090259,0.931208487273687,353.25,344.17879552319584,0.7804627342028813,177,coif,0.5507900112560971,0.8749445204262634,0.351963635992853,2,133.25,6.404506671319635e-14,0.0001547883299646835,7.058518626009246e-27,0.9633273959666991,0.864732560551917,0.001841349121323957,0.5767206477732796,0.00666463043550118,0.999999999723475,0.9919828214562052,0.9855281704452481,0.9855281704452481,0.9855281704451354,,1.2251610931599486e-12,0.9999999999667596,1.5171946557926922e-13,,,,,1.0,,0.0,1.0,0.5,2.847685247612971e-13,2.847685247612971e-13,0.0,2.2345701998217327,0.6375734627749142,304,1.644683940088551,0.7603129675365352,1128,582.6559876977152,0.694624744393231,716.0,478.927374301676,0.6596813449429467,562,0.4784248188775415,0.776734912893196,0.43208215291776214,2,422.0,,,,,,,,,,,,,4.3002278904784886e-19,0.036413600438416426,7.058518626009246e-27,0.97339915344342,0.26731980708647346,0.0016920129917310028,0.43629986574107826,0.9999999999999999,0.00666463043550118,0.9999999999999541,0.0008499884728391248,0.0007982210227401272,0.0007982210227401272,0.0007982210227337879,,0.0,9.572760819061336e-19,0.020163910573049813,1.4108257588933865e-18,,,,,0.4782608695652174,,0.0,1.0,0.8604651162790697,9.54194168962319e-19,9.54194168962319e-19,0.9302325581395349,0.5744527218307418,0.17892707859001003,327,1.7066552807072926,0.8284263529984247,1235,642.0529573173851,0.699975253590007,781.0,517.0870678617158,0.6675109912809848,661,986.6382352941176,846.0,585.0035688138154,340,0.4652856568234462,0.8173890317607586,0.42908333069536003,4,496.75
rbio6.8,1.0,periodic,2.9766906317403623e-22,272.51006173596244,5126846.167585674,0.527027027027027,98.1809293604818,206,smoothed,1.372382250991401e-11,-6.840781274786692e-11,6.297190310429239,32351.319098521628,0.9787182459315863,0.00014966566451325518,0.9999999999999996,362.39999999999736,,,,[],[],11,426.59999999995523,32.199999999984385,728.3999999999206,"[9, 31, 53, 64, 80, 102, 131, 148, 158, 175, 192]","[310.9999999999478, 417.7999999999639, 589.5999999999474, 432.19999999992024, 728.3999999999206, 370.9999999999459, 586.9999999999909, 32.199999999984385, 448.19999999997225, 367.99999999995856, 407.1999999999566]","[1, 1, 1, 60, 1, 94, 120, 144, 144, 165, 186]","[20, 40, 75, 75, 205, 120, 205, 149, 205, 186, 205]",30736475.83999914,728.3999999999392,-728.3999999999392,0.0,,,,DWT,mdp.39015067403892,8.568167686462402e-07,,0.0,15.0,11.0,0.0,33.0,,6.082245818106458e-11,168.3999999999553,987.8000000004913,168.39999999996255,,0.0,168.3999999999553,,,27.999999999984396,0.0,33.0,7.935341272968799e-11,6.082245818106458e-11,,2.6147972675971687e-12,3.010047880527124e-11,8.71153389100405e-22,0.8001526685454168,0.2349028965170043,0.13311167177019045,0.0958575670425443,0.03234645227950475,,0.9999996511048723,4.359372507823962e-09,4.359372507823962e-09,3.63972058269102e-09,,2.817870514267882e-11,0.9999999956406168,5.2950093487164956e-11,,,,,,1.8277400138719813e-11,0.0,1.0,9.350203345017927e-11,9.350203345017927e-11,0.8999998969464136,0.3383296759274313,638,0.7153804930086971,0.3631756865949286,757,0,0.24999997161586368,0.35570077719303445,638,0.0,0.1851958937406802,0.326735679334095,735,62.99735444180705,0.9339650372727389,692.0,687.7171831455242,0.6042990804812332,569,rbio,0.7685897546424816,0.816051598246696,0.21717169227625407,5,428.0,1.7321939989496768e-11,0.9999999999708777,2.1064954270155382e-22,0.7917011127893836,0.7791481049693272,0.0003487010045745241,0.07866287339971545,0.00031505157739830734,0.999999999725598,2.031581164690932e-05,4.6952497445573727e-11,4.6952497445573727e-11,3.920153091030443e-11,,2.817870514267882e-11,0.0031261328404937894,5.2950093487164956e-11,,,,,0.0,,8.480723431028668e-12,0.0,1.0,7.617558037364698e-11,7.617558037364698e-11,1.0,0.30156916127894795,0.08604450844197437,1302,1.5963602405381256,0.7379736386770648,1303,0.7071067811865476,0.9996293989616423,1302.5,1302.4998080614205,0.6584887036736933,569,0.3888041033402703,1.0,0.4278371276618108,3,427.5,,,,,,,,,,,,,1.16306053350836e-16,0.999999999971934,2.1064954270155382e-22,0.8489082822816596,0.24086258643858136,0.0013429690570458182,0.059509922586637454,0.9999999999999997,0.00031505157739830734,0.9999999999999545,9.96075115974952e-05,3.802882488079806e-14,3.802882488079806e-14,3.1750860621238e-14,,0.0,2.2017349883841074e-17,0.00456704015062074,4.923781898537919e-16,,,,,0.13043478260869565,,2.6832816030042103e-19,0.7209302325581395,1.0,2.5524694019742034e-16,2.5524694019742034e-16,1.0,0.42658033862811456,0.13286867808967376,1341,1.7543777367739857,0.851591277211517,944,280.72139213105936,0.8688217793780096,1142.5,1108.0122538293217,0.6674716373525562,662,818.67,599.5,715.6978453131971,300,0.38607403914171184,1.0,0.42974817260080167,3,497.25
bior1.5,1.0,symmetric,5.239217787314415e-27,320.05473422378657,5011788.686407901,0.5373831775700935,140.90566768120755,206,smoothed,4.7871092203546076e-14,-2.1292883012336056e-10,6.254343881529691,35577.12190970118,0.9464307319768683,0.00014966566451320276,1.0,362.40000000000003,,,,[],[],11,426.6,32.20000000000002,728.4,"[9, 31, 53, 64, 80, 102, 131, 148, 158, 175, 192]","[311.0, 417.80000000000007, 589.6000000000001, 432.1999999999998, 728.4, 371.00000000000017, 587.0000000000001, 32.20000000000002, 448.2, 368.0000000000001, 407.20000000000005]","[1, 1, 1, 60, 1, 94, 120, 144, 144, 165, 186]","[20, 40, 75, 75, 203, 120, 203, 149, 203, 186, 203]",30736475.840000007,728.4,-728.4,0.0,,,,DWT,mdp.39015067403892,1.1175870895385742e-08,,0.0,33.0,11.0,0.0,33.0,,0.0,168.4000000000001,987.7999999999984,168.40000000000003,,0.0,168.4000000000001,,,28.00000000000003,0.0,33.0,0.0,0.0,,5.684341886080802e-14,5.632916351098661e-14,1.0545204332678e-26,0.9807945100472921,0.17310103344059496,0.0837341930396175,0.1669937930046742,0.05909749780294095,,0.9999996647345563,4.4059791007223055e-09,4.4059791007223055e-09,3.6787269888316428e-09,,6.125805465799743e-13,0.9999999955939887,0.0,,,,,,2.3840087137460624e-13,1.0,1.0,0.0,0.0,0.9999999009649922,0.37592186795671767,170,0.8073308355915444,0.40985592057743175,480,0,0.33333330606834005,0.47426771797804695,176,0.0,0.2091030039050252,0.36891429205971005,494,181.3945974939717,0.8098589124801135,330.0,255.23558446417522,0.7319734813972896,261,bior,0.8100315533562081,0.7923003667562746,0.1952878026237719,6,197.25,4.21381110292073e-14,0.999999999970514,2.9107399510238923e-27,0.9671517178562655,0.7643468131607711,0.00021935114210390764,0.13703885882931652,0.000575604389075667,0.9999999997234199,2.0315811923854454e-05,4.745454029730922e-11,4.745454029730922e-11,3.962169481397382e-11,,6.125805465799743e-13,0.0031261328403480726,0.0,,,,,0.0,,1.1061813170906958e-13,1.0,1.0,0.0,0.0,1.0,0.40156916120447206,0.11457677215653295,1168,1.7176198980330883,0.7940301780432211,570,422.8498551495554,0.7783805790620779,869.0,766.1219792865362,0.6614649226547287,555,0.5943810304597339,0.7715092316736338,0.3524805091760961,5,417.5,,,,,,,,,,,,,2.8293120703790263e-19,0.9999999999715833,2.9107399510238923e-27,0.9761731642465511,0.23628697699423654,0.001312721616647037,0.10367243818890637,1.0,0.000575604389075667,0.9999999999999541,9.960751159770467e-05,3.8435400695480126e-14,3.8435400695480126e-14,3.20911916831812e-14,,0.0,4.786380409530668e-19,0.00456704015061846,0.0,,,,,0.13043478260869565,,3.499932525657665e-21,1.0,1.0,0.0,0.0,1.0,0.4544873153722995,0.14156097535167125,1233,1.846202964876022,0.8961640973291757,313,650.5382386916237,0.6960101688356899,773.0,499.2613195342821,0.6673976077823309,663,1104.4,1082.5,563.6960149978129,300,0.520820561188399,0.7876173146100969,0.3991404127850916,6,498.75
sym14,1.0,periodic,6.3806237090531135e-22,269.19876740953964,5425631.92136538,0.5387931034482759,100.86331065901119,206,smoothed,2.058895448952886e-11,3.6190139773592546e-11,6.375256419514678,32128.06431104712,0.9813777534493435,0.00014966566451327524,1.0,362.39999999999657,,,,[],[],11,426.59999999993033,32.199999999980236,728.3999999998764,"[9, 31, 53, 64, 80, 102, 131, 148, 158, 175, 192]","[310.99999999992195, 417.79999999993817, 589.5999999999189, 432.1999999998869, 728.3999999998764, 370.99999999991917, 586.9999999999735, 32.199999999980236, 448.19999999994985, 367.9999999999348, 407.19999999993405]","[1, 1, 1, 60, 1, 94, 120, 144, 144, 165, 186]","[20, 40, 75, 75, 205, 120, 205, 149, 205, 186, 205]",30736475.83999856,728.3999999999126,-728.3999999999126,0.0,,,,DWT,mdp.39015067403892,1.4379620552062988e-06,,0.0,15.0,11.0,0.0,33.0,,8.742517820792273e-11,168.3999999999304,987.8000000007651,168.3999999999416,,0.0,168.3999999999304,,,27.999999999980247,0.0,33.0,1.2357759260339662e-10,8.742517820792273e-11,,3.410605131648481e-12,4.5182212149166995e-11,1.8673483253846284e-21,0.7875716941989659,0.3475057693472569,0.2613370340085722,0.17667855042908134,0.03049503750537236,,0.9999996474868108,4.3334668127865585e-09,4.3334668127865585e-09,3.617925494498723e-09,,3.6754832794798456e-11,0.9999999956665117,8.245952954233282e-11,,,,,,3.0674245450199333e-11,0.0,1.0,1.3439824994988387e-10,1.3439824994988387e-10,0.8999998958934603,0.3383296755316031,646,0.8598338533846303,0.4365100154565298,326,0,0.24999997132140547,0.35570077677407835,646,0.0,0.22908401221920446,0.4041661985326207,321,186.20665043619323,0.8048148318278897,484.75,431.0937259866019,0.6483455710502132,461,sym,1.0,1.0,0.0,7,347.5,2.5996153347965716e-11,0.999999999971017,4.515343867610774e-22,0.7794816870845542,0.8061160294990732,0.0006846017714257526,0.14498638838475547,0.00029701896164283786,0.9999999997271746,2.0315811573412557e-05,4.6673498399485425e-11,4.6673498399485425e-11,3.896682976289867e-11,,3.6754832794798456e-11,0.00312613284057478,8.245952954233282e-11,,,,,0.0,,1.4232866279900286e-11,0.0,1.0,1.0949349777071875e-10,1.0949349777071875e-10,1.0,0.3015691613139746,0.08604450845196826,1289,1.629202690714515,0.7531562157948525,1196,65.76093065034893,0.9655341034327312,1242.5,1240.7597585513079,0.6571643263494893,581,0.7763846615972358,0.5622554397616224,0.28785410495344815,6,437.25,,,,,,,,,,,,,1.7454800097669962e-16,0.9999999999720682,4.515343867610774e-22,0.8400447974882554,0.24919933783627718,0.0014215167897698902,0.10968489169026671,1.0,0.00029701896164283786,0.9999999999999547,9.960751159743958e-05,3.780287714805208e-14,3.780287714805208e-14,3.156079998040129e-14,,0.0,2.871828245718401e-17,0.004567040150622007,7.667837999585556e-16,,,,,0.13043478260869565,,4.503246516346196e-19,0.7209302325581395,1.0,3.668876579660116e-16,3.668876579660116e-16,1.0,0.4265803386281152,0.13286867808967395,1329,1.7733300700583432,0.8607909161316063,866,327.3904396893715,0.8470138132292657,1097.5,1048.6687927107062,0.667081672969773,664,1409.1368421052632,1454.5,398.32527672708756,380,0.6645304607900322,0.5565550872278735,0.3678621512786154,7,499.75
sym13,1.0,periodization,1.0104933413726812e-22,277.20206418160524,4962401.72842428,0.5242718446601942,88.60450087226099,206,smoothed,8.297803543190349e-12,-1.16462373078764e-10,6.193870936313637,31688.237398433856,0.9826755913776053,0.0001496656645132276,0.9999999999999999,362.3999999999987,,,,[],[],11,426.5999999999724,32.19999999999385,728.3999999999518,"[9, 31, 53, 64, 80, 102, 131, 148, 158, 175, 192]","[310.9999999999707, 417.79999999997494, 589.5999999999686, 432.199999999955, 728.3999999999518, 370.99999999996817, 586.9999999999873, 32.19999999999385, 448.19999999997896, 367.9999999999733, 407.19999999997356]","[1, 1, 1, 60, 1, 94, 120, 144, 144, 165, 186]","[20, 40, 75, 75, 205, 120, 205, 149, 205, 186, 205]",30736475.839999415,728.3999999999668,-728.3999999999668,0.0,,,,DWT,mdp.39015067403892,5.811452865600586e-07,,0.0,15.0,11.0,0.0,33.0,,3.319655661471188e-11,168.39999999997247,987.8000000003021,168.39999999997679,,0.0,168.39999999997247,,,27.99999999999386,0.0,33.0,4.8203219193965197e-11,3.319655661471188e-11,,1.2505552149377763e-12,1.8180275170724633e-11,2.957261583317077e-22,0.8179795231173833,0.08587461163466653,0.06253953935485501,0.07693226515562712,0.026847626163000956,,0.9999996593570264,4.37723442540683e-09,4.37723442540683e-09,3.6545365110279812e-09,,1.3476772024759434e-11,0.9999999956227226,3.2164526702805074e-11,,,,,,1.2396845311479524e-11,0.0,1.0,5.1032885546639906e-11,5.1032885546639906e-11,0.899999899390603,0.33832967684625564,636,0.6065067458980961,0.3079039839898445,911,0,0.24999997229573814,0.35570077816036205,636,0.0,0.15288193792053048,0.26972511558124784,922,162.00900180751273,0.8301792433883515,776.25,750.8990663716689,0.5082499990526663,886,sym,1.0,1.0,0.0,7,666.25,1.0466070889788538e-11,0.9999999999706863,7.150840304836662e-23,0.8090156640311477,0.7434564441929371,0.00016382936153273983,0.06313234542667362,0.0002614934985439776,0.9999999997248739,2.031581181460851e-05,4.7144899095741266e-11,4.7144899095741266e-11,3.936106995894306e-11,,1.3476772024759434e-11,0.0031261328404378896,3.2164526702805074e-11,,,,,0.0,,5.752142848871618e-12,0.0,1.0,4.157620461514938e-11,4.157620461514938e-11,1.0,0.3015691612461858,0.08604450843262658,1306,1.582577070650306,0.731601883871151,1366,42.42640687119285,0.9777639376985362,1336.0,1335.3263473053892,0.638777147046333,714,0.7763846615972358,0.5622554397616224,0.28785410495344815,6,537.0,,,,,,,,,,,,,7.027315647205062e-17,0.9999999999717494,7.150840304836662e-23,0.8614675682369185,0.22982901570400552,0.001299738288202895,0.04776079015018275,0.9999999999999999,0.0002614934985439776,0.9999999999999544,9.960751159762205e-05,3.818473315320148e-14,3.818473315320148e-14,3.188020594041552e-14,,0.0,1.053003690096747e-17,0.004567040150619865,2.9909506088539793e-16,,,,,0.13043478260869565,,1.819964913341986e-19,0.7209302325581395,1.0,1.3931234866849858e-16,1.3931234866849858e-16,1.0,0.4265803386281142,0.13286867808967365,1346,1.7516538313892525,0.8502690681929199,964,270.1147904132612,0.873778135320906,1155.0,1123.4147186147186,0.6670292545763408,665,1409.1368421052632,1454.5,398.32527672708756,380,0.6645304607900322,0.5565550872278735,0.3678621512786154,7,500.5
bior6.8,1.0,periodic,2.9751808005034477e-22,272.51226511483685,5156189.264077308,0.527027027027027,84.60303629705203,206,smoothed,1.3721315076602328e-11,-6.591032164505163e-11,6.284280132115085,32913.51940418298,0.9830230354365631,0.00014966566451325526,0.9999999999999993,362.3999999999973,,,,[],[],11,426.5999999999554,32.19999999998433,728.3999999999209,"[9, 31, 53, 64, 80, 102, 131, 148, 158, 175, 192]","[310.9999999999477, 417.7999999999639, 589.5999999999475, 432.19999999992024, 728.3999999999209, 370.9999999999459, 586.9999999999909, 32.19999999998433, 448.1999999999722, 367.9999999999585, 407.19999999995684]","[1, 1, 1, 60, 1, 94, 120, 144, 144, 165, 186]","[20, 40, 75, 75, 205, 120, 205, 149, 205, 186, 205]",30736475.839999143,728.3999999999394,-728.3999999999394,0.0,,,,DWT,mdp.39015067403892,8.530914783477783e-07,,0.0,15.0,11.0,0.0,33.0,,6.059508450562134e-11,168.39999999995547,987.8000000004895,168.39999999996257,,0.0,168.39999999995547,,,27.99999999998434,0.0,33.0,7.912603905424476e-11,6.059508450562134e-11,,2.6716406864579767e-12,3.00949703255076e-11,8.70711521943003e-22,0.8001610400915139,0.21628120287868574,0.14570440462053125,0.0958575670425443,0.03700868579170672,,0.9999996510553099,4.359549944091342e-09,4.359549944091342e-09,3.639750155402271e-09,,2.8791285689258795e-11,0.9999999956404447,5.2798374021585685e-11,,,,,,1.8197933181594942e-11,0.0,1.0,9.3152493138216e-11,9.3152493138216e-11,0.8999998969316252,0.338329675921872,642,0.7142359289472457,0.3625946282030213,766,0,0.24999997161172471,0.35570077718714554,642,0.0,0.18500184292215388,0.3263933211708772,743,65.62710314090259,0.931208487273687,698.25,693.6444837199236,0.5996451241399882,591,bior,0.8100315533562081,0.7923003667562746,0.1952878026237719,6,444.75,1.7318771804006343e-11,0.9999999999708784,2.1054269704571986e-22,0.7917092437562507,0.7746882859964022,0.0003816890854607248,0.07866287339971545,0.00036046131845819977,0.9999999997256357,2.031581164596563e-05,4.695438482471559e-11,4.695438482471559e-11,3.9201863977211815e-11,,2.8791285689258795e-11,0.0031261328404932343,5.2798374021585685e-11,,,,,0.0,,8.443850720458977e-12,0.0,1.0,7.58908118488857e-11,7.58908118488857e-11,1.0,0.3015691612790467,0.08604450844200254,1301,1.5941698675686649,0.7369610617728768,1315,9.899494936611665,0.9948115854629918,1308.0,1307.9625382262998,0.6546384971340116,595,0.5943810304597339,0.7715092316736338,0.3524805091760961,5,447.5,,,,,,,,,,,,,1.1628478095577526e-16,0.9999999999719345,2.1054269704571986e-22,0.8489141801612263,0.23948389665416756,0.0013506830583707304,0.059509922586637454,0.9999999999999994,0.0003604613184582002,0.9999999999999545,9.960751159749444e-05,3.803045118405679e-14,3.803045118405679e-14,3.175118588188974e-14,,0.0,2.249598792479414e-17,0.004567040150620732,4.909673640948985e-16,,,,,0.13043478260869565,,2.671615161252018e-19,0.7209302325581395,1.0,2.54292746028458e-16,2.54292746028458e-16,1.0,0.4265803386281145,0.13286867808967376,1344,1.7537139515066054,0.8512690696664748,950,278.6000717874997,0.8698130505665889,1147.0,1113.1647776809068,0.666915871077687,666,1104.4,1082.5,563.6960149978129,300,0.520820561188399,0.7876173146100969,0.3991404127850916,6,501.0
db18,1.0,symmetric,1.1014045323320807e-26,319.0523238756311,6606810.73768913,0.6083333333333333,291.4615928557397,206,raw,6.66996123920434e-14,-2.0652701770984816e-10,6.584587853908384,59223.608667459805,0.7724530112652996,5.618943883690066e-06,1.0,327.00000000000006,,,,[],[],13,661.1538461538462,87.0,940.0,"[8, 32, 51, 63, 81, 100, 111, 133, 152, 162, 175, 192, 204]","[878.0, 638.0, 787.0000000000002, 792.0000000000003, 940.0, 788.0, 636.9999999999999, 674.9999999999999, 771.0000000000002, 196.0, 834.0000000000001, 572.0000000000002, 87.0]","[0, 13, 39, 39, 76, 99, 107, 107, 107, 161, 99, 187, 203]","[76, 39, 61, 76, 205, 164, 119, 142, 164, 164, 205, 205, 205]",37754613.0,941.0,-941.0,0.0,,,,DWT,mdp.39015067403892,0.0,,0.0,33.0,19.0,0.0,28.5,,0.0,256.3413461538462,4359.0,256.34134615384625,,0.0,256.3413461538462,,,84.0,0.0,19.5,0.0,0.0,,5.684341886080802e-14,6.59282729407673e-14,6.997390301916594e-27,0.9634525967369808,0.8784295390433305,0.000980039413444852,0.38392857142857095,0.00012014938435889286,0.9999999997235165,0.4742280246116003,6.6959667625959335e-09,6.6959667625959335e-09,6.082044361106239e-09,,2.859275438170267e-12,0.9999999933040264,0.0,,,,,,0.0,1.0,0.0,0.0,0.0,0.7422684098791162,0.24267159368258162,849,1.5713958354851745,0.7547467413227882,459,0,0.2061856697827053,0.24635434483025764,849,0.0,0.4033638619662836,0.7326486178592698,491,216.3238313270177,0.773245459824929,662.0,608.7333403325252,0.5396625621975798,738,db,0.540986235965534,0.9305070477545101,0.3421575204977732,3,554.25,6.59282729407673e-14,0.0001547883299646835,6.997390301916594e-27,0.9634525967369808,0.8784295390433305,0.0020125060144242403,0.5369736842105262,0.0024855657139505024,0.9999999997235164,0.9919828214562016,0.9855281704452468,0.9855281704452468,0.9855281704451354,,6.125805465799743e-13,0.9999999999667601,0.0,,,,,1.0,,0.0,1.0,0.25,0.0,0.0,0.0,2.2095701998212354,0.6304403968408202,852,1.6341227169292722,0.7554306708682681,1179,231.22391744800103,0.8788134604570226,1015.5,989.175775480059,0.6732903780272534,487,0.49117026184683504,0.8233619396015222,0.4091722348267588,4,366.25,,,,,,,,,,,,,4.426673475734702e-19,0.03641360043841643,6.997390301916594e-27,0.9734899690963256,0.27155403373066883,0.0017320366749727799,0.40623055066973335,1.0,0.0024855657139505024,0.9999999999999541,0.0008499884728391221,0.0007982210227401261,0.0007982210227401261,0.0007982210227337879,,0.0,4.786380409530668e-19,0.020163910573049823,0.0,,,,,0.4782608695652174,,0.0,1.0,0.7906976744186046,0.0,0.0,0.9302325581395349,0.5674759776446953,0.17675400427451057,769,1.6951475433455963,0.8228403902081751,1314,385.3731957466684,0.819919067408099,1041.5,970.2025924147864,0.6666184122087224,667,1009.0473684210526,935.5,610.6543869996938,760,0.4758535102197843,0.8532293215616218,0.41093374637766444,5,501.5
coif16,1.0,constant,3.0201838451292295e-26,312.44706494038616,4960973.700451256,0.56,30.274611198316975,206,smoothed,1.2226681371774832e-13,-2.2200532523442066e-10,6.195653856662087,47043.897457777784,0.9922146226429674,0.00014966566451320255,1.0,362.40000000000003,,,,[],[],11,426.6000000000003,32.200000000000074,728.4000000000003,"[9, 31, 53, 64, 80, 102, 131, 148, 158, 175, 192]","[311.00000000000006, 417.8000000000002, 589.6000000000003, 432.2000000000004, 728.4000000000003, 371.00000000000017, 587.0000000000006, 32.200000000000074, 448.2000000000003, 368.00000000000006, 407.20000000000044]","[1, 1, 1, 60, 1, 94, 120, 144, 144, 165, 186]","[20, 40, 75, 75, 203, 120, 203, 149, 203, 186, 203]",30736475.84000001,728.4000000000003,-728.4000000000003,0.0,,,,DWT,mdp.39015067403892,1.4901161193847656e-08,,0.0,33.0,11.0,0.0,33.0,,3.410605131648481e-13,168.40000000000038,987.7999999999956,168.40000000000026,,0.0,168.40000000000038,,,28.000000000000085,0.0,33.0,3.410605131648481e-13,3.410605131648481e-13,,5.684341886080802e-14,2.1976614289253586e-13,8.360080130543211e-26,0.9518898333089543,0.08844630318705701,0.06192669419135175,0.32234837038635933,0.1541895578726191,,0.9999996647841187,4.406274827834604e-09,4.406274827834604e-09,3.6789635705216543e-09,,6.125805465799743e-13,0.9999999955937305,2.275791983689038e-13,,,,,,3.1786782849947497e-13,1.0,1.0,5.243104679449306e-13,5.243104679449306e-13,0.9999999009803436,0.3759218679624886,87,0.8369355699782343,0.4248852928379581,389,0,0.33333330607263073,0.47426771798415174,86,0.0,0.22554296556379452,0.3979188338576288,352,164.66228064334183,0.8273980286757423,228.5,140.18480478680283,0.7939401044846217,157,coif,0.5556920286951962,0.9053407607371553,0.33941335169221604,4,118.75,1.3613839584348889e-13,0.9999999999705125,2.0575943259622527e-26,0.9390776959085244,0.744072353733746,0.00016222394465741758,0.26452631578947416,0.0015017926233875066,0.999999999723283,2.0315811924853655e-05,4.7457704432929404e-11,4.7457704432929404e-11,3.9624192815779224e-11,,6.125805465799743e-13,0.00312613284034724,2.275791983689038e-13,,,,,0.0,,1.4749084227875944e-13,1.0,1.0,4.2715278714194565e-13,4.2715278714194565e-13,1.0,0.40156916120477765,0.11457677215662014,1117,1.7419751496299685,0.8052892492637534,314,567.8067452927977,0.7024073661987433,715.5,490.1998602375961,0.6637036830993717,539,0.4784248188775415,0.776734912893196,0.43208215291776214,2,404.75,,,,,,,,,,,,,9.140846544712017e-19,0.9999999999715818,2.0575943259622527e-26,0.9558093867144242,0.23001941540345328,0.0012993628741875727,0.2001190637261538,1.0,0.0015017926233875066,0.9999999999999541,9.960751159770543e-05,3.843800278069409e-14,3.843800278069409e-14,3.209325166730892e-14,,0.0,4.786380409530668e-19,0.004567040150618447,2.11623863834008e-18,,,,,0.13043478260869565,,4.666576700876887e-21,1.0,1.0,1.4312912534434783e-18,1.4312912534434783e-18,1.0,0.4544873153722995,0.14156097535167125,1204,1.8697933636987476,0.9076150964169291,116,769.3321779309637,0.6404989822752507,660.0,211.6121212121212,0.6660438836609899,668,986.6382352941176,846.0,585.0035688138154,340,0.4652856568234462,0.8173890317607586,0.42908333069536003,4,502.0
coif5,1.0,reflect,1.1378533526329744e-26,318.9109295337736,6543110.8194231745,0.6153846153846154,288.9685601149636,206,raw,6.648834665143514e-14,-2.0914947551631532e-10,6.556910088110113,60407.878000113116,0.7341489345378873,5.618943883690064e-06,0.9999999999999999,327.0000000000001,,,,[],[],13,661.1538461538463,87.00000000000031,940.0000000000002,"[8, 32, 51, 63, 81, 100, 111, 133, 152, 162, 175, 192, 204]","[878.0, 638.0, 787.0000000000002, 792.0000000000003, 940.0000000000002, 788.0000000000001, 637.0000000000003, 675.0, 771.0000000000001, 195.99999999999994, 834.0, 572.0000000000001, 87.00000000000031]","[0, 13, 42, 42, 76, 99, 107, 107, 107, 161, 99, 187, 203]","[76, 42, 61, 76, 205, 164, 119, 142, 164, 164, 205, 205, 205]",37754613.0,941.0000000000002,-941.0000000000002,0.0,,,,DWT,mdp.39015067403892,0.0,,0.0,33.0,19.0,0.0,28.5,,2.2737367544323206e-13,256.3413461538463,4358.999999999998,256.34134615384625,,0.0,256.3413461538463,,,84.00000000000031,0.0,24.0,2.2737367544323206e-13,2.2737367544323206e-13,,1.1368683772161603e-13,6.566133501228864e-14,7.25532628934399e-27,0.962930819605415,0.868868259405545,0.0009083526371967496,0.43681318681318704,0.0002160313787634544,0.999999999723477,0.4742280246119635,6.696054799077647e-09,6.696054799077647e-09,6.082044361106239e-09,,5.718550876340534e-12,0.9999999933039181,2.7225927463116073e-13,,,,,,0.0,1.0,0.5,2.847685247612971e-13,2.847685247612971e-13,0.7922684098809036,0.25901821375029926,296,1.5874584849508104,0.7624616862573698,394,0,0.24785233644971633,0.29613842720043426,293,0.0,0.40871708119545624,0.7423719199176948,422,66.53006839016476,0.9302619828195338,351.25,341.90702307442893,0.7810377000051547,176,coif,0.5507900112560971,0.8749445204262634,0.351963635992853,2,132.5,6.566133501228864e-14,0.0001547883299646835,7.25532628934399e-27,0.962930819605415,0.868868259405545,0.0019408933249863403,0.5767206477732796,0.00258122088026653,0.9999999997234769,0.9919828214562072,0.9855281704452481,0.9855281704452481,0.9855281704451354,,1.2251610931599486e-12,0.9999999999667596,1.5171946557926922e-13,,,,,1.0,,0.0,1.0,0.5,2.847685247612971e-13,2.847685247612971e-13,0.0,2.2345701998217335,0.6375734627749144,303,1.644930251978333,0.7604268338662872,1126,581.9488809165287,0.6949953454315887,714.5,477.5059482155354,0.6602597272231319,560,0.4784248188775415,0.776734912893196,0.43208215291776214,2,420.5,,,,,,,,,,,,,4.408750254103738e-19,0.036413600438416426,7.25532628934399e-27,0.9731114927437624,0.2685982997328171,0.0017152906149909893,0.43629986574107826,0.9999999999999999,0.00258122088026653,0.9999999999999541,0.0008499884728391263,0.0007982210227401272,0.0007982210227401272,0.0007982210227337879,,0.0,9.572760819061336e-19,0.020163910573049813,1.4108257588933865e-18,,,,,0.4782608695652174,,0.0,1.0,0.8604651162790697,9.54194168962319e-19,9.54194168962319e-19,0.9302325581395349,0.5744527218307418,0.17892707859001003,324,1.705500205600206,0.8278656687939341,1241,648.4169183480641,0.6970014400242691,782.5,513.8453674121406,0.6656736172083962,669,986.6382352941176,846.0,585.0035688138154,340,0.4652856568234462,0.8173890317607586,0.42908333069536003,4,502.75
db19,1.0,periodic,7.981066613839516e-27,320.4511831119926,6637288.3015705105,0.6157024793388429,290.6452618136287,206,raw,6.258639776877192e-14,-2.0163148928276387e-10,6.6204106320355285,62658.17518777642,0.7351277744407118,5.6189438836900665e-06,1.0,327.0,,,,[],[],13,661.1538461538462,86.99999999999996,939.9999999999998,"[8, 32, 51, 63, 81, 100, 111, 133, 152, 162, 175, 192, 204]","[877.9999999999998, 638.0, 787.0, 792.0, 939.9999999999998, 787.9999999999998, 637.0, 675.0, 770.9999999999999, 196.0, 834.0, 571.9999999999999, 86.99999999999996]","[0, 13, 42, 42, 76, 99, 107, 107, 107, 161, 164, 187, 203]","[76, 42, 61, 76, 205, 164, 119, 142, 164, 164, 205, 205, 205]",37754613.0,940.9999999999998,-940.9999999999998,0.0,,,,DWT,mdp.39015067403892,0.0,,0.0,33.0,19.0,0.0,28.5,,2.2737367544323206e-13,256.3413461538462,4359.0,256.3413461538461,,0.0,256.3413461538462,,,83.99999999999996,0.0,28.5,2.2737367544323206e-13,2.2737367544323206e-13,,0.0,6.073115490467196e-14,4.851053735141228e-27,0.9686147040053793,0.8908045118490248,0.0010143383319054654,0.4391971664698933,0.00039822218317508637,0.9999999997235902,0.4742280246115508,6.6959667625959335e-09,6.6959667625959335e-09,6.081912306383589e-09,,0.0,0.9999999933040264,2.7225927463116073e-13,,,,,,0.0,1.0,1.0,2.847685247612971e-13,2.847685247612971e-13,0.8422684098778821,0.2753648338164447,200,1.6029164028443745,0.7698861765699591,340,0,0.2895190031158554,0.345922509569569,200,0.0,0.4125036178203786,0.7492495832046324,373,91.35416429114403,0.9042409179338113,278.25,256.0468402988088,0.8062871256335723,110,db,0.540986235965534,0.9305070477545101,0.3421575204977732,3,83.25,6.073115490467196e-14,0.0001547883299646835,4.851053735141228e-27,0.9686147040053793,0.8908045118490249,0.002046769485657414,0.5785123966942147,0.0027629806757888528,0.9999999997235901,0.9919828214562009,0.9855281704452468,0.9855281704452468,0.9855281704451335,,0.0,0.9999999999667601,1.5171946557926922e-13,,,,,1.0,,0.0,1.0,0.75,2.847685247612971e-13,2.847685247612971e-13,0.0,2.2595701998211184,0.6447065287086909,201,1.6601510504070138,0.7674631830027435,1050,600.3336572273788,0.6853597184342879,625.5,337.41007194244605,0.6787647648775212,466,0.49117026184683504,0.8233619396015222,0.4091722348267588,4,350.5,,,,,,,,,,,,,4.0777193239807925e-19,0.03641360043841644,4.851053735141228e-27,0.9772343561387777,0.27537958106637594,0.0017400489162244178,0.43765535702904235,1.0,0.0027629806757888528,0.9999999999999541,0.0008499884728391216,0.0007982210227401261,0.0007982210227401261,0.0007982210227337863,,0.0,0.0,0.020163910573049823,1.4108257588933865e-18,,,,,0.4782608695652174,,0.0,1.0,0.9302325581395349,9.54194168962319e-19,9.54194168962319e-19,0.9302325581395349,0.5814294660167882,0.18110015290550946,42,1.711991843888006,0.8310167704209237,1193,813.8799051457162,0.6196822873150859,617.5,81.14331983805668,0.6655654427229636,670,1009.0473684210526,935.5,610.6543869996938,760,0.4758535102197843,0.8532293215616218,0.41093374637766444,5,503.75
coif14,1.0,symmetric,2.8974401518143365e-26,314.8516477271248,7880499.666813952,0.6041666666666666,291.57936248419446,206,raw,1.2057668779288205e-13,-2.187768854966547e-10,6.84257036029158,59622.77510883009,0.7612647029551595,5.618943883690062e-06,0.9999999999999999,327.0000000000001,,,,[],[],13,661.1538461538462,87.00000000000014,939.9999999999999,"[8, 32, 51, 63, 81, 100, 111, 133, 152, 162, 175, 192, 204]","[877.9999999999999, 638.0, 787.0000000000003, 792.0000000000002, 939.9999999999999, 788.0000000000001, 637.0, 675.0000000000001, 771.0000000000002, 196.0, 834.0000000000008, 571.9999999999998, 87.00000000000014]","[0, 13, 39, 39, 76, 99, 107, 107, 107, 161, 99, 187, 203]","[76, 39, 61, 76, 205, 164, 119, 142, 164, 164, 205, 205, 205]",37754613.0,940.9999999999999,-940.9999999999999,0.0,,,,DWT,mdp.39015067403892,0.0,,0.0,33.0,19.0,0.0,28.5,,1.1368683772161603e-13,256.3413461538462,4359.0,256.34134615384625,,0.0,256.3413461538462,,,84.00000000000014,0.0,19.5,1.1368683772161603e-13,1.1368683772161603e-13,,1.1368683772161603e-13,1.3400289241565936e-13,1.9707327609670032e-26,0.9479511507624779,0.9675495533958124,0.0024134267043145006,0.35267857142857106,0.00015246709574655943,0.9999999997233319,0.4742280246117654,6.6959667625959335e-09,6.6959667625959335e-09,6.082044361106239e-09,,5.718550876340534e-12,0.9999999933040264,1.3612963731558036e-13,,,,,,0.0,1.0,0.0,1.4238426238064856e-13,1.4238426238064856e-13,0.7422684098807204,0.2426715936831061,742,1.5948845958066502,0.7660284724499884,376,0,0.20618566978299235,0.24635434483060062,742,0.0,0.4088431461387985,0.7426008975609819,419,199.67035333268683,0.7907019357099718,569.75,516.6872476457991,0.5967398567438749,551,coif,0.5507900112560971,0.8749445204262634,0.351963635992853,2,413.75,1.3400289241565934e-13,0.0001547883299646835,1.9707327609670032e-26,0.9479511507624779,0.9675495533958125,0.003444411928982627,0.5134868421052631,0.002517806971310013,0.9999999997233318,0.9919828214562042,0.9855281704452468,0.9855281704452468,0.9855281704451354,,1.2251610931599486e-12,0.9999999999667601,7.585973278963461e-14,,,,,1.0,,0.0,1.0,0.25,1.4238426238064856e-13,1.4238426238064856e-13,0.0,2.2095701998216377,0.630440396840935,751,1.6607159691388755,0.7677243365453601,1047,209.30360723121808,0.8903020926461122,899.0,874.6351501668521,0.70956404422662,308,0.4784248188775415,0.776734912893196,0.43208215291776214,2,231.5,,,,,,,,,,,,,8.99746077166429e-19,0.03641360043841641,1.9707327609670032e-26,0.9622458374988413,0.2991042222294618,0.002066876526983491,0.38846231903666617,0.9999999999999999,0.002517806971310013,0.9999999999999541,0.0008499884728391241,0.0007982210227401261,0.0007982210227401261,0.0007982210227337879,,0.0,9.572760819061336e-19,0.020163910573049823,7.054128794466933e-19,,,,,0.4782608695652174,,0.0,1.0,0.7906976744186046,4.770970844811595e-19,4.770970844811595e-19,0.9302325581395349,0.5674759776446953,0.17675400427451057,734,1.6952491824122244,0.8228897267568273,1312,408.7077195258245,0.8090150843337269,1023.0,941.3567937438905,0.6654888505780784,671,986.6382352941176,846.0,585.0035688138154,340,0.4652856568234462,0.8173890317607586,0.42908333069536003,4,504.25
db37,1.0,smooth,1.4349425819032645e-26,315.67905350779563,4961163.023166604,0.5683453237410072,39.69033749033957,206,smoothed,8.945595073756406e-14,-2.059362236295218e-10,6.19541742459847,46034.732968272874,0.9913835200203329,0.00014966566451320284,0.9999999999999999,362.39999999999986,,,,[],[],11,426.6,32.2000000000001,728.3999999999996,"[9, 31, 53, 64, 80, 102, 131, 148, 158, 175, 192]","[310.9999999999998, 417.8, 589.6000000000003, 432.2000000000001, 728.3999999999996, 371.0000000000001, 586.9999999999998, 32.2000000000001, 448.20000000000033, 368.0000000000003, 407.2000000000003]","[1, 1, 1, 60, 1, 94, 120, 144, 144, 165, 186]","[20, 40, 75, 75, 203, 120, 203, 149, 203, 186, 203]",30736475.840000004,728.3999999999996,-728.3999999999996,0.0,,,,DWT,mdp.39015067403892,7.450580596923828e-09,,0.0,33.0,11.0,0.0,33.0,,3.410605131648481e-13,168.4000000000001,987.7999999999984,168.40000000000012,,0.0,168.4000000000001,,,28.000000000000114,0.0,33.0,3.410605131648481e-13,3.410605131648481e-13,,1.1368683772161603e-13,1.4768527282046456e-13,3.7207135996911225e-26,0.9641694923323574,0.08810527261816671,0.06200794295722639,0.37967226046488556,0.14582072481629546,,0.9999996648089,4.4059791007223055e-09,4.4059791007223055e-09,3.678815706965397e-09,,1.2251610931599486e-12,0.9999999955939887,2.275791983689038e-13,,,,,,1.5893391424973748e-13,1.0,1.0,5.243104679449306e-13,5.243104679449306e-13,0.9999999009879121,0.3759218679653338,78,0.8637554972996278,0.4385009080449201,313,0,0.3333333060746935,0.4742677179870867,76,0.0,0.23425367045558282,0.413286874815829,295,131.2669036733936,0.8624036649125852,190.5,122.83832854180369,0.8313590651606951,100,db,0.573477938514061,0.8443824841957417,0.34525069778143475,3,75.75,9.468130123690045e-14,0.9999999999705145,9.357726396488124e-27,0.9510044654086499,0.7439906783162988,0.00016243678494335312,0.31156758803483553,0.0014202809313912732,0.9999999997235253,2.0315811925353255e-05,4.745454029730922e-11,4.745454029730922e-11,3.962258299239352e-11,,1.2251610931599486e-12,0.0031261328403480726,2.275791983689038e-13,,,,,0.0,,7.374542113937972e-14,1.0,1.0,4.2715278714194565e-13,4.2715278714194565e-13,1.0,0.40156916120504527,0.1145767721566965,1029,1.7678743842628946,0.8172620809189497,118,644.1742776609448,0.6623824540561086,573.5,211.72101133391456,0.6809029670699831,457,0.49117026184683504,0.8233619396015222,0.4091722348267588,4,343.75,,,,,,,,,,,,,6.357260491413027e-19,0.9999999999715838,9.357726396488124e-27,0.9644605903513529,0.22999416660650526,0.0012994126452019388,0.2357066585941099,0.9999999999999999,0.001420280931391273,0.9999999999999541,9.960751159770586e-05,3.8435400695480126e-14,3.8435400695480126e-14,3.209195062470194e-14,,0.0,9.572760819061336e-19,0.00456704015061846,2.11623863834008e-18,,,,,0.13043478260869565,,2.3332883504384434e-21,1.0,1.0,1.4312912534434783e-18,1.4312912534434783e-18,1.0,0.4544873153722995,0.14156097535167125,1194,1.8891739196383226,0.9170225985983012,46,811.7585848021565,0.6206735585036651,620.0,88.58709677419354,0.6654769661677205,672,1009.0473684210526,935.5,610.6543869996938,760,0.4758535102197843,0.8532293215616218,0.41093374637766444,5,505.25
coif15,1.0,periodic,3.039762913266191e-26,314.6433953478376,7798144.919447882,0.6122448979591837,292.3828063298659,206,raw,1.1899003896545653e-13,-2.1230506241920768e-10,6.880215054546237,60817.67052878528,0.7406225335559207,5.618943883690066e-06,1.0,327.0000000000001,,,,[],[],13,661.1538461538462,87.00000000000006,939.9999999999994,"[8, 32, 51, 63, 81, 100, 111, 133, 152, 162, 175, 192, 204]","[878.0, 638.0, 786.9999999999999, 792.0000000000009, 939.9999999999994, 787.9999999999995, 637.0000000000001, 675.0000000000002, 771.0, 196.00000000000006, 834.0000000000002, 572.0000000000001, 87.00000000000006]","[0, 13, 42, 42, 76, 99, 107, 107, 107, 161, 164, 187, 203]","[76, 42, 61, 76, 205, 164, 119, 142, 164, 164, 205, 205, 205]",37754613.0,940.9999999999995,-940.9999999999995,0.0,,,,DWT,mdp.39015067403892,0.0,,0.0,33.0,19.0,0.0,28.5,,4.547473508864641e-13,256.3413461538462,4359.0,256.3413461538462,,0.0,256.3413461538462,,,84.00000000000006,0.0,28.5,5.684341886080801e-13,4.547473508864641e-13,,1.1368683772161603e-13,1.3199813409565607e-13,2.071449771025015e-26,0.9471826523368779,0.9805539068277718,0.002320746108983883,0.41326530612244905,0.0002492094100252655,0.9999999997234293,0.47422802461166635,6.6959667625959335e-09,6.6959667625959335e-09,6.082000342865356e-09,,5.718550876340534e-12,0.9999999933040264,6.806481865779018e-13,,,,,,0.0,1.0,1.0,5.695370495225942e-13,5.695370495225942e-13,0.8422684098811206,0.2753648338175035,106,1.6251527239729058,0.7805663569113969,266,0,0.28951900311643036,0.345922509570256,106,0.0,0.4179464775662087,0.7591357035192916,301,103.47101043287438,0.8915398213491883,194.75,154.14506388659336,0.8436996800666277,50,coif,0.5507900112560971,0.8749445204262634,0.351963635992853,2,38.0,1.3199813409565605e-13,0.0001547883299646835,2.071449771025015e-26,0.9471826523368779,0.9805539068277719,0.0033518271171428435,0.5590225563909776,0.002614320422240971,0.9999999997234292,0.9919828214562026,0.9855281704452468,0.9855281704452468,0.9855281704451347,,1.2251610931599486e-12,0.9999999999667601,3.7929866394817307e-13,,,,,1.0,,0.0,1.0,0.75,5.695370495225942e-13,5.695370495225942e-13,0.0,2.259570199821959,0.6447065287089309,106,1.6849636454882724,0.7789336773261077,893,556.4930367938128,0.708336982812467,499.5,189.5055055055055,0.7232722649911392,274,0.4784248188775415,0.776734912893196,0.43208215291776214,2,206.0,,,,,,,,,,,,,8.8628537194154e-19,0.03641360043841643,2.071449771025015e-26,0.9616883993447414,0.30312433365963265,0.0020452263023565233,0.4229109313864906,1.0,0.002614320422240971,0.9999999999999541,0.0008499884728391229,0.0007982210227401261,0.0007982210227401261,0.0007982210227337874,,0.0,9.572760819061336e-19,0.020163910573049823,3.5270643972334666e-18,,,,,0.4782608695652174,,0.0,1.0,0.9302325581395349,1.908388337924638e-18,1.908388337924638e-18,0.9302325581395349,0.5814294660167882,0.18110015290550946,110,1.7107320004428386,0.8304052306903013,1205,774.2819253992695,0.6381860161685656,657.5,201.59695817490496,0.66547151275718,673,986.6382352941176,846.0,585.0035688138154,340,0.4652856568234462,0.8173890317607586,0.42908333069536003,4,505.75
db19,1.0,symmetric,7.99944783881554e-27,320.44119235966497,6667588.176659807,0.6157024793388429,284.7753512753367,206,raw,6.220698174482235e-14,-2.0150980883926495e-10,6.587597250122235,59026.18530019362,0.7719162705187316,5.6189438836900665e-06,1.0,327.0,,,,[],[],13,661.1538461538462,86.99999999999986,939.9999999999998,"[8, 32, 51, 63, 81, 100, 111, 133, 152, 162, 175, 192, 204]","[878.0, 638.0, 787.0, 792.0, 939.9999999999998, 787.9999999999998, 637.0, 675.0, 770.9999999999999, 196.0, 834.0, 571.9999999999999, 86.99999999999986]","[0, 13, 42, 42, 76, 99, 107, 107, 107, 161, 164, 187, 203]","[76, 42, 61, 76, 205, 164, 119, 142, 164, 164, 205, 205, 205]",37754613.0,940.9999999999998,-940.9999999999998,0.0,,,,DWT,mdp.39015067403892,0.0,,0.0,33.0,19.0,0.0,28.5,,2.2737367544323206e-13,256.3413461538462,4359.0,256.34134615384613,,0.0,256.3413461538462,,,83.99999999999986,0.0,28.5,2.2737367544323206e-13,2.2737367544323206e-13,,0.0,6.025175617597554e-14,4.864061507066838e-27,0.9685778358674948,0.879469134469899,0.0010484372825007083,0.4391971664698933,0.00010416539687089826,0.9999999997235921,0.4742280246114352,6.6959667625959335e-09,6.6959667625959335e-09,6.0819563246244724e-09,,0.0,0.9999999933040264,2.7225927463116073e-13,,,,,,0.0,1.0,1.0,2.847685247612971e-13,2.847685247612971e-13,0.8422684098778607,0.2753648338164377,202,1.5971260200328574,0.7671050360964292,364,0,0.2895190031158494,0.34592250956956183,202,0.0,0.4110495924012889,0.7466085689391617,387,100.60939319964116,0.8945394201261623,288.75,262.60121170732606,0.7959332320756598,142,db,0.540986235965534,0.9305070477545101,0.3421575204977732,3,107.25,6.025175617597553e-14,0.0001547883299646835,4.864061507066838e-27,0.9685778358674948,0.8794691344698992,0.0020808331956878963,0.5785123966942147,0.0024696195397907717,0.999999999723592,0.9919828214561991,0.9855281704452468,0.9855281704452468,0.9855281704451341,,0.0,0.9999999999667601,1.5171946557926922e-13,,,,,1.0,,0.0,1.0,0.75,2.847685247612971e-13,2.847685247612971e-13,0.0,2.259570199821118,0.6447065287086908,202,1.6543609282353366,0.7647864954864113,1092,629.3250352560273,0.6701650758616209,647.0,340.93353941267384,0.665533271683431,528,0.49117026184683504,0.8233619396015222,0.4091722348267588,4,397.0,,,,,,,,,,,,,4.045530681051711e-19,0.03641360043841644,4.864061507066838e-27,0.9772076134597523,0.2718754099128042,0.0017480144449016706,0.43765535702904235,1.0,0.0024696195397907717,0.9999999999999541,0.0008499884728391203,0.0007982210227401261,0.0007982210227401261,0.0007982210227337869,,0.0,0.0,0.020163910573049823,1.4108257588933865e-18,,,,,0.4782608695652174,,0.0,1.0,0.9302325581395349,9.54194168962319e-19,9.54194168962319e-19,0.9302325581395349,0.5814294660167882,0.18110015290550946,136,1.7101103510137439,0.83010347627322,1210,759.432682994352,0.6451249144886205,673.0,244.51708766716197,0.6653194665901047,674,1009.0473684210526,935.5,610.6543869996938,760,0.4758535102197843,0.8532293215616218,0.41093374637766444,5,506.75
coif9,1.0,symmetric,1.7377518186207808e-26,317.0719149516755,7221785.599946509,0.6046511627906976,296.19222163692115,206,raw,9.021478278546324e-14,-2.1012558359956583e-10,6.707093300475094,59729.49832654597,0.7507738175550455,5.618943883690066e-06,1.0,327.0,,,,[],[],13,661.1538461538462,86.99999999999983,939.9999999999999,"[8, 32, 51, 63, 81, 100, 111, 133, 152, 162, 175, 192, 204]","[878.0, 638.0000000000001, 787.0, 792.0000000000002, 939.9999999999999, 787.9999999999999, 637.0000000000002, 674.9999999999998, 770.9999999999998, 195.99999999999983, 834.0, 572.0000000000001, 86.99999999999983]","[0, 13, 39, 39, 76, 99, 107, 107, 107, 161, 99, 187, 203]","[76, 39, 61, 76, 205, 164, 119, 142, 164, 164, 205, 205, 205]",37754613.0,940.9999999999999,-940.9999999999999,0.0,,,,DWT,mdp.39015067403892,0.0,,0.0,33.0,19.0,0.0,28.5,,1.1368683772161603e-13,256.3413461538462,4359.0,256.34134615384613,,0.0,256.3413461538462,,,83.99999999999983,0.0,19.5,1.1368683772161603e-13,1.1368683772161603e-13,,0.0,9.564009869429336e-14,1.1500605063893264e-26,0.9561444394649576,0.9207490253889115,0.0016721213901404763,0.3563122923588037,0.0001611077273003163,0.9999999997234622,0.4742280246114022,6.6959667625959335e-09,6.6959667625959335e-09,6.0819563246244724e-09,,0.0,0.9999999933040264,1.3612963731558036e-13,,,,,,0.0,1.0,0.0,1.4238426238064856e-13,1.4238426238064856e-13,0.7422684098777257,0.242671593682127,914,1.5774865969923553,0.7576721547010792,438,0,0.2061856697824782,0.2463543448299863,914,0.0,0.4043798732567089,0.7344940466094579,475,264.5693040899996,0.722673685440252,685.25,608.221452091906,0.5021911404140463,871,coif,0.5507900112560971,0.8749445204262634,0.351963635992853,2,653.75,9.564009869429335e-14,0.0001547883299646835,1.1500605063893264e-26,0.9561444394649575,0.9207490253889116,0.002703872738618145,0.5162178702570378,0.002526427161716803,0.9999999997234621,0.9919828214561985,0.9855281704452468,0.9855281704452468,0.9855281704451341,,0.0,0.9999999999667601,7.585973278963461e-14,,,,,1.0,,0.0,1.0,0.25,1.4238426238064856e-13,1.4238426238064856e-13,0.0,2.209570199821023,0.6304403968407597,910,1.6429572680986444,0.7595147527108117,1139,161.92745289171938,0.91513236221608,1024.5,1011.70326988775,0.6890913383407444,406,0.4784248188775415,0.776734912893196,0.43208215291776214,2,305.0,,,,,,,,,,,,,6.421637777271193e-19,0.03641360043841643,1.1500605063893264e-26,0.9681889228431629,0.28463650274129443,0.0018937073051870654,0.39052839248237164,1.0,0.002526427161716803,0.9999999999999541,0.0008499884728391198,0.0007982210227401261,0.0007982210227401261,0.0007982210227337869,,0.0,0.0,0.020163910573049823,7.054128794466933e-19,,,,,0.4782608695652174,,0.0,1.0,0.7906976744186046,4.770970844811595e-19,4.770970844811595e-19,0.9302325581395349,0.5674759776446953,0.17675400427451057,797,1.6923244667182804,0.8214700425456799,1324,372.64527368531054,0.8258666945395745,1060.5,995.0287600188591,0.6651529734380115,675,986.6382352941176,846.0,585.0035688138154,340,0.4652856568234462,0.8173890317607586,0.42908333069536003,4,507.25
bior2.6,1.0,constant,5.497962249515972e-27,322.0697749331927,6260069.728777878,0.6146788990825688,236.14230473056125,206,raw,4.857387415699813e-14,-2.1548685058548064e-10,6.2125051928506085,70615.53614143177,0.8437374117143999,5.618943883690064e-06,0.9999999999999999,327.00000000000017,,,,[],[],13,661.1538461538462,87.00000000000006,940.0000000000001,"[8, 32, 51, 63, 81, 100, 111, 133, 152, 162, 175, 192, 204]","[878.0000000000001, 638.0000000000002, 787.0, 792.0000000000001, 940.0000000000001, 788.0000000000001, 637.0000000000001, 675.0, 771.0000000000001, 196.00000000000006, 834.0, 572.0, 87.00000000000006]","[0, 13, 39, 39, 76, 99, 107, 107, 107, 161, 99, 187, 203]","[76, 39, 61, 76, 205, 164, 119, 142, 164, 164, 205, 205, 205]",37754613.0,941.0000000000001,-941.0000000000001,0.0,,,,DWT,mdp.39015067403892,0.0,,0.0,33.0,19.0,0.0,28.5,,1.1368683772161603e-13,256.3413461538462,4359.0,256.3413461538462,,0.0,256.3413461538462,,,84.00000000000006,0.0,19.5,1.1368683772161603e-13,1.1368683772161603e-13,,1.7053025658242404e-13,4.302608821986092e-14,3.09384466552049e-27,0.9745876742568538,0.7498936450454476,0.0005898231337616979,0.4315203145478373,0.0010424739740443635,0.9999999997233814,0.47422802461166635,6.6959667625959335e-09,6.6959667625959335e-09,6.082000342865356e-09,,8.5778263145108e-12,0.9999999933040264,1.3612963731558036e-13,,,,,,0.0,1.0,0.0,1.4238426238064856e-13,1.4238426238064856e-13,0.7422684098821071,0.24267159368355942,711,1.5330194539418351,0.7363144353057288,554,0,0.20618566978321873,0.2463543448308711,711,0.0,0.3947042413351712,0.7169197445396752,565,87.58376942485786,0.9081931138104216,635.25,626.1833713296506,0.6211563053328837,487,bior,0.672619891330026,0.76736776154697,0.2989557476048908,5,366.5,4.302608821986092e-14,0.0001547883299646835,3.09384466552049e-27,0.9745876742568538,0.7498936450454478,0.001622693015247809,0.5727426364075325,0.003405708359831142,0.9999999997233813,0.9919828214562026,0.9855281704452468,0.9855281704452468,0.9855281704451347,,1.837741639739923e-12,0.9999999999667601,7.585973278963461e-14,,,,,1.0,,0.0,1.0,0.25,1.4238426238064856e-13,1.4238426238064856e-13,0.0,2.209570199821943,0.630440396841022,714,1.5910165478797604,0.7355033288967758,1328,434.16356364854016,0.7724509624483542,1021.0,928.6895200783546,0.6186678292325629,788,0.5943810304597339,0.7715092316736338,0.3524805091760961,5,592.25,,,,,,,,,,,,,2.8889342158044853e-19,0.036413600438416426,3.09384466552049e-27,0.9815669108982438,0.23181898505241508,0.0016408819939081774,0.43329042636779913,0.9999999999999999,0.003405708359831142,0.9999999999999541,0.0008499884728391229,0.0007982210227401261,0.0007982210227401261,0.0007982210227337874,,0.0,1.4359141228592004e-18,0.020163910573049823,7.054128794466933e-19,,,,,0.4782608695652174,,0.0,1.0,0.7906976744186046,4.770970844811595e-19,4.770970844811595e-19,0.9302325581395349,0.5674759776446953,0.17675400427451057,859,1.6912726140846666,0.8209594634902567,1335,336.5828278447966,0.8427183047454221,1097.0,1045.3646308113036,0.6650507411577578,676,1104.4,1082.5,563.6960149978129,300,0.520820561188399,0.7876173146100969,0.3991404127850916,6,508.5
db22,1.0,antireflect,1.108745151114693e-26,316.79908140705857,5764919.734193146,0.5282258064516129,108.12939175532352,206,smoothed,7.057569200034635e-14,-2.0178638759915703e-10,6.499707784555723,101851.12649077961,0.9948715832281847,0.00014966566451320282,1.0,362.4,,,,[],[],11,426.59999999999997,32.200000000000045,728.4,"[9, 31, 53, 64, 80, 102, 131, 148, 158, 175, 192]","[311.0000000000001, 417.8000000000002, 589.5999999999999, 432.1999999999997, 728.4, 371.0, 586.9999999999999, 32.200000000000045, 448.1999999999999, 368.0, 407.2000000000002]","[1, 1, 1, 60, 1, 94, 120, 144, 144, 165, 186]","[20, 40, 75, 75, 203, 120, 203, 149, 203, 186, 203]",30736475.839999996,728.4,-728.4,0.0,,,,DWT,mdp.39015067403892,0.0,,0.0,33.0,11.0,0.0,33.0,,0.0,168.40000000000003,987.7999999999993,168.4,,0.0,168.40000000000003,,,28.000000000000057,0.0,33.0,0.0,0.0,,0.0,1.0620798897741591e-13,2.76606431194121e-26,0.9684249407699956,0.5270149237734246,0.40694405225678787,0.10409196298642986,0.6086967812509483,,0.9999996647593375,4.4059199552998455e-09,4.4059199552998455e-09,3.6786974161203912e-09,,0.0,0.9999999955940747,0.0,,,,,,0.0,1.0,1.0,0.0,0.0,0.9999999009719998,0.37592186795935195,144,1.333149950172087,0.6767973871519255,81,0,0.3333333060703291,0.474267717980877,144,0.0,0.37359609443395614,0.6591246233697137,72,39.14396505209967,0.9589685900921388,110.25,99.6923076923077,0.9217012761781449,27,db,0.573477938514061,0.8443824841957417,0.34525069778143475,3,21.0,7.082576677142731e-14,0.9999999999705143,7.049337381092014e-27,0.9551376219188309,0.8491077330612119,0.0010660357423243451,0.08542020373514442,0.005928652682937128,0.9999999997235878,2.0315811924354055e-05,4.745387416349445e-11,4.745387416349445e-11,3.962136174706643e-11,,0.0,0.0031261328403482946,0.0,,,,,0.0,,0.0,1.0,1.0,0.0,0.0,1.0,0.40156916120411024,0.11457677215642971,1238,1.73470900000091,0.8019302161678649,393,597.5052301026327,0.6868421225877187,815.5,596.6082158185162,0.6297156105601067,749,0.49117026184683504,0.8233619396015222,0.4091722348267588,4,562.75,,,,,,,,,,,,,4.755509725657932e-19,0.9999999999715837,7.049337381092014e-27,0.9674586174895898,0.2624896132657286,0.0015107121014653045,0.06462196830495687,1.0,0.005928652682937128,0.9999999999999541,9.960751159770499e-05,3.8434858594393884e-14,3.8434858594393884e-14,3.209086642252945e-14,,0.0,0.0,0.004567040150618464,0.0,,,,,0.13043478260869565,,0.0,1.0,1.0,0.0,0.0,1.0,0.4544873153722995,0.14156097535167125,1259,1.8406955815639656,0.8934907622255099,416,596.0910165402596,0.7214527960092245,837.5,625.3659701492537,0.6650488279111544,677,1009.0473684210526,935.5,610.6543869996938,760,0.4758535102197843,0.8532293215616218,0.41093374637766444,5,509.0
bior2.6,1.0,zero,5.4937958385214066e-27,322.07306730803657,6260384.348066434,0.6146788990825688,236.14230473056125,206,raw,4.8401412327930146e-14,-2.1542145844933021e-10,6.211740172889646,71091.53012519602,0.8447770207347711,5.618943883690064e-06,0.9999999999999999,327.00000000000017,,,,[],[],13,661.1538461538462,87.00000000000006,940.0000000000001,"[8, 32, 51, 63, 81, 100, 111, 133, 152, 162, 175, 192, 204]","[878.0000000000001, 638.0000000000002, 787.0, 792.0000000000001, 940.0000000000001, 788.0000000000001, 637.0000000000001, 675.0, 771.0000000000001, 196.00000000000006, 834.0, 572.0, 87.00000000000006]","[0, 13, 39, 39, 76, 99, 107, 107, 107, 161, 99, 187, 203]","[76, 39, 61, 76, 205, 164, 119, 142, 164, 164, 205, 205, 205]",37754613.0,941.0000000000001,-941.0000000000001,0.0,,,,DWT,mdp.39015067403892,0.0,,0.0,33.0,19.0,0.0,28.5,,1.1368683772161603e-13,256.3413461538462,4359.0,256.3413461538462,,0.0,256.3413461538462,,,84.00000000000006,0.0,19.5,1.1368683772161603e-13,1.1368683772161603e-13,,1.7053025658242404e-13,4.28081797068171e-14,3.0908962372173513e-27,0.9745998238653848,0.7496293690258962,0.0005901772008179209,0.4315203145478373,0.001081011873514947,0.9999999997233824,0.47422802461166635,6.6959667625959335e-09,6.6959667625959335e-09,6.082000342865356e-09,,8.5778263145108e-12,0.9999999933040264,1.3612963731558036e-13,,,,,,0.0,1.0,0.0,1.4238426238064856e-13,1.4238426238064856e-13,0.7422684098821071,0.24267159368355942,710,1.5329101978904944,0.7362619592542738,555,0,0.20618566978321873,0.2463543448308711,710,0.0,0.39467758702960953,0.7168713310798414,567,86.16457121887936,0.9096807429571495,635.5,626.7262743778007,0.621769092652579,485,bior,0.672619891330026,0.76736776154697,0.2989557476048908,5,365.0,4.280817970681709e-14,0.0001547883299646835,3.0908962372173513e-27,0.9745998238653847,0.7496293690258962,0.001623046716383005,0.5727426364075325,0.0034441550901710945,0.9999999997233823,0.9919828214562026,0.9855281704452468,0.9855281704452468,0.9855281704451347,,1.837741639739923e-12,0.9999999999667601,7.585973278963461e-14,,,,,1.0,,0.0,1.0,0.25,1.4238426238064856e-13,1.4238426238064856e-13,0.0,2.209570199821943,0.630440396841022,716,1.590907255177807,0.7354528045032879,1329,433.4564568673536,0.7728215634867119,1022.5,930.6249388753057,0.6184600479907354,790,0.5943810304597339,0.7715092316736338,0.3524805091760961,5,593.75,,,,,,,,,,,,,2.874303014473085e-19,0.036413600438416426,3.0908962372173513e-27,0.9815757237404396,0.2317372878690466,0.0016409647041159927,0.43329042636779913,0.9999999999999999,0.0034441550901710945,0.9999999999999541,0.0008499884728391229,0.0007982210227401261,0.0007982210227401261,0.0007982210227337874,,0.0,1.4359141228592004e-18,0.020163910573049823,7.054128794466933e-19,,,,,0.4782608695652174,,0.0,1.0,0.7906976744186046,4.770970844811595e-19,4.770970844811595e-19,0.9302325581395349,0.5674759776446953,0.17675400427451057,862,1.6912524732455396,0.8209496869395421,1336,335.1686142824235,0.843379152204475,1099.0,1047.8908098271156,0.664913875167658,678,1104.4,1082.5,563.6960149978129,300,0.520820561188399,0.7876173146100969,0.3991404127850916,6,510.0
sym8,1.0,constant,8.864966995167232e-22,267.7706275121164,4963013.845875978,0.5545454545454546,72.16610045773545,206,smoothed,2.4044231546451676e-11,-2.5141422277735943e-11,6.193107010076101,36674.22942148428,0.9865204115180252,0.0001496656645132173,1.0,362.3999999999955,,,,[],[],11,426.5999999999415,32.19999999999675,728.399999999912,"[9, 31, 53, 64, 80, 102, 131, 148, 158, 175, 192]","[310.9999999999404, 417.79999999996954, 589.599999999957, 432.19999999985555, 728.399999999912, 370.9999999999228, 586.9999999999827, 32.19999999999675, 448.19999999995343, 367.99999999992883, 407.1999999999375]","[0, 0, 0, 60, 0, 94, 120, 144, 144, 165, 186]","[20, 40, 75, 75, 203, 120, 203, 149, 203, 186, 203]",30736475.839998536,728.3999999999355,-728.3999999999355,0.0,,,,DWT,mdp.39015067403892,1.4603137969970703e-06,,0.0,33.0,11.0,0.0,33.0,,6.446043698815629e-11,168.39999999994154,987.8000000006423,168.39999999994953,,0.0,168.39999999994154,,,27.99999999999676,0.0,15.0,8.799361239653081e-11,6.446043698815629e-11,,4.490630090003833e-12,5.277297185437435e-11,2.594416145287952e-21,0.7821456010639485,0.08477272132676388,0.06280223254214207,0.2848811883130903,0.06819562769795515,,0.9999996618847132,4.3450593155886844e-09,4.3450593155886844e-09,3.6261762809378693e-09,,4.839386317981797e-11,0.9999999956548977,5.871543317917718e-11,,,,,,3.1151047192948544e-11,1.0,0.0,9.909467844159187e-11,9.909467844159187e-11,0.8999999001965193,0.33832967714921725,632,0.6843055639930721,0.3473999437679557,832,0,0.24999997251602962,0.3557007784737935,632,0.0,0.183256767285239,0.32331453544728467,764,99.77975746613137,0.8954090592598204,715.0,704.7985515586183,0.5729665841372478,672,sym,1.0,1.0,0.0,7,505.75,3.0361955854511645e-11,0.9999999999706148,6.273429680327061e-22,0.7742115275480208,0.7431925459999631,0.0001645175159003,0.23377990430622037,0.0006642193676220194,0.9999999997262502,2.0315811865956324e-05,4.6798342978604524e-11,4.6798342978604524e-11,3.905570311601991e-11,,4.839386317981797e-11,0.0031261328405384203,5.871543317917718e-11,,,,,0.0,,1.4454102543318423e-11,1.0,0.0,8.073187676982773e-11,8.073187676982773e-11,1.0,0.3015691612966992,0.08604450844703919,1295,1.6299830976470744,0.7535169863333843,1192,72.8319984622144,0.9618280930491538,1243.5,1241.3671089666266,0.6550492666503631,593,0.7763846615972358,0.5622554397616224,0.28785410495344815,6,446.25,,,,,,,,,,,,,2.0386164942216434e-16,0.9999999999716805,6.273429680327061e-22,0.8362220336334519,0.229747435320365,0.0012998992076489646,0.17685883322468382,1.0,0.0006642193676220194,0.9999999999999546,9.960751159766087e-05,3.790392479052773e-14,3.790392479052773e-14,3.1632791004654326e-14,,0.0,3.781240523529228e-17,0.004567040150621439,5.459895686917406e-16,,,,,0.13043478260869565,,4.57324516685935e-19,1.0,0.7209302325581395,2.705140469008174e-16,2.705140469008174e-16,1.0,0.4265803386281149,0.13286867808967387,1333,1.7882661084724867,0.8680410081516804,843,346.4823227814083,0.8380923725320522,1088.0,1032.8299632352941,0.6648405787893905,679,1409.1368421052632,1454.5,398.32527672708756,380,0.6645304607900322,0.5565550872278735,0.3678621512786154,7,511.0
bior2.4,1.0,constant,3.356181915309705e-27,324.2133375397259,6237653.018987581,0.6121495327102804,243.48080032707145,206,raw,3.531155950167002e-14,-2.1355328616579346e-10,6.210360601732216,69326.12286157846,0.8378562142047181,5.618943883690066e-06,0.9999999999999998,327.0,,,,[],[],13,661.1538461538462,87.00000000000003,940.0000000000001,"[8, 32, 51, 63, 81, 100, 111, 133, 152, 162, 175, 192, 204]","[878.0, 638.0, 787.0, 792.0, 940.0000000000001, 788.0, 637.0000000000001, 675.0, 771.0, 196.0, 834.0000000000002, 572.0000000000001, 87.00000000000003]","[0, 13, 39, 39, 76, 99, 107, 107, 107, 161, 99, 187, 203]","[76, 39, 61, 76, 205, 164, 119, 142, 164, 164, 205, 205, 205]",37754613.0,941.0000000000001,-941.0000000000001,0.0,,,,DWT,mdp.39015067403892,0.0,,0.0,33.0,19.0,0.0,28.5,,1.1368683772161603e-13,256.3413461538462,4359.0,256.34134615384613,,0.0,256.3413461538462,,,84.00000000000003,0.0,19.5,1.1368683772161603e-13,1.1368683772161603e-13,,0.0,2.6268923566790473e-14,1.5781790807483938e-27,0.9824979055537736,0.7491527963967122,0.0005645957598073658,0.4125500667556743,0.0009380792105600548,0.9999999997234106,0.4742280246116333,6.6959667625959335e-09,6.6959667625959335e-09,6.0819563246244724e-09,,0.0,0.9999999933040264,1.3612963731558036e-13,,,,,,0.0,1.0,0.0,1.4238426238064856e-13,1.4238426238064856e-13,0.7422684098777951,0.2426715936821497,904,1.5297526976863898,0.7347454012133533,565,0,0.20618566978249747,0.24635434483000931,904,0.0,0.39321293042499555,0.714211006895672,584,190.39498417763005,0.8004245448871803,739.25,702.4161788185205,0.5127646833450576,840,bior,0.672619891330026,0.76736776154697,0.2989557476048908,5,631.25,2.626892356679046e-14,0.0001547883299646835,1.5781790807483938e-27,0.9824979055537736,0.7491527963967123,0.001597491713266076,0.5584849975405806,0.003301560563098006,0.9999999997234105,0.9919828214562021,0.9855281704452468,0.9855281704452468,0.9855281704451341,,0.0,0.9999999999667601,7.585973278963461e-14,,,,,1.0,,0.0,1.0,0.25,1.4238426238064856e-13,1.4238426238064856e-13,0.0,2.209570199821024,0.6304403968407599,899,1.5896349470170863,0.7348646353300384,1335,308.2985565973347,0.83841794727603,1117.0,1074.4538943598925,0.6264940889419983,757,0.5943810304597339,0.7715092316736338,0.3524805091760961,5,569.0,,,,,,,,,,,,,1.7637948334197668e-19,0.03641360043841643,1.5781790807483938e-27,0.987304677672737,0.23158996219969188,0.0016349888691293449,0.42250425814674847,0.9999999999999998,0.003301560563098006,0.9999999999999541,0.0008499884728391225,0.0007982210227401261,0.0007982210227401261,0.0007982210227337869,,0.0,0.0,0.020163910573049823,7.054128794466933e-19,,,,,0.4782608695652174,,0.0,1.0,0.7906976744186046,4.770970844811595e-19,4.770970844811595e-19,0.9302325581395349,0.5674759776446953,0.17675400427451057,893,1.690241689753498,0.82045904322757,1342,317.49094475275984,0.8516397454426357,1117.5,1072.3991051454138,0.6647217418801963,680,1104.4,1082.5,563.6960149978129,300,0.520820561188399,0.7876173146100969,0.3991404127850916,6,511.5
db22,1.0,constant,1.083763151661342e-26,316.8980549348764,4962283.033683302,0.5604838709677419,53.97200435478779,206,smoothed,6.965733276055933e-14,-2.007045640795017e-10,6.194019089875564,42853.375837669104,0.9895583230176146,0.00014966566451320284,1.0,362.4,,,,[],[],11,426.59999999999997,32.200000000000045,728.4,"[9, 31, 53, 64, 80, 102, 131, 148, 158, 175, 192]","[311.0000000000001, 417.8000000000002, 589.5999999999999, 432.1999999999997, 728.4, 371.0, 586.9999999999999, 32.200000000000045, 448.1999999999999, 368.0, 407.20000000000016]","[1, 1, 1, 60, 1, 94, 120, 144, 144, 165, 186]","[20, 40, 75, 75, 203, 120, 203, 149, 203, 186, 203]",30736475.839999992,728.4,-728.4,0.0,,,,DWT,mdp.39015067403892,3.725290298461914e-09,,0.0,33.0,11.0,0.0,33.0,,0.0,168.40000000000003,987.7999999999993,168.39999999999998,,0.0,168.40000000000003,,,28.000000000000057,0.0,33.0,0.0,0.0,,0.0,1.0419048236436057e-13,2.692952001010201e-26,0.9688009820673572,0.0860883089341535,0.062488600928356515,0.3256720720218905,0.11943825992038001,,0.9999996647593375,4.4059199552998455e-09,4.4059199552998455e-09,3.67866784340914e-09,,0.0,0.9999999955940747,0.0,,,,,,7.946695712486874e-14,1.0,1.0,0.0,0.0,0.9999999009720306,0.37592186795936355,139,0.8336131769486088,0.42319862066634534,400,0,0.3333333060703333,0.47426771798088296,141,0.0,0.22321260341032031,0.3938074443125883,381,144.83640196212184,0.848179872157105,265.25,206.06750199585818,0.7850700199359948,176,db,0.573477938514061,0.8443824841957417,0.34525069778143475,3,132.75,6.966540393946894e-14,0.9999999999705145,6.872548210860551e-27,0.9555028566429884,0.7435076238165108,0.0001636959225919223,0.2672538200339557,0.0011633180623479764,0.9999999997236041,2.0315811924354055e-05,4.745387416349445e-11,4.745387416349445e-11,3.962102868015904e-11,,0.0,0.0031261328403482946,0.0,,,,,0.0,,3.687271056968986e-14,1.0,1.0,0.0,0.0,1.0,0.40156916120412856,0.11457677215643494,1229,1.7525042289744828,0.8101566863236814,225,709.9352083112938,0.6279165574888397,727.0,380.36451169188445,0.6234446519100383,771,0.49117026184683504,0.8233619396015222,0.4091722348267588,4,579.25,,,,,,,,,,,,,4.677598578568223e-19,0.9999999999715838,6.872548210860551e-27,0.9677235442137904,0.22984483715878196,0.001299707084563926,0.20218247127063857,1.0,0.0011633180623479764,0.9999999999999541,9.960751159770499e-05,3.8434858594393884e-14,3.8434858594393884e-14,3.2090649582094954e-14,,0.0,0.0,0.004567040150618464,0.0,,,,,0.13043478260869565,,1.1666441752192217e-21,1.0,1.0,0.0,0.0,1.0,0.4544873153722995,0.14156097535167125,1206,1.8775447143745987,0.9113776741581974,95,785.5956338982543,0.6328992364961429,650.5,176.1260568793236,0.6644636369396602,681,1009.0473684210526,935.5,610.6543869996938,760,0.4758535102197843,0.8532293215616218,0.41093374637766444,5,512.0
coif14,1.0,smooth,2.068367253420777e-26,314.09112220881195,4961057.798330945,0.5520833333333334,33.75568440541737,206,smoothed,1.0293384267922711e-13,-2.1288106832884117e-10,6.1955488304007895,46599.0675771605,0.9918277096006394,0.0001496656645132026,0.9999999999999997,362.4000000000001,,,,[],[],11,426.60000000000014,32.200000000000045,728.4,"[9, 31, 53, 64, 80, 102, 131, 148, 158, 175, 192]","[311.00000000000034, 417.79999999999995, 589.6000000000005, 432.20000000000005, 728.4, 371.00000000000017, 587.0000000000001, 32.200000000000045, 448.1999999999998, 367.9999999999997, 407.2000000000004]","[1, 1, 1, 60, 1, 94, 120, 144, 144, 165, 186]","[20, 40, 75, 75, 203, 120, 203, 149, 203, 186, 203]",30736475.840000004,728.4,-728.4,0.0,,,,DWT,mdp.39015067403892,7.450580596923828e-09,,0.0,33.0,11.0,0.0,33.0,,0.0,168.4000000000002,987.7999999999975,168.40000000000012,,0.0,168.4000000000002,,,28.000000000000057,0.0,33.0,0.0,0.0,,1.1368683772161603e-13,1.7729431353600917e-13,5.574494023545403e-26,0.9581362856865374,0.08829481288117041,0.0619627852062352,0.26796891862723987,0.15050065774972957,,0.9999996647593375,4.406097391567225e-09,4.406097391567225e-09,3.678815706965397e-09,,1.2251610931599486e-12,0.9999999955939026,0.0,,,,,,1.5893391424973748e-13,1.0,1.0,0.0,0.0,0.9999999009727477,0.3759218679596331,120,0.8173984010064662,0.41496690000395514,450,0,0.33333330607046957,0.47426771798107686,120,0.0,0.2181233514501557,0.3848286264623656,420,182.27726133558184,0.8089336883274824,277.5,188.0597014925373,0.7590265925914141,207,coif,0.5556920286951962,0.9053407607371553,0.33941335169221604,4,156.25,1.1171085153127565e-13,0.9999999999705127,1.3840258801103074e-26,0.9451446394253565,0.7440360724290737,0.00016231848913258345,0.21990131578947408,0.0014658630632447536,0.9999999997234206,2.0315811924354055e-05,4.745570603148508e-11,4.745570603148508e-11,3.962258299239352e-11,,1.2251610931599486e-12,0.003126132840347795,0.0,,,,,0.0,,7.374542113937972e-14,1.0,1.0,0.0,0.0,1.0,0.4015691612047609,0.11457677215661537,1126,1.72773285053596,0.7987052458423268,468,465.2762620207483,0.7561445167606141,797.0,661.1894604767879,0.6692148160322986,503,0.4784248188775415,0.776734912893196,0.43208215291776214,2,377.75,,,,,,,,,,,,,7.500688875461993e-19,0.9999999999715822,1.3840258801103074e-26,0.9602101059382934,0.23000819955267082,0.0012993849826639405,0.16635942362332598,0.9999999999999997,0.0014658630632447538,0.9999999999999541,9.960751159770499e-05,3.843648489765261e-14,3.843648489765261e-14,3.209195062470194e-14,,0.0,9.572760819061336e-19,0.004567040150618456,0.0,,,,,0.13043478260869565,,2.3332883504384434e-21,1.0,1.0,0.0,0.0,1.0,0.4544873153722995,0.14156097535167125,1225,1.858909970496728,0.9023321960910587,205,721.2489168102785,0.6629677958830474,715.0,351.2237762237762,0.6644278231751686,682,986.6382352941176,846.0,585.0035688138154,340,0.4652856568234462,0.8173890317607586,0.42908333069536003,4,512.5
sym8,1.0,zero,8.864966995167232e-22,267.7706275121164,4963013.845875978,0.5545454545454546,72.16610045773545,206,smoothed,2.4044231546451676e-11,-2.5141422277735943e-11,6.193107010076101,36674.22942148428,0.9865204115180252,0.0001496656645132173,1.0,362.3999999999955,,,,[],[],11,426.5999999999415,32.19999999999675,728.399999999912,"[9, 31, 53, 64, 80, 102, 131, 148, 158, 175, 192]","[310.9999999999404, 417.79999999996954, 589.599999999957, 432.19999999985555, 728.399999999912, 370.9999999999228, 586.9999999999827, 32.19999999999675, 448.19999999995343, 367.99999999992883, 407.1999999999375]","[0, 0, 0, 60, 0, 94, 120, 144, 144, 165, 186]","[20, 40, 75, 75, 203, 120, 203, 149, 203, 186, 203]",30736475.839998536,728.3999999999355,-728.3999999999355,0.0,,,,DWT,mdp.39015067403892,1.4603137969970703e-06,,0.0,33.0,11.0,0.0,33.0,,6.446043698815629e-11,168.39999999994154,987.8000000006423,168.39999999994953,,0.0,168.39999999994154,,,27.99999999999676,0.0,15.0,8.799361239653081e-11,6.446043698815629e-11,,4.490630090003833e-12,5.277297185437435e-11,2.594416145287952e-21,0.7821456010639485,0.08477272132676388,0.06280223254214207,0.2848811883130903,0.06819562769795515,,0.9999996618847132,4.3450593155886844e-09,4.3450593155886844e-09,3.6261762809378693e-09,,4.839386317981797e-11,0.9999999956548977,5.871543317917718e-11,,,,,,3.1151047192948544e-11,1.0,0.0,9.909467844159187e-11,9.909467844159187e-11,0.8999999001965193,0.33832967714921725,630,0.6843055639930721,0.3473999437679557,834,0,0.24999997251602962,0.3557007784737935,630,0.0,0.183256767285239,0.32331453544728467,763,101.50985173863668,0.893595543250905,714.25,703.6975874080764,0.5724529078937963,674,sym,1.0,1.0,0.0,7,507.25,3.0361955854511645e-11,0.9999999999706148,6.273429680327061e-22,0.7742115275480208,0.7431925459999631,0.0001645175159003,0.23377990430622037,0.0006642193676220194,0.9999999997262502,2.0315811865956324e-05,4.6798342978604524e-11,4.6798342978604524e-11,3.905570311601991e-11,,4.839386317981797e-11,0.0031261328405384203,5.871543317917718e-11,,,,,0.0,,1.4454102543318423e-11,1.0,0.0,8.073187676982773e-11,8.073187676982773e-11,1.0,0.3015691612966992,0.08604450844703919,1294,1.6299830976470744,0.7535169863333843,1191,72.8319984622144,0.9618280930491538,1242.5,1240.3653923541247,0.6553113211577006,591,0.7763846615972358,0.5622554397616224,0.28785410495344815,6,444.75,,,,,,,,,,,,,2.0386164942216434e-16,0.9999999999716805,6.273429680327061e-22,0.8362220336334519,0.229747435320365,0.0012998992076489646,0.17685883322468382,1.0,0.0006642193676220194,0.9999999999999546,9.960751159766087e-05,3.790392479052773e-14,3.790392479052773e-14,3.1632791004654326e-14,,0.0,3.781240523529228e-17,0.004567040150621439,5.459895686917406e-16,,,,,0.13043478260869565,,4.57324516685935e-19,1.0,0.7209302325581395,2.705140469008174e-16,2.705140469008174e-16,1.0,0.4265803386281149,0.13286867808967387,1335,1.7882661084724867,0.8680410081516804,844,347.18942956259485,0.8377619488025257,1089.5,1034.1808168884809,0.6643248996349077,683,1409.1368421052632,1454.5,398.32527672708756,380,0.6645304607900322,0.5565550872278735,0.3678621512786154,7,514.0
db13,1.0,periodic,6.848047906317423e-27,318.89173084408367,5295083.7586433375,0.5391304347826087,103.40667269668205,206,smoothed,5.610183299581567e-14,-2.0825108304478644e-10,6.345827767373018,32500.720534658372,0.9796886513337748,0.00014966566451320274,1.0,362.4,,,,[],[],11,426.59999999999997,32.19999999999993,728.4,"[9, 31, 53, 64, 80, 102, 131, 148, 158, 175, 192]","[311.0, 417.80000000000007, 589.6000000000001, 432.20000000000005, 728.4, 370.9999999999999, 586.9999999999999, 32.19999999999993, 448.20000000000016, 367.9999999999999, 407.19999999999993]","[1, 1, 1, 60, 1, 94, 120, 144, 144, 165, 186]","[20, 40, 75, 75, 203, 120, 203, 149, 203, 186, 203]",30736475.84,728.4,-728.4,0.0,,,,DWT,mdp.39015067403892,3.725290298461914e-09,,0.0,33.0,11.0,0.0,33.0,,0.0,168.40000000000003,987.7999999999993,168.4,,0.0,168.40000000000003,,,27.999999999999943,0.0,33.0,0.0,0.0,,0.0,7.441094813221969e-14,1.525360600066146e-26,0.9763757800153156,0.3050577619661491,0.20531165380610394,0.1789956737581999,0.03358541350971689,,0.9999996646602125,4.4059199552998455e-09,4.4059199552998455e-09,3.6786974161203912e-09,,0.0,0.9999999955940747,0.0,,,,,,7.946695712486874e-14,1.0,1.0,0.0,0.0,0.999999900942302,0.3759218679481879,285,0.9260426108025048,0.4701220738909234,249,0,0.3333333060620753,0.4742677179691334,285,0.0,0.24276089757936573,0.4282959259205516,253,19.697715603592208,0.9793524993673037,268.0,266.91263045223445,0.8492150337507378,83,db,0.573477938514061,0.8443824841957417,0.34525069778143475,3,63.0,5.2537794814224e-14,0.9999999999705138,4.049254673646618e-27,0.9628599720940887,0.7959499064622526,0.0005378369828954251,0.14688787185354707,0.00032711894993551127,0.9999999997234904,2.0315811922300142e-05,4.745387416349445e-11,4.745387416349445e-11,3.962136174706643e-11,,0.0,0.0031261328403482946,0.0,,,,,0.0,,3.687271056968986e-14,1.0,1.0,0.0,0.0,1.0,0.401569161204128,0.11457677215643479,1233,1.7348458511809863,0.8019934804366393,392,594.6768029778865,0.6883245267411496,812.5,594.8750769230769,0.6312429761588347,742,0.49117026184683504,0.8233619396015222,0.4091722348267588,4,557.5,,,,,,,,,,,,,3.527586153920125e-19,0.9999999999715831,4.049254673646618e-27,0.9730601027803991,0.24605662507976234,0.0013871970069041044,0.11112339919879069,1.0,0.0003271189499355117,0.9999999999999541,9.960751159770347e-05,3.8434858594393884e-14,3.8434858594393884e-14,3.209086642252945e-14,,0.0,0.0,0.004567040150618464,0.0,,,,,0.13043478260869565,,1.1666441752192217e-21,1.0,1.0,0.0,0.0,1.0,0.4544873153722995,0.14156097535167125,1234,1.8521381799625196,0.8990451059569582,255,692.25753878163,0.6765151687936308,744.5,422.65950302216254,0.6643089862659743,684,1009.0473684210526,935.5,610.6543869996938,760,0.4758535102197843,0.8532293215616218,0.41093374637766444,5,514.25
bior2.4,1.0,zero,3.355936832310024e-27,324.21365469202436,6237845.809471251,0.6121495327102804,243.48080032707145,206,raw,3.527706713585642e-14,-2.1356161283847815e-10,6.209847881639278,69667.99671129849,0.8386449415423208,5.618943883690066e-06,0.9999999999999998,327.0,,,,[],[],13,661.1538461538462,87.00000000000003,940.0000000000001,"[8, 32, 51, 63, 81, 100, 111, 133, 152, 162, 175, 192, 204]","[878.0, 638.0, 787.0, 792.0, 940.0000000000001, 788.0, 637.0000000000001, 675.0, 771.0, 196.0, 834.0000000000002, 572.0000000000001, 87.00000000000003]","[0, 13, 39, 39, 76, 99, 107, 107, 107, 161, 99, 187, 203]","[76, 39, 61, 76, 205, 164, 119, 142, 164, 164, 205, 205, 205]",37754613.0,941.0000000000001,-941.0000000000001,0.0,,,,DWT,mdp.39015067403892,0.0,,0.0,33.0,19.0,0.0,28.5,,1.1368683772161603e-13,256.3413461538462,4359.0,256.34134615384613,,0.0,256.3413461538462,,,84.00000000000003,0.0,19.5,1.1368683772161603e-13,1.1368683772161603e-13,,0.0,2.6225341864181696e-14,1.5780056437893857e-27,0.9824990759175547,0.7489756773250278,0.0005648127228528745,0.4125500667556743,0.0009657583420228953,0.9999999997234105,0.4742280246116333,6.6959667625959335e-09,6.6959667625959335e-09,6.0819563246244724e-09,,0.0,0.9999999933040264,1.3612963731558036e-13,,,,,,0.0,1.0,0.0,1.4238426238064856e-13,1.4238426238064856e-13,0.7422684098777951,0.2426715936821497,906,1.529676020502924,0.734708572902467,566,0,0.20618566978249747,0.24635434483000931,900,0.0,0.39319442384832115,0.7141773925362801,585,189.2571002631077,0.80161729532169,739.25,702.8579923518367,0.5133610585623125,835,bior,0.672619891330026,0.76736776154697,0.2989557476048908,5,627.5,2.622534186418169e-14,0.0001547883299646835,1.578005643789385e-27,0.9824990759175547,0.7489756773250278,0.0015977084520847353,0.5584849975405806,0.0033291742140238493,0.9999999997234104,0.9919828214562021,0.9855281704452468,0.9855281704452468,0.9855281704451341,,0.0,0.9999999999667601,7.585973278963461e-14,,,,,1.0,,0.0,1.0,0.25,1.4238426238064856e-13,1.4238426238064856e-13,0.0,2.209570199821024,0.6304403968407599,902,1.5895582435292923,0.7348291764464174,1338,308.2985565973347,0.83841794727603,1120.0,1077.567857142857,0.6257079254199857,760,0.5943810304597339,0.7715092316736338,0.3524805091760961,5,571.25,,,,,,,,,,,,,1.7608685931534861e-19,0.03641360043841643,1.578005643789385e-27,0.9873055266080165,0.2315352083506593,0.0016350395517846976,0.42250425814674847,0.9999999999999998,0.0033291742140238493,0.9999999999999541,0.0008499884728391225,0.0007982210227401261,0.0007982210227401261,0.0007982210227337869,,0.0,0.0,0.020163910573049823,7.054128794466933e-19,,,,,0.4782608695652174,,0.0,1.0,0.7906976744186046,4.770970844811595e-19,4.770970844811595e-19,0.9302325581395349,0.5674759776446953,0.17675400427451057,889,1.6902258929918474,0.8204513753324822,1343,321.02647865869255,0.8499876267950035,1116.0,1069.8270609318995,0.6642461498460999,685,1104.4,1082.5,563.6960149978129,300,0.520820561188399,0.7876173146100969,0.3991404127850916,6,515.25
sym8,1.0,smooth,8.864966995167232e-22,267.7706275121164,4963013.845875978,0.5545454545454546,72.16610045773545,206,smoothed,2.4044231546451676e-11,-2.5141422277735943e-11,6.193107010076101,36674.22942148428,0.9865204115180252,0.0001496656645132173,1.0,362.3999999999955,,,,[],[],11,426.5999999999415,32.19999999999675,728.399999999912,"[9, 31, 53, 64, 80, 102, 131, 148, 158, 175, 192]","[310.9999999999404, 417.79999999996954, 589.599999999957, 432.19999999985555, 728.399999999912, 370.9999999999228, 586.9999999999827, 32.19999999999675, 448.19999999995343, 367.99999999992883, 407.1999999999375]","[0, 0, 0, 60, 0, 94, 120, 144, 144, 165, 186]","[20, 40, 75, 75, 203, 120, 203, 149, 203, 186, 203]",30736475.839998536,728.3999999999355,-728.3999999999355,0.0,,,,DWT,mdp.39015067403892,1.4603137969970703e-06,,0.0,33.0,11.0,0.0,33.0,,6.446043698815629e-11,168.39999999994154,987.8000000006423,168.39999999994953,,0.0,168.39999999994154,,,27.99999999999676,0.0,15.0,8.799361239653081e-11,6.446043698815629e-11,,4.490630090003833e-12,5.277297185437435e-11,2.594416145287952e-21,0.7821456010639485,0.08477272132676388,0.06280223254214207,0.2848811883130903,0.06819562769795515,,0.9999996618847132,4.3450593155886844e-09,4.3450593155886844e-09,3.6261762809378693e-09,,4.839386317981797e-11,0.9999999956548977,5.871543317917718e-11,,,,,,3.1151047192948544e-11,1.0,0.0,9.909467844159187e-11,9.909467844159187e-11,0.8999999001965193,0.33832967714921725,631,0.6843055639930721,0.3473999437679557,833,0,0.24999997251602962,0.3557007784737935,631,0.0,0.183256767285239,0.32331453544728467,765,100.88937836396191,0.8942459346289707,715.0,704.5674838402193,0.5723850218218229,675,sym,1.0,1.0,0.0,7,508.0,3.0361955854511645e-11,0.9999999999706148,6.273429680327061e-22,0.7742115275480208,0.7431925459999631,0.0001645175159003,0.23377990430622037,0.0006642193676220194,0.9999999997262502,2.0315811865956324e-05,4.6798342978604524e-11,4.6798342978604524e-11,3.905570311601991e-11,,4.839386317981797e-11,0.0031261328405384203,5.871543317917718e-11,,,,,0.0,,1.4454102543318423e-11,1.0,0.0,8.073187676982773e-11,8.073187676982773e-11,1.0,0.3015691612966992,0.08604450844703919,1293,1.6299830976470744,0.7535169863333843,1190,72.8319984622144,0.9618280930491538,1241.5,1239.3636729762384,0.6555733756650381,588,0.7763846615972358,0.5622554397616224,0.28785410495344815,6,442.5,,,,,,,,,,,,,2.0386164942216434e-16,0.9999999999716805,6.273429680327061e-22,0.8362220336334519,0.229747435320365,0.0012998992076489646,0.17685883322468382,1.0,0.0006642193676220194,0.9999999999999546,9.960751159766087e-05,3.790392479052773e-14,3.790392479052773e-14,3.1632791004654326e-14,,0.0,3.781240523529228e-17,0.004567040150621439,5.459895686917406e-16,,,,,0.13043478260869565,,4.57324516685935e-19,1.0,0.7209302325581395,2.705140469008174e-16,2.705140469008174e-16,1.0,0.4265803386281149,0.13286867808967387,1336,1.7882661084724867,0.8680410081516804,845,347.18942956259485,0.8377619488025257,1090.5,1035.2315451627694,0.6640912547750947,686,1409.1368421052632,1454.5,398.32527672708756,380,0.6645304607900322,0.5565550872278735,0.3678621512786154,7,516.25
db17,1.0,periodic,1.186606105402194e-26,318.7287266828738,6425192.054349031,0.6050420168067226,311.07185043955985,206,raw,7.329627735389381e-14,-1.9850243671016e-10,6.606019549485989,61586.725732546576,0.7435127315699083,5.618943883690066e-06,1.0,327.0000000000001,,,,[],[],13,661.153846153846,87.0000000000002,939.9999999999998,"[8, 32, 51, 63, 81, 100, 111, 133, 152, 162, 175, 192, 204]","[877.9999999999997, 637.9999999999999, 786.9999999999998, 791.9999999999998, 939.9999999999998, 788.0, 636.9999999999999, 674.9999999999998, 771.0, 196.0000000000001, 834.0000000000001, 571.9999999999999, 87.0000000000002]","[0, 13, 39, 39, 76, 99, 107, 107, 107, 161, 99, 187, 203]","[76, 39, 61, 76, 205, 164, 119, 142, 164, 164, 205, 205, 205]",37754613.0,940.9999999999998,-940.9999999999998,0.0,,,,DWT,mdp.39015067403892,0.0,,0.0,33.0,19.0,0.0,28.5,,2.2737367544323206e-13,256.34134615384596,4359.000000000002,256.3413461538461,,0.0,256.34134615384596,,,84.0000000000002,0.0,19.5,2.2737367544323206e-13,2.2737367544323206e-13,,1.1368683772161603e-13,7.426327356469371e-14,7.60033305009844e-27,0.9622584498368891,0.8858331147518212,0.0007756489170439333,0.3592436974789912,0.0003114744241657828,0.9999999997236374,0.4742280246118314,6.695790689632508e-09,6.695790689632508e-09,6.081912306383589e-09,,5.718550876340534e-12,0.9999999933041348,2.7225927463116073e-13,,,,,,0.0,1.0,0.0,2.847685247612971e-13,2.847685247612971e-13,0.7422684098807741,0.24267159368312363,729,1.5644815203873064,0.7514257723659221,473,0,0.20618566978300168,0.24635434483061175,733,0.0,0.40105279814157785,0.7284509247176449,505,140.33768797677504,0.852895505265435,610.0,585.6205399714631,0.6067412536809356,512,db,0.540986235965534,0.9305070477545101,0.3421575204977732,3,384.75,7.426327356469371e-14,0.0001547883299646835,7.60033305009844e-27,0.9622584498368891,0.8858331147518212,0.0018083267514014494,0.5184210526315788,0.0026764381360022283,0.9999999997236373,0.9919828214562052,0.9855281704452442,0.9855281704452442,0.9855281704451335,,1.2251610931599486e-12,0.9999999999667607,1.5171946557926922e-13,,,,,1.0,,0.0,1.0,0.25,2.847685247612971e-13,2.847685247612971e-13,0.0,2.209570199821731,0.6304403968409616,732,1.629661223349244,0.7533681886242366,1194,326.683332908185,0.828782320278729,963.0,907.5887850467288,0.6620326695733267,550,0.49117026184683504,0.8233619396015222,0.4091722348267588,4,413.5,,,,,,,,,,,,,4.986316926660777e-19,0.03641360043841643,7.60033305009844e-27,0.9726237824893829,0.27384274416026183,0.0016842909721866493,0.3921951408083189,1.0,0.0026764381360022283,0.9999999999999541,0.0008499884728391248,0.000798221022740124,0.000798221022740124,0.0007982210227337863,,0.0,9.572760819061336e-19,0.02016391057304983,1.4108257588933865e-18,,,,,0.4782608695652174,,0.0,1.0,0.7906976744186046,9.54194168962319e-19,9.54194168962319e-19,0.9302325581395349,0.5674759776446953,0.17675400427451057,891,1.6902104987690891,0.8204439028335183,1344,320.319371877506,0.8503180505245299,1117.5,1071.5919463087248,0.6640608944211435,687,1009.0473684210526,935.5,610.6543869996938,760,0.4758535102197843,0.8532293215616218,0.41093374637766444,5,516.5
sym13,1.0,periodic,1.0118525915933893e-22,277.196226258927,5360403.119199735,0.5260869565217391,97.26059021381839,206,smoothed,8.303637173757348e-12,-1.1573202396424475e-10,6.357468902644996,32150.366606689637,0.9801385507109506,0.0001496656645132276,0.9999999999999997,362.3999999999987,,,,[],[],11,426.5999999999724,32.199999999993906,728.3999999999517,"[9, 31, 53, 64, 80, 102, 131, 148, 158, 175, 192]","[310.99999999997067, 417.79999999997483, 589.5999999999686, 432.1999999999551, 728.3999999999517, 370.9999999999681, 586.9999999999874, 32.199999999993906, 448.1999999999787, 367.9999999999734, 407.19999999997367]","[1, 1, 1, 60, 1, 94, 120, 144, 144, 165, 186]","[20, 40, 75, 75, 205, 120, 205, 149, 205, 186, 205]",30736475.839999408,728.3999999999667,-728.3999999999667,0.0,,,,DWT,mdp.39015067403892,5.885958671569824e-07,,0.0,15.0,11.0,0.0,33.0,,3.3310243452433497e-11,168.39999999997247,987.8000000003021,168.39999999997676,,0.0,168.39999999997247,,,27.999999999993918,0.0,33.0,4.831690603168681e-11,3.3310243452433497e-11,,1.2505552149377763e-12,1.8193090839949862e-11,2.9612395645413184e-22,0.8179573424387088,0.32184898276589,0.23334377569468245,0.08940023836560029,0.030679986729157036,,0.9999996594065889,4.37723442540683e-09,4.37723442540683e-09,3.6545069383167297e-09,,1.3476772024759434e-11,0.9999999956227226,3.2240386435594706e-11,,,,,,1.2555779225729262e-11,0.0,1.0,5.1207655702621546e-11,5.1207655702621546e-11,0.8999998994056503,0.33832967685191223,635,0.8164028747368723,0.4144615033094458,458,0,0.24999997229991458,0.3557007781663043,635,0.0,0.21331861800174742,0.37635177627105876,460,101.61692772368194,0.89348330427287,547.0,532.8413107767677,0.6600540211091814,419,sym,1.0,1.0,0.0,7,316.0,1.0473441783216793e-11,0.9999999999706863,7.160459259440541e-23,0.808994120774824,0.7999713347252094,0.0006112702809143886,0.07336384439359267,0.00029882035068508773,0.9999999997248848,2.031581181560771e-05,4.7144899095741266e-11,4.7144899095741266e-11,3.936084791433814e-11,,1.3476772024759434e-11,0.0031261328404378896,3.2240386435594706e-11,,,,,0.0,,5.825888270010998e-12,0.0,1.0,4.171858887753003e-11,4.171858887753003e-11,1.0,0.3015691612463178,0.08604450843266423,1305,1.6151528407499691,0.7466611787487609,1239,46.66904755831214,0.9755403314683899,1272.0,1271.1438679245284,0.6544368324008616,601,0.7763846615972358,0.5622554397616224,0.28785410495344815,6,452.25,,,,,,,,,,,,,7.032264743696734e-17,0.9999999999717494,7.160459259440541e-23,0.8614519416166961,0.2472997925936346,0.0014043688017764731,0.05550110886918874,0.9999999999999997,0.00029882035068508773,0.9999999999999544,9.960751159762281e-05,3.818473315320148e-14,3.818473315320148e-14,3.187988067976377e-14,,0.0,1.053003690096747e-17,0.004567040150619865,2.998004737648446e-16,,,,,0.13043478260869565,,1.8432977968463706e-19,0.7209302325581395,1.0,1.3978944575297972e-16,1.3978944575297972e-16,1.0,0.4265803386281142,0.13286867808967365,1347,1.763543217347179,0.8560402867628668,902,314.66251762801363,0.8529614403607413,1124.5,1080.4748777234327,0.6637470753205575,688,1409.1368421052632,1454.5,398.32527672708756,380,0.6645304607900322,0.5565550872278735,0.3678621512786154,7,517.75
db12,1.0,antisymmetric,7.742819132197162e-27,320.5828013234188,6343767.595147696,0.618421052631579,295.4225500828604,206,raw,5.982269695795748e-14,-2.1461876720252643e-10,6.462698827219381,100732.9837893068,0.860206675779698,5.618943883690066e-06,1.0,327.0000000000001,,,,[],[],13,661.1538461538462,87.0,940.0000000000001,"[8, 32, 51, 63, 81, 100, 111, 133, 152, 162, 175, 192, 204]","[878.0000000000001, 638.0, 787.0, 792.0000000000002, 940.0000000000001, 787.9999999999999, 636.9999999999999, 674.9999999999998, 771.0, 196.0000000000001, 834.0000000000002, 572.0000000000001, 87.0]","[0, 13, 42, 42, 76, 99, 107, 107, 107, 161, 164, 187, 203]","[76, 42, 61, 76, 205, 164, 119, 142, 164, 164, 205, 205, 205]",37754613.0,941.0000000000001,-941.0000000000001,0.0,,,,DWT,mdp.39015067403892,0.0,,0.0,33.0,19.0,0.0,28.5,,1.1368683772161603e-13,256.3413461538462,4359.0,256.34134615384613,,0.0,256.3413461538462,,,84.0,0.0,28.5,1.1368683772161603e-13,1.1368683772161603e-13,,1.1368683772161603e-13,5.723917098314464e-14,4.682454041317929e-27,0.969100405002446,0.836322994843008,0.0006840152517773885,0.45958646616541377,0.003480872797041323,0.9999999997233945,0.4742280246116003,6.6959667625959335e-09,6.6959667625959335e-09,6.0819563246244724e-09,,5.718550876340534e-12,0.9999999933040264,1.3612963731558036e-13,,,,,,0.0,1.0,1.0,1.4238426238064856e-13,1.4238426238064856e-13,0.8422684098806444,0.27536483381734783,142,1.5851906835232172,0.7613724535517767,411,0,0.2895190031163047,0.34592250957010584,140,0.0,0.40864684422289227,0.7422443452246602,425,160.03020548217347,0.8322534533729837,279.5,210.84655992293636,0.7696382570848147,208,db,0.540986235965534,0.9305070477545101,0.3421575204977732,3,156.75,5.723917098314464e-14,0.0001547883299646835,4.682454041317929e-27,0.969100405002446,0.8363229948430081,0.0017167877876450301,0.5938365650969533,0.005838338661349824,0.9999999997233944,0.9919828214562016,0.9855281704452468,0.9855281704452468,0.9855281704451341,,1.2251610931599486e-12,0.9999999999667601,7.585973278963461e-14,,,,,1.0,,0.0,1.0,0.75,1.4238426238064856e-13,1.4238426238064856e-13,0.0,2.2595701998216366,0.6447065287088388,138,1.6403965322084797,0.7583309625270128,1151,716.2991693419726,0.6245811481436202,644.5,246.45151280062066,0.6433964440927744,685,0.49117026184683504,0.8233619396015222,0.4091722348267588,4,514.75,,,,,,,,,,,,,3.843254322645098e-19,0.03641360043841643,4.682454041317929e-27,0.9775866643000313,0.25853739276421306,0.001662885310846905,0.44924837462347544,1.0,0.005838338661349824,0.9999999999999541,0.0008499884728391221,0.0007982210227401261,0.0007982210227401261,0.0007982210227337869,,0.0,9.572760819061336e-19,0.020163910573049823,7.054128794466933e-19,,,,,0.4782608695652174,,0.0,1.0,0.9302325581395349,4.770970844811595e-19,4.770970844811595e-19,0.9302325581395349,0.5814294660167882,0.18110015290550946,137,1.7096109030629856,0.8298610395907591,1216,762.9682169002848,0.6434727958409885,676.5,246.25572801182557,0.6636756502569429,689,1009.0473684210526,935.5,610.6543869996938,760,0.4758535102197843,0.8532293215616218,0.41093374637766444,5,518.0
db15,1.0,periodic,6.0709435655761936e-27,319.4148367847918,5307766.54157041,0.5384615384615384,115.68573755577995,206,smoothed,5.477279902556052e-14,-1.9940566975407166e-10,6.3626637769465,32268.634366776736,0.9799805111473252,0.00014966566451320263,1.0,362.40000000000003,,,,[],[],11,426.59999999999997,32.200000000000074,728.3999999999999,"[9, 31, 53, 64, 80, 102, 131, 148, 158, 175, 192]","[311.00000000000006, 417.7999999999999, 589.6000000000001, 432.19999999999993, 728.3999999999999, 370.99999999999994, 587.0, 32.200000000000074, 448.19999999999993, 368.0000000000001, 407.1999999999998]","[1, 1, 1, 60, 1, 94, 120, 144, 144, 165, 186]","[20, 40, 75, 75, 203, 120, 203, 149, 203, 186, 203]",30736475.839999996,728.3999999999999,-728.3999999999999,0.0,,,,DWT,mdp.39015067403892,0.0,,0.0,33.0,11.0,0.0,33.0,,1.1368683772161603e-13,168.40000000000003,987.7999999999993,168.4,,0.0,168.40000000000003,,,28.000000000000085,0.0,33.0,1.1368683772161603e-13,1.1368683772161603e-13,,5.684341886080802e-14,7.149124666050935e-14,1.2979332706716277e-26,0.9783632754692866,0.32934209055868713,0.21075453190334306,0.1744010360457588,0.031660761568549016,,0.9999996647841187,4.4059199552998455e-09,4.4059199552998455e-09,3.6786974161203912e-09,,6.125805465799743e-13,0.9999999955940747,7.585973278963461e-14,,,,,,0.0,1.0,1.0,1.7477015598164352e-13,1.7477015598164352e-13,0.9999999009798483,0.37592186796230237,99,0.9394909955583315,0.4769493866496888,239,0,0.3333333060724807,0.4742677179839383,99,0.0,0.2463602422208138,0.4346461440211095,246,82.89903497628907,0.9131037369221289,170.75,140.59180087317256,0.8670602542052992,66,db,0.573477938514061,0.8443824841957417,0.34525069778143475,3,50.25,5.0858537335580005e-14,0.9999999999705129,3.499324185338634e-27,0.964790351440688,0.8017659031973126,0.0005520952146120295,0.14311740890688265,0.00030837301066625024,0.9999999997236237,2.0315811924853655e-05,4.745387416349445e-11,4.745387416349445e-11,3.962136174706643e-11,,6.125805465799743e-13,0.0031261328403482946,7.585973278963461e-14,,,,,0.0,,0.0,1.0,1.0,1.4238426238064856e-13,1.4238426238064856e-13,1.0,0.4015691612045115,0.11457677215654422,1162,1.7374035227180131,0.8031758540154776,371,559.3214639185591,0.7068545786590361,766.5,562.4292237442922,0.6525625094553043,622,0.49117026184683504,0.8233619396015222,0.4091722348267588,4,467.5,,,,,,,,,,,,,3.414834458660019e-19,0.9999999999715824,3.499324185338634e-27,0.9744603230851326,0.2478545579854453,0.0013905311814119278,0.10827097405368283,1.0,0.0003083730106662507,0.9999999999999541,9.960751159770543e-05,3.8434858594393884e-14,3.8434858594393884e-14,3.209086642252945e-14,,0.0,4.786380409530668e-19,0.004567040150618464,7.054128794466933e-19,,,,,0.13043478260869565,,0.0,1.0,1.0,4.770970844811595e-19,4.770970844811595e-19,1.0,0.4544873153722995,0.14156097535167125,1237,1.8527304772517044,0.8993326125722173,254,695.0859659063763,0.6751934738755251,745.5,421.45942320590206,0.6634144939471083,690,1009.0473684210526,935.5,610.6543869996938,760,0.4758535102197843,0.8532293215616218,0.41093374637766444,5,518.75
db22,1.0,zero,1.083763151661342e-26,316.8980549348764,4962283.033683302,0.5604838709677419,53.97200435478779,206,smoothed,6.965733276055933e-14,-2.007045640795017e-10,6.194019089875564,42853.375837669104,0.9895583230176146,0.00014966566451320284,1.0,362.4,,,,[],[],11,426.59999999999997,32.200000000000045,728.4,"[9, 31, 53, 64, 80, 102, 131, 148, 158, 175, 192]","[311.0000000000001, 417.8000000000002, 589.5999999999999, 432.1999999999997, 728.4, 371.0, 586.9999999999999, 32.200000000000045, 448.1999999999999, 368.0, 407.20000000000016]","[1, 1, 1, 60, 1, 94, 120, 144, 144, 165, 186]","[20, 40, 75, 75, 203, 120, 203, 149, 203, 186, 203]",30736475.839999992,728.4,-728.4,0.0,,,,DWT,mdp.39015067403892,3.725290298461914e-09,,0.0,33.0,11.0,0.0,33.0,,0.0,168.40000000000003,987.7999999999993,168.39999999999998,,0.0,168.40000000000003,,,28.000000000000057,0.0,33.0,0.0,0.0,,0.0,1.0419048236436057e-13,2.692952001010201e-26,0.9688009820673572,0.0860883089341535,0.062488600928356515,0.3256720720218905,0.11943825992038001,,0.9999996647593375,4.4059199552998455e-09,4.4059199552998455e-09,3.67866784340914e-09,,0.0,0.9999999955940747,0.0,,,,,,7.946695712486874e-14,1.0,1.0,0.0,0.0,0.9999999009720306,0.37592186795936355,140,0.8336131769486088,0.42319862066634534,402,0,0.3333333060703333,0.47426771798088296,143,0.0,0.22321260341032031,0.3938074443125883,379,144.07174138833287,0.8489814031568838,266.0,207.6633081847453,0.785077703674878,175,db,0.573477938514061,0.8443824841957417,0.34525069778143475,3,132.0,6.966540393946894e-14,0.9999999999705145,6.872548210860551e-27,0.9555028566429884,0.7435076238165108,0.0001636959225919223,0.2672538200339557,0.0011633180623479764,0.9999999997236041,2.0315811924354055e-05,4.745387416349445e-11,4.745387416349445e-11,3.962102868015904e-11,,0.0,0.0031261328403482946,0.0,,,,,0.0,,3.687271056968986e-14,1.0,1.0,0.0,0.0,1.0,0.40156916120412856,0.11457677215643494,1231,1.7525042289744828,0.8101566863236814,226,710.6423150924803,0.627545956450482,728.5,381.8888126286891,0.6228662696298531,773,0.49117026184683504,0.8233619396015222,0.4091722348267588,4,580.75,,,,,,,,,,,,,4.677598578568223e-19,0.9999999999715838,6.872548210860551e-27,0.9677235442137904,0.22984483715878196,0.001299707084563926,0.20218247127063857,1.0,0.0011633180623479764,0.9999999999999541,9.960751159770499e-05,3.8434858594393884e-14,3.8434858594393884e-14,3.2090649582094954e-14,,0.0,0.0,0.004567040150618464,0.0,,,,,0.13043478260869565,,1.1666441752192217e-21,1.0,1.0,0.0,0.0,1.0,0.4544873153722995,0.14156097535167125,1210,1.8775447143745987,0.9113776741581974,94,789.131167804187,0.6312471178485107,652.0,174.4478527607362,0.6632871103261245,691,1009.0473684210526,935.5,610.6543869996938,760,0.4758535102197843,0.8532293215616218,0.41093374637766444,5,519.5
coif16,1.0,smooth,3.0201838451292295e-26,312.44706494038616,4960973.700451256,0.56,30.274611198316975,206,smoothed,1.2226681371774832e-13,-2.2200532523442066e-10,6.195653856662087,47043.897457777784,0.9922146226429674,0.00014966566451320255,1.0,362.40000000000003,,,,[],[],11,426.6000000000003,32.200000000000074,728.4000000000003,"[9, 31, 53, 64, 80, 102, 131, 148, 158, 175, 192]","[311.00000000000006, 417.8000000000002, 589.6000000000003, 432.2000000000004, 728.4000000000003, 371.00000000000017, 587.0000000000006, 32.200000000000074, 448.2000000000003, 368.00000000000006, 407.20000000000044]","[1, 1, 1, 60, 1, 94, 120, 144, 144, 165, 186]","[20, 40, 75, 75, 203, 120, 203, 149, 203, 186, 203]",30736475.84000001,728.4000000000003,-728.4000000000003,0.0,,,,DWT,mdp.39015067403892,1.4901161193847656e-08,,0.0,33.0,11.0,0.0,33.0,,3.410605131648481e-13,168.40000000000038,987.7999999999956,168.40000000000026,,0.0,168.40000000000038,,,28.000000000000085,0.0,33.0,3.410605131648481e-13,3.410605131648481e-13,,5.684341886080802e-14,2.1976614289253586e-13,8.360080130543211e-26,0.9518898333089543,0.08844630318705701,0.06192669419135175,0.32234837038635933,0.1541895578726191,,0.9999996647841187,4.406274827834604e-09,4.406274827834604e-09,3.6789635705216543e-09,,6.125805465799743e-13,0.9999999955937305,2.275791983689038e-13,,,,,,3.1786782849947497e-13,1.0,1.0,5.243104679449306e-13,5.243104679449306e-13,0.9999999009803436,0.3759218679624886,85,0.8369355699782343,0.4248852928379581,387,0,0.33333330607263073,0.47426771798415174,87,0.0,0.22554296556379452,0.3979188338576288,353,164.5559681891443,0.8275094673069766,228.0,139.49044494962132,0.7942578783075764,154,coif,0.5556920286951962,0.9053407607371553,0.33941335169221604,4,116.5,1.3613839584348889e-13,0.9999999999705125,2.0575943259622527e-26,0.9390776959085244,0.744072353733746,0.00016222394465741758,0.26452631578947416,0.0015017926233875066,0.999999999723283,2.0315811924853655e-05,4.7457704432929404e-11,4.7457704432929404e-11,3.9624192815779224e-11,,6.125805465799743e-13,0.00312613284034724,2.275791983689038e-13,,,,,0.0,,1.4749084227875944e-13,1.0,1.0,4.2715278714194565e-13,4.2715278714194565e-13,1.0,0.40156916120477765,0.11457677215662014,1118,1.7419751496299685,0.8052892492637534,315,567.8067452927977,0.7024073661987433,716.5,491.51430565247733,0.6634416285920341,540,0.4784248188775415,0.776734912893196,0.43208215291776214,2,405.5,,,,,,,,,,,,,9.140846544712017e-19,0.9999999999715818,2.0575943259622527e-26,0.9558093867144242,0.23001941540345328,0.0012993628741875727,0.2001190637261538,1.0,0.0015017926233875066,0.9999999999999541,9.960751159770543e-05,3.843800278069409e-14,3.843800278069409e-14,3.209325166730892e-14,,0.0,4.786380409530668e-19,0.004567040150618447,2.11623863834008e-18,,,,,0.13043478260869565,,4.666576700876887e-21,1.0,1.0,1.4312912534434783e-18,1.4312912534434783e-18,1.0,0.4544873153722995,0.14156097535167125,1214,1.8697933636987476,0.9076150964169291,114,777.8174593052023,0.6365338975209335,664.0,208.42771084337352,0.6631267618445789,692,986.6382352941176,846.0,585.0035688138154,340,0.4652856568234462,0.8173890317607586,0.42908333069536003,4,520.0
coif2,1.0,periodization,7.19795188105415e-27,320.8997030782499,6015939.511401918,0.6213592233009708,287.7409894220286,206,raw,5.483407680658877e-14,-2.1342716483019607e-10,6.2757633996226625,63117.30860590066,0.7772298826731696,5.618943883690064e-06,0.9999999999999998,327.0,,,,[],[],13,661.1538461538462,87.00000000000003,940.0000000000001,"[8, 32, 51, 63, 81, 100, 111, 133, 152, 162, 175, 192, 204]","[878.0000000000001, 637.9999999999999, 786.9999999999999, 792.0000000000003, 940.0000000000001, 788.0, 637.0000000000001, 675.0000000000001, 771.0, 196.0, 834.0000000000005, 572.0, 87.00000000000003]","[0, 13, 42, 42, 76, 99, 107, 107, 107, 161, 99, 187, 203]","[76, 42, 61, 76, 205, 164, 119, 142, 164, 164, 205, 205, 205]",37754613.0,941.0000000000001,-941.0000000000001,0.0,,,,DWT,mdp.39015067403892,0.0,,0.0,33.0,19.0,0.0,28.5,,1.1368683772161603e-13,256.3413461538462,4359.0,256.3413461538462,,0.0,256.3413461538462,,,84.00000000000003,0.0,24.0,1.1368683772161603e-13,1.1368683772161603e-13,,0.0,5.093596287500897e-14,4.296869895438241e-27,0.9702698442208172,0.7717461821592003,0.0003150832479840988,0.48162274618585255,0.00043539500072065665,0.9999999997234125,0.4742280246116333,6.6959667625959335e-09,6.6959667625959335e-09,6.082000342865356e-09,,0.0,0.9999999933040264,1.3612963731558036e-13,,,,,,0.0,1.0,0.5,1.4238426238064856e-13,1.4238426238064856e-13,0.7922684098778083,0.2590182137492873,520,1.5610157956000923,0.7497611730139302,485,0,0.24785233644916782,0.2961384271997789,519,0.0,0.4030486563172547,0.7320760951201809,492,18.12916618784953,0.9809966811448119,504.0,503.5097656769969,0.7263473971761796,292,coif,0.5507900112560971,0.8749445204262634,0.351963635992853,2,219.5,5.093596287500896e-14,0.0001547883299646835,4.2968698954382404e-27,0.9702698442208172,0.7717461821592004,0.0013482370674966892,0.6103985692386303,0.0028000655535788763,0.9999999997234124,0.9919828214562021,0.9855281704452468,0.9855281704452468,0.9855281704451347,,0.0,0.9999999999667601,7.585973278963461e-14,,,,,1.0,,0.0,1.0,0.5,1.4238426238064856e-13,1.4238426238064856e-13,0.0,2.234570199821024,0.6375734627747119,524,1.614035006451092,0.74614442054843,1242,507.70266889194113,0.7339084544591503,883.0,737.0419026047566,0.6355600972505395,725,0.4784248188775415,0.776734912893196,0.43208215291776214,2,544.25,,,,,,,,,,,,,3.420033102071208e-19,0.036413600438416426,4.2968698954382404e-27,0.9784349289385852,0.23857438697907543,0.0015767026452553807,0.46177783791097265,0.9999999999999998,0.0028000655535788763,0.9999999999999541,0.0008499884728391225,0.0007982210227401261,0.0007982210227401261,0.0007982210227337874,,0.0,0.0,0.020163910573049823,7.054128794466933e-19,,,,,0.4782608695652174,,0.0,1.0,0.8604651162790697,4.770970844811595e-19,4.770970844811595e-19,0.9302325581395349,0.5744527218307418,0.17892707859001003,346,1.7038917436926435,0.8270849064179101,1254,642.0529573173851,0.699975253590007,800.0,542.355,0.6630717389445362,693,986.6382352941176,846.0,585.0035688138154,340,0.4652856568234462,0.8173890317607586,0.42908333069536003,4,520.75
sym13,1.0,reflect,1.036551301423992e-22,277.0914907300257,5415351.855930634,0.5260869565217391,105.31936356850748,206,smoothed,8.367839323287201e-12,-1.2172820529348225e-10,6.37958686875744,31326.169708297977,0.9798089900657058,0.0001496656645132273,1.0,362.3999999999987,,,,[],[],11,426.59999999997217,32.199999999993906,728.3999999999489,"[9, 31, 53, 64, 80, 102, 131, 148, 158, 175, 192]","[310.9999999999709, 417.79999999997483, 589.5999999999686, 432.1999999999551, 728.3999999999489, 370.9999999999681, 586.9999999999874, 32.199999999993906, 448.1999999999787, 367.9999999999734, 407.19999999997367]","[1, 1, 1, 60, 1, 94, 120, 144, 144, 165, 186]","[20, 40, 75, 75, 205, 120, 205, 149, 205, 186, 205]",30736475.839999415,728.3999999999667,-728.3999999999667,0.0,,,,DWT,mdp.39015067403892,5.811452865600586e-07,,0.0,15.0,11.0,0.0,33.0,,3.3310243452433497e-11,168.39999999997224,987.8000000003049,168.39999999997679,,0.0,168.39999999997224,,,27.999999999993918,0.0,33.0,5.10453901370056e-11,3.3310243452433497e-11,,1.2505552149377763e-12,1.8334133969519598e-11,3.033522800160698e-22,0.8175594089201584,0.35375202692424046,0.25692529383177487,0.08940023836560029,0.02384505910346994,,0.9999996594065889,4.37699784371699e-09,4.37699784371699e-09,3.6545365110279812e-09,,1.3476772024759434e-11,0.9999999956229807,3.4061020022545936e-11,,,,,,1.2396845311479524e-11,0.0,1.0,5.1207655702621546e-11,5.1207655702621546e-11,0.8999998994064771,0.33832967685222304,634,0.8411724247232312,0.42703620783501905,363,0,0.24999997230003762,0.3557007781664794,634,0.0,0.2202117181662255,0.3885130705604039,399,146.80712970878946,0.8461141198021075,507.5,475.30433162263097,0.6570717349534647,427,sym,1.0,1.0,0.0,7,322.0,1.055456231298198e-11,0.9999999999706841,7.335243684718168e-23,0.8086076229622156,0.8076119824769638,0.0006730447215358904,0.07336384439359267,0.00023224876158873435,0.9999999997247945,2.031581181560771e-05,4.714234558278463e-11,4.714234558278463e-11,3.936106995894306e-11,,1.3476772024759434e-11,0.003126132840438667,3.4061020022545936e-11,,,,,0.0,,5.752142848871618e-12,0.0,1.0,4.171858887753003e-11,4.171858887753003e-11,1.0,0.30156916124719013,0.08604450843291314,1304,1.6187455245229407,0.7483220231178628,1223,57.27564927611035,0.9699813158930239,1263.5,1262.2018203403245,0.6538847879255476,607,0.7763846615972358,0.5622554397616224,0.28785410495344815,6,456.75,,,,,,,,,,,,,7.086732134003124e-17,0.9999999999717475,7.335243684718168e-23,0.8611715914948909,0.24966179048314513,0.0014188142652286774,0.05550110886918874,1.0,0.0002322487615887348,0.9999999999999544,9.960751159762281e-05,3.8182564748856507e-14,3.8182564748856507e-14,3.188020594041552e-14,,0.0,1.053003690096747e-17,0.004567040150619878,3.1673038287156527e-16,,,,,0.13043478260869565,,1.819964913341986e-19,0.7209302325581395,1.0,1.3978944575297972e-16,1.3978944575297972e-16,1.0,0.4265803386281142,0.13286867808967365,1348,1.7645366003149383,0.8565224840984473,893,321.7335854398791,0.849657203065477,1120.5,1074.3096831771531,0.6630295361121777,694,1409.1368421052632,1454.5,398.32527672708756,380,0.6645304607900322,0.5565550872278735,0.3678621512786154,7,522.25
coif10,1.0,antisymmetric,1.9232045927101268e-26,316.63153759413376,7243993.348074455,0.6098484848484849,293.63343906753477,206,raw,9.222396309410523e-14,-2.1424895191302374e-10,6.725527427909126,149439.64759880156,0.9024330991378411,5.618943883690066e-06,1.0,327.00000000000006,,,,[],[],13,661.1538461538463,87.00000000000014,939.9999999999999,"[8, 32, 51, 63, 81, 100, 111, 133, 152, 162, 175, 192, 204]","[878.0, 637.9999999999998, 787.0000000000002, 792.0, 939.9999999999999, 788.0000000000001, 637.0000000000002, 675.0000000000005, 771.0000000000001, 196.0, 834.0, 572.0000000000002, 87.00000000000014]","[0, 13, 42, 42, 76, 99, 107, 107, 107, 161, 99, 187, 203]","[76, 39, 61, 76, 205, 164, 119, 142, 164, 164, 205, 205, 205]",37754613.00000001,940.9999999999999,-940.9999999999999,0.0,,,,DWT,mdp.39015067403892,7.450580596923828e-09,,0.0,33.0,19.0,0.0,28.5,,1.1368683772161603e-13,256.3413461538463,4358.999999999998,256.34134615384625,,0.0,256.3413461538463,,,84.00000000000014,0.0,24.0,1.1368683772161603e-13,1.1368683772161603e-13,,5.684341886080802e-14,9.817873287125392e-14,1.2812991692897888e-26,0.9545193473190764,0.9271170916757635,0.0016971136022870515,0.39529220779220786,0.0074243102720147475,0.9999999997234001,0.4742280246117654,6.696054799077647e-09,6.696054799077647e-09,6.082044361106239e-09,,2.859275438170267e-12,0.9999999933039181,1.3612963731558036e-13,,,,,,7.374542113937972e-14,1.0,0.5,1.4238426238064856e-13,1.4238426238064856e-13,0.7922684098793262,0.25901821374978357,455,1.5982053181455496,0.7676234266350033,359,0,0.24785233644943255,0.2961384272000952,455,0.0,0.41075625879810596,0.7460757734182738,391,48.0,0.949685534591195,415.0,410.73393698913804,0.7573375262054507,227,coif,0.5507900112560971,0.8749445204262634,0.351963635992853,2,170.75,9.817873287125391e-14,0.0001547883299646835,1.2812991692897888e-26,0.9545193473190764,0.9271170916757636,0.0027288391218270175,0.5455143540669858,0.009772447144052544,0.9999999997233999,0.9919828214562042,0.9855281704452481,0.9855281704452481,0.9855281704451354,,6.125805465799743e-13,0.9999999999667596,7.585973278963461e-14,,,,,1.0,,7.374542113937972e-14,1.0,0.5,1.4238426238064856e-13,1.4238426238064856e-13,0.0,2.2345701998213685,0.6375734627748103,459,1.6597957306630353,0.7672989239603927,1053,420.0214280248092,0.7798629832155088,756.0,639.3214285714286,0.6918182840605847,389,0.4784248188775415,0.776734912893196,0.43208215291776214,2,292.25,,,,,,,,,,,,,6.592091272782009e-19,0.03641360043841643,1.2812991692897888e-26,0.9670101457164109,0.2866051001192267,0.0018995454960723092,0.4126917258090308,1.0,0.009772447144052546,0.9999999999999541,0.0008499884728391241,0.0007982210227401272,0.0007982210227401272,0.0007982210227337879,,0.0,4.786380409530668e-19,0.020163910573049813,7.054128794466933e-19,,,,,0.4782608695652174,,2.3332883504384434e-21,1.0,0.8604651162790697,4.770970844811595e-19,4.770970844811595e-19,0.9302325581395349,0.5744527218307418,0.17892707859001003,292,1.704368159550236,0.8273161631080441,1246,674.5798692519663,0.6847757620317914,769.0,473.1235370611183,0.662714983819634,695,986.6382352941176,846.0,585.0035688138154,340,0.4652856568234462,0.8173890317607586,0.42908333069536003,4,522.25
rbio2.2,1.0,symmetric,1.8333433791085916e-27,324.6149605975511,4877418.529050121,0.5333333333333333,135.31661701707952,206,smoothed,2.3213362192550856e-14,-2.0562036517901606e-10,6.253237894870552,31897.158480045357,0.9593038346246417,0.00014966566451320274,1.0,362.4,,,,[],[],11,426.59999999999997,32.20000000000002,728.4,"[9, 31, 53, 64, 80, 102, 131, 148, 158, 175, 192]","[311.00000000000006, 417.79999999999995, 589.6000000000001, 432.2000000000001, 728.4, 371.0, 587.0, 32.20000000000002, 448.19999999999993, 368.0, 407.19999999999993]","[1, 1, 1, 60, 1, 94, 120, 144, 144, 165, 186]","[20, 40, 75, 75, 203, 120, 203, 149, 203, 186, 203]",30736475.84,728.4,-728.4,0.0,,,,DWT,mdp.39015067403892,3.725290298461914e-09,,0.0,33.0,11.0,0.0,33.0,,0.0,168.40000000000003,987.7999999999993,168.40000000000003,,0.0,168.40000000000003,,,28.00000000000003,0.0,33.0,0.0,0.0,,0.0,2.1595845435522496e-15,5.775734715177716e-28,0.9981206929131685,0.17150575379120692,0.026068585214375946,0.13917548025037796,0.028580173901388964,,0.9999996647345563,4.4059199552998455e-09,4.4059199552998455e-09,3.6787269888316428e-09,,0.0,0.9999999955940747,0.0,,,,,,7.946695712486874e-14,1.0,1.0,0.0,0.0,0.9999999009646139,0.37592186795657545,189,0.7647618469114,0.3882450130357088,604,0,0.3333333060682731,0.4742677179779517,190,0.0,0.19477866943864586,0.3436422892180338,648,252.653088905189,0.7351644770385859,407.75,290.84558712605866,0.6538767877855403,439,rbio,0.7685897546424816,0.816051598246696,0.21717169227625407,5,330.5,1.0982641376765918e-14,0.9999999999705138,5.005176961414068e-28,0.9839799855601568,0.7639647502514758,6.828959272469422e-05,0.11421052631578965,0.0002783683599099293,0.99999999972353,2.0315811923854454e-05,4.745387416349445e-11,4.745387416349445e-11,3.962169481397382e-11,,0.0,0.0031261328403482946,0.0,,,,,0.0,,3.687271056968986e-14,1.0,1.0,0.0,0.0,1.0,0.4015691612041286,0.11457677215643496,1222,1.7182000690090433,0.794298382471838,561,467.39758236430794,0.7550327136455409,891.5,768.9758833426808,0.6438947635313659,682,0.3888041033402703,1.0,0.4278371276618108,3,512.25,,,,,,,,,,,,,7.374160600220076e-20,0.9999999999715831,5.005176961414068e-28,0.9883797194886542,0.23616886766440798,0.001277397070303331,0.08640238127452321,1.0,0.0002783683599099293,0.9999999999999541,9.960751159770467e-05,3.8434858594393884e-14,3.8434858594393884e-14,3.20911916831812e-14,,0.0,0.0,0.004567040150618464,0.0,,,,,0.13043478260869565,,1.1666441752192217e-21,1.0,1.0,0.0,0.0,1.0,0.4544873153722995,0.14156097535167125,1249,1.846423263905778,0.8962710325280133,304,668.2159082212875,0.6877495755975293,776.5,488.98390212491955,0.6624495541539048,696,818.67,599.5,715.6978453131971,300,0.38607403914171184,1.0,0.42974817260080167,3,522.75
db22,1.0,smooth,1.083763151661342e-26,316.8980549348764,4962283.033683302,0.5604838709677419,53.97200435478779,206,smoothed,6.965733276055933e-14,-2.007045640795017e-10,6.194019089875564,42853.375837669104,0.9895583230176146,0.00014966566451320284,1.0,362.4,,,,[],[],11,426.59999999999997,32.200000000000045,728.4,"[9, 31, 53, 64, 80, 102, 131, 148, 158, 175, 192]","[311.0000000000001, 417.8000000000002, 589.5999999999999, 432.1999999999997, 728.4, 371.0, 586.9999999999999, 32.200000000000045, 448.1999999999999, 368.0, 407.20000000000016]","[1, 1, 1, 60, 1, 94, 120, 144, 144, 165, 186]","[20, 40, 75, 75, 203, 120, 203, 149, 203, 186, 203]",30736475.839999992,728.4,-728.4,0.0,,,,DWT,mdp.39015067403892,3.725290298461914e-09,,0.0,33.0,11.0,0.0,33.0,,0.0,168.40000000000003,987.7999999999993,168.39999999999998,,0.0,168.40000000000003,,,28.000000000000057,0.0,33.0,0.0,0.0,,0.0,1.0419048236436057e-13,2.692952001010201e-26,0.9688009820673572,0.0860883089341535,0.062488600928356515,0.3256720720218905,0.11943825992038001,,0.9999996647593375,4.4059199552998455e-09,4.4059199552998455e-09,3.67866784340914e-09,,0.0,0.9999999955940747,0.0,,,,,,7.946695712486874e-14,1.0,1.0,0.0,0.0,0.9999999009720306,0.37592186795936355,142,0.8336131769486088,0.42319862066634534,401,0,0.3333333060703333,0.47426771798088296,142,0.0,0.22321260341032031,0.3938074443125883,380,143.72746200129373,0.8493422830175118,266.25,208.2264917168276,0.7851271163515232,174,db,0.573477938514061,0.8443824841957417,0.34525069778143475,3,131.25,6.966540393946894e-14,0.9999999999705145,6.872548210860551e-27,0.9555028566429884,0.7435076238165108,0.0001636959225919223,0.2672538200339557,0.0011633180623479764,0.9999999997236041,2.0315811924354055e-05,4.745387416349445e-11,4.745387416349445e-11,3.962102868015904e-11,,0.0,0.0031261328403482946,0.0,,,,,0.0,,3.687271056968986e-14,1.0,1.0,0.0,0.0,1.0,0.40156916120412856,0.11457677215643494,1232,1.7525042289744828,0.8101566863236814,227,710.6423150924803,0.627545956450482,729.5,383.36394790952704,0.6226042151225156,774,0.49117026184683504,0.8233619396015222,0.4091722348267588,4,581.5,,,,,,,,,,,,,4.677598578568223e-19,0.9999999999715838,6.872548210860551e-27,0.9677235442137904,0.22984483715878196,0.001299707084563926,0.20218247127063857,1.0,0.0011633180623479764,0.9999999999999541,9.960751159770499e-05,3.8434858594393884e-14,3.8434858594393884e-14,3.2090649582094954e-14,,0.0,0.0,0.004567040150618464,0.0,,,,,0.13043478260869565,,1.1666441752192217e-21,1.0,1.0,0.0,0.0,1.0,0.4544873153722995,0.14156097535167125,1213,1.8775447143745987,0.9113776741581974,93,791.9595949289333,0.629925422930405,653.0,172.75497702909647,0.6623926180072586,697,1009.0473684210526,935.5,610.6543869996938,760,0.4758535102197843,0.8532293215616218,0.41093374637766444,5,524.0
db31,1.0,periodic,1.206880596550748e-26,316.43075569205797,5876828.21769027,0.5338345864661654,110.52240282583173,206,smoothed,7.296859987866465e-14,-2.0446540016649848e-10,6.564800252170261,31102.567830095508,0.9798710370303426,0.00014966566451320274,1.0,362.4,,,,[],[],11,426.6,32.19999999999999,728.4000000000002,"[9, 31, 53, 64, 80, 102, 131, 148, 158, 175, 192]","[310.99999999999966, 417.80000000000007, 589.6000000000005, 432.1999999999998, 728.4000000000002, 371.0000000000002, 586.9999999999998, 32.19999999999999, 448.19999999999993, 368.00000000000006, 407.1999999999999]","[1, 1, 1, 60, 1, 94, 120, 144, 144, 165, 186]","[20, 40, 75, 75, 203, 120, 203, 149, 203, 186, 203]",30736475.839999996,728.4000000000002,-728.4000000000002,0.0,,,,DWT,mdp.39015067403892,0.0,,0.0,33.0,11.0,0.0,33.0,,2.2737367544323206e-13,168.4000000000001,987.7999999999984,168.40000000000003,,0.0,168.4000000000001,,,28.0,0.0,33.0,2.2737367544323206e-13,2.2737367544323206e-13,,0.0,1.1146487240579957e-13,3.0532674724997404e-26,0.9670255193006977,0.6209045634502942,0.4549701232874252,0.14261857968902444,0.021990765963731222,,0.999999664709775,4.4059791007223055e-09,4.4059791007223055e-09,3.6787269888316428e-09,,0.0,0.9999999955939887,1.5171946557926922e-13,,,,,,0.0,1.0,1.0,3.4954031196328703e-13,3.4954031196328703e-13,0.999999900957348,0.375921867953844,259,1.183996393210414,0.6010769195308259,135,0,0.333333306066275,0.4742677179751088,258,0.0,0.3153585073844693,0.5563777579665484,139,70.16825018007313,0.9264483750732986,197.75,179.06205167854765,0.8595816298846577,72,db,0.573477938514061,0.8443824841957417,0.34525069778143475,3,54.75,7.384924738991044e-14,0.9999999999705138,7.743808774437919e-27,0.9537784166456198,0.8715939152809838,0.0011918454402377104,0.11703601108033276,0.00021418811080745233,0.9999999997235475,2.0315811923354854e-05,4.745454029730922e-11,4.745454029730922e-11,3.962169481397382e-11,,0.0,0.0031261328403480726,1.5171946557926922e-13,,,,,0.0,,0.0,1.0,1.0,2.847685247612971e-13,2.847685247612971e-13,1.0,0.4015691612043001,0.11457677215648389,1180,1.755560009905034,0.8115693284799147,195,696.5001794687494,0.6349579772176366,687.5,334.6909090909091,0.637316514814269,720,0.49117026184683504,0.8233619396015222,0.4091722348267588,4,541.0,,,,,,,,,,,,,4.958517644131117e-19,0.9999999999715831,7.743808774437919e-27,0.9664727041118882,0.2694408975902881,0.0015401317024338608,0.08853991289955399,1.0,0.00021418811080745233,0.9999999999999541,9.960751159770423e-05,3.8435400695480126e-14,3.8435400695480126e-14,3.20911916831812e-14,,0.0,0.0,0.00456704015061846,1.4108257588933865e-18,,,,,0.13043478260869565,,0.0,1.0,1.0,9.54194168962319e-19,9.54194168962319e-19,1.0,0.4544873153722995,0.14156097535167125,1242,1.8508757775090952,0.8984323240599172,261,693.6717523440032,0.675854321334578,751.5,431.3532934131737,0.6623430485177563,698,1009.0473684210526,935.5,610.6543869996938,760,0.4758535102197843,0.8532293215616218,0.41093374637766444,5,524.75
rbio2.4,1.0,smooth,3.7089023049121174e-27,321.55494480387733,4877959.3362675905,0.5420560747663551,103.88230217399234,206,smoothed,3.782087911460922e-14,-2.1013768503053187e-10,6.231066761098491,33136.39923994028,0.9758448070209906,0.00014966566451320276,0.9999999999999999,362.40000000000003,,,,[],[],11,426.6,32.19999999999999,728.4000000000001,"[9, 31, 53, 64, 80, 102, 131, 148, 158, 175, 192]","[311.00000000000017, 417.79999999999995, 589.6, 432.2000000000002, 728.4000000000001, 371.0, 587.0, 32.19999999999999, 448.2, 368.0000000000001, 407.20000000000016]","[1, 1, 1, 60, 1, 94, 120, 144, 144, 165, 186]","[20, 40, 75, 75, 203, 120, 203, 149, 203, 186, 203]",30736475.840000004,728.4000000000001,-728.4000000000001,0.0,,,,DWT,mdp.39015067403892,7.450580596923828e-09,,0.0,33.0,11.0,0.0,33.0,,1.1368683772161603e-13,168.4000000000001,987.7999999999984,168.4000000000001,,0.0,168.4000000000001,,,28.0,0.0,33.0,1.1368683772161603e-13,1.1368683772161603e-13,,5.684341886080802e-14,3.4250253111775284e-14,6.066583572924302e-27,0.9864944294630289,0.13952602038467068,0.026300675267144254,0.19909184618270787,0.03885699115368861,,0.999999664709775,4.4059791007223055e-09,4.4059791007223055e-09,3.6787861342541454e-09,,6.125805465799743e-13,0.9999999955939887,7.585973278963461e-14,,,,,,1.5893391424973748e-13,1.0,1.0,1.7477015598164352e-13,1.7477015598164352e-13,0.9999999009576438,0.3759218679539552,254,0.7699895404382937,0.39089894504041384,594,0,0.3333333060663087,0.4742677179751567,256,0.0,0.1986099946358964,0.35040178380394704,593,195.43519812630134,0.7951413017544011,424.25,356.72560926520987,0.6752174014013096,379,rbio,0.7685897546424816,0.816051598246696,0.21717169227625407,5,285.5,2.943949243157818e-14,0.999999999970514,1.8277873841909152e-27,0.9726878345278457,0.7563057357404609,6.889757873730922e-05,0.1633792424987702,0.00037846364881500075,0.999999999723462,2.0315811923354854e-05,4.745454029730922e-11,4.745454029730922e-11,3.962224992548613e-11,,6.125805465799743e-13,0.0031261328403480726,7.585973278963461e-14,,,,,0.0,,7.374542113937972e-14,1.0,1.0,1.4238426238064856e-13,1.4238426238064856e-13,1.0,0.4015691612045485,0.11457677215655476,1148,1.7273030997158885,0.7985065784185468,475,475.88286373854646,0.7505855011852482,811.5,671.9654959950709,0.6626355178882216,546,0.3888041033402703,1.0,0.4278371276618108,3,410.25,,,,,,,,,,,,,1.9766788127916487e-19,0.9999999999715833,1.8277873841909152e-27,0.980188842815935,0.23380119195175733,0.001277539243014833,0.12359942693627127,0.9999999999999999,0.00037846364881500075,0.9999999999999541,9.960751159770423e-05,3.8435400695480126e-14,3.8435400695480126e-14,3.209173378426744e-14,,0.0,4.786380409530668e-19,0.00456704015061846,7.054128794466933e-19,,,,,0.13043478260869565,,2.3332883504384434e-21,1.0,1.0,4.770970844811595e-19,4.770970844811595e-19,1.0,0.4544873153722995,0.14156097535167125,1239,1.855243827512438,0.9005526161744939,237,708.5209947489207,0.6689154230145231,738.0,397.89024390243907,0.6620278049652055,699,818.67,599.5,715.6978453131971,300,0.38607403914171184,1.0,0.42974817260080167,3,525.0
db10,1.0,reflect,6.013356480156193e-27,321.6806229666347,6322942.961384412,0.6160714285714286,286.1915650148777,206,raw,5.0634793014360534e-14,-2.1115675874483765e-10,6.451229530498907,61047.91508411071,0.7691086698300373,5.618943883690066e-06,0.9999999999999999,327.0,,,,[],[],13,661.1538461538462,87.0,940.0000000000002,"[8, 32, 51, 63, 81, 100, 111, 133, 152, 162, 175, 192, 204]","[877.9999999999999, 638.0, 787.0000000000001, 792.0, 940.0000000000002, 788.0, 637.0, 675.0000000000001, 771.0000000000001, 196.00000000000006, 833.9999999999998, 572.0, 87.0]","[0, 13, 42, 42, 76, 99, 107, 107, 107, 161, 99, 187, 203]","[76, 42, 61, 76, 205, 164, 119, 142, 164, 164, 205, 205, 205]",37754613.0,941.0000000000002,-941.0000000000002,0.0,,,,DWT,mdp.39015067403892,0.0,,0.0,33.0,19.0,0.0,28.5,,2.2737367544323206e-13,256.3413461538462,4359.0,256.34134615384613,,0.0,256.3413461538462,,,84.0,0.0,24.0,2.2737367544323206e-13,2.2737367544323206e-13,,0.0,4.5630094950734645e-14,3.458571750504661e-27,0.9731516154005633,0.8323609281793743,0.0006605795723970101,0.4419642857142859,0.0002678506992630206,0.9999999997234467,0.4742280246116003,6.6959667625959335e-09,6.6959667625959335e-09,6.0819563246244724e-09,,0.0,0.9999999933040264,2.7225927463116073e-13,,,,,,0.0,1.0,0.5,2.847685247612971e-13,2.847685247612971e-13,0.7922684098779104,0.25901821374932066,500,1.5772945775710354,0.7575799271227446,439,0,0.24785233644919652,0.29613842719981315,500,0.0,0.40605065741117197,0.7375287698876948,461,30.23243291566195,0.9683098187466856,475.0,473.53519943656573,0.7352031274026929,271,db,0.540986235965534,0.9305070477545101,0.3421575204977732,3,204.0,4.563009495073464e-14,0.0001547883299646835,3.458571750504661e-27,0.9731516154005633,0.8323609281793745,0.001693376328557725,0.5805921052631582,0.002632917611770206,0.9999999997234466,0.9919828214562016,0.9855281704452468,0.9855281704452468,0.9855281704451341,,0.0,0.9999999999667601,1.5171946557926922e-13,,,,,1.0,,0.0,1.0,0.5,2.847685247612971e-13,2.847685247612971e-13,0.0,2.2345701998211185,0.6375734627747389,493,1.6342545670326571,0.755491623213537,1177,483.6610383315985,0.7465088897633132,835.0,694.9233532934131,0.6544389312548222,600,0.49117026184683504,0.8233619396015222,0.4091722348267588,4,451.0,,,,,,,,,,,,,3.0637770717147226e-19,0.03641360043841643,3.458571750504661e-27,0.9805252509919085,0.2573125760468799,0.0016574107266466118,0.43922869513114426,0.9999999999999999,0.002632917611770206,0.9999999999999541,0.0008499884728391221,0.0007982210227401261,0.0007982210227401261,0.0007982210227337869,,0.0,0.0,0.020163910573049823,1.4108257588933865e-18,,,,,0.4782608695652174,,0.0,1.0,0.8604651162790697,9.54194168962319e-19,9.54194168962319e-19,0.9302325581395349,0.5744527218307418,0.17892707859001003,252,1.7054688692105806,0.8278504578188374,1242,700.035713374682,0.6728805077688402,747.0,418.9879518072289,0.6619075436040462,700,1009.0473684210526,935.5,610.6543869996938,760,0.4758535102197843,0.8532293215616218,0.41093374637766444,5,526.25
db12,1.0,constant,7.930552709952282e-27,320.4787579087139,5972393.018220676,0.6228070175438597,259.9396880762042,206,raw,6.051254427422941e-14,-2.1506296743467893e-10,6.323614477026018,66178.94879632357,0.794492398643573,5.618943883690066e-06,1.0,327.0000000000001,,,,[],[],13,661.1538461538462,87.00000000000001,940.0000000000001,"[8, 32, 51, 63, 81, 100, 111, 133, 152, 162, 175, 192, 204]","[878.0000000000002, 638.0, 787.0, 792.0000000000002, 940.0000000000001, 787.9999999999999, 636.9999999999999, 674.9999999999998, 771.0, 196.0000000000001, 834.0000000000002, 572.0, 87.00000000000001]","[0, 13, 42, 42, 76, 99, 107, 107, 107, 161, 164, 187, 203]","[76, 42, 61, 76, 205, 164, 119, 142, 164, 164, 205, 205, 205]",37754613.00000001,941.0000000000001,-941.0000000000001,0.0,,,,DWT,mdp.39015067403892,7.450580596923828e-09,,0.0,33.0,19.0,0.0,28.5,,1.1368683772161603e-13,256.3413461538462,4359.0,256.3413461538462,,0.0,256.3413461538462,,,84.00000000000001,0.0,28.5,1.1368683772161603e-13,1.1368683772161603e-13,,1.1368683772161603e-13,5.811080503531995e-14,4.8153067519181605e-27,0.9687164612479092,0.7882763289693661,0.00026607678458426146,0.49248120300751913,0.000683274566215449,0.9999999997233878,0.4742280246116168,6.6959667625959335e-09,6.6959667625959335e-09,6.082000342865356e-09,,5.718550876340534e-12,0.9999999933040264,1.3612963731558036e-13,,,,,,7.374542113937972e-14,1.0,1.0,1.4238426238064856e-13,1.4238426238064856e-13,0.8422684098806994,0.2753648338173658,127,1.5727668705445872,0.7554052541048407,457,0,0.2895190031163159,0.3459225095701192,128,0.0,0.40630291803738,0.7379869626425705,454,189.3752887786577,0.8014934079888284,291.5,199.22955215410641,0.7479689262166365,252,db,0.540986235965534,0.9305070477545101,0.3421575204977732,3,189.75,5.811080503531993e-14,0.0001547883299646835,4.8153067519181605e-27,0.9687164612479091,0.7882763289693662,0.0012992812512697698,0.6185595567867039,0.0030473587102450156,0.9999999997233877,0.9919828214562019,0.9855281704452468,0.9855281704452468,0.9855281704451347,,1.2251610931599486e-12,0.9999999999667601,7.585973278963461e-14,,,,,1.0,,7.374542113937972e-14,1.0,0.75,1.4238426238064856e-13,1.4238426238064856e-13,0.0,2.259570199821674,0.6447065287088495,125,1.624706884446205,0.751077871304455,1208,765.796644025031,0.5986390754585791,666.5,226.5566391597899,0.6246602085888283,763,0.49117026184683504,0.8233619396015222,0.4091722348267588,4,573.25,,,,,,,,,,,,,3.9017791279707e-19,0.03641360043841643,4.8153067519181605e-27,0.9773081667902412,0.24368444742780454,0.0015652547155458783,0.46795177634249363,1.0,0.0030473587102450156,0.9999999999999541,0.0008499884728391223,0.0007982210227401261,0.0007982210227401261,0.0007982210227337874,,0.0,9.572760819061336e-19,0.020163910573049823,7.054128794466933e-19,,,,,0.4782608695652174,,2.3332883504384434e-21,1.0,0.9302325581395349,4.770970844811595e-19,4.770970844811595e-19,0.9302325581395349,0.5814294660167882,0.18110015290550946,157,1.7083334852984218,0.8292409691219796,1226,755.8971490884193,0.6467770331362527,691.5,278.35430224150394,0.6618230960073788,701,1009.0473684210526,935.5,610.6543869996938,760,0.4758535102197843,0.8532293215616218,0.41093374637766444,5,527.0
rbio3.1,1.0,smooth,1.0753568047723073e-26,316.9318728661442,4908715.646656513,0.6586538461538461,309.84176764979964,206,smoothed,7.883230206697618e-14,-1.878857514014957e-10,6.478292414261168,37616.21323502219,0.7753378256770047,0.0001496656645132028,0.9999999999999999,362.39999999999986,,,,[],[],11,426.59999999999985,32.200000000000074,728.3999999999999,"[9, 31, 53, 64, 80, 102, 131, 148, 158, 175, 192]","[310.99999999999983, 417.79999999999984, 589.5999999999999, 432.1999999999998, 728.3999999999999, 371.0, 586.9999999999999, 32.200000000000074, 448.19999999999993, 367.9999999999999, 407.20000000000005]","[1, 1, 1, 60, 1, 94, 120, 144, 144, 165, 186]","[20, 40, 75, 75, 203, 120, 203, 149, 203, 186, 203]",30736475.83999998,728.3999999999999,-728.3999999999999,0.0,,,,DWT,mdp.39015067403892,1.4901161193847656e-08,,0.0,33.0,11.0,0.0,33.0,,1.1368683772161603e-13,168.39999999999992,987.8000000000002,168.39999999999995,,0.0,168.39999999999992,,,28.000000000000085,0.0,33.0,1.1368683772161603e-13,1.1368683772161603e-13,,1.1368683772161603e-13,1.2434660477084782e-13,2.668349989121894e-26,0.9689294703513298,0.49612530667656907,0.03949989574819644,1.0,0.07600734259601438,,0.9999996647841187,4.405801664454926e-09,4.405801664454926e-09,3.6786382706978885e-09,,1.2251610931599486e-12,0.9999999955941608,7.585973278963461e-14,,,,,,3.1786782849947497e-13,1.0,1.0,1.7477015598164352e-13,1.7477015598164352e-13,0.9999999009802678,0.3759218679624601,95,1.2795732204616237,0.6495982032375385,101,0,0.33333330607254075,0.47426771798402373,92,0.0,0.36865171648174777,0.6504014024792903,78,9.746794344808963,0.9897832344394036,91.5,90.66720743628454,0.9469356423769345,21,rbio,0.7685897546424816,0.816051598246696,0.21717169227625407,5,17.0,8.125813683340064e-14,0.999999999970514,6.81305933392076e-27,0.9556276524653712,0.8417097969190627,0.00010347442222620787,0.8206224696356275,0.0007403047781502957,0.9999999997237973,2.0315811924853655e-05,4.74525418958649e-11,4.74525418958649e-11,3.9620695613251655e-11,,1.2251610931599486e-12,0.003126132840348572,7.585973278963461e-14,,,,,0.0,,1.4749084227875944e-13,1.0,1.0,1.4238426238064856e-13,1.4238426238064856e-13,1.0,0.4015691612048907,0.1145767721566524,1045,2.0228283367960755,0.9351235079754059,7,733.9768388716363,0.615316122184677,526.0,13.906844106463877,0.6698173902327997,499,0.3888041033402703,1.0,0.4278371276618108,3,375.0,,,,,,,,,,,,,5.455978489398743e-19,0.9999999999715835,6.81305933392076e-27,0.9678140661336162,0.2602026462280873,0.0012856247638853792,0.6208161173152378,0.9999999999999999,0.0007403047781502957,0.9999999999999541,9.960751159770543e-05,3.8433882812438647e-14,3.8433882812438647e-14,3.209043274166046e-14,,0.0,9.572760819061336e-19,0.004567040150618468,7.054128794466933e-19,,,,,0.13043478260869565,,4.666576700876887e-21,1.0,1.0,4.770970844811595e-19,4.770970844811595e-19,1.0,0.4544873153722995,0.14156097535167125,1200,2.0600551440049677,0.9999699348871488,5,844.9926035179243,0.6051436432159232,602.5,9.95850622406639,0.6618007935705784,702,818.67,599.5,715.6978453131971,300,0.38607403914171184,1.0,0.42974817260080167,3,527.25
db12,1.0,symmetric,8.051439899544596e-27,320.4130569139271,6344226.164396479,0.618421052631579,295.4225500828604,206,raw,6.07367446520178e-14,-2.1489443557954083e-10,6.462231694606276,60674.31344332961,0.7674692615837656,5.618943883690066e-06,1.0,327.00000000000006,,,,[],[],13,661.1538461538462,86.99999999999997,940.0000000000001,"[8, 32, 51, 63, 81, 100, 111, 133, 152, 162, 175, 192, 204]","[878.0000000000002, 638.0000000000001, 787.0, 792.0000000000002, 940.0000000000001, 787.9999999999999, 636.9999999999999, 674.9999999999998, 771.0, 196.0000000000001, 834.0000000000002, 572.0, 86.99999999999997]","[0, 13, 42, 42, 76, 99, 107, 107, 107, 161, 164, 187, 203]","[76, 42, 61, 76, 205, 164, 119, 142, 164, 164, 205, 205, 205]",37754613.0,941.0000000000001,-941.0000000000001,0.0,,,,DWT,mdp.39015067403892,0.0,,0.0,33.0,19.0,0.0,28.5,,1.1368683772161603e-13,256.3413461538462,4359.0,256.3413461538462,,0.0,256.3413461538462,,,83.99999999999997,0.0,28.5,1.1368683772161603e-13,1.1368683772161603e-13,,5.684341886080802e-14,5.839408610227694e-14,4.900854531948923e-27,0.9684740097031691,0.8361616239587256,0.0006845313176064604,0.45958646616541377,0.00023760279074828126,0.9999999997233904,0.47422802461156727,6.6959667625959335e-09,6.6959667625959335e-09,6.082000342865356e-09,,2.859275438170267e-12,0.9999999933040264,1.3612963731558036e-13,,,,,,0.0,1.0,1.0,1.4238426238064856e-13,1.4238426238064856e-13,0.842268409879218,0.2753648338168815,167,1.5834371109319059,0.7605302066976882,421,0,0.2895190031160673,0.34592250956982223,168,0.0,0.408143029207389,0.7413292424859917,431,149.30142888353973,0.8434995504365412,296.75,240.44404102184825,0.7662204251134488,213,db,0.540986235965534,0.9305070477545101,0.3421575204977732,3,160.5,5.839408610227693e-14,0.0001547883299646835,4.900854531948923e-27,0.9684740097031691,0.8361616239587257,0.001717303320130672,0.5938365650969533,0.0026027412607497924,0.9999999997233903,0.9919828214562011,0.9855281704452468,0.9855281704452468,0.9855281704451347,,6.125805465799743e-13,0.9999999999667601,7.585973278963461e-14,,,,,1.0,,0.0,1.0,0.75,1.4238426238064856e-13,1.4238426238064856e-13,0.0,2.2595701998213302,0.6447065287087514,173,1.6386460283927742,0.7575217306020441,1154,693.6717523440032,0.6364403813710675,663.5,300.89223813112284,0.6443470250670851,678,0.49117026184683504,0.8233619396015222,0.4091722348267588,4,509.5,,,,,,,,,,,,,3.920799689701522e-19,0.03641360043841643,4.900854531948923e-27,0.9771323020948086,0.2584875072439683,0.001663005864033706,0.44924837462347544,1.0,0.0026027412607497924,0.9999999999999541,0.0008499884728391218,0.0007982210227401261,0.0007982210227401261,0.0007982210227337874,,0.0,4.786380409530668e-19,0.020163910573049823,7.054128794466933e-19,,,,,0.4782608695652174,,0.0,1.0,0.9302325581395349,4.770970844811595e-19,4.770970844811595e-19,0.9302325581395349,0.5814294660167882,0.18110015290550946,176,1.708019164296083,0.8290883947828135,1230,745.2905473706211,0.651733389079149,703.0,307.93741109530583,0.6616143580909764,703,1009.0473684210526,935.5,610.6543869996938,760,0.4758535102197843,0.8532293215616218,0.41093374637766444,5,528.5
coif15,1.0,antisymmetric,3.037633754706468e-26,314.64643836741305,8075714.315674297,0.608843537414966,303.64334371485427,206,raw,1.1805874508848944e-13,-2.130573495406937e-10,6.883454569937069,173216.27623448012,0.9167500695110447,5.618943883690066e-06,0.9999999999999999,327.0000000000001,,,,[],[],13,661.1538461538462,87.00000000000009,939.9999999999994,"[8, 32, 51, 63, 81, 100, 111, 133, 152, 162, 175, 192, 204]","[878.0000000000002, 637.9999999999997, 787.0000000000001, 792.0000000000011, 939.9999999999994, 787.9999999999995, 637.0000000000001, 675.0000000000002, 771.0, 196.0000000000001, 834.0000000000001, 571.9999999999999, 87.00000000000009]","[0, 13, 42, 42, 76, 99, 107, 107, 107, 161, 164, 187, 203]","[76, 42, 61, 76, 205, 164, 119, 142, 164, 164, 205, 205, 205]",37754613.00000001,940.9999999999995,-940.9999999999995,0.0,,,,DWT,mdp.39015067403892,7.450580596923828e-09,,0.0,33.0,19.0,0.0,28.5,,4.547473508864641e-13,256.3413461538462,4359.0,256.3413461538462,,0.0,256.3413461538462,,,84.00000000000009,0.0,28.5,5.684341886080801e-13,4.547473508864641e-13,,1.1368683772161603e-13,1.3082142812521943e-13,2.0699430374436317e-26,0.9471938817680172,0.9816729968861387,0.002633117863018587,0.38775510204081637,0.009349337384468782,0.999999999723418,0.47422802461169933,6.6959667625959335e-09,6.6959667625959335e-09,6.082000342865356e-09,,5.718550876340534e-12,0.9999999933040264,6.806481865779018e-13,,,,,,7.374542113937972e-14,1.0,1.0,5.695370495225942e-13,5.695370495225942e-13,0.8422684098811674,0.2753648338175188,104,1.6193111620949099,0.7777606349589191,289,0,0.28951900311643924,0.3459225095702666,105,0.0,0.41607555445825106,0.7557374585141883,327,118.511251223952,0.8757743697862138,206.25,155.89979955696546,0.8297897006163774,68,coif,0.5507900112560971,0.8749445204262634,0.351963635992853,2,51.5,1.3082142812521943e-13,0.0001547883299646835,2.0699430374436317e-26,0.9471938817680172,0.9816729968861388,0.0036638760413885,0.5398496240601505,0.011692920218775042,0.9999999997234179,0.9919828214562032,0.9855281704452468,0.9855281704452468,0.9855281704451347,,1.2251610931599486e-12,0.9999999999667601,3.7929866394817307e-13,,,,,1.0,,7.374542113937972e-14,1.0,0.75,5.695370495225942e-13,5.695370495225942e-13,0.0,2.2595701998219964,0.6447065287089415,101,1.68164821962454,0.7774010051721095,914,574.8778131046631,0.698701355815166,507.5,181.89950738916258,0.7163580154337885,284,0.4784248188775415,0.776734912893196,0.43208215291776214,2,213.5,,,,,,,,,,,,,8.783845232225838e-19,0.03641360043841643,2.0699430374436317e-26,0.9616965447269014,0.30347028447976154,0.002118196470684058,0.4084062525023541,0.9999999999999999,0.011692920218775044,0.9999999999999541,0.0008499884728391233,0.0007982210227401261,0.0007982210227401261,0.0007982210227337874,,0.0,9.572760819061336e-19,0.020163910573049823,3.5270643972334666e-18,,,,,0.4782608695652174,,2.3332883504384434e-21,1.0,0.9302325581395349,1.908388337924638e-18,1.908388337924638e-18,0.9302325581395349,0.5814294660167882,0.18110015290550946,115,1.7087759165313217,0.8294557293590744,1220,781.352993211135,0.6348817788733014,667.5,210.18726591760299,0.6614829455114171,704,986.6382352941176,846.0,585.0035688138154,340,0.4652856568234462,0.8173890317607586,0.42908333069536003,4,529.0
db28,1.0,constant,1.474396349545551e-26,317.7856499991085,5930277.666590762,0.6115384615384616,200.81420100975814,206,raw,8.784343263577843e-14,-2.022605416485163e-10,6.371584413073699,67286.33208989922,0.8291517784274569,5.618943883690064e-06,0.9999999999999998,327.0,,,,[],[],13,661.1538461538462,86.99999999999996,939.9999999999998,"[8, 32, 51, 63, 81, 100, 111, 133, 152, 162, 175, 192, 204]","[878.0, 638.0000000000001, 786.9999999999999, 791.9999999999998, 939.9999999999998, 788.0000000000001, 637.0, 675.0000000000001, 771.0000000000001, 195.99999999999994, 834.0000000000002, 572.0000000000001, 86.99999999999996]","[0, 13, 39, 39, 76, 99, 107, 107, 107, 161, 99, 187, 203]","[76, 39, 61, 76, 205, 164, 119, 142, 164, 164, 205, 205, 205]",37754613.0,940.9999999999998,-940.9999999999998,0.0,,,,DWT,mdp.39015067403892,0.0,,0.0,33.0,19.0,0.0,28.5,,2.2737367544323206e-13,256.3413461538462,4359.0,256.34134615384613,,0.0,256.3413461538462,,,83.99999999999996,0.0,19.5,2.2737367544323206e-13,2.2737367544323206e-13,,0.0,9.264385663994071e-14,9.636927381061407e-27,0.9587782833716881,0.8048475354786437,0.0002186809029082665,0.4079670329670333,0.000772931636470268,0.9999999997235808,0.4742280246115508,6.6959667625959335e-09,6.6959667625959335e-09,6.0819563246244724e-09,,0.0,0.9999999933040264,2.7225927463116073e-13,,,,,,0.0,1.0,0.0,2.847685247612971e-13,2.847685247612971e-13,0.7422684098778954,0.2426715936821825,887,1.5412960639446505,0.7402897191188591,528,0,0.20618566978252573,0.24635434483004306,887,0.0,0.39657305801005216,0.72031416353202,540,203.8635164352203,0.7863065865458907,710.5,666.6019309995809,0.5207738383463206,794,db,0.540986235965534,0.9305070477545101,0.3421575204977732,3,596.25,9.26438566399407e-14,0.0001547883299646835,9.636927381061407e-27,0.9587782833716881,0.8048475354786438,0.0012519343522635763,0.5550404858299599,0.003136803678717892,0.9999999997235807,0.9919828214562009,0.9855281704452468,0.9855281704452468,0.9855281704451341,,0.0,0.9999999999667601,1.5171946557926922e-13,,,,,1.0,,0.0,1.0,0.25,2.847685247612971e-13,2.847685247612971e-13,0.0,2.209570199821118,0.6304403968407868,887,1.601634057130387,0.740411645789416,1287,282.842712474619,0.8517595846569083,1087.0,1050.2014719411225,0.6410265428525632,701,0.49117026184683504,0.8233619396015222,0.4091722348267588,4,526.75,,,,,,,,,,,,,6.220458758964432e-19,0.036413600438416426,9.636927381061407e-27,0.970099408325822,0.24880720090018782,0.0015541830183797348,0.41989842115670856,0.9999999999999998,0.003136803678717892,0.9999999999999541,0.0008499884728391216,0.0007982210227401261,0.0007982210227401261,0.0007982210227337869,,0.0,0.0,0.020163910573049823,1.4108257588933865e-18,,,,,0.4782608695652174,,0.0,1.0,0.7906976744186046,9.54194168962319e-19,9.54194168962319e-19,0.9302325581395349,0.5674759776446953,0.17675400427451057,928,1.687378507020454,0.8190692276881831,1361,306.1772362537751,0.8569265251150584,1144.5,1103.5456531236348,0.6610567205014544,705,1009.0473684210526,935.5,610.6543869996938,760,0.4758535102197843,0.8532293215616218,0.41093374637766444,5,530.0
db12,1.0,zero,7.935454369945889e-27,320.4760744812524,5973485.095191937,0.6228070175438597,259.9396880762042,206,raw,5.989168168958467e-14,-2.1529211746696156e-10,6.320366151141605,67502.4544859957,0.7985286574062598,5.618943883690066e-06,1.0,327.0000000000001,,,,[],[],13,661.1538461538462,87.00000000000001,940.0000000000001,"[8, 32, 51, 63, 81, 100, 111, 133, 152, 162, 175, 192, 204]","[878.0000000000002, 638.0, 787.0, 792.0000000000002, 940.0000000000001, 787.9999999999999, 636.9999999999999, 674.9999999999998, 771.0, 196.0000000000001, 834.0000000000002, 572.0, 87.00000000000001]","[0, 13, 42, 42, 76, 99, 107, 107, 107, 161, 164, 187, 203]","[76, 42, 61, 76, 205, 164, 119, 142, 164, 164, 205, 205, 205]",37754613.00000001,941.0000000000001,-941.0000000000001,0.0,,,,DWT,mdp.39015067403892,7.450580596923828e-09,,0.0,33.0,19.0,0.0,28.5,,1.1368683772161603e-13,256.3413461538462,4359.0,256.3413461538462,,0.0,256.3413461538462,,,84.00000000000001,0.0,28.5,1.1368683772161603e-13,1.1368683772161603e-13,,1.1368683772161603e-13,5.732633438836217e-14,4.818775491098324e-27,0.9687065587930781,0.7871541953274422,0.00026730578894746364,0.49248120300751913,0.0007904295533730006,0.9999999997233844,0.4742280246116168,6.6959667625959335e-09,6.6959667625959335e-09,6.082000342865356e-09,,5.718550876340534e-12,0.9999999933040264,1.3612963731558036e-13,,,,,,7.374542113937972e-14,1.0,1.0,1.4238426238064856e-13,1.4238426238064856e-13,0.8422684098806994,0.2753648338173658,126,1.5722433387477694,0.7551538000098863,458,0,0.2895190031163159,0.3459225095701192,127,0.0,0.4061749615242252,0.7377545492527047,460,191.97113498301422,0.7987723951960018,292.75,198.33553996951048,0.7459532835518794,255,db,0.540986235965534,0.9305070477545101,0.3421575204977732,3,192.0,5.732633438836217e-14,0.0001547883299646835,4.8187754910983235e-27,0.9687065587930781,0.7871541953274422,0.0013005089854822168,0.6185595567867039,0.003154260200788685,0.9999999997233843,0.9919828214562019,0.9855281704452468,0.9855281704452468,0.9855281704451347,,1.2251610931599486e-12,0.9999999999667601,7.585973278963461e-14,,,,,1.0,,7.374542113937972e-14,1.0,0.75,1.4238426238064856e-13,1.4238426238064856e-13,0.0,2.259570199821674,0.6447065287088495,124,1.6241832506156666,0.7508358031587797,1209,767.2108575874041,0.5978978733818636,666.5,224.93023255813952,0.6242896075504706,765,0.49117026184683504,0.8233619396015222,0.4091722348267588,4,574.75,,,,,,,,,,,,,3.849106803177658e-19,0.03641360043841643,4.8187754910983235e-27,0.9773009839438511,0.24333755572698448,0.001565541811463162,0.46795177634249363,1.0,0.0031542602007886855,0.9999999999999541,0.0008499884728391223,0.0007982210227401261,0.0007982210227401261,0.0007982210227337874,,0.0,9.572760819061336e-19,0.020163910573049823,7.054128794466933e-19,,,,,0.4782608695652174,,2.3332883504384434e-21,1.0,0.9302325581395349,4.770970844811595e-19,4.770970844811595e-19,0.9302325581395349,0.5814294660167882,0.18110015290550946,156,1.708198633884354,0.8291755109908528,1229,758.7255762131655,0.6454553382181469,692.5,276.857761732852,0.6609286036885127,706,1009.0473684210526,935.5,610.6543869996938,760,0.4758535102197843,0.8532293215616218,0.41093374637766444,5,530.75
coif5,1.0,smooth,6.768641014421001e-27,318.9423839303229,4962026.956133134,0.5555555555555556,60.12690905535312,206,smoothed,5.554995514279814e-14,-2.0518593490948018e-10,6.194338747396222,40275.830333844686,0.988599342117997,0.00014966566451320263,0.9999999999999997,362.4,,,,[],[],11,426.59999999999997,32.200000000000045,728.4000000000001,"[9, 31, 53, 64, 80, 102, 131, 148, 158, 175, 192]","[310.9999999999999, 417.79999999999995, 589.6, 432.19999999999993, 728.4000000000001, 371.0000000000001, 587.0, 32.200000000000045, 448.20000000000005, 368.0, 407.20000000000005]","[1, 1, 1, 60, 1, 94, 120, 144, 144, 165, 186]","[20, 40, 75, 75, 203, 120, 203, 149, 203, 186, 203]",30736475.84,728.4000000000001,-728.4000000000001,0.0,,,,DWT,mdp.39015067403892,3.725290298461914e-09,,0.0,33.0,11.0,0.0,33.0,,1.1368683772161603e-13,168.40000000000003,987.7999999999993,168.40000000000003,,0.0,168.40000000000003,,,28.000000000000057,0.0,33.0,1.1368683772161603e-13,1.1368683772161603e-13,,0.0,7.319854979197992e-14,1.5021213818392898e-26,0.976568232004092,0.08654938424032196,0.06237870399981809,0.29181955536369564,0.09806310429320693,,0.9999996647593375,4.4059199552998455e-09,4.4059199552998455e-09,3.6787269888316428e-09,,0.0,0.9999999955940747,7.585973278963461e-14,,,,,,7.946695712486874e-14,1.0,1.0,1.7477015598164352e-13,1.7477015598164352e-13,0.9999999009721563,0.3759218679594108,130,0.8163580471853082,0.4144387458021098,459,0,0.33333330607037365,0.47426771798094036,130,0.0,0.2164827114144583,0.3819340934045381,433,182.75119698650403,0.808436900433434,288.0,201.2808158082321,0.7532750539903019,220,coif,0.5556920286951962,0.9053407607371553,0.33941335169221604,4,166.0,5.184048757248378e-14,0.9999999999705129,3.9930610989279816e-27,0.9630468934496086,0.7436180494543898,0.000163408035219828,0.23947368421052662,0.0009551259416392044,0.9999999997235366,2.0315811924354055e-05,4.745387416349445e-11,4.745387416349445e-11,3.962169481397382e-11,,0.0,0.0031261328403482946,7.585973278963461e-14,,,,,0.0,,3.687271056968986e-14,1.0,1.0,1.4238426238064856e-13,1.4238426238064856e-13,1.0,0.40156916120422365,0.11457677215646207,1200,1.7458903887560202,0.8070992061837337,278,651.9524522539969,0.6583058426341736,739.0,451.4208389715832,0.6354946403946549,726,0.4784248188775415,0.776734912893196,0.43208215291776214,2,545.0,,,,,,,,,,,,,3.4807663096596446e-19,0.9999999999715824,3.9930610989279816e-27,0.9731956880879442,0.22987897367862847,0.001299639764383118,0.1811662833175486,0.9999999999999997,0.0009551259416392044,0.9999999999999541,9.960751159770499e-05,3.8434858594393884e-14,3.8434858594393884e-14,3.20911916831812e-14,,0.0,0.0,0.004567040150618464,7.054128794466933e-19,,,,,0.13043478260869565,,1.1666441752192217e-21,1.0,1.0,4.770970844811595e-19,4.770970844811595e-19,1.0,0.4544873153722995,0.14156097535167125,1221,1.8723552832694037,0.9088586760141599,105,789.131167804187,0.6312471178485107,663.0,193.37104072398188,0.6607170168681806,707,986.6382352941176,846.0,585.0035688138154,340,0.4652856568234462,0.8173890317607586,0.42908333069536003,4,531.25
db17,1.0,periodization,1.7607792523846389e-26,317.01474334658127,5922542.979865419,0.6116504854368932,311.07185043955985,206,raw,9.199139207201996e-14,-1.9973056542000036e-10,6.374730099613041,63117.30860590064,0.7631324371749197,5.618943883690066e-06,1.0,327.0,,,,[],[],13,661.153846153846,87.00000000000011,939.9999999999999,"[8, 32, 51, 63, 81, 100, 111, 133, 152, 162, 175, 192, 204]","[877.9999999999997, 637.9999999999999, 786.9999999999995, 791.9999999999997, 939.9999999999999, 788.0, 637.0000000000001, 674.9999999999999, 771.0, 196.0000000000001, 834.0000000000005, 571.9999999999999, 87.00000000000011]","[0, 13, 39, 39, 76, 99, 107, 107, 107, 161, 99, 187, 203]","[76, 39, 61, 76, 205, 164, 119, 142, 164, 164, 205, 205, 205]",37754613.0,940.9999999999999,-940.9999999999999,0.0,,,,DWT,mdp.39015067403892,0.0,,0.0,33.0,19.0,0.0,28.5,,1.1368683772161603e-13,256.34134615384596,4359.000000000002,256.3413461538461,,0.0,256.34134615384596,,,84.00000000000011,0.0,19.5,1.1368683772161603e-13,1.1368683772161603e-13,,0.0,9.788487535000666e-14,1.166356243306919e-26,0.9559334632991422,0.8059342123757126,0.0002099764214627195,0.40880721220527005,0.00043539500072065486,0.9999999997236189,0.47422802461173236,6.695790689632508e-09,6.695790689632508e-09,6.081912306383589e-09,,0.0,0.9999999933041348,1.3612963731558036e-13,,,,,,0.0,1.0,0.0,1.4238426238064856e-13,1.4238426238064856e-13,0.7422684098777601,0.24267159368213825,911,1.5403292151499461,0.7398253383685247,530,0,0.20618566978248176,0.24635434482999055,911,0.0,0.3964150323782531,0.7200271341978612,545,215.72725836110743,0.773870798363619,724.25,676.0131661341339,0.5073494453034029,859,db,0.540986235965534,0.9305070477545101,0.3421575204977732,3,645.0,9.788487535000666e-14,0.0001547883299646835,1.166356243306919e-26,0.9559334632991422,0.8059342123757127,0.00124323886672074,0.5556719468574347,0.0028000655535788746,0.9999999997236187,0.9919828214562036,0.9855281704452442,0.9855281704452442,0.9855281704451335,,0.0,0.9999999999667607,7.585973278963461e-14,,,,,1.0,,0.0,1.0,0.25,1.4238426238064856e-13,1.4238426238064856e-13,0.0,2.209570199821023,0.6304403968407597,911,1.6005840449535738,0.7399262407491871,1290,267.9934700697015,0.8595422064624205,1100.5,1067.869150386188,0.6413801179062626,700,0.49117026184683504,0.8233619396015222,0.4091722348267588,4,526.0,,,,,,,,,,,,,6.572360567927674e-19,0.03641360043841643,1.166356243306919e-26,0.9680358891341616,0.24914313165119872,0.001552149647986665,0.42037613313489364,1.0,0.0028000655535788746,0.9999999999999541,0.0008499884728391236,0.000798221022740124,0.000798221022740124,0.0007982210227337863,,0.0,0.0,0.02016391057304983,7.054128794466933e-19,,,,,0.4782608695652174,,0.0,1.0,0.7906976744186046,4.770970844811595e-19,4.770970844811595e-19,0.9302325581395349,0.5674759776446953,0.17675400427451057,953,1.6863637337369852,0.8185766472943288,1368,293.4493141924172,0.862874152246534,1160.5,1123.3985351141748,0.6602922163101829,708,1009.0473684210526,935.5,610.6543869996938,760,0.4758535102197843,0.8532293215616218,0.41093374637766444,5,532.25
coif5,1.0,constant,6.768641014421001e-27,318.9423839303229,4962026.956133134,0.5555555555555556,60.12690905535312,206,smoothed,5.554995514279814e-14,-2.0518593490948018e-10,6.194338747396222,40275.830333844686,0.988599342117997,0.00014966566451320263,0.9999999999999997,362.4,,,,[],[],11,426.59999999999997,32.200000000000045,728.4000000000001,"[9, 31, 53, 64, 80, 102, 131, 148, 158, 175, 192]","[310.9999999999999, 417.79999999999995, 589.6, 432.19999999999993, 728.4000000000001, 371.0000000000001, 587.0, 32.200000000000045, 448.20000000000005, 368.0, 407.20000000000005]","[1, 1, 1, 60, 1, 94, 120, 144, 144, 165, 186]","[20, 40, 75, 75, 203, 120, 203, 149, 203, 186, 203]",30736475.84,728.4000000000001,-728.4000000000001,0.0,,,,DWT,mdp.39015067403892,3.725290298461914e-09,,0.0,33.0,11.0,0.0,33.0,,1.1368683772161603e-13,168.40000000000003,987.7999999999993,168.40000000000003,,0.0,168.40000000000003,,,28.000000000000057,0.0,33.0,1.1368683772161603e-13,1.1368683772161603e-13,,0.0,7.319854979197992e-14,1.5021213818392898e-26,0.976568232004092,0.08654938424032196,0.06237870399981809,0.29181955536369564,0.09806310429320693,,0.9999996647593375,4.4059199552998455e-09,4.4059199552998455e-09,3.6787269888316428e-09,,0.0,0.9999999955940747,7.585973278963461e-14,,,,,,7.946695712486874e-14,1.0,1.0,1.7477015598164352e-13,1.7477015598164352e-13,0.9999999009721563,0.3759218679594108,129,0.8163580471853082,0.4144387458021098,460,0,0.33333330607037365,0.47426771798094036,134,0.0,0.2164827114144583,0.3819340934045381,434,182.4744274320834,0.8087270152703528,289.25,203.12110754301224,0.7527649751404175,222,coif,0.5556920286951962,0.9053407607371553,0.33941335169221604,4,167.5,5.184048757248378e-14,0.9999999999705129,3.9930610989279816e-27,0.9630468934496086,0.7436180494543898,0.000163408035219828,0.23947368421052662,0.0009551259416392044,0.9999999997235366,2.0315811924354055e-05,4.745387416349445e-11,4.745387416349445e-11,3.962169481397382e-11,,0.0,0.0031261328403482946,7.585973278963461e-14,,,,,0.0,,3.687271056968986e-14,1.0,1.0,1.4238426238064856e-13,1.4238426238064856e-13,1.0,0.40156916120422365,0.11457677215646207,1202,1.7458903887560202,0.8070992061837337,279,652.6595590351834,0.6579352415958158,740.5,452.88048615800136,0.6349162581144698,727,0.4784248188775415,0.776734912893196,0.43208215291776214,2,545.75,,,,,,,,,,,,,3.4807663096596446e-19,0.9999999999715824,3.9930610989279816e-27,0.9731956880879442,0.22987897367862847,0.001299639764383118,0.1811662833175486,0.9999999999999997,0.0009551259416392044,0.9999999999999541,9.960751159770499e-05,3.8434858594393884e-14,3.8434858594393884e-14,3.20911916831812e-14,,0.0,0.0,0.004567040150618464,7.054128794466933e-19,,,,,0.13043478260869565,,1.1666441752192217e-21,1.0,1.0,4.770970844811595e-19,4.770970844811595e-19,1.0,0.4544873153722995,0.14156097535167125,1223,1.8723552832694037,0.9088586760141599,106,789.8382745853736,0.6309166941189843,664.5,195.09104589917231,0.6602013377136977,709,986.6382352941176,846.0,585.0035688138154,340,0.4652856568234462,0.8173890317607586,0.42908333069536003,4,532.75
rbio2.2,1.0,periodic,1.8333433791085916e-27,324.6149605975511,4877707.284738174,0.5333333333333333,137.28228548043057,206,smoothed,2.3213362192550856e-14,-2.0562036517901606e-10,6.252973199966672,32153.717795351477,0.9590868051040958,0.00014966566451320274,1.0,362.4,,,,[],[],11,426.59999999999997,32.20000000000002,728.4,"[9, 31, 53, 64, 80, 102, 131, 148, 158, 175, 192]","[311.00000000000006, 417.79999999999995, 589.6000000000001, 432.2000000000001, 728.4, 371.0, 587.0, 32.20000000000002, 448.19999999999993, 368.0, 407.19999999999993]","[1, 1, 1, 60, 1, 94, 120, 144, 144, 165, 186]","[20, 40, 75, 75, 203, 120, 203, 149, 203, 186, 203]",30736475.84,728.4,-728.4,0.0,,,,DWT,mdp.39015067403892,3.725290298461914e-09,,0.0,33.0,11.0,0.0,33.0,,0.0,168.40000000000003,987.7999999999993,168.40000000000003,,0.0,168.40000000000003,,,28.00000000000003,0.0,33.0,0.0,0.0,,0.0,2.1595845435522496e-15,5.775734715177716e-28,0.9981206929131685,0.17112395678672354,0.026192506125030345,0.13917548025037796,0.030707777578659615,,0.9999996647345563,4.4059199552998455e-09,4.4059199552998455e-09,3.6787269888316428e-09,,0.0,0.9999999955940747,0.0,,,,,,7.946695712486874e-14,1.0,1.0,0.0,0.0,0.9999999009646139,0.37592186795657545,184,0.7654839503353937,0.38861160173831444,603,0,0.3333333060682731,0.4742677179779517,189,0.0,0.19504577337913753,0.3441135328600314,611,242.80633572183956,0.7454860212559333,396.75,285.28993927325195,0.6648027590556396,405,rbio,0.7685897546424816,0.816051598246696,0.21717169227625407,5,305.0,1.0982641376765918e-14,0.9999999999705138,5.005176961414068e-28,0.9839799855601568,0.763873311440513,6.861421749619861e-05,0.11421052631578965,0.0002990910310953338,0.99999999972353,2.0315811923854454e-05,4.745387416349445e-11,4.745387416349445e-11,3.962169481397382e-11,,0.0,0.0031261328403482946,0.0,,,,,0.0,,3.687271056968986e-14,1.0,1.0,0.0,0.0,1.0,0.4015691612041286,0.11457677215643496,1227,1.7181628009844219,0.794281154017359,562,470.2260094890541,0.75355030949211,894.5,770.9044158747904,0.6423673979326379,692,0.3888041033402703,1.0,0.4278371276618108,3,519.75,,,,,,,,,,,,,7.374160600220076e-20,0.9999999999715831,5.005176961414068e-28,0.9883797194886542,0.2361406006528233,0.0012774729812338919,0.08640238127452321,1.0,0.0002990910310953338,0.9999999999999541,9.960751159770467e-05,3.8434858594393884e-14,3.8434858594393884e-14,3.20911916831812e-14,,0.0,0.0,0.004567040150618464,0.0,,,,,0.13043478260869565,,1.1666441752192217e-21,1.0,1.0,0.0,0.0,1.0,0.4544873153722995,0.14156097535167125,1258,1.8464174574239247,0.8962682140076947,305,673.8727624707798,0.6851061857613179,781.5,490.9660908509277,0.6599596349367337,710,818.67,599.5,715.6978453131971,300,0.38607403914171184,1.0,0.42974817260080167,3,533.25
bior2.6,1.0,antisymmetric,5.569097590173183e-27,322.0139441853158,6351273.411875614,0.6100917431192661,259.4682371623259,206,raw,4.89015516322273e-14,-2.152040767811086e-10,6.27686371988613,83681.37219400023,0.8653800254968427,5.618943883690064e-06,0.9999999999999999,327.00000000000017,,,,[],[],13,661.1538461538462,87.00000000000009,940.0000000000001,"[8, 32, 51, 63, 81, 100, 111, 133, 152, 162, 175, 192, 204]","[878.0000000000001, 638.0000000000002, 787.0, 792.0000000000001, 940.0000000000001, 788.0000000000001, 637.0000000000001, 675.0, 771.0000000000001, 196.00000000000006, 834.0, 572.0, 87.00000000000009]","[0, 13, 39, 39, 76, 99, 107, 107, 107, 161, 99, 187, 203]","[76, 39, 61, 76, 205, 164, 119, 142, 164, 164, 205, 205, 205]",37754613.0,941.0000000000001,-941.0000000000001,0.0,,,,DWT,mdp.39015067403892,0.0,,0.0,33.0,19.0,0.0,28.5,,1.1368683772161603e-13,256.3413461538462,4359.0,256.3413461538462,,0.0,256.3413461538462,,,84.00000000000009,0.0,19.5,1.1368683772161603e-13,1.1368683772161603e-13,,1.7053025658242404e-13,4.3440114394644197e-14,3.1441847428726007e-27,0.9743816461577254,0.7721262876130441,0.0006924621669223498,0.39711664482306686,0.0021003232189255798,0.9999999997233857,0.47422802461169933,6.6959667625959335e-09,6.6959667625959335e-09,6.082000342865356e-09,,8.5778263145108e-12,0.9999999933040264,1.3612963731558036e-13,,,,,,0.0,1.0,0.0,1.4238426238064856e-13,1.4238426238064856e-13,0.742268409882117,0.24267159368356264,707,1.5307251496907828,0.7352124732042765,562,0,0.20618566978322145,0.24635434483087434,706,0.0,0.3933021704628892,0.7143730977436268,581,78.32836863699724,0.9178947917851182,639.0,631.7730435048999,0.6240417355152006,482,bior,0.672619891330026,0.76736776154697,0.2989557476048908,5,362.75,4.344011439464419e-14,0.0001547883299646835,3.1441847428726007e-27,0.9743816461577254,0.7721262876130441,0.00172522597307676,0.5468855625301787,0.00446105505015388,0.9999999997233856,0.9919828214562032,0.9855281704452468,0.9855281704452468,0.9855281704451347,,1.837741639739923e-12,0.9999999999667601,7.585973278963461e-14,,,,,1.0,,0.0,1.0,0.25,1.4238426238064856e-13,1.4238426238064856e-13,0.0,2.2095701998219432,0.6304403968410222,713,1.5921398279081853,0.7360226045770262,1321,429.9209229614209,0.7746745686785006,1017.0,926.1288102261553,0.6208278503769862,782,0.5943810304597339,0.7715092316736338,0.3524805091760961,5,587.75,,,,,,,,,,,,,2.9167334983341466e-19,0.036413600438416426,3.1441847428726007e-27,0.981417466319771,0.2386918911893126,0.0016648585136477825,0.4137290704414867,0.9999999999999999,0.00446105505015388,0.9999999999999541,0.0008499884728391233,0.0007982210227401261,0.0007982210227401261,0.0007982210227337874,,0.0,1.4359141228592004e-18,0.020163910573049823,7.054128794466933e-19,,,,,0.4782608695652174,,0.0,1.0,0.7906976744186046,4.770970844811595e-19,4.770970844811595e-19,0.9302325581395349,0.5674759776446953,0.17675400427451057,911,1.6872289849715056,0.8189966482943808,1362,318.90515831513295,0.8509788979835827,1136.5,1091.7571491421031,0.6599520658142213,711,1104.4,1082.5,563.6960149978129,300,0.520820561188399,0.7876173146100969,0.3991404127850916,6,534.75
db30,1.0,smooth,1.0726486376258398e-26,316.94282388747547,4961465.277888717,0.5757575757575758,47.28743346135796,206,smoothed,7.462423343771731e-14,-2.0278161372289138e-10,6.195039996950151,44872.55568411387,0.9905774716151446,0.00014966566451320274,1.0,362.4,,,,[],[],11,426.59999999999997,32.200000000000045,728.3999999999999,"[9, 31, 53, 64, 80, 102, 131, 148, 158, 175, 192]","[311.0000000000002, 417.8, 589.6, 432.1999999999997, 728.3999999999999, 370.9999999999999, 587.0, 32.200000000000045, 448.2000000000001, 368.0, 407.20000000000005]","[1, 1, 1, 60, 1, 94, 120, 144, 144, 165, 186]","[20, 40, 75, 75, 203, 120, 203, 149, 203, 186, 203]",30736475.84,728.3999999999999,-728.3999999999999,0.0,,,,DWT,mdp.39015067403892,3.725290298461914e-09,,0.0,33.0,11.0,0.0,33.0,,1.1368683772161603e-13,168.40000000000003,987.7999999999993,168.40000000000003,,0.0,168.40000000000003,,,28.000000000000057,0.0,33.0,1.1368683772161603e-13,1.1368683772161603e-13,,0.0,1.1510206742651906e-13,2.660424268090821e-26,0.9689710778029347,0.08756086944521296,0.062137657044129435,0.4305868963758026,0.13618298213497115,,0.9999996647593375,4.4059199552998455e-09,4.4059199552998455e-09,3.6787269888316428e-09,,0.0,0.9999999955940747,7.585973278963461e-14,,,,,,7.946695712486874e-14,1.0,1.0,1.7477015598164352e-13,1.7477015598164352e-13,0.9999999009721563,0.3759218679594108,134,0.8829398613307761,0.44824019314842745,278,0,0.33333330607037365,0.47426771798094036,133,0.0,0.24077706897188086,0.42479591533901784,264,79.59218973408551,0.9165700317252773,202.25,178.83901125502936,0.8522839676446092,74,db,0.573477938514061,0.8443824841957417,0.34525069778143475,3,56.25,7.59411691151312e-14,0.9999999999705138,6.793894549950362e-27,0.9556680642132734,0.7438602959973316,0.00016277658559200425,0.3533492822966511,0.0013264101721477898,0.9999999997235728,2.0315811924354055e-05,4.745387416349445e-11,4.745387416349445e-11,3.962169481397382e-11,,0.0,0.0031261328403482946,7.585973278963461e-14,,,,,0.0,,3.687271056968986e-14,1.0,1.0,1.4238426238064856e-13,1.4238426238064856e-13,1.0,0.40156916120422365,0.11457677215646207,1203,1.7872826516875513,0.826234234802564,55,811.7585848021565,0.5745500079653267,629.0,105.19077901430842,0.6224427188673594,776,0.49117026184683504,0.8233619396015222,0.4091722348267588,4,583.0,,,,,,,,,,,,,5.098977176912564e-19,0.9999999999715831,6.793894549950362e-27,0.9678433792062319,0.22995386076173455,0.00129949210489112,0.26731528517484443,1.0,0.0013264101721477898,0.9999999999999541,9.960751159770499e-05,3.8434858594393884e-14,3.8434858594393884e-14,3.20911916831812e-14,,0.0,0.0,0.004567040150618464,7.054128794466933e-19,,,,,0.13043478260869565,,1.1666441752192217e-21,1.0,1.0,4.770970844811595e-19,4.770970844811595e-19,1.0,0.4544873153722995,0.14156097535167125,1211,1.9037893820873055,0.9241170800620555,29,835.8002153624992,0.6094391516997667,620.0,56.64354838709677,0.6598597627657712,712,1009.0473684210526,935.5,610.6543869996938,760,0.4758535102197843,0.8532293215616218,0.41093374637766444,5,535.25
rbio2.4,1.0,constant,3.7089023049121174e-27,321.55494480387733,4877959.3362675905,0.5420560747663551,103.88230217399234,206,smoothed,3.782087911460922e-14,-2.1013768503053187e-10,6.231066761098491,33136.39923994028,0.9758448070209906,0.00014966566451320276,0.9999999999999999,362.40000000000003,,,,[],[],11,426.6,32.19999999999999,728.4000000000001,"[9, 31, 53, 64, 80, 102, 131, 148, 158, 175, 192]","[311.00000000000017, 417.79999999999995, 589.6, 432.2000000000002, 728.4000000000001, 371.0, 587.0, 32.19999999999999, 448.2, 368.0000000000001, 407.20000000000016]","[1, 1, 1, 60, 1, 94, 120, 144, 144, 165, 186]","[20, 40, 75, 75, 203, 120, 203, 149, 203, 186, 203]",30736475.840000004,728.4000000000001,-728.4000000000001,0.0,,,,DWT,mdp.39015067403892,7.450580596923828e-09,,0.0,33.0,11.0,0.0,33.0,,1.1368683772161603e-13,168.4000000000001,987.7999999999984,168.4000000000001,,0.0,168.4000000000001,,,28.0,0.0,33.0,1.1368683772161603e-13,1.1368683772161603e-13,,5.684341886080802e-14,3.4250253111775284e-14,6.066583572924302e-27,0.9864944294630289,0.13952602038467068,0.026300675267144254,0.19909184618270787,0.03885699115368861,,0.999999664709775,4.4059791007223055e-09,4.4059791007223055e-09,3.6787861342541454e-09,,6.125805465799743e-13,0.9999999955939887,7.585973278963461e-14,,,,,,1.5893391424973748e-13,1.0,1.0,1.7477015598164352e-13,1.7477015598164352e-13,0.9999999009576438,0.3759218679539552,257,0.7699895404382937,0.39089894504041384,593,0,0.3333333060663087,0.4742677179751567,253,0.0,0.1986099946358964,0.35040178380394704,594,195.44031484488215,0.7951359383177337,424.25,356.7140970559815,0.6752147196829759,380,rbio,0.7685897546424816,0.816051598246696,0.21717169227625407,5,286.25,2.943949243157818e-14,0.999999999970514,1.8277873841909152e-27,0.9726878345278457,0.7563057357404609,6.889757873730922e-05,0.1633792424987702,0.00037846364881500075,0.999999999723462,2.0315811923354854e-05,4.745454029730922e-11,4.745454029730922e-11,3.962224992548613e-11,,6.125805465799743e-13,0.0031261328403480726,7.585973278963461e-14,,,,,0.0,,7.374542113937972e-14,1.0,1.0,1.4238426238064856e-13,1.4238426238064856e-13,1.0,0.4015691612045485,0.11457677215655476,1151,1.7273030997158885,0.7985065784185468,473,479.4183976444792,0.7487324959934596,812.0,670.4716748768473,0.6615779880386585,554,0.3888041033402703,1.0,0.4278371276618108,3,416.25,,,,,,,,,,,,,1.9766788127916487e-19,0.9999999999715833,1.8277873841909152e-27,0.980188842815935,0.23380119195175733,0.001277539243014833,0.12359942693627127,0.9999999999999999,0.00037846364881500075,0.9999999999999541,9.960751159770423e-05,3.8435400695480126e-14,3.8435400695480126e-14,3.209173378426744e-14,,0.0,4.786380409530668e-19,0.00456704015061846,7.054128794466933e-19,,,,,0.13043478260869565,,2.3332883504384434e-21,1.0,1.0,4.770970844811595e-19,4.770970844811595e-19,1.0,0.4544873153722995,0.14156097535167125,1247,1.855243827512438,0.9005526161744939,238,713.4707422172264,0.6666024569078381,742.5,399.7117845117845,0.6598199200427042,713,818.67,599.5,715.6978453131971,300,0.38607403914171184,1.0,0.42974817260080167,3,535.5
db30,1.0,constant,1.0726486376258398e-26,316.94282388747547,4961465.277888717,0.5757575757575758,47.28743346135796,206,smoothed,7.462423343771731e-14,-2.0278161372289138e-10,6.195039996950151,44872.55568411387,0.9905774716151446,0.00014966566451320274,1.0,362.4,,,,[],[],11,426.59999999999997,32.200000000000045,728.3999999999999,"[9, 31, 53, 64, 80, 102, 131, 148, 158, 175, 192]","[311.0000000000002, 417.8, 589.6, 432.1999999999997, 728.3999999999999, 370.9999999999999, 587.0, 32.200000000000045, 448.2000000000001, 368.0, 407.20000000000005]","[1, 1, 1, 60, 1, 94, 120, 144, 144, 165, 186]","[20, 40, 75, 75, 203, 120, 203, 149, 203, 186, 203]",30736475.84,728.3999999999999,-728.3999999999999,0.0,,,,DWT,mdp.39015067403892,3.725290298461914e-09,,0.0,33.0,11.0,0.0,33.0,,1.1368683772161603e-13,168.40000000000003,987.7999999999993,168.40000000000003,,0.0,168.40000000000003,,,28.000000000000057,0.0,33.0,1.1368683772161603e-13,1.1368683772161603e-13,,0.0,1.1510206742651906e-13,2.660424268090821e-26,0.9689710778029347,0.08756086944521296,0.062137657044129435,0.4305868963758026,0.13618298213497115,,0.9999996647593375,4.4059199552998455e-09,4.4059199552998455e-09,3.6787269888316428e-09,,0.0,0.9999999955940747,7.585973278963461e-14,,,,,,7.946695712486874e-14,1.0,1.0,1.7477015598164352e-13,1.7477015598164352e-13,0.9999999009721563,0.3759218679594108,133,0.8829398613307761,0.44824019314842745,279,0,0.33333330607037365,0.47426771798094036,131,0.0,0.24077706897188086,0.42479591533901784,263,80.52121873560203,0.9155962067760985,201.5,177.47098535564754,0.8521901369310262,76,db,0.573477938514061,0.8443824841957417,0.34525069778143475,3,57.75,7.59411691151312e-14,0.9999999999705138,6.793894549950362e-27,0.9556680642132734,0.7438602959973316,0.00016277658559200425,0.3533492822966511,0.0013264101721477898,0.9999999997235728,2.0315811924354055e-05,4.745387416349445e-11,4.745387416349445e-11,3.962169481397382e-11,,0.0,0.0031261328403482946,7.585973278963461e-14,,,,,0.0,,3.687271056968986e-14,1.0,1.0,1.4238426238064856e-13,1.4238426238064856e-13,1.0,0.40156916120422365,0.11457677215646207,1201,1.7872826516875513,0.826234234802564,54,811.05147802097,0.5749206090036845,627.5,103.35298804780876,0.6230211011475446,772,0.49117026184683504,0.8233619396015222,0.4091722348267588,4,580.0,,,,,,,,,,,,,5.098977176912564e-19,0.9999999999715831,6.793894549950362e-27,0.9678433792062319,0.22995386076173455,0.00129949210489112,0.26731528517484443,1.0,0.0013264101721477898,0.9999999999999541,9.960751159770499e-05,3.8434858594393884e-14,3.8434858594393884e-14,3.20911916831812e-14,,0.0,0.0,0.004567040150618464,7.054128794466933e-19,,,,,0.13043478260869565,,1.1666441752192217e-21,1.0,1.0,4.770970844811595e-19,4.770970844811595e-19,1.0,0.4544873153722995,0.14156097535167125,1212,1.9037893820873055,0.9241170800620555,28,837.2144289248723,0.6087783042407139,620.0,54.73548387096774,0.6595293390362449,714,1009.0473684210526,935.5,610.6543869996938,760,0.4758535102197843,0.8532293215616218,0.41093374637766444,5,536.75
db11,1.0,reflect,6.413224711822106e-27,321.40102789504783,6350055.404554115,0.6150442477876106,279.1918306441835,206,raw,5.34890362854357e-14,-2.1082424694896247e-10,6.463733288423762,60340.58103537562,0.7647582389511549,5.618943883690062e-06,1.0,327.0,,,,[],[],13,661.1538461538462,87.0,940.0,"[8, 32, 51, 63, 81, 100, 111, 133, 152, 162, 175, 192, 204]","[878.0000000000002, 638.0, 787.0, 792.0, 940.0, 787.9999999999999, 637.0000000000001, 675.0, 771.0000000000002, 196.0, 834.0000000000002, 571.9999999999999, 87.0]","[0, 13, 42, 42, 76, 99, 107, 107, 107, 161, 99, 187, 203]","[76, 42, 61, 76, 205, 164, 119, 142, 164, 164, 205, 205, 205]",37754613.0,941.0,-941.0,0.0,,,,DWT,mdp.39015067403892,0.0,,0.0,33.0,19.0,0.0,28.5,,0.0,256.3413461538462,4359.0,256.34134615384613,,0.0,256.3413461538462,,,84.0,0.0,24.0,0.0,0.0,,0.0,4.923648084161002e-14,3.741544988936372e-27,0.9721198462891829,0.8366803492957343,0.0006910914427408788,0.4342604298356507,0.00021058281481056706,0.9999999997234517,0.4742280246116003,6.6959667625959335e-09,6.6959667625959335e-09,6.0819563246244724e-09,,0.0,0.9999999933040264,0.0,,,,,,0.0,1.0,0.5,0.0,0.0,0.7922684098776603,0.25901821374923895,561,1.5757460330923272,0.7568361559654679,444,0,0.24785233644912635,0.2961384271997293,561,0.0,0.4054952874252026,0.7365200254487717,470,60.975404877704584,0.9360844812602678,509.0,503.46293035047324,0.7012707521605321,338,db,0.540986235965534,0.9305070477545101,0.3421575204977732,3,254.25,4.923648084161001e-14,0.0001547883299646835,3.741544988936372e-27,0.9721198462891828,0.8366803492957343,0.0017238566655105641,0.5748020493712155,0.0025757852059844757,0.9999999997234515,0.9919828214562016,0.9855281704452468,0.9855281704452468,0.9855281704451341,,0.0,0.9999999999667601,0.0,,,,,1.0,,0.0,1.0,0.5,0.0,0.0,0.0,2.234570199820929,0.6375734627746849,546,1.633471580973397,0.7551296603830228,1183,450.4270196158308,0.7639271385661264,864.5,747.1578947368421,0.6554174476897718,590,0.49117026184683504,0.8233619396015222,0.4091722348267588,4,443.5,,,,,,,,,,,,,3.305923453749405e-19,0.03641360043841641,3.741544988936372e-27,0.9797768467665438,0.25864786382511923,0.0016645383119235208,0.43484841046812484,1.0,0.0025757852059844757,0.9999999999999541,0.0008499884728391221,0.0007982210227401261,0.0007982210227401261,0.0007982210227337869,,0.0,0.0,0.020163910573049823,0.0,,,,,0.4782608695652174,,0.0,1.0,0.8604651162790697,0.0,0.0,0.9302325581395349,0.5744527218307418,0.17892707859001003,263,1.7039160675295981,0.8270967134346915,1253,700.035713374682,0.6728805077688402,758.0,434.74802110817944,0.6593374501461023,715,1009.0473684210526,935.5,610.6543869996938,760,0.4758535102197843,0.8532293215616218,0.41093374637766444,5,537.5
coif5,1.0,zero,6.768641014421001e-27,318.9423839303229,4962026.956133134,0.5555555555555556,60.12690905535312,206,smoothed,5.554995514279814e-14,-2.0518593490948018e-10,6.194338747396222,40275.830333844686,0.988599342117997,0.00014966566451320263,0.9999999999999997,362.4,,,,[],[],11,426.59999999999997,32.200000000000045,728.4000000000001,"[9, 31, 53, 64, 80, 102, 131, 148, 158, 175, 192]","[310.9999999999999, 417.79999999999995, 589.6, 432.19999999999993, 728.4000000000001, 371.0000000000001, 587.0, 32.200000000000045, 448.20000000000005, 368.0, 407.20000000000005]","[1, 1, 1, 60, 1, 94, 120, 144, 144, 165, 186]","[20, 40, 75, 75, 203, 120, 203, 149, 203, 186, 203]",30736475.84,728.4000000000001,-728.4000000000001,0.0,,,,DWT,mdp.39015067403892,3.725290298461914e-09,,0.0,33.0,11.0,0.0,33.0,,1.1368683772161603e-13,168.40000000000003,987.7999999999993,168.40000000000003,,0.0,168.40000000000003,,,28.000000000000057,0.0,33.0,1.1368683772161603e-13,1.1368683772161603e-13,,0.0,7.319854979197992e-14,1.5021213818392898e-26,0.976568232004092,0.08654938424032196,0.06237870399981809,0.29181955536369564,0.09806310429320693,,0.9999996647593375,4.4059199552998455e-09,4.4059199552998455e-09,3.6787269888316428e-09,,0.0,0.9999999955940747,7.585973278963461e-14,,,,,,7.946695712486874e-14,1.0,1.0,1.7477015598164352e-13,1.7477015598164352e-13,0.9999999009721563,0.3759218679594108,131,0.8163580471853082,0.4144387458021098,461,0,0.33333330607037365,0.47426771798094036,132,0.0,0.2164827114144583,0.3819340934045381,435,183.0398408361779,0.8081343387461448,289.75,203.27895733785763,0.752206582370976,226,coif,0.5556920286951962,0.9053407607371553,0.33941335169221604,4,170.5,5.184048757248378e-14,0.9999999999705129,3.9930610989279816e-27,0.9630468934496086,0.7436180494543898,0.000163408035219828,0.23947368421052662,0.0009551259416392044,0.9999999997235366,2.0315811924354055e-05,4.745387416349445e-11,4.745387416349445e-11,3.962169481397382e-11,,0.0,0.0031261328403482946,7.585973278963461e-14,,,,,0.0,,3.687271056968986e-14,1.0,1.0,1.4238426238064856e-13,1.4238426238064856e-13,1.0,0.40156916120422365,0.11457677215646207,1204,1.7458903887560202,0.8070992061837337,277,655.4879861599295,0.656452837442385,740.5,450.3821742066171,0.6341750560377544,731,0.4784248188775415,0.776734912893196,0.43208215291776214,2,548.75,,,,,,,,,,,,,3.4807663096596446e-19,0.9999999999715824,3.9930610989279816e-27,0.9731956880879442,0.22987897367862847,0.001299639764383118,0.1811662833175486,0.9999999999999997,0.0009551259416392044,0.9999999999999541,9.960751159770499e-05,3.8434858594393884e-14,3.8434858594393884e-14,3.20911916831812e-14,,0.0,0.0,0.004567040150618464,7.054128794466933e-19,,,,,0.13043478260869565,,1.1666441752192217e-21,1.0,1.0,4.770970844811595e-19,4.770970844811595e-19,1.0,0.4544873153722995,0.14156097535167125,1227,1.8723552832694037,0.9088586760141599,107,791.9595949289333,0.629925422930405,667.0,196.83508245877061,0.6591215899698754,716,986.6382352941176,846.0,585.0035688138154,340,0.4652856568234462,0.8173890317607586,0.42908333069536003,4,538.0
coif7,1.0,reflect,1.3142916676403288e-26,318.28487492292516,6883307.924211201,0.6138211382113821,284.85347078893824,206,raw,7.915566799647864e-14,-2.1657631243954533e-10,6.638986973032022,59663.593889430274,0.7391584866647223,5.618943883690064e-06,1.0,327.0,,,,[],[],13,661.1538461538462,86.99999999999994,939.9999999999998,"[8, 32, 51, 63, 81, 100, 111, 133, 152, 162, 175, 192, 204]","[878.0000000000002, 638.0000000000002, 787.0000000000002, 792.0000000000003, 939.9999999999998, 788.0, 637.0000000000002, 675.0000000000001, 771.0000000000003, 196.00000000000017, 834.0000000000002, 572.0, 86.99999999999994]","[0, 13, 42, 42, 76, 99, 107, 107, 107, 161, 164, 187, 203]","[76, 42, 61, 76, 205, 164, 119, 142, 164, 164, 205, 205, 205]",37754613.0,940.9999999999998,-940.9999999999998,0.0,,,,DWT,mdp.39015067403892,0.0,,0.0,33.0,19.0,0.0,28.5,,2.2737367544323206e-13,256.3413461538462,4359.0,256.3413461538463,,0.0,256.3413461538462,,,83.99999999999994,0.0,28.5,2.2737367544323206e-13,2.2737367544323206e-13,,0.0,8.166671529535781e-14,8.503920636863434e-27,0.9606205363595604,0.8972217057876132,0.001291204521391795,0.4250871080139369,0.0001557719065570695,0.9999999997233651,0.47422802461153424,6.6959667625959335e-09,6.6959667625959335e-09,6.082088379347123e-09,,0.0,0.9999999933040264,2.7225927463116073e-13,,,,,,0.0,1.0,1.0,2.847685247612971e-13,2.847685247612971e-13,0.8422684098779301,0.27536483381646043,198,1.5957259288278067,0.7664325675492281,373,0,0.2895190031158686,0.3459225095695848,198,0.0,0.41054704078906323,0.7456957609788619,394,107.44106911853277,0.8873783342573032,290.75,261.09581641580115,0.7913044711118801,155,coif,0.5507900112560971,0.8749445204262634,0.351963635992853,2,116.75,8.16667152953578e-14,0.0001547883299646835,8.503920636863434e-27,0.9606205363595604,0.8972217057876133,0.0023233495396260736,0.5679075738125801,0.0025211039639277144,0.999999999723365,0.9919828214562006,0.9855281704452468,0.9855281704452468,0.985528170445136,,0.0,0.9999999999667601,1.5171946557926922e-13,,,,,1.0,,0.0,1.0,0.75,2.847685247612971e-13,2.847685247612971e-13,0.0,2.259570199821119,0.644706528708691,199,1.6543627569783188,0.7647873408871414,1091,630.7392488184004,0.6694238737849054,645.0,336.6031007751938,0.6656867796597483,527,0.4784248188775415,0.776734912893196,0.43208215291776214,2,395.75,,,,,,,,,,,,,5.483411991895118e-19,0.036413600438416426,8.503920636863434e-27,0.9714357052793813,0.2773633655610931,0.0018047249702852338,0.42963261184499263,1.0,0.0025211039639277144,0.9999999999999541,0.0008499884728391214,0.0007982210227401261,0.0007982210227401261,0.0007982210227337884,,0.0,0.0,0.020163910573049823,1.4108257588933865e-18,,,,,0.4782608695652174,,0.0,1.0,0.9302325581395349,9.54194168962319e-19,9.54194168962319e-19,0.9302325581395349,0.5814294660167882,0.18110015290550946,158,1.7062310348883927,0.8282204201304935,1236,762.2611101190982,0.6438032195705148,697.0,280.1836441893831,0.6590511424955378,717,986.6382352941176,846.0,585.0035688138154,340,0.4652856568234462,0.8173890317607586,0.42908333069536003,4,538.75
bior2.2,1.0,smooth,1.1273358454670059e-27,328.95125930537847,6249802.4060772825,0.6142857142857143,260.5165936761131,206,raw,1.4581647647698184e-14,-2.0849888482388495e-10,6.227578145055154,73031.52720521542,0.8435183761024648,5.618943883690066e-06,1.0,327.0,,,,[],[],13,661.1538461538462,87.0,940.0,"[8, 32, 51, 63, 81, 100, 111, 133, 152, 162, 175, 192, 204]","[878.0, 637.9999999999999, 787.0, 792.0, 940.0, 788.0, 637.0, 675.0, 771.0, 196.0, 834.0, 572.0, 87.0]","[0, 13, 42, 42, 76, 99, 107, 107, 107, 161, 99, 187, 203]","[76, 39, 61, 76, 205, 164, 119, 142, 164, 164, 205, 205, 205]",37754613.0,941.0,-941.0,0.0,,,,DWT,mdp.39015067403892,0.0,,0.0,33.0,19.0,0.0,28.5,,0.0,256.3413461538462,4359.0,256.34134615384613,,0.0,256.3413461538462,,,84.0,0.0,24.0,0.0,0.0,,0.0,7.632029892229725e-17,9.000162886586616e-31,0.9999819094819987,0.7551005939027011,0.000578268467992244,0.4285714285714288,0.0012380798512481332,0.9999999997234867,0.4742280246116003,6.6959667625959335e-09,6.6959667625959335e-09,6.0819563246244724e-09,,0.0,0.9999999933040264,0.0,,,,,,0.0,1.0,0.5,0.0,0.0,0.7922684098776603,0.25901821374923895,562,1.5497523801330115,0.7443513164214828,510,0,0.24785233644912635,0.2961384271997293,563,0.0,0.39818378499985696,0.7232398021776748,532,25.591339680967597,0.973174696351187,541.75,540.8298167622407,0.7026512894753838,333,bior,0.672619891330026,0.76736776154697,0.2989557476048908,5,251.0,7.632029892228463e-17,0.0001547883299646835,9.000162886586616e-31,0.9999819094819987,0.7551005939027012,0.0016111502909879976,0.570526315789474,0.003600851492100291,0.9999999997234866,0.9919828214562016,0.9855281704452468,0.9855281704452468,0.9855281704451341,,0.0,0.9999999999667601,0.0,,,,,1.0,,0.0,1.0,0.5,0.0,0.0,0.0,2.234570199820929,0.6375734627746849,563,1.6080423210870576,0.743374091075646,1265,496.38896039295633,0.739838071072874,914.0,779.2067833698031,0.630401215829938,746,0.5943810304597339,0.7715092316736338,0.3524805091760961,5,560.75,,,,,,,,,,,,,5.124433385400306e-22,0.03641360043841643,9.000162886586616e-31,0.9999868778586586,0.23342863944445247,0.0016381828193020387,0.4316137387169726,1.0,0.003600851492100291,0.9999999999999541,0.0008499884728391221,0.0007982210227401261,0.0007982210227401261,0.0007982210227337869,,0.0,0.0,0.020163910573049823,0.0,,,,,0.4782608695652174,,0.0,1.0,0.8604651162790697,0.0,0.0,0.9302325581395349,0.5744527218307418,0.17892707859001003,315,1.7025354540622082,0.8264265508115656,1263,670.337228564847,0.68675830440895,789.0,504.23954372623575,0.6590333578119516,718,1104.4,1082.5,563.6960149978129,300,0.520820561188399,0.7876173146100969,0.3991404127850916,6,540.0
coif14,1.0,zero,2.068367253420777e-26,314.09112220881195,4961057.798330945,0.5520833333333334,33.75568440541737,206,smoothed,1.0293384267922711e-13,-2.1288106832884117e-10,6.1955488304007895,46599.0675771605,0.9918277096006394,0.0001496656645132026,0.9999999999999997,362.4000000000001,,,,[],[],11,426.60000000000014,32.200000000000045,728.4,"[9, 31, 53, 64, 80, 102, 131, 148, 158, 175, 192]","[311.00000000000034, 417.79999999999995, 589.6000000000005, 432.20000000000005, 728.4, 371.00000000000017, 587.0000000000001, 32.200000000000045, 448.1999999999998, 367.9999999999997, 407.2000000000004]","[1, 1, 1, 60, 1, 94, 120, 144, 144, 165, 186]","[20, 40, 75, 75, 203, 120, 203, 149, 203, 186, 203]",30736475.840000004,728.4,-728.4,0.0,,,,DWT,mdp.39015067403892,7.450580596923828e-09,,0.0,33.0,11.0,0.0,33.0,,0.0,168.4000000000002,987.7999999999975,168.40000000000012,,0.0,168.4000000000002,,,28.000000000000057,0.0,33.0,0.0,0.0,,1.1368683772161603e-13,1.7729431353600917e-13,5.574494023545403e-26,0.9581362856865374,0.08829481288117041,0.0619627852062352,0.26796891862723987,0.15050065774972957,,0.9999996647593375,4.406097391567225e-09,4.406097391567225e-09,3.678815706965397e-09,,1.2251610931599486e-12,0.9999999955939026,0.0,,,,,,1.5893391424973748e-13,1.0,1.0,0.0,0.0,0.9999999009727477,0.3759218679596331,118,0.8173984010064662,0.41496690000395514,449,0,0.33333330607046957,0.47426771798107686,119,0.0,0.2181233514501557,0.3848286264623656,419,182.56574158368267,0.8086312981303116,276.25,186.1179813413542,0.7595305337611726,204,coif,0.5556920286951962,0.9053407607371553,0.33941335169221604,4,154.0,1.1171085153127565e-13,0.9999999999705127,1.3840258801103074e-26,0.9451446394253565,0.7440360724290737,0.00016231848913258345,0.21990131578947408,0.0014658630632447536,0.9999999997234206,2.0315811924354055e-05,4.745570603148508e-11,4.745570603148508e-11,3.962258299239352e-11,,1.2251610931599486e-12,0.003126132840347795,0.0,,,,,0.0,,7.374542113937972e-14,1.0,1.0,0.0,0.0,1.0,0.4015691612047609,0.11457677215661537,1127,1.72773285053596,0.7987052458423268,470,464.5691552395617,0.7565151177989718,798.5,663.3562930494677,0.6690070347904713,505,0.4784248188775415,0.776734912893196,0.43208215291776214,2,379.25,,,,,,,,,,,,,7.500688875461993e-19,0.9999999999715822,1.3840258801103074e-26,0.9602101059382934,0.23000819955267082,0.0012993849826639405,0.16635942362332598,0.9999999999999997,0.0014658630632447538,0.9999999999999541,9.960751159770499e-05,3.843648489765261e-14,3.843648489765261e-14,3.209195062470194e-14,,0.0,9.572760819061336e-19,0.004567040150618456,0.0,,,,,0.13043478260869565,,2.3332883504384434e-21,1.0,1.0,0.0,0.0,1.0,0.4544873153722995,0.14156097535167125,1245,1.858909970496728,0.9023321960910587,206,734.6839456528229,0.6566897450220454,725.5,353.50792556857346,0.6588355267166301,719,986.6382352941176,846.0,585.0035688138154,340,0.4652856568234462,0.8173890317607586,0.42908333069536003,4,540.25
db9,1.0,zero,5.867091711831355e-27,321.7875636988226,5960596.95529221,0.6081081081081081,247.93123219290953,206,raw,4.829362368476264e-14,-2.0697910052547565e-10,6.334032192275469,66604.17003489975,0.7985830868728108,5.618943883690066e-06,1.0,327.0,,,,[],[],13,661.1538461538462,86.99999999999991,940.0,"[8, 32, 51, 63, 81, 100, 111, 133, 152, 162, 175, 192, 204]","[878.0, 637.9999999999999, 787.0000000000003, 791.9999999999998, 940.0, 788.0, 637.0000000000002, 675.0000000000002, 771.0000000000002, 196.00000000000006, 833.9999999999999, 572.0, 86.99999999999991]","[0, 13, 39, 39, 76, 99, 107, 107, 107, 161, 99, 187, 203]","[76, 39, 61, 76, 205, 164, 119, 142, 164, 164, 205, 205, 205]",37754613.0,941.0,-941.0,0.0,,,,DWT,mdp.39015067403892,0.0,,0.0,33.0,19.0,0.0,28.5,,0.0,256.3413461538462,4359.0,256.3413461538462,,0.0,256.3413461538462,,,83.99999999999991,0.0,19.5,0.0,0.0,,0.0,4.2671986886164694e-14,3.3550651153591025e-27,0.973546250912533,0.7918751269869809,0.0002528017012437946,0.38223938223938225,0.000717701752070643,0.9999999997235096,0.47422802461150126,6.6959667625959335e-09,6.6959667625959335e-09,6.082000342865356e-09,,0.0,0.9999999933040264,0.0,,,,,,0.0,1.0,0.0,0.0,0.0,0.7422684098776438,0.24267159368210023,945,1.5333745483776298,0.7364849883657699,553,0,0.2061856697824551,0.2463543448299587,944,0.0,0.3935789079144703,0.7148757488993909,579,218.78509242328798,0.7706655215688805,755.25,707.5942641063489,0.4894994274511069,908,db,0.540986235965534,0.9305070477545101,0.3421575204977732,3,681.75,4.267198688616468e-14,0.0001547883299646835,3.355065115359102e-27,0.973546250912533,0.7918751269869809,0.0012860198874551534,0.5357041251778095,0.00308170445168711,0.9999999997235095,0.9919828214562001,0.9855281704452468,0.9855281704452468,0.9855281704451347,,0.0,0.9999999999667601,0.0,,,,,1.0,,0.0,1.0,0.25,0.0,0.0,0.0,2.2095701998209285,0.6304403968407327,944,1.5962690922249423,0.7379315021651227,1305,255.26554800834364,0.8662130251528597,1124.5,1095.52690084482,0.6384262190753816,715,0.49117026184683504,0.8233619396015222,0.4091722348267588,4,537.25,,,,,,,,,,,,,2.865158513640958e-19,0.03641360043841643,3.355065115359102e-27,0.9808115038767636,0.24479696479525276,0.0015621536506979718,0.40527010571659483,1.0,0.00308170445168711,0.9999999999999541,0.000849988472839121,0.0007982210227401261,0.0007982210227401261,0.0007982210227337874,,0.0,0.0,0.020163910573049823,0.0,,,,,0.4782608695652174,,0.0,1.0,0.7906976744186046,0.0,0.0,0.9302325581395349,0.5674759776446953,0.17675400427451057,936,1.6859312657478531,0.8183667233084628,1371,307.59144981614816,0.8562656776560056,1153.5,1112.488946684005,0.6586234930336103,720,1009.0473684210526,935.5,610.6543869996938,760,0.4758535102197843,0.8532293215616218,0.41093374637766444,5,541.25
db21,1.0,periodic,1.190876682655095e-26,318.71312454989896,6640934.34792402,0.6138211382113821,308.64252098476567,206,raw,7.276972983202063e-14,-2.047267910754187e-10,6.618605370318859,62891.399437336935,0.7448395307170833,5.618943883690066e-06,1.0,327.00000000000006,,,,[],[],13,661.1538461538462,87.00000000000006,939.9999999999999,"[8, 32, 51, 63, 81, 100, 111, 133, 152, 162, 175, 192, 204]","[877.9999999999998, 638.0, 786.9999999999999, 792.0000000000003, 939.9999999999999, 787.9999999999999, 637.0, 674.9999999999999, 770.9999999999997, 196.00000000000006, 834.0, 572.0000000000002, 87.00000000000006]","[0, 13, 42, 42, 76, 99, 107, 107, 107, 161, 164, 187, 203]","[76, 42, 61, 76, 205, 164, 119, 142, 164, 164, 205, 205, 205]",37754613.0,940.9999999999999,-940.9999999999999,0.0,,,,DWT,mdp.39015067403892,0.0,,0.0,33.0,19.0,0.0,28.5,,1.1368683772161603e-13,256.3413461538462,4359.0,256.34134615384613,,0.0,256.3413461538462,,,84.00000000000006,0.0,28.5,1.1368683772161603e-13,1.1368683772161603e-13,,5.684341886080802e-14,7.359797163580678e-14,7.630554482548614e-27,0.9622008744340621,0.8901808844862429,0.0010184415288364724,0.4250871080139369,0.00041710471738820186,0.9999999997235436,0.47422802461166635,6.6959667625959335e-09,6.6959667625959335e-09,6.0819563246244724e-09,,2.859275438170267e-12,0.9999999933040264,1.3612963731558036e-13,,,,,,0.0,1.0,1.0,1.4238426238064856e-13,1.4238426238064856e-13,0.8422684098792346,0.2753648338168869,164,1.5931218726499465,0.7651818305483535,379,0,0.28951900311607187,0.3459225095698277,165,0.0,0.4098630516130105,0.7444533994990236,404,131.4559495293639,0.8622055036379833,278.0,231.58954335488673,0.7854004457393271,164,db,0.540986235965534,0.9305070477545101,0.3421575204977732,3,123.75,7.359797163580677e-14,0.0001547883299646835,7.630554482548614e-27,0.962200874434062,0.890180884486243,0.0020508684420187068,0.5679075738125801,0.0027818185395800726,0.9999999997235435,0.9919828214562026,0.9855281704452468,0.9855281704452468,0.9855281704451341,,6.125805465799743e-13,0.9999999999667601,7.585973278963461e-14,,,,,1.0,,0.0,1.0,0.75,1.4238426238064856e-13,1.4238426238064856e-13,0.0,2.2595701998213307,0.6447065287087516,164,1.651758594453861,0.7635834752150468,1103,663.9732675341681,0.6520056249820922,633.5,285.5438042620363,0.6599912820927233,561,0.49117026184683504,0.8233619396015222,0.4091722348267588,4,421.75,,,,,,,,,,,,,4.941646040095846e-19,0.03641360043841643,7.630554482548614e-27,0.9725820195849912,0.2751867955117227,0.001741007424690274,0.42963261184499263,1.0,0.0027818185395800726,0.9999999999999541,0.0008499884728391229,0.0007982210227401261,0.0007982210227401261,0.0007982210227337869,,0.0,4.786380409530668e-19,0.020163910573049823,7.054128794466933e-19,,,,,0.4782608695652174,,0.0,1.0,0.9302325581395349,4.770970844811595e-19,4.770970844811595e-19,0.9302325581395349,0.5814294660167882,0.18110015290550946,150,1.7059029655045368,0.8280611721990156,1238,769.3321779309637,0.6404989822752507,694.0,267.57925072046106,0.658099958427345,721,1009.0473684210526,935.5,610.6543869996938,760,0.4758535102197843,0.8532293215616218,0.41093374637766444,5,542.0
coif8,1.0,antisymmetric,2.324249605716692e-26,315.8089648089679,7035961.902125699,0.6111111111111112,289.59665300447074,206,raw,1.0114455120264681e-13,-2.2362800500275473e-10,6.661796926438858,141233.1823827498,0.8957168873190157,5.618943883690064e-06,0.9999999999999998,327.00000000000017,,,,[],[],13,661.1538461538462,86.99999999999991,940.0000000000002,"[8, 32, 51, 63, 81, 100, 111, 133, 152, 162, 175, 192, 204]","[878.0, 638.0000000000001, 787.0000000000001, 792.0000000000005, 940.0000000000002, 788.0, 637.0, 675.0, 771.0000000000001, 196.00000000000023, 834.0000000000003, 572.0, 86.99999999999991]","[0, 13, 39, 39, 76, 99, 107, 107, 107, 161, 164, 187, 203]","[76, 39, 61, 76, 205, 164, 119, 142, 164, 164, 205, 205, 205]",37754613.00000001,941.0000000000002,-941.0000000000002,0.0,,,,DWT,mdp.39015067403892,7.450580596923828e-09,,0.0,33.0,19.0,0.0,28.5,,2.2737367544323206e-13,256.3413461538462,4359.0,256.34134615384625,,0.0,256.3413461538462,,,83.99999999999991,0.0,24.0,2.2737367544323206e-13,2.2737367544323206e-13,,1.7053025658242404e-13,1.09450050708446e-13,1.5651051761199872e-26,0.9514838675204542,0.9051014004362774,0.0014629986438339899,0.4047619047619051,0.006759890253501062,0.9999999997232587,0.47422802461150126,6.6959667625959335e-09,6.6959667625959335e-09,6.082044361106239e-09,,8.5778263145108e-12,0.9999999933040264,2.7225927463116073e-13,,,,,,7.374542113937972e-14,1.0,0.5,2.847685247612971e-13,2.847685247612971e-13,0.7922684098822328,0.2590182137507338,272,1.588781237947827,0.763097009001346,389,0,0.24785233644991655,0.29613842720067346,273,0.0,0.40869625766741746,0.7423340971713481,423,78.3171969195357,0.9179065021807802,339.25,325.88590265323813,0.7811492678618785,175,coif,0.5507900112560971,0.8749445204262634,0.351963635992853,2,131.75,1.0945005070844598e-13,0.0001547883299646835,1.5651051761199872e-26,0.9514838675204542,0.9051014004362775,0.002494966116372823,0.5526315789473688,0.009109598944353422,0.9999999997232586,0.9919828214562001,0.9855281704452468,0.9855281704452468,0.9855281704451354,,1.837741639739923e-12,0.9999999999667601,1.5171946557926922e-13,,,,,1.0,,7.374542113937972e-14,1.0,0.5,2.847685247612971e-13,2.847685247612971e-13,0.0,2.2345701998220737,0.6375734627750115,272,1.6494314113336124,0.7625076530093153,1113,594.6768029778865,0.6883245267411496,692.5,437.1638989169675,0.6626895170393379,545,0.4784248188775415,0.776734912893196,0.43208215291776214,2,409.25,,,,,,,,,,,,,7.348890161648714e-19,0.036413600438416426,1.5651051761199872e-26,0.9648083295520767,0.27979926140851763,0.0018448561469053047,0.41807603842511193,0.9999999999999998,0.009109598944353422,0.9999999999999541,0.000849988472839121,0.0007982210227401261,0.0007982210227401261,0.0007982210227337879,,0.0,1.4359141228592004e-18,0.020163910573049823,1.4108257588933865e-18,,,,,0.4782608695652174,,2.3332883504384434e-21,1.0,0.8604651162790697,9.54194168962319e-19,9.54194168962319e-19,0.9302325581395349,0.5744527218307418,0.17892707859001003,338,1.7015053915882503,0.8259265489023881,1271,659.7306268470488,0.6917146603518464,804.5,533.9937849596023,0.6578900404562971,722,986.6382352941176,846.0,585.0035688138154,340,0.4652856568234462,0.8173890317607586,0.42908333069536003,4,542.5
rbio3.1,1.0,periodization,9.463420086109221e-27,317.48691755170194,4940696.461725066,0.6359223300970874,318.56933562707786,206,smoothed,7.426012384021157e-14,-1.888734502131232e-10,6.490912224306681,38159.845262512965,0.741064728696565,0.0001496656645132028,1.0,362.3999999999999,,,,[],[],11,426.59999999999985,32.200000000000045,728.3999999999997,"[9, 31, 53, 64, 80, 102, 131, 148, 158, 175, 192]","[311.0, 417.79999999999995, 589.5999999999999, 432.1999999999999, 728.3999999999997, 371.0, 586.9999999999999, 32.200000000000045, 448.19999999999993, 368.0, 407.19999999999993]","[1, 1, 1, 60, 1, 94, 120, 144, 144, 165, 186]","[20, 40, 75, 75, 203, 120, 203, 149, 203, 186, 203]",30736475.83999998,728.3999999999997,-728.3999999999997,0.0,,,,DWT,mdp.39015067403892,1.4901161193847656e-08,,0.0,33.0,11.0,0.0,33.0,,2.2737367544323206e-13,168.39999999999992,987.8000000000002,168.39999999999995,,0.0,168.39999999999992,,,28.000000000000057,0.0,33.0,2.2737367544323206e-13,2.2737367544323206e-13,,5.684341886080802e-14,1.1430216964249382e-13,2.290775331446259e-26,0.9710383142841732,0.5143281719447936,0.05322461837960878,0.8438575940016644,0.08051559246950432,,0.9999996647593375,4.405801664454926e-09,4.405801664454926e-09,3.6786382706978885e-09,,6.125805465799743e-13,0.9999999955941608,1.5171946557926922e-13,,,,,,3.1786782849947497e-13,1.0,1.0,3.4954031196328703e-13,3.4954031196328703e-13,0.9999999009726351,0.3759218679595908,123,1.236148658321207,0.6275529485450286,114,0,0.33333330607046013,0.47426771798106343,121,0.0,0.35185204158283695,0.6207622291703314,103,9.03234926989282,0.9905321286479111,115.25,114.69464394972714,0.9348625003826557,23,rbio,0.7685897546424816,0.816051598246696,0.21717169227625407,5,18.5,7.548111032179562e-14,0.999999999970514,5.900065207748311e-27,0.9576758930110433,0.8460693082213954,0.0001394278777379276,0.6924885028104244,0.0007842147322211683,0.9999999997237824,2.0315811924354055e-05,4.74525418958649e-11,4.74525418958649e-11,3.9620695613251655e-11,,6.125805465799743e-13,0.003126132840348572,1.5171946557926922e-13,,,,,0.0,,1.4749084227875944e-13,1.0,1.0,2.847685247612971e-13,2.847685247612971e-13,1.0,0.40156916120467917,0.11457677215659205,1136,1.9750189907539408,0.9130219571064169,14,793.3738084913064,0.5841856349626278,575.0,27.65913043478261,0.6414114757622363,699,0.3888041033402703,1.0,0.4278371276618108,3,525.0,,,,,,,,,,,,,5.068087090354908e-19,0.9999999999715835,5.900065207748311e-27,0.9692997782585833,0.26155032731874395,0.00129403219456949,0.5238803950750917,1.0,0.0007842147322211683,0.9999999999999541,9.960751159770499e-05,3.8433882812438647e-14,3.8433882812438647e-14,3.209043274166046e-14,,0.0,4.786380409530668e-19,0.004567040150618468,1.4108257588933865e-18,,,,,0.13043478260869565,,4.666576700876887e-21,1.0,1.0,9.54194168962319e-19,9.54194168962319e-19,1.0,0.4544873153722995,0.14156097535167125,1215,2.0228678906261885,0.9819188960846069,10,852.0636713297897,0.601839405920659,612.5,19.836734693877553,0.6578122263248154,723,818.67,599.5,715.6978453131971,300,0.38607403914171184,1.0,0.42974817260080167,3,543.0
bior2.8,1.0,constant,6.988357923634404e-27,318.8036473404841,5063518.044221316,0.5495495495495496,66.16902030917481,206,smoothed,5.5825894069306903e-14,-2.1371846514739487e-10,6.16245364110945,39368.321472944175,0.99023573567175,0.0001496656645132026,0.9999999999999999,362.40000000000003,,,,[],[],11,426.60000000000014,32.200000000000045,728.4000000000003,"[9, 31, 53, 64, 80, 102, 131, 148, 158, 175, 192]","[311.0, 417.8000000000001, 589.6, 432.20000000000005, 728.4000000000003, 371.0, 587.0000000000001, 32.200000000000045, 448.2000000000001, 368.0000000000001, 407.2000000000002]","[1, 1, 1, 60, 1, 94, 120, 144, 144, 165, 186]","[20, 40, 75, 75, 203, 120, 203, 149, 203, 186, 203]",30736475.84000001,728.4000000000003,-728.4000000000003,0.0,,,,DWT,mdp.39015067403892,1.4901161193847656e-08,,0.0,33.0,11.0,0.0,33.0,,3.410605131648481e-13,168.4000000000002,987.7999999999975,168.40000000000012,,0.0,168.4000000000002,,,28.000000000000057,0.0,33.0,3.410605131648481e-13,3.410605131648481e-13,,5.684341886080802e-14,7.380474896209981e-14,1.566423724865143e-26,0.9760411144163414,0.040558177422789235,0.10593409902601375,0.25056439992766405,0.0905372844362907,,0.9999996647593375,4.406097391567225e-09,4.406097391567225e-09,3.678815706965397e-09,,6.125805465799743e-13,0.9999999955939026,2.275791983689038e-13,,,,,,3.1786782849947497e-13,1.0,1.0,5.243104679449306e-13,5.243104679449306e-13,0.9999999009728445,0.37592186795966953,110,0.7953114806198104,0.4037540803162736,518,0,0.33333330607053807,0.47426771798117434,107,0.0,0.20909072503273907,0.36889262880575324,496,230.25257870434373,0.7586450956977528,307.75,178.70438426480405,0.718027998582629,288,bior,0.8100315533562081,0.7923003667562746,0.1952878026237719,6,217.5,5.2189141193353884e-14,0.9999999999705127,4.148547332678776e-27,0.9625349240246774,0.7326033447376027,0.0002775062942101856,0.2056187766714087,0.0008818251234644927,0.9999999997234079,2.0315811924354055e-05,4.745570603148508e-11,4.745570603148508e-11,3.962258299239352e-11,,6.125805465799743e-13,0.003126132840347795,2.275791983689038e-13,,,,,0.0,,1.4749084227875944e-13,1.0,1.0,4.2715278714194565e-13,4.2715278714194565e-13,1.0,0.4015691612047761,0.1145767721566197,1121,1.7265616205291945,0.7981638035989839,482,451.8412331782039,0.7631859364894109,801.5,674.1384903306301,0.6715562806136782,491,0.5943810304597339,0.7715092316736338,0.3524805091760961,5,369.5,,,,,,,,,,,,,3.504176231789885e-19,0.9999999999715822,4.148547332678776e-27,0.9728243258552026,0.22647393393070142,0.0013263207381584055,0.15555441790051489,0.9999999999999999,0.0008818251234644929,0.9999999999999541,9.960751159770499e-05,3.843648489765261e-14,3.843648489765261e-14,3.209195062470194e-14,,0.0,4.786380409530668e-19,0.004567040150618456,2.11623863834008e-18,,,,,0.13043478260869565,,4.666576700876887e-21,1.0,1.0,1.4312912534434783e-18,1.4312912534434783e-18,1.0,0.4544873153722995,0.14156097535167125,1248,1.8601692200485993,0.9029434475403493,191,747.4118677141807,0.6507421178905697,719.5,331.2967338429465,0.6572635823097708,724,1104.4,1082.5,563.6960149978129,300,0.520820561188399,0.7876173146100969,0.3991404127850916,6,544.5
db9,1.0,constant,5.827143182883464e-27,321.8172355727437,5960096.512470872,0.6081081081081081,247.93123219290953,206,raw,4.88110091719666e-14,-2.0667134670304958e-10,6.336090397549141,65587.87639020693,0.7954143923840992,5.618943883690066e-06,1.0,327.0,,,,[],[],13,661.1538461538462,86.99999999999991,940.0,"[8, 32, 51, 63, 81, 100, 111, 133, 152, 162, 175, 192, 204]","[878.0, 637.9999999999999, 787.0000000000003, 791.9999999999998, 940.0, 788.0, 637.0000000000002, 675.0000000000002, 771.0000000000002, 196.00000000000006, 833.9999999999999, 572.0, 86.99999999999991]","[0, 13, 39, 39, 76, 99, 107, 107, 107, 161, 99, 187, 203]","[76, 39, 61, 76, 205, 164, 119, 142, 164, 164, 205, 205, 205]",37754613.0,941.0,-941.0,0.0,,,,DWT,mdp.39015067403892,0.0,,0.0,33.0,19.0,0.0,28.5,,0.0,256.3413461538462,4359.0,256.3413461538462,,0.0,256.3413461538462,,,83.99999999999991,0.0,19.5,0.0,0.0,,0.0,4.332571242529618e-14,3.326794891040776e-27,0.9736557468446851,0.7925861336598812,0.00025223851162699745,0.38223938223938225,0.000635419572783345,0.9999999997235143,0.47422802461150126,6.6959667625959335e-09,6.6959667625959335e-09,6.082000342865356e-09,,0.0,0.9999999933040264,0.0,,,,,,0.0,1.0,0.0,0.0,0.0,0.7422684098776438,0.24267159368210023,943,1.53376255480685,0.73667134916771,552,0,0.2061856697824551,0.2463543448299587,945,0.0,0.39367111506898955,0.7150432290598245,575,219.88387086520618,0.7695137621958006,753.75,705.5456313369984,0.48970971128657953,907,db,0.540986235965534,0.9305070477545101,0.3421575204977732,3,681.0,4.332571242529617e-14,0.0001547883299646835,3.326794891040776e-27,0.9736557468446851,0.7925861336598812,0.0012854572798832525,0.5357041251778095,0.0029996169273980105,0.9999999997235142,0.9919828214562001,0.9855281704452468,0.9855281704452468,0.9855281704451347,,0.0,0.9999999999667601,0.0,,,,,1.0,,0.0,1.0,0.25,0.0,0.0,0.0,2.2095701998209285,0.6304403968407327,946,1.5966571768071844,0.7381109079057563,1300,250.31580054003783,0.8688072324213638,1123.0,1095.1024042742654,0.64011640447064,708,0.49117026184683504,0.8233619396015222,0.4091722348267588,4,532.0,,,,,,,,,,,,,2.90905211763516e-19,0.03641360043841643,3.326794891040776e-27,0.980890927865502,0.2450167624243782,0.001562022089375262,0.40527010571659483,1.0,0.0029996169273980105,0.9999999999999541,0.000849988472839121,0.0007982210227401261,0.0007982210227401261,0.0007982210227337874,,0.0,0.0,0.020163910573049823,0.0,,,,,0.4782608695652174,,0.0,1.0,0.7906976744186046,0.0,0.0,0.9302325581395349,0.5674759776446953,0.17675400427451057,894,1.6860559181652817,0.8184272307517234,1370,336.5828278447966,0.8427183047454221,1132.0,1081.9611307420494,0.6568731710642999,725,1009.0473684210526,935.5,610.6543869996938,760,0.4758535102197843,0.8532293215616218,0.41093374637766444,5,545.0
db37,1.0,periodic,1.5799509169125534e-26,317.4853565157423,7164580.924417323,0.6079136690647482,284.05478349832543,206,raw,8.548501712327375e-14,-2.0711499182368995e-10,6.842680556034991,62437.83747154972,0.7400821867407497,5.618943883690064e-06,1.0,327.0000000000001,,,,[],[],13,661.1538461538462,87.00000000000009,939.9999999999999,"[8, 32, 51, 63, 81, 100, 111, 133, 152, 162, 175, 192, 204]","[878.0, 638.0, 787.0, 792.0000000000001, 939.9999999999999, 787.9999999999998, 636.9999999999999, 675.0000000000002, 770.9999999999999, 195.99999999999983, 834.0, 572.0, 87.00000000000009]","[0, 13, 42, 42, 76, 99, 107, 107, 107, 161, 164, 187, 203]","[76, 42, 61, 76, 205, 164, 119, 142, 164, 164, 205, 205, 205]",37754613.0,940.9999999999999,-940.9999999999999,0.0,,,,DWT,mdp.39015067403892,0.0,,0.0,33.0,19.0,0.0,28.5,,1.1368683772161603e-13,256.3413461538462,4359.0,256.34134615384613,,0.0,256.3413461538462,,,84.00000000000009,0.0,28.5,1.1368683772161603e-13,1.1368683772161603e-13,,1.1368683772161603e-13,8.966395772406638e-14,1.0383901393842055e-26,0.957670132434951,0.9675876204972297,0.0016077442467054635,0.38078108941418287,0.00038038298132137525,0.9999999997235076,0.47422802461169933,6.6959667625959335e-09,6.6959667625959335e-09,6.0819563246244724e-09,,5.718550876340534e-12,0.9999999933040264,1.3612963731558036e-13,,,,,,0.0,1.0,1.0,1.4238426238064856e-13,1.4238426238064856e-13,0.8422684098806741,0.27536483381735755,133,1.61166435068057,0.7740878455406495,316,0,0.2895190031163129,0.34592250957011567,132,0.0,0.41350337116224856,0.7510654818836827,355,118.27933040053955,0.8760174733746965,234.0,189.78921732641132,0.8153672272533861,95,db,0.540986235965534,0.9305070477545101,0.3421575204977732,3,72.0,8.966395772406636e-14,0.0001547883299646835,1.0383901393842054e-26,0.957670132434951,0.9675876204972298,0.0026395621276380232,0.5346081029912912,0.0027451836761450826,0.9999999997235075,0.9919828214562032,0.9855281704452468,0.9855281704452468,0.9855281704451341,,1.2251610931599486e-12,0.9999999999667601,7.585973278963461e-14,,,,,1.0,,0.0,1.0,0.75,1.4238426238064856e-13,1.4238426238064856e-13,0.0,2.259570199821637,0.6447065287088389,133,1.6747034218287984,0.7741905282577809,958,583.3630944789018,0.6942541433548732,545.5,233.57286892758938,0.704176337924816,320,0.49117026184683504,0.8233619396015222,0.4091722348267588,4,241.0,,,,,,,,,,,,,6.020377080757529e-19,0.036413600438416426,1.0383901393842054e-26,0.9692955997660887,0.299115990133981,0.0018786687783925564,0.40444094460597135,1.0,0.0027451836761450826,0.9999999999999541,0.0008499884728391233,0.0007982210227401261,0.0007982210227401261,0.0007982210227337869,,0.0,9.572760819061336e-19,0.020163910573049823,7.054128794466933e-19,,,,,0.4782608695652174,,0.0,1.0,0.9302325581395349,4.770970844811595e-19,4.770970844811595e-19,0.9302325581395349,0.5814294660167882,0.18110015290550946,130,1.7058732207601932,0.8280467338233484,1239,784.1814203358812,0.6335600839551957,684.5,235.31044558071585,0.6568501354355418,726,1009.0473684210526,935.5,610.6543869996938,760,0.4758535102197843,0.8532293215616218,0.41093374637766444,5,545.75
db35,1.0,constant,1.860461142874391e-26,316.7755864296805,5891462.959150426,0.6094890510948905,194.26093856389974,206,raw,9.594267128338371e-14,-2.0186763372010135e-10,6.41491114345285,67044.7410012477,0.8373964661115014,5.618943883690066e-06,1.0,327.00000000000006,,,,[],[],13,661.1538461538462,87.00000000000006,940.0000000000002,"[8, 32, 51, 63, 81, 100, 111, 133, 152, 162, 175, 192, 204]","[877.9999999999998, 637.9999999999999, 787.0000000000001, 792.0000000000005, 940.0000000000002, 787.9999999999998, 636.9999999999998, 675.0, 770.9999999999998, 195.99999999999994, 833.9999999999999, 571.9999999999998, 87.00000000000006]","[0, 13, 39, 39, 76, 99, 107, 107, 107, 161, 99, 187, 203]","[76, 39, 61, 76, 205, 164, 119, 142, 164, 164, 205, 205, 205]",37754613.0,941.0000000000001,-941.0000000000001,0.0,,,,DWT,mdp.39015067403892,0.0,,0.0,33.0,19.0,0.0,28.5,,1.1368683772161603e-13,256.3413461538462,4359.0,256.3413461538461,,0.0,256.3413461538462,,,84.00000000000006,0.0,19.5,2.2737367544323206e-13,1.1368683772161603e-13,,5.684341886080802e-14,1.0287738518376152e-13,1.2368977495610274e-26,0.9550509201333035,0.8198147473542452,0.00017499950859636767,0.39259645464025006,0.0007533716978890854,0.9999999997235867,0.47422802461166635,6.6959667625959335e-09,6.6959667625959335e-09,6.081912306383589e-09,,2.859275438170267e-12,0.9999999933040264,2.7225927463116073e-13,,,,,,0.0,1.0,0.0,1.4238426238064856e-13,1.4238426238064856e-13,0.7422684098792894,0.24267159368263824,806,1.5403653559361241,0.739842696910517,529,0,0.2061856697827462,0.2463543448303065,807,0.0,0.3960488116322467,0.7193619503559447,550,154.39127781926888,0.8381642790154414,673.0,646.3713445508392,0.5663567726314105,644,db,0.540986235965534,0.9305070477545101,0.3421575204977732,3,483.75,1.0287738518376152e-13,0.0001547883299646835,1.2368977495610274e-26,0.9550509201333035,0.8198147473542453,0.0012082981017751148,0.5434882827506723,0.0031172900130945025,0.9999999997235866,0.9919828214562026,0.9855281704452468,0.9855281704452468,0.9855281704451335,,6.125805465799743e-13,0.9999999999667601,1.5171946557926922e-13,,,,,1.0,,0.0,1.0,0.25,1.4238426238064856e-13,1.4238426238064856e-13,0.0,2.2095701998213677,0.630440396840858,808,1.6022307403019538,0.7406874835609142,1285,337.28993462598316,0.8232233047033631,1046.5,992.1452460582896,0.6373716104229603,719,0.49117026184683504,0.8233619396015222,0.4091722348267588,4,540.25,,,,,,,,,,,,,6.907576551490341e-19,0.03641360043841643,1.2368977495610274e-26,0.9673957274670841,0.25343410218011014,0.0015439790269670972,0.41115896528328494,1.0,0.0031172900130945025,0.9999999999999541,0.0008499884728391229,0.0007982210227401261,0.0007982210227401261,0.0007982210227337863,,0.0,4.786380409530668e-19,0.020163910573049823,1.4108257588933865e-18,,,,,0.4782608695652174,,0.0,1.0,0.7906976744186046,4.770970844811595e-19,4.770970844811595e-19,0.9302325581395349,0.5674759776446953,0.17675400427451057,950,1.6845610593338474,0.8177016123658831,1381,304.763022691402,0.8575873725741112,1165.5,1125.6542256542257,0.6564806021749061,727,1009.0473684210526,935.5,610.6543869996938,760,0.4758535102197843,0.8532293215616218,0.41093374637766444,5,546.5
db28,1.0,zero,1.52184441828366e-26,317.64808991091843,5932435.455249219,0.6115384615384616,200.81420100975814,206,raw,8.673967692974332e-14,-2.0366641706459913e-10,6.364100087527028,69780.99423076923,0.8353123085175714,5.618943883690066e-06,1.0,327.0,,,,[],[],13,661.1538461538462,86.99999999999996,939.9999999999998,"[8, 32, 51, 63, 81, 100, 111, 133, 152, 162, 175, 192, 204]","[877.9999999999998, 637.9999999999998, 786.9999999999999, 791.9999999999998, 939.9999999999998, 788.0000000000001, 637.0, 675.0000000000001, 771.0000000000001, 195.99999999999994, 834.0000000000002, 572.0000000000001, 86.99999999999996]","[0, 13, 39, 39, 76, 99, 107, 107, 107, 161, 99, 187, 203]","[76, 39, 61, 76, 205, 164, 119, 142, 164, 164, 205, 205, 205]",37754613.0,940.9999999999998,-940.9999999999998,0.0,,,,DWT,mdp.39015067403892,0.0,,0.0,33.0,19.0,0.0,28.5,,2.2737367544323206e-13,256.3413461538462,4359.0,256.34134615384613,,0.0,256.3413461538462,,,83.99999999999996,0.0,19.5,2.2737367544323206e-13,2.2737367544323206e-13,,0.0,9.12492421564602e-14,9.972701333701158e-27,0.9582706555041877,0.8022620764508628,0.0002211092406041433,0.4079670329670333,0.0009749069598506899,0.9999999997235596,0.4742280246115508,6.6959667625959335e-09,6.6959667625959335e-09,6.0819563246244724e-09,,0.0,0.9999999933040264,2.7225927463116073e-13,,,,,,0.0,1.0,0.0,2.847685247612971e-13,2.847685247612971e-13,0.7422684098778954,0.2426715936821825,888,1.539780762008451,0.7395619144673254,532,0,0.20618566978252573,0.24635434483004306,888,0.0,0.3962119726057737,0.7196583072510826,546,201.57628828808214,0.7887041003269579,713.5,670.7522935779816,0.520400268192829,795,db,0.540986235965534,0.9305070477545101,0.3421575204977732,3,597.0,9.12492421564602e-14,0.0001547883299646835,9.972701333701158e-27,0.9582706555041877,0.8022620764508629,0.001254360180322343,0.5550404858299599,0.003338301188961261,0.9999999997235595,0.9919828214562009,0.9855281704452468,0.9855281704452468,0.9855281704451341,,0.0,0.9999999999667601,1.5171946557926922e-13,,,,,1.0,,0.0,1.0,0.25,2.847685247612971e-13,2.847685247612971e-13,0.0,2.209570199821118,0.6304403968407868,883,1.6001185628141146,0.7397110552669428,1291,288.4995667241114,0.8487947763500464,1087.0,1048.7148114075435,0.6395441386991323,709,0.49117026184683504,0.8233619396015222,0.4091722348267588,4,532.75,,,,,,,,,,,,,6.126819070443468e-19,0.03641360043841643,9.972701333701158e-27,0.9697311952859472,0.24800794290983846,0.0015547502790495473,0.41989842115670856,1.0,0.003338301188961261,0.9999999999999541,0.0008499884728391216,0.0007982210227401261,0.0007982210227401261,0.0007982210227337869,,0.0,0.0,0.020163910573049823,1.4108257588933865e-18,,,,,0.4782608695652174,,0.0,1.0,0.7906976744186046,9.54194168962319e-19,9.54194168962319e-19,0.9302325581395349,0.5674759776446953,0.17675400427451057,860,1.686838832835787,0.8188072648174939,1366,357.79603128039304,0.8328055928596294,1113.0,1055.4896675651394,0.6563560674578521,728,1009.0473684210526,935.5,610.6543869996938,760,0.4758535102197843,0.8532293215616218,0.41093374637766444,5,547.25
db21,1.0,reflect,1.2404447193404387e-26,318.5360183223287,6842789.766734099,0.6138211382113821,302.99001716125633,206,raw,7.414942446456451e-14,-2.0520263266377302e-10,6.61605856789167,57977.64736724574,0.7733078968736834,5.618943883690066e-06,1.0,327.0000000000001,,,,[],[],13,661.1538461538462,87.0,939.9999999999999,"[8, 32, 51, 63, 81, 100, 111, 133, 152, 162, 175, 192, 204]","[878.0, 638.0, 786.9999999999999, 792.0000000000003, 939.9999999999999, 787.9999999999999, 637.0, 674.9999999999999, 770.9999999999997, 196.00000000000006, 833.9999999999999, 572.0000000000001, 87.0]","[0, 13, 42, 42, 76, 99, 107, 107, 107, 161, 164, 187, 203]","[76, 42, 61, 76, 205, 164, 119, 142, 164, 164, 205, 205, 205]",37754613.0,940.9999999999999,-940.9999999999999,0.0,,,,DWT,mdp.39015067403892,0.0,,0.0,33.0,19.0,0.0,28.5,,1.1368683772161603e-13,256.3413461538462,4359.0,256.34134615384613,,0.0,256.3413461538462,,,84.0,0.0,28.5,1.1368683772161603e-13,1.1368683772161603e-13,,1.1368683772161603e-13,7.534123974015741e-14,7.981330732142568e-27,0.961547312359441,0.8893010920071094,0.0012456060941392004,0.4250871080139369,1.927262337094479e-05,0.9999999997235365,0.4742280246116003,6.6959667625959335e-09,6.6959667625959335e-09,6.0819563246244724e-09,,5.718550876340534e-12,0.9999999933040264,1.3612963731558036e-13,,,,,,0.0,1.0,1.0,1.4238426238064856e-13,1.4238426238064856e-13,0.8422684098806444,0.27536483381734783,141,1.5922442886106491,0.7647603239623365,382,0,0.2895190031163047,0.34592250957010584,141,0.0,0.4096500488527012,0.7440665126391545,408,147.03060905811415,0.8458798647189579,268.0,207.757902349788,0.782478716426565,172,db,0.540986235965534,0.9305070477545101,0.3421575204977732,3,129.75,7.53412397401574e-14,0.0001547883299646835,7.981330732142568e-27,0.961547312359441,0.8893010920071094,0.0022777982374110684,0.5679075738125801,0.002384927597173226,0.9999999997235364,0.9919828214562016,0.9855281704452468,0.9855281704452468,0.9855281704451341,,1.2251610931599486e-12,0.9999999999667601,7.585973278963461e-14,,,,,1.0,,0.0,1.0,0.75,1.4238426238064856e-13,1.4238426238064856e-13,0.0,2.2595701998216366,0.6447065287088388,142,1.6508812694902528,0.7631779009096644,1108,683.0651506262049,0.6419993969464335,625.0,251.73760000000001,0.6572156313872628,580,0.49117026184683504,0.8233619396015222,0.4091722348267588,4,436.0,,,,,,,,,,,,,5.058695650747051e-19,0.03641360043841643,7.981330732142568e-27,0.9721079516827935,0.27491482014439295,0.0017940731592007945,0.42963261184499263,1.0,0.0023849275971732265,0.9999999999999541,0.0008499884728391221,0.0007982210227401261,0.0007982210227401261,0.0007982210227337869,,0.0,9.572760819061336e-19,0.020163910573049823,7.054128794466933e-19,,,,,0.4782608695652174,,0.0,1.0,0.9302325581395349,4.770970844811595e-19,4.770970844811595e-19,0.9302325581395349,0.5814294660167882,0.18110015290550946,142,1.7053503135698458,0.827792909807712,1243,778.5245660863889,0.6362034737914071,692.5,254.88231046931406,0.6563026714751428,729,1009.0473684210526,935.5,610.6543869996938,760,0.4758535102197843,0.8532293215616218,0.41093374637766444,5,548.0
db27,1.0,zero,1.484415648926232e-26,315.53184350149127,4964173.775840459,0.5658914728682171,47.09013860982059,206,smoothed,8.381644892704095e-14,-1.981394159855657e-10,6.191659927294982,44213.37037918394,0.990780937339252,0.00014966566451320284,1.0,362.4,,,,[],[],11,426.59999999999997,32.200000000000074,728.4000000000001,"[9, 31, 53, 64, 80, 102, 131, 148, 158, 175, 192]","[311.0000000000001, 417.8000000000002, 589.5999999999998, 432.19999999999993, 728.4000000000001, 370.99999999999983, 587.0000000000002, 32.200000000000074, 448.19999999999993, 368.0000000000001, 407.20000000000005]","[1, 1, 1, 60, 1, 94, 120, 144, 144, 165, 186]","[20, 40, 75, 75, 203, 120, 203, 149, 203, 186, 203]",30736475.83999999,728.4000000000001,-728.4000000000001,0.0,,,,DWT,mdp.39015067403892,7.450580596923828e-09,,0.0,33.0,11.0,0.0,33.0,,1.1368683772161603e-13,168.40000000000003,987.7999999999993,168.40000000000003,,0.0,168.40000000000003,,,28.000000000000085,0.0,33.0,1.1368683772161603e-13,1.1368683772161603e-13,,0.0,1.352960772811388e-13,3.865501460472564e-26,0.9636101807368651,0.08268544324558127,0.06330002213881909,0.36281679960244784,0.13071646817464866,,0.9999996647841187,4.4059199552998455e-09,4.4059199552998455e-09,3.6787269888316428e-09,,0.0,0.9999999955940747,7.585973278963461e-14,,,,,,1.5893391424973748e-13,1.0,1.0,1.7477015598164352e-13,1.7477015598164352e-13,0.9999999009796303,0.37592186796222044,100,0.8485721482451984,0.4307928096671442,339,0,0.3333333060724453,0.47426771798388795,100,0.0,0.2290184162712139,0.4040504695269967,323,133.5277748884728,0.8600337789429007,215.5,153.57546091432496,0.8170713968089766,112,db,0.573477938514061,0.8443824841957417,0.34525069778143475,3,84.75,8.755569286036727e-14,0.9999999999705145,9.70783057786592e-27,0.9504612271586733,0.7426926514914919,0.0001658215317699805,0.2977356181150553,0.0012731668108299026,0.9999999997236427,2.0315811924853655e-05,4.745387416349445e-11,4.745387416349445e-11,3.962169481397382e-11,,0.0,0.0031261328403482946,7.585973278963461e-14,,,,,0.0,,7.374542113937972e-14,1.0,1.0,1.4238426238064856e-13,1.4238426238064856e-13,1.0,0.40156916120424224,0.11457677215646737,1188,1.7613094866578267,0.8142272262225428,161,726.1986642785843,0.6193927336066121,674.5,283.5700518902891,0.6329406016041446,737,0.49117026184683504,0.8233619396015222,0.4091722348267588,4,553.75,,,,,,,,,,,,,5.878820207876224e-19,0.9999999999715838,9.70783057786592e-27,0.9640665469581383,0.2295929000227895,0.0013002041414273532,0.2252425168259324,1.0,0.0012731668108299026,0.9999999999999541,9.960751159770543e-05,3.8434858594393884e-14,3.8434858594393884e-14,3.20911916831812e-14,,0.0,0.0,0.004567040150618464,7.054128794466933e-19,,,,,0.13043478260869565,,2.3332883504384434e-21,1.0,1.0,4.770970844811595e-19,4.770970844811595e-19,1.0,0.4544873153722995,0.14156097535167125,1231,1.8844927537031535,0.914750317096998,71,820.2438661763952,0.616708473749348,651.0,134.25652841781874,0.6562514331363563,730,1009.0473684210526,935.5,610.6543869996938,760,0.4758535102197843,0.8532293215616218,0.41093374637766444,5,548.75
bior2.4,1.0,smooth,3.3582038500570675e-27,324.2107219166122,6550870.158576692,0.6074766355140186,262.61330670368744,206,raw,3.539779041620401e-14,-2.1354773505067034e-10,6.261357388879759,91838.0524498464,0.8778880109918198,5.618943883690066e-06,0.9999999999999998,327.0,,,,[],[],13,661.1538461538462,87.00000000000003,940.0000000000001,"[8, 32, 51, 63, 81, 100, 111, 133, 152, 162, 175, 192, 204]","[878.0, 638.0, 787.0, 792.0, 940.0000000000001, 788.0, 637.0000000000001, 675.0, 771.0, 196.0, 834.0000000000002, 572.0000000000001, 87.00000000000003]","[0, 13, 39, 39, 76, 99, 107, 107, 107, 161, 99, 187, 203]","[76, 39, 61, 76, 205, 164, 119, 142, 164, 164, 205, 205, 205]",37754613.0,941.0000000000001,-941.0000000000001,0.0,,,,DWT,mdp.39015067403892,0.0,,0.0,33.0,19.0,0.0,28.5,,1.1368683772161603e-13,256.3413461538462,4359.0,256.34134615384613,,0.0,256.3413461538462,,,84.00000000000003,0.0,19.5,1.1368683772161603e-13,1.1368683772161603e-13,,0.0,2.637787782331238e-14,1.5796099356602115e-27,0.982488253312336,0.7667696281200571,0.0009170848620546998,0.37750333778371126,0.00276071249785643,0.9999999997234107,0.4742280246116333,6.6959667625959335e-09,6.6959667625959335e-09,6.0819563246244724e-09,,0.0,0.9999999933040264,1.3612963731558036e-13,,,,,,0.0,1.0,0.0,1.4238426238064856e-13,1.4238426238064856e-13,0.7422684098777951,0.2426715936821497,903,1.5254419284804568,0.7326749241653039,572,0,0.20618566978249747,0.24635434483000931,901,0.0,0.3913048770374316,0.7107453204298941,596,183.86045433063268,0.8072741568861292,743.0,708.7923554827241,0.5142240805395006,830,bior,0.672619891330026,0.76736776154697,0.2989557476048908,5,623.75,2.6377877823312374e-14,0.0001547883299646835,1.5796099356602115e-27,0.982488253312336,0.7667696281200572,0.0019496165252693334,0.5321446138711263,0.0051198820457930855,0.9999999997234106,0.9919828214562021,0.9855281704452468,0.9855281704452468,0.9855281704451341,,0.0,0.9999999999667601,7.585973278963461e-14,,,,,1.0,,0.0,1.0,0.25,1.4238426238064856e-13,1.4238426238064856e-13,0.0,2.209570199821024,0.6304403968407599,907,1.5888048090651943,0.7344808748796058,1345,309.7127701597078,0.8376767451993146,1126.0,1083.405861456483,0.6237649973376027,767,0.5943810304597339,0.7715092316736338,0.3524805091760961,5,576.5,,,,,,,,,,,,,1.771110434085467e-19,0.03641360043841643,1.5796099356602115e-27,0.9872976763211784,0.23703595587749868,0.0017173304662564393,0.4025772693993831,0.9999999999999998,0.0051198820457930855,0.9999999999999541,0.0008499884728391225,0.0007982210227401261,0.0007982210227401261,0.0007982210227337869,,0.0,0.0,0.020163910573049823,7.054128794466933e-19,,,,,0.4782608695652174,,0.0,1.0,0.7906976744186046,4.770970844811595e-19,4.770970844811595e-19,0.9302325581395349,0.5674759776446953,0.17675400427451057,892,1.6857581896741616,0.8182827105718895,1372,339.4112549695428,0.8413966098273165,1132.0,1081.1166077738515,0.6562123236052471,731,1104.4,1082.5,563.6960149978129,300,0.520820561188399,0.7876173146100969,0.3991404127850916,6,549.75
sym11,1.0,antisymmetric,3.385598193817428e-23,284.17543832527116,6378161.883669311,0.6504424778761062,311.4500491689537,206,raw,4.529373639903956e-12,-2.2194834858894192e-10,6.430162898360998,100072.28967901817,0.8570709957967725,5.618943883689804e-06,0.9999999999999997,326.9999999999979,,,,[],[],13,661.1538461538604,87.00000000000182,940.0000000000208,"[8, 32, 51, 63, 81, 100, 111, 133, 152, 162, 175, 192, 204]","[878.000000000007, 638.0000000000197, 787.0000000000213, 792.0000000000193, 940.0000000000208, 788.0000000000155, 637.0000000000156, 675.0000000000084, 771.0000000000153, 196.00000000000966, 834.0000000000215, 572.0000000000093, 87.00000000000182]","[0, 13, 42, 42, 76, 99, 107, 107, 107, 161, 164, 187, 203]","[76, 42, 61, 76, 205, 164, 119, 142, 164, 164, 205, 205, 205]",37754613.000000484,941.0000000000122,-941.0000000000122,0.0,,,,DWT,mdp.39015067403892,4.842877388000488e-07,,0.0,33.0,19.0,0.0,28.5,,1.2164491636212915e-11,256.3413461538604,4358.9999999998145,256.34134615386034,,0.0,256.3413461538604,,,84.00000000000182,0.0,28.5,2.0804691303055733e-11,1.2164491636212915e-11,,2.1032064978498966e-12,5.7045943290167896e-12,2.3957937752223486e-23,0.83474899331588,0.825083463576018,0.0007227219837886825,0.699747155499368,0.0034273810217845145,0.999999999723284,0.4742280246137134,6.706971322810037e-09,6.706971322810037e-09,6.0929608848453335e-09,,1.0579319121229988e-10,0.9999999932929745,2.4911723628751206e-11,,,,,,4.793452374059682e-12,1.0,1.0,1.52351160747294e-11,1.52351160747294e-11,0.8422684099565154,0.2753648338421525,72,1.5950223032689173,0.7660946138104622,375,0,0.28951900313163,0.3459225095884168,71,0.0,0.4204662143907285,0.7637124191746169,272,151.4474606367942,0.841250041261222,197.5,116.5618909787395,0.8171134902322882,92,sym,0.8243425715244881,0.7368036147090654,0.2019191155201387,6,70.5,5.704594329016789e-12,0.00015478832996290715,2.395793775222349e-23,0.83474899331588,0.825083463576018,0.0017554545170441528,0.7743362831858409,0.005784973431616073,0.9999999997232839,0.9919828214562338,0.985528170445406,0.985528170445406,0.9855281704452934,,2.266548022345905e-11,0.9999999999667053,1.3882331100503132e-11,,,,,1.0,,4.793452374059682e-12,1.0,0.75,1.52351160747294e-11,1.52351160747294e-11,0.0,2.259570199847819,0.6447065287163092,71,1.6263637940730558,0.7518438360254719,1202,799.7377695219852,0.5808502256174082,636.5,134.0801256873527,0.6236274188883686,770,0.7763846615972358,0.5622554397616224,0.28785410495344815,6,579.0,,,,,,,,,,,,,3.8302802848745954e-17,0.036413600438414684,2.395793775222349e-23,0.8801335005244517,0.2550628510768774,0.0016719272191301974,0.585799758855245,0.9999999999999997,0.005784973431616073,0.9999999999999541,0.0008499884728391465,0.0007982210227402551,0.0007982210227402551,0.0007982210227339159,,0.0,1.7709607515263474e-17,0.020163910573048963,1.2909055693874488e-16,,,,,0.4782608695652174,,1.5166374277849883e-19,1.0,0.9302325581395349,5.1049388039484055e-17,5.1049388039484055e-17,0.9302325581395349,0.581429466016788,0.1811001529055094,184,1.7040054625089254,0.8271401065894414,1251,754.4829355260462,0.6474378805953056,717.5,320.81393728223,0.6560787533817649,732,1409.1368421052632,1454.5,398.32527672708756,380,0.6645304607900322,0.5565550872278735,0.3678621512786154,7,550.75
bior2.6,1.0,symmetric,5.5056210932559814e-27,322.0637292769595,6351815.247409085,0.6100917431192661,259.4682371623259,206,raw,4.855662797409133e-14,-2.1546586737031522e-10,6.274226194773133,67096.56259785176,0.8319498981475194,5.618943883690064e-06,0.9999999999999999,327.00000000000017,,,,[],[],13,661.1538461538462,87.00000000000003,940.0000000000001,"[8, 32, 51, 63, 81, 100, 111, 133, 152, 162, 175, 192, 204]","[878.0000000000001, 638.0000000000002, 787.0, 792.0000000000001, 940.0000000000001, 788.0000000000001, 637.0000000000001, 675.0, 771.0000000000001, 196.00000000000006, 834.0, 572.0, 87.00000000000003]","[0, 13, 39, 39, 76, 99, 107, 107, 107, 161, 99, 187, 203]","[76, 39, 61, 76, 205, 164, 119, 142, 164, 164, 205, 205, 205]",37754613.0,941.0000000000001,-941.0000000000001,0.0,,,,DWT,mdp.39015067403892,0.0,,0.0,33.0,19.0,0.0,28.5,,1.1368683772161603e-13,256.3413461538462,4359.0,256.3413461538462,,0.0,256.3413461538462,,,84.00000000000003,0.0,19.5,1.1368683772161603e-13,1.1368683772161603e-13,,1.7053025658242404e-13,4.300429736855654e-14,3.0992645704894943e-27,0.9745653644166837,0.7712151549970359,0.0006930719391749455,0.39711664482306686,0.0007575673296585018,0.9999999997233817,0.4742280246116333,6.6959667625959335e-09,6.6959667625959335e-09,6.082000342865356e-09,,8.5778263145108e-12,0.9999999933040264,1.3612963731558036e-13,,,,,,0.0,1.0,0.0,1.4238426238064856e-13,1.4238426238064856e-13,0.7422684098820972,0.2426715936835562,713,1.5298430168685713,0.7347887818224214,564,0,0.20618566978321595,0.24635434483086777,713,0.0,0.39304347540363055,0.7139032178275407,586,80.17896648539858,0.9159549617553474,644.0,636.4781499542863,0.62045127542694,488,bior,0.672619891330026,0.76736776154697,0.2989557476048908,5,367.25,4.300429736855653e-14,0.0001547883299646835,3.0992645704894936e-27,0.9745653644166837,0.7712151549970359,0.0017258351151422625,0.5468855625301787,0.0031214757192554628,0.9999999997233816,0.9919828214562021,0.9855281704452468,0.9855281704452468,0.9855281704451347,,1.837741639739923e-12,0.9999999999667601,7.585973278963461e-14,,,,,1.0,,0.0,1.0,0.25,1.4238426238064856e-13,1.4238426238064856e-13,0.0,2.209570199821943,0.630440396841022,717,1.591258965394228,0.735615394914638,1327,431.335136523794,0.7739333666017851,1022.0,930.9774951076322,0.6191469768019409,787,0.5943810304597339,0.7715092316736338,0.3524805091760961,5,591.5,,,,,,,,,,,,,2.8874710956713457e-19,0.036413600438416426,3.0992645704894936e-27,0.9815507282286268,0.2384102274631473,0.001665000956693092,0.4137290704414867,0.9999999999999999,0.0031214757192554628,0.9999999999999541,0.0008499884728391225,0.0007982210227401261,0.0007982210227401261,0.0007982210227337874,,0.0,1.4359141228592004e-18,0.020163910573049823,7.054128794466933e-19,,,,,0.4782608695652174,,0.0,1.0,0.7906976744186046,4.770970844811595e-19,4.770970844811595e-19,0.9302325581395349,0.5674759776446953,0.17675400427451057,858,1.6866323497428997,0.8187070360029639,1367,359.9173516239527,0.8318143216710501,1112.5,1054.2795505617978,0.655977254293469,733,1104.4,1082.5,563.6960149978129,300,0.520820561188399,0.7876173146100969,0.3991404127850916,6,551.25
db25,1.0,reflect,1.180400910204038e-26,318.7514971114313,6900984.501720867,0.610236220472441,292.6815527994158,206,raw,7.590907406427383e-14,-2.0945623013801938e-10,6.700145740470285,57747.99812827973,0.7723039327338361,5.618943883690066e-06,1.0,327.0000000000001,,,,[],[],13,661.1538461538462,86.99999999999997,940.0000000000001,"[8, 32, 51, 63, 81, 100, 111, 133, 152, 162, 175, 192, 204]","[878.0, 637.9999999999997, 786.9999999999999, 792.0000000000002, 940.0000000000001, 788.0000000000002, 637.0, 674.9999999999999, 770.9999999999999, 196.00000000000006, 834.0000000000002, 572.0, 86.99999999999997]","[0, 13, 42, 42, 76, 99, 107, 107, 107, 161, 164, 187, 203]","[76, 42, 61, 76, 205, 164, 119, 142, 164, 164, 205, 205, 205]",37754613.0,941.0000000000001,-941.0000000000001,0.0,,,,DWT,mdp.39015067403892,0.0,,0.0,33.0,19.0,0.0,28.5,,1.1368683772161603e-13,256.3413461538462,4359.0,256.34134615384613,,0.0,256.3413461538462,,,83.99999999999997,0.0,28.5,1.1368683772161603e-13,1.1368683772161603e-13,,1.1368683772161603e-13,7.756458753730777e-14,7.556420980039567e-27,0.962342477873239,0.9183489919291867,0.0013110974332080556,0.3982002249718787,6.795327298000095e-07,0.9999999997234723,0.47422802461156727,6.6959667625959335e-09,6.6959667625959335e-09,6.0819563246244724e-09,,5.718550876340534e-12,0.9999999933040264,1.3612963731558036e-13,,,,,,0.0,1.0,1.0,1.4238426238064856e-13,1.4238426238064856e-13,0.8422684098806344,0.27536483381734456,144,1.596515893096396,0.7668119900626491,370,0,0.2895190031163019,0.3459225095701025,145,0.0,0.41002543393297397,0.7447483420893342,402,140.0413629372884,0.8532061185143728,265.25,210.1805018236968,0.7875831431146287,159,db,0.540986235965534,0.9305070477545101,0.3421575204977732,3,120.0,7.756458753730775e-14,0.0001547883299646835,7.556420980039567e-27,0.962342477873239,0.9183489919291868,0.00234322189252674,0.5476999585578121,0.0023663784922171548,0.9999999997234722,0.9919828214562011,0.9855281704452468,0.9855281704452468,0.9855281704451341,,1.2251610931599486e-12,0.9999999999667601,7.585973278963461e-14,,,,,1.0,,0.0,1.0,0.75,1.4238426238064856e-13,1.4238426238064856e-13,0.0,2.2595701998216366,0.6447065287088388,143,1.6578245648432135,0.7663876832670017,1071,656.1950929411161,0.6560822364040273,607.0,252.31136738056014,0.6689740322481352,507,0.49117026184683504,0.8233619396015222,0.4091722348267588,4,381.25,,,,,,,,,,,,,5.207979626831502e-19,0.03641360043841643,7.556420980039567e-27,0.9726847330807116,0.2838945664355247,0.001809371962546884,0.41434517613995336,1.0,0.0023663784922171548,0.9999999999999541,0.0008499884728391218,0.0007982210227401261,0.0007982210227401261,0.0007982210227337869,,0.0,9.572760819061336e-19,0.020163910573049823,7.054128794466933e-19,,,,,0.4782608695652174,,0.0,1.0,0.9302325581395349,4.770970844811595e-19,4.770970844811595e-19,0.9302325581395349,0.5814294660167882,0.18110015290550946,163,1.7040715110318374,0.8271721671570179,1248,767.2108575874041,0.6414902534638298,705.5,288.3401842664777,0.6559086781337841,734,1009.0473684210526,935.5,610.6543869996938,760,0.4758535102197843,0.8532293215616218,0.41093374637766444,5,551.75
db17,1.0,smooth,7.323437935545516e-27,318.6002486888072,4964641.687009774,0.5504201680672269,57.897243546375385,206,smoothed,5.976732054253017e-14,-1.9666799300210916e-10,6.191076371215969,41103.899250052964,0.9890318519449949,0.00014966566451320284,1.0,362.39999999999986,,,,[],[],11,426.59999999999997,32.200000000000045,728.3999999999999,"[9, 31, 53, 64, 80, 102, 131, 148, 158, 175, 192]","[310.99999999999983, 417.7999999999998, 589.5999999999999, 432.1999999999998, 728.3999999999999, 371.0000000000001, 587.0000000000001, 32.200000000000045, 448.20000000000005, 368.00000000000006, 407.20000000000005]","[1, 1, 1, 60, 1, 94, 120, 144, 144, 165, 186]","[20, 40, 75, 75, 203, 120, 203, 149, 203, 186, 203]",30736475.839999992,728.3999999999999,-728.3999999999999,0.0,,,,DWT,mdp.39015067403892,3.725290298461914e-09,,0.0,33.0,11.0,0.0,33.0,,1.1368683772161603e-13,168.40000000000003,987.7999999999993,168.39999999999998,,0.0,168.40000000000003,,,28.000000000000057,0.0,33.0,1.1368683772161603e-13,1.1368683772161603e-13,,1.1368683772161603e-13,8.246351083881754e-14,1.664488229523217e-26,0.9752683189573482,0.0818437195869513,0.06350082849729428,0.25654466405599635,0.10493014191784403,,0.9999996647593375,4.4059199552998455e-09,4.4059199552998455e-09,3.67866784340914e-09,,1.2251610931599486e-12,0.9999999955940747,7.585973278963461e-14,,,,,,7.946695712486874e-14,1.0,1.0,1.7477015598164352e-13,1.7477015598164352e-13,0.9999999009727512,0.37592186795963445,117,0.8024231878060926,0.40736446551056027,494,0,0.3333333060704708,0.4742677179810786,115,0.0,0.21172681043078811,0.37354339689740584,479,213.99746883238285,0.7756839949346092,301.25,187.3129660325523,0.729954156796445,263,db,0.573477938514061,0.8443824841957417,0.34525069778143475,3,198.0,5.716920192153446e-14,0.9999999999705145,4.385672136790357e-27,0.9617843369527898,0.7424910621400812,0.00016634756662473114,0.2105263157894741,0.0010220102792784902,0.9999999997236649,2.0315811924354055e-05,4.745387416349445e-11,4.745387416349445e-11,3.962102868015904e-11,,1.2251610931599486e-12,0.0031261328403482946,7.585973278963461e-14,,,,,0.0,,3.687271056968986e-14,1.0,1.0,1.4238426238064856e-13,1.4238426238064856e-13,1.0,0.401569161204836,0.1145767721566368,1064,1.7330186373331657,0.8011487866027069,414,459.6194077712559,0.759109325067476,739.0,596.0703653585928,0.6858963816113062,428,0.49117026184683504,0.8233619396015222,0.4091722348267588,4,322.0,,,,,,,,,,,,,3.838556335342593e-19,0.9999999999715838,4.385672136790357e-27,0.9722798798838037,0.22953058153382755,0.0013003271505099517,0.1592670622571857,1.0,0.0010220102792784906,0.9999999999999541,9.960751159770499e-05,3.8434858594393884e-14,3.8434858594393884e-14,3.2090649582094954e-14,,0.0,9.572760819061336e-19,0.004567040150618464,7.054128794466933e-19,,,,,0.13043478260869565,,1.1666441752192217e-21,1.0,1.0,4.770970844811595e-19,4.770970844811595e-19,1.0,0.4544873153722995,0.14156097535167125,1250,1.8628990112784936,0.9042685136029528,173,761.5540033379117,0.6441336433000413,711.5,303.9353478566409,0.6558285038930113,735,1009.0473684210526,935.5,610.6543869996938,760,0.4758535102197843,0.8532293215616218,0.41093374637766444,5,552.5
db20,1.0,antisymmetric,1.015080172769682e-26,319.4067890192901,6787775.454076173,0.610655737704918,285.4178116815343,206,raw,6.785510664679888e-14,-2.104950658221611e-10,6.588606285734252,128905.38372191734,0.8975896882739248,5.618943883690064e-06,1.0,327.00000000000006,,,,[],[],13,661.1538461538462,87.0,940.0,"[8, 32, 51, 63, 81, 100, 111, 133, 152, 162, 175, 192, 204]","[878.0000000000002, 638.0, 787.0, 792.0000000000002, 940.0, 787.9999999999999, 637.0, 675.0, 771.0, 196.0000000000001, 834.0000000000001, 572.0, 87.0]","[0, 13, 42, 42, 76, 99, 107, 107, 107, 161, 99, 187, 203]","[76, 42, 61, 76, 205, 164, 119, 142, 164, 164, 205, 205, 205]",37754613.0,941.0,-941.0,0.0,,,,DWT,mdp.39015067403892,0.0,,0.0,33.0,19.0,0.0,28.5,,0.0,256.3413461538462,4359.0,256.3413461538462,,0.0,256.3413461538462,,,84.0,0.0,24.0,0.0,0.0,,5.684341886080802e-14,6.738825997816094e-14,6.386501973050189e-27,0.9647606533640618,0.8798177056559296,0.0011836939468506274,0.4013466042154563,0.005761794727738996,0.9999999997234567,0.4742280246116003,6.6959667625959335e-09,6.6959667625959335e-09,6.082000342865356e-09,,2.859275438170267e-12,0.9999999933040264,0.0,,,,,,0.0,1.0,0.5,0.0,0.0,0.7922684098791032,0.2590182137497106,476,1.5822004512865082,0.7599362348820501,425,0,0.24785233644936827,0.2961384272000184,474,0.0,0.40660880645419517,0.7385425620577146,448,24.143667216615345,0.9746921727289147,455.75,454.77134096411953,0.7484834029263022,251,db,0.540986235965534,0.9305070477545101,0.3421575204977732,3,189.0,6.738825997816092e-14,0.0001547883299646835,6.3865019730501886e-27,0.9647606533640618,0.8798177056559298,0.002215950075054521,0.550064710957722,0.008113864613742628,0.9999999997234565,0.9919828214562016,0.9855281704452468,0.9855281704452468,0.9855281704451347,,6.125805465799743e-13,0.9999999999667601,0.0,,,,,1.0,,0.0,1.0,0.5,0.0,0.0,0.0,2.2345701998212353,0.6375734627747722,485,1.6431910865009074,0.7596228434867693,1137,461.033621333629,0.7583681229907605,811.0,679.956843403206,0.6666578560446466,523,0.49117026184683504,0.8233619396015222,0.4091722348267588,4,393.25,,,,,,,,,,,,,4.524702524655085e-19,0.036413600438416426,6.3865019730501886e-27,0.9744387812830113,0.27198316575137943,0.0017796104565050049,0.4161341551865249,1.0,0.008113864613742628,0.9999999999999541,0.0008499884728391221,0.0007982210227401261,0.0007982210227401261,0.0007982210227337874,,0.0,4.786380409530668e-19,0.020163910573049823,0.0,,,,,0.4782608695652174,,0.0,1.0,0.8604651162790697,0.0,0.0,0.9302325581395349,0.5744527218307418,0.17892707859001003,271,1.7021679449253626,0.8262481584570156,1268,704.9854608429879,0.6705675416621553,769.5,446.56010396361273,0.6554940512049094,736,1009.0473684210526,935.5,610.6543869996938,760,0.4758535102197843,0.8532293215616218,0.41093374637766444,5,553.25
bior2.4,1.0,reflect,3.36059340930395e-27,324.20763275526747,6289101.328252266,0.6074766355140186,259.4682371623259,206,raw,3.544952896492441e-14,-2.136290033760729e-10,6.257574506253438,66538.0985616217,0.8263084161167308,5.618943883690066e-06,0.9999999999999998,327.0,,,,[],[],13,661.1538461538462,87.00000000000006,940.0000000000001,"[8, 32, 51, 63, 81, 100, 111, 133, 152, 162, 175, 192, 204]","[878.0, 638.0, 787.0, 792.0, 940.0000000000001, 788.0, 637.0000000000001, 675.0, 771.0, 196.0, 834.0000000000002, 572.0000000000001, 87.00000000000006]","[0, 13, 39, 39, 76, 99, 107, 107, 107, 161, 99, 187, 203]","[76, 39, 61, 76, 205, 164, 119, 142, 164, 164, 205, 205, 205]",37754613.0,941.0000000000001,-941.0000000000001,0.0,,,,DWT,mdp.39015067403892,0.0,,0.0,33.0,19.0,0.0,28.5,,1.1368683772161603e-13,256.3413461538462,4359.0,256.34134615384613,,0.0,256.3413461538462,,,84.00000000000006,0.0,19.5,1.1368683772161603e-13,1.1368683772161603e-13,,0.0,2.6443250377225536e-14,1.5813009460105413e-27,0.982476853607622,0.7654628319396576,0.000622494789115411,0.37750333778371126,0.0007123524075790866,0.9999999997234095,0.47422802461166635,6.6959667625959335e-09,6.6959667625959335e-09,6.0819563246244724e-09,,0.0,0.9999999933040264,1.3612963731558036e-13,,,,,,0.0,1.0,0.0,1.4238426238064856e-13,1.4238426238064856e-13,0.742268409877805,0.24267159368215294,897,1.5238150514948474,0.7318935296396892,580,0,0.20618566978250025,0.24635434483001262,898,0.0,0.3908472337813902,0.7099140816139603,603,176.91900218273145,0.8145503121774303,744.5,712.894847320691,0.5170759946631387,817,bior,0.672619891330026,0.76736776154697,0.2989557476048908,5,614.0,2.644325037722553e-14,0.0001547883299646835,1.5813009460105406e-27,0.982476853607622,0.7654628319396577,0.001655330905117065,0.5321446138711263,0.00307636776214285,0.9999999997234094,0.9919828214562026,0.9855281704452468,0.9855281704452468,0.9855281704451341,,0.0,0.9999999999667601,7.585973278963461e-14,,,,,1.0,,0.0,1.0,0.25,1.4238426238064856e-13,1.4238426238064856e-13,0.0,2.209570199821024,0.6304403968407599,906,1.5871800226286294,0.733729760232538,1352,315.3696244092002,0.8347119368924527,1129.0,1084.9530558015945,0.6214964296621592,781,0.5943810304597339,0.7715092316736338,0.3524805091760961,5,587.0,,,,,,,,,,,,,1.7754997944848873e-19,0.03641360043841643,1.5813009460105406e-27,0.987289407429348,0.23663197837187222,0.001648514105838614,0.4025772693993831,0.9999999999999998,0.00307636776214285,0.9999999999999541,0.0008499884728391229,0.0007982210227401261,0.0007982210227401261,0.0007982210227337869,,0.0,0.0,0.020163910573049823,7.054128794466933e-19,,,,,0.4782608695652174,,0.0,1.0,0.7906976744186046,4.770970844811595e-19,4.770970844811595e-19,0.9302325581395349,0.5674759776446953,0.17675400427451057,910,1.684699425692581,0.817768776683856,1379,331.6330803764908,0.845031270852107,1144.5,1096.4525993883792,0.6551090933699788,737,1104.4,1082.5,563.6960149978129,300,0.520820561188399,0.7876173146100969,0.3991404127850916,6,554.25
db28,1.0,symmetric,1.3525165738045308e-26,318.1603665117739,7159101.83900229,0.6,270.7144046391477,206,raw,8.298000905606124e-14,-2.0357371344204296e-10,6.6972951544359285,58776.809036749495,0.7849578277403527,5.618943883690064e-06,0.9999999999999999,327.0000000000001,,,,[],[],13,661.1538461538462,87.00000000000003,939.9999999999998,"[8, 32, 51, 63, 81, 100, 111, 133, 152, 162, 175, 192, 204]","[878.0000000000002, 638.0, 787.0, 791.9999999999999, 939.9999999999998, 788.0, 637.0, 675.0000000000001, 771.0000000000001, 195.99999999999994, 834.0, 572.0000000000002, 87.00000000000003]","[0, 13, 39, 39, 76, 99, 107, 107, 107, 161, 99, 187, 203]","[76, 39, 61, 76, 205, 164, 119, 142, 164, 164, 205, 205, 205]",37754613.0,940.9999999999998,-940.9999999999998,0.0,,,,DWT,mdp.39015067403892,0.0,,0.0,33.0,19.0,0.0,28.5,,2.2737367544323206e-13,256.3413461538462,4359.0,256.3413461538462,,0.0,256.3413461538462,,,84.00000000000003,0.0,19.5,2.2737367544323206e-13,2.2737367544323206e-13,,1.1368683772161603e-13,8.649883657210474e-14,8.77442538391395e-27,0.9601610721350881,0.9173642574529758,0.0016015781796070434,0.3214285714285712,8.39751472064839e-05,0.999999999723561,0.4742280246116333,6.6959667625959335e-09,6.6959667625959335e-09,6.082000342865356e-09,,5.718550876340534e-12,0.9999999933040264,2.7225927463116073e-13,,,,,,0.0,1.0,0.0,2.847685247612971e-13,2.847685247612971e-13,0.7422684098807927,0.2426715936831297,727,1.5641845796171057,0.7512831507084035,475,0,0.20618566978301278,0.24635434483062502,728,0.0,0.400079931758387,0.7266838620771496,512,135.9423897587994,0.8575027361018874,610.5,587.5846003430015,0.6087828145918242,505,db,0.540986235965534,0.9305070477545101,0.3421575204977732,3,379.5,8.649883657210473e-14,0.0001547883299646835,8.77442538391395e-27,0.9601610721350881,0.9173642574529759,0.002633402433043246,0.49,0.0024494770542114377,0.9999999997235609,0.9919828214562021,0.9855281704452468,0.9855281704452468,0.9855281704451347,,1.2251610931599486e-12,0.9999999999667601,1.5171946557926922e-13,,,,,1.0,,0.0,1.0,0.25,2.847685247612971e-13,2.847685247612971e-13,0.0,2.2095701998217314,0.6304403968409618,731,1.6331217004341867,0.7549679158042827,1185,321.02647865869255,0.8317471285855909,958.0,904.2118997912318,0.6648253462634452,534,0.49117026184683504,0.8233619396015222,0.4091722348267588,4,401.5,,,,,,,,,,,,,5.807858881418932e-19,0.036413600438416426,8.77442538391395e-27,0.9711024282281436,0.28359014973813085,0.0018772283826196383,0.370694087403599,0.9999999999999999,0.0024494770542114377,0.9999999999999541,0.0008499884728391225,0.0007982210227401261,0.0007982210227401261,0.0007982210227337874,,0.0,9.572760819061336e-19,0.020163910573049823,1.4108257588933865e-18,,,,,0.4782608695652174,,0.0,1.0,0.7906976744186046,9.54194168962319e-19,9.54194168962319e-19,0.9302325581395349,0.5674759776446953,0.17675400427451057,877,1.6855766519118922,0.8181945904529478,1374,351.4320702497141,0.8357794064253672,1125.5,1070.6334962239005,0.6549224134930574,738,1009.0473684210526,935.5,610.6543869996938,760,0.4758535102197843,0.8532293215616218,0.41093374637766444,5,554.75
db20,1.0,symmetric,8.519345469574888e-27,320.1677301709617,6788993.08287166,0.610655737704918,281.511807948897,206,raw,6.331936054231088e-14,-2.0967161340479658e-10,6.587424596986348,59305.83387471226,0.7764097539002259,5.618943883690062e-06,1.0,327.0,,,,[],[],13,661.1538461538462,87.0,940.0,"[8, 32, 51, 63, 81, 100, 111, 133, 152, 162, 175, 192, 204]","[878.0000000000002, 637.9999999999999, 787.0, 792.0000000000002, 940.0, 787.9999999999999, 637.0, 675.0, 771.0, 196.0000000000001, 834.0000000000001, 572.0, 87.0]","[0, 13, 42, 42, 76, 99, 107, 107, 107, 161, 99, 187, 203]","[76, 42, 61, 76, 205, 164, 119, 142, 164, 164, 205, 205, 205]",37754613.0,941.0,-941.0,0.0,,,,DWT,mdp.39015067403892,0.0,,0.0,33.0,19.0,0.0,28.5,,0.0,256.3413461538462,4359.0,256.34134615384613,,0.0,256.3413461538462,,,84.0,0.0,24.0,0.0,0.0,,0.0,6.165726608510826e-14,5.231975496172784e-27,0.9675686984823716,0.8794094914725349,0.0011850642450455305,0.4013466042154563,0.0001268065835654537,0.9999999997234691,0.4742280246116003,6.6959667625959335e-09,6.6959667625959335e-09,6.0819563246244724e-09,,0.0,0.9999999933040264,0.0,,,,,,0.0,1.0,0.5,0.0,0.0,0.7922684098776603,0.25901821374923895,560,1.581427861157228,0.7595651572265768,426,0,0.24785233644912635,0.2961384271997293,560,0.0,0.4062045830903131,0.7378083522863906,458,69.3685807840985,0.9272866029516788,501.0,493.6898705007365,0.7010646851236382,342,db,0.540986235965534,0.9305070477545101,0.3421575204977732,3,257.25,6.165726608510825e-14,0.0001547883299646835,5.231975496172784e-27,0.9675686984823716,0.879409491472535,0.0022173189570743974,0.550064710957722,0.002492207164217125,0.999999999723469,0.9919828214562016,0.9855281704452468,0.9855281704452468,0.9855281704451341,,0.0,0.9999999999667601,0.0,,,,,1.0,,0.0,1.0,0.5,0.0,0.0,0.0,2.234570199820929,0.6375734627746849,551,1.642423827941399,0.7592681512458903,1141,417.19300090006305,0.7813453873689397,846.0,743.1335697399527,0.6689745804769227,506,0.49117026184683504,0.8233619396015222,0.4091722348267588,4,380.5,,,,,,,,,,,,,4.1399019296392473e-19,0.03641360043841641,5.231975496172784e-27,0.9764756253873538,0.2718569721260516,0.0017799305587186316,0.4161341551865249,1.0,0.002492207164217125,0.9999999999999541,0.0008499884728391221,0.0007982210227401261,0.0007982210227401261,0.0007982210227337869,,0.0,0.0,0.020163910573049823,0.0,,,,,0.4782608695652174,,0.0,1.0,0.8604651162790697,0.0,0.0,0.9302325581395349,0.5744527218307418,0.17892707859001003,288,1.7010784516466007,0.8257193082822064,1273,696.5001794687494,0.6745326264164723,780.5,469.72966047405515,0.654906500124124,739,1009.0473684210526,935.5,610.6543869996938,760,0.4758535102197843,0.8532293215616218,0.41093374637766444,5,555.5
db38,1.0,periodization,2.4245750037303274e-26,313.40104250775715,4963959.8137902515,0.5145631067961165,100.36938253409528,206,smoothed,1.1463560773090547e-13,-1.9823074293157142e-10,6.1919268070244575,31688.23739843528,0.9831453581510157,0.00014966566451320268,0.9999999999999999,362.39999999999975,,,,[],[],11,426.6,32.19999999999996,728.4000000000003,"[9, 31, 53, 64, 80, 102, 131, 148, 158, 175, 192]","[310.99999999999966, 417.8000000000001, 589.6000000000003, 432.20000000000016, 728.4000000000003, 371.0000000000002, 586.9999999999998, 32.19999999999996, 448.19999999999976, 368.0000000000001, 407.20000000000016]","[0, 0, 0, 60, 0, 94, 120, 144, 144, 165, 186]","[20, 40, 75, 75, 203, 120, 203, 149, 203, 186, 203]",30736475.839999996,728.4000000000003,-728.4000000000003,0.0,,,,DWT,mdp.39015067403892,0.0,,0.0,33.0,11.0,0.0,33.0,,3.410605131648481e-13,168.4000000000001,987.7999999999984,168.40000000000006,,0.0,168.4000000000001,,,27.99999999999997,0.0,15.0,3.410605131648481e-13,3.410605131648481e-13,,2.2737367544323206e-13,2.0300145226056327e-13,6.616971501991333e-26,0.9555143879752107,0.08307039165137728,0.06320819928232037,0.010243106125536985,0.026847626163012783,,0.9999996646849938,4.4059791007223055e-09,4.4059791007223055e-09,3.6787565615428943e-09,,2.4503221863198973e-12,0.9999999955939887,2.275791983689038e-13,,,,,,0.0,1.0,0.0,5.243104679449306e-13,5.243104679449306e-13,0.8999999009512557,0.3383296774329392,566,0.6612842211674561,0.3357127478369245,860,0,0.2499999727311186,0.3557007787798228,566,0.0,0.16269767302823734,0.2870427289138141,891,179.137517008582,0.8122248249385933,720.75,687.4394769982081,0.5283608401422526,799,db,0.573477938514061,0.8443824841957417,0.34525069778143475,3,600.0,1.264962346863753e-13,0.9999999999705134,1.636102070908538e-26,0.9425980891020697,0.7427848450500968,0.00016558099146364797,0.008405723045477986,0.0002614934985440925,0.9999999997236414,2.0315811922799742e-05,4.745454029730922e-11,4.745454029730922e-11,3.9622027880881205e-11,,2.4503221863198973e-12,0.0031261328403480726,2.275791983689038e-13,,,,,0.0,,0.0,1.0,0.0,4.2715278714194565e-13,4.2715278714194565e-13,1.0,0.30156916120562005,0.08604450842105225,1315,1.6405009529802794,0.7583792346995223,1150,116.67261889578035,0.9388508286709747,1232.5,1226.9776876267747,0.6464432340419863,665,0.49117026184683504,0.8233619396015222,0.4091722348267588,4,499.75,,,,,,,,,,,,,8.493435394092285e-19,0.9999999999715827,1.636102070908538e-26,0.9583629397447815,0.2296214003539036,0.0013001478929827062,0.00635908537410379,0.9999999999999999,0.00026149349854409296,0.9999999999999541,9.960751159770391e-05,3.8435400695480126e-14,3.8435400695480126e-14,3.2091408523615694e-14,,0.0,1.9145521638122673e-18,0.00456704015061846,2.11623863834008e-18,,,,,0.13043478260869565,,0.0,1.0,0.7209302325581395,1.4312912534434783e-18,1.4312912534434783e-18,1.0,0.42658033862811345,0.13286867808967343,1373,1.7931267695108275,0.8704004182461932,840,376.8879143724298,0.823884152162416,1106.5,1042.3136014460008,0.6534140386980304,740,1009.0473684210526,935.5,610.6543869996938,760,0.4758535102197843,0.8532293215616218,0.41093374637766444,5,556.25
bior2.4,1.0,periodization,3.0919463385015286e-27,324.56947298831676,6238384.555428146,0.6067961165048543,260.5165936761131,206,raw,3.6150366222923894e-14,-2.1388379956022435e-10,6.208788606183031,67865.84233760195,0.8278356371112008,5.618943883690066e-06,0.9999999999999999,327.0,,,,[],[],13,661.1538461538462,87.00000000000006,940.0000000000001,"[8, 32, 51, 63, 81, 100, 111, 133, 152, 162, 175, 192, 204]","[878.0, 638.0, 787.0, 792.0, 940.0000000000001, 788.0, 637.0000000000001, 675.0, 771.0, 196.0, 834.0000000000002, 572.0000000000001, 87.00000000000006]","[0, 13, 39, 39, 76, 99, 107, 107, 107, 161, 99, 187, 203]","[76, 39, 61, 76, 205, 164, 119, 142, 164, 164, 205, 205, 205]",37754613.0,941.0000000000001,-941.0000000000001,0.0,,,,DWT,mdp.39015067403892,0.0,,0.0,33.0,19.0,0.0,28.5,,1.1368683772161603e-13,256.3413461538462,4359.0,256.34134615384613,,0.0,256.3413461538462,,,84.00000000000006,0.0,19.5,1.1368683772161603e-13,1.1368683772161603e-13,,0.0,2.732877041143658e-14,1.3911884899560951e-27,0.9838121259841917,0.7486097507930801,0.0005654190181499147,0.3723994452149788,0.0008198505229056098,0.9999999997234056,0.47422802461166635,6.6959667625959335e-09,6.6959667625959335e-09,6.0819563246244724e-09,,0.0,0.9999999933040264,1.3612963731558036e-13,,,,,,0.0,1.0,0.0,1.4238426238064856e-13,1.4238426238064856e-13,0.742268409877805,0.24267159368215294,898,1.514162578680654,0.7272574142588883,599,0,0.20618566978250025,0.24635434483001262,899,0.0,0.3882758239070924,0.7052435097854125,621,166.8080233881652,0.8251488224442713,754.25,726.521393414514,0.5172651869034774,815,bior,0.672619891330026,0.76736776154697,0.2989557476048908,5,612.5,2.7328770411436573e-14,0.0001547883299646835,1.3911884899560951e-27,0.9838121259841915,0.7486097507930802,0.0015983141207880445,0.5283086356668368,0.0031836115691169877,0.9999999997234055,0.9919828214562026,0.9855281704452468,0.9855281704452468,0.9855281704451341,,0.0,0.9999999999667601,7.585973278963461e-14,,,,,1.0,,0.0,1.0,0.25,1.4238426238064856e-13,1.4238426238064856e-13,0.0,2.209570199821024,0.6304403968407599,905,1.5780346433301904,0.729501987160668,1381,336.5828278447966,0.8235939057417209,1143.0,1093.442694663167,0.612268650984068,817,0.5943810304597339,0.7715092316736338,0.3524805091760961,5,614.0,,,,,,,,,,,,,1.8349569571379348e-19,0.03641360043841643,1.3911884899560951e-27,0.988257960836903,0.23142208735303477,0.0016351811826117802,0.39967528074685416,0.9999999999999999,0.0031836115691169877,0.9999999999999541,0.0008499884728391229,0.0007982210227401261,0.0007982210227401261,0.0007982210227337869,,0.0,0.0,0.020163910573049823,7.054128794466933e-19,,,,,0.4782608695652174,,0.0,1.0,0.7906976744186046,4.770970844811595e-19,4.770970844811595e-19,0.9302325581395349,0.5674759776446953,0.17675400427451057,968,1.6815510478278601,0.8162405247739267,1395,301.9345955666558,0.858909067492217,1181.5,1142.9200169276344,0.6534031318769495,741,1104.4,1082.5,563.6960149978129,300,0.520820561188399,0.7876173146100969,0.3991404127850916,6,557.25
bior2.8,1.0,zero,6.988357923634404e-27,318.8036473404841,5063518.044221316,0.5495495495495496,66.16902030917481,206,smoothed,5.5825894069306903e-14,-2.1371846514739487e-10,6.16245364110945,39368.321472944175,0.99023573567175,0.0001496656645132026,0.9999999999999999,362.40000000000003,,,,[],[],11,426.60000000000014,32.200000000000045,728.4000000000003,"[9, 31, 53, 64, 80, 102, 131, 148, 158, 175, 192]","[311.0, 417.8000000000001, 589.6, 432.20000000000005, 728.4000000000003, 371.0, 587.0000000000001, 32.200000000000045, 448.2000000000001, 368.0000000000001, 407.2000000000002]","[1, 1, 1, 60, 1, 94, 120, 144, 144, 165, 186]","[20, 40, 75, 75, 203, 120, 203, 149, 203, 186, 203]",30736475.84000001,728.4000000000003,-728.4000000000003,0.0,,,,DWT,mdp.39015067403892,1.4901161193847656e-08,,0.0,33.0,11.0,0.0,33.0,,3.410605131648481e-13,168.4000000000002,987.7999999999975,168.40000000000012,,0.0,168.4000000000002,,,28.000000000000057,0.0,33.0,3.410605131648481e-13,3.410605131648481e-13,,5.684341886080802e-14,7.380474896209981e-14,1.566423724865143e-26,0.9760411144163414,0.040558177422789235,0.10593409902601375,0.25056439992766405,0.0905372844362907,,0.9999996647593375,4.406097391567225e-09,4.406097391567225e-09,3.678815706965397e-09,,6.125805465799743e-13,0.9999999955939026,2.275791983689038e-13,,,,,,3.1786782849947497e-13,1.0,1.0,5.243104679449306e-13,5.243104679449306e-13,0.9999999009728445,0.37592186795966953,107,0.7953114806198104,0.4037540803162736,517,0,0.33333330607053807,0.47426771798117434,108,0.0,0.20909072503273907,0.36889262880575324,495,230.24968331501927,0.7586481306970447,306.75,177.30895989482164,0.71855362509695,286,bior,0.8100315533562081,0.7923003667562746,0.1952878026237719,6,216.0,5.2189141193353884e-14,0.9999999999705127,4.148547332678776e-27,0.9625349240246774,0.7326033447376027,0.0002775062942101856,0.2056187766714087,0.0008818251234644927,0.9999999997234079,2.0315811924354055e-05,4.745570603148508e-11,4.745570603148508e-11,3.962258299239352e-11,,6.125805465799743e-13,0.003126132840347795,2.275791983689038e-13,,,,,0.0,,1.4749084227875944e-13,1.0,1.0,4.2715278714194565e-13,4.2715278714194565e-13,1.0,0.4015691612047761,0.1145767721566197,1124,1.7265616205291945,0.7981638035989839,484,452.54833995939043,0.7628153354510532,804.0,676.636815920398,0.6707158438261556,494,0.5943810304597339,0.7715092316736338,0.3524805091760961,5,371.75,,,,,,,,,,,,,3.504176231789885e-19,0.9999999999715822,4.148547332678776e-27,0.9728243258552026,0.22647393393070142,0.0013263207381584055,0.15555441790051489,0.9999999999999999,0.0008818251234644929,0.9999999999999541,9.960751159770499e-05,3.843648489765261e-14,3.843648489765261e-14,3.209195062470194e-14,,0.0,4.786380409530668e-19,0.004567040150618456,2.11623863834008e-18,,,,,0.13043478260869565,,4.666576700876887e-21,1.0,1.0,1.4312912534434783e-18,1.4312912534434783e-18,1.0,0.4544873153722995,0.14156097535167125,1262,1.8601692200485993,0.9029434475403493,190,758.0184694319789,0.6457857619476735,726.0,330.2754820936639,0.6532667127495376,742,1104.4,1082.5,563.6960149978129,300,0.520820561188399,0.7876173146100969,0.3991404127850916,6,558.0
coif8,1.0,reflect,2.3941043877005738e-26,315.6803616427035,7065724.393624336,0.6111111111111112,285.04127628428483,206,raw,1.0216207599414792e-13,-2.241401508840143e-10,6.683623281270001,59000.491282998315,0.7403572673205008,5.618943883690062e-06,1.0,327.0000000000002,,,,[],[],13,661.1538461538463,86.99999999999994,940.0000000000002,"[8, 32, 51, 63, 81, 100, 111, 133, 152, 162, 175, 192, 204]","[878.0000000000003, 638.0000000000003, 787.0000000000001, 792.0000000000003, 940.0000000000002, 788.0, 637.0, 675.0, 771.0000000000001, 196.00000000000017, 834.0000000000002, 572.0000000000001, 86.99999999999994]","[0, 13, 39, 39, 76, 99, 107, 107, 107, 161, 164, 187, 203]","[76, 39, 61, 76, 205, 164, 119, 142, 164, 164, 205, 205, 205]",37754613.00000001,941.0000000000002,-941.0000000000002,0.0,,,,DWT,mdp.39015067403892,7.450580596923828e-09,,0.0,33.0,19.0,0.0,28.5,,2.2737367544323206e-13,256.3413461538463,4358.999999999998,256.34134615384625,,0.0,256.3413461538463,,,83.99999999999994,0.0,24.0,2.2737367544323206e-13,2.2737367544323206e-13,,2.2737367544323206e-13,1.1073571093540457e-13,1.614539045361281e-26,0.9510092927226071,0.912641311118921,0.0014964928323153767,0.4047619047619051,0.00010208513223427954,0.999999999723251,0.47422802461153424,6.696054799077647e-09,6.696054799077647e-09,6.082044361106239e-09,,1.1437101752681067e-11,0.9999999933039181,2.7225927463116073e-13,,,,,,7.374542113937972e-14,1.0,0.5,2.847685247612971e-13,2.847685247612971e-13,0.792268409883671,0.259018213751204,260,1.5896200734561718,0.7634999045367243,387,0,0.24785233645016325,0.2961384272009682,260,0.0,0.40875138578641806,0.7424342289481367,420,83.93797313095745,0.9120147032170257,331.75,316.02467750981486,0.7821341859900641,173,coif,0.5507900112560971,0.8749445204262634,0.351963635992853,2,130.25,1.1073571093540457e-13,0.0001547883299646835,1.614539045361281e-26,0.9510092927226071,0.9126413111189211,0.0025284256892986667,0.5526315789473688,0.0024675441964373836,0.9999999997232509,0.9919828214562006,0.9855281704452481,0.9855281704452481,0.9855281704451354,,2.4503221863198973e-12,0.9999999999667596,1.5171946557926922e-13,,,,,1.0,,7.374542113937972e-14,1.0,0.5,2.847685247612971e-13,2.847685247612971e-13,0.0,2.234570199822381,0.6375734627750992,261,1.6502765296835198,0.7628983386753425,1111,601.0407640085654,0.6849891173959302,686.0,422.69825072886294,0.662725166664422,544,0.4784248188775415,0.776734912893196,0.43208215291776214,2,408.5,,,,,,,,,,,,,7.435214249503979e-19,0.03641360043841641,1.614539045361281e-26,0.9644640918926598,0.2821301178618089,0.0018526804029076877,0.41807603842511193,1.0,0.0024675441964373836,0.9999999999999541,0.0008499884728391214,0.0007982210227401272,0.0007982210227401272,0.0007982210227337879,,0.0,1.9145521638122673e-18,0.020163910573049813,1.4108257588933865e-18,,,,,0.4782608695652174,,2.3332883504384434e-21,1.0,0.8604651162790697,9.54194168962319e-19,9.54194168962319e-19,0.9302325581395349,0.5744527218307418,0.17892707859001003,316,1.6998113674480806,0.8251042538225344,1285,685.1864709697645,0.6798194060888951,800.5,507.2579637726421,0.6528769927640737,743,986.6382352941176,846.0,585.0035688138154,340,0.4652856568234462,0.8173890317607586,0.42908333069536003,4,558.25
coif16,1.0,zero,3.0201838451292295e-26,312.44706494038616,4960973.700451256,0.56,30.274611198316975,206,smoothed,1.2226681371774832e-13,-2.2200532523442066e-10,6.195653856662087,47043.897457777784,0.9922146226429674,0.00014966566451320255,1.0,362.40000000000003,,,,[],[],11,426.6000000000003,32.200000000000074,728.4000000000003,"[9, 31, 53, 64, 80, 102, 131, 148, 158, 175, 192]","[311.00000000000006, 417.8000000000002, 589.6000000000003, 432.2000000000004, 728.4000000000003, 371.00000000000017, 587.0000000000006, 32.200000000000074, 448.2000000000003, 368.00000000000006, 407.20000000000044]","[1, 1, 1, 60, 1, 94, 120, 144, 144, 165, 186]","[20, 40, 75, 75, 203, 120, 203, 149, 203, 186, 203]",30736475.84000001,728.4000000000003,-728.4000000000003,0.0,,,,DWT,mdp.39015067403892,1.4901161193847656e-08,,0.0,33.0,11.0,0.0,33.0,,3.410605131648481e-13,168.40000000000038,987.7999999999956,168.40000000000026,,0.0,168.40000000000038,,,28.000000000000085,0.0,33.0,3.410605131648481e-13,3.410605131648481e-13,,5.684341886080802e-14,2.1976614289253586e-13,8.360080130543211e-26,0.9518898333089543,0.08844630318705701,0.06192669419135175,0.32234837038635933,0.1541895578726191,,0.9999996647841187,4.406274827834604e-09,4.406274827834604e-09,3.6789635705216543e-09,,6.125805465799743e-13,0.9999999955937305,2.275791983689038e-13,,,,,,3.1786782849947497e-13,1.0,1.0,5.243104679449306e-13,5.243104679449306e-13,0.9999999009803436,0.3759218679624886,86,0.8369355699782343,0.4248852928379581,388,0,0.33333330607263073,0.47426771798415174,85,0.0,0.22554296556379452,0.3979188338576288,351,164.66228064334183,0.8273980286757423,227.5,138.79763283943478,0.7944642134992967,153,coif,0.5556920286951962,0.9053407607371553,0.33941335169221604,4,115.75,1.3613839584348889e-13,0.9999999999705125,2.0575943259622527e-26,0.9390776959085244,0.744072353733746,0.00016222394465741758,0.26452631578947416,0.0015017926233875066,0.999999999723283,2.0315811924853655e-05,4.7457704432929404e-11,4.7457704432929404e-11,3.9624192815779224e-11,,6.125805465799743e-13,0.00312613284034724,2.275791983689038e-13,,,,,0.0,,1.4749084227875944e-13,1.0,1.0,4.2715278714194565e-13,4.2715278714194565e-13,1.0,0.40156916120477765,0.11457677215662014,1119,1.7419751496299685,0.8052892492637534,316,567.8067452927977,0.7024073661987433,717.5,492.82787456445993,0.6631795740846966,542,0.4784248188775415,0.776734912893196,0.43208215291776214,2,407.0,,,,,,,,,,,,,9.140846544712017e-19,0.9999999999715818,2.0575943259622527e-26,0.9558093867144242,0.23001941540345328,0.0012993628741875727,0.2001190637261538,1.0,0.0015017926233875066,0.9999999999999541,9.960751159770543e-05,3.843800278069409e-14,3.843800278069409e-14,3.209325166730892e-14,,0.0,4.786380409530668e-19,0.004567040150618447,2.11623863834008e-18,,,,,0.13043478260869565,,4.666576700876887e-21,1.0,1.0,1.4312912534434783e-18,1.4312912534434783e-18,1.0,0.4544873153722995,0.14156097535167125,1251,1.8697933636987476,0.9076150964169291,115,803.273303427918,0.6246386432579822,683.0,210.63689604685212,0.6527398823766547,744,986.6382352941176,846.0,585.0035688138154,340,0.4652856568234462,0.8173890317607586,0.42908333069536003,4,559.0
coif17,1.0,reflect,3.3811313646771607e-26,314.18117202428255,8515453.7565805,0.6013071895424836,289.13251450865687,206,raw,1.3143315993271172e-13,-2.1502677416407587e-10,6.936507144402626,60185.97604037937,0.7609559367953188,5.618943883690064e-06,0.9999999999999998,327.00000000000006,,,,[],[],13,661.1538461538463,86.99999999999977,939.9999999999994,"[8, 32, 51, 63, 81, 100, 111, 133, 152, 162, 175, 192, 204]","[878.0000000000002, 638.0000000000002, 787.000000000001, 792.0000000000002, 939.9999999999994, 788.0, 637.0, 674.9999999999997, 771.0000000000005, 196.0000000000001, 834.0000000000005, 571.9999999999998, 86.99999999999977]","[0, 13, 42, 42, 76, 99, 107, 107, 107, 161, 99, 187, 203]","[76, 42, 61, 76, 205, 164, 119, 142, 164, 164, 205, 205, 205]",37754613.00000001,940.9999999999995,-940.9999999999995,0.0,,,,DWT,mdp.39015067403892,7.450580596923828e-09,,0.0,33.0,19.0,0.0,28.5,,4.547473508864641e-13,256.3413461538463,4358.999999999998,256.34134615384625,,0.0,256.3413461538463,,,83.99999999999977,0.0,24.0,5.684341886080801e-13,4.547473508864641e-13,,5.684341886080802e-14,1.4772023331176836e-13,2.3130246913224781e-26,0.9454769436307231,1.0,0.0031279929549471795,0.3312324929971986,0.00019806553106740434,0.9999999997233884,0.4742280246113362,6.696054799077647e-09,6.696054799077647e-09,6.082044361106239e-09,,2.859275438170267e-12,0.9999999933039181,6.806481865779018e-13,,,,,,7.374542113937972e-14,1.0,0.5,5.695370495225942e-13,5.695370495225942e-13,0.7922684098796408,0.2590182137498864,441,1.6014223859566137,0.7691685951992724,349,0,0.24785233644951338,0.29613842720019173,441,0.0,0.4100044368546841,0.7447102041155623,403,43.52393977265079,0.9543774216219594,408.5,404.78183010673393,0.7630901783162207,217,coif,0.5507900112560971,0.8749445204262634,0.351963635992853,2,163.25,1.4772023331176833e-13,0.0001547883299646835,2.313024691322478e-26,0.9454769436307231,1.0,0.0041582396900784885,0.49736842105263157,0.0025632975343865623,0.9999999997233883,0.9919828214561976,0.9855281704452481,0.9855281704452481,0.9855281704451354,,6.125805465799743e-13,0.9999999999667596,3.7929866394817307e-13,,,,,1.0,,7.374542113937972e-14,1.0,0.5,5.695370495225942e-13,5.695370495225942e-13,0.0,2.2345701998216883,0.6375734627749015,341,1.669384409846669,0.7717316279876916,986,456.08387386532314,0.7609623302592646,663.5,506.74604370761114,0.7066079995111836,314,0.4784248188775415,0.776734912893196,0.43208215291776214,2,236.0,,,,,,,,,,,,,9.918494895475966e-19,0.036413600438416426,2.313024691322478e-26,0.9604511461755515,0.3091358175709911,0.0022337994927009636,0.37626843458260045,0.9999999999999998,0.0025632975343865623,0.9999999999999541,0.0008499884728391191,0.0007982210227401272,0.0007982210227401272,0.0007982210227337879,,0.0,4.786380409530668e-19,0.020163910573049813,3.5270643972334666e-18,,,,,0.4782608695652174,,2.3332883504384434e-21,1.0,0.8604651162790697,1.908388337924638e-18,1.908388337924638e-18,0.9302325581395349,0.5744527218307418,0.17892707859001003,504,1.6944122692154782,0.8224834813039849,1318,575.5849198858497,0.7310350841654908,911.0,729.1679473106477,0.6526670747930258,745,986.6382352941176,846.0,585.0035688138154,340,0.4652856568234462,0.8173890317607586,0.42908333069536003,4,559.75
db28,1.0,antireflect,1.5161830009910448e-26,317.6642762370883,7012437.198340803,0.6,279.1764067944644,206,raw,8.71190929536929e-14,-2.0285284563215385e-10,6.700894158454621,140918.09662457218,0.9083674010996979,5.618943883690064e-06,1.0,327.0,,,,[],[],13,661.1538461538462,86.99999999999997,939.9999999999998,"[8, 32, 51, 63, 81, 100, 111, 133, 152, 162, 175, 192, 204]","[878.0, 637.9999999999998, 786.9999999999999, 791.9999999999999, 939.9999999999998, 788.0, 637.0, 675.0000000000001, 771.0000000000001, 195.99999999999994, 834.0, 571.9999999999999, 86.99999999999997]","[0, 13, 39, 39, 76, 99, 107, 107, 107, 161, 99, 187, 203]","[76, 39, 61, 76, 205, 164, 119, 142, 164, 164, 205, 205, 205]",37754613.0,940.9999999999998,-940.9999999999998,0.0,,,,DWT,mdp.39015067403892,0.0,,0.0,33.0,19.0,0.0,28.5,,2.2737367544323206e-13,256.3413461538462,4359.0,256.34134615384613,,0.0,256.3413461538462,,,83.99999999999997,0.0,19.5,2.2737367544323206e-13,2.2737367544323206e-13,,0.0,9.172864088515663e-14,9.93263739617028e-27,0.9583303867121593,0.9186075327986463,0.001436524352776194,0.3214285714285712,0.006734379966212901,0.9999999997235719,0.47422802461156727,6.6959667625959335e-09,6.6959667625959335e-09,6.0819563246244724e-09,,0.0,0.9999999933040264,2.7225927463116073e-13,,,,,,0.0,1.0,0.0,2.847685247612971e-13,2.847685247612971e-13,0.7422684098779003,0.2426715936821841,885,1.566285441050377,0.7522922015693806,470,0,0.2061856697825271,0.2463543448300447,884,0.0,0.4008171743727537,0.7280229502637058,507,229.12951213960488,0.7598223143190724,686.5,628.8110484322633,0.5201103185851128,797,db,0.540986235965534,0.9305070477545101,0.3421575204977732,3,598.5,9.172864088515663e-14,0.0001547883299646835,9.93263739617028e-27,0.9583303867121593,0.9186075327986464,0.00246851918595083,0.49,0.009084149006766365,0.9999999997235718,0.9919828214562011,0.9855281704452468,0.9855281704452468,0.9855281704451341,,0.0,0.9999999999667601,1.5171946557926922e-13,,,,,1.0,,0.0,1.0,0.25,2.847685247612971e-13,2.847685247612971e-13,0.0,2.209570199821118,0.6304403968407868,884,1.6352163540107465,0.7559362430542401,1172,203.64675298172568,0.893266900952974,1028.0,1007.828793774319,0.6772414169335101,473,0.49117026184683504,0.8233619396015222,0.4091722348267588,4,355.75,,,,,,,,,,,,,6.15900771337255e-19,0.036413600438416426,9.93263739617028e-27,0.9697745219255404,0.28397449067858055,0.0018386717417858043,0.370694087403599,1.0,0.009084149006766365,0.9999999999999541,0.0008499884728391218,0.0007982210227401261,0.0007982210227401261,0.0007982210227337869,,0.0,0.0,0.020163910573049823,1.4108257588933865e-18,,,,,0.4782608695652174,,0.0,1.0,0.7906976744186046,9.54194168962319e-19,9.54194168962319e-19,0.9302325581395349,0.5674759776446953,0.17675400427451057,738,1.68760666906116,0.8191799796656981,1359,439.11331111684603,0.7948068639640906,1048.5,956.549356223176,0.6524267964680266,746,1009.0473684210526,935.5,610.6543869996938,760,0.4758535102197843,0.8532293215616218,0.41093374637766444,5,560.75
db12,1.0,periodic,7.79624722612747e-27,320.55293644315475,6403193.886791106,0.6140350877192983,307.8602972740468,206,raw,6.023660534772065e-14,-2.1481594281169983e-10,6.5047450770403135,63815.13344130917,0.7385916516033896,5.618943883690066e-06,1.0,327.0000000000001,,,,[],[],13,661.1538461538462,86.99999999999999,940.0000000000001,"[8, 32, 51, 63, 81, 100, 111, 133, 152, 162, 175, 192, 204]","[878.0, 638.0, 787.0, 792.0000000000002, 940.0000000000001, 787.9999999999999, 636.9999999999999, 674.9999999999998, 771.0, 196.0000000000001, 834.0000000000002, 572.0, 86.99999999999999]","[0, 13, 42, 42, 76, 99, 107, 107, 107, 161, 164, 187, 203]","[76, 42, 61, 76, 205, 164, 119, 142, 164, 164, 205, 205, 205]",37754613.0,941.0000000000001,-941.0000000000001,0.0,,,,DWT,mdp.39015067403892,0.0,,0.0,33.0,19.0,0.0,28.5,,1.1368683772161603e-13,256.3413461538462,4359.0,256.34134615384613,,0.0,256.3413461538462,,,83.99999999999999,0.0,28.5,1.1368683772161603e-13,1.1368683772161603e-13,,1.1368683772161603e-13,5.776215141444985e-14,4.720263298381703e-27,0.9689901968331939,0.8508478649206082,0.0007508925632130046,0.4266917293233084,0.000491892990763256,0.9999999997233916,0.4742280246115838,6.6959667625959335e-09,6.6959667625959335e-09,6.0819563246244724e-09,,5.718550876340534e-12,0.9999999933040264,1.3612963731558036e-13,,,,,,0.0,1.0,1.0,1.4238426238064856e-13,1.4238426238064856e-13,0.8422684098806394,0.2753648338173462,143,1.5780669456568297,0.7579508981299796,437,0,0.2895190031163033,0.3459225095701042,143,0.0,0.405971572044317,0.7373851234429272,462,177.25193934058944,0.814201321445923,296.25,216.93331955780556,0.7518333651254772,240,db,0.540986235965534,0.9305070477545101,0.3421575204977732,3,180.75,5.776215141444983e-14,0.0001547883299646835,4.720263298381703e-27,0.9689901968331939,0.8508478649206082,0.001783595982753501,0.5691135734072024,0.0028564298862943944,0.9999999997233914,0.9919828214562014,0.9855281704452468,0.9855281704452468,0.9855281704451341,,1.2251610931599486e-12,0.9999999999667601,7.585973278963461e-14,,,,,1.0,,0.0,1.0,0.75,1.4238426238064856e-13,1.4238426238064856e-13,0.0,2.2595701998216366,0.6447065287088388,144,1.636544286257359,0.7565501264165687,1165,721.956023591465,0.6216163398367583,654.5,256.31779984721163,0.6392934948659683,711,0.49117026184683504,0.8233619396015222,0.4091722348267588,4,534.25,,,,,,,,,,,,,3.87836920584046e-19,0.03641360043841643,4.720263298381703e-27,0.9775067236828638,0.2630275503507644,0.0016785078778995192,0.43054497290445726,1.0,0.0028564298862943944,0.9999999999999541,0.0008499884728391219,0.0007982210227401261,0.0007982210227401261,0.0007982210227337869,,0.0,9.572760819061336e-19,0.020163910573049823,7.054128794466933e-19,,,,,0.4782608695652174,,0.0,1.0,0.9302325581395349,4.770970844811595e-19,4.770970844811595e-19,0.9302325581395349,0.5814294660167882,0.18110015290550946,149,1.7031417045718575,0.8267208304498673,1258,784.1814203358812,0.6335600839551957,703.5,266.4420753375977,0.6524108830990931,747,1009.0473684210526,935.5,610.6543869996938,760,0.4758535102197843,0.8532293215616218,0.41093374637766444,5,561.5
db29,1.0,periodic,1.530459085722423e-26,317.6235752290645,6971970.865082145,0.5992366412213741,299.67156281297457,206,raw,8.648098418614132e-14,-2.055777770237938e-10,6.734761963991178,62391.540829212085,0.7400560028975062,5.618943883690066e-06,1.0,327.0,,,,[],[],13,661.153846153846,87.00000000000006,939.9999999999998,"[8, 32, 51, 63, 81, 100, 111, 133, 152, 162, 175, 192, 204]","[878.0000000000001, 638.0, 787.0, 791.9999999999998, 939.9999999999998, 788.0, 637.0000000000001, 674.9999999999995, 771.0, 195.99999999999983, 834.0000000000001, 571.9999999999998, 87.00000000000006]","[0, 13, 39, 39, 76, 99, 107, 107, 107, 161, 99, 187, 203]","[76, 39, 61, 76, 205, 164, 119, 142, 164, 164, 205, 205, 205]",37754613.0,940.9999999999998,-940.9999999999998,0.0,,,,DWT,mdp.39015067403892,0.0,,0.0,33.0,19.0,0.0,28.5,,2.2737367544323206e-13,256.34134615384596,4359.000000000002,256.3413461538461,,0.0,256.34134615384596,,,84.00000000000006,0.0,19.5,2.2737367544323206e-13,2.2737367544323206e-13,,0.0,9.092237938689443e-14,1.0033664424792518e-26,0.9581801907782944,0.9303071606448143,0.0013909842475945365,0.31570338058887715,0.0003766346664075527,0.9999999997235308,0.47422802461166635,6.695790689632508e-09,6.695790689632508e-09,6.081912306383589e-09,,0.0,0.9999999933041348,2.7225927463116073e-13,,,,,,0.0,1.0,0.0,2.847685247612971e-13,2.847685247612971e-13,0.7422684098778655,0.2426715936821727,891,1.5671891929047344,0.7527262766455882,468,0,0.20618566978251135,0.24635434483002588,891,0.0,0.40074479383120126,0.7278914821062219,508,233.2445069020919,0.7555089026183524,689.5,629.9287014238304,0.5163812856907275,820,db,0.540986235965534,0.9305070477545101,0.3421575204977732,3,615.75,9.092237938689443e-14,0.0001547883299646835,1.0033664424792518e-26,0.9581801907782944,0.9303071606448143,0.0024230261455321003,0.48569706709521937,0.0027414442286219773,0.9999999997235307,0.9919828214562026,0.9855281704452442,0.9855281704452442,0.9855281704451335,,0.0,0.9999999999667607,1.5171946557926922e-13,,,,,1.0,,0.0,1.0,0.25,2.847685247612971e-13,2.847685247612971e-13,0.0,2.2095701998211172,0.6304403968407866,891,1.6366950487801157,0.7566198216925282,1163,192.33304448274092,0.8991965175666976,1027.0,1008.9902629016553,0.6804682797477094,461,0.49117026184683504,0.8233619396015222,0.4091722348267588,4,346.75,,,,,,,,,,,,,6.104872268446365e-19,0.03641360043841643,1.0033664424792518e-26,0.9696655757763514,0.28759126469808205,0.0018280335547607703,0.3674388388601366,1.0,0.0027414442286219773,0.9999999999999541,0.0008499884728391229,0.000798221022740124,0.000798221022740124,0.0007982210227337863,,0.0,0.0,0.02016391057304983,1.4108257588933865e-18,,,,,0.4782608695652174,,0.0,1.0,0.7906976744186046,9.54194168962319e-19,9.54194168962319e-19,0.9302325581395349,0.5674759776446953,0.17675400427451057,820,1.6855051879592424,0.8181599011853882,1376,393.1513703397204,0.8162844063833082,1098.0,1027.6138433515482,0.6516001471168877,748,1009.0473684210526,935.5,610.6543869996938,760,0.4758535102197843,0.8532293215616218,0.41093374637766444,5,562.25
db10,1.0,symmetric,6.401813034649491e-27,321.40876260458725,6239323.135560539,0.6116071428571429,282.16819050285335,206,raw,5.211796474434521e-14,-2.1048718323868622e-10,6.44295351132893,60944.00436986044,0.7707010991894929,5.618943883690064e-06,1.0,327.0,,,,[],[],13,661.1538461538462,87.00000000000009,940.0000000000002,"[8, 32, 51, 63, 81, 100, 111, 133, 152, 162, 175, 192, 204]","[878.0000000000001, 638.0, 787.0000000000001, 792.0, 940.0000000000002, 788.0, 637.0, 675.0000000000001, 771.0000000000001, 196.00000000000006, 833.9999999999998, 571.9999999999999, 87.00000000000009]","[0, 13, 42, 42, 76, 99, 107, 107, 107, 161, 99, 187, 203]","[76, 42, 61, 76, 205, 164, 119, 142, 164, 164, 205, 205, 205]",37754613.0,941.0000000000002,-941.0000000000002,0.0,,,,DWT,mdp.39015067403892,0.0,,0.0,33.0,19.0,0.0,28.5,,2.2737367544323206e-13,256.3413461538462,4359.0,256.34134615384613,,0.0,256.3413461538462,,,84.00000000000009,0.0,24.0,2.2737367544323206e-13,2.2737367544323206e-13,,0.0,4.750410816291157e-14,3.733469330532556e-27,0.9721483891184358,0.8295019787197772,0.0005664752798496675,0.4084821428571432,0.0002594377764188597,0.9999999997234568,0.47422802461169933,6.6959667625959335e-09,6.6959667625959335e-09,6.0819563246244724e-09,,0.0,0.9999999933040264,2.7225927463116073e-13,,,,,,0.0,1.0,0.5,2.847685247612971e-13,2.847685247612971e-13,0.79226840987794,0.2590182137493304,492,1.5618198926136966,0.7501473835326425,484,0,0.2478523364492048,0.29613842719982303,492,0.0,0.4013698029343911,0.7290267153256018,501,6.946221994724902,0.9927188448692611,492.25,492.1765863438904,0.738366759960836,267,db,0.540986235965534,0.9305070477545101,0.3421575204977732,3,201.0,4.7504108162911564e-14,0.0001547883299646835,3.733469330532555e-27,0.9721483891184358,0.8295019787197772,0.0015993692908630353,0.5554276315789477,0.002624524591382388,0.9999999997234567,0.9919828214562032,0.9855281704452468,0.9855281704452468,0.9855281704451341,,0.0,0.9999999999667601,1.5171946557926922e-13,,,,,1.0,,0.0,1.0,0.5,2.847685247612971e-13,2.847685247612971e-13,0.0,2.234570199821119,0.637573462774739,491,1.6221070063329,0.7498759862520274,1216,512.652416360247,0.7313142471906462,853.5,699.5383714118337,0.6419936015827445,696,0.49117026184683504,0.8233619396015222,0.4091722348267588,4,523.0,,,,,,,,,,,,,3.1896054031647685e-19,0.036413600438416426,3.733469330532555e-27,0.9797975505982258,0.2564287723682932,0.0016354279257728803,0.42019130409571515,1.0,0.002624524591382388,0.9999999999999541,0.0008499884728391233,0.0007982210227401261,0.0007982210227401261,0.0007982210227337869,,0.0,0.0,0.020163910573049823,1.4108257588933865e-18,,,,,0.4782608695652174,,0.0,1.0,0.8604651162790697,9.54194168962319e-19,9.54194168962319e-19,0.9302325581395349,0.5744527218307418,0.17892707859001003,363,1.696961042112314,0.8237206793834189,1300,662.559053971795,0.6903929654337406,831.5,567.528562838244,0.6509207817822908,749,1009.0473684210526,935.5,610.6543869996938,760,0.4758535102197843,0.8532293215616218,0.41093374637766444,5,563.0
db8,1.0,symmetric,4.398473959887642e-27,323.03877221676635,6212992.259291504,0.6136363636363636,281.15814107623356,206,raw,4.1908224463520474e-14,-2.070399407472251e-10,6.431218869992012,62085.170901730715,0.776622825434525,5.618943883690066e-06,0.9999999999999999,327.0,,,,[],[],13,661.1538461538462,86.99999999999997,940.0,"[8, 32, 51, 63, 81, 100, 111, 133, 152, 162, 175, 192, 204]","[878.0, 637.9999999999999, 787.0, 792.0, 940.0, 788.0, 637.0000000000001, 675.0, 770.9999999999999, 196.0, 833.9999999999999, 571.9999999999999, 86.99999999999997]","[0, 13, 42, 42, 76, 99, 107, 107, 107, 161, 164, 187, 203]","[76, 42, 61, 76, 205, 164, 119, 142, 164, 164, 205, 205, 205]",37754613.0,941.0,-941.0,0.0,,,,DWT,mdp.39015067403892,0.0,,0.0,33.0,19.0,0.0,28.5,,0.0,256.3413461538462,4359.0,256.3413461538461,,0.0,256.3413461538462,,,83.99999999999997,0.0,28.5,0.0,0.0,,0.0,3.460392419071693e-14,2.3157739479801804e-27,0.978163493603484,0.8254482488020829,0.0005368429712549548,0.42370129870129875,0.00035183003889374193,0.9999999997235087,0.47422802461156727,6.6959667625959335e-09,6.6959667625959335e-09,6.081912306383589e-09,,0.0,0.9999999933040264,0.0,,,,,,0.0,1.0,1.0,0.0,0.0,0.8422684098776371,0.2753648338163646,221,1.5695118934342502,0.7538418775757508,465,0,0.2895190031157866,0.34592250956948684,221,0.0,0.4035252142300697,0.7329416895104462,488,147.8115354091148,0.8450612836382444,348.75,301.89837354937066,0.7397476229511977,264,db,0.540986235965534,0.9305070477545101,0.3421575204977732,3,198.75,3.460392419071692e-14,0.0001547883299646835,2.3157739479801804e-27,0.978163493603484,0.8254482488020829,0.0015697676066503577,0.5668660287081342,0.0027166982814295416,0.9999999997235086,0.9919828214562011,0.9855281704452468,0.9855281704452468,0.9855281704451335,,0.0,0.9999999999667601,0.0,,,,,1.0,,0.0,1.0,0.75,0.0,0.0,0.0,2.2595701998209288,0.6447065287086369,221,1.6282866315506856,0.7527327352437791,1197,690.1362184380704,0.6382933865628562,709.0,373.1128349788434,0.633350047579122,734,0.49117026184683504,0.8233619396015222,0.4091722348267588,4,551.5,,,,,,,,,,,,,2.323438284345846e-19,0.03641360043841643,2.3157739479801804e-27,0.9841606678528191,0.25517561925597476,0.0016285058064770062,0.4288446636572737,0.9999999999999999,0.0027166982814295416,0.9999999999999541,0.0008499884728391218,0.0007982210227401261,0.0007982210227401261,0.0007982210227337863,,0.0,0.0,0.020163910573049823,0.0,,,,,0.4782608695652174,,0.0,1.0,0.9302325581395349,0.0,0.0,0.9302325581395349,0.5814294660167882,0.18110015290550946,152,1.7024470881499052,0.8263836571755243,1264,786.3027406794408,0.6325688127666165,708.0,271.3672316384181,0.6508638456356447,750,1009.0473684210526,935.5,610.6543869996938,760,0.4758535102197843,0.8532293215616218,0.41093374637766444,5,563.75
db14,1.0,periodic,8.793547393154718e-27,320.03015138278795,6396261.010949076,0.603448275862069,313.03159538833677,206,raw,6.118945695332124e-14,-2.1162394059360002e-10,6.554851486819755,63299.09710053943,0.7433035246200836,5.618943883690064e-06,0.9999999999999999,326.99999999999994,,,,[],[],13,661.1538461538462,87.00000000000009,940.0,"[8, 32, 51, 63, 81, 100, 111, 133, 152, 162, 175, 192, 204]","[878.0, 638.0, 787.0, 791.9999999999999, 940.0, 788.0, 637.0, 675.0, 771.0000000000002, 196.0000000000001, 834.0000000000002, 572.0000000000001, 87.00000000000009]","[0, 13, 39, 39, 76, 99, 107, 107, 107, 161, 99, 187, 203]","[76, 39, 61, 76, 205, 164, 119, 142, 164, 164, 205, 205, 205]",37754613.0,941.0,-941.0,0.0,,,,DWT,mdp.39015067403892,0.0,,0.0,33.0,19.0,0.0,28.5,,0.0,256.3413461538462,4359.0,256.3413461538462,,0.0,256.3413461538462,,,84.00000000000009,0.0,19.5,0.0,0.0,,5.684341886080802e-14,5.896609594901695e-14,5.426018933873073e-27,0.9670610016076979,0.8681571159287458,0.0007430904257413603,0.3472906403940885,0.00045011314206331606,0.9999999997234397,0.47422802461169933,6.6959667625959335e-09,6.6959667625959335e-09,6.082000342865356e-09,,2.859275438170267e-12,0.9999999933040264,0.0,,,,,,0.0,1.0,0.0,0.0,0.0,0.7422684098791328,0.24267159368258703,840,1.5537830054457167,0.7462872394089063,498,0,0.20618566978270988,0.2463543448302631,840,0.0,0.39796274515272934,0.7228383171817199,533,187.89425217392895,0.8030458572600325,677.75,638.4516661082906,0.5463080439339996,713,db,0.540986235965534,0.9305070477545101,0.3421575204977732,3,535.5,5.896609594901694e-14,0.0001547883299646835,5.426018933873073e-27,0.9670610016076979,0.8681571159287458,0.001775801908630612,0.5094373865698729,0.0028147488762062154,0.9999999997234396,0.9919828214562032,0.9855281704452468,0.9855281704452468,0.9855281704451347,,6.125805465799743e-13,0.9999999999667601,0.0,,,,,1.0,,0.0,1.0,0.25,0.0,0.0,0.0,2.209570199821236,0.6304403968408203,845,1.6201503504501216,0.7489714532871083,1221,265.87214972614186,0.8606540095774937,1033.0,998.7850919651501,0.6596246987090824,564,0.49117026184683504,0.8233619396015222,0.4091722348267588,4,424.0,,,,,,,,,,,,,3.959206593196446e-19,0.036413600438416426,5.426018933873073e-27,0.9761073622924236,0.2683784598127065,0.0016766852954244176,0.38539883082406845,0.9999999999999999,0.0028147488762062154,0.9999999999999541,0.0008499884728391233,0.0007982210227401261,0.0007982210227401261,0.0007982210227337874,,0.0,4.786380409530668e-19,0.020163910573049823,0.0,,,,,0.4782608695652174,,0.0,1.0,0.7906976744186046,0.0,0.0,0.9302325581395349,0.5674759776446953,0.17675400427451057,729,1.6869015019411362,0.8188376849843412,1364,449.01280605345767,0.7901809317507207,1046.5,950.1729574773053,0.6505811200809678,751,1009.0473684210526,935.5,610.6543869996938,760,0.4758535102197843,0.8532293215616218,0.41093374637766444,5,564.5
db8,1.0,periodization,8.270699013340382e-27,320.29637030553783,5972050.542453997,0.616504854368932,296.08819021960585,206,raw,6.103046870464919e-14,-2.0433277292397905e-10,6.321884373149682,63117.308605900645,0.7580628346339052,5.618943883690066e-06,1.0,326.9999999999999,,,,[],[],13,661.1538461538462,87.0,939.9999999999999,"[8, 32, 51, 63, 81, 100, 111, 133, 152, 162, 175, 192, 204]","[877.9999999999999, 638.0, 787.0, 792.0000000000003, 939.9999999999999, 788.0, 636.9999999999999, 674.9999999999999, 770.9999999999999, 195.99999999999994, 834.0, 571.9999999999998, 87.0]","[0, 13, 42, 42, 76, 99, 107, 107, 107, 161, 99, 187, 203]","[76, 42, 61, 76, 205, 164, 119, 142, 164, 164, 205, 205, 205]",37754613.0,940.9999999999999,-940.9999999999999,0.0,,,,DWT,mdp.39015067403892,0.0,,0.0,33.0,19.0,0.0,28.5,,1.1368683772161603e-13,256.3413461538462,4359.0,256.34134615384613,,0.0,256.3413461538462,,,84.0,0.0,24.0,1.1368683772161603e-13,1.1368683772161603e-13,,1.1368683772161603e-13,5.876521153855468e-14,5.056016799348796e-27,0.968043409701658,0.7876786648701525,0.00026569136833374396,0.4452149791955613,0.00043539500072065546,0.9999999997235496,0.4742280246116003,6.6959667625959335e-09,6.6959667625959335e-09,6.0819563246244724e-09,,5.718550876340534e-12,0.9999999933040264,1.3612963731558036e-13,,,,,,0.0,1.0,0.5,1.4238426238064856e-13,1.4238426238064856e-13,0.7922684098806445,0.25901821375021455,402,1.5530583735081884,0.7459391962353421,500,0,0.24785233644963794,0.2961384272003406,398,0.0,0.4002047674825043,0.726910607032159,511,61.09759951640217,0.935956394636895,452.75,446.5744973434216,0.7306878409243175,286,db,0.540986235965534,0.9305070477545101,0.3421575204977732,3,215.25,5.876521153855467e-14,0.0001547883299646835,5.056016799348796e-27,0.968043409701658,0.7876786648701526,0.0012988962333390277,0.5830352580480325,0.002800065553578875,0.9999999997235495,0.9919828214562016,0.9855281704452468,0.9855281704452468,0.9855281704451341,,1.2251610931599486e-12,0.9999999999667601,7.585973278963461e-14,,,,,1.0,,0.0,1.0,0.5,1.4238426238064856e-13,1.4238426238064856e-13,0.0,2.2345701998216363,0.6375734627748867,415,1.6096953922018122,0.7441382813095097,1252,591.8483758531403,0.6898069308945806,833.5,623.371325734853,0.6264810335814621,758,0.49117026184683504,0.8233619396015222,0.4091722348267588,4,569.5,,,,,,,,,,,,,3.945718454469062e-19,0.03641360043841643,5.056016799348796e-27,0.9768199620014502,0.24349968804786132,0.0015651646821535719,0.4410769855229332,1.0,0.002800065553578875,0.9999999999999541,0.0008499884728391221,0.0007982210227401261,0.0007982210227401261,0.0007982210227337869,,0.0,9.572760819061336e-19,0.020163910573049823,7.054128794466933e-19,,,,,0.4782608695652174,,0.0,1.0,0.8604651162790697,4.770970844811595e-19,4.770970844811595e-19,0.9302325581395349,0.5744527218307418,0.17892707859001003,335,1.6970993041279887,0.8237877930523,1298,680.9438302826453,0.6818019484660536,816.5,532.5535823637478,0.6501299461956436,752,1009.0473684210526,935.5,610.6543869996938,760,0.4758535102197843,0.8532293215616218,0.41093374637766444,5,565.25
coif17,1.0,periodization,5.885873187702123e-26,311.77368345950333,5973658.72026219,0.616504854368932,288.0832440036805,206,raw,1.6481075377863976e-13,-2.1552093443233655e-10,6.320182448980432,63117.30860590066,0.7654114688125782,5.618943883690066e-06,1.0,326.9999999999999,,,,[],[],13,661.1538461538462,86.99999999999996,939.9999999999995,"[8, 32, 51, 63, 81, 100, 111, 133, 152, 162, 175, 192, 204]","[878.0000000000001, 637.9999999999997, 787.0000000000006, 792.0000000000001, 939.9999999999995, 788.0, 636.9999999999994, 674.9999999999995, 771.0000000000002, 195.9999999999999, 834.0000000000006, 571.9999999999999, 86.99999999999996]","[0, 13, 39, 39, 76, 99, 107, 107, 107, 161, 99, 187, 203]","[76, 39, 61, 76, 205, 164, 119, 142, 164, 164, 205, 205, 205]",37754613.0,940.9999999999997,-940.9999999999997,0.0,,,,DWT,mdp.39015067403892,0.0,,0.0,33.0,19.0,0.0,28.5,,3.410605131648481e-13,256.3413461538462,4359.0,256.3413461538461,,0.0,256.3413461538462,,,83.99999999999996,0.0,19.5,4.547473508864641e-13,3.410605131648481e-13,,1.1368683772161603e-13,1.8989340219935946e-13,4.0855458594679325e-26,0.9365927657979641,0.7870907354461123,0.000267501183571211,0.4452149791955613,0.00043539500072065665,0.9999999997233809,0.4742280246115508,6.6959667625959335e-09,6.6959667625959335e-09,6.081912306383589e-09,,5.718550876340534e-12,0.9999999933040264,5.445185492623215e-13,,,,,,0.0,1.0,0.0,4.2715278714194565e-13,4.2715278714194565e-13,0.7422684098809343,0.24267159368317603,719,1.5338949273615423,0.736734928154009,551,0,0.20618566978304498,0.24635434483066349,722,0.0,0.39620017204343755,0.7196368733386755,547,99.03660939268872,0.8961880404688798,634.75,623.1599515071842,0.6154158231694504,496,coif,0.5507900112560971,0.8749445204262634,0.351963635992853,2,372.5,1.8989340219935946e-13,0.0001547883299646835,4.0855458594679325e-26,0.9365927657979641,0.7870907354461123,0.0013007041781696355,0.5830352580480325,0.0028000655535788763,0.9999999997233808,0.9919828214562009,0.9855281704452468,0.9855281704452468,0.9855281704451335,,1.2251610931599486e-12,0.9999999999667601,3.0343893115853844e-13,,,,,1.0,,0.0,1.0,0.25,4.2715278714194565e-13,4.2715278714194565e-13,0.0,2.2095701998218633,0.6304403968409994,718,1.5905319451199627,0.7352793042356252,1331,433.4564568673536,0.7728215634867119,1024.5,932.8042947779404,0.6179359389760604,792,0.4784248188775415,0.776734912893196,0.43208215291776214,2,594.5,,,,,,,,,,,,,1.2750160882997081e-18,0.03641360043841643,4.0855458594679325e-26,0.954006917369329,0.2433179380046866,0.0015655874557264507,0.4410769855229332,1.0,0.0028000655535788763,0.9999999999999541,0.0008499884728391216,0.0007982210227401261,0.0007982210227401261,0.0007982210227337863,,0.0,9.572760819061336e-19,0.020163910573049823,2.821651517786773e-18,,,,,0.4782608695652174,,0.0,1.0,0.7906976744186046,1.4312912534434783e-18,1.4312912534434783e-18,0.9302325581395349,0.5674759776446953,0.17675400427451057,869,1.6833208137139153,0.8170995856019799,1390,368.4026329981913,0.8278492369167331,1129.5,1069.420097388225,0.6500227492994881,753,986.6382352941176,846.0,585.0035688138154,340,0.4652856568234462,0.8173890317607586,0.42908333069536003,4,565.75
db30,1.0,antisymmetric,1.947454023759746e-26,316.577120333793,7326939.006108177,0.6060606060606061,297.0453377529327,206,raw,9.295692586764417e-14,-2.0567803016291771e-10,6.728706744970554,153058.5702064702,0.9154262263497505,5.618943883690067e-06,1.0,327.00000000000017,,,,[],[],13,661.1538461538462,87.00000000000003,939.9999999999998,"[8, 32, 51, 63, 81, 100, 111, 133, 152, 162, 175, 192, 204]","[877.9999999999999, 638.0, 787.0, 792.0000000000002, 939.9999999999998, 787.9999999999998, 636.9999999999999, 675.0000000000002, 771.0, 196.0, 834.0000000000002, 572.0000000000001, 87.00000000000003]","[0, 13, 39, 39, 76, 99, 107, 107, 107, 161, 164, 187, 203]","[76, 39, 61, 76, 205, 164, 119, 142, 164, 164, 205, 205, 205]",37754613.0,940.9999999999998,-940.9999999999998,0.0,,,,DWT,mdp.39015067403892,0.0,,0.0,33.0,19.0,0.0,28.5,,2.2737367544323206e-13,256.3413461538462,4359.0,256.34134615384613,,0.0,256.3413461538462,,,84.00000000000003,0.0,24.0,2.2737367544323206e-13,2.2737367544323206e-13,,1.7053025658242404e-13,9.910484405169019e-14,1.2984596724026502e-26,0.9543185353089545,0.9282153862311497,0.0017904591981697535,0.3668831168831169,0.0077173090921746935,0.9999999997235293,0.4742280246116333,6.6959667625959335e-09,6.6959667625959335e-09,6.0819563246244724e-09,,8.5778263145108e-12,0.9999999933040264,2.7225927463116073e-13,,,,,,0.0,1.0,0.5,2.847685247612971e-13,2.847685247612971e-13,0.7922684098822091,0.2590182137507261,275,1.5874342141795905,0.7624500289237598,395,0,0.2478523364499141,0.2961384272006706,275,0.0,0.4073656008046492,0.7399171629755088,442,85.04263636553138,0.9108567752981851,346.75,331.4876025925382,0.7736935868105181,193,db,0.540986235965534,0.9305070477545101,0.3421575204977732,3,145.5,9.910484405169019e-14,0.0001547883299646835,1.2984596724026502e-26,0.9543185353089545,0.9282153862311499,0.0028220882469544794,0.5241626794258375,0.01006475281673749,0.9999999997235292,0.9919828214562021,0.9855281704452468,0.9855281704452468,0.9855281704451341,,1.837741639739923e-12,0.9999999999667601,1.5171946557926922e-13,,,,,1.0,,0.0,1.0,0.5,2.847685247612971e-13,2.847685247612971e-13,0.0,2.2345701998220373,0.637573462775001,274,1.6518472677098857,0.7636244675448105,1102,585.4844148224613,0.6931423402398001,688.0,438.87790697674416,0.6662776690716821,524,0.49117026184683504,0.8233619396015222,0.4091722348267588,4,394.0,,,,,,,,,,,,,6.654273878440462e-19,0.036413600438416446,1.2984596724026502e-26,0.9668644846811836,0.28694462230453976,0.0019213510650977277,0.39653878796078784,1.0,0.01006475281673749,0.9999999999999541,0.0008499884728391225,0.0007982210227401261,0.0007982210227401261,0.0007982210227337869,,0.0,1.4359141228592004e-18,0.020163910573049823,1.4108257588933865e-18,,,,,0.4782608695652174,,0.0,1.0,0.8604651162790697,9.54194168962319e-19,9.54194168962319e-19,0.9302325581395349,0.5744527218307418,0.17892707859001003,313,1.6981171739360457,0.8242818765280012,1295,694.3788591251897,0.6755238976050515,804.0,504.1480099502488,0.6499114815128061,754,1009.0473684210526,935.5,610.6543869996938,760,0.4758535102197843,0.8532293215616218,0.41093374637766444,5,566.75
db30,1.0,zero,1.0726486376258398e-26,316.94282388747547,4961465.277888717,0.5757575757575758,47.28743346135796,206,smoothed,7.462423343771731e-14,-2.0278161372289138e-10,6.195039996950151,44872.55568411387,0.9905774716151446,0.00014966566451320274,1.0,362.4,,,,[],[],11,426.59999999999997,32.200000000000045,728.3999999999999,"[9, 31, 53, 64, 80, 102, 131, 148, 158, 175, 192]","[311.0000000000002, 417.8, 589.6, 432.1999999999997, 728.3999999999999, 370.9999999999999, 587.0, 32.200000000000045, 448.2000000000001, 368.0, 407.20000000000005]","[1, 1, 1, 60, 1, 94, 120, 144, 144, 165, 186]","[20, 40, 75, 75, 203, 120, 203, 149, 203, 186, 203]",30736475.84,728.3999999999999,-728.3999999999999,0.0,,,,DWT,mdp.39015067403892,3.725290298461914e-09,,0.0,33.0,11.0,0.0,33.0,,1.1368683772161603e-13,168.40000000000003,987.7999999999993,168.40000000000003,,0.0,168.40000000000003,,,28.000000000000057,0.0,33.0,1.1368683772161603e-13,1.1368683772161603e-13,,0.0,1.1510206742651906e-13,2.660424268090821e-26,0.9689710778029347,0.08756086944521296,0.062137657044129435,0.4305868963758026,0.13618298213497115,,0.9999996647593375,4.4059199552998455e-09,4.4059199552998455e-09,3.6787269888316428e-09,,0.0,0.9999999955940747,7.585973278963461e-14,,,,,,7.946695712486874e-14,1.0,1.0,1.7477015598164352e-13,1.7477015598164352e-13,0.9999999009721563,0.3759218679594108,132,0.8829398613307761,0.44824019314842745,280,0,0.33333330607037365,0.47426771798094036,129,0.0,0.24077706897188086,0.42479591533901784,262,81.4590899368102,0.9146131132737838,200.75,176.08797476865772,0.8520916719408751,77,db,0.573477938514061,0.8443824841957417,0.34525069778143475,3,58.5,7.59411691151312e-14,0.9999999999705138,6.793894549950362e-27,0.9556680642132734,0.7438602959973316,0.00016277658559200425,0.3533492822966511,0.0013264101721477898,0.9999999997235728,2.0315811924354055e-05,4.745387416349445e-11,4.745387416349445e-11,3.962169481397382e-11,,0.0,0.0031261328403482946,7.585973278963461e-14,,,,,0.0,,3.687271056968986e-14,1.0,1.0,1.4238426238064856e-13,1.4238426238064856e-13,1.0,0.40156916120422365,0.11457677215646207,1199,1.7872826516875513,0.826234234802564,56,808.2230508962239,0.5764030131571154,627.5,107.00239043824702,0.6237623032242601,768,0.49117026184683504,0.8233619396015222,0.4091722348267588,4,577.0,,,,,,,,,,,,,5.098977176912564e-19,0.9999999999715831,6.793894549950362e-27,0.9678433792062319,0.22995386076173455,0.00129949210489112,0.26731528517484443,1.0,0.0013264101721477898,0.9999999999999541,9.960751159770499e-05,3.8434858594393884e-14,3.8434858594393884e-14,3.20911916831812e-14,,0.0,0.0,0.004567040150618464,7.054128794466933e-19,,,,,0.13043478260869565,,1.1666441752192217e-21,1.0,1.0,4.770970844811595e-19,4.770970844811595e-19,1.0,0.4544873153722995,0.14156097535167125,1246,1.9037893820873055,0.9241170800620555,27,861.9631662664015,0.597213473707289,636.5,52.85467399842891,0.6498917835826166,755,1009.0473684210526,935.5,610.6543869996938,760,0.4758535102197843,0.8532293215616218,0.41093374637766444,5,567.5
rbio3.1,1.0,constant,1.0753568047723073e-26,316.9318728661442,4908715.646656513,0.6586538461538461,309.84176764979964,206,smoothed,7.883230206697618e-14,-1.878857514014957e-10,6.478292414261168,37616.21323502219,0.7753378256770047,0.0001496656645132028,0.9999999999999999,362.39999999999986,,,,[],[],11,426.59999999999985,32.200000000000074,728.3999999999999,"[9, 31, 53, 64, 80, 102, 131, 148, 158, 175, 192]","[310.99999999999983, 417.79999999999984, 589.5999999999999, 432.1999999999998, 728.3999999999999, 371.0, 586.9999999999999, 32.200000000000074, 448.19999999999993, 367.9999999999999, 407.20000000000005]","[1, 1, 1, 60, 1, 94, 120, 144, 144, 165, 186]","[20, 40, 75, 75, 203, 120, 203, 149, 203, 186, 203]",30736475.83999998,728.3999999999999,-728.3999999999999,0.0,,,,DWT,mdp.39015067403892,1.4901161193847656e-08,,0.0,33.0,11.0,0.0,33.0,,1.1368683772161603e-13,168.39999999999992,987.8000000000002,168.39999999999995,,0.0,168.39999999999992,,,28.000000000000085,0.0,33.0,1.1368683772161603e-13,1.1368683772161603e-13,,1.1368683772161603e-13,1.2434660477084782e-13,2.668349989121894e-26,0.9689294703513298,0.49612530667656907,0.03949989574819644,1.0,0.07600734259601438,,0.9999996647841187,4.405801664454926e-09,4.405801664454926e-09,3.6786382706978885e-09,,1.2251610931599486e-12,0.9999999955941608,7.585973278963461e-14,,,,,,3.1786782849947497e-13,1.0,1.0,1.7477015598164352e-13,1.7477015598164352e-13,0.9999999009802678,0.3759218679624601,91,1.2795732204616237,0.6495982032375385,102,0,0.33333330607254075,0.47426771798402373,91,0.0,0.36865171648174777,0.6504014024792903,82,8.18535277187245,0.9914199656479324,91.5,90.95650095602295,0.9477540079811989,18,rbio,0.7685897546424816,0.816051598246696,0.21717169227625407,5,14.75,8.125813683340064e-14,0.999999999970514,6.81305933392076e-27,0.9556276524653712,0.8417097969190627,0.00010347442222620787,0.8206224696356275,0.0007403047781502957,0.9999999997237973,2.0315811924853655e-05,4.74525418958649e-11,4.74525418958649e-11,3.9620695613251655e-11,,1.2251610931599486e-12,0.003126132840348572,7.585973278963461e-14,,,,,0.0,,1.4749084227875944e-13,1.0,1.0,1.4238426238064856e-13,1.4238426238064856e-13,1.0,0.4015691612048907,0.1145767721566524,1047,2.0228283367960755,0.9351235079754059,5,736.8052659963826,0.6138337180312461,526.0,9.952471482889733,0.6690761881560843,504,0.3888041033402703,1.0,0.4278371276618108,3,378.75,,,,,,,,,,,,,5.455978489398743e-19,0.9999999999715835,6.81305933392076e-27,0.9678140661336162,0.2602026462280873,0.0012856247638853792,0.6208161173152378,0.9999999999999999,0.0007403047781502957,0.9999999999999541,9.960751159770543e-05,3.8433882812438647e-14,3.8433882812438647e-14,3.209043274166046e-14,,0.0,9.572760819061336e-19,0.004567040150618468,7.054128794466933e-19,,,,,0.13043478260869565,,4.666576700876887e-21,1.0,1.0,4.770970844811595e-19,4.770970844811595e-19,1.0,0.4544873153722995,0.14156097535167125,1243,2.0600551440049677,0.9999699348871488,8,873.2768747653862,0.5919266940348662,625.5,15.897681854516387,0.649818487204349,756,818.67,599.5,715.6978453131971,300,0.38607403914171184,1.0,0.42974817260080167,3,567.75
coif5,1.0,symmetric,1.1478833743948914e-26,318.8728148111807,6545855.437953722,0.6111111111111112,285.7632695380019,206,raw,6.754036380874984e-14,-2.0969648240054816e-10,6.531544393643909,61404.14015844266,0.7519379474364358,5.618943883690066e-06,0.9999999999999999,327.0000000000001,,,,[],[],13,661.1538461538463,87.00000000000003,940.0000000000002,"[8, 32, 51, 63, 81, 100, 111, 133, 152, 162, 175, 192, 204]","[878.0000000000001, 638.0, 787.0000000000002, 792.0000000000003, 940.0000000000002, 788.0000000000001, 637.0000000000003, 675.0, 771.0000000000001, 195.99999999999994, 834.0, 572.0, 87.00000000000003]","[0, 13, 42, 42, 76, 99, 107, 107, 107, 161, 99, 187, 203]","[76, 42, 61, 76, 205, 164, 119, 142, 164, 164, 205, 205, 205]",37754613.0,941.0000000000002,-941.0000000000002,0.0,,,,DWT,mdp.39015067403892,0.0,,0.0,33.0,19.0,0.0,28.5,,2.2737367544323206e-13,256.3413461538463,4358.999999999998,256.34134615384625,,0.0,256.3413461538463,,,84.00000000000003,0.0,24.0,2.2737367544323206e-13,2.2737367544323206e-13,,1.1368683772161603e-13,6.6990576941856e-14,7.32630536481807e-27,0.9627901676502967,0.8601056844287323,0.0009114413829886086,0.4047619047619051,0.00029669174888079285,0.9999999997234688,0.4742280246116333,6.696054799077647e-09,6.696054799077647e-09,6.082044361106239e-09,,5.718550876340534e-12,0.9999999933039181,2.7225927463116073e-13,,,,,,0.0,1.0,0.5,2.847685247612971e-13,2.847685247612971e-13,0.7922684098808046,0.2590182137502669,309,1.5702061019897602,0.7541753082959027,462,0,0.2478523364496888,0.29613842720040134,307,0.0,0.4036082362120424,0.7330924862130753,486,96.34313675607619,0.8990113870481382,391.0,373.2843985008953,0.7445790687861236,257,coif,0.5507900112560971,0.8749445204262634,0.351963635992853,2,193.25,6.699057694185598e-14,0.0001547883299646835,7.32630536481807e-27,0.9627901676502967,0.8601056844287324,0.0019439788786228922,0.5526315789473688,0.002661690432100543,0.9999999997234685,0.9919828214562021,0.9855281704452481,0.9855281704452481,0.9855281704451354,,1.2251610931599486e-12,0.9999999999667596,1.5171946557926922e-13,,,,,1.0,,0.0,1.0,0.5,2.847685247612971e-13,2.847685247612971e-13,0.0,2.2345701998217318,0.6375734627749139,312,1.6308626763840404,0.753923602524729,1187,618.7184335382291,0.6757240914369869,749.5,494.1214142761841,0.6414521924690175,698,0.4784248188775415,0.776734912893196,0.43208215291776214,2,524.0,,,,,,,,,,,,,4.4980005822252825e-19,0.03641360043841643,7.32630536481807e-27,0.9730094694166873,0.26588947395333307,0.001716012147259646,0.41807603842511193,0.9999999999999999,0.002661690432100543,0.9999999999999541,0.0008499884728391225,0.0007982210227401272,0.0007982210227401272,0.0007982210227337879,,0.0,9.572760819061336e-19,0.020163910573049813,1.4108257588933865e-18,,,,,0.4782608695652174,,0.0,1.0,0.8604651162790697,9.54194168962319e-19,9.54194168962319e-19,0.9302325581395349,0.5744527218307418,0.17892707859001003,349,1.6968275963747002,0.823655903580722,1302,673.8727624707798,0.6851061857613179,825.5,550.4518473652332,0.649679261104958,757,986.6382352941176,846.0,585.0035688138154,340,0.4652856568234462,0.8173890317607586,0.42908333069536003,4,568.75
db37,1.0,antireflect,1.48200447737967e-26,317.76329731134047,7551871.575717295,0.60431654676259,287.51460983684115,206,raw,8.49061921094643e-14,-2.0649437715292457e-10,6.833871713562156,160578.33307168382,0.9151286809144195,5.618943883690062e-06,1.0,327.0000000000002,,,,[],[],13,661.1538461538462,87.00000000000023,939.9999999999999,"[8, 32, 51, 63, 81, 100, 111, 133, 152, 162, 175, 192, 204]","[877.9999999999999, 638.0, 787.0000000000001, 792.0000000000001, 939.9999999999999, 787.9999999999998, 636.9999999999999, 675.0000000000002, 771.0, 195.9999999999999, 834.0, 572.0, 87.00000000000023]","[0, 13, 42, 42, 76, 99, 107, 107, 107, 161, 164, 187, 203]","[76, 42, 61, 76, 205, 164, 119, 142, 164, 164, 205, 205, 205]",37754613.0,940.9999999999999,-940.9999999999999,0.0,,,,DWT,mdp.39015067403892,0.0,,0.0,33.0,19.0,0.0,28.5,,1.1368683772161603e-13,256.3413461538462,4359.0,256.3413461538462,,0.0,256.3413461538462,,,84.00000000000023,0.0,28.5,1.1368683772161603e-13,1.1368683772161603e-13,,2.2737367544323206e-13,8.8932602277163e-14,9.690767531419283e-27,0.9586957968934233,0.9645446073153913,0.002043594386211233,0.353802672147996,0.008326131630330476,0.9999999997235169,0.4742280246118644,6.6959667625959335e-09,6.6959667625959335e-09,6.082000342865356e-09,,1.1437101752681067e-11,0.9999999933040264,1.3612963731558036e-13,,,,,,0.0,1.0,1.0,1.4238426238064856e-13,1.4238426238064856e-13,0.8422684098835961,0.27536483381831284,99,1.6033631003876194,0.7701007269127228,339,0,0.28951900311680684,0.3459225095707058,99,0.0,0.4109266002621198,0.7463851725735812,388,154.01379808315878,0.8385599600805463,231.25,155.4654321761477,0.7980797703966673,136,db,0.540986235965534,0.9305070477545101,0.3421575204977732,3,102.75,8.893260227716299e-14,0.0001547883299646835,9.690767531419283e-27,0.9586957968934233,0.9645446073153914,0.0030749618249806474,0.5143316925407044,0.010672135063069518,0.9999999997235168,0.9919828214562056,0.9855281704452468,0.9855281704452468,0.9855281704451347,,2.4503221863198973e-12,0.9999999999667601,7.585973278963461e-14,,,,,1.0,,0.0,1.0,0.75,1.4238426238064856e-13,1.4238426238064856e-13,0.0,2.2595701998222504,0.6447065287090139,99,1.6690752301361724,0.7715886987977969,988,628.6179284748407,0.6705356768999786,543.5,179.966881324747,0.6928412137120439,375,0.49117026184683504,0.8233619396015222,0.4091722348267588,4,282.25,,,,,,,,,,,,,5.971271111289014e-19,0.03641360043841641,9.690767531419283e-27,0.9700395759193389,0.29817528576613406,0.001980483547604314,0.3891014640594386,1.0,0.01067213506306952,0.9999999999999541,0.0008499884728391251,0.0007982210227401261,0.0007982210227401261,0.0007982210227337874,,0.0,1.9145521638122673e-18,0.020163910573049823,7.054128794466933e-19,,,,,0.4782608695652174,,0.0,1.0,0.9302325581395349,4.770970844811595e-19,4.770970844811595e-19,0.9302325581395349,0.5814294660167882,0.18110015290550946,97,1.7029351499889824,0.8266205669334322,1260,822.3651865199548,0.6157172025607688,678.5,180.13264554163595,0.6493305638972069,758,1009.0473684210526,935.5,610.6543869996938,760,0.4758535102197843,0.8532293215616218,0.41093374637766444,5,569.75
coif15,1.0,antireflect,2.961544003769391e-26,314.75661056913765,7809759.486008135,0.6054421768707483,289.53877348056227,206,raw,1.118522750149053e-13,-2.104458829421704e-10,6.884505187567554,165309.57262321547,0.9120291602180326,5.6189438836900665e-06,0.9999999999999999,327.0000000000002,,,,[],[],13,661.1538461538462,86.99999999999997,939.9999999999994,"[8, 32, 51, 63, 81, 100, 111, 133, 152, 162, 175, 192, 204]","[878.0, 637.9999999999997, 787.0000000000002, 792.0000000000009, 939.9999999999994, 787.9999999999995, 637.0000000000001, 675.0000000000002, 771.0, 196.0000000000001, 834.0000000000001, 571.9999999999998, 86.99999999999997]","[0, 13, 42, 42, 76, 99, 107, 107, 107, 161, 164, 187, 203]","[76, 42, 61, 76, 205, 164, 119, 142, 164, 164, 205, 205, 205]",37754613.0,940.9999999999995,-940.9999999999995,0.0,,,,DWT,mdp.39015067403892,0.0,,0.0,33.0,19.0,0.0,28.5,,4.547473508864641e-13,256.3413461538462,4359.0,256.34134615384613,,0.0,256.3413461538462,,,83.99999999999997,0.0,28.5,5.684341886080801e-13,4.547473508864641e-13,,2.2737367544323206e-13,1.2297944551205463e-13,2.0160968913158837e-26,0.9476004421341462,0.9820359325736027,0.0023338169394792577,0.3622448979591837,0.008709186963858561,0.9999999997234574,0.47422802461156727,6.6959667625959335e-09,6.6959667625959335e-09,6.0819563246244724e-09,,1.1437101752681067e-11,0.9999999933040264,6.806481865779018e-13,,,,,,0.0,1.0,1.0,5.695370495225942e-13,5.695370495225942e-13,0.8422684098839369,0.27536483381842425,92,1.6091267738956654,0.7728690388173443,326,0,0.289519003116895,0.34592250957081117,92,0.0,0.41286553453673136,0.7499069494365092,364,146.8911161370898,0.8460260837137423,218.5,145.1701816441052,0.8084952221503723,109,coif,0.5507900112560971,0.8749445204262634,0.351963635992853,2,82.25,1.2297944551205463e-13,0.0001547883299646835,2.0160968913158837e-26,0.9476004421341462,0.9820359325736028,0.003364884439203486,0.5206766917293235,0.011054284202377862,0.9999999997234573,0.9919828214562011,0.9855281704452468,0.9855281704452468,0.9855281704451341,,2.4503221863198973e-12,0.9999999999667601,3.7929866394817307e-13,,,,,1.0,,0.0,1.0,0.75,5.695370495225942e-13,5.695370495225942e-13,0.0,2.259570199822571,0.6447065287091054,92,1.6739995005479806,0.7738651159004972,960,613.7686860699232,0.678318298705491,526.0,167.9087452471483,0.7013184784932067,330,0.4784248188775415,0.776734912893196,0.43208215291776214,2,248.0,,,,,,,,,,,,,8.257304874312053e-19,0.03641360043841644,2.0160968913158837e-26,0.9619914474260814,0.3035824809002314,0.0020482796536570452,0.39390157361821754,0.9999999999999999,0.011054284202377862,0.9999999999999541,0.0008499884728391218,0.0007982210227401261,0.0007982210227401261,0.0007982210227337869,,0.0,1.9145521638122673e-18,0.020163910573049823,3.5270643972334666e-18,,,,,0.4782608695652174,,0.0,1.0,0.9302325581395349,1.908388337924638e-18,1.908388337924638e-18,0.9302325581395349,0.5814294660167882,0.18110015290550946,102,1.7029166719923379,0.8266115975419306,1261,819.5367593952086,0.6170388974788745,681.5,188.73367571533382,0.6492904767768204,759,986.6382352941176,846.0,585.0035688138154,340,0.4652856568234462,0.8173890317607586,0.42908333069536003,4,570.25
db27,1.0,constant,1.484415648926232e-26,315.53184350149127,4964173.775840459,0.5658914728682171,47.09013860982059,206,smoothed,8.381644892704095e-14,-1.981394159855657e-10,6.191659927294982,44213.37037918394,0.990780937339252,0.00014966566451320284,1.0,362.4,,,,[],[],11,426.59999999999997,32.200000000000074,728.4000000000001,"[9, 31, 53, 64, 80, 102, 131, 148, 158, 175, 192]","[311.0000000000001, 417.8000000000002, 589.5999999999998, 432.19999999999993, 728.4000000000001, 370.99999999999983, 587.0000000000002, 32.200000000000074, 448.19999999999993, 368.0000000000001, 407.20000000000005]","[1, 1, 1, 60, 1, 94, 120, 144, 144, 165, 186]","[20, 40, 75, 75, 203, 120, 203, 149, 203, 186, 203]",30736475.83999999,728.4000000000001,-728.4000000000001,0.0,,,,DWT,mdp.39015067403892,7.450580596923828e-09,,0.0,33.0,11.0,0.0,33.0,,1.1368683772161603e-13,168.40000000000003,987.7999999999993,168.40000000000003,,0.0,168.40000000000003,,,28.000000000000085,0.0,33.0,1.1368683772161603e-13,1.1368683772161603e-13,,0.0,1.352960772811388e-13,3.865501460472564e-26,0.9636101807368651,0.08268544324558127,0.06330002213881909,0.36281679960244784,0.13071646817464866,,0.9999996647841187,4.4059199552998455e-09,4.4059199552998455e-09,3.6787269888316428e-09,,0.0,0.9999999955940747,7.585973278963461e-14,,,,,,1.5893391424973748e-13,1.0,1.0,1.7477015598164352e-13,1.7477015598164352e-13,0.9999999009796303,0.37592186796222044,102,0.8485721482451984,0.4307928096671442,341,0,0.3333333060724453,0.47426771798388795,102,0.0,0.2290184162712139,0.4040504695269967,324,133.26008404619893,0.860314377310064,217.25,156.0865102943926,0.8162945052168769,115,db,0.573477938514061,0.8443824841957417,0.34525069778143475,3,87.0,8.755569286036727e-14,0.9999999999705145,9.70783057786592e-27,0.9504612271586733,0.7426926514914919,0.0001658215317699805,0.2977356181150553,0.0012731668108299026,0.9999999997236427,2.0315811924853655e-05,4.745387416349445e-11,4.745387416349445e-11,3.962169481397382e-11,,0.0,0.0031261328403482946,7.585973278963461e-14,,,,,0.0,,7.374542113937972e-14,1.0,1.0,1.4238426238064856e-13,1.4238426238064856e-13,1.0,0.40156916120424224,0.11457677215646737,1189,1.7613094866578267,0.8142272262225428,159,728.3199846221439,0.6182809304915389,674.0,280.49109792284867,0.6325157273002768,738,0.49117026184683504,0.8233619396015222,0.4091722348267588,4,554.5,,,,,,,,,,,,,5.878820207876224e-19,0.9999999999715838,9.70783057786592e-27,0.9640665469581383,0.2295929000227895,0.0013002041414273532,0.2252425168259324,1.0,0.0012731668108299026,0.9999999999999541,9.960751159770543e-05,3.8434858594393884e-14,3.8434858594393884e-14,3.20911916831812e-14,,0.0,0.0,0.004567040150618464,7.054128794466933e-19,,,,,0.13043478260869565,,2.3332883504384434e-21,1.0,1.0,4.770970844811595e-19,4.770970844811595e-19,1.0,0.4544873153722995,0.14156097535167125,1256,1.8844927537031535,0.914750317096998,69,839.3357492684319,0.6077870330521347,662.5,130.81358490566038,0.6491037968998992,760,1009.0473684210526,935.5,610.6543869996938,760,0.4758535102197843,0.8532293215616218,0.41093374637766444,5,571.25
db9,1.0,antireflect,5.90944511771361e-27,321.75632543236975,6168481.253718584,0.6036036036036037,263.9660681031932,206,raw,4.844021623947043e-14,-2.0715329451803934e-10,6.43262961006003,88448.52062360453,0.8428017271074184,5.618943883690066e-06,1.0,327.0,,,,[],[],13,661.1538461538462,87.00000000000006,940.0,"[8, 32, 51, 63, 81, 100, 111, 133, 152, 162, 175, 192, 204]","[878.0, 637.9999999999999, 787.0000000000003, 791.9999999999998, 940.0, 788.0, 637.0000000000002, 675.0000000000002, 771.0000000000002, 196.00000000000006, 833.9999999999999, 572.0, 87.00000000000006]","[0, 13, 39, 39, 76, 99, 107, 107, 107, 161, 99, 187, 203]","[76, 39, 61, 76, 205, 164, 119, 142, 164, 164, 205, 205, 205]",37754613.0,941.0,-941.0,0.0,,,,DWT,mdp.39015067403892,0.0,,0.0,33.0,19.0,0.0,28.5,,0.0,256.3413461538462,4359.0,256.3413461538462,,0.0,256.3413461538462,,,84.00000000000006,0.0,19.5,0.0,0.0,,0.0,4.2857209122251937e-14,3.385037189837695e-27,0.9734309746373246,0.8259355887262972,0.00048675106244336553,0.3484555984555988,0.002486285842840661,0.9999999997235071,0.47422802461166635,6.6959667625959335e-09,6.6959667625959335e-09,6.082000342865356e-09,,0.0,0.9999999933040264,0.0,,,,,,0.0,1.0,0.0,0.0,0.0,0.7422684098776933,0.2426715936821164,919,1.5376465082855564,0.738536825176559,537,0,0.20618566978246886,0.24635434482997512,920,0.0,0.3938493998060068,0.7153670559528049,574,210.69804618616345,0.7791425092388224,737.5,692.1069642897883,0.50304085629656,867,db,0.540986235965534,0.9305070477545101,0.3421575204977732,3,651.0,4.285720912225193e-14,0.0001547883299646835,3.385037189837696e-27,0.9734309746373246,0.8259355887262972,0.0015197274667972155,0.5103129445234713,0.004846104602070703,0.999999999723507,0.9919828214562026,0.9855281704452468,0.9855281704452468,0.9855281704451347,,0.0,0.9999999999667601,0.0,,,,,1.0,,0.0,1.0,0.25,0.0,0.0,0.0,2.209570199820929,0.6304403968407328,931,1.603896298917564,0.7414574465810264,1276,243.9518395093589,0.8721426417665834,1103.5,1076.5346624376982,0.6468941720363315,662,0.49117026184683504,0.8233619396015222,0.4091722348267588,4,497.5,,,,,,,,,,,,,2.877595034772649e-19,0.03641360043841643,3.385037189837696e-27,0.9807278870573622,0.25532627348188175,0.0016168043162794546,0.3860612066538196,1.0,0.004846104602070703,0.9999999999999541,0.0008499884728391229,0.0007982210227401261,0.0007982210227401261,0.0007982210227337874,,0.0,0.0,0.020163910573049823,0.0,,,,,0.4782608695652174,,0.0,1.0,0.7906976744186046,0.0,0.0,0.9302325581395349,0.5674759776446953,0.17675400427451057,817,1.6841952757673608,0.8175240576192412,1385,401.636651713959,0.8123193216289911,1101.0,1027.742960944596,0.64891667016029,761,1009.0473684210526,935.5,610.6543869996938,760,0.4758535102197843,0.8532293215616218,0.41093374637766444,5,572.0
db10,1.0,antisymmetric,5.9925244251833664e-27,321.69569433986,6239273.398586912,0.6116071428571429,285.02939933159377,206,raw,5.1014209038310103e-14,-2.102562568495642e-10,6.443004871958349,93435.04187684381,0.8505165752563907,5.618943883690066e-06,0.9999999999999999,327.0,,,,[],[],13,661.1538461538462,87.00000000000009,940.0000000000002,"[8, 32, 51, 63, 81, 100, 111, 133, 152, 162, 175, 192, 204]","[878.0, 638.0, 787.0000000000001, 792.0, 940.0000000000002, 788.0, 637.0, 675.0000000000001, 771.0000000000001, 196.00000000000006, 833.9999999999998, 571.9999999999999, 87.00000000000009]","[0, 13, 42, 42, 76, 99, 107, 107, 107, 161, 99, 187, 203]","[76, 42, 61, 76, 205, 164, 119, 142, 164, 164, 205, 205, 205]",37754613.0,941.0000000000002,-941.0000000000002,0.0,,,,DWT,mdp.39015067403892,0.0,,0.0,33.0,19.0,0.0,28.5,,2.2737367544323206e-13,256.3413461538462,4359.0,256.34134615384613,,0.0,256.3413461538462,,,84.00000000000009,0.0,24.0,2.2737367544323206e-13,2.2737367544323206e-13,,0.0,4.610949367943107e-14,3.4438296089889694e-27,0.9732072321797564,0.8295197212407535,0.0005664193067276184,0.4084821428571432,0.002890009548013462,0.9999999997234603,0.47422802461169933,6.6959667625959335e-09,6.6959667625959335e-09,6.0819563246244724e-09,,0.0,0.9999999933040264,2.7225927463116073e-13,,,,,,0.0,1.0,0.5,2.847685247612971e-13,2.847685247612971e-13,0.79226840987794,0.2590182137493304,493,1.563516270433055,0.7509621595440718,479,0,0.2478523364492048,0.29613842719982303,493,0.0,0.4018331906069875,0.7298683879935642,498,8.180260794538684,0.9914253031503787,490.75,490.6464430062217,0.7385061526234074,266,db,0.540986235965534,0.9305070477545101,0.3421575204977732,3,200.25,4.610949367943107e-14,0.0001547883299646835,3.4438296089889694e-27,0.9732072321797564,0.8295197212407536,0.0015993133755880574,0.5554276315789477,0.005248873217845242,0.9999999997234601,0.9919828214562032,0.9855281704452468,0.9855281704452468,0.9855281704451341,,0.0,0.9999999999667601,1.5171946557926922e-13,,,,,1.0,,0.0,1.0,0.5,2.847685247612971e-13,2.847685247612971e-13,0.0,2.234570199821119,0.637573462774739,492,1.623800894923129,0.7506590457988022,1210,507.70266889194113,0.7339084544591503,851.0,699.5534665099883,0.6439458414853404,680,0.49117026184683504,0.8233619396015222,0.4091722348267588,4,511.0,,,,,,,,,,,,,3.0959657146438043e-19,0.03641360043841643,3.4438296089889694e-27,0.9805655931887141,0.25643425721702096,0.0016354148504288872,0.42019130409571515,0.9999999999999999,0.005248873217845242,0.9999999999999541,0.0008499884728391233,0.0007982210227401261,0.0007982210227401261,0.0007982210227337869,,0.0,0.0,0.020163910573049823,1.4108257588933865e-18,,,,,0.4782608695652174,,0.0,1.0,0.8604651162790697,9.54194168962319e-19,9.54194168962319e-19,0.9302325581395349,0.5744527218307418,0.17892707859001003,266,1.698474343003884,0.8244552497168449,1292,725.4915574973977,0.6609852535058889,779.0,441.1707317073171,0.6484832809585519,762,1009.0473684210526,935.5,610.6543869996938,760,0.4758535102197843,0.8532293215616218,0.41093374637766444,5,572.75
bior2.6,1.0,reflect,5.607514350373072e-27,321.98408853180894,6429050.04465262,0.6055045871559633,259.4682371623259,206,raw,4.9643137497219635e-14,-2.1538604233484467e-10,6.296571020160365,66461.19041073602,0.8291703666493064,5.618943883690064e-06,0.9999999999999999,327.00000000000017,,,,[],[],13,661.1538461538462,87.00000000000011,940.0000000000001,"[8, 32, 51, 63, 81, 100, 111, 133, 152, 162, 175, 192, 204]","[878.0000000000001, 638.0000000000002, 787.0, 792.0000000000001, 940.0000000000001, 788.0000000000001, 637.0000000000001, 675.0, 771.0000000000001, 196.00000000000006, 834.0, 572.0, 87.00000000000011]","[0, 13, 39, 39, 76, 99, 107, 107, 107, 161, 99, 187, 203]","[76, 39, 61, 76, 205, 164, 119, 142, 164, 164, 205, 205, 205]",37754613.0,941.0000000000001,-941.0000000000001,0.0,,,,DWT,mdp.39015067403892,0.0,,0.0,33.0,19.0,0.0,28.5,,1.1368683772161603e-13,256.3413461538462,4359.0,256.3413461538462,,0.0,256.3413461538462,,,84.00000000000011,0.0,19.5,1.1368683772161603e-13,1.1368683772161603e-13,,1.7053025658242404e-13,4.4377121000732653e-14,3.1713709861971265e-27,0.9742714720372961,0.7789341712479125,0.000779990631997256,0.36271297509829636,0.0007061256931910984,0.9999999997233829,0.47422802461173236,6.6959667625959335e-09,6.6959667625959335e-09,6.082000342865356e-09,,8.5778263145108e-12,0.9999999933040264,1.3612963731558036e-13,,,,,,0.0,1.0,0.0,1.4238426238064856e-13,1.4238426238064856e-13,0.7422684098821268,0.2426715936835659,705,1.519787604368294,0.7299591331458374,584,0,0.20618566978322422,0.24635434483087765,705,0.0,0.38967559180401506,0.7077859735797766,610,63.250823446550214,0.9336993464920857,651.0,646.3547048415634,0.6256547046925838,477,bior,0.672619891330026,0.76736776154697,0.2989557476048908,5,359.0,4.437712100073265e-14,0.0001547883299646835,3.1713709861971258e-27,0.9742714720372961,0.7789341712479126,0.0018126639792815833,0.521028488652825,0.0030701557782966205,0.9999999997233828,0.9919828214562036,0.9855281704452468,0.9855281704452468,0.9855281704451347,,1.837741639739923e-12,0.9999999999667601,7.585973278963461e-14,,,,,1.0,,0.0,1.0,0.25,1.4238426238064856e-13,1.4238426238064856e-13,0.0,2.2095701998219432,0.6304403968410222,712,1.5846221949967791,0.7325473144933802,1361,458.91230099006935,0.7594799261058337,1036.5,934.9078630004824,0.608120466197571,835,0.5943810304597339,0.7715092316736338,0.3524805091760961,5,627.5,,,,,,,,,,,,,2.9796476640591694e-19,0.036413600438416426,3.1713709861971258e-27,0.9813375504002637,0.24079645186270585,0.001685305198559175,0.3941677145151743,0.9999999999999999,0.0030701557782966205,0.9999999999999541,0.0008499884728391236,0.0007982210227401261,0.0007982210227401261,0.0007982210227337874,,0.0,1.4359141228592004e-18,0.020163910573049823,7.054128794466933e-19,,,,,0.4782608695652174,,0.0,1.0,0.7906976744186046,4.770970844811595e-19,4.770970844811595e-19,0.9302325581395349,0.5674759776446953,0.17675400427451057,934,1.6798626370196856,0.8154209544576533,1407,334.46150750123695,0.8437095759340014,1170.5,1122.7150790260573,0.6483734795557858,763,1104.4,1082.5,563.6960149978129,300,0.520820561188399,0.7876173146100969,0.3991404127850916,6,573.75
bior2.6,1.0,periodic,5.408568225382577e-27,322.1409693444896,6381178.015590712,0.6055045871559633,253.17809807960285,206,raw,4.7797795926192193e-14,-2.1502388758421195e-10,6.277851996361428,67331.49945276207,0.8319204402418463,5.618943883690062e-06,0.9999999999999999,327.00000000000017,,,,[],[],13,661.1538461538462,87.00000000000009,940.0000000000001,"[8, 32, 51, 63, 81, 100, 111, 133, 152, 162, 175, 192, 204]","[878.0000000000001, 638.0000000000002, 787.0, 792.0000000000001, 940.0000000000001, 788.0000000000001, 637.0000000000001, 675.0, 771.0000000000001, 196.00000000000006, 834.0, 572.0, 87.00000000000009]","[0, 13, 39, 39, 76, 99, 107, 107, 107, 161, 99, 187, 203]","[76, 39, 61, 76, 205, 164, 119, 142, 164, 164, 205, 205, 205]",37754613.0,941.0000000000001,-941.0000000000001,0.0,,,,DWT,mdp.39015067403892,0.0,,0.0,33.0,19.0,0.0,28.5,,1.1368683772161603e-13,256.3413461538462,4359.0,256.3413461538462,,0.0,256.3413461538462,,,84.00000000000009,0.0,19.5,1.1368683772161603e-13,1.1368683772161603e-13,,1.7053025658242404e-13,4.204549991116369e-14,3.0305835347222724e-27,0.9748503977521646,0.7724676875587132,0.0007261162860118269,0.36271297509829636,0.0007765885215333825,0.9999999997233884,0.47422802461169933,6.6959667625959335e-09,6.6959667625959335e-09,6.082000342865356e-09,,8.5778263145108e-12,0.9999999933040264,1.3612963731558036e-13,,,,,,0.0,1.0,0.0,1.4238426238064856e-13,1.4238426238064856e-13,0.742268409882117,0.24267159368356264,708,1.5169029659109612,0.7285736315259389,591,0,0.20618566978322145,0.24635434483087434,707,0.0,0.38894172061751875,0.7064530090750927,615,61.12487218800543,0.9359278069308119,655.25,650.9441762256565,0.6245414715995778,480,bior,0.672619891330026,0.76736776154697,0.2989557476048908,5,361.25,4.204549991116369e-14,0.0001547883299646835,3.0305835347222717e-27,0.9748503977521646,0.7724676875587132,0.0017588453113256972,0.521028488652825,0.003140451912685939,0.9999999997233883,0.9919828214562032,0.9855281704452468,0.9855281704452468,0.9855281704451347,,1.837741639739923e-12,0.9999999999667601,7.585973278963461e-14,,,,,1.0,,0.0,1.0,0.25,1.4238426238064856e-13,1.4238426238064856e-13,0.0,2.2095701998219432,0.6304403968410222,709,1.5817375177008801,0.7312137710071391,1371,468.10468914549443,0.7546621126071832,1040.0,934.6528846153846,0.6047943686725643,844,0.5943810304597339,0.7715092316736338,0.3524805091760961,5,634.25,,,,,,,,,,,,,2.8230938098131824e-19,0.03641360043841641,3.0305835347222717e-27,0.9817574800593327,0.23879743014063573,0.0016727201295050253,0.3941677145151743,0.9999999999999999,0.003140451912685939,0.9999999999999541,0.0008499884728391233,0.0007982210227401261,0.0007982210227401261,0.0007982210227337874,,0.0,1.4359141228592004e-18,0.020163910573049823,7.054128794466933e-19,,,,,0.4782608695652174,,0.0,1.0,0.7906976744186046,4.770970844811595e-19,4.770970844811595e-19,0.9302325581395349,0.5674759776446953,0.17675400427451057,944,1.6791369098733206,0.8150686797482075,1409,328.8046532517446,0.8463529657702128,1176.5,1130.553336166596,0.648293305315013,764,1104.4,1082.5,563.6960149978129,300,0.520820561188399,0.7876173146100969,0.3991404127850916,6,574.5
bior3.1,1.0,periodization,8.074862396353117e-27,320.40044116596107,7112582.965957807,0.6213592233009708,227.10022979914686,206,raw,6.962877269762072e-14,-1.9384605032257972e-10,5.9311371764531815,84627.46515929868,0.8951540413606078,5.618943883690067e-06,1.0,326.99999999999994,,,,[],[],13,661.153846153846,86.99999999999996,939.9999999999998,"[8, 32, 51, 63, 81, 100, 111, 133, 152, 162, 175, 192, 204]","[877.9999999999999, 637.9999999999999, 787.0, 791.9999999999999, 939.9999999999998, 787.9999999999999, 636.9999999999999, 674.9999999999999, 770.9999999999999, 195.99999999999994, 833.9999999999997, 571.9999999999999, 86.99999999999996]","[0, 13, 39, 39, 76, 99, 107, 107, 107, 161, 99, 187, 203]","[76, 39, 61, 76, 205, 164, 119, 142, 164, 164, 205, 205, 205]",37754612.99999999,940.9999999999998,-940.9999999999998,0.0,,,,DWT,mdp.39015067403892,7.450580596923828e-09,,0.0,33.0,19.0,0.0,28.5,,2.2737367544323206e-13,256.34134615384596,4359.000000000002,256.341346153846,,0.0,256.34134615384596,,,83.99999999999996,0.0,19.5,2.2737367544323206e-13,2.2737367544323206e-13,,5.684341886080802e-14,6.962931780446142e-14,4.9174298416364435e-27,0.9684274547371089,0.652695110109044,0.0015492266517867013,0.48162274618585255,0.0021769217408189913,0.9999999997237076,0.4742280246115508,6.695790689632508e-09,6.695790689632508e-09,6.0818682881427056e-09,,2.859275438170267e-12,0.9999999933041348,2.7225927463116073e-13,,,,,,7.374542113937972e-14,1.0,0.0,2.847685247612971e-13,2.847685247612971e-13,0.742268409879284,0.24267159368263647,807,1.5016985082828533,0.7212708790371927,626,0,0.20618566978274247,0.24635434483030205,809,0.0,0.3883089323935486,0.7053036462753878,620,106.84100336481308,0.8880073339991477,715.5,703.5318986318482,0.5690036669995738,633,bior,0.672619891330026,0.76736776154697,0.2989557476048908,5,476.0,6.962931780446141e-14,0.0001547883299646835,4.9174298416364435e-27,0.9684274547371089,0.652695110109044,0.002581105009451165,0.6103985692386303,0.0045374723628806134,0.9999999997237075,0.9919828214562009,0.9855281704452442,0.9855281704452442,0.9855281704451329,,6.125805465799743e-13,0.9999999999667607,1.5171946557926922e-13,,,,,1.0,,7.374542113937972e-14,1.0,0.25,2.847685247612971e-13,2.847685247612971e-13,0.0,2.2095701998214596,0.6304403968408843,800,1.5547154334306106,0.7187218626350997,1447,457.49808742769625,0.7602211281825492,1123.5,1030.35157988429,0.5856923250975639,946,0.5943810304597339,0.7715092316736338,0.3524805091760961,5,710.75,,,,,,,,,,,,,4.675175619046394e-19,0.036413600438416446,4.9174298416364435e-27,0.9770985329763819,0.20177143648814738,0.0018649990445059573,0.46177783791097265,1.0,0.0045374723628806134,0.9999999999999541,0.0008499884728391216,0.000798221022740124,0.000798221022740124,0.0007982210227337859,,0.0,4.786380409530668e-19,0.02016391057304983,1.4108257588933865e-18,,,,,0.4782608695652174,,2.3332883504384434e-21,1.0,0.7906976744186046,9.54194168962319e-19,9.54194168962319e-19,0.9302325581395349,0.5674759776446953,0.17675400427451057,744,1.6855275417932036,0.8181707519443865,1375,446.1843789287115,0.7915026266688264,1059.5,965.5497876356773,0.6482045843624507,765,1104.4,1082.5,563.6960149978129,300,0.520820561188399,0.7876173146100969,0.3991404127850916,6,575.25
bior2.8,1.0,antisymmetric,7.035367906510584e-27,318.7745306094841,5265861.77414524,0.527027027027027,81.01845539896382,206,smoothed,5.664508775737984e-14,-2.1371560077199133e-10,6.254573101865677,58550.86685431597,0.9920907017115052,0.00014966566451320263,0.9999999999999999,362.40000000000003,,,,[],[],11,426.60000000000014,32.200000000000045,728.4000000000003,"[9, 31, 53, 64, 80, 102, 131, 148, 158, 175, 192]","[311.0, 417.8000000000001, 589.6, 432.20000000000005, 728.4000000000003, 371.0, 587.0000000000001, 32.200000000000045, 448.2000000000001, 368.0000000000001, 407.2000000000002]","[0, 0, 0, 60, 0, 94, 120, 144, 144, 165, 186]","[20, 40, 75, 75, 203, 120, 203, 149, 203, 186, 203]",30736475.84000001,728.4000000000003,-728.4000000000003,0.0,,,,DWT,mdp.39015067403892,1.4901161193847656e-08,,0.0,33.0,11.0,0.0,33.0,,3.410605131648481e-13,168.4000000000002,987.7999999999975,168.40000000000012,,0.0,168.4000000000002,,,28.000000000000057,0.0,15.0,3.410605131648481e-13,3.410605131648481e-13,,5.684341886080802e-14,7.56044027483933e-14,1.5801816648223614e-26,0.975930487933265,0.1734316617842592,0.19277089675797646,0.0958575670425443,0.24961493883414823,,0.9999996647593375,4.406097391567225e-09,4.406097391567225e-09,3.678815706965397e-09,,6.125805465799743e-13,0.9999999955939026,2.275791983689038e-13,,,,,,3.1786782849947497e-13,1.0,0.0,5.243104679449306e-13,5.243104679449306e-13,0.8999999009728445,0.3383296774410549,377,0.9068485743817765,0.4603778784260614,254,0,0.2499999727372047,0.3557007787884821,377,0.0,0.2410865074788956,0.42534184861409985,257,70.15874856352556,0.9264583348390717,316.25,304.5739798207319,0.7974796915285505,145,bior,0.8100315533562081,0.7923003667562746,0.1952878026237719,6,110.25,5.322420663031208e-14,0.9999999999705129,4.1818147093785234e-27,0.9624274766955824,0.7644259972880959,0.000504985058472473,0.07866287339971545,0.0024312273736340788,0.999999999723408,2.0315811924354055e-05,4.745570603148508e-11,4.745570603148508e-11,3.962258299239352e-11,,6.125805465799743e-13,0.003126132840347795,2.275791983689038e-13,,,,,0.0,,1.4749084227875944e-13,1.0,0.0,4.2715278714194565e-13,4.2715278714194565e-13,1.0,0.3015691612047761,0.08604450842081146,1420,1.6923596173805064,0.7823527253268431,826,420.0214280248092,0.7798629832155088,1123.0,1044.452359750668,0.5956442798677125,887,0.5943810304597339,0.7715092316736338,0.3524805091760961,5,666.5,,,,,,,,,,,,,3.5736744381140385e-19,0.9999999999715824,4.1818147093785234e-27,0.9727463878415405,0.23631145564417574,0.001379514844689249,0.059509922586637454,0.9999999999999999,0.0024312273736340788,0.9999999999999541,9.960751159770499e-05,3.843648489765261e-14,3.843648489765261e-14,3.209195062470194e-14,,0.0,4.786380409530668e-19,0.004567040150618456,2.11623863834008e-18,,,,,0.13043478260869565,,4.666576700876887e-21,1.0,0.7209302325581395,1.4312912534434783e-18,1.4312912534434783e-18,1.0,0.42658033862811345,0.13286867808967343,1352,1.8272697779249218,0.8869737522173983,608,526.0874452027914,0.7541647452323404,980.0,838.7918367346939,0.6481104099993478,766,1104.4,1082.5,563.6960149978129,300,0.520820561188399,0.7876173146100969,0.3991404127850916,6,576.0
db14,1.0,antireflect,8.684310262246426e-27,320.08443915861335,6299565.174886404,0.5991379310344828,282.3533239445252,206,raw,6.351122432714899e-14,-2.1084822776629442e-10,6.514699999651363,102596.50919479613,0.867126055612106,5.618943883690066e-06,1.0,326.99999999999994,,,,[],[],13,661.1538461538462,87.00000000000011,940.0,"[8, 32, 51, 63, 81, 100, 111, 133, 152, 162, 175, 192, 204]","[877.9999999999998, 637.9999999999998, 787.0, 791.9999999999999, 940.0, 788.0, 637.0, 675.0, 771.0000000000002, 196.0000000000001, 834.0000000000002, 572.0, 87.00000000000011]","[0, 13, 39, 39, 76, 99, 107, 107, 107, 161, 99, 187, 203]","[76, 39, 61, 76, 205, 164, 119, 142, 164, 164, 205, 205, 205]",37754613.0,941.0,-941.0,0.0,,,,DWT,mdp.39015067403892,0.0,,0.0,33.0,19.0,0.0,28.5,,0.0,256.3413461538462,4359.0,256.34134615384613,,0.0,256.3413461538462,,,84.00000000000011,0.0,19.5,0.0,0.0,,5.684341886080802e-14,6.189968930586949e-14,5.348715506788287e-27,0.9672613357906443,0.8542867912974873,0.0006342706194896984,0.31496305418719206,0.0036317493988203826,0.9999999997234513,0.47422802461173236,6.6959667625959335e-09,6.6959667625959335e-09,6.0819563246244724e-09,,2.859275438170267e-12,0.9999999933040264,0.0,,,,,,0.0,1.0,0.0,0.0,0.0,0.7422684098791295,0.24267159368258595,844,1.5352552537566793,0.7373882975283449,548,0,0.20618566978270897,0.24635434483026203,843,0.0,0.3925971501271434,0.7130925363863727,591,159.16553228217052,0.8331598194107227,706.5,679.3549058695579,0.5462968908374368,714,db,0.540986235965534,0.9305070477545101,0.3421575204977732,3,536.25,6.189968930586949e-14,0.0001547883299646835,5.3487155067882865e-27,0.9672613357906443,0.8542867912974874,0.0016670945654126356,0.48514065335753187,0.005988858334266499,0.9999999997234512,0.9919828214562036,0.9855281704452468,0.9855281704452468,0.9855281704451341,,6.125805465799743e-13,0.9999999999667601,0.0,,,,,1.0,,0.0,1.0,0.25,0.0,0.0,0.0,2.2095701998212354,0.6304403968408202,847,1.6048319854709447,0.7418900005828893,1274,301.9345955666558,0.8417533566212496,1060.5,1017.5181518151815,0.6429678732791783,687,0.49117026184683504,0.8233619396015222,0.4091722348267588,4,516.25,,,,,,,,,,,,,4.1561791411204287e-19,0.03641360043841643,5.3487155067882865e-27,0.9762526767308463,0.2640906456678474,0.001651264944586066,0.36701790154848174,1.0,0.005988858334266498,0.9999999999999541,0.0008499884728391236,0.0007982210227401261,0.0007982210227401261,0.0007982210227337869,,0.0,4.786380409530668e-19,0.020163910573049823,0.0,,,,,0.4782608695652174,,0.0,1.0,0.7906976744186046,0.0,0.0,0.9302325581395349,0.5674759776446953,0.17675400427451057,946,1.6787493454293305,0.814880552360963,1410,328.09754647055803,0.8466833894997392,1178.0,1132.308998302207,0.6481080498900564,767,1009.0473684210526,935.5,610.6543869996938,760,0.4758535102197843,0.8532293215616218,0.41093374637766444,5,576.5
db6,1.0,smooth,5.575933108211142e-27,322.0086169175542,8013730.224227175,0.6203703703703703,309.1382608414244,206,raw,4.5534234419674864e-14,-2.040294599936514e-10,6.064295512843181,141336.56834541558,0.89565935252754,5.618943883690064e-06,1.0,327.0,,,,[],[],13,661.1538461538462,87.00000000000009,940.0,"[8, 32, 51, 63, 81, 100, 111, 133, 152, 162, 175, 192, 204]","[878.0, 637.9999999999998, 787.0, 792.0000000000002, 940.0, 788.0, 637.0, 675.0000000000002, 771.0, 195.99999999999994, 834.0, 572.0, 87.00000000000009]","[0, 13, 42, 42, 76, 99, 107, 107, 107, 161, 99, 187, 203]","[76, 42, 61, 76, 205, 164, 119, 142, 164, 164, 205, 205, 205]",37754613.0,941.0,-941.0,0.0,,,,DWT,mdp.39015067403892,0.0,,0.0,33.0,19.0,0.0,28.5,,0.0,256.3413461538462,4359.0,256.34134615384613,,0.0,256.3413461538462,,,84.00000000000009,0.0,24.0,0.0,0.0,,0.0,3.918545067746342e-14,3.1490220080574375e-27,0.9743619873336509,0.69869463549005,0.0025633620483257054,0.474206349206349,0.006768260690884272,0.9999999997235541,0.47422802461169933,6.6959667625959335e-09,6.6959667625959335e-09,6.0819563246244724e-09,,0.0,0.9999999933040264,0.0,,,,,,0.0,1.0,0.5,0.0,0.0,0.79226840987769,0.2590182137492486,541,1.527636035017705,0.7337287609654961,567,0,0.24785233644913462,0.2961384271997392,540,0.0,0.3945743243116066,0.7166837701832046,569,15.903353943953666,0.9833298176688117,554.25,553.9078058498701,0.701177487450758,340,db,0.540986235965534,0.9305070477545101,0.3421575204977732,3,255.75,3.918545067746341e-14,0.0001547883299646835,3.1490220080574375e-27,0.9743619873336509,0.6986946354900501,0.0035941923178967315,0.6048245614035088,0.009117949579788167,0.999999999723554,0.9919828214562032,0.9855281704452468,0.9855281704452468,0.9855281704451341,,0.0,0.9999999999667601,0.0,,,,,1.0,,0.0,1.0,0.5,0.0,0.0,0.0,2.2345701998209293,0.637573462774685,539,1.5813850470859057,0.7310508290748271,1372,589.0199487283941,0.6912893350480115,955.5,773.9487179487179,0.5952515857629994,890,0.49117026184683504,0.8233619396015222,0.4091722348267588,4,668.5,,,,,,,,,,,,,2.631059292338545e-19,0.036413600438416426,3.1490220080574375e-27,0.9814032065916585,0.2159915373746822,0.0021019014841040665,0.4575609976097055,1.0,0.009117949579788167,0.9999999999999541,0.0008499884728391233,0.0007982210227401261,0.0007982210227401261,0.0007982210227337869,,0.0,0.0,0.020163910573049823,0.0,,,,,0.4782608695652174,,0.0,1.0,0.8604651162790697,0.0,0.0,0.9302325581395349,0.5744527218307418,0.17892707859001003,357,1.6954843023916923,0.8230038561825581,1309,673.1656556895932,0.6854366094908443,833.0,561.0,0.6480921365211231,768,1009.0473684210526,935.5,610.6543869996938,760,0.4758535102197843,0.8532293215616218,0.41093374637766444,5,577.25
db27,1.0,smooth,1.484415648926232e-26,315.53184350149127,4964173.775840459,0.5658914728682171,47.09013860982059,206,smoothed,8.381644892704095e-14,-1.981394159855657e-10,6.191659927294982,44213.37037918394,0.990780937339252,0.00014966566451320284,1.0,362.4,,,,[],[],11,426.59999999999997,32.200000000000074,728.4000000000001,"[9, 31, 53, 64, 80, 102, 131, 148, 158, 175, 192]","[311.0000000000001, 417.8000000000002, 589.5999999999998, 432.19999999999993, 728.4000000000001, 370.99999999999983, 587.0000000000002, 32.200000000000074, 448.19999999999993, 368.0000000000001, 407.20000000000005]","[1, 1, 1, 60, 1, 94, 120, 144, 144, 165, 186]","[20, 40, 75, 75, 203, 120, 203, 149, 203, 186, 203]",30736475.83999999,728.4000000000001,-728.4000000000001,0.0,,,,DWT,mdp.39015067403892,7.450580596923828e-09,,0.0,33.0,11.0,0.0,33.0,,1.1368683772161603e-13,168.40000000000003,987.7999999999993,168.40000000000003,,0.0,168.40000000000003,,,28.000000000000085,0.0,33.0,1.1368683772161603e-13,1.1368683772161603e-13,,0.0,1.352960772811388e-13,3.865501460472564e-26,0.9636101807368651,0.08268544324558127,0.06330002213881909,0.36281679960244784,0.13071646817464866,,0.9999996647841187,4.4059199552998455e-09,4.4059199552998455e-09,3.6787269888316428e-09,,0.0,0.9999999955940747,7.585973278963461e-14,,,,,,1.5893391424973748e-13,1.0,1.0,1.7477015598164352e-13,1.7477015598164352e-13,0.9999999009796303,0.37592186796222044,101,0.8485721482451984,0.4307928096671442,340,0,0.3333333060724453,0.47426771798388795,101,0.0,0.2290184162712139,0.4040504695269967,325,133.79679866623616,0.8597517833687252,216.75,154.9181892318637,0.816275262753545,116,db,0.573477938514061,0.8443824841957417,0.34525069778143475,3,87.75,8.755569286036727e-14,0.9999999999705145,9.70783057786592e-27,0.9504612271586733,0.7426926514914919,0.0001658215317699805,0.2977356181150553,0.0012731668108299026,0.9999999997236427,2.0315811924853655e-05,4.745387416349445e-11,4.745387416349445e-11,3.962169481397382e-11,,0.0,0.0031261328403482946,7.585973278963461e-14,,,,,0.0,,7.374542113937972e-14,1.0,1.0,1.4238426238064856e-13,1.4238426238064856e-13,1.0,0.40156916120424224,0.11457677215646737,1190,1.7613094866578267,0.8142272262225428,160,728.3199846221439,0.6182809304915389,675.0,282.074074074074,0.6322536727929393,739,0.49117026184683504,0.8233619396015222,0.4091722348267588,4,555.25,,,,,,,,,,,,,5.878820207876224e-19,0.9999999999715838,9.70783057786592e-27,0.9640665469581383,0.2295929000227895,0.0013002041414273532,0.2252425168259324,1.0,0.0012731668108299026,0.9999999999999541,9.960751159770543e-05,3.8434858594393884e-14,3.8434858594393884e-14,3.20911916831812e-14,,0.0,0.0,0.004567040150618464,7.054128794466933e-19,,,,,0.13043478260869565,,2.3332883504384434e-21,1.0,1.0,4.770970844811595e-19,4.770970844811595e-19,1.0,0.4544873153722995,0.14156097535167125,1260,1.8844927537031535,0.914750317096998,70,841.4570696119915,0.6067957618635553,665.0,132.6315789473684,0.6480240491560767,769,1009.0473684210526,935.5,610.6543869996938,760,0.4758535102197843,0.8532293215616218,0.41093374637766444,5,578.0
db14,1.0,symmetric,9.369982608402818e-27,319.754404620587,6368394.380016621,0.603448275862069,283.0602228609067,206,raw,6.263813631749231e-14,-2.1071244749038274e-10,6.511992230040182,60285.42056286398,0.773078918005976,5.618943883690066e-06,1.0,326.99999999999994,,,,[],[],13,661.1538461538462,87.00000000000009,940.0,"[8, 32, 51, 63, 81, 100, 111, 133, 152, 162, 175, 192, 204]","[878.0, 637.9999999999998, 787.0, 791.9999999999999, 940.0, 788.0, 637.0, 675.0, 771.0000000000002, 196.0000000000001, 834.0000000000002, 572.0, 87.00000000000009]","[0, 13, 39, 39, 76, 99, 107, 107, 107, 161, 99, 187, 203]","[76, 39, 61, 76, 205, 164, 119, 142, 164, 164, 205, 205, 205]",37754613.0,941.0,-941.0,0.0,,,,DWT,mdp.39015067403892,0.0,,0.0,33.0,19.0,0.0,28.5,,0.0,256.3413461538462,4359.0,256.34134615384613,,0.0,256.3413461538462,,,84.00000000000009,0.0,19.5,0.0,0.0,,5.684341886080802e-14,6.07965274585851e-14,5.833942661460208e-27,0.9660434336291662,0.8533513927311471,0.0007117298056522919,0.3472906403940885,0.000206116857641125,0.9999999997234534,0.47422802461169933,6.6959667625959335e-09,6.6959667625959335e-09,6.0819563246244724e-09,,2.859275438170267e-12,0.9999999933040264,0.0,,,,,,0.0,1.0,0.0,0.0,0.0,0.7422684098791196,0.2426715936825827,848,1.5456563242359906,0.7423839669028314,521,0,0.20618566978270622,0.24635434483025873,847,0.0,0.3959504141426512,0.7191832264008499,551,180.26161543711962,0.811046524699036,691.75,656.3671010873081,0.5429708514480505,727,db,0.540986235965534,0.9305070477545101,0.3421575204977732,3,546.0,6.079652745858509e-14,0.0001547883299646835,5.833942661460208e-27,0.9660434336291662,0.8533513927311472,0.0017444736990979942,0.5094373865698729,0.002571329813932442,0.9999999997234533,0.9919828214562032,0.9855281704452468,0.9855281704452468,0.9855281704451341,,6.125805465799743e-13,0.9999999999667601,0.0,,,,,1.0,,0.0,1.0,0.25,0.0,0.0,0.0,2.2095701998212354,0.6304403968408202,851,1.6120239163345336,0.7452147234453977,1245,278.6000717874997,0.8539831908870547,1048.0,1010.9685114503816,0.6523584717537998,625,0.49117026184683504,0.8233619396015222,0.4091722348267588,4,469.75,,,,,,,,,,,,,4.0821086843802124e-19,0.03641360043841643,5.833942661460208e-27,0.9753692590032972,0.26380148046728713,0.001669359441863084,0.38539883082406845,1.0,0.002571329813932442,0.9999999999999541,0.0008499884728391233,0.0007982210227401261,0.0007982210227401261,0.0007982210227337869,,0.0,4.786380409530668e-19,0.020163910573049823,0.0,,,,,0.4782608695652174,,0.0,1.0,0.7906976744186046,0.0,0.0,0.9302325581395349,0.5674759776446953,0.17675400427451057,806,1.6840691197432605,0.8174628203113116,1387,410.82903986938413,0.8080238131451476,1096.5,1019.5367077063383,0.647820317787527,770,1009.0473684210526,935.5,610.6543869996938,760,0.4758535102197843,0.8532293215616218,0.41093374637766444,5,578.75
db10,1.0,antisymmetric,4.316708144119297e-27,320.89587187573113,5232555.5805245135,0.5223214285714286,91.47660891670907,206,smoothed,4.2339379036190456e-14,-2.065646764748413e-10,6.315576593255917,62804.14281424156,0.9912054345007006,0.00014966566451320268,0.9999999999999999,362.4,,,,[],[],11,426.59999999999997,32.20000000000002,728.4000000000001,"[9, 31, 53, 64, 80, 102, 131, 148, 158, 175, 192]","[310.9999999999999, 417.7999999999999, 589.6000000000001, 432.20000000000016, 728.4000000000001, 371.0000000000001, 587.0, 32.20000000000002, 448.2, 368.0, 407.20000000000016]","[1, 1, 1, 60, 1, 94, 120, 144, 144, 165, 186]","[20, 40, 75, 75, 204, 120, 204, 149, 204, 186, 204]",30736475.84,728.4000000000001,-728.4000000000001,0.0,,,,DWT,mdp.39015067403892,3.725290298461914e-09,,0.0,15.0,11.0,0.0,33.0,,1.1368683772161603e-13,168.40000000000003,987.7999999999993,168.40000000000006,,0.0,168.40000000000003,,,28.00000000000003,0.0,33.0,1.1368683772161603e-13,1.1368683772161603e-13,,0.0,4.417676452248894e-14,7.845387931029322e-27,0.983990339284369,0.2614233455467825,0.17847738146223682,0.06353488945761823,0.2848866480760722,,0.9999996647345563,4.4059199552998455e-09,4.4059199552998455e-09,3.6787565615428943e-09,,0.0,0.9999999955940747,7.585973278963461e-14,,,,,,7.946695712486874e-14,0.0,1.0,1.7477015598164352e-13,1.7477015598164352e-13,0.8999999009647307,0.33832967743800474,495,0.9497131820886204,0.4821388622475284,234,0,0.2499999727349777,0.35570077878531353,501,0.0,0.2531875148324461,0.44669130069118285,234,152.44015219095002,0.8402094840765724,366.0,318.3897489074883,0.7282808426672169,268,db,0.573477938514061,0.8443824841957417,0.34525069778143475,3,201.75,3.5148695473326516e-14,0.9999999999705134,2.2579110425310908e-27,0.9702557062161812,0.7854996433444466,0.00046754158656468563,0.05213815789473725,0.0027747706944959965,0.9999999997235158,2.0315811923854454e-05,4.745387416349445e-11,4.745387416349445e-11,3.9622027880881205e-11,,0.0,0.0031261328403482946,7.585973278963461e-14,,,,,0.0,,3.687271056968986e-14,0.0,1.0,1.4238426238064856e-13,1.4238426238064856e-13,1.0,0.30156916120422356,0.0860445084206538,1568,1.6971021875114785,0.7845451450873445,768,565.685424949238,0.7035191693138165,1168.0,1031.013698630137,0.5456799200866777,1230,0.49117026184683504,0.8233619396015222,0.4091722348267588,4,923.5,,,,,,,,,,,,,2.3600162876743493e-19,0.9999999999715827,2.2579110425310908e-27,0.9784246737930384,0.2428260744470074,0.0013707589854774812,0.039443483387131384,0.9999999999999999,0.0027747706944959965,0.9999999999999541,9.960751159770467e-05,3.8434858594393884e-14,3.8434858594393884e-14,3.2091408523615694e-14,,0.0,0.0,0.004567040150618464,7.054128794466933e-19,,,,,0.13043478260869565,,1.1666441752192217e-21,0.7209302325581395,1.0,4.770970844811595e-19,4.770970844811595e-19,1.0,0.42658033862811345,0.13286867808967343,1357,1.826040522616173,0.8863770602528037,627,516.1879502661797,0.7587906774457105,992.0,857.7006048387098,0.6476196377882758,771,1009.0473684210526,935.5,610.6543869996938,760,0.4758535102197843,0.8532293215616218,0.41093374637766444,5,579.5
coif10,1.0,smooth,1.6963128786810838e-26,317.17673287523144,203573530.31230345,0.5946969696969697,287.1325312760051,206,raw,8.89989268905339e-14,-2.1386603599183053e-10,4.437741606750533,3222254.005866549,0.9963847246043757,5.618943883690066e-06,0.9999999999999999,327.00000000000006,,,,[],[],13,661.1538461538462,87.00000000000026,939.9999999999999,"[8, 32, 51, 63, 81, 100, 111, 133, 152, 162, 175, 192, 204]","[877.9999999999999, 637.9999999999995, 787.0000000000002, 792.0, 939.9999999999999, 788.0000000000001, 637.0000000000002, 675.0000000000005, 771.0000000000001, 196.0, 834.0, 572.0, 87.00000000000026]","[0, 13, 39, 39, 76, 99, 107, 107, 107, 161, 99, 187, 203]","[76, 39, 61, 76, 205, 164, 119, 142, 164, 164, 205, 205, 205]",37754613.0,940.9999999999999,-940.9999999999999,0.0,,,,DWT,mdp.39015067403892,0.0,,0.0,33.0,19.0,0.0,28.5,,1.1368683772161603e-13,256.3413461538462,4359.0,256.34134615384625,,0.0,256.3413461538462,,,84.00000000000026,0.0,19.5,1.1368683772161603e-13,1.1368683772161603e-13,,5.684341886080802e-14,9.410384367733432e-14,1.1207355685640322e-26,0.9565312413324949,0.13680185644732212,0.22264294792010259,0.2816558441558443,0.2562085698842961,0.9999999997234058,0.47422802461189745,6.6959667625959335e-09,6.6959667625959335e-09,6.082044361106239e-09,,2.859275438170267e-12,0.9999999933040264,1.3612963731558036e-13,,,,,,0.0,1.0,0.0,1.4238426238064856e-13,1.4238426238064856e-13,0.7422684098793303,0.2426715936826516,802,1.368786912488656,0.6574329894715063,818,0,0.2061856697827651,0.24635434483032906,803,0.0,0.356730057432945,0.647945461085831,804,7.544313531837517,0.992091914536858,806.75,806.6975601030181,0.5732210096793304,622,coif,0.5507900112560971,0.8749445204262634,0.351963635992853,2,467.0,9.410384367733431e-14,0.0001547883299646835,1.1207355685640322e-26,0.9565312413324949,0.13680185644732223,0.22344633045996404,0.46010765550239263,0.2579681576922939,0.9999999997234057,0.9919828214562061,0.9855281704452468,0.9855281704452468,0.9855281704451354,,6.125805465799743e-13,0.9999999999667601,7.585973278963461e-14,,,,,1.0,,0.0,1.0,0.25,1.4238426238064856e-13,1.4238426238064856e-13,0.0,2.2095701998213317,0.6304403968408477,810,1.4413195999193946,0.6663006523455717,1647,591.8483758531403,0.6898069308945806,1228.5,1085.934065934066,0.5229695031831394,1383,0.4784248188775415,0.776734912893196,0.43208215291776214,2,1037.75,,,,,,,,,,,,,6.318487807884815e-19,0.03641360043841643,1.1207355685640322e-26,0.9684694935143052,0.04229035373807227,0.0535125819284487,0.34807997441605903,0.9999999999999999,0.2579681576922939,0.9999999999999541,0.0008499884728391256,0.0007982210227401261,0.0007982210227401261,0.0007982210227337879,,0.0,4.786380409530668e-19,0.020163910573049823,7.054128794466933e-19,,,,,0.4782608695652174,,0.0,1.0,0.7906976744186046,4.770970844811595e-19,4.770970844811595e-19,0.9302325581395349,0.5674759776446953,0.17675400427451057,830,1.6823264969166913,0.8166169349768883,1392,397.39401102683973,0.8143018640061497,1111.0,1039.9279927992798,0.6475714927507383,772,986.6382352941176,846.0,585.0035688138154,340,0.4652856568234462,0.8173890317607586,0.42908333069536003,4,580.0
bior2.8,1.0,antireflect,4.940195074757353e-27,322.53435148494026,6554846.568564706,0.6126126126126126,260.5165936761131,206,raw,4.5606559720277656e-14,-2.1469070965452201e-10,6.32968904454616,98891.99238272269,0.8864109076062018,5.618943883690066e-06,1.0,327.0000000000001,,,,[],[],13,661.1538461538462,87.00000000000003,939.9999999999999,"[8, 32, 51, 63, 81, 100, 111, 133, 152, 162, 175, 192, 204]","[878.0, 638.0000000000001, 787.0000000000001, 792.0, 939.9999999999999, 788.0000000000001, 637.0000000000001, 675.0, 771.0, 195.99999999999994, 834.0000000000002, 572.0, 87.00000000000003]","[0, 13, 42, 42, 76, 99, 107, 107, 107, 161, 99, 187, 203]","[76, 42, 61, 76, 205, 164, 119, 142, 164, 164, 205, 205, 205]",37754613.0,940.9999999999999,-940.9999999999999,0.0,,,,DWT,mdp.39015067403892,0.0,,0.0,33.0,19.0,0.0,28.5,,1.1368683772161603e-13,256.3413461538462,4359.0,256.3413461538462,,0.0,256.3413461538462,,,84.00000000000003,0.0,24.0,1.1368683772161603e-13,1.1368683772161603e-13,,1.1368683772161603e-13,3.927683494953668e-14,2.6991316795080857e-27,0.9763020669077836,0.7903747873190033,0.0009215598444540691,0.4160231660231657,0.003331820615347601,0.9999999997233935,0.4742280246116333,6.6959667625959335e-09,6.6959667625959335e-09,6.082000342865356e-09,,5.718550876340534e-12,0.9999999933040264,1.3612963731558036e-13,,,,,,0.0,1.0,0.5,1.4238426238064856e-13,1.4238426238064856e-13,0.7922684098806676,0.2590182137502221,385,1.5491714082711736,0.7440722736687782,512,0,0.24785233644964438,0.2961384272003483,389,0.0,0.3983691750541484,0.7235765347902082,529,77.4053185080543,0.9188623495722701,453.75,443.87328541218176,0.72161670937733,299,bior,0.672619891330026,0.76736776154697,0.2989557476048908,5,225.5,3.9276834949536675e-14,0.0001547883299646835,2.699131679508085e-27,0.9763020669077835,0.7903747873190035,0.0019540868828663467,0.5610953058321477,0.005689639092486856,0.9999999997233933,0.9919828214562021,0.9855281704452468,0.9855281704452468,0.9855281704451347,,1.2251610931599486e-12,0.9999999999667601,7.585973278963461e-14,,,,,1.0,,0.0,1.0,0.5,1.4238426238064856e-13,1.4238426238064856e-13,0.0,2.2345701998216367,0.6375734627748868,395,1.6087060916038174,0.743680942330808,1256,608.8189386016174,0.6809125059739951,825.5,600.9933373712901,0.6241302571798697,766,0.5943810304597339,0.7715092316736338,0.3524805091760961,5,575.75,,,,,,,,,,,,,2.637195177828061e-19,0.03641360043841643,2.699131679508085e-27,0.9828104630551536,0.24433315606535833,0.0017183758239583667,0.42447900477937,1.0,0.0056896390924868565,0.9999999999999541,0.0008499884728391225,0.0007982210227401261,0.0007982210227401261,0.0007982210227337874,,0.0,9.572760819061336e-19,0.020163910573049823,7.054128794466933e-19,,,,,0.4782608695652174,,0.0,1.0,0.8604651162790697,4.770970844811595e-19,4.770970844811595e-19,0.9302325581395349,0.5744527218307418,0.17892707859001003,340,1.695703581458,0.8231102962816476,1308,684.479364188578,0.6801498298184215,824.0,539.7087378640776,0.6475515504232294,773,1104.4,1082.5,563.6960149978129,300,0.520820561188399,0.7876173146100969,0.3991404127850916,6,581.25
db21,1.0,periodization,1.7485394173880243e-26,317.0450381978251,5961597.604029009,0.6213592233009708,302.7986880518118,206,raw,9.284991567919018e-14,-2.039628466121743e-10,6.332969030731697,63117.308605900645,0.768528780765408,5.6189438836900665e-06,0.9999999999999999,327.0000000000001,,,,[],[],13,661.1538461538462,87.00000000000001,939.9999999999998,"[8, 32, 51, 63, 81, 100, 111, 133, 152, 162, 175, 192, 204]","[878.0000000000001, 638.0000000000001, 786.9999999999997, 792.0000000000001, 939.9999999999998, 787.9999999999997, 637.0, 675.0, 770.9999999999997, 196.00000000000006, 834.0, 572.0, 87.00000000000001]","[0, 13, 42, 42, 76, 99, 107, 107, 107, 161, 164, 187, 203]","[76, 42, 61, 76, 205, 164, 119, 142, 164, 164, 205, 205, 205]",37754613.0,940.9999999999998,-940.9999999999998,0.0,,,,DWT,mdp.39015067403892,0.0,,0.0,33.0,19.0,0.0,28.5,,2.2737367544323206e-13,256.3413461538462,4359.0,256.3413461538461,,0.0,256.3413461538462,,,84.00000000000001,0.0,28.5,2.2737367544323206e-13,2.2737367544323206e-13,,1.1368683772161603e-13,9.896963482207361e-14,1.1576945255894796e-26,0.9560452581586503,0.7915078580067375,0.0002539278138676503,0.48162274618585255,0.00043539500072065546,0.9999999997235551,0.4742280246116168,6.6959667625959335e-09,6.6959667625959335e-09,6.081912306383589e-09,,5.718550876340534e-12,0.9999999933040264,2.7225927463116073e-13,,,,,,0.0,1.0,1.0,2.847685247612971e-13,2.847685247612971e-13,0.8422684098807612,0.275364833817386,120,1.5623313041695739,0.750393016234828,482,0,0.2895190031163373,0.34592250957014486,120,0.0,0.4037331481111853,0.7333193695283409,484,209.57973820640836,0.7803147398255678,301.5,192.23864198209088,0.7321385019882556,280,db,0.540986235965534,0.9305070477545101,0.3421575204977732,3,210.75,9.89696348220736e-14,0.0001547883299646835,1.1576945255894796e-26,0.9560452581586503,0.7915078580067375,0.0012871448362647522,0.6103985692386303,0.002800065553578875,0.999999999723555,0.9919828214562019,0.9855281704452468,0.9855281704452468,0.9855281704451335,,1.2251610931599486e-12,0.9999999999667601,1.5171946557926922e-13,,,,,1.0,,0.0,1.0,0.75,2.847685247612971e-13,2.847685247612971e-13,0.0,2.2595701998217312,0.6447065287088658,112,1.615350546622016,0.746752575238148,1237,795.4951288348659,0.5830738318475546,674.5,205.40252038547072,0.6147811507246159,806,0.49117026184683504,0.8233619396015222,0.4091722348267588,4,605.5,,,,,,,,,,,,,6.645195419628778e-19,0.03641360043841644,1.1576945255894796e-26,0.9681169806732541,0.24468342879877675,0.0015624167110632485,0.46177783791097265,0.9999999999999999,0.002800065553578875,0.9999999999999541,0.0008499884728391223,0.0007982210227401261,0.0007982210227401261,0.0007982210227337863,,0.0,9.572760819061336e-19,0.020163910573049823,1.4108257588933865e-18,,,,,0.4782608695652174,,0.0,1.0,0.9302325581395349,9.54194168962319e-19,9.54194168962319e-19,0.9302325581395349,0.5814294660167882,0.18110015290550946,140,1.7007483526761995,0.8255590751705352,1274,801.8590898655449,0.6252994907170351,707.0,252.27722772277227,0.647462829470667,774,1009.0473684210526,935.5,610.6543869996938,760,0.4758535102197843,0.8532293215616218,0.41093374637766444,5,581.75
db10,1.0,symmetric,4.366352769242041e-27,320.84621053649994,5234118.778701501,0.5223214285714286,91.55848508270466,206,smoothed,4.2313509761830256e-14,-2.0634178810041748e-10,6.313690411792597,32302.415328790063,0.9827396315038774,0.00014966566451320274,0.9999999999999999,362.4,,,,[],[],11,426.59999999999997,32.20000000000002,728.4000000000001,"[9, 31, 53, 64, 80, 102, 131, 148, 158, 175, 192]","[310.9999999999999, 417.7999999999999, 589.6000000000001, 432.20000000000016, 728.4000000000001, 371.0000000000001, 587.0, 32.20000000000002, 448.2, 368.0, 407.20000000000005]","[0, 0, 0, 60, 0, 94, 120, 144, 144, 165, 186]","[20, 40, 75, 75, 203, 120, 203, 149, 203, 186, 203]",30736475.84,728.4000000000001,-728.4000000000001,0.0,,,,DWT,mdp.39015067403892,3.725290298461914e-09,,0.0,33.0,11.0,0.0,33.0,,1.1368683772161603e-13,168.40000000000003,987.7999999999993,168.40000000000003,,0.0,168.40000000000003,,,28.00000000000003,0.0,15.0,1.1368683772161603e-13,1.1368683772161603e-13,,0.0,4.41199333502902e-14,7.990677873686037e-27,0.9838016553519584,0.2587027097428816,0.17914823557746473,0.06353488945761823,0.031940901461016136,,0.9999996647345563,4.4059199552998455e-09,4.4059199552998455e-09,3.6787269888316428e-09,,0.0,0.9999999955940747,7.585973278963461e-14,,,,,,7.946695712486874e-14,1.0,0.0,1.7477015598164352e-13,1.7477015598164352e-13,0.8999999009647218,0.33832967743800135,498,0.8473967822388151,0.43019611411765657,345,0,0.24999997273497523,0.35570077878531003,506,0.0,0.21673262737014048,0.38237501278944946,428,74.87044365658141,0.9215194510937301,444.25,433.87166512858346,0.727924295777473,269,db,0.573477938514061,0.8443824841957417,0.34525069778143475,3,202.5,3.511600919636993e-14,0.9999999999705138,2.2930428665401757e-27,0.9700724446316414,0.7848480622685079,0.00046929896441737164,0.05213815789473725,0.0003111015483819577,0.9999999997235192,2.0315811923854454e-05,4.745387416349445e-11,4.745387416349445e-11,3.962169481397382e-11,,0.0,0.0031261328403482946,7.585973278963461e-14,,,,,0.0,,3.687271056968986e-14,1.0,0.0,1.4238426238064856e-13,1.4238426238064856e-13,1.0,0.3015691612042235,0.08604450842065378,1573,1.6956818510532676,0.7838885446298824,781,560.0285706997456,0.7064839776206784,1177.0,1043.766355140187,0.5448038336740708,1237,0.49117026184683504,0.8233619396015222,0.4091722348267588,4,928.75,,,,,,,,,,,,,2.357821607474639e-19,0.9999999999715831,2.2930428665401757e-27,0.9782917431376197,0.24262464739838333,0.0013711699343632547,0.039443483387131384,0.9999999999999999,0.0003111015483819577,0.9999999999999541,9.960751159770467e-05,3.8434858594393884e-14,3.8434858594393884e-14,3.20911916831812e-14,,0.0,0.0,0.004567040150618464,7.054128794466933e-19,,,,,0.13043478260869565,,1.1666441752192217e-21,1.0,0.7209302325581395,4.770970844811595e-19,4.770970844811595e-19,1.0,0.42658033862811345,0.13286867808967343,1361,1.824874788514607,0.8858112020732153,644,506.9955621107546,0.7630861859295539,1002.5,874.2982543640899,0.6473141210021601,775,1009.0473684210526,935.5,610.6543869996938,760,0.4758535102197843,0.8532293215616218,0.41093374637766444,5,582.5
rbio3.1,1.0,zero,1.0753568047723073e-26,316.9318728661442,4908715.646656513,0.6586538461538461,309.84176764979964,206,smoothed,7.883230206697618e-14,-1.878857514014957e-10,6.478292414261168,37616.21323502219,0.7753378256770047,0.0001496656645132028,0.9999999999999999,362.39999999999986,,,,[],[],11,426.59999999999985,32.200000000000074,728.3999999999999,"[9, 31, 53, 64, 80, 102, 131, 148, 158, 175, 192]","[310.99999999999983, 417.79999999999984, 589.5999999999999, 432.1999999999998, 728.3999999999999, 371.0, 586.9999999999999, 32.200000000000074, 448.19999999999993, 367.9999999999999, 407.20000000000005]","[1, 1, 1, 60, 1, 94, 120, 144, 144, 165, 186]","[20, 40, 75, 75, 203, 120, 203, 149, 203, 186, 203]",30736475.83999998,728.3999999999999,-728.3999999999999,0.0,,,,DWT,mdp.39015067403892,1.4901161193847656e-08,,0.0,33.0,11.0,0.0,33.0,,1.1368683772161603e-13,168.39999999999992,987.8000000000002,168.39999999999995,,0.0,168.39999999999992,,,28.000000000000085,0.0,33.0,1.1368683772161603e-13,1.1368683772161603e-13,,1.1368683772161603e-13,1.2434660477084782e-13,2.668349989121894e-26,0.9689294703513298,0.49612530667656907,0.03949989574819644,1.0,0.07600734259601438,,0.9999996647841187,4.405801664454926e-09,4.405801664454926e-09,3.6786382706978885e-09,,1.2251610931599486e-12,0.9999999955941608,7.585973278963461e-14,,,,,,3.1786782849947497e-13,1.0,1.0,1.7477015598164352e-13,1.7477015598164352e-13,0.9999999009802678,0.3759218679624601,92,1.2795732204616237,0.6495982032375385,103,0,0.33333330607254075,0.47426771798402373,90,0.0,0.36865171648174777,0.6504014024792903,80,9.429563439877091,0.9901157615934202,91.25,90.5194167672774,0.9472329332076115,19,rbio,0.7685897546424816,0.816051598246696,0.21717169227625407,5,15.5,8.125813683340064e-14,0.999999999970514,6.81305933392076e-27,0.9556276524653712,0.8417097969190627,0.00010347442222620787,0.8206224696356275,0.0007403047781502957,0.9999999997237973,2.0315811924853655e-05,4.74525418958649e-11,4.74525418958649e-11,3.9620695613251655e-11,,1.2251610931599486e-12,0.003126132840348572,7.585973278963461e-14,,,,,0.0,,1.4749084227875944e-13,1.0,1.0,1.4238426238064856e-13,1.4238426238064856e-13,1.0,0.4015691612048907,0.1145767721566524,1046,2.0228283367960755,0.9351235079754059,6,735.3910524340095,0.6145749201079616,526.0,11.931558935361219,0.669446789194442,502,0.3888041033402703,1.0,0.4278371276618108,3,377.25,,,,,,,,,,,,,5.455978489398743e-19,0.9999999999715835,6.81305933392076e-27,0.9678140661336162,0.2602026462280873,0.0012856247638853792,0.6208161173152378,0.9999999999999999,0.0007403047781502957,0.9999999999999541,9.960751159770543e-05,3.8433882812438647e-14,3.8433882812438647e-14,3.209043274166046e-14,,0.0,9.572760819061336e-19,0.004567040150618468,7.054128794466933e-19,,,,,0.13043478260869565,,4.666576700876887e-21,1.0,1.0,4.770970844811595e-19,4.770970844811595e-19,1.0,0.4544873153722995,0.14156097535167125,1252,2.0600551440049677,0.9999699348871488,3,883.1763697019978,0.5873007618214963,627.5,5.985657370517929,0.6470382313780378,776,818.67,599.5,715.6978453131971,300,0.38607403914171184,1.0,0.42974817260080167,3,582.75
sym9,1.0,antireflect,6.338667399781859e-26,309.22741910015833,5192472.060249221,0.536036036036036,90.2546327166148,206,smoothed,2.0012470645049037e-13,-1.8136832036219678e-10,6.30527776153657,59890.279425915636,0.990131482288808,0.00014966566451320244,1.0,362.3999999999999,,,,[],[],11,426.5999999999997,32.20000000000019,728.4000000000001,"[9, 31, 53, 64, 80, 102, 131, 148, 158, 175, 192]","[310.99999999999994, 417.79999999999984, 589.5999999999997, 432.199999999999, 728.4000000000001, 370.99999999999966, 586.9999999999995, 32.20000000000019, 448.1999999999995, 367.99999999999966, 407.1999999999999]","[1, 1, 1, 60, 1, 94, 120, 144, 144, 165, 186]","[20, 40, 75, 75, 204, 120, 204, 149, 204, 186, 204]",30736475.839999977,728.3999999999999,-728.3999999999999,0.0,,,,DWT,mdp.39015067403892,1.862645149230957e-08,,0.0,15.0,11.0,0.0,33.0,,1.1368683772161603e-13,168.39999999999975,987.800000000002,168.39999999999975,,0.0,168.39999999999975,,,28.0000000000002,0.0,33.0,1.1368683772161603e-13,1.1368683772161603e-13,,5.684341886080802e-14,3.9080902748668346e-13,1.807195295002074e-25,0.9396570694023031,0.24656826884346383,0.16127534340630442,0.15774030019659205,0.26072246423940487,,0.9999996648832438,4.405624228187547e-09,4.405624228187547e-09,3.6784312617191285e-09,,6.125805465799743e-13,0.9999999955943328,7.585973278963461e-14,,,,,,3.9733478562434375e-13,0.0,1.0,1.7477015598164352e-13,1.7477015598164352e-13,0.8999999010096562,0.3383296774548932,322,0.9351011535407819,0.47472080493080276,242,0,0.24999997274739094,0.3557007788029751,322,0.0,0.2522804922983513,0.4450910674578058,235,48.293374286748694,0.9493780143744772,280.25,273.99642394906743,0.8278074558245552,104,sym,1.0,1.0,0.0,7,79.75,2.3451319405712534e-13,0.9999999999705116,4.4059730261911656e-26,0.9271964738659558,0.7819419136227316,0.00042247891196175037,0.12944523470839261,0.002539413686299199,0.9999999997238955,2.0315811926907568e-05,4.7450710027874266e-11,4.7450710027874266e-11,3.9618530678353636e-11,,6.125805465799743e-13,0.0031261328403491273,7.585973278963461e-14,,,,,0.0,,1.8436355284844931e-13,0.0,1.0,1.4238426238064856e-13,1.4238426238064856e-13,1.0,0.301569161204602,0.08604450842076176,1450,1.7002939398255787,0.7860206447954796,733,506.9955621107546,0.734279055497508,1091.5,973.7517178195144,0.5811070329898442,974,0.7763846615972358,0.5622554397616224,0.28785410495344815,6,732.0,,,,,,,,,,,,,1.574610238577288e-18,0.9999999999715811,4.4059730261911656e-26,0.9471912213893758,0.2417262527607884,0.0013602214360883462,0.0979277207121883,1.0,0.002539413686299199,0.9999999999999543,9.960751159770694e-05,3.843236492939717e-14,3.843236492939717e-14,3.208858959796723e-14,,0.0,4.786380409530668e-19,0.0045670401506184765,7.054128794466933e-19,,,,,0.13043478260869565,,5.833220876096109e-21,0.7209302325581395,1.0,4.770970844811595e-19,4.770970844811595e-19,1.0,0.4265803386281135,0.13286867808967345,1350,1.830044823682915,0.8883207852490163,574,548.7148622007609,0.7435911858874948,962.0,805.5093555093556,0.6470292378035605,777,1409.1368421052632,1454.5,398.32527672708756,380,0.6645304607900322,0.5565550872278735,0.3678621512786154,7,584.5
coif15,1.0,antireflect,2.1231729100671597e-26,313.97754509928967,6869432.248008562,0.5136054421768708,96.6722327972002,206,smoothed,1.0367435065778778e-13,-2.005752008926724e-10,6.764575794861024,142922.71908011608,0.9962030955154575,0.00014966566451320292,0.9999999999999997,362.4000000000001,,,,[],[],11,426.6,32.20000000000013,728.3999999999994,"[9, 31, 53, 64, 80, 102, 131, 148, 158, 175, 192]","[311.00000000000034, 417.79999999999984, 589.6, 432.20000000000005, 728.3999999999994, 371.0000000000001, 587.0000000000001, 32.20000000000013, 448.20000000000005, 368.0, 407.19999999999993]","[1, 1, 1, 60, 1, 94, 120, 144, 144, 165, 186]","[20, 40, 75, 75, 205, 120, 205, 149, 205, 186, 205]",30736475.839999996,728.3999999999994,-728.3999999999994,0.0,,,,DWT,mdp.39015067403892,0.0,,0.0,15.0,11.0,0.0,33.0,,5.684341886080801e-13,168.4000000000001,987.7999999999984,168.40000000000003,,0.0,168.4000000000001,,,28.000000000000142,0.0,33.0,5.684341886080801e-13,5.684341886080801e-13,,1.1368683772161603e-13,1.7892110584019819e-13,5.734888239268234e-26,0.9577047593526076,0.9090616176667767,0.8809509799272017,0.0036649237722289063,0.9492966589835893,,0.9999996648336812,4.4059791007223055e-09,4.4059791007223055e-09,3.6787269888316428e-09,,1.2251610931599486e-12,0.9999999955939887,3.7929866394817307e-13,,,,,,0.0,0.0,1.0,8.738507799082175e-13,8.738507799082175e-13,0.8999999009954559,0.338329677449555,334,1.850813787510935,0.9395986815515143,5,0,0.24999997274347557,0.35570077879740436,333,0.0,0.5286684199575119,0.9327141755052708,7,189.08441677374333,0.8017983052686128,169.75,11.46610957659338,0.8119316473932163,124,coif,0.5556920286951962,0.9053407607371553,0.33941335169221604,4,94.0,1.126464962091576e-13,0.9999999999705151,1.4228099917687713e-26,0.9447255141786208,0.940606343609866,0.0023077502340431095,0.003007518796992792,0.009246065294808951,0.9999999997236061,2.0315811925852856e-05,4.745454029730922e-11,4.745454029730922e-11,3.962169481397382e-11,,1.2251610931599486e-12,0.0031261328403480726,3.7929866394817307e-13,,,,,0.0,,0.0,0.0,1.0,7.119213119032428e-13,7.119213119032428e-13,1.0,0.30156916120519806,0.08604450842093185,1332,1.7431937889464786,0.8058526081271243,303,727.6128778409574,0.6186515315298966,817.5,493.69541284403664,0.5950962060165206,893,0.4784248188775415,0.776734912893196,0.43208215291776214,2,670.25,,,,,,,,,,,,,7.563511596178695e-19,0.9999999999715843,1.4228099917687713e-26,0.959906089175091,0.2907751110442965,0.0018010771962801379,0.0022752437465314856,0.9999999999999997,0.009246065294808953,0.9999999999999541,9.960751159770619e-05,3.8435400695480126e-14,3.8435400695480126e-14,3.20911916831812e-14,,0.0,9.572760819061336e-19,0.00456704015061846,3.5270643972334666e-18,,,,,0.13043478260869565,,0.0,0.7209302325581395,1.0,2.3854854224057974e-18,2.3854854224057974e-18,1.0,0.42658033862811345,0.13286867808967343,1358,1.826840271233336,0.8867652656729149,614,526.0874452027914,0.7541647452323404,986.0,845.6511156186613,0.6467085408404694,778,986.6382352941176,846.0,585.0035688138154,340,0.4652856568234462,0.8173890317607586,0.42908333069536003,4,584.5
db13,1.0,antireflect,9.538714594838975e-27,319.67689392274144,6235022.28220768,0.6130434782608696,294.57887205867246,206,raw,6.560447977746168e-14,-2.117990227645834e-10,6.484299279339312,97593.27903985165,0.8577093309119928,5.618943883690062e-06,0.9999999999999998,327.0,,,,[],[],13,661.1538461538462,86.99999999999996,939.9999999999997,"[8, 32, 51, 63, 81, 100, 111, 133, 152, 162, 175, 192, 204]","[878.0000000000001, 638.0, 787.0000000000001, 792.0000000000002, 939.9999999999997, 788.0000000000002, 637.0, 675.0000000000002, 771.0000000000002, 195.99999999999994, 834.0, 572.0000000000002, 86.99999999999996]","[0, 13, 42, 42, 76, 99, 107, 107, 107, 161, 164, 187, 203]","[76, 42, 61, 76, 205, 164, 119, 142, 164, 164, 205, 205, 205]",37754613.0,940.9999999999998,-940.9999999999998,0.0,,,,DWT,mdp.39015067403892,0.0,,0.0,33.0,19.0,0.0,28.5,,2.2737367544323206e-13,256.3413461538462,4359.0,256.3413461538462,,0.0,256.3413461538462,,,83.99999999999996,0.0,28.5,3.410605131648481e-13,2.2737367544323206e-13,,0.0,6.454455388293897e-14,5.95334858783234e-27,0.9657574016065532,0.8437848674712589,0.000561635174550081,0.41925465838509324,0.0032266728908892633,0.999999999723437,0.4742280246115508,6.6959667625959335e-09,6.6959667625959335e-09,6.082000342865356e-09,,0.0,0.9999999933040264,4.083889119467411e-13,,,,,,0.0,1.0,1.0,2.847685247612971e-13,2.847685247612971e-13,0.8422684098779766,0.27536483381647564,194,1.5706202246866234,0.7543742128296346,460,0,0.28951900311587403,0.3459225095695913,197,0.0,0.40407315440648084,0.7339369388393282,480,158.6975635183687,0.8336503527061125,332.75,276.0900301428818,0.7424279017199326,258,db,0.540986235965534,0.9305070477545101,0.3421575204977732,3,194.25,6.454455388293897e-14,0.0001547883299646835,5.95334858783234e-27,0.9657574016065532,0.843784867471259,0.0015945341877128191,0.5635240274599544,0.005584740116059894,0.9999999997234369,0.9919828214562009,0.9855281704452468,0.9855281704452468,0.9855281704451347,,0.0,0.9999999999667601,2.275791983689038e-13,,,,,1.0,,0.0,1.0,0.75,2.847685247612971e-13,2.847685247612971e-13,0.0,2.259570199821156,0.6447065287087017,191,1.629834085212207,0.7534481000970733,1193,708.5209947489207,0.6286577595655551,692.0,329.28179190751445,0.6329871607052094,736,0.49117026184683504,0.8233619396015222,0.4091722348267588,4,553.0,,,,,,,,,,,,,4.333765347280306e-19,0.03641360043841641,5.95334858783234e-27,0.9751617827647163,0.26084412485975805,0.0016342972752135005,0.4263163777332009,0.9999999999999998,0.005584740116059894,0.9999999999999541,0.0008499884728391216,0.0007982210227401261,0.0007982210227401261,0.0007982210227337874,,0.0,0.0,0.020163910573049823,2.11623863834008e-18,,,,,0.4782608695652174,,0.0,1.0,0.9302325581395349,9.54194168962319e-19,9.54194168962319e-19,0.9302325581395349,0.5814294660167882,0.18110015290550946,154,1.7000208079975263,0.8252059182139957,1281,796.909342397239,0.62761245682372,717.5,274.9463414634146,0.6461660414959721,779,1009.0473684210526,935.5,610.6543869996938,760,0.4758535102197843,0.8532293215616218,0.41093374637766444,5,585.5
bior2.8,1.0,periodic,4.89670089228463e-27,322.5727567026076,6519703.1939613335,0.6126126126126126,259.4682371623259,206,raw,4.545662659659426e-14,-2.1464974242491335e-10,6.318317017525894,67287.83120003015,0.8322773118945417,5.618943883690066e-06,1.0,327.0000000000001,,,,[],[],13,661.1538461538462,87.00000000000003,939.9999999999999,"[8, 32, 51, 63, 81, 100, 111, 133, 152, 162, 175, 192, 204]","[878.0, 638.0000000000001, 787.0000000000001, 792.0, 939.9999999999999, 788.0000000000001, 637.0000000000001, 675.0, 771.0, 195.99999999999994, 834.0000000000002, 572.0, 87.00000000000003]","[0, 13, 42, 42, 76, 99, 107, 107, 107, 161, 99, 187, 203]","[76, 42, 61, 76, 205, 164, 119, 142, 164, 164, 205, 205, 205]",37754613.0,940.9999999999999,-940.9999999999999,0.0,,,,DWT,mdp.39015067403892,0.0,,0.0,33.0,19.0,0.0,28.5,,1.1368683772161603e-13,256.3413461538462,4359.0,256.3413461538462,,0.0,256.3413461538462,,,84.00000000000003,0.0,24.0,1.1368683772161603e-13,1.1368683772161603e-13,,1.1368683772161603e-13,3.9087391846593675e-14,2.668352315976328e-27,0.9764437908554916,0.7864463224572908,0.0008820101040403264,0.4160231660231657,0.0007730530089192729,0.999999999723394,0.4742280246116333,6.6959667625959335e-09,6.6959667625959335e-09,6.082000342865356e-09,,5.718550876340534e-12,0.9999999933040264,1.3612963731558036e-13,,,,,,0.0,1.0,0.5,1.4238426238064856e-13,1.4238426238064856e-13,0.7922684098806676,0.2590182137502221,387,1.5462489282961642,0.7426685966397891,520,0,0.24785233644964438,0.2961384272003483,385,0.0,0.3975710427715426,0.7221268498559419,537,82.56865829921989,0.9134500437115095,457.25,446.09717293012636,0.717076174895587,308,bior,0.672619891330026,0.76736776154697,0.2989557476048908,5,232.25,3.908739184659367e-14,0.0001547883299646835,2.6683523159763274e-27,0.9764437908554916,0.786446322457291,0.001914578016296637,0.5610953058321477,0.003136924764036025,0.9999999997233939,0.9919828214562021,0.9855281704452468,0.9855281704452468,0.9855281704451347,,1.2251610931599486e-12,0.9999999999667601,7.585973278963461e-14,,,,,1.0,,0.0,1.0,0.5,1.4238426238064856e-13,1.4238426238064856e-13,0.0,2.2345701998216367,0.6375734627748868,397,1.6057860533769208,0.7423310520111565,1270,617.304219975856,0.6764652935137023,833.5,604.9070185962807,0.6198102148910231,785,0.5943810304597339,0.7715092316736338,0.3524805091760961,5,590.0,,,,,,,,,,,,,2.6244752517394144e-19,0.03641360043841643,2.6683523159763274e-27,0.9829132639629634,0.24311872686853392,0.001709136988570643,0.42447900477937,1.0,0.003136924764036025,0.9999999999999541,0.0008499884728391225,0.0007982210227401261,0.0007982210227401261,0.0007982210227337874,,0.0,9.572760819061336e-19,0.020163910573049823,7.054128794466933e-19,,,,,0.4782608695652174,,0.0,1.0,0.8604651162790697,4.770970844811595e-19,4.770970844811595e-19,0.9302325581395349,0.5744527218307418,0.17892707859001003,375,1.6941323422551995,0.8223476021528574,1319,667.5088014401009,0.6880799993270557,847.0,583.9728453364817,0.6461428034018456,780,1104.4,1082.5,563.6960149978129,300,0.520820561188399,0.7876173146100969,0.3991404127850916,6,586.5
db11,1.0,antisymmetric,6.058405799034931e-27,321.6482088733618,6314760.504709872,0.6106194690265486,277.70313911487324,206,raw,5.1022832129763505e-14,-2.1093771174207916e-10,6.452276276138251,98292.44863329956,0.8561830502205933,5.618943883690062e-06,1.0,327.0,,,,[],[],13,661.1538461538462,86.99999999999991,940.0,"[8, 32, 51, 63, 81, 100, 111, 133, 152, 162, 175, 192, 204]","[878.0000000000002, 638.0, 787.0, 792.0, 940.0, 787.9999999999999, 637.0000000000001, 675.0, 771.0000000000002, 196.0, 834.0000000000002, 571.9999999999999, 86.99999999999991]","[0, 13, 42, 42, 76, 99, 107, 107, 107, 161, 99, 187, 203]","[76, 42, 61, 76, 205, 164, 119, 142, 164, 164, 205, 205, 205]",37754613.0,941.0,-941.0,0.0,,,,DWT,mdp.39015067403892,0.0,,0.0,33.0,19.0,0.0,28.5,,0.0,256.3413461538462,4359.0,256.34134615384613,,0.0,256.3413461538462,,,83.99999999999991,0.0,24.0,0.0,0.0,,0.0,4.612038910508327e-14,3.4904516315323435e-27,0.9730320000581948,0.8327225262881361,0.0006513711784656635,0.40107458912768607,0.0032832797565729467,0.99999999972345,0.47422802461150126,6.6959667625959335e-09,6.6959667625959335e-09,6.0819563246244724e-09,,0.0,0.9999999933040264,0.0,,,,,,0.0,1.0,0.5,0.0,0.0,0.7922684098776306,0.25901821374922923,575,1.5622492962113153,0.7503536275347561,483,0,0.24785233644911808,0.29613842719971945,575,0.0,0.401345470766569,0.7289825196729782,502,48.25885065629585,0.9494142026663566,533.75,530.4557089413463,0.694963914750369,356,db,0.540986235965534,0.9305070477545101,0.3421575204977732,3,267.75,4.612038910508326e-14,0.0001547883299646835,3.4904516315323435e-27,0.9730320000581948,0.8327225262881361,0.0016841774513122883,0.5498602701443873,0.005641213066849331,0.9999999997234499,0.9919828214562001,0.9855281704452468,0.9855281704452468,0.9855281704451341,,0.0,0.9999999999667601,0.0,,,,,1.0,,0.0,1.0,0.5,0.0,0.0,0.0,2.2345701998209284,0.6375734627746847,565,1.6232695815775189,0.7504134275273239,1212,457.49808742769625,0.7602211281825492,888.5,770.7146876758582,0.6472751343218826,661,0.49117026184683504,0.8233619396015222,0.4091722348267588,4,496.75,,,,,,,,,,,,,3.096697274710374e-19,0.03641360043841641,3.4904516315323435e-27,0.9804384867859833,0.2574243589738641,0.0016552596420926543,0.4159794919197348,1.0,0.005641213066849331,0.9999999999999541,0.000849988472839121,0.0007982210227401261,0.0007982210227401261,0.0007982210227337869,,0.0,0.0,0.020163910573049823,0.0,,,,,0.4782608695652174,,0.0,1.0,0.8604651162790697,0.0,0.0,0.9302325581395349,0.5744527218307418,0.17892707859001003,246,1.6973752635057087,0.8239217463019366,1297,743.1692270270614,0.6527246602677284,771.5,413.5605962410888,0.6461053207880698,781,1009.0473684210526,935.5,610.6543869996938,760,0.4758535102197843,0.8532293215616218,0.41093374637766444,5,587.0
rbio3.1,1.0,antireflect,1.0753568047723073e-26,316.9318728661442,4908510.66708457,0.6586538461538461,309.84176764979964,206,smoothed,7.883230206697618e-14,-1.878857514014957e-10,6.479363660554114,37763.69443619406,0.7758365539717119,0.0001496656645132028,0.9999999999999999,362.39999999999986,,,,[],[],11,426.59999999999985,32.200000000000074,728.3999999999999,"[9, 31, 53, 64, 80, 102, 131, 148, 158, 175, 192]","[310.99999999999983, 417.79999999999984, 589.5999999999999, 432.1999999999998, 728.3999999999999, 371.0, 586.9999999999999, 32.200000000000074, 448.19999999999993, 367.9999999999999, 407.20000000000005]","[1, 1, 1, 60, 1, 94, 120, 144, 144, 165, 186]","[20, 40, 75, 75, 203, 120, 203, 149, 203, 186, 203]",30736475.83999998,728.3999999999999,-728.3999999999999,0.0,,,,DWT,mdp.39015067403892,1.4901161193847656e-08,,0.0,33.0,11.0,0.0,33.0,,1.1368683772161603e-13,168.39999999999992,987.8000000000002,168.39999999999995,,0.0,168.39999999999992,,,28.000000000000085,0.0,33.0,1.1368683772161603e-13,1.1368683772161603e-13,,1.1368683772161603e-13,1.2434660477084782e-13,2.668349989121894e-26,0.9689294703513298,0.4976704766806539,0.03941192776601728,1.0,0.07723037963743765,,0.9999996647841187,4.405801664454926e-09,4.405801664454926e-09,3.6786382706978885e-09,,1.2251610931599486e-12,0.9999999955941608,7.585973278963461e-14,,,,,,3.1786782849947497e-13,1.0,1.0,1.7477015598164352e-13,1.7477015598164352e-13,0.9999999009802678,0.3759218679624601,94,1.2807910362891457,0.6502164491970367,97,0,0.33333330607254075,0.47426771798402373,89,0.0,0.36903460777650904,0.6510769263517587,76,9.273618495495704,0.9902792258957068,89.0,88.21954560051266,0.9484939106417738,14,rbio,0.7685897546424816,0.816051598246696,0.21717169227625407,5,11.75,8.125813683340064e-14,0.999999999970514,6.81305933392076e-27,0.9556276524653712,0.8420798587745768,0.00010324398019698287,0.8206224696356275,0.0007522170505005186,0.9999999997237973,2.0315811924853655e-05,4.74525418958649e-11,4.74525418958649e-11,3.9620695613251655e-11,,1.2251610931599486e-12,0.003126132840348572,7.585973278963461e-14,,,,,0.0,,1.4749084227875944e-13,1.0,1.0,1.4238426238064856e-13,1.4238426238064856e-13,1.0,0.4015691612048907,0.1145767721566524,1044,2.0230180174117582,0.9352111945079236,3,736.098159215196,0.6142043190696038,523.5,5.982808022922637,0.6699166249436069,498,0.3888041033402703,1.0,0.4278371276618108,3,374.25,,,,,,,,,,,,,5.455978489398743e-19,0.9999999999715835,6.81305933392076e-27,0.9678140661336162,0.26031704560234353,0.001285570876842817,0.6208161173152378,0.9999999999999999,0.000752217050500519,0.9999999999999541,9.960751159770543e-05,3.8433882812438647e-14,3.8433882812438647e-14,3.209043274166046e-14,,0.0,9.572760819061336e-19,0.004567040150618468,7.054128794466933e-19,,,,,0.13043478260869565,,4.666576700876887e-21,1.0,1.0,4.770970844811595e-19,4.770970844811595e-19,1.0,0.4544873153722995,0.14156097535167125,1255,2.0601170816575145,1.0,1,886.7119036079306,0.5856486431738642,628.0,1.998407643312102,0.6460953496243154,782,818.67,599.5,715.6978453131971,300,0.38607403914171184,1.0,0.42974817260080167,3,587.25
bior3.1,1.0,symmetric,7.50811769520643e-27,318.4920880236118,5147123.338853302,0.5240384615384616,62.45583930887094,206,smoothed,6.794996065278627e-14,-1.8957238001604573e-10,6.138729758813057,36638.828018676024,0.993063555423784,0.00014966566451320284,1.0,362.39999999999986,,,,[],[],11,426.59999999999997,32.20000000000002,728.3999999999999,"[9, 31, 53, 64, 80, 102, 131, 148, 158, 175, 192]","[310.99999999999983, 417.79999999999995, 589.5999999999999, 432.19999999999976, 728.3999999999999, 371.0, 586.9999999999999, 32.20000000000002, 448.20000000000005, 367.9999999999999, 407.19999999999993]","[1, 1, 1, 60, 1, 94, 120, 144, 144, 165, 186]","[20, 40, 75, 75, 204, 120, 204, 149, 204, 186, 204]",30736475.83999999,728.3999999999999,-728.3999999999999,0.0,,,,DWT,mdp.39015067403892,7.450580596923828e-09,,0.0,15.0,11.0,0.0,33.0,,1.1368683772161603e-13,168.40000000000003,987.7999999999993,168.39999999999995,,0.0,168.40000000000003,,,28.00000000000003,0.0,33.0,1.1368683772161603e-13,1.1368683772161603e-13,,1.1368683772161603e-13,1.0043962499924359e-13,1.7185366015768857e-26,0.9748573719318121,0.006338753237872835,0.14181371863176334,0.0753291603712502,0.06790204975982607,,0.9999996647345563,4.4059199552998455e-09,4.4059199552998455e-09,3.6786382706978885e-09,,1.2251610931599486e-12,0.9999999955940747,7.585973278963461e-14,,,,,,1.5893391424973748e-13,0.0,1.0,1.7477015598164352e-13,1.7477015598164352e-13,0.8999999009653475,0.3383296774382366,450,0.716283143146366,0.36363393306195785,754,0,0.24999997273507654,0.3557007787854542,448,0.0,0.18089157913323217,0.3191417034152689,788,186.42603537775153,0.8045848685767804,610.0,567.4032056362913,0.5825859353366082,638,bior,0.8100315533562081,0.7923003667562746,0.1952878026237719,6,480.0,6.750810966033503e-14,0.9999999999705145,4.5163637634952784e-27,0.9613851996118431,0.7244079335045222,0.0003714969956557855,0.06181680161943359,0.0006613599445329682,0.9999999997237718,2.0315811923854454e-05,4.745387416349445e-11,4.745387416349445e-11,3.9620695613251655e-11,,1.2251610931599486e-12,0.0031261328403482946,7.585973278963461e-14,,,,,0.0,,7.374542113937972e-14,0.0,1.0,1.4238426238064856e-13,1.4238426238064856e-13,1.0,0.3015691612048542,0.08604450842083375,1395,1.664212099523465,0.7693405457165026,1020,265.1650429449553,0.8610246106158514,1207.5,1178.3850931677018,0.6140814876978629,810,0.5943810304597339,0.7715092316736338,0.3524805091760961,5,608.75,,,,,,,,,,,,,4.532749685387356e-19,0.9999999999715838,4.5163637634952784e-27,0.9719903615514845,0.22394043877883257,0.001348299718929732,0.04676555686229644,1.0,0.0006613599445329677,0.9999999999999541,9.960751159770467e-05,3.8434858594393884e-14,3.8434858594393884e-14,3.209043274166046e-14,,0.0,9.572760819061336e-19,0.004567040150618464,7.054128794466933e-19,,,,,0.13043478260869565,,2.3332883504384434e-21,0.7209302325581395,1.0,4.770970844811595e-19,4.770970844811595e-19,1.0,0.42658033862811345,0.13286867808967343,1387,1.8148093528939608,0.8809253459681109,769,436.9919907732864,0.79579813515267,1078.0,989.4276437847866,0.6460299086978303,783,1104.4,1082.5,563.6960149978129,300,0.520820561188399,0.7876173146100969,0.3991404127850916,6,588.75
coif7,1.0,antireflect,1.425982793801939e-26,317.93064961592495,6753125.696936692,0.6097560975609756,288.91087129602255,206,raw,8.150492147431409e-14,-2.163660361986813e-10,6.625700365829175,128550.10716879785,0.8792504711432709,5.618943883690062e-06,1.0,327.0,,,,[],[],13,661.1538461538463,87.00000000000006,939.9999999999998,"[8, 32, 51, 63, 81, 100, 111, 133, 152, 162, 175, 192, 204]","[878.0000000000002, 638.0000000000003, 787.0000000000002, 792.0000000000003, 939.9999999999998, 788.0, 637.0000000000002, 675.0000000000001, 771.0000000000003, 196.00000000000017, 834.0000000000001, 572.0000000000001, 87.00000000000006]","[0, 13, 42, 42, 76, 99, 107, 107, 107, 161, 164, 187, 203]","[76, 42, 61, 76, 205, 164, 119, 142, 164, 164, 205, 205, 205]",37754613.0,940.9999999999998,-940.9999999999998,0.0,,,,DWT,mdp.39015067403892,0.0,,0.0,33.0,19.0,0.0,28.5,,2.2737367544323206e-13,256.3413461538463,4358.999999999998,256.3413461538463,,0.0,256.3413461538463,,,84.00000000000006,0.0,28.5,2.2737367544323206e-13,2.2737367544323206e-13,,0.0,8.46350378214767e-14,9.294321003063115e-27,0.9593133647840467,0.8926318495170694,0.001144699714915536,0.3945993031358883,0.005733030473241283,0.9999999997233682,0.47422802461166635,6.696054799077647e-09,6.696054799077647e-09,6.082088379347123e-09,,0.0,0.9999999933039181,2.7225927463116073e-13,,,,,,0.0,1.0,1.0,2.847685247612971e-13,2.847685247612971e-13,0.8422684098779684,0.2753648338164729,196,1.582609226819445,0.7601325711548399,424,0,0.28951900311588524,0.3459225095696047,191,0.0,0.40667778091857676,0.7386678435981839,446,139.7339734400097,0.8535283297274532,314.25,267.7683380322263,0.7620629070020913,220,coif,0.5507900112560971,0.8749445204262634,0.351963635992853,2,165.5,8.463503782147669e-14,0.0001547883299646835,9.294321003063115e-27,0.9593133647840467,0.8926318495170695,0.002176996142856865,0.5449935815147625,0.008085168406858094,0.9999999997233681,0.9919828214562026,0.9855281704452481,0.9855281704452481,0.985528170445136,,0.0,0.9999999999667596,1.5171946557926922e-13,,,,,1.0,,0.0,1.0,0.75,2.847685247612971e-13,2.847685247612971e-13,0.0,2.25957019982112,0.6447065287086915,193,1.6442703780574017,0.7601217839495255,1130,662.559053971795,0.6527468270588077,661.5,329.6900982615268,0.6530243569256302,620,0.4784248188775415,0.776734912893196,0.43208215291776214,2,465.5,,,,,,,,,,,,,5.682716387531293e-19,0.03641360043841641,9.294321003063115e-27,0.9704875350738572,0.2759444765903652,0.0017705013881230075,0.4122977517151711,1.0,0.008085168406858093,0.9999999999999541,0.0008499884728391229,0.0007982210227401272,0.0007982210227401272,0.0007982210227337884,,0.0,0.0,0.020163910573049813,1.4108257588933865e-18,,,,,0.4782608695652174,,0.0,1.0,0.9302325581395349,9.54194168962319e-19,9.54194168962319e-19,0.9302325581395349,0.5814294660167882,0.18110015290550946,126,1.7002272582138769,0.8253061310699487,1277,813.8799051457162,0.6196822873150859,701.5,229.36849607982896,0.6459392744986645,784,986.6382352941176,846.0,585.0035688138154,340,0.4652856568234462,0.8173890317607586,0.42908333069536003,4,589.0
bior2.6,1.0,reflect,4.249739214456651e-27,320.9637759388896,5208239.680174681,0.5229357798165137,83.134671543323,206,smoothed,4.363284275420033e-14,-2.1163719665651166e-10,6.241232511047668,34491.24307963176,0.9860527635671622,0.00014966566451320268,0.9999999999999999,362.4,,,,[],[],11,426.6,32.19999999999999,728.4000000000001,"[9, 31, 53, 64, 80, 102, 131, 148, 158, 175, 192]","[311.0000000000001, 417.8000000000001, 589.6, 432.19999999999993, 728.4000000000001, 371.0000000000001, 587.0000000000001, 32.19999999999999, 448.1999999999999, 368.0000000000001, 407.2]","[1, 1, 1, 60, 1, 94, 120, 144, 144, 165, 186]","[20, 40, 75, 75, 204, 120, 204, 149, 204, 186, 204]",30736475.84000001,728.4000000000001,-728.4000000000001,0.0,,,,DWT,mdp.39015067403892,1.4901161193847656e-08,,0.0,15.0,11.0,0.0,33.0,,1.1368683772161603e-13,168.4000000000001,987.7999999999984,168.40000000000006,,0.0,168.4000000000001,,,28.0,0.0,33.0,1.1368683772161603e-13,1.1368683772161603e-13,,0.0,4.701832313242602e-14,7.649396684717948e-27,0.9842483348572179,0.15418913940215034,0.16804209433402773,0.0677548579496513,0.05009248549547728,,0.999999664709775,4.4059791007223055e-09,4.4059791007223055e-09,3.6787565615428943e-09,,0.0,0.9999999955939887,7.585973278963461e-14,,,,,,3.1786782849947497e-13,0.0,1.0,1.7477015598164352e-13,1.7477015598164352e-13,0.8999999009574081,0.338329677435252,545,0.7988035551604853,0.4055268943381047,507,0,0.24999997273293512,0.35570077878240736,550,0.0,0.2034752731483674,0.35898545187462094,559,22.911059920192837,0.9759842139201333,540.25,539.495118788143,0.7048422117818696,323,bior,0.8100315533562081,0.7923003667562746,0.1952878026237719,6,243.75,3.678300932115521e-14,0.9999999999705134,2.210519393482118e-27,0.9705062875819632,0.759817492386583,0.0004402051775463069,0.05560115886045397,0.0004878963675763446,0.9999999997234393,2.0315811923354854e-05,4.745454029730922e-11,4.745454029730922e-11,3.9622027880881205e-11,,0.0,0.0031261328403480726,7.585973278963461e-14,,,,,0.0,,1.4749084227875944e-13,0.0,1.0,1.4238426238064856e-13,1.4238426238064856e-13,1.0,0.301569161204279,0.08604450842066962,1534,1.6848682433029953,0.7788895743122524,895,451.8412331782039,0.7631859364894109,1214.5,1130.4487443392343,0.5633277690832799,1070,0.5943810304597339,0.7715092316736338,0.3524805091760961,5,803.75,,,,,,,,,,,,,2.4697502976598534e-19,0.9999999999715827,2.210519393482118e-27,0.9786064355369019,0.23488680171366663,0.0013643665828362496,0.04206330784154799,0.9999999999999999,0.00048789636757634505,0.9999999999999541,9.960751159770423e-05,3.8435400695480126e-14,3.8435400695480126e-14,3.2091408523615694e-14,,0.0,0.0,0.00456704015061846,7.054128794466933e-19,,,,,0.13043478260869565,,4.666576700876887e-21,0.7209302325581395,1.0,4.770970844811595e-19,4.770970844811595e-19,1.0,0.42658033862811345,0.13286867808967343,1372,1.8223099271454986,0.8845661944996434,678,490.73210614346397,0.7706859317086617,1025.0,907.5278048780489,0.6458569845459197,785,1104.4,1082.5,563.6960149978129,300,0.520820561188399,0.7876173146100969,0.3991404127850916,6,590.25
rbio3.1,1.0,periodic,1.0753568047723073e-26,316.9318728661442,4908715.646656513,0.6586538461538461,309.84176764979964,206,smoothed,7.883230206697618e-14,-1.878857514014957e-10,6.478292414261168,37616.21323502219,0.7753378256770047,0.0001496656645132028,0.9999999999999999,362.39999999999986,,,,[],[],11,426.59999999999985,32.200000000000074,728.3999999999999,"[9, 31, 53, 64, 80, 102, 131, 148, 158, 175, 192]","[310.99999999999983, 417.79999999999984, 589.5999999999999, 432.1999999999998, 728.3999999999999, 371.0, 586.9999999999999, 32.200000000000074, 448.19999999999993, 367.9999999999999, 407.20000000000005]","[1, 1, 1, 60, 1, 94, 120, 144, 144, 165, 186]","[20, 40, 75, 75, 203, 120, 203, 149, 203, 186, 203]",30736475.83999998,728.3999999999999,-728.3999999999999,0.0,,,,DWT,mdp.39015067403892,1.4901161193847656e-08,,0.0,33.0,11.0,0.0,33.0,,1.1368683772161603e-13,168.39999999999992,987.8000000000002,168.39999999999995,,0.0,168.39999999999992,,,28.000000000000085,0.0,33.0,1.1368683772161603e-13,1.1368683772161603e-13,,1.1368683772161603e-13,1.2434660477084782e-13,2.668349989121894e-26,0.9689294703513298,0.49612530667656907,0.03949989574819644,1.0,0.07600734259601438,,0.9999996647841187,4.405801664454926e-09,4.405801664454926e-09,3.6786382706978885e-09,,1.2251610931599486e-12,0.9999999955941608,7.585973278963461e-14,,,,,,3.1786782849947497e-13,1.0,1.0,1.7477015598164352e-13,1.7477015598164352e-13,0.9999999009802678,0.3759218679624601,90,1.2795732204616237,0.6495982032375385,99,0,0.33333330607254075,0.47426771798402373,94,0.0,0.36865171648174777,0.6504014024792903,83,6.757711644237764,0.9929164448173609,91.5,91.1190543601359,0.9485022475659131,13,rbio,0.7685897546424816,0.816051598246696,0.21717169227625407,5,11.0,8.125813683340064e-14,0.999999999970514,6.81305933392076e-27,0.9556276524653712,0.8417097969190627,0.00010347442222620787,0.8206224696356275,0.0007403047781502957,0.9999999997237973,2.0315811924853655e-05,4.74525418958649e-11,4.74525418958649e-11,3.9620695613251655e-11,,1.2251610931599486e-12,0.003126132840348572,7.585973278963461e-14,,,,,0.0,,1.4749084227875944e-13,1.0,1.0,1.4238426238064856e-13,1.4238426238064856e-13,1.0,0.4015691612048907,0.1145767721566524,1042,2.0228283367960755,0.9351235079754059,9,730.4413049657036,0.6171691273764657,525.5,17.845861084681257,0.6708749200823628,493,0.3888041033402703,1.0,0.4278371276618108,3,370.5,,,,,,,,,,,,,5.455978489398743e-19,0.9999999999715835,6.81305933392076e-27,0.9678140661336162,0.2602026462280873,0.0012856247638853792,0.6208161173152378,0.9999999999999999,0.0007403047781502957,0.9999999999999541,9.960751159770543e-05,3.8433882812438647e-14,3.8433882812438647e-14,3.209043274166046e-14,,0.0,9.572760819061336e-19,0.004567040150618468,7.054128794466933e-19,,,,,0.13043478260869565,,4.666576700876887e-21,1.0,1.0,4.770970844811595e-19,4.770970844811595e-19,1.0,0.4544873153722995,0.14156097535167125,1257,2.0600551440049677,0.9999699348871488,6,884.5905832643709,0.5866399143624434,631.5,11.942992874109265,0.6457732282092591,786,818.67,599.5,715.6978453131971,300,0.38607403914171184,1.0,0.42974817260080167,3,590.25
coif7,1.0,antisymmetric,1.4466671228426586e-26,317.8681063511603,6781001.849484598,0.6097560975609756,284.2486174528117,206,raw,8.42087995881706e-14,-2.1599388944082697e-10,6.616825663654449,129315.70671427692,0.885582846276547,5.618943883690062e-06,1.0,327.0,,,,[],[],13,661.1538461538462,87.00000000000009,939.9999999999998,"[8, 32, 51, 63, 81, 100, 111, 133, 152, 162, 175, 192, 204]","[878.0000000000002, 638.0000000000002, 787.0000000000002, 792.0000000000003, 939.9999999999998, 788.0, 637.0000000000002, 675.0000000000001, 771.0000000000003, 196.00000000000017, 834.0, 572.0, 87.00000000000009]","[0, 13, 42, 42, 76, 99, 107, 107, 107, 161, 164, 187, 203]","[76, 42, 61, 76, 205, 164, 119, 142, 164, 164, 205, 205, 205]",37754613.0,940.9999999999998,-940.9999999999998,0.0,,,,DWT,mdp.39015067403892,0.0,,0.0,33.0,19.0,0.0,28.5,,2.2737367544323206e-13,256.3413461538462,4359.0,256.3413461538463,,0.0,256.3413461538462,,,84.00000000000009,0.0,28.5,2.2737367544323206e-13,2.2737367544323206e-13,,0.0,8.805143472754197e-14,9.440697011706125e-27,0.9590825659779634,0.8895660851120567,0.0011760710504644504,0.3945993031358883,0.005795015706930728,0.9999999997233738,0.47422802461169933,6.6959667625959335e-09,6.6959667625959335e-09,6.082088379347123e-09,,0.0,0.9999999933040264,2.7225927463116073e-13,,,,,,0.0,1.0,1.0,2.847685247612971e-13,2.847685247612971e-13,0.8422684098779796,0.2753648338164766,193,1.5809783450945423,0.7593492531393806,428,0,0.28951900311588236,0.34592250956960124,193,0.0,0.4062773800883457,0.7379405768732262,456,144.21396141381967,0.8488323255620339,317.5,268.5983299699794,0.7580115506216878,225,coif,0.5507900112560971,0.8749445204262634,0.351963635992853,2,169.25,8.805143472754197e-14,0.0001547883299646835,9.440697011706125e-27,0.9590825659779633,0.8895660851120568,0.0022083350567751207,0.5449935815147625,0.00814700700204505,0.9999999997233737,0.9919828214562032,0.9855281704452468,0.9855281704452468,0.985528170445136,,0.0,0.9999999999667601,1.5171946557926922e-13,,,,,1.0,,0.0,1.0,0.75,2.847685247612971e-13,2.847685247612971e-13,0.0,2.2595701998211197,0.6447065287086914,197,1.6426394214662825,0.7593678169316129,1140,666.8016946589144,0.6505232208286613,668.5,335.946148092745,0.6500781722591944,639,0.4784248188775415,0.776734912893196,0.43208215291776214,2,479.75,,,,,,,,,,,,,5.912106190905159e-19,0.03641360043841641,9.440697011706125e-27,0.9703201228110003,0.2749967390045415,0.0017778297448201037,0.4122977517151711,1.0,0.00814700700204505,0.9999999999999541,0.0008499884728391233,0.0007982210227401261,0.0007982210227401261,0.0007982210227337884,,0.0,0.0,0.020163910573049823,1.4108257588933865e-18,,,,,0.4782608695652174,,0.0,1.0,0.9302325581395349,9.54194168962319e-19,9.54194168962319e-19,0.9302325581395349,0.5814294660167882,0.18110015290550946,171,1.699681341679674,0.8250411381047122,1289,790.5453813665602,0.6305862703894578,730.0,301.9438356164384,0.6447323875311775,787,986.6382352941176,846.0,585.0035688138154,340,0.4652856568234462,0.8173890317607586,0.42908333069536003,4,591.25
rbio3.1,1.0,antisymmetric,1.0753568047723073e-26,316.9318728661442,4908715.646656513,0.6586538461538461,309.84176764979964,206,smoothed,7.883230206697618e-14,-1.878857514014957e-10,6.478292414261168,37616.21323502219,0.7753378256770047,0.0001496656645132028,0.9999999999999999,362.39999999999986,,,,[],[],11,426.59999999999985,32.200000000000074,728.3999999999999,"[9, 31, 53, 64, 80, 102, 131, 148, 158, 175, 192]","[310.99999999999983, 417.79999999999984, 589.5999999999999, 432.1999999999998, 728.3999999999999, 371.0, 586.9999999999999, 32.200000000000074, 448.19999999999993, 367.9999999999999, 407.20000000000005]","[1, 1, 1, 60, 1, 94, 120, 144, 144, 165, 186]","[20, 40, 75, 75, 203, 120, 203, 149, 203, 186, 203]",30736475.83999998,728.3999999999999,-728.3999999999999,0.0,,,,DWT,mdp.39015067403892,1.4901161193847656e-08,,0.0,33.0,11.0,0.0,33.0,,1.1368683772161603e-13,168.39999999999992,987.8000000000002,168.39999999999995,,0.0,168.39999999999992,,,28.000000000000085,0.0,33.0,1.1368683772161603e-13,1.1368683772161603e-13,,1.1368683772161603e-13,1.2434660477084782e-13,2.668349989121894e-26,0.9689294703513298,0.49612530667656907,0.03949989574819644,1.0,0.07600734259601438,,0.9999996647841187,4.405801664454926e-09,4.405801664454926e-09,3.6786382706978885e-09,,1.2251610931599486e-12,0.9999999955941608,7.585973278963461e-14,,,,,,3.1786782849947497e-13,1.0,1.0,1.7477015598164352e-13,1.7477015598164352e-13,0.9999999009802678,0.3759218679624601,93,1.2795732204616237,0.6495982032375385,104,0,0.33333330607254075,0.47426771798402373,88,0.0,0.36865171648174777,0.6504014024792903,81,9.678154093971983,0.98985518438787,91.5,90.74947873886397,0.9469716173511677,20,rbio,0.7685897546424816,0.816051598246696,0.21717169227625407,5,16.25,8.125813683340064e-14,0.999999999970514,6.81305933392076e-27,0.9556276524653712,0.8417097969190627,0.00010347442222620787,0.8206224696356275,0.0007403047781502957,0.9999999997237973,2.0315811924853655e-05,4.74525418958649e-11,4.74525418958649e-11,3.9620695613251655e-11,,1.2251610931599486e-12,0.003126132840348572,7.585973278963461e-14,,,,,0.0,,1.4749084227875944e-13,1.0,1.0,1.4238426238064856e-13,1.4238426238064856e-13,1.0,0.4015691612048907,0.1145767721566524,1043,2.0228283367960755,0.9351235079754059,10,730.4413049657036,0.6171691273764657,526.5,19.81006647673314,0.6706128655750253,495,0.3888041033402703,1.0,0.4278371276618108,3,372.0,,,,,,,,,,,,,5.455978489398743e-19,0.9999999999715835,6.81305933392076e-27,0.9678140661336162,0.2602026462280873,0.0012856247638853792,0.6208161173152378,0.9999999999999999,0.0007403047781502957,0.9999999999999541,9.960751159770543e-05,3.8433882812438647e-14,3.8433882812438647e-14,3.209043274166046e-14,,0.0,9.572760819061336e-19,0.004567040150618468,7.054128794466933e-19,,,,,0.13043478260869565,,4.666576700876887e-21,1.0,1.0,4.770970844811595e-19,4.770970844811595e-19,1.0,0.4544873153722995,0.14156097535167125,1261,2.0600551440049677,0.9999699348871488,4,888.8332239514903,0.584657371985285,632.5,7.974703557312253,0.6445483121608668,788,818.67,599.5,715.6978453131971,300,0.38607403914171184,1.0,0.42974817260080167,3,591.75
coif16,1.0,symmetric,5.196525477596665e-26,312.3146618596205,8227464.072113048,0.6033333333333334,292.4324283993845,206,raw,1.5487072250305093e-13,-2.305377000411143e-10,6.896034064386923,60052.60060502708,0.7646385834060051,5.61894388369006e-06,1.0,327.0000000000002,,,,[],[],13,661.1538461538463,87.00000000000011,940.0000000000002,"[8, 32, 51, 63, 81, 100, 111, 133, 152, 162, 175, 192, 204]","[878.0000000000002, 638.0000000000006, 787.0, 792.0000000000003, 940.0000000000002, 788.0000000000002, 637.0000000000001, 675.0000000000003, 771.0000000000002, 196.00000000000006, 834.0000000000002, 572.0000000000002, 87.00000000000011]","[0, 13, 39, 39, 76, 99, 107, 107, 107, 161, 164, 187, 203]","[76, 39, 61, 76, 205, 164, 119, 142, 164, 164, 205, 205, 205]",37754613.000000015,941.0000000000002,-941.0000000000002,0.0,,,,DWT,mdp.39015067403892,1.4901161193847656e-08,,0.0,33.0,19.0,0.0,28.5,,2.2737367544323206e-13,256.3413461538463,4358.999999999998,256.34134615384636,,0.0,256.3413461538463,,,84.00000000000011,0.0,24.0,2.2737367544323206e-13,2.2737367544323206e-13,,2.2737367544323206e-13,1.7733400023442462e-13,3.597717773897477e-26,0.9385890985659094,0.9860185811725893,0.0028038943903935494,0.34642857142857175,0.00018726705609760797,0.9999999997231546,0.47422802461173236,6.696054799077647e-09,6.696054799077647e-09,6.082132397588006e-09,,1.1437101752681067e-11,0.9999999933039181,2.7225927463116073e-13,,,,,,1.4749084227875944e-13,1.0,0.5,2.847685247612971e-13,2.847685247612971e-13,0.7922684098837937,0.2590182137512441,256,1.5962110322042198,0.766665564343724,371,0,0.24785233645019322,0.29613842720100403,256,0.0,0.4092534265421117,0.7433461090158625,415,81.11103500757464,0.9149779507258128,324.5,309.65609078731836,0.7874156001008519,160,coif,0.5507900112560971,0.8749445204262634,0.351963635992853,2,120.5,1.7733400023442462e-13,0.0001547883299646835,3.597717773897477e-26,0.9385890985659094,0.9860185811725894,0.003834476074731609,0.5087894736842109,0.0025525246053751255,0.9999999997231545,0.9919828214562036,0.9855281704452481,0.9855281704452481,0.9855281704451366,,2.4503221863198973e-12,0.9999999999667596,1.5171946557926922e-13,,,,,1.0,,1.4749084227875944e-13,1.0,0.5,2.847685247612971e-13,2.847685247612971e-13,0.0,2.2345701998224192,0.6375734627751101,256,1.662663223467345,0.7686245233113033,1033,549.4219689819474,0.7120429931960444,644.5,410.3149728471683,0.6871273666189865,420,0.4784248188775415,0.776734912893196,0.43208215291776214,2,315.5,,,,,,,,,,,,,1.1906875156413323e-18,0.0364136004384164,3.597717773897477e-26,0.9554549776594509,0.3048136602309771,0.0021580899366840543,0.3849086727100531,1.0,0.0025525246053751255,0.999999999999954,0.0008499884728391236,0.0007982210227401272,0.0007982210227401272,0.0007982210227337889,,0.0,1.9145521638122673e-18,0.020163910573049813,1.4108257588933865e-18,,,,,0.4782608695652174,,4.666576700876887e-21,1.0,0.8604651162790697,9.54194168962319e-19,9.54194168962319e-19,0.9302325581395349,0.5744527218307418,0.17892707859001003,353,1.6926674207371792,0.8216365156175031,1322,685.1864709697645,0.6798194060888951,837.5,557.2131343283581,0.6442321329509897,789,986.6382352941176,846.0,585.0035688138154,340,0.4652856568234462,0.8173890317607586,0.42908333069536003,4,592.75
db25,1.0,periodization,2.3477525534275008e-26,315.76526925294286,5899506.184132407,0.616504854368932,302.0020538279466,206,raw,1.0790912170736649e-13,-2.1223012236504536e-10,6.39962258223351,63117.30860590066,0.7614254572994261,5.6189438836900665e-06,0.9999999999999999,327.0000000000001,,,,[],[],13,661.1538461538463,87.00000000000003,940.0000000000002,"[8, 32, 51, 63, 81, 100, 111, 133, 152, 162, 175, 192, 204]","[878.0, 637.9999999999995, 786.9999999999997, 792.0000000000007, 940.0000000000002, 788.0000000000001, 637.0, 675.0000000000002, 771.0, 196.0000000000001, 834.0, 572.0000000000003, 87.00000000000003]","[0, 13, 42, 42, 76, 99, 107, 107, 107, 161, 99, 187, 203]","[76, 42, 61, 76, 205, 164, 119, 142, 164, 164, 205, 205, 205]",37754613.0,941.0000000000002,-941.0000000000002,0.0,,,,DWT,mdp.39015067403892,0.0,,0.0,33.0,19.0,0.0,28.5,,2.2737367544323206e-13,256.3413461538463,4358.999999999998,256.3413461538462,,0.0,256.3413461538463,,,84.00000000000003,0.0,24.0,2.2737367544323206e-13,2.2737367544323206e-13,,1.1368683772161603e-13,1.1799720289875778e-13,1.5817374181931094e-26,0.9513226210265322,0.8145333163983319,0.00018405121361095007,0.4452149791955613,0.00043539500072065665,0.9999999997234306,0.4742280246116333,6.696054799077647e-09,6.696054799077647e-09,6.082000342865356e-09,,5.718550876340534e-12,0.9999999933039181,2.7225927463116073e-13,,,,,,0.0,1.0,0.5,2.847685247612971e-13,2.847685247612971e-13,0.7922684098807914,0.25901821375026257,320,1.5564124059898112,0.747550149394712,493,0,0.24785233644968513,0.29613842720039696,310,0.0,0.4014612953197882,0.7291928972175022,499,104.60879504133484,0.890347175009083,405.5,385.2372451865953,0.7326473820538077,278,db,0.540986235965534,0.9305070477545101,0.3421575204977732,3,209.25,1.1799720289875775e-13,0.0001547883299646835,1.581737418193109e-26,0.9513226210265322,0.8145333163983319,0.0012173404520385632,0.5830352580480325,0.0028000655535788763,0.9999999997234305,0.9919828214562021,0.9855281704452481,0.9855281704452481,0.9855281704451347,,1.2251610931599486e-12,0.9999999999667596,1.5171946557926922e-13,,,,,1.0,,0.0,1.0,0.5,2.847685247612971e-13,2.847685247612971e-13,0.0,2.2345701998217318,0.6375734627749139,311,1.613049466870146,0.7456888202320717,1243,659.0235200658623,0.6545998322505964,777.0,497.51994851994846,0.6236835639240403,769,0.49117026184683504,0.8233619396015222,0.4091722348267588,4,577.75,,,,,,,,,,,,,7.922778270744396e-19,0.03641360043841644,1.581737418193109e-26,0.9646913677666876,0.2518014227036091,0.0015460935089266022,0.4410769855229332,0.9999999999999999,0.0028000655535788763,0.9999999999999541,0.0008499884728391225,0.0007982210227401272,0.0007982210227401272,0.0007982210227337874,,0.0,9.572760819061336e-19,0.020163910573049813,1.4108257588933865e-18,,,,,0.4782608695652174,,0.0,1.0,0.8604651162790697,9.54194168962319e-19,9.54194168962319e-19,0.9302325581395349,0.5744527218307418,0.17892707859001003,339,1.6939634793283918,0.8222656345169832,1320,693.6717523440032,0.675854321334578,829.5,539.4575045207956,0.6441187494523357,790,1009.0473684210526,935.5,610.6543869996938,760,0.4758535102197843,0.8532293215616218,0.41093374637766444,5,593.75
db9,1.0,reflect,6.4327432750935206e-27,321.3878302740425,6233371.674885929,0.5990990990990991,269.6721070808588,206,raw,5.139793660798638e-14,-2.071356419719478e-10,6.443402804054999,61127.54983334267,0.7715992281049335,5.618943883690064e-06,1.0,327.0,,,,[],[],13,661.1538461538462,87.00000000000001,940.0,"[8, 32, 51, 63, 81, 100, 111, 133, 152, 162, 175, 192, 204]","[878.0, 637.9999999999999, 787.0000000000003, 791.9999999999998, 940.0, 788.0, 637.0000000000002, 675.0000000000002, 771.0000000000002, 196.00000000000006, 833.9999999999999, 572.0, 87.00000000000001]","[0, 13, 39, 39, 76, 99, 107, 107, 107, 161, 99, 187, 203]","[76, 39, 61, 76, 205, 164, 119, 142, 164, 164, 205, 205, 205]",37754613.0,941.0,-941.0,0.0,,,,DWT,mdp.39015067403892,0.0,,0.0,33.0,19.0,0.0,28.5,,0.0,256.3413461538462,4359.0,256.3413461538462,,0.0,256.3413461538462,,,84.00000000000001,0.0,19.5,0.0,0.0,,0.0,4.65943401209536e-14,3.755357616749879e-27,0.9720711440798782,0.8296571868180205,0.0005597776098785875,0.3146718146718145,0.00027429816722468817,0.9999999997235073,0.4742280246116168,6.6959667625959335e-09,6.6959667625959335e-09,6.082000342865356e-09,,0.0,0.9999999933040264,0.0,,,,,,0.0,1.0,0.0,0.0,0.0,0.7422684098776784,0.24267159368211155,923,1.5243296136869091,0.7321406756031037,576,0,0.20618566978246472,0.24635434482997018,923,0.0,0.38965427763379634,0.7077472596571276,611,190.7727705937092,0.8000285423546025,758.25,722.0712464149226,0.5026086107999428,870,db,0.540986235965534,0.9305070477545101,0.3421575204977732,3,653.25,4.659434012095359e-14,0.0001547883299646835,3.7553576167498785e-27,0.9720711440798782,0.8296571868180206,0.0015926785427962436,0.4849217638691323,0.0026393498269532607,0.9999999997235072,0.9919828214562019,0.9855281704452468,0.9855281704452468,0.9855281704451347,,0.0,0.9999999999667601,0.0,,,,,1.0,,0.0,1.0,0.25,0.0,0.0,0.0,2.209570199820929,0.6304403968407328,930,1.5939385009951756,0.7368541044409599,1316,272.94321753800733,0.8569479991939165,1123.0,1089.8308103294746,0.6341867878569163,730,0.49117026184683504,0.8233619396015222,0.4091722348267588,4,548.5,,,,,,,,,,,,,3.128520137606171e-19,0.036413600438416426,3.7553576167498785e-27,0.979741520123377,0.2564767527506373,0.001633863347353483,0.3668523075910439,1.0,0.0026393498269532607,0.9999999999999541,0.0008499884728391223,0.0007982210227401261,0.0007982210227401261,0.0007982210227337874,,0.0,0.0,0.020163910573049823,0.0,,,,,0.4782608695652174,,0.0,1.0,0.7906976744186046,0.0,0.0,0.9302325581395349,0.5674759776446953,0.17675400427451057,916,1.6756209632217272,0.8133620065290502,1419,355.6747109368334,0.8337968640482087,1167.5,1113.3224839400427,0.6441180581923287,791,1009.0473684210526,935.5,610.6543869996938,760,0.4758535102197843,0.8532293215616218,0.41093374637766444,5,594.5
db11,1.0,symmetric,6.275488066001769e-27,321.49531738832343,6314756.263395696,0.6106194690265486,277.70313911487324,206,raw,5.22473111161462e-14,-2.1113633064118463e-10,6.452280609817922,60857.44805996698,0.7675197541665003,5.618943883690066e-06,1.0,327.0,,,,[],[],13,661.1538461538462,86.99999999999996,940.0,"[8, 32, 51, 63, 81, 100, 111, 133, 152, 162, 175, 192, 204]","[878.0000000000002, 638.0000000000001, 787.0, 792.0, 940.0, 787.9999999999999, 637.0000000000001, 675.0, 771.0000000000002, 196.0, 834.0000000000002, 572.0, 86.99999999999996]","[0, 13, 42, 42, 76, 99, 107, 107, 107, 161, 99, 187, 203]","[76, 42, 61, 76, 205, 164, 119, 142, 164, 164, 205, 205, 205]",37754613.0,941.0,-941.0,0.0,,,,DWT,mdp.39015067403892,0.0,,0.0,33.0,19.0,0.0,28.5,,0.0,256.3413461538462,4359.0,256.3413461538462,,0.0,256.3413461538462,,,83.99999999999996,0.0,24.0,0.0,0.0,,0.0,4.766753954769445e-14,3.6440734179737996e-27,0.9724677958654658,0.832724023357065,0.0006513664053647138,0.40107458912768607,0.00025242991816224944,0.999999999723447,0.4742280246115508,6.6959667625959335e-09,6.6959667625959335e-09,6.082000342865356e-09,,0.0,0.9999999933040264,0.0,,,,,,0.0,1.0,0.5,0.0,0.0,0.7922684098776586,0.25901821374923834,564,1.5606991799082268,0.7496091014249067,486,0,0.2478523364491259,0.2961384271997288,564,0.0,0.4008962755496548,0.7281666254249984,506,40.099875311526844,0.9579665877237664,530.0,527.7046912452917,0.7012055160841054,339,db,0.540986235965534,0.9305070477545101,0.3421575204977732,3,255.0,4.766753954769444e-14,0.0001547883299646835,3.6440734179737996e-27,0.9724677958654658,0.8327240233570651,0.0016841726831442405,0.5498602701443873,0.0026175333116200293,0.9999999997234469,0.9919828214562009,0.9855281704452468,0.9855281704452468,0.9855281704451347,,0.0,0.9999999999667601,0.0,,,,,1.0,,0.0,1.0,0.5,0.0,0.0,0.0,2.2345701998209284,0.6375734627746847,569,1.6217223333101696,0.749698157624706,1218,458.91230099006935,0.7594799261058337,893.5,775.6485730274203,0.6455942607468372,669,0.49117026184683504,0.8233619396015222,0.4091722348267588,4,502.75,,,,,,,,,,,,,3.2005788041633197e-19,0.03641360043841643,3.6440734179737996e-27,0.9800292355328207,0.2574248217714914,0.0016552585270943384,0.4159794919197348,1.0,0.0026175333116200293,0.9999999999999541,0.0008499884728391216,0.0007982210227401261,0.0007982210227401261,0.0007982210227337874,,0.0,0.0,0.020163910573049823,0.0,,,,,0.4782608695652174,,0.0,1.0,0.8604651162790697,0.0,0.0,0.9302325581395349,0.5744527218307418,0.17892707859001003,255,1.6959204716930338,0.8232155768198097,1307,743.876333808248,0.6523942365382018,781.0,426.741357234315,0.6437204827550822,792,1009.0473684210526,935.5,610.6543869996938,760,0.4758535102197843,0.8532293215616218,0.41093374637766444,5,595.25
coif13,1.0,periodic,2.3113138186398155e-26,313.6088095842879,6146686.379010778,0.5177304964539007,99.17676600023445,206,smoothed,1.0262772293263146e-13,-2.1976378494770247e-10,6.678328705147619,29720.175057079592,0.978851394309254,0.0001496656645132026,0.9999999999999999,362.40000000000003,,,,[],[],11,426.60000000000014,32.2000000000001,728.4000000000001,"[9, 31, 53, 64, 80, 102, 131, 148, 158, 175, 192]","[311.0000000000001, 417.8000000000003, 589.6000000000003, 432.19999999999993, 728.4000000000001, 371.00000000000006, 586.9999999999998, 32.2000000000001, 448.2000000000001, 368.0000000000001, 407.20000000000016]","[1, 1, 1, 60, 1, 94, 120, 144, 144, 165, 186]","[20, 40, 75, 75, 205, 120, 205, 149, 205, 186, 205]",30736475.84000001,728.4000000000001,-728.4000000000001,0.0,,,,DWT,mdp.39015067403892,1.4901161193847656e-08,,0.0,15.0,11.0,0.0,33.0,,1.1368683772161603e-13,168.4000000000002,987.7999999999975,168.4000000000001,,0.0,168.4000000000002,,,28.000000000000114,0.0,33.0,1.1368683772161603e-13,1.1368683772161603e-13,,5.684341886080802e-14,1.766218113316574e-13,6.285501357008951e-26,0.9563037808839027,0.7846584651496066,0.5707810682557659,0.03199985304315489,0.01052681290557897,,0.9999996648089,4.406097391567225e-09,4.406097391567225e-09,3.6787861342541454e-09,,6.125805465799743e-13,0.9999999955939026,7.585973278963461e-14,,,,,,3.1786782849947497e-13,0.0,1.0,1.7477015598164352e-13,1.7477015598164352e-13,0.8999999009874887,0.33832967744655995,354,1.2685127016125743,0.6439831332623905,109,0,0.2499999727412616,0.35570077879425427,352,0.0,0.33632428289116945,0.5933670602916845,113,139.73069335928548,0.853531767967206,232.0,168.85020019099653,0.8051725925789908,132,coif,0.5556920286951962,0.9053407607371553,0.33941335169221604,4,100.0,1.1132406392062287e-13,0.9999999999705127,1.555950956627339e-26,0.9433647966506311,0.9108123006692121,0.0014952252439329483,0.026259798432250903,0.00010253022440364799,0.9999999997233169,2.0315811925353255e-05,4.745570603148508e-11,4.745570603148508e-11,3.962224992548613e-11,,6.125805465799743e-13,0.003126132840347795,7.585973278963461e-14,,,,,0.0,,1.4749084227875944e-13,0.0,1.0,1.4238426238064856e-13,1.4238426238064856e-13,1.0,0.30156916120458654,0.08604450842075737,1451,1.732717572290127,0.8010096087031027,417,731.1484117468901,0.6167985263381079,934.0,647.8233404710921,0.5636403533158045,1067,0.4784248188775415,0.776734912893196,0.43208215291776214,2,800.75,,,,,,,,,,,,,7.474718493098758e-19,0.9999999999715822,1.555950956627339e-26,0.9589190788679954,0.2815647052210922,0.0016110746656128917,0.019866024520909575,0.9999999999999999,0.00010253022440364799,0.9999999999999541,9.960751159770586e-05,3.843648489765261e-14,3.843648489765261e-14,3.209173378426744e-14,,0.0,4.786380409530668e-19,0.004567040150618456,7.054128794466933e-19,,,,,0.13043478260869565,,4.666576700876887e-21,0.7209302325581395,1.0,4.770970844811595e-19,4.770970844811595e-19,1.0,0.42658033862811345,0.13286867808967343,1375,1.8249267591537313,0.8858364291050121,643,517.6021638285528,0.7581298299866576,1009.0,876.2388503468782,0.643317251441927,793,986.6382352941176,846.0,585.0035688138154,340,0.4652856568234462,0.8173890317607586,0.42908333069536003,4,595.75
coif7,1.0,symmetric,1.3215951410308022e-26,318.260808135999,6781411.464073779,0.6097560975609756,284.2486174528117,206,raw,8.019043897088655e-14,-2.1704160690916573e-10,6.616425990468378,59730.006987684064,0.7523387203905616,5.618943883690062e-06,1.0,327.00000000000006,,,,[],[],13,661.1538461538463,87.00000000000006,939.9999999999998,"[8, 32, 51, 63, 81, 100, 111, 133, 152, 162, 175, 192, 204]","[878.0000000000002, 638.0000000000002, 787.0000000000002, 792.0000000000003, 939.9999999999998, 788.0, 637.0000000000002, 675.0000000000001, 771.0000000000003, 196.00000000000017, 834.0000000000001, 572.0000000000001, 87.00000000000006]","[0, 13, 42, 42, 76, 99, 107, 107, 107, 161, 164, 187, 203]","[76, 42, 61, 76, 205, 164, 119, 142, 164, 164, 205, 205, 205]",37754613.0,940.9999999999998,-940.9999999999998,0.0,,,,DWT,mdp.39015067403892,0.0,,0.0,33.0,19.0,0.0,28.5,,2.2737367544323206e-13,256.3413461538463,4358.999999999998,256.3413461538463,,0.0,256.3413461538463,,,84.00000000000006,0.0,28.5,2.2737367544323206e-13,2.2737367544323206e-13,,5.684341886080802e-14,8.297416637362079e-14,8.555604850647858e-27,0.9605317244673491,0.8894280180757358,0.0011765320235740226,0.3945993031358883,0.00016114891003050458,0.999999999723358,0.47422802461166635,6.696054799077647e-09,6.696054799077647e-09,6.082088379347123e-09,,2.859275438170267e-12,0.9999999933039181,2.7225927463116073e-13,,,,,,0.0,1.0,1.0,2.847685247612971e-13,2.847685247612971e-13,0.842268409879398,0.2753648338169403,161,1.5795254904378,0.7586514421276483,433,0,0.2895190031161236,0.3459225095698895,155,0.0,0.4057370907920024,0.7369592241950749,466,168.85373354869395,0.8230044721711803,303.75,233.66963812511273,0.7523041228780429,238,coif,0.5507900112560971,0.8749445204262634,0.351963635992853,2,179.0,8.297416637362078e-14,0.0001547883299646835,8.555604850647858e-27,0.9605317244673491,0.8894280180757359,0.0022087955534784566,0.5449935815147625,0.0025264682470209836,0.9999999997233578,0.9919828214562026,0.9855281704452481,0.9855281704452481,0.985528170445136,,6.125805465799743e-13,0.9999999999667596,1.5171946557926922e-13,,,,,1.0,,0.0,1.0,0.75,2.847685247612971e-13,2.847685247612971e-13,0.0,2.259570199821426,0.6447065287087788,161,1.6411918977880875,0.7586986482259901,1145,695.7930726875628,0.6353285782559943,653.0,282.30474732006127,0.6465426958365925,664,0.4784248188775415,0.776734912893196,0.43208215291776214,2,498.5,,,,,,,,,,,,,5.571199199883524e-19,0.03641360043841641,8.555604850647858e-27,0.9713712846695177,0.27495405753838886,0.0017779374283253037,0.4122977517151711,1.0,0.002526468247020983,0.9999999999999541,0.0008499884728391229,0.0007982210227401272,0.0007982210227401272,0.0007982210227337884,,0.0,4.786380409530668e-19,0.020163910573049813,1.4108257588933865e-18,,,,,0.4782608695652174,,0.0,1.0,0.9302325581395349,9.54194168962319e-19,9.54194168962319e-19,0.9302325581395349,0.5814294660167882,0.18110015290550946,177,1.698042536401451,0.8242456467742367,1296,791.2524881477467,0.6302558466599315,736.5,311.4623217922607,0.6430484840776293,794,986.6382352941176,846.0,585.0035688138154,340,0.4652856568234462,0.8173890317607586,0.42908333069536003,4,596.5
db13,1.0,constant,9.244722219034957e-27,319.81285380634904,5962697.645269999,0.6173913043478261,251.27723435479245,206,raw,6.457833189450717e-14,-2.1144253015137627e-10,6.334086868160129,66342.46897834635,0.7988899656998106,5.618943883690062e-06,0.9999999999999998,327.00000000000006,,,,[],[],13,661.1538461538462,86.99999999999994,939.9999999999997,"[8, 32, 51, 63, 81, 100, 111, 133, 152, 162, 175, 192, 204]","[877.9999999999999, 638.0, 787.0000000000001, 792.0000000000002, 939.9999999999997, 788.0000000000002, 637.0, 675.0000000000002, 771.0000000000002, 195.99999999999994, 834.0, 572.0000000000002, 86.99999999999994]","[0, 13, 42, 42, 76, 99, 107, 107, 107, 161, 164, 187, 203]","[76, 42, 61, 76, 205, 164, 119, 142, 164, 164, 205, 205, 205]",37754613.0,940.9999999999998,-940.9999999999998,0.0,,,,DWT,mdp.39015067403892,0.0,,0.0,33.0,19.0,0.0,28.5,,2.2737367544323206e-13,256.3413461538462,4359.0,256.3413461538462,,0.0,256.3413461538462,,,83.99999999999994,0.0,28.5,3.410605131648481e-13,2.2737367544323206e-13,,5.684341886080802e-14,6.32479982303282e-14,5.745300115692143e-27,0.9662591243568758,0.7918940147623341,0.0002551657810810037,0.45186335403726696,0.000696513650218928,0.9999999997234423,0.47422802461153424,6.6959667625959335e-09,6.6959667625959335e-09,6.082000342865356e-09,,2.859275438170267e-12,0.9999999933040264,4.083889119467411e-13,,,,,,0.0,1.0,1.0,2.847685247612971e-13,2.847685247612971e-13,0.8422684098794013,0.27536483381694143,160,1.5568540118502234,0.7477622541849682,492,0,0.2895190031161109,0.3459225095698743,160,0.0,0.40137102153891024,0.7290289287338935,500,194.0171813697608,0.7966276924845275,328.0,241.9473813621834,0.7264060894288465,291,db,0.540986235965534,0.9305070477545101,0.3421575204977732,3,219.0,6.32479982303282e-14,0.0001547883299646835,5.745300115692143e-27,0.9662591243568758,0.7918940147623341,0.0012883815240644287,0.5880320366132723,0.00306056647453996,0.9999999997234422,0.9919828214562006,0.9855281704452468,0.9855281704452468,0.9855281704451347,,6.125805465799743e-13,0.9999999999667601,2.275791983689038e-13,,,,,1.0,,0.0,1.0,0.75,2.847685247612971e-13,2.847685247612971e-13,0.0,2.2595701998214626,0.6447065287087892,158,1.6128301503808349,0.7455874334751675,1244,767.9179643685906,0.597527272343506,701.0,280.3880171184023,0.6150634265281472,805,0.49117026184683504,0.8233619396015222,0.4091722348267588,4,604.75,,,,,,,,,,,,,4.2467096993584727e-19,0.03641360043841641,5.745300115692143e-27,0.975525712467749,0.24480280368312865,0.0015627059007059596,0.4448571411764014,0.9999999999999998,0.00306056647453996,0.9999999999999541,0.0008499884728391214,0.0007982210227401261,0.0007982210227401261,0.0007982210227337874,,0.0,4.786380409530668e-19,0.020163910573049823,2.11623863834008e-18,,,,,0.4782608695652174,,0.0,1.0,0.9302325581395349,9.54194168962319e-19,9.54194168962319e-19,0.9302325581395349,0.5814294660167882,0.18110015290550946,141,1.6985893454644496,0.8245110729812553,1291,813.1727983645296,0.6200127110446123,716.0,254.23324022346367,0.6427166358961379,795,1009.0473684210526,935.5,610.6543869996938,760,0.4758535102197843,0.8532293215616218,0.41093374637766444,5,597.5
db14,1.0,antisymmetric,8.020678153662848e-27,320.42968157131145,6366692.425802919,0.5991379310344828,283.0602228609067,206,raw,5.80851440300975e-14,-2.1091584034849407e-10,6.513733026025646,105102.04974630981,0.8701387322933684,5.618943883690066e-06,1.0,326.99999999999994,,,,[],[],13,661.1538461538462,87.00000000000009,940.0,"[8, 32, 51, 63, 81, 100, 111, 133, 152, 162, 175, 192, 204]","[878.0, 637.9999999999999, 787.0, 791.9999999999999, 940.0, 788.0, 637.0, 675.0, 771.0000000000002, 196.0000000000001, 834.0000000000002, 572.0000000000001, 87.00000000000009]","[0, 13, 39, 39, 76, 99, 107, 107, 107, 161, 99, 187, 203]","[76, 39, 61, 76, 205, 164, 119, 142, 164, 164, 205, 205, 205]",37754613.0,941.0,-941.0,0.0,,,,DWT,mdp.39015067403892,0.0,,0.0,33.0,19.0,0.0,28.5,,0.0,256.3413461538462,4359.0,256.3413461538462,,0.0,256.3413461538462,,,84.00000000000009,0.0,19.5,0.0,0.0,,5.684341886080802e-14,5.5043742714228043e-14,4.879085483640919e-27,0.9685353584525555,0.8539527504176985,0.0007098144560847652,0.31496305418719206,0.003834605470928909,0.9999999997234503,0.47422802461169933,6.6959667625959335e-09,6.6959667625959335e-09,6.082000342865356e-09,,2.859275438170267e-12,0.9999999933040264,0.0,,,,,,0.0,1.0,0.0,0.0,0.0,0.7422684098791328,0.24267159368258703,841,1.53597156126107,0.7377323424484825,544,0,0.20618566978270988,0.2463543448302631,839,0.0,0.39274944783849564,0.7133691618311545,590,158.7335293292924,0.8336126526946621,703.5,676.3490195488334,0.5480956345234317,710,db,0.540986235965534,0.9305070477545101,0.3421575204977732,3,533.25,5.504374271422803e-14,0.0001547883299646835,4.879085483640918e-27,0.9685353584525555,0.8539527504176985,0.0017425603290048882,0.48514065335753187,0.006191234509650207,0.9999999997234502,0.9919828214562032,0.9855281704452468,0.9855281704452468,0.9855281704451347,,6.125805465799743e-13,0.9999999999667601,0.0,,,,,1.0,,0.0,1.0,0.25,0.0,0.0,0.0,2.209570199821236,0.6304403968408203,844,1.605548061980144,0.7422210321217899,1272,302.64170234784234,0.8413827555828919,1058.0,1014.7145557655955,0.6434377090283432,684,0.49117026184683504,0.8233619396015222,0.4091722348267588,4,514.0,,,,,,,,,,,,,3.6958449692312334e-19,0.03641360043841643,4.879085483640918e-27,0.9771768020345288,0.26398738166737173,0.0016689120154279365,0.36701790154848174,1.0,0.006191234509650207,0.9999999999999541,0.0008499884728391233,0.0007982210227401261,0.0007982210227401261,0.0007982210227337874,,0.0,4.786380409530668e-19,0.020163910573049823,0.0,,,,,0.4782608695652174,,0.0,1.0,0.7906976744186046,0.0,0.0,0.9302325581395349,0.5674759776446953,0.17675400427451057,819,1.6793419626168764,0.8151682142578631,1408,416.4858941188765,0.8053804233089362,1113.5,1035.610237988325,0.642526660252599,796,1009.0473684210526,935.5,610.6543869996938,760,0.4758535102197843,0.8532293215616218,0.41093374637766444,5,598.25
db10,1.0,zero,6.015072061153955e-27,321.67938412256945,5968107.88575745,0.6116071428571429,245.8574000519556,206,raw,5.129014796481888e-14,-2.1085944101884304e-10,6.326060741981432,66925.00681600766,0.7973210464886603,5.618943883690066e-06,0.9999999999999999,327.0,,,,[],[],13,661.1538461538462,87.00000000000017,940.0000000000002,"[8, 32, 51, 63, 81, 100, 111, 133, 152, 162, 175, 192, 204]","[878.0, 638.0, 787.0000000000001, 792.0, 940.0000000000002, 788.0, 637.0, 675.0000000000001, 771.0000000000001, 196.00000000000006, 833.9999999999998, 571.9999999999999, 87.00000000000017]","[0, 13, 42, 42, 76, 99, 107, 107, 107, 161, 99, 187, 203]","[76, 42, 61, 76, 205, 164, 119, 142, 164, 164, 205, 205, 205]",37754613.0,941.0000000000002,-941.0000000000002,0.0,,,,DWT,mdp.39015067403892,0.0,,0.0,33.0,19.0,0.0,28.5,,2.2737367544323206e-13,256.3413461538462,4359.0,256.34134615384613,,0.0,256.3413461538462,,,84.00000000000017,0.0,24.0,2.2737367544323206e-13,2.2737367544323206e-13,,0.0,4.64581473003012e-14,3.4597858092177175e-27,0.9731470437855019,0.789121390795429,0.00026125437129948735,0.4084821428571432,0.000743677659410947,0.9999999997234512,0.4742280246117984,6.6959667625959335e-09,6.6959667625959335e-09,6.0819563246244724e-09,,0.0,0.9999999933040264,2.7225927463116073e-13,,,,,,0.0,1.0,0.5,2.847685247612971e-13,2.847685247612971e-13,0.7922684098779698,0.2590182137493401,490,1.5422698769506815,0.740757444803478,525,0,0.247852336449213,0.29613842719983285,490,0.0,0.39646943864903517,0.7201259548480232,544,26.837473800639284,0.9718684760999589,512.25,511.20629035351277,0.7174593952826838,306,db,0.540986235965534,0.9305070477545101,0.3421575204977732,3,230.25,4.645814730030119e-14,0.0001547883299646835,3.4597858092177175e-27,0.9731470437855019,0.7891213907954291,0.0012944638218500325,0.5554276315789477,0.003107618907808689,0.9999999997234511,0.9919828214562046,0.9855281704452468,0.9855281704452468,0.9855281704451341,,0.0,0.9999999999667601,1.5171946557926922e-13,,,,,1.0,,0.0,1.0,0.5,2.847685247612971e-13,2.847685247612971e-13,0.0,2.2345701998211194,0.6375734627747391,489,1.602556690163027,0.7408381653424408,1284,562.1498910433053,0.7053721745056052,886.5,708.2639593908629,0.6203747664980857,783,0.49117026184683504,0.8233619396015222,0.4091722348267588,4,588.25,,,,,,,,,,,,,3.119375636774045e-19,0.03641360043841643,3.4597858092177175e-27,0.9805219349243979,0.24394568630630253,0.001564128197848328,0.42019130409571515,0.9999999999999999,0.003107618907808689,0.9999999999999541,0.0008499884728391244,0.0007982210227401261,0.0007982210227401261,0.0007982210227337869,,0.0,0.0,0.020163910573049823,1.4108257588933865e-18,,,,,0.4782608695652174,,0.0,1.0,0.8604651162790697,9.54194168962319e-19,9.54194168962319e-19,0.9302325581395349,0.5744527218307418,0.17892707859001003,377,1.6913117175396302,0.820978444671138,1333,675.9940828143394,0.6841149145727385,855.0,587.7672514619884,0.6422911021461823,797,1009.0473684210526,935.5,610.6543869996938,760,0.4758535102197843,0.8532293215616218,0.41093374637766444,5,599.0
coif14,1.0,antisymmetric,2.5878624119415864e-26,313.11798691632015,6655753.146937447,0.5208333333333334,97.90272507870348,206,smoothed,1.1364803381007572e-13,-2.1540511596640544e-10,6.713234222800307,135991.4501676076,0.9958889576387664,0.00014966566451320252,0.9999999999999997,362.4000000000002,,,,[],[],11,426.60000000000014,32.200000000000045,728.4,"[9, 31, 53, 64, 80, 102, 131, 148, 158, 175, 192]","[311.0000000000008, 417.79999999999984, 589.6000000000001, 432.20000000000005, 728.4, 371.00000000000017, 587.0000000000001, 32.200000000000045, 448.1999999999998, 367.99999999999983, 407.2000000000004]","[0, 0, 0, 60, 0, 94, 120, 144, 144, 165, 186]","[20, 40, 75, 75, 203, 120, 203, 149, 203, 186, 203]",30736475.840000004,728.4,-728.4,0.0,,,,DWT,mdp.39015067403892,7.450580596923828e-09,,0.0,33.0,11.0,0.0,33.0,,0.0,168.4000000000002,987.7999999999975,168.40000000000012,,0.0,168.4000000000002,,,28.000000000000057,0.0,15.0,0.0,0.0,,2.2737367544323206e-13,2.0083189068832154e-13,7.094848374198964e-26,0.9544389429125135,0.8350063255895076,0.789249552429367,0.053313187999137174,0.8918168001493502,,0.9999996647593375,4.406097391567225e-09,4.406097391567225e-09,3.678815706965397e-09,,2.4503221863198973e-12,0.9999999955939026,0.0,,,,,,1.5893391424973748e-13,1.0,0.0,0.0,0.0,0.8999999009733604,0.3383296774412488,371,1.7628433000164008,0.8949388920994001,13,0,0.24999997273723829,0.3557007787885299,371,0.0,0.5034035441542967,0.8881400967170336,14,206.40312497634332,0.783644523085594,192.25,26.017532029669585,0.7910623034715182,164,coif,0.5556920286951962,0.9053407607371553,0.33941335169221604,4,124.0,1.252484179041235e-13,0.9999999999705123,1.7516550532101317e-26,0.941553549889019,0.922870405995035,0.002067528024644236,0.043750000000000455,0.00868621656587019,0.9999999997233826,2.0315811924354055e-05,4.745570603148508e-11,4.745570603148508e-11,3.962258299239352e-11,,2.4503221863198973e-12,0.003126132840347795,0.0,,,,,0.0,,7.374542113937972e-14,1.0,0.0,0.0,0.0,1.0,0.30156916120537347,0.0860445084209819,1323,1.7483755834501435,0.8082480747941326,256,754.4829355260462,0.6045686920723028,789.5,428.9905003166561,0.5953923124931745,889,0.4784248188775415,0.776734912893196,0.43208215291776214,2,667.25,,,,,,,,,,,,,8.409652258175264e-19,0.9999999999715816,1.7516550532101317e-26,0.9576052725962074,0.28529229746934764,0.0017449031360803713,0.03309768637532168,0.9999999999999997,0.00868621656587019,0.9999999999999541,9.960751159770499e-05,3.843648489765261e-14,3.843648489765261e-14,3.209195062470194e-14,,0.0,1.9145521638122673e-18,0.004567040150618456,0.0,,,,,0.13043478260869565,,2.3332883504384434e-21,1.0,0.7209302325581395,0.0,0.0,1.0,0.42658033862811345,0.13286867808967343,1353,1.8347953250283713,0.890626722803611,485,613.7686860699232,0.713192202771064,919.0,714.0424374319913,0.6418764752173077,798,986.6382352941176,846.0,585.0035688138154,340,0.4652856568234462,0.8173890317607586,0.42908333069536003,4,599.5
db13,1.0,zero,9.574849019604341e-27,319.6604731230468,5963816.515220107,0.6173913043478261,251.27723435479245,206,raw,6.54406410398471e-14,-2.114302066758029e-10,6.330612771812714,67760.99848771266,0.8031194178740566,5.618943883690062e-06,0.9999999999999998,327.00000000000006,,,,[],[],13,661.1538461538462,86.99999999999994,939.9999999999997,"[8, 32, 51, 63, 81, 100, 111, 133, 152, 162, 175, 192, 204]","[878.0, 638.0, 787.0000000000001, 792.0000000000002, 939.9999999999997, 788.0000000000002, 637.0, 675.0000000000002, 771.0000000000002, 195.99999999999994, 834.0, 572.0000000000002, 86.99999999999994]","[0, 13, 42, 42, 76, 99, 107, 107, 107, 161, 164, 187, 203]","[76, 42, 61, 76, 205, 164, 119, 142, 164, 164, 205, 205, 205]",37754613.0,940.9999999999998,-940.9999999999998,0.0,,,,DWT,mdp.39015067403892,0.0,,0.0,33.0,19.0,0.0,28.5,,2.2737367544323206e-13,256.3413461538462,4359.0,256.3413461538462,,0.0,256.3413461538462,,,83.99999999999994,0.0,28.5,3.410605131648481e-13,2.2737367544323206e-13,,5.684341886080802e-14,6.433754079554735e-14,5.978919699476102e-27,0.965696805138193,0.7906938887511399,0.000256424937794976,0.45186335403726696,0.0008113620506035235,0.9999999997234426,0.47422802461153424,6.6959667625959335e-09,6.6959667625959335e-09,6.082000342865356e-09,,2.859275438170267e-12,0.9999999933040264,4.083889119467411e-13,,,,,,0.0,1.0,1.0,2.847685247612971e-13,2.847685247612971e-13,0.8422684098794013,0.27536483381694143,159,1.5559631262519278,0.7473343588151187,494,0,0.2895190031161109,0.3459225095698743,161,0.0,0.40116522932981313,0.7286551387348931,503,195.46930705356277,0.7951055481618838,329.25,242.23557220040288,0.7249898809991809,294,db,0.540986235965534,0.9305070477545101,0.3421575204977732,3,221.25,6.433754079554734e-14,0.0001547883299646835,5.978919699476102e-27,0.965696805138193,0.79069388875114,0.001289639379465811,0.5880320366132723,0.00317514317799864,0.9999999997234424,0.9919828214562006,0.9855281704452468,0.9855281704452468,0.9855281704451347,,6.125805465799743e-13,0.9999999999667601,2.275791983689038e-13,,,,,1.0,,0.0,1.0,0.75,2.847685247612971e-13,2.847685247612971e-13,0.0,2.2595701998214626,0.6447065287087892,160,1.6119391554531128,0.745175539748328,1246,767.9179643685906,0.597527272343506,703.0,283.58463726884776,0.6145393175134721,807,0.49117026184683504,0.8233619396015222,0.4091722348267588,4,606.25,,,,,,,,,,,,,4.3198657060154758e-19,0.03641360043841641,5.978919699476102e-27,0.9751178284996944,0.24443180174746992,0.0015630000402246022,0.4448571411764014,0.9999999999999998,0.0031751431779986398,0.9999999999999541,0.0008499884728391214,0.0007982210227401261,0.0007982210227401261,0.0007982210227337874,,0.0,4.786380409530668e-19,0.020163910573049823,2.11623863834008e-18,,,,,0.4782608695652174,,0.0,1.0,0.9302325581395349,9.54194168962319e-19,9.54194168962319e-19,0.9302325581395349,0.5814294660167882,0.18110015290550946,138,1.6982050918669305,0.8243245527096938,1294,817.415439051649,0.6180301686674537,716.0,249.4022346368715,0.6417253647075587,799,1009.0473684210526,935.5,610.6543869996938,760,0.4758535102197843,0.8532293215616218,0.41093374637766444,5,600.5
sym14,1.0,antireflect,3.43751381894897e-21,264.1093479413075,6535492.9078585105,0.6551724137931034,319.1158396819167,206,raw,4.563869454954134e-11,6.808542616703699e-11,6.490927737719145,111565.70939967132,0.8640989578206075,5.618943883692752e-06,0.9999999999999999,327.0000000000741,,,,[],[],13,661.1538461536959,86.99999999994904,939.9999999997809,"[8, 32, 51, 63, 81, 100, 111, 133, 152, 162, 175, 192, 204]","[877.9999999998961, 637.9999999998066, 786.9999999997985, 791.9999999998113, 939.9999999997809, 787.9999999998262, 636.9999999998422, 674.9999999999168, 770.9999999998319, 195.9999999999108, 833.9999999997879, 571.999999999888, 86.99999999994904]","[0, 13, 39, 39, 76, 99, 107, 107, 107, 161, 99, 187, 203]","[76, 39, 61, 76, 205, 164, 119, 142, 164, 164, 205, 205, 205]",37754612.99999486,940.9999999998647,-940.9999999998647,0.0,,,,DWT,mdp.39015067403892,5.140900611877441e-06,,0.0,33.0,19.0,0.0,28.5,,1.3528733688872308e-10,256.3413461536959,4359.000000001954,256.3413461537095,,0.0,256.3413461536959,,,83.99999999994904,0.0,19.5,2.190745362895541e-10,1.3528733688872308e-10,,7.412381819449365e-11,5.764693449826856e-11,2.4326116000844633e-21,0.760700577058627,0.846074667327177,0.0008997795724789294,0.7352216748768472,0.004357922727931651,0.9999999997276554,0.47422802455240143,6.579582533771576e-09,6.579582533771576e-09,5.976136473540675e-09,,3.728495171374028e-09,0.9999999934203971,2.623218111071234e-10,,,,,,5.0884340586172004e-11,1.0,0.0,1.694372722329718e-10,1.694372722329718e-10,0.7422684119051349,0.24267159434495278,673,1.575739408635272,0.7568329742163106,445,0,0.20618567012405628,0.24635434523810992,672,0.0,0.41840682766854553,0.7599718589065501,289,187.52666477064002,0.803431169003522,519.75,460.756347336472,0.6293099241244025,464,sym,0.8243425715244881,0.7368036147090654,0.2019191155201387,6,349.5,5.764693449826856e-11,0.00015478832998333525,2.4326116000844637e-21,0.7607005770586269,0.8460746673271771,0.0019323291203547429,0.8009981851179673,0.0067133137547213066,0.9999999997276553,0.9919828214552989,0.9855281704435624,0.9855281704435624,0.9855281704436027,,7.988050327402866e-10,0.9999999999673379,1.461817050856259e-10,,,,,1.0,,5.0884340586172004e-11,1.0,0.25,1.694372722329718e-10,1.694372722329718e-10,0.0,2.209570200385188,0.6304403970017286,660,1.603554880415369,0.741299613876366,1278,436.9919907732864,0.7709685582949233,969.0,870.4643962848296,0.6315534615373988,740,0.7763846615972358,0.5622554397616224,0.28785410495344815,6,556.5,,,,,,,,,,,,,3.870633106530323e-16,0.03641360043843441,2.4326116000844637e-21,0.8264217281935776,0.26155198401029117,0.0017132879435987716,0.60596998213111,0.9999999999999999,0.0067133137547213066,0.9999999999999548,0.0008499884728384393,0.0007982210227387619,0.0007982210227387619,0.0007982210227325465,,0.0,6.241440054027993e-16,0.020163910573058857,1.3593306186937781e-15,,,,,0.4782608695652174,,1.6099689618025259e-18,1.0,0.7906976744186046,5.677455305325797e-16,5.677455305325797e-16,0.9302325581395349,0.5674759776446996,0.1767540042745119,682,1.6834830713789364,0.8171783469823236,1389,499.9244942988891,0.7663904232248182,1035.5,914.821825205215,0.6412559592759606,800,1409.1368421052632,1454.5,398.32527672708756,380,0.6645304607900322,0.5565550872278735,0.3678621512786154,7,601.75
coif8,1.0,antireflect,2.3157940746905146e-26,315.82479308466526,6909268.34663266,0.6071428571428571,288.1609530537164,206,raw,9.958053799028652e-14,-2.232172224836434e-10,6.670442558189178,136856.29639353717,0.8883685068773498,5.618943883690062e-06,0.9999999999999999,327.0000000000001,,,,[],[],13,661.1538461538463,87.0,940.0000000000002,"[8, 32, 51, 63, 81, 100, 111, 133, 152, 162, 175, 192, 204]","[878.0000000000005, 638.0000000000001, 787.0000000000001, 792.0000000000003, 940.0000000000002, 788.0, 637.0, 675.0, 771.0000000000001, 196.00000000000023, 834.0000000000002, 572.0000000000002, 87.0]","[0, 13, 39, 39, 76, 99, 107, 107, 107, 161, 164, 187, 203]","[76, 39, 61, 76, 205, 164, 119, 142, 164, 164, 205, 205, 205]",37754613.00000001,941.0000000000002,-941.0000000000002,0.0,,,,DWT,mdp.39015067403892,7.450580596923828e-09,,0.0,33.0,19.0,0.0,28.5,,2.2737367544323206e-13,256.3413461538463,4358.999999999998,256.34134615384625,,0.0,256.3413461538463,,,84.0,0.0,24.0,2.2737367544323206e-13,2.2737367544323206e-13,,1.1368683772161603e-13,1.0747389288077976e-13,1.5591214824737855e-26,0.9515422774411235,0.9080880325008963,0.0013204199276920566,0.3749999999999996,0.006405524446369295,0.9999999997232649,0.4742280246116003,6.696054799077647e-09,6.696054799077647e-09,6.082044361106239e-09,,5.718550876340534e-12,0.9999999933039181,2.7225927463116073e-13,,,,,,7.374542113937972e-14,1.0,0.5,2.847685247612971e-13,2.847685247612971e-13,0.7922684098808316,0.2590182137502757,301,1.5781918023468542,0.7580108672210262,435,0,0.24785233644969218,0.2961384272004054,303,0.0,0.4052945317549317,0.7361553835504262,471,88.41379982785493,0.9073230609770913,377.5,362.16852770042794,0.7558103774487134,229,coif,0.5507900112560971,0.8749445204262634,0.351963635992853,2,172.25,1.0747389288077976e-13,0.0001547883299646835,1.5591214824737855e-26,0.9515422774411235,0.9080880325008964,0.0023525347524042542,0.5302631578947367,0.008756071460612531,0.9999999997232648,0.9919828214562016,0.9855281704452481,0.9855281704452481,0.9855281704451354,,1.2251610931599486e-12,0.9999999999667596,1.5171946557926922e-13,,,,,1.0,,7.374542113937972e-14,1.0,0.5,2.847685247612971e-13,2.847685247612971e-13,0.0,2.2345701998217686,0.6375734627749244,297,1.641799778221792,0.7589796623255333,1144,598.9194436650057,0.6861009205110034,720.5,471.57251908396944,0.654240187718814,602,0.4784248188775415,0.776734912893196,0.43208215291776214,2,452.0,,,,,,,,,,,,,7.216203454574574e-19,0.03641360043841641,1.5591214824737855e-26,0.9648506977824783,0.28072253635359734,0.0018115497010361794,0.4011539130602856,0.9999999999999999,0.008756071460612531,0.9999999999999541,0.0008499884728391221,0.0007982210227401272,0.0007982210227401272,0.0007982210227337879,,0.0,9.572760819061336e-19,0.020163910573049813,1.4108257588933865e-18,,,,,0.4782608695652174,,2.3332883504384434e-21,1.0,0.8604651162790697,9.54194168962319e-19,9.54194168962319e-19,0.9302325581395349,0.5744527218307418,0.17892707859001003,254,1.6950655356366697,0.8228005829032133,1316,750.9474016201135,0.6490899992429375,785.0,425.8140127388535,0.6411337846681977,801,986.6382352941176,846.0,585.0035688138154,340,0.4652856568234462,0.8173890317607586,0.42908333069536003,4,601.75
db10,1.0,periodic,6.485386337540478e-27,321.35243394535513,6380665.964085271,0.6071428571428571,287.6703559356237,206,raw,5.242839603666759e-14,-2.11274220340843e-10,6.478039727614668,62615.390091732144,0.7519885257585883,5.618943883690064e-06,1.0,327.0,,,,[],[],13,661.1538461538462,87.00000000000003,940.0000000000002,"[8, 32, 51, 63, 81, 100, 111, 133, 152, 162, 175, 192, 204]","[878.0000000000002, 638.0, 787.0000000000001, 792.0, 940.0000000000002, 788.0, 637.0, 675.0000000000001, 771.0000000000001, 196.00000000000006, 833.9999999999998, 571.9999999999999, 87.00000000000003]","[0, 13, 42, 42, 76, 99, 107, 107, 107, 161, 99, 187, 203]","[76, 42, 61, 76, 205, 164, 119, 142, 164, 164, 205, 205, 205]",37754613.0,941.0000000000002,-941.0000000000002,0.0,,,,DWT,mdp.39015067403892,0.0,,0.0,33.0,19.0,0.0,28.5,,2.2737367544323206e-13,256.3413461538462,4359.0,256.3413461538462,,0.0,256.3413461538462,,,84.00000000000003,0.0,24.0,2.2737367544323206e-13,2.2737367544323206e-13,,0.0,4.789634348639047e-14,3.792611333554329e-27,0.9719405236136852,0.8416225063586348,0.0007255400321845481,0.3749999999999996,0.00039475817357321265,0.9999999997234449,0.4742280246116333,6.6959667625959335e-09,6.6959667625959335e-09,6.082000342865356e-09,,0.0,0.9999999933040264,2.7225927463116073e-13,,,,,,0.0,1.0,0.5,2.847685247612971e-13,2.847685247612971e-13,0.7922684098779335,0.2590182137493282,494,1.554496240522442,0.7466298086316314,496,0,0.24785233644920296,0.29613842719982086,494,0.0,0.3987104159876963,0.7241963466323057,526,15.695009822658072,0.9835482077330628,502.5,502.1433541776245,0.7284093239923175,288,db,0.540986235965534,0.9305070477545101,0.3421575204977732,3,216.75,4.7896343486390466e-14,0.0001547883299646835,3.792611333554329e-27,0.9719405236136852,0.8416225063586348,0.0017582696530449079,0.5302631578947367,0.0027595248609964583,0.9999999997234448,0.9919828214562021,0.9855281704452468,0.9855281704452468,0.9855281704451347,,0.0,0.9999999999667601,1.5171946557926922e-13,,,,,1.0,,0.0,1.0,0.5,2.847685247612971e-13,2.847685247612971e-13,0.0,2.2345701998211185,0.6375734627747389,496,1.618110211664726,0.7480283274157467,1225,515.4808434849931,0.7298318430372154,860.5,706.1011040092968,0.6394180179546665,710,0.49117026184683504,0.8233619396015222,0.4091722348267588,4,533.5,,,,,,,,,,,,,3.2159415655612907e-19,0.036413600438416426,3.792611333554329e-27,0.9796467732388854,0.2601756615893232,0.0016725855163774528,0.4011539130602856,1.0,0.0027595248609964583,0.9999999999999541,0.0008499884728391225,0.0007982210227401261,0.0007982210227401261,0.0007982210227337874,,0.0,0.0,0.020163910573049823,1.4108257588933865e-18,,,,,0.4782608695652174,,0.0,1.0,0.8604651162790697,9.54194168962319e-19,9.54194168962319e-19,0.9302325581395349,0.5744527218307418,0.17892707859001003,376,1.6912016427962009,0.8209250133664762,1337,679.5296167202722,0.6824627959251064,856.5,586.9375364856976,0.6411145755326466,802,1009.0473684210526,935.5,610.6543869996938,760,0.4758535102197843,0.8532293215616218,0.41093374637766444,5,602.75
sym12,1.0,antireflect,1.0781432608109563e-22,279.1450277427295,6459297.051350496,0.6491228070175439,312.63873461129293,206,raw,8.10308885793921e-12,-2.3988033781609234e-10,6.459821221695459,105833.79731339541,0.8572307981365032,5.618943883689594e-06,0.9999999999999998,326.99999999999727,,,,[],[],13,661.1538461538735,87.00000000001063,940.000000000039,"[8, 32, 51, 63, 81, 100, 111, 133, 152, 162, 175, 192, 204]","[878.0000000000208, 638.0000000000323, 787.0000000000321, 792.0000000000368, 940.000000000039, 788.0000000000314, 637.0000000000279, 675.0000000000133, 771.0000000000341, 196.00000000001393, 834.0000000000379, 572.0000000000239, 87.00000000001063]","[0, 13, 42, 42, 76, 99, 107, 107, 107, 161, 164, 187, 203]","[76, 42, 61, 76, 205, 164, 119, 142, 164, 164, 205, 205, 205]",37754613.00000091,941.0000000000261,-941.0000000000261,0.0,,,,DWT,mdp.39015067403892,9.08970832824707e-07,,0.0,33.0,19.0,0.0,28.5,,2.6147972675971687e-11,256.3413461538735,4358.999999999645,256.34134615387336,,0.0,256.3413461538735,,,84.00000000001063,0.0,28.5,3.89945853385143e-11,2.6147972675971687e-11,,2.7284841053187847e-12,1.022004550689557e-11,7.629575929903446e-23,0.8161856394371083,0.8353289264885757,0.0008140300854275174,0.6898496240601506,0.0038938499469938753,0.9999999997230138,0.47422802462394853,6.717095518207012e-09,6.717095518207012e-09,6.103041062007642e-09,,1.3724522103217282e-10,0.9999999932828977,4.669246559924407e-11,,,,,,8.996941379004325e-12,1.0,1.0,3.274838034754917e-11,3.274838034754917e-11,0.8422684099993696,0.27536483385616295,55,1.585280251444396,0.7614154733276411,410,0,0.2895190031418758,0.3459225096006587,55,0.0,0.4182590087189363,0.7597033684458611,290,177.22396376713093,0.8142306459464037,202.5,94.6724574737604,0.8009832475015037,121,sym,0.8243425715244881,0.7368036147090654,0.2019191155201387,6,92.25,1.022004550689557e-11,0.00015478832996140834,7.629575929903445e-23,0.8161856394371083,0.8353289264885757,0.0018466682536361816,0.766897506925208,0.006250338831024551,0.9999999997230137,0.9919828214563899,0.9855281704455525,0.9855281704455525,0.9855281704454393,,2.940386623583877e-11,0.9999999999666553,2.601988834684467e-11,,,,,1.0,,8.996941379004325e-12,1.0,0.75,3.274838034754917e-11,3.274838034754917e-11,0.0,2.2595701998665185,0.6447065287216447,55,1.6176047557271238,0.7477946626400959,1229,830.1433611130068,0.5649143809680257,642.0,105.28816199376948,0.614218196773321,808,0.7763846615972358,0.5622554397616224,0.28785410495344815,6,607.5,,,,,,,,,,,,,6.862124904564457e-17,0.03641360043841328,7.629575929903445e-23,0.8666683828672409,0.2582300906307442,0.0016932568286745775,0.5801721866566024,0.9999999999999998,0.006250338831024551,0.999999999999954,0.0008499884728392646,0.0007982210227403737,0.0007982210227403737,0.0007982210227340341,,0.0,2.297462596574721e-17,0.02016391057304818,2.419566176502158e-16,,,,,0.4782608695652174,,2.846611787534901e-19,1.0,0.9302325581395349,1.0973232943066667e-16,1.0973232943066667e-16,0.9302325581395349,0.5814294660167878,0.18110015290550932,206,1.6954557937766104,0.822990017835536,1310,780.6458864299485,0.6352122026028277,758.0,356.0158311345647,0.6405032975630961,803,1409.1368421052632,1454.5,398.32527672708756,380,0.6645304607900322,0.5565550872278735,0.3678621512786154,7,604.0
coif8,1.0,symmetric,2.2434089782721403e-26,315.9627079323773,7036369.993645124,0.6071428571428571,287.5201175771304,206,raw,9.676402074431998e-14,-2.2312052205819852e-10,6.661410559202303,59775.17917737503,0.7538075741859972,5.618943883690064e-06,1.0,327.00000000000017,,,,[],[],13,661.1538461538463,86.99999999999991,940.0000000000002,"[8, 32, 51, 63, 81, 100, 111, 133, 152, 162, 175, 192, 204]","[878.0, 638.0000000000002, 787.0000000000001, 792.0000000000003, 940.0000000000002, 788.0, 637.0, 675.0, 771.0000000000001, 196.00000000000023, 834.0000000000003, 572.0000000000001, 86.99999999999991]","[0, 13, 39, 39, 76, 99, 107, 107, 107, 161, 164, 187, 203]","[76, 39, 61, 76, 205, 164, 119, 142, 164, 164, 205, 205, 205]",37754613.00000001,941.0000000000002,-941.0000000000002,0.0,,,,DWT,mdp.39015067403892,7.450580596923828e-09,,0.0,33.0,19.0,0.0,28.5,,2.2737367544323206e-13,256.3413461538463,4358.999999999998,256.34134615384625,,0.0,256.3413461538463,,,83.99999999999991,0.0,24.0,2.2737367544323206e-13,2.2737367544323206e-13,,1.7053025658242404e-13,1.0391517447713275e-13,1.5078969951911539e-26,0.9520512144515738,0.9049679299380261,0.0014634579029074411,0.3749999999999996,0.0001648061858880893,0.9999999997232664,0.47422802461150126,6.696054799077647e-09,6.696054799077647e-09,6.082044361106239e-09,,8.5778263145108e-12,0.9999999933039181,2.7225927463116073e-13,,,,,,7.374542113937972e-14,1.0,0.5,2.847685247612971e-13,2.847685247612971e-13,0.7922684098822315,0.25901821375073336,273,1.574512344955104,0.7562436113752691,452,0,0.24785233644992222,0.29613842720068023,272,0.0,0.40420592602522065,0.734178098130313,477,111.32085758443174,0.8833114700372833,368.5,343.3977581528515,0.7485215631108848,250,coif,0.5507900112560971,0.8749445204262634,0.351963635992853,2,188.0,1.0391517447713274e-13,0.0001547883299646835,1.5078969951911539e-26,0.9520512144515738,0.9049679299380262,0.002495424900811459,0.5302631578947367,0.002530116870858998,0.9999999997232663,0.9919828214562001,0.9855281704452481,0.9855281704452481,0.9855281704451354,,1.837741639739923e-12,0.9999999999667596,1.5171946557926922e-13,,,,,1.0,,7.374542113937972e-14,1.0,0.5,2.847685247612971e-13,2.847685247612971e-13,0.0,2.2345701998220746,0.6375734627750117,270,1.6381261523849286,0.7572813996420088,1159,628.6179284748407,0.6705356768999786,714.5,437.97060881735473,0.6480298929573268,653,0.4784248188775415,0.776734912893196,0.43208215291776214,2,490.25,,,,,,,,,,,,,6.977257647831136e-19,0.036413600438416426,1.5078969951911539e-26,0.965219860422515,0.27975800089691916,0.0018449634300109724,0.4011539130602856,1.0,0.002530116870858998,0.9999999999999541,0.000849988472839121,0.0007982210227401272,0.0007982210227401272,0.0007982210227337879,,0.0,1.4359141228592004e-18,0.020163910573049813,1.4108257588933865e-18,,,,,0.4782608695652174,,2.3332883504384434e-21,1.0,0.8604651162790697,9.54194168962319e-19,9.54194168962319e-19,0.9302325581395349,0.5744527218307418,0.17892707859001003,273,1.6923310905209386,0.821473257801122,1323,742.4621202458749,0.6530550839972548,798.0,452.6052631578948,0.6400789438677863,804,986.6382352941176,846.0,585.0035688138154,340,0.4652856568234462,0.8173890317607586,0.42908333069536003,4,604.0
coif5,1.0,periodization,1.0727385784297304e-26,316.9424597499943,4962046.845145088,0.5242718446601942,91.11702905055931,206,smoothed,7.297931548187576e-14,-2.0580765980327024e-10,6.194313919078143,31688.23739843529,0.9830000504021758,0.0001496656645132026,0.9999999999999999,362.4,,,,[],[],11,426.6,32.20000000000002,728.4,"[9, 31, 53, 64, 80, 102, 131, 148, 158, 175, 192]","[311.0000000000001, 417.7999999999999, 589.6000000000001, 432.1999999999999, 728.4, 371.0000000000001, 587.0000000000001, 32.20000000000002, 448.2000000000004, 368.0000000000001, 407.19999999999993]","[0, 0, 0, 60, 0, 94, 120, 144, 144, 165, 186]","[20, 40, 75, 75, 203, 120, 203, 149, 203, 186, 203]",30736475.839999996,728.4,-728.4,0.0,,,,DWT,mdp.39015067403892,0.0,,0.0,33.0,11.0,0.0,33.0,,0.0,168.4000000000001,987.7999999999984,168.4000000000001,,0.0,168.4000000000001,,,28.00000000000003,0.0,15.0,0.0,0.0,,0.0,1.1148841308509441e-13,2.660687488816276e-26,0.968969694294295,0.08651357177347724,0.06238723946621867,0.07693226515562712,0.026847626163012846,,0.9999996647345563,4.4059791007223055e-09,4.4059791007223055e-09,3.6787861342541454e-09,,0.0,0.9999999955939887,0.0,,,,,,0.0,1.0,0.0,0.0,0.0,0.8999999009645845,0.3383296774379497,509,0.6973441787239143,0.3540192294535423,808,0,0.24999997273494073,0.35570077878526096,509,0.0,0.1745214852646775,0.3079031337821941,848,184.8972687737707,0.8061873492937415,668.5,630.3041939716402,0.5527267983365982,735,coif,0.5556920286951962,0.9053407607371553,0.33941335169221604,4,552.25,7.38627867404712e-14,0.9999999999705127,6.794531030633961e-27,0.9556667204635313,0.7436094725159972,0.0001634303948346448,0.06313234542667362,0.0002614934985440934,0.9999999997235272,2.0315811923854454e-05,4.745454029730922e-11,4.745454029730922e-11,3.962224992548613e-11,,0.0,0.0031261328403480726,0.0,,,,,0.0,,0.0,1.0,0.0,0.0,0.0,1.0,0.3015691612041106,0.08604450842062157,1610,1.6706440191842085,0.7723139266835187,980,445.47727214752496,0.7665213458346305,1295.0,1218.378378378378,0.5439000859152188,1242,0.4784248188775415,0.776734912893196,0.43208215291776214,2,932.0,,,,,,,,,,,,,4.959426727310951e-19,0.9999999999715822,6.794531030633961e-27,0.9678424045036809,0.22987632223976623,0.0012996449930018704,0.04776079015018275,0.9999999999999999,0.0002614934985440934,0.9999999999999541,9.960751159770467e-05,3.8435400695480126e-14,3.8435400695480126e-14,3.209173378426744e-14,,0.0,0.0,0.00456704015061846,0.0,,,,,0.13043478260869565,,0.0,1.0,0.7209302325581395,0.0,0.0,1.0,0.42658033862811345,0.13286867808967343,1408,1.8155023397695393,0.8812617282454817,764,455.3767670841366,0.7872071181849829,1086.0,990.5267034990793,0.6398652413354822,805,986.6382352941176,846.0,585.0035688138154,340,0.4652856568234462,0.8173890317607586,0.42908333069536003,4,604.75
sym14,1.0,reflect,3.452201925455427e-21,264.090830564086,6598046.5257102465,0.6551724137931034,324.33742497834356,206,raw,4.595298898683483e-11,-1.7367063344872778e-10,6.499265761268418,61251.308233579344,0.7517704074955452,5.618943883692717e-06,1.0,327.0000000000741,,,,[],[],13,661.1538461536982,87.00000000000881,939.9999999997809,"[8, 32, 51, 63, 81, 100, 111, 133, 152, 162, 175, 192, 204]","[877.9999999998647, 637.9999999998067, 786.9999999997985, 791.9999999998113, 939.9999999997809, 787.9999999998262, 636.9999999998422, 674.9999999999168, 770.9999999998319, 195.9999999999108, 833.9999999997879, 571.999999999888, 87.00000000000881]","[0, 13, 39, 39, 76, 99, 107, 107, 107, 161, 99, 187, 203]","[76, 39, 61, 76, 205, 164, 119, 142, 164, 164, 205, 205, 205]",37754612.99999497,940.9999999998647,-940.9999999998647,0.0,,,,DWT,mdp.39015067403892,5.029141902923584e-06,,0.0,33.0,19.0,0.0,28.5,,1.3528733688872308e-10,256.34134615369817,4359.0000000019245,256.3413461537117,,0.0,256.34134615369817,,,84.00000000000881,0.0,19.5,2.190745362895541e-10,1.3528733688872308e-10,,7.412381819449365e-11,5.804405097243963e-11,2.443005876837198e-21,0.7606322437445507,0.8489550361893927,0.0009701763222474971,0.7352216748768472,0.0002843180182094504,0.9999999997240117,0.47422802462183544,6.581343263405832e-09,6.581343263405832e-09,5.977853184935129e-09,,3.728495171374028e-09,0.9999999934186635,2.623218111071234e-10,,,,,,4.977815926908131e-11,1.0,0.0,1.694372722329718e-10,1.694372722329718e-10,0.7422684119261167,0.2426715943518124,665,1.5755443495675912,0.756739286685535,447,0,0.20618567013004233,0.24635434524526215,656,0.0,0.4182579311166629,0.7597014111465324,291,179.98217504334514,0.8113394391579192,514.75,459.6796465768604,0.6358846042749764,450,sym,0.8243425715244881,0.7368036147090654,0.2019191155201387,6,339.0,5.804405097243963e-11,0.0001547883299831132,2.4430058768371982e-21,0.7606322437445507,0.8489550361893928,0.002002653116528967,0.8009981851179673,0.002649345973970866,0.9999999997240115,0.9919828214563577,0.9855281704435879,0.9855281704435879,0.9855281704436276,,7.988050327402866e-10,0.9999999999673292,1.461817050856259e-10,,,,,1.0,,4.977815926908131e-11,1.0,0.25,1.694372722329718e-10,1.694372722329718e-10,0.0,2.20957020038497,0.6304403970016665,663,1.6033636397424793,0.7412112061525631,1279,435.57777721091327,0.7717097603716387,971.0,873.302780638517,0.6313999535610815,741,0.7763846615972358,0.5622554397616224,0.28785410495344815,6,557.25,,,,,,,,,,,,,3.8972970078366673e-16,0.03641360043843417,2.4430058768371982e-21,0.8263721619287769,0.26244240919341827,0.0017297326528721746,0.60596998213111,1.0,0.002649345973970866,0.9999999999999543,0.0008499884728392402,0.0007982210227387825,0.0007982210227387825,0.0007982210227325666,,0.0,6.241440054027993e-16,0.020163910573058726,1.3593306186937781e-15,,,,,0.4782608695652174,,1.5749696365459491e-18,1.0,0.7906976744186046,5.677455305325797e-16,5.677455305325797e-16,0.9302325581395349,0.5674759776446998,0.176754004274512,675,1.6822811794539558,0.8165949374588156,1393,507.70266889194113,0.7627557622000275,1034.0,909.3568665377177,0.6397890960532848,806,1409.1368421052632,1454.5,398.32527672708756,380,0.6645304607900322,0.5565550872278735,0.3678621512786154,7,606.25
sym9,1.0,antisymmetric,6.226774756277811e-26,309.3047671815579,5140459.056971226,0.5315315315315315,86.2777415602499,206,smoothed,2.0012470645049037e-13,-1.8177743754677117e-10,6.289315839989753,55614.96270738458,0.9890402594275983,0.00014966566451320244,1.0,362.3999999999999,,,,[],[],11,426.5999999999997,32.20000000000019,728.4000000000001,"[9, 31, 53, 64, 80, 102, 131, 148, 158, 175, 192]","[310.99999999999983, 417.79999999999984, 589.5999999999997, 432.199999999999, 728.4000000000001, 370.99999999999966, 586.9999999999995, 32.20000000000019, 448.1999999999995, 367.99999999999966, 407.1999999999999]","[0, 0, 0, 60, 0, 94, 120, 144, 144, 165, 186]","[20, 40, 75, 75, 203, 120, 203, 149, 203, 186, 203]",30736475.839999974,728.3999999999999,-728.3999999999999,0.0,,,,DWT,mdp.39015067403892,2.2351741790771484e-08,,0.0,33.0,11.0,0.0,33.0,,1.1368683772161603e-13,168.39999999999975,987.800000000002,168.39999999999972,,0.0,168.39999999999975,,,28.0000000000002,0.0,15.0,1.1368683772161603e-13,1.1368683772161603e-13,,5.684341886080802e-14,3.9080902748668346e-13,1.7744487978370398e-25,0.9399509466997907,0.22354472837091846,0.13895370958655973,0.12679893361956857,0.22526797465679096,,0.9999996648832438,4.405624228187547e-09,4.405624228187547e-09,3.678401689007877e-09,,6.125805465799743e-13,0.9999999955943328,7.585973278963461e-14,,,,,,4.768017427492125e-13,1.0,0.0,1.7477015598164352e-13,1.7477015598164352e-13,0.8999999010096871,0.3383296774549048,320,0.8860465503092745,0.4498173593052202,274,0,0.24999997274739513,0.3557007788029811,320,0.0,0.23635947041914562,0.417002075880707,286,23.607908279501032,0.9752537649061834,300.0,298.5935081326951,0.830394178050576,103,sym,1.0,1.0,0.0,7,79.0,2.3451319405712534e-13,0.9999999999705116,4.3267903825560014e-26,0.9274819057970685,0.7764278704525618,0.00036400488009677955,0.10405405405405432,0.0021940901011240827,0.9999999997238894,2.0315811926907568e-05,4.7450710027874266e-11,4.7450710027874266e-11,3.961819761144625e-11,,6.125805465799743e-13,0.0031261328403491273,7.585973278963461e-14,,,,,0.0,,2.2123626341813917e-13,1.0,0.0,1.4238426238064856e-13,1.4238426238064856e-13,1.0,0.30156916120462035,0.08604450842076701,1447,1.6873843386874212,0.7800527278530079,866,410.82903986938413,0.7846807967141592,1156.5,1083.5296152183312,0.5892743606212305,918,0.7763846615972358,0.5622554397616224,0.28785410495344815,6,690.0,,,,,,,,,,,,,1.574610238577288e-18,0.9999999999715811,4.3267903825560014e-26,0.9473982623454797,0.24002166451725623,0.001346547747072141,0.07871882164941313,1.0,0.0021940901011240827,0.9999999999999543,9.960751159770694e-05,3.843236492939717e-14,3.843236492939717e-14,3.2088372757532735e-14,,0.0,4.786380409530668e-19,0.0045670401506184765,7.054128794466933e-19,,,,,0.13043478260869565,,6.99986505131533e-21,1.0,0.7209302325581395,4.770970844811595e-19,4.770970844811595e-19,1.0,0.42658033862811345,0.13286867808967343,1395,1.8214882282311229,0.8841673342010264,686,501.3387078612622,0.7657295757657654,1040.5,919.7212878423836,0.6397573112473687,807,1409.1368421052632,1454.5,398.32527672708756,380,0.6645304607900322,0.5565550872278735,0.3678621512786154,7,607.0
db10,1.0,periodization,7.962627323167763e-27,318.2368348443679,4961875.290487507,0.5339805825242718,103.76359707874369,206,smoothed,5.902476012466346e-14,-2.0713293302776532e-10,6.194528084759688,31688.237398435296,0.9825964112635309,0.0001496656645132028,0.9999999999999997,362.4000000000001,,,,[],[],11,426.59999999999997,32.1999999999999,728.4000000000001,"[9, 31, 53, 64, 80, 102, 131, 148, 158, 175, 192]","[311.00000000000006, 417.79999999999984, 589.6000000000004, 432.1999999999998, 728.4000000000001, 371.00000000000006, 587.0, 32.1999999999999, 448.2000000000004, 367.9999999999999, 407.20000000000016]","[0, 0, 0, 60, 0, 94, 120, 144, 144, 165, 186]","[20, 40, 75, 75, 203, 120, 203, 149, 203, 186, 203]",30736475.839999996,728.4000000000001,-728.4000000000001,0.0,,,,DWT,mdp.39015067403892,0.0,,0.0,33.0,11.0,0.0,33.0,,1.1368683772161603e-13,168.40000000000003,987.7999999999993,168.40000000000006,,0.0,168.40000000000003,,,27.999999999999915,0.0,15.0,1.1368683772161603e-13,1.1368683772161603e-13,,1.1368683772161603e-13,8.08322096129632e-14,1.851553373523811e-26,0.9738875597123748,0.08682248522242705,0.06231361594892026,0.14362142418571724,0.026847626163012905,,0.9999996646354313,4.4059199552998455e-09,4.4059199552998455e-09,3.6787565615428943e-09,,1.2251610931599486e-12,0.9999999955940747,7.585973278963461e-14,,,,,,0.0,1.0,0.0,1.7477015598164352e-13,1.7477015598164352e-13,0.899999900935566,0.33832967742704106,621,0.7270882065526147,0.36911931651819707,723,0,0.24999997272681276,0.35570077877369644,621,0.0,0.18478467303321905,0.32601017471034394,744,65.51526539669972,0.9313257176135223,677.25,672.5148782156108,0.610710028618082,536,db,0.573477938514061,0.8443824841957417,0.34525069778143475,3,402.75,5.623096395098184e-14,0.999999999970514,4.838004872084437e-27,0.9604432575939428,0.7436834560154241,0.0001632375297454993,0.11785896780786931,0.0002614934985440938,0.9999999997235072,2.0315811921800542e-05,4.745387416349445e-11,4.745387416349445e-11,3.9622027880881205e-11,,1.2251610931599486e-12,0.0031261328403482946,7.585973278963461e-14,,,,,0.0,,0.0,1.0,0.0,1.4238426238064856e-13,1.4238426238064856e-13,1.0,0.3015691612048171,0.08604450842082315,1416,1.6954374857320895,0.7837755781698963,785,446.1843789287115,0.7661507447962728,1100.5,1010.0499772830531,0.5946843870731888,895,0.49117026184683504,0.8233619396015222,0.4091722348267588,4,672.25,,,,,,,,,,,,,3.775559491152485e-19,0.9999999999715835,4.838004872084437e-27,0.9713071143225556,0.22989919318934832,0.0012995998930289943,0.08916249492626177,0.9999999999999997,0.0002614934985440938,0.9999999999999541,9.960751159770315e-05,3.8434858594393884e-14,3.8434858594393884e-14,3.2091408523615694e-14,,0.0,9.572760819061336e-19,0.004567040150618464,7.054128794466933e-19,,,,,0.13043478260869565,,0.0,1.0,0.7209302325581395,4.770970844811595e-19,4.770970844811595e-19,1.0,0.42658033862811345,0.13286867808967343,1362,1.8341532604961008,0.8903150587054939,493,614.4757928511098,0.7128617790415375,927.5,723.9525606469002,0.6397252820441333,808,1009.0473684210526,935.5,610.6543869996938,760,0.4758535102197843,0.8532293215616218,0.41093374637766444,5,607.25
coif11,1.0,antireflect,3.3355728284252593e-26,314.24008819438114,7072324.786687429,0.6074074074074074,284.5166184135455,206,raw,1.274212666340177e-13,-2.2331547722132252e-10,6.738693678218306,142243.73478926803,0.897627000224213,5.618943883690062e-06,0.9999999999999999,327.00000000000006,,,,[],[],13,661.1538461538463,87.00000000000006,940.0000000000002,"[8, 32, 51, 63, 81, 100, 111, 133, 152, 162, 175, 192, 204]","[878.0000000000005, 638.0000000000003, 787.0000000000002, 792.0000000000005, 940.0000000000002, 787.9999999999998, 637.0000000000003, 675.0000000000005, 771.0000000000002, 196.0, 834.0, 571.9999999999999, 87.00000000000006]","[0, 13, 42, 42, 76, 99, 107, 107, 107, 161, 164, 187, 203]","[76, 42, 61, 76, 205, 164, 119, 142, 164, 164, 205, 205, 205]",37754613.00000001,941.0000000000002,-941.0000000000002,0.0,,,,DWT,mdp.39015067403892,7.450580596923828e-09,,0.0,33.0,19.0,0.0,28.5,,2.2737367544323206e-13,256.3413461538463,4358.999999999998,256.3413461538463,,0.0,256.3413461538463,,,84.00000000000006,0.0,28.5,2.2737367544323206e-13,2.2737367544323206e-13,,5.684341886080802e-14,1.4265113652708626e-13,2.2807844543631683e-26,0.9456943576363548,0.931665370677207,0.0015039207994704982,0.37698412698412687,0.0068417076049393614,0.9999999997232635,0.47422802461166635,6.696054799077647e-09,6.696054799077647e-09,6.082088379347123e-09,,2.859275438170267e-12,0.9999999933039181,2.7225927463116073e-13,,,,,,7.374542113937972e-14,1.0,1.0,2.847685247612971e-13,2.847685247612971e-13,0.8422684098794349,0.27536483381695237,155,1.587531594045126,0.7624968008029539,393,0,0.2895190031161297,0.3459225095698968,154,0.0,0.40783618542818806,0.7407719078015349,433,150.13632693877477,0.8426243952423744,283.75,224.73024318605604,0.7725962647071412,199,coif,0.5507900112560971,0.8749445204262634,0.351963635992853,2,149.75,1.4265113652708626e-13,0.0001547883299646835,2.2807844543631686e-26,0.9456943576363547,0.9316653706772071,0.002535845979802367,0.5317543859649123,0.009191222740437028,0.9999999997232634,0.9919828214562026,0.9855281704452481,0.9855281704452481,0.985528170445136,,6.125805465799743e-13,0.9999999999667596,1.5171946557926922e-13,,,,,1.0,,7.374542113937972e-14,1.0,0.75,2.847685247612971e-13,2.847685247612971e-13,0.0,2.259570199821463,0.6447065287087893,155,1.6509419027807948,0.7632059307796837,1106,672.4585489084067,0.6475584125217995,630.5,271.8953211736717,0.6585538393845894,568,0.4784248188775415,0.776734912893196,0.43208215291776214,2,426.5,,,,,,,,,,,,,9.578136574504255e-19,0.03641360043841641,2.2807844543631686e-26,0.9606088496371821,0.2880111360668789,0.0018544155790452216,0.4022820547512741,0.9999999999999999,0.009191222740437028,0.9999999999999541,0.0008499884728391229,0.0007982210227401272,0.0007982210227401272,0.0007982210227337884,,0.0,4.786380409530668e-19,0.020163910573049813,1.4108257588933865e-18,,,,,0.4782608695652174,,2.3332883504384434e-21,1.0,0.9302325581395349,9.54194168962319e-19,9.54194168962319e-19,0.9302325581395349,0.5814294660167882,0.18110015290550946,148,1.6968114767334623,0.8236480789568784,1303,816.7083322704624,0.6183605923969802,725.5,265.8084079944866,0.6396709504040976,809,986.6382352941176,846.0,585.0035688138154,340,0.4652856568234462,0.8173890317607586,0.42908333069536003,4,607.75
db10,1.0,constant,6.1238889130120145e-27,321.6015194283343,5967421.019486968,0.6116071428571429,245.8574000519556,206,raw,5.039334645366536e-14,-2.1062207533617815e-10,6.32850330511467,65802.47004523595,0.7938299644516347,5.618943883690064e-06,0.9999999999999999,327.0,,,,[],[],13,661.1538461538462,87.00000000000017,940.0000000000002,"[8, 32, 51, 63, 81, 100, 111, 133, 152, 162, 175, 192, 204]","[878.0000000000002, 638.0, 787.0000000000001, 792.0, 940.0000000000002, 788.0, 637.0, 675.0000000000001, 771.0000000000001, 196.00000000000006, 833.9999999999998, 571.9999999999999, 87.00000000000017]","[0, 13, 42, 42, 76, 99, 107, 107, 107, 161, 99, 187, 203]","[76, 42, 61, 76, 205, 164, 119, 142, 164, 164, 205, 205, 205]",37754613.0,941.0000000000002,-941.0000000000002,0.0,,,,DWT,mdp.39015067403892,0.0,,0.0,33.0,19.0,0.0,28.5,,2.2737367544323206e-13,256.3413461538462,4359.0,256.3413461538462,,0.0,256.3413461538462,,,84.00000000000017,0.0,24.0,2.2737367544323206e-13,2.2737367544323206e-13,,0.0,4.532502303247329e-14,3.536791819017329e-27,0.9728597054360706,0.7899651738276308,0.00026048138398671245,0.4084821428571432,0.0006527937182276486,0.9999999997234548,0.4742280246117984,6.6959667625959335e-09,6.6959667625959335e-09,6.082000342865356e-09,,0.0,0.9999999933040264,2.7225927463116073e-13,,,,,,0.0,1.0,0.5,2.847685247612971e-13,2.847685247612971e-13,0.792268409877983,0.2590182137493444,489,1.542482625386995,0.740859628597913,524,0,0.24785233644921667,0.29613842719983724,489,0.0,0.3965275371183199,0.7202314818107355,542,26.444911293731604,0.9722799671973463,511.0,509.9832441314985,0.7183202770997215,303,db,0.540986235965534,0.9305070477545101,0.3421575204977732,3,228.0,4.532502303247329e-14,0.0001547883299646835,3.53679181901733e-27,0.9728597054360706,0.7899651738276308,0.0012936916334037618,0.5554276315789477,0.0030169499708165843,0.9999999997234547,0.9919828214562046,0.9855281704452468,0.9855281704452468,0.9855281704451347,,0.0,0.9999999999667601,1.5171946557926922e-13,,,,,1.0,,0.0,1.0,0.5,2.847685247612971e-13,2.847685247612971e-13,0.0,2.2345701998211194,0.6375734627747391,490,1.6027695250004503,0.7409365557279076,1280,558.6143571373725,0.7072251796973938,885.0,708.7005649717514,0.6216943508549863,779,0.49117026184683504,0.8233619396015222,0.4091722348267588,4,585.25,,,,,,,,,,,,,3.0432933898507614e-19,0.036413600438416426,3.53679181901733e-27,0.9803135111283646,0.24420652986381475,0.0015639476276988196,0.42019130409571515,0.9999999999999999,0.0030169499708165843,0.9999999999999541,0.0008499884728391244,0.0007982210227401261,0.0007982210227401261,0.0007982210227337874,,0.0,0.0,0.020163910573049823,1.4108257588933865e-18,,,,,0.4782608695652174,,0.0,1.0,0.8604651162790697,9.54194168962319e-19,9.54194168962319e-19,0.9302325581395349,0.5744527218307418,0.17892707859001003,326,1.6912807271808947,0.820963401662655,1334,712.7636354360399,0.6669328806373646,830.0,523.9566265060241,0.6395412066738224,810,1009.0473684210526,935.5,610.6543869996938,760,0.4758535102197843,0.8532293215616218,0.41093374637766444,5,608.75
db9,1.0,antisymmetric,5.895031173794911e-27,321.76693140804014,6215202.564071,0.5945945945945946,264.7179981874167,206,raw,4.9811287780560914e-14,-2.0716839355117424e-10,6.434450778463091,90740.19095311563,0.8482166044834623,5.618943883690066e-06,1.0,327.0,,,,[],[],13,661.1538461538462,86.99999999999997,940.0,"[8, 32, 51, 63, 81, 100, 111, 133, 152, 162, 175, 192, 204]","[878.0, 637.9999999999999, 787.0000000000003, 791.9999999999998, 940.0, 788.0, 637.0000000000002, 675.0000000000002, 771.0000000000002, 196.00000000000006, 833.9999999999999, 572.0, 86.99999999999997]","[0, 13, 39, 39, 76, 99, 107, 107, 107, 161, 99, 187, 203]","[76, 39, 61, 76, 205, 164, 119, 142, 164, 164, 205, 205, 205]",37754613.0,941.0,-941.0,0.0,,,,DWT,mdp.39015067403892,0.0,,0.0,33.0,19.0,0.0,28.5,,0.0,256.3413461538462,4359.0,256.3413461538462,,0.0,256.3413461538462,,,83.99999999999997,0.0,19.5,0.0,0.0,,0.0,4.4589581800950384e-14,3.37483692868603e-27,0.9734701130886237,0.8265647110512737,0.0005393304096768738,0.28088803088803105,0.002671826340810819,0.9999999997235068,0.47422802461156727,6.6959667625959335e-09,6.6959667625959335e-09,6.082000342865356e-09,,0.0,0.9999999933040264,0.0,,,,,,0.0,1.0,0.0,0.0,0.0,0.7422684098776635,0.2426715936821067,927,1.5110580313646025,0.725766289669425,604,0,0.2061856697824606,0.24635434482996527,927,0.0,0.385516751437746,0.7002320776224361,647,174.9540415842591,0.8166100193037116,776.25,746.4467042678106,0.5014653870103464,875,db,0.540986235965534,0.9305070477545101,0.3421575204977732,3,657.0,4.458958180095037e-14,0.0001547883299646835,3.374836928686029e-27,0.9734701130886237,0.8265647110512738,0.0015722524743557807,0.45953058321479406,0.0050312061667796,0.9999999997235067,0.9919828214562011,0.9855281704452468,0.9855281704452468,0.9855281704451347,,0.0,0.9999999999667601,0.0,,,,,1.0,,0.0,1.0,0.25,0.0,0.0,0.0,2.2095701998209285,0.6304403968407327,936,1.584021701757024,0.7322697153839249,1362,301.22748878546923,0.8421239576596073,1149.0,1109.5143603133158,0.619961349898986,784,0.49117026184683504,0.8233619396015222,0.4091722348267588,4,589.0,,,,,,,,,,,,,2.9939130853572847e-19,0.03641360043841643,3.374836928686029e-27,0.9807562765313282,0.25552075772616556,0.0016290868731003722,0.34764340852826875,1.0,0.0050312061667796,0.9999999999999541,0.0008499884728391218,0.0007982210227401261,0.0007982210227401261,0.0007982210227337874,,0.0,0.0,0.020163910573049823,0.0,,,,,0.4782608695652174,,0.0,1.0,0.7906976744186046,0.0,0.0,0.9302325581395349,0.5674759776446953,0.17675400427451057,913,1.6690226142279558,0.8101591065324818,1435,369.10973977937783,0.8275188131872067,1174.0,1115.9752981260647,0.6394603411730426,811,1009.0473684210526,935.5,610.6543869996938,760,0.4758535102197843,0.8532293215616218,0.41093374637766444,5,609.5
sym12,1.0,antisymmetric,1.0724253339652202e-22,279.16812182059016,6470063.538822612,0.6491228070175439,310.594397473289,206,raw,8.059292176447395e-12,-2.331909110258185e-10,6.4460684581046195,104646.50360943776,0.8503563419502971,5.618943883689598e-06,0.9999999999999997,326.99999999999727,,,,[],[],13,661.1538461538726,87.00000000000361,940.000000000039,"[8, 32, 51, 63, 81, 100, 111, 133, 152, 162, 175, 192, 204]","[878.000000000017, 638.0000000000323, 787.0000000000321, 792.0000000000368, 940.000000000039, 788.0000000000314, 637.0000000000279, 675.0000000000133, 771.0000000000341, 196.00000000001393, 834.0000000000379, 572.0000000000239, 87.00000000000361]","[0, 13, 42, 42, 76, 99, 107, 107, 107, 161, 164, 187, 203]","[76, 42, 61, 76, 205, 164, 119, 142, 164, 164, 205, 205, 205]",37754613.0000009,941.0000000000261,-941.0000000000261,0.0,,,,DWT,mdp.39015067403892,9.015202522277832e-07,,0.0,33.0,19.0,0.0,28.5,,2.6147972675971687e-11,256.34134615387256,4358.999999999656,256.34134615387256,,0.0,256.34134615387256,,,84.00000000000361,0.0,28.5,3.89945853385143e-11,2.6147972675971687e-11,,2.7284841053187847e-12,1.0164707640008092e-11,7.589112093356277e-23,0.8162708618126574,0.8305780365705538,0.00082614650251881,0.6898496240601506,0.00379772309042453,0.9999999997231146,0.4742280246157934,6.7163912263533094e-09,6.7163912263533094e-09,6.1024248066352735e-09,,1.3724522103217282e-10,0.9999999932835478,4.669246559924407e-11,,,,,,8.923195957864946e-12,1.0,1.0,3.274838034754917e-11,3.274838034754917e-11,0.8422684099966038,0.2753648338552587,61,1.582923547376656,0.7602835403829165,422,0,0.28951900314107554,0.3459225095997025,61,0.0,0.4176652989711981,0.7586249857073342,307,181.4063119078275,0.8098466332203066,212.75,104.12902163207356,0.7934191237380359,146,sym,0.8243425715244881,0.7368036147090654,0.2019191155201387,6,111.0,1.016470764000809e-11,0.00015478832996140834,7.589112093356276e-23,0.8162708618126574,0.830578036570554,0.0018587721486593837,0.766897506925208,0.006154439381814302,0.9999999997231145,0.9919828214562656,0.9855281704455423,0.9855281704455423,0.9855281704454304,,2.940386623583877e-11,0.9999999999666586,2.601988834684467e-11,,,,,1.0,,8.923195957864945e-12,1.0,0.75,3.274838034754917e-11,3.274838034754917e-11,0.0,2.2595701998664373,0.6447065287216215,57,1.6152481363612936,0.7467052324950603,1238,835.0931085813127,0.5623201736995216,647.5,108.98223938223938,0.6114797933487126,820,0.7763846615972358,0.5622554397616224,0.28785410495344815,6,616.5,,,,,,,,,,,,,6.824968968783366e-17,0.03641360043841331,7.589112093356276e-23,0.8667301997846627,0.2567614203917467,0.0016960872286171408,0.5801721866566024,0.9999999999999997,0.006154439381814302,0.999999999999954,0.0008499884728391705,0.0007982210227403655,0.0007982210227403655,0.0007982210227340268,,0.0,2.297462596574721e-17,0.02016391057304823,2.419566176502158e-16,,,,,0.4782608695652174,,2.8232789040305166e-19,1.0,0.9302325581395349,1.0973232943066667e-16,1.0973232943066667e-16,0.9302325581395349,0.5814294660167878,0.18110015290550932,207,1.694721604227852,0.8226336353972293,1317,784.8885271170677,0.6332296602256693,762.0,357.7677165354331,0.6385774469352645,812,1409.1368421052632,1454.5,398.32527672708756,380,0.6645304607900322,0.5565550872278735,0.3678621512786154,7,610.75
coif11,1.0,symmetric,2.4616504112390294e-26,313.3351349715734,6064900.899824785,0.5222222222222223,92.71970407150422,206,smoothed,1.1385929955068405e-13,-2.2136610322576242e-10,6.6189072929546295,30226.401406910245,0.9814236499591089,0.00014966566451320268,0.9999999999999997,362.4000000000001,,,,[],[],11,426.59999999999997,32.19999999999996,728.3999999999997,"[9, 31, 53, 64, 80, 102, 131, 148, 158, 175, 192]","[310.9999999999997, 417.80000000000007, 589.6000000000001, 432.2, 728.3999999999997, 371.0, 587.0000000000001, 32.19999999999996, 448.19999999999993, 368.0, 407.19999999999993]","[1, 1, 1, 60, 1, 94, 120, 144, 144, 165, 186]","[20, 40, 75, 75, 205, 120, 205, 149, 205, 186, 205]",30736475.84000001,728.3999999999997,-728.3999999999997,0.0,,,,DWT,mdp.39015067403892,1.4901161193847656e-08,,0.0,15.0,11.0,0.0,33.0,,2.2737367544323206e-13,168.40000000000003,987.7999999999993,168.39999999999998,,0.0,168.40000000000003,,,27.99999999999997,0.0,33.0,2.2737367544323206e-13,2.2737367544323206e-13,,1.1368683772161603e-13,2.012960119279447e-13,6.725476376740519e-26,0.9552639780326848,0.6989487788472157,0.5356824313167518,0.0628534426937195,0.014724863723363117,,0.9999996646849938,4.4059199552998455e-09,4.4059199552998455e-09,3.67866784340914e-09,,1.2251610931599486e-12,0.9999999955940747,1.5171946557926922e-13,,,,,,3.1786782849947497e-13,0.0,1.0,3.4954031196328703e-13,3.4954031196328703e-13,0.8999999009506751,0.3383296774327209,574,1.221505314468488,0.6201189934543743,119,0,0.24999997273099747,0.35570077877965045,576,0.0,0.32392478494484805,0.5714909900232695,127,260.98403527163623,0.7264318288557272,349.0,202.4737382606428,0.6803018683062703,366,coif,0.5556920286951962,0.9053407607371553,0.33941335169221604,4,275.5,1.2551535583260226e-13,0.9999999999705134,1.6623390842496684e-26,0.942354875372816,0.8902851836110576,0.001403280414474563,0.051578947368421446,0.0001434188671738841,0.9999999997232927,2.0315811922799742e-05,4.745387416349445e-11,4.745387416349445e-11,3.962102868015904e-11,,1.2251610931599486e-12,0.0031261328403482946,1.5171946557926922e-13,,,,,0.0,,1.4749084227875944e-13,0.0,1.0,2.847685247612971e-13,2.847685247612971e-13,1.0,0.3015691612049857,0.08604450842087126,1350,1.7319461036112025,0.8006529701865237,426,653.36666581637,0.6575646405574581,888.0,647.6351351351351,0.5960779177630058,885,0.4784248188775415,0.776734912893196,0.43208215291776214,2,664.25,,,,,,,,,,,,,8.427575479806234e-19,0.9999999999715827,1.6623390842496684e-26,0.958186522191055,0.2752190381069442,0.0015895740957947338,0.039020430253010774,0.9999999999999997,0.0001434188671738841,0.9999999999999541,9.960751159770391e-05,3.8434858594393884e-14,3.8434858594393884e-14,3.2090649582094954e-14,,0.0,9.572760819061336e-19,0.004567040150618464,1.4108257588933865e-18,,,,,0.13043478260869565,,4.666576700876887e-21,0.7209302325581395,1.0,9.54194168962319e-19,9.54194168962319e-19,1.0,0.42658033862811345,0.13286867808967343,1384,1.8289817590555326,0.8878047637874947,595,557.907250356186,0.7392956774036514,989.5,832.2182920667003,0.638456249916779,813,986.6382352941176,846.0,585.0035688138154,340,0.4652856568234462,0.8173890317607586,0.42908333069536003,4,610.75
coif5,1.0,reflect,6.984819537826518e-27,318.80584684230575,5436218.360592845,0.5213675213675214,91.11702905055931,206,smoothed,5.6075963721455487e-14,-2.042576108252096e-10,6.408618530972968,30589.819761478553,0.9804940774528166,0.00014966566451320265,0.9999999999999999,362.4,,,,[],[],11,426.59999999999997,32.200000000000045,728.4000000000001,"[9, 31, 53, 64, 80, 102, 131, 148, 158, 175, 192]","[310.9999999999998, 417.79999999999995, 589.6, 432.19999999999993, 728.4000000000001, 371.0000000000001, 587.0, 32.200000000000045, 448.20000000000005, 368.0, 407.20000000000005]","[0, 0, 0, 60, 0, 94, 120, 144, 144, 165, 186]","[20, 40, 75, 75, 203, 120, 203, 149, 203, 186, 203]",30736475.84,728.4000000000001,-728.4000000000001,0.0,,,,DWT,mdp.39015067403892,3.725290298461914e-09,,0.0,33.0,11.0,0.0,33.0,,1.1368683772161603e-13,168.40000000000003,987.7999999999993,168.40000000000003,,0.0,168.40000000000003,,,28.000000000000057,0.0,15.0,1.1368683772161603e-13,1.1368683772161603e-13,,0.0,7.435411696002099e-14,1.5653881809973952e-26,0.9760494712319143,0.3956274144234202,0.26588025599149556,0.05698251672782269,0.0177386316181075,,0.9999996647593375,4.4059199552998455e-09,4.4059199552998455e-09,3.6787269888316428e-09,,0.0,0.9999999955940747,7.585973278963461e-14,,,,,,7.946695712486874e-14,1.0,0.0,1.7477015598164352e-13,1.7477015598164352e-13,0.8999999009721563,0.3383296774407962,422,0.9462719772850009,0.4803918731564335,236,0,0.24999997273704033,0.35570077878824824,422,0.0,0.24461118428469072,0.43156033244391506,249,103.77017876056685,0.8912262277142905,332.25,307.8654491958361,0.7714778937313591,193,coif,0.5556920286951962,0.9053407607371553,0.33941335169221604,4,145.75,5.2505108537267445e-14,0.9999999999705131,4.146043336583095e-27,0.9625430406843423,0.8176409654091679,0.000696503252703709,0.0467611336032393,0.00017277269927105064,0.9999999997235506,2.0315811924354055e-05,4.745387416349445e-11,4.745387416349445e-11,3.962169481397382e-11,,0.0,0.0031261328403482946,7.585973278963461e-14,,,,,0.0,,3.687271056968986e-14,1.0,0.0,1.4238426238064856e-13,1.4238426238064856e-13,1.0,0.3015691612042236,0.08604450842065381,1567,1.7054681211431353,0.78841259199958,684,624.3752877877215,0.672759283130125,1125.5,952.3127498889384,0.5414372935566767,1254,0.4784248188775415,0.776734912893196,0.43208215291776214,2,941.0,,,,,,,,,,,,,3.5253914737204165e-19,0.9999999999715825,4.146043336583095e-27,0.9728302133568946,0.25276210832129753,0.00142429985686201,0.03537566478981746,0.9999999999999999,0.00017277269927105064,0.9999999999999541,9.960751159770499e-05,3.8434858594393884e-14,3.8434858594393884e-14,3.20911916831812e-14,,0.0,0.0,0.004567040150618464,7.054128794466933e-19,,,,,0.13043478260869565,,1.1666441752192217e-21,1.0,0.7209302325581395,4.770970844811595e-19,4.770970844811595e-19,1.0,0.42658033862811345,0.13286867808967343,1392,1.8250107070903083,0.8858771782145285,641,531.0371926710972,0.7518517791256556,1016.5,877.7884899163797,0.6384258895628279,814,986.6382352941176,846.0,585.0035688138154,340,0.4652856568234462,0.8173890317607586,0.42908333069536003,4,611.5
db11,1.0,periodization,7.19370368044836e-27,320.90226702251175,5973953.228040773,0.6116504854368932,279.1918306441835,206,raw,6.092230472329478e-14,-2.1079482603881003e-10,6.319870872571605,63117.30860590065,0.7620201191779385,5.618943883690064e-06,1.0,327.00000000000006,,,,[],[],13,661.1538461538462,87.00000000000006,940.0000000000001,"[8, 32, 51, 63, 81, 100, 111, 133, 152, 162, 175, 192, 204]","[878.0000000000001, 638.0000000000001, 787.0, 792.0, 940.0000000000001, 788.0, 637.0, 675.0, 771.0000000000002, 195.99999999999983, 834.0000000000001, 572.0, 87.00000000000006]","[0, 13, 42, 42, 76, 99, 107, 107, 107, 161, 99, 187, 203]","[76, 42, 61, 76, 205, 164, 119, 142, 164, 164, 205, 205, 205]",37754613.0,941.0000000000001,-941.0000000000001,0.0,,,,DWT,mdp.39015067403892,0.0,,0.0,33.0,19.0,0.0,28.5,,1.1368683772161603e-13,256.3413461538462,4359.0,256.3413461538462,,0.0,256.3413461538462,,,84.00000000000006,0.0,24.0,1.1368683772161603e-13,1.1368683772161603e-13,,5.684341886080802e-14,5.862854447159142e-14,4.2938635873904135e-27,0.9702793057555921,0.7869831014269848,0.00026783261748512067,0.40880721220527005,0.00043539500072065605,0.9999999997234521,0.47422802461166635,6.6959667625959335e-09,6.6959667625959335e-09,6.082000342865356e-09,,2.859275438170267e-12,0.9999999933040264,1.3612963731558036e-13,,,,,,0.0,1.0,0.5,1.4238426238064856e-13,1.4238426238064856e-13,0.7922684098792478,0.2590182137497579,465,1.539490093247385,0.7394223052770343,533,0,0.24785233644940885,0.2961384272000669,466,0.0,0.39584660584119546,0.7189946745355115,553,45.48534562545025,0.9523214406441821,504.25,501.1933882510891,0.7118787496721959,313,db,0.540986235965534,0.9305070477545101,0.3421575204977732,3,235.5,5.862854447159141e-14,0.0001547883299646835,4.2938635873904135e-27,0.9702793057555921,0.7869831014269849,0.0013010352695534057,0.5556719468574347,0.0028000655535788755,0.999999999723452,0.9919828214562026,0.9855281704452468,0.9855281704452468,0.9855281704451347,,6.125805465799743e-13,0.9999999999667601,7.585973278963461e-14,,,,,1.0,,0.0,1.0,0.5,1.4238426238064856e-13,1.4238426238064856e-13,0.0,2.2345701998213303,0.6375734627747994,475,1.5997448931544176,0.7395383133309892,1292,577.7062402294093,0.6972189516617351,883.5,694.6236559139785,0.6170843185981632,795,0.49117026184683504,0.8233619396015222,0.4091722348267588,4,597.25,,,,,,,,,,,,,3.9365421109468186e-19,0.036413600438416426,4.2938635873904135e-27,0.9784417919591252,0.2432846644741852,0.0015656648788230497,0.42037613313489364,1.0,0.0028000655535788755,0.9999999999999541,0.0008499884728391229,0.0007982210227401261,0.0007982210227401261,0.0007982210227337874,,0.0,4.786380409530668e-19,0.020163910573049823,7.054128794466933e-19,,,,,0.4782608695652174,,0.0,1.0,0.8604651162790697,4.770970844811595e-19,4.770970844811595e-19,0.9302325581395349,0.5744527218307418,0.17892707859001003,366,1.6896847994588748,0.820188723496919,1345,692.25753878163,0.6765151687936308,855.5,575.4178842782,0.638374406826722,815,1009.0473684210526,935.5,610.6543869996938,760,0.4758535102197843,0.8532293215616218,0.41093374637766444,5,612.5
bior2.6,1.0,periodization,5.3574305757804164e-27,322.1822269490562,6261360.426271416,0.6067961165048543,260.5165936761131,206,raw,4.9525956166326425e-14,-2.1524815263518625e-10,6.210765600615793,68618.4200065975,0.8297238626765008,5.618943883690064e-06,0.9999999999999999,327.0000000000001,,,,[],[],13,661.1538461538462,87.00000000000009,940.0000000000001,"[8, 32, 51, 63, 81, 100, 111, 133, 152, 162, 175, 192, 204]","[878.0000000000001, 638.0000000000002, 787.0, 792.0000000000001, 940.0000000000001, 788.0000000000001, 637.0000000000001, 675.0, 771.0000000000001, 196.00000000000006, 834.0000000000001, 572.0, 87.00000000000009]","[0, 13, 39, 39, 76, 99, 107, 107, 107, 161, 99, 187, 203]","[76, 39, 61, 76, 205, 164, 119, 142, 164, 164, 205, 205, 205]",37754613.0,941.0000000000001,-941.0000000000001,0.0,,,,DWT,mdp.39015067403892,0.0,,0.0,33.0,19.0,0.0,28.5,,1.1368683772161603e-13,256.3413461538462,4359.0,256.34134615384625,,0.0,256.3413461538462,,,84.00000000000009,0.0,19.5,1.1368683772161603e-13,1.1368683772161603e-13,,1.1368683772161603e-13,4.422906035618638e-14,2.9943951477293295e-27,0.9750026476532798,0.7492927031943597,0.0005912756621941043,0.3723994452149788,0.0008807814664486303,0.999999999723385,0.47422802461169933,6.6959667625959335e-09,6.6959667625959335e-09,6.082044361106239e-09,,5.718550876340534e-12,0.9999999933040264,1.3612963731558036e-13,,,,,,0.0,1.0,0.0,1.4238426238064856e-13,1.4238426238064856e-13,0.7422684098807005,0.24267159368309957,744,1.509255668582183,0.724900608721319,609,0,0.20618566978298686,0.24635434483059404,754,0.0,0.38727085661433625,0.7034181407638983,633,74.65922581972036,0.9217408534384482,685.0,678.868084468349,0.6018557516668133,532,bior,0.672619891330026,0.76736776154697,0.2989557476048908,5,400.25,4.4229060356186366e-14,0.0001547883299646835,2.9943951477293295e-27,0.9750026476532798,0.7492927031943598,0.0016241440425219277,0.5283086356668368,0.003244398368292317,0.9999999997233849,0.9919828214562032,0.9855281704452468,0.9855281704452468,0.9855281704451354,,1.2251610931599486e-12,0.9999999999667601,7.585973278963461e-14,,,,,1.0,,0.0,1.0,0.25,1.4238426238064856e-13,1.4238426238064856e-13,0.0,2.2095701998216373,0.6304403968409349,757,1.5731276622128172,0.7272335626420977,1395,451.1341263970173,0.7635565375277686,1076.0,981.4265799256505,0.5998076188687061,872,0.5943810304597339,0.7715092316736338,0.3524805091760961,5,655.25,,,,,,,,,,,,,2.9697063126665425e-19,0.036413600438416426,2.9943951477293295e-27,0.9818679160745702,0.23163321240196638,0.0016412213051386077,0.39967528074685416,0.9999999999999999,0.003244398368292317,0.9999999999999541,0.0008499884728391233,0.0007982210227401261,0.0007982210227401261,0.0007982210227337879,,0.0,9.572760819061336e-19,0.020163910573049823,7.054128794466933e-19,,,,,0.4782608695652174,,0.0,1.0,0.7906976744186046,4.770970844811595e-19,4.770970844811595e-19,0.9302325581395349,0.5674759776446953,0.17675400427451057,765,1.67784991827586,0.8144439620518593,1414,458.91230099006935,0.7855549995373508,1089.5,992.8499311610832,0.6382214250023202,816,1104.4,1082.5,563.6960149978129,300,0.520820561188399,0.7876173146100969,0.3991404127850916,6,613.5
coif11,1.0,symmetric,2.9668614432425335e-26,314.74881982249934,7258091.351865639,0.6074074074074074,288.6699601512356,206,raw,1.1917112388597795e-13,-2.2414092804013132e-10,6.743968294312334,58976.597394042255,0.757459781362684,5.618943883690062e-06,0.9999999999999998,327.0000000000002,,,,[],[],13,661.1538461538463,87.00000000000006,940.0000000000002,"[8, 32, 51, 63, 81, 100, 111, 133, 152, 162, 175, 192, 204]","[878.0000000000002, 638.0, 787.0000000000002, 792.0000000000005, 940.0000000000002, 787.9999999999998, 637.0000000000003, 675.0000000000005, 771.0000000000002, 196.0, 834.0000000000001, 572.0000000000001, 87.00000000000006]","[0, 13, 42, 42, 76, 99, 107, 107, 107, 161, 164, 187, 203]","[76, 42, 61, 76, 205, 164, 119, 142, 164, 164, 205, 205, 205]",37754613.00000001,941.0000000000002,-941.0000000000002,0.0,,,,DWT,mdp.39015067403892,7.450580596923828e-09,,0.0,33.0,19.0,0.0,28.5,,2.2737367544323206e-13,256.3413461538463,4358.999999999998,256.3413461538463,,0.0,256.3413461538463,,,84.00000000000006,0.0,28.5,2.2737367544323206e-13,2.2737367544323206e-13,,2.2737367544323206e-13,1.3222693803435212e-13,2.0198598635870515e-26,0.9475716925153121,0.9334874859384077,0.0017129792496981514,0.37698412698412687,0.00010015061137486059,0.999999999723251,0.47422802461166635,6.696054799077647e-09,6.696054799077647e-09,6.082088379347123e-09,,1.1437101752681067e-11,0.9999999933039181,2.7225927463116073e-13,,,,,,7.374542113937972e-14,1.0,1.0,2.847685247612971e-13,2.847685247612971e-13,0.8422684098837238,0.2753648338183546,97,1.586976959030781,0.7622304077272899,400,0,0.28951900311684453,0.3459225095707509,97,0.0,0.4074820543777879,0.7401286830382853,438,186.55294154743314,0.8044518432416843,258.0,157.470012926062,0.7670057958346786,211,coif,0.5507900112560971,0.8749445204262634,0.351963635992853,2,158.75,1.3222693803435212e-13,0.0001547883299646835,2.0198598635870515e-26,0.9475716925153121,0.9334874859384078,0.002744688372417531,0.5317543859649123,0.0024656142520750584,0.9999999997232509,0.9919828214562026,0.9855281704452481,0.9855281704452481,0.985528170445136,,2.4503221863198973e-12,0.9999999999667596,1.5171946557926922e-13,,,,,1.0,,7.374542113937972e-14,1.0,0.75,2.847685247612971e-13,2.847685247612971e-13,0.0,2.2595701998223823,0.6447065287090515,98,1.6503935391397246,0.7629524304097532,1110,715.5920625607861,0.6249517491819779,604.0,180.0993377483444,0.654194952159123,603,0.4784248188775415,0.776734912893196,0.43208215291776214,2,452.75,,,,,,,,,,,,,8.878216480813373e-19,0.03641360043841641,2.0198598635870515e-26,0.9619705935974723,0.28857441715785875,0.0019032517177369115,0.4022820547512741,0.9999999999999998,0.0024656142520750584,0.9999999999999541,0.0008499884728391229,0.0007982210227401272,0.0007982210227401272,0.0007982210227337884,,0.0,1.9145521638122673e-18,0.020163910573049813,1.4108257588933865e-18,,,,,0.4782608695652174,,2.3332883504384434e-21,1.0,0.9302325581395349,9.54194168962319e-19,9.54194168962319e-19,0.9302325581395349,0.5814294660167882,0.18110015290550946,175,1.6952443383291274,0.8228873753938196,1313,804.6875169902911,0.6239777957989294,744.0,308.8373655913978,0.6381571221985302,817,986.6382352941176,846.0,585.0035688138154,340,0.4652856568234462,0.8173890317607586,0.42908333069536003,4,613.75
bior3.7,1.0,symmetric,3.0567977135127206e-27,322.3947317441793,5293837.557326397,0.5318181818181819,83.4912688853235,206,smoothed,3.756218637100723e-14,-2.0377128873150286e-10,6.219768234881978,37080.86035589624,0.9921076800626372,0.00014966566451320274,0.9999999999999999,362.4000000000001,,,,[],[],11,426.60000000000014,32.2000000000001,728.3999999999999,"[9, 31, 53, 64, 80, 102, 131, 148, 158, 175, 192]","[311.0000000000001, 417.8000000000002, 589.6, 432.19999999999993, 728.3999999999999, 371.0000000000001, 587.0, 32.2000000000001, 448.2000000000001, 368.0, 407.20000000000005]","[1, 1, 1, 60, 1, 94, 120, 144, 144, 165, 186]","[20, 40, 75, 75, 205, 120, 205, 149, 205, 186, 205]",30736475.839999992,728.3999999999999,-728.3999999999999,0.0,,,,DWT,mdp.39015067403892,3.725290298461914e-09,,0.0,15.0,11.0,0.0,33.0,,1.1368683772161603e-13,168.4000000000002,987.7999999999975,168.40000000000006,,0.0,168.4000000000002,,,28.000000000000114,0.0,33.0,1.1368683772161603e-13,1.1368683772161603e-13,,1.1368683772161603e-13,3.368194138978785e-14,4.158134502025941e-27,0.9896851267888801,0.12322898027812597,0.20477684043811292,0.12876792967447026,0.0715677503211958,,0.9999996648089,4.406097391567225e-09,4.406097391567225e-09,3.6787565615428943e-09,,1.2251610931599486e-12,0.9999999955939026,7.585973278963461e-14,,,,,,7.946695712486874e-14,0.0,1.0,1.7477015598164352e-13,1.7477015598164352e-13,0.8999999009876668,0.3383296774466269,346,0.8379482584297241,0.42539940222068645,382,0,0.24999997274129032,0.3557007787942952,346,0.0,0.2168609467858313,0.38260140296803624,427,38.44801685392889,0.9596980955409551,375.25,372.4371120958456,0.7831771400136641,181,bior,0.8100315533562081,0.7923003667562746,0.1952878026237719,6,137.25,2.911262966201243e-14,0.9999999999705138,1.3663149955100176e-27,0.975786838456014,0.7524026617193027,0.0005364359790901366,0.10566985645933058,0.0006970635430033681,0.9999999997235579,2.0315811925353255e-05,4.745570603148508e-11,4.745570603148508e-11,3.9622027880881205e-11,,1.2251610931599486e-12,0.003126132840347795,7.585973278963461e-14,,,,,0.0,,3.687271056968986e-14,0.0,1.0,1.4238426238064856e-13,1.4238426238064856e-13,1.0,0.30156916120483745,0.08604450842082896,1401,1.7044884198043244,0.7879596906158827,700,495.68185361176984,0.7402086721112318,1050.5,933.5554497858162,0.5948160760975446,894,0.5943810304597339,0.7715092316736338,0.3524805091760961,5,671.75,,,,,,,,,,,,,1.9547320107945464e-19,0.9999999999715831,1.3663149955100176e-27,0.9824367368541274,0.23259461197318648,0.0013868693932654848,0.0799412061352262,0.9999999999999999,0.0006970635430033679,0.9999999999999541,9.960751159770586e-05,3.843648489765261e-14,3.843648489765261e-14,3.2091408523615694e-14,,0.0,9.572760819061336e-19,0.004567040150618456,7.054128794466933e-19,,,,,0.13043478260869565,,1.1666441752192217e-21,0.7209302325581395,1.0,4.770970844811595e-19,4.770970844811595e-19,1.0,0.42658033862811345,0.13286867808967343,1360,1.8387080906584508,0.8925260156471669,448,644.8813844421313,0.6986535586719013,904.0,673.9823008849557,0.6381118260649226,818,1104.4,1082.5,563.6960149978129,300,0.520820561188399,0.7876173146100969,0.3991404127850916,6,615.0
db19,1.0,antisymmetric,8.866095790481961e-27,317.7700745508157,5632175.07233095,0.5289256198347108,107.65609114740776,206,smoothed,6.503966728726405e-14,-2.003846644171863e-10,6.451809966123696,93020.10424526148,0.9942015886103504,0.00014966566451320282,0.9999999999999999,362.4,,,,[],[],11,426.59999999999997,32.200000000000045,728.3999999999997,"[9, 31, 53, 64, 80, 102, 131, 148, 158, 175, 192]","[311.0, 417.8, 589.6000000000001, 432.2, 728.3999999999997, 371.0, 587.0, 32.200000000000045, 448.20000000000016, 367.9999999999999, 407.1999999999998]","[1, 1, 1, 60, 1, 94, 120, 144, 144, 165, 186]","[20, 40, 75, 75, 205, 120, 205, 149, 205, 186, 205]",30736475.839999992,728.3999999999997,-728.3999999999997,0.0,,,,DWT,mdp.39015067403892,3.725290298461914e-09,,0.0,15.0,11.0,0.0,33.0,,2.2737367544323206e-13,168.40000000000003,987.7999999999993,168.40000000000003,,0.0,168.40000000000003,,,28.000000000000057,0.0,33.0,2.2737367544323206e-13,2.2737367544323206e-13,,0.0,9.404611812688518e-14,2.1159624238161294e-26,0.9721141446365046,0.4579269159178603,0.34997603374462904,0.10889896948410026,0.535462584390059,,0.9999996647593375,4.4059199552998455e-09,4.4059199552998455e-09,3.6787269888316428e-09,,0.0,0.9999999955940747,1.5171946557926922e-13,,,,,,7.946695712486874e-14,0.0,1.0,3.4954031196328703e-13,3.4954031196328703e-13,0.8999999009722641,0.3383296774408367,412,1.2449645831628393,0.6320285102756309,113,0,0.24999997273707575,0.35570077878829864,399,0.0,0.3463398068818925,0.6110371552862205,107,170.7071078387384,0.8210617318252218,257.75,172.94453868589483,0.7754417673801162,190,db,0.573477938514061,0.8443824841957417,0.34525069778143475,3,143.25,6.383090350272046e-14,0.9999999999705143,5.477358983691965e-27,0.9587208064413789,0.8325614395703873,0.0009168016066573746,0.0893649412788172,0.005215358098382627,0.999999999723609,2.0315811924354055e-05,4.745387416349445e-11,4.745387416349445e-11,3.962169481397382e-11,,0.0,0.0031261328403482946,1.5171946557926922e-13,,,,,0.0,,3.687271056968986e-14,0.0,1.0,2.847685247612971e-13,2.847685247612971e-13,1.0,0.30156916120431854,0.0860445084206809,1515,1.7298037240848465,0.7996625799385435,444,757.3113626507924,0.6030862879188719,979.5,686.7381316998469,0.544860754022329,1235,0.49117026184683504,0.8233619396015222,0.4091722348267588,4,927.25,,,,,,,,,,,,,4.285848162919971e-19,0.9999999999715837,5.477358983691965e-27,0.9700577168494733,0.25737456129967295,0.0014758148813381804,0.0676062354147497,0.9999999999999999,0.0052153580983826265,0.9999999999999541,9.960751159770499e-05,3.8434858594393884e-14,3.8434858594393884e-14,3.20911916831812e-14,,0.0,0.0,0.004567040150618464,1.4108257588933865e-18,,,,,0.13043478260869565,,1.1666441752192217e-21,0.7209302325581395,1.0,9.54194168962319e-19,9.54194168962319e-19,1.0,0.42658033862811345,0.13286867808967343,1356,1.8405884555968992,0.8934387622843317,420,661.8519471906085,0.6907233891632671,888.0,641.3513513513514,0.6378850590676148,819,1009.0473684210526,935.5,610.6543869996938,760,0.4758535102197843,0.8532293215616218,0.41093374637766444,5,615.5
coif7,1.0,periodization,2.124197079268071e-26,313.97545066889046,4961764.769258944,0.5242718446601942,91.80457529318704,206,smoothed,1.0198556918980764e-13,-2.1077426470839147e-10,6.194666065273908,31688.237398435296,0.9828125447725318,0.00014966566451320268,0.9999999999999997,362.4,,,,[],[],11,426.60000000000014,32.19999999999999,728.3999999999999,"[9, 31, 53, 64, 80, 102, 131, 148, 158, 175, 192]","[311.0000000000001, 417.8000000000002, 589.6000000000001, 432.1999999999999, 728.3999999999999, 371.00000000000034, 587.0, 32.19999999999999, 448.19999999999976, 367.99999999999983, 407.2000000000004]","[0, 0, 0, 60, 0, 94, 120, 144, 144, 165, 186]","[20, 40, 75, 75, 203, 120, 203, 149, 203, 186, 203]",30736475.840000004,728.3999999999999,-728.3999999999999,0.0,,,,DWT,mdp.39015067403892,7.450580596923828e-09,,0.0,33.0,11.0,0.0,33.0,,1.1368683772161603e-13,168.4000000000002,987.7999999999975,168.40000000000006,,0.0,168.4000000000002,,,28.0,0.0,15.0,1.1368683772161603e-13,1.1368683772161603e-13,,0.0,1.7521108950667124e-13,5.737885572496217e-26,0.9576968017467515,0.08702150887658053,0.06226618522510477,0.07693226515562712,0.026847626163012905,,0.999999664709775,4.406097391567225e-09,4.406097391567225e-09,3.6787565615428943e-09,,0.0,0.9999999955939026,7.585973278963461e-14,,,,,,1.5893391424973748e-13,1.0,0.0,1.7477015598164352e-13,1.7477015598164352e-13,0.8999999009573566,0.3383296774352326,549,0.690773884626402,0.3506837022853929,820,0,0.24999997273293442,0.35570077878240636,551,0.0,0.17296634102389316,0.30515943844580246,855,166.6040715788983,0.8253626084078634,693.75,663.8476932186549,0.5490806752731141,749,coif,0.5556920286951962,0.9053407607371553,0.33941335169221604,4,562.75,1.1051269152592849e-13,0.9999999999705134,1.423534761711801e-26,0.9447177852562919,0.7437311213613423,0.00016311327962661624,0.06313234542667362,0.0002614934985440938,0.9999999997234523,2.0315811923354854e-05,4.745570603148508e-11,4.745570603148508e-11,3.9622027880881205e-11,,0.0,0.003126132840347795,7.585973278963461e-14,,,,,0.0,,7.374542113937972e-14,1.0,0.0,1.4238426238064856e-13,1.4238426238064856e-13,1.0,0.3015691612042427,0.08604450842065926,1547,1.6641353239249148,0.7693050534971495,1024,369.81684656056433,0.8061756569389076,1285.5,1232.3049397121742,0.5662167592870638,1052,0.4784248188775415,0.776734912893196,0.43208215291776214,2,789.5,,,,,,,,,,,,,7.420239883265251e-19,0.9999999999715827,1.423534761711801e-26,0.9599004829226216,0.22991392825502854,0.0012995708381232244,0.04776079015018275,0.9999999999999997,0.0002614934985440938,0.9999999999999541,9.960751159770423e-05,3.843648489765261e-14,3.843648489765261e-14,3.2091408523615694e-14,,0.0,0.0,0.004567040150618456,7.054128794466933e-19,,,,,0.13043478260869565,,2.3332883504384434e-21,1.0,0.7209302325581395,4.770970844811595e-19,4.770970844811595e-19,1.0,0.42658033862811345,0.13286867808967343,1419,1.810755952751096,0.8789577878235011,787,446.89148570989806,0.7911722029393,1103.0,1012.4687216681776,0.6378758210958182,820,986.6382352941176,846.0,585.0035688138154,340,0.4652856568234462,0.8173890317607586,0.42908333069536003,4,616.0
db15,1.0,symmetric,7.051605612594872e-27,318.764518594817,5373846.827961614,0.5299145299145299,98.76594840050248,206,smoothed,5.910482459446199e-14,-1.9896067016134146e-10,6.388977291751878,31513.181732933193,0.9811046301511629,0.00014966566451320263,1.0,362.40000000000003,,,,[],[],11,426.6,32.200000000000074,728.3999999999999,"[9, 31, 53, 64, 80, 102, 131, 148, 158, 175, 192]","[311.0000000000003, 417.7999999999999, 589.6000000000001, 432.19999999999993, 728.3999999999999, 370.99999999999994, 587.0, 32.200000000000074, 448.19999999999993, 368.0000000000001, 407.1999999999998]","[0, 0, 0, 60, 0, 94, 120, 144, 144, 165, 186]","[20, 40, 75, 75, 203, 120, 203, 149, 203, 186, 203]",30736475.839999992,728.3999999999999,-728.3999999999999,0.0,,,,DWT,mdp.39015067403892,3.725290298461914e-09,,0.0,33.0,11.0,0.0,33.0,,1.1368683772161603e-13,168.4000000000001,987.7999999999984,168.40000000000003,,0.0,168.4000000000001,,,28.000000000000085,0.0,15.0,1.1368683772161603e-13,1.1368683772161603e-13,,5.684341886080802e-14,8.100810003829039e-14,1.584933791321514e-26,0.9758924481556838,0.36729681119301666,0.23911320882197357,0.11569177638679073,0.025395918680846688,,0.9999996647841187,4.4059791007223055e-09,4.4059791007223055e-09,3.6787269888316428e-09,,6.125805465799743e-13,0.9999999955939887,7.585973278963461e-14,,,,,,7.946695712486874e-14,1.0,0.0,1.7477015598164352e-13,1.7477015598164352e-13,0.8999999009798895,0.33832967744370324,367,0.9451755569279846,0.47983525577610575,237,0,0.24999997273915917,0.35570077879126294,367,0.0,0.24619859474834183,0.434360954130211,247,72.2841614740048,0.9242304387064939,304.5,291.5965470672467,0.8025240243846935,137,db,0.573477938514061,0.8443824841957417,0.34525069778143475,3,103.5,5.633212679759969e-14,0.9999999999705129,4.193305585400933e-27,0.9623905300948516,0.8108559025542312,0.0006263839602826802,0.09493927125506099,0.0002473539963747267,0.9999999997236304,2.0315811924853655e-05,4.745454029730922e-11,4.745454029730922e-11,3.962169481397382e-11,,6.125805465799743e-13,0.0031261328403480726,7.585973278963461e-14,,,,,0.0,,3.687271056968986e-14,1.0,0.0,1.4238426238064856e-13,1.4238426238064856e-13,1.0,0.30156916120453037,0.08604450842074134,1463,1.7212501112953653,0.7957083717380434,533,657.6093065034892,0.6553410343273118,998.0,781.3416833667334,0.5661401188408048,1055,0.49117026184683504,0.8233619396015222,0.4091722348267588,4,792.25,,,,,,,,,,,,,3.7823519471031424e-19,0.9999999999715824,4.193305585400933e-27,0.972719588248691,0.25066460236836613,0.0014079030159392639,0.07182331942175013,1.0,0.00024735399637472715,0.9999999999999541,9.960751159770543e-05,3.8435400695480126e-14,3.8435400695480126e-14,3.20911916831812e-14,,0.0,4.786380409530668e-19,0.00456704015061846,7.054128794466933e-19,,,,,0.13043478260869565,,1.1666441752192217e-21,1.0,0.7209302325581395,4.770970844811595e-19,4.770970844811595e-19,1.0,0.42658033862811345,0.13286867808967343,1363,1.8384962750000737,0.892423198355731,452,644.1742776609448,0.6989839824014277,907.5,678.8716253443525,0.63745928092034,821,1009.0473684210526,935.5,610.6543869996938,760,0.4758535102197843,0.8532293215616218,0.41093374637766444,5,617.0
rbio1.3,1.0,reflect,4.5455850304457504e-27,320.6715008808635,4915535.223610291,0.5238095238095238,90.0931379035854,206,smoothed,4.7754680468925164e-14,-2.1303110386838908e-10,6.215104974888505,31884.44990668935,0.978988489739278,0.00014966566451320263,0.9999999999999999,362.4000000000001,,,,[],[],11,426.59999999999997,32.20000000000002,728.4000000000001,"[9, 31, 53, 64, 80, 102, 131, 148, 158, 175, 192]","[311.00000000000006, 417.79999999999995, 589.6, 432.20000000000005, 728.4000000000001, 371.00000000000017, 587.0000000000001, 32.20000000000002, 448.2, 368.0, 407.2]","[0, 0, 0, 60, 0, 94, 120, 144, 144, 165, 186]","[20, 40, 75, 75, 203, 120, 203, 149, 203, 186, 203]",30736475.840000007,728.4000000000001,-728.4000000000001,0.0,,,,DWT,mdp.39015067403892,1.1175870895385742e-08,,0.0,33.0,11.0,0.0,33.0,,1.1368683772161603e-13,168.40000000000003,987.7999999999993,168.40000000000006,,0.0,168.40000000000003,,,28.00000000000003,0.0,15.0,1.1368683772161603e-13,1.1368683772161603e-13,,1.1368683772161603e-13,5.6073423236092226e-14,8.515218947128244e-27,0.9831378612343229,0.11650267512252077,0.042426550430184506,0.07375659091609926,0.02847478381889346,,0.9999996647345563,4.4059199552998455e-09,4.4059199552998455e-09,3.6787565615428943e-09,,1.2251610931599486e-12,0.9999999955940747,7.585973278963461e-14,,,,,,2.3840087137460624e-13,1.0,0.0,1.7477015598164352e-13,1.7477015598164352e-13,0.8999999009654228,0.3383296774382649,440,0.7102398794109602,0.36056596227182686,777,0,0.24999997273509303,0.3557007787854776,442,0.0,0.17775692307458246,0.3136113217414949,819,206.8276254920185,0.7831995539915948,619.5,567.9258304827396,0.5669142424046024,697,rbio,0.7685897546424816,0.816051598246696,0.21717169227625407,5,524.0,4.199102278290269e-14,0.9999999999705129,2.419879482624813e-27,0.9694277264500136,0.7507917393223773,0.00011114112353106313,0.06052631578947404,0.00027734186985020224,0.9999999997234184,2.0315811923854454e-05,4.745387416349445e-11,4.745387416349445e-11,3.9622027880881205e-11,,1.2251610931599486e-12,0.0031261328403482946,7.585973278963461e-14,,,,,0.0,,1.1061813170906958e-13,1.0,0.0,1.4238426238064856e-13,1.4238426238064856e-13,1.0,0.30156916120487304,0.0860445084208391,1380,1.681429539037226,0.7772999123832578,917,327.3904396893715,0.8284117192403714,1148.5,1101.837178929038,0.6132362579430368,814,0.3888041033402703,1.0,0.4278371276618108,3,611.25,,,,,,,,,,,,,2.819436009480329e-19,0.9999999999715824,2.419879482624813e-27,0.9778240902432099,0.23209661816096952,0.001287417561236258,0.04578928039894109,0.9999999999999999,0.00027734186985020224,0.9999999999999541,9.960751159770467e-05,3.8434858594393884e-14,3.8434858594393884e-14,3.2091408523615694e-14,,0.0,9.572760819061336e-19,0.004567040150618464,7.054128794466933e-19,,,,,0.13043478260869565,,3.499932525657665e-21,1.0,0.7209302325581395,4.770970844811595e-19,4.770970844811595e-19,1.0,0.42658033862811345,0.13286867808967343,1403,1.8218131209060018,0.8843250401284087,681,510.5310960166873,0.7614340672819219,1042.0,916.9318618042225,0.6372590897157273,822,818.67,599.5,715.6978453131971,300,0.38607403914171184,1.0,0.42974817260080167,3,617.25
bior3.3,1.0,periodization,1.703433144200076e-27,327.1585415366724,6910653.774449614,0.6067961165048543,230.2452993405084,206,raw,2.294976470637529e-14,-2.0785928533939855e-10,6.000461714888917,81139.15520025746,0.8906465356959956,5.618943883690066e-06,1.0,327.00000000000006,,,,[],[],13,661.1538461538462,86.99999999999996,940.0000000000001,"[8, 32, 51, 63, 81, 100, 111, 133, 152, 162, 175, 192, 204]","[878.0, 638.0, 787.0, 792.0, 940.0000000000001, 788.0, 636.9999999999999, 674.9999999999999, 771.0, 196.00000000000006, 834.0, 572.0, 86.99999999999996]","[0, 13, 39, 39, 76, 99, 107, 107, 107, 161, 99, 187, 203]","[76, 39, 61, 76, 205, 164, 119, 142, 164, 164, 205, 205, 205]",37754613.0,941.0000000000001,-941.0000000000001,0.0,,,,DWT,mdp.39015067403892,0.0,,0.0,33.0,19.0,0.0,28.5,,1.1368683772161603e-13,256.3413461538462,4359.0,256.34134615384613,,0.0,256.3413461538462,,,83.99999999999996,0.0,19.5,1.1368683772161603e-13,1.1368683772161603e-13,,5.684341886080802e-14,1.0649581379866733e-14,4.085846117742532e-28,0.9933663750640429,0.6766432604971758,0.0013219790639770858,0.3723994452149788,0.0018944977121355777,0.9999999997234964,0.4742280246115508,6.6959667625959335e-09,6.6959667625959335e-09,6.0819563246244724e-09,,2.859275438170267e-12,0.9999999933040264,1.3612963731558036e-13,,,,,,0.0,1.0,0.0,1.4238426238064856e-13,1.4238426238064856e-13,0.7422684098791998,0.24267159368260896,835,1.4847200218792498,0.7131160545198192,656,0,0.2061856697827289,0.24635434483028582,835,0.0,0.38070319465947716,0.6914889896735197,684,95.94616546098477,0.8994274995167875,752.5,743.275015523422,0.5553217162154168,688,bior,0.672619891330026,0.76736776154697,0.2989557476048908,5,517.25,1.0649581379866733e-14,0.0001547883299646835,4.085846117742518e-28,0.9933663750640429,0.6766432604971759,0.002354092277353971,0.5283086356668368,0.004255716464882007,0.9999999997234963,0.9919828214562009,0.9855281704452468,0.9855281704452468,0.9855281704451341,,6.125805465799743e-13,0.9999999999667601,7.585973278963461e-14,,,,,1.0,,0.0,1.0,0.25,1.4238426238064856e-13,1.4238426238064856e-13,0.0,2.20957019982133,0.6304403968408472,826,1.5485906786667696,0.7158904794395669,1460,448.3056992722711,0.7650389416811996,1143.0,1055.0831146106736,0.5829911689538073,962,0.5943810304597339,0.7715092316736338,0.3524805091760961,5,722.75,,,,,,,,,,,,,7.150531527541881e-20,0.03641360043841643,4.085846117742518e-28,0.995188232641591,0.2091746675376956,0.0018119139159041842,0.39967528074685416,1.0,0.004255716464882007,0.9999999999999541,0.0008499884728391216,0.0007982210227401261,0.0007982210227401261,0.0007982210227337869,,0.0,4.786380409530668e-19,0.020163910573049823,7.054128794466933e-19,,,,,0.4782608695652174,,0.0,1.0,0.7906976744186046,4.770970844811595e-19,4.770970844811595e-19,0.9302325581395349,0.5674759776446953,0.17675400427451057,784,1.6751027093279556,0.8131104412668688,1421,450.4270196158308,0.7895200842916679,1102.5,1010.4888888888889,0.6371665842019087,823,1104.4,1082.5,563.6960149978129,300,0.520820561188399,0.7876173146100969,0.3991404127850916,6,618.75
db17,1.0,periodization,1.0704310684668105e-26,316.9518116856427,4964987.902229446,0.5339805825242718,102.85785624171899,206,smoothed,7.130101398046047e-14,-1.98999594580585e-10,6.190644659214233,31688.23739843528,0.9838000745449391,0.0001496656645132028,1.0,362.39999999999986,,,,[],[],11,426.6,32.200000000000045,728.4,"[9, 31, 53, 64, 80, 102, 131, 148, 158, 175, 192]","[310.9999999999999, 417.8, 589.5999999999999, 432.1999999999999, 728.4, 371.0, 587.0000000000001, 32.200000000000045, 448.2, 368.00000000000034, 407.2000000000004]","[1, 1, 1, 60, 1, 94, 120, 144, 144, 165, 186]","[20, 40, 75, 75, 204, 120, 204, 149, 204, 186, 204]",30736475.839999992,728.4,-728.4,0.0,,,,DWT,mdp.39015067403892,3.725290298461914e-09,,0.0,15.0,11.0,0.0,33.0,,0.0,168.4000000000001,987.7999999999984,168.40000000000003,,0.0,168.4000000000001,,,28.000000000000057,0.0,33.0,0.0,0.0,,1.1368683772161603e-13,1.0780141977015668e-13,2.653934330959539e-26,0.9690052261591442,0.08122101644213939,0.06364940844594737,0.14362142418571724,0.026847626163012783,,0.9999996647593375,4.4059791007223055e-09,4.4059791007223055e-09,3.6787269888316428e-09,,1.2251610931599486e-12,0.9999999955939887,0.0,,,,,,7.946695712486874e-14,0.0,1.0,0.0,0.0,0.8999999009726535,0.3383296774409831,391,0.7220259682790542,0.3665493808284841,733,0,0.24999997273710967,0.3557007787883469,392,0.0,0.18347781448515268,0.3237045225337685,760,205.25593779474445,0.7848470253723853,569.0,513.5703835811389,0.5942054833360878,602,db,0.573477938514061,0.8443824841957417,0.34525069778143475,3,452.25,7.174222367681227e-14,0.999999999970514,6.778201562193807e-27,0.9557012312232485,0.7423419273001644,0.00016673678852139858,0.11785896780786931,0.0002614934985440925,0.9999999997236299,2.0315811924354055e-05,4.745454029730922e-11,4.745454029730922e-11,3.962169481397382e-11,,1.2251610931599486e-12,0.0031261328403480726,0.0,,,,,0.0,,3.687271056968986e-14,0.0,1.0,0.0,0.0,1.0,0.30156916120474164,0.08604450842080162,1428,1.691923255181485,0.7821510015607309,833,420.72853480599576,0.7794923821771511,1130.5,1052.2105263157896,0.5934935705435022,900,0.49117026184683504,0.8233619396015222,0.4091722348267588,4,676.0,,,,,,,,,,,,,4.817044106793114e-19,0.9999999999715835,6.778201562193807e-27,0.9678674372344614,0.2294844786131615,0.0013004181669663785,0.08916249492626177,1.0,0.00026149349854409296,0.9999999999999541,9.960751159770499e-05,3.8435400695480126e-14,3.8435400695480126e-14,3.20911916831812e-14,,0.0,9.572760819061336e-19,0.00456704015061846,0.0,,,,,0.13043478260869565,,1.1666441752192217e-21,0.7209302325581395,1.0,0.0,0.0,1.0,0.42658033862811345,0.13286867808967343,1383,1.8318825060921198,0.8892128133893422,550,589.0199487283941,0.7247570333044888,966.5,787.0150025866529,0.6365607596428986,824,1009.0473684210526,935.5,610.6543869996938,760,0.4758535102197843,0.8532293215616218,0.41093374637766444,5,619.25
rbio3.9,1.0,periodization,4.756412487668614e-27,320.47460363591307,4838176.096580588,0.529126213592233,144.22792892532664,206,smoothed,4.3964521181389487e-14,-2.0430268588000936e-10,6.266319312948118,29654.647463711433,0.9536082130523436,0.00014966566451320274,1.0,362.4000000000001,,,,[],[],11,426.59999999999997,32.19999999999999,728.4000000000001,"[9, 31, 53, 64, 80, 102, 131, 148, 158, 175, 192]","[310.9999999999997, 417.79999999999995, 589.6000000000001, 432.19999999999993, 728.4000000000001, 371.0, 587.0, 32.19999999999999, 448.1999999999999, 368.0000000000001, 407.19999999999993]","[0, 0, 0, 60, 0, 94, 120, 144, 144, 165, 186]","[20, 40, 75, 75, 203, 120, 203, 149, 203, 186, 203]",30736475.840000004,728.4000000000001,-728.4000000000001,0.0,,,,DWT,mdp.39015067403892,7.450580596923828e-09,,0.0,33.0,11.0,0.0,33.0,,1.1368683772161603e-13,168.40000000000003,987.7999999999993,168.39999999999998,,0.0,168.40000000000003,,,28.0,0.0,15.0,1.1368683772161603e-13,1.1368683772161603e-13,,1.1368683772161603e-13,4.7746974177976676e-14,9.132226510276049e-27,0.9823897673038494,0.1903744443598045,0.009227504088965055,0.11027684467067218,0.0099834034860206,,0.999999664709775,4.4059199552998455e-09,4.4059199552998455e-09,3.67866784340914e-09,,1.2251610931599486e-12,0.9999999955940747,7.585973278963461e-14,,,,,,1.5893391424973748e-13,1.0,0.0,1.7477015598164352e-13,1.7477015598164352e-13,0.8999999009579221,0.33832967743544523,531,0.7373389338693859,0.37432328135613746,697,0,0.2499999727330139,0.35570077878251943,531,0.0,0.18603599484419425,0.32821784505182056,727,105.21565156065581,0.8897110570643021,621.5,608.2064329316188,0.619121775911606,515,rbio,0.7685897546424816,0.816051598246696,0.21717169227625407,5,387.5,3.720209076815188e-14,0.9999999999705138,2.56907495152248e-27,0.9687011310407929,0.7684837239724762,2.4172485423312262e-05,0.09049565661727149,9.723746483528443e-05,0.9999999997235499,2.0315811923354854e-05,4.745387416349445e-11,4.745387416349445e-11,3.962102868015904e-11,,1.2251610931599486e-12,0.0031261328403482946,7.585973278963461e-14,,,,,0.0,,7.374542113937972e-14,1.0,0.0,1.4238426238064856e-13,1.4238426238064856e-13,1.0,0.3015691612048541,0.0860445084208337,1397,1.7017117843668534,0.7866760932767386,719,479.4183976444792,0.7487324959934596,1058.0,949.3790170132326,0.5971125792336271,880,0.3888041033402703,1.0,0.4278371276618108,3,660.75,,,,,,,,,,,,,2.497889010276509e-19,0.9999999999715831,2.56907495152248e-27,0.9772970468684923,0.2375658443002313,0.001267080634335196,0.06846164253822229,1.0,9.7237464835284e-05,0.9999999999999541,9.960751159770423e-05,3.8434858594393884e-14,3.8434858594393884e-14,3.2090649582094954e-14,,0.0,9.572760819061336e-19,0.004567040150618464,7.054128794466933e-19,,,,,0.13043478260869565,,2.3332883504384434e-21,1.0,0.7209302325581395,4.770970844811595e-19,4.770970844811595e-19,1.0,0.42658033862811345,0.13286867808967343,1376,1.8332182425810581,0.8898611923095654,508,613.7686860699232,0.713192202771064,942.0,742.0467091295117,0.6365026434416068,825,818.67,599.5,715.6978453131971,300,0.38607403914171184,1.0,0.42974817260080167,3,619.5
db25,1.0,symmetric,1.1470895352412393e-26,316.65142556480845,5776687.280637995,0.5236220472440944,95.06032544805916,206,smoothed,7.376192429237739e-14,-2.0640138487237937e-10,6.520200170939134,30773.789119980855,0.983108665169744,0.0001496656645132027,0.9999999999999999,362.40000000000003,,,,[],[],11,426.6,32.20000000000002,728.3999999999999,"[9, 31, 53, 64, 80, 102, 131, 148, 158, 175, 192]","[311.00000000000006, 417.79999999999984, 589.6, 432.1999999999997, 728.3999999999999, 371.0, 587.0000000000002, 32.20000000000002, 448.2000000000002, 368.00000000000006, 407.2]","[0, 0, 0, 60, 0, 94, 120, 144, 144, 165, 186]","[20, 40, 75, 75, 203, 120, 203, 149, 203, 186, 203]",30736475.840000004,728.3999999999999,-728.3999999999999,0.0,,,,DWT,mdp.39015067403892,7.450580596923828e-09,,0.0,33.0,11.0,0.0,33.0,,1.1368683772161603e-13,168.4000000000001,987.7999999999984,168.40000000000003,,0.0,168.4000000000001,,,28.00000000000003,0.0,15.0,1.1368683772161603e-13,1.1368683772161603e-13,,5.684341886080802e-14,1.1320769501989434e-13,2.878282973219823e-26,0.9678639352596642,0.5565732251279105,0.41199415215766955,0.07246881750400669,0.019264258871936092,,0.9999996647345563,4.4059791007223055e-09,4.4059791007223055e-09,3.6787269888316428e-09,,6.125805465799743e-13,0.9999999955939887,7.585973278963461e-14,,,,,,1.5893391424973748e-13,1.0,0.0,1.7477015598164352e-13,1.7477015598164352e-13,0.8999999009650604,0.33832967743812864,463,1.1016952803489994,0.5592952893870367,157,0,0.24999997273503555,0.35570077878539585,463,0.0,0.2897377698459001,0.5111758427641158,173,172.17433025860737,0.8195237628316485,314.0,242.874251612654,0.7451916508078578,241,db,0.573477938514061,0.8443824841957417,0.34525069778143475,3,181.5,7.485162654991206e-14,0.9999999999705136,7.320687633317696e-27,0.9545927384332821,0.8561868245632283,0.0010792650473523773,0.05946953999171156,0.0001876321734627564,0.9999999997235183,2.0315811923854454e-05,4.745454029730922e-11,4.745454029730922e-11,3.962169481397382e-11,,6.125805465799743e-13,0.0031261328403480726,7.585973278963461e-14,,,,,0.0,,7.374542113937972e-14,1.0,0.0,1.4238426238064856e-13,1.4238426238064856e-13,1.0,0.30156916120454846,0.0860445084207465,1456,1.725251556611913,0.797558180500021,493,680.9438302826453,0.6431112000615067,974.5,736.5910723447921,0.566183482630334,1053,0.49117026184683504,0.8233619396015222,0.4091722348267588,4,790.75,,,,,,,,,,,,,5.025821170255561e-19,0.999999999971583,7.320687633317696e-27,0.9670633807080092,0.2646780140048643,0.001513805669619995,0.04498980990926399,0.9999999999999999,0.00018763217346275682,0.9999999999999541,9.960751159770467e-05,3.8435400695480126e-14,3.8435400695480126e-14,3.20911916831812e-14,,0.0,4.786380409530668e-19,0.00456704015061846,7.054128794466933e-19,,,,,0.13043478260869565,,2.3332883504384434e-21,1.0,0.7209302325581395,4.770970844811595e-19,4.770970844811595e-19,1.0,0.42658033862811345,0.13286867808967343,1385,1.8314049150865948,0.8889809862714676,558,584.7773080412748,0.7267395756816473,971.5,795.5018013381369,0.6363838065324124,826,1009.0473684210526,935.5,610.6543869996938,760,0.4758535102197843,0.8532293215616218,0.41093374637766444,5,620.75
bior2.2,1.0,smooth,1.6359902936160185e-27,325.109591515862,5046262.766900253,0.5333333333333333,77.94530680007652,206,smoothed,2.2230329766863324e-14,-2.0569708159001768e-10,6.167163045220621,35112.11615022676,0.988427714640555,0.00014966566451320274,0.9999999999999999,362.4,,,,[],[],11,426.59999999999997,32.19999999999999,728.3999999999999,"[9, 31, 53, 64, 80, 102, 131, 148, 158, 175, 192]","[311.0, 417.8, 589.6000000000001, 432.20000000000005, 728.3999999999999, 370.99999999999994, 587.0, 32.19999999999999, 448.2, 368.0000000000001, 407.20000000000005]","[1, 1, 1, 60, 1, 94, 120, 144, 144, 165, 186]","[20, 40, 75, 75, 204, 120, 204, 149, 204, 186, 204]",30736475.840000004,728.3999999999999,-728.3999999999999,0.0,,,,DWT,mdp.39015067403892,7.450580596923828e-09,,0.0,15.0,11.0,0.0,33.0,,1.1368683772161603e-13,168.40000000000003,987.7999999999993,168.40000000000003,,0.0,168.40000000000003,,,28.0,0.0,33.0,1.1368683772161603e-13,1.1368683772161603e-13,,0.0,0.0,0.0,1.0,0.04735104104118876,0.09852891267750909,0.13917548025037796,0.05524128247655785,,0.999999664709775,4.4059199552998455e-09,4.4059199552998455e-09,3.6787269888316428e-09,,0.0,0.9999999955940747,7.585973278963461e-14,,,,,,1.5893391424973748e-13,0.0,1.0,1.7477015598164352e-13,1.7477015598164352e-13,0.8999999009573273,0.33832967743522163,559,0.7507066819501232,0.381109657466327,671,0,0.24999997273291674,0.3557007787823812,559,0.0,0.19147095949223344,0.33780659364967247,680,67.36158648171325,0.9293903705642419,617.25,611.7406427388925,0.6411888959739449,474,bior,0.8100315533562081,0.7923003667562746,0.1952878026237719,6,357.0,9.740562852416063e-15,0.9999999999705138,3.6085758490010476e-28,0.9858052856276809,0.7342302076123892,0.00025810757519144204,0.11421052631578965,0.000538045193684885,0.9999999997235288,2.0315811923354854e-05,4.745387416349445e-11,4.745387416349445e-11,3.962169481397382e-11,,0.0,0.0031261328403482946,7.585973278963461e-14,,,,,0.0,,7.374542113937972e-14,0.0,1.0,1.4238426238064856e-13,1.4238426238064856e-13,1.0,0.30156916120424176,0.086044508420659,1557,1.7046267574547571,0.7880236420578338,696,608.8189386016174,0.6809125059739951,1126.5,961.9813581890812,0.5452518504712742,1233,0.5943810304597339,0.7715092316736338,0.3524805091760961,5,926.0,,,,,,,,,,,,,6.540182124330223e-20,0.9999999999715831,3.6085758490010476e-28,0.9897037194689075,0.22697685551557448,0.0013217845014270718,0.08640238127452321,0.9999999999999999,0.000538045193684885,0.9999999999999541,9.960751159770423e-05,3.8434858594393884e-14,3.8434858594393884e-14,3.20911916831812e-14,,0.0,0.0,0.004567040150618464,7.054128794466933e-19,,,,,0.13043478260869565,,2.3332883504384434e-21,0.7209302325581395,1.0,4.770970844811595e-19,4.770970844811595e-19,1.0,0.42658033862811345,0.13286867808967343,1351,1.8427477222685849,0.8944868904178785,353,705.6925676241744,0.6702371179326287,852.0,559.7453051643192,0.6360531384055668,827,1104.4,1082.5,563.6960149978129,300,0.520820561188399,0.7876173146100969,0.3991404127850916,6,621.75
db28,1.0,reflect,1.296568720283759e-26,316.11944334205486,6128152.655070156,0.5269230769230769,110.82302156829078,206,smoothed,8.148821423462311e-14,-1.9774042403497603e-10,6.576289960148591,30824.59262520851,0.9817290043424031,0.00014966566451320268,0.9999999999999999,362.4000000000001,,,,[],[],11,426.59999999999997,32.2000000000001,728.4,"[9, 31, 53, 64, 80, 102, 131, 148, 158, 175, 192]","[310.9999999999996, 417.79999999999984, 589.6000000000001, 432.20000000000005, 728.4, 371.0000000000002, 586.9999999999999, 32.2000000000001, 448.20000000000016, 368.0, 407.2]","[0, 0, 0, 60, 0, 94, 120, 144, 144, 165, 186]","[20, 40, 75, 75, 203, 120, 203, 149, 203, 186, 203]",30736475.839999996,728.4,-728.4,0.0,,,,DWT,mdp.39015067403892,0.0,,0.0,33.0,11.0,0.0,33.0,,0.0,168.40000000000003,987.7999999999993,168.39999999999998,,0.0,168.40000000000003,,,28.000000000000114,0.0,15.0,0.0,0.0,,1.1368683772161603e-13,1.3018127178325193e-13,3.315748704293503e-26,0.9658427151452743,0.6374773649066174,0.5628272303105182,0.09514353550615193,0.01968556388053274,,0.9999996648089,4.4059199552998455e-09,4.4059199552998455e-09,3.67866784340914e-09,,1.2251610931599486e-12,0.9999999955940747,0.0,,,,,,0.0,1.0,0.0,0.0,0.0,0.8999999009874722,0.33832967744655373,355,1.2255895664504453,0.6221924369327332,117,0,0.24999997274122562,0.3557007787942031,357,0.0,0.3258537728213179,0.5748942467127949,125,135.71907259728334,0.8577368211768519,238.5,180.46444905139293,0.803868410588426,135,db,0.573477938514061,0.8443824841957417,0.34525069778143475,3,102.0,8.461392793427555e-14,0.9999999999705134,8.37850132592819e-27,0.9526296035964432,0.8755630330102832,0.001474389270311348,0.07807692307692343,0.00019173564689400728,0.9999999997236488,2.0315811925353255e-05,4.745387416349445e-11,4.745387416349445e-11,3.962102868015904e-11,,1.2251610931599486e-12,0.0031261328403482946,0.0,,,,,0.0,,0.0,1.0,0.0,0.0,0.0,1.0,0.301569161204723,0.08604450842079629,1429,1.7414039366683292,0.8050251859921587,321,783.4743135546946,0.589374049499636,875.0,524.2388571428571,0.5653893308294826,1059,0.49117026184683504,0.8233619396015222,0.4091722348267588,4,795.25,,,,,,,,,,,,,5.681298989902311e-19,0.9999999999715827,8.37850132592819e-27,0.9656394008750744,0.27066789404457053,0.0016062023382811706,0.05906664030057368,0.9999999999999999,0.00019173564689400728,0.9999999999999541,9.960751159770586e-05,3.8434858594393884e-14,3.8434858594393884e-14,3.2090649582094954e-14,,0.0,9.572760819061336e-19,0.004567040150618464,0.0,,,,,0.13043478260869565,,0.0,1.0,0.7209302325581395,0.0,0.0,1.0,0.42658033862811345,0.13286867808967343,1367,1.8392240390869137,0.8927764618150361,439,656.1950929411161,0.6933667789994784,903.0,664.576965669989,0.6357020810885242,828,1009.0473684210526,935.5,610.6543869996938,760,0.4758535102197843,0.8532293215616218,0.41093374637766444,5,622.25
db11,1.0,periodic,6.160789222151382e-27,321.57542896237123,6396953.2293827385,0.6061946902654868,288.9330218042114,206,raw,5.207484928707821e-14,-2.104995067142596e-10,6.497461560118838,63129.4694496524,0.7387666256841955,5.618943883690062e-06,1.0,327.0,,,,[],[],13,661.1538461538462,86.99999999999994,940.0,"[8, 32, 51, 63, 81, 100, 111, 133, 152, 162, 175, 192, 204]","[878.0000000000002, 638.0000000000001, 787.0, 792.0, 940.0, 787.9999999999999, 637.0000000000001, 675.0, 771.0000000000002, 196.0, 834.0000000000002, 571.9999999999999, 86.99999999999994]","[0, 13, 42, 42, 76, 99, 107, 107, 107, 161, 99, 187, 203]","[76, 42, 61, 76, 205, 164, 119, 142, 164, 164, 205, 205, 205]",37754613.0,941.0,-941.0,0.0,,,,DWT,mdp.39015067403892,0.0,,0.0,33.0,19.0,0.0,28.5,,0.0,256.3413461538462,4359.0,256.3413461538462,,0.0,256.3413461538462,,,83.99999999999994,0.0,24.0,0.0,0.0,,0.0,4.7449631034650614e-14,3.5629049211579926e-27,0.9727634257100746,0.8483317751993373,0.0007438694362851664,0.3678887484197222,0.00043637957907661807,0.9999999997234567,0.47422802461153424,6.6959667625959335e-09,6.6959667625959335e-09,6.082000342865356e-09,,0.0,0.9999999933040264,0.0,,,,,,0.0,1.0,0.5,0.0,0.0,0.7922684098776537,0.2590182137492368,565,1.5555259288327725,0.7471243714141274,495,0,0.24785233644912452,0.29613842719972716,565,0.0,0.3987705247585,0.7243055249995394,525,34.03429642777023,0.9643246368681654,537.5,535.8491857123306,0.700453723046242,343,db,0.540986235965534,0.9305070477545101,0.3421575204977732,3,258.0,4.7449631034650614e-14,0.0001547883299646835,3.562904921157992e-27,0.9727634257100746,0.8483317751993373,0.0017765801140830284,0.5249184909175598,0.0028010478027172625,0.9999999997234564,0.9919828214562006,0.9855281704452468,0.9855281704452468,0.9855281704451347,,0.0,0.9999999999667601,0.0,,,,,1.0,,0.0,1.0,0.5,0.0,0.0,0.0,2.2345701998209284,0.6375734627746847,572,1.619846484959252,0.7488309807820491,1222,459.6194077712559,0.759109325067476,897.0,779.2463768115942,0.644491769451977,677,0.49117026184683504,0.8233619396015222,0.4091722348267588,4,508.75,,,,,,,,,,,,,3.1859476028319185e-19,0.03641360043841641,3.562904921157992e-27,0.9802436736492643,0.26224973689769737,0.0016768672726031357,0.39711057337134525,1.0,0.0028010478027172625,0.9999999999999541,0.0008499884728391214,0.0007982210227401261,0.0007982210227401261,0.0007982210227337874,,0.0,0.0,0.020163910573049823,0.0,,,,,0.4782608695652174,,0.0,1.0,0.8604651162790697,0.0,0.0,0.9302325581395349,0.5744527218307418,0.17892707859001003,264,1.6909982348758406,0.8208262772693041,1338,759.432682994352,0.6451249144886205,801.0,440.9887640449438,0.6354129245340299,829,1009.0473684210526,935.5,610.6543869996938,760,0.4758535102197843,0.8532293215616218,0.41093374637766444,5,623.0
bior2.2,1.0,constant,1.6359902936160185e-27,325.109591515862,5046262.766900253,0.5333333333333333,77.94530680007652,206,smoothed,2.2230329766863324e-14,-2.0569708159001768e-10,6.167163045220621,35112.11615022676,0.988427714640555,0.00014966566451320274,0.9999999999999999,362.4,,,,[],[],11,426.59999999999997,32.19999999999999,728.3999999999999,"[9, 31, 53, 64, 80, 102, 131, 148, 158, 175, 192]","[311.0, 417.8, 589.6000000000001, 432.20000000000005, 728.3999999999999, 370.99999999999994, 587.0, 32.19999999999999, 448.2, 368.0000000000001, 407.20000000000005]","[1, 1, 1, 60, 1, 94, 120, 144, 144, 165, 186]","[20, 40, 75, 75, 204, 120, 204, 149, 204, 186, 204]",30736475.840000004,728.3999999999999,-728.3999999999999,0.0,,,,DWT,mdp.39015067403892,7.450580596923828e-09,,0.0,15.0,11.0,0.0,33.0,,1.1368683772161603e-13,168.40000000000003,987.7999999999993,168.40000000000003,,0.0,168.40000000000003,,,28.0,0.0,33.0,1.1368683772161603e-13,1.1368683772161603e-13,,0.0,0.0,0.0,1.0,0.04735104104118876,0.09852891267750909,0.13917548025037796,0.05524128247655785,,0.999999664709775,4.4059199552998455e-09,4.4059199552998455e-09,3.6787269888316428e-09,,0.0,0.9999999955940747,7.585973278963461e-14,,,,,,1.5893391424973748e-13,0.0,1.0,1.7477015598164352e-13,1.7477015598164352e-13,0.8999999009573273,0.33832967743522163,555,0.7507066819501232,0.381109657466327,673,0,0.24999997273291674,0.3557007787823812,560,0.0,0.19147095949223344,0.33780659364967247,679,68.49026694842608,0.9282072673496582,616.75,611.0457918017569,0.6408593988739906,477,bior,0.8100315533562081,0.7923003667562746,0.1952878026237719,6,359.25,9.740562852416063e-15,0.9999999999705138,3.6085758490010476e-28,0.9858052856276809,0.7342302076123892,0.00025810757519144204,0.11421052631578965,0.000538045193684885,0.9999999997235288,2.0315811923354854e-05,4.745387416349445e-11,4.745387416349445e-11,3.962169481397382e-11,,0.0,0.0031261328403482946,7.585973278963461e-14,,,,,0.0,,7.374542113937972e-14,0.0,1.0,1.4238426238064856e-13,1.4238426238064856e-13,1.0,0.30156916120424176,0.086044508420659,1556,1.7046267574547571,0.7880236420578338,697,607.4047250392443,0.6816537080507106,1126.5,962.7447847314692,0.545622451509632,1231,0.5943810304597339,0.7715092316736338,0.3524805091760961,5,924.5,,,,,,,,,,,,,6.540182124330223e-20,0.9999999999715831,3.6085758490010476e-28,0.9897037194689075,0.22697685551557448,0.0013217845014270718,0.08640238127452321,0.9999999999999999,0.000538045193684885,0.9999999999999541,9.960751159770423e-05,3.8434858594393884e-14,3.8434858594393884e-14,3.20911916831812e-14,,0.0,0.0,0.004567040150618464,7.054128794466933e-19,,,,,0.13043478260869565,,2.3332883504384434e-21,0.7209302325581395,1.0,4.770970844811595e-19,4.770970844811595e-19,1.0,0.42658033862811345,0.13286867808967343,1354,1.8427477222685849,0.8944868904178785,352,708.5209947489207,0.6689154230145231,853.0,558.7432590855802,0.6351586460867008,830,1104.4,1082.5,563.6960149978129,300,0.520820561188399,0.7876173146100969,0.3991404127850916,6,624.0
db28,1.0,antisymmetric,1.4805418057625348e-26,317.76758571869726,7156973.695948217,0.5923076923076923,272.6238013993505,206,raw,8.834357194007558e-14,-2.046797176191746e-10,6.699286610988586,146444.91523650492,0.9140563056579893,5.618943883690066e-06,1.0,327.00000000000006,,,,[],[],13,661.1538461538462,86.99999999999979,939.9999999999998,"[8, 32, 51, 63, 81, 100, 111, 133, 152, 162, 175, 192, 204]","[878.0, 638.0, 787.0, 791.9999999999998, 939.9999999999998, 788.0, 637.0, 675.0000000000001, 771.0000000000001, 195.99999999999983, 834.0, 572.0000000000001, 86.99999999999979]","[0, 13, 39, 39, 76, 99, 107, 107, 107, 161, 99, 187, 203]","[76, 39, 61, 76, 205, 164, 119, 142, 164, 164, 205, 205, 205]",37754613.0,940.9999999999998,-940.9999999999998,0.0,,,,DWT,mdp.39015067403892,0.0,,0.0,33.0,19.0,0.0,28.5,,2.2737367544323206e-13,256.3413461538462,4359.0,256.34134615384613,,0.0,256.3413461538462,,,83.99999999999979,0.0,19.5,2.2737367544323206e-13,2.2737367544323206e-13,,5.684341886080802e-14,9.327579132776781e-14,9.680416698532696e-27,0.9587116220874178,0.918052205791192,0.0015991832045569295,0.2637362637362637,0.0071818477648065634,0.9999999997235444,0.47422802461135266,6.6959667625959335e-09,6.6959667625959335e-09,6.0819563246244724e-09,,2.859275438170267e-12,0.9999999933040264,2.7225927463116073e-13,,,,,,0.0,1.0,0.0,2.847685247612971e-13,2.847685247612971e-13,0.7422684098792656,0.24267159368263044,808,1.543419912240199,0.7413098106476331,523,0,0.2061856697827475,0.24635434483030805,806,0.0,0.3936601402884843,0.7150232950535175,576,150.23620291616353,0.8425197034421765,678.25,652.903935756224,0.5657829125177339,648,db,0.540986235965534,0.9305070477545101,0.3421575204977732,3,486.75,9.32757913277678e-14,0.0001547883299646835,9.680416698532696e-27,0.9587116220874178,0.9180522057911921,0.0026310099331506333,0.4466396761133605,0.009530558230535151,0.9999999997235443,0.9919828214561979,0.9855281704452468,0.9855281704452468,0.9855281704451341,,6.125805465799743e-13,0.9999999999667601,1.5171946557926922e-13,,,,,1.0,,0.0,1.0,0.25,2.847685247612971e-13,2.847685247612971e-13,0.0,2.2095701998214237,0.6304403968408739,804,1.6180831112406153,0.7480157992920295,1226,298.3990616607231,0.8436063618130383,1015.0,971.1369458128079,0.65581785595893,587,0.49117026184683504,0.8233619396015222,0.4091722348267588,4,441.25,,,,,,,,,,,,,6.262889242825494e-19,0.03641360043841643,9.680416698532696e-27,0.9700510548848574,0.2838028192101119,0.0018766689154773957,0.3378911982348596,1.0,0.009530558230535153,0.9999999999999541,0.0008499884728391193,0.0007982210227401261,0.0007982210227401261,0.0007982210227337869,,0.0,4.786380409530668e-19,0.020163910573049823,1.4108257588933865e-18,,,,,0.4782608695652174,,0.0,1.0,0.7906976744186046,9.54194168962319e-19,9.54194168962319e-19,0.9302325581395349,0.5674759776446953,0.17675400427451057,754,1.6747631597113735,0.8129456207236068,1423,473.0544366138003,0.7789465249468223,1088.5,985.7069361506661,0.6351508325668691,831,1009.0473684210526,935.5,610.6543869996938,760,0.4758535102197843,0.8532293215616218,0.41093374637766444,5,624.5
bior3.1,1.0,zero,7.50811769520643e-27,318.4920880236118,5147123.338853302,0.5240384615384616,62.45583930887094,206,smoothed,6.794996065278627e-14,-1.8957238001604573e-10,6.138729758813057,36638.828018676024,0.993063555423784,0.00014966566451320284,1.0,362.39999999999986,,,,[],[],11,426.59999999999997,32.20000000000002,728.3999999999999,"[9, 31, 53, 64, 80, 102, 131, 148, 158, 175, 192]","[310.99999999999983, 417.79999999999995, 589.5999999999999, 432.19999999999976, 728.3999999999999, 371.0, 586.9999999999999, 32.20000000000002, 448.20000000000005, 367.9999999999999, 407.19999999999993]","[1, 1, 1, 60, 1, 94, 120, 144, 144, 165, 186]","[20, 40, 75, 75, 204, 120, 204, 149, 204, 186, 204]",30736475.83999999,728.3999999999999,-728.3999999999999,0.0,,,,DWT,mdp.39015067403892,7.450580596923828e-09,,0.0,15.0,11.0,0.0,33.0,,1.1368683772161603e-13,168.40000000000003,987.7999999999993,168.39999999999995,,0.0,168.40000000000003,,,28.00000000000003,0.0,33.0,1.1368683772161603e-13,1.1368683772161603e-13,,1.1368683772161603e-13,1.0043962499924359e-13,1.7185366015768857e-26,0.9748573719318121,0.006338753237872835,0.14181371863176334,0.0753291603712502,0.06790204975982607,,0.9999996647345563,4.4059199552998455e-09,4.4059199552998455e-09,3.6786382706978885e-09,,1.2251610931599486e-12,0.9999999955940747,7.585973278963461e-14,,,,,,1.5893391424973748e-13,0.0,1.0,1.7477015598164352e-13,1.7477015598164352e-13,0.8999999009653475,0.3383296774382366,452,0.716283143146366,0.36363393306195785,752,0,0.24999997273507654,0.3557007787854542,453,0.0,0.18089157913323217,0.3191417034152689,785,182.93988083520773,0.8082391186213755,610.5,569.5111507518376,0.5841510058515682,631,bior,0.8100315533562081,0.7923003667562746,0.1952878026237719,6,474.75,6.750810966033503e-14,0.9999999999705145,4.5163637634952784e-27,0.9613851996118431,0.7244079335045222,0.0003714969956557855,0.06181680161943359,0.0006613599445329682,0.9999999997237718,2.0315811923854454e-05,4.745387416349445e-11,4.745387416349445e-11,3.9620695613251655e-11,,1.2251610931599486e-12,0.0031261328403482946,7.585973278963461e-14,,,,,0.0,,7.374542113937972e-14,0.0,1.0,1.4238426238064856e-13,1.4238426238064856e-13,1.0,0.3015691612048542,0.08604450842083375,1396,1.664212099523465,0.7693405457165026,1019,266.5792565073284,0.860283408539136,1207.5,1178.0737060041408,0.6137108866595051,812,0.5943810304597339,0.7715092316736338,0.3524805091760961,5,610.25,,,,,,,,,,,,,4.532749685387356e-19,0.9999999999715838,4.5163637634952784e-27,0.9719903615514845,0.22394043877883257,0.001348299718929732,0.04676555686229644,1.0,0.0006613599445329677,0.9999999999999541,9.960751159770467e-05,3.8434858594393884e-14,3.8434858594393884e-14,3.209043274166046e-14,,0.0,9.572760819061336e-19,0.004567040150618464,7.054128794466933e-19,,,,,0.13043478260869565,,2.3332883504384434e-21,0.7209302325581395,1.0,4.770970844811595e-19,4.770970844811595e-19,1.0,0.42658033862811345,0.13286867808967343,1426,1.8148093528939608,0.8809253459681109,768,465.2762620207483,0.782581185971613,1097.0,998.3299908842299,0.6349821817708532,832,1104.4,1082.5,563.6960149978129,300,0.520820561188399,0.7876173146100969,0.3991404127850916,6,625.5
db36,1.0,constant,1.8175225055948533e-26,316.87699449609465,5894607.007951895,0.6123188405797102,185.71481542544308,206,raw,9.694079411911464e-14,-2.0309520731842908e-10,6.4116821857125,66985.96233893716,0.8383996306777803,5.618943883690064e-06,0.9999999999999999,327.0,,,,[],[],13,661.1538461538462,87.00000000000017,940.0,"[8, 32, 51, 63, 81, 100, 111, 133, 152, 162, 175, 192, 204]","[877.9999999999998, 638.0, 786.9999999999998, 792.0000000000005, 940.0, 788.0000000000001, 637.0, 675.0000000000002, 770.9999999999999, 196.00000000000006, 834.0000000000002, 571.9999999999997, 87.00000000000017]","[0, 13, 42, 42, 76, 99, 107, 107, 107, 161, 99, 187, 203]","[76, 42, 61, 76, 205, 164, 119, 142, 164, 164, 205, 205, 205]",37754613.0,941.0,-941.0,0.0,,,,DWT,mdp.39015067403892,0.0,,0.0,33.0,19.0,0.0,28.5,,0.0,256.3413461538462,4359.0,256.34134615384613,,0.0,256.3413461538462,,,84.00000000000017,0.0,24.0,0.0,0.0,,0.0,1.0413853070300263e-13,1.2065115265939901e-26,0.9554251388560338,0.8186993044344991,0.00017853776624377908,0.4138198757763979,0.0007486128012298762,0.9999999997235682,0.4742280246117984,6.6959667625959335e-09,6.6959667625959335e-09,6.0819563246244724e-09,,0.0,0.9999999933040264,0.0,,,,,,0.0,1.0,0.5,0.0,0.0,0.7922684098777197,0.2590182137492584,537,1.548521399734501,0.7437600723673574,514,0,0.2478523364491429,0.2961384271997491,537,0.0,0.39860893366975964,0.7240120195594465,527,10.90489186863706,0.9885692957351813,528.75,528.5794110138966,0.7171620063581567,307,db,0.540986235965534,0.9305070477545101,0.3421575204977732,3,231.0,1.0413853070300262e-13,0.0001547883299646835,1.2065115265939901e-26,0.9554251388560338,0.8186993044344992,0.0012118327027059535,0.5594393592677349,0.0031125423745598183,0.9999999997235681,0.9919828214562046,0.9855281704452468,0.9855281704452468,0.9855281704451341,,0.0,0.9999999999667601,0.0,,,,,1.0,,0.0,1.0,0.5,0.0,0.0,0.0,2.2345701998209297,0.6375734627746851,538,1.6082778489275886,0.7434829720995356,1260,510.5310960166873,0.7324260503057194,899.0,754.0378197997776,0.6306260230564236,744,0.49117026184683504,0.8233619396015222,0.4091722348267588,4,559.0,,,,,,,,,,,,,6.99225462919582e-19,0.036413600438416426,1.2065115265939901e-26,0.9676671708260806,0.25308927882116067,0.0015448055653873704,0.42322625049266765,0.9999999999999999,0.0031125423745598183,0.9999999999999541,0.0008499884728391244,0.0007982210227401261,0.0007982210227401261,0.0007982210227337869,,0.0,0.0,0.020163910573049823,0.0,,,,,0.4782608695652174,,0.0,1.0,0.8604651162790697,0.0,0.0,0.9302325581395349,0.5744527218307418,0.17892707859001003,318,1.68937694196732,0.8200392866060277,1349,729.0270914033305,0.6593331348582567,833.5,514.6754649070185,0.6349235767749227,833,1009.0473684210526,935.5,610.6543869996938,760,0.4758535102197843,0.8532293215616218,0.41093374637766444,5,626.0
sym2,1.0,periodization,1.839281060247137e-20,256.8253114807444,5937082.235907369,0.6650485436893204,325.7797536849381,206,raw,1.0610773943499278e-10,-1.2042300499800187e-10,6.359119092482118,63117.30860587621,0.7387586440657873,5.618943883695881e-06,1.0,327.00000000021384,,,,[],[],13,661.1538461535341,86.99999999995693,939.999999999577,"[8, 32, 51, 63, 81, 100, 111, 133, 152, 162, 175, 192, 204]","[877.9999999997639, 637.9999999995182, 786.9999999995146, 791.9999999996631, 939.999999999577, 787.9999999996797, 636.9999999996462, 674.9999999998041, 770.9999999996909, 195.99999999975154, 833.9999999995442, 571.9999999998348, 86.99999999995693]","[0, 13, 39, 39, 76, 99, 107, 107, 107, 161, 99, 187, 203]","[76, 39, 61, 76, 205, 164, 119, 142, 164, 164, 205, 205, 205]",37754612.99998994,940.9999999997748,-940.9999999997748,0.0,,,,DWT,mdp.39015067403892,1.0058283805847168e-05,,0.0,33.0,19.0,0.0,28.5,,2.2521362552652135e-10,256.3413461535341,4359.000000004056,256.34134615356066,,0.0,256.3413461535341,,,83.99999999995693,0.0,19.5,4.2302872316213325e-10,2.2521362552652135e-10,,2.1384494175435975e-10,1.340506217801361e-10,1.3015969885161855e-20,0.7338208334940394,0.8005413925327344,0.00022633864645556098,0.8092926490984746,0.0004353950007186773,0.9999999997248142,0.47422802456156354,6.454306620294222e-09,6.454306620294222e-09,5.860896718907821e-09,,1.0756594198396545e-08,0.9999999935456527,5.065383804512745e-10,,,,,,9.955631853816262e-11,1.0,0.0,2.820632237760648e-10,2.820632237760648e-10,0.7422684155663181,0.24267159554191217,639,1.5645675832558368,0.7514671086531296,472,0,0.20618567073362845,0.2463543459664377,640,0.0,0.418039576078911,0.7593048026952158,297,163.6439223843444,0.828465490163161,512.0,464.4092612377159,0.6458889295679536,421,sym,0.8243425715244881,0.7368036147090654,0.2019191155201387,6,317.25,1.340506217801361e-10,0.0001547883300050401,1.3015969885161855e-20,0.7338208334940393,0.8005413925327345,0.0012595841816902692,0.8566683699540114,0.002800065553576902,0.9999999997248141,0.9919828214554387,0.9855281704417496,0.9855281704417496,0.985528170441935,,2.3045280162338636e-09,0.9999999999679596,2.8227406571023037e-10,,,,,1.0,,9.955631853816262e-11,1.0,0.25,2.820632237760648e-10,2.820632237760648e-10,0.0,2.2095702012742464,0.6304403972553971,638,1.5850267990858138,0.7327343569567454,1360,510.5310960166873,0.7324260503057194,999.0,868.5485485485485,0.604420572322671,846,0.7763846615972358,0.5622554397616224,0.28785410495344815,6,636.0,,,,,,,,,,,,,9.000665501627908e-16,0.03641360043845534,1.3015969885161855e-20,0.8069242326409702,0.24747601788002657,0.0015559718703755945,0.6480855094033285,1.0,0.002800065553576902,0.9999999999999544,0.000849988472838545,0.0007982210227372935,0.0007982210227372935,0.0007982210227311957,,0.0,1.8006363100654375e-15,0.020163910573068586,2.6248413244211457e-15,,,,,0.4782608695652174,,3.1499392730918987e-18,1.0,0.7906976744186046,9.451293243571767e-16,9.451293243571767e-16,0.9302325581395349,0.5674759776447045,0.17675400427451343,650,1.6799488445740642,0.8154628004066753,1406,534.5727265770299,0.7501996604780234,1028.0,889.0077821011673,0.6349129143511613,834,1409.1368421052632,1454.5,398.32527672708756,380,0.6645304607900322,0.5565550872278735,0.3678621512786154,7,627.25
db9,1.0,periodic,5.714159920030839e-27,321.90226856202423,6322618.880324704,0.5900900900900901,269.6721070808588,206,raw,4.939737939079775e-14,-2.0708279535597567e-10,6.4610943137741454,62855.8609602151,0.7574351934789039,5.618943883690066e-06,1.0,327.0,,,,[],[],13,661.1538461538462,86.99999999999997,940.0,"[8, 32, 51, 63, 81, 100, 111, 133, 152, 162, 175, 192, 204]","[877.9999999999999, 637.9999999999999, 787.0000000000003, 791.9999999999998, 940.0, 788.0, 637.0000000000002, 675.0000000000002, 771.0000000000002, 196.00000000000006, 833.9999999999999, 572.0, 86.99999999999997]","[0, 13, 39, 39, 76, 99, 107, 107, 107, 161, 99, 187, 203]","[76, 39, 61, 76, 205, 164, 119, 142, 164, 164, 205, 205, 205]",37754613.0,941.0,-941.0,0.0,,,,DWT,mdp.39015067403892,0.0,,0.0,33.0,19.0,0.0,28.5,,0.0,256.3413461538462,4359.0,256.3413461538462,,0.0,256.3413461538462,,,83.99999999999997,0.0,19.5,0.0,0.0,,0.0,4.4066601369645196e-14,3.246840452938026e-27,0.9739695378256564,0.8357687159375394,0.000660214857228671,0.24710424710424678,0.00041422741577226935,0.9999999997235081,0.47422802461156727,6.6959667625959335e-09,6.6959667625959335e-09,6.082000342865356e-09,,0.0,0.9999999933040264,0.0,,,,,,0.0,1.0,0.0,0.0,0.0,0.7422684098776635,0.2426715936821067,928,1.501603577790202,0.7212252836000896,627,0,0.2061856697824606,0.24635434482996527,930,0.0,0.3822396178579994,0.6942796668733983,671,162.65505423031485,0.829502039590865,789.0,763.6408708335836,0.5012290072168162,877,db,0.540986235965534,0.9305070477545101,0.3421575204977732,3,658.5,4.406660136964518e-14,0.0001547883299646835,3.246840452938025e-27,0.9739695378256564,0.8357687159375395,0.001693011990315018,0.43413940256045513,0.0027789480447982045,0.999999999723508,0.9919828214562011,0.9855281704452468,0.9855281704452468,0.9855281704451347,,0.0,0.9999999999667601,0.0,,,,,1.0,,0.0,1.0,0.25,0.0,0.0,0.0,2.2095701998209285,0.6304403968407327,938,1.5779263632898282,0.7294519309055991,1382,313.9554108468271,0.8354531389691682,1160.0,1117.5137931034483,0.6137433409730537,811,0.49117026184683504,0.8233619396015222,0.4091722348267588,4,609.25,,,,,,,,,,,,,2.9587982021619233e-19,0.03641360043841643,3.246840452938025e-27,0.981118539347034,0.25836604530160867,0.001657325529035491,0.3284345094654931,1.0,0.0027789480447982045,0.9999999999999541,0.0008499884728391218,0.0007982210227401261,0.0007982210227401261,0.0007982210227337874,,0.0,0.0,0.020163910573049823,0.0,,,,,0.4782608695652174,,0.0,1.0,0.7906976744186046,0.0,0.0,0.9302325581395349,0.5674759776446953,0.17675400427451057,959,1.6620922721591656,0.8067950540082368,1460,354.26049737446033,0.8344577115072616,1209.5,1157.6188507647787,0.6346353978097056,835,1009.0473684210526,935.5,610.6543869996938,760,0.4758535102197843,0.8532293215616218,0.41093374637766444,5,627.5
db36,1.0,zero,1.8242132714861258e-26,316.8610363588019,5897172.513416676,0.6123188405797102,185.71481536218477,206,raw,9.559559185238435e-14,-2.0397361577551248e-10,6.402155086035615,69854.92829762655,0.8450942543916845,5.618943883690062e-06,1.0,327.0,,,,[],[],13,661.1538461538462,87.00000000000017,940.0,"[8, 32, 51, 63, 81, 100, 111, 133, 152, 162, 175, 192, 204]","[877.9999999999999, 638.0000000000003, 786.9999999999998, 792.0000000000007, 940.0, 788.0000000000001, 637.0, 675.0000000000002, 770.9999999999999, 196.00000000000006, 834.0000000000002, 571.9999999999997, 87.00000000000017]","[0, 13, 42, 42, 76, 99, 107, 107, 107, 161, 99, 187, 203]","[76, 42, 61, 76, 205, 164, 119, 142, 164, 164, 205, 205, 205]",37754613.0,941.0,-941.0,0.0,,,,DWT,mdp.39015067403892,0.0,,0.0,33.0,19.0,0.0,28.5,,0.0,256.3413461538462,4359.0,256.3413461538462,,0.0,256.3413461538462,,,84.00000000000017,0.0,24.0,0.0,0.0,,0.0,1.0243884430126078e-13,1.2112463555749123e-26,0.9553662497166782,0.8154081694197846,0.00018142494131752378,0.4138198757763979,0.0009808928834824692,0.9999999997235549,0.4742280246117984,6.6959667625959335e-09,6.6959667625959335e-09,6.082000342865356e-09,,0.0,0.9999999933040264,0.0,,,,,,0.0,1.0,0.5,0.0,0.0,0.792268409877733,0.25901821374926265,534,1.5469348543639627,0.7429980492530446,517,0,0.24785233644914656,0.2961384271997535,534,0.0,0.39821957655766477,0.7233048120554341,531,8.12403840463596,0.9914842364731279,529.0,528.9050930561043,0.7184884494734612,301,db,0.540986235965534,0.9305070477545101,0.3421575204977732,3,226.5,1.0243884430126076e-13,0.0001547883299646835,1.2112463555749123e-26,0.9553662497166782,0.8154081694197846,0.0012147168939435863,0.5594393592677349,0.00334427295169011,0.9999999997235548,0.9919828214562046,0.9855281704452468,0.9855281704452468,0.9855281704451347,,0.0,0.9999999999667601,0.0,,,,,1.0,,0.0,1.0,0.5,0.0,0.0,0.0,2.2345701998209297,0.6375734627746851,537,1.606691082263083,0.7427494334286264,1269,517.6021638285528,0.7287200399221422,903.0,754.6544850498339,0.6277247998352848,756,0.49117026184683504,0.8233619396015222,0.4091722348267588,4,568.0,,,,,,,,,,,,,6.878131258810893e-19,0.03641360043841641,1.2112463555749123e-26,0.967624454989528,0.25207187110765034,0.0015454800106545915,0.42322625049266765,1.0,0.00334427295169011,0.9999999999999541,0.0008499884728391244,0.0007982210227401261,0.0007982210227401261,0.0007982210227337874,,0.0,0.0,0.020163910573049823,0.0,,,,,0.4782608695652174,,0.0,1.0,0.8604651162790697,0.0,0.0,0.9302325581395349,0.5744527218307418,0.17892707859001003,332,1.6889356380621192,0.8198250735842874,1353,721.956023591465,0.662637372153521,842.5,533.1703264094955,0.6344728916842372,836,1009.0473684210526,935.5,610.6543869996938,760,0.4758535102197843,0.8532293215616218,0.41093374637766444,5,628.25
db32,1.0,periodization,3.057851443285946e-26,314.61762864185124,5919387.464681813,0.616504854368932,280.1164975018282,206,raw,1.20467248636116e-13,-2.099428408897126e-10,6.378128349472632,63117.308605900645,0.7703550726494928,5.6189438836900665e-06,1.0,327.0000000000002,,,,[],[],13,661.1538461538462,86.99999999999994,939.9999999999999,"[8, 32, 51, 63, 81, 100, 111, 133, 152, 162, 175, 192, 204]","[877.9999999999999, 638.0000000000002, 786.9999999999997, 792.0, 939.9999999999999, 788.0000000000001, 637.0, 675.0, 771.0000000000002, 195.99999999999994, 834.0000000000002, 572.0, 86.99999999999994]","[0, 13, 39, 39, 76, 99, 107, 107, 107, 161, 164, 187, 203]","[76, 39, 61, 76, 205, 164, 119, 142, 164, 164, 205, 205, 205]",37754613.0,940.9999999999999,-940.9999999999999,0.0,,,,DWT,mdp.39015067403892,0.0,,0.0,33.0,19.0,0.0,28.5,,1.1368683772161603e-13,256.3413461538462,4359.0,256.34134615384613,,0.0,256.3413461538462,,,83.99999999999994,0.0,24.0,1.1368683772161603e-13,1.1368683772161603e-13,,2.2737367544323206e-13,1.3386461414244065e-13,2.0842504126184587e-26,0.9470875673584916,0.8071081372301765,0.00020642525974897574,0.4452149791955613,0.00043539500072065546,0.999999999723465,0.47422802461153424,6.6959667625959335e-09,6.6959667625959335e-09,6.0819563246244724e-09,,1.1437101752681067e-11,0.9999999933040264,1.3612963731558036e-13,,,,,,0.0,1.0,0.5,1.4238426238064856e-13,1.4238426238064856e-13,0.7922684098834839,0.25901821375114287,265,1.5501699712279966,0.7445518868385783,509,0,0.247852336450109,0.29613842720090344,265,0.0,0.4000065629710372,0.7265505989226771,513,142.03755371966483,0.8511136753462633,388.0,349.00590620681305,0.7222025399792114,298,db,0.540986235965534,0.9305070477545101,0.3421575204977732,3,224.25,1.3386461414244065e-13,0.0001547883299646835,2.0842504126184587e-26,0.9470875673584915,0.8071081372301766,0.0012396913750596565,0.5830352580480325,0.002800065553578875,0.9999999997234649,0.9919828214562006,0.9855281704452468,0.9855281704452468,0.9855281704451341,,2.4503221863198973e-12,0.9999999999667601,7.585973278963461e-14,,,,,1.0,,0.0,1.0,0.5,1.4238426238064856e-13,1.4238426238064856e-13,0.0,2.2345701998222487,0.6375734627750614,267,1.6068070205467728,0.7428030299758868,1268,707.8138879677341,0.6290283606039129,767.5,441.11530944625406,0.6133873459204051,813,0.49117026184683504,0.8233619396015222,0.4091722348267588,4,610.75,,,,,,,,,,,,,8.988176245663168e-19,0.03641360043841644,2.0842504126184587e-26,0.9616194284879789,0.24950603387085032,0.0015513200951712675,0.4410769855229332,1.0,0.002800065553578875,0.9999999999999541,0.0008499884728391214,0.0007982210227401261,0.0007982210227401261,0.0007982210227337869,,0.0,1.9145521638122673e-18,0.020163910573049823,7.054128794466933e-19,,,,,0.4782608695652174,,0.0,1.0,0.8604651162790697,4.770970844811595e-19,4.770970844811595e-19,0.9302325581395349,0.5744527218307418,0.17892707859001003,244,1.6909752346379094,0.8208151127398043,1339,774.2819253992695,0.6381860161685656,791.5,412.78079595704355,0.6341631015422267,837,1009.0473684210526,935.5,610.6543869996938,760,0.4758535102197843,0.8532293215616218,0.41093374637766444,5,629.0
coif11,1.0,reflect,3.174048484097279e-26,314.4556569046748,7275099.410706569,0.6037037037037037,284.5166184144836,206,raw,1.219132669681589e-13,-2.244463503942058e-10,6.756028647560301,58323.67643722864,0.7496898121123412,5.618943883690064e-06,0.9999999999999999,327.0000000000001,,,,[],[],13,661.1538461538463,87.00000000000003,940.0000000000002,"[8, 32, 51, 63, 81, 100, 111, 133, 152, 162, 175, 192, 204]","[878.0000000000001, 638.0, 787.0, 792.0000000000003, 940.0000000000002, 787.9999999999998, 637.0000000000003, 675.0000000000005, 771.0000000000002, 196.0, 833.9999999999999, 572.0000000000001, 87.00000000000003]","[0, 13, 39, 39, 76, 99, 107, 107, 107, 161, 164, 187, 203]","[76, 39, 61, 76, 205, 164, 119, 142, 164, 164, 205, 205, 205]",37754613.00000001,941.0000000000002,-941.0000000000002,0.0,,,,DWT,mdp.39015067403892,7.450580596923828e-09,,0.0,33.0,19.0,0.0,28.5,,2.2737367544323206e-13,256.3413461538463,4358.999999999998,256.3413461538462,,0.0,256.3413461538463,,,84.00000000000003,0.0,24.0,2.2737367544323206e-13,2.2737367544323206e-13,,1.1368683772161603e-13,1.35691683391749e-13,2.166479132808554e-26,0.9464898549797047,0.9376537329821446,0.0017321198222724173,0.3492063492063494,4.7288173919384576e-05,0.9999999997232464,0.4742280246116333,6.696054799077647e-09,6.696054799077647e-09,6.082000342865356e-09,,5.718550876340534e-12,0.9999999933039181,2.7225927463116073e-13,,,,,,7.374542113937972e-14,1.0,0.5,2.847685247612971e-13,2.847685247612971e-13,0.7922684098808283,0.2590182137502746,302,1.5772882942314785,0.7575769092134769,440,0,0.2478523364496913,0.29613842720040434,305,0.0,0.40439116811097153,0.7345145619806767,474,89.71203932583408,0.9059622229288951,380.25,364.55176249710246,0.7536886586342588,233,coif,0.5507900112560971,0.8749445204262634,0.351963635992853,2,175.25,1.3569168339174896e-13,0.0001547883299646835,2.1664791328085539e-26,0.9464898549797047,0.9376537329821446,0.0027638091636033504,0.5108771929824565,0.0024128768713178473,0.9999999997232463,0.9919828214562021,0.9855281704452481,0.9855281704452481,0.9855281704451347,,1.2251610931599486e-12,0.9999999999667596,1.5171946557926922e-13,,,,,1.0,,7.374542113937972e-14,1.0,0.5,2.847685247612971e-13,2.847685247612971e-13,0.0,2.2345701998217686,0.6375734627749244,298,1.643465148390535,0.7597495382294566,1136,592.5554826343268,0.6894363298562228,717.0,472.1450488145049,0.6568250831671052,584,0.4784248188775415,0.776734912893196,0.43208215291776214,2,438.5,,,,,,,,,,,,,9.110852581982643e-19,0.036413600438416426,2.1664791328085539e-26,0.9611858717310429,0.28986235334392707,0.001907722963246755,0.38648807107743677,0.9999999999999999,0.0024128768713178473,0.9999999999999541,0.0008499884728391225,0.0007982210227401272,0.0007982210227401272,0.0007982210227337874,,0.0,9.572760819061336e-19,0.020163910573049813,1.4108257588933865e-18,,,,,0.4782608695652174,,2.3332883504384434e-21,1.0,0.8604651162790697,9.54194168962319e-19,9.54194168962319e-19,0.9302325581395349,0.5744527218307418,0.17892707859001003,311,1.689081020503221,0.8198956435739235,1352,736.098159215196,0.6560288975629925,831.5,505.6788935658448,0.6337387478469168,838,986.6382352941176,846.0,585.0035688138154,340,0.4652856568234462,0.8173890317607586,0.42908333069536003,4,629.5
bior2.2,1.0,antisymmetric,1.6359902936160185e-27,325.109591515862,5046209.436563183,0.5333333333333333,77.94530680007652,206,smoothed,2.2230329766863324e-14,-2.0569708159001768e-10,6.167301798505194,35201.13949036281,0.9884569808379174,0.00014966566451320274,0.9999999999999999,362.4,,,,[],[],11,426.59999999999997,32.19999999999999,728.3999999999999,"[9, 31, 53, 64, 80, 102, 131, 148, 158, 175, 192]","[311.0, 417.8, 589.6000000000001, 432.20000000000005, 728.3999999999999, 370.99999999999994, 587.0, 32.19999999999999, 448.2, 368.0000000000001, 407.20000000000005]","[1, 1, 1, 60, 1, 94, 120, 144, 144, 165, 186]","[20, 40, 75, 75, 204, 120, 204, 149, 204, 186, 204]",30736475.840000004,728.3999999999999,-728.3999999999999,0.0,,,,DWT,mdp.39015067403892,7.450580596923828e-09,,0.0,15.0,11.0,0.0,33.0,,1.1368683772161603e-13,168.40000000000003,987.7999999999993,168.40000000000003,,0.0,168.40000000000003,,,28.0,0.0,33.0,1.1368683772161603e-13,1.1368683772161603e-13,,0.0,0.0,0.0,1.0,0.04755117934243762,0.09850602570347308,0.13917548025037796,0.05597953821133945,,0.999999664709775,4.4059199552998455e-09,4.4059199552998455e-09,3.6787269888316428e-09,,0.0,0.9999999955940747,7.585973278963461e-14,,,,,,1.5893391424973748e-13,0.0,1.0,1.7477015598164352e-13,1.7477015598164352e-13,0.8999999009573273,0.33832967743522163,560,0.7510906099076424,0.3813045653523229,668,0,0.24999997273291674,0.3557007787823812,562,0.0,0.19160174621537548,0.3380373368263734,678,64.79711927753168,0.9320784913233421,617.0,611.9009261550555,0.6426639836071637,472,bior,0.8100315533562081,0.7923003667562746,0.1952878026237719,6,355.5,9.740562852416063e-15,0.9999999999705138,3.6085758490010476e-28,0.9858052856276809,0.7342781399116985,0.0002580476201872572,0.11421052631578965,0.0005452357390886434,0.9999999997235288,2.0315811923354854e-05,4.745387416349445e-11,4.745387416349445e-11,3.962169481397382e-11,,0.0,0.0031261328403482946,7.585973278963461e-14,,,,,0.0,,7.374542113937972e-14,0.0,1.0,1.4238426238064856e-13,1.4238426238064856e-13,1.0,0.30156916120424176,0.086044508420659,1558,1.704653569845071,0.7880360370278031,694,610.9402589451771,0.6798007028589219,1126.0,960.2593250444052,0.5448269761674065,1236,0.5943810304597339,0.7715092316736338,0.3524805091760961,5,928.25,,,,,,,,,,,,,6.540182124330223e-20,0.9999999999715831,3.6085758490010476e-28,0.9897037194689075,0.22699167310610951,0.0013217704814244137,0.08640238127452321,0.9999999999999999,0.0005452357390886438,0.9999999999999541,9.960751159770423e-05,3.8434858594393884e-14,3.8434858594393884e-14,3.20911916831812e-14,,0.0,0.0,0.004567040150618464,7.054128794466933e-19,,,,,0.13043478260869565,,2.3332883504384434e-21,0.7209302325581395,1.0,4.770970844811595e-19,4.770970844811595e-19,1.0,0.42658033862811345,0.13286867808967343,1359,1.8427580002720123,0.8944918794563749,350,713.4707422172264,0.6666024569078381,854.5,556.6413107080164,0.6336516957436387,839,1104.4,1082.5,563.6960149978129,300,0.520820561188399,0.7876173146100969,0.3991404127850916,6,630.75
coif9,1.0,periodization,2.844774611754059e-26,314.93131383416585,5969672.255729268,0.6067961165048543,282.3076262901472,206,raw,1.1433969403249629e-13,-2.1057144916625514e-10,6.324402979370567,63117.308605900645,0.7630631806450995,5.618943883690066e-06,1.0,326.9999999999999,,,,[],[],13,661.1538461538463,86.99999999999994,940.0,"[8, 32, 51, 63, 81, 100, 111, 133, 152, 162, 175, 192, 204]","[878.0000000000005, 637.9999999999999, 787.0000000000002, 792.0000000000005, 940.0, 787.9999999999999, 637.0000000000001, 675.0000000000001, 770.9999999999999, 195.99999999999994, 834.0000000000002, 572.0000000000003, 86.99999999999994]","[0, 13, 39, 39, 76, 99, 107, 107, 107, 161, 99, 187, 203]","[76, 39, 61, 76, 205, 164, 119, 142, 164, 164, 205, 205, 205]",37754613.0,941.0,-941.0,0.0,,,,DWT,mdp.39015067403892,0.0,,0.0,33.0,19.0,0.0,28.5,,0.0,256.3413461538463,4358.999999999998,256.34134615384625,,0.0,256.3413461538463,,,83.99999999999994,0.0,19.5,0.0,0.0,,1.1368683772161603e-13,1.2612234259466947e-13,1.9334631375149884e-26,0.9482451367329828,0.7885487169744613,0.00026301488596248534,0.3723994452149788,0.00043539500072065546,0.9999999997234555,0.47422802461153424,6.696054799077647e-09,6.696054799077647e-09,6.082044361106239e-09,,5.718550876340534e-12,0.9999999933039181,0.0,,,,,,0.0,1.0,0.0,0.0,0.0,0.7422684098805248,0.2426715936830421,793,1.5124868839457015,0.7264525724029427,601,0,0.20618566978294373,0.2463543448305425,791,0.0,0.3887364635665859,0.7060801911088557,617,105.85997040115463,0.8890356704390413,700.5,688.4805290932198,0.5773794704396464,605,coif,0.5507900112560971,0.8749445204262634,0.351963635992853,2,454.25,1.2612234259466947e-13,0.0001547883299646835,1.9334631375149884e-26,0.9482451367329828,0.7885487169744614,0.0012962225170573022,0.5283086356668368,0.002800065553578875,0.9999999997234554,0.9919828214562006,0.9855281704452481,0.9855281704452481,0.9855281704451354,,1.2251610931599486e-12,0.9999999999667596,0.0,,,,,1.0,,0.0,1.0,0.25,0.0,0.0,0.0,2.209570199821542,0.6304403968409077,793,1.5763594686621247,0.7287275787822713,1388,420.72853480599576,0.7794923821771511,1090.5,1009.338835396607,0.6039757508370032,853,0.4784248188775415,0.776734912893196,0.43208215291776214,2,640.25,,,,,,,,,,,,,8.4683308656204365e-19,0.03641360043841643,1.9334631375149884e-26,0.9624590832144737,0.24376865231645617,0.0015645394547870325,0.39967528074685416,1.0,0.002800065553578875,0.9999999999999541,0.0008499884728391214,0.0007982210227401272,0.0007982210227401272,0.0007982210227337879,,0.0,9.572760819061336e-19,0.020163910573049813,0.0,,,,,0.4782608695652174,,0.0,1.0,0.7906976744186046,0.0,0.0,0.9302325581395349,0.5674759776446953,0.17675400427451057,752,1.6720562644659855,0.8116316685849205,1428,478.0041840821061,0.7766335588401373,1090.0,985.1889908256882,0.633643882223807,840,986.6382352941176,846.0,585.0035688138154,340,0.4652856568234462,0.8173890317607586,0.42908333069536003,4,631.0
db22,1.0,smooth,1.4575775286924896e-26,317.83547582642774,189186360.10844517,0.6048387096774194,312.8802516465116,206,raw,8.18245148013057e-14,-2.0772583653183827e-10,4.071375049918965,3012243.7149075405,0.9959409936924641,5.618943883690062e-06,0.9999999999999998,327.0000000000001,,,,[],[],13,661.1538461538462,87.0,940.0000000000003,"[8, 32, 51, 63, 81, 100, 111, 133, 152, 162, 175, 192, 204]","[878.0000000000002, 637.9999999999999, 787.0, 792.0, 940.0000000000003, 788.0000000000005, 637.0, 674.9999999999997, 770.9999999999998, 196.0, 834.0000000000002, 572.0000000000002, 87.0]","[0, 13, 39, 39, 76, 99, 107, 107, 107, 161, 99, 187, 203]","[76, 39, 61, 76, 205, 164, 119, 142, 164, 164, 205, 205, 205]",37754613.0,941.0000000000003,-941.0000000000003,0.0,,,,DWT,mdp.39015067403892,0.0,,0.0,33.0,19.0,0.0,28.5,,3.410605131648481e-13,256.3413461538462,4359.0,256.3413461538462,,0.0,256.3413461538462,,,84.0,0.0,19.5,3.410605131648481e-13,3.410605131648481e-13,,1.1368683772161603e-13,8.503884953471105e-14,9.517906267942075e-27,0.9589621519545111,0.010240589713208736,0.20645187767506323,0.35771889400921664,0.2392055073313567,0.9999999997234984,0.4742280246116003,6.6959667625959335e-09,6.6959667625959335e-09,6.082000342865356e-09,,5.718550876340534e-12,0.9999999933040264,4.083889119467411e-13,,,,,,0.0,1.0,0.0,4.2715278714194565e-13,4.2715278714194565e-13,0.7422684098809076,0.24267159368316726,722,1.3224932852924969,0.6351980035556086,825,0,0.2061856697830451,0.24635434483066362,721,0.0,0.3465723775508675,0.6294955927957385,825,59.757147410721224,0.9373614807015501,773.25,769.786417721105,0.5634134447532908,661,db,0.540986235965534,0.9305070477545101,0.3421575204977732,3,496.5,8.503884953471105e-14,0.0001547883299646835,9.517906267942074e-27,0.9589621519545111,0.010240589713208847,0.20727199335332191,0.5172750424448219,0.2410053192940778,0.9999999997234983,0.9919828214562016,0.9855281704452468,0.9855281704452468,0.9855281704451347,,1.2251610931599486e-12,0.9999999999667601,2.275791983689038e-13,,,,,1.0,,0.0,1.0,0.25,4.2715278714194565e-13,4.2715278714194565e-13,0.0,2.209570199821826,0.6304403968409887,720,1.3874921637899462,0.6414170277774004,1654,660.4377336282354,0.6538586301738809,1187.0,1003.2687447346251,0.5158706148772969,1441,0.49117026184683504,0.8233619396015222,0.4091722348267588,4,1081.75,,,,,,,,,,,,,5.709829832498545e-19,0.03641360043841641,9.517906267942074e-27,0.9702327792736228,0.0031657330734018163,0.04973034135796423,0.3913281628484514,0.9999999999999998,0.2410053192940778,0.9999999999999541,0.0008499884728391221,0.0007982210227401261,0.0007982210227401261,0.0007982210227337874,,0.0,9.572760819061336e-19,0.020163910573049823,2.11623863834008e-18,,,,,0.4782608695652174,,0.0,1.0,0.7906976744186046,1.4312912534434783e-18,1.4312912534434783e-18,0.9302325581395349,0.5674759776446953,0.17675400427451057,746,1.6724451777683749,0.8118204507205827,1427,481.5397179880389,0.7749814401925053,1086.5,979.7901518637827,0.6336355799093367,841,1009.0473684210526,935.5,610.6543869996938,760,0.4758535102197843,0.8532293215616218,0.41093374637766444,5,632.0
db29,1.0,antireflect,1.3162630540190073e-26,318.2783655553063,7057790.674058299,0.583969465648855,272.0794970528068,206,raw,8.149252578034984e-14,-2.0509582920880402e-10,6.71277349347,143002.7491253023,0.9098014808597129,5.618943883690066e-06,1.0,327.0,,,,[],[],13,661.153846153846,87.00000000000006,939.9999999999998,"[8, 32, 51, 63, 81, 100, 111, 133, 152, 162, 175, 192, 204]","[878.0000000000001, 638.0000000000002, 787.0, 791.9999999999998, 939.9999999999998, 788.0, 637.0000000000001, 674.9999999999995, 771.0, 195.99999999999983, 834.0000000000002, 571.9999999999999, 87.00000000000006]","[0, 13, 39, 39, 76, 99, 107, 107, 107, 161, 99, 187, 203]","[76, 39, 61, 76, 205, 164, 119, 142, 164, 164, 205, 205, 205]",37754613.0,940.9999999999998,-940.9999999999998,0.0,,,,DWT,mdp.39015067403892,0.0,,0.0,33.0,19.0,0.0,28.5,,2.2737367544323206e-13,256.34134615384596,4359.000000000002,256.3413461538461,,0.0,256.34134615384596,,,84.00000000000006,0.0,19.5,2.2737367544323206e-13,2.2737367544323206e-13,,0.0,8.461937564710168e-14,8.51787147225365e-27,0.9605965153193982,0.922711247123741,0.0014875643627846752,0.20119956379498377,0.006903159680336408,0.999999999723538,0.47422802461166635,6.695790689632508e-09,6.695790689632508e-09,6.081912306383589e-09,,0.0,0.9999999933041348,2.7225927463116073e-13,,,,,,0.0,1.0,0.0,2.847685247612971e-13,2.847685247612971e-13,0.7422684098778655,0.2426715936821727,890,1.5216984042144703,0.7308768967828884,583,0,0.20618566978251135,0.24635434483002588,892,0.0,0.38661225625060835,0.7022218941694347,636,163.96010693661634,0.8281340598148675,750.25,723.0312094156267,0.5208542416474757,793,db,0.540986235965534,0.9305070477545101,0.3421575204977732,3,595.5,8.461937564710168e-14,0.0001547883299646835,8.51787147225365e-27,0.9605965153193982,0.9227112471237411,0.00251950644715776,0.3996384089995985,0.009252529438624462,0.9999999997235379,0.9919828214562026,0.9855281704452442,0.9855281704452442,0.9855281704451335,,0.0,0.9999999999667607,1.5171946557926922e-13,,,,,1.0,,0.0,1.0,0.25,2.847685247612971e-13,2.847685247612971e-13,0.0,2.2095701998211172,0.6304403968407866,890,1.6025760977408077,0.7408471371775123,1283,277.8929650063132,0.8543537919254124,1086.5,1050.9618039576621,0.6424546737404839,690,0.49117026184683504,0.8233619396015222,0.4091722348267588,4,518.5,,,,,,,,,,,,,5.681664769935598e-19,0.03641360043841643,8.51787147225365e-27,0.971418281373435,0.2852430957615465,0.0018505947088071572,0.30233386799088247,1.0,0.00925252943862446,0.9999999999999541,0.0008499884728391229,0.000798221022740124,0.000798221022740124,0.0007982210227337863,,0.0,0.0,0.02016391057304983,1.4108257588933865e-18,,,,,0.4782608695652174,,0.0,1.0,0.7906976744186046,9.54194168962319e-19,9.54194168962319e-19,0.9302325581395349,0.5674759776446953,0.17675400427451057,933,1.661956453162547,0.8067291262035369,1461,373.3523804664971,0.8255362708100481,1197.0,1138.7744360902257,0.6330952382087623,842,1009.0473684210526,935.5,610.6543869996938,760,0.4758535102197843,0.8532293215616218,0.41093374637766444,5,632.75
db30,1.0,antireflect,1.9395087392638597e-26,316.59487506019485,7117023.184309646,0.6022727272727273,299.84543926966364,206,raw,9.256888675224119e-14,-2.0481061291377803e-10,6.7370602413146745,145968.93007302913,0.9110044953483204,5.6189438836900665e-06,0.9999999999999999,327.0000000000001,,,,[],[],13,661.1538461538462,86.99999999999997,939.9999999999998,"[8, 32, 51, 63, 81, 100, 111, 133, 152, 162, 175, 192, 204]","[878.0000000000003, 638.0000000000001, 787.0, 792.0000000000002, 939.9999999999998, 787.9999999999998, 636.9999999999999, 675.0000000000002, 770.9999999999999, 195.9999999999999, 833.9999999999999, 572.0, 86.99999999999997]","[0, 13, 42, 42, 76, 99, 107, 107, 107, 161, 164, 187, 203]","[76, 42, 61, 76, 205, 164, 119, 142, 164, 164, 205, 205, 205]",37754613.0,940.9999999999998,-940.9999999999998,0.0,,,,DWT,mdp.39015067403892,0.0,,0.0,33.0,19.0,0.0,28.5,,2.2737367544323206e-13,256.3413461538462,4359.0,256.34134615384613,,0.0,256.3413461538462,,,83.99999999999997,0.0,28.5,2.2737367544323206e-13,2.2737367544323206e-13,,1.1368683772161603e-13,9.861454989734155e-14,1.292837062987805e-26,0.9543840542688505,0.9311011001677978,0.001554223596023772,0.3384740259740261,0.007143310579452967,0.9999999997235424,0.47422802461156727,6.6959667625959335e-09,6.6959667625959335e-09,6.0819563246244724e-09,,5.718550876340534e-12,0.9999999933040264,2.7225927463116073e-13,,,,,,0.0,1.0,1.0,2.847685247612971e-13,2.847685247612971e-13,0.8422684098807596,0.27536483381738547,121,1.5772050289540591,0.757536916618754,441,0,0.2895190031163369,0.3459225095701443,121,0.0,0.404082089288724,0.7339531676831674,479,196.3355970441088,0.7941974873751481,290.5,191.53251979213107,0.7448450749244713,256,db,0.540986235965534,0.9305070477545101,0.3421575204977732,3,192.75,9.861454989734155e-14,0.0001547883299646835,1.292837062987805e-26,0.9543840542688505,0.9311011001677979,0.002586096789449046,0.5028110047846892,0.0094921122126228,0.9999999997235423,0.9919828214562011,0.9855281704452468,0.9855281704452468,0.9855281704451341,,1.2251610931599486e-12,0.9999999999667601,1.5171946557926922e-13,,,,,1.0,,0.0,1.0,0.75,2.847685247612971e-13,2.847685247612971e-13,0.0,2.2595701998217312,0.6447065287088658,114,1.6444417142272947,0.7602009901171072,1129,717.7133829043457,0.6238399460669047,621.5,207.08930008045053,0.6490530967231798,650,0.49117026184683504,0.8233619396015222,0.4091722348267588,4,488.5,,,,,,,,,,,,,6.62135367544481e-19,0.03641360043841644,1.292837062987805e-26,0.9669120095255377,0.28783669984162147,0.0018661663327046907,0.38038585011254494,0.9999999999999999,0.009492112212622802,0.9999999999999541,0.0008499884728391218,0.0007982210227401261,0.0007982210227401261,0.0007982210227337869,,0.0,9.572760819061336e-19,0.020163910573049823,1.4108257588933865e-18,,,,,0.4782608695652174,,0.0,1.0,0.9302325581395349,9.54194168962319e-19,9.54194168962319e-19,0.9302325581395349,0.5814294660167882,0.18110015290550946,174,1.6918739038640593,0.8212513351439343,1331,818.1225458328355,0.6176997449379273,752.5,307.7661129568106,0.6330321154596179,843,1009.0473684210526,935.5,610.6543869996938,760,0.4758535102197843,0.8532293215616218,0.41093374637766444,5,633.5
bior3.3,1.0,antisymmetric,1.6187732128884764e-27,327.37993237687357,6848454.4676696155,0.6132075471698113,222.38262548710452,206,raw,2.0350495830022294e-14,-2.0804635791904792e-10,6.02413788647112,83104.67728537876,0.8929653608571436,5.618943883690066e-06,1.0,327.0,,,,[],[],13,661.1538461538462,86.99999999999997,940.0,"[8, 32, 51, 63, 81, 100, 111, 133, 152, 162, 175, 192, 204]","[877.9999999999999, 638.0, 787.0, 791.9999999999999, 940.0, 788.0, 637.0, 675.0, 771.0, 196.0, 834.0000000000001, 572.0, 86.99999999999997]","[0, 13, 42, 42, 76, 99, 107, 107, 107, 161, 99, 187, 203]","[76, 42, 61, 76, 205, 164, 119, 142, 164, 164, 205, 205, 205]",37754613.0,941.0,-941.0,0.0,,,,DWT,mdp.39015067403892,0.0,,0.0,33.0,19.0,0.0,28.5,,0.0,256.3413461538462,4359.0,256.34134615384613,,0.0,256.3413461538462,,,83.99999999999997,0.0,24.0,0.0,0.0,,0.0,7.365360060238353e-15,3.486736385297839e-28,0.9941833573848173,0.6848221900718952,0.0012519810497047842,0.4204851752021561,0.0020536322707797746,0.9999999997234936,0.47422802461156727,6.6959667625959335e-09,6.6959667625959335e-09,6.0819563246244724e-09,,0.0,0.9999999933040264,0.0,,,,,,0.0,1.0,0.5,0.0,0.0,0.7922684098776503,0.25901821374923567,567,1.5085626228702644,0.724567736518882,614,0,0.24785233644912363,0.2961384271997261,569,0.0,0.38784954196285676,0.7044692339845509,627,30.78284154091908,0.9677328705021813,594.25,593.0583849114656,0.6724146532804407,381,bior,0.672619891330026,0.76736776154697,0.2989557476048908,5,287.0,7.365360060238353e-15,0.0001547883299646835,3.486736385297839e-28,0.9941833573848173,0.6848221900718953,0.0022841666045910706,0.5644488579940417,0.00441447455881058,0.9999999997234934,0.9919828214562011,0.9855281704452468,0.9855281704452468,0.9855281704451341,,0.0,0.9999999999667601,0.0,,,,,1.0,,0.0,1.0,0.5,0.0,0.0,0.0,2.2345701998209284,0.6375734627746847,567,1.567654962178663,0.7247036146673026,1411,596.7981233214462,0.6872127236260764,989.0,808.9352881698685,0.5844344540562247,953,0.5943810304597339,0.7715092316736338,0.3524805091760961,5,716.0,,,,,,,,,,,,,4.9453811792075455e-20,0.03641360043841643,3.486736385297839e-28,0.9957808390824815,0.21170306761863197,0.0017955623514042916,0.4270160291838876,1.0,0.00441447455881058,0.9999999999999541,0.0008499884728391218,0.0007982210227401261,0.0007982210227401261,0.0007982210227337869,,0.0,0.0,0.020163910573049823,0.0,,,,,0.4782608695652174,,0.0,1.0,0.8604651162790697,0.0,0.0,0.9302325581395349,0.5744527218307418,0.17892707859001003,331,1.6877141000630929,0.8192321276736387,1358,726.1986642785843,0.6606548297763625,844.5,532.2652457075193,0.6330143307760316,844,1104.4,1082.5,563.6960149978129,300,0.520820561188399,0.7876173146100969,0.3991404127850916,6,634.5
bior3.3,1.0,periodic,1.6181758230767556e-27,327.38153538698486,6851483.47600542,0.6132075471698113,222.38262548710452,206,raw,2.0324626555662097e-14,-2.0804913347660948e-10,6.0267908341437115,79354.13911443965,0.8883694902457304,5.618943883690066e-06,1.0,327.0,,,,[],[],13,661.1538461538462,86.99999999999997,940.0,"[8, 32, 51, 63, 81, 100, 111, 133, 152, 162, 175, 192, 204]","[877.9999999999999, 638.0, 787.0, 791.9999999999999, 940.0, 788.0, 637.0, 675.0, 771.0, 196.0, 834.0000000000001, 572.0, 86.99999999999997]","[0, 13, 42, 42, 76, 99, 107, 107, 107, 161, 99, 187, 203]","[76, 42, 61, 76, 205, 164, 119, 142, 164, 164, 205, 205, 205]",37754613.0,941.0,-941.0,0.0,,,,DWT,mdp.39015067403892,0.0,,0.0,33.0,19.0,0.0,28.5,,0.0,256.3413461538462,4359.0,256.34134615384613,,0.0,256.3413461538462,,,83.99999999999997,0.0,24.0,0.0,0.0,,0.0,7.332673783281775e-15,3.482508859422014e-28,0.9941892728550318,0.6857386504085761,0.0012553898428199631,0.4204851752021561,0.0017499774601680805,0.9999999997234935,0.47422802461156727,6.6959667625959335e-09,6.6959667625959335e-09,6.0819563246244724e-09,,0.0,0.9999999933040264,0.0,,,,,,0.0,1.0,0.5,0.0,0.0,0.7922684098776503,0.25901821374923567,569,1.5089046447930465,0.7247320108066531,612,0,0.24785233644912363,0.2961384271997261,566,0.0,0.3879273081865316,0.7046104844079619,625,29.944392908634274,0.9686117474752262,593.0,591.8700179728662,0.673509228035307,379,bior,0.672619891330026,0.76736776154697,0.2989557476048908,5,285.5,7.332673783281775e-15,0.0001547883299646835,3.482508859422014e-28,0.9941892728550318,0.6857386504085762,0.0022875718747886104,0.5644488579940417,0.004111538104556541,0.9999999997234934,0.9919828214562011,0.9855281704452468,0.9855281704452468,0.9855281704451341,,0.0,0.9999999999667601,0.0,,,,,1.0,,0.0,1.0,0.5,0.0,0.0,0.0,2.2345701998209284,0.6375734627746847,570,1.5679972696825297,0.7248618583442372,1409,593.2625894155134,0.6890657288178651,989.5,811.6523496715513,0.5852299293984504,950,0.5943810304597339,0.7715092316736338,0.3524805091760961,5,713.75,,,,,,,,,,,,,4.9234343772104413e-20,0.03641360043841643,3.482508859422014e-28,0.9957851299290038,0.21198637833408324,0.0017963586468573713,0.4270160291838876,1.0,0.00411153810455654,0.9999999999999541,0.0008499884728391218,0.0007982210227401261,0.0007982210227401261,0.0007982210227337869,,0.0,0.0,0.020163910573049823,0.0,,,,,0.4782608695652174,,0.0,1.0,0.8604651162790697,0.0,0.0,0.9302325581395349,0.5744527218307418,0.17892707859001003,319,1.687737553494757,0.8192435121875932,1356,733.2697320904498,0.6573505924810983,837.5,516.4943283582089,0.6329977261470912,845,1104.4,1082.5,563.6960149978129,300,0.520820561188399,0.7876173146100969,0.3991404127850916,6,635.25
db37,1.0,symmetric,1.6180042649769794e-26,317.38199584798576,7794034.746744021,0.6007194244604317,280.5114900395087,206,raw,9.06804297239468e-14,-2.0920576382366402e-10,6.81711240154846,59493.530187949604,0.7874982502347841,5.618943883690066e-06,1.0,327.0000000000001,,,,[],[],13,661.1538461538462,87.00000000000028,939.9999999999999,"[8, 32, 51, 63, 81, 100, 111, 133, 152, 162, 175, 192, 204]","[878.0, 637.9999999999995, 787.0000000000001, 792.0000000000002, 939.9999999999999, 787.9999999999998, 636.9999999999999, 675.0000000000002, 771.0, 195.99999999999966, 834.0000000000003, 572.0, 87.00000000000028]","[0, 13, 42, 42, 76, 99, 107, 107, 107, 161, 164, 187, 203]","[76, 42, 61, 76, 205, 164, 119, 142, 164, 164, 205, 205, 205]",37754613.0,940.9999999999999,-940.9999999999999,0.0,,,,DWT,mdp.39015067403892,0.0,,0.0,33.0,19.0,0.0,28.5,,1.1368683772161603e-13,256.3413461538462,4359.0,256.34134615384613,,0.0,256.3413461538462,,,84.00000000000028,0.0,28.5,1.1368683772161603e-13,1.1368683772161603e-13,,1.1368683772161603e-13,9.62284516795117e-14,1.0653192082179515e-26,0.95728870817122,0.9587551057397309,0.0023161205923586878,0.3268242548818091,0.00014200303960747477,0.9999999997234761,0.4742280246119305,6.6959667625959335e-09,6.6959667625959335e-09,6.0819563246244724e-09,,5.718550876340534e-12,0.9999999933040264,1.3612963731558036e-13,,,,,,0.0,1.0,1.0,1.4238426238064856e-13,1.4238426238064856e-13,0.8422684098807435,0.2753648338173802,122,1.5856953411267627,0.761614842307785,406,0,0.2895190031163322,0.34592250957013876,122,0.0,0.4056657740185373,0.7368296882092416,467,183.2764305632342,0.8078863411286854,279.25,190.4959255522843,0.7575857282163343,226,db,0.540986235965534,0.9305070477545101,0.3421575204977732,3,170.25,9.622845167951169e-14,0.0001547883299646835,1.0653192082179515e-26,0.95728870817122,0.958755105739731,0.0033472063808940335,0.49405528209011773,0.0025073676699944704,0.999999999723476,0.9919828214562068,0.9855281704452468,0.9855281704452468,0.9855281704451341,,1.2251610931599486e-12,0.9999999999667601,7.585973278963461e-14,,,,,1.0,,0.0,1.0,0.75,1.4238426238064856e-13,1.4238426238064856e-13,0.0,2.2595701998216384,0.6447065287088394,127,1.6540958772554981,0.7646639663535382,1094,683.7722574073914,0.6416287959080758,610.5,227.58067158067158,0.6608301212244782,556,0.49117026184683504,0.8233619396015222,0.4091722348267588,4,418.0,,,,,,,,,,,,,6.461142020865975e-19,0.03641360043841643,1.0653192082179515e-26,0.9690189297945958,0.2963855434632138,0.002044145779798441,0.3737619835129058,1.0,0.0025073676699944704,0.9999999999999541,0.0008499884728391259,0.0007982210227401261,0.0007982210227401261,0.0007982210227337869,,0.0,9.572760819061336e-19,0.020163910573049823,7.054128794466933e-19,,,,,0.4782608695652174,,0.0,1.0,0.9302325581395349,4.770970844811595e-19,4.770970844811595e-19,0.9302325581395349,0.5814294660167882,0.18110015290550946,155,1.6920580231029303,0.821340708335638,1328,829.4362543318202,0.6124129652655046,741.5,277.59946055293324,0.6329588190813504,846,1009.0473684210526,935.5,610.6543869996938,760,0.4758535102197843,0.8532293215616218,0.41093374637766444,5,635.75
db12,1.0,periodization,1.4573666566277777e-26,317.8361041785911,5937037.710990071,0.6116504854368932,304.71822500485655,206,raw,7.794978008461129e-14,-2.1281076900692444e-10,6.359166782806906,63117.30860590066,0.7683710973780039,5.618943883690066e-06,0.9999999999999999,327.00000000000006,,,,[],[],13,661.1538461538462,87.0,940.0,"[8, 32, 51, 63, 81, 100, 111, 133, 152, 162, 175, 192, 204]","[878.0000000000001, 637.9999999999998, 787.0, 792.0000000000001, 940.0, 787.9999999999999, 637.0000000000001, 674.9999999999999, 771.0, 196.00000000000006, 833.9999999999999, 571.9999999999998, 87.0]","[0, 13, 39, 39, 76, 99, 107, 107, 107, 161, 164, 187, 203]","[76, 39, 61, 76, 205, 164, 119, 142, 164, 164, 205, 205, 205]",37754613.0,941.0,-941.0,0.0,,,,DWT,mdp.39015067403892,0.0,,0.0,33.0,19.0,0.0,28.5,,0.0,256.3413461538462,4359.0,256.34134615384613,,0.0,256.3413461538462,,,84.0,0.0,24.0,0.0,0.0,,5.684341886080802e-14,8.014305499793076e-14,9.516413997580968e-27,0.9589644707162458,0.80055786714758,0.00022628853889073678,0.40880721220527005,0.00043539500072065665,0.9999999997234218,0.4742280246116003,6.6959667625959335e-09,6.6959667625959335e-09,6.0819563246244724e-09,,2.859275438170267e-12,0.9999999933040264,0.0,,,,,,0.0,1.0,0.5,0.0,0.0,0.7922684098790899,0.2590182137497063,477,1.5394678030447722,0.7394115992172335,534,0,0.2478523364493646,0.296138427200014,477,0.0,0.39612390416652615,0.7194983444324572,549,37.73923687622737,0.9604410514924241,509.25,507.16208475115667,0.7133180100229416,310,db,0.540986235965534,0.9305070477545101,0.3421575204977732,3,233.25,8.014305499793075e-14,0.0001547883299646835,9.516413997580968e-27,0.9589644707162458,0.80055786714758,0.0012595341259105837,0.5556719468574347,0.0028000655535788763,0.9999999997234217,0.9919828214562016,0.9855281704452468,0.9855281704452468,0.9855281704451341,,6.125805465799743e-13,0.9999999999667601,0.0,,,,,1.0,,0.0,1.0,0.5,0.0,0.0,0.0,2.234570199821235,0.6375734627747721,487,1.5997226244192801,0.7395280188253502,1293,569.9280656363574,0.7012955630836701,890.0,707.5179775280898,0.6174192700114367,794,0.49117026184683504,0.8233619396015222,0.4091722348267588,4,596.5,,,,,,,,,,,,,5.381107679590287e-19,0.03641360043841643,9.516413997580968e-27,0.9702344612110454,0.24748111077355603,0.0015559601652281462,0.42037613313489364,0.9999999999999999,0.0028000655535788763,0.9999999999999541,0.0008499884728391221,0.0007982210227401261,0.0007982210227401261,0.0007982210227337869,,0.0,4.786380409530668e-19,0.020163910573049823,0.0,,,,,0.4782608695652174,,0.0,1.0,0.8604651162790697,0.0,0.0,0.9302325581395349,0.5744527218307418,0.17892707859001003,369,1.6868537718029148,0.8188145163311388,1365,704.2783540618013,0.6708979653916816,867.0,580.9515570934255,0.6328788892378969,847,1009.0473684210526,935.5,610.6543869996938,760,0.4758535102197843,0.8532293215616218,0.41093374637766444,5,636.5
sym9,1.0,antisymmetric,3.5299450344928923e-25,303.994113039036,6257084.192110915,0.6261261261261262,290.01016355045647,206,raw,4.70540542883365e-13,-1.848425856820786e-10,6.390305619090908,90674.31368609318,0.8446610535183805,5.618943883690058e-06,0.9999999999999998,326.9999999999997,,,,[],[],13,661.1538461538463,87.00000000000017,940.0000000000002,"[8, 32, 51, 63, 81, 100, 111, 133, 152, 162, 175, 192, 204]","[877.9999999999991, 638.0000000000013, 787.0000000000013, 792.0, 940.0000000000002, 787.9999999999994, 637.0000000000002, 675.0, 770.9999999999993, 196.00000000000102, 834.0000000000007, 571.9999999999991, 87.00000000000017]","[0, 13, 42, 42, 76, 99, 107, 107, 107, 161, 164, 187, 203]","[76, 42, 61, 76, 205, 164, 119, 142, 164, 164, 205, 205, 205]",37754613.0,940.9999999999995,-940.9999999999995,0.0,,,,DWT,mdp.39015067403892,0.0,,0.0,33.0,19.0,0.0,28.5,,4.547473508864641e-13,256.3413461538463,4358.999999999998,256.34134615384625,,0.0,256.3413461538463,,,84.00000000000017,0.0,28.5,2.2737367544323206e-13,4.547473508864641e-13,,2.8421709430404007e-13,5.761882947970225e-13,2.4900540707559514e-25,0.9078843897379343,0.8113147730147858,0.0005864632629039125,0.5173745173745177,0.00266649271983975,0.9999999997238433,0.4742280246117984,6.696054799077647e-09,6.696054799077647e-09,6.082044361106239e-09,,1.4296377190851335e-11,0.9999999933039181,2.7225927463116073e-13,,,,,,0.0,1.0,1.0,5.695370495225942e-13,5.695370495225942e-13,0.8422684098852569,0.2753648338188558,84,1.5586976559090588,0.748647762669936,490,0,0.28951900311713147,0.3459225095710937,84,0.0,0.4049783294793001,0.7355810505919005,472,229.32582352045165,0.7596165371903023,282.5,143.0155621972586,0.7317474719494488,281,sym,0.8243425715244881,0.7368036147090654,0.2019191155201387,6,212.25,5.761882947970227e-13,0.00015478832996457248,2.4900540707559514e-25,0.9078843897379343,0.8113147730147859,0.0016193366167475151,0.6372688477951639,0.005025885163558688,0.9999999997238432,0.9919828214562046,0.9855281704452481,0.9855281704452481,0.9855281704451354,,3.062902732899872e-12,0.9999999999667596,1.5171946557926922e-13,,,,,1.0,,0.0,1.0,0.75,5.695370495225942e-13,5.695370495225942e-13,0.0,2.2595701998227655,0.6447065287091609,84,1.608162018230716,0.7434294252880636,1264,834.3860018001261,0.5626907747378793,674.0,157.53115727002967,0.6047206494234469,845,0.7763846615972358,0.5622554397616224,0.28785410495344815,6,635.25,,,,,,,,,,,,,3.868746029337595e-18,0.036413600438416384,2.4900540707559514e-25,0.9331830046259635,0.2508064556633489,0.00164009712671425,0.48210570196769653,0.9999999999999998,0.005025885163558687,0.9999999999999543,0.0008499884728391244,0.0007982210227401272,0.0007982210227401272,0.0007982210227337879,,0.0,2.3931902047653343e-18,0.020163910573049813,1.4108257588933865e-18,,,,,0.4782608695652174,,0.0,1.0,0.9302325581395349,1.908388337924638e-18,1.908388337924638e-18,0.9302325581395349,0.5814294660167882,0.18110015290550946,165,1.6919097941546184,0.8212687566249165,1330,823.7794000823278,0.615056355101716,747.5,293.5785953177257,0.6328786448405777,848,1409.1368421052632,1454.5,398.32527672708756,380,0.6645304607900322,0.5565550872278735,0.3678621512786154,7,637.75
bior3.3,1.0,symmetric,1.6175018448276345e-27,327.38334462182706,6851336.675488196,0.6132075471698113,222.38262548710452,206,raw,2.02728880069417e-14,-2.0805190903417104e-10,6.026732906874695,79347.10317127286,0.8883859011194464,5.618943883690066e-06,1.0,327.0,,,,[],[],13,661.1538461538462,86.99999999999997,940.0,"[8, 32, 51, 63, 81, 100, 111, 133, 152, 162, 175, 192, 204]","[877.9999999999999, 638.0, 787.0, 791.9999999999999, 940.0, 788.0, 637.0, 675.0, 771.0, 196.0, 834.0000000000001, 572.0, 86.99999999999997]","[0, 13, 42, 42, 76, 99, 107, 107, 107, 161, 99, 187, 203]","[76, 42, 61, 76, 205, 164, 119, 142, 164, 164, 205, 205, 205]",37754613.0,941.0,-941.0,0.0,,,,DWT,mdp.39015067403892,0.0,,0.0,33.0,19.0,0.0,28.5,,0.0,256.3413461538462,4359.0,256.34134615384613,,0.0,256.3413461538462,,,83.99999999999997,0.0,24.0,0.0,0.0,,0.0,7.267301229368645e-15,3.477739343049298e-28,0.9941959493411903,0.6857186394430324,0.0012552246360800208,0.4204851752021561,0.0017494078091227078,0.9999999997234935,0.47422802461156727,6.6959667625959335e-09,6.6959667625959335e-09,6.0819563246244724e-09,,0.0,0.9999999933040264,0.0,,,,,,0.0,1.0,0.5,0.0,0.0,0.7922684098776503,0.25901821374923567,570,1.5088983347381817,0.7247289800659324,613,0,0.24785233644912363,0.2961384271997261,571,0.0,0.3879255495193853,0.7046072900587019,626,28.786570943178813,0.9698253973341942,595.0,593.9595875217037,0.6730678349354409,380,bior,0.672619891330026,0.76736776154697,0.2989557476048908,5,286.25,7.267301229368632e-15,0.0001547883299646835,3.477739343049298e-28,0.9941959493411903,0.6857186394430324,0.002287406838786439,0.5644488579940417,0.004110969801134969,0.9999999997234934,0.9919828214562011,0.9855281704452468,0.9855281704452468,0.9855281704451341,,0.0,0.9999999999667601,0.0,,,,,1.0,,0.0,1.0,0.5,0.0,0.0,0.0,2.2345701998209284,0.6375734627746847,568,1.5679909602520832,0.7248589415882153,1410,595.383909759073,0.6879539257027919,989.0,809.7876643073812,0.5848050550945825,951,0.5943810304597339,0.7715092316736338,0.3524805091760961,5,714.5,,,,,,,,,,,,,4.8795407732162426e-20,0.03641360043841643,3.477739343049298e-28,0.9957899727861862,0.21198019222788947,0.0017963200544959725,0.4270160291838876,1.0,0.004110969801134969,0.9999999999999541,0.0008499884728391218,0.0007982210227401261,0.0007982210227401261,0.0007982210227337869,,0.0,0.0,0.020163910573049823,0.0,,,,,0.4782608695652174,,0.0,1.0,0.8604651162790697,0.0,0.0,0.9302325581395349,0.5744527218307418,0.17892707859001003,317,1.68773711953842,0.8192433015411495,1357,735.3910524340095,0.656359321292519,837.0,513.9414575866189,0.632618912982708,849,1104.4,1082.5,563.6960149978129,300,0.520820561188399,0.7876173146100969,0.3991404127850916,6,638.25
bior2.2,1.0,symmetric,1.6359902936160185e-27,325.109591515862,5046209.436563183,0.5333333333333333,77.94530680007652,206,smoothed,2.2230329766863324e-14,-2.0569708159001768e-10,6.167301798505194,35026.595145691615,0.9883994597255514,0.00014966566451320274,0.9999999999999999,362.4,,,,[],[],11,426.59999999999997,32.19999999999999,728.3999999999999,"[9, 31, 53, 64, 80, 102, 131, 148, 158, 175, 192]","[311.0, 417.8, 589.6000000000001, 432.20000000000005, 728.3999999999999, 370.99999999999994, 587.0, 32.19999999999999, 448.2, 368.0000000000001, 407.20000000000005]","[1, 1, 1, 60, 1, 94, 120, 144, 144, 165, 186]","[20, 40, 75, 75, 204, 120, 204, 149, 204, 186, 204]",30736475.840000004,728.3999999999999,-728.3999999999999,0.0,,,,DWT,mdp.39015067403892,7.450580596923828e-09,,0.0,15.0,11.0,0.0,33.0,,1.1368683772161603e-13,168.40000000000003,987.7999999999993,168.40000000000003,,0.0,168.40000000000003,,,28.0,0.0,33.0,1.1368683772161603e-13,1.1368683772161603e-13,,0.0,0.0,0.0,1.0,0.04755117934243762,0.09850602570347308,0.13917548025037796,0.05453207102767421,,0.999999664709775,4.4059199552998455e-09,4.4059199552998455e-09,3.6787269888316428e-09,,0.0,0.9999999955940747,7.585973278963461e-14,,,,,,1.5893391424973748e-13,0.0,1.0,1.7477015598164352e-13,1.7477015598164352e-13,0.8999999009573273,0.33832967743522163,556,0.7505116230341763,0.381010632323179,675,0,0.24999997273291674,0.3557007787823812,558,0.0,0.1913949651891376,0.3376725191313556,682,70.2109915421605,0.9264035728069596,617.75,611.7673772155105,0.6394334425879662,482,bior,0.8100315533562081,0.7923003667562746,0.1952878026237719,6,363.0,9.740562852416063e-15,0.9999999999705138,3.6085758490010476e-28,0.9858052856276809,0.7342781399116985,0.0002580476201872572,0.11421052631578965,0.0005311375370507351,0.9999999997235288,2.0315811923354854e-05,4.745387416349445e-11,4.745387416349445e-11,3.962169481397382e-11,,0.0,0.0031261328403482946,7.585973278963461e-14,,,,,0.0,,7.374542113937972e-14,0.0,1.0,1.4238426238064856e-13,1.4238426238064856e-13,1.0,0.30156916120424176,0.086044508420659,1559,1.7046479305642561,0.7880334300720064,695,610.9402589451771,0.6798007028589219,1127.0,961.4063886424134,0.544564921660069,1239,0.5943810304597339,0.7715092316736338,0.3524805091760961,5,930.5,,,,,,,,,,,,,6.540182124330223e-20,0.9999999999715831,3.6085758490010476e-28,0.9897037194689075,0.22699167310610951,0.0013217704814244137,0.08640238127452321,0.9999999999999999,0.0005311375370507356,0.9999999999999541,9.960751159770423e-05,3.8434858594393884e-14,3.8434858594393884e-14,3.20911916831812e-14,,0.0,0.0,0.004567040150618464,7.054128794466933e-19,,,,,0.13043478260869565,,2.3332883504384434e-21,0.7209302325581395,1.0,4.770970844811595e-19,4.770970844811595e-19,1.0,0.42658033862811345,0.13286867808967343,1364,1.8427523609911973,0.894489142096996,351,716.2991693419726,0.6652807619897324,857.5,558.325364431487,0.6322899137051465,850,1104.4,1082.5,563.6960149978129,300,0.520820561188399,0.7876173146100969,0.3991404127850916,6,639.0
bior2.6,1.0,smooth,5.385775506412308e-27,322.1593099996214,7417696.827409506,0.6009174311926605,262.61330670368744,206,raw,4.769431882875141e-14,-2.152656941589753e-10,6.1958325383290935,126656.76346843486,0.9130816399877357,5.618943883690064e-06,0.9999999999999999,327.00000000000017,,,,[],[],13,661.1538461538462,87.00000000000009,940.0000000000001,"[8, 32, 51, 63, 81, 100, 111, 133, 152, 162, 175, 192, 204]","[878.0000000000001, 638.0000000000002, 787.0, 792.0000000000001, 940.0000000000001, 788.0000000000001, 637.0000000000001, 675.0, 771.0000000000001, 196.00000000000006, 834.0, 572.0, 87.00000000000009]","[0, 13, 39, 39, 76, 99, 107, 107, 107, 161, 99, 187, 203]","[76, 39, 61, 76, 205, 164, 119, 142, 164, 164, 205, 205, 205]",37754613.0,941.0000000000001,-941.0000000000001,0.0,,,,DWT,mdp.39015067403892,0.0,,0.0,33.0,19.0,0.0,28.5,,1.1368683772161603e-13,256.3413461538462,4359.0,256.3413461538462,,0.0,256.3413461538462,,,84.00000000000009,0.0,19.5,1.1368683772161603e-13,1.1368683772161603e-13,,1.7053025658242404e-13,4.19147548033374e-14,3.0144538975345154e-27,0.9749180789217222,0.7441340792861928,0.001892596466246451,0.3283093053735251,0.005579739692944383,0.9999999997233847,0.47422802461169933,6.6959667625959335e-09,6.6959667625959335e-09,6.082000342865356e-09,,8.5778263145108e-12,0.9999999933040264,1.3612963731558036e-13,,,,,,0.0,1.0,0.0,1.4238426238064856e-13,1.4238426238064856e-13,0.742268409882117,0.24267159368356264,706,1.491519803145207,0.7163820124893492,650,0,0.20618566978322145,0.24635434483087434,708,0.0,0.3818542249330072,0.693579659707531,673,27.909078570720794,0.9707452006596218,684.25,683.386209970374,0.6267510070384062,473,bior,0.672619891330026,0.76736776154697,0.2989557476048908,5,356.0,4.1914754803337396e-14,0.0001547883299646835,3.0144538975345154e-27,0.9749180789217222,0.7441340792861929,0.0029241199582633794,0.4951714147754706,0.007932240266647066,0.9999999997233846,0.9919828214562032,0.9855281704452468,0.9855281704452468,0.9855281704451347,,1.837741639739923e-12,0.9999999999667601,7.585973278963461e-14,,,,,1.0,,0.0,1.0,0.25,1.4238426238064856e-13,1.4238426238064856e-13,0.0,2.2095701998219432,0.6304403968410222,711,1.5597678453804642,0.7210575176683722,1440,515.4808434849931,0.7298318430372154,1075.5,951.9665271966527,0.5830762988770983,961,0.5943810304597339,0.7715092316736338,0.3524805091760961,5,722.0,,,,,,,,,,,,,2.814315089014342e-19,0.036413600438416426,3.0144538975345154e-27,0.9818065732844699,0.23003849698257395,0.0019452103723103865,0.3746063585888614,0.9999999999999999,0.007932240266647064,0.9999999999999541,0.0008499884728391233,0.0007982210227401261,0.0007982210227401261,0.0007982210227337874,,0.0,1.4359141228592004e-18,0.020163910573049823,7.054128794466933e-19,,,,,0.4782608695652174,,0.0,1.0,0.7906976744186046,4.770970844811595e-19,4.770970844811595e-19,0.9302325581395349,0.5674759776446953,0.17675400427451057,767,1.669015317321834,0.8101555645463555,1436,473.0544366138003,0.7789465249468223,1101.5,999.9201089423514,0.632113449389299,851,1104.4,1082.5,563.6960149978129,300,0.520820561188399,0.7876173146100969,0.3991404127850916,6,639.75
coif14,1.0,periodization,3.708458587244373e-26,311.5554644068403,4962719.050378079,0.529126213592233,102.19604207090202,206,smoothed,1.2857378721778666e-13,-2.1413930628710927e-10,6.1934748930948205,31688.23739843529,0.9834247407903434,0.0001496656645132028,1.0,362.40000000000015,,,,[],[],11,426.6,32.199999999999676,728.4000000000007,"[9, 31, 53, 64, 80, 102, 131, 148, 158, 175, 192]","[310.99999999999966, 417.8000000000003, 589.6000000000001, 432.20000000000016, 728.4000000000007, 370.9999999999999, 586.9999999999995, 32.199999999999676, 448.19999999999976, 367.99999999999994, 407.20000000000095]","[1, 1, 1, 60, 1, 94, 120, 144, 144, 165, 186]","[20, 40, 75, 75, 204, 120, 204, 149, 204, 186, 204]",30736475.840000004,728.4000000000007,-728.4000000000007,0.0,,,,DWT,mdp.39015067403892,7.450580596923828e-09,,0.0,15.0,11.0,0.0,33.0,,6.821210263296962e-13,168.4000000000001,987.7999999999984,168.4000000000001,,0.0,168.4000000000001,,,27.999999999999687,0.0,33.0,6.821210263296962e-13,6.821210263296962e-13,,1.7053025658242404e-13,2.3362168023938404e-13,1.0374384751974633e-25,0.9485022747490541,0.08530335728721526,0.0626757196176597,0.11027684467067218,0.026847626163012846,,0.9999996644371814,4.4059791007223055e-09,4.4059791007223055e-09,3.6787861342541454e-09,,1.837741639739923e-12,0.9999999955939887,4.551583967378077e-13,,,,,,1.5893391424973748e-13,0.0,1.0,1.048620935889861e-12,1.048620935889861e-12,0.8999999008770174,0.3383296774050314,627,0.6979406916354141,0.3543220598889733,807,0,0.24999997271053856,0.35570077875054146,627,0.0,0.17622940321254968,0.3109163632856856,836,112.91700491954256,0.881638359623121,724.25,711.0956521739131,0.5612332259331538,708,coif,0.5556920286951962,0.9053407607371553,0.33941335169221604,4,532.0,1.4410736627959862e-13,0.999999999970514,2.5446631083350322e-26,0.935787488091263,0.7433196311282066,0.00016418610105686814,0.09049565661727149,0.0002614934985440934,0.9999999997234016,2.031581191780374e-05,4.745454029730922e-11,4.745454029730922e-11,3.962224992548613e-11,,1.837741639739923e-12,0.0031261328403480726,4.551583967378077e-13,,,,,0.0,,7.374542113937972e-14,0.0,1.0,8.543055742838914e-13,8.543055742838914e-13,1.0,0.3015691612056338,0.08604450842105618,1314,1.6695172613962739,0.77179304328668,985,232.63813101037414,0.8780722583803071,1149.5,1125.9591126576772,0.6378044730056671,717,0.4784248188775415,0.776734912893196,0.43208215291776214,2,538.25,,,,,,,,,,,,,9.675913345113939e-19,0.9999999999715835,2.5446631083350322e-26,0.9534228009893757,0.22978672188538568,0.0012998217089138866,0.06846164253822229,1.0,0.0002614934985440934,0.9999999999999541,9.960751159770011e-05,3.8435400695480126e-14,3.8435400695480126e-14,3.209173378426744e-14,,0.0,1.4359141228592004e-18,0.00456704015061846,4.23247727668016e-18,,,,,0.13043478260869565,,2.3332883504384434e-21,0.7209302325581395,1.0,2.8625825068869565e-18,2.8625825068869565e-18,1.0,0.42658033862811345,0.13286867808967343,1437,1.8150862067969384,0.8810597334286308,766,474.4686501761734,0.7782856774877694,1101.5,999.3118474807081,0.6317830256597725,852,986.6382352941176,846.0,585.0035688138154,340,0.4652856568234462,0.8173890317607586,0.42908333069536003,4,640.0
coif16,1.0,periodic,2.632785742840801e-26,313.04324356760696,6485958.425518974,0.5166666666666667,99.51678896824235,206,smoothed,1.1325568314894608e-13,-2.191006265306332e-10,6.767828055814132,29801.27875580608,0.9790994269003818,0.0001496656645132026,0.9999999999999997,362.39999999999986,,,,[],[],11,426.6000000000003,32.20000000000013,728.4000000000003,"[9, 31, 53, 64, 80, 102, 131, 148, 158, 175, 192]","[310.99999999999994, 417.8000000000003, 589.6000000000001, 432.2000000000004, 728.4000000000003, 371.00000000000017, 587.0000000000006, 32.20000000000013, 448.20000000000005, 368.00000000000006, 407.2000000000005]","[0, 0, 0, 60, 0, 94, 120, 144, 144, 165, 186]","[20, 40, 75, 75, 203, 120, 203, 149, 203, 186, 203]",30736475.84000001,728.4000000000003,-728.4000000000003,0.0,,,,DWT,mdp.39015067403892,1.4901161193847656e-08,,0.0,33.0,11.0,0.0,33.0,,3.410605131648481e-13,168.40000000000038,987.7999999999956,168.40000000000023,,0.0,168.40000000000038,,,28.000000000000142,0.0,15.0,3.410605131648481e-13,3.410605131648481e-13,,1.1368683772161603e-13,1.9996995124330737e-13,7.226320978819465e-26,0.9541549620699696,0.9137526920754269,0.7163813203111076,0.02469242391539027,0.01119939237300091,,0.9999996648336812,4.406274827834604e-09,4.406274827834604e-09,3.6789339978104027e-09,,1.2251610931599486e-12,0.9999999955937305,2.275791983689038e-13,,,,,,3.1786782849947497e-13,1.0,0.0,5.243104679449306e-13,5.243104679449306e-13,0.8999999009955099,0.33832967744957526,332,1.4019167099506653,0.7117080611800334,60,0,0.24999997274347616,0.3557007787974052,332,0.0,0.37431154153501367,0.6603868656898322,71,153.9293669187267,0.8386484623493431,198.75,108.7687456740752,0.8151575645080049,117,coif,0.5556920286951962,0.9053407607371553,0.33941335169221604,4,88.75,1.2475267603694883e-13,0.9999999999705127,1.7834457768010743e-26,0.9412777300112017,0.9417298366206225,0.0018766414900278409,0.02026315789473737,0.00010908108878611563,0.9999999997233269,2.0315811925852856e-05,4.7457704432929404e-11,4.7457704432929404e-11,3.962385974887184e-11,,1.2251610931599486e-12,0.00312613284034724,2.275791983689038e-13,,,,,0.0,,1.4749084227875944e-13,1.0,0.0,4.2715278714194565e-13,4.2715278714194565e-13,1.0,0.30156916120508415,0.08604450842089935,1336,1.7447187725359776,0.8065575853997267,290,739.6336931211287,0.6123513138778152,813.0,476.55596555965565,0.5931253424734988,902,0.4784248188775415,0.776734912893196,0.43208215291776214,2,677.0,,,,,,,,,,,,,8.37636627514633e-19,0.9999999999715822,1.7834457768010743e-26,0.9574052038407842,0.291122422974712,0.0017002658325034083,0.0153294547422545,0.9999999999999997,0.00010908108878611607,0.9999999999999541,9.960751159770619e-05,3.843800278069409e-14,3.843800278069409e-14,3.2092926406657174e-14,,0.0,9.572760819061336e-19,0.004567040150618447,2.11623863834008e-18,,,,,0.13043478260869565,,4.666576700876887e-21,1.0,0.7209302325581395,1.4312912534434783e-18,1.4312912534434783e-18,1.0,0.42658033862811345,0.13286867808967343,1411,1.8270298810319507,0.8868573040334057,612,564.9783181680515,0.7359914401083871,1011.5,853.7142857142857,0.631663944353259,853,986.6382352941176,846.0,585.0035688138154,340,0.4652856568234462,0.8173890317607586,0.42908333069536003,4,640.75
coif17,1.0,antisymmetric,3.225837968409412e-26,312.16097324953813,7120123.026939306,0.5196078431372549,97.98771245413064,206,smoothed,1.2670339427052225e-13,-2.2099848617784844e-10,6.815777850077361,147718.24477569156,0.9962480853097762,0.00014966566451320255,0.9999999999999996,362.4000000000002,,,,[],[],11,426.60000000000014,32.19999999999993,728.4000000000005,"[9, 31, 53, 64, 80, 102, 131, 148, 158, 175, 192]","[310.99999999999994, 417.8000000000002, 589.6000000000004, 432.2000000000001, 728.4000000000005, 371.00000000000034, 587.0000000000001, 32.19999999999993, 448.19999999999976, 368.00000000000045, 407.1999999999999]","[1, 1, 1, 60, 1, 94, 120, 144, 144, 165, 186]","[20, 40, 75, 75, 205, 120, 205, 149, 205, 186, 205]",30736475.84000001,728.4000000000005,-728.4000000000005,0.0,,,,DWT,mdp.39015067403892,1.4901161193847656e-08,,0.0,15.0,11.0,0.0,33.0,,5.684341886080801e-13,168.4000000000002,987.7999999999975,168.40000000000015,,0.0,168.4000000000002,,,27.999999999999943,0.0,33.0,5.684341886080801e-13,5.684341886080801e-13,,2.2737367544323206e-13,2.295126889246201e-13,8.9619474163696e-26,0.9508028528510195,0.9829156700810295,0.9885361493389839,0.04489531620979985,0.9890651549829584,,0.9999996646602125,4.406097391567225e-09,4.406097391567225e-09,3.6788452796766485e-09,,2.4503221863198973e-12,0.9999999955939026,3.7929866394817307e-13,,,,,,3.1786782849947497e-13,0.0,1.0,8.738507799082175e-13,8.738507799082175e-13,0.8999999009442503,0.3383296774303057,587,1.9697918098977905,1.0,1,0,0.24999997272917085,0.35570077877705153,587,0.0,0.5651735919234316,0.9971191788807464,2,338.03882913061926,0.6456616046848855,294.25,2.6606232294617564,0.6686117247743086,396,coif,0.5556920286951962,0.9053407607371553,0.33941335169221604,4,298.0,1.4174409234154139e-13,0.9999999999705125,2.2031288012042086e-26,0.9380219528013078,0.9582940851537778,0.0025895816929400904,0.0368421052631584,0.009633406920007775,0.9999999997232982,2.0315811922300142e-05,4.745570603148508e-11,4.745570603148508e-11,3.9622916059300906e-11,,2.4503221863198973e-12,0.003126132840347795,3.7929866394817307e-13,,,,,0.0,,1.4749084227875944e-13,0.0,1.0,7.119213119032428e-13,7.119213119032428e-13,1.0,0.30156916120588423,0.08604450842112762,1312,1.7618452098579256,0.81447488310428,156,817.415439051649,0.5715851996584649,734.0,278.84468664850135,0.5934445914434883,901,0.4784248188775415,0.776734912893196,0.43208215291776214,2,676.25,,,,,,,,,,,,,9.517234198962303e-19,0.9999999999715818,2.2031288012042086e-26,0.9550435927071937,0.29624302548745807,0.0018669812497724596,0.0278717358950078,0.9999999999999997,0.009633406920007775,0.9999999999999541,9.960751159770347e-05,3.843648489765261e-14,3.843648489765261e-14,3.209227588535368e-14,,0.0,1.9145521638122673e-18,0.004567040150618456,3.5270643972334666e-18,,,,,0.13043478260869565,,4.666576700876887e-21,0.7209302325581395,1.0,2.3854854224057974e-18,2.3854854224057974e-18,1.0,0.42658033862811345,0.13286867808967343,1386,1.8370832161103936,0.8917372864227339,466,650.5382386916237,0.6960101688356899,926.0,697.4902807775378,0.631649944230929,854,986.6382352941176,846.0,585.0035688138154,340,0.4652856568234462,0.8173890317607586,0.42908333069536003,4,641.5
db3,1.0,zero,2.74630914564819e-27,322.8599045107112,4963439.45480013,0.5380952380952381,87.47514009812444,206,smoothed,3.239911036328441e-14,-1.9926107430734465e-10,6.1925759586479545,33280.45228117914,0.9847184360955904,0.00014966566451320274,0.9999999999999999,362.4,,,,[],[],11,426.59999999999997,32.200000000000045,728.3999999999999,"[9, 31, 53, 64, 80, 102, 131, 148, 158, 175, 192]","[311.0, 417.79999999999984, 589.5999999999999, 432.2, 728.3999999999999, 371.00000000000006, 586.9999999999999, 32.200000000000045, 448.20000000000005, 367.9999999999999, 407.20000000000005]","[1, 1, 1, 60, 1, 94, 120, 144, 144, 165, 186]","[20, 40, 75, 75, 205, 120, 205, 149, 205, 186, 205]",30736475.839999996,728.3999999999999,-728.3999999999999,0.0,,,,DWT,mdp.39015067403892,0.0,,0.0,15.0,11.0,0.0,33.0,,1.1368683772161603e-13,168.40000000000003,987.7999999999993,168.39999999999998,,0.0,168.40000000000003,,,28.000000000000057,0.0,33.0,1.1368683772161603e-13,1.1368683772161603e-13,,0.0,2.2339386605122206e-14,3.2494587670582915e-27,0.9914525101941263,0.08400673058980425,0.06298488468596401,0.1718849249175173,0.04005159903567539,,0.9999996647593375,4.4059199552998455e-09,4.4059199552998455e-09,3.67866784340914e-09,,0.0,0.9999999955940747,7.585973278963461e-14,,,,,,0.0,0.0,1.0,1.7477015598164352e-13,1.7477015598164352e-13,0.8999999009720988,0.3383296774407745,430,0.7531419233356436,0.3823459512580281,664,0,0.24999997273702879,0.3557007787882318,428,0.0,0.19291152134615858,0.3403481346442265,659,134.25193977493709,0.8592746962526865,545.25,520.4602844303972,0.643866907874771,469,db,0.573477938514061,0.8443824841957417,0.34525069778143475,3,352.5,2.25889935527628e-14,0.9999999999705138,1.1465927255547077e-27,0.9775034312744746,0.743009094371549,0.00016499599374669325,0.14105263157894746,0.00039009902367281336,0.9999999997236259,2.0315811924354055e-05,4.745387416349445e-11,4.745387416349445e-11,3.962102868015904e-11,,0.0,0.0031261328403482946,7.585973278963461e-14,,,,,0.0,,0.0,0.0,1.0,1.4238426238064856e-13,1.4238426238064856e-13,1.0,0.30156916120420496,0.0860445084206485,1589,1.714666196068992,0.7926647254776542,597,701.4499269370551,0.6323637699491325,1093.0,867.9167429094236,0.5297563084546502,1339,0.49117026184683504,0.8233619396015222,0.4091722348267588,4,1005.25,,,,,,,,,,,,,1.5167104209357364e-19,0.9999999999715831,1.1465927255547077e-27,0.983681884924947,0.2296907238512305,0.0013000110959019901,0.10670893171231427,0.9999999999999999,0.0003900990236728138,0.9999999999999541,9.960751159770499e-05,3.8434858594393884e-14,3.8434858594393884e-14,3.2090649582094954e-14,,0.0,0.0,0.004567040150618464,7.054128794466933e-19,,,,,0.13043478260869565,,0.0,0.7209302325581395,1.0,4.770970844811595e-19,4.770970844811595e-19,1.0,0.42658033862811345,0.13286867808967343,1355,1.8485441107143858,0.8973005113025407,281,759.432682994352,0.6451249144886205,818.0,465.47066014669934,0.6314409619172074,855,1009.0473684210526,935.5,610.6543869996938,760,0.4758535102197843,0.8532293215616218,0.41093374637766444,5,642.5
db14,1.0,reflect,8.962103226184854e-27,319.9476930501189,6413197.760208613,0.5905172413793104,284.4319003379299,206,raw,6.168959625761839e-14,-2.0976376191584055e-10,6.527404602458248,59267.992022993,0.7692848799525371,5.618943883690066e-06,1.0,326.99999999999994,,,,[],[],13,661.1538461538462,87.00000000000011,940.0,"[8, 32, 51, 63, 81, 100, 111, 133, 152, 162, 175, 192, 204]","[877.9999999999998, 637.9999999999999, 787.0, 791.9999999999999, 940.0, 788.0, 637.0, 675.0, 771.0000000000002, 196.0000000000001, 834.0000000000002, 572.0, 87.00000000000011]","[0, 13, 39, 39, 76, 99, 107, 107, 107, 161, 99, 187, 203]","[76, 39, 61, 76, 205, 164, 119, 142, 164, 164, 205, 205, 205]",37754613.0,941.0,-941.0,0.0,,,,DWT,mdp.39015067403892,0.0,,0.0,33.0,19.0,0.0,28.5,,0.0,256.3413461538462,4359.0,256.34134615384613,,0.0,256.3413461538462,,,84.00000000000011,0.0,19.5,0.0,0.0,,5.684341886080802e-14,5.959803063684405e-14,5.545300202430918e-27,0.9667567116924968,0.858675594245275,0.0007621507477573077,0.25030788177339924,0.0001237427938389433,0.9999999997234676,0.47422802461173236,6.6959667625959335e-09,6.6959667625959335e-09,6.0819563246244724e-09,,2.859275438170267e-12,0.9999999933040264,0.0,,,,,,0.0,1.0,0.0,0.0,0.0,0.7422684098791295,0.24267159368258595,843,1.5099455492283145,0.72523196073194,606,0,0.20618566978270897,0.24635434483026203,842,0.0,0.3845782601220368,0.6985274520221766,655,124.02284735751984,0.8699970153485117,736.5,720.6206582946944,0.5489922183660798,706,db,0.540986235965534,0.9305070477545101,0.3421575204977732,3,530.25,5.959803063684403e-14,0.0001547883299646835,5.5453002024309175e-27,0.9667567116924967,0.8586755942452751,0.0017948425321954156,0.4365471869328497,0.002489150622499708,0.9999999997234675,0.9919828214562036,0.9855281704452468,0.9855281704452468,0.9855281704451341,,6.125805465799743e-13,0.9999999999667601,0.0,,,,,1.0,,0.0,1.0,0.25,0.0,0.0,0.0,2.2095701998212354,0.6304403968408202,848,1.5859502168147672,0.7331612392632259,1356,359.21024484276614,0.8117346725142736,1102.0,1043.4555353901997,0.617083269171183,796,0.49117026184683504,0.8233619396015222,0.4091722348267588,4,598.0,,,,,,,,,,,,,4.0016370770575082e-19,0.03641360043841643,5.5453002024309175e-27,0.9758866425056413,0.2654473818552697,0.001681137794371317,0.33025604299730826,1.0,0.002489150622499708,0.9999999999999541,0.0008499884728391236,0.0007982210227401261,0.0007982210227401261,0.0007982210227337869,,0.0,4.786380409530668e-19,0.020163910573049823,0.0,,,,,0.4782608695652174,,0.0,1.0,0.7906976744186046,0.0,0.0,0.9302325581395349,0.5674759776446953,0.17675400427451057,873,1.663118402907635,0.807293147421279,1457,412.95036021294374,0.8070325419565684,1165.0,1091.812017167382,0.6313200092960412,856,1009.0473684210526,935.5,610.6543869996938,760,0.4758535102197843,0.8532293215616218,0.41093374637766444,5,643.25
sym14,1.0,symmetric,3.458726733638549e-21,264.0826299613272,6571543.0458225785,0.6508620689655172,315.3589792245055,206,raw,4.602787191301615e-11,-1.183505516000232e-10,6.485728566433766,62288.53674739328,0.7475820123024832,5.6189438836927465e-06,1.0,327.0000000000741,,,,[],[],13,661.1538461536946,86.99999999997621,939.9999999997809,"[8, 32, 51, 63, 81, 100, 111, 133, 152, 162, 175, 192, 204]","[877.9999999998529, 637.9999999998067, 786.9999999997985, 791.9999999998113, 939.9999999997809, 787.9999999998262, 636.9999999998422, 674.9999999999168, 770.9999999998319, 195.9999999999108, 833.9999999997879, 571.999999999888, 86.99999999997621]","[0, 13, 39, 39, 76, 99, 107, 107, 107, 161, 99, 187, 203]","[76, 39, 61, 76, 205, 164, 119, 142, 164, 164, 205, 205, 205]",37754612.999994926,940.9999999998647,-940.9999999998647,0.0,,,,DWT,mdp.39015067403892,5.073845386505127e-06,,0.0,33.0,19.0,0.0,28.5,,1.3528733688872308e-10,256.34134615369464,4359.00000000197,256.3413461537083,,0.0,256.34134615369464,,,83.99999999997621,0.0,19.5,2.190745362895541e-10,1.3528733688872308e-10,,7.412381819449365e-11,5.8138666848803254e-11,2.4476232631547642e-21,0.7606019816638453,0.8442786144627017,0.0009403497685528629,0.7028940886699507,0.00036829514724220333,0.9999999997248454,0.47422802458396535,6.578614132472734e-09,6.578614132472734e-09,5.975212090482123e-09,,3.728495171374028e-09,0.9999999934213724,2.623218111071234e-10,,,,,,5.022063179591759e-11,1.0,0.0,1.694372722329718e-10,1.694372722329718e-10,0.7422684119139016,0.24267159434781888,670,1.5602756245481915,0.7494056663511095,487,0,0.20618567012647415,0.24635434524099883,663,0.0,0.41363541618690963,0.7513053214279134,352,152.9117392484959,0.8397151580204445,543.0,506.64142818192687,0.6352663840416688,451,sym,0.8243425715244881,0.7368036147090654,0.2019191155201387,6,339.75,5.8138666848803254e-11,0.00015478832998333525,2.4476232631547646e-21,0.7606019816638453,0.8442786144627017,0.001972857387964688,0.7767014519056261,0.0027331244382618465,0.9999999997248453,0.9919828214557803,0.9855281704435485,0.9855281704435485,0.9855281704435893,,7.988050327402866e-10,0.9999999999673427,1.461817050856259e-10,,,,,1.0,,5.0220631795917584e-11,1.0,0.25,1.694372722329718e-10,1.694372722329718e-10,0.0,2.2095702003849897,0.6304403970016721,662,1.5913071918675703,0.735637689297265,1326,469.51890270786754,0.7539209105304677,994.0,883.1106639839035,0.6164782749717328,799,0.7763846615972358,0.5622554397616224,0.28785410495344815,6,600.75,,,,,,,,,,,,,3.9036498754547614e-16,0.03641360043843437,2.4476232631547646e-21,0.8263502110205567,0.2609967597396309,0.0017227651578422434,0.5875890528555233,1.0,0.0027331244382618465,0.9999999999999544,0.0008499884728388034,0.0007982210227387506,0.0007982210227387506,0.0007982210227325357,,0.0,6.241440054027993e-16,0.020163910573058934,1.3593306186937781e-15,,,,,0.4782608695652174,,1.58896936664858e-18,1.0,0.7906976744186046,5.677455305325797e-16,5.677455305325797e-16,0.9302325581395349,0.5674759776446997,0.17675400427451193,678,1.6742228401100967,0.8126833445616898,1424,527.5016587651645,0.7535038977732876,1051.0,918.6222645099905,0.6311912012230925,857,1409.1368421052632,1454.5,398.32527672708756,380,0.6645304607900322,0.5565550872278735,0.3678621512786154,7,644.5
db9,1.0,symmetric,5.655340000107564e-27,321.9472052694197,6215670.67856253,0.5900900900900901,260.0986713910499,206,raw,4.774174583174509e-14,-2.070953408761539e-10,6.433966187208148,61589.92289092566,0.7761523902015254,5.618943883690064e-06,1.0,327.0,,,,[],[],13,661.1538461538462,86.99999999999997,940.0,"[8, 32, 51, 63, 81, 100, 111, 133, 152, 162, 175, 192, 204]","[878.0, 637.9999999999999, 787.0000000000003, 791.9999999999998, 940.0, 788.0, 637.0000000000002, 675.0000000000002, 771.0000000000002, 196.00000000000006, 833.9999999999999, 572.0, 86.99999999999997]","[0, 13, 39, 39, 76, 99, 107, 107, 107, 161, 99, 187, 203]","[76, 39, 61, 76, 205, 164, 119, 142, 164, 164, 205, 205, 205]",37754613.0,941.0,-941.0,0.0,,,,DWT,mdp.39015067403892,0.0,,0.0,33.0,19.0,0.0,28.5,,0.0,256.3413461538462,4359.0,256.3413461538462,,0.0,256.3413461538462,,,83.99999999999997,0.0,19.5,0.0,0.0,,0.0,4.1974679644424437e-14,3.2052155827760736e-27,0.9741353644491183,0.8263973090820431,0.0005398572175555394,0.24710424710424678,0.0003117332756899774,0.999999999723508,0.47422802461156727,6.6959667625959335e-09,6.6959667625959335e-09,6.082000342865356e-09,,0.0,0.9999999933040264,0.0,,,,,,0.0,1.0,0.0,0.0,0.0,0.7422684098776635,0.2426715936821067,929,1.496916193860661,0.7189739172248838,639,0,0.2061856697824606,0.24635434482996527,928,0.0,0.3810610638565254,0.6921390042070817,679,156.45100404492987,0.8360052368501784,793.75,770.4587992603324,0.5019910880267664,873,db,0.540986235965534,0.9305070477545101,0.3421575204977732,3,655.5,4.197467964442443e-14,0.0001547883299646835,3.2052155827760736e-27,0.9741353644491182,0.8263973090820432,0.0015727787377893287,0.43413940256045513,0.0026766963751612255,0.9999999997235078,0.9919828214562011,0.9855281704452468,0.9855281704452468,0.9855281704451347,,0.0,0.9999999999667601,0.0,,,,,1.0,,0.0,1.0,0.25,0.0,0.0,0.0,2.2095701998209285,0.6304403968407327,935,1.5732391385420388,0.7272850964940523,1394,324.5620125646253,0.8298941233938022,1164.5,1119.2700729927008,0.6097845879023518,828,0.49117026184683504,0.8233619396015222,0.4091722348267588,4,622.0,,,,,,,,,,,,,2.818338669380476e-19,0.036413600438416426,3.2052155827760736e-27,0.9812388233759973,0.25546900778154447,0.0016292099356343113,0.3284345094654931,1.0,0.0026766963751612255,0.9999999999999541,0.0008499884728391218,0.0007982210227401261,0.0007982210227401261,0.0007982210227337874,,0.0,0.0,0.020163910573049823,0.0,,,,,0.4782608695652174,,0.0,1.0,0.7906976744186046,0.0,0.0,0.9302325581395349,0.5674759776446953,0.17675400427451057,923,1.6606609653519562,0.8061002843662813,1467,384.66608896548183,0.8202494911376254,1195.0,1133.0887029288701,0.6309191380921771,858,1009.0473684210526,935.5,610.6543869996938,760,0.4758535102197843,0.8532293215616218,0.41093374637766444,5,644.75
bior2.8,1.0,reflect,4.962566948448715e-27,322.5147286811191,6589233.561989052,0.6081081081081081,260.5165936761131,206,raw,4.6060242998332205e-14,-2.1476709299861622e-10,6.337727110806005,66597.2531339706,0.8297563780016256,5.618943883690066e-06,1.0,327.0000000000001,,,,[],[],13,661.1538461538462,87.00000000000003,939.9999999999999,"[8, 32, 51, 63, 81, 100, 111, 133, 152, 162, 175, 192, 204]","[878.0, 638.0000000000001, 787.0000000000001, 792.0, 939.9999999999999, 788.0000000000001, 637.0000000000001, 675.0, 771.0, 195.99999999999994, 834.0000000000002, 572.0, 87.00000000000003]","[0, 13, 42, 42, 76, 99, 107, 107, 107, 161, 99, 187, 203]","[76, 42, 61, 76, 205, 164, 119, 142, 164, 164, 205, 205, 205]",37754613.0,940.9999999999999,-940.9999999999999,0.0,,,,DWT,mdp.39015067403892,0.0,,0.0,33.0,19.0,0.0,28.5,,1.1368683772161603e-13,256.3413461538462,4359.0,256.3413461538462,,0.0,256.3413461538462,,,84.00000000000003,0.0,24.0,1.1368683772161603e-13,1.1368683772161603e-13,,1.1368683772161603e-13,3.985007164224708e-14,2.7149634987097644e-27,0.9762296543192982,0.7931515359849752,0.0009602583666902206,0.38223938223938225,0.0007171417390415968,0.9999999997233923,0.4742280246116333,6.6959667625959335e-09,6.6959667625959335e-09,6.082000342865356e-09,,5.718550876340534e-12,0.9999999933040264,1.3612963731558036e-13,,,,,,0.0,1.0,0.5,1.4238426238064856e-13,1.4238426238064856e-13,0.7922684098806676,0.2590182137502221,392,1.53597629924815,0.7377346181197222,543,0,0.24785233644964438,0.2961384272003483,384,0.0,0.3941622465466025,0.7159352940963557,573,98.96464014990404,0.8962634799267253,473.0,457.56075919917294,0.7002281760220629,345,bior,0.672619891330026,0.76736776154697,0.2989557476048908,5,260.0,3.985007164224707e-14,0.0001547883299646835,2.7149634987097644e-27,0.9762296543192982,0.7931515359849753,0.001992745410974961,0.5357041251778095,0.003081145763481204,0.9999999997233922,0.9919828214562021,0.9855281704452468,0.9855281704452468,0.9855281704451347,,1.2251610931599486e-12,0.9999999999667601,7.585973278963461e-14,,,,,1.0,,0.0,1.0,0.5,1.4238426238064856e-13,1.4238426238064856e-13,0.0,2.2345701998216367,0.6375734627748868,398,1.5988704780544285,0.7391340842123565,1297,635.6889962867062,0.6668296665164013,847.5,609.0926253687315,0.6113236382896472,822,0.5943810304597339,0.7715092316736338,0.3524805091760961,5,617.75,,,,,,,,,,,,,2.675684456399316e-19,0.03641360043841643,2.7149634987097644e-27,0.982757937847145,0.24519154853440273,0.0017274158144348585,0.40527010571659483,1.0,0.0030811457634812036,0.9999999999999541,0.0008499884728391225,0.0007982210227401261,0.0007982210227401261,0.0007982210227337874,,0.0,9.572760819061336e-19,0.020163910573049823,7.054128794466933e-19,,,,,0.4782608695652174,,0.0,1.0,0.8604651162790697,4.770970844811595e-19,4.770970844811595e-19,0.9302325581395349,0.5744527218307418,0.17892707859001003,298,1.687378825606243,0.8190693823326893,1360,750.9474016201135,0.6490899992429375,829.0,488.8781664656213,0.6308534108364221,859,1104.4,1082.5,563.6960149978129,300,0.520820561188399,0.7876173146100969,0.3991404127850916,6,645.75
coif15,1.0,symmetric,3.309340426995805e-26,314.27437802160307,8075836.910764459,0.6020408163265306,298.0222269115238,206,raw,1.2393107036825434e-13,-2.1129864524738498e-10,6.8833500757845805,59599.7392792514,0.7580986557681431,5.618943883690066e-06,1.0,327.0000000000001,,,,[],[],13,661.1538461538462,87.00000000000023,939.9999999999994,"[8, 32, 51, 63, 81, 100, 111, 133, 152, 162, 175, 192, 204]","[878.0, 637.9999999999998, 787.0000000000002, 792.0000000000009, 939.9999999999994, 787.9999999999995, 637.0000000000001, 675.0000000000002, 770.9999999999999, 196.0000000000001, 834.0000000000001, 571.9999999999998, 87.00000000000023]","[0, 13, 42, 42, 76, 99, 107, 107, 107, 161, 164, 187, 203]","[76, 42, 61, 76, 205, 164, 119, 142, 164, 164, 205, 205, 205]",37754613.0,940.9999999999995,-940.9999999999995,0.0,,,,DWT,mdp.39015067403892,0.0,,0.0,33.0,19.0,0.0,28.5,,4.547473508864641e-13,256.3413461538462,4359.0,256.3413461538462,,0.0,256.3413461538462,,,84.00000000000023,0.0,28.5,5.684341886080801e-13,4.547473508864641e-13,,1.1368683772161603e-13,1.3824121299436178e-13,2.2622206701050198e-26,0.9458208948616404,0.9816368993983671,0.0026332558293933766,0.33673469387755095,0.00015060204594592025,0.9999999997234446,0.4742280246118644,6.6959667625959335e-09,6.6959667625959335e-09,6.082000342865356e-09,,5.718550876340534e-12,0.9999999933040264,6.806481865779018e-13,,,,,,0.0,1.0,1.0,5.695370495225942e-13,5.695370495225942e-13,0.84226840988118,0.2753648338175229,102,1.5943817327896825,0.7657869456399908,377,0,0.2895190031164469,0.34592250957027576,102,0.0,0.4083720432170601,0.7417452113257337,428,174.7386143167369,0.8168358340495421,252.25,162.62270331157893,0.7762114180729891,186,coif,0.5507900112560971,0.8749445204262634,0.351963635992853,2,140.0,1.3824121299436178e-13,0.0001547883299646835,2.26222067010502e-26,0.9458208948616404,0.9816368993983671,0.0036640138651778766,0.5015037593984963,0.0025159463336587445,0.9999999997234444,0.9919828214562056,0.9855281704452468,0.9855281704452468,0.9855281704451347,,1.2251610931599486e-12,0.9999999999667601,3.7929866394817307e-13,,,,,1.0,,0.0,1.0,0.75,5.695370495225942e-13,5.695370495225942e-13,0.0,2.25957019982196,0.6447065287089311,104,1.6617973122300276,0.7682242254021301,1041,662.559053971795,0.6527468270588077,572.5,189.10742358078602,0.6763472080786701,478,0.4784248188775415,0.776734912893196,0.43208215291776214,2,359.0,,,,,,,,,,,,,9.282037637560033e-19,0.03641360043841643,2.26222067010502e-26,0.9607006347013259,0.30345912545336695,0.0021182286996851178,0.379396894734081,1.0,0.0025159463336587445,0.9999999999999541,0.0008499884728391251,0.0007982210227401261,0.0007982210227401261,0.0007982210227337874,,0.0,9.572760819061336e-19,0.020163910573049823,3.5270643972334666e-18,,,,,0.4782608695652174,,0.0,1.0,0.9302325581395349,1.908388337924638e-18,1.908388337924638e-18,0.9302325581395349,0.5814294660167882,0.18110015290550946,69,1.6928982744559242,0.8217485741605831,1321,885.2976900455575,0.586309490632917,695.0,131.14964028776978,0.630771567746365,860,986.6382352941176,846.0,585.0035688138154,340,0.4652856568234462,0.8173890317607586,0.42908333069536003,4,646.0
db3,1.0,symmetric,2.746245242170734e-27,322.8600055672531,4964667.894281309,0.5285714285714286,91.20437171266838,206,smoothed,3.2382942066809284e-14,-1.9926107430734465e-10,6.201983505207366,32586.119638554617,0.9821428407722833,0.00014966566451320274,0.9999999999999999,362.4,,,,[],[],11,426.59999999999997,32.200000000000045,728.3999999999999,"[9, 31, 53, 64, 80, 102, 131, 148, 158, 175, 192]","[311.0, 417.79999999999984, 589.5999999999999, 432.2, 728.3999999999999, 371.00000000000006, 586.9999999999999, 32.200000000000045, 448.20000000000005, 367.9999999999999, 407.20000000000005]","[1, 1, 1, 60, 1, 94, 120, 144, 144, 165, 186]","[20, 40, 75, 75, 205, 120, 205, 149, 205, 186, 205]",30736475.839999996,728.3999999999999,-728.3999999999999,0.0,,,,DWT,mdp.39015067403892,0.0,,0.0,15.0,11.0,0.0,33.0,,1.1368683772161603e-13,168.40000000000003,987.7999999999993,168.39999999999998,,0.0,168.40000000000003,,,28.000000000000057,0.0,33.0,1.1368683772161603e-13,1.1368683772161603e-13,,0.0,2.230386712249799e-14,3.249271747163342e-27,0.9914528941496541,0.09757621395824936,0.06351207547558337,0.10646603558323861,0.03429361405690215,,0.9999996647593375,4.4059199552998455e-09,4.4059199552998455e-09,3.67866784340914e-09,,0.0,0.9999999955940747,7.585973278963461e-14,,,,,,0.0,0.0,1.0,1.7477015598164352e-13,1.7477015598164352e-13,0.8999999009720988,0.3383296774407745,428,0.7317197410627718,0.3714705977484695,708,0,0.24999997273702879,0.3557007787882318,430,0.0,0.18475726188909286,0.32596181403335217,748,173.40030757373722,0.8182386713063551,578.5,539.712172230447,0.6059222706636598,560,db,0.573477938514061,0.8443824841957417,0.34525069778143475,3,420.75,2.2568564629664936e-14,0.9999999999705138,1.1465475032226223e-27,0.9775038041959923,0.746258929781517,0.000166377029350093,0.08736842105263184,0.00033401676047674486,0.9999999997236259,2.0315811924354055e-05,4.745387416349445e-11,4.745387416349445e-11,3.962102868015904e-11,,0.0,0.0031261328403482946,7.585973278963461e-14,,,,,0.0,,0.0,0.0,1.0,1.4238426238064856e-13,1.4238426238064856e-13,1.0,0.30156916120420496,0.0860445084206485,1587,1.6947959109288835,0.7834789876635794,795,560.0285706997456,0.7064839776206784,1191.0,1059.3324937027708,0.5411350705713455,1257,0.49117026184683504,0.8233619396015222,0.4091722348267588,4,943.75,,,,,,,,,,,,,1.515338745810917e-19,0.9999999999715831,1.1465475032226223e-27,0.9836821554273651,0.23069536437766208,0.0013003340401348215,0.06609583083673215,0.9999999999999999,0.0003340167604767444,0.9999999999999541,9.960751159770499e-05,3.8434858594393884e-14,3.8434858594393884e-14,3.2090649582094954e-14,,0.0,0.0,0.004567040150618464,7.054128794466933e-19,,,,,0.13043478260869565,,0.0,0.7209302325581395,1.0,4.770970844811595e-19,4.770970844811595e-19,1.0,0.42658033862811345,0.13286867808967343,1399,1.8327790814956575,0.889648019432494,518,622.9610742253484,0.7088966942872204,958.5,756.0584246218049,0.6304997490127691,861,1009.0473684210526,935.5,610.6543869996938,760,0.4758535102197843,0.8532293215616218,0.41093374637766444,5,647.0
db26,1.0,periodization,1.8423593480039084e-26,314.5936553197107,4961875.702187459,0.5339805825242718,104.40747346224123,206,smoothed,9.842558714241996e-14,-2.0612964668487208e-10,6.1945275707833085,31688.2373984353,0.9826207072659107,0.0001496656645132027,0.9999999999999999,362.40000000000003,,,,[],[],11,426.6,32.19999999999999,728.4000000000002,"[9, 31, 53, 64, 80, 102, 131, 148, 158, 175, 192]","[310.9999999999998, 417.8000000000002, 589.6000000000001, 432.1999999999998, 728.4000000000002, 371.0000000000002, 587.0, 32.19999999999999, 448.1999999999997, 368.00000000000017, 407.19999999999993]","[0, 0, 0, 60, 0, 94, 120, 144, 144, 165, 186]","[20, 40, 75, 75, 203, 120, 203, 149, 203, 186, 203]",30736475.840000004,728.4000000000002,-728.4000000000002,0.0,,,,DWT,mdp.39015067403892,7.450580596923828e-09,,0.0,33.0,11.0,0.0,33.0,,2.2737367544323206e-13,168.4000000000001,987.7999999999984,168.4,,0.0,168.4000000000001,,,28.0,0.0,15.0,2.2737367544323206e-13,2.2737367544323206e-13,,5.684341886080802e-14,1.673903076036889e-13,4.913059365980889e-26,0.9600456164657464,0.08682174386080936,0.06231379263196074,0.14362142418571724,0.026847626163012936,,0.999999664709775,4.4059791007223055e-09,4.4059791007223055e-09,3.6786974161203912e-09,,6.125805465799743e-13,0.9999999955939887,1.5171946557926922e-13,,,,,,1.5893391424973748e-13,1.0,0.0,3.4954031196328703e-13,3.4954031196328703e-13,0.899999900957725,0.3383296774353711,534,0.7187827582653752,0.36490290732941555,745,0,0.2499999727330034,0.3557007787825045,533,0.0,0.18280717190105916,0.32252132750779783,767,128.77467401110619,0.8650160649778761,644.75,625.4989695290767,0.5945887452771981,601,db,0.573477938514061,0.8443824841957417,0.34525069778143475,3,451.5,1.0601459244741779e-13,0.9999999999705136,1.2240877208808631e-26,0.9469991003724987,0.7436832784623684,0.00016323799258660763,0.11785896780786931,0.00026149349854409426,0.9999999997235224,2.0315811923354854e-05,4.745454029730922e-11,4.745454029730922e-11,3.962136174706643e-11,,6.125805465799743e-13,0.0031261328403480726,1.5171946557926922e-13,,,,,0.0,,7.374542113937972e-14,1.0,0.0,2.847685247612971e-13,2.847685247612971e-13,1.0,0.3015691612046431,0.0860445084207735,1437,1.687370902854137,0.7800465166667572,867,403.0508652763321,0.7887574081360943,1152.0,1081.4921875,0.592491911615217,904,0.49117026184683504,0.8233619396015222,0.4091722348267588,4,679.0,,,,,,,,,,,,,7.118220506844464e-19,0.999999999971583,1.2240877208808631e-26,0.9615552580593508,0.22989913830133926,0.0012996000012607202,0.08916249492626177,0.9999999999999999,0.00026149349854409426,0.9999999999999541,9.960751159770423e-05,3.8435400695480126e-14,3.8435400695480126e-14,3.209086642252945e-14,,0.0,4.786380409530668e-19,0.00456704015061846,1.4108257588933865e-18,,,,,0.13043478260869565,,2.3332883504384434e-21,1.0,0.7209302325581395,9.54194168962319e-19,9.54194168962319e-19,1.0,0.42658033862811345,0.13286867808967343,1413,1.8283021193482891,0.8874748603498237,599,575.5849198858497,0.7310350841654908,1006.0,841.3389662027834,0.6304708131107828,862,1009.0473684210526,935.5,610.6543869996938,760,0.4758535102197843,0.8532293215616218,0.41093374637766444,5,647.75
bior5.5,1.0,smooth,7.013903818261018e-20,251.01219440753127,6431448.841780143,0.6666666666666666,333.84763915562314,206,raw,2.0906382127101953e-10,-2.729716120114831e-09,6.428899715115843,100048.9592754046,0.8201232964628846,5.6189438836791465e-06,1.0,327.00000000002444,,,,[],[],13,661.1538461544812,87.00000000016414,940.0000000010599,"[8, 32, 51, 63, 81, 100, 111, 133, 152, 162, 175, 192, 204]","[878.0000000003167, 638.0000000005965, 787.0000000006744, 792.0000000010037, 940.0000000010599, 788.0000000008607, 637.000000000589, 675.0000000002702, 771.0000000008934, 196.00000000019367, 834.0000000009228, 572.0000000007108, 87.00000000016414]","[0, 13, 39, 39, 76, 99, 107, 107, 107, 161, 164, 187, 203]","[76, 39, 61, 76, 205, 164, 119, 142, 164, 164, 205, 205, 205]",37754613.00002391,941.000000000768,-941.000000000768,0.0,,,,DWT,mdp.39015067403892,2.3908913135528564e-05,,0.0,33.0,19.0,0.0,28.5,,7.679545888095163e-10,256.34134615448124,4358.999999991744,256.3413461544812,,0.0,256.34134615448124,,,84.00000000016414,0.0,24.0,1.0599023880786262e-09,7.679545888095163e-10,,2.4442670110147446e-11,2.641374173507856e-10,4.9635026952966515e-20,0.7123691154686168,0.8246470971319662,0.0007826901964178466,0.8214285714285712,0.0034254921223871786,0.9999999996854873,0.47422802480227155,7.187738549443787e-09,7.187738549443787e-09,6.573728111774301e-09,,1.2294884384132148e-09,0.9999999928122141,1.2691366086931558e-09,,,,,,2.366490564362695e-10,1.0,0.5,9.618056923812812e-10,9.618056923812812e-10,0.7922684118839094,0.2590182144051468,239,1.5700779883191816,0.7541137748660662,463,0,0.2478523369352147,0.2961384277805164,243,0.0,0.420331620787198,0.7634679505275779,273,106.7504878989631,0.8881022139423866,304.5,283.2428375351202,0.7844599120026399,167,bior,0.672619891330026,0.76736776154697,0.2989557476048908,5,126.5,2.6413741735078557e-10,0.00015478832988891078,4.9635026952966515e-20,0.7123691154686168,0.8246470971319663,0.001815360753757817,0.8657894736842104,0.005783089000789113,0.9999999996854871,0.9919828214591091,0.9855281704523635,0.9855281704523635,0.9855281704522509,,2.63409635029389e-10,0.9999999999643188,7.072402887977635e-10,,,,,1.0,,2.366490564362695e-10,1.0,0.5,9.618056923812812e-10,9.618056923812812e-10,0.0,2.2345702008153574,0.6375734630584178,237,1.5893281597504347,0.7347228121314137,1343,782.0600999923215,0.5901152515763515,790.0,402.90000000000003,0.5880345649915301,929,0.5943810304597339,0.7715092316736338,0.3524805091760961,5,698.0,,,,,,,,,,,,,1.7735184726987955e-15,0.036413600438343394,4.9635026952966515e-20,0.7913640106547946,0.2549279545794349,0.001685935817901792,0.6549857935326748,1.0,0.005783089000789112,0.9999999999999478,0.0008499884728413215,0.0007982210227458903,0.0007982210227458903,0.0007982210227395511,,0.0,2.0581435760981875e-16,0.02016391057301162,6.5765642750815214e-15,,,,,0.4782608695652174,,7.487522316556966e-18,1.0,0.8604651162790697,3.222790805670232e-15,3.222790805670232e-15,0.9302325581395349,0.5744527218307333,0.17892707859000737,574,1.6783569847364133,0.814690096829862,1412,592.5554826343268,0.7231049146568567,993.0,816.2014098690836,0.6295431115340357,863,1104.4,1082.5,563.6960149978129,300,0.520820561188399,0.7876173146100969,0.3991404127850916,6,648.75
db6,1.0,constant,5.168176267493019e-27,322.3384192942668,5947190.389358428,0.6064814814814815,286.1002200920947,206,raw,4.251615241098511e-14,-2.042283009373618e-10,6.349269012367051,64827.92945873422,0.7724038518050981,5.618943883690066e-06,1.0,327.0,,,,[],[],13,661.1538461538462,87.00000000000006,940.0,"[8, 32, 51, 63, 81, 100, 111, 133, 152, 162, 175, 192, 204]","[878.0, 637.9999999999998, 787.0, 792.0000000000002, 940.0, 788.0, 637.0, 675.0000000000002, 771.0, 195.99999999999994, 834.0, 572.0, 87.00000000000006]","[0, 13, 42, 42, 76, 99, 107, 107, 107, 161, 99, 187, 203]","[76, 42, 61, 76, 205, 164, 119, 142, 164, 164, 205, 205, 205]",37754613.0,941.0,-941.0,0.0,,,,DWT,mdp.39015067403892,0.0,,0.0,33.0,19.0,0.0,28.5,,0.0,256.3413461538462,4359.0,256.34134615384613,,0.0,256.3413461538462,,,84.00000000000006,0.0,24.0,0.0,0.0,,0.0,3.537205169919641e-14,2.860466267507652e-27,0.9755790327673226,0.7971386839788298,0.00023771418592960177,0.37003968253968267,0.0005738919916646324,0.9999999997235511,0.47422802461166635,6.6959667625959335e-09,6.6959667625959335e-09,6.0819563246244724e-09,,0.0,0.9999999933040264,0.0,,,,,,0.0,1.0,0.5,0.0,0.0,0.7922684098776801,0.2590182137492454,546,1.532281048444743,0.7359597766448619,558,0,0.24785233644913185,0.2961384271997359,544,0.0,0.39294612564837694,0.7137263969212558,588,20.29778313018444,0.9787234977671022,559.0,558.4617210819615,0.6963848096801968,353,db,0.540986235965534,0.9305070477545101,0.3421575204977732,3,265.5,3.53720516991964e-14,0.0001547883299646835,2.860466267507652e-27,0.9755790327673226,0.7971386839788299,0.001270947964778013,0.5265350877192985,0.0029382349021128402,0.999999999723551,0.9919828214562026,0.9855281704452468,0.9855281704452468,0.9855281704451341,,0.0,0.9999999999667601,0.0,,,,,1.0,,0.0,1.0,0.5,0.0,0.0,0.0,2.234570199820929,0.6375734627746849,559,1.5963880010691824,0.7379864719584228,1302,525.3803384216048,0.724643428500207,930.5,782.1794734013971,0.6184799951725354,789,0.49117026184683504,0.8233619396015222,0.4091722348267588,4,592.75,,,,,,,,,,,,,2.3750132690390325e-19,0.03641360043841643,2.860466267507652e-27,0.9822860028829742,0.24642411878925946,0.0015586292010065358,0.3983335588328149,1.0,0.0029382349021128402,0.9999999999999541,0.0008499884728391229,0.0007982210227401261,0.0007982210227401261,0.0007982210227337869,,0.0,0.0,0.020163910573049823,0.0,,,,,0.4782608695652174,,0.0,1.0,0.8604651162790697,0.0,0.0,0.9302325581395349,0.5744527218307418,0.17892707859001003,374,1.6847957733503953,0.8178155447334353,1378,709.9352083112938,0.6682545755554702,876.0,588.3242009132421,0.6294543905814733,864,1009.0473684210526,935.5,610.6543869996938,760,0.4758535102197843,0.8532293215616218,0.41093374637766444,5,649.25
bior2.8,1.0,antisymmetric,4.892963376539506e-27,322.5760728174373,6590017.345004475,0.6081081081081081,259.4682371623259,206,raw,4.5163441487178684e-14,-2.145562616462399e-10,6.312082829618402,98586.96818426199,0.8866330461621069,5.618943883690066e-06,1.0,327.0000000000001,,,,[],[],13,661.1538461538462,87.00000000000006,939.9999999999999,"[8, 32, 51, 63, 81, 100, 111, 133, 152, 162, 175, 192, 204]","[878.0, 638.0000000000001, 787.0000000000001, 792.0, 939.9999999999999, 788.0000000000001, 637.0000000000001, 675.0, 771.0, 195.99999999999994, 834.0000000000002, 572.0, 87.00000000000006]","[0, 13, 42, 42, 76, 99, 107, 107, 107, 161, 99, 187, 203]","[76, 42, 61, 76, 205, 164, 119, 142, 164, 164, 205, 205, 205]",37754613.0,940.9999999999999,-940.9999999999999,0.0,,,,DWT,mdp.39015067403892,0.0,,0.0,33.0,19.0,0.0,28.5,,1.1368683772161603e-13,256.3413461538462,4359.0,256.3413461538462,,0.0,256.3413461538462,,,84.00000000000006,0.0,24.0,1.1368683772161603e-13,1.1368683772161603e-13,,1.1368683772161603e-13,3.871694737441917e-14,2.6657074023514537e-27,0.9764560280699449,0.7842927232711254,0.0009611404224162431,0.38223938223938225,0.0033071249420884284,0.9999999997233955,0.47422802461166635,6.6959667625959335e-09,6.6959667625959335e-09,6.082000342865356e-09,,5.718550876340534e-12,0.9999999933040264,1.3612963731558036e-13,,,,,,0.0,1.0,0.5,1.4238426238064856e-13,1.4238426238064856e-13,0.7922684098806775,0.2590182137502253,382,1.532719151450696,0.7361701990022589,556,0,0.2478523364496471,0.29613842720035155,382,0.0,0.39340704983354896,0.714563595041975,580,107.83320453366856,0.8869672908452111,475.0,456.709574089453,0.6945318634519556,357,bior,0.672619891330026,0.76736776154697,0.2989557476048908,5,269.0,3.8716947374419164e-14,0.0001547883299646835,2.6657074023514537e-27,0.9764560280699449,0.7842927232711254,0.001993626555114515,0.5357041251778095,0.005665001841795916,0.9999999997233954,0.9919828214562026,0.9855281704452468,0.9855281704452468,0.9855281704451347,,1.2251610931599486e-12,0.9999999999667601,7.585973278963461e-14,,,,,1.0,,0.0,1.0,0.5,1.4238426238064856e-13,1.4238426238064856e-13,0.0,2.2345701998216367,0.6375734627748868,388,1.5956108789512884,0.7376272199409425,1309,651.2453454728103,0.6586764436725313,848.5,598.5763111373012,0.6069849723603746,836,0.5943810304597339,0.7715092316736338,0.3524805091760961,5,628.25,,,,,,,,,,,,,2.599602209476033e-19,0.03641360043841643,2.6657074023514537e-27,0.9829221403510066,0.24245297222339843,0.0017276218630099002,0.40527010571659483,1.0,0.005665001841795917,0.9999999999999541,0.0008499884728391229,0.0007982210227401261,0.0007982210227401261,0.0007982210227337874,,0.0,9.572760819061336e-19,0.020163910573049823,7.054128794466933e-19,,,,,0.4782608695652174,,0.0,1.0,0.8604651162790697,4.770970844811595e-19,4.770970844811595e-19,0.9302325581395349,0.5744527218307418,0.17892707859001003,283,1.687141704408671,0.8189542814970703,1363,763.6753236814714,0.643142372111462,823.0,468.68651275820173,0.6292814664295627,865,1104.4,1082.5,563.6960149978129,300,0.520820561188399,0.7876173146100969,0.3991404127850916,6,650.25
db29,1.0,reflect,1.671626893538284e-26,317.2403989729192,7340188.802981959,0.583969465648855,272.0794958600557,206,raw,9.13444077658585e-14,-2.0652934917820005e-10,6.722214015172037,58499.3644212691,0.7784822362399882,5.618943883690067e-06,1.0,327.0,,,,[],[],13,661.153846153846,86.99999999999986,939.9999999999998,"[8, 32, 51, 63, 81, 100, 111, 133, 152, 162, 175, 192, 204]","[878.0000000000001, 638.0, 786.9999999999998, 791.9999999999998, 939.9999999999998, 788.0, 637.0000000000001, 674.9999999999995, 770.9999999999999, 195.99999999999994, 834.0000000000001, 571.9999999999995, 86.99999999999986]","[0, 13, 39, 39, 76, 99, 107, 107, 107, 161, 99, 187, 203]","[76, 39, 61, 76, 205, 164, 119, 142, 164, 164, 205, 205, 205]",37754613.0,940.9999999999998,-940.9999999999998,0.0,,,,DWT,mdp.39015067403892,0.0,,0.0,33.0,19.0,0.0,28.5,,2.2737367544323206e-13,256.34134615384596,4359.000000000002,256.3413461538461,,0.0,256.34134615384596,,,83.99999999999986,0.0,19.5,2.2737367544323206e-13,2.2737367544323206e-13,,0.0,9.706739945473039e-14,1.1032661308679377e-26,0.9567661836462614,0.9259724737912993,0.0018053702883199468,0.20119956379498377,6.151239964088874e-05,0.9999999997235164,0.4742280246114352,6.695790689632508e-09,6.695790689632508e-09,6.081912306383589e-09,,0.0,0.9999999933041348,2.7225927463116073e-13,,,,,,0.0,1.0,0.0,2.847685247612971e-13,2.847685247612971e-13,0.7422684098777961,0.24267159368215002,901,1.5184530625948522,0.7293181482126214,586,0,0.2061856697824921,0.24635434483000287,908,0.0,0.38572563795551484,0.700611487958768,645,168.60802669703085,0.8232620265230285,760.0,731.519298164529,0.5133081621084744,836,db,0.540986235965534,0.9305070477545101,0.3421575204977732,3,627.75,9.706739945473038e-14,0.0001547883299646835,1.1032661308679377e-26,0.9567661836462614,0.9259724737912994,0.0028369839267994015,0.3996384089995985,0.002427067446780496,0.9999999997235163,0.9919828214561991,0.9855281704452442,0.9855281704452442,0.9855281704451335,,0.0,0.9999999999667607,1.5171946557926922e-13,,,,,1.0,,0.0,1.0,0.25,2.847685247612971e-13,2.847685247612971e-13,0.0,2.2095701998211164,0.6304403968407862,895,1.599337066013783,0.7393497808987207,1295,282.842712474619,0.8517595846569083,1095.0,1058.4703196347034,0.6389301067938629,713,0.49117026184683504,0.8233619396015222,0.4091722348267588,4,535.75,,,,,,,,,,,,,6.517472145991866e-19,0.036413600438416446,1.1032661308679377e-26,0.9686399113126289,0.2862512577337065,0.001924834301799359,0.30233386799088247,1.0,0.002427067446780496,0.9999999999999541,0.0008499884728391203,0.000798221022740124,0.000798221022740124,0.0007982210227337863,,0.0,0.0,0.02016391057304983,1.4108257588933865e-18,,,,,0.4782608695652174,,0.0,1.0,0.7906976744186046,9.54194168962319e-19,9.54194168962319e-19,0.9302325581395349,0.5674759776446953,0.17675400427451057,947,1.658100447111902,0.8048573849879636,1477,374.7665940288702,0.8248754233509952,1212.0,1154.0585808580859,0.6292601415820396,866,1009.0473684210526,935.5,610.6543869996938,760,0.4758535102197843,0.8532293215616218,0.41093374637766444,5,650.75
coif13,1.0,periodization,3.471529763702048e-26,311.84218981145733,4961449.266865507,0.5242718446601942,92.22765621002907,206,smoothed,1.3105479133429962e-13,-2.206661742221178e-10,6.1950599888766735,31688.2373984353,0.9826554863726168,0.00014966566451320252,0.9999999999999997,362.4000000000001,,,,[],[],11,426.6,32.200000000000074,728.3999999999999,"[9, 31, 53, 64, 80, 102, 131, 148, 158, 175, 192]","[311.0, 417.8000000000004, 589.6000000000005, 432.19999999999993, 728.3999999999999, 371.00000000000034, 586.9999999999999, 32.200000000000074, 448.19999999999993, 368.0000000000001, 407.20000000000016]","[1, 1, 1, 60, 1, 94, 120, 144, 144, 165, 186]","[20, 40, 75, 75, 205, 120, 205, 149, 205, 186, 205]",30736475.84000001,728.3999999999999,-728.3999999999999,0.0,,,,DWT,mdp.39015067403892,1.4901161193847656e-08,,0.0,15.0,11.0,0.0,33.0,,1.1368683772161603e-13,168.4000000000001,987.7999999999984,168.40000000000015,,0.0,168.4000000000001,,,28.000000000000085,0.0,33.0,1.1368683772161603e-13,1.1368683772161603e-13,,1.1368683772161603e-13,2.390720987632323e-13,9.680988939213898e-26,0.9495916629472514,0.08758970588123097,0.062130785835495875,0.07693226515562712,0.026847626163012936,,0.9999996647841187,4.4059791007223055e-09,4.4059791007223055e-09,3.6788452796766485e-09,,1.2251610931599486e-12,0.9999999955939887,7.585973278963461e-14,,,,,,3.1786782849947497e-13,0.0,1.0,1.7477015598164352e-13,1.7477015598164352e-13,0.8999999009803504,0.3383296774438765,365,0.6861272001542419,0.3483247299062757,828,0,0.24999997273923993,0.35570077879137785,365,0.0,0.17187029228326534,0.3032257118246617,860,276.8591699763618,0.7097912264398724,604.5,509.55594330189973,0.538071713848867,775,coif,0.5556920286951962,0.9053407607371553,0.33941335169221604,4,582.25,1.4724215802341015e-13,0.9999999999705123,2.376996584299679e-26,0.9368455697457531,0.7438672022050571,0.00016275858568770367,0.06313234542667362,0.00026149349854409426,0.9999999997233032,2.0315811924853655e-05,4.745454029730922e-11,4.745454029730922e-11,3.9622916059300906e-11,,1.2251610931599486e-12,0.0031261328403480726,7.585973278963461e-14,,,,,0.0,,1.4749084227875944e-13,0.0,1.0,1.4238426238064856e-13,1.4238426238064856e-13,1.0,0.3015691612048923,0.0860445084208446,1375,1.6594798576934304,0.7671529005761843,1056,225.56706319850866,0.8817782687638843,1215.5,1194.5701357466064,0.622361880713179,777,0.4784248188775415,0.776734912893196,0.43208215291776214,2,583.25,,,,,,,,,,,,,9.886395113334231e-19,0.9999999999715816,2.376996584299679e-26,0.9541902912856706,0.22995599571790604,0.0012994878957561266,0.04776079015018275,0.9999999999999997,0.00026149349854409426,0.9999999999999541,9.960751159770543e-05,3.8435400695480126e-14,3.8435400695480126e-14,3.209227588535368e-14,,0.0,9.572760819061336e-19,0.00456704015061846,7.054128794466933e-19,,,,,0.13043478260869565,,4.666576700876887e-21,0.7209302325581395,1.0,4.770970844811595e-19,4.770970844811595e-19,1.0,0.42658033862811345,0.13286867808967343,1452,1.8073508300291803,0.8773049095709816,799,461.7407281148155,0.7842333046192451,1125.5,1030.7845402043536,0.6291493625899964,867,986.6382352941176,846.0,585.0035688138154,340,0.4652856568234462,0.8173890317607586,0.42908333069536003,4,651.25
db33,1.0,reflect,1.368365785040107e-26,315.8853766780469,6520037.594939131,0.5222222222222223,112.31698816592315,206,smoothed,8.404064930482934e-14,-2.0442381121199604e-10,6.635308610487289,31291.3653324908,0.9835441201849738,0.0001496656645132028,0.9999999999999997,362.39999999999986,,,,[],[],11,426.59999999999997,32.19999999999985,728.3999999999997,"[9, 31, 53, 64, 80, 102, 131, 148, 158, 175, 192]","[311.0000000000001, 417.79999999999984, 589.6, 432.1999999999998, 728.3999999999997, 371.0000000000001, 586.9999999999999, 32.19999999999985, 448.20000000000016, 367.9999999999999, 407.1999999999998]","[1, 1, 1, 60, 1, 94, 120, 144, 144, 165, 186]","[20, 40, 75, 75, 205, 120, 205, 149, 205, 186, 205]",30736475.84,728.3999999999997,-728.3999999999997,0.0,,,,DWT,mdp.39015067403892,3.725290298461914e-09,,0.0,15.0,11.0,0.0,33.0,,2.2737367544323206e-13,168.40000000000003,987.7999999999993,168.39999999999998,,0.0,168.40000000000003,,,27.999999999999858,0.0,33.0,2.2737367544323206e-13,2.2737367544323206e-13,,1.1368683772161603e-13,1.3578861410686125e-13,3.5258699690946584e-26,0.9649533992449192,0.7226061058744591,0.731006561937938,0.0628534426937195,0.02355643221083849,,0.9999996645858688,4.4059199552998455e-09,4.4059199552998455e-09,3.67866784340914e-09,,1.2251610931599486e-12,0.9999999955940747,1.5171946557926922e-13,,,,,,7.946695712486874e-14,0.0,1.0,3.4954031196328703e-13,3.4954031196328703e-13,0.8999999009208183,0.33832967742149705,622,1.3403423234150138,0.6804487239108594,78,0,0.24999997272271718,0.3557007787678692,622,0.0,0.3578537059945729,0.6313507895271265,98,308.4131428241453,0.676715783203202,355.0,152.4388586085284,0.6522991913919574,448,db,0.573477938514061,0.8443824841957417,0.34525069778143475,3,336.75,8.783897392732427e-14,0.999999999970514,8.886584897342523e-27,0.9517658446161558,0.8959510160521889,0.0019149539563923647,0.051578947368421446,0.00022943756124387503,0.999999999723548,2.0315811920856852e-05,4.745387416349445e-11,4.745387416349445e-11,3.962102868015904e-11,,1.2251610931599486e-12,0.0031261328403482946,1.5171946557926922e-13,,,,,0.0,,3.687271056968986e-14,0.0,1.0,2.847685247612971e-13,2.847685247612971e-13,1.0,0.3015691612049298,0.08604450842085531,1357,1.74071584562645,0.8047070917193111,335,722.6631303726516,0.6212457387984006,846.0,537.3463356973995,0.5889247561916531,920,0.49117026184683504,0.8233619396015222,0.4091722348267588,4,691.0,,,,,,,,,,,,,5.897840769607046e-19,0.9999999999715835,8.886584897342523e-27,0.965012864508155,0.27697054985085356,0.001709224899183162,0.039020430253010774,0.9999999999999997,0.00022943756124387546,0.9999999999999541,9.960751159770228e-05,3.8434858594393884e-14,3.8434858594393884e-14,3.2090649582094954e-14,,0.0,9.572760819061336e-19,0.004567040150618464,1.4108257588933865e-18,,,,,0.13043478260869565,,1.1666441752192217e-21,0.7209302325581395,1.0,9.54194168962319e-19,9.54194168962319e-19,1.0,0.42658033862811345,0.13286867808967343,1401,1.83404755319707,0.8902637473989803,498,638.5174234114525,0.701627372237639,949.5,734.8056872037915,0.6289678917262962,868,1009.0473684210526,935.5,610.6543869996938,760,0.4758535102197843,0.8532293215616218,0.41093374637766444,5,652.25
db37,1.0,antisymmetric,1.5066492723034805e-26,317.69167080691705,7785891.880191999,0.5971223021582733,277.1971035878651,206,raw,8.542896702882664e-14,-2.0736901085172419e-10,6.824242071136753,168348.5329965683,0.9245206294756603,5.618943883690066e-06,0.9999999999999999,327.0000000000001,,,,[],[],13,661.1538461538462,87.0000000000002,939.9999999999999,"[8, 32, 51, 63, 81, 100, 111, 133, 152, 162, 175, 192, 204]","[878.0, 638.0, 787.0, 792.0000000000001, 939.9999999999999, 787.9999999999998, 636.9999999999999, 675.0000000000002, 771.0, 195.9999999999999, 834.0, 571.9999999999997, 87.0000000000002]","[0, 13, 42, 42, 76, 99, 107, 107, 107, 161, 164, 187, 203]","[76, 42, 61, 76, 205, 164, 119, 142, 164, 164, 205, 205, 205]",37754613.0,940.9999999999999,-940.9999999999999,0.0,,,,DWT,mdp.39015067403892,0.0,,0.0,33.0,19.0,0.0,28.5,,1.1368683772161603e-13,256.3413461538462,4359.0,256.34134615384613,,0.0,256.3413461538462,,,84.0000000000002,0.0,28.5,1.1368683772161603e-13,1.1368683772161603e-13,,1.1368683772161603e-13,8.959313745732712e-14,9.865170419116114e-27,0.9584314788766544,0.9612180489250852,0.0023069567524602475,0.29984583761562134,0.008955230303392374,0.9999999997235037,0.4742280246118314,6.6959667625959335e-09,6.6959667625959335e-09,6.0819563246244724e-09,,5.718550876340534e-12,0.9999999933040264,1.3612963731558036e-13,,,,,,0.0,1.0,1.0,1.4238426238064856e-13,1.4238426238064856e-13,0.8422684098807137,0.2753648338173705,125,1.5803418172217993,0.7590435266464977,429,0,0.2895190031163239,0.3459225095701288,125,0.0,0.4038446940246008,0.7335219755795953,482,192.03710578948017,0.7987032434072535,290.25,196.02374528611324,0.7472289801941927,253,db,0.540986235965534,0.9305070477545101,0.3421575204977732,3,190.5,8.959313745732711e-14,0.0001547883299646835,9.865170419116114e-27,0.9584314788766544,0.9612180489250854,0.003338052011635825,0.4737788716395303,0.011299745477043821,0.9999999997235036,0.9919828214562052,0.9855281704452468,0.9855281704452468,0.9855281704451341,,1.2251610931599486e-12,0.9999999999667601,7.585973278963461e-14,,,,,1.0,,0.0,1.0,0.75,1.4238426238064856e-13,1.4238426238064856e-13,0.0,2.259570199821638,0.6447065287088393,129,1.6514148210294006,0.7634245538647856,1104,689.4291116568838,0.6386639876012139,616.5,231.007299270073,0.657775390027022,577,0.49117026184683504,0.8233619396015222,0.4091722348267588,4,433.75,,,,,,,,,,,,,6.015621940324823e-19,0.03641360043841643,9.865170419116114e-27,0.9698478501558826,0.29714692741844917,0.0020420051030846254,0.35842250296637257,0.9999999999999999,0.01129974547704382,0.9999999999999541,0.0008499884728391248,0.0007982210227401261,0.0007982210227401261,0.0007982210227337869,,0.0,9.572760819061336e-19,0.020163910573049823,7.054128794466933e-19,,,,,0.4782608695652174,,0.0,1.0,0.9302325581395349,4.770970844811595e-19,4.770970844811595e-19,0.9302325581395349,0.5814294660167882,0.18110015290550946,144,1.6903161558631694,0.8204951897700817,1341,846.4068170802974,0.6044827957568704,742.5,260.07272727272726,0.6287600894672203,869,1009.0473684210526,935.5,610.6543869996938,760,0.4758535102197843,0.8532293215616218,0.41093374637766444,5,653.0
db6,1.0,periodization,5.480610930042745e-27,319.8591090175448,4964996.748095559,0.5194174757281553,83.56623523735978,206,smoothed,4.896251193253306e-14,-2.0063462002895043e-10,6.190633629677542,31688.23739843529,0.9842115312966397,0.00014966566451320268,1.0,362.4,,,,[],[],11,426.59999999999997,32.20000000000002,728.3999999999999,"[9, 31, 53, 64, 80, 102, 131, 148, 158, 175, 192]","[310.99999999999983, 417.79999999999995, 589.6000000000003, 432.1999999999997, 728.3999999999999, 371.0000000000002, 587.0000000000001, 32.20000000000002, 448.19999999999993, 367.99999999999994, 407.20000000000016]","[0, 0, 0, 60, 0, 94, 120, 144, 144, 165, 186]","[20, 40, 75, 75, 203, 120, 203, 149, 203, 186, 203]",30736475.839999992,728.3999999999999,-728.3999999999999,0.0,,,,DWT,mdp.39015067403892,3.725290298461914e-09,,0.0,33.0,11.0,0.0,33.0,,1.1368683772161603e-13,168.40000000000003,987.7999999999993,168.40000000000003,,0.0,168.40000000000003,,,28.00000000000003,0.0,15.0,1.1368683772161603e-13,1.1368683772161603e-13,,0.0,5.87268597778211e-14,1.1251665420419307e-26,0.980051249117085,0.0812051073936169,0.06365320469249627,0.04358768564058205,0.026847626163012846,,0.9999996647345563,4.4059199552998455e-09,4.4059199552998455e-09,3.6787269888316428e-09,,0.0,0.9999999955940747,7.585973278963461e-14,,,,,,7.946695712486874e-14,1.0,0.0,1.7477015598164352e-13,1.7477015598164352e-13,0.8999999009647218,0.33832967743800135,496,0.6886340302347631,0.34959736697783067,825,0,0.24999997273497523,0.35570077878531003,503,0.0,0.17076355328669313,0.30127312469874573,872,202.42694155340752,0.7878124302375183,674.0,628.6233451043491,0.5406567392277739,770,db,0.573477938514061,0.8443824841957417,0.34525069778143475,3,578.25,4.351713879167234e-14,0.9999999999705134,3.0815657229249583e-27,0.9664298165578553,0.7423381171485304,0.00016674673321646254,0.0357690342360758,0.0002614934985440934,0.9999999997236052,2.0315811923854454e-05,4.745387416349445e-11,4.745387416349445e-11,3.962169481397382e-11,,0.0,0.0031261328403482946,7.585973278963461e-14,,,,,0.0,,3.687271056968986e-14,1.0,0.0,1.4238426238064856e-13,1.4238426238064856e-13,1.0,0.3015691612042235,0.08604450842065378,1572,1.6655225328500436,0.7699463395878989,1007,399.51533137039934,0.790610413327883,1289.5,1227.6107018224118,0.5573859194522015,1119,0.49117026184683504,0.8233619396015222,0.4091722348267588,4,840.25,,,,,,,,,,,,,2.9219052075280957e-19,0.9999999999715827,3.0815657229249583e-27,0.9756495257928823,0.22948330075882112,0.0013004204924545195,0.027059937762143327,1.0,0.0002614934985440934,0.9999999999999541,9.960751159770467e-05,3.8434858594393884e-14,3.8434858594393884e-14,3.20911916831812e-14,,0.0,0.0,0.004567040150618464,7.054128794466933e-19,,,,,0.13043478260869565,,1.1666441752192217e-21,1.0,0.7209302325581395,4.770970844811595e-19,4.770970844811595e-19,1.0,0.42658033862811345,0.13286867808967343,1451,1.8117101485970986,0.8794209633655605,784,471.6402230514272,0.7796073724058752,1117.5,1017.9722595078301,0.6287055553618162,870,1009.0473684210526,935.5,610.6543869996938,760,0.4758535102197843,0.8532293215616218,0.41093374637766444,5,653.75
db37,1.0,periodization,2.3993942658243944e-26,313.4463825762299,4961056.344324842,0.529126213592233,110.98532859751406,206,smoothed,1.1347707670169004e-13,-2.0232167052824974e-10,6.195550646216855,31688.237398435293,0.9827313518584121,0.00014966566451320276,0.9999999999999997,362.39999999999986,,,,[],[],11,426.6,32.19999999999999,728.3999999999997,"[9, 31, 53, 64, 80, 102, 131, 148, 158, 175, 192]","[311.00000000000006, 417.8000000000004, 589.6000000000006, 432.2000000000004, 728.3999999999997, 371.0000000000001, 586.9999999999999, 32.19999999999999, 448.20000000000005, 367.9999999999999, 407.2000000000003]","[1, 1, 1, 60, 1, 94, 120, 144, 144, 165, 186]","[20, 40, 75, 75, 204, 120, 204, 149, 204, 186, 204]",30736475.839999996,728.3999999999997,-728.3999999999997,0.0,,,,DWT,mdp.39015067403892,0.0,,0.0,15.0,11.0,0.0,33.0,,2.2737367544323206e-13,168.4000000000001,987.7999999999984,168.40000000000018,,0.0,168.4000000000001,,,28.0,0.0,33.0,2.2737367544323206e-13,2.2737367544323206e-13,,1.1368683772161603e-13,2.0045632186756586e-13,6.543277563173964e-26,0.9556866536158003,0.0882974320216387,0.061962161212430686,0.11027684467067218,0.026847626163012877,,0.999999664709775,4.4059791007223055e-09,4.4059791007223055e-09,3.6788748523878996e-09,,1.2251610931599486e-12,0.9999999955939887,1.5171946557926922e-13,,,,,,0.0,0.0,1.0,3.4954031196328703e-13,3.4954031196328703e-13,0.899999900958005,0.3383296774354764,522,0.7033915771200491,0.35708929927805266,794,0,0.249999972733056,0.35570077878257933,522,0.0,0.17758153109767935,0.31330188282486626,820,164.88682987633265,0.8271626521212446,664.5,633.8766839436221,0.56531088580905,700,db,0.573477938514061,0.8443824841957417,0.34525069778143475,3,525.75,1.2503241063176697e-13,0.999999999970514,1.6182825133966643e-26,0.9427654042192231,0.7440366997024346,0.0001623168545105884,0.09049565661727149,0.0002614934985440938,0.9999999997235798,2.0315811923354854e-05,4.745454029730922e-11,4.745454029730922e-11,3.962324912620829e-11,,1.2251610931599486e-12,0.0031261328403480726,1.5171946557926922e-13,,,,,0.0,,0.0,0.0,1.0,2.847685247612971e-13,2.847685247612971e-13,1.0,0.3015691612049131,0.08604450842085054,1358,1.6740616107369561,0.7738938285187354,959,282.13560569343247,0.852130185695266,1158.5,1124.1450151057402,0.6224749460971088,775,0.49117026184683504,0.8233619396015222,0.4091722348267588,4,582.25,,,,,,,,,,,,,8.395148713330921e-19,0.9999999999715833,1.6182825133966643e-26,0.9584843034677925,0.23000839346533408,0.0012993846004205392,0.06846164253822229,0.9999999999999997,0.0002614934985440938,0.9999999999999541,9.960751159770423e-05,3.8435400695480126e-14,3.8435400695480126e-14,3.209238430557093e-14,,0.0,9.572760819061336e-19,0.00456704015061846,1.4108257588933865e-18,,,,,0.13043478260869565,,0.0,0.7209302325581395,1.0,9.54194168962319e-19,9.54194168962319e-19,1.0,0.42658033862811345,0.13286867808967343,1439,1.8182337255197158,0.8825875683030666,713,513.3595231414336,0.7601123723638161,1076.0,953.5381040892194,0.6286543170230295,871,1009.0473684210526,935.5,610.6543869996938,760,0.4758535102197843,0.8532293215616218,0.41093374637766444,5,654.5
coif16,1.0,antireflect,2.2790086063229455e-26,313.66993909016463,6958114.8996447595,0.5133333333333333,100.05830369175833,206,smoothed,1.0741407763248391e-13,-2.1616468615093315e-10,6.7979409913591216,144790.39044233228,0.9961971345606659,0.0001496656645132026,0.9999999999999997,362.4,,,,[],[],11,426.6000000000003,32.2000000000001,728.4000000000003,"[9, 31, 53, 64, 80, 102, 131, 148, 158, 175, 192]","[311.0000000000002, 417.8000000000003, 589.6000000000004, 432.20000000000044, 728.4000000000003, 371.00000000000017, 587.0000000000006, 32.2000000000001, 448.20000000000005, 367.99999999999994, 407.2000000000004]","[0, 0, 0, 60, 0, 94, 120, 144, 144, 165, 186]","[20, 40, 75, 75, 203, 120, 203, 149, 203, 186, 203]",30736475.84000001,728.4000000000003,-728.4000000000003,0.0,,,,DWT,mdp.39015067403892,1.4901161193847656e-08,,0.0,33.0,11.0,0.0,33.0,,3.410605131648481e-13,168.40000000000038,987.7999999999956,168.40000000000026,,0.0,168.40000000000038,,,28.000000000000114,0.0,15.0,3.410605131648481e-13,3.410605131648481e-13,,0.0,1.871367621711789e-13,6.190956933852845e-26,0.9565360371164912,0.9571877126168893,0.9190095720336233,0.0017958126483921255,0.9647849465690275,,0.9999996648089,4.406274827834604e-09,4.406274827834604e-09,3.6789635705216543e-09,,0.0,0.9999999955937305,2.275791983689038e-13,,,,,,3.1786782849947497e-13,1.0,0.0,5.243104679449306e-13,5.243104679449306e-13,0.8999999009874717,0.33832967744655357,356,1.8986525682821749,0.9638848931860942,3,0,0.24999997274131142,0.35570077879432516,345,0.0,0.542759154426373,0.9575740447281075,5,200.10393132903044,0.790247451437075,177.25,7.420587568914734,0.8022254028673844,140,coif,0.5556920286951962,0.9053407607371553,0.33941335169221604,4,106.0,1.173717061216924e-13,0.9999999999705127,1.5330896492675526e-26,0.9435903783663588,0.9521323452464541,0.0024074489991755396,0.0014736842105264047,0.00939691984271505,0.9999999997233711,2.0315811925353255e-05,4.7457704432929404e-11,4.7457704432929404e-11,3.9624192815779224e-11,,0.0,0.00312613284034724,2.275791983689038e-13,,,,,0.0,,1.4749084227875944e-13,1.0,0.0,4.2715278714194565e-13,4.2715278714194565e-13,1.0,0.3015691612044715,0.08604450842072454,1488,1.747772365644464,0.8079692161583011,261,867.6200205158938,0.5452725259350661,874.5,444.1029159519726,0.5434695963008664,1246,0.4784248188775415,0.776734912893196,0.43208215291776214,2,935.0,,,,,,,,,,,,,7.880780052549291e-19,0.9999999999715822,1.5330896492675526e-26,0.9590827068612678,0.29433821098354773,0.0018243909625151836,0.001114869435800414,0.9999999999999997,0.00939691984271505,0.9999999999999541,9.960751159770586e-05,3.843800278069409e-14,3.843800278069409e-14,3.209325166730892e-14,,0.0,0.0,0.004567040150618447,2.11623863834008e-18,,,,,0.13043478260869565,,4.666576700876887e-21,1.0,0.7209302325581395,1.4312912534434783e-18,1.4312912534434783e-18,1.0,0.42658033862811345,0.13286867808967343,1421,1.8277356407926548,0.887199886388063,603,578.4133470105959,0.729713389247385,1012.0,846.7025691699604,0.6284080964928513,872,986.6382352941176,846.0,585.0035688138154,340,0.4652856568234462,0.8173890317607586,0.42908333069536003,4,655.0
db6,1.0,zero,5.220869112424286e-27,322.29436441302187,5947654.72793675,0.6064814814814815,286.1002200920947,206,raw,4.296455316656188e-14,-2.041812274811177e-10,6.347815185481879,65500.51950445815,0.7747517734966667,5.618943883690066e-06,1.0,327.0,,,,[],[],13,661.1538461538462,87.00000000000006,940.0,"[8, 32, 51, 63, 81, 100, 111, 133, 152, 162, 175, 192, 204]","[878.0, 637.9999999999998, 787.0, 792.0000000000002, 940.0, 788.0, 637.0, 675.0000000000002, 771.0, 195.99999999999994, 834.0, 572.0, 87.00000000000006]","[0, 13, 42, 42, 76, 99, 107, 107, 107, 161, 99, 187, 203]","[76, 42, 61, 76, 205, 164, 119, 142, 164, 164, 205, 205, 205]",37754613.0,941.0,-941.0,0.0,,,,DWT,mdp.39015067403892,0.0,,0.0,33.0,19.0,0.0,28.5,,0.0,256.3413461538462,4359.0,256.34134615384613,,0.0,256.3413461538462,,,84.00000000000006,0.0,24.0,0.0,0.0,,0.0,3.5938613833110366e-14,2.897755213694401e-27,0.9754164602819919,0.7966364597207242,0.000238236744461444,0.37003968253968267,0.0006283468975061773,0.9999999997235518,0.47422802461166635,6.6959667625959335e-09,6.6959667625959335e-09,6.0819563246244724e-09,,0.0,0.9999999933040264,0.0,,,,,,0.0,1.0,0.5,0.0,0.0,0.7922684098776801,0.2590182137492454,545,1.531954436066095,0.7358029036133229,559,0,0.24785233644913185,0.2961384271997359,545,0.0,0.3928698982384943,0.7135879415171914,589,20.744477176668813,0.978255265013974,559.5,558.9381869265716,0.6958886387962951,354,db,0.540986235965534,0.9305070477545101,0.3421575204977732,3,266.25,3.593861383311036e-14,0.0001547883299646835,2.897755213694401e-27,0.9754164602819919,0.7966364597207243,0.0012714699832563504,0.5265350877192985,0.0029925609839527565,0.9999999997235517,0.9919828214562026,0.9855281704452468,0.9855281704452468,0.9855281704451341,,0.0,0.9999999999667601,0.0,,,,,1.0,,0.0,1.0,0.5,0.0,0.0,0.0,2.234570199820929,0.6375734627746849,556,1.596061336890907,0.7378354599586587,1307,531.0371926710972,0.7216786201933453,931.5,780.1309715512615,0.616735536511767,798,0.49117026184683504,0.8233619396015222,0.4091722348267588,4,599.5,,,,,,,,,,,,,2.4130543925006747e-19,0.03641360043841643,2.897755213694401e-27,0.9821680792762221,0.246268863282626,0.001558751270891335,0.3983335588328149,1.0,0.0029925609839527565,0.9999999999999541,0.0008499884728391229,0.0007982210227401261,0.0007982210227401261,0.0007982210227337869,,0.0,0.0,0.020163910573049823,0.0,,,,,0.4782608695652174,,0.0,1.0,0.8604651162790697,0.0,0.0,0.9302325581395349,0.5744527218307418,0.17892707859001003,362,1.6846691829007054,0.8177540965512825,1380,719.8347032479054,0.6636286433421003,871.0,573.5476463834673,0.6283096487738539,873,1009.0473684210526,935.5,610.6543869996938,760,0.4758535102197843,0.8532293215616218,0.41093374637766444,5,656.0
sym11,1.0,antireflect,3.403069144153131e-23,284.15308473597935,6439486.767596706,0.6415929203539823,307.0947654501801,206,raw,4.54431314584697e-12,-2.2564139445805496e-10,6.43752687729753,102802.58649400351,0.850301104874601,5.618943883689801e-06,0.9999999999999997,326.9999999999979,,,,[],[],13,661.1538461538609,87.00000000000477,940.0000000000208,"[8, 32, 51, 63, 81, 100, 111, 133, 152, 162, 175, 192, 204]","[878.0000000000091, 638.0000000000197, 787.0000000000213, 792.0000000000193, 940.0000000000208, 788.0000000000155, 637.0000000000156, 675.0000000000084, 771.0000000000153, 196.00000000000966, 834.0000000000215, 572.0000000000093, 87.00000000000477]","[0, 13, 42, 42, 76, 99, 107, 107, 107, 161, 164, 187, 203]","[76, 42, 61, 76, 205, 164, 119, 142, 164, 164, 205, 205, 205]",37754613.00000049,941.0000000000122,-941.0000000000122,0.0,,,,DWT,mdp.39015067403892,4.917383193969727e-07,,0.0,33.0,19.0,0.0,28.5,,1.2164491636212915e-11,256.34134615386085,4358.999999999809,256.34134615386074,,0.0,256.34134615386085,,,84.00000000000477,0.0,28.5,2.0804691303055733e-11,1.2164491636212915e-11,,2.1032064978498966e-12,5.72347065395921e-12,2.408157376537654e-23,0.8346665035107884,0.8276273488871416,0.0007917359378441546,0.6333754740834386,0.0036484340345740076,0.9999999997232284,0.4742280246171471,6.707323468736888e-09,6.707323468736888e-09,6.0932690125315175e-09,,1.0579319121229988e-10,0.9999999932926494,2.4911723628751206e-11,,,,,,4.867197795199061e-12,1.0,1.0,1.52351160747294e-11,1.52351160747294e-11,0.8422684099577237,0.2753648338425475,65,1.5698190076571794,0.7539893855770674,464,0,0.2895190031319796,0.3459225095888345,64,0.0,0.41251368702284236,0.7492678723672561,372,207.5208824833459,0.7824728695143125,241.25,111.56679999900561,0.7647951349667998,214,sym,0.8243425715244881,0.7368036147090654,0.2019191155201387,6,162.0,5.72347065395921e-12,0.00015478832996290715,2.4081573765376542e-23,0.8346665035107884,0.8276273488871417,0.0018243971465962366,0.7244527247321845,0.00600550349916786,0.9999999997232283,0.9919828214562862,0.9855281704454111,0.9855281704454111,0.9855281704452978,,2.266548022345905e-11,0.9999999999667036,1.3882331100503132e-11,,,,,1.0,,4.867197795199062e-12,1.0,0.75,1.52351160747294e-11,1.52351160747294e-11,0.0,2.259570199847875,0.6447065287163253,65,1.6077555028058803,0.7432414992425344,1266,849.2352442050436,0.5549081529323671,665.5,123.65138993238168,0.6030568018330598,863,0.7763846615972358,0.5622554397616224,0.28785410495344815,6,648.75,,,,,,,,,,,,,3.842954563027921e-17,0.03641360043841467,2.4081573765376542e-23,0.8800736657048209,0.2558492571423384,0.0016880489067646594,0.5480619217584649,0.9999999999999997,0.0060055034991678595,0.9999999999999541,0.0008499884728391861,0.0007982210227402592,0.0007982210227402592,0.0007982210227339195,,0.0,1.7709607515263474e-17,0.02016391057304894,1.2909055693874488e-16,,,,,0.4782608695652174,,1.5399703112893729e-19,1.0,0.9302325581395349,5.1049388039484055e-17,5.1049388039484055e-17,0.9302325581395349,0.581429466016788,0.1811001529055094,187,1.689363902682003,0.8200329572156096,1350,822.3651865199548,0.6157172025607688,768.5,328.4970722186077,0.6283025265140292,874,1409.1368421052632,1454.5,398.32527672708756,380,0.6645304607900322,0.5565550872278735,0.3678621512786154,7,657.25
bior2.8,1.0,symmetric,4.869251596320436e-27,322.59717031546523,6590801.955737635,0.6081081081081081,259.4682371623259,206,raw,4.4904748743576705e-14,-2.1431745267364304e-10,6.309654746925986,68060.18281461876,0.8357148455456765,5.618943883690066e-06,1.0,327.0000000000001,,,,[],[],13,661.1538461538462,87.00000000000003,939.9999999999999,"[8, 32, 51, 63, 81, 100, 111, 133, 152, 162, 175, 192, 204]","[878.0, 638.0000000000001, 787.0000000000001, 792.0, 939.9999999999999, 788.0000000000001, 637.0000000000001, 675.0, 771.0, 195.99999999999994, 834.0000000000002, 572.0, 87.00000000000003]","[0, 13, 42, 42, 76, 99, 107, 107, 107, 161, 99, 187, 203]","[76, 42, 61, 76, 205, 164, 119, 142, 164, 164, 205, 205, 205]",37754613.0,940.9999999999999,-940.9999999999999,0.0,,,,DWT,mdp.39015067403892,0.0,,0.0,33.0,19.0,0.0,28.5,,1.1368683772161603e-13,256.3413461538462,4359.0,256.3413461538462,,0.0,256.3413461538462,,,84.00000000000003,0.0,24.0,1.1368683772161603e-13,1.1368683772161603e-13,,1.1368683772161603e-13,3.839008460485343e-14,2.6489273765674163e-27,0.9765338826139076,0.7834539425048215,0.000962023409641361,0.38223938223938225,0.0008355849103596508,0.999999999723399,0.4742280246116333,6.6959667625959335e-09,6.6959667625959335e-09,6.082000342865356e-09,,5.718550876340534e-12,0.9999999933040264,1.3612963731558036e-13,,,,,,0.0,1.0,0.5,1.4238426238064856e-13,1.4238426238064856e-13,0.7922684098806676,0.2590182137502221,388,1.531358299274844,0.735516577093665,561,0,0.24785233644964438,0.2961384272003483,390,0.0,0.3930031019251937,0.7138298855933869,587,107.3390267641116,0.8874852968929647,481.5,463.63207103665223,0.6913841578804446,360,bior,0.672619891330026,0.76736776154697,0.2989557476048908,5,271.25,3.839008460485342e-14,0.0001547883299646835,2.6489273765674163e-27,0.9765338826139076,0.7834539425048216,0.00199450862979048,0.5357041251778095,0.0031993087337217063,0.9999999997233989,0.9919828214562021,0.9855281704452468,0.9855281704452468,0.9855281704451347,,1.2251610931599486e-12,0.9999999999667601,7.585973278963461e-14,,,,,1.0,,0.0,1.0,0.5,1.4238426238064856e-13,1.4238426238064856e-13,0.0,2.2345701998216367,0.6375734627748868,393,1.5942523650886236,0.7369991991515459,1314,651.2453454728103,0.6586764436725313,853.5,605.0404217926186,0.605674699823687,841,0.5943810304597339,0.7715092316736338,0.3524805091760961,5,632.0,,,,,,,,,,,,,2.5776554074789316e-19,0.03641360043841643,2.6489273765674163e-27,0.982978612936804,0.24219367504544426,0.0017278281291835081,0.40527010571659483,1.0,0.0031993087337217063,0.9999999999999541,0.0008499884728391225,0.0007982210227401261,0.0007982210227401261,0.0007982210227337874,,0.0,9.572760819061336e-19,0.020163910573049823,7.054128794466933e-19,,,,,0.4782608695652174,,0.0,1.0,0.8604651162790697,4.770970844811595e-19,4.770970844811595e-19,0.9302325581395349,0.5744527218307418,0.17892707859001003,289,1.6860597652610296,0.8184290981677952,1369,763.6753236814714,0.643142372111462,829.0,477.2509047044632,0.6278795972706843,875,1104.4,1082.5,563.6960149978129,300,0.520820561188399,0.7876173146100969,0.3991404127850916,6,657.75
coif5,1.0,periodization,1.839675142688112e-26,316.82438106559,5963062.458720947,0.616504854368932,285.7632695380019,206,raw,8.43774888529262e-14,-2.0958013102756754e-10,6.331413306728674,63117.30860590067,0.7587092248023609,5.618943883690062e-06,0.9999999999999999,327.0000000000001,,,,[],[],13,661.1538461538463,86.99999999999997,940.0000000000001,"[8, 32, 51, 63, 81, 100, 111, 133, 152, 162, 175, 192, 204]","[878.0000000000002, 637.9999999999999, 787.0000000000002, 792.0000000000006, 940.0000000000001, 788.0, 637.0000000000003, 675.0, 771.0, 195.99999999999994, 834.0000000000001, 571.9999999999998, 86.99999999999997]","[0, 13, 42, 42, 76, 99, 107, 107, 107, 161, 164, 187, 203]","[76, 42, 61, 76, 205, 164, 119, 142, 164, 164, 205, 205, 205]",37754613.0,941.0000000000001,-941.0000000000001,0.0,,,,DWT,mdp.39015067403892,0.0,,0.0,33.0,19.0,0.0,28.5,,1.1368683772161603e-13,256.3413461538463,4358.999999999998,256.3413461538462,,0.0,256.3413461538463,,,83.99999999999997,0.0,28.5,1.1368683772161603e-13,1.1368683772161603e-13,,1.1368683772161603e-13,8.826457654012741e-14,1.2221881994618645e-26,0.9552309833863741,0.7909704334060479,0.0002555763357715321,0.4452149791955613,0.00043539500072065725,0.9999999997234704,0.47422802461156727,6.696054799077647e-09,6.696054799077647e-09,6.082000342865356e-09,,5.718550876340534e-12,0.9999999933039181,1.3612963731558036e-13,,,,,,0.0,1.0,1.0,1.4238426238064856e-13,1.4238426238064856e-13,0.8422684098806463,0.27536483381734844,139,1.5470117444706617,0.7430349798316808,516,0,0.28951900311631124,0.34592250957011367,133,0.0,0.3990134208810043,0.7247467085690557,524,221.7400880911403,0.7675680418331863,328.0,215.52394120709886,0.711876264103176,314,coif,0.5507900112560971,0.8749445204262634,0.351963635992853,2,236.0,8.826457654012741e-14,0.0001547883299646835,1.2221881994618643e-26,0.9552309833863741,0.790970433406048,0.0012887916544551208,0.5830352580480325,0.0028000655535788768,0.9999999997234703,0.9919828214562011,0.9855281704452481,0.9855281704452481,0.9855281704451347,,1.2251610931599486e-12,0.9999999999667596,7.585973278963461e-14,,,,,1.0,,0.0,1.0,0.75,1.4238426238064856e-13,1.4238426238064856e-13,0.0,2.259570199821637,0.6447065287088389,134,1.6036487683911245,0.7413430168936405,1277,808.2230508962239,0.5764030131571154,705.5,242.54854712969524,0.603322051651933,861,0.4784248188775415,0.776734912893196,0.43208215291776214,2,646.25,,,,,,,,,,,,,5.926417337948093e-19,0.03641360043841641,1.2221881994618643e-26,0.9675263381802219,0.24451729160545982,0.0015628018064480396,0.4410769855229332,0.9999999999999999,0.0028000655535788768,0.9999999999999541,0.0008499884728391218,0.0007982210227401272,0.0007982210227401272,0.0007982210227337874,,0.0,9.572760819061336e-19,0.020163910573049813,7.054128794466933e-19,,,,,0.4782608695652174,,0.0,1.0,0.9302325581395349,4.770970844811595e-19,4.770970844811595e-19,0.9302325581395349,0.5814294660167882,0.18110015290550946,55,1.6920307501761984,0.8213274698032387,1329,900.8540392316615,0.5790401685833357,692.0,105.62861271676302,0.6278378413010137,876,986.6382352941176,846.0,585.0035688138154,340,0.4652856568234462,0.8173890317607586,0.42908333069536003,4,658.0
bior2.2,1.0,zero,1.6359902936160185e-27,325.109591515862,5046262.766900253,0.5333333333333333,77.94530680007652,206,smoothed,2.2230329766863324e-14,-2.0569708159001768e-10,6.167163045220621,35112.11615022676,0.988427714640555,0.00014966566451320274,0.9999999999999999,362.4,,,,[],[],11,426.59999999999997,32.19999999999999,728.3999999999999,"[9, 31, 53, 64, 80, 102, 131, 148, 158, 175, 192]","[311.0, 417.8, 589.6000000000001, 432.20000000000005, 728.3999999999999, 370.99999999999994, 587.0, 32.19999999999999, 448.2, 368.0000000000001, 407.20000000000005]","[1, 1, 1, 60, 1, 94, 120, 144, 144, 165, 186]","[20, 40, 75, 75, 204, 120, 204, 149, 204, 186, 204]",30736475.840000004,728.3999999999999,-728.3999999999999,0.0,,,,DWT,mdp.39015067403892,7.450580596923828e-09,,0.0,15.0,11.0,0.0,33.0,,1.1368683772161603e-13,168.40000000000003,987.7999999999993,168.40000000000003,,0.0,168.40000000000003,,,28.0,0.0,33.0,1.1368683772161603e-13,1.1368683772161603e-13,,0.0,0.0,0.0,1.0,0.04735104104118876,0.09852891267750909,0.13917548025037796,0.05524128247655785,,0.999999664709775,4.4059199552998455e-09,4.4059199552998455e-09,3.6787269888316428e-09,,0.0,0.9999999955940747,7.585973278963461e-14,,,,,,1.5893391424973748e-13,0.0,1.0,1.7477015598164352e-13,1.7477015598164352e-13,0.8999999009573273,0.33832967743522163,557,0.7507066819501232,0.381109657466327,672,0,0.24999997273291674,0.3557007787823812,561,0.0,0.19147095949223344,0.33780659364967247,681,67.9577074363166,0.9287655058319533,617.75,612.1461409806403,0.6406144091004631,479,bior,0.8100315533562081,0.7923003667562746,0.1952878026237719,6,360.75,9.740562852416063e-15,0.9999999999705138,3.6085758490010476e-28,0.9858052856276809,0.7342302076123892,0.00025810757519144204,0.11421052631578965,0.000538045193684885,0.9999999997235288,2.0315811923354854e-05,4.745387416349445e-11,4.745387416349445e-11,3.962169481397382e-11,,0.0,0.0031261328403482946,7.585973278963461e-14,,,,,0.0,,7.374542113937972e-14,0.0,1.0,1.4238426238064856e-13,1.4238426238064856e-13,1.0,0.30156916120424176,0.086044508420659,1554,1.7046267574547571,0.7880236420578338,698,605.2834046956847,0.6827655111657838,1126.0,963.3143872113676,0.5463093803208374,1225,0.5943810304597339,0.7715092316736338,0.3524805091760961,5,920.0,,,,,,,,,,,,,6.540182124330223e-20,0.9999999999715831,3.6085758490010476e-28,0.9897037194689075,0.22697685551557448,0.0013217845014270718,0.08640238127452321,0.9999999999999999,0.000538045193684885,0.9999999999999541,9.960751159770423e-05,3.8434858594393884e-14,3.8434858594393884e-14,3.20911916831812e-14,,0.0,0.0,0.004567040150618464,7.054128794466933e-19,,,,,0.13043478260869565,,2.3332883504384434e-21,0.7209302325581395,1.0,4.770970844811595e-19,4.770970844811595e-19,1.0,0.42658033862811345,0.13286867808967343,1381,1.8427477222685849,0.8944868904178785,354,726.1986642785843,0.6606548297763625,867.5,563.5435158501441,0.6276404990003308,877,1104.4,1082.5,563.6960149978129,300,0.520820561188399,0.7876173146100969,0.3991404127850916,6,659.25
db35,1.0,zero,1.8367126002053684e-26,316.8313804150663,5894082.0881037675,0.6094890510948905,194.05418891052778,206,raw,9.14241713618025e-14,-1.9987278498945485e-10,6.405511907647411,69872.65959827375,0.8440192567710222,5.618943883690066e-06,1.0,327.00000000000006,,,,[],[],13,661.1538461538462,87.00000000000006,940.0000000000002,"[8, 32, 51, 63, 81, 100, 111, 133, 152, 162, 175, 192, 204]","[877.9999999999998, 638.0, 787.0000000000002, 792.0000000000005, 940.0000000000002, 787.9999999999998, 636.9999999999998, 675.0, 770.9999999999998, 195.99999999999994, 833.9999999999999, 571.9999999999998, 87.00000000000006]","[0, 13, 42, 42, 76, 99, 107, 107, 107, 161, 99, 187, 203]","[76, 42, 61, 76, 205, 164, 119, 142, 164, 164, 205, 205, 205]",37754613.0,941.0000000000001,-941.0000000000001,0.0,,,,DWT,mdp.39015067403892,0.0,,0.0,33.0,19.0,0.0,28.5,,1.1368683772161603e-13,256.3413461538462,4359.0,256.3413461538461,,0.0,256.3413461538462,,,84.00000000000006,0.0,24.0,2.2737367544323206e-13,1.1368683772161603e-13,,5.684341886080802e-14,9.716818214201323e-14,1.2200917082331391e-26,0.9552568125705168,0.8165677828928689,0.00017794703060823586,0.39259645464025006,0.000982328462723241,0.9999999997236168,0.47422802461166635,6.6959667625959335e-09,6.6959667625959335e-09,6.081912306383589e-09,,2.859275438170267e-12,0.9999999933040264,2.7225927463116073e-13,,,,,,0.0,1.0,0.5,1.4238426238064856e-13,1.4238426238064856e-13,0.7922684098792895,0.2590182137497716,459,1.538958465634714,0.7391669627343092,535,0,0.24785233644941285,0.29613842720007166,463,0.0,0.39569766566508513,0.718724147538772,556,49.56056900399752,0.9480497180251598,503.25,499.6130196845487,0.7102669973773598,317,db,0.540986235965534,0.9305070477545101,0.3421575204977732,3,238.5,9.716818214201322e-14,0.0001547883299646835,1.2200917082331391e-26,0.9552568125705168,0.816567782892869,0.0012112425775835508,0.5434882827506723,0.003345705134780258,0.9999999997236166,0.9919828214562026,0.9855281704452468,0.9855281704452468,0.9855281704451335,,6.125805465799743e-13,0.9999999999667601,1.5171946557926922e-13,,,,,1.0,,0.0,1.0,0.5,1.4238426238064856e-13,1.4238426238064856e-13,0.0,2.2345701998213676,0.63757346277481,460,1.6008236318201825,0.7400369982005697,1288,585.4844148224613,0.6931423402398001,874.0,677.8947368421052,0.6175355307069021,793,0.49117026184683504,0.8233619396015222,0.4091722348267588,4,595.75,,,,,,,,,,,,,6.524239076607642e-19,0.03641360043841643,1.2200917082331391e-26,0.9675450736418062,0.2524303491667186,0.0015446675693035188,0.41115896528328494,1.0,0.003345705134780258,0.9999999999999541,0.0008499884728391229,0.0007982210227401261,0.0007982210227401261,0.0007982210227337863,,0.0,4.786380409530668e-19,0.020163910573049823,1.4108257588933865e-18,,,,,0.4782608695652174,,0.0,1.0,0.8604651162790697,4.770970844811595e-19,4.770970844811595e-19,0.9302325581395349,0.5744527218307418,0.17892707859001003,371,1.6842405008518275,0.8175460102960426,1384,716.2991693419726,0.6652807619897324,877.5,585.1441595441595,0.6276170165088849,878,1009.0473684210526,935.5,610.6543869996938,760,0.4758535102197843,0.8532293215616218,0.41093374637766444,5,659.75
db29,1.0,symmetric,1.711391610236415e-26,317.13829848240016,7269533.004272969,0.5877862595419847,268.0633173124758,206,raw,9.26896100325888e-14,-2.0468549077890251e-10,6.702788156277096,59025.847423221625,0.784688967943288,5.618943883690066e-06,1.0,327.0,,,,[],[],13,661.153846153846,87.0,939.9999999999998,"[8, 32, 51, 63, 81, 100, 111, 133, 152, 162, 175, 192, 204]","[878.0, 638.0000000000001, 786.9999999999998, 791.9999999999998, 939.9999999999998, 788.0, 637.0000000000001, 674.9999999999995, 770.9999999999999, 195.9999999999999, 834.0, 571.9999999999999, 87.0]","[0, 13, 39, 39, 76, 99, 107, 107, 107, 161, 99, 187, 203]","[76, 39, 61, 76, 205, 164, 119, 142, 164, 164, 205, 205, 205]",37754613.0,940.9999999999998,-940.9999999999998,0.0,,,,DWT,mdp.39015067403892,0.0,,0.0,33.0,19.0,0.0,28.5,,2.2737367544323206e-13,256.34134615384596,4359.000000000002,256.3413461538461,,0.0,256.34134615384596,,,84.0,0.0,19.5,2.2737367544323206e-13,2.2737367544323206e-13,,0.0,9.876708585647227e-14,1.1314062774670078e-26,0.956389409721827,0.919261814034568,0.0017258554856237351,0.22982551799345668,0.00010413804133863481,0.9999999997235443,0.4742280246116003,6.695790689632508e-09,6.695790689632508e-09,6.081912306383589e-09,,0.0,0.9999999933041348,2.7225927463116073e-13,,,,,,0.0,1.0,0.0,2.847685247612971e-13,2.847685247612971e-13,0.7422684098778456,0.2426715936821662,893,1.5262993428965574,0.7330867432129948,569,0,0.20618566978250585,0.24635434483001933,893,0.0,0.3884133418750571,0.7054932900921287,619,173.83037709215267,0.8177878646832781,743.5,712.6796668679538,0.5192188799307376,802,db,0.540986235965534,0.9305070477545101,0.3421575204977732,3,602.25,9.876708585647226e-14,0.0001547883299646835,1.1314062774670078e-26,0.956389409721827,0.9192618140345681,0.0027575513010178725,0.4211530735235034,0.0024695922489735064,0.9999999997235441,0.9919828214562016,0.9855281704452442,0.9855281704452442,0.9855281704451335,,0.0,0.9999999999667607,1.5171946557926922e-13,,,,,1.0,,0.0,1.0,0.25,2.847685247612971e-13,2.847685247612971e-13,0.0,2.209570199821117,0.6304403968407863,893,1.6043388311983169,0.7416620226843182,1275,270.1147904132612,0.8584304033473473,1084.0,1050.3459409594097,0.6451481157197952,673,0.49117026184683504,0.8233619396015222,0.4091722348267588,4,505.75,,,,,,,,,,,,,6.631595516376792e-19,0.03641360043841643,1.1314062774670078e-26,0.9683666145120717,0.28417675244336854,0.001906259611667073,0.3186101107081958,1.0,0.0024695922489735064,0.9999999999999541,0.0008499884728391221,0.000798221022740124,0.000798221022740124,0.0007982210227337863,,0.0,0.0,0.02016391057304983,1.4108257588933865e-18,,,,,0.4782608695652174,,0.0,1.0,0.7906976744186046,9.54194168962319e-19,9.54194168962319e-19,0.9302325581395349,0.5674759776446953,0.17675400427451057,779,1.6634174360491354,0.8074383008905468,1456,478.7112908632927,0.7763031351106109,1117.5,1014.9655480984339,0.627053436714184,879,1009.0473684210526,935.5,610.6543869996938,760,0.4758535102197843,0.8532293215616218,0.41093374637766444,5,660.5
sym15,1.0,antireflect,8.704537476321416e-21,260.074335474285,6586047.744998263,0.6495726495726496,317.06348876837745,206,raw,7.251330496147089e-11,1.2802470190351572e-10,6.496958752199038,114545.48672735675,0.8686167779975281,5.6189438836943304e-06,1.0,327.00000000012494,,,,[],[],13,661.153846153609,86.9999999999178,939.9999999996595,"[8, 32, 51, 63, 81, 100, 111, 133, 152, 162, 175, 192, 204]","[877.9999999998413, 637.9999999996863, 786.9999999996762, 791.9999999997086, 939.9999999996595, 787.9999999997303, 636.9999999997463, 674.999999999865, 770.9999999997378, 195.99999999985334, 833.9999999996642, 571.9999999998295, 86.9999999999178]","[0, 13, 39, 39, 76, 99, 107, 107, 107, 161, 99, 187, 203]","[76, 39, 61, 76, 205, 164, 119, 142, 164, 164, 205, 205, 205]",37754612.99999201,940.9999999997933,-940.9999999997933,0.0,,,,DWT,mdp.39015067403892,7.987022399902344e-06,,0.0,33.0,19.0,0.0,28.5,,2.0668267097789794e-10,256.34134615360904,4359.000000003083,256.3413461536302,,0.0,256.34134615360904,,,83.9999999999178,0.0,19.5,3.4049207897624e-10,2.0668267097789794e-10,,1.2494183465605602e-10,9.160347099764205e-11,6.159906301675954e-21,0.7458104675732204,0.8481580802862314,0.0009566731038515373,0.6932234432234434,0.004599174430717754,0.9999999997285588,0.47422802451611606,6.512322661742975e-09,6.512322661742975e-09,5.9147310275082716e-09,,6.284687413098247e-09,0.9999999934876841,4.0770826376016323e-10,,,,,,7.905509146141506e-11,1.0,0.0,2.5885458900801907e-10,2.5885458900801907e-10,0.7422684132697569,0.2426715947910919,655,1.551172704219543,0.7450335028901779,507,0,0.2061856703526947,0.2463543455112912,655,0.0,0.41159347980470334,0.7475964570272026,381,132.235900319593,0.8613879451576594,549.5,522.8420804691035,0.6426960690148884,427,sym,0.8243425715244881,0.7368036147090654,0.2019191155201387,6,321.75,9.160347099764206e-11,0.00015478832999432646,6.1599063016759535e-21,0.7458104675732203,0.8481580802862314,0.0019891638534317497,0.7694331983805669,0.006953994728217324,0.9999999997285587,0.9919828214547457,0.9855281704425891,0.9855281704425891,0.985528170442714,,1.3464520413827834e-09,0.9999999999676719,2.2719989970495566e-10,,,,,1.0,,7.905509146141506e-11,1.0,0.25,2.5885458900801907e-10,2.5885458900801907e-10,0.0,2.209570200748523,0.6304403971053963,649,1.5831612162751802,0.7318719257209533,1365,506.288455329568,0.7346496565358658,1007.0,879.7269116186694,0.603435939379044,860,0.7763846615972358,0.5622554397616224,0.28785410495344815,6,646.5,,,,,,,,,,,,,6.1506033339416005e-16,0.036413600438444965,6.1599063016759535e-21,0.8156210357400964,0.26219604157872645,0.0017265782955828558,0.5820904842688094,1.0,0.006953994728217323,0.999999999999955,0.0008499884728380208,0.0007982210227379735,0.0007982210227379735,0.0007982210227318267,,0.0,1.052046414014841e-15,0.020163910573064086,2.1127115739428464e-15,,,,,0.4782608695652174,,2.5012851116700115e-18,1.0,0.7906976744186046,8.673624995867479e-16,8.673624995867479e-16,0.9302325581395349,0.567475977644702,0.17675400427451268,673,1.667875803111539,0.8096024337459555,1438,540.9366876077089,0.7472258469122856,1055.5,916.886783514922,0.6270007739234325,880,1409.1368421052632,1454.5,398.32527672708756,380,0.6645304607900322,0.5565550872278735,0.3678621512786154,7,661.75
coif13,1.0,periodization,4.2602137218343706e-26,313.17747859985343,5972402.052721929,0.616504854368932,286.35532711078525,206,raw,1.4785235791447161e-13,-2.2471791094602922e-10,6.321512293833817,63117.308605900645,0.7647177927564395,5.618943883690062e-06,1.0,327.0000000000001,,,,[],[],13,661.1538461538462,86.99999999999986,939.9999999999999,"[8, 32, 51, 63, 81, 100, 111, 133, 152, 162, 175, 192, 204]","[877.9999999999999, 638.0000000000006, 787.0000000000001, 792.0, 939.9999999999999, 787.9999999999999, 637.0000000000001, 675.0000000000005, 771.0000000000003, 195.99999999999983, 834.0000000000005, 571.9999999999997, 86.99999999999986]","[0, 13, 39, 39, 76, 99, 107, 107, 107, 161, 164, 187, 203]","[76, 39, 61, 76, 205, 164, 119, 142, 164, 164, 205, 205, 205]",37754613.00000001,940.9999999999999,-940.9999999999999,0.0,,,,DWT,mdp.39015067403892,7.450580596923828e-09,,0.0,33.0,19.0,0.0,28.5,,1.1368683772161603e-13,256.3413461538462,4359.0,256.34134615384625,,0.0,256.3413461538462,,,83.99999999999986,0.0,24.0,1.1368683772161603e-13,1.1368683772161603e-13,,1.1368683772161603e-13,1.684661748161177e-13,2.9351215766304167e-26,0.9417730876695145,0.787550130131751,0.0002660869518542901,0.4452149791955613,0.00043539500072065546,0.9999999997232423,0.4742280246114352,6.6959667625959335e-09,6.6959667625959335e-09,6.082044361106239e-09,,5.718550876340534e-12,0.9999999933040264,1.3612963731558036e-13,,,,,,7.374542113937972e-14,1.0,0.5,1.4238426238064856e-13,1.4238426238064856e-13,0.7922684098806582,0.259018213750219,394,1.5372321107113716,0.7383377886183188,540,0,0.24785233644963767,0.2961384272003403,403,0.0,0.3969049598341015,0.7209170123134387,538,81.20498753155498,0.9148794679962736,468.75,458.1876005130383,0.711763633369206,315,coif,0.5507900112560971,0.8749445204262634,0.351963635992853,2,236.75,1.6846617481611774e-13,0.0001547883299646835,2.9351215766304167e-26,0.9417730876695145,0.7875501301317511,0.0012992914080321338,0.5830352580480325,0.002800065553578875,0.9999999997232422,0.9919828214561991,0.9855281704452468,0.9855281704452468,0.9855281704451354,,1.2251610931599486e-12,0.9999999999667601,7.585973278963461e-14,,,,,1.0,,7.374542113937972e-14,1.0,0.5,1.4238426238064856e-13,1.4238426238064856e-13,0.0,2.2345701998216727,0.637573462774897,382,1.5938691292005815,0.7368220348902544,1317,661.1448404094219,0.6534880291355232,849.5,592.2236609770454,0.6041287105845331,850,0.4784248188775415,0.776734912893196,0.43208215291776214,2,638.0,,,,,,,,,,,,,1.131145583454009e-18,0.03641360043841641,2.9351215766304167e-26,0.9577645165595494,0.24345995335641932,0.001565257090624277,0.4410769855229332,1.0,0.002800065553578875,0.9999999999999541,0.0008499884728391203,0.0007982210227401261,0.0007982210227401261,0.0007982210227337879,,0.0,9.572760819061336e-19,0.020163910573049823,7.054128794466933e-19,,,,,0.4782608695652174,,2.3332883504384434e-21,1.0,0.8604651162790697,4.770970844811595e-19,4.770970844811595e-19,0.9302325581395349,0.5744527218307418,0.17892707859001003,291,1.6856462157213628,0.8182283573733282,1373,765.0895372438445,0.6424815246524092,832.0,480.21995192307696,0.6268482389617186,881,986.6382352941176,846.0,585.0035688138154,340,0.4652856568234462,0.8173890317607586,0.42908333069536003,4,661.75
db14,1.0,periodization,1.6072098605124274e-26,317.41106658633856,5951437.043203172,0.6116504854368932,284.4604509808057,206,raw,8.687530049724829e-14,-2.1340296196825927e-10,6.343780960115774,63117.30860590066,0.7633674985749426,5.618943883690064e-06,0.9999999999999999,327.0000000000001,,,,[],[],13,661.1538461538462,86.99999999999997,939.9999999999999,"[8, 32, 51, 63, 81, 100, 111, 133, 152, 162, 175, 192, 204]","[878.0000000000002, 638.0000000000001, 786.9999999999998, 791.9999999999998, 939.9999999999999, 787.9999999999999, 636.9999999999999, 674.9999999999998, 770.9999999999999, 195.99999999999994, 834.0, 572.0000000000001, 86.99999999999997]","[0, 13, 42, 42, 76, 99, 107, 107, 107, 161, 99, 187, 203]","[76, 42, 61, 76, 205, 164, 119, 142, 164, 164, 205, 205, 205]",37754613.0,940.9999999999999,-940.9999999999999,0.0,,,,DWT,mdp.39015067403892,0.0,,0.0,33.0,19.0,0.0,28.5,,1.1368683772161603e-13,256.3413461538462,4359.0,256.34134615384613,,0.0,256.3413461538462,,,83.99999999999997,0.0,24.0,1.1368683772161603e-13,1.1368683772161603e-13,,1.1368683772161603e-13,9.142060488691726e-14,1.0576803728557364e-26,0.9573959857770348,0.7952428372322504,0.00024249329604871168,0.40880721220527005,0.00043539500072065665,0.9999999997234128,0.47422802461156727,6.6959667625959335e-09,6.6959667625959335e-09,6.0819563246244724e-09,,5.718550876340534e-12,0.9999999933040264,1.3612963731558036e-13,,,,,,0.0,1.0,0.5,1.4238426238064856e-13,1.4238426238064856e-13,0.7922684098806345,0.2590182137502113,412,1.5358772995021592,0.7376870682064597,545,0,0.24785233644963522,0.29613842720033734,410,0.0,0.3952654904043536,0.7179391674319662,561,82.24759368313863,0.9137865894306723,482.0,471.4978136036299,0.7042727496419608,331,db,0.540986235965534,0.9305070477545101,0.3421575204977732,3,249.0,9.142060488691725e-14,0.0001547883299646835,1.0576803728557364e-26,0.9573959857770348,0.7952428372322505,0.001275722135785018,0.5556719468574347,0.0028000655535788763,0.9999999997234127,0.9919828214562011,0.9855281704452468,0.9855281704452468,0.9855281704451341,,1.2251610931599486e-12,0.9999999999667601,7.585973278963461e-14,,,,,1.0,,0.0,1.0,0.5,1.4238426238064856e-13,1.4238426238064856e-13,0.0,2.2345701998216363,0.6375734627748867,405,1.5961321125030261,0.7378681784733642,1306,637.1032098490793,0.6660884644396858,855.5,618.270017533606,0.6088566011925892,832,0.49117026184683504,0.8233619396015222,0.4091722348267588,4,625.0,,,,,,,,,,,,,6.138325011973671e-19,0.036413600438416426,1.0576803728557364e-26,0.9690967446977492,0.24583804465526637,0.0015597456030670388,0.42037613313489364,0.9999999999999999,0.0028000655535788763,0.9999999999999541,0.0008499884728391218,0.0007982210227401261,0.0007982210227401261,0.0007982210227337869,,0.0,9.572760819061336e-19,0.020163910573049823,7.054128794466933e-19,,,,,0.4782608695652174,,0.0,1.0,0.8604651162790697,4.770970844811595e-19,4.770970844811595e-19,0.9302325581395349,0.5744527218307418,0.17892707859001003,303,1.6853515015547118,0.8180853003746387,1377,759.432682994352,0.6451249144886205,840.0,496.7035714285714,0.6263007750013196,882,1009.0473684210526,935.5,610.6543869996938,760,0.4758535102197843,0.8532293215616218,0.41093374637766444,5,662.75
db5,1.0,periodization,3.8375183070978715e-27,321.40689413929226,4964415.7820056835,0.5242718446601942,92.33496008906285,206,smoothed,3.828657445046454e-14,-2.0626362839948392e-10,6.1913580952282965,31688.23739843529,0.9844768016402612,0.00014966566451320265,0.9999999999999997,362.4,,,,[],[],11,426.6,32.20000000000002,728.4000000000001,"[9, 31, 53, 64, 80, 102, 131, 148, 158, 175, 192]","[311.0000000000001, 417.80000000000007, 589.6, 432.2, 728.4000000000001, 371.0000000000001, 587.0000000000001, 32.20000000000002, 448.2, 368.0, 407.1999999999999]","[0, 0, 0, 60, 0, 94, 120, 144, 144, 165, 186]","[20, 40, 75, 75, 203, 120, 203, 149, 203, 186, 203]",30736475.84,728.4000000000001,-728.4000000000001,0.0,,,,DWT,mdp.39015067403892,3.725290298461914e-09,,0.0,33.0,11.0,0.0,33.0,,1.1368683772161603e-13,168.4000000000001,987.7999999999984,168.40000000000003,,0.0,168.4000000000001,,,28.00000000000003,0.0,15.0,1.1368683772161603e-13,1.1368683772161603e-13,,0.0,3.527332053359927e-14,6.442991120289245e-27,0.9859319238596288,0.0822500794466266,0.06340388026393795,0.07693226515562712,0.026847626163012846,,0.9999996647345563,4.4059791007223055e-09,4.4059791007223055e-09,3.6787269888316428e-09,,0.0,0.9999999955939887,7.585973278963461e-14,,,,,,7.946695712486874e-14,1.0,0.0,1.7477015598164352e-13,1.7477015598164352e-13,0.8999999009647144,0.3383296774379986,501,0.7058980906985259,0.35836177567169086,789,0,0.24999997273497793,0.35570077878531386,500,0.0,0.1764808249841241,0.31135993933737593,834,180.49376720540795,0.8108031790299707,656.0,618.9578232502241,0.561586075888151,707,db,0.573477938514061,0.8443824841957417,0.34525069778143475,3,531.0,3.002790656771538e-14,0.9999999999705131,1.918804583784431e-27,0.9721414940584975,0.7425883836537531,0.00016609359981691095,0.06313234542667362,0.0002614934985440934,0.9999999997235204,2.0315811923854454e-05,4.745454029730922e-11,4.745454029730922e-11,3.962169481397382e-11,,0.0,0.0031261328403480726,7.585973278963461e-14,,,,,0.0,,3.687271056968986e-14,1.0,0.0,1.4238426238064856e-13,1.4238426238064856e-13,1.0,0.3015691612042238,0.08604450842065386,1566,1.6800196705125416,0.7766481510960518,926,452.54833995939043,0.7628153354510532,1246.0,1163.8170144462279,0.5548877515829689,1148,0.49117026184683504,0.8233619396015222,0.4091722348267588,4,862.0,,,,,,,,,,,,,2.016187162290293e-19,0.9999999999715825,1.918804583784431e-27,0.9797925491963277,0.22956066709952375,0.0013002677623843205,0.04776079015018275,0.9999999999999997,0.0002614934985440934,0.9999999999999541,9.960751159770467e-05,3.8435400695480126e-14,3.8435400695480126e-14,3.20911916831812e-14,,0.0,0.0,0.00456704015061846,7.054128794466933e-19,,,,,0.13043478260869565,,1.1666441752192217e-21,1.0,0.7209302325581395,4.770970844811595e-19,4.770970844811595e-19,1.0,0.42658033862811345,0.13286867808967343,1441,1.8225149103996976,0.8846656952785186,675,541.6437943888955,0.7468954231827591,1058.0,919.3525519848772,0.6262514499091366,883,1009.0473684210526,935.5,610.6543869996938,760,0.4758535102197843,0.8532293215616218,0.41093374637766444,5,663.5
db2,1.0,periodization,3.1425174245476248e-27,322.2746217981652,4956290.072035396,0.529126213592233,104.03438327194301,206,smoothed,3.8561922308256994e-14,-2.104772134359227e-10,6.201508667425005,31688.237398435296,0.9795382140517952,0.00014966566451320268,1.0,362.4000000000001,,,,[],[],11,426.6,32.20000000000002,728.4,"[9, 31, 53, 64, 80, 102, 131, 148, 158, 175, 192]","[311.00000000000006, 417.80000000000007, 589.6000000000001, 432.19999999999993, 728.4, 371.00000000000017, 587.0, 32.20000000000002, 448.1999999999999, 368.0, 407.2]","[0, 0, 0, 60, 0, 94, 120, 144, 144, 165, 186]","[20, 40, 75, 75, 203, 120, 203, 149, 203, 186, 203]",30736475.840000004,728.4,-728.4,0.0,,,,DWT,mdp.39015067403892,7.450580596923828e-09,,0.0,33.0,11.0,0.0,33.0,,0.0,168.4000000000001,987.7999999999984,168.40000000000006,,0.0,168.4000000000001,,,28.00000000000003,0.0,15.0,0.0,0.0,,1.1368683772161603e-13,3.587822120854182e-14,4.409001778594528e-27,0.9892287795117748,0.09689130601229659,0.05991669223303735,0.11027684467067218,0.026847626163012905,,0.9999996647345563,4.4059791007223055e-09,4.4059791007223055e-09,3.6787565615428943e-09,,1.2251610931599486e-12,0.9999999955939887,0.0,,,,,,1.5893391424973748e-13,1.0,0.0,0.0,0.0,0.8999999009652676,0.3383296774382065,460,0.7267910551632167,0.36896846230715563,724,0,0.24999997273505362,0.35570077878542156,461,0.0,0.18330874979869,0.3234062466699411,762,163.8380806365439,0.8282619699826583,601.75,568.4513587552639,0.5987483854106164,593,db,0.573477938514061,0.8443824841957417,0.34525069778143475,3,445.5,3.037581336300806e-14,0.9999999999705134,1.4269759390611516e-27,0.9753436055636616,0.7460948971477838,0.00015695851832221957,0.09049565661727149,0.0002614934985440938,0.9999999997234568,2.0315811923854454e-05,4.745454029730922e-11,4.745454029730922e-11,3.9622027880881205e-11,,1.2251610931599486e-12,0.0031261328403480726,0.0,,,,,0.0,,7.374542113937972e-14,1.0,0.0,0.0,0.0,1.0,0.30156916120475996,0.08604450842080685,1426,1.6946349510981218,0.7834045783235246,802,441.23463146040564,0.7687449520647769,1114.0,1026.617594254937,0.5924437548583843,905,0.49117026184683504,0.8233619396015222,0.4091722348267588,4,679.75,,,,,,,,,,,,,2.039546939728019e-19,0.9999999999715827,1.4269759390611516e-27,0.9821152333648309,0.23064465601532463,0.0012981315959611714,0.06846164253822229,1.0,0.0002614934985440938,0.9999999999999541,9.960751159770467e-05,3.8435400695480126e-14,3.8435400695480126e-14,3.2091408523615694e-14,,0.0,9.572760819061336e-19,0.00456704015061846,0.0,,,,,0.13043478260869565,,2.3332883504384434e-21,1.0,0.7209302325581395,0.0,0.0,1.0,0.42658033862811345,0.13286867808967343,1416,1.8327297882307045,0.8896240920230318,522,632.1534623807735,0.7046011858033769,969.0,762.798761609907,0.62589872374281,884,1009.0473684210526,935.5,610.6543869996938,760,0.4758535102197843,0.8532293215616218,0.41093374637766444,5,664.25
coif3,1.0,periodization,9.067820846801809e-27,317.6723694307514,4962519.947896292,0.5242718446601942,91.32610628886408,206,smoothed,6.88371925408166e-14,-2.085486894287673e-10,6.193723383022326,31688.237398435296,0.9833196867636559,0.00014966566451320268,0.9999999999999996,362.4,,,,[],[],11,426.6,32.20000000000002,728.3999999999999,"[9, 31, 53, 64, 80, 102, 131, 148, 158, 175, 192]","[311.00000000000034, 417.79999999999995, 589.5999999999999, 432.20000000000016, 728.3999999999999, 371.0, 587.0000000000001, 32.20000000000002, 448.20000000000016, 368.0, 407.20000000000005]","[0, 0, 0, 60, 0, 94, 120, 144, 144, 165, 186]","[20, 40, 75, 75, 203, 120, 203, 149, 203, 186, 203]",30736475.84,728.3999999999999,-728.3999999999999,0.0,,,,DWT,mdp.39015067403892,3.725290298461914e-09,,0.0,33.0,11.0,0.0,33.0,,1.1368683772161603e-13,168.4000000000001,987.7999999999984,168.4000000000001,,0.0,168.4000000000001,,,28.00000000000003,0.0,15.0,1.1368683772161603e-13,1.1368683772161603e-13,,0.0,1.0238874918057145e-13,2.1749992717985017e-26,0.9717429225439117,0.0856617801679547,0.0625902738173609,0.07693226515562712,0.026847626163012905,,0.9999996647345563,4.4059791007223055e-09,4.4059791007223055e-09,3.6787861342541454e-09,,0.0,0.9999999955939887,7.585973278963461e-14,,,,,,7.946695712486874e-14,1.0,0.0,1.7477015598164352e-13,1.7477015598164352e-13,0.8999999009647321,0.33832967743800524,494,0.6986837370464916,0.3546992801654228,806,0,0.24999997273498284,0.35570077878532086,499,0.0,0.17482498112113856,0.30843858261333684,845,190.62528688503002,0.8001831374370755,661.0,619.9218466749579,0.553655510018328,733,coif,0.5556920286951962,0.9053407607371553,0.33941335169221604,4,550.75,6.86291425433247e-14,0.9999999999705134,5.620112990985395e-27,0.9583602524289856,0.7434054719327489,0.0001639622661669248,0.06313234542667362,0.0002614934985440938,0.9999999997234859,2.0315811923854454e-05,4.745454029730922e-11,4.745454029730922e-11,3.962224992548613e-11,,0.0,0.0031261328403480726,7.585973278963461e-14,,,,,0.0,,3.687271056968986e-14,1.0,0.0,1.4238426238064856e-13,1.4238426238064856e-13,1.0,0.30156916120422395,0.0860445084206539,1565,1.6721584040075053,0.7730140043038615,970,420.72853480599576,0.7794923821771511,1267.5,1197.67258382643,0.5575921030382611,1117,0.4784248188775415,0.776734912893196,0.43208215291776214,2,838.25,,,,,,,,,,,,,4.608020071023201e-19,0.9999999999715827,5.620112990985395e-27,0.9697961853271868,0.2298132583526788,0.0012997693668984922,0.04776079015018275,0.9999999999999997,0.0002614934985440938,0.9999999999999541,9.960751159770467e-05,3.8435400695480126e-14,3.8435400695480126e-14,3.209173378426744e-14,,0.0,0.0,0.00456704015061846,7.054128794466933e-19,,,,,0.13043478260869565,,1.1666441752192217e-21,1.0,0.7209302325581395,4.770970844811595e-19,4.770970844811595e-19,1.0,0.42658033862811345,0.13286867808967343,1457,1.8166431385070478,0.8818154825673432,758,494.26764004939673,0.7690338130610296,1107.5,997.2063205417606,0.6257552242875242,885,986.6382352941176,846.0,585.0035688138154,340,0.4652856568234462,0.8173890317607586,0.42908333069536003,4,664.75
bior5.5,1.0,antireflect,6.903050928614785e-20,251.08138169361501,5858931.9827716155,0.6620370370370371,325.97695613137574,206,raw,2.0595039229091727e-10,-1.8753183453606243e-09,6.481403869553982,74319.59976933587,0.7517928823656899,5.618943883679051e-06,1.0,327.00000000002444,,,,[],[],13,661.1538461545085,87.00000000021475,940.0000000010599,"[8, 32, 51, 63, 81, 100, 111, 133, 152, 162, 175, 192, 204]","[878.0000000006203, 638.0000000005965, 787.0000000006744, 792.0000000010037, 940.0000000010599, 788.0000000008607, 637.000000000589, 675.0000000002702, 771.0000000008934, 196.00000000019367, 834.0000000009228, 572.0000000007108, 87.00000000021475]","[0, 13, 39, 39, 76, 99, 107, 107, 107, 161, 164, 187, 203]","[76, 39, 61, 76, 205, 164, 119, 142, 164, 164, 205, 205, 205]",37754613.00002371,941.000000000768,-941.000000000768,0.0,,,,DWT,mdp.39015067403892,2.370774745941162e-05,,0.0,33.0,19.0,0.0,28.5,,7.679545888095163e-10,256.3413461545085,4358.999999991389,256.3413461545084,,0.0,256.3413461545085,,,84.00000000021475,0.0,24.0,1.0599023880786262e-09,7.679545888095163e-10,,2.4442670110147446e-11,2.6020354581997743e-10,4.8850558503396966e-20,0.7126244322175005,0.8427846486376547,0.00013838971554979703,0.7867063492063496,0.0013423660663686096,0.9999999996983646,0.4742280248610743,7.208867305054865e-09,7.208867305054865e-09,6.59481284915747e-09,,1.2294884384132148e-09,0.9999999927910853,1.2691366086931558e-09,,,,,,2.3465793006550627e-10,1.0,0.5,9.618056923812812e-10,9.618056923812812e-10,0.7922684119089929,0.2590182144133474,237,1.5642556645735968,0.7513172930537356,474,0,0.24785233694346676,0.29613842779037614,237,0.0,0.4179495232252489,0.7591412354920256,300,112.00892821556681,0.8825902219962612,312.0,288.14589665653494,0.7777730984195144,185,bior,0.672619891330026,0.76736776154697,0.2989557476048908,5,140.0,2.602035458199775e-10,0.00015478832988824465,4.8850558503396966e-20,0.7126244322175004,0.8427846486376548,0.0011717261441973844,0.8396929824561408,0.0037048909972625206,0.9999999996983645,0.9919828214600057,0.9855281704526694,0.9855281704526694,0.985528170452556,,2.63409635029389e-10,0.9999999999642138,7.072402887977635e-10,,,,,1.0,,2.3465793006550627e-10,1.0,0.5,9.618056923812812e-10,9.618056923812812e-10,0.0,2.2345702008148534,0.637573463058274,239,1.586958432559161,0.7336273224332821,1354,788.4240610230005,0.5867798422311319,796.5,406.28499686126804,0.5846635060212263,952,0.5943810304597339,0.7715092316736338,0.3524805091760961,5,715.25,,,,,,,,,,,,,1.7471049721085073e-15,0.036413600438342755,4.8850558503396966e-20,0.7915492072569832,0.26053492139288187,0.0015354269644757247,0.6352433139403781,1.0,0.0037048909972625206,0.99999999999995,0.0008499884728419998,0.000798221022746138,0.000798221022746138,0.0007982210227397982,,0.0,2.0581435760981875e-16,0.02016391057300998,6.5765642750815214e-15,,,,,0.4782608695652174,,7.424523531095127e-18,1.0,0.8604651162790697,3.222790805670232e-15,3.222790805670232e-15,0.9302325581395349,0.5744527218307329,0.17892707859000725,576,1.6724680606394084,0.8118315582790984,1426,601.0407640085654,0.7191398299025396,1001.0,820.5554445554446,0.6256914102783726,886,1104.4,1082.5,563.6960149978129,300,0.520820561188399,0.7876173146100969,0.3991404127850916,6,666.0
bior1.3,1.0,periodization,4.951436808703584e-27,320.30008633383545,4988361.411018775,0.5388349514563107,150.34742853350326,206,smoothed,4.8844533297111865e-14,-2.12807305111085e-10,6.232115209356068,33394.874191517825,0.9506297879005936,0.00014966566451320274,0.9999999999999999,362.40000000000003,,,,[],[],11,426.6,32.200000000000045,728.4,"[9, 31, 53, 64, 80, 102, 131, 148, 158, 175, 192]","[311.0000000000002, 417.8000000000001, 589.6, 432.20000000000005, 728.4, 371.0000000000001, 586.9999999999999, 32.200000000000045, 448.2000000000001, 368.0, 407.2000000000001]","[1, 1, 1, 60, 1, 94, 120, 144, 144, 165, 186]","[20, 40, 75, 75, 204, 120, 204, 149, 204, 186, 204]",30736475.840000007,728.4,-728.4,0.0,,,,DWT,mdp.39015067403892,1.1175870895385742e-08,,0.0,15.0,11.0,0.0,33.0,,0.0,168.4000000000001,987.7999999999984,168.4000000000001,,0.0,168.4000000000001,,,28.000000000000057,0.0,33.0,0.0,0.0,,5.684341886080802e-14,5.8467677241348e-14,9.70298462054032e-27,0.9817267040168047,0.14103830640993945,0.07368026364362666,0.17696600370076232,0.041000480883549247,,0.9999996647593375,4.4059791007223055e-09,4.4059791007223055e-09,3.6787861342541454e-09,,6.125805465799743e-13,0.9999999955939887,0.0,,,,,,2.3840087137460624e-13,0.0,1.0,0.0,0.0,0.8999999009724444,0.3383296774409045,394,0.783581901270608,0.39779934982634885,567,0,0.24999997273707678,0.3557007787883001,395,0.0,0.20205882266496306,0.35648644986334377,576,102.25784403490358,0.892811484240143,483.0,466.7718985288155,0.6932610880320211,339,bior,0.8100315533562081,0.7923003667562746,0.1952878026237719,6,255.75,4.336807073902262e-14,0.9999999999705138,2.7070870748319382e-27,0.9680571226873438,0.7566679220184107,0.00019301374258303078,0.14522227899846715,0.0003993410487441902,0.9999999997234217,2.0315811924354055e-05,4.745454029730922e-11,4.745454029730922e-11,3.962224992548613e-11,,6.125805465799743e-13,0.0031261328403480726,0.0,,,,,0.0,,1.1061813170906958e-13,0.0,1.0,0.0,0.0,1.0,0.30156916120447236,0.0860445084207248,1472,1.7175133893923233,0.7939809406798867,571,637.1032098490793,0.6660884644396858,1021.5,822.8213411649535,0.56535555297456,1060,0.5943810304597339,0.7715092316736338,0.3524805091760961,5,796.25,,,,,,,,,,,,,2.9118962149470716e-19,0.9999999999715831,2.7070870748319382e-27,0.9768299088551758,0.2339131567029043,0.0013065628244608638,0.10986334731430125,0.9999999999999999,0.00039934104874419065,0.9999999999999541,9.960751159770499e-05,3.8435400695480126e-14,3.8435400695480126e-14,3.209173378426744e-14,,0.0,4.786380409530668e-19,0.00456704015061846,0.0,,,,,0.13043478260869565,,3.499932525657665e-21,0.7209302325581395,1.0,0.0,0.0,1.0,0.42658033862811345,0.13286867808967343,1377,1.8478128804134626,0.8969455653106678,288,770.0392847121502,0.6401685585457242,832.5,476.36756756756756,0.6255749334784696,887,1104.4,1082.5,563.6960149978129,300,0.520820561188399,0.7876173146100969,0.3991404127850916,6,666.75
db34,1.0,antisymmetric,1.5721343009914994e-26,315.2825023095957,6501328.688016716,0.5257352941176471,104.87532330241376,206,smoothed,8.642493409169425e-14,-2.0928374588891125e-10,6.633726918732074,131805.8876208956,0.9958530723689302,0.0001496656645132028,0.9999999999999999,362.40000000000015,,,,[],[],11,426.60000000000014,32.20000000000002,728.4000000000001,"[9, 31, 53, 64, 80, 102, 131, 148, 158, 175, 192]","[311.0, 417.8000000000002, 589.6000000000006, 432.1999999999998, 728.4000000000001, 370.99999999999994, 586.9999999999998, 32.20000000000002, 448.2000000000001, 368.0000000000001, 407.20000000000005]","[1, 1, 1, 60, 1, 94, 120, 144, 144, 165, 186]","[20, 40, 75, 75, 204, 120, 204, 149, 204, 186, 204]",30736475.840000004,728.4000000000001,-728.4000000000001,0.0,,,,DWT,mdp.39015067403892,7.450580596923828e-09,,0.0,15.0,11.0,0.0,33.0,,1.1368683772161603e-13,168.4000000000002,987.7999999999975,168.40000000000006,,0.0,168.4000000000002,,,28.00000000000003,0.0,33.0,1.1368683772161603e-13,1.1368683772161603e-13,,1.7053025658242404e-13,1.4102655381117867e-13,4.122218837166948e-26,0.9626628305983649,0.7203246672622916,0.7229775433623751,0.0869846751564865,0.8571066269669604,,0.9999996647345563,4.406097391567225e-09,4.406097391567225e-09,3.6787565615428943e-09,,1.837741639739923e-12,0.9999999955939026,7.585973278963461e-14,,,,,,1.5893391424973748e-13,0.0,1.0,1.7477015598164352e-13,1.7477015598164352e-13,0.8999999009657098,0.3383296774383728,434,1.6768853245207733,0.8513007903143756,23,0,0.24999997273515268,0.3557007787855625,433,0.0,0.47857947762094566,0.8443437247846922,22,237.29166300848695,0.7512666006200346,228.0,42.75951862534277,0.7561364449641054,214,db,0.573477938514061,0.8443824841957417,0.34525069778143475,3,161.25,9.08515591201552e-14,0.999999999970514,1.0328585843728398e-26,0.9495411017124968,0.8954046208957799,0.001893921038648834,0.07138157894736874,0.00834814255644291,0.9999999997234749,2.0315811923854454e-05,4.745570603148508e-11,4.745570603148508e-11,3.9622027880881205e-11,,1.837741639739923e-12,0.003126132840347795,7.585973278963461e-14,,,,,0.0,,7.374542113937972e-14,0.0,1.0,1.4238426238064856e-13,1.4238426238064856e-13,1.0,0.30156916120516175,0.08604450842092148,1335,1.7502658204768085,0.8091219033079646,241,773.574818618083,0.5945624640366441,788.0,408.2931472081218,0.5907822802363514,913,0.49117026184683504,0.8233619396015222,0.4091722348267588,4,685.75,,,,,,,,,,,,,6.100117128013662e-19,0.9999999999715835,1.0328585843728398e-26,0.9633991246015389,0.27680163953746023,0.0017043065180290698,0.054001488296577194,0.9999999999999999,0.00834814255644291,0.9999999999999541,9.960751159770467e-05,3.843648489765261e-14,3.843648489765261e-14,3.2091408523615694e-14,,0.0,1.4359141228592004e-18,0.004567040150618456,7.054128794466933e-19,,,,,0.13043478260869565,,2.3332883504384434e-21,0.7209302325581395,1.0,4.770970844811595e-19,4.770970844811595e-19,1.0,0.42658033862811345,0.13286867808967343,1389,1.8422323001213325,0.8942366997118059,357,729.734198184517,0.6590027111287304,873.0,568.0103092783505,0.6255293929475427,888,1009.0473684210526,935.5,610.6543869996938,760,0.4758535102197843,0.8532293215616218,0.41093374637766444,5,667.25
bior2.2,1.0,antireflect,1.6360200310992295e-27,325.1095125746388,5047175.332623046,0.5238095238095238,82.97741806625494,206,smoothed,2.2242344620779135e-14,-2.0569708159001768e-10,6.178174025815815,35866.00498378684,0.9860154999805799,0.00014966566451320274,0.9999999999999999,362.4,,,,[],[],11,426.59999999999997,32.19999999999999,728.3999999999999,"[9, 31, 53, 64, 80, 102, 131, 148, 158, 175, 192]","[311.0, 417.8, 589.6000000000001, 432.20000000000005, 728.3999999999999, 370.99999999999994, 587.0, 32.19999999999999, 448.2, 368.0000000000001, 407.20000000000005]","[1, 1, 1, 60, 1, 94, 120, 144, 144, 165, 186]","[20, 40, 75, 75, 204, 120, 204, 149, 204, 186, 204]",30736475.840000004,728.3999999999999,-728.3999999999999,0.0,,,,DWT,mdp.39015067403892,7.450580596923828e-09,,0.0,15.0,11.0,0.0,33.0,,1.1368683772161603e-13,168.40000000000003,987.7999999999993,168.40000000000003,,0.0,168.40000000000003,,,28.0,0.0,33.0,1.1368683772161603e-13,1.1368683772161603e-13,,0.0,2.6394951103977623e-17,8.702970804759831e-32,0.999999700069699,0.06323332417560186,0.09892054470444228,0.07375659091609926,0.061493157028927554,,0.999999664709775,4.4059199552998455e-09,4.4059199552998455e-09,3.6787269888316428e-09,,0.0,0.9999999955940747,7.585973278963461e-14,,,,,,1.5893391424973748e-13,0.0,1.0,1.7477015598164352e-13,1.7477015598164352e-13,0.8999999009573273,0.33832967743522163,561,0.7351766536598522,0.3732255611815136,699,0,0.24999997273291674,0.3557007787823812,564,0.0,0.18534333098496716,0.3269957985365148,734,90.06109037758759,0.9055963413232835,639.5,630.0607836408262,0.6176304557769456,519,bior,0.8100315533562081,0.7923003667562746,0.1952878026237719,6,390.75,9.755743828782723e-15,0.9999999999705138,3.6087862911232485e-28,0.9858049943166959,0.7380339490460077,0.0002591334993602176,0.06052631578947404,0.0005989378975400283,0.9999999997235288,2.0315811923354854e-05,4.745387416349445e-11,4.745387416349445e-11,3.962169481397382e-11,,0.0,0.0031261328403482946,7.585973278963461e-14,,,,,0.0,,7.374542113937972e-14,0.0,1.0,1.4238426238064856e-13,1.4238426238064856e-13,1.0,0.30156916120424176,0.086044508420659,1555,1.6850796392180758,0.7789872995052832,890,470.2260094890541,0.75355030949211,1222.5,1132.0654396728014,0.5564135195259292,1135,0.5943810304597339,0.7715092316736338,0.3524805091760961,5,852.5,,,,,,,,,,,,,6.550375205753486e-20,0.9999999999715831,3.6087862911232485e-28,0.9897035081635198,0.2281527282334848,0.0013220244056647418,0.04578928039894109,0.9999999999999999,0.0005989378975400283,0.9999999999999541,9.960751159770423e-05,3.8434858594393884e-14,3.8434858594393884e-14,3.20911916831812e-14,,0.0,0.0,0.004567040150618464,7.054128794466933e-19,,,,,0.13043478260869565,,2.3332883504384434e-21,0.7209302325581395,1.0,4.770970844811595e-19,4.770970844811595e-19,1.0,0.42658033862811345,0.13286867808967343,1433,1.8271147685277356,0.8868985092137037,611,581.2417741353421,0.7283916943292794,1022.0,856.7152641878669,0.6254108004356678,889,1104.4,1082.5,563.6960149978129,300,0.520820561188399,0.7876173146100969,0.3991404127850916,6,668.25
sym15,1.0,periodic,8.747338062142192e-21,260.0530333563887,6662449.623099799,0.6495726495726496,322.61310451880587,206,raw,7.307900131854252e-11,-1.7078094498883125e-10,6.517862153828201,62224.191505035385,0.7479207018547376,5.618943883694319e-06,1.0,327.00000000012494,,,,[],[],13,661.1538461536064,86.99999999996328,939.9999999996595,"[8, 32, 51, 63, 81, 100, 111, 133, 152, 162, 175, 192, 204]","[877.9999999997634, 637.9999999996862, 786.9999999996762, 791.9999999997086, 939.9999999996595, 787.9999999997303, 636.9999999997463, 674.999999999865, 770.9999999997378, 195.99999999985334, 833.9999999996642, 571.9999999998294, 86.99999999996328]","[0, 13, 39, 39, 76, 99, 107, 107, 107, 161, 99, 187, 203]","[76, 39, 61, 76, 205, 164, 119, 142, 164, 164, 205, 205, 205]",37754612.99999212,940.9999999997933,-940.9999999997933,0.0,,,,DWT,mdp.39015067403892,7.88271427154541e-06,,0.0,33.0,19.0,0.0,28.5,,2.0668267097789794e-10,256.3413461536064,4359.000000003116,256.3413461536276,,0.0,256.3413461536064,,,83.99999999996328,0.0,19.5,3.4049207897624e-10,2.0668267097789794e-10,,1.2494183465605602e-10,9.231823815898994e-11,6.1901948302895455e-21,0.7457318579356196,0.8553791569372178,0.001042654444008559,0.6932234432234434,0.0003630855635794254,0.9999999997240553,0.47422802456894275,6.510297822663581e-09,6.510297822663581e-09,5.912750206668516e-09,,6.284687413098247e-09,0.9999999934896344,4.0770826376016323e-10,,,,,,7.802265556546374e-11,1.0,0.0,2.5885458900801907e-10,2.5885458900801907e-10,0.7422684132842549,0.24267159479583178,651,1.5530846318841116,0.7459518082222221,499,0,0.20618567035667085,0.246354345516042,651,0.0,0.4119675247400303,0.7482758523095382,378,132.25827006278283,0.8613644967895359,544.75,518.0201545923678,0.6451738626505331,424,sym,0.8243425715244881,0.7368036147090654,0.2019191155201387,6,319.5,9.231823815898996e-11,0.00015478832999421543,6.1901948302895455e-21,0.7457318579356196,0.8553791569372179,0.0020750563336405002,0.7694331983805669,0.002727927178914094,0.9999999997240551,0.9919828214555513,0.9855281704425598,0.9855281704425598,0.9855281704426854,,1.3464520413827834e-09,0.9999999999676815,2.2719989970495566e-10,,,,,1.0,,7.802265556546374e-11,1.0,0.25,2.5885458900801907e-10,2.5885458900801907e-10,0.0,2.209570200748227,0.630440397105312,653,1.585077108036909,0.7327576140379197,1359,499.21738751770255,0.7383556669194431,1006.0,882.1341948310139,0.6055509990781702,842,0.7763846615972358,0.5622554397616224,0.28785410495344815,6,633.0,,,,,,,,,,,,,6.198595503208761e-16,0.03641360043844489,6.1901948302895455e-21,0.815564015439444,0.26442833501297197,0.0017466635714864763,0.5820904842688094,1.0,0.002727927178914094,0.9999999999999543,0.0008499884728386301,0.0007982210227379499,0.0007982210227379499,0.0007982210227318035,,0.0,1.052046414014841e-15,0.02016391057306424,2.1127115739428464e-15,,,,,0.4782608695652174,,2.4686190747638733e-18,1.0,0.7906976744186046,8.673624995867479e-16,8.673624995867479e-16,0.9302325581395349,0.5674759776447024,0.17675400427451277,668,1.6672773532665004,0.8093119406228378,1443,548.0077554195743,0.7439216096170214,1055.5,913.2392231170062,0.6253486552758004,890,1409.1368421052632,1454.5,398.32527672708756,380,0.6645304607900322,0.5565550872278735,0.3678621512786154,7,669.25
coif11,1.0,periodization,3.8802428839709736e-26,311.3588096311885,4961510.1348584145,0.5242718446601942,92.1091595195745,206,smoothed,1.409364692725577e-13,-2.2292101498067105e-10,6.1949839876477695,31688.237398435296,0.9826744993817703,0.0001496656645132029,0.9999999999999996,362.4000000000001,,,,[],[],11,426.59999999999985,32.19999999999999,728.3999999999996,"[9, 31, 53, 64, 80, 102, 131, 148, 158, 175, 192]","[311.0, 417.79999999999984, 589.5999999999998, 432.19999999999993, 728.3999999999996, 370.99999999999994, 587.0000000000002, 32.19999999999999, 448.1999999999999, 367.9999999999999, 407.19999999999993]","[1, 1, 1, 60, 1, 94, 120, 144, 144, 165, 186]","[20, 40, 75, 75, 205, 120, 205, 149, 205, 186, 205]",30736475.84000001,728.3999999999996,-728.3999999999996,0.0,,,,DWT,mdp.39015067403892,1.4901161193847656e-08,,0.0,15.0,11.0,0.0,33.0,,3.410605131648481e-13,168.39999999999992,987.8000000000002,168.39999999999998,,0.0,168.39999999999992,,,28.0,0.0,33.0,3.410605131648481e-13,3.410605131648481e-13,,1.1368683772161603e-13,2.6078076104352064e-13,1.0877128615162701e-25,0.9477551020595592,0.08748008139996138,0.06215690763126622,0.07693226515562712,0.026847626163012905,,0.999999664709775,4.405801664454926e-09,4.405801664454926e-09,3.67866784340914e-09,,1.2251610931599486e-12,0.9999999955941608,2.275791983689038e-13,,,,,,3.1786782849947497e-13,0.0,1.0,5.243104679449306e-13,5.243104679449306e-13,0.8999999009581894,0.3383296774355457,520,0.6849835122788835,0.3477441163258905,830,0,0.24999997273308547,0.35570077878262124,521,0.0,0.17159599748709825,0.3027417815670667,865,189.33392018688394,0.8015367712925745,684.0,644.8127419022458,0.5422778196085514,768,coif,0.5556920286951962,0.9053407607371553,0.33941335169221604,4,577.0,1.597278295342636e-13,0.9999999999705149,2.666229051580691e-26,0.9350617874486465,0.743840947593046,0.0001628270146714682,0.06313234542667362,0.0002614934985440938,0.9999999997232693,2.0315811923354854e-05,4.74525418958649e-11,4.74525418958649e-11,3.962102868015904e-11,,1.2251610931599486e-12,0.003126132840348572,2.275791983689038e-13,,,,,0.0,,1.4749084227875944e-13,0.0,1.0,4.2715278714194565e-13,4.2715278714194565e-13,1.0,0.30156916120508015,0.08604450842089821,1340,1.6583964952236436,0.7666520781906524,1066,193.74725804511402,0.8984553154899821,1203.0,1187.3981712385703,0.633976085417947,732,0.4784248188775415,0.776734912893196,0.43208215291776214,2,549.5,,,,,,,,,,,,,1.0724730298505671e-18,0.9999999999715842,2.666229051580691e-26,0.9528964066427206,0.229947879476957,0.0012995038973317636,0.04776079015018275,0.9999999999999997,0.0002614934985440938,0.9999999999999541,9.960751159770423e-05,3.8433882812438647e-14,3.8433882812438647e-14,3.2090649582094954e-14,,0.0,9.572760819061336e-19,0.004567040150618468,2.11623863834008e-18,,,,,0.13043478260869565,,4.666576700876887e-21,0.7209302325581395,1.0,1.4312912534434783e-18,1.4312912534434783e-18,1.0,0.42658033862811345,0.13286867808967343,1467,1.8065704491237242,0.8769261054183418,806,467.39758236430794,0.7815899147830336,1136.5,1040.3889133304003,0.6252575742139468,891,986.6382352941176,846.0,585.0035688138154,340,0.4652856568234462,0.8173890317607586,0.42908333069536003,4,669.25
sym14,1.0,periodic,3.455939148081284e-21,264.0861316000518,6595670.091174403,0.646551724137931,310.5698201905657,206,raw,4.601255730259492e-11,-1.2766776526729595e-10,6.482962078542645,62058.190603268566,0.7547094334949797,5.618943883692745e-06,1.0,327.0000000000742,,,,[],[],13,661.1538461536942,86.9999999999767,939.9999999997809,"[8, 32, 51, 63, 81, 100, 111, 133, 152, 162, 175, 192, 204]","[877.9999999998456, 637.9999999998067, 786.9999999997985, 791.9999999998113, 939.9999999997809, 787.9999999998262, 636.9999999998422, 674.9999999999168, 770.9999999998319, 195.9999999999108, 833.9999999997879, 571.9999999998882, 86.9999999999767]","[0, 13, 39, 39, 76, 99, 107, 107, 107, 161, 99, 187, 203]","[76, 39, 61, 76, 205, 164, 119, 142, 164, 164, 205, 205, 205]",37754612.999994926,940.9999999998647,-940.9999999998647,0.0,,,,DWT,mdp.39015067403892,5.073845386505127e-06,,0.0,33.0,19.0,0.0,28.5,,1.3528733688872308e-10,256.3413461536942,4359.000000001975,256.3413461537078,,0.0,256.3413461536942,,,83.9999999999767,0.0,19.5,2.190745362895541e-10,1.3528733688872308e-10,,7.418066161335446e-11,5.811931657284498e-11,2.4456505830314686e-21,0.7606149035034712,0.8433229316762245,0.0009675019242972833,0.6705665024630543,0.0003496456330707986,0.999999999724705,0.4742280245845266,6.5782619865458836e-09,6.5782619865458836e-09,5.974815926314172e-09,,3.731354446812198e-09,0.9999999934216973,2.623218111071234e-10,,,,,,5.022063179591759e-11,1.0,0.0,1.694372722329718e-10,1.694372722329718e-10,0.7422684119153319,0.2426715943482865,669,1.5468806180481114,0.7429719993668696,518,0,0.20618567012669453,0.24635434524126215,661,0.0,0.4094776856228678,0.7437534412561813,411,123.76961124067033,0.870262462011876,564.75,542.6510446618805,0.6391406649682021,438,sym,0.8243425715244881,0.7368036147090654,0.2019191155201387,6,330.0,5.8119316572844974e-11,0.00015478832998333525,2.445650583031469e-21,0.760614903503471,0.8433229316762246,0.0019999814825140804,0.7524047186932851,0.0027145190432566924,0.9999999997247049,0.9919828214557888,0.9855281704435433,0.9855281704435433,0.9855281704435835,,7.994176132868665e-10,0.9999999999673442,1.461817050856259e-10,,,,,1.0,,5.0220631795917584e-11,1.0,0.25,1.694372722329718e-10,1.694372722329718e-10,0.0,2.209570200385295,0.6304403970017591,658,1.5811245301823813,0.7309303959781184,1374,506.288455329568,0.7346496565358658,1016.0,889.8543307086615,0.6010774488130063,870,0.7763846615972358,0.5622554397616224,0.28785410495344815,6,654.0,,,,,,,,,,,,,3.902350624776534e-16,0.036413600438434356,2.445650583031469e-21,0.8263595840084363,0.26070132396009477,0.0017291079124272359,0.5692081235799366,1.0,0.0027145190432566924,0.9999999999999544,0.0008499884728388099,0.0007982210227387464,0.0007982210227387464,0.000798221022732531,,0.0,6.246226434437523e-16,0.02016391057305896,1.3593306186937781e-15,,,,,0.4782608695652174,,1.58896936664858e-18,1.0,0.7906976744186046,5.677455305325797e-16,5.677455305325797e-16,0.9302325581395349,0.5674759776446997,0.17675400427451193,676,1.666724103522112,0.8090433880491448,1445,543.765114732455,0.7459041519941799,1060.5,921.0938236680811,0.6251717021653143,892,1409.1368421052632,1454.5,398.32527672708756,380,0.6645304607900322,0.5565550872278735,0.3678621512786154,7,670.75
sym15,1.0,symmetric,8.748304866539663e-21,260.0525533765251,6583919.137581596,0.6495726495726496,320.862372259364,206,raw,7.306465249436407e-11,-1.611595302127962e-10,6.510558156631751,61777.77759549279,0.7467691414746693,5.6189438836943186e-06,1.0,327.00000000012494,,,,[],[],13,661.1538461536069,86.99999999996078,939.9999999996595,"[8, 32, 51, 63, 81, 100, 111, 133, 152, 162, 175, 192, 204]","[877.9999999997731, 637.9999999996863, 786.9999999996762, 791.9999999997086, 939.9999999996595, 787.9999999997303, 636.9999999997463, 674.999999999865, 770.9999999997378, 195.99999999985334, 833.9999999996642, 571.9999999998294, 86.99999999996078]","[0, 13, 39, 39, 76, 99, 107, 107, 107, 161, 99, 187, 203]","[76, 39, 61, 76, 205, 164, 119, 142, 164, 164, 205, 205, 205]",37754612.99999212,940.9999999997933,-940.9999999997933,0.0,,,,DWT,mdp.39015067403892,7.88271427154541e-06,,0.0,33.0,19.0,0.0,28.5,,2.0668267097789794e-10,256.3413461536069,4359.0000000031105,256.3413461536282,,0.0,256.3413461536069,,,83.99999999996078,0.0,19.5,3.4049207897624e-10,2.0668267097789794e-10,,1.2494183465605602e-10,9.230010817070471e-11,6.190879005099188e-21,0.7457300867012608,0.8528559923083292,0.0009542776062158643,0.6932234432234434,0.0003269425555687538,0.9999999997242003,0.4742280245660373,6.510649968590432e-09,6.510649968590432e-09,5.9131903890773506e-09,,6.284687413098247e-09,0.9999999934893093,4.0770826376016323e-10,,,,,,7.802265556546374e-11,1.0,0.0,2.5885458900801907e-10,2.5885458900801907e-10,0.7422684132835641,0.24267159479560593,653,1.551763341207004,0.7453171878354503,506,0,0.206185670356497,0.24635434551583427,653,0.0,0.41163634277641475,0.7476743110442398,380,131.70421405558744,0.8619452682855477,548.0,521.4681482435174,0.6437608941008451,425,sym,0.8243425715244881,0.7368036147090654,0.2019191155201387,6,320.25,9.230010817070472e-11,0.00015478832999421543,6.190879005099188e-21,0.7457300867012608,0.8528559923083292,0.0019867708314936596,0.7694331983805669,0.002691869674437968,0.9999999997242002,0.9919828214555069,0.9855281704425649,0.9855281704425649,0.9855281704426917,,1.3464520413827834e-09,0.99999999996768,2.2719989970495566e-10,,,,,1.0,,7.802265556546374e-11,1.0,0.25,2.5885458900801907e-10,2.5885458900801907e-10,0.0,2.209570200748218,0.6304403971053093,654,1.5837558972290382,0.7321468378969309,1363,501.3387078612622,0.7372438638043699,1008.5,883.8889439762023,0.6043399612522897,848,0.7763846615972358,0.5622554397616224,0.28785410495344815,6,637.5,,,,,,,,,,,,,6.19737818725799e-16,0.03641360043844488,6.190879005099188e-21,0.8155627306565758,0.26364833445255426,0.001726018706364415,0.5820904842688094,1.0,0.002691869674437968,0.9999999999999543,0.0008499884728385966,0.000798221022737954,0.000798221022737954,0.0007982210227318087,,0.0,1.052046414014841e-15,0.02016391057306421,2.1127115739428464e-15,,,,,0.4782608695652174,,2.4686190747638733e-18,1.0,0.7906976744186046,8.673624995867479e-16,8.673624995867479e-16,0.9302325581395349,0.5674759776447023,0.17675400427451274,669,1.666861836682219,0.8091102450066124,1444,548.0077554195743,0.7439216096170214,1056.5,914.3738760056791,0.6251150104159873,893,1409.1368421052632,1454.5,398.32527672708756,380,0.6645304607900322,0.5565550872278735,0.3678621512786154,7,671.5
coif15,1.0,reflect,3.0763093838247695e-26,314.5914923661875,8140112.396853833,0.5986394557823129,291.68127315224837,206,raw,1.1768795215599326e-13,-2.1189794363607767e-10,6.894240479441081,58987.14293138054,0.7530117169506954,5.618943883690066e-06,1.0,327.0000000000001,,,,[],[],13,661.1538461538462,87.00000000000014,939.9999999999994,"[8, 32, 51, 63, 81, 100, 111, 133, 152, 162, 175, 192, 204]","[878.0, 637.9999999999998, 787.0000000000003, 792.0000000000011, 939.9999999999994, 787.9999999999995, 637.0000000000001, 675.0000000000002, 771.0, 196.00000000000017, 834.0000000000001, 572.0000000000001, 87.00000000000014]","[0, 13, 42, 42, 76, 99, 107, 107, 107, 161, 164, 187, 203]","[76, 42, 61, 76, 205, 164, 119, 142, 164, 164, 205, 205, 205]",37754613.0,940.9999999999995,-940.9999999999995,0.0,,,,DWT,mdp.39015067403892,0.0,,0.0,33.0,19.0,0.0,28.5,,4.547473508864641e-13,256.3413461538462,4359.0,256.34134615384625,,0.0,256.3413461538462,,,84.00000000000014,0.0,28.5,5.684341886080801e-13,4.547473508864641e-13,,1.1368683772161603e-13,1.3035292482217517e-13,2.0973124735561094e-26,0.9469911185843293,0.9853989875483676,0.002705590339624446,0.3112244897959183,0.00010100440968254562,0.9999999997234356,0.4742280246117654,6.6959667625959335e-09,6.6959667625959335e-09,6.082044361106239e-09,,5.718550876340534e-12,0.9999999933040264,6.806481865779018e-13,,,,,,0.0,1.0,1.0,5.695370495225942e-13,5.695370495225942e-13,0.8422684098811636,0.27536483381751753,105,1.5867771576662473,0.7621344424552761,402,0,0.28951900311644235,0.3459225095702703,104,0.0,0.405802648800186,0.7370783002666179,465,191.6820283699022,0.7990754419602702,269.0,168.22772205626296,0.758552396032546,224,coif,0.5507900112560971,0.8749445204262634,0.351963635992853,2,168.5,1.3035292482217517e-13,0.0001547883299646835,2.0973124735561094e-26,0.9469911185843293,0.9853989875483677,0.0037362736191789824,0.4823308270676693,0.002466466030551603,0.9999999997234355,0.9919828214562042,0.9855281704452468,0.9855281704452468,0.9855281704451354,,1.2251610931599486e-12,0.9999999999667601,3.7929866394817307e-13,,,,,1.0,,0.0,1.0,0.75,5.695370495225942e-13,5.695370495225942e-13,0.0,2.25957019982196,0.6447065287089311,103,1.656727655362062,0.7658805982992429,1076,688.0148980945107,0.6394051896779294,589.5,188.0033927056828,0.6652214627634929,530,0.4784248188775415,0.776734912893196,0.43208215291776214,2,398.0,,,,,,,,,,,,,8.752388149363324e-19,0.03641360043841643,2.0973124735561094e-26,0.9615494683880706,0.3046221216493915,0.002135126070587816,0.36489221584994447,1.0,0.002466466030551603,0.9999999999999541,0.0008499884728391241,0.0007982210227401261,0.0007982210227401261,0.0007982210227337879,,0.0,9.572760819061336e-19,0.020163910573049823,3.5270643972334666e-18,,,,,0.4782608695652174,,0.0,1.0,0.9302325581395349,1.908388337924638e-18,1.908388337924638e-18,0.9302325581395349,0.5814294660167882,0.18110015290550946,139,1.6881758577765371,0.8194562691642149,1354,859.1347391416552,0.5985351686253948,746.5,252.1178834561286,0.6248516964622302,894,986.6382352941176,846.0,585.0035688138154,340,0.4652856568234462,0.8173890317607586,0.42908333069536003,4,671.5
db16,1.0,antireflect,7.82240696427694e-27,318.31399467674123,5485293.4606321985,0.5338983050847458,108.41974277086389,206,smoothed,6.023876112058398e-14,-2.1234414226967193e-10,6.419513868342442,84624.96888716925,0.9935122035629851,0.00014966566451320263,0.9999999999999999,362.4000000000001,,,,[],[],11,426.60000000000014,32.19999999999999,728.4000000000003,"[9, 31, 53, 64, 80, 102, 131, 148, 158, 175, 192]","[310.99999999999994, 417.8000000000002, 589.6000000000003, 432.19999999999993, 728.4000000000003, 371.0000000000001, 587.0, 32.19999999999999, 448.2000000000003, 368.0, 407.2000000000002]","[1, 1, 1, 60, 1, 94, 120, 144, 144, 165, 186]","[20, 40, 75, 75, 205, 120, 205, 149, 205, 186, 205]",30736475.840000004,728.4000000000003,-728.4000000000003,0.0,,,,DWT,mdp.39015067403892,7.450580596923828e-09,,0.0,15.0,11.0,0.0,33.0,,3.410605131648481e-13,168.4000000000002,987.7999999999975,168.40000000000012,,0.0,168.4000000000002,,,28.0,0.0,33.0,3.410605131648481e-13,3.410605131648481e-13,,1.1368683772161603e-13,8.349919975300191e-14,1.810516488156702e-26,0.9741807217740858,0.4113428932993405,0.28694107431977,0.1430562618210557,0.4658431248987906,,0.999999664709775,4.406097391567225e-09,4.406097391567225e-09,3.678815706965397e-09,,1.2251610931599486e-12,0.9999999955939026,2.275791983689038e-13,,,,,,1.5893391424973748e-13,0.0,1.0,5.243104679449306e-13,5.243104679449306e-13,0.8999999009582026,0.33832967743555065,518,1.1772101715619703,0.5976317728841882,137,0,0.2499999727331123,0.35570077878265943,519,0.0,0.3259091537304466,0.5749919536251935,124,224.07513620807345,0.7651204022976169,324.5,208.10495542039754,0.7124868258867539,303,db,0.573477938514061,0.8443824841957417,0.34525069778143475,3,228.0,5.776487527086286e-14,0.9999999999705129,4.738775661291457e-27,0.9607279948435311,0.8214047579095025,0.0007516744364967405,0.11739518287243567,0.004537270735329239,0.9999999997234287,2.0315811923354854e-05,4.745570603148508e-11,4.745570603148508e-11,3.962258299239352e-11,,1.2251610931599486e-12,0.003126132840347795,2.275791983689038e-13,,,,,0.0,,7.374542113937972e-14,0.0,1.0,4.2715278714194565e-13,4.2715278714194565e-13,1.0,0.30156916120504523,0.08604450842088825,1342,1.7362879944027667,0.8026601618371432,383,678.1154031578991,0.6445936042149376,862.5,595.9257971014492,0.5962747895288525,882,0.49117026184683504,0.8233619396015222,0.4091722348267588,4,662.5,,,,,,,,,,,,,3.8785520958571015e-19,0.9999999999715824,4.738775661291457e-27,0.9715136513843461,0.2539256313930561,0.0014372012010276367,0.0888116330213799,0.9999999999999999,0.004537270735329239,0.9999999999999541,9.960751159770423e-05,3.843648489765261e-14,3.843648489765261e-14,3.209195062470194e-14,,0.0,9.572760819061336e-19,0.004567040150618456,2.11623863834008e-18,,,,,0.13043478260869565,,2.3332883504384434e-21,0.7209302325581395,1.0,1.4312912534434783e-18,1.4312912534434783e-18,1.0,0.42658033862811345,0.13286867808967343,1380,1.8479291686217896,0.8970020126890049,286,773.574818618083,0.638516439898092,833.0,473.80552220888353,0.624632051724747,895,1009.0473684210526,935.5,610.6543869996938,760,0.4758535102197843,0.8532293215616218,0.41093374637766444,5,672.5
coif13,1.0,smooth,2.4911109195693512e-26,313.2834680881908,4961108.663294729,0.5531914893617021,35.15157084137554,206,smoothed,1.0521033882292454e-13,-2.2086439344093426e-10,6.195485309041299,46284.067779286765,0.9916061699192211,0.00014966566451320263,0.9999999999999999,362.4000000000001,,,,[],[],11,426.6000000000002,32.2000000000001,728.4000000000001,"[9, 31, 53, 64, 80, 102, 131, 148, 158, 175, 192]","[311.0000000000002, 417.8000000000003, 589.6000000000003, 432.19999999999993, 728.4000000000001, 371.00000000000006, 586.9999999999998, 32.2000000000001, 448.2000000000001, 368.0000000000001, 407.20000000000044]","[1, 1, 1, 60, 1, 94, 120, 144, 144, 165, 186]","[20, 40, 75, 75, 205, 120, 205, 149, 205, 186, 205]",30736475.84000002,728.4000000000001,-728.4000000000001,0.0,,,,DWT,mdp.39015067403892,2.2351741790771484e-08,,0.0,15.0,11.0,0.0,33.0,,1.1368683772161603e-13,168.40000000000026,987.7999999999965,168.40000000000015,,0.0,168.40000000000026,,,28.000000000000114,0.0,33.0,1.1368683772161603e-13,1.1368683772161603e-13,,1.1368683772161603e-13,1.822954566894985e-13,6.811695490196754e-26,0.955067674209974,0.08820318941423294,0.06198461415331157,0.27558082396866185,0.14788841688256005,,0.9999996648089,4.406156536989685e-09,4.406156536989685e-09,3.6788452796766485e-09,,1.2251610931599486e-12,0.9999999955938166,7.585973278963461e-14,,,,,,4.768017427492125e-13,0.0,1.0,1.7477015598164352e-13,1.7477015598164352e-13,0.8999999009878845,0.3383296774467087,339,0.8175222026503002,0.4150297501199988,446,0,0.24999997274133354,0.35570077879435663,341,0.0,0.21838924551841757,0.3852977355623011,417,54.14409786240171,0.9432451804377341,385.75,380.13282081176106,0.7694475378079655,196,coif,0.5556920286951962,0.9053407607371553,0.33941335169221604,4,148.0,1.1458724390345422e-13,0.9999999999705129,1.6831872907034403e-26,0.9421642128763245,0.7440141289858966,0.0001623756725160773,0.2261478163493844,0.001440420068797182,0.9999999997233002,2.0315811925353255e-05,4.7456372165299854e-11,4.7456372165299854e-11,3.9622916059300906e-11,,1.2251610931599486e-12,0.0031261328403475175,7.585973278963461e-14,,,,,0.0,,2.2123626341813917e-13,0.0,1.0,1.4238426238064856e-13,1.4238426238064856e-13,1.0,0.30156916120493016,0.08604450842085541,1356,1.7284220745027823,0.7990238638495555,458,634.9818895055197,0.667200267554759,907.0,684.7276736493936,0.5959166956222433,886,0.4784248188775415,0.776734912893196,0.43208215291776214,2,665.0,,,,,,,,,,,,,7.693820733036484e-19,0.9999999999715824,1.6831872907034403e-26,0.9580482232088322,0.23000141604842397,0.001299398354545062,0.17108501714275867,0.9999999999999999,0.0014404200687971821,0.9999999999999541,9.960751159770586e-05,3.8436918578521606e-14,3.8436918578521606e-14,3.209227588535368e-14,,0.0,9.572760819061336e-19,0.004567040150618451,7.054128794466933e-19,,,,,0.13043478260869565,,6.99986505131533e-21,0.7209302325581395,1.0,4.770970844811595e-19,4.770970844811595e-19,1.0,0.42658033862811345,0.13286867808967343,1365,1.8594895160028626,0.9026135128721751,198,825.1936136447009,0.614395507642663,781.5,345.8349328214971,0.6246042958774063,896,986.6382352941176,846.0,585.0035688138154,340,0.4652856568234462,0.8173890317607586,0.42908333069536003,4,673.0
coif13,1.0,constant,2.4911109195693512e-26,313.2834680881908,4961108.663294729,0.5531914893617021,35.15157084137554,206,smoothed,1.0521033882292454e-13,-2.2086439344093426e-10,6.195485309041299,46284.067779286765,0.9916061699192211,0.00014966566451320263,0.9999999999999999,362.4000000000001,,,,[],[],11,426.6000000000002,32.2000000000001,728.4000000000001,"[9, 31, 53, 64, 80, 102, 131, 148, 158, 175, 192]","[311.0000000000002, 417.8000000000003, 589.6000000000003, 432.19999999999993, 728.4000000000001, 371.00000000000006, 586.9999999999998, 32.2000000000001, 448.2000000000001, 368.0000000000001, 407.20000000000044]","[1, 1, 1, 60, 1, 94, 120, 144, 144, 165, 186]","[20, 40, 75, 75, 205, 120, 205, 149, 205, 186, 205]",30736475.84000002,728.4000000000001,-728.4000000000001,0.0,,,,DWT,mdp.39015067403892,2.2351741790771484e-08,,0.0,15.0,11.0,0.0,33.0,,1.1368683772161603e-13,168.40000000000026,987.7999999999965,168.40000000000015,,0.0,168.40000000000026,,,28.000000000000114,0.0,33.0,1.1368683772161603e-13,1.1368683772161603e-13,,1.1368683772161603e-13,1.822954566894985e-13,6.811695490196754e-26,0.955067674209974,0.08820318941423294,0.06198461415331157,0.27558082396866185,0.14788841688256005,,0.9999996648089,4.406156536989685e-09,4.406156536989685e-09,3.6788452796766485e-09,,1.2251610931599486e-12,0.9999999955938166,7.585973278963461e-14,,,,,,4.768017427492125e-13,0.0,1.0,1.7477015598164352e-13,1.7477015598164352e-13,0.8999999009878845,0.3383296774467087,340,0.8175222026503002,0.4150297501199988,447,0,0.24999997274133354,0.35570077879435663,342,0.0,0.21838924551841757,0.3852977355623011,416,53.76724529550186,0.9436402040927654,386.25,380.72990060294524,0.7693829951281437,197,coif,0.5556920286951962,0.9053407607371553,0.33941335169221604,4,148.75,1.1458724390345422e-13,0.9999999999705129,1.6831872907034403e-26,0.9421642128763245,0.7440141289858966,0.0001623756725160773,0.2261478163493844,0.001440420068797182,0.9999999997233002,2.0315811925353255e-05,4.7456372165299854e-11,4.7456372165299854e-11,3.9622916059300906e-11,,1.2251610931599486e-12,0.0031261328403475175,7.585973278963461e-14,,,,,0.0,,2.2123626341813917e-13,0.0,1.0,1.4238426238064856e-13,1.4238426238064856e-13,1.0,0.30156916120493016,0.08604450842085541,1355,1.7284220745027823,0.7990238638495555,456,635.6889962867062,0.6668296665164013,905.5,682.3633351739371,0.5961244768640707,884,0.4784248188775415,0.776734912893196,0.43208215291776214,2,663.5,,,,,,,,,,,,,7.693820733036484e-19,0.9999999999715824,1.6831872907034403e-26,0.9580482232088322,0.23000141604842397,0.001299398354545062,0.17108501714275867,0.9999999999999999,0.0014404200687971821,0.9999999999999541,9.960751159770586e-05,3.8436918578521606e-14,3.8436918578521606e-14,3.209227588535368e-14,,0.0,9.572760819061336e-19,0.004567040150618451,7.054128794466933e-19,,,,,0.13043478260869565,,6.99986505131533e-21,0.7209302325581395,1.0,4.770970844811595e-19,4.770970844811595e-19,1.0,0.42658033862811345,0.13286867808967343,1366,1.8594895160028626,0.9026135128721751,200,824.4865068635144,0.6147259313721896,783.0,348.9144316730524,0.6244190404524499,897,986.6382352941176,846.0,585.0035688138154,340,0.4652856568234462,0.8173890317607586,0.42908333069536003,4,673.75
db37,1.0,reflect,1.4202513878411775e-26,317.9481402452115,7931282.997822279,0.5971223021582733,284.1271004991125,206,raw,8.175553006967854e-14,-2.069177051922141e-10,6.840151998597653,60333.77727386012,0.7734544109693077,5.618943883690066e-06,0.9999999999999999,327.0000000000001,,,,[],[],13,661.1538461538462,86.99999999999997,939.9999999999999,"[8, 32, 51, 63, 81, 100, 111, 133, 152, 162, 175, 192, 204]","[878.0, 638.0000000000001, 786.9999999999999, 792.0000000000002, 939.9999999999999, 787.9999999999998, 636.9999999999999, 675.0000000000001, 770.9999999999999, 195.99999999999977, 834.0, 572.0000000000001, 86.99999999999997]","[0, 13, 42, 42, 76, 99, 107, 107, 107, 161, 164, 187, 203]","[76, 42, 61, 76, 205, 164, 119, 142, 164, 164, 205, 205, 205]",37754613.0,940.9999999999999,-940.9999999999999,0.0,,,,DWT,mdp.39015067403892,0.0,,0.0,33.0,19.0,0.0,28.5,,1.1368683772161603e-13,256.3413461538462,4359.0,256.34134615384613,,0.0,256.3413461538462,,,83.99999999999997,0.0,28.5,1.1368683772161603e-13,1.1368683772161603e-13,,1.1368683772161603e-13,8.495168612949356e-14,9.253761779372684e-27,0.9593779091657987,0.9667141307468359,0.00247057737869885,0.29984583761562134,0.00021003196188752683,0.9999999997235106,0.47422802461156727,6.6959667625959335e-09,6.6959667625959335e-09,6.0819563246244724e-09,,5.718550876340534e-12,0.9999999933040264,1.3612963731558036e-13,,,,,,0.0,1.0,1.0,1.4238426238064856e-13,1.4238426238064856e-13,0.8422684098806344,0.27536483381734456,145,1.5802414472826798,0.7589953186248353,430,0,0.2895190031163019,0.3459225095701025,144,0.0,0.4035773108240547,0.7330363149867897,487,182.77581896957813,0.8084110912268573,301.5,219.5393820108716,0.7461866776889003,254,db,0.540986235965534,0.9305070477545101,0.3421575204977732,3,191.25,8.495168612949354e-14,0.0001547883299646835,9.253761779372683e-27,0.9593779091657987,0.966714130746836,0.003501503539319356,0.4737788716395303,0.002575235656214508,0.9999999997235105,0.9919828214562011,0.9855281704452468,0.9855281704452468,0.9855281704451341,,1.2251610931599486e-12,0.9999999999667601,7.585973278963461e-14,,,,,1.0,,0.0,1.0,0.75,1.4238426238064856e-13,1.4238426238064856e-13,0.0,2.2595701998216366,0.6447065287088388,140,1.6513226419492741,0.7633819408445892,1105,682.3580438450184,0.6423699979847912,622.5,248.51405622489963,0.6580560681747856,572,0.49117026184683504,0.8233619396015222,0.4091722348267588,4,430.0,,,,,,,,,,,,,5.703977351965986e-19,0.03641360043841643,9.253761779372683e-27,0.970534352998036,0.2988459631658531,0.0020802269476793223,0.35842250296637257,0.9999999999999999,0.002575235656214508,0.9999999999999541,0.0008499884728391218,0.0007982210227401261,0.0007982210227401261,0.0007982210227337869,,0.0,9.572760819061336e-19,0.020163910573049823,7.054128794466933e-19,,,,,0.4782608695652174,,0.0,1.0,0.9302325581395349,4.770970844811595e-19,4.770970844811595e-19,0.9302325581395349,0.5814294660167882,0.18110015290550946,135,1.6881068824361294,0.8194227878921931,1355,862.670273047588,0.5968830499777626,745.0,245.53691275167782,0.6243761044281336,898,1009.0473684210526,935.5,610.6543869996938,760,0.4758535102197843,0.8532293215616218,0.41093374637766444,5,674.75
db28,1.0,periodic,1.2488606338006769e-26,316.28225898120144,5698825.859443624,0.5346153846153846,107.64739044514594,206,smoothed,8.158737978633721e-14,-1.9789834215799873e-10,6.5230888649774785,31254.024686999357,0.9784481682979453,0.00014966566451320284,0.9999999999999999,362.4000000000001,,,,[],[],11,426.6,32.2000000000001,728.4000000000001,"[9, 31, 53, 64, 80, 102, 131, 148, 158, 175, 192]","[310.9999999999999, 417.79999999999995, 589.6000000000001, 432.20000000000005, 728.4000000000001, 371.0000000000002, 586.9999999999999, 32.2000000000001, 448.20000000000016, 367.9999999999999, 407.1999999999998]","[0, 0, 0, 60, 0, 94, 120, 144, 144, 165, 186]","[20, 40, 75, 75, 203, 120, 203, 149, 203, 186, 203]",30736475.84,728.4,-728.4,0.0,,,,DWT,mdp.39015067403892,3.725290298461914e-09,,0.0,33.0,11.0,0.0,33.0,,0.0,168.4000000000001,987.7999999999984,168.40000000000003,,0.0,168.4000000000001,,,28.000000000000114,0.0,15.0,1.1368683772161603e-13,0.0,,1.1368683772161603e-13,1.303991246100138e-13,3.1761262349476126e-26,0.9664613189833442,0.5607398891419864,0.378579543827968,0.14798186919922315,0.023246772456077827,,0.9999996648089,4.4059791007223055e-09,4.4059791007223055e-09,3.6787269888316428e-09,,1.2251610931599486e-12,0.9999999955939887,7.585973278963461e-14,,,,,,7.946695712486874e-14,1.0,0.0,0.0,0.0,0.8999999009875601,0.33832967744658676,353,1.1180279645371431,0.567586868276783,152,0,0.2499999727412462,0.35570077879423234,356,0.0,0.29671562765839,0.5234866724839855,160,114.65709746893124,0.879814363240114,255.25,216.5580581179217,0.8061283556242498,131,db,0.573477938514061,0.8443824841957417,0.34525069778143475,3,99.0,8.473922532927576e-14,0.9999999999705145,8.040887315551464e-27,0.9532304301645499,0.8571847234431422,0.000991731720356476,0.1214372469635629,0.00022642150268663026,0.9999999997236464,2.0315811925353255e-05,4.745454029730922e-11,4.745454029730922e-11,3.962169481397382e-11,,1.2251610931599486e-12,0.0031261328403480726,7.585973278963461e-14,,,,,0.0,,3.687271056968986e-14,1.0,0.0,0.0,0.0,1.0,0.30156916120477983,0.08604450842081252,1419,1.7496919529476171,0.8088566128692019,244,830.8504678941933,0.564543779929668,831.5,416.39927841250756,0.5643735671136809,1065,0.49117026184683504,0.8233619396015222,0.4091722348267588,4,799.75,,,,,,,,,,,,,5.689711930667868e-19,0.9999999999715838,8.040887315551464e-27,0.966075216540927,0.26498650029095966,0.0014933366946969099,0.0918695294693131,0.9999999999999999,0.00022642150268663026,0.9999999999999541,9.960751159770586e-05,3.8435400695480126e-14,3.8435400695480126e-14,3.20911916831812e-14,,0.0,9.572760819061336e-19,0.00456704015061846,7.054128794466933e-19,,,,,0.13043478260869565,,1.1666441752192217e-21,1.0,0.7209302325581395,0.0,0.0,1.0,0.42658033862811345,0.13286867808967343,1378,1.8497234287976412,0.8978729632732348,268,784.8885271170677,0.6332296602256693,823.0,448.72904009720537,0.6243251104866664,899,1009.0473684210526,935.5,610.6543869996938,760,0.4758535102197843,0.8532293215616218,0.41093374637766444,5,675.5
coif7,1.0,antisymmetric,1.243477615478011e-26,316.30101902542407,5665208.389563717,0.524390243902439,91.80457529318704,206,smoothed,7.998779632173166e-14,-2.134509013984603e-10,6.483368657647774,96527.10372794568,0.9941823877062853,0.00014966566451320268,0.9999999999999997,362.4,,,,[],[],11,426.59999999999997,32.20000000000016,728.3999999999999,"[9, 31, 53, 64, 80, 102, 131, 148, 158, 175, 192]","[311.0000000000001, 417.8000000000002, 589.6000000000001, 432.1999999999997, 728.3999999999999, 371.00000000000017, 586.9999999999999, 32.20000000000016, 448.2, 367.9999999999999, 407.19999999999993]","[0, 0, 0, 60, 0, 94, 120, 144, 144, 165, 186]","[20, 40, 75, 75, 203, 120, 203, 149, 203, 186, 203]",30736475.840000007,728.3999999999999,-728.3999999999999,0.0,,,,DWT,mdp.39015067403892,1.1175870895385742e-08,,0.0,33.0,11.0,0.0,33.0,,1.1368683772161603e-13,168.40000000000003,987.7999999999993,168.40000000000003,,0.0,168.40000000000003,,,28.00000000000017,0.0,15.0,1.1368683772161603e-13,1.1368683772161603e-13,,0.0,1.2688506379572492e-13,3.160372295392495e-26,0.9665325961371809,0.5034473007558667,0.36415244280873027,0.07774554758282357,0.5645455470828862,,0.9999996648584625,4.4059199552998455e-09,4.4059199552998455e-09,3.6787269888316428e-09,,0.0,0.9999999955940747,7.585973278963461e-14,,,,,,2.3840087137460624e-13,1.0,0.0,1.7477015598164352e-13,1.7477015598164352e-13,0.8999999010019732,0.338329677452005,325,1.2706358673309293,0.6450609962668393,108,0,0.249999972745314,0.35570077880002005,327,0.0,0.3537747763382307,0.6241544536618879,102,127.62053126358627,0.8662258582142701,215.5,158.74144776462734,0.8201674364446613,108,coif,0.5556920286951962,0.9053407607371553,0.33941335169221604,4,82.0,8.271812387079426e-14,0.9999999999705134,8.002793513476818e-27,0.9532996589747975,0.843463384361147,0.000953938305612263,0.06379974326059085,0.005498623576544415,0.999999999723412,2.0315811926352456e-05,4.745387416349445e-11,4.745387416349445e-11,3.962169481397382e-11,,0.0,0.0031261328403482946,7.585973278963461e-14,,,,,0.0,,1.1061813170906958e-13,1.0,0.0,1.4238426238064856e-13,1.4238426238064856e-13,1.0,0.3015691612042611,0.08604450842066451,1536,1.7219078033336557,0.7960124130028537,526,714.177848998413,0.6256929512586934,1031.0,783.643064985451,0.5426682785643572,1248,0.4784248188775415,0.776734912893196,0.43208215291776214,2,936.5,,,,,,,,,,,,,5.554007538319126e-19,0.9999999999715827,8.002793513476818e-27,0.9661254323629891,0.2607447429156783,0.0014844990041257145,0.04826568898891559,0.9999999999999997,0.005498623576544415,0.9999999999999541,9.960751159770662e-05,3.8434858594393884e-14,3.8434858594393884e-14,3.20911916831812e-14,,0.0,0.0,0.004567040150618464,7.054128794466933e-19,,,,,0.13043478260869565,,3.499932525657665e-21,1.0,0.7209302325581395,4.770970844811595e-19,4.770970844811595e-19,1.0,0.42658033862811345,0.13286867808967343,1425,1.8322956053953356,0.8894133356348466,541,625.0823945689081,0.707905423098641,983.0,784.2573753814853,0.6242798143530588,900,986.6382352941176,846.0,585.0035688138154,340,0.4652856568234462,0.8173890317607586,0.42908333069536003,4,676.0
bior3.7,1.0,constant,3.1220051091151642e-27,324.52745637411044,6814340.749133996,0.6,201.02236151869084,206,raw,3.33110022844814e-14,-2.1052304344238172e-10,6.012234082754715,80356.15492786145,0.895314935824281,5.618943883690066e-06,1.0,327.00000000000006,,,,[],[],13,661.1538461538462,86.99999999999997,939.9999999999999,"[8, 32, 51, 63, 81, 100, 111, 133, 152, 162, 175, 192, 204]","[878.0, 638.0, 787.0, 791.9999999999999, 939.9999999999999, 788.0, 637.0, 675.0, 771.0, 196.0, 834.0000000000001, 572.0, 86.99999999999997]","[0, 13, 39, 39, 76, 99, 107, 107, 107, 161, 99, 187, 203]","[76, 39, 61, 76, 205, 164, 119, 142, 164, 164, 205, 205, 205]",37754613.0,940.9999999999999,-940.9999999999999,0.0,,,,DWT,mdp.39015067403892,0.0,,0.0,33.0,19.0,0.0,28.5,,1.1368683772161603e-13,256.3413461538462,4359.0,256.34134615384613,,0.0,256.3413461538462,,,83.99999999999997,0.0,19.5,1.1368683772161603e-13,1.1368683772161603e-13,,5.684341886080802e-14,2.374118481548208e-14,1.4124600664161201e-27,0.9836570751656746,0.68071002303806,0.0012135900662588804,0.3214285714285712,0.001831103663445285,0.9999999997234562,0.47422802461156727,6.6959667625959335e-09,6.6959667625959335e-09,6.0819563246244724e-09,,2.859275438170267e-12,0.9999999933040264,1.3612963731558036e-13,,,,,,0.0,1.0,0.0,1.4238426238064856e-13,1.4238426238064856e-13,0.7422684098792048,0.2426715936826106,831,1.4604599215777605,0.7014638461880721,694,0,0.20618566978273023,0.24635434483028743,831,0.0,0.37360504538568623,0.6785962896942727,724,71.49358945621162,0.9250591305490444,770.0,764.9826837725063,0.5589656239747318,680,bior,0.672619891330026,0.76736776154697,0.2989557476048908,5,511.25,2.3741184815482067e-14,0.0001547883299646835,1.4124600664161201e-27,0.9836570751656746,0.6807100230380602,0.002245815297437684,0.49,0.004192472387528649,0.9999999997234561,0.9919828214562011,0.9855281704452468,0.9855281704452468,0.9855281704451341,,6.125805465799743e-13,0.9999999999667601,7.585973278963461e-14,,,,,1.0,,0.0,1.0,0.25,1.4238426238064856e-13,1.4238426238064856e-13,0.0,2.20957019982133,0.6304403968408472,831,1.529395589610544,0.7070168747507042,1514,482.95393155041194,0.7468794908016709,1172.5,1073.0353944562899,0.5661808355475859,1054,0.5943810304597339,0.7715092316736338,0.3524805091760961,5,791.75,,,,,,,,,,,,,1.5940728979755198e-19,0.03641360043841643,1.4124600664161201e-27,0.9881454931477229,0.21043184950063892,0.0017865942021138281,0.370694087403599,1.0,0.004192472387528649,0.9999999999999541,0.0008499884728391218,0.0007982210227401261,0.0007982210227401261,0.0007982210227337869,,0.0,4.786380409530668e-19,0.020163910573049823,7.054128794466933e-19,,,,,0.4782608695652174,,0.0,1.0,0.7906976744186046,4.770970844811595e-19,4.770970844811595e-19,0.9302325581395349,0.5674759776446953,0.17675400427451057,788,1.659875221787968,0.8057188771292927,1468,480.83261120685233,0.7753118639220316,1128.0,1025.5177304964539,0.6241045300918568,901,1104.4,1082.5,563.6960149978129,300,0.520820561188399,0.7876173146100969,0.3991404127850916,6,677.25
rbio3.3,1.0,smooth,3.1395170553266967e-27,322.27877027554007,4837004.571400319,0.5424528301886793,125.75363994287726,206,smoothed,3.653172694232605e-14,-2.037650492781045e-10,6.272748885751239,32159.282813111873,0.9561413181578929,0.00014966566451320274,0.9999999999999999,362.40000000000003,,,,[],[],11,426.6,32.200000000000045,728.4,"[9, 31, 53, 64, 80, 102, 131, 148, 158, 175, 192]","[311.0, 417.8000000000001, 589.6, 432.19999999999993, 728.4, 371.0000000000001, 587.0000000000001, 32.200000000000045, 448.2, 367.9999999999999, 407.20000000000005]","[0, 0, 0, 60, 0, 94, 120, 144, 144, 165, 186]","[20, 40, 75, 75, 203, 120, 203, 149, 203, 186, 203]",30736475.839999996,728.4,-728.4,0.0,,,,DWT,mdp.39015067403892,0.0,,0.0,33.0,11.0,0.0,33.0,,0.0,168.4000000000001,987.7999999999984,168.40000000000003,,0.0,168.4000000000001,,,28.000000000000057,0.0,15.0,0.0,0.0,,5.684341886080802e-14,3.141816636387135e-14,4.400220899073737e-27,0.9892445412901869,0.19964848628637522,0.008724738348928673,0.2018171525846171,0.030753927344209814,,0.9999996647593375,4.4059791007223055e-09,4.4059791007223055e-09,3.6787269888316428e-09,,6.125805465799743e-13,0.9999999955939887,0.0,,,,,,0.0,1.0,0.0,0.0,0.0,0.8999999009723074,0.33832967744085296,408,0.7907617690633042,0.40144433797008,555,0,0.24999997273705196,0.3557007787882648,416,0.0,0.2043126922649071,0.3604628858414511,547,80.38449270018856,0.9157395254715005,481.5,471.4322702874422,0.7055112721697125,319,rbio,0.7685897546424816,0.816051598246696,0.21717169227625407,5,240.5,2.7810626296575587e-14,0.9999999999705138,1.4248526791277485e-27,0.9753589143843442,0.7707048188386657,2.2855433986087312e-05,0.16561569016881875,0.00029954052572020093,0.999999999723558,2.0315811924354055e-05,4.745454029730922e-11,4.745454029730922e-11,3.962169481397382e-11,,6.125805465799743e-13,0.0031261328403480726,0.0,,,,,0.0,,0.0,1.0,0.0,0.0,0.0,1.0,0.3015691612044169,0.08604450842070896,1497,1.7369452779253338,0.8029640142511997,378,791.2524881477467,0.585297438077701,937.5,603.5904,0.5469726184099197,1222,0.3888041033402703,1.0,0.4278371276618108,3,917.25,,,,,,,,,,,,,1.86731058283943e-19,0.9999999999715831,1.4248526791277485e-27,0.9821263377737125,0.2382524642775935,0.001266772652292628,0.1252913410751989,0.9999999999999999,0.00029954052572020093,0.9999999999999541,9.960751159770499e-05,3.8435400695480126e-14,3.8435400695480126e-14,3.20911916831812e-14,,0.0,4.786380409530668e-19,0.00456704015061846,0.0,,,,,0.13043478260869565,,0.0,1.0,0.7209302325581395,0.0,0.0,1.0,0.42658033862811345,0.13286867808967343,1368,1.8592717737609945,0.902507818761968,202,824.4865068635144,0.6147259313721896,785.0,352.0203821656051,0.6239517507328237,902,818.67,599.5,715.6978453131971,300,0.38607403914171184,1.0,0.42974817260080167,3,677.25
bior3.7,1.0,zero,3.106135984885864e-27,324.5495878187769,6815145.542637429,0.6,201.02236151869084,206,raw,3.301781717506582e-14,-2.1060775345916062e-10,6.011174412626813,80862.44010187093,0.8959990266979467,5.618943883690066e-06,1.0,327.00000000000006,,,,[],[],13,661.1538461538462,86.99999999999997,939.9999999999999,"[8, 32, 51, 63, 81, 100, 111, 133, 152, 162, 175, 192, 204]","[878.0, 638.0, 787.0, 791.9999999999999, 939.9999999999999, 788.0, 637.0, 675.0, 771.0, 196.0, 834.0000000000001, 572.0, 86.99999999999997]","[0, 13, 39, 39, 76, 99, 107, 107, 107, 161, 99, 187, 203]","[76, 39, 61, 76, 205, 164, 119, 142, 164, 164, 205, 205, 205]",37754613.0,940.9999999999999,-940.9999999999999,0.0,,,,DWT,mdp.39015067403892,0.0,,0.0,33.0,19.0,0.0,28.5,,1.1368683772161603e-13,256.3413461538462,4359.0,256.34134615384613,,0.0,256.3413461538462,,,83.99999999999997,0.0,19.5,1.1368683772161603e-13,1.1368683772161603e-13,,5.684341886080802e-14,2.3370740343307556e-14,1.4012300233203439e-27,0.9837387452068076,0.6803439601668542,0.00121449576682141,0.3214285714285712,0.001872094028460251,0.999999999723455,0.47422802461156727,6.6959667625959335e-09,6.6959667625959335e-09,6.0819563246244724e-09,,2.859275438170267e-12,0.9999999933040264,1.3612963731558036e-13,,,,,,0.0,1.0,0.0,1.4238426238064856e-13,1.4238426238064856e-13,0.7422684098792048,0.2426715936826106,832,1.4603427411631238,0.7014075640380901,695,0,0.20618566978273023,0.24635434483028743,827,0.0,0.37357473329012414,0.6785412324196578,725,70.1017118193272,0.9265181217826759,769.75,764.9248037142041,0.5598261468452164,676,bior,0.672619891330026,0.76736776154697,0.2989557476048908,5,508.25,2.337074034330755e-14,0.0001547883299646835,1.4012300233203439e-27,0.9837387452068076,0.6803439601668542,0.002246720061977293,0.49,0.004233365781613855,0.9999999997234549,0.9919828214562011,0.9855281704452468,0.9855281704452468,0.9855281704451341,,6.125805465799743e-13,0.9999999999667601,7.585973278963461e-14,,,,,1.0,,0.0,1.0,0.25,1.4238426238064856e-13,1.4238426238064856e-13,0.0,2.20957019982133,0.6304403968408472,833,1.5292783699395243,0.7069626858371054,1515,482.2468247692254,0.7472500918400287,1174.0,1074.9531516183986,0.5659730543057586,1057,0.5943810304597339,0.7715092316736338,0.3524805091760961,5,794.0,,,,,,,,,,,,,1.5691998557121377e-19,0.03641360043841643,1.4012300233203439e-27,0.9882047333432235,0.21031868635566625,0.0017868057741322596,0.370694087403599,1.0,0.004233365781613855,0.9999999999999541,0.0008499884728391218,0.0007982210227401261,0.0007982210227401261,0.0007982210227337869,,0.0,4.786380409530668e-19,0.020163910573049823,7.054128794466933e-19,,,,,0.4782608695652174,,0.0,1.0,0.7906976744186046,4.770970844811595e-19,4.770970844811595e-19,0.9302325581395349,0.5674759776446953,0.17675400427451057,790,1.659870647476425,0.8057166567159076,1469,480.1255044256658,0.7756422876515581,1129.5,1027.4546259406818,0.6239192746669006,903,1104.4,1082.5,563.6960149978129,300,0.520820561188399,0.7876173146100969,0.3991404127850916,6,678.75
coif8,1.0,antisymmetric,1.529844846454474e-26,315.4009248639904,5863529.597225243,0.5238095238095238,92.35090624041464,206,smoothed,8.912827326233491e-14,-2.1781449976998646e-10,6.530721882497756,106953.2840847928,0.994622893394004,0.00014966566451320274,0.9999999999999999,362.4000000000001,,,,[],[],11,426.60000000000014,32.20000000000002,728.4000000000001,"[9, 31, 53, 64, 80, 102, 131, 148, 158, 175, 192]","[311.0000000000001, 417.8000000000001, 589.6000000000001, 432.2, 728.4000000000001, 371.0000000000002, 586.9999999999998, 32.20000000000002, 448.20000000000016, 368.0, 407.2]","[1, 1, 1, 60, 1, 94, 120, 144, 144, 165, 186]","[20, 40, 75, 75, 204, 120, 204, 149, 204, 186, 204]",30736475.84000001,728.4000000000001,-728.4000000000001,0.0,,,,DWT,mdp.39015067403892,1.4901161193847656e-08,,0.0,15.0,11.0,0.0,33.0,,1.1368683772161603e-13,168.4000000000002,987.7999999999975,168.4000000000001,,0.0,168.4000000000002,,,28.00000000000003,0.0,33.0,1.1368683772161603e-13,1.1368683772161603e-13,,1.1368683772161603e-13,1.469654113059472e-13,3.9984545341940315e-26,0.9631127667780007,0.5717497846166829,0.4492629555097536,0.07375659091609926,0.6510081245209618,,0.9999996647345563,4.406097391567225e-09,4.406097391567225e-09,3.6787861342541454e-09,,1.2251610931599486e-12,0.9999999955939026,7.585973278963461e-14,,,,,,3.1786782849947497e-13,0.0,1.0,1.7477015598164352e-13,1.7477015598164352e-13,0.8999999009654919,0.33832967743829084,439,1.3782799163048873,0.6997084206459383,65,0,0.24999997273511734,0.3557007787855122,439,0.0,0.386984317477378,0.6827450723052289,60,217.3819603064308,0.7721363099513304,250.75,109.26844834463502,0.7546478195458959,219,coif,0.5556920286951962,0.9053407607371553,0.33941335169221604,4,165.25,9.426727506211721e-14,0.9999999999705138,1.0029317661007375e-26,0.9499781077477667,0.859821548088723,0.0011768948719600824,0.06052631578947404,0.006340761415105735,0.9999999997233462,2.0315811923854454e-05,4.745570603148508e-11,4.745570603148508e-11,3.962224992548613e-11,,1.2251610931599486e-12,0.003126132840347795,7.585973278963461e-14,,,,,0.0,,1.4749084227875944e-13,0.0,1.0,1.4238426238064856e-13,1.4238426238064856e-13,1.0,0.3015691612048924,0.08604450842084464,1374,1.7272329168913543,0.798474133940741,476,634.9818895055197,0.667200267554759,925.0,707.0529729729731,0.5911997144901677,910,0.4784248188775415,0.776734912893196,0.43208215291776214,2,683.0,,,,,,,,,,,,,6.329461208883367e-19,0.9999999999715831,1.0029317661007375e-26,0.9637161113766792,0.2658016372335626,0.0015366356305071653,0.04578928039894109,0.9999999999999999,0.006340761415105734,0.9999999999999541,9.960751159770467e-05,3.843648489765261e-14,3.843648489765261e-14,3.209173378426744e-14,,0.0,9.572760819061336e-19,0.004567040150618456,7.054128794466933e-19,,,,,0.13043478260869565,,4.666576700876887e-21,0.7209302325581395,1.0,4.770970844811595e-19,4.770970844811595e-19,1.0,0.42658033862811345,0.13286867808967343,1424,1.8327508199751177,0.889634301027462,519,639.9316369738256,0.7009665247785861,971.5,760.7370046320123,0.6234972810808819,904,986.6382352941176,846.0,585.0035688138154,340,0.4652856568234462,0.8173890317607586,0.42908333069536003,4,679.0
sym7,1.0,antireflect,5.744081081983534e-20,251.8795868518686,6180676.480678183,0.6605504587155964,308.20871365926786,206,raw,1.943144911426914e-10,-4.045137560739132e-10,6.354450856019364,83553.63274863575,0.8316947629783011,5.6189438836963845e-06,1.0,327.000000000299,,,,[],[],13,661.1538461535723,86.99999999999852,939.9999999996115,"[8, 32, 51, 63, 81, 100, 111, 133, 152, 162, 175, 192, 204]","[878.0000000000636, 637.9999999993091, 786.9999999992148, 791.9999999998681, 939.9999999996115, 787.9999999997934, 636.9999999996325, 674.9999999997161, 771.0000000000025, 195.99999999954423, 833.9999999995166, 572.0000000001692, 86.99999999999852]","[0, 13, 39, 39, 76, 99, 107, 107, 107, 161, 99, 187, 203]","[76, 39, 61, 76, 205, 164, 119, 142, 164, 164, 205, 205, 205]",37754612.99999102,940.9999999999794,-940.9999999999794,0.0,,,,DWT,mdp.39015067403892,8.977949619293213e-06,,0.0,33.0,19.0,0.0,28.5,,2.05773176276125e-11,256.3413461535723,4359.00000000356,256.3413461535966,,0.0,256.3413461535723,,,83.99999999999852,0.0,19.5,3.8846792449476197e-10,2.05773176276125e-11,,2.9899638320785016e-10,2.455013828495538e-10,4.0648920444288663e-20,0.7155699899562558,0.7989287510153151,0.0005004753580177736,0.7755570117955441,0.0020899810505961526,0.9999999997205324,0.47422802460988345,6.483886878149733e-09,6.483886878149733e-09,5.888716247146156e-09,,1.5039788804775605e-08,0.9999999935160725,4.651549707073381e-10,,,,,,8.886323247295256e-11,1.0,0.0,2.577155149089739e-11,2.577155149089739e-11,0.7422684176051604,0.24267159620847578,614,1.5401154042607392,0.7397226442743671,531,0,0.20618567105231628,0.24635434634721165,614,0.0,0.4115807761427203,0.747573382772736,382,109.40254415079508,0.8853222807643657,535.25,515.572266849915,0.662131790277361,395,sym,0.8243425715244881,0.7368036147090654,0.2019191155201387,6,297.75,2.4550138284955374e-10,0.0001547883300085373,4.0648920444288663e-20,0.7155699899562558,0.7989287510153152,0.0015334375785941601,0.8313133751810722,0.004450737348297935,0.9999999997205323,0.9919828214561754,0.9855281704421777,0.9855281704421777,0.9855281704423375,,3.222173675010665e-09,0.9999999999678127,2.5921270694218144e-10,,,,,1.0,,8.886323247295256e-11,1.0,0.25,2.577155149089739e-11,2.577155149089739e-11,0.0,2.2095702016142,0.6304403973523935,635,1.563925169743322,0.722979386999185,1428,560.7356774809322,0.7061133765823207,1031.5,879.0887057682986,0.5827474639725021,964,0.7763846615972358,0.5622554397616224,0.28785410495344815,6,724.5,,,,,,,,,,,,,1.6483890920253518e-15,0.036413600438458704,4.0648920444288663e-20,0.7936857975400464,0.24697749262609026,0.0016200103172872478,0.628903985630925,1.0,0.004450737348297935,0.9999999999999537,0.0008499884728391023,0.0007982210227376402,0.0007982210227376402,0.0007982210227315219,,0.0,2.5176360954131315e-15,0.020163910573066293,2.4103958090693507e-15,,,,,0.4782608695652174,,2.8116124622783245e-18,1.0,0.7906976744186046,8.635457229108985e-17,8.635457229108985e-17,0.9302325581395349,0.5674759776447038,0.1767540042745132,661,1.6647761993189252,0.8080978572244502,1449,557.2001435749994,0.7396261011331778,1055.0,907.8568720379147,0.6233177234637852,905,1409.1368421052632,1454.5,398.32527672708756,380,0.6645304607900322,0.5565550872278735,0.3678621512786154,7,680.5
coif17,1.0,periodization,5.497732497034258e-26,309.845562696747,4961380.0361876935,0.5242718446601942,92.41207009230943,206,smoothed,1.5779697805863988e-13,-2.202796389738642e-10,6.195146434220307,31688.237398435293,0.982653292423995,0.00014966566451320268,0.9999999999999999,362.4000000000002,,,,[],[],11,426.6000000000002,32.19999999999996,728.4000000000007,"[9, 31, 53, 64, 80, 102, 131, 148, 158, 175, 192]","[311.0000000000003, 417.8000000000001, 589.5999999999997, 432.2000000000006, 728.4000000000007, 371.0000000000005, 587.0000000000001, 32.19999999999996, 448.2000000000002, 368.0000000000002, 407.1999999999996]","[1, 1, 1, 60, 1, 94, 120, 144, 144, 165, 186]","[20, 40, 75, 75, 205, 120, 205, 149, 205, 186, 205]",30736475.84000001,728.4000000000007,-728.4000000000007,0.0,,,,DWT,mdp.39015067403892,1.4901161193847656e-08,,0.0,15.0,11.0,0.0,33.0,,6.821210263296962e-13,168.40000000000026,987.7999999999965,168.4000000000002,,0.0,168.40000000000026,,,27.99999999999997,0.0,33.0,6.821210263296962e-13,6.821210263296962e-13,,2.2737367544323206e-13,2.978209371550903e-13,1.5610873155457972e-25,0.9420056521510635,0.0877143949960078,0.06210107515274638,0.07693226515562712,0.026847626163012877,,0.9999996646849938,4.406156536989685e-09,4.406156536989685e-09,3.678904425099151e-09,,2.4503221863198973e-12,0.9999999955938166,4.551583967378077e-13,,,,,,3.1786782849947497e-13,0.0,1.0,1.048620935889861e-12,1.048620935889861e-12,0.8999999009518028,0.33832967743314485,565,0.6816230828925605,0.34603813431833125,835,0,0.249999972731279,0.355700778780051,565,0.0,0.17080014480267938,0.3013376820363418,871,166.92513291892266,0.8250260661227226,709.0,679.6325347535208,0.540919741656749,769,coif,0.5556920286951962,0.9053407607371553,0.33941335169221604,4,577.75,1.8103137489611434e-13,0.9999999999705134,3.8108718055981765e-26,0.929477563678226,0.7438970647347818,0.00016268075521060446,0.06313234542667362,0.0002614934985440938,0.9999999997233091,2.0315811922799742e-05,4.7456372165299854e-11,4.7456372165299854e-11,3.962352668196445e-11,,2.4503221863198973e-12,0.0031261328403475175,4.551583967378077e-13,,,,,0.0,,1.4749084227875944e-13,0.0,1.0,8.543055742838914e-13,8.543055742838914e-13,1.0,0.3015691612059797,0.08604450842115487,1311,1.6550739464025508,0.7651161131992181,1086,159.0990257669732,0.9166147663695109,1198.5,1187.9399249061328,0.6442350561407303,679,0.4784248188775415,0.776734912893196,0.43208215291776214,2,509.75,,,,,,,,,,,,,1.215513086848787e-18,0.9999999999715827,3.8108718055981765e-26,0.9488458330996017,0.22996522729544724,0.0012994696957157686,0.04776079015018275,0.9999999999999999,0.0002614934985440938,0.9999999999999541,9.960751159770391e-05,3.8436918578521606e-14,3.8436918578521606e-14,3.209270956622268e-14,,0.0,1.9145521638122673e-18,0.004567040150618451,4.23247727668016e-18,,,,,0.13043478260869565,,4.666576700876887e-21,0.7209302325581395,1.0,2.8625825068869565e-18,2.8625825068869565e-18,1.0,0.42658033862811345,0.13286867808967343,1475,1.8041487618062897,0.8757505958616295,811,469.51890270786754,0.7805986435944544,1143.0,1046.5660542432195,0.6232432470308721,906,986.6382352941176,846.0,585.0035688138154,340,0.4652856568234462,0.8173890317607586,0.42908333069536003,4,680.5
db29,1.0,antisymmetric,1.5620993009811515e-26,317.5347060880017,7263943.8563555535,0.5801526717557252,271.57764492159384,206,raw,8.834357194007557e-14,-2.060982495777381e-10,6.707945530178295,150333.82828500145,0.9154107779814498,5.618943883690067e-06,1.0,327.0000000000001,,,,[],[],13,661.153846153846,87.0000000000001,939.9999999999998,"[8, 32, 51, 63, 81, 100, 111, 133, 152, 162, 175, 192, 204]","[877.9999999999998, 637.9999999999999, 787.0, 791.9999999999998, 939.9999999999998, 788.0, 637.0000000000001, 674.9999999999995, 771.0, 195.9999999999999, 834.0000000000001, 571.9999999999995, 87.0000000000001]","[0, 13, 39, 39, 76, 99, 107, 107, 107, 161, 99, 187, 203]","[76, 39, 61, 76, 205, 164, 119, 142, 164, 164, 205, 205, 205]",37754613.0,940.9999999999998,-940.9999999999998,0.0,,,,DWT,mdp.39015067403892,0.0,,0.0,33.0,19.0,0.0,28.5,,2.2737367544323206e-13,256.34134615384596,4359.000000000002,256.341346153846,,0.0,256.34134615384596,,,84.0000000000001,0.0,19.5,2.2737367544323206e-13,2.2737367544323206e-13,,1.1368683772161603e-13,9.327579132776778e-14,1.0257571538872019e-26,0.9578522435287844,0.9210434279995598,0.0017195655561060787,0.17257360959651002,0.007496705820212215,0.9999999997235229,0.47422802461171587,6.695790689632508e-09,6.695790689632508e-09,6.0818682881427056e-09,,5.718550876340534e-12,0.9999999933041348,2.7225927463116073e-13,,,,,,0.0,1.0,0.0,2.847685247612971e-13,2.847685247612971e-13,0.7422684098807263,0.242671593683108,740,1.5081209689512298,0.7243556086459066,615,0,0.20618566978298836,0.24635434483059584,750,0.0,0.3825856940280986,0.6949082611814287,667,63.81744797989548,0.9331054004403612,693.0,688.4739268752021,0.6033451530503693,528,db,0.540986235965534,0.9305070477545101,0.3421575204977732,3,396.75,9.327579132776778e-14,0.0001547883299646835,1.0257571538872019e-26,0.9578522435287844,0.92104342799956,0.002751267872013125,0.378123744475693,0.009844671426060589,0.9999999997235228,0.9919828214562034,0.9855281704452442,0.9855281704452442,0.9855281704451329,,1.2251610931599486e-12,0.9999999999667607,1.5171946557926922e-13,,,,,1.0,,0.0,1.0,0.25,2.847685247612971e-13,2.847685247612971e-13,0.0,2.20957019982173,0.6304403968409614,738,1.591842496802185,0.7358851528210785,1323,413.6574669941303,0.7831983925607284,1030.5,947.4759825327511,0.6215520264690435,780,0.49117026184683504,0.8233619396015222,0.4091722348267588,4,586.0,,,,,,,,,,,,,6.262889242825493e-19,0.036413600438416446,1.0257571538872019e-26,0.9694276959013649,0.28472751313303224,0.0019047902815828275,0.2860576252735687,1.0,0.009844671426060589,0.9999999999999541,0.0008499884728391234,0.000798221022740124,0.000798221022740124,0.0007982210227337859,,0.0,9.572760819061336e-19,0.02016391057304983,1.4108257588933865e-18,,,,,0.4782608695652174,,0.0,1.0,0.7906976744186046,9.54194168962319e-19,9.54194168962319e-19,0.9302325581395349,0.5674759776446953,0.17675400427451057,909,1.654257768059485,0.8029921128213324,1492,412.2432534317572,0.8073629656860948,1200.5,1129.7192836318202,0.6231908286374399,907,1009.0473684210526,935.5,610.6543869996938,760,0.4758535102197843,0.8532293215616218,0.41093374637766444,5,681.5
rbio3.3,1.0,constant,3.1395170553266967e-27,322.27877027554007,4837004.571400319,0.5424528301886793,125.75363994287726,206,smoothed,3.653172694232605e-14,-2.037650492781045e-10,6.272748885751239,32159.282813111873,0.9561413181578929,0.00014966566451320274,0.9999999999999999,362.40000000000003,,,,[],[],11,426.6,32.200000000000045,728.4,"[9, 31, 53, 64, 80, 102, 131, 148, 158, 175, 192]","[311.0, 417.8000000000001, 589.6, 432.19999999999993, 728.4, 371.0000000000001, 587.0000000000001, 32.200000000000045, 448.2, 367.9999999999999, 407.20000000000005]","[0, 0, 0, 60, 0, 94, 120, 144, 144, 165, 186]","[20, 40, 75, 75, 203, 120, 203, 149, 203, 186, 203]",30736475.839999996,728.4,-728.4,0.0,,,,DWT,mdp.39015067403892,0.0,,0.0,33.0,11.0,0.0,33.0,,0.0,168.4000000000001,987.7999999999984,168.40000000000003,,0.0,168.4000000000001,,,28.000000000000057,0.0,15.0,0.0,0.0,,5.684341886080802e-14,3.141816636387135e-14,4.400220899073737e-27,0.9892445412901869,0.19964848628637522,0.008724738348928673,0.2018171525846171,0.030753927344209814,,0.9999996647593375,4.4059791007223055e-09,4.4059791007223055e-09,3.6787269888316428e-09,,6.125805465799743e-13,0.9999999955939887,0.0,,,,,,0.0,1.0,0.0,0.0,0.0,0.8999999009723074,0.33832967744085296,406,0.7907617690633042,0.40144433797008,554,0,0.24999997273705196,0.3557007787882648,417,0.0,0.2043126922649071,0.3604628858414511,548,80.70264349243256,0.9154060340750183,481.25,471.0866232251157,0.7054755537251403,320,rbio,0.7685897546424816,0.816051598246696,0.21717169227625407,5,241.25,2.7810626296575587e-14,0.9999999999705138,1.4248526791277485e-27,0.9753589143843442,0.7707048188386657,2.2855433986087312e-05,0.16561569016881875,0.00029954052572020093,0.999999999723558,2.0315811924354055e-05,4.745454029730922e-11,4.745454029730922e-11,3.962169481397382e-11,,6.125805465799743e-13,0.0031261328403480726,0.0,,,,,0.0,,0.0,1.0,0.0,0.0,0.0,1.0,0.3015691612044169,0.08604450842070896,1495,1.7369452779253338,0.8029640142511997,376,791.2524881477467,0.585297438077701,935.5,600.8765366114377,0.5474967274245948,1216,0.3888041033402703,1.0,0.4278371276618108,3,912.75,,,,,,,,,,,,,1.86731058283943e-19,0.9999999999715831,1.4248526791277485e-27,0.9821263377737125,0.2382524642775935,0.001266772652292628,0.1252913410751989,0.9999999999999999,0.00029954052572020093,0.9999999999999541,9.960751159770499e-05,3.8435400695480126e-14,3.8435400695480126e-14,3.20911916831812e-14,,0.0,4.786380409530668e-19,0.00456704015061846,0.0,,,,,0.13043478260869565,,0.0,1.0,0.7209302325581395,0.0,0.0,1.0,0.42658033862811345,0.13286867808967343,1371,1.8592717737609945,0.902507818761968,203,825.9007204258875,0.6140650839131367,787.0,353.63786531130876,0.6231540372836711,908,818.67,599.5,715.6978453131971,300,0.38607403914171184,1.0,0.42974817260080167,3,681.75
db19,1.0,constant,9.163530816547114e-27,319.85116402151317,5948666.035399009,0.6115702479338843,220.87015982384446,206,raw,6.570795687490246e-14,-2.022466638607087e-10,6.3501717112262295,67022.9549235577,0.8115383916359101,5.6189438836900665e-06,1.0,327.00000000000006,,,,[],[],13,661.1538461538462,86.99999999999996,939.9999999999998,"[8, 32, 51, 63, 81, 100, 111, 133, 152, 162, 175, 192, 204]","[878.0, 638.0000000000001, 787.0, 792.0, 939.9999999999998, 787.9999999999998, 637.0, 675.0, 770.9999999999999, 196.0, 833.9999999999999, 572.0000000000001, 86.99999999999996]","[0, 13, 42, 42, 76, 99, 107, 107, 107, 161, 164, 187, 203]","[76, 42, 61, 76, 205, 164, 119, 142, 164, 164, 205, 205, 205]",37754613.0,940.9999999999998,-940.9999999999998,0.0,,,,DWT,mdp.39015067403892,0.0,,0.0,33.0,19.0,0.0,28.5,,2.2737367544323206e-13,256.3413461538462,4359.0,256.34134615384613,,0.0,256.3413461538462,,,83.99999999999996,0.0,28.5,2.2737367544323206e-13,2.2737367544323206e-13,,5.684341886080802e-14,6.467529899076527e-14,5.68784370311573e-27,0.9664004977238395,0.7974505211511009,0.00023937485222890235,0.40820543093270334,0.0007516078317468368,0.999999999723581,0.4742280246115508,6.6959667625959335e-09,6.6959667625959335e-09,6.0819563246244724e-09,,2.859275438170267e-12,0.9999999933040264,2.7225927463116073e-13,,,,,,0.0,1.0,1.0,2.847685247612971e-13,2.847685247612971e-13,0.8422684098793249,0.27536483381691645,162,1.5422680620312006,0.7407565730915051,526,0,0.2895190031160973,0.34592250956985804,162,0.0,0.39663092902690816,0.720419277362265,539,213.9741027943958,0.7757084876369017,347.25,248.41469093701915,0.705857388472539,326,db,0.540986235965534,0.9305070477545101,0.3421575204977732,3,245.25,6.467529899076526e-14,0.0001547883299646835,5.68784370311573e-27,0.9664004977238395,0.797450521151101,0.0012726069148128174,0.555219660722053,0.003115530319731387,0.9999999997235809,0.9919828214562009,0.9855281704452468,0.9855281704452468,0.9855281704451341,,6.125805465799743e-13,0.9999999999667601,1.5171946557926922e-13,,,,,1.0,,0.0,1.0,0.75,2.847685247612971e-13,2.847685247612971e-13,0.0,2.259570199821425,0.6447065287087784,162,1.6025823754724158,0.7408500392796317,1282,791.9595949289333,0.5849268370393432,722.0,287.6509695290859,0.6032600642219776,862,0.49117026184683504,0.8233619396015222,0.4091722348267588,4,647.5,,,,,,,,,,,,,4.342544068079146e-19,0.03641360043841644,5.68784370311573e-27,0.975628259078248,0.24652051882845855,0.0015590171333270183,0.4200339702855046,1.0,0.003115530319731387,0.9999999999999541,0.0008499884728391216,0.0007982210227401261,0.0007982210227401261,0.0007982210227337869,,0.0,4.786380409530668e-19,0.020163910573049823,1.4108257588933865e-18,,,,,0.4782608695652174,,0.0,1.0,0.9302325581395349,9.54194168962319e-19,9.54194168962319e-19,0.9302325581395349,0.5814294660167882,0.18110015290550946,56,1.6896006038014426,0.8201478541413946,1346,912.1677477306463,0.573753388910913,701.0,107.52639087018545,0.6230916477264845,909,1009.0473684210526,935.5,610.6543869996938,760,0.4758535102197843,0.8532293215616218,0.41093374637766444,5,683.0
coif16,1.0,reflect,4.420529898090122e-26,313.0170491460434,8243461.949933416,0.6,292.226288933963,206,raw,1.413583381955743e-13,-2.2654234044239566e-10,6.92272275887855,58848.616844719305,0.7541019736084068,5.6189438836900605e-06,1.0,327.0000000000002,,,,[],[],13,661.1538461538463,87.00000000000009,940.0000000000002,"[8, 32, 51, 63, 81, 100, 111, 133, 152, 162, 175, 192, 204]","[878.0, 638.0000000000002, 787.0, 792.0000000000005, 940.0000000000002, 788.0000000000002, 637.0000000000001, 675.0000000000003, 771.0000000000002, 196.00000000000023, 834.0000000000001, 572.0000000000002, 87.00000000000009]","[0, 13, 42, 42, 76, 99, 107, 107, 107, 161, 164, 187, 203]","[76, 42, 61, 76, 205, 164, 119, 142, 164, 164, 205, 205, 205]",37754613.000000015,941.0000000000002,-941.0000000000002,0.0,,,,DWT,mdp.39015067403892,1.4901161193847656e-08,,0.0,33.0,19.0,0.0,28.5,,2.2737367544323206e-13,256.3413461538463,4358.999999999998,256.3413461538463,,0.0,256.3413461538463,,,84.00000000000009,0.0,28.5,2.2737367544323206e-13,2.2737367544323206e-13,,2.2737367544323206e-13,1.602608682374407e-13,3.0485719184569746e-26,0.9411810666655055,0.9952381862903483,0.0028218981228781814,0.3214285714285712,8.978892254637159e-05,0.9999999997232148,0.47422802461169933,6.696054799077647e-09,6.696054799077647e-09,6.082088379347123e-09,,1.1437101752681067e-11,0.9999999933039181,2.7225927463116073e-13,,,,,,1.4749084227875944e-13,1.0,1.0,2.847685247612971e-13,2.847685247612971e-13,0.8422684098837705,0.27536483381836985,96,1.5923460262356979,0.7648091888881824,381,0,0.28951900311685347,0.34592250957076154,96,0.0,0.4075949388941531,0.7403337204565842,436,181.81377835576708,0.8094195195432211,252.25,155.3302553912688,0.7725032608198286,200,coif,0.5507900112560971,0.8749445204262634,0.351963635992853,2,150.5,1.6026086823744068e-13,0.0001547883299646835,3.048571918456974e-26,0.9411810666655055,0.9952381862903484,0.003852461200728667,0.49,0.0024552770758997067,0.9999999997232147,0.9919828214562032,0.9855281704452481,0.9855281704452481,0.985528170445136,,2.4503221863198973e-12,0.9999999999667596,1.5171946557926922e-13,,,,,1.0,,1.4749084227875944e-13,1.0,0.75,2.847685247612971e-13,2.847685247612971e-13,0.0,2.259570199822419,0.6447065287090621,97,1.6612825109635248,0.7679862404196749,1044,669.6301217836605,0.6490408166752304,570.5,177.50744960560914,0.6750183119015565,481,0.4784248188775415,0.776734912893196,0.43208215291776214,2,361.25,,,,,,,,,,,,,1.0760520532098078e-18,0.036413600438416405,3.048571918456974e-26,0.9573350880992303,0.3076637703967372,0.002162295615888268,0.370694087403599,1.0,0.0024552770758997067,0.9999999999999541,0.0008499884728391233,0.0007982210227401272,0.0007982210227401272,0.0007982210227337884,,0.0,1.9145521638122673e-18,0.020163910573049813,1.4108257588933865e-18,,,,,0.4782608695652174,,4.666576700876887e-21,1.0,0.9302325581395349,9.54194168962319e-19,9.54194168962319e-19,0.9302325581395349,0.5814294660167882,0.18110015290550946,67,1.6894979117891569,0.820098006483123,1348,905.8037866999674,0.5767272024766508,707.5,127.65512367491166,0.6230598629205684,910,986.6382352941176,846.0,585.0035688138154,340,0.4652856568234462,0.8173890317607586,0.42908333069536003,4,683.5
bior3.3,1.0,smooth,1.6241650388814432e-27,327.36549089046804,6959749.857980812,0.6084905660377359,222.38262548710452,206,raw,2.0488465293276682e-14,-2.0802970457367854e-10,6.052882284808469,91960.37746009268,0.9052039590283888,5.618943883690066e-06,1.0,327.0,,,,[],[],13,661.1538461538462,86.99999999999997,940.0,"[8, 32, 51, 63, 81, 100, 111, 133, 152, 162, 175, 192, 204]","[877.9999999999999, 638.0, 787.0, 791.9999999999999, 940.0, 788.0, 637.0, 675.0, 771.0, 196.0, 834.0000000000001, 572.0, 86.99999999999997]","[0, 13, 42, 42, 76, 99, 107, 107, 107, 161, 99, 187, 203]","[76, 42, 61, 76, 205, 164, 119, 142, 164, 164, 205, 205, 205]",37754613.0,941.0,-941.0,0.0,,,,DWT,mdp.39015067403892,0.0,,0.0,33.0,19.0,0.0,28.5,,0.0,256.3413461538462,4359.0,256.34134615384613,,0.0,256.3413461538462,,,83.99999999999997,0.0,24.0,0.0,0.0,,0.0,7.539686870673422e-15,3.5248925162796244e-28,0.9941300650305885,0.6947519377446808,0.0013772309394985676,0.3851078167115905,0.002770616297291728,0.9999999997234938,0.47422802461156727,6.6959667625959335e-09,6.6959667625959335e-09,6.0819563246244724e-09,,0.0,0.9999999933040264,0.0,,,,,,0.0,1.0,0.5,0.0,0.0,0.7922684098776503,0.25901821374923567,568,1.4996939964533953,0.7203081052172154,631,0,0.24785233644912363,0.2961384271997261,570,0.0,0.38476720830589395,0.6988706474315897,654,43.46933785248325,0.9544346563391161,605.75,603.4286162109435,0.659738292530145,400,bior,0.672619891330026,0.76736776154697,0.2989557476048908,5,301.25,7.53968687067341e-15,0.0001547883299646835,3.5248925162796244e-28,0.9941300650305885,0.6947519377446809,0.00240928705119744,0.5378599801390271,0.0051297624158044425,0.9999999997234937,0.9919828214562011,0.9855281704452468,0.9855281704452468,0.9855281704451341,,0.0,0.9999999999667601,0.0,,,,,1.0,,0.0,1.0,0.5,0.0,0.0,0.0,2.2345701998209284,0.6375734627746847,576,1.5623009848266138,0.7222285504258164,1434,606.6976182580578,0.6820243090890683,1005.0,821.8746268656716,0.5776473746703203,987,0.5943810304597339,0.7715092316736338,0.3524805091760961,5,741.5,,,,,,,,,,,,,5.062430789858755e-20,0.03641360043841643,3.5248925162796244e-28,0.9957421829309796,0.21477270828373224,0.0018248207764161835,0.4069010499766419,1.0,0.0051297624158044425,0.9999999999999541,0.0008499884728391218,0.0007982210227401261,0.0007982210227401261,0.0007982210227337869,,0.0,0.0,0.020163910573049823,0.0,,,,,0.4782608695652174,,0.0,1.0,0.8604651162790697,0.0,0.0,0.9302325581395349,0.5744527218307418,0.17892707859001003,345,1.681480479377147,0.8162062701913394,1396,743.1692270270614,0.6527246602677284,870.5,553.268236645606,0.6229744796665745,911,1104.4,1082.5,563.6960149978129,300,0.520820561188399,0.7876173146100969,0.3991404127850916,6,684.75
db19,1.0,zero,8.928251136854011e-27,319.96412849107793,5950360.077490032,0.6115702479338843,220.87015982384446,206,raw,6.350044546283225e-14,-2.029909573764174e-10,6.344929131738455,68943.58609384604,0.8167907343160031,5.6189438836900665e-06,1.0,327.0,,,,[],[],13,661.1538461538462,86.99999999999996,939.9999999999998,"[8, 32, 51, 63, 81, 100, 111, 133, 152, 162, 175, 192, 204]","[878.0, 638.0000000000001, 787.0, 792.0, 939.9999999999998, 787.9999999999998, 637.0, 675.0, 770.9999999999999, 196.0, 833.9999999999999, 572.0000000000001, 86.99999999999996]","[0, 13, 42, 42, 76, 99, 107, 107, 107, 161, 164, 187, 203]","[76, 42, 61, 76, 205, 164, 119, 142, 164, 164, 205, 205, 205]",37754613.0,940.9999999999998,-940.9999999999998,0.0,,,,DWT,mdp.39015067403892,0.0,,0.0,33.0,19.0,0.0,28.5,,2.2737367544323206e-13,256.3413461538462,4359.0,256.34134615384613,,0.0,256.3413461538462,,,83.99999999999996,0.0,28.5,2.2737367544323206e-13,2.2737367544323206e-13,,0.0,6.188607002380427e-14,5.52134422246792e-27,0.9668173621904371,0.7956394729302557,0.00024128129763165802,0.40820543093270334,0.0009071078873889288,0.9999999997235698,0.4742280246115508,6.6959667625959335e-09,6.6959667625959335e-09,6.0819563246244724e-09,,0.0,0.9999999933040264,2.7225927463116073e-13,,,,,,0.0,1.0,1.0,2.847685247612971e-13,2.847685247612971e-13,0.8422684098778954,0.2753648338164491,199,1.5416758098456893,0.7404721123611393,527,0,0.28951900311585904,0.3459225095695734,199,0.0,0.396476331870256,0.7201384753276105,543,194.09963077416367,0.7965412675323231,367.0,290.07777885315795,0.7059226253804174,325,db,0.540986235965534,0.9305070477545101,0.3421575204977732,3,244.5,6.188607002380425e-14,0.0001547883299646835,5.52134422246792e-27,0.9668173621904371,0.7956394729302558,0.0012745113899434238,0.555219660722053,0.0032706625088036686,0.9999999997235697,0.9919828214562009,0.9855281704452468,0.9855281704452468,0.9855281704451341,,0.0,0.9999999999667601,1.5171946557926922e-13,,,,,1.0,,0.0,1.0,0.75,2.847685247612971e-13,2.847685247612971e-13,0.0,2.2595701998211184,0.6447065287086909,200,1.6019899751551405,0.7405761814080866,1286,767.9179643685906,0.597527272343506,743.0,346.164199192463,0.604057137219971,852,0.49117026184683504,0.8233619396015222,0.4091722348267588,4,640.0,,,,,,,,,,,,,4.155264691037217e-19,0.03641360043841644,5.52134422246792e-27,0.975930635961569,0.24596065895604707,0.0015594624797456668,0.4200339702855046,1.0,0.0032706625088036686,0.9999999999999541,0.0008499884728391216,0.0007982210227401261,0.0007982210227401261,0.0007982210227337869,,0.0,0.0,0.020163910573049823,1.4108257588933865e-18,,,,,0.4782608695652174,,0.0,1.0,0.9302325581395349,9.54194168962319e-19,9.54194168962319e-19,0.9302325581395349,0.5814294660167882,0.18110015290550946,59,1.6895643755440677,0.8201302686081754,1347,910.7535341682732,0.5744142363699658,703.0,113.04836415362732,0.6229547817363847,912,1009.0473684210526,935.5,610.6543869996938,760,0.4758535102197843,0.8532293215616218,0.41093374637766444,5,685.25
db7,1.0,smooth,5.4106207955049e-27,322.1393214947537,9673130.591432178,0.6238532110091743,303.20572543711086,206,raw,4.726316425608142e-14,-2.033088142283674e-10,5.8029722954296705,184929.15256264494,0.9240613646803701,5.618943883690066e-06,1.0,327.0,,,,[],[],13,661.1538461538462,86.99999999999983,939.9999999999999,"[8, 32, 51, 63, 81, 100, 111, 133, 152, 162, 175, 192, 204]","[878.0, 638.0, 786.9999999999998, 791.9999999999999, 939.9999999999999, 788.0, 637.0, 675.0, 771.0, 196.0, 834.0, 571.9999999999999, 86.99999999999983]","[0, 13, 42, 42, 76, 99, 107, 107, 107, 161, 164, 187, 203]","[76, 39, 61, 76, 205, 164, 119, 142, 164, 164, 205, 205, 205]",37754613.0,940.9999999999999,-940.9999999999999,0.0,,,,DWT,mdp.39015067403892,0.0,,0.0,33.0,19.0,0.0,28.5,,1.1368683772161603e-13,256.3413461538462,4359.0,256.34134615384613,,0.0,256.3413461538462,,,83.99999999999983,0.0,28.5,1.1368683772161603e-13,1.1368683772161603e-13,,0.0,4.13699835207278e-14,3.0320360692539664e-27,0.9748443168135843,0.6084205730622041,0.004430822259705921,0.500327653997379,0.010297646955267395,0.999999999723565,0.4742280246114022,6.6959667625959335e-09,6.6959667625959335e-09,6.0819563246244724e-09,,0.0,0.9999999933040264,1.3612963731558036e-13,,,,,,0.0,1.0,1.0,1.4238426238064856e-13,1.4238426238064856e-13,0.8422684098777257,0.2753648338163936,215,1.4955824080196027,0.7183332953685516,642,0,0.28951900311581164,0.34592250956951676,215,0.0,0.3872901266014684,0.7034531417413525,632,243.6760144125802,0.7445744083725574,426.0,321.48561172952225,0.6490167639347064,414,db,0.540986235965534,0.9305070477545101,0.3421575204977732,3,311.25,4.136998352072779e-14,0.0001547883299646835,3.0320360692539657e-27,0.9748443168135843,0.6084205730622041,0.005459722547521853,0.6244567841622408,0.01263898637308427,0.9999999997235649,0.9919828214561985,0.9855281704452468,0.9855281704452468,0.9855281704451341,,0.0,0.9999999999667601,7.585973278963461e-14,,,,,1.0,,0.0,1.0,0.75,1.4238426238064856e-13,1.4238426238064856e-13,0.0,2.2595701998210234,0.6447065287086639,212,1.5467314824955714,0.7150310006523659,1467,887.4190103891171,0.5348956968610497,839.5,370.46337105419894,0.5474530895206715,1218,0.49117026184683504,0.8233619396015222,0.4091722348267588,4,914.5,,,,,,,,,,,,,2.777737085685838e-19,0.03641360043841643,3.0320360692539657e-27,0.9817530691886471,0.18808459128059538,0.0025381409462490586,0.4724131382204245,1.0,0.012638986373084271,0.9999999999999541,0.0008499884728391198,0.0007982210227401261,0.0007982210227401261,0.0007982210227337869,,0.0,0.0,0.020163910573049823,7.054128794466933e-19,,,,,0.4782608695652174,,0.0,1.0,0.9302325581395349,4.770970844811595e-19,4.770970844811595e-19,0.9302325581395349,0.5814294660167882,0.18110015290550946,82,1.6893081375955206,0.8200058883237592,1351,897.3185053257288,0.5806922872309679,716.5,154.61549197487787,0.6229396015594092,913,1009.0473684210526,935.5,610.6543869996938,760,0.4758535102197843,0.8532293215616218,0.41093374637766444,5,686.0
db20,1.0,periodic,9.337784829319816e-27,317.54496011988283,5480975.072427215,0.5368852459016393,114.03126285860326,206,smoothed,6.681171258093758e-14,-2.0500678932222666e-10,6.437743008385211,31560.54241260868,0.9789218004224546,0.00014966566451320274,0.9999999999999997,362.40000000000015,,,,[],[],11,426.59999999999997,32.200000000000045,728.4000000000002,"[9, 31, 53, 64, 80, 102, 131, 148, 158, 175, 192]","[310.9999999999998, 417.7999999999999, 589.5999999999999, 432.20000000000005, 728.4000000000002, 371.0000000000001, 586.9999999999999, 32.200000000000045, 448.1999999999998, 367.9999999999999, 407.20000000000005]","[1, 1, 1, 60, 1, 94, 120, 144, 144, 165, 186]","[20, 40, 75, 75, 205, 120, 205, 149, 205, 186, 205]",30736475.839999996,728.4000000000002,-728.4000000000002,0.0,,,,DWT,mdp.39015067403892,0.0,,0.0,15.0,11.0,0.0,33.0,,2.2737367544323206e-13,168.40000000000003,987.7999999999993,168.39999999999998,,0.0,168.40000000000003,,,28.000000000000057,0.0,33.0,2.2737367544323206e-13,2.2737367544323206e-13,,1.7053025658242404e-13,9.793905342249897e-14,2.2540069215540237e-26,0.9712588419658894,0.437636678939333,0.2850878169777944,0.16357350864963766,0.02578867291046947,,0.9999996647593375,4.4059199552998455e-09,4.4059199552998455e-09,3.67866784340914e-09,,1.837741639739923e-12,0.9999999955940747,1.5171946557926922e-13,,,,,,0.0,0.0,1.0,3.4954031196328703e-13,3.4954031196328703e-13,0.8999999009731254,0.3383296774411605,376,1.0198624257621698,0.5177513789211505,196,0,0.24999997273721733,0.3557007787885001,376,0.0,0.26904935992046036,0.474675888392579,211,99.78101021737552,0.8954077461033799,289.75,263.8430840233474,0.7958432860495935,150,db,0.573477938514061,0.8443824841957417,0.34525069778143475,3,113.25,6.606991347424578e-14,0.9999999999705138,5.8111573809705134e-27,0.9578900832278249,0.8277020113357946,0.0007468196203240633,0.13423209663503033,0.00025117938775005583,0.9999999997235393,2.0315811924354055e-05,4.745387416349445e-11,4.745387416349445e-11,3.962102868015904e-11,,1.837741639739923e-12,0.0031261328403482946,1.5171946557926922e-13,,,,,0.0,,0.0,0.0,1.0,2.847685247612971e-13,2.847685247612971e-13,1.0,0.30156916120521876,0.08604450842093775,1329,1.742751775704456,0.8056482719677315,305,724.0773439350247,0.6205045367216852,817.0,496.1383108935128,0.5961537358660837,883,0.49117026184683504,0.8233619396015222,0.4091722348267588,4,663.25,,,,,,,,,,,,,4.436183756600112e-19,0.9999999999715831,5.8111573809705134e-27,0.9694551433121625,0.2558723379794446,0.001436065940734156,0.1015490705354985,0.9999999999999997,0.00025117938775005583,0.9999999999999541,9.960751159770499e-05,3.8434858594393884e-14,3.8434858594393884e-14,3.2090649582094954e-14,,0.0,1.4359141228592004e-18,0.004567040150618464,1.4108257588933865e-18,,,,,0.13043478260869565,,0.0,0.7209302325581395,1.0,9.54194168962319e-19,9.54194168962319e-19,1.0,0.42658033862811345,0.13286867808967343,1382,1.8510473879081428,0.898515625344381,260,793.3738084913064,0.6292645754713522,821.0,437.6613885505481,0.622809857829134,914,1009.0473684210526,935.5,610.6543869996938,760,0.4758535102197843,0.8532293215616218,0.41093374637766444,5,686.75
coif1,1.0,constant,2.9834566258583867e-27,322.50020145887436,4954951.514395934,0.5285714285714286,100.47168195816027,206,smoothed,3.381976468023195e-14,-2.099068918681727e-10,6.203183976815793,33280.45228117914,0.9798328529597968,0.00014966566451320276,0.9999999999999999,362.4,,,,[],[],11,426.6,32.200000000000045,728.4000000000001,"[9, 31, 53, 64, 80, 102, 131, 148, 158, 175, 192]","[311.00000000000006, 417.80000000000007, 589.6, 432.19999999999993, 728.4000000000001, 371.0000000000001, 587.0, 32.200000000000045, 448.2000000000001, 368.0, 407.2000000000001]","[0, 0, 0, 60, 0, 94, 120, 144, 144, 165, 186]","[20, 40, 75, 75, 203, 120, 203, 149, 203, 186, 203]",30736475.840000007,728.4000000000001,-728.4000000000001,0.0,,,,DWT,mdp.39015067403892,1.1175870895385742e-08,,0.0,33.0,11.0,0.0,33.0,,1.1368683772161603e-13,168.4000000000001,987.7999999999984,168.40000000000003,,0.0,168.4000000000001,,,28.000000000000057,0.0,15.0,1.1368683772161603e-13,1.1368683772161603e-13,,0.0,2.5460365145036486e-14,3.943494500347337e-27,0.9900858497823989,0.0993077790822659,0.059342243699177497,0.10646603558323861,0.04005159903567539,,0.9999996647593375,4.4059791007223055e-09,4.4059791007223055e-09,3.6787269888316428e-09,,0.0,0.9999999955939887,7.585973278963461e-14,,,,,,2.3840087137460624e-13,1.0,0.0,1.7477015598164352e-13,1.7477015598164352e-13,0.8999999009722283,0.3383296774408232,419,0.7319835751077343,0.37160453781443825,707,0,0.24999997273705626,0.35570077878827094,410,0.0,0.185036215311826,0.3264539633690546,741,179.2658640120868,0.8120902892955065,569.25,527.0360218229404,0.6076960880439797,551,coif,0.5556920286951962,0.9053407607371553,0.33941335169221604,4,414.25,2.438401492896135e-14,0.999999999970514,1.3144139855268346e-27,0.976176045580413,0.7466736325009868,0.00015545368573940043,0.08736842105263184,0.00039009902367281336,0.9999999997234654,2.0315811924354055e-05,4.745454029730922e-11,4.745454029730922e-11,3.962169481397382e-11,,0.0,0.0031261328403480726,7.585973278963461e-14,,,,,0.0,,1.1061813170906958e-13,1.0,0.0,1.4238426238064856e-13,1.4238426238064856e-13,1.0,0.3015691612042608,0.08604450842066443,1541,1.6942235783526804,0.7832144068107941,810,516.8950570473662,0.7290906409604999,1175.5,1061.8545299872394,0.5565002471049879,1133,0.4784248188775415,0.776734912893196,0.43208215291776214,2,850.25,,,,,,,,,,,,,1.6372349419031506e-19,0.9999999999715833,1.3144139855268346e-27,0.9827190522028129,0.2308235638418943,0.0012977797027856428,0.06609583083673215,0.9999999999999999,0.0003900990236728138,0.9999999999999541,9.960751159770499e-05,3.8435400695480126e-14,3.8435400695480126e-14,3.20911916831812e-14,,0.0,0.0,0.00456704015061846,7.054128794466933e-19,,,,,0.13043478260869565,,3.499932525657665e-21,1.0,0.7209302325581395,4.770970844811595e-19,4.770970844811595e-19,1.0,0.42658033862811345,0.13286867808967343,1431,1.8322864750296461,0.8894089036703865,542,628.6179284748407,0.7062533044510091,986.5,786.2159148504816,0.6226359980198971,915,986.6382352941176,846.0,585.0035688138154,340,0.4652856568234462,0.8173890317607586,0.42908333069536003,4,687.25
bior3.3,1.0,antireflect,1.6175477978900746e-27,327.3832212409603,6863701.198441506,0.6084905660377359,222.38262548710452,206,raw,2.02815110983951e-14,-2.080630112644173e-10,6.042643964457965,85987.42503233626,0.8964561148111073,5.618943883690066e-06,1.0,327.0,,,,[],[],13,661.1538461538462,86.99999999999997,940.0,"[8, 32, 51, 63, 81, 100, 111, 133, 152, 162, 175, 192, 204]","[877.9999999999999, 638.0, 787.0, 791.9999999999999, 940.0, 788.0, 637.0, 675.0, 771.0, 196.0, 834.0000000000001, 572.0, 86.99999999999997]","[0, 13, 42, 42, 76, 99, 107, 107, 107, 161, 99, 187, 203]","[76, 42, 61, 76, 205, 164, 119, 142, 164, 164, 205, 205, 205]",37754613.0,941.0,-941.0,0.0,,,,DWT,mdp.39015067403892,0.0,,0.0,33.0,19.0,0.0,28.5,,0.0,256.3413461538462,4359.0,256.34134615384613,,0.0,256.3413461538462,,,83.99999999999997,0.0,24.0,0.0,0.0,,0.0,7.278196655020825e-15,3.478064537347433e-28,0.9941954940378599,0.6912151116653695,0.0012691394544109915,0.3851078167115905,0.002287028167914314,0.9999999997234933,0.47422802461156727,6.6959667625959335e-09,6.6959667625959335e-09,6.0819563246244724e-09,,0.0,0.9999999933040264,0.0,,,,,,0.0,1.0,0.5,0.0,0.0,0.7922684098776503,0.25901821374923567,566,1.4977173598238076,0.7193587199501353,637,0,0.24785233644912363,0.2961384271997261,567,0.0,0.3842593237200807,0.6979481529423357,659,47.90528850415856,0.9497848128887226,607.25,604.4339206889176,0.6566272072829358,403,bior,0.672619891330026,0.76736776154697,0.2989557476048908,5,303.5,7.278196655020825e-15,0.0001547883299646835,3.4780645373474187e-28,0.9941954940378599,0.6912151116653695,0.0023013072764385923,0.5378599801390271,0.004647318311138919,0.9999999997234932,0.9919828214562011,0.9855281704452468,0.9855281704452468,0.9855281704451341,,0.0,0.9999999999667601,0.0,,,,,1.0,,0.0,1.0,0.5,0.0,0.0,0.0,2.2345701998209284,0.6375734627746847,566,1.5603248616620753,0.7213150180255625,1439,617.304219975856,0.6764652935137023,1002.5,812.4428927680798,0.5755230031509811,1003,0.5943810304597339,0.7715092316736338,0.3524805091760961,5,753.5,,,,,,,,,,,,,4.886856373881941e-20,0.03641360043841643,3.4780645373474187e-28,0.9957896425272819,0.21367934866209792,0.001799570561696906,0.4069010499766419,1.0,0.004647318311138919,0.9999999999999541,0.0008499884728391218,0.0007982210227401261,0.0007982210227401261,0.0007982210227337869,,0.0,0.0,0.020163910573049823,0.0,,,,,0.4782608695652174,,0.0,1.0,0.8604651162790697,0.0,0.0,0.9302325581395349,0.5744527218307418,0.17892707859001003,342,1.6807566725748855,0.8158549276347896,1398,746.7047609329942,0.6510725416200962,870.0,549.5586206896552,0.6222652427726649,916,1104.4,1082.5,563.6960149978129,300,0.520820561188399,0.7876173146100969,0.3991404127850916,6,688.5
bior3.3,1.0,reflect,1.6231234361328017e-27,327.36827698320394,6866748.9091239665,0.6084905660377359,221.53083581965248,206,raw,2.036774201292909e-14,-2.0805968059534342e-10,6.045148372973087,77998.00155534266,0.884300803997233,5.618943883690066e-06,1.0,327.0,,,,[],[],13,661.1538461538462,86.99999999999996,940.0,"[8, 32, 51, 63, 81, 100, 111, 133, 152, 162, 175, 192, 204]","[877.9999999999999, 638.0, 787.0, 791.9999999999999, 940.0, 788.0, 637.0, 675.0, 771.0, 196.0, 834.0000000000001, 572.0, 86.99999999999996]","[0, 13, 42, 42, 76, 99, 107, 107, 107, 161, 99, 187, 203]","[76, 42, 61, 76, 205, 164, 119, 142, 164, 164, 205, 205, 205]",37754613.0,941.0,-941.0,0.0,,,,DWT,mdp.39015067403892,0.0,,0.0,33.0,19.0,0.0,28.5,,0.0,256.3413461538462,4359.0,256.34134615384613,,0.0,256.3413461538462,,,83.99999999999996,0.0,24.0,0.0,0.0,,0.0,7.387150911542738e-15,3.5175214455217723e-28,0.9941403463435246,0.6920802591745601,0.0012725692948206808,0.3851078167115905,0.0016401804990647923,0.9999999997234934,0.4742280246115508,6.6959667625959335e-09,6.6959667625959335e-09,6.0819563246244724e-09,,0.0,0.9999999933040264,0.0,,,,,,0.0,1.0,0.5,0.0,0.0,0.7922684098776455,0.25901821374923406,573,1.4978598208144667,0.7194271444463937,635,0,0.24785233644912225,0.29613842719972444,573,0.0,0.3842801464683827,0.69798597427241,658,43.461668935588136,0.9544426950360712,609.75,607.4447162758659,0.6576458758199224,401,bior,0.672619891330026,0.76736776154697,0.2989557476048908,5,302.0,7.387150911542738e-15,0.0001547883299646835,3.5175214455217723e-28,0.9941403463435246,0.6920802591745602,0.0023047335721786957,0.5378599801390271,0.004002000890186395,0.9999999997234933,0.9919828214562009,0.9855281704452468,0.9855281704452468,0.9855281704451341,,0.0,0.9999999999667601,0.0,,,,,1.0,,0.0,1.0,0.5,0.0,0.0,0.0,2.2345701998209284,0.6375734627746847,573,1.5604679329795583,0.7213811577715121,1438,611.6473657263637,0.6794301018205642,1005.5,819.4669318746892,0.5762192437823994,997,0.5943810304597339,0.7715092316736338,0.3524805091760961,5,749.0,,,,,,,,,,,,,4.9600123805389515e-20,0.03641360043841643,3.5175214455217723e-28,0.9957496405859517,0.21394679674467107,0.0018003717738065124,0.4069010499766419,1.0,0.004002000890186395,0.9999999999999541,0.0008499884728391216,0.0007982210227401261,0.0007982210227401261,0.0007982210227337869,,0.0,0.0,0.020163910573049823,0.0,,,,,0.4782608695652174,,0.0,1.0,0.8604651162790697,0.0,0.0,0.9302325581395349,0.5744527218307418,0.17892707859001003,344,1.6806086690890476,0.8157830853656508,1399,745.9976541518076,0.6514029653496226,871.5,552.215720022949,0.6220799873477085,917,1104.4,1082.5,563.6960149978129,300,0.520820561188399,0.7876173146100969,0.3991404127850916,6,689.25
coif1,1.0,zero,2.9834566258583867e-27,322.50020145887436,4954951.514395934,0.5285714285714286,100.47168195816027,206,smoothed,3.381976468023195e-14,-2.099068918681727e-10,6.203183976815793,33280.45228117914,0.9798328529597968,0.00014966566451320276,0.9999999999999999,362.4,,,,[],[],11,426.6,32.200000000000045,728.4000000000001,"[9, 31, 53, 64, 80, 102, 131, 148, 158, 175, 192]","[311.00000000000006, 417.80000000000007, 589.6, 432.19999999999993, 728.4000000000001, 371.0000000000001, 587.0, 32.200000000000045, 448.2000000000001, 368.0, 407.2000000000001]","[0, 0, 0, 60, 0, 94, 120, 144, 144, 165, 186]","[20, 40, 75, 75, 203, 120, 203, 149, 203, 186, 203]",30736475.840000007,728.4000000000001,-728.4000000000001,0.0,,,,DWT,mdp.39015067403892,1.1175870895385742e-08,,0.0,33.0,11.0,0.0,33.0,,1.1368683772161603e-13,168.4000000000001,987.7999999999984,168.40000000000003,,0.0,168.4000000000001,,,28.000000000000057,0.0,15.0,1.1368683772161603e-13,1.1368683772161603e-13,,0.0,2.5460365145036486e-14,3.943494500347337e-27,0.9900858497823989,0.0993077790822659,0.059342243699177497,0.10646603558323861,0.04005159903567539,,0.9999996647593375,4.4059791007223055e-09,4.4059791007223055e-09,3.6787269888316428e-09,,0.0,0.9999999955939887,7.585973278963461e-14,,,,,,2.3840087137460624e-13,1.0,0.0,1.7477015598164352e-13,1.7477015598164352e-13,0.8999999009722283,0.3383296774408232,415,0.7319835751077343,0.37160453781443825,706,0,0.24999997273705626,0.35570077878827094,411,0.0,0.185036215311826,0.3264539633690546,739,179.2044921311963,0.812154620407551,567.75,525.4626630632371,0.6085144171220145,543,coif,0.5556920286951962,0.9053407607371553,0.33941335169221604,4,408.25,2.438401492896135e-14,0.999999999970514,1.3144139855268346e-27,0.976176045580413,0.7466736325009868,0.00015545368573940043,0.08736842105263184,0.00039009902367281336,0.9999999997234654,2.0315811924354055e-05,4.745454029730922e-11,4.745454029730922e-11,3.962169481397382e-11,,0.0,0.0031261328403480726,7.585973278963461e-14,,,,,0.0,,1.1061813170906958e-13,1.0,0.0,1.4238426238064856e-13,1.4238426238064856e-13,1.0,0.3015691612042608,0.08604450842066443,1542,1.6942235783526804,0.7832144068107941,811,516.8950570473662,0.7290906409604999,1176.5,1062.9511262218446,0.5562381925976504,1136,0.4784248188775415,0.776734912893196,0.43208215291776214,2,852.5,,,,,,,,,,,,,1.6372349419031506e-19,0.9999999999715833,1.3144139855268346e-27,0.9827190522028129,0.2308235638418943,0.0012977797027856428,0.06609583083673215,0.9999999999999999,0.0003900990236728138,0.9999999999999541,9.960751159770499e-05,3.8435400695480126e-14,3.8435400695480126e-14,3.20911916831812e-14,,0.0,0.0,0.00456704015061846,7.054128794466933e-19,,,,,0.13043478260869565,,3.499932525657665e-21,1.0,0.7209302325581395,4.770970844811595e-19,4.770970844811595e-19,1.0,0.42658033862811345,0.13286867808967343,1434,1.8322864750296461,0.8894089036703865,543,630.0321420372138,0.7055924569919562,988.5,787.720789074355,0.6218382845707444,918,986.6382352941176,846.0,585.0035688138154,340,0.4652856568234462,0.8173890317607586,0.42908333069536003,4,689.5
db37,1.0,periodic,1.6491545296413275e-26,315.0747852228459,5929565.978038206,0.5251798561151079,116.84482807377636,206,smoothed,9.467615472616565e-14,-2.0480490636742883e-10,6.619671700629518,30724.179169178144,0.9786082897783969,0.00014966566451320282,0.9999999999999999,362.39999999999986,,,,[],[],11,426.6,32.2000000000001,728.3999999999996,"[9, 31, 53, 64, 80, 102, 131, 148, 158, 175, 192]","[311.00000000000017, 417.8000000000002, 589.6000000000003, 432.20000000000016, 728.3999999999996, 371.0000000000001, 586.9999999999998, 32.2000000000001, 448.20000000000044, 367.99999999999994, 407.20000000000016]","[1, 1, 1, 60, 1, 94, 120, 144, 144, 165, 186]","[20, 40, 75, 75, 204, 120, 204, 149, 204, 186, 204]",30736475.84,728.3999999999996,-728.3999999999996,0.0,,,,DWT,mdp.39015067403892,3.725290298461914e-09,,0.0,15.0,11.0,0.0,33.0,,3.410605131648481e-13,168.4000000000001,987.7999999999984,168.40000000000015,,0.0,168.4000000000001,,,28.000000000000114,0.0,33.0,3.410605131648481e-13,3.410605131648481e-13,,1.1368683772161603e-13,1.5915332977706907e-13,4.347626211606237e-26,0.9618736276214909,0.700051363582312,0.47760279013552676,0.08316938074836913,0.018852851811424085,,0.9999996648089,4.4059791007223055e-09,4.4059791007223055e-09,3.6788452796766485e-09,,1.2251610931599486e-12,0.9999999955939887,2.275791983689038e-13,,,,,,7.946695712486874e-14,0.0,1.0,5.243104679449306e-13,5.243104679449306e-13,0.8999999009878812,0.3383296774467075,342,1.206760146455779,0.612633345509948,123,0,0.24999997274135602,0.35570077879438866,339,0.0,0.32022143055704033,0.5649572705801722,131,123.31362455138523,0.8707404354807282,233.75,184.8642556796612,0.8128597355600706,119,db,0.573477938514061,0.8443824841957417,0.34525069778143475,3,90.0,1.0127711954109586e-13,0.9999999999705143,1.0873631981427129e-26,0.9487745786375441,0.8905492481164858,0.0012511342581240838,0.06825066262779245,0.00018362510516830742,0.9999999997235424,2.0315811925353255e-05,4.745454029730922e-11,4.745454029730922e-11,3.9622916059300906e-11,,1.2251610931599486e-12,0.0031261328403480726,2.275791983689038e-13,,,,,0.0,,3.687271056968986e-14,0.0,1.0,4.2715278714194565e-13,4.2715278714194565e-13,1.0,0.3015691612050269,0.08604450842088301,1344,1.7425386533436173,0.8055497486644585,307,733.2697320904498,0.6156867232230347,825.5,499.8279830405814,0.5915173658043895,908,0.49117026184683504,0.8233619396015222,0.4091722348267588,4,682.0,,,,,,,,,,,,,6.800128666712863e-19,0.9999999999715837,1.0873631981427129e-26,0.9628431192881344,0.27530066990372126,0.0015539959227049852,0.051632892035715194,0.9999999999999999,0.00018362510516830742,0.9999999999999541,9.960751159770586e-05,3.8435400695480126e-14,3.8435400695480126e-14,3.209227588535368e-14,,0.0,9.572760819061336e-19,0.00456704015061846,2.11623863834008e-18,,,,,0.13043478260869565,,1.1666441752192217e-21,0.7209302325581395,1.0,1.4312912534434783e-18,1.4312912534434783e-18,1.0,0.42658033862811345,0.13286867808967343,1423,1.8368598113339039,0.8916288436655339,472,672.4585489084067,0.6857670332203707,947.5,708.8717678100264,0.6215050119372881,919,1009.0473684210526,935.5,610.6543869996938,760,0.4758535102197843,0.8532293215616218,0.41093374637766444,5,690.5
bior3.7,1.0,periodization,3.412817628733876e-27,324.1406616541757,6815400.502114514,0.6116504854368932,231.03674964074239,206,raw,3.81873605013787e-14,-2.1178281350842404e-10,6.040320390964278,79683.27766177674,0.8886485599963636,5.618943883690066e-06,1.0,327.0,,,,[],[],13,661.1538461538462,87.00000000000001,940.0000000000001,"[8, 32, 51, 63, 81, 100, 111, 133, 152, 162, 175, 192, 204]","[877.9999999999999, 637.9999999999999, 787.0, 792.0, 940.0000000000001, 788.0000000000001, 636.9999999999999, 675.0, 771.0000000000001, 196.0, 834.0000000000001, 572.0000000000001, 87.00000000000001]","[0, 13, 42, 42, 76, 99, 107, 107, 107, 161, 99, 187, 203]","[76, 42, 61, 76, 205, 164, 119, 142, 164, 164, 205, 205, 205]",37754613.0,941.0000000000001,-941.0000000000001,0.0,,,,DWT,mdp.39015067403892,0.0,,0.0,33.0,19.0,0.0,28.5,,1.1368683772161603e-13,256.3413461538462,4359.0,256.34134615384613,,0.0,256.3413461538462,,,84.00000000000001,0.0,24.0,1.1368683772161603e-13,1.1368683772161603e-13,,0.0,2.990254802179634e-14,1.618258261761998e-27,0.9822297150830784,0.6904124335845587,0.0012147826937670583,0.40880721220527005,0.0017766255033825366,0.9999999997234372,0.4742280246116168,6.6959667625959335e-09,6.6959667625959335e-09,6.0819563246244724e-09,,0.0,0.9999999933040264,1.3612963731558036e-13,,,,,,0.0,1.0,0.5,1.4238426238064856e-13,1.4238426238064856e-13,0.7922684098777901,0.25901821374928136,521,1.4993849721618546,0.7201596798034763,632,0,0.24785233644916277,0.29613842719977285,521,0.0,0.3855550960991905,0.7003017248215496,646,68.36665854054884,0.9283368359113744,580.0,573.9673363545969,0.6601851894441568,399,bior,0.672619891330026,0.76736776154697,0.2989557476048908,5,300.5,2.9902548021796334e-14,0.0001547883299646835,1.618258261761998e-27,0.9822297150830784,0.6904124335845587,0.0022470066923898388,0.5556719468574347,0.004138123106480054,0.9999999997234371,0.9919828214562019,0.9855281704452468,0.9855281704452468,0.9855281704451341,,0.0,0.9999999999667601,7.585973278963461e-14,,,,,1.0,,0.0,1.0,0.5,1.4238426238064856e-13,1.4238426238064856e-13,0.0,2.234570199821024,0.6375734627747119,521,1.5596380135622605,0.7209974983463778,1441,650.5382386916237,0.659047044710889,981.0,765.3017329255862,0.5724480506573313,1023,0.5943810304597339,0.7715092316736338,0.3524805091760961,5,768.5,,,,,,,,,,,,,2.007770115620876e-19,0.03641360043841643,1.618258261761998e-27,0.9871101429854151,0.21343121211734017,0.0017868728003830369,0.42037613313489364,1.0,0.004138123106480054,0.9999999999999541,0.0008499884728391223,0.0007982210227401261,0.0007982210227401261,0.0007982210227337869,,0.0,0.0,0.020163910573049823,7.054128794466933e-19,,,,,0.4782608695652174,,0.0,1.0,0.8604651162790697,4.770970844811595e-19,4.770970844811595e-19,0.9302325581395349,0.5744527218307418,0.17892707859001003,336,1.680604910878167,0.8157812610951208,1400,752.3616151824866,0.6484291517838847,868.0,541.9354838709678,0.6214108375741854,920,1104.4,1082.5,563.6960149978129,300,0.520820561188399,0.7876173146100969,0.3991404127850916,6,691.5
bior3.9,1.0,symmetric,2.692083574613453e-27,322.94651335993217,5385458.775404811,0.53125,85.17896674520803,206,smoothed,3.197442310920451e-14,-2.0403214673336874e-10,6.258284748782445,36626.00280574896,0.992023428346098,0.00014966566451320276,0.9999999999999999,362.4,,,,[],[],11,426.6,32.19999999999999,728.4000000000001,"[9, 31, 53, 64, 80, 102, 131, 148, 158, 175, 192]","[311.0, 417.8000000000002, 589.6, 432.20000000000005, 728.4000000000001, 371.00000000000006, 587.0, 32.19999999999999, 448.20000000000005, 368.0, 407.19999999999993]","[1, 1, 1, 60, 1, 94, 120, 144, 144, 165, 186]","[20, 40, 75, 75, 205, 120, 205, 149, 205, 186, 205]",30736475.83999999,728.4000000000001,-728.4000000000001,0.0,,,,DWT,mdp.39015067403892,7.450580596923828e-09,,0.0,15.0,11.0,0.0,33.0,,1.1368683772161603e-13,168.4000000000001,987.7999999999984,168.40000000000003,,0.0,168.4000000000001,,,28.0,0.0,33.0,1.1368683772161603e-13,1.1368683772161603e-13,,0.0,2.140640819485956e-14,3.090762229685203e-27,0.9917815729722459,0.17878535637280507,0.24409653265305126,0.1248650982085045,0.06779569240479166,,0.999999664709775,4.4059791007223055e-09,4.4059791007223055e-09,3.6787269888316428e-09,,0.0,0.9999999955939887,7.585973278963461e-14,,,,,,1.5893391424973748e-13,0.0,1.0,1.7477015598164352e-13,1.7477015598164352e-13,0.8999999009573197,0.33832967743521875,564,0.8835742045416006,0.44856222881109853,277,0,0.2499999727329194,0.355700778782385,554,0.0,0.22961775037306,0.4051078570908321,317,152.1994305727412,0.8404618128168331,428.0,386.74298298188864,0.6959122481274941,336,bior,0.8100315533562081,0.7923003667562746,0.1952878026237719,6,253.5,2.205239383939239e-14,0.999999999970514,1.1082191208860378e-27,0.9778230375353834,0.7657081851043595,0.0006394383378808895,0.10246710526315811,0.0006603240333244694,0.9999999997235539,2.0315811923354854e-05,4.745454029730922e-11,4.745454029730922e-11,3.962169481397382e-11,,0.0,0.0031261328403480726,7.585973278963461e-14,,,,,0.0,,7.374542113937972e-14,0.0,1.0,1.4238426238064856e-13,1.4238426238064856e-13,1.0,0.30156916120424204,0.08604450842065907,1549,1.7111186058415258,0.7910247271851535,621,656.1950929411161,0.6560822364040273,1085.0,886.5705069124424,0.5437119777407977,1244,0.5943810304597339,0.7715092316736338,0.3524805091760961,5,934.25,,,,,,,,,,,,,1.4806810876571632e-19,0.9999999999715833,1.1082191208860378e-27,0.9839137145789644,0.23670782582303593,0.001410955678700577,0.07751826545798962,0.9999999999999999,0.0006603240333244694,0.9999999999999541,9.960751159770423e-05,3.8435400695480126e-14,3.8435400695480126e-14,3.20911916831812e-14,,0.0,0.0,0.00456704015061846,7.054128794466933e-19,,,,,0.13043478260869565,,2.3332883504384434e-21,0.7209302325581395,1.0,4.770970844811595e-19,4.770970844811595e-19,1.0,0.42658033862811345,0.13286867808967343,1414,1.840679055286229,0.8934827402165262,417,704.9854608429879,0.6705675416621553,915.5,644.0611687602403,0.6213819016721991,921,1104.4,1082.5,563.6960149978129,300,0.520820561188399,0.7876173146100969,0.3991404127850916,6,692.25
bior3.1,1.0,smooth,7.50811769520643e-27,318.4920880236118,5147123.338853302,0.5240384615384616,62.45583930887094,206,smoothed,6.794996065278627e-14,-1.8957238001604573e-10,6.138729758813057,36638.828018676024,0.993063555423784,0.00014966566451320284,1.0,362.39999999999986,,,,[],[],11,426.59999999999997,32.20000000000002,728.3999999999999,"[9, 31, 53, 64, 80, 102, 131, 148, 158, 175, 192]","[310.99999999999983, 417.79999999999995, 589.5999999999999, 432.19999999999976, 728.3999999999999, 371.0, 586.9999999999999, 32.20000000000002, 448.20000000000005, 367.9999999999999, 407.19999999999993]","[1, 1, 1, 60, 1, 94, 120, 144, 144, 165, 186]","[20, 40, 75, 75, 204, 120, 204, 149, 204, 186, 204]",30736475.83999999,728.3999999999999,-728.3999999999999,0.0,,,,DWT,mdp.39015067403892,7.450580596923828e-09,,0.0,15.0,11.0,0.0,33.0,,1.1368683772161603e-13,168.40000000000003,987.7999999999993,168.39999999999995,,0.0,168.40000000000003,,,28.00000000000003,0.0,33.0,1.1368683772161603e-13,1.1368683772161603e-13,,1.1368683772161603e-13,1.0043962499924359e-13,1.7185366015768857e-26,0.9748573719318121,0.006338753237872835,0.14181371863176334,0.0753291603712502,0.06790204975982607,,0.9999996647345563,4.4059199552998455e-09,4.4059199552998455e-09,3.6786382706978885e-09,,1.2251610931599486e-12,0.9999999955940747,7.585973278963461e-14,,,,,,1.5893391424973748e-13,0.0,1.0,1.7477015598164352e-13,1.7477015598164352e-13,0.8999999009653475,0.3383296774382366,448,0.716283143146366,0.36363393306195785,751,0,0.24999997273507654,0.3557007787854542,446,0.0,0.18089157913323217,0.3191417034152689,790,187.45199385442663,0.8035094404041649,608.75,565.6367715961763,0.5827033575186443,635,bior,0.8100315533562081,0.7923003667562746,0.1952878026237719,6,477.75,6.750810966033503e-14,0.9999999999705145,4.5163637634952784e-27,0.9613851996118431,0.7244079335045222,0.0003714969956557855,0.06181680161943359,0.0006613599445329682,0.9999999997237718,2.0315811923854454e-05,4.745387416349445e-11,4.745387416349445e-11,3.9620695613251655e-11,,1.2251610931599486e-12,0.0031261328403482946,7.585973278963461e-14,,,,,0.0,,7.374542113937972e-14,0.0,1.0,1.4238426238064856e-13,1.4238426238064856e-13,1.0,0.3015691612048542,0.08604450842083375,1390,1.664212099523465,0.7693405457165026,1018,263.0437226013957,0.8621364137309246,1204.0,1175.2657807308972,0.6155545800310808,803,0.5943810304597339,0.7715092316736338,0.3524805091760961,5,603.5,,,,,,,,,,,,,4.532749685387356e-19,0.9999999999715838,4.5163637634952784e-27,0.9719903615514845,0.22394043877883257,0.001348299718929732,0.04676555686229644,1.0,0.0006613599445329677,0.9999999999999541,9.960751159770467e-05,3.8434858594393884e-14,3.8434858594393884e-14,3.209043274166046e-14,,0.0,9.572760819061336e-19,0.004567040150618464,7.054128794466933e-19,,,,,0.13043478260869565,,2.3332883504384434e-21,0.7209302325581395,1.0,4.770970844811595e-19,4.770970844811595e-19,1.0,0.42658033862811345,0.13286867808967343,1477,1.8148093528939608,0.8809253459681109,773,497.80317395532944,0.7673816944133974,1125.0,1014.863111111111,0.620840379916979,922,1104.4,1082.5,563.6960149978129,300,0.520820561188399,0.7876173146100969,0.3991404127850916,6,693.0
db20,1.0,zero,9.403543661671541e-27,319.73887701478884,5962794.694090319,0.6065573770491803,201.01495956421414,206,raw,6.312965253033608e-14,-2.0959334268156056e-10,6.331697624507903,69086.29068126848,0.8207462303333084,5.618943883690064e-06,1.0,327.0,,,,[],[],13,661.1538461538462,87.00000000000007,940.0,"[8, 32, 51, 63, 81, 100, 111, 133, 152, 162, 175, 192, 204]","[878.0000000000002, 638.0000000000001, 787.0, 792.0000000000002, 940.0, 787.9999999999999, 637.0, 675.0, 771.0, 196.0000000000001, 834.0000000000002, 571.9999999999998, 87.00000000000007]","[0, 13, 42, 42, 76, 99, 107, 107, 107, 161, 99, 187, 203]","[76, 42, 61, 76, 205, 164, 119, 142, 164, 164, 205, 205, 205]",37754613.0,941.0,-941.0,0.0,,,,DWT,mdp.39015067403892,0.0,,0.0,33.0,19.0,0.0,28.5,,0.0,256.3413461538462,4359.0,256.3413461538462,,0.0,256.3413461538462,,,84.00000000000007,0.0,24.0,0.0,0.0,,0.0,6.141756672076003e-14,5.857692685034384e-27,0.9659861332484931,0.7910686509360689,0.0002552749981295774,0.3706088992974239,0.0009186616784696182,0.9999999997234703,0.47422802461168284,6.6959667625959335e-09,6.6959667625959335e-09,6.082000342865356e-09,,0.0,0.9999999933040264,0.0,,,,,,0.0,1.0,0.5,0.0,0.0,0.7922684098776983,0.2590182137492513,539,1.523864667195959,0.7319173602289569,579,0,0.2478523364491369,0.2961384271997419,538,0.0,0.39110470248526463,0.7103817340434965,598,29.8942580885806,0.9686642996975046,563.5,562.3205728508569,0.6889967200793603,364,db,0.540986235965534,0.9305070477545101,0.3421575204977732,3,273.75,6.141756672076002e-14,0.0001547883299646835,5.8576926850343834e-27,0.9659861332484931,0.791068650936069,0.001288490628239427,0.5269628990509061,0.0032821889670742468,0.9999999997234701,0.9919828214562029,0.9855281704452468,0.9855281704452468,0.9855281704451347,,0.0,0.9999999999667601,0.0,,,,,1.0,,0.0,1.0,0.5,0.0,0.0,0.0,2.2345701998209293,0.637573462774685,541,1.587914722326838,0.7340694009952264,1349,571.3422791987304,0.7005543610069547,945.0,772.2846560846561,0.6026356710695151,864,0.49117026184683504,0.8233619396015222,0.4091722348267588,4,649.0,,,,,,,,,,,,,4.1238076081747056e-19,0.036413600438416426,5.8576926850343834e-27,0.9753276955890238,0.24454765416190266,0.0015627314138527654,0.3986572060392459,1.0,0.0032821889670742468,0.9999999999999541,0.0008499884728391231,0.0007982210227401261,0.0007982210227401261,0.0007982210227337874,,0.0,0.0,0.020163910573049823,0.0,,,,,0.4782608695652174,,0.0,1.0,0.8604651162790697,0.0,0.0,0.9302325581395349,0.5744527218307418,0.17892707859001003,352,1.6799516482753267,0.8154641613493555,1405,744.5834405894345,0.6520638128086755,878.5,562.9595902105862,0.6207748970585434,923,1009.0473684210526,935.5,610.6543869996938,760,0.4758535102197843,0.8532293215616218,0.41093374637766444,5,693.5
coif13,1.0,zero,2.4911109195693512e-26,313.2834680881908,4961108.663294729,0.5531914893617021,35.15157084137554,206,smoothed,1.0521033882292454e-13,-2.2086439344093426e-10,6.195485309041299,46284.067779286765,0.9916061699192211,0.00014966566451320263,0.9999999999999999,362.4000000000001,,,,[],[],11,426.6000000000002,32.2000000000001,728.4000000000001,"[9, 31, 53, 64, 80, 102, 131, 148, 158, 175, 192]","[311.0000000000002, 417.8000000000003, 589.6000000000003, 432.19999999999993, 728.4000000000001, 371.00000000000006, 586.9999999999998, 32.2000000000001, 448.2000000000001, 368.0000000000001, 407.20000000000044]","[1, 1, 1, 60, 1, 94, 120, 144, 144, 165, 186]","[20, 40, 75, 75, 205, 120, 205, 149, 205, 186, 205]",30736475.84000002,728.4000000000001,-728.4000000000001,0.0,,,,DWT,mdp.39015067403892,2.2351741790771484e-08,,0.0,15.0,11.0,0.0,33.0,,1.1368683772161603e-13,168.40000000000026,987.7999999999965,168.40000000000015,,0.0,168.40000000000026,,,28.000000000000114,0.0,33.0,1.1368683772161603e-13,1.1368683772161603e-13,,1.1368683772161603e-13,1.822954566894985e-13,6.811695490196754e-26,0.955067674209974,0.08820318941423294,0.06198461415331157,0.27558082396866185,0.14788841688256005,,0.9999996648089,4.406156536989685e-09,4.406156536989685e-09,3.6788452796766485e-09,,1.2251610931599486e-12,0.9999999955938166,7.585973278963461e-14,,,,,,4.768017427492125e-13,0.0,1.0,1.7477015598164352e-13,1.7477015598164352e-13,0.8999999009878845,0.3383296774467087,341,0.8175222026503002,0.4150297501199988,448,0,0.24999997274133354,0.35570077879435663,343,0.0,0.21838924551841757,0.3852977355623011,415,53.406460283377704,0.9440183854471932,386.75,381.32336769488427,0.7693100312980201,198,coif,0.5556920286951962,0.9053407607371553,0.33941335169221604,4,149.5,1.1458724390345422e-13,0.9999999999705129,1.6831872907034403e-26,0.9421642128763245,0.7440141289858966,0.0001623756725160773,0.2261478163493844,0.001440420068797182,0.9999999997233002,2.0315811925353255e-05,4.7456372165299854e-11,4.7456372165299854e-11,3.9622916059300906e-11,,1.2251610931599486e-12,0.0031261328403475175,7.585973278963461e-14,,,,,0.0,,2.2123626341813917e-13,0.0,1.0,1.4238426238064856e-13,1.4238426238064856e-13,1.0,0.30156916120493016,0.08604450842085541,1354,1.7284220745027823,0.7990238638495555,457,634.2747827243331,0.6675708685931168,905.5,683.3550524572059,0.5964950779024284,881,0.4784248188775415,0.776734912893196,0.43208215291776214,2,661.25,,,,,,,,,,,,,7.693820733036484e-19,0.9999999999715824,1.6831872907034403e-26,0.9580482232088322,0.23000141604842397,0.001299398354545062,0.17108501714275867,0.9999999999999999,0.0014404200687971821,0.9999999999999541,9.960751159770586e-05,3.8436918578521606e-14,3.8436918578521606e-14,3.209227588535368e-14,,0.0,9.572760819061336e-19,0.004567040150618451,7.054128794466933e-19,,,,,0.13043478260869565,,6.99986505131533e-21,0.7209302325581395,1.0,4.770970844811595e-19,4.770970844811595e-19,1.0,0.42658033862811345,0.13286867808967343,1379,1.8594895160028626,0.9026135128721751,199,834.3860018001261,0.6100999991588196,789.0,347.808618504436,0.6207042051868865,924,986.6382352941176,846.0,585.0035688138154,340,0.4652856568234462,0.8173890317607586,0.42908333069536003,4,694.0
coif11,1.0,reflect,2.3364191254773806e-26,313.561891216125,6077994.892611412,0.5148148148148148,93.62693125182204,206,smoothed,1.1070324807873989e-13,-2.2062300875092013e-10,6.631962024711912,29444.57218601582,0.9797260126204279,0.00014966566451320274,0.9999999999999997,362.4000000000001,,,,[],[],11,426.59999999999997,32.19999999999996,728.3999999999997,"[9, 31, 53, 64, 80, 102, 131, 148, 158, 175, 192]","[311.00000000000006, 417.80000000000007, 589.5999999999999, 432.2, 728.3999999999997, 371.0, 587.0000000000001, 32.19999999999996, 448.19999999999993, 367.9999999999999, 407.20000000000005]","[1, 1, 1, 60, 1, 94, 120, 144, 144, 165, 186]","[20, 40, 75, 75, 204, 120, 204, 149, 204, 186, 204]",30736475.84000001,728.3999999999997,-728.3999999999997,0.0,,,,DWT,mdp.39015067403892,1.4901161193847656e-08,,0.0,15.0,11.0,0.0,33.0,,2.2737367544323206e-13,168.40000000000003,987.7999999999993,168.40000000000003,,0.0,168.40000000000003,,,27.99999999999997,0.0,33.0,2.2737367544323206e-13,2.2737367544323206e-13,,1.1368683772161603e-13,1.9436260891969812e-13,6.358974539287811e-26,0.956125518631126,0.7177789769590432,0.5413017821290731,0.011972084322613596,0.008241284191714146,,0.9999996646849938,4.4059199552998455e-09,4.4059199552998455e-09,3.6787269888316428e-09,,1.2251610931599486e-12,0.9999999955940747,1.5171946557926922e-13,,,,,,3.1786782849947497e-13,0.0,1.0,3.4954031196328703e-13,3.4954031196328703e-13,0.8999999009506927,0.3383296774327275,569,1.211301038128523,0.6149386102845943,121,0,0.24999997273100238,0.35570077877965744,575,0.0,0.31934566374768064,0.5634121809045066,133,256.97924689229933,0.73062972023868,349.5,207.47039177565338,0.6821387594904091,360,coif,0.5556920286951962,0.9053407607371553,0.33941335169221604,4,271.0,1.2152763004390017e-13,0.9999999999705138,1.5737171341204864e-26,0.9431916572503115,0.8947949385471101,0.0014180009363285446,0.009824561403509124,8.026937736329209e-05,0.9999999997233039,2.0315811922799742e-05,4.745387416349445e-11,4.745387416349445e-11,3.962169481397382e-11,,1.2251610931599486e-12,0.0031261328403482946,1.5171946557926922e-13,,,,,0.0,,1.4749084227875944e-13,0.0,1.0,2.847685247612971e-13,2.847685247612971e-13,1.0,0.30156916120498595,0.08604450842087133,1349,1.7179833962847673,0.7941982178882587,564,555.0788232314399,0.7090781848891825,956.5,795.4375326711971,0.6038839561762475,855,0.4784248188775415,0.776734912893196,0.43208215291776214,2,641.75,,,,,,,,,,,,,8.159824495441598e-19,0.9999999999715831,1.5737171341204864e-26,0.9587934904419154,0.2766131648861456,0.0015930163731880972,0.007432462905335557,0.9999999999999997,8.026937736329209e-05,0.9999999999999541,9.960751159770391e-05,3.8434858594393884e-14,3.8434858594393884e-14,3.20911916831812e-14,,0.0,9.572760819061336e-19,0.004567040150618464,1.4108257588933865e-18,,,,,0.13043478260869565,,4.666576700876887e-21,0.7209302325581395,1.0,9.54194168962319e-19,9.54194168962319e-19,1.0,0.42658033862811345,0.13286867808967343,1469,1.8173842777993525,0.8821752384758318,722,528.208765546351,0.7531734740437612,1095.5,968.1588315837516,0.620628793096647,925,986.6382352941176,846.0,585.0035688138154,340,0.4652856568234462,0.8173890317607586,0.42908333069536003,4,694.75
bior3.1,1.0,constant,7.50811769520643e-27,318.4920880236118,5147123.338853302,0.5240384615384616,62.45583930887094,206,smoothed,6.794996065278627e-14,-1.8957238001604573e-10,6.138729758813057,36638.828018676024,0.993063555423784,0.00014966566451320284,1.0,362.39999999999986,,,,[],[],11,426.59999999999997,32.20000000000002,728.3999999999999,"[9, 31, 53, 64, 80, 102, 131, 148, 158, 175, 192]","[310.99999999999983, 417.79999999999995, 589.5999999999999, 432.19999999999976, 728.3999999999999, 371.0, 586.9999999999999, 32.20000000000002, 448.20000000000005, 367.9999999999999, 407.19999999999993]","[1, 1, 1, 60, 1, 94, 120, 144, 144, 165, 186]","[20, 40, 75, 75, 204, 120, 204, 149, 204, 186, 204]",30736475.83999999,728.3999999999999,-728.3999999999999,0.0,,,,DWT,mdp.39015067403892,7.450580596923828e-09,,0.0,15.0,11.0,0.0,33.0,,1.1368683772161603e-13,168.40000000000003,987.7999999999993,168.39999999999995,,0.0,168.40000000000003,,,28.00000000000003,0.0,33.0,1.1368683772161603e-13,1.1368683772161603e-13,,1.1368683772161603e-13,1.0043962499924359e-13,1.7185366015768857e-26,0.9748573719318121,0.006338753237872835,0.14181371863176334,0.0753291603712502,0.06790204975982607,,0.9999996647345563,4.4059199552998455e-09,4.4059199552998455e-09,3.6786382706978885e-09,,1.2251610931599486e-12,0.9999999955940747,7.585973278963461e-14,,,,,,1.5893391424973748e-13,0.0,1.0,1.7477015598164352e-13,1.7477015598164352e-13,0.8999999009653475,0.3383296774382366,451,0.716283143146366,0.36363393306195785,756,0,0.24999997273507654,0.3557007787854542,452,0.0,0.18089157913323217,0.3191417034152689,786,184.8699993689259,0.8062159335755494,611.25,569.4193156212004,0.5827463315676489,634,bior,0.8100315533562081,0.7923003667562746,0.1952878026237719,6,477.0,6.750810966033503e-14,0.9999999999705145,4.5163637634952784e-27,0.9613851996118431,0.7244079335045222,0.0003714969956557855,0.06181680161943359,0.0006613599445329682,0.9999999997237718,2.0315811923854454e-05,4.745387416349445e-11,4.745387416349445e-11,3.9620695613251655e-11,,1.2251610931599486e-12,0.0031261328403482946,7.585973278963461e-14,,,,,0.0,,7.374542113937972e-14,0.0,1.0,1.4238426238064856e-13,1.4238426238064856e-13,1.0,0.3015691612048542,0.08604450842083375,1391,1.664212099523465,0.7693405457165026,1021,261.6295090390226,0.8628776158076401,1206.0,1177.6210613598673,0.6154010720547635,804,0.5943810304597339,0.7715092316736338,0.3524805091760961,5,604.25,,,,,,,,,,,,,4.532749685387356e-19,0.9999999999715838,4.5163637634952784e-27,0.9719903615514845,0.22394043877883257,0.001348299718929732,0.04676555686229644,1.0,0.0006613599445329677,0.9999999999999541,9.960751159770467e-05,3.8434858594393884e-14,3.8434858594393884e-14,3.209043274166046e-14,,0.0,9.572760819061336e-19,0.004567040150618464,7.054128794466933e-19,,,,,0.13043478260869565,,2.3332883504384434e-21,0.7209302325581395,1.0,4.770970844811595e-19,4.770970844811595e-19,1.0,0.42658033862811345,0.13286867808967343,1478,1.8148093528939608,0.8809253459681109,772,499.21738751770255,0.7667208469543446,1125.0,1014.2364444444444,0.6205099561874527,926,1104.4,1082.5,563.6960149978129,300,0.520820561188399,0.7876173146100969,0.3991404127850916,6,696.0
rbio2.8,1.0,reflect,5.086575116865084e-27,320.18314411846853,5119168.620161695,0.5225225225225225,118.9361424690605,206,smoothed,4.853075869973111e-14,-2.1325072818712027e-10,6.345556664286627,30133.465528652185,0.967955415128736,0.00014966566451320263,0.9999999999999999,362.4000000000001,,,,[],[],11,426.60000000000014,32.20000000000002,728.4000000000001,"[9, 31, 53, 64, 80, 102, 131, 148, 158, 175, 192]","[311.0000000000001, 417.79999999999995, 589.6000000000001, 432.20000000000016, 728.4000000000001, 371.00000000000017, 587.0000000000002, 32.20000000000002, 448.20000000000016, 368.0000000000002, 407.2000000000002]","[1, 1, 1, 60, 1, 94, 120, 144, 144, 165, 186]","[20, 40, 75, 75, 205, 120, 205, 149, 205, 186, 205]",30736475.84000001,728.4000000000001,-728.4000000000001,0.0,,,,DWT,mdp.39015067403892,1.4901161193847656e-08,,0.0,15.0,11.0,0.0,33.0,,1.1368683772161603e-13,168.4000000000002,987.7999999999975,168.40000000000015,,0.0,168.4000000000002,,,28.00000000000003,0.0,33.0,1.1368683772161603e-13,1.1368683772161603e-13,,1.1368683772161603e-13,5.77783584020545e-14,1.0098480346310529e-26,0.9812823922563525,0.3046667217731836,0.129816814879966,0.0649162004655208,0.01395416196148673,,0.9999996647345563,4.406097391567225e-09,4.406097391567225e-09,3.6788452796766485e-09,,1.2251610931599486e-12,0.9999999955939026,7.585973278963461e-14,,,,,,3.1786782849947497e-13,0.0,1.0,1.7477015598164352e-13,1.7477015598164352e-13,0.8999999009655096,0.3383296774382975,435,0.8375593486512064,0.42520196522426706,386,0,0.24999997273512226,0.3557007787855192,435,0.0,0.21351947019093823,0.37670613389290153,459,30.663496212923928,0.9678579704267045,428.75,427.02997411081236,0.7592172451714235,205,rbio,0.7685897546424816,0.816051598246696,0.21717169227625407,5,155.0,4.297161109159993e-14,0.9999999999705129,2.802719890015396e-27,0.9676255794382187,0.7958562539456966,0.0003400697561477587,0.05327169274537713,0.00013591230034285407,0.999999999723415,2.0315811923854454e-05,4.745570603148508e-11,4.745570603148508e-11,3.9622916059300906e-11,,1.2251610931599486e-12,0.003126132840347795,7.585973278963461e-14,,,,,0.0,,1.4749084227875944e-13,0.0,1.0,1.4238426238064856e-13,1.4238426238064856e-13,1.0,0.3015691612048926,0.08604450842084468,1373,1.700036551412674,0.785901657953537,734,451.8412331782039,0.7631859364894109,1053.5,956.6037019458946,0.6055185447646216,843,0.3888041033402703,1.0,0.4278371276618108,3,633.0,,,,,,,,,,,,,2.8852764154716334e-19,0.9999999999715824,2.802719890015396e-27,0.976516884567561,0.2460276737324892,0.0013409507079933409,0.04030102352386228,0.9999999999999999,0.0001359123003428545,0.9999999999999541,9.960751159770467e-05,3.843648489765261e-14,3.843648489765261e-14,3.209227588535368e-14,,0.0,9.572760819061336e-19,0.004567040150618456,7.054128794466933e-19,,,,,0.13043478260869565,,4.666576700876887e-21,0.7209302325581395,1.0,4.770970844811595e-19,4.770970844811595e-19,1.0,0.42658033862811345,0.13286867808967343,1454,1.8257692172819162,0.8862453661191682,632,581.2417741353421,0.7283916943292794,1043.0,881.0431447746884,0.620504258379593,927,818.67,599.5,715.6978453131971,300,0.38607403914171184,1.0,0.42974817260080167,3,696.0
bior3.5,1.0,periodization,3.3262373188446266e-27,324.25226015023384,6847305.486745143,0.6116504854368932,230.2452993405084,206,raw,3.514020124991171e-14,-2.0852020110595786e-10,6.026247556839842,80151.02200606551,0.8892983833546506,5.618943883690066e-06,1.0,327.0,,,,[],[],13,661.1538461538462,87.00000000000001,940.0000000000002,"[8, 32, 51, 63, 81, 100, 111, 133, 152, 162, 175, 192, 204]","[878.0, 637.9999999999999, 787.0, 792.0000000000001, 940.0000000000002, 788.0, 636.9999999999999, 675.0, 771.0000000000001, 196.0, 834.0000000000001, 572.0, 87.00000000000001]","[0, 13, 42, 42, 76, 99, 107, 107, 107, 161, 99, 187, 203]","[76, 42, 61, 76, 205, 164, 119, 142, 164, 164, 205, 205, 205]",37754613.0,941.0000000000002,-941.0000000000002,0.0,,,,DWT,mdp.39015067403892,0.0,,0.0,33.0,19.0,0.0,28.5,,2.2737367544323206e-13,256.3413461538462,4359.0,256.34134615384613,,0.0,256.3413461538462,,,84.00000000000001,0.0,24.0,2.2737367544323206e-13,2.2737367544323206e-13,,0.0,2.6052409442823228e-14,1.5569883014760527e-27,0.9826415387981954,0.6855509753534067,0.0012506880066257948,0.40880721220527005,0.0018144954873171716,0.9999999997234864,0.4742280246116168,6.6959667625959335e-09,6.6959667625959335e-09,6.0819563246244724e-09,,0.0,0.9999999933040264,2.7225927463116073e-13,,,,,,0.0,1.0,0.5,2.847685247612971e-13,2.847685247612971e-13,0.7922684098779152,0.25901821374932227,497,1.4972344379253708,0.7191267709268989,638,0,0.2478523364491979,0.2961384271998148,497,0.0,0.385008113696791,0.699308215142329,652,85.63877626402656,0.9102318907085676,571.0,561.3810283473697,0.6558496979748288,404,bior,0.672619891330026,0.76736776154697,0.2989557476048908,5,304.25,2.605240944282322e-14,0.0001547883299646835,1.5569883014760527e-27,0.9826415387981954,0.6855509753534068,0.002282874897845533,0.5556719468574347,0.00417590350137222,0.9999999997234863,0.9919828214562019,0.9855281704452468,0.9855281704452468,0.9855281704451341,,0.0,0.9999999999667601,1.5171946557926922e-13,,,,,1.0,,0.0,1.0,0.5,2.847685247612971e-13,2.847685247612971e-13,0.0,2.2345701998211185,0.6375734627747389,498,1.557487424936458,0.7200033131536009,1444,668.9230150024739,0.6494114177135881,971.0,740.5890834191556,0.5702507822320562,1032,0.5943810304597339,0.7715092316736338,0.3524805091760961,5,775.25,,,,,,,,,,,,,1.7492572566422162e-19,0.03641360043841643,1.5569883014760527e-27,0.9874088635083493,0.21192836125246575,0.001795260296017049,0.42037613313489364,1.0,0.00417590350137222,0.9999999999999541,0.0008499884728391223,0.0007982210227401261,0.0007982210227401261,0.0007982210227337869,,0.0,0.0,0.020163910573049823,1.4108257588933865e-18,,,,,0.4782608695652174,,0.0,1.0,0.8604651162790697,9.54194168962319e-19,9.54194168962319e-19,0.9302325581395349,0.5744527218307418,0.17892707859001003,330,1.6800520236652638,0.8155128844975837,1403,758.7255762131655,0.6454553382181469,866.5,534.3219849971148,0.6202743980810361,928,1104.4,1082.5,563.6960149978129,300,0.520820561188399,0.7876173146100969,0.3991404127850916,6,697.5
db20,1.0,constant,9.438100364626465e-27,319.7229465554162,5961143.453204472,0.6065573770491803,201.01495956421414,206,raw,6.461282426032075e-14,-2.097395590539037e-10,6.337070348474158,67092.2014423206,0.8153880077740752,5.618943883690066e-06,1.0,327.0,,,,[],[],13,661.1538461538462,87.00000000000007,940.0,"[8, 32, 51, 63, 81, 100, 111, 133, 152, 162, 175, 192, 204]","[878.0, 637.9999999999999, 787.0, 792.0000000000002, 940.0, 787.9999999999999, 637.0, 675.0, 771.0, 196.0000000000001, 834.0000000000002, 571.9999999999998, 87.00000000000007]","[0, 13, 42, 42, 76, 99, 107, 107, 107, 161, 99, 187, 203]","[76, 42, 61, 76, 205, 164, 119, 142, 164, 164, 205, 205, 205]",37754613.0,941.0,-941.0,0.0,,,,DWT,mdp.39015067403892,0.0,,0.0,33.0,19.0,0.0,28.5,,0.0,256.3413461538462,4359.0,256.34134615384613,,0.0,256.3413461538462,,,84.00000000000007,0.0,24.0,0.0,0.0,,0.0,6.329157993293695e-14,5.882147296254531e-27,0.9659273462469286,0.7929246575455764,0.000253416720456108,0.3706088992974239,0.0007572142374363975,0.9999999997234681,0.47422802461168284,6.6959667625959335e-09,6.6959667625959335e-09,6.0819563246244724e-09,,0.0,0.9999999933040264,0.0,,,,,,0.0,1.0,0.5,0.0,0.0,0.792268409877685,0.259018213749247,543,1.5246918901845237,0.732314678231759,574,0,0.24785233644913324,0.29613842719973754,542,0.0,0.39130894172141906,0.7107527033052239,595,25.72288216096063,0.9730368111520329,563.5,562.6297158994533,0.6911829758066244,361,db,0.540986235965534,0.9305070477545101,0.3421575204977732,3,271.5,6.329157993293695e-14,0.0001547883299646835,5.882147296254531e-27,0.9659273462469286,0.7929246575455765,0.0012866342710577486,0.5269628990509061,0.0031211234623438285,0.999999999723468,0.9919828214562029,0.9855281704452468,0.9855281704452468,0.9855281704451341,,0.0,0.9999999999667601,0.0,,,,,1.0,,0.0,1.0,0.5,0.0,0.0,0.0,2.234570199820929,0.6375734627746849,550,1.58874209905017,0.7344518849706907,1346,562.8569978244918,0.7050015734672475,948.0,780.9071729957806,0.6040731137776489,851,0.49117026184683504,0.8233619396015222,0.4091722348267588,4,639.25,,,,,,,,,,,,,4.2496359396247515e-19,0.03641360043841643,5.882147296254531e-27,0.9752850538391573,0.2451214122825499,0.0015622973194351975,0.3986572060392459,1.0,0.003121123462343828,0.9999999999999541,0.0008499884728391231,0.0007982210227401261,0.0007982210227401261,0.0007982210227337869,,0.0,0.0,0.020163910573049823,0.0,,,,,0.4782608695652174,,0.0,1.0,0.8604651162790697,0.0,0.0,0.9302325581395349,0.5744527218307418,0.17892707859001003,320,1.6801482990366294,0.8155596174586482,1402,765.0895372438445,0.6424815246524092,861.0,521.068524970964,0.6200725380271391,929,1009.0473684210526,935.5,610.6543869996938,760,0.4758535102197843,0.8532293215616218,0.41093374637766444,5,698.0
coif1,1.0,antireflect,2.9909508044579864e-27,322.4893060448698,4956130.917486418,0.5285714285714286,106.17746676564957,206,smoothed,3.4039653512293635e-14,-2.0991899329914112e-10,6.214844345248093,34230.03438777016,0.9762739719382352,0.00014966566451320274,0.9999999999999999,362.4,,,,[],[],11,426.6,32.200000000000045,728.4000000000001,"[9, 31, 53, 64, 80, 102, 131, 148, 158, 175, 192]","[311.00000000000006, 417.80000000000007, 589.6, 432.19999999999993, 728.4000000000001, 371.0000000000001, 587.0, 32.200000000000045, 448.2000000000001, 368.0, 407.2000000000001]","[1, 1, 1, 60, 1, 94, 120, 144, 144, 165, 186]","[20, 40, 75, 75, 205, 120, 205, 149, 205, 186, 205]",30736475.840000007,728.4000000000001,-728.4000000000001,0.0,,,,DWT,mdp.39015067403892,1.1175870895385742e-08,,0.0,15.0,11.0,0.0,33.0,,1.1368683772161603e-13,168.4000000000001,987.7999999999984,168.40000000000003,,0.0,168.4000000000001,,,28.000000000000057,0.0,33.0,1.1368683772161603e-13,1.1368683772161603e-13,,0.0,2.594343010872581e-14,3.965426960836322e-27,0.9900444536059879,0.11612674187057584,0.05984839028277243,0.10646603558323861,0.04792632531268803,,0.9999996647593375,4.4059791007223055e-09,4.4059791007223055e-09,3.6787269888316428e-09,,0.0,0.9999999955939887,7.585973278963461e-14,,,,,,2.3840087137460624e-13,0.0,1.0,1.7477015598164352e-13,1.7477015598164352e-13,0.8999999009722283,0.3383296774408232,417,0.7437711825986453,0.3775887273270968,689,0,0.24999997273705626,0.35570077878827094,409,0.0,0.1886302780936127,0.3327948628396486,699,162.31964350215495,0.8298536231633595,553.5,517.7951109046618,0.6248324719590382,504,coif,0.5556920286951962,0.9053407607371553,0.33941335169221604,4,379.0,2.466184828309224e-14,0.9999999999705138,1.3197173625390051e-27,0.9761358390361353,0.7507017048560102,0.00015677959367680684,0.08736842105263184,0.00046679815944557007,0.9999999997234652,2.0315811924354055e-05,4.745454029730922e-11,4.745454029730922e-11,3.962169481397382e-11,,0.0,0.0031261328403480726,7.585973278963461e-14,,,,,0.0,,1.1061813170906958e-13,0.0,1.0,1.4238426238064856e-13,1.4238426238064856e-13,1.0,0.3015691612042608,0.08604450842066443,1537,1.6962448332119036,0.7841488029234484,774,539.5224740453358,0.7172314077330525,1155.5,1029.5439203807875,0.5558117206380147,1138,0.4784248188775415,0.776734912893196,0.43208215291776214,2,854.0,,,,,,,,,,,,,1.6558897236006873e-19,0.9999999999715831,1.3197173625390051e-27,0.9826898879767347,0.23206878528259955,0.0012980897558506012,0.06609583083673215,0.9999999999999999,0.0004667981594455705,0.9999999999999541,9.960751159770499e-05,3.8435400695480126e-14,3.8435400695480126e-14,3.20911916831812e-14,,0.0,0.0,0.00456704015061846,7.054128794466933e-19,,,,,0.13043478260869565,,3.499932525657665e-21,0.7209302325581395,1.0,4.770970844811595e-19,4.770970844811595e-19,1.0,0.42658033862811345,0.13286867808967343,1436,1.8329224218951934,0.8897175981961538,513,652.6595590351834,0.6950188976471106,974.5,755.9445869676758,0.6198225329357048,930,986.6382352941176,846.0,585.0035688138154,340,0.4652856568234462,0.8173890317607586,0.42908333069536003,4,698.5
db23,1.0,symmetric,1.2274631886226305e-26,316.35731397660766,5741000.950224046,0.528,106.43562047273443,206,smoothed,7.884631459058794e-14,-2.1450952125690078e-10,6.501698068253315,31122.145851004883,0.9818094300267041,0.00014966566451320274,0.9999999999999999,362.4,,,,[],[],11,426.6,32.200000000000045,728.4000000000002,"[9, 31, 53, 64, 80, 102, 131, 148, 158, 175, 192]","[310.9999999999999, 417.8000000000002, 589.6, 432.19999999999993, 728.4000000000002, 371.0, 586.9999999999999, 32.200000000000045, 448.2000000000001, 368.0000000000001, 407.2000000000002]","[1, 1, 1, 60, 1, 94, 120, 144, 144, 165, 186]","[20, 40, 75, 75, 205, 120, 205, 149, 205, 186, 205]",30736475.84000001,728.4000000000002,-728.4000000000002,0.0,,,,DWT,mdp.39015067403892,1.4901161193847656e-08,,0.0,15.0,11.0,0.0,33.0,,2.2737367544323206e-13,168.4000000000001,987.7999999999984,168.40000000000006,,0.0,168.4000000000001,,,28.000000000000057,0.0,33.0,2.2737367544323206e-13,2.2737367544323206e-13,,0.0,1.2437738832245545e-13,3.113504479314811e-26,0.9667464839003508,0.5298857170628759,0.39667918955854553,0.10254090222318199,0.022153123230824683,,0.9999996647593375,4.4059791007223055e-09,4.4059791007223055e-09,3.6787565615428943e-09,,0.0,0.9999999955939887,1.5171946557926922e-13,,,,,,3.1786782849947497e-13,0.0,1.0,3.4954031196328703e-13,3.4954031196328703e-13,0.8999999009723847,0.338329677440882,402,1.0932079538325612,0.5549865464661903,162,0,0.24999997273710076,0.3557007787883342,393,0.0,0.2882864879965576,0.5086153887963072,177,131.829435256319,0.8618140091652841,283.5,237.32325279749014,0.7823220989222647,183,db,0.573477938514061,0.8443824841957417,0.34525069778143475,3,138.0,8.127584190008544e-14,0.9999999999705138,7.88946482492321e-27,0.9535074000892179,0.8497952762368388,0.0010391457792798104,0.08414736842105297,0.0002157694561945099,0.999999999723396,2.0315811924354055e-05,4.745454029730922e-11,4.745454029730922e-11,3.9622027880881205e-11,,0.0,0.0031261328403480726,1.5171946557926922e-13,,,,,0.0,,1.4749084227875944e-13,0.0,1.0,2.847685247612971e-13,2.847685247612971e-13,1.0,0.3015691612043742,0.08604450842069679,1502,1.7312669060930257,0.8003389872576452,434,755.1900423072327,0.6041980910339451,968.0,673.4173553719008,0.5484302824142472,1207,0.49117026184683504,0.8233619396015222,0.4091722348267588,4,906.25,,,,,,,,,,,,,5.457167274506919e-19,0.9999999999715831,7.88946482492321e-27,0.9662761194945375,0.26270215748744136,0.0015044240966775161,0.06365904478419726,0.9999999999999999,0.0002157694561945099,0.9999999999999541,9.960751159770499e-05,3.8435400695480126e-14,3.8435400695480126e-14,3.2091408523615694e-14,,0.0,0.0,0.00456704015061846,1.4108257588933865e-18,,,,,0.13043478260869565,,4.666576700876887e-21,0.7209302325581395,1.0,9.54194168962319e-19,9.54194168962319e-19,1.0,0.42658033862811345,0.13286867808967343,1428,1.837418888176395,0.8919002247668649,465,680.9438302826453,0.6818019484660536,946.5,701.553090332805,0.6197561144199427,931,1009.0473684210526,935.5,610.6543869996938,760,0.4758535102197843,0.8532293215616218,0.41093374637766444,5,699.5
db33,1.0,constant,1.598589574773788e-26,315.21002897860734,4964672.094401807,0.5555555555555556,37.152786880388426,206,smoothed,8.956158360786822e-14,-2.0551360613296807e-10,6.191038452400236,45430.130260631006,0.9912120037178608,0.00014966566451320284,0.9999999999999999,362.3999999999999,,,,[],[],11,426.59999999999985,32.19999999999985,728.3999999999997,"[9, 31, 53, 64, 80, 102, 131, 148, 158, 175, 192]","[310.99999999999983, 417.79999999999984, 589.6, 432.1999999999998, 728.3999999999997, 371.0000000000001, 586.9999999999999, 32.19999999999985, 448.20000000000005, 367.9999999999998, 407.2]","[1, 1, 1, 60, 1, 94, 120, 144, 144, 165, 186]","[20, 40, 75, 75, 205, 120, 205, 149, 205, 186, 205]",30736475.84,728.3999999999997,-728.3999999999997,0.0,,,,DWT,mdp.39015067403892,3.725290298461914e-09,,0.0,15.0,11.0,0.0,33.0,,2.2737367544323206e-13,168.39999999999992,987.8000000000002,168.39999999999992,,0.0,168.39999999999992,,,27.999999999999858,0.0,33.0,2.2737367544323206e-13,2.2737367544323206e-13,,5.684341886080802e-14,1.479173334402761e-13,4.1996428322377746e-26,0.9623874744904253,0.08178902533312155,0.06351387797776235,0.29181955536369564,0.14080685524569814,,0.9999996645858688,4.405801664454926e-09,4.405801664454926e-09,3.678608697986637e-09,,6.125805465799743e-13,0.9999999955941608,1.5171946557926922e-13,,,,,,7.946695712486874e-14,0.0,1.0,3.4954031196328703e-13,3.4954031196328703e-13,0.8999999009204663,0.33832967742136477,625,0.823134500593499,0.4178789334270865,435,0,0.24999997272264868,0.3557007787677718,624,0.0,0.22004525548726442,0.3882193853420357,402,119.69544686411426,0.874533074565918,521.5,500.6898964568906,0.6639436861299192,409,db,0.573477938514061,0.8443824841957417,0.34525069778143475,3,307.5,9.481477020113982e-14,0.9999999999705145,1.0515800878655862e-26,0.9492736587139909,0.7424779630914298,0.00016638175120740418,0.23947368421052662,0.0013714462862983107,0.9999999997235316,2.0315811920856852e-05,4.74525418958649e-11,4.74525418958649e-11,3.962036254634427e-11,,6.125805465799743e-13,0.003126132840348572,1.5171946557926922e-13,,,,,0.0,,3.687271056968986e-14,0.0,1.0,2.847685247612971e-13,2.847685247612971e-13,1.0,0.3015691612046227,0.08604450842076768,1444,1.7372244197290385,0.8030930573627454,372,758.0184694319789,0.6027156868805141,908.0,591.5947136563876,0.5634123507777833,1068,0.49117026184683504,0.8233619396015222,0.4091722348267588,4,802.0,,,,,,,,,,,,,6.366222102228511e-19,0.9999999999715838,1.0515800878655862e-26,0.9632051321007766,0.2295265321487133,0.0013003351443037388,0.1811662833175486,0.9999999999999999,0.0013714462862983107,0.9999999999999541,9.960751159770228e-05,3.8433882812438647e-14,3.8433882812438647e-14,3.209010748100871e-14,,0.0,4.786380409530668e-19,0.004567040150618468,1.4108257588933865e-18,,,,,0.13043478260869565,,1.1666441752192217e-21,0.7209302325581395,1.0,9.54194168962319e-19,9.54194168962319e-19,1.0,0.42658033862811345,0.13286867808967343,1374,1.86635160473997,0.9059444345941513,145,869.0342340782669,0.5939092364120249,759.5,262.31731402238313,0.6195013471779751,932,1009.0473684210526,935.5,610.6543869996938,760,0.4758535102197843,0.8532293215616218,0.41093374637766444,5,700.25
db28,1.0,periodic,1.4290498675297008e-26,317.9213186283954,6875302.454829552,0.5961538461538461,281.48315287249903,206,raw,8.506679718778386e-14,-2.0353940755058207e-10,6.730653186533114,62440.27513887493,0.7365181608647065,5.618943883690064e-06,1.0,327.0,,,,[],[],13,661.1538461538462,86.99999999999991,939.9999999999998,"[8, 32, 51, 63, 81, 100, 111, 133, 152, 162, 175, 192, 204]","[878.0000000000001, 638.0000000000001, 787.0, 791.9999999999999, 939.9999999999998, 788.0, 637.0, 675.0000000000001, 771.0000000000001, 195.9999999999999, 834.0, 572.0000000000001, 86.99999999999991]","[0, 13, 42, 42, 76, 99, 107, 107, 107, 161, 99, 187, 203]","[76, 42, 61, 76, 205, 164, 119, 142, 164, 164, 205, 205, 205]",37754613.0,940.9999999999998,-940.9999999999998,0.0,,,,DWT,mdp.39015067403892,0.0,,0.0,33.0,19.0,0.0,28.5,,2.2737367544323206e-13,256.3413461538462,4359.0,256.3413461538462,,0.0,256.3413461538462,,,83.99999999999991,0.0,24.0,2.2737367544323206e-13,2.2737367544323206e-13,,0.0,8.913552957993506e-14,9.316025647656604e-27,0.9592789313276305,0.9288877841484484,0.0012821953058708697,0.29258241758241743,0.0003805803421736676,0.9999999997235615,0.47422802461150126,6.6959667625959335e-09,6.6959667625959335e-09,6.082000342865356e-09,,0.0,0.9999999933040264,2.7225927463116073e-13,,,,,,0.0,1.0,0.5,2.847685247612971e-13,2.847685247612971e-13,0.7922684098778938,0.2590182137493153,502,1.5578375475830257,0.7482346497281815,491,0,0.2478523364491919,0.29613842719980765,504,0.0,0.39780148855377395,0.7225454192910427,535,18.88562063228706,0.9802037519577704,508.0,507.486851197356,0.7238544965239586,296,db,0.540986235965534,0.9305070477545101,0.3421575204977732,3,222.75,8.913552957993505e-14,0.0001547883299646835,9.316025647656604e-27,0.9592789313276305,0.9288877841484484,0.002314349634944264,0.4683198380566802,0.002745380570100695,0.9999999997235614,0.9919828214562001,0.9855281704452468,0.9855281704452468,0.9855281704451347,,0.0,0.9999999999667601,1.5171946557926922e-13,,,,,1.0,,0.0,1.0,0.5,2.847685247612971e-13,2.847685247612971e-13,0.0,2.234570199821118,0.6375734627747388,502,1.6296409495274278,0.7533588163374083,1195,490.0249993622774,0.7431734804180936,848.5,707.0005892751916,0.6492334907331558,646,0.49117026184683504,0.8233619396015222,0.4091722348267588,4,485.5,,,,,,,,,,,,,5.98489641752888e-19,0.036413600438416426,9.316025647656604e-27,0.9704625584158127,0.28715248458443693,0.001802620413888666,0.3542926428192293,1.0,0.002745380570100695,0.9999999999999541,0.000849988472839121,0.0007982210227401261,0.0007982210227401261,0.0007982210227337874,,0.0,0.0,0.020163910573049823,1.4108257588933865e-18,,,,,0.4782608695652174,,0.0,1.0,0.8604651162790697,9.54194168962319e-19,9.54194168962319e-19,0.9302325581395349,0.5744527218307418,0.17892707859001003,302,1.680494377035889,0.815727606939606,1401,777.1103525240158,0.6368643212504599,851.5,496.8901937756899,0.6194835624943889,933,1009.0473684210526,935.5,610.6543869996938,760,0.4758535102197843,0.8532293215616218,0.41093374637766444,5,701.0
coif15,1.0,reflect,2.2161078809343145e-26,313.7914897606209,6869781.014008787,0.5136054421768708,94.0543507342218,206,smoothed,1.0228711082022215e-13,-1.994053810960854e-10,6.764232369934032,30334.492841458137,0.9808481222828249,0.0001496656645132029,0.9999999999999997,362.4,,,,[],[],11,426.6,32.2000000000001,728.3999999999994,"[9, 31, 53, 64, 80, 102, 131, 148, 158, 175, 192]","[311.0000000000001, 417.8000000000002, 589.6000000000001, 432.20000000000005, 728.3999999999994, 371.0000000000001, 587.0000000000001, 32.2000000000001, 448.20000000000005, 368.0000000000002, 407.1999999999999]","[0, 0, 0, 60, 0, 94, 120, 144, 144, 165, 186]","[20, 40, 75, 75, 203, 120, 203, 149, 203, 186, 203]",30736475.839999996,728.3999999999994,-728.3999999999994,0.0,,,,DWT,mdp.39015067403892,0.0,,0.0,33.0,11.0,0.0,33.0,,5.684341886080801e-13,168.4000000000001,987.7999999999984,168.4000000000001,,0.0,168.4000000000001,,,28.000000000000114,0.0,15.0,5.684341886080801e-13,5.684341886080801e-13,,0.0,1.758735342310406e-13,6.006871692758074e-26,0.9569978583006129,0.9085662601571752,0.8811006545557594,0.0036649237722289063,0.015621247989711644,,0.9999996648089,4.4059791007223055e-09,4.4059791007223055e-09,3.6787861342541454e-09,,0.0,0.9999999955939887,3.7929866394817307e-13,,,,,,0.0,1.0,0.0,8.738507799082175e-13,8.738507799082175e-13,0.8999999009874268,0.33832967744653664,357,1.476746641041664,0.7496968124353661,46,0,0.2499999727413133,0.3557007787943279,344,0.0,0.3951358492536664,0.6971265805489725,55,173.32532032760437,0.8183172742897229,200.5,87.66345929622749,0.8040747797025134,134,coif,0.5556920286951962,0.9053407607371553,0.33941335169221604,4,101.5,1.1089369460736128e-13,0.9999999999705149,1.488576930943393e-26,0.9440389278580668,0.9404877075253824,0.0023081423235769825,0.003007518796992792,0.0001521495704555867,0.9999999997236237,2.0315811925353255e-05,4.745454029730922e-11,4.745454029730922e-11,3.962224992548613e-11,,0.0,0.0031261328403480726,3.7929866394817307e-13,,,,,0.0,,0.0,1.0,0.0,7.119213119032428e-13,7.119213119032428e-13,1.0,0.3015691612045855,0.08604450842075707,1452,1.7390851488669363,0.8039532448176923,352,777.8174593052023,0.5923388578064978,902.0,566.6341463414634,0.5597962632848001,1097,0.4784248188775415,0.776734912893196,0.43208215291776214,2,823.25,,,,,,,,,,,,,7.445821870469239e-19,0.9999999999715842,1.488576930943393e-26,0.9594080668000144,0.29073843638132624,0.0018011688833108024,0.0022752437465314856,0.9999999999999997,0.00015214957045558714,0.9999999999999541,9.960751159770586e-05,3.8435400695480126e-14,3.8435400695480126e-14,3.209173378426744e-14,,0.0,0.0,0.00456704015061846,3.5270643972334666e-18,,,,,0.13043478260869565,,0.0,1.0,0.7209302325581395,2.3854854224057974e-18,2.3854854224057974e-18,1.0,0.42658033862811345,0.13286867808967343,1465,1.8228856000305786,0.8848456314744666,671,561.4427842621187,0.7376435587560193,1068.0,920.4260299625469,0.6192890690976358,934,986.6382352941176,846.0,585.0035688138154,340,0.4652856568234462,0.8173890317607586,0.42908333069536003,4,701.5
coif1,1.0,periodization,3.736807596051325e-27,321.5223913714656,4954951.514395932,0.5194174757281553,103.58351850036671,206,smoothed,3.69519249218094e-14,-2.0976766990088477e-10,6.203183976815795,31688.237398435296,0.9784087337147995,0.00014966566451320268,0.9999999999999999,362.4,,,,[],[],11,426.60000000000014,32.200000000000074,728.4,"[9, 31, 53, 64, 80, 102, 131, 148, 158, 175, 192]","[311.0, 417.8000000000001, 589.6000000000001, 432.19999999999993, 728.4, 371.0000000000001, 587.0, 32.200000000000074, 448.2000000000002, 368.0, 407.2000000000002]","[0, 0, 0, 60, 0, 94, 120, 144, 144, 165, 186]","[20, 40, 75, 75, 203, 120, 203, 149, 203, 186, 203]",30736475.840000004,728.4,-728.4,0.0,,,,DWT,mdp.39015067403892,7.450580596923828e-09,,0.0,33.0,11.0,0.0,33.0,,0.0,168.4000000000002,987.7999999999975,168.4000000000001,,0.0,168.4000000000002,,,28.000000000000085,0.0,15.0,0.0,0.0,,0.0,3.234128246666872e-14,6.1482511882887064e-27,0.9863707455323093,0.09930777908226845,0.0593422436991767,0.04358768564058205,0.026847626163012905,,0.9999996647841187,4.406097391567225e-09,4.406097391567225e-09,3.6787861342541454e-09,,0.0,0.9999999955939026,0.0,,,,,,1.5893391424973748e-13,1.0,0.0,0.0,0.0,0.8999999009795606,0.3383296774435796,368,0.6993215834315558,0.3550230942770762,805,0,0.24999997273909674,0.3557007787911741,368,0.0,0.17363658287391168,0.30634192646840724,851,266.2442487641752,0.7209179782346171,598.0,509.41742383752006,0.5470417983416271,757,coif,0.5556920286951962,0.9053407607371553,0.33941335169221604,4,568.75,2.8341553733609447e-14,0.9999999999705134,1.8475350159798766e-27,0.97256770499251,0.7466736325009874,0.00015545368573939848,0.0357690342360758,0.0002614934985440938,0.9999999997234675,2.0315811924853655e-05,4.745570603148508e-11,4.745570603148508e-11,3.962224992548613e-11,,0.0,0.003126132840347795,0.0,,,,,0.0,,7.374542113937972e-14,1.0,0.0,0.0,0.0,1.0,0.30156916120414834,0.08604450842063234,1594,1.6713673770632669,0.7726483242916016,975,437.6990975544729,0.7705979572565655,1284.5,1209.9260412611911,0.5486899639532303,1204,0.4784248188775415,0.776734912893196,0.43208215291776214,2,903.5,,,,,,,,,,,,,1.9029590580417022e-19,0.9999999999715827,1.8475350159798766e-27,0.9801017056349082,0.2308235638418945,0.0012977797027856424,0.027059937762143327,0.9999999999999999,0.0002614934985440938,0.9999999999999541,9.960751159770543e-05,3.843648489765261e-14,3.843648489765261e-14,3.209173378426744e-14,,0.0,0.0,0.004567040150618456,0.0,,,,,0.13043478260869565,,2.3332883504384434e-21,1.0,0.7209302325581395,0.0,0.0,1.0,0.42658033862811345,0.13286867808967343,1483,1.8150502676490163,0.88104228823183,767,506.288455329568,0.7634166096590804,1125.0,1011.0764444444445,0.6188578375398206,935,986.6382352941176,846.0,585.0035688138154,340,0.4652856568234462,0.8173890317607586,0.42908333069536003,4,702.25
bior2.8,1.0,periodization,4.764037378258548e-27,322.6920408659043,6281584.112987692,0.6067961165048543,260.5165936761131,206,raw,4.600484404487245e-14,-2.1482982059950755e-10,6.210288165611901,69213.59248057635,0.8311880789709929,5.618943883690066e-06,1.0,327.0000000000001,,,,[],[],13,661.1538461538462,87.0,939.9999999999999,"[8, 32, 51, 63, 81, 100, 111, 133, 152, 162, 175, 192, 204]","[878.0, 638.0000000000001, 787.0000000000001, 792.0, 939.9999999999999, 788.0000000000001, 637.0000000000001, 675.0, 771.0, 196.0, 834.0000000000001, 572.0, 87.0]","[0, 13, 42, 42, 76, 99, 107, 107, 107, 161, 99, 187, 203]","[76, 42, 61, 76, 205, 164, 119, 142, 164, 164, 205, 205, 205]",37754613.0,940.9999999999999,-940.9999999999999,0.0,,,,DWT,mdp.39015067403892,0.0,,0.0,33.0,19.0,0.0,28.5,,1.1368683772161603e-13,256.3413461538462,4359.0,256.3413461538462,,0.0,256.3413461538462,,,84.0,0.0,24.0,1.1368683772161603e-13,1.1368683772161603e-13,,1.1368683772161603e-13,3.978007410344189e-14,2.5744708289942463e-27,0.9768839764226687,0.7491277733508764,0.000614035046256237,0.3723994452149788,0.0009289684136626851,0.9999999997233914,0.4742280246116003,6.6959667625959335e-09,6.6959667625959335e-09,6.082000342865356e-09,,5.718550876340534e-12,0.9999999933040264,1.3612963731558036e-13,,,,,,0.0,1.0,0.5,1.4238426238064856e-13,1.4238426238064856e-13,0.7922684098806576,0.25901821375021883,395,1.5103326553929926,0.7254178891337716,605,0,0.2478523364496416,0.29613842720034494,393,0.0,0.38749427477148424,0.7038239455954001,630,129.44335955673174,0.8643151367329855,505.75,480.97913995188713,0.667089434194585,390,bior,0.672619891330026,0.76736776154697,0.2989557476048908,5,293.75,3.978007410344188e-14,0.0001547883299646835,2.5744708289942456e-27,0.9768839764226687,0.7491277733508765,0.0016468799052283016,0.5283086356668368,0.003292471319618023,0.9999999997233913,0.9919828214562016,0.9855281704452468,0.9855281704452468,0.9855281704451347,,1.2251610931599486e-12,0.9999999999667601,7.585973278963461e-14,,,,,1.0,,0.0,1.0,0.5,1.4238426238064856e-13,1.4238426238064856e-13,0.0,2.2345701998216367,0.6375734627748868,392,1.5742045916645937,0.7277314111389119,1391,706.399674405361,0.6297695626806283,891.5,611.6343241727426,0.5812631880489095,973,0.5943810304597339,0.7715092316736338,0.3524805091760961,5,731.0,,,,,,,,,,,,,2.6709845570302856e-19,0.03641360043841643,2.5744708289942456e-27,0.9832325570439311,0.2315822266799593,0.0016465379064784982,0.39967528074685416,1.0,0.003292471319618023,0.9999999999999541,0.0008499884728391221,0.0007982210227401261,0.0007982210227401261,0.0007982210227337874,,0.0,9.572760819061336e-19,0.020163910573049823,7.054128794466933e-19,,,,,0.4782608695652174,,0.0,1.0,0.8604651162790697,4.770970844811595e-19,4.770970844811595e-19,0.9302325581395349,0.5744527218307418,0.17892707859001003,343,1.6786650974776731,0.814839657621335,1411,755.1900423072327,0.6471074568657791,877.0,551.8506271379704,0.6186471863768148,936,1104.4,1082.5,563.6960149978129,300,0.520820561188399,0.7876173146100969,0.3991404127850916,6,703.5
bior2.2,1.0,periodic,1.6359902936160185e-27,325.109591515862,5045759.394980811,0.5333333333333333,81.24762981850608,206,smoothed,2.2230329766863324e-14,-2.0569708159001768e-10,6.169385948320349,35569.42008072562,0.9881780875124127,0.00014966566451320274,0.9999999999999999,362.4,,,,[],[],11,426.59999999999997,32.19999999999999,728.3999999999999,"[9, 31, 53, 64, 80, 102, 131, 148, 158, 175, 192]","[311.0, 417.8, 589.6000000000001, 432.20000000000005, 728.3999999999999, 370.99999999999994, 587.0, 32.19999999999999, 448.2, 368.0000000000001, 407.20000000000005]","[1, 1, 1, 60, 1, 94, 120, 144, 144, 165, 186]","[20, 40, 75, 75, 204, 120, 204, 149, 204, 186, 204]",30736475.840000004,728.3999999999999,-728.3999999999999,0.0,,,,DWT,mdp.39015067403892,7.450580596923828e-09,,0.0,15.0,11.0,0.0,33.0,,1.1368683772161603e-13,168.40000000000003,987.7999999999993,168.40000000000003,,0.0,168.40000000000003,,,28.0,0.0,33.0,1.1368683772161603e-13,1.1368683772161603e-13,,0.0,0.0,0.0,1.0,0.05055736550112318,0.0983128881653141,0.13917548025037796,0.05903362781782443,,0.999999664709775,4.4059199552998455e-09,4.4059199552998455e-09,3.6787269888316428e-09,,0.0,0.9999999955940747,7.585973278963461e-14,,,,,,1.5893391424973748e-13,0.0,1.0,1.7477015598164352e-13,1.7477015598164352e-13,0.8999999009573273,0.33832967743522163,558,0.7537187700604996,0.3826387978024992,659,0,0.24999997273291674,0.3557007787823812,563,0.0,0.19243990881923428,0.33951608250605736,669,59.92982006758683,0.9371804821094478,612.25,607.8535323698395,0.647704496819923,463,bior,0.8100315533562081,0.7923003667562746,0.1952878026237719,6,348.75,9.740562852416063e-15,0.9999999999705138,3.6085758490010476e-28,0.9858052856276809,0.7349981091221823,0.000257541674670373,0.11421052631578965,0.0005749823010832811,0.9999999997235288,2.0315811923354854e-05,4.745387416349445e-11,4.745387416349445e-11,3.962169481397382e-11,,0.0,0.0031261328403482946,7.585973278963461e-14,,,,,0.0,,7.374542113937972e-14,0.0,1.0,1.4238426238064856e-13,1.4238426238064856e-13,1.0,0.30156916120424176,0.086044508420659,1560,1.7050252001023525,0.788207836178298,687,617.304219975856,0.6764652935137023,1123.5,953.9118825100134,0.5438144077631405,1243,0.5943810304597339,0.7715092316736338,0.3524805091760961,5,933.5,,,,,,,,,,,,,6.540182124330223e-20,0.9999999999715831,3.6085758490010476e-28,0.9897037194689075,0.22721424137661836,0.0013216521700742917,0.08640238127452321,0.9999999999999999,0.0005749823010832811,0.9999999999999541,9.960751159770423e-05,3.8434858594393884e-14,3.8434858594393884e-14,3.20911916831812e-14,,0.0,0.0,0.004567040150618464,7.054128794466933e-19,,,,,0.13043478260869565,,2.3332883504384434e-21,0.7209302325581395,1.0,4.770970844811595e-19,4.770970844811595e-19,1.0,0.42658033862811345,0.13286867808967343,1412,1.8428811238763896,0.8945516447995554,347,753.0687219636732,0.6480987280543583,879.5,557.0938032973281,0.6185587098215717,937,1104.4,1082.5,563.6960149978129,300,0.520820561188399,0.7876173146100969,0.3991404127850916,6,704.25
db24,1.0,antisymmetric,1.1968827419325392e-26,316.46688269391655,5752769.575977255,0.5317460317460317,106.39610933754626,206,smoothed,7.608153589334178e-14,-2.0232118203011897e-10,6.507193729298994,101181.9446577059,0.9947024690802089,0.00014966566451320263,1.0,362.4,,,,[],[],11,426.59999999999985,32.20000000000002,728.4,"[9, 31, 53, 64, 80, 102, 131, 148, 158, 175, 192]","[311.0, 417.79999999999995, 589.5999999999998, 432.1999999999995, 728.4, 371.0000000000002, 586.9999999999999, 32.20000000000002, 448.2, 367.9999999999999, 407.2000000000003]","[1, 1, 1, 60, 1, 94, 120, 144, 144, 165, 186]","[20, 40, 75, 75, 204, 120, 204, 149, 204, 186, 204]",30736475.839999996,728.4,-728.4,0.0,,,,DWT,mdp.39015067403892,0.0,,0.0,15.0,11.0,0.0,33.0,,0.0,168.39999999999992,987.8000000000002,168.39999999999998,,0.0,168.39999999999992,,,28.00000000000003,0.0,33.0,0.0,0.0,,0.0,1.1830355679371486e-13,3.024007754643512e-26,0.9671627806972368,0.5378126808771917,0.40172975264986943,0.12827233202799818,0.603147367747441,,0.9999996647345563,4.405801664454926e-09,4.405801664454926e-09,3.67866784340914e-09,,0.0,0.9999999955941608,0.0,,,,,,0.0,0.0,1.0,0.0,0.0,0.8999999009645286,0.33832967743792874,514,1.342636765092084,0.6816135382153667,76,0,0.24999997273491567,0.35570077878522527,514,0.0,0.3768749877142652,0.6649094785399148,69,254.91616268883385,0.7327922822968198,293.25,126.81625067632736,0.7127011725949508,301,db,0.573477938514061,0.8443824841957417,0.34525069778143475,3,226.5,7.778249605035154e-14,0.9999999999705129,7.673057334972538e-27,0.9539117334612307,0.8516937514401913,0.0010523762976873334,0.10526315789473706,0.005874601887418413,0.9999999997235798,2.0315811923854454e-05,4.74525418958649e-11,4.74525418958649e-11,3.962102868015904e-11,,0.0,0.003126132840348572,0.0,,,,,0.0,,0.0,0.0,1.0,0.0,0.0,1.0,0.30156916120410926,0.08604450842062118,1618,1.7431752077391491,0.8058440183108436,304,929.1383104791234,0.5130302355979437,961.0,511.8335067637878,0.5046807362476091,1513,0.49117026184683504,0.8233619396015222,0.4091722348267588,4,1135.75,,,,,,,,,,,,,5.2226108281629e-19,0.9999999999715824,7.673057334972538e-27,0.9665694068208711,0.263289044171568,0.001507517948571386,0.07963353112859284,1.0,0.005874601887418412,0.9999999999999541,9.960751159770467e-05,3.8433882812438647e-14,3.8433882812438647e-14,3.2090649582094954e-14,,0.0,0.0,0.004567040150618468,0.0,,,,,0.13043478260869565,,0.0,0.7209302325581395,1.0,0.0,0.0,1.0,0.42658033862811345,0.13286867808967343,1404,1.8465431783504533,0.8963292401152145,300,780.6458864299485,0.6352122026028277,852.0,494.36619718309856,0.6185406807406661,938,1009.0473684210526,935.5,610.6543869996938,760,0.4758535102197843,0.8532293215616218,0.41093374637766444,5,704.75
db9,1.0,periodization,8.303689705287171e-27,320.27908134890515,5961413.066301752,0.5922330097087378,269.6721070808588,206,raw,6.251297562010349e-14,-2.0698032177080276e-10,6.333165070110066,63117.30860590065,0.7708272735493039,5.618943883690066e-06,1.0,327.0,,,,[],[],13,661.1538461538462,86.99999999999996,940.0,"[8, 32, 51, 63, 81, 100, 111, 133, 152, 162, 175, 192, 204]","[877.9999999999999, 638.0, 787.0000000000005, 791.9999999999999, 940.0, 787.9999999999999, 637.0, 675.0000000000001, 771.0000000000001, 196.0, 833.9999999999999, 572.0000000000001, 86.99999999999996]","[0, 13, 39, 39, 76, 99, 107, 107, 107, 161, 99, 187, 203]","[76, 39, 61, 76, 205, 164, 119, 142, 164, 164, 205, 205, 205]",37754613.0,941.0,-941.0,0.0,,,,DWT,mdp.39015067403892,0.0,,0.0,33.0,19.0,0.0,28.5,,0.0,256.3413461538462,4359.0,256.34134615384613,,0.0,256.3413461538462,,,83.99999999999996,0.0,19.5,0.0,0.0,,0.0,6.06383847460387e-14,5.0793631974844835e-27,0.9679796095376553,0.7915755797777169,0.00025372013833017173,0.263176144244105,0.00043539500072065605,0.9999999997235096,0.4742280246115508,6.6959667625959335e-09,6.6959667625959335e-09,6.0819563246244724e-09,,0.0,0.9999999933040264,0.0,,,,,,0.0,1.0,0.0,0.0,0.0,0.7422684098776454,0.24267159368210076,942,1.4821470312679692,0.7118802384157765,659,0,0.20618566978245556,0.24635434482995924,943,0.0,0.3779275560527623,0.6864474676616731,699,153.00626348835092,0.8396160760080179,810.75,788.9418191296386,0.4948866543562102,890,db,0.540986235965534,0.9305070477545101,0.3421575204977732,3,668.25,6.063838474603869e-14,0.0001547883299646835,5.079363197484483e-27,0.9679796095376553,0.7915755797777169,0.001286937375355674,0.44621870209504333,0.0028000655535788755,0.9999999997235095,0.9919828214562009,0.9855281704452468,0.9855281704452468,0.9855281704451341,,0.0,0.9999999999667601,0.0,,,,,1.0,,0.0,1.0,0.25,0.0,0.0,0.0,2.2095701998209285,0.6304403968407327,940,1.55687296774699,0.7197192587175105,1446,357.79603128039304,0.812475874590989,1193.0,1139.3461860854989,0.5936069100418258,898,0.49117026184683504,0.8233619396015222,0.4091722348267588,4,674.5,,,,,,,,,,,,,4.0714903848285333e-19,0.03641360043841643,5.079363197484483e-27,0.9767736839031896,0.2447043640238158,0.0015623681979735353,0.3375727235827357,1.0,0.0028000655535788755,0.9999999999999541,0.0008499884728391216,0.0007982210227401261,0.0007982210227401261,0.0007982210227337869,,0.0,0.0,0.020163910573049823,0.0,,,,,0.4782608695652174,,0.0,1.0,0.7906976744186046,0.0,0.0,0.9302325581395349,0.5674759776446953,0.17675400427451057,780,1.656270772238841,0.8039692437801886,1487,499.9244942988891,0.7663904232248182,1133.5,1023.2554036171151,0.6183587630142783,939,1009.0473684210526,935.5,610.6543869996938,760,0.4758535102197843,0.8532293215616218,0.41093374637766444,5,705.5
db27,1.0,constant,1.2808378381839658e-26,318.396850979372,5917545.039272897,0.6046511627906976,204.36709007835677,206,raw,8.08199246469847e-14,-2.0431600855630737e-10,6.385102167350751,67292.9242643374,0.8265640840952051,5.6189438836900665e-06,1.0,326.99999999999983,,,,[],[],13,661.1538461538462,87.00000000000003,939.9999999999999,"[8, 32, 51, 63, 81, 100, 111, 133, 152, 162, 175, 192, 204]","[877.9999999999998, 638.0000000000005, 786.9999999999998, 792.0, 939.9999999999999, 788.0, 637.0000000000001, 675.0, 771.0000000000001, 196.0000000000001, 833.9999999999998, 572.0, 87.00000000000003]","[0, 13, 39, 39, 76, 99, 107, 107, 107, 161, 164, 187, 203]","[76, 39, 61, 76, 205, 164, 119, 142, 164, 164, 205, 205, 205]",37754613.0,940.9999999999999,-940.9999999999999,0.0,,,,DWT,mdp.39015067403892,0.0,,0.0,33.0,19.0,0.0,28.5,,1.1368683772161603e-13,256.3413461538462,4359.0,256.34134615384613,,0.0,256.3413461538462,,,84.00000000000003,0.0,24.0,1.1368683772161603e-13,1.1368683772161603e-13,,1.7053025658242404e-13,8.376953244623077e-14,8.267179187817328e-27,0.9610337533579871,0.8095172414679125,0.00020435182635002993,0.3563122923588037,0.0007734653586694058,0.9999999997235498,0.4742280246116333,6.6959667625959335e-09,6.6959667625959335e-09,6.0819563246244724e-09,,8.5778263145108e-12,0.9999999933040264,1.3612963731558036e-13,,,,,,0.0,1.0,0.5,1.4238426238064856e-13,1.4238426238064856e-13,0.792268409882084,0.2590182137506852,278,1.5243153516383576,0.732133825492886,577,0,0.24785233644987897,0.29613842720062855,278,0.0,0.39098013801166953,0.7101554817734766,600,179.51299860084413,0.811831238363895,433.25,377.5717286873557,0.678845388573981,371,db,0.540986235965534,0.9305070477545101,0.3421575204977732,3,279.0,8.376953244623076e-14,0.0001547883299646835,8.267179187817328e-27,0.9610337533579871,0.8095172414679126,0.0012376200845115228,0.5162178702570378,0.003137336138290121,0.9999999997235497,0.9919828214562021,0.9855281704452468,0.9855281704452468,0.9855281704451341,,1.837741639739923e-12,0.9999999999667601,7.585973278963461e-14,,,,,1.0,,0.0,1.0,0.5,1.4238426238064856e-13,1.4238426238064856e-13,0.0,2.2345701998219427,0.6375734627749741,286,1.5897862017375701,0.7349345581416996,1334,741.0479066835018,0.6116101118010997,810.0,471.0172839506173,0.5935409049571536,899,0.49117026184683504,0.8233619396015222,0.4091722348267588,4,675.25,,,,,,,,,,,,,5.624603084743137e-19,0.03641360043841644,8.267179187817328e-27,0.9717354364345439,0.25025077427899656,0.0015508357402890388,0.39052839248237164,1.0,0.0031373361382901204,0.9999999999999541,0.0008499884728391225,0.0007982210227401261,0.0007982210227401261,0.0007982210227337869,,0.0,1.4359141228592004e-18,0.020163910573049823,7.054128794466933e-19,,,,,0.4782608695652174,,0.0,1.0,0.8604651162790697,4.770970844811595e-19,4.770970844811595e-19,0.9302325581395349,0.5744527218307418,0.17892707859001003,364,1.6773324384501405,0.8141927725295128,1416,743.876333808248,0.6523942365382018,890.0,579.1280898876404,0.618253193035456,940,1009.0473684210526,935.5,610.6543869996938,760,0.4758535102197843,0.8532293215616218,0.41093374637766444,5,706.25
coif9,1.0,smooth,1.7771795461943513e-26,316.97447940612284,151084395.69783968,0.5968992248062015,285.7976892930234,206,raw,9.243954038044025e-14,-2.1164359154113578e-10,4.390909891361375,2472221.489647182,0.9951669548865477,5.618943883690066e-06,1.0,326.99999999999994,,,,[],[],13,661.1538461538462,86.99999999999991,939.9999999999999,"[8, 32, 51, 63, 81, 100, 111, 133, 152, 162, 175, 192, 204]","[878.0000000000003, 638.0000000000002, 787.0, 792.0000000000002, 939.9999999999999, 787.9999999999999, 637.0000000000002, 674.9999999999998, 770.9999999999998, 195.99999999999994, 834.0000000000001, 571.9999999999999, 86.99999999999991]","[0, 13, 39, 39, 76, 99, 107, 107, 107, 161, 99, 187, 203]","[76, 39, 61, 76, 205, 164, 119, 142, 164, 164, 205, 205, 205]",37754613.0,940.9999999999999,-940.9999999999999,0.0,,,,DWT,mdp.39015067403892,0.0,,0.0,33.0,19.0,0.0,28.5,,1.1368683772161603e-13,256.3413461538462,4359.0,256.3413461538462,,0.0,256.3413461538462,,,83.99999999999991,0.0,19.5,1.1368683772161603e-13,1.1368683772161603e-13,,5.684341886080802e-14,9.845111851255875e-14,1.1779621771697602e-26,0.9557848802435408,0.12062384807711957,0.1635725919291656,0.29817275747508265,0.19548368953781056,0.9999999997234393,0.47422802461150126,6.6959667625959335e-09,6.6959667625959335e-09,6.082000342865356e-09,,2.859275438170267e-12,0.9999999933040264,1.3612963731558036e-13,,,,,,0.0,1.0,0.0,1.4238426238064856e-13,1.4238426238064856e-13,0.7422684098791983,0.24267159368260846,836,1.3130317268438296,0.6306535849911024,828,0,0.2061856697827284,0.24635434483028523,836,0.0,0.3417047208732821,0.6206542406734591,829,4.349329450233296,0.9954409544546821,832.25,832.2329507961348,0.5615307497640287,670,coif,0.5507900112560971,0.8749445204262634,0.351963635992853,2,503.0,9.845111851255874e-14,0.0001547883299646835,1.1779621771697602e-26,0.9557848802435407,0.12062384807711968,0.16443702246814088,0.4725214198286412,0.19738693422967868,0.9999999997234392,0.9919828214562001,0.9855281704452468,0.9855281704452468,0.9855281704451347,,6.125805465799743e-13,0.9999999999667601,7.585973278963461e-14,,,,,1.0,,0.0,1.0,0.25,1.4238426238064856e-13,1.4238426238064856e-13,0.0,2.20957019982133,0.6304403968408472,834,1.3840111414304772,0.6398078028219683,1655,580.5346673541555,0.6957365475083042,1244.5,1109.0960224989956,0.5217414393726008,1394,0.4784248188775415,0.776734912893196,0.43208215291776214,2,1046.0,,,,,,,,,,,,,6.610380274446263e-19,0.03641360043841643,1.1779621771697602e-26,0.9679281129026355,0.03728915189387941,0.03971372283138973,0.3574712173510837,1.0,0.19738693422967868,0.9999999999999541,0.000849988472839121,0.0007982210227401261,0.0007982210227401261,0.0007982210227337874,,0.0,4.786380409530668e-19,0.020163910573049823,7.054128794466933e-19,,,,,0.4782608695652174,,0.0,1.0,0.7906976744186046,4.770970844811595e-19,4.770970844811595e-19,0.9302325581395349,0.5674759776446953,0.17675400427451057,829,1.6521256458680273,0.8019571608710567,1496,471.6402230514272,0.7796073724058752,1162.5,1066.8249462365593,0.6181915366702273,941,986.6382352941176,846.0,585.0035688138154,340,0.4652856568234462,0.8173890317607586,0.42908333069536003,4,706.75
db27,1.0,zero,1.1532966451503302e-26,318.85238218153245,5919720.558595208,0.6046511627906976,204.36709007835677,206,raw,7.592200870145392e-14,-2.0371182518630635e-10,6.3777694616313845,69732.67808424974,0.8326562441771511,5.6189438836900665e-06,1.0,326.9999999999999,,,,[],[],13,661.1538461538462,87.00000000000003,939.9999999999999,"[8, 32, 51, 63, 81, 100, 111, 133, 152, 162, 175, 192, 204]","[878.0000000000002, 638.0, 786.9999999999998, 792.0, 939.9999999999999, 788.0, 637.0000000000001, 675.0, 771.0000000000001, 196.0000000000001, 833.9999999999998, 572.0, 87.00000000000003]","[0, 13, 39, 39, 76, 99, 107, 107, 107, 161, 164, 187, 203]","[76, 39, 61, 76, 205, 164, 119, 142, 164, 164, 205, 205, 205]",37754613.0,940.9999999999999,-940.9999999999999,0.0,,,,DWT,mdp.39015067403892,0.0,,0.0,33.0,19.0,0.0,28.5,,1.1368683772161603e-13,256.3413461538462,4359.0,256.3413461538462,,0.0,256.3413461538462,,,84.00000000000003,0.0,24.0,1.1368683772161603e-13,1.1368683772161603e-13,,1.1368683772161603e-13,7.758093067578603e-14,7.364613253138992e-27,0.9627147666211737,0.8069841594845094,0.0002068001178255516,0.3563122923588037,0.0009709951398258886,0.9999999997235589,0.4742280246116333,6.6959667625959335e-09,6.6959667625959335e-09,6.082000342865356e-09,,5.718550876340534e-12,0.9999999933040264,1.3612963731558036e-13,,,,,,0.0,1.0,0.5,1.4238426238064856e-13,1.4238426238064856e-13,0.7922684098806676,0.2590182137502221,391,1.5241376546627703,0.7320484770337398,578,0,0.24785233644964438,0.2961384272003483,387,0.0,0.39089862668072184,0.7100074289368453,602,116.47174192338099,0.8779122202060996,489.5,468.7816358275788,0.6824047474196117,369,db,0.540986235965534,0.9305070477545101,0.3421575204977732,3,277.5,7.758093067578603e-14,0.0001547883299646835,7.36461325313899e-27,0.9627147666211737,0.8069841594845094,0.001240065845728113,0.5162178702570378,0.0033343986231313106,0.9999999997235588,0.9919828214562021,0.9855281704452468,0.9855281704452468,0.9855281704451347,,1.2251610931599486e-12,0.9999999999667601,7.585973278963461e-14,,,,,1.0,,0.0,1.0,0.5,1.4238426238064856e-13,1.4238426238064856e-13,0.0,2.2345701998216367,0.6375734627748868,391,1.589608316578327,0.7348523244735715,1336,668.2159082212875,0.6497820187519459,863.5,604.9519397799652,0.5986069422900191,877,0.49117026184683504,0.8233619396015222,0.4091722348267588,4,658.75,,,,,,,,,,,,,5.209076966931355e-19,0.03641360043841644,7.36461325313899e-27,0.9729547765128486,0.2494677079090829,0.0015514076621698624,0.39052839248237164,1.0,0.00333439862313131,0.9999999999999541,0.0008499884728391225,0.0007982210227401261,0.0007982210227401261,0.0007982210227337874,,0.0,9.572760819061336e-19,0.020163910573049823,7.054128794466933e-19,,,,,0.4782608695652174,,0.0,1.0,0.8604651162790697,4.770970844811595e-19,4.770970844811595e-19,0.9302325581395349,0.5744527218307418,0.17892707859001003,355,1.6777516202670433,0.8143962472837561,1415,749.5331880577404,0.6497508467019905,885.0,567.5988700564972,0.6180997224164158,942,1009.0473684210526,935.5,610.6543869996938,760,0.4758535102197843,0.8532293215616218,0.41093374637766444,5,707.75
bior2.2,1.0,reflect,1.6359902936160185e-27,325.109591515862,5046980.848491395,0.5238095238095238,83.134671543323,206,smoothed,2.2230329766863324e-14,-2.0569708159001768e-10,6.179035095421795,34952.01602981859,0.9857744621300182,0.00014966566451320274,0.9999999999999999,362.4,,,,[],[],11,426.59999999999997,32.19999999999999,728.3999999999999,"[9, 31, 53, 64, 80, 102, 131, 148, 158, 175, 192]","[311.0, 417.8, 589.6000000000001, 432.20000000000005, 728.3999999999999, 370.99999999999994, 587.0, 32.19999999999999, 448.2, 368.0000000000001, 407.20000000000005]","[1, 1, 1, 60, 1, 94, 120, 144, 144, 165, 186]","[20, 40, 75, 75, 204, 120, 204, 149, 204, 186, 204]",30736475.840000004,728.3999999999999,-728.3999999999999,0.0,,,,DWT,mdp.39015067403892,7.450580596923828e-09,,0.0,15.0,11.0,0.0,33.0,,1.1368683772161603e-13,168.40000000000003,987.7999999999993,168.40000000000003,,0.0,168.40000000000003,,,28.0,0.0,33.0,1.1368683772161603e-13,1.1368683772161603e-13,,0.0,0.0,0.0,1.0,0.06447533447272139,0.09883708089160952,0.07375659091609926,0.05391359883932384,,0.999999664709775,4.4059199552998455e-09,4.4059199552998455e-09,3.6787269888316428e-09,,0.0,0.9999999955940747,7.585973278963461e-14,,,,,,1.5893391424973748e-13,0.0,1.0,1.7477015598164352e-13,1.7477015598164352e-13,0.8999999009573273,0.33832967743522163,562,0.7327242835843346,0.37198057170435417,702,0,0.24999997273291674,0.3557007787823812,557,0.0,0.18442608644567918,0.32537753091941846,749,97.7633196381274,0.8975227257461977,642.5,631.481917559662,0.6120213209443777,532,bior,0.8100315533562081,0.7923003667562746,0.1952878026237719,6,400.5,9.740562852416063e-15,0.9999999999705138,3.6085758490010476e-28,0.9858052856276809,0.738331405399616,0.00025891485650949425,0.06052631578947404,0.0005251136727693275,0.9999999997235288,2.0315811923354854e-05,4.745387416349445e-11,4.745387416349445e-11,3.962169481397382e-11,,0.0,0.0031261328403482946,7.585973278963461e-14,,,,,0.0,,7.374542113937972e-14,0.0,1.0,1.4238426238064856e-13,1.4238426238064856e-13,1.0,0.30156916120424176,0.086044508420659,1553,1.685198903170137,0.7790424334596568,887,470.93311627024065,0.7531797084537523,1220.0,1129.1073770491805,0.5568833552750941,1128,0.5943810304597339,0.7715092316736338,0.3524805091760961,5,847.25,,,,,,,,,,,,,6.540182124330223e-20,0.9999999999715831,3.6085758490010476e-28,0.9897037194689075,0.22824468264654912,0.0013219732777665781,0.04578928039894109,0.9999999999999999,0.0005251136727693275,0.9999999999999541,9.960751159770423e-05,3.8434858594393884e-14,3.8434858594393884e-14,3.20911916831812e-14,,0.0,0.0,0.004567040150618464,7.054128794466933e-19,,,,,0.13043478260869565,,2.3332883504384434e-21,0.7209302325581395,1.0,4.770970844811595e-19,4.770970844811595e-19,1.0,0.42658033862811345,0.13286867808967343,1460,1.827131317263643,0.8869065421240926,609,601.7478707897519,0.7188094061730131,1034.5,859.4876752054132,0.6176990956098711,943,1104.4,1082.5,563.6960149978129,300,0.520820561188399,0.7876173146100969,0.3991404127850916,6,708.75
coif1,1.0,smooth,2.9834566258583867e-27,322.50020145887436,4954951.514395934,0.5285714285714286,100.47168195816027,206,smoothed,3.381976468023195e-14,-2.099068918681727e-10,6.203183976815793,33280.45228117914,0.9798328529597968,0.00014966566451320276,0.9999999999999999,362.4,,,,[],[],11,426.6,32.200000000000045,728.4000000000001,"[9, 31, 53, 64, 80, 102, 131, 148, 158, 175, 192]","[311.00000000000006, 417.80000000000007, 589.6, 432.19999999999993, 728.4000000000001, 371.0000000000001, 587.0, 32.200000000000045, 448.2000000000001, 368.0, 407.2000000000001]","[0, 0, 0, 60, 0, 94, 120, 144, 144, 165, 186]","[20, 40, 75, 75, 203, 120, 203, 149, 203, 186, 203]",30736475.840000007,728.4000000000001,-728.4000000000001,0.0,,,,DWT,mdp.39015067403892,1.1175870895385742e-08,,0.0,33.0,11.0,0.0,33.0,,1.1368683772161603e-13,168.4000000000001,987.7999999999984,168.40000000000003,,0.0,168.4000000000001,,,28.000000000000057,0.0,15.0,1.1368683772161603e-13,1.1368683772161603e-13,,0.0,2.5460365145036486e-14,3.943494500347337e-27,0.9900858497823989,0.0993077790822659,0.059342243699177497,0.10646603558323861,0.04005159903567539,,0.9999996647593375,4.4059791007223055e-09,4.4059791007223055e-09,3.6787269888316428e-09,,0.0,0.9999999955939887,7.585973278963461e-14,,,,,,2.3840087137460624e-13,1.0,0.0,1.7477015598164352e-13,1.7477015598164352e-13,0.8999999009722283,0.3383296774408232,416,0.7319835751077343,0.37160453781443825,705,0,0.24999997273705626,0.35570077878827094,413,0.0,0.185036215311826,0.3264539633690546,740,178.40123317959436,0.812996610922857,568.5,526.6661106148134,0.6085423306186613,542,coif,0.5556920286951962,0.9053407607371553,0.33941335169221604,4,407.5,2.438401492896135e-14,0.999999999970514,1.3144139855268346e-27,0.976176045580413,0.7466736325009868,0.00015545368573940043,0.08736842105263184,0.00039009902367281336,0.9999999997234654,2.0315811924354055e-05,4.745454029730922e-11,4.745454029730922e-11,3.962169481397382e-11,,0.0,0.0031261328403480726,7.585973278963461e-14,,,,,0.0,,1.1061813170906958e-13,1.0,0.0,1.4238426238064856e-13,1.4238426238064856e-13,1.0,0.3015691612042608,0.08604450842066443,1540,1.6942235783526804,0.7832144068107941,809,516.8950570473662,0.7290906409604999,1174.5,1060.7577692635164,0.5567623016123254,1130,0.4784248188775415,0.776734912893196,0.43208215291776214,2,848.0,,,,,,,,,,,,,1.6372349419031506e-19,0.9999999999715833,1.3144139855268346e-27,0.9827190522028129,0.2308235638418943,0.0012977797027856428,0.06609583083673215,0.9999999999999999,0.0003900990236728138,0.9999999999999541,9.960751159770499e-05,3.8435400695480126e-14,3.8435400695480126e-14,3.20911916831812e-14,,0.0,0.0,0.00456704015061846,7.054128794466933e-19,,,,,0.13043478260869565,,3.499932525657665e-21,1.0,0.7209302325581395,4.770970844811595e-19,4.770970844811595e-19,1.0,0.42658033862811345,0.13286867808967343,1449,1.8322864750296461,0.8894089036703865,544,639.9316369738256,0.7009665247785861,996.5,791.0245860511792,0.6176561595855548,944,986.6382352941176,846.0,585.0035688138154,340,0.4652856568234462,0.8173890317607586,0.42908333069536003,4,709.0
db38,1.0,periodic,1.7023775135284267e-26,317.1612337273804,7226689.057536563,0.5928571428571429,293.67825809324773,206,raw,9.158194698823888e-14,-2.0243862142166617e-10,6.848551151880945,62208.00589803226,0.736437485292102,5.618943883690066e-06,1.0,327.0,,,,[],[],13,661.1538461538462,86.99999999999983,940.0,"[8, 32, 51, 63, 81, 100, 111, 133, 152, 162, 175, 192, 204]","[878.0, 637.9999999999998, 787.0000000000003, 792.0000000000002, 940.0, 788.0, 637.0000000000001, 674.9999999999998, 771.0, 195.99999999999994, 834.0000000000001, 572.0000000000001, 86.99999999999983]","[0, 13, 42, 42, 76, 99, 107, 107, 107, 161, 99, 187, 203]","[76, 42, 61, 76, 205, 164, 119, 142, 164, 164, 205, 205, 205]",37754613.0,941.0,-941.0,0.0,,,,DWT,mdp.39015067403892,0.0,,0.0,33.0,19.0,0.0,28.5,,0.0,256.3413461538462,4359.0,256.3413461538462,,0.0,256.3413461538462,,,83.99999999999983,0.0,24.0,0.0,0.0,,0.0,9.736753438324311e-14,1.1250273057583294e-26,0.9564740459680894,0.9696156168656032,0.0016776396557312207,0.2678571428571428,0.00036177512832849193,0.9999999997235781,0.4742280246114022,6.6959667625959335e-09,6.6959667625959335e-09,6.082000342865356e-09,,0.0,0.9999999933040264,0.0,,,,,,0.0,1.0,0.5,0.0,0.0,0.792268409877614,0.2590182137492238,580,1.56681862292517,0.7525482906294665,469,0,0.24785233644911353,0.296138427199714,579,0.0,0.3994982775248213,0.7256273763319553,519,53.41894170922271,0.9440053021915904,536.75,532.6067098274234,0.6906871374689608,362,db,0.540986235965534,0.9305070477545101,0.3421575204977732,3,272.25,9.736753438324311e-14,0.0001547883299646835,1.1250273057583294e-26,0.9564740459680894,0.9696156168656033,0.002709385301194793,0.4497368421052633,0.0027266198437605766,0.999999999723578,0.9919828214561985,0.9855281704452468,0.9855281704452468,0.9855281704451347,,0.0,0.9999999999667601,0.0,,,,,1.0,,0.0,1.0,0.5,0.0,0.0,0.0,2.234570199820928,0.6375734627746846,578,1.6410787498323118,0.7586463416058975,1146,401.636651713959,0.7894986102128098,862.0,768.431554524362,0.6688583197814573,511,0.49117026184683504,0.8233619396015222,0.4091722348267588,4,384.25,,,,,,,,,,,,,6.537624339700663e-19,0.03641360043841643,1.1250273057583294e-26,0.9684280062746503,0.29974291644934914,0.0018949963742652762,0.3402342617469124,1.0,0.0027266198437605766,0.9999999999999541,0.0008499884728391198,0.0007982210227401261,0.0007982210227401261,0.0007982210227337874,,0.0,0.0,0.020163910573049823,0.0,,,,,0.4782608695652174,,0.0,1.0,0.8604651162790697,0.0,0.0,0.9302325581395349,0.5744527218307418,0.17892707859001003,281,1.679984192944373,0.8154799588345256,1404,794.0809152724929,0.6289341517418258,842.5,468.2777448071216,0.6176212814783895,945,1009.0473684210526,935.5,610.6543869996938,760,0.4758535102197843,0.8532293215616218,0.41093374637766444,5,710.0
sym16,1.0,antireflect,1.7197180235662707e-19,247.11722003928588,6641359.739637428,0.6567796610169492,322.74021535807464,206,raw,3.2290294709924825e-10,1.4352656831415494e-09,6.532133417050857,118854.2077641734,0.8704537509307972,5.61894388370889e-06,1.0,327.00000000055877,,,,[],[],13,661.1538461528082,86.99999999965488,939.9999999985068,"[8, 32, 51, 63, 81, 100, 111, 133, 152, 162, 175, 192, 204]","[877.9999999993338, 637.9999999985913, 786.9999999985333, 791.9999999987457, 939.9999999985068, 787.9999999988316, 636.9999999988871, 674.9999999993935, 770.9999999988867, 195.9999999993277, 833.9999999985183, 571.9999999992955, 86.99999999965488]","[0, 13, 39, 39, 76, 99, 107, 107, 107, 161, 99, 187, 203]","[76, 39, 61, 76, 205, 164, 119, 142, 164, 164, 205, 205, 205]",37754612.99996484,940.9999999991174,-940.9999999991174,0.0,,,,DWT,mdp.39015067403892,3.5159289836883545e-05,,0.0,33.0,19.0,0.0,28.5,,8.825509212329052e-10,256.3413461528082,4359.000000013493,256.3413461529015,,0.0,256.3413461528082,,,83.99999999965488,0.0,19.5,1.493162926635705e-09,8.825509212329052e-10,,5.587708074017428e-10,4.079751278140078e-10,1.2169863384847455e-19,0.6979957782707709,0.8603091624676781,0.0010189202572462883,0.7472760290556903,0.004948021399014461,0.9999999997482614,0.47422802421067883,5.89219368455782e-09,5.89219368455782e-09,5.350461197623412e-09,,2.8106677557213727e-08,0.999999994107786,1.7879266565028326e-09,,,,,,3.480046423567329e-10,1.0,0.0,1.105329028860975e-09,1.105329028860975e-09,0.7422684250209873,0.2426715986329499,601,1.5503511285285039,0.744638897303502,508,0,0.20618567232554835,0.24635434786849222,610,0.0,0.41394348895082955,0.7518648883747038,348,121.58227666892901,0.872555265546196,516.75,491.0804488116528,0.6654442994397647,391,sym,0.8243425715244881,0.7368036147090654,0.2019191155201387,6,294.75,4.0797512781400787e-10,0.00015478833009535675,1.2169863384847455e-19,0.6979957782707709,0.8603091624676782,0.002051346675672548,0.8100579839429083,0.0073020164290433145,0.9999999997482613,0.9919828214500882,0.9855281704336147,0.9855281704336147,0.985528170434548,,6.021666772881147e-09,0.9999999999707502,9.96341730459061e-10,,,,,1.0,,3.480046423567329e-10,1.0,0.25,1.105329028860975e-09,1.105329028860975e-09,0.0,2.2095702039360727,0.6304403980148765,604,1.576968158203644,0.7290089669203449,1385,552.2503961066936,0.7105605890426134,994.5,841.1664152840623,0.5946670869741368,896,0.7763846615972358,0.5622554397616224,0.28785410495344815,6,673.5,,,,,,,,,,,,,2.739299236120297e-15,0.03641360043854236,1.2169863384847455e-19,0.7809381642393424,0.2659523763032603,0.0017411192558408062,0.6128238879626849,1.0,0.0073020164290433145,0.9999999999999583,0.0008499884728344976,0.0007982210227307048,0.0007982210227307048,0.0007982210227252128,,0.0,4.705011942568647e-15,0.02016391057311225,9.26489275865287e-15,,,,,0.4782608695652174,,1.1010787725719015e-17,1.0,0.7906976744186046,3.703704666827241e-15,3.703704666827241e-15,0.9302325581395349,0.5674759776447252,0.1767540042745199,628,1.661384088211394,0.8064512949306207,1464,591.1412690719537,0.7237657621159095,1046.0,878.9598470363289,0.6174903576934687,946,1409.1368421052632,1454.5,398.32527672708756,380,0.6645304607900322,0.5565550872278735,0.3678621512786154,7,711.25
db30,1.0,symmetric,1.9051281897149557e-26,316.67255043634054,7333507.934520982,0.5946969696969697,286.3561526887943,206,raw,9.054246026069237e-14,-2.0471668804589471e-10,6.72267956216621,58984.91237542357,0.78153587489664,5.618943883690067e-06,0.9999999999999999,327.00000000000006,,,,[],[],13,661.1538461538462,86.99999999999989,939.9999999999998,"[8, 32, 51, 63, 81, 100, 111, 133, 152, 162, 175, 192, 204]","[878.0000000000001, 638.0000000000002, 787.0, 792.0000000000002, 939.9999999999998, 787.9999999999998, 636.9999999999999, 675.0000000000002, 771.0, 195.99999999999977, 834.0, 571.9999999999999, 86.99999999999989]","[0, 13, 39, 39, 76, 99, 107, 107, 107, 161, 164, 187, 203]","[76, 39, 61, 76, 205, 164, 119, 142, 164, 164, 205, 205, 205]",37754613.0,940.9999999999998,-940.9999999999998,0.0,,,,DWT,mdp.39015067403892,0.0,,0.0,33.0,19.0,0.0,28.5,,2.2737367544323206e-13,256.3413461538462,4359.0,256.34134615384613,,0.0,256.3413461538462,,,83.99999999999989,0.0,24.0,2.2737367544323206e-13,2.2737367544323206e-13,,5.684341886080802e-14,9.605412486907659e-14,1.268507109581945e-26,0.9546706939916723,0.9261332969237827,0.0017978517555566013,0.2816558441558443,0.00010082381718733483,0.9999999997235438,0.47422802461146824,6.6959667625959335e-09,6.6959667625959335e-09,6.0819563246244724e-09,,2.859275438170267e-12,0.9999999933040264,2.7225927463116073e-13,,,,,,0.0,1.0,0.5,2.847685247612971e-13,2.847685247612971e-13,0.7922684098793004,0.25901821374977513,457,1.549470657813332,0.7442160042372867,511,0,0.24785233644942378,0.2961384272000847,457,0.0,0.39554481379596035,0.7184465155513511,558,48.685213360937425,0.9489672815923088,495.75,492.28167119848814,0.7146565967709972,309,db,0.540986235965534,0.9305070477545101,0.3421575204977732,3,232.5,9.605412486907658e-14,0.0001547883299646835,1.268507109581945e-26,0.9546706939916723,0.9261332969237828,0.002829473164285173,0.46010765550239263,0.0024662858652841606,0.9999999997235437,0.9919828214561996,0.9855281704452468,0.9855281704452468,0.9855281704451341,,6.125805465799743e-13,0.9999999999667601,1.5171946557926922e-13,,,,,1.0,,0.0,1.0,0.5,2.847685247612971e-13,2.847685247612971e-13,0.0,2.234570199821424,0.6375734627748261,455,1.6223598143745437,0.7499928556563391,1214,536.6940469205896,0.7187138118864834,834.5,661.9173157579389,0.6406724195700761,704,0.49117026184683504,0.8233619396015222,0.4091722348267588,4,529.0,,,,,,,,,,,,,6.449437059800852e-19,0.036413600438416446,1.268507109581945e-26,0.9671199265656496,0.286300973924251,0.0019230779694990434,0.34807997441605903,0.9999999999999999,0.0024662858652841606,0.9999999999999541,0.0008499884728391206,0.0007982210227401261,0.0007982210227401261,0.0007982210227337869,,0.0,4.786380409530668e-19,0.020163910573049823,1.4108257588933865e-18,,,,,0.4782608695652174,,0.0,1.0,0.8604651162790697,9.54194168962319e-19,9.54194168962319e-19,0.9302325581395349,0.5744527218307418,0.17892707859001003,368,1.6755265661303085,0.8133161853025485,1420,743.876333808248,0.6523942365382018,894.0,584.5190156599552,0.6173186135962037,947,1009.0473684210526,935.5,610.6543869996938,760,0.4758535102197843,0.8532293215616218,0.41093374637766444,5,711.5
coif4,1.0,smooth,7.762996356030217e-27,320.57149864549956,16413671.42586783,0.6228070175438597,293.03070762497737,206,raw,5.810239021300435e-14,-2.0860324578819974e-10,5.293646695221695,345193.46850713674,0.9597885003290086,5.6189438836900665e-06,0.9999999999999999,327.0000000000001,,,,[],[],13,661.1538461538462,86.99999999999989,940.0,"[8, 32, 51, 63, 81, 100, 111, 133, 152, 162, 175, 192, 204]","[877.9999999999998, 637.9999999999999, 787.0, 792.0, 940.0, 787.9999999999999, 636.9999999999999, 675.0, 770.9999999999999, 196.00000000000006, 834.0000000000002, 571.9999999999999, 86.99999999999989]","[0, 13, 42, 42, 76, 99, 107, 107, 107, 161, 99, 187, 203]","[76, 42, 61, 76, 205, 164, 119, 142, 164, 164, 205, 205, 205]",37754613.0,941.0,-941.0,0.0,,,,DWT,mdp.39015067403892,0.0,,0.0,33.0,19.0,0.0,28.5,,0.0,256.3413461538462,4359.0,256.3413461538461,,0.0,256.3413461538462,,,83.99999999999989,0.0,24.0,0.0,0.0,,1.1368683772161603e-13,5.506553356553248e-14,4.6967327809587704e-27,0.9690586955621231,0.43247412833234605,0.012016509270667684,0.49248120300751913,0.02327312628327859,0.9999999997234852,0.47422802461146824,6.6959667625959335e-09,6.6959667625959335e-09,6.081912306383589e-09,,5.718550876340534e-12,0.9999999933040264,0.0,,,,,,0.0,1.0,0.5,0.0,0.0,0.7922684098804668,0.25901821375015643,435,1.4099822677445106,0.6772192581091543,783,0,0.2478523364495882,0.29613842720028116,437,0.0,0.36616295777243435,0.665078878448611,770,196.66108749148455,0.7938563024198275,606.25,558.4236347749878,0.5791870610631633,598,coif,0.5507900112560971,0.8749445204262634,0.351963635992853,2,449.0,5.5065533565532466e-14,0.0001547883299646835,4.6967327809587704e-27,0.9690586955621231,0.4324741283323461,0.01303756990683171,0.6185595567867039,0.025583769602291334,0.9999999997234851,0.9919828214561996,0.9855281704452468,0.9855281704452468,0.9855281704451335,,1.2251610931599486e-12,0.9999999999667601,0.0,,,,,1.0,,0.0,1.0,0.5,0.0,0.0,0.0,2.2345701998215404,0.6375734627748593,437,1.4618948334008608,0.6758122773117694,1632,844.9926035179243,0.5571317591625135,1034.5,689.3997100048333,0.5074704917405859,1497,0.4784248188775415,0.776734912893196,0.43208215291776214,2,1123.25,,,,,,,,,,,,,3.6973080893643774e-19,0.03641360043841644,4.6967327809587704e-27,0.9775564099330116,0.1336932432403215,0.004310160506021335,0.46795177634249363,0.9999999999999999,0.025583769602291334,0.9999999999999541,0.0008499884728391206,0.0007982210227401261,0.0007982210227401261,0.0007982210227337863,,0.0,9.572760819061336e-19,0.020163910573049823,0.0,,,,,0.4782608695652174,,0.0,1.0,0.8604651162790697,0.0,0.0,0.9302325581395349,0.5744527218307418,0.17892707859001003,547,1.663873846342399,0.8076598466936118,1451,639.224530192639,0.7012969485081126,999.0,794.4914914914915,0.6172372593007853,948,986.6382352941176,846.0,585.0035688138154,340,0.4652856568234462,0.8173890317607586,0.42908333069536003,4,712.0
bior2.6,1.0,symmetric,4.239261916220317e-27,320.9744962463785,5157983.461990241,0.5321100917431193,80.27851431464774,206,smoothed,4.361559657129353e-14,-2.1156048024551006e-10,6.215235608616025,35380.354154658264,0.9869744600026064,0.00014966566451320268,0.9999999999999999,362.4,,,,[],[],11,426.6,32.19999999999999,728.4000000000001,"[9, 31, 53, 64, 80, 102, 131, 148, 158, 175, 192]","[311.0000000000001, 417.8000000000001, 589.6, 432.19999999999993, 728.4000000000001, 371.0000000000001, 587.0000000000001, 32.19999999999999, 448.1999999999999, 368.0000000000001, 407.2]","[1, 1, 1, 60, 1, 94, 120, 144, 144, 165, 186]","[20, 40, 75, 75, 205, 120, 205, 149, 205, 186, 205]",30736475.84000001,728.4000000000001,-728.4000000000001,0.0,,,,DWT,mdp.39015067403892,1.4901161193847656e-08,,0.0,15.0,11.0,0.0,33.0,,1.1368683772161603e-13,168.4000000000001,987.7999999999984,168.40000000000006,,0.0,168.4000000000001,,,28.0,0.0,33.0,1.1368683772161603e-13,1.1368683772161603e-13,,0.0,4.6980435684293514e-14,7.618733827335294e-27,0.9842890657316761,0.11669110174169747,0.14647439339811819,0.13077305409735157,0.05746573557790507,,0.999999664709775,4.4059791007223055e-09,4.4059791007223055e-09,3.6787565615428943e-09,,0.0,0.9999999955939887,7.585973278963461e-14,,,,,,3.1786782849947497e-13,0.0,1.0,1.7477015598164352e-13,1.7477015598164352e-13,0.8999999009574081,0.338329677435252,546,0.7974517028790301,0.4048406023783847,511,0,0.24999997273293512,0.35570077878240736,549,0.0,0.20509905007811366,0.36185023384959586,544,17.7857620959388,0.9813566435053053,537.5,537.0440994858556,0.708969726364812,310,bior,0.8100315533562081,0.7923003667562746,0.1952878026237719,6,234.0,3.676121846985081e-14,0.9999999999705134,2.2031049634845196e-27,0.970545847943556,0.7508368667220398,0.0003837061577180638,0.10731530661516214,0.0005597111696742222,0.9999999997234404,2.0315811923354854e-05,4.745454029730922e-11,4.745454029730922e-11,3.9622027880881205e-11,,0.0,0.0031261328403480726,7.585973278963461e-14,,,,,0.0,,1.4749084227875944e-13,0.0,1.0,1.4238426238064856e-13,1.4238426238064856e-13,1.0,0.301569161204279,0.08604450842066962,1530,1.701087802200488,0.7863876355852422,722,571.3422791987304,0.7005543610069547,1126.0,981.0479573712255,0.5552038052414228,1147,0.5943810304597339,0.7715092316736338,0.3524805091760961,5,861.5,,,,,,,,,,,,,2.468287177526713e-19,0.9999999999715827,2.2031049634845196e-27,0.9786351310477933,0.23211056865655902,0.0013511547347352705,0.08118601969417333,0.9999999999999999,0.0005597111696742227,0.9999999999999541,9.960751159770423e-05,3.8435400695480126e-14,3.8435400695480126e-14,3.2091408523615694e-14,,0.0,0.0,0.00456704015061846,7.054128794466933e-19,,,,,0.13043478260869565,,4.666576700876887e-21,0.7209302325581395,1.0,4.770970844811595e-19,4.770970844811595e-19,1.0,0.42658033862811345,0.13286867808967343,1440,1.8366102326613187,0.8915076958556316,477,680.9438302826453,0.6818019484660536,958.5,716.6197183098591,0.6169523761021857,949,1104.4,1082.5,563.6960149978129,300,0.520820561188399,0.7876173146100969,0.3991404127850916,6,713.25
db7,1.0,antisymmetric,3.529884491333128e-27,321.7697938007534,5142246.859422925,0.5275229357798165,90.66494136085826,206,smoothed,3.932992011895409e-14,-1.987388031921004e-10,6.266867625615829,52692.07068643037,0.9885746690982301,0.00014966566451320274,0.9999999999999999,362.4,,,,[],[],11,426.59999999999997,32.20000000000002,728.3999999999997,"[9, 31, 53, 64, 80, 102, 131, 148, 158, 175, 192]","[310.99999999999983, 417.8000000000002, 589.6, 432.2, 728.3999999999997, 371.0000000000001, 586.9999999999999, 32.20000000000002, 448.1999999999999, 367.9999999999999, 407.20000000000005]","[1, 1, 1, 60, 1, 94, 120, 144, 144, 165, 186]","[20, 40, 75, 75, 204, 120, 204, 149, 204, 186, 204]",30736475.83999999,728.3999999999997,-728.3999999999997,0.0,,,,DWT,mdp.39015067403892,7.450580596923828e-09,,0.0,15.0,11.0,0.0,33.0,,2.2737367544323206e-13,168.40000000000003,987.7999999999993,168.39999999999998,,0.0,168.40000000000003,,,28.00000000000003,0.0,33.0,2.2737367544323206e-13,2.2737367544323206e-13,,0.0,3.7565404823368564e-14,5.5426701018261814e-27,0.987310729511167,0.19116533277882203,0.13972095372079243,0.09926395602350105,0.20102891787326635,,0.9999996647345563,4.4059199552998455e-09,4.4059199552998455e-09,3.67866784340914e-09,,0.0,0.9999999955940747,1.5171946557926922e-13,,,,,,1.5893391424973748e-13,0.0,1.0,3.4954031196328703e-13,3.4954031196328703e-13,0.8999999009648517,0.3383296774380502,489,0.8779467305152256,0.445705341094286,289,0,0.24999997273501234,0.3557007787853628,480,0.0,0.23121284141536955,0.4079220293966096,308,107.72959977028907,0.8870758912261121,391.5,369.1642980435927,0.738349266367773,249,db,0.573477938514061,0.8443824841957417,0.34525069778143475,3,187.5,3.1346191920711677e-14,0.9999999999705138,1.7011025254454105e-27,0.9734806759657496,0.7686731384932556,0.0003660147624519705,0.08145823273780778,0.001958003837063056,0.9999999997236337,2.0315811923854454e-05,4.745387416349445e-11,4.745387416349445e-11,3.962102868015904e-11,,0.0,0.0031261328403482946,1.5171946557926922e-13,,,,,0.0,,7.374542113937972e-14,0.0,1.0,2.847685247612971e-13,2.847685247612971e-13,1.0,0.3015691612043366,0.08604450842068605,1511,1.7019744767178688,0.7867975320505245,717,561.4427842621187,0.7057427755439629,1114.0,972.519748653501,0.5609426665979773,1090,0.49117026184683504,0.8233619396015222,0.4091722348267588,4,818.5,,,,,,,,,,,,,2.1047018244414045e-19,0.9999999999715831,1.7011025254454105e-27,0.980763938421751,0.23762439911297223,0.0013470177421350347,0.06162466376786041,0.9999999999999999,0.001958003837063056,0.9999999999999541,9.960751159770467e-05,3.8434858594393884e-14,3.8434858594393884e-14,3.2090649582094954e-14,,0.0,0.0,0.004567040150618464,1.4108257588933865e-18,,,,,0.13043478260869565,,2.3332883504384434e-21,0.7209302325581395,1.0,9.54194168962319e-19,9.54194168962319e-19,1.0,0.42658033862811345,0.13286867808967343,1445,1.83337713851403,0.8899383218738929,505,664.6803743153547,0.6894016942451613,975.0,748.4358974358973,0.6168971088048236,950,1009.0473684210526,935.5,610.6543869996938,760,0.4758535102197843,0.8532293215616218,0.41093374637766444,5,713.75
db7,1.0,antireflect,3.4925093338818796e-27,321.81602298787254,5166179.899123644,0.5275229357798165,99.2052426241778,206,smoothed,3.9088473558258906e-14,-1.988593512081142e-10,6.278384986494375,54768.626749605646,0.9893035918475952,0.00014966566451320276,0.9999999999999999,362.4,,,,[],[],11,426.59999999999997,32.20000000000002,728.3999999999997,"[9, 31, 53, 64, 80, 102, 131, 148, 158, 175, 192]","[310.99999999999983, 417.8000000000002, 589.6, 432.2, 728.3999999999997, 371.0000000000001, 586.9999999999999, 32.20000000000002, 448.1999999999999, 367.9999999999999, 407.20000000000005]","[1, 1, 1, 60, 1, 94, 120, 144, 144, 165, 186]","[20, 40, 75, 75, 204, 120, 204, 149, 204, 186, 204]",30736475.83999999,728.3999999999997,-728.3999999999997,0.0,,,,DWT,mdp.39015067403892,7.450580596923828e-09,,0.0,15.0,11.0,0.0,33.0,,2.2737367544323206e-13,168.40000000000003,987.7999999999993,168.39999999999998,,0.0,168.40000000000003,,,28.00000000000003,0.0,33.0,2.2737367544323206e-13,2.2737367544323206e-13,,0.0,3.7034980549513635e-14,5.433287978999159e-27,0.9874863732806025,0.2077780208907361,0.1499919343357282,0.09926395602350105,0.21824945149840036,,0.9999996647345563,4.4059199552998455e-09,4.4059199552998455e-09,3.67866784340914e-09,,0.0,0.9999999955940747,1.5171946557926922e-13,,,,,,1.5893391424973748e-13,0.0,1.0,3.4954031196328703e-13,3.4954031196328703e-13,0.8999999009648517,0.3383296774380502,490,0.8983821645903652,0.45607975425432445,267,0,0.24999997273501234,0.3557007787853628,478,0.0,0.23753853371842937,0.4190822626509861,277,122.56426885516024,0.8715259236319075,378.0,348.18052895081723,0.7376497542687839,252,db,0.573477938514061,0.8443824841957417,0.34525069778143475,3,189.75,3.104112000245031e-14,0.999999999970514,1.6746533891966692e-27,0.9736512721319948,0.7726518089123814,0.0003929207520677933,0.08145823273780778,0.0021257303078165935,0.999999999723632,2.0315811923854454e-05,4.745387416349445e-11,4.745387416349445e-11,3.962102868015904e-11,,0.0,0.0031261328403482946,1.5171946557926922e-13,,,,,0.0,,7.374542113937972e-14,0.0,1.0,2.847685247612971e-13,2.847685247612971e-13,1.0,0.3015691612043366,0.08604450842068605,1510,1.7041467132102872,0.7878017247306408,705,569.2209588551708,0.7016661641220279,1107.5,961.2189616252822,0.5606077151847036,1091,0.49117026184683504,0.8233619396015222,0.4091722348267588,4,819.25,,,,,,,,,,,,,2.0842181425774433e-19,0.9999999999715833,1.6746533891966692e-27,0.9808876820871124,0.23885434864583419,0.0013533094946095278,0.06162466376786041,0.9999999999999999,0.0021257303078165935,0.9999999999999541,9.960751159770467e-05,3.8434858594393884e-14,3.8434858594393884e-14,3.2090649582094954e-14,,0.0,0.0,0.004567040150618464,1.4108257588933865e-18,,,,,0.13043478260869565,,2.3332883504384434e-21,0.7209302325581395,1.0,9.54194168962319e-19,9.54194168962319e-19,1.0,0.42658033862811345,0.13286867808967343,1444,1.8341365959442166,0.8903069695769523,494,671.7514421272201,0.6860974569498972,969.0,736.156862745098,0.6166468593160701,951,1009.0473684210526,935.5,610.6543869996938,760,0.4758535102197843,0.8532293215616218,0.41093374637766444,5,714.5
sym13,1.0,antireflect,4.302769395764454e-22,273.1343117588948,6479375.174756004,0.6304347826086957,305.18134178443586,206,raw,1.63149493914716e-11,-9.309697457627686e-11,6.516132974749645,109907.298688896,0.8568648931566204,5.618943883691015e-06,1.0,327.00000000002217,,,,[],[],13,661.1538461537918,86.99999999998269,939.9999999999184,"[8, 32, 51, 63, 81, 100, 111, 133, 152, 162, 175, 192, 204]","[877.9999999999591, 637.9999999999357, 786.9999999999309, 791.9999999999286, 939.9999999999184, 787.9999999999344, 636.9999999999446, 674.9999999999707, 770.9999999999382, 195.99999999997192, 833.9999999999245, 571.999999999956, 86.99999999998269]","[0, 13, 39, 39, 76, 99, 107, 107, 107, 161, 99, 187, 203]","[76, 39, 61, 76, 205, 164, 119, 142, 164, 164, 205, 205, 205]",37754612.999998085,940.9999999999479,-940.9999999999479,0.0,,,,DWT,mdp.39015067403892,1.914799213409424e-06,,0.0,33.0,19.0,0.0,28.5,,5.206857167650014e-11,256.34134615379185,4359.000000000706,256.3413461537971,,0.0,256.34134615379185,,,83.99999999998269,0.0,19.5,8.162714948412031e-11,5.206857167650014e-11,,2.2168933355715126e-11,2.059587375744682e-11,3.044916568170188e-22,0.7940047366972893,0.8547818123092453,0.0008366256550802601,0.549689440993789,0.0042236528265615254,0.9999999997252261,0.47422802459149316,6.653885324337202e-09,6.653885324337202e-09,6.043968582742061e-09,,1.1151174208864043e-09,0.9999999933460673,9.77410795925867e-11,,,,,,1.8952573232820587e-11,1.0,0.0,6.521199217033705e-11,6.521199217033705e-11,0.7422684104979936,0.2426715938849127,700,1.5257772984249458,0.7328360034853738,570,0,0.20618566988762785,0.24635434495562097,700,0.0,0.4004420335284734,0.7273415644307639,509,95.95267930947351,0.8994206715833611,619.75,608.2572104585342,0.6248937739468168,478,sym,0.8243425715244881,0.7368036147090654,0.2019191155201387,6,360.0,2.059587375744682e-11,0.00015478832997128933,3.044916568170188e-22,0.7940047366972893,0.8547818123092453,0.0018692404712319917,0.6615560640732268,0.006579361495732991,0.9999999997252259,0.991982821455895,0.9855281704446377,0.9855281704446377,0.9855281704445843,,2.3890641316619e-10,0.9999999999669689,5.446728814295765e-11,,,,,1.0,,1.8952573232820587e-11,1.0,0.25,6.521199217033705e-11,6.521199217033705e-11,0.0,2.209570200002659,0.6304403968925846,694,1.5720289750314569,0.7267256558699251,1399,498.510280736516,0.7387262679578008,1046.5,927.7649307214525,0.5951230920501792,891,0.7763846615972358,0.5622554397616224,0.28785410495344815,6,669.75,,,,,,,,,,,,,1.3828848232317907e-16,0.03641360043842279,3.044916568170188e-22,0.8505792393274866,0.26424367439303204,0.0016985351629020505,0.5004794315060034,1.0,0.006579361495732991,0.9999999999999545,0.0008499884728388902,0.0007982210227396329,0.0007982210227396329,0.0007982210227333416,,0.0,1.8666883597169608e-16,0.020163910573053084,5.064864474427258e-16,,,,,0.4782608695652174,,5.9965510606268e-19,1.0,0.7906976744186046,2.1851046469237103e-16,2.1851046469237103e-16,0.9302325581395349,0.5674759776446968,0.17675400427451105,719,1.6570662457066625,0.8043553740030308,1484,540.9366876077089,0.7472258469122856,1101.5,968.6754425783022,0.6162531103720306,952,1409.1368421052632,1454.5,398.32527672708756,380,0.6645304607900322,0.5565550872278735,0.3678621512786154,7,715.75
db35,1.0,constant,1.446211804582315e-26,315.6450797214123,4963738.985080787,0.572992700729927,38.64856062857337,206,smoothed,8.301450142187479e-14,-1.9983661392331025e-10,6.192202275821268,45751.004307102135,0.9915616376064752,0.00014966566451320252,0.9999999999999997,362.40000000000003,,,,[],[],11,426.59999999999985,32.19999999999993,728.3999999999997,"[9, 31, 53, 64, 80, 102, 131, 148, 158, 175, 192]","[310.9999999999999, 417.79999999999984, 589.5999999999996, 432.1999999999997, 728.3999999999997, 371.0000000000002, 587.0000000000001, 32.19999999999993, 448.19999999999993, 368.00000000000034, 407.2000000000001]","[1, 1, 1, 60, 1, 94, 120, 144, 144, 165, 186]","[20, 40, 75, 75, 204, 120, 204, 149, 204, 186, 204]",30736475.840000004,728.3999999999997,-728.3999999999997,0.0,,,,DWT,mdp.39015067403892,7.450580596923828e-09,,0.0,15.0,11.0,0.0,33.0,,2.2737367544323206e-13,168.39999999999992,987.8000000000002,168.39999999999998,,0.0,168.39999999999992,,,27.999999999999943,0.0,33.0,2.2737367544323206e-13,2.2737367544323206e-13,,5.684341886080802e-14,1.3353431094297773e-13,3.753694102873024e-26,0.9640404118904499,0.08346772896278355,0.06311342956553997,0.41159501576283153,0.14346781027825317,,0.9999996646602125,4.405801664454926e-09,4.405801664454926e-09,3.67866784340914e-09,,6.125805465799743e-13,0.9999999955941608,1.5171946557926922e-13,,,,,,1.5893391424973748e-13,0.0,1.0,3.4954031196328703e-13,3.4954031196328703e-13,0.899999900942827,0.33832967742977066,597,0.8737399568149057,0.4435696972769131,293,0,0.24999997272885555,0.35570077877660294,596,0.0,0.23795491377999886,0.41981686977174965,275,180.57200779744352,0.810721165830772,440.25,384.53303743185506,0.6746215892046942,381,db,0.573477938514061,0.8443824841957417,0.34525069778143475,3,286.5,8.654241827471345e-14,0.9999999999705123,9.437474878202052e-27,0.9508790944456068,0.7428800057005982,0.0001653327315251686,0.33776411832500985,0.0013973637523977882,0.9999999997236172,2.0315811922300142e-05,4.74525418958649e-11,4.74525418958649e-11,3.962102868015904e-11,,6.125805465799743e-13,0.003126132840348572,1.5171946557926922e-13,,,,,0.0,,7.374542113937972e-14,0.0,1.0,2.847685247612971e-13,2.847685247612971e-13,1.0,0.3015691612046418,0.08604450842077313,1441,1.777714718595015,0.8218111213851704,72,968.0291834443835,0.49264717848826856,756.5,137.14738929279576,0.5480793544432957,1212,0.49117026184683504,0.8233619396015222,0.4091722348267588,4,910.0,,,,,,,,,,,,,5.810785121685209e-19,0.9999999999715816,9.437474878202052e-27,0.9643696512473958,0.22965081791939695,0.00130008983936325,0.2555248195921852,0.9999999999999997,0.0013973637523977882,0.9999999999999541,9.960751159770347e-05,3.8433882812438647e-14,3.8433882812438647e-14,3.2090649582094954e-14,,0.0,4.786380409530668e-19,0.004567040150618468,1.4108257588933865e-18,,,,,0.13043478260869565,,2.3332883504384434e-21,0.7209302325581395,1.0,9.54194168962319e-19,9.54194168962319e-19,1.0,0.42658033862811345,0.13286867808967343,1369,1.896866117957107,0.9207564632350602,41,939.0378054157351,0.5611972871889088,705.0,79.61560283687943,0.6158790174262301,953,1009.0473684210526,935.5,610.6543869996938,760,0.4758535102197843,0.8532293215616218,0.41093374637766444,5,716.0
db11,1.0,antireflect,6.1310575907526636e-27,319.37204478648846,5280600.789085652,0.5265486725663717,93.58053714514455,206,smoothed,5.3273458999100735e-14,-2.061971704492298e-10,6.336291803729833,67746.28509014078,0.9918963229131069,0.00014966566451320276,0.9999999999999999,362.4000000000001,,,,[],[],11,426.6,32.19999999999999,728.4000000000002,"[9, 31, 53, 64, 80, 102, 131, 148, 158, 175, 192]","[311.0, 417.79999999999984, 589.6, 432.2, 728.4000000000002, 371.0, 586.9999999999998, 32.19999999999999, 448.2000000000001, 368.0, 407.2000000000003]","[0, 0, 0, 60, 0, 94, 120, 144, 144, 165, 186]","[20, 40, 75, 75, 203, 120, 203, 149, 203, 186, 203]",30736475.839999996,728.4000000000002,-728.4000000000002,0.0,,,,DWT,mdp.39015067403892,0.0,,0.0,33.0,11.0,0.0,33.0,,2.2737367544323206e-13,168.4000000000001,987.7999999999984,168.40000000000003,,0.0,168.4000000000001,,,28.0,0.0,15.0,2.2737367544323206e-13,2.2737367544323206e-13,,1.1368683772161603e-13,6.819740663849061e-14,1.315526239193717e-26,0.9782006909993433,0.2913030492744698,0.19909621684390214,0.09257175820250703,0.32587101096015547,,0.999999664709775,4.4059791007223055e-09,4.4059791007223055e-09,3.6787269888316428e-09,,1.2251610931599486e-12,0.9999999955939887,1.5171946557926922e-13,,,,,,0.0,1.0,0.0,3.4954031196328703e-13,3.4954031196328703e-13,0.8999999009579607,0.3383296774354597,524,0.9994971553238774,0.5074125855847375,208,0,0.24999997273304367,0.3557007787825618,524,0.0,0.269577532325778,0.4756077274640146,207,182.73181624081414,0.8084572156804883,365.75,297.2783260643274,0.7125357357228438,302,db,0.573477938514061,0.8443824841957417,0.34525069778143475,3,227.25,4.8964095200305246e-14,0.999999999970514,3.541864850068317e-27,0.9646324392793146,0.7926557093918393,0.0005215549462883637,0.07596646483465347,0.0031739547553543937,0.9999999997235214,2.0315811923354854e-05,4.745454029730922e-11,4.745454029730922e-11,3.962169481397382e-11,,1.2251610931599486e-12,0.0031261328403480726,1.5171946557926922e-13,,,,,0.0,,0.0,1.0,0.0,2.847685247612971e-13,2.847685247612971e-13,1.0,0.3015691612049126,0.0860445084208504,1361,1.7070242634532333,0.7891319734861142,673,486.4894654563447,0.7450264856098823,1017.0,900.6420845624385,0.6060038088426769,840,0.49117026184683504,0.8233619396015222,0.4091722348267588,4,631.0,,,,,,,,,,,,,3.2876344520851556e-19,0.9999999999715833,3.541864850068317e-27,0.9743457798917915,0.24503827077516013,0.001383389581658834,0.057470039500325476,0.9999999999999999,0.0031739547553543937,0.9999999999999541,9.960751159770423e-05,3.8435400695480126e-14,3.8435400695480126e-14,3.20911916831812e-14,,0.0,9.572760819061336e-19,0.00456704015061846,1.4108257588933865e-18,,,,,0.13043478260869565,,0.0,1.0,0.7209302325581395,9.54194168962319e-19,9.54194168962319e-19,1.0,0.42658033862811345,0.13286867808967343,1456,1.8320758958072128,0.8893066865564622,545,644.1742776609448,0.6989839824014277,1000.5,793.1234382808594,0.6157303089577232,954,1009.0473684210526,935.5,610.6543869996938,760,0.4758535102197843,0.8532293215616218,0.41093374637766444,5,716.75
db36,1.0,symmetric,1.506280116035212e-26,315.4683413110879,6543119.451061749,0.5289855072463768,104.24916198108905,206,smoothed,8.805900992211336e-14,-1.9838917175718543e-10,6.656533747179262,31684.494463411975,0.9839300209883337,0.00014966566451320284,1.0,362.39999999999975,,,,[],[],11,426.59999999999997,32.19999999999993,728.3999999999999,"[9, 31, 53, 64, 80, 102, 131, 148, 158, 175, 192]","[310.9999999999998, 417.7999999999999, 589.6, 432.1999999999997, 728.3999999999999, 371.00000000000006, 587.0, 32.19999999999993, 448.19999999999976, 368.00000000000017, 407.20000000000005]","[0, 0, 0, 60, 0, 94, 120, 144, 144, 165, 186]","[20, 40, 75, 75, 203, 120, 203, 149, 203, 186, 203]",30736475.839999996,728.3999999999999,-728.3999999999999,0.0,,,,DWT,mdp.39015067403892,0.0,,0.0,33.0,11.0,0.0,33.0,,1.1368683772161603e-13,168.40000000000003,987.7999999999993,168.39999999999995,,0.0,168.40000000000003,,,27.999999999999943,0.0,15.0,1.1368683772161603e-13,1.1368683772161603e-13,,2.2737367544323206e-13,1.4461638952173244e-13,3.929490002326372e-26,0.9633689096961022,0.7532213292502674,0.7409122529724543,0.10931033511951166,0.026816586626171677,,0.9999996646602125,4.4059199552998455e-09,4.4059199552998455e-09,3.6786382706978885e-09,,2.4503221863198973e-12,0.9999999955940747,7.585973278963461e-14,,,,,,0.0,1.0,0.0,1.7477015598164352e-13,1.7477015598164352e-13,0.8999999009435776,0.3383296774300528,588,1.3795389056273388,0.7003475690656471,64,0,0.2499999727289701,0.3557007787767659,588,0.0,0.37051848766637885,0.6536948920856303,73,299.95596899100593,0.6855807452924466,328.25,122.23074527252501,0.6707515885791373,392,db,0.573477938514061,0.8443824841957417,0.34525069778143475,3,294.75,9.291624228124543e-14,0.9999999999705145,9.862558024921055e-27,0.9502268896998929,0.9032832360276484,0.0019409030288426309,0.08970251716247171,0.0002611911762071947,0.9999999997236391,2.0315811922300142e-05,4.745387416349445e-11,4.745387416349445e-11,3.9620695613251655e-11,,2.4503221863198973e-12,0.0031261328403482946,7.585973278963461e-14,,,,,0.0,,0.0,1.0,0.0,1.4238426238064856e-13,1.4238426238064856e-13,1.0,0.3015691612054294,0.08604450842099787,1319,1.7587336865642906,0.8130364720811777,175,808.9301576774104,0.5760324121187577,747.0,309.00267737617133,0.5922614890782467,907,0.49117026184683504,0.8233619396015222,0.4091722348267588,4,681.25,,,,,,,,,,,,,6.238747760628679e-19,0.9999999999715838,9.862558024921055e-27,0.9638965678975345,0.2792372016675776,0.0017152928841608916,0.06786161783132272,1.0,0.0002611911762071947,0.9999999999999541,9.960751159770347e-05,3.8434858594393884e-14,3.8434858594393884e-14,3.209043274166046e-14,,0.0,1.9145521638122673e-18,0.004567040150618464,7.054128794466933e-19,,,,,0.13043478260869565,,0.0,1.0,0.7209302325581395,4.770970844811595e-19,4.770970844811595e-19,1.0,0.42658033862811345,0.13286867808967343,1417,1.8460633116088587,0.8960963083338769,314,779.938779648762,0.6355426263323543,865.5,514.0820335066435,0.6155516869979528,955,1009.0473684210526,935.5,610.6543869996938,760,0.4758535102197843,0.8532293215616218,0.41093374637766444,5,717.5
db30,1.0,antisymmetric,1.1123352341178227e-26,316.78504180177424,6237157.08796821,0.5265151515151515,103.34684746655965,206,smoothed,7.59608126129942e-14,-2.0163379854665238e-10,6.586339521787951,122052.7001747584,0.9957288304222924,0.0001496656645132028,0.9999999999999999,362.4000000000001,,,,[],[],11,426.59999999999985,32.200000000000045,728.3999999999999,"[9, 31, 53, 64, 80, 102, 131, 148, 158, 175, 192]","[310.9999999999999, 417.80000000000007, 589.5999999999999, 432.1999999999997, 728.3999999999999, 370.9999999999999, 587.0, 32.200000000000045, 448.2000000000001, 367.9999999999997, 407.20000000000016]","[1, 1, 1, 60, 1, 94, 120, 144, 144, 165, 186]","[20, 40, 75, 75, 205, 120, 205, 149, 205, 186, 205]",30736475.839999996,728.3999999999999,-728.3999999999999,0.0,,,,DWT,mdp.39015067403892,0.0,,0.0,15.0,11.0,0.0,33.0,,1.1368683772161603e-13,168.39999999999992,987.8000000000002,168.39999999999995,,0.0,168.39999999999992,,,28.000000000000057,0.0,33.0,1.1368683772161603e-13,1.1368683772161603e-13,,1.1368683772161603e-13,1.1803834465678743e-13,2.776571047612351e-26,0.9683715985127076,0.6519728934340889,0.6096070138749234,0.0923415026587918,0.7762250676645742,,0.9999996647593375,4.405801664454926e-09,4.405801664454926e-09,3.6786382706978885e-09,,1.2251610931599486e-12,0.9999999955941608,7.585973278963461e-14,,,,,,0.0,0.0,1.0,1.7477015598164352e-13,1.7477015598164352e-13,0.8999999009726746,0.33832967744099096,390,1.5592395408915127,0.7915758066698527,35,0,0.24999997273711588,0.35570077878835576,390,0.0,0.44264543944931495,0.7809463559981831,33,205.53831759552767,0.78455102977408,212.0,62.49739854318419,0.7811644037759289,185,db,0.573477938514061,0.8443824841957417,0.34525069778143475,3,139.5,7.762996009122087e-14,0.999999999970514,7.074743185634222e-27,0.9550858125969207,0.8790346524239097,0.0015969341779498675,0.07577751196172261,0.007560363339715726,0.9999999997235901,2.0315811924354055e-05,4.74525418958649e-11,4.74525418958649e-11,3.9620695613251655e-11,,1.2251610931599486e-12,0.003126132840348572,7.585973278963461e-14,,,,,0.0,,0.0,0.0,1.0,1.4238426238064856e-13,1.4238426238064856e-13,1.0,0.3015691612048168,0.08604450842082306,1417,1.7467024308602712,0.8074746011924637,267,813.1727983645296,0.5738088058886113,842.0,449.333729216152,0.5662545077661085,1051,0.49117026184683504,0.8233619396015222,0.4091722348267588,4,789.25,,,,,,,,,,,,,5.212368987230921e-19,0.9999999999715835,7.074743185634222e-27,0.9674210370706732,0.27174109595029733,0.0016348584939134374,0.057327093147685804,0.9999999999999999,0.0075603633397157265,0.9999999999999541,9.960751159770499e-05,3.8433882812438647e-14,3.8433882812438647e-14,3.209043274166046e-14,,0.0,9.572760819061336e-19,0.004567040150618468,7.054128794466933e-19,,,,,0.13043478260869565,,0.0,0.7209302325581395,1.0,4.770970844811595e-19,4.770970844811595e-19,1.0,0.42658033862811345,0.13286867808967343,1422,1.8430955820509267,0.8946557447929231,343,762.9682169002848,0.6434727958409885,882.5,552.6866855524079,0.6155448091354475,956,1009.0473684210526,935.5,610.6543869996938,760,0.4758535102197843,0.8532293215616218,0.41093374637766444,5,718.25
db35,1.0,zero,1.446211804582315e-26,315.6450797214123,4963738.985080787,0.572992700729927,38.64856062857337,206,smoothed,8.301450142187479e-14,-1.9983661392331025e-10,6.192202275821268,45751.004307102135,0.9915616376064752,0.00014966566451320252,0.9999999999999997,362.40000000000003,,,,[],[],11,426.59999999999985,32.19999999999993,728.3999999999997,"[9, 31, 53, 64, 80, 102, 131, 148, 158, 175, 192]","[310.9999999999999, 417.79999999999984, 589.5999999999996, 432.1999999999997, 728.3999999999997, 371.0000000000002, 587.0000000000001, 32.19999999999993, 448.19999999999993, 368.00000000000034, 407.2000000000001]","[1, 1, 1, 60, 1, 94, 120, 144, 144, 165, 186]","[20, 40, 75, 75, 204, 120, 204, 149, 204, 186, 204]",30736475.840000004,728.3999999999997,-728.3999999999997,0.0,,,,DWT,mdp.39015067403892,7.450580596923828e-09,,0.0,15.0,11.0,0.0,33.0,,2.2737367544323206e-13,168.39999999999992,987.8000000000002,168.39999999999998,,0.0,168.39999999999992,,,27.999999999999943,0.0,33.0,2.2737367544323206e-13,2.2737367544323206e-13,,5.684341886080802e-14,1.3353431094297773e-13,3.753694102873024e-26,0.9640404118904499,0.08346772896278355,0.06311342956553997,0.41159501576283153,0.14346781027825317,,0.9999996646602125,4.405801664454926e-09,4.405801664454926e-09,3.67866784340914e-09,,6.125805465799743e-13,0.9999999955941608,1.5171946557926922e-13,,,,,,1.5893391424973748e-13,0.0,1.0,3.4954031196328703e-13,3.4954031196328703e-13,0.899999900942827,0.33832967742977066,596,0.8737399568149057,0.4435696972769131,295,0,0.24999997272885555,0.35570077877660294,598,0.0,0.23795491377999886,0.41981686977174965,273,180.9355317970096,0.8103401134203254,440.5,384.5071560867074,0.6743000357458021,382,db,0.573477938514061,0.8443824841957417,0.34525069778143475,3,287.25,8.654241827471345e-14,0.9999999999705123,9.437474878202052e-27,0.9508790944456068,0.7428800057005982,0.0001653327315251686,0.33776411832500985,0.0013973637523977882,0.9999999997236172,2.0315811922300142e-05,4.74525418958649e-11,4.74525418958649e-11,3.962102868015904e-11,,6.125805465799743e-13,0.003126132840348572,1.5171946557926922e-13,,,,,0.0,,7.374542113937972e-14,0.0,1.0,2.847685247612971e-13,2.847685247612971e-13,1.0,0.3015691612046418,0.08604450842077313,1442,1.777714718595015,0.8218111213851704,70,970.1505037879432,0.49153537537319536,756.0,133.51851851851853,0.5476544801394279,1215,0.49117026184683504,0.8233619396015222,0.4091722348267588,4,912.25,,,,,,,,,,,,,5.810785121685209e-19,0.9999999999715816,9.437474878202052e-27,0.9643696512473958,0.22965081791939695,0.00130008983936325,0.2555248195921852,0.9999999999999997,0.0013973637523977882,0.9999999999999541,9.960751159770347e-05,3.8433882812438647e-14,3.8433882812438647e-14,3.2090649582094954e-14,,0.0,4.786380409530668e-19,0.004567040150618468,1.4108257588933865e-18,,,,,0.13043478260869565,,2.3332883504384434e-21,0.7209302325581395,1.0,9.54194168962319e-19,9.54194168962319e-19,1.0,0.42658033862811345,0.13286867808967343,1370,1.896866117957107,0.9207564632350602,39,941.1591257592947,0.5602060160003295,704.5,75.84102200141945,0.6155002042618469,957,1009.0473684210526,935.5,610.6543869996938,760,0.4758535102197843,0.8532293215616218,0.41093374637766444,5,719.0
sym16,1.0,symmetric,1.7277400018207594e-19,247.09700858405023,6656014.971429448,0.6567796610169492,318.2950027424105,206,raw,3.253254235581603e-10,2.422239066581579e-10,6.5204156871014955,61724.14904554705,0.7463069509624828,5.618943883708844e-06,1.0,327.00000000055877,,,,[],[],13,661.1538461527997,86.99999999983856,939.9999999985068,"[8, 32, 51, 63, 81, 100, 111, 133, 152, 162, 175, 192, 204]","[877.9999999990406, 637.9999999985912, 786.9999999985333, 791.9999999987457, 939.9999999985068, 787.9999999988316, 636.9999999988871, 674.9999999993935, 770.9999999988867, 195.9999999993277, 833.9999999985183, 571.9999999992956, 86.99999999983856]","[0, 13, 39, 39, 76, 99, 107, 107, 107, 161, 99, 187, 203]","[76, 39, 61, 76, 205, 164, 119, 142, 164, 164, 205, 205, 205]",37754612.99996527,940.9999999991174,-940.9999999991174,0.0,,,,DWT,mdp.39015067403892,3.472715616226196e-05,,0.0,33.0,19.0,0.0,28.5,,8.825509212329052e-10,256.3413461527997,4359.000000013604,256.3413461528931,,0.0,256.3413461527997,,,83.99999999983856,0.0,19.5,1.493162926635705e-09,8.825509212329052e-10,,5.587708074017428e-10,4.110359688470524e-10,1.2226632214815374e-19,0.6979211934253018,0.8562612745860305,0.0010354129993241077,0.7472760290556903,0.0003226006274413893,0.99999999973028,0.4742280244240656,5.885590948429358e-09,5.885590948429358e-09,5.343946497972662e-09,,2.8106677557213727e-08,0.9999999941143954,1.7879266565028326e-09,,,,,,3.437274079306489e-10,1.0,0.0,1.105329028860975e-09,1.105329028860975e-09,0.7422684250802534,0.24267159865232588,599,1.546440511736534,0.742760614814997,519,0,0.20618567234188157,0.24635434788800745,608,0.0,0.412852063854388,0.7498824820071456,366,112.05058381522755,0.8825465578456735,523.0,501.6800868105773,0.6671642642477844,389,sym,0.8243425715244881,0.7368036147090654,0.2019191155201387,6,293.25,4.110359688470524e-10,0.0001547883300950792,1.2226632214815371e-19,0.6979211934253018,0.8562612745860306,0.00206782237284033,0.8100579839429083,0.0026875380180124368,0.9999999997302799,0.9919828214533419,0.9855281704335191,0.9855281704335191,0.9855281704344537,,6.021666772881147e-09,0.9999999999707829,9.96341730459061e-10,,,,,1.0,,3.437274079306489e-10,1.0,0.25,1.105329028860975e-09,1.105329028860975e-09,0.0,2.2095702039348413,0.6304403980145251,608,1.5730619098334362,0.7272031662933092,1396,557.2001435749994,0.7079663817741093,1002.0,847.0738522954092,0.5914045745348534,909,0.7763846615972358,0.5622554397616224,0.28785410495344815,6,683.25,,,,,,,,,,,,,2.759850879914443e-15,0.036413600438542054,1.2226632214815371e-19,0.7808840633626235,0.2647010291735315,0.001744971967073677,0.6128238879626849,1.0,0.0026875380180124368,0.9999999999999553,0.0008499884728369589,0.0007982210227306274,0.0007982210227306274,0.0007982210227251364,,0.0,4.705011942568647e-15,0.020163910573112762,9.26489275865287e-15,,,,,0.4782608695652174,,1.0875457001393586e-17,1.0,0.7906976744186046,3.703704666827241e-15,3.703704666827241e-15,0.9302325581395349,0.5674759776447262,0.1767540042745202,622,1.6588820891117013,0.8052368012875315,1471,600.3336572273788,0.719470253632066,1046.5,874.3067367415194,0.6152257810216404,958,1409.1368421052632,1454.5,398.32527672708756,380,0.6645304607900322,0.5565550872278735,0.3678621512786154,7,720.25
db30,1.0,reflect,1.9152256093017846e-26,316.64959306615856,7419115.256087129,0.5984848484848485,298.0955010484523,206,raw,8.850741067769015e-14,-2.0597268335365315e-10,6.741989193061021,58327.49915498744,0.7767786246755666,5.618943883690067e-06,0.9999999999999999,327.0000000000001,,,,[],[],13,661.1538461538462,87.00000000000014,939.9999999999998,"[8, 32, 51, 63, 81, 100, 111, 133, 152, 162, 175, 192, 204]","[878.0, 638.0000000000003, 787.0, 792.0000000000002, 939.9999999999998, 787.9999999999998, 636.9999999999999, 675.0000000000002, 771.0, 195.9999999999999, 834.0, 572.0, 87.00000000000014]","[0, 13, 42, 42, 76, 99, 107, 107, 107, 161, 164, 187, 203]","[76, 39, 61, 76, 205, 164, 119, 142, 164, 164, 205, 205, 205]",37754613.0,940.9999999999998,-940.9999999999998,0.0,,,,DWT,mdp.39015067403892,0.0,,0.0,33.0,19.0,0.0,28.5,,2.2737367544323206e-13,256.3413461538462,4359.0,256.3413461538462,,0.0,256.3413461538462,,,84.00000000000014,0.0,28.5,2.2737367544323206e-13,2.2737367544323206e-13,,1.1368683772161603e-13,9.348280441515942e-14,1.2756527122930803e-26,0.9545859760984066,0.9328038057370065,0.0018941927411241068,0.31006493506493515,4.75976726057502e-05,0.9999999997235248,0.4742280246117654,6.6959667625959335e-09,6.6959667625959335e-09,6.082000342865356e-09,,5.718550876340534e-12,0.9999999933040264,2.7225927463116073e-13,,,,,,0.0,1.0,1.0,2.847685247612971e-13,2.847685247612971e-13,0.8422684098808322,0.2753648338174092,109,1.5641455978825636,0.751264427649291,476,0,0.2895190031163571,0.34592250957016846,109,0.0,0.399924563379712,0.7264016592359224,514,223.39650847763937,0.7658317521198749,302.0,178.61138105746787,0.7246349536280716,295,db,0.540986235965534,0.9305070477545101,0.3421575204977732,3,222.0,9.348280441515942e-14,0.0001547883299646835,1.2756527122930803e-26,0.9545859760984066,0.9328038057370065,0.0029257145834237505,0.4814593301435409,0.002413185637822995,0.9999999997235247,0.9919828214562042,0.9855281704452468,0.9855281704452468,0.9855281704451347,,1.2251610931599486e-12,0.9999999999667601,1.5171946557926922e-13,,,,,1.0,,0.0,1.0,0.75,2.847685247612971e-13,2.847685247612971e-13,0.0,2.259570199821732,0.6447065287088661,109,1.634211788520232,0.7554718473423585,1178,755.8971490884193,0.6038274899955873,643.5,199.53690753690753,0.6332816695260955,735,0.49117026184683504,0.8233619396015222,0.4091722348267588,4,552.25,,,,,,,,,,,,,6.276788884090324e-19,0.036413600438416446,1.2756527122930803e-26,0.9670584755795864,0.2883630671198415,0.0019455832627686786,0.364232912264302,0.9999999999999999,0.002413185637822995,0.9999999999999541,0.0008499884728391241,0.0007982210227401261,0.0007982210227401261,0.0007982210227337874,,0.0,9.572760819061336e-19,0.020163910573049823,1.4108257588933865e-18,,,,,0.4782608695652174,,0.0,1.0,0.9302325581395349,9.54194168962319e-19,9.54194168962319e-19,0.9302325581395349,0.5814294660167882,0.18110015290550946,153,1.6829719298314134,0.8169302341191889,1391,875.3981951089459,0.590935422846287,772.0,275.67746113989637,0.6150938796474426,959,1009.0473684210526,935.5,610.6543869996938,760,0.4758535102197843,0.8532293215616218,0.41093374637766444,5,720.5
bior3.3,1.0,zero,1.6180379638894354e-27,327.381905396436,6847525.333215777,0.6037735849056604,213.99577337680714,206,raw,2.0316003464208698e-14,-2.0805190903417104e-10,6.007689605473681,80593.86936468855,0.8917152579189757,5.618943883690066e-06,1.0,327.0,,,,[],[],13,661.1538461538462,86.99999999999997,940.0,"[8, 32, 51, 63, 81, 100, 111, 133, 152, 162, 175, 192, 204]","[877.9999999999999, 638.0, 787.0, 791.9999999999999, 940.0, 788.0, 637.0, 675.0, 771.0, 196.0, 834.0000000000001, 572.0, 86.99999999999997]","[0, 13, 42, 42, 76, 99, 107, 107, 107, 161, 99, 187, 203]","[76, 42, 61, 76, 205, 164, 119, 142, 164, 164, 205, 205, 205]",37754613.0,941.0,-941.0,0.0,,,,DWT,mdp.39015067403892,0.0,,0.0,33.0,19.0,0.0,28.5,,0.0,256.3413461538462,4359.0,256.34134615384613,,0.0,256.3413461538462,,,83.99999999999997,0.0,24.0,0.0,0.0,,0.0,7.321778357629595e-15,3.4815332765275953e-28,0.9941906382736726,0.6791401341095886,0.0012509354180068179,0.349730458221024,0.00185034973667651,0.9999999997234935,0.47422802461156727,6.6959667625959335e-09,6.6959667625959335e-09,6.0819563246244724e-09,,0.0,0.9999999933040264,0.0,,,,,,0.0,1.0,0.5,0.0,0.0,0.7922684098776503,0.25901821374923567,572,1.4773422408004813,0.709572481282797,664,0,0.24785233644912363,0.2961384271997261,572,0.0,0.3782703144353087,0.6870700357172449,697,64.07482604996547,0.9328356121069544,626.25,621.383564891427,0.6381945356132257,442,bior,0.672619891330026,0.76736776154697,0.2989557476048908,5,332.75,7.321778357629583e-15,0.0001547883299646835,3.4815332765275953e-28,0.9941906382736726,0.6791401341095886,0.002283122053531978,0.511271102284012,0.004211672930313517,0.9999999997234934,0.9919828214562011,0.9855281704452468,0.9855281704452468,0.9855281704451341,,0.0,0.9999999999667601,0.0,,,,,1.0,,0.0,1.0,0.5,0.0,0.0,0.0,2.2345701998209284,0.6375734627746847,564,1.543465557519883,0.7135212120239905,1475,644.1742776609448,0.6623824540561086,1019.5,815.9882295242766,0.5640266567974463,1066,0.5943810304597339,0.7715092316736338,0.3524805091760961,5,800.75,,,,,,,,,,,,,4.916118776544743e-20,0.03641360043841643,3.4815332765275953e-28,0.995786120349311,0.20994654060324022,0.0017953180914159167,0.3867860707693957,1.0,0.004211672930313517,0.9999999999999541,0.0008499884728391218,0.0007982210227401261,0.0007982210227401261,0.0007982210227337869,,0.0,0.0,0.020163910573049823,0.0,,,,,0.4782608695652174,,0.0,1.0,0.8604651162790697,0.0,0.0,0.9302325581395349,0.5744527218307418,0.17892707859001003,379,1.670665779168305,0.8109567140835183,1430,743.1692270270614,0.6527246602677284,904.5,599.1929242675511,0.6150305544329295,960,1104.4,1082.5,563.6960149978129,300,0.520820561188399,0.7876173146100969,0.3991404127850916,6,721.5
sym13,1.0,reflect,4.328634425436231e-22,273.10828337807334,6542859.2129121665,0.6304347826086957,309.1078624291915,206,raw,1.6443580046681956e-11,-2.0391477395766288e-10,6.522239663394081,61453.583493225975,0.7433754063158984,5.618943883691003e-06,1.0,327.00000000002217,,,,[],[],13,661.1538461537924,87.00000000000335,939.9999999999184,"[8, 32, 51, 63, 81, 100, 111, 133, 152, 162, 175, 192, 204]","[877.999999999945, 637.9999999999357, 786.9999999999309, 791.9999999999286, 939.9999999999184, 787.9999999999344, 636.9999999999446, 674.9999999999707, 770.9999999999382, 195.99999999997192, 833.9999999999245, 571.9999999999559, 87.00000000000335]","[0, 13, 39, 39, 76, 99, 107, 107, 107, 161, 99, 187, 203]","[76, 39, 61, 76, 205, 164, 119, 142, 164, 164, 205, 205, 205]",37754612.99999814,940.9999999999479,-940.9999999999479,0.0,,,,DWT,mdp.39015067403892,1.862645149230957e-06,,0.0,33.0,19.0,0.0,28.5,,5.206857167650014e-11,256.3413461537924,4359.0000000006985,256.3413461537976,,0.0,256.3413461537924,,,84.00000000000335,0.0,19.5,8.162714948412031e-11,5.206857167650014e-11,,2.2168933355715126e-11,2.0758400821900556e-11,3.063220375846688e-22,0.7939086860795213,0.856891366895981,0.0009080694836206039,0.549689440993789,0.0003006948294455961,0.9999999997235558,0.4742280246154963,6.654325506745766e-09,6.654325506745766e-09,6.044364746910012e-09,,1.1151174208864043e-09,0.9999999933456338,9.77410795925867e-11,,,,,,1.843635528484493e-11,1.0,0.0,6.521199217033705e-11,6.521199217033705e-11,0.7422684105051027,0.24267159388723689,692,1.5252409840624572,0.7325784098808394,573,0,0.20618566988965537,0.24635434495804348,692,0.0,0.40021228225333394,0.7269242564613246,510,90.6177870692798,0.9050128018141721,616.75,606.4135734719948,0.6292621661062474,465,sym,0.8243425715244881,0.7368036147090654,0.2019191155201387,6,350.25,2.0758400821900556e-11,0.0001547883299711783,3.063220375846688e-22,0.7939086860795213,0.8568913668959811,0.0019406104640435971,0.6615560640732268,0.002665684042575384,0.9999999997235557,0.9919828214562609,0.9855281704446441,0.9855281704446441,0.9855281704445901,,2.3890641316619e-10,0.9999999999669668,5.446728814295765e-11,,,,,1.0,,1.843635528484493e-11,1.0,0.25,6.521199217033705e-11,6.521199217033705e-11,0.0,2.209570200002515,0.6304403968925434,698,1.571496335968687,0.7264794247390863,1402,497.80317395532944,0.7390968689961586,1050.0,931.9961904761903,0.5943912017936768,897,0.7763846615972358,0.5622554397616224,0.28785410495344815,6,674.25,,,,,,,,,,,,,1.393797504744816e-16,0.036413600438422705,3.063220375846688e-22,0.850509568034371,0.2648958132749132,0.001715224470200857,0.5004794315060034,1.0,0.002665684042575384,0.9999999999999541,0.0008499884728391671,0.000798221022739638,0.000798221022739638,0.0007982210227333462,,0.0,1.8666883597169608e-16,0.020163910573053053,5.064864474427258e-16,,,,,0.4782608695652174,,5.833220876096109e-19,1.0,0.7906976744186046,2.1851046469237103e-16,2.1851046469237103e-16,0.9302325581395349,0.5674759776446969,0.17675400427451107,713,1.6557933860441199,0.8037375160793838,1489,548.7148622007609,0.7435911858874948,1101.0,964.2661217075386,0.6145526022895418,961,1409.1368421052632,1454.5,398.32527672708756,380,0.6645304607900322,0.5565550872278735,0.3678621512786154,7,722.5
sym16,1.0,periodic,1.7273762273668433e-19,247.09792308433381,6694628.857856451,0.6567796610169492,318.268778226503,206,raw,3.2534746417991515e-10,2.0813506379813548e-10,6.513991585191516,62022.63003774647,0.7530932053088308,5.6189438837088435e-06,1.0,327.00000000055877,,,,[],[],13,661.153846152798,86.99999999984917,939.9999999985068,"[8, 32, 51, 63, 81, 100, 111, 133, 152, 162, 175, 192, 204]","[877.9999999990063, 637.9999999985912, 786.9999999985333, 791.9999999987457, 939.9999999985068, 787.9999999988316, 636.9999999988871, 674.9999999993935, 770.9999999988867, 195.9999999993277, 833.9999999985183, 571.9999999992956, 86.99999999984917]","[0, 13, 39, 39, 76, 99, 107, 107, 107, 161, 99, 187, 203]","[76, 39, 61, 76, 205, 164, 119, 142, 164, 164, 205, 205, 205]",37754612.99996529,940.9999999991174,-940.9999999991174,0.0,,,,DWT,mdp.39015067403892,3.4712255001068115e-05,,0.0,33.0,19.0,0.0,28.5,,8.825509212329052e-10,256.341346152798,4359.000000013626,256.3413461528912,,0.0,256.341346152798,,,83.99999999984917,0.0,19.5,1.493162926635705e-09,8.825509212329052e-10,,5.587708074017428e-10,4.110638175550193e-10,1.2224057905902296e-19,0.697924568138381,0.8540420696389759,0.0010788683931725737,0.7472760290556903,0.00034676654311178285,0.9999999997297662,0.4742280244363808,5.884270401203665e-09,5.884270401203665e-09,5.342493896023509e-09,,2.8106677557213727e-08,0.9999999941156957,1.7879266565028326e-09,,,,,,3.435799170883701e-10,1.0,0.0,1.105329028860975e-09,1.105329028860975e-09,0.7422684250832962,0.24267159865332066,597,1.5453643281538496,0.742243720195733,522,0,0.20618567234266277,0.24635434788894084,606,0.0,0.4125835377387702,0.749394745484326,371,108.72902096496593,0.8860282799109371,524.0,504.0110780045401,0.6683810162657411,388,sym,0.8243425715244881,0.7368036147090654,0.2019191155201387,6,292.5,4.110638175550194e-10,0.0001547883300950792,1.2224057905902296e-19,0.697924568138381,0.854042069638976,0.0021112328564321936,0.8100579839429083,0.002711646764362425,0.999999999729766,0.9919828214535298,0.9855281704335,0.9855281704335,0.9855281704344327,,6.021666772881147e-09,0.9999999999707894,9.96341730459061e-10,,,,,1.0,,3.435799170883701e-10,1.0,0.25,1.105329028860975e-09,1.105329028860975e-09,0.0,2.2095702039348093,0.630440398014516,609,1.571985680927895,0.7267056416486187,1400,559.3214639185591,0.7068545786590361,1004.5,848.780487804878,0.590193536708973,915,0.7763846615972358,0.5622554397616224,0.28785410495344815,6,687.75,,,,,,,,,,,,,2.7600378666674577e-15,0.03641360043854205,1.2224057905902296e-19,0.7808865112451002,0.26401499343786616,0.0017551231646864727,0.6128238879626849,1.0,0.002711646764362425,0.9999999999999551,0.000849988472837101,0.0007982210227306119,0.0007982210227306119,0.0007982210227251194,,0.0,4.705011942568647e-15,0.020163910573112863,9.26489275865287e-15,,,,,0.4782608695652174,,1.087079042469271e-17,1.0,0.7906976744186046,3.703704666827241e-15,3.703704666827241e-15,0.9302325581395349,0.5674759776447262,0.1767540042745202,623,1.658555259070701,0.8050781549446074,1474,601.7478707897519,0.7188094061730131,1048.5,875.8245112064856,0.6144280675724878,962,1409.1368421052632,1454.5,398.32527672708756,380,0.6645304607900322,0.5565550872278735,0.3678621512786154,7,723.25
coif11,1.0,antireflect,2.4666884943867546e-26,313.32625566146703,6077807.785699027,0.5148148148148148,97.19143084438086,206,smoothed,1.0966632133146862e-13,-2.210361227383832e-10,6.632166191408402,117993.94999895414,0.9952827634115645,0.00014966566451320263,0.9999999999999999,362.4000000000001,,,,[],[],11,426.59999999999997,32.19999999999996,728.3999999999997,"[9, 31, 53, 64, 80, 102, 131, 148, 158, 175, 192]","[310.99999999999983, 417.79999999999995, 589.6000000000001, 432.2, 728.3999999999997, 371.0, 587.0000000000001, 32.19999999999996, 448.20000000000005, 367.9999999999999, 407.19999999999993]","[1, 1, 1, 60, 1, 94, 120, 144, 144, 165, 186]","[20, 40, 75, 75, 205, 120, 205, 149, 205, 186, 205]",30736475.84000001,728.3999999999997,-728.3999999999997,0.0,,,,DWT,mdp.39015067403892,1.4901161193847656e-08,,0.0,15.0,11.0,0.0,33.0,,2.2737367544323206e-13,168.40000000000003,987.7999999999993,168.39999999999998,,0.0,168.40000000000003,,,27.99999999999997,0.0,33.0,2.2737367544323206e-13,2.2737367544323206e-13,,1.1368683772161603e-13,1.9208462610073187e-13,6.740220829132355e-26,0.9552302418674122,0.7180734678313351,0.5412214842858378,0.011972084322613596,0.7425665283561864,,0.9999996646849938,4.4059199552998455e-09,4.4059199552998455e-09,3.67866784340914e-09,,1.2251610931599486e-12,0.9999999955940747,1.5171946557926922e-13,,,,,,3.1786782849947497e-13,0.0,1.0,3.4954031196328703e-13,3.4954031196328703e-13,0.8999999009506751,0.3383296774327209,573,1.5046010662506115,0.7638376089748709,41,0,0.24999997273099747,0.35570077877965045,577,0.0,0.42415197238051106,0.7483188748811919,38,309.1778075261332,0.6759142478761706,307.25,73.82207241300746,0.6769246291791755,376,coif,0.5556920286951962,0.9053407607371553,0.33941335169221604,4,283.0,1.2021745510922414e-13,0.9999999999705129,1.6659043654870916e-26,0.9423221087083462,0.8948654678987958,0.0014177905870914795,0.009824561403509124,0.007232532150984421,0.9999999997232977,2.0315811922799742e-05,4.745387416349445e-11,4.745387416349445e-11,3.962102868015904e-11,,1.2251610931599486e-12,0.0031261328403482946,1.5171946557926922e-13,,,,,0.0,,1.4749084227875944e-13,0.0,1.0,2.847685247612971e-13,2.847685247612971e-13,1.0,0.3015691612049857,0.08604450842087126,1351,1.7203577317702576,0.795295837932389,544,570.6351724175438,0.7009249620453124,947.5,775.6664907651715,0.6021658353203501,866,0.4784248188775415,0.776734912893196,0.43208215291776214,2,650.0,,,,,,,,,,,,,8.071854397436551e-19,0.9999999999715824,1.6659043654870916e-26,0.958162754557512,0.27663496803494175,0.0015929671846857708,0.007432462905335557,0.9999999999999999,0.007232532150984421,0.9999999999999541,9.960751159770391e-05,3.8434858594393884e-14,3.8434858594393884e-14,3.2090649582094954e-14,,0.0,9.572760819061336e-19,0.004567040150618464,1.4108257588933865e-18,,,,,0.13043478260869565,,4.666576700876887e-21,0.7209302325581395,1.0,9.54194168962319e-19,9.54194168962319e-19,1.0,0.42658033862811345,0.13286867808967343,1488,1.8198776183583052,0.8833855291826817,704,554.3717164502533,0.7409477960512836,1096.0,955.7956204379562,0.6143991316705015,963,986.6382352941176,846.0,585.0035688138154,340,0.4652856568234462,0.8173890317607586,0.42908333069536003,4,723.25
rbio1.3,1.0,periodization,4.269705185724641e-27,320.94341985317504,4915976.842742816,0.5194174757281553,86.55493466955369,206,smoothed,4.686256677188879e-14,-2.1285513351898594e-10,6.210122834629095,30680.199561663456,0.9791176656524445,0.00014966566451320263,0.9999999999999999,362.4000000000001,,,,[],[],11,426.59999999999997,32.20000000000002,728.4000000000001,"[9, 31, 53, 64, 80, 102, 131, 148, 158, 175, 192]","[311.00000000000006, 417.79999999999995, 589.6, 432.20000000000005, 728.4000000000001, 371.0000000000002, 587.0000000000001, 32.20000000000002, 448.2, 368.0, 407.2]","[0, 0, 0, 60, 0, 94, 120, 144, 144, 165, 186]","[20, 40, 75, 75, 203, 120, 203, 149, 203, 186, 203]",30736475.840000007,728.4000000000001,-728.4000000000001,0.0,,,,DWT,mdp.39015067403892,1.1175870895385742e-08,,0.0,33.0,11.0,0.0,33.0,,1.1368683772161603e-13,168.40000000000003,987.7999999999993,168.40000000000006,,0.0,168.40000000000003,,,28.00000000000003,0.0,15.0,1.1368683772161603e-13,1.1368683772161603e-13,,1.1368683772161603e-13,5.411357440418463e-14,7.707829089302327e-27,0.9841709936827636,0.10931641577611377,0.04261607343294817,0.04358768564058205,0.018488136250184285,,0.9999996647345563,4.4059199552998455e-09,4.4059199552998455e-09,3.6787565615428943e-09,,1.2251610931599486e-12,0.9999999955940747,7.585973278963461e-14,,,,,,2.3840087137460624e-13,1.0,0.0,1.7477015598164352e-13,1.7477015598164352e-13,0.8999999009654228,0.3383296774382649,441,0.6912991695705119,0.3509503725707857,819,0,0.24999997273509303,0.3557007787854776,441,0.0,0.17116847211180658,0.3019875110964477,870,233.88939693795442,0.754832917255813,642.75,579.2422262869088,0.5405453894455166,771,rbio,0.7685897546424816,0.816051598246696,0.21717169227625407,5,579.5,4.086382164954004e-14,0.9999999999705129,2.224648636819604e-27,0.9704311690172842,0.7490706597900882,0.0001116376003656998,0.0357690342360758,0.00018007280793714848,0.999999999723421,2.0315811923854454e-05,4.745387416349445e-11,4.745387416349445e-11,3.9622027880881205e-11,,1.2251610931599486e-12,0.0031261328403482946,7.585973278963461e-14,,,,,0.0,,1.1061813170906958e-13,1.0,0.0,1.4238426238064856e-13,1.4238426238064856e-13,1.0,0.30156916120487304,0.0860445084208391,1379,1.671229492803737,0.7725845824455335,976,284.9640328181787,0.8506477815418351,1177.5,1143.0182590233546,0.6167547083809805,797,0.3888041033402703,1.0,0.4278371276618108,3,598.5,,,,,,,,,,,,,2.7437514641964335e-19,0.9999999999715824,2.224648636819604e-27,0.9785519475215223,0.23156457083265067,0.0012875336584100643,0.027059937762143327,0.9999999999999999,0.00018007280793714804,0.9999999999999541,9.960751159770467e-05,3.8434858594393884e-14,3.8434858594393884e-14,3.2091408523615694e-14,,0.0,9.572760819061336e-19,0.004567040150618464,7.054128794466933e-19,,,,,0.13043478260869565,,3.499932525657665e-21,1.0,0.7209302325581395,4.770970844811595e-19,4.770970844811595e-19,1.0,0.42658033862811345,0.13286867808967343,1501,1.8144532249779322,0.880752478164043,774,514.06662992262,0.7597819486342897,1137.5,1021.3397802197803,0.6141199462797617,964,818.67,599.5,715.6978453131971,300,0.38607403914171184,1.0,0.42974817260080167,3,723.75
coif11,1.0,smooth,2.4586849069428975e-26,313.3403699900204,4961234.584451475,0.5592592592592592,39.92966153676088,206,smoothed,1.1644622698670382e-13,-2.2184696302218803e-10,6.195328061351548,45430.130260631006,0.991092167628846,0.00014966566451320268,0.9999999999999997,362.4000000000001,,,,[],[],11,426.6,32.19999999999996,728.3999999999997,"[9, 31, 53, 64, 80, 102, 131, 148, 158, 175, 192]","[310.9999999999998, 417.80000000000007, 589.6000000000001, 432.2, 728.3999999999997, 371.0, 587.0000000000001, 32.19999999999996, 448.19999999999993, 368.0, 407.2000000000003]","[1, 1, 1, 60, 1, 94, 120, 144, 144, 165, 186]","[20, 40, 75, 75, 205, 120, 205, 149, 205, 186, 205]",30736475.84000001,728.3999999999997,-728.3999999999997,0.0,,,,DWT,mdp.39015067403892,1.4901161193847656e-08,,0.0,15.0,11.0,0.0,33.0,,2.2737367544323206e-13,168.4000000000001,987.7999999999984,168.40000000000003,,0.0,168.4000000000001,,,27.99999999999997,0.0,33.0,2.2737367544323206e-13,2.2737367544323206e-13,,1.1368683772161603e-13,2.0697912914781892e-13,6.716797532896538e-26,0.9552838680292519,0.08797637470783433,0.06203865383135184,0.31726023454924823,0.14080685524569814,,0.9999996646849938,4.4059791007223055e-09,4.4059791007223055e-09,3.6787269888316428e-09,,1.2251610931599486e-12,0.9999999955939887,1.5171946557926922e-13,,,,,,3.1786782849947497e-13,0.0,1.0,3.4954031196328703e-13,3.4954031196328703e-13,0.8999999009506853,0.33832967743272474,572,0.8314046710051848,0.4220774331721509,409,0,0.24999997273100508,0.3557007787796613,573,0.0,0.22333799805194168,0.3940286743981342,377,104.45533335673515,0.8905080363136948,482.75,465.6057002150193,0.6922403913224658,343,coif,0.5556920286951962,0.9053407607371553,0.33941335169221604,4,258.25,1.2878398352825969e-13,0.9999999999705134,1.66024049704567e-26,0.9423741937760357,0.7439598077973634,0.000162517235534323,0.2603508771929825,0.0013714462862983107,0.9999999997232855,2.0315811922799742e-05,4.745454029730922e-11,4.745454029730922e-11,3.962169481397382e-11,,1.2251610931599486e-12,0.0031261328403480726,1.5171946557926922e-13,,,,,0.0,,1.4749084227875944e-13,0.0,1.0,2.847685247612971e-13,2.847685247612971e-13,1.0,0.3015691612049862,0.0860445084208714,1347,1.7421746080542895,0.8053814559320375,311,732.5626253092632,0.6160573242613925,829.0,505.3281061519903,0.590785475547887,912,0.4784248188775415,0.776734912893196,0.43208215291776214,2,684.5,,,,,,,,,,,,,8.647043499777245e-19,0.9999999999715827,1.66024049704567e-26,0.9582005349914359,0.22998462342339532,0.0012994314579351644,0.19696026699138594,0.9999999999999997,0.0013714462862983107,0.9999999999999541,9.960751159770391e-05,3.8435400695480126e-14,3.8435400695480126e-14,3.20911916831812e-14,,0.0,9.572760819061336e-19,0.00456704015061846,1.4108257588933865e-18,,,,,0.13043478260869565,,4.666576700876887e-21,0.7209302325581395,1.0,9.54194168962319e-19,9.54194168962319e-19,1.0,0.42658033862811345,0.13286867808967343,1388,1.8698950337380569,0.9076644480000088,113,901.5611460128481,0.5787097448538093,750.5,208.98600932711526,0.6140044051371851,965,986.6382352941176,846.0,585.0035688138154,340,0.4652856568234462,0.8173890317607586,0.42908333069536003,4,724.75
db7,1.0,smooth,3.4027476852489646e-27,321.92910127020843,4962190.135530256,0.5504587155963303,74.38143155325453,206,smoothed,3.813993349838499e-14,-1.9874626389082586e-10,6.1941350493446015,36056.72401986365,0.9857152164949768,0.0001496656645132028,0.9999999999999999,362.4,,,,[],[],11,426.59999999999997,32.20000000000002,728.3999999999997,"[9, 31, 53, 64, 80, 102, 131, 148, 158, 175, 192]","[310.99999999999994, 417.8000000000002, 589.6, 432.2, 728.3999999999997, 371.0000000000001, 586.9999999999999, 32.20000000000002, 448.1999999999999, 367.9999999999999, 407.20000000000005]","[1, 1, 1, 60, 1, 94, 120, 144, 144, 165, 186]","[20, 40, 75, 75, 204, 120, 204, 149, 204, 186, 204]",30736475.83999999,728.3999999999997,-728.3999999999997,0.0,,,,DWT,mdp.39015067403892,7.450580596923828e-09,,0.0,15.0,11.0,0.0,33.0,,2.2737367544323206e-13,168.40000000000003,987.7999999999993,168.4,,0.0,168.40000000000003,,,28.00000000000003,0.0,33.0,2.2737367544323206e-13,2.2737367544323206e-13,,0.0,3.4951170902226436e-14,5.170591569258852e-27,0.9879160043640904,0.08625556934329237,0.062448733233277584,0.2568094463927513,0.06307475823486455,,0.9999996647345563,4.4059199552998455e-09,4.4059199552998455e-09,3.6786974161203912e-09,,0.0,0.9999999955940747,1.5171946557926922e-13,,,,,,1.5893391424973748e-13,0.0,1.0,3.4954031196328703e-13,3.4954031196328703e-13,0.8999999009648605,0.3383296774380535,485,0.7950554357577959,0.4036240945681717,522,0,0.24999997273501479,0.3557007787853663,476,0.0,0.20807207308118736,0.3670954510677776,506,20.74246851269154,0.9782573705317699,497.25,496.6051202759784,0.728515477718715,267,db,0.573477938514061,0.8443824841957417,0.34525069778143475,3,201.0,2.984262318070926e-14,0.999999999970514,1.6111321029599402e-27,0.9740685565934838,0.7435476819959969,0.0001635914846779571,0.21074360212457785,0.0006143425530626754,0.9999999997236336,2.0315811923854454e-05,4.745387416349445e-11,4.745387416349445e-11,3.962136174706643e-11,,0.0,0.0031261328403482946,1.5171946557926922e-13,,,,,0.0,,7.374542113937972e-14,0.0,1.0,2.847685247612971e-13,2.847685247612971e-13,1.0,0.3015691612043367,0.08604450842068607,1506,1.7408399484481003,0.804764462611255,329,832.2646814565664,0.5638025778529525,917.5,540.0261580381472,0.541466278444296,1252,0.49117026184683504,0.8233619396015222,0.4091722348267588,4,940.0,,,,,,,,,,,,,2.0037465352547392e-19,0.9999999999715835,1.6111321029599402e-27,0.9811903636180023,0.22985722057684776,0.0012996826625852882,0.15943144339942358,0.9999999999999999,0.0006143425530626759,0.9999999999999541,9.960751159770467e-05,3.8434858594393884e-14,3.8434858594393884e-14,3.209086642252945e-14,,0.0,0.0,0.004567040150618464,1.4108257588933865e-18,,,,,0.13043478260869565,,2.3332883504384434e-21,0.7209302325581395,1.0,9.54194168962319e-19,9.54194168962319e-19,1.0,0.42658033862811345,0.13286867808967343,1390,1.868310984162969,0.906895535597315,124,895.1971849821691,0.5816835584195472,757.0,227.68824306472922,0.613972620331269,966,1009.0473684210526,935.5,610.6543869996938,760,0.4758535102197843,0.8532293215616218,0.41093374637766444,5,725.75
db38,1.0,constant,1.4551466116894105e-26,317.84272494467325,5900919.213329095,0.6035714285714285,170.61998717961367,206,raw,8.57997599613228e-14,-2.0526247368480023e-10,6.405208437616415,66852.89378907811,0.8349202378007159,5.618943883690066e-06,1.0,327.0,,,,[],[],13,661.1538461538462,86.99999999999977,940.0,"[8, 32, 51, 63, 81, 100, 111, 133, 152, 162, 175, 192, 204]","[878.0, 638.0000000000001, 787.0, 792.0000000000001, 940.0, 788.0, 637.0000000000001, 674.9999999999998, 771.0, 196.0, 834.0000000000001, 572.0000000000001, 86.99999999999977]","[0, 13, 42, 42, 76, 99, 107, 107, 107, 161, 99, 187, 203]","[76, 42, 61, 76, 205, 164, 119, 142, 164, 164, 205, 205, 205]",37754613.0,941.0,-941.0,0.0,,,,DWT,mdp.39015067403892,0.0,,0.0,33.0,19.0,0.0,28.5,,0.0,256.3413461538462,4359.0,256.34134615384613,,0.0,256.3413461538462,,,83.99999999999977,0.0,24.0,0.0,0.0,,0.0,9.006164076037133e-14,9.500703489570456e-27,0.958988902841957,0.8164629492206286,0.0001856414120069996,0.34821428571428537,0.0007378391726293429,0.9999999997235355,0.4742280246113362,6.6959667625959335e-09,6.6959667625959335e-09,6.0819563246244724e-09,,0.0,0.9999999933040264,0.0,,,,,,0.0,1.0,0.5,0.0,0.0,0.7922684098775811,0.259018213749213,583,1.523298486865699,0.7316454218989608,581,0,0.24785233644910437,0.29613842719970307,582,0.0,0.39057370226064153,0.7094172535400705,606,12.027745701779143,0.9873923001029569,588.0,587.8191236241488,0.6855200494225476,366,db,0.540986235965534,0.9305070477545101,0.3421575204977732,3,275.25,9.006164076037133e-14,0.0001547883299646835,9.500703489570456e-27,0.958988902841957,0.8164629492206287,0.0012189290069972464,0.5101315789473684,0.0031017942331385746,0.9999999997235354,0.9919828214561976,0.9855281704452468,0.9855281704452468,0.9855281704451341,,0.0,0.9999999999667601,0.0,,,,,1.0,,0.0,1.0,0.5,0.0,0.0,0.0,2.2345701998209275,0.6375734627746844,581,1.5895740664796205,0.7348364911614371,1337,534.5727265770299,0.7198256150015566,959.0,810.007299270073,0.6086025349640907,833,0.49117026184683504,0.8233619396015222,0.4091722348267588,4,625.75,,,,,,,,,,,,,6.047079023187333e-19,0.03641360043841643,9.500703489570456e-27,0.9702521833020784,0.2523979413237416,0.0015464649799163286,0.3859240002319423,1.0,0.0031017942331385746,0.9999999999999541,0.0008499884728391191,0.0007982210227401261,0.0007982210227401261,0.0007982210227337869,,0.0,0.0,0.020163910573049823,0.0,,,,,0.4782608695652174,,0.0,1.0,0.8604651162790697,0.0,0.0,0.9302325581395349,0.5744527218307418,0.17892707859001003,280,1.675657911050615,0.8133799413489771,1418,804.6875169902911,0.6239777957989294,849.0,467.65606595995285,0.6136244119181563,967,1009.0473684210526,935.5,610.6543869996938,760,0.4758535102197843,0.8532293215616218,0.41093374637766444,5,726.5
coif1,1.0,periodic,2.9834566258583867e-27,322.50020145887436,4954618.426645809,0.5285714285714286,101.59183835835987,206,smoothed,3.381976468023195e-14,-2.099068918681727e-10,6.20474818259381,33494.032470959544,0.9793126063752854,0.00014966566451320276,0.9999999999999999,362.4,,,,[],[],11,426.6,32.200000000000045,728.4000000000001,"[9, 31, 53, 64, 80, 102, 131, 148, 158, 175, 192]","[311.00000000000006, 417.80000000000007, 589.6, 432.19999999999993, 728.4000000000001, 371.0000000000001, 587.0, 32.200000000000045, 448.2000000000001, 368.0, 407.2000000000001]","[0, 0, 0, 60, 0, 94, 120, 144, 144, 165, 186]","[20, 40, 75, 75, 203, 120, 203, 149, 203, 186, 203]",30736475.840000007,728.4000000000001,-728.4000000000001,0.0,,,,DWT,mdp.39015067403892,1.1175870895385742e-08,,0.0,33.0,11.0,0.0,33.0,,1.1368683772161603e-13,168.4000000000001,987.7999999999984,168.40000000000003,,0.0,168.4000000000001,,,28.000000000000057,0.0,15.0,1.1368683772161603e-13,1.1368683772161603e-13,,0.0,2.5460365145036486e-14,3.943494500347337e-27,0.9900858497823989,0.10156399584989835,0.05919929746805162,0.10646603558323861,0.04182278398223155,,0.9999996647593375,4.4059791007223055e-09,4.4059791007223055e-09,3.6787269888316428e-09,,0.0,0.9999999955939887,7.585973278963461e-14,,,,,,2.3840087137460624e-13,1.0,0.0,1.7477015598164352e-13,1.7477015598164352e-13,0.8999999009722283,0.3383296774408232,418,0.73374868435461,0.37250062705493897,700,0,0.24999997273705626,0.35570077878827094,412,0.0,0.18559113752369208,0.3274329963390054,731,173.97198050260852,0.8176394334354209,565.25,525.2039156263024,0.612567096172637,531,coif,0.5556920286951962,0.9053407607371553,0.33941335169221604,4,399.25,2.438401492896135e-14,0.999999999970514,1.3144139855268346e-27,0.976176045580413,0.7472139871294516,0.00015507922199981352,0.08736842105263184,0.0004073502080207867,0.9999999997234654,2.0315811924354055e-05,4.745454029730922e-11,4.745454029730922e-11,3.962169481397382e-11,,0.0,0.0031261328403480726,7.585973278963461e-14,,,,,0.0,,1.1061813170906958e-13,1.0,0.0,1.4238426238064856e-13,1.4238426238064856e-13,1.0,0.3015691612042608,0.08604450842066443,1538,1.6945004689087826,0.7833424092039964,804,519.0163773909259,0.7279788378454267,1171.0,1055.9795046968404,0.5571235908304701,1124,0.4784248188775415,0.776734912893196,0.43208215291776214,2,843.5,,,,,,,,,,,,,1.6372349419031506e-19,0.9999999999715833,1.3144139855268346e-27,0.9827190522028129,0.23099060681174305,0.001297692137407309,0.06609583083673215,0.9999999999999999,0.00040735020802078713,0.9999999999999541,9.960751159770499e-05,3.8435400695480126e-14,3.8435400695480126e-14,3.20911916831812e-14,,0.0,0.0,0.00456704015061846,7.054128794466933e-19,,,,,0.13043478260869565,,3.499932525657665e-21,1.0,0.7209302325581395,4.770970844811595e-19,4.770970844811595e-19,1.0,0.42658033862811345,0.13286867808967343,1462,1.8323768532056208,0.8894527740779373,535,655.4879861599295,0.6936972027290049,998.5,783.3450175262894,0.613554208841138,968,986.6382352941176,846.0,585.0035688138154,340,0.4652856568234462,0.8173890317607586,0.42908333069536003,4,727.0
rbio3.3,1.0,antisymmetric,3.1393294136550666e-27,322.27902985106243,4836563.925362594,0.5471698113207547,134.7203642498632,206,smoothed,3.651016921369255e-14,-2.037650492781045e-10,6.282414848914439,33187.06643196602,0.9540079787398024,0.00014966566451320274,0.9999999999999999,362.40000000000003,,,,[],[],11,426.6,32.200000000000045,728.4,"[9, 31, 53, 64, 80, 102, 131, 148, 158, 175, 192]","[311.0, 417.8000000000001, 589.6, 432.19999999999993, 728.4, 371.0000000000001, 587.0000000000001, 32.200000000000045, 448.2, 367.9999999999999, 407.20000000000005]","[0, 0, 0, 60, 0, 94, 120, 144, 144, 165, 186]","[20, 40, 75, 75, 203, 120, 203, 149, 203, 186, 203]",30736475.839999996,728.4,-728.4,0.0,,,,DWT,mdp.39015067403892,0.0,,0.0,33.0,11.0,0.0,33.0,,0.0,168.4000000000001,987.7999999999984,168.40000000000003,,0.0,168.4000000000001,,,28.000000000000057,0.0,15.0,0.0,0.0,,5.684341886080802e-14,3.137080705370572e-14,4.399671747022659e-27,0.9892455275247725,0.21359071081375103,0.008535632954540198,0.23421801758508504,0.03927716573960191,,0.9999996647593375,4.4059791007223055e-09,4.4059791007223055e-09,3.6787269888316428e-09,,6.125805465799743e-13,0.9999999955939887,0.0,,,,,,0.0,1.0,0.0,0.0,0.0,0.8999999009723074,0.33832967744085296,404,0.8140085617288934,0.41324598753973446,465,0,0.24999997273705196,0.3557007787882648,419,0.0,0.21212386494539748,0.37424390852292394,472,33.595634637057636,0.9647844500659774,440.0,438.0650457093888,0.7517842585759655,228,rbio,0.7685897546424816,0.816051598246696,0.21717169227625407,5,172.25,2.7783387732445112e-14,0.9999999999705138,1.424719891456008e-27,0.9753598722767868,0.7740439242218636,2.2360051123586832e-05,0.19220456802383332,0.00038255611202953847,0.999999999723558,2.0315811924354055e-05,4.745454029730922e-11,4.745454029730922e-11,3.962169481397382e-11,,6.125805465799743e-13,0.0031261328403480726,0.0,,,,,0.0,,0.0,1.0,0.0,0.0,0.0,1.0,0.3015691612044169,0.08604450842070896,1492,1.7492839150374966,0.8086679830013291,245,881.7621561396247,0.5378605051679115,868.5,420.88658606793314,0.5413359129613142,1255,0.3888041033402703,1.0,0.4278371276618108,3,942.0,,,,,,,,,,,,,1.8654816826730044e-19,0.9999999999715831,1.424719891456008e-27,0.9821270325907443,0.2392847013501841,0.0012666568109355376,0.1454063202824446,0.9999999999999999,0.00038255611202953847,0.9999999999999541,9.960751159770499e-05,3.8435400695480126e-14,3.8435400695480126e-14,3.20911916831812e-14,,0.0,4.786380409530668e-19,0.00456704015061846,0.0,,,,,0.13043478260869565,,0.0,1.0,0.7209302325581395,0.0,0.0,1.0,0.42658033862811345,0.13286867808967343,1393,1.8678674491842526,0.9066802395917308,132,891.6616510762365,0.5833356770671791,762.5,241.14885245901638,0.6135136329261129,969,818.67,599.5,715.6978453131971,300,0.38607403914171184,1.0,0.42974817260080167,3,727.5
db29,1.0,zero,1.3193629710227763e-26,318.26814955761097,5937076.685936312,0.5877862595419847,176.93395831199282,206,raw,8.025511215678703e-14,-2.064265425261197e-10,6.3591250369786785,69819.7138278655,0.8354693196327936,5.6189438836900665e-06,1.0,327.00000000000006,,,,[],[],13,661.1538461538462,87.00000000000003,939.9999999999998,"[8, 32, 51, 63, 81, 100, 111, 133, 152, 162, 175, 192, 204]","[877.9999999999998, 638.0000000000002, 787.0, 791.9999999999998, 939.9999999999998, 788.0, 637.0000000000001, 674.9999999999995, 771.0, 195.99999999999994, 834.0000000000002, 572.0, 87.00000000000003]","[0, 13, 39, 39, 76, 99, 107, 107, 107, 161, 99, 187, 203]","[76, 39, 61, 76, 205, 164, 119, 142, 164, 164, 205, 205, 205]",37754613.0,940.9999999999998,-940.9999999999998,0.0,,,,DWT,mdp.39015067403892,0.0,,0.0,33.0,19.0,0.0,28.5,,2.2737367544323206e-13,256.3413461538462,4359.0,256.3413461538461,,0.0,256.3413461538462,,,84.00000000000003,0.0,19.5,2.2737367544323206e-13,2.2737367544323206e-13,,5.684341886080802e-14,8.30558820660122e-14,8.539808537615695e-27,0.9605588159751137,0.8005434460580925,0.00022633240061499814,0.22982551799345668,0.00097804181447351,0.9999999997235179,0.4742280246116333,6.6959667625959335e-09,6.6959667625959335e-09,6.081912306383589e-09,,2.859275438170267e-12,0.9999999933040264,2.7225927463116073e-13,,,,,,0.0,1.0,0.0,2.847685247612971e-13,2.847685247612971e-13,0.7422684098793366,0.24267159368265367,801,1.469041602627026,0.7055856566579369,673,0,0.2061856697827672,0.24635434483033158,800,0.0,0.3740165192456691,0.6793436688802318,720,63.037026156590436,0.9339234526660478,748.5,744.4336221967226,0.5746661288487471,615,db,0.540986235965534,0.9305070477545101,0.3421575204977732,3,462.0,8.30558820660122e-14,0.0001547883299646835,8.539808537615695e-27,0.9605588159751137,0.8005434460580926,0.0012595779423046542,0.4211530735235034,0.003341428627456722,0.9999999997235178,0.9919828214562021,0.9855281704452468,0.9855281704452468,0.9855281704451335,,6.125805465799743e-13,0.9999999999667601,1.5171946557926922e-13,,,,,1.0,,0.0,1.0,0.25,2.847685247612971e-13,2.847685247612971e-13,0.0,2.2095701998214246,0.6304403968408742,802,1.5470810388340723,0.7151925953579313,1464,468.10468914549443,0.7546621126071832,1133.0,1036.3000882612534,0.5804232994901743,978,0.49117026184683504,0.8233619396015222,0.4091722348267588,4,734.5,,,,,,,,,,,,,5.576685900382797e-19,0.03641360043841644,8.539808537615695e-27,0.9713909357703879,0.24747665269826705,0.001555970411344708,0.3186101107081958,1.0,0.003341428627456722,0.9999999999999541,0.0008499884728391225,0.0007982210227401261,0.0007982210227401261,0.0007982210227337863,,0.0,4.786380409530668e-19,0.020163910573049823,1.4108257588933865e-18,,,,,0.4782608695652174,,0.0,1.0,0.7906976744186046,9.54194168962319e-19,9.54194168962319e-19,0.9302325581395349,0.5674759776446953,0.17675400427451057,825,1.6470555688828066,0.7994960983273971,1512,485.78235867515815,0.7729988978153467,1168.5,1067.5224646983313,0.6134854302160846,970,1009.0473684210526,935.5,610.6543869996938,760,0.4758535102197843,0.8532293215616218,0.41093374637766444,5,728.75
coif1,1.0,symmetric,2.9833953551084664e-27,322.50029065012177,4954718.543325436,0.5285714285714286,100.47168195816027,206,smoothed,3.380251849732515e-14,-2.099068918681727e-10,6.203937304739505,33142.63103931049,0.9796514755959949,0.00014966566451320276,0.9999999999999999,362.4,,,,[],[],11,426.6,32.200000000000045,728.4000000000001,"[9, 31, 53, 64, 80, 102, 131, 148, 158, 175, 192]","[311.00000000000006, 417.80000000000007, 589.6, 432.19999999999993, 728.4000000000001, 371.0000000000001, 587.0, 32.200000000000045, 448.2000000000001, 368.0, 407.2000000000001]","[0, 0, 0, 60, 0, 94, 120, 144, 144, 165, 186]","[20, 40, 75, 75, 203, 120, 203, 149, 203, 186, 203]",30736475.840000007,728.4000000000001,-728.4000000000001,0.0,,,,DWT,mdp.39015067403892,1.1175870895385742e-08,,0.0,33.0,11.0,0.0,33.0,,1.1368683772161603e-13,168.4000000000001,987.7999999999984,168.40000000000003,,0.0,168.4000000000001,,,28.000000000000057,0.0,15.0,1.1368683772161603e-13,1.1368683772161603e-13,,0.0,2.5422477696903992e-14,3.9433151853918844e-27,0.990086188656774,0.10039438233926253,0.05924226302898931,0.10646603558323861,0.038908670428090514,,0.9999996647593375,4.4059791007223055e-09,4.4059791007223055e-09,3.6787269888316428e-09,,0.0,0.9999999955939887,7.585973278963461e-14,,,,,,2.3840087137460624e-13,1.0,0.0,1.7477015598164352e-13,1.7477015598164352e-13,0.8999999009722283,0.3383296774408232,414,0.7320199182827296,0.37162298807644706,704,0,0.24999997273705626,0.35570077878827094,408,0.0,0.1850139342909115,0.3264146536178624,742,180.81666589854672,0.8104647107981691,567.0,523.9303367401485,0.6080625440783298,547,coif,0.5556920286951962,0.9053407607371553,0.33941335169221604,4,411.25,2.436222407765697e-14,0.999999999970514,1.3143706262870818e-27,0.9761763747163079,0.7469338695081956,0.00015519177512202933,0.08736842105263184,0.0003789670003658428,0.9999999997234654,2.0315811924354055e-05,4.745454029730922e-11,4.745454029730922e-11,3.962169481397382e-11,,0.0,0.0031261328403480726,7.585973278963461e-14,,,,,0.0,,1.1061813170906958e-13,1.0,0.0,1.4238426238064856e-13,1.4238426238064856e-13,1.0,0.3015691612042608,0.08604450842066443,1539,1.6943493105731902,0.7832725309496397,808,516.8950570473662,0.7290906409604999,1173.5,1059.6608436301663,0.5570243561196629,1125,0.4784248188775415,0.776734912893196,0.43208215291776214,2,844.25,,,,,,,,,,,,,1.635771821770011e-19,0.9999999999715833,1.3143706262870818e-27,0.9827192909448839,0.23090401242188002,0.0012977184570630929,0.06609583083673215,0.9999999999999999,0.0003789670003658432,0.9999999999999541,9.960751159770499e-05,3.8435400695480126e-14,3.8435400695480126e-14,3.20911916831812e-14,,0.0,0.0,0.00456704015061846,7.054128794466933e-19,,,,,0.13043478260869565,,3.499932525657665e-21,1.0,0.7209302325581395,4.770970844811595e-19,4.770970844811595e-19,1.0,0.42658033862811345,0.13286867808967343,1463,1.8323223591326976,0.8894263221478949,538,654.0737725975565,0.6943580501880577,1000.5,786.7006496751624,0.6134173428510382,971,986.6382352941176,846.0,585.0035688138154,340,0.4652856568234462,0.8173890317607586,0.42908333069536003,4,729.25
bior3.1,1.0,periodic,7.50811769520643e-27,318.4920880236118,5147123.338853302,0.5240384615384616,62.45583930887094,206,smoothed,6.794996065278627e-14,-1.8957238001604573e-10,6.138729758813057,36638.828018676024,0.993063555423784,0.00014966566451320284,1.0,362.39999999999986,,,,[],[],11,426.59999999999997,32.20000000000002,728.3999999999999,"[9, 31, 53, 64, 80, 102, 131, 148, 158, 175, 192]","[310.99999999999983, 417.79999999999995, 589.5999999999999, 432.19999999999976, 728.3999999999999, 371.0, 586.9999999999999, 32.20000000000002, 448.20000000000005, 367.9999999999999, 407.19999999999993]","[1, 1, 1, 60, 1, 94, 120, 144, 144, 165, 186]","[20, 40, 75, 75, 204, 120, 204, 149, 204, 186, 204]",30736475.83999999,728.3999999999999,-728.3999999999999,0.0,,,,DWT,mdp.39015067403892,7.450580596923828e-09,,0.0,15.0,11.0,0.0,33.0,,1.1368683772161603e-13,168.40000000000003,987.7999999999993,168.39999999999995,,0.0,168.40000000000003,,,28.00000000000003,0.0,33.0,1.1368683772161603e-13,1.1368683772161603e-13,,1.1368683772161603e-13,1.0043962499924359e-13,1.7185366015768857e-26,0.9748573719318121,0.006338753237872835,0.14181371863176334,0.0753291603712502,0.06790204975982607,,0.9999996647345563,4.4059199552998455e-09,4.4059199552998455e-09,3.6786382706978885e-09,,1.2251610931599486e-12,0.9999999955940747,7.585973278963461e-14,,,,,,1.5893391424973748e-13,0.0,1.0,1.7477015598164352e-13,1.7477015598164352e-13,0.8999999009653475,0.3383296774382366,449,0.716283143146366,0.36363393306195785,755,0,0.24999997273507654,0.3557007787854542,449,0.0,0.18089157913323217,0.3191417034152689,787,186.36523280912672,0.8046486029254437,610.0,567.4165854924263,0.5826178025109399,636,bior,0.8100315533562081,0.7923003667562746,0.1952878026237719,6,478.5,6.750810966033503e-14,0.9999999999705145,4.5163637634952784e-27,0.9613851996118431,0.7244079335045222,0.0003714969956557855,0.06181680161943359,0.0006613599445329682,0.9999999997237718,2.0315811923854454e-05,4.745387416349445e-11,4.745387416349445e-11,3.9620695613251655e-11,,1.2251610931599486e-12,0.0031261328403482946,7.585973278963461e-14,,,,,0.0,,7.374542113937972e-14,0.0,1.0,1.4238426238064856e-13,1.4238426238064856e-13,1.0,0.3015691612048542,0.08604450842083375,1388,1.664212099523465,0.7693405457165026,1022,258.8010819142764,0.864360019961071,1205.0,1177.2082987551867,0.6164043286388164,800,0.5943810304597339,0.7715092316736338,0.3524805091760961,5,601.25,,,,,,,,,,,,,4.532749685387356e-19,0.9999999999715838,4.5163637634952784e-27,0.9719903615514845,0.22394043877883257,0.001348299718929732,0.04676555686229644,1.0,0.0006613599445329677,0.9999999999999541,9.960751159770467e-05,3.8434858594393884e-14,3.8434858594393884e-14,3.209043274166046e-14,,0.0,9.572760819061336e-19,0.004567040150618464,7.054128794466933e-19,,,,,0.13043478260869565,,2.3332883504384434e-21,0.7209302325581395,1.0,4.770970844811595e-19,4.770970844811595e-19,1.0,0.42658033862811345,0.13286867808967343,1503,1.8148093528939608,0.8809253459681109,771,517.6021638285528,0.7581298299866576,1137.0,1019.1846965699209,0.6134107093858521,972,1104.4,1082.5,563.6960149978129,300,0.520820561188399,0.7876173146100969,0.3991404127850916,6,730.5
sym13,1.0,periodization,4.335931298082854e-22,273.1009685457416,5988038.181729037,0.6359223300970874,290.81947559160784,206,raw,1.64643431955829e-11,-1.8591117534574373e-10,6.305005388108176,63117.308605896105,0.7654384027606261,5.618943883691015e-06,1.0,327.00000000002217,,,,[],[],13,661.153846153791,86.99999999999154,939.9999999999184,"[8, 32, 51, 63, 81, 100, 111, 133, 152, 162, 175, 192, 204]","[877.9999999999382, 637.9999999999355, 786.9999999999308, 791.9999999999286, 939.9999999999184, 787.9999999999343, 636.9999999999445, 674.9999999999707, 770.9999999999383, 195.99999999997192, 833.9999999999246, 571.9999999999558, 86.99999999999154]","[0, 13, 39, 39, 76, 99, 107, 107, 107, 161, 99, 187, 203]","[76, 39, 61, 76, 205, 164, 119, 142, 164, 164, 205, 205, 205]",37754612.99999812,940.9999999999479,-940.9999999999479,0.0,,,,DWT,mdp.39015067403892,1.8775463104248047e-06,,0.0,33.0,19.0,0.0,28.5,,5.206857167650014e-11,256.34134615379105,4359.000000000717,256.34134615379605,,0.0,256.34134615379105,,,83.99999999999154,0.0,19.5,8.162714948412031e-11,5.206857167650014e-11,,2.2168933355715126e-11,2.07846354207539e-11,3.068384126101707e-22,0.7938816926922201,0.78184782226674,0.0002836835785381601,0.5908460471567272,0.0004353950007202879,0.9999999997238272,0.4742280246017778,6.653269068965212e-09,6.653269068965212e-09,6.0431762544061585e-09,,1.1151174208864043e-09,0.9999999933467174,9.77410795925867e-11,,,,,,1.8583846127123688e-11,1.0,0.0,6.521199217033705e-11,6.521199217033705e-11,0.7422684105006122,0.24267159388576878,698,1.5039073452967164,0.7223317909351878,622,0,0.2061856698883396,0.2463543449564714,698,0.0,0.3959118300549446,0.7191131443206363,552,70.16884398838752,0.9264477526327175,642.5,636.4723385608244,0.6264838343876376,475,sym,0.8243425715244881,0.7368036147090654,0.2019191155201387,6,357.75,2.07846354207539e-11,0.00015478832997128933,3.068384126101707e-22,0.7938816926922201,0.78184782226674,0.001316869848963909,0.6924885028104244,0.0028000655535785086,0.999999999723827,0.9919828214560519,0.9855281704446288,0.9855281704446288,0.9855281704445729,,2.3890641316619e-10,0.9999999999669721,5.446728814295765e-11,,,,,1.0,,1.8583846127123688e-11,1.0,0.25,6.521199217033705e-11,6.521199217033705e-11,0.0,2.2095702000025144,0.6304403968925433,700,1.5460732254135428,0.7147266981762244,1470,544.4722215136416,0.7146372004645485,1085.0,948.3870967741937,0.5729894597710583,1019,0.7763846615972358,0.5622554397616224,0.28785410495344815,6,765.75,,,,,,,,,,,,,1.3955589948872164e-16,0.03641360043842279,3.068384126101707e-22,0.8504899881061776,0.24169716575252762,0.0015693676697484578,0.5238803950750917,1.0,0.0028000655535785086,0.9999999999999541,0.0008499884728390088,0.0007982210227396256,0.0007982210227396256,0.0007982210227333324,,0.0,1.8666883597169608e-16,0.020163910573053136,5.064864474427258e-16,,,,,0.4782608695652174,,5.879886643104878e-19,1.0,0.7906976744186046,2.1851046469237103e-16,2.1851046469237103e-16,0.9302325581395349,0.5674759776446969,0.17675400427451107,715,1.6535235239578214,0.8026357039025379,1494,550.8361825443205,0.7425999146989156,1104.5,967.143503847895,0.6132392096859064,973,1409.1368421052632,1454.5,398.32527672708756,380,0.6645304607900322,0.5565550872278735,0.3678621512786154,7,731.5
coif9,1.0,constant,1.6970067699239287e-26,317.17495671988377,5967414.610362804,0.5891472868217055,186.43218556319246,206,raw,9.138752322312553e-14,-2.0921697707621268e-10,6.330409057617551,67954.49036265849,0.8242623383490403,5.618943883690067e-06,1.0,327.0000000000001,,,,[],[],13,661.1538461538462,86.9999999999998,939.9999999999999,"[8, 32, 51, 63, 81, 100, 111, 133, 152, 162, 175, 192, 204]","[878.0, 638.0, 787.0, 792.0000000000002, 939.9999999999999, 787.9999999999999, 637.0000000000002, 674.9999999999998, 770.9999999999998, 195.9999999999999, 834.0, 572.0000000000002, 86.9999999999998]","[0, 13, 39, 39, 76, 99, 107, 107, 107, 161, 99, 187, 203]","[76, 39, 61, 76, 205, 164, 119, 142, 164, 164, 205, 205, 205]",37754613.0,940.9999999999999,-940.9999999999999,0.0,,,,DWT,mdp.39015067403892,0.0,,0.0,33.0,19.0,0.0,28.5,,1.1368683772161603e-13,256.3413461538462,4359.0,256.34134615384613,,0.0,256.3413461538462,,,83.9999999999998,0.0,19.5,1.1368683772161603e-13,1.1368683772161603e-13,,1.1368683772161603e-13,9.712187658299139e-14,1.121226611954224e-26,0.9565246869171601,0.7906235157159631,0.00026047417127023716,0.2400332225913624,0.0008270277326906533,0.999999999723476,0.4742280246113692,6.6959667625959335e-09,6.6959667625959335e-09,6.0819563246244724e-09,,5.718550876340534e-12,0.9999999933040264,1.3612963731558036e-13,,,,,,0.0,1.0,0.0,1.4238426238064856e-13,1.4238426238064856e-13,0.7422684098805751,0.24267159368305857,788,1.4657009071129534,0.7039811092892471,680,0,0.206185669782952,0.24635434483055238,788,0.0,0.37353361585650247,0.6784665489049623,726,52.54521862167861,0.9449211544846137,745.5,742.6565512712334,0.5817373068020553,590,coif,0.5507900112560971,0.8749445204262634,0.351963635992853,2,443.0,9.712187658299138e-14,0.0001547883299646835,1.121226611954224e-26,0.9565246869171601,0.7906235157159632,0.0012936844281414806,0.42882496940024517,0.003190771799772773,0.9999999997234759,0.9919828214561981,0.9855281704452468,0.9855281704452468,0.9855281704451341,,1.2251610931599486e-12,0.9999999999667601,7.585973278963461e-14,,,,,1.0,,0.0,1.0,0.25,1.4238426238064856e-13,1.4238426238064856e-13,0.0,2.2095701998216355,0.6304403968409343,788,1.5427261450907646,0.7131793926357705,1477,487.19657223753126,0.7446558845715245,1132.5,1027.7050772626933,0.5755512127260138,1002,0.4784248188775415,0.776734912893196,0.43208215291776214,2,752.0,,,,,,,,,,,,,6.5211299463247185e-19,0.036413600438416446,1.121226611954224e-26,0.9684647392024371,0.24441004692170562,0.0015639459428053281,0.32441404221979625,1.0,0.003190771799772773,0.9999999999999541,0.0008499884728391195,0.0007982210227401261,0.0007982210227401261,0.0007982210227337869,,0.0,9.572760819061336e-19,0.020163910573049823,7.054128794466933e-19,,,,,0.4782608695652174,,0.0,1.0,0.7906976744186046,4.770970844811595e-19,4.770970844811595e-19,0.9302325581395349,0.5674759776446953,0.17675400427451057,831,1.6460318456930518,0.7989991735657563,1514,482.95393155041194,0.7743205927334523,1172.5,1073.0353944562899,0.6132116982358851,974,986.6382352941176,846.0,585.0035688138154,340,0.4652856568234462,0.8173890317607586,0.42908333069536003,4,731.5
db7,1.0,periodic,3.498832247901708e-27,321.80816753585407,5133232.774861858,0.5321100917431193,94.38572581753289,206,smoothed,3.937141874657357e-14,-1.9891051028508892e-10,6.271620673416161,32545.372963700433,0.981797301888199,0.00014966566451320274,0.9999999999999999,362.4,,,,[],[],11,426.59999999999997,32.20000000000002,728.3999999999997,"[9, 31, 53, 64, 80, 102, 131, 148, 158, 175, 192]","[310.99999999999983, 417.8000000000002, 589.6, 432.2, 728.3999999999997, 371.0000000000001, 586.9999999999999, 32.20000000000002, 448.1999999999999, 367.9999999999999, 407.20000000000005]","[1, 1, 1, 60, 1, 94, 120, 144, 144, 165, 186]","[20, 40, 75, 75, 204, 120, 204, 149, 204, 186, 204]",30736475.83999999,728.3999999999997,-728.3999999999997,0.0,,,,DWT,mdp.39015067403892,7.450580596923828e-09,,0.0,15.0,11.0,0.0,33.0,,2.2737367544323206e-13,168.40000000000003,987.7999999999993,168.39999999999998,,0.0,168.40000000000003,,,28.00000000000003,0.0,33.0,2.2737367544323206e-13,2.2737367544323206e-13,,0.0,3.765657149543738e-14,5.451792616975434e-27,0.9874565271749466,0.19802114823173655,0.13585251540514778,0.13077305409735157,0.033955708667838896,,0.9999996647345563,4.4059199552998455e-09,4.4059199552998455e-09,3.67866784340914e-09,,0.0,0.9999999955940747,1.5171946557926922e-13,,,,,,1.5893391424973748e-13,0.0,1.0,3.4954031196328703e-13,3.4954031196328703e-13,0.8999999009648517,0.3383296774380502,488,0.8253022532294975,0.41897943177676283,425,0,0.24999997273501234,0.3557007787853628,479,0.0,0.2122941362252942,0.3745443131441303,471,28.040149785619906,0.9706078094490357,465.75,464.41714619429376,0.7412001311396121,245,db,0.573477938514061,0.8443824841957417,0.34525069778143475,3,184.5,3.1398626156662846e-14,0.9999999999705138,1.6791279018356502e-27,0.9736222837356593,0.7703150780732766,0.00035588095293052804,0.10731530661516214,0.0003307255919456223,0.9999999997236312,2.0315811923854454e-05,4.745387416349445e-11,4.745387416349445e-11,3.962102868015904e-11,,0.0,0.0031261328403482946,1.5171946557926922e-13,,,,,0.0,,7.374542113937972e-14,0.0,1.0,2.847685247612971e-13,2.847685247612971e-13,1.0,0.3015691612043366,0.08604450842068605,1512,1.7125672625179582,0.7916944196590404,611,637.1032098490793,0.6660884644396858,1061.5,870.3080546396608,0.5548733726810589,1149,0.49117026184683504,0.8233619396015222,0.4091722348267588,4,862.75,,,,,,,,,,,,,2.1082224572617727e-19,0.9999999999715831,1.6791279018356502e-27,0.9808666550588125,0.23813198144744419,0.001344648031076532,0.08118601969417333,0.9999999999999999,0.0003307255919456223,0.9999999999999541,9.960751159770467e-05,3.8434858594393884e-14,3.8434858594393884e-14,3.2090649582094954e-14,,0.0,0.0,0.004567040150618464,1.4108257588933865e-18,,,,,0.13043478260869565,,2.3332883504384434e-21,0.7209302325581395,1.0,9.54194168962319e-19,9.54194168962319e-19,1.0,0.42658033862811345,0.13286867808967343,1442,1.8408650058804519,0.8935730023651577,409,730.4413049657036,0.6586722873992039,925.5,637.2533765532145,0.6130978259425925,975,1009.0473684210526,935.5,610.6543869996938,760,0.4758535102197843,0.8532293215616218,0.41093374637766444,5,732.5
coif11,1.0,zero,2.4586849069428975e-26,313.3403699900204,4961234.584451475,0.5592592592592592,39.92966153676088,206,smoothed,1.1644622698670382e-13,-2.2184696302218803e-10,6.195328061351548,45430.130260631006,0.991092167628846,0.00014966566451320268,0.9999999999999997,362.4000000000001,,,,[],[],11,426.6,32.19999999999996,728.3999999999997,"[9, 31, 53, 64, 80, 102, 131, 148, 158, 175, 192]","[310.9999999999998, 417.80000000000007, 589.6000000000001, 432.2, 728.3999999999997, 371.0, 587.0000000000001, 32.19999999999996, 448.19999999999993, 368.0, 407.2000000000003]","[1, 1, 1, 60, 1, 94, 120, 144, 144, 165, 186]","[20, 40, 75, 75, 205, 120, 205, 149, 205, 186, 205]",30736475.84000001,728.3999999999997,-728.3999999999997,0.0,,,,DWT,mdp.39015067403892,1.4901161193847656e-08,,0.0,15.0,11.0,0.0,33.0,,2.2737367544323206e-13,168.4000000000001,987.7999999999984,168.40000000000003,,0.0,168.4000000000001,,,27.99999999999997,0.0,33.0,2.2737367544323206e-13,2.2737367544323206e-13,,1.1368683772161603e-13,2.0697912914781892e-13,6.716797532896538e-26,0.9552838680292519,0.08797637470783433,0.06203865383135184,0.31726023454924823,0.14080685524569814,,0.9999996646849938,4.4059791007223055e-09,4.4059791007223055e-09,3.6787269888316428e-09,,1.2251610931599486e-12,0.9999999955939887,1.5171946557926922e-13,,,,,,3.1786782849947497e-13,0.0,1.0,3.4954031196328703e-13,3.4954031196328703e-13,0.8999999009506853,0.33832967743272474,570,0.8314046710051848,0.4220774331721509,410,0,0.24999997273100508,0.3557007787796613,572,0.0,0.22333799805194168,0.3940286743981342,378,103.02588671461815,0.8920064080559558,482.5,465.8114892354273,0.6931206044472651,340,coif,0.5556920286951962,0.9053407607371553,0.33941335169221604,4,256.0,1.2878398352825969e-13,0.9999999999705134,1.66024049704567e-26,0.9423741937760357,0.7439598077973634,0.000162517235534323,0.2603508771929825,0.0013714462862983107,0.9999999997232855,2.0315811922799742e-05,4.745454029730922e-11,4.745454029730922e-11,3.962169481397382e-11,,1.2251610931599486e-12,0.0031261328403480726,1.5171946557926922e-13,,,,,0.0,,1.4749084227875944e-13,0.0,1.0,2.847685247612971e-13,2.847685247612971e-13,1.0,0.3015691612049862,0.0860445084208714,1348,1.7421746080542895,0.8053814559320375,310,733.9768388716363,0.615316122184677,829.0,504.07720144752716,0.5904148745095292,914,0.4784248188775415,0.776734912893196,0.43208215291776214,2,686.0,,,,,,,,,,,,,8.647043499777245e-19,0.9999999999715827,1.66024049704567e-26,0.9582005349914359,0.22998462342339532,0.0012994314579351644,0.19696026699138594,0.9999999999999997,0.0013714462862983107,0.9999999999999541,9.960751159770391e-05,3.8435400695480126e-14,3.8435400695480126e-14,3.20911916831812e-14,,0.0,9.572760819061336e-19,0.00456704015061846,1.4108257588933865e-18,,,,,0.13043478260869565,,4.666576700876887e-21,0.7209302325581395,1.0,9.54194168962319e-19,9.54194168962319e-19,1.0,0.42658033862811345,0.13286867808967343,1391,1.8698950337380569,0.9076644480000088,111,905.0966799187809,0.5770576262061772,751.0,205.59387483355528,0.6130615233834624,976,986.6382352941176,846.0,585.0035688138154,340,0.4652856568234462,0.8173890317607586,0.42908333069536003,4,733.0
db26,1.0,constant,1.6517077727392664e-26,317.29246034326025,5903365.306986535,0.609375,210.72862971908438,206,raw,8.784343263577842e-14,-2.1625601309694113e-10,6.40024674808365,67291.51230378088,0.8223502396122723,5.618943883690066e-06,0.9999999999999998,327.0000000000001,,,,[],[],13,661.1538461538462,87.00000000000006,940.0000000000001,"[8, 32, 51, 63, 81, 100, 111, 133, 152, 162, 175, 192, 204]","[878.0, 637.9999999999998, 787.0, 792.0000000000002, 940.0000000000001, 788.0, 637.0000000000001, 675.0000000000002, 771.0000000000001, 196.0000000000001, 834.0, 572.0, 87.00000000000006]","[0, 13, 42, 42, 76, 99, 107, 107, 107, 161, 164, 187, 203]","[76, 42, 61, 76, 205, 164, 119, 142, 164, 164, 205, 205, 205]",37754613.0,941.0000000000001,-941.0000000000001,0.0,,,,DWT,mdp.39015067403892,0.0,,0.0,33.0,19.0,0.0,28.5,,1.1368683772161603e-13,256.3413461538462,4359.0,256.3413461538462,,0.0,256.3413461538462,,,84.00000000000006,0.0,28.5,1.1368683772161603e-13,1.1368683772161603e-13,,1.1368683772161603e-13,9.264385663994069e-14,1.0891700420245515e-26,0.956958301888937,0.8147489343884919,0.00018839420311688219,0.3917410714285714,0.0007733510421111306,0.9999999997233698,0.47422802461166635,6.6959667625959335e-09,6.6959667625959335e-09,6.082000342865356e-09,,5.718550876340534e-12,0.9999999933040264,1.3612963731558036e-13,,,,,,0.0,1.0,1.0,1.4238426238064856e-13,1.4238426238064856e-13,0.8422684098806774,0.2753648338173586,131,1.5386494143068152,0.7390185243349155,536,0,0.28951900311631384,0.3459225095701168,131,0.0,0.3955512565843364,0.7184582178887292,557,240.04218379276588,0.7483834551438513,338.75,211.32513200961247,0.6966497988507516,351,db,0.540986235965534,0.9305070477545101,0.3421575204977732,3,264.0,9.264385663994069e-14,0.0001547883299646835,1.0891700420245515e-26,0.956958301888937,0.814748934388492,0.0012216789531540825,0.5428453947368421,0.003137222092170592,0.9999999997233697,0.9919828214562026,0.9855281704452468,0.9855281704452468,0.9855281704451347,,1.2251610931599486e-12,0.9999999999667601,7.585973278963461e-14,,,,,1.0,,0.0,1.0,0.75,1.4238426238064856e-13,1.4238426238064856e-13,0.0,2.259570199821637,0.6447065287088389,131,1.6005997709241553,0.7399335106319097,1289,818.829652614022,0.5708439975817494,710.0,237.82957746478874,0.5993632985812312,874,0.49117026184683504,0.8233619396015222,0.4091722348267588,4,656.5,,,,,,,,,,,,,6.220458758964431e-19,0.03641360043841643,1.0891700420245515e-26,0.9687792662351616,0.2518680779472803,0.001547108033035134,0.41067260857800036,0.9999999999999998,0.003137222092170592,0.9999999999999541,0.0008499884728391229,0.0007982210227401261,0.0007982210227401261,0.0007982210227337874,,0.0,9.572760819061336e-19,0.020163910573049823,7.054128794466933e-19,,,,,0.4782608695652174,,0.0,1.0,0.9302325581395349,4.770970844811595e-19,4.770970844811595e-19,0.9302325581395349,0.5814294660167882,0.18110015290550946,62,1.6844231651308295,0.817634677236688,1383,934.0880579474293,0.5635102532955938,722.5,118.67958477508651,0.6129467154328436,977,1009.0473684210526,935.5,610.6543869996938,760,0.4758535102197843,0.8532293215616218,0.41093374637766444,5,734.0
bior3.3,1.0,constant,1.6180379638894354e-27,327.381905396436,6847148.994431537,0.6037735849056604,213.99577337680714,206,raw,2.0316003464208698e-14,-2.0805190903417104e-10,6.008158392173967,80359.7795198956,0.8913699589323892,5.618943883690066e-06,1.0,327.0,,,,[],[],13,661.1538461538462,86.99999999999997,940.0,"[8, 32, 51, 63, 81, 100, 111, 133, 152, 162, 175, 192, 204]","[877.9999999999999, 638.0, 787.0, 791.9999999999999, 940.0, 788.0, 637.0, 675.0, 771.0, 196.0, 834.0000000000001, 572.0, 86.99999999999997]","[0, 13, 42, 42, 76, 99, 107, 107, 107, 161, 99, 187, 203]","[76, 42, 61, 76, 205, 164, 119, 142, 164, 164, 205, 205, 205]",37754613.0,941.0,-941.0,0.0,,,,DWT,mdp.39015067403892,0.0,,0.0,33.0,19.0,0.0,28.5,,0.0,256.3413461538462,4359.0,256.34134615384613,,0.0,256.3413461538462,,,83.99999999999997,0.0,24.0,0.0,0.0,,0.0,7.321778357629595e-15,3.4815332765275953e-28,0.9941906382736726,0.6793020763980152,0.0012505118929073559,0.349730458221024,0.001831397121279204,0.9999999997234935,0.47422802461156727,6.6959667625959335e-09,6.6959667625959335e-09,6.0819563246244724e-09,,0.0,0.9999999933040264,0.0,,,,,,0.0,1.0,0.5,0.0,0.0,0.7922684098776503,0.25901821374923567,571,1.4774154191359858,0.7096076290851586,663,0,0.24785233644912363,0.2961384271997261,568,0.0,0.3782881352037999,0.6871024044112093,696,64.93329911018947,0.9319357451675163,624.5,619.4871355318189,0.638661792919188,439,bior,0.672619891330026,0.76736776154697,0.2989557476048908,5,330.5,7.321778357629583e-15,0.0001547883299646835,3.4815332765275953e-28,0.9941906382736726,0.6793020763980153,0.002282698966137004,0.511271102284012,0.004192765151129204,0.9999999997234934,0.9919828214562011,0.9855281704452468,0.9855281704452468,0.9855281704451341,,0.0,0.9999999999667601,0.0,,,,,1.0,,0.0,1.0,0.5,0.0,0.0,0.0,2.2345701998209284,0.6375734627746847,577,1.543538754008725,0.7135550496740631,1474,634.2747827243331,0.6675708685931168,1025.5,829.3495855680158,0.5650485370219253,1063,0.5943810304597339,0.7715092316736338,0.3524805091760961,5,798.5,,,,,,,,,,,,,4.916118776544743e-20,0.03641360043841643,3.4815332765275953e-28,0.995786120349311,0.2099966027649723,0.0017952191557810537,0.3867860707693957,1.0,0.004192765151129204,0.9999999999999541,0.0008499884728391218,0.0007982210227401261,0.0007982210227401261,0.0007982210227337869,,0.0,0.0,0.020163910573049823,0.0,,,,,0.4782608695652174,,0.0,1.0,0.8604651162790697,0.0,0.0,0.9302325581395349,0.5744527218307418,0.17892707859001003,328,1.6706831976696799,0.8109651691861578,1429,778.5245660863889,0.6362034737914071,878.5,533.5367103016505,0.6128447275499092,978,1104.4,1082.5,563.6960149978129,300,0.520820561188399,0.7876173146100969,0.3991404127850916,6,735.0
coif9,1.0,zero,1.6917619937307697e-26,317.18839982761443,5969380.531773884,0.5891472868217055,186.43218556319246,206,raw,9.100810719917597e-14,-2.101808727061922e-10,6.324712053292522,69732.67808424974,0.8287619199956601,5.618943883690066e-06,1.0,327.0,,,,[],[],13,661.1538461538462,86.9999999999998,939.9999999999999,"[8, 32, 51, 63, 81, 100, 111, 133, 152, 162, 175, 192, 204]","[878.0000000000003, 637.9999999999998, 787.0, 792.0000000000002, 939.9999999999999, 787.9999999999999, 637.0000000000002, 674.9999999999998, 770.9999999999998, 195.9999999999999, 834.0, 572.0000000000002, 86.9999999999998]","[0, 13, 39, 39, 76, 99, 107, 107, 107, 161, 99, 187, 203]","[76, 39, 61, 76, 205, 164, 119, 142, 164, 164, 205, 205, 205]",37754613.0,940.9999999999999,-940.9999999999999,0.0,,,,DWT,mdp.39015067403892,0.0,,0.0,33.0,19.0,0.0,28.5,,1.1368683772161603e-13,256.3413461538462,4359.0,256.34134615384613,,0.0,256.3413461538462,,,83.9999999999998,0.0,19.5,1.1368683772161603e-13,1.1368683772161603e-13,,0.0,9.664247785429497e-14,1.1175150610314497e-26,0.9565742950280568,0.7886554865099108,0.0002626865849146167,0.2400332225913624,0.0009709951398258886,0.9999999997234614,0.4742280246113692,6.6959667625959335e-09,6.6959667625959335e-09,6.0819563246244724e-09,,0.0,0.9999999933040264,1.3612963731558036e-13,,,,,,0.0,1.0,0.0,1.4238426238064856e-13,1.4238426238064856e-13,0.7422684098777158,0.24267159368212377,917,1.4648053505461356,0.703550970437398,682,0,0.2061856697824755,0.24635434482998306,916,0.0,0.37331208569720353,0.6780641733321151,727,123.76994788719918,0.8702621091329149,810.5,796.1772225944809,0.5103406981723275,844,coif,0.5507900112560971,0.8749445204262634,0.351963635992853,2,633.5,9.664247785429497e-14,0.0001547883299646835,1.1175150610314497e-26,0.9565742950280568,0.7886554865099109,0.0012958945553018205,0.42882496940024517,0.0033343986231313106,0.9999999997234613,0.9919828214561981,0.9855281704452468,0.9855281704452468,0.9855281704451341,,0.0,0.9999999999667601,7.585973278963461e-14,,,,,1.0,,0.0,1.0,0.25,1.4238426238064856e-13,1.4238426238064856e-13,0.0,2.2095701998210227,0.6304403968407595,912,1.541830451147194,0.7127653266236685,1483,403.75797205751866,0.7883868070977366,1197.5,1129.4329853862214,0.5803831310121806,979,0.4784248188775415,0.776734912893196,0.43208215291776214,2,734.75,,,,,,,,,,,,,6.488941303395637e-19,0.03641360043841643,1.1175150610314497e-26,0.9685007229505431,0.24380165860408903,0.00156446276352921,0.32441404221979625,1.0,0.00333439862313131,0.9999999999999541,0.0008499884728391195,0.0007982210227401261,0.0007982210227401261,0.0007982210227337869,,0.0,0.0,0.020163910573049823,7.054128794466933e-19,,,,,0.4782608695652174,,0.0,1.0,0.7906976744186046,4.770970844811595e-19,4.770970844811595e-19,0.9302325581395349,0.5674759776446953,0.17675400427451057,826,1.6458069509228128,0.7988900075517267,1515,487.19657223753126,0.7723380503562938,1170.5,1069.1072191371209,0.612687716766932,979,986.6382352941176,846.0,585.0035688138154,340,0.4652856568234462,0.8173890317607586,0.42908333069536003,4,735.25
sym15,1.0,periodization,8.749510261139333e-21,260.0519550204216,6010172.385240828,0.6504854368932039,317.06348876837745,206,raw,7.30850630720271e-11,-1.6992840472822635e-10,6.28178537652431,63117.30860588143,0.7670395340907885,5.618943883694319e-06,1.0,327.00000000012494,,,,[],[],13,661.1538461536064,86.9999999999632,939.9999999996596,"[8, 32, 51, 63, 81, 100, 111, 133, 152, 162, 175, 192, 204]","[877.9999999997634, 637.9999999996862, 786.9999999996758, 791.9999999997086, 939.9999999996596, 787.9999999997302, 636.9999999997461, 674.999999999865, 770.9999999997376, 195.9999999998533, 833.9999999996642, 571.9999999998294, 86.9999999999632]","[0, 13, 39, 39, 76, 99, 107, 107, 107, 161, 99, 187, 203]","[76, 39, 61, 76, 205, 164, 119, 142, 164, 164, 205, 205, 205]",37754612.99999211,940.9999999997934,-940.9999999997934,0.0,,,,DWT,mdp.39015067403892,7.890164852142334e-06,,0.0,33.0,19.0,0.0,28.5,,2.0656898414017633e-10,256.3413461536064,4359.000000003116,256.34134615362757,,0.0,256.3413461536064,,,83.9999999999632,0.0,19.5,3.403783921385184e-10,2.0656898414017633e-10,,1.2494183465605602e-10,9.232589728968224e-11,6.191732022134415e-21,0.7457278786317776,0.7738264730883377,0.000308593024857304,0.7000693481276009,0.00043539500071909973,0.9999999997240681,0.4742280245688437,6.510297822663581e-09,6.510297822663581e-09,5.912706188427633e-09,,6.284687413098247e-09,0.9999999934896344,4.075721341228476e-10,,,,,,7.809640098660312e-11,1.0,0.0,2.587122047456385e-10,2.587122047456385e-10,0.7422684132841236,0.24267159479578887,652,1.514706157404317,0.7275184969606956,598,0,0.20618567035662996,0.24635434551599314,652,0.0,0.40254596096121087,0.7311630260712719,493,74.95498649189392,0.9214308317695032,598.75,591.0058049440413,0.6469051433480639,419,sym,0.8243425715244881,0.7368036147090654,0.2019191155201387,6,315.75,9.232589728968227e-11,0.00015478832999421543,6.1917320221344144e-21,0.7457278786317776,0.7738264730883379,0.001341753551882132,0.7745784363822179,0.002800065553577323,0.999999999724068,0.9919828214555497,0.9855281704425598,0.9855281704425598,0.9855281704426848,,1.3464520413827834e-09,0.9999999999676815,2.2712403997216604e-10,,,,,1.0,,7.809640098660312e-11,1.0,0.25,2.587122047456385e-10,2.587122047456385e-10,0.0,2.2095702007481686,0.6304403971052952,655,1.5460186776898182,0.7147014815733947,1471,576.9991334482228,0.6975895527000928,1063.0,906.4016933207903,0.5702308350502561,1034,0.7763846615972358,0.5622554397616224,0.28785410495344815,6,777.0,,,,,,,,,,,,,6.199109766197469e-16,0.03641360043844489,6.1917320221344144e-21,0.8155611290109044,0.23921747941623986,0.0015751865265028738,0.58598295223921,1.0,0.002800065553577323,0.9999999999999543,0.0008499884728386289,0.0007982210227379499,0.0007982210227379499,0.000798221022731803,,0.0,1.052046414014841e-15,0.02016391057306424,2.1120061610634e-15,,,,,0.4782608695652174,,2.470952363114312e-18,1.0,0.7906976744186046,8.668854025022668e-16,8.668854025022668e-16,0.9302325581395349,0.5674759776447024,0.17675400427451277,667,1.6561702976265444,0.8039204724685038,1488,580.5346673541555,0.7287221180588058,1077.5,921.1099767981439,0.6126087225808048,980,1409.1368421052632,1454.5,398.32527672708756,380,0.6645304607900322,0.5565550872278735,0.3678621512786154,7,736.75
db13,1.0,antireflect,6.808574120970658e-27,318.91683704511075,5311415.5788291795,0.5434782608695652,116.72574910965342,206,smoothed,5.6691167402333925e-14,-2.0858790250599718e-10,6.364419730709645,72261.57018479184,0.9925101219424584,0.00014966566451320274,1.0,362.4,,,,[],[],11,426.59999999999997,32.19999999999993,728.4,"[9, 31, 53, 64, 80, 102, 131, 148, 158, 175, 192]","[311.00000000000006, 417.80000000000007, 589.6000000000001, 432.20000000000005, 728.4, 370.9999999999999, 586.9999999999999, 32.19999999999993, 448.20000000000016, 367.9999999999999, 407.2]","[1, 1, 1, 60, 1, 94, 120, 144, 144, 165, 186]","[20, 40, 75, 75, 205, 120, 205, 149, 205, 186, 205]",30736475.839999996,728.4,-728.4,0.0,,,,DWT,mdp.39015067403892,0.0,,0.0,15.0,11.0,0.0,33.0,,0.0,168.40000000000003,987.7999999999993,168.4,,0.0,168.40000000000003,,,27.999999999999943,0.0,33.0,0.0,0.0,,0.0,7.57056332738723e-14,1.5138082034163674e-26,0.9764711688391172,0.3318748853989004,0.21232053402495707,0.2088608188890662,0.3633155183242419,,0.9999996646602125,4.4059199552998455e-09,4.4059199552998455e-09,3.6786974161203912e-09,,0.0,0.9999999955940747,0.0,,,,,,0.0,0.0,1.0,0.0,0.0,0.8999999009422622,0.33832967742955833,618,1.086850945900745,0.5517592978301296,168,0,0.24999997272873534,0.35570077877643186,614,0.0,0.298977560782337,0.5274773347008054,158,261.57662994490414,0.7258106604351109,389.5,257.59449178778283,0.6587648690016226,421,db,0.573477938514061,0.8443824841957417,0.34525069778143475,3,316.5,5.328242906114096e-14,0.9999999999705138,4.0213204093361065e-27,0.9629526196596443,0.8023724971356676,0.0005561975334072993,0.171395881006865,0.003538660937288068,0.9999999997234853,2.0315811922300142e-05,4.745387416349445e-11,4.745387416349445e-11,3.962136174706643e-11,,0.0,0.0031261328403482946,0.0,,,,,0.0,,0.0,0.0,1.0,0.0,0.0,1.0,0.3015691612041096,0.08604450842062128,1617,1.7492097357885494,0.8086336910358506,249,967.322076663197,0.4930177795266263,933.0,431.5466237942122,0.5020120344174013,1532,0.49117026184683504,0.8233619396015222,0.4091722348267588,4,1150.0,,,,,,,,,,,,,3.5775837122197708e-19,0.9999999999715831,4.0213204093361065e-27,0.9731273056349591,0.24804207789851232,0.0013914904761563262,0.12966416264199115,1.0,0.003538660937288068,0.9999999999999541,9.960751159770347e-05,3.8434858594393884e-14,3.8434858594393884e-14,3.209086642252945e-14,,0.0,0.0,0.004567040150618464,0.0,,,,,0.13043478260869565,,0.0,0.7209302325581395,1.0,0.0,0.0,1.0,0.42658033862811345,0.13286867808967343,1406,1.8618742969914779,0.9037711077534798,182,865.4987001723342,0.5955613550596569,794.0,322.2821158690176,0.6122666588382397,981,1009.0473684210526,935.5,610.6543869996938,760,0.4758535102197843,0.8532293215616218,0.41093374637766444,5,737.0
db26,1.0,zero,1.6430073262506154e-26,317.3153974687464,5905610.576276087,0.609375,210.72862971908438,206,raw,8.477361207836826e-14,-2.162211520939679e-10,6.393007549747212,69674.32797241211,0.8284147950539862,5.618943883690064e-06,0.9999999999999998,327.0000000000001,,,,[],[],13,661.1538461538462,87.00000000000006,940.0000000000001,"[8, 32, 51, 63, 81, 100, 111, 133, 152, 162, 175, 192, 204]","[878.0, 638.0000000000002, 787.0, 792.0000000000002, 940.0000000000001, 788.0, 637.0000000000001, 675.0000000000002, 771.0000000000001, 196.0000000000001, 834.0, 572.0, 87.00000000000006]","[0, 13, 42, 42, 76, 99, 107, 107, 107, 161, 164, 187, 203]","[76, 42, 61, 76, 205, 164, 119, 142, 164, 164, 205, 205, 205]",37754613.0,941.0000000000001,-941.0000000000001,0.0,,,,DWT,mdp.39015067403892,0.0,,0.0,33.0,19.0,0.0,28.5,,1.1368683772161603e-13,256.3413461538462,4359.0,256.34134615384625,,0.0,256.3413461538462,,,84.00000000000006,0.0,28.5,1.1368683772161603e-13,1.1368683772161603e-13,,1.1368683772161603e-13,8.876508510776052e-14,1.0830130299797628e-26,0.957042945074692,0.8122481545151251,0.0001909209899881754,0.3917410714285714,0.0009662709398973247,0.9999999997233704,0.47422802461166635,6.6959667625959335e-09,6.6959667625959335e-09,6.082044361106239e-09,,5.718550876340534e-12,0.9999999933040264,1.3612963731558036e-13,,,,,,0.0,1.0,1.0,1.4238426238064856e-13,1.4238426238064856e-13,0.8422684098806906,0.27536483381736293,128,1.537528241634134,0.7384800213033704,538,0,0.28951900311631756,0.3459225095701212,126,0.0,0.39527367033396665,0.7179540250200901,560,243.8086681532604,0.7444353583299157,338.0,206.25511664281674,0.6950688322047901,355,db,0.540986235965534,0.9305070477545101,0.3421575204977732,3,267.0,8.876508510776052e-14,0.0001547883299646835,1.0830130299797628e-26,0.957042945074692,0.8122481545151252,0.0012242031286430657,0.5428453947368421,0.0033296855992451966,0.9999999997233703,0.9919828214562026,0.9855281704452468,0.9855281704452468,0.9855281704451354,,1.2251610931599486e-12,0.9999999999667601,7.585973278963461e-14,,,,,1.0,,0.0,1.0,0.75,1.4238426238064856e-13,1.4238426238064856e-13,0.0,2.2595701998216375,0.644706528708839,130,1.5994784143894987,0.7394151241542711,1294,823.0722933011414,0.568620391351603,712.0,236.26404494382024,0.5977273864514828,879,0.49117026184683504,0.8233619396015222,0.4091722348267588,4,660.25,,,,,,,,,,,,,5.960023375265498e-19,0.036413600438416426,1.0830130299797628e-26,0.9688406630313718,0.25109499731656193,0.001547698291472219,0.41067260857800036,0.9999999999999998,0.0033296855992451966,0.9999999999999541,0.0008499884728391229,0.0007982210227401261,0.0007982210227401261,0.0007982210227337879,,0.0,9.572760819061336e-19,0.020163910573049823,7.054128794466933e-19,,,,,0.4782608695652174,,0.0,1.0,0.9302325581395349,4.770970844811595e-19,4.770970844811595e-19,0.9302325581395349,0.5814294660167882,0.18110015290550946,65,1.684150743425245,0.8175024412060226,1386,934.0880579474293,0.5635102532955938,725.5,124.1764300482426,0.6122457808534043,982,1009.0473684210526,935.5,610.6543869996938,760,0.4758535102197843,0.8532293215616218,0.41093374637766444,5,737.75
bior3.1,1.0,antisymmetric,7.50811769520643e-27,318.4920880236118,5147123.338853302,0.5240384615384616,62.45583930887094,206,smoothed,6.794996065278627e-14,-1.8957238001604573e-10,6.138729758813057,36638.828018676024,0.993063555423784,0.00014966566451320284,1.0,362.39999999999986,,,,[],[],11,426.59999999999997,32.20000000000002,728.3999999999999,"[9, 31, 53, 64, 80, 102, 131, 148, 158, 175, 192]","[310.99999999999983, 417.79999999999995, 589.5999999999999, 432.19999999999976, 728.3999999999999, 371.0, 586.9999999999999, 32.20000000000002, 448.20000000000005, 367.9999999999999, 407.19999999999993]","[1, 1, 1, 60, 1, 94, 120, 144, 144, 165, 186]","[20, 40, 75, 75, 204, 120, 204, 149, 204, 186, 204]",30736475.83999999,728.3999999999999,-728.3999999999999,0.0,,,,DWT,mdp.39015067403892,7.450580596923828e-09,,0.0,15.0,11.0,0.0,33.0,,1.1368683772161603e-13,168.40000000000003,987.7999999999993,168.39999999999995,,0.0,168.40000000000003,,,28.00000000000003,0.0,33.0,1.1368683772161603e-13,1.1368683772161603e-13,,1.1368683772161603e-13,1.0043962499924359e-13,1.7185366015768857e-26,0.9748573719318121,0.006338753237872835,0.14181371863176334,0.0753291603712502,0.06790204975982607,,0.9999996647345563,4.4059199552998455e-09,4.4059199552998455e-09,3.6786382706978885e-09,,1.2251610931599486e-12,0.9999999955940747,7.585973278963461e-14,,,,,,1.5893391424973748e-13,0.0,1.0,1.7477015598164352e-13,1.7477015598164352e-13,0.8999999009653475,0.3383296774382366,446,0.716283143146366,0.36363393306195785,753,0,0.24999997273507654,0.3557007787854542,447,0.0,0.18089157913323217,0.3191417034152689,789,187.92618231635527,0.8030123875090616,608.75,565.3920179226119,0.5824548310710926,640,bior,0.8100315533562081,0.7923003667562746,0.1952878026237719,6,481.5,6.750810966033503e-14,0.9999999999705145,4.5163637634952784e-27,0.9613851996118431,0.7244079335045222,0.0003714969956557855,0.06181680161943359,0.0006613599445329682,0.9999999997237718,2.0315811923854454e-05,4.745387416349445e-11,4.745387416349445e-11,3.9620695613251655e-11,,1.2251610931599486e-12,0.0031261328403482946,7.585973278963461e-14,,,,,0.0,,7.374542113937972e-14,0.0,1.0,1.4238426238064856e-13,1.4238426238064856e-13,1.0,0.3015691612048542,0.08604450842083375,1389,1.664212099523465,0.7693405457165026,1017,263.0437226013957,0.8621364137309246,1203.0,1174.2418952618455,0.6158166345384183,801,0.5943810304597339,0.7715092316736338,0.3524805091760961,5,602.0,,,,,,,,,,,,,4.532749685387356e-19,0.9999999999715838,4.5163637634952784e-27,0.9719903615514845,0.22394043877883257,0.001348299718929732,0.04676555686229644,1.0,0.0006613599445329677,0.9999999999999541,9.960751159770467e-05,3.8434858594393884e-14,3.8434858594393884e-14,3.209043274166046e-14,,0.0,9.572760819061336e-19,0.004567040150618464,7.054128794466933e-19,,,,,0.13043478260869565,,2.3332883504384434e-21,0.7209302325581395,1.0,4.770970844811595e-19,4.770970844811595e-19,1.0,0.42658033862811345,0.13286867808967343,1507,1.8148093528939608,0.8809253459681109,770,521.1376977344855,0.7564777113390254,1138.5,1019.2270531400967,0.6122341827723164,983,1104.4,1082.5,563.6960149978129,300,0.520820561188399,0.7876173146100969,0.3991404127850916,6,738.75
rbio3.3,1.0,zero,3.1395170553266967e-27,322.27877027554007,4837004.571400319,0.5424528301886793,125.75363994287726,206,smoothed,3.653172694232605e-14,-2.037650492781045e-10,6.272748885751239,32159.282813111873,0.9561413181578929,0.00014966566451320274,0.9999999999999999,362.40000000000003,,,,[],[],11,426.6,32.200000000000045,728.4,"[9, 31, 53, 64, 80, 102, 131, 148, 158, 175, 192]","[311.0, 417.8000000000001, 589.6, 432.19999999999993, 728.4, 371.0000000000001, 587.0000000000001, 32.200000000000045, 448.2, 367.9999999999999, 407.20000000000005]","[0, 0, 0, 60, 0, 94, 120, 144, 144, 165, 186]","[20, 40, 75, 75, 203, 120, 203, 149, 203, 186, 203]",30736475.839999996,728.4,-728.4,0.0,,,,DWT,mdp.39015067403892,0.0,,0.0,33.0,11.0,0.0,33.0,,0.0,168.4000000000001,987.7999999999984,168.40000000000003,,0.0,168.4000000000001,,,28.000000000000057,0.0,15.0,0.0,0.0,,5.684341886080802e-14,3.141816636387135e-14,4.400220899073737e-27,0.9892445412901869,0.19964848628637522,0.008724738348928673,0.2018171525846171,0.030753927344209814,,0.9999996647593375,4.4059791007223055e-09,4.4059791007223055e-09,3.6787269888316428e-09,,6.125805465799743e-13,0.9999999955939887,0.0,,,,,,0.0,1.0,0.0,0.0,0.0,0.8999999009723074,0.33832967744085296,405,0.7907617690633042,0.40144433797008,553,0,0.24999997273705196,0.3557007787882648,414,0.0,0.2043126922649071,0.3604628858414511,549,81.79394843140904,0.9142621085624644,480.25,469.791986047806,0.7054276999835383,321,rbio,0.7685897546424816,0.816051598246696,0.21717169227625407,5,242.0,2.7810626296575587e-14,0.9999999999705138,1.4248526791277485e-27,0.9753589143843442,0.7707048188386657,2.2855433986087312e-05,0.16561569016881875,0.00029954052572020093,0.999999999723558,2.0315811924354055e-05,4.745454029730922e-11,4.745454029730922e-11,3.962169481397382e-11,,6.125805465799743e-13,0.0031261328403480726,0.0,,,,,0.0,,0.0,1.0,0.0,0.0,0.0,1.0,0.3015691612044169,0.08604450842070896,1493,1.7369452779253338,0.8029640142511997,377,789.131167804187,0.5864092411927742,935.0,601.9903743315508,0.5481836562358,1210,0.3888041033402703,1.0,0.4278371276618108,3,908.25,,,,,,,,,,,,,1.86731058283943e-19,0.9999999999715831,1.4248526791277485e-27,0.9821263377737125,0.2382524642775935,0.001266772652292628,0.1252913410751989,0.9999999999999999,0.00029954052572020093,0.9999999999999541,9.960751159770499e-05,3.8435400695480126e-14,3.8435400695480126e-14,3.20911916831812e-14,,0.0,4.786380409530668e-19,0.00456704015061846,0.0,,,,,0.13043478260869565,,0.0,1.0,0.7209302325581395,0.0,0.0,1.0,0.42658033862811345,0.13286867808967343,1410,1.8592717737609945,0.902507818761968,201,854.8920984545359,0.6005177110025532,805.5,351.8435754189944,0.6120579209218373,984,818.67,599.5,715.6978453131971,300,0.38607403914171184,1.0,0.42974817260080167,3,738.75
coif15,1.0,periodization,4.9619952098705816e-26,312.5152290617019,5973145.08176764,0.616504854368932,287.8769948371791,206,raw,1.5512367572577548e-13,-2.1392598803516054e-10,6.320725929668401,63117.308605900675,0.7651363783370099,5.618943883690062e-06,1.0,327.0000000000002,,,,[],[],13,661.1538461538462,87.0000000000002,939.9999999999997,"[8, 32, 51, 63, 81, 100, 111, 133, 152, 162, 175, 192, 204]","[878.0000000000002, 638.0, 786.9999999999997, 792.0000000000014, 939.9999999999997, 787.9999999999997, 637.0000000000002, 675.0000000000006, 771.0000000000003, 195.99999999999994, 833.9999999999999, 571.9999999999999, 87.0000000000002]","[0, 13, 42, 42, 76, 99, 107, 107, 107, 161, 164, 187, 203]","[76, 42, 61, 76, 205, 164, 119, 142, 164, 164, 205, 205, 205]",37754613.00000001,940.9999999999998,-940.9999999999998,0.0,,,,DWT,mdp.39015067403892,7.450580596923828e-09,,0.0,33.0,19.0,0.0,28.5,,2.2737367544323206e-13,256.3413461538462,4359.0,256.34134615384625,,0.0,256.3413461538462,,,84.0000000000002,0.0,28.5,3.410605131648481e-13,2.2737367544323206e-13,,2.2737367544323206e-13,1.7765361101978758e-13,3.431748626780648e-26,0.9393292369477811,0.7872784807602854,0.0002669231437740875,0.4452149791955613,0.00043539500072065784,0.9999999997234049,0.4742280246118314,6.6959667625959335e-09,6.6959667625959335e-09,6.082044361106239e-09,,1.1437101752681067e-11,0.9999999933040264,4.083889119467411e-13,,,,,,7.374542113937972e-14,1.0,1.0,2.847685247612971e-13,2.847685247612971e-13,0.8422684098838294,0.2753648338183891,93,1.5356303936886264,0.7375684785080723,547,0,0.2895190031168603,0.3459225095707697,94,0.0,0.3965656268464631,0.7203006659625897,541,260.10815058356013,0.7273499469774003,318.75,159.56872756975,0.6966152250610271,352,coif,0.5507900112560971,0.8749445204262634,0.351963635992853,2,264.5,1.7765361101978758e-13,0.0001547883299646835,3.431748626780648e-26,0.939329236947781,0.7872784807602855,0.0013001267357647646,0.5830352580480325,0.0028000655535788776,0.9999999997234048,0.9919828214562052,0.9855281704452468,0.9855281704452468,0.9855281704451354,,2.4503221863198973e-12,0.9999999999667601,2.275791983689038e-13,,,,,1.0,,7.374542113937972e-14,1.0,0.75,2.847685247612971e-13,2.847685247612971e-13,0.0,2.25957019982242,0.6447065287090623,95,1.592267411745743,0.7360815846909426,1320,866.2058069535207,0.5460137280117816,707.5,177.24381625441697,0.587603300064591,933,0.4784248188775415,0.776734912893196,0.43208215291776214,2,700.25,,,,,,,,,,,,,1.192833503277617e-18,0.03641360043841641,3.431748626780648e-26,0.9559918445672091,0.24337597680587864,0.0015654524253955987,0.4410769855229332,1.0,0.0028000655535788776,0.9999999999999541,0.0008499884728391248,0.0007982210227401261,0.0007982210227401261,0.0007982210227337879,,0.0,1.9145521638122673e-18,0.020163910573049823,2.11623863834008e-18,,,,,0.4782608695652174,,2.3332883504384434e-21,1.0,0.9302325581395349,9.54194168962319e-19,9.54194168962319e-19,0.9302325581395349,0.5814294660167882,0.18110015290550946,36,1.684540721918074,0.8176917403950352,1382,951.7657274770929,0.5552496600574333,709.0,70.17207334273625,0.61197062442124,985,986.6382352941176,846.0,585.0035688138154,340,0.4652856568234462,0.8173890317607586,0.42908333069536003,4,739.75
coif11,1.0,periodization,3.940479101046568e-26,313.51630218356047,5971310.551841489,0.6067961165048543,284.5166184135066,206,raw,1.3360304553006733e-13,-2.227193984794015e-10,6.322667808385361,63117.30860590067,0.7640733565412204,5.618943883690062e-06,0.9999999999999999,327.0000000000003,,,,[],[],13,661.1538461538463,87.00000000000007,940.0000000000005,"[8, 32, 51, 63, 81, 100, 111, 133, 152, 162, 175, 192, 204]","[878.0000000000002, 638.0000000000001, 787.0, 792.0000000000001, 940.0000000000005, 787.9999999999997, 637.0000000000002, 675.0000000000002, 771.0000000000005, 195.99999999999983, 833.9999999999999, 572.0, 87.00000000000007]","[0, 13, 39, 39, 76, 99, 107, 107, 107, 161, 164, 187, 203]","[76, 39, 61, 76, 205, 164, 119, 142, 164, 164, 205, 205, 205]",37754613.000000015,941.0000000000005,-941.0000000000005,0.0,,,,DWT,mdp.39015067403892,1.4901161193847656e-08,,0.0,33.0,19.0,0.0,28.5,,4.547473508864641e-13,256.3413461538463,4358.999999999998,256.34134615384625,,0.0,256.3413461538463,,,84.00000000000007,0.0,24.0,4.547473508864641e-13,4.547473508864641e-13,,2.8421709430404007e-13,1.504619214090724e-13,2.708856187389263e-26,0.9430234233992969,0.7879493024433231,0.0002648585958136434,0.3723994452149788,0.00043539500072065725,0.9999999997232725,0.47422802461168284,6.696054799077647e-09,6.696054799077647e-09,6.082044361106239e-09,,1.4296377190851335e-11,0.9999999933039181,5.445185492623215e-13,,,,,,1.4749084227875944e-13,1.0,0.5,5.695370495225942e-13,5.695370495225942e-13,0.7922684098854321,0.2590182137517798,254,1.5090550705347803,0.7248042607998253,611,0,0.2478523364504902,0.2961384272013589,254,0.0,0.38800905304719446,0.7047589614155199,623,209.63539777432626,0.7802563964629704,435.5,359.84771042724674,0.6618787223404998,396,coif,0.5507900112560971,0.8749445204262634,0.351963635992853,2,297.5,1.504619214090724e-13,0.0001547883299646835,2.708856187389263e-26,0.9430234233992969,0.7879493024433232,0.0012980643214722143,0.5283086356668368,0.0028000655535788768,0.9999999997232724,0.9919828214562029,0.9855281704452481,0.9855281704452481,0.9855281704451354,,3.062902732899872e-12,0.9999999999667596,3.0343893115853844e-13,,,,,1.0,,1.4749084227875944e-13,1.0,0.5,5.695370495225942e-13,5.695370495225942e-13,0.0,2.2345701998229144,0.6375734627752514,254,1.5729276542984854,0.7271411019527397,1397,808.2230508962239,0.5764030131571154,825.5,429.84615384615387,0.5718755107714298,1026,0.4784248188775415,0.776734912893196,0.43208215291776214,2,770.0,,,,,,,,,,,,,1.0102582198809048e-18,0.03641360043841641,2.708856187389263e-26,0.958671460305948,0.24358335181530885,0.001564970146155405,0.39967528074685416,0.9999999999999999,0.0028000655535788768,0.9999999999999541,0.0008499884728391231,0.0007982210227401272,0.0007982210227401272,0.0007982210227337879,,0.0,2.3931902047653343e-18,0.020163910573049813,2.821651517786773e-18,,,,,0.4782608695652174,,4.666576700876887e-21,1.0,0.8604651162790697,1.908388337924638e-18,1.908388337924638e-18,0.9302325581395349,0.5744527218307418,0.17892707859001003,333,1.6696912558159807,0.810483671380751,1433,777.8174593052023,0.6365338975209335,883.0,540.4178935447339,0.6119585375455134,986,986.6382352941176,846.0,585.0035688138154,340,0.4652856568234462,0.8173890317607586,0.42908333069536003,4,740.5
coif17,1.0,antireflect,3.555144363210921e-26,311.73882633491394,7146429.072606267,0.5130718954248366,99.74527534632804,206,smoothed,1.3055576037732836e-13,-2.206031801677005e-10,6.827622194094379,149036.8345020214,0.9963107010801759,0.00014966566451320246,0.9999999999999999,362.4000000000002,,,,[],[],11,426.60000000000014,32.1999999999999,728.4000000000005,"[9, 31, 53, 64, 80, 102, 131, 148, 158, 175, 192]","[311.0000000000002, 417.8000000000002, 589.6000000000004, 432.19999999999993, 728.4000000000005, 371.00000000000034, 587.0000000000001, 32.1999999999999, 448.19999999999965, 368.00000000000034, 407.1999999999999]","[1, 1, 1, 60, 1, 94, 120, 144, 144, 165, 186]","[20, 40, 75, 75, 205, 120, 205, 149, 205, 186, 205]",30736475.84000001,728.4000000000005,-728.4000000000005,0.0,,,,DWT,mdp.39015067403892,1.4901161193847656e-08,,0.0,15.0,11.0,0.0,33.0,,5.684341886080801e-13,168.4000000000002,987.7999999999975,168.40000000000015,,0.0,168.4000000000002,,,27.999999999999915,0.0,33.0,5.684341886080801e-13,5.684341886080801e-13,,2.2737367544323206e-13,2.379757976512161e-13,9.925695397120912e-26,0.9491989424221154,1.0,0.9998255170281556,0.0,0.9999999999999999,,0.9999996646354313,4.406097391567225e-09,4.406097391567225e-09,3.6788452796766485e-09,,2.4503221863198973e-12,0.9999999955939026,3.7929866394817307e-13,,,,,,3.1786782849947497e-13,0.0,1.0,8.738507799082175e-13,8.738507799082175e-13,0.8999999009368159,0.3383296774275109,619,1.9694321239674184,0.9998173990121368,2,0,0.24999997272710575,0.3557007787741133,619,0.0,0.5641463513500727,0.9953068484894153,3,355.93667507952404,0.6269007598747127,310.75,4.78146121660766,0.6505835036270838,457,coif,0.5556920286951962,0.9053407607371553,0.33941335169221604,4,343.75,1.4661162375165788e-13,0.9999999999705118,2.436167811542769e-26,0.9364641351169627,0.9623857118442497,0.002619155462106041,0.0,0.009739911341001349,0.9999999997233042,2.0315811921800542e-05,4.745570603148508e-11,4.745570603148508e-11,3.9622916059300906e-11,,2.4503221863198973e-12,0.003126132840347795,3.7929866394817307e-13,,,,,0.0,,1.4749084227875944e-13,0.0,1.0,7.119213119032428e-13,7.119213119032428e-13,1.0,0.30156916120588406,0.08604450842112758,1313,1.7482768791402752,0.8082024452571039,259,745.2905473706211,0.6093865055709533,786.0,432.65521628498726,0.598718410018181,875,0.4784248188775415,0.776734912893196,0.43208215291776214,2,656.75,,,,,,,,,,,,,9.844058658702465e-19,0.9999999999715813,2.436167811542769e-26,0.9539136137957763,0.2975078938496124,0.0018738968413558495,0.0,0.9999999999999999,0.009739911341001349,0.9999999999999541,9.960751159770315e-05,3.843648489765261e-14,3.843648489765261e-14,3.209227588535368e-14,,0.0,1.9145521638122673e-18,0.004567040150618456,3.5270643972334666e-18,,,,,0.13043478260869565,,4.666576700876887e-21,0.7209302325581395,1.0,2.3854854224057974e-18,2.3854854224057974e-18,1.0,0.42658033862811345,0.13286867808967343,1484,1.8259350281508064,0.8863258522577312,630,603.8691911333116,0.7178181349844339,1057.0,884.5033112582781,0.611946450669787,987,986.6382352941176,846.0,585.0035688138154,340,0.4652856568234462,0.8173890317607586,0.42908333069536003,4,741.25
db7,1.0,zero,3.4027476852489646e-27,321.92910127020843,4962190.135530256,0.5504587155963303,74.38143155325453,206,smoothed,3.813993349838499e-14,-1.9874626389082586e-10,6.1941350493446015,36056.72401986365,0.9857152164949768,0.0001496656645132028,0.9999999999999999,362.4,,,,[],[],11,426.59999999999997,32.20000000000002,728.3999999999997,"[9, 31, 53, 64, 80, 102, 131, 148, 158, 175, 192]","[310.99999999999994, 417.8000000000002, 589.6, 432.2, 728.3999999999997, 371.0000000000001, 586.9999999999999, 32.20000000000002, 448.1999999999999, 367.9999999999999, 407.20000000000005]","[1, 1, 1, 60, 1, 94, 120, 144, 144, 165, 186]","[20, 40, 75, 75, 204, 120, 204, 149, 204, 186, 204]",30736475.83999999,728.3999999999997,-728.3999999999997,0.0,,,,DWT,mdp.39015067403892,7.450580596923828e-09,,0.0,15.0,11.0,0.0,33.0,,2.2737367544323206e-13,168.40000000000003,987.7999999999993,168.4,,0.0,168.40000000000003,,,28.00000000000003,0.0,33.0,2.2737367544323206e-13,2.2737367544323206e-13,,0.0,3.4951170902226436e-14,5.170591569258852e-27,0.9879160043640904,0.08625556934329237,0.062448733233277584,0.2568094463927513,0.06307475823486455,,0.9999996647345563,4.4059199552998455e-09,4.4059199552998455e-09,3.6786974161203912e-09,,0.0,0.9999999955940747,1.5171946557926922e-13,,,,,,1.5893391424973748e-13,0.0,1.0,3.4954031196328703e-13,3.4954031196328703e-13,0.8999999009648605,0.3383296774380535,486,0.7950554357577959,0.4036240945681717,521,0,0.24999997273501479,0.3557007787853663,477,0.0,0.20807207308118736,0.3670954510677776,507,19.956202043475106,0.979081549220676,497.75,497.152459130219,0.7286655125558307,266,db,0.573477938514061,0.8443824841957417,0.34525069778143475,3,200.25,2.984262318070926e-14,0.999999999970514,1.6111321029599402e-27,0.9740685565934838,0.7435476819959969,0.0001635914846779571,0.21074360212457785,0.0006143425530626754,0.9999999997236336,2.0315811923854454e-05,4.745387416349445e-11,4.745387416349445e-11,3.962136174706643e-11,,0.0,0.0031261328403482946,1.5171946557926922e-13,,,,,0.0,,7.374542113937972e-14,0.0,1.0,2.847685247612971e-13,2.847685247612971e-13,1.0,0.3015691612043367,0.08604450842068607,1507,1.7408399484481003,0.804764462611255,330,832.2646814565664,0.5638025778529525,918.5,541.437125748503,0.5412042239369584,1256,0.49117026184683504,0.8233619396015222,0.4091722348267588,4,943.0,,,,,,,,,,,,,2.0037465352547392e-19,0.9999999999715835,1.6111321029599402e-27,0.9811903636180023,0.22985722057684776,0.0012996826625852882,0.15943144339942358,0.9999999999999999,0.0006143425530626759,0.9999999999999541,9.960751159770467e-05,3.8434858594393884e-14,3.8434858594393884e-14,3.209086642252945e-14,,0.0,0.0,0.004567040150618464,1.4108257588933865e-18,,,,,0.13043478260869565,,2.3332883504384434e-21,0.7209302325581395,1.0,9.54194168962319e-19,9.54194168962319e-19,1.0,0.42658033862811345,0.13286867808967343,1397,1.868310984162969,0.906895535597315,122,901.5611460128481,0.5787097448538093,759.5,224.40289664252796,0.6119016013988673,988,1009.0473684210526,935.5,610.6543869996938,760,0.4758535102197843,0.8532293215616218,0.41093374637766444,5,742.25
rbio3.3,1.0,antireflect,3.1400033919041873e-27,322.27809757037363,4850493.6947669955,0.5330188679245284,139.92283344953196,206,smoothed,3.6527415396599355e-14,-2.037650492781045e-10,6.304104770348629,35661.52933759581,0.9466068379757363,0.00014966566451320274,0.9999999999999999,362.40000000000003,,,,[],[],11,426.6,32.200000000000045,728.4,"[9, 31, 53, 64, 80, 102, 131, 148, 158, 175, 192]","[311.0, 417.8000000000001, 589.6, 432.19999999999993, 728.4, 371.0000000000001, 587.0000000000001, 32.200000000000045, 448.2, 367.9999999999999, 407.20000000000005]","[0, 0, 0, 60, 0, 94, 120, 144, 144, 165, 186]","[20, 40, 75, 75, 203, 120, 203, 149, 203, 186, 203]",30736475.839999996,728.4,-728.4,0.0,,,,DWT,mdp.39015067403892,0.0,,0.0,33.0,11.0,0.0,33.0,,0.0,168.4000000000001,987.7999999999984,168.40000000000003,,0.0,168.4000000000001,,,28.000000000000057,0.0,15.0,0.0,0.0,,5.684341886080802e-14,3.140869450183823e-14,4.401644211532655e-27,0.9892419854055063,0.24487634158957483,0.014513661375176928,0.13701542258368044,0.05979747454618766,,0.9999996647593375,4.4059791007223055e-09,4.4059791007223055e-09,3.6787269888316428e-09,,6.125805465799743e-13,0.9999999955939887,0.0,,,,,,0.0,1.0,0.0,0.0,0.0,0.8999999009723074,0.33832967744085296,403,0.8019653515776363,0.40713203677055043,502,0,0.24999997273705196,0.3557007787882648,415,0.0,0.20649212650002255,0.36430799769026745,537,65.56104026020331,0.9312777355763068,464.25,457.39076828084467,0.7223212577252602,280,rbio,0.7685897546424816,0.816051598246696,0.21717169227625407,5,211.25,2.7805178583749497e-14,0.9999999999705138,1.425196843093281e-27,0.9753564319499871,0.7815367040099939,3.802016933808841e-05,0.11243793445878897,0.000582422100495653,0.999999999723558,2.0315811924354055e-05,4.745454029730922e-11,4.745454029730922e-11,3.962169481397382e-11,,6.125805465799743e-13,0.0031261328403480726,0.0,,,,,0.0,,0.0,1.0,0.0,0.0,0.0,1.0,0.3015691612044169,0.08604450842070896,1494,1.7212093637639578,0.7956895347592362,535,678.1154031578991,0.6445936042149376,1014.5,787.8659438146871,0.5564425044135485,1134,0.3888041033402703,1.0,0.4278371276618108,3,851.25,,,,,,,,,,,,,1.866944802806145e-19,0.9999999999715831,1.425196843093281e-27,0.9821245371146875,0.24160098795586712,0.0012703188054926527,0.08506138266070706,0.9999999999999999,0.000582422100495653,0.9999999999999541,9.960751159770499e-05,3.8435400695480126e-14,3.8435400695480126e-14,3.20911916831812e-14,,0.0,4.786380409530668e-19,0.00456704015061846,0.0,,,,,0.13043478260869565,,0.0,1.0,0.7209302325581395,0.0,0.0,1.0,0.42658033862811345,0.13286867808967343,1432,1.84496789754543,0.8955645841550999,324,783.4743135546946,0.6338905076847221,878.0,528.4373576309795,0.6118050669264732,989,818.67,599.5,715.6978453131971,300,0.38607403914171184,1.0,0.42974817260080167,3,742.5
db38,1.0,zero,1.7498650458799805e-26,317.04174690790876,5903520.143492341,0.6,170.61998717961367,206,raw,9.281895640438982e-14,-2.0418000623579073e-10,6.395271309714805,69799.58507653062,0.8418943467861969,5.6189438836900665e-06,1.0,327.0,,,,[],[],13,661.1538461538462,86.99999999999977,940.0,"[8, 32, 51, 63, 81, 100, 111, 133, 152, 162, 175, 192, 204]","[878.0, 637.9999999999998, 787.0000000000002, 792.0, 940.0, 788.0, 637.0000000000001, 674.9999999999998, 771.0, 196.0, 834.0000000000001, 572.0000000000001, 86.99999999999977]","[0, 13, 42, 42, 76, 99, 107, 107, 107, 161, 99, 187, 203]","[76, 42, 61, 76, 205, 164, 119, 142, 164, 164, 205, 205, 205]",37754613.0,941.0,-941.0,0.0,,,,DWT,mdp.39015067403892,0.0,,0.0,33.0,19.0,0.0,28.5,,0.0,256.3413461538462,4359.0,256.34134615384613,,0.0,256.3413461538462,,,83.99999999999977,0.0,24.0,0.0,0.0,,0.0,9.893051724125516e-14,1.1586326280883037e-26,0.9560331125537476,0.8130301700231952,0.00018856845341812148,0.3214285714285712,0.0009764121304399484,0.9999999997235518,0.4742280246113362,6.6959667625959335e-09,6.6959667625959335e-09,6.0819563246244724e-09,,0.0,0.9999999933040264,0.0,,,,,,0.0,1.0,0.5,0.0,0.0,0.7922684098775811,0.259018213749213,582,1.5091912300836101,0.7248696586922332,610,0,0.24785233644910437,0.29613842719970307,583,0.0,0.3864571042891279,0.7019400844168637,638,26.550266790875504,0.9721695316657489,603.25,602.3895613777279,0.6699160027301492,385,db,0.540986235965534,0.9305070477545101,0.3421575204977732,3,289.5,9.893051724125516e-14,0.0001547883299646835,1.1586326280883037e-26,0.9560331125537476,0.8130301700231953,0.001221853023371216,0.49,0.0033398027987676026,0.9999999997235517,0.9919828214561976,0.9855281704452468,0.9855281704452468,0.9855281704451341,,0.0,0.9999999999667601,0.0,,,,,1.0,,0.0,1.0,0.5,0.0,0.0,0.0,2.2345701998209275,0.6375734627746844,583,1.5781282365634786,0.7295452539228757,1380,563.5641046056784,0.7046309724288897,981.5,819.7045338767193,0.5951089872626629,892,0.49117026184683504,0.8233619396015222,0.4091722348267588,4,670.0,,,,,,,,,,,,,6.642568917375344e-19,0.03641360043841644,1.1586326280883037e-26,0.9681081707351308,0.25133674632000236,0.0015471487379761163,0.370694087403599,1.0,0.0033398027987676026,0.9999999999999541,0.0008499884728391191,0.0007982210227401261,0.0007982210227401261,0.0007982210227337869,,0.0,0.0,0.020163910573049823,0.0,,,,,0.4782608695652174,,0.0,1.0,0.8604651162790697,0.0,0.0,0.9302325581395349,0.5744527218307418,0.17892707859001003,360,1.667844486182521,0.8095872322172186,1439,762.9682169002848,0.6434727958409885,899.5,575.9199555308504,0.6115728465186251,990,1009.0473684210526,935.5,610.6543869996938,760,0.4758535102197843,0.8532293215616218,0.41093374637766444,5,743.75
bior3.7,1.0,reflect,3.0365170952891746e-27,322.4236414374557,5331156.947100549,0.5227272727272727,71.28824293752791,206,smoothed,3.709653943252367e-14,-2.0363073449658531e-10,6.2333530675038,35911.62028813064,0.9911025245950801,0.00014966566451320274,0.9999999999999999,362.4000000000001,,,,[],[],11,426.60000000000014,32.2000000000001,728.3999999999999,"[9, 31, 53, 64, 80, 102, 131, 148, 158, 175, 192]","[311.0000000000001, 417.8000000000002, 589.6, 432.19999999999993, 728.3999999999999, 371.0000000000001, 587.0, 32.2000000000001, 448.2000000000001, 368.0, 407.20000000000005]","[1, 1, 1, 60, 1, 94, 120, 144, 144, 165, 186]","[20, 40, 75, 75, 204, 120, 204, 149, 204, 186, 204]",30736475.839999992,728.3999999999999,-728.3999999999999,0.0,,,,DWT,mdp.39015067403892,3.725290298461914e-09,,0.0,15.0,11.0,0.0,33.0,,1.1368683772161603e-13,168.4000000000002,987.7999999999975,168.40000000000006,,0.0,168.4000000000002,,,28.000000000000114,0.0,33.0,1.1368683772161603e-13,1.1368683772161603e-13,,1.1368683772161603e-13,3.265898029021047e-14,4.098781251770621e-27,0.9897949666501608,0.14282379803010492,0.22079263841967997,0.06632262621902181,0.0618714371515802,,0.9999996648089,4.406097391567225e-09,4.406097391567225e-09,3.6787565615428943e-09,,1.2251610931599486e-12,0.9999999955939026,7.585973278963461e-14,,,,,,7.946695712486874e-14,0.0,1.0,1.7477015598164352e-13,1.7477015598164352e-13,0.8999999009876668,0.3383296774466269,345,0.8269628235632395,0.4198224499705628,422,0,0.24999997274129032,0.3557007787942952,348,0.0,0.2116579237815115,0.3734218622040937,480,64.8247637866888,0.932049513850431,398.75,391.1936242752391,0.7570362873235383,212,bior,0.8100315533562081,0.7923003667562746,0.1952878026237719,6,160.5,2.852427667679409e-14,0.9999999999705138,1.3519630871520953e-27,0.975893521769038,0.7570955399117277,0.0005783911643189478,0.054425837320574266,0.0006026223123967284,0.99999999972356,2.0315811925353255e-05,4.745570603148508e-11,4.745570603148508e-11,3.9622027880881205e-11,,1.2251610931599486e-12,0.003126132840347795,7.585973278963461e-14,,,,,0.0,,3.687271056968986e-14,0.0,1.0,1.4238426238064856e-13,1.4238426238064856e-13,1.0,0.30156916120483745,0.08604450842082896,1403,1.6863844623332214,0.7795904998592267,876,372.64527368531054,0.8046932527854767,1139.5,1078.567792891619,0.6037355152816273,856,0.5943810304597339,0.7715092316736338,0.3524805091760961,5,643.25,,,,,,,,,,,,,1.9152277671997646e-19,0.9999999999715831,1.3519630871520953e-27,0.9825141206809568,0.23404534870996285,0.001396680280887546,0.041174155299442905,0.9999999999999999,0.0006026223123967284,0.9999999999999541,9.960751159770586e-05,3.843648489765261e-14,3.843648489765261e-14,3.2091408523615694e-14,,0.0,9.572760819061336e-19,0.004567040150618456,7.054128794466933e-19,,,,,0.13043478260869565,,1.1666441752192217e-21,0.7209302325581395,1.0,4.770970844811595e-19,4.770970844811595e-19,1.0,0.42658033862811345,0.13286867808967343,1491,1.8239401979401915,0.8853575431124033,657,589.7270555095806,0.7244266095749623,1074.0,912.0921787709499,0.6112787253482288,991,1104.4,1082.5,563.6960149978129,300,0.520820561188399,0.7876173146100969,0.3991404127850916,6,744.75
db19,1.0,constant,9.023772235979414e-27,317.69351749253843,4964559.442604116,0.5537190082644629,55.373129847031024,206,smoothed,6.565621832618209e-14,-2.001596666190158e-10,6.19117893447509,41855.665126698994,0.9897250504087812,0.0001496656645132029,0.9999999999999997,362.4,,,,[],[],11,426.59999999999997,32.200000000000045,728.3999999999997,"[9, 31, 53, 64, 80, 102, 131, 148, 158, 175, 192]","[311.00000000000017, 417.7999999999999, 589.6000000000001, 432.2, 728.3999999999997, 371.0, 587.0, 32.200000000000045, 448.20000000000016, 367.9999999999999, 407.1999999999998]","[1, 1, 1, 60, 1, 94, 120, 144, 144, 165, 186]","[20, 40, 75, 75, 205, 120, 205, 149, 205, 186, 205]",30736475.839999992,728.3999999999997,-728.3999999999997,0.0,,,,DWT,mdp.39015067403892,3.725290298461914e-09,,0.0,15.0,11.0,0.0,33.0,,2.2737367544323206e-13,168.40000000000003,987.7999999999993,168.40000000000003,,0.0,168.40000000000003,,,28.000000000000057,0.0,33.0,2.2737367544323206e-13,2.2737367544323206e-13,,0.0,9.540059439762184e-14,2.1621080068837798e-26,0.9718232727624642,0.0819916572484945,0.06346553290982343,0.27920434254441334,0.11116441114205933,,0.9999996647593375,4.4059199552998455e-09,4.4059199552998455e-09,3.6787269888316428e-09,,0.0,0.9999999955940747,1.5171946557926922e-13,,,,,,7.946695712486874e-14,0.0,1.0,3.4954031196328703e-13,3.4954031196328703e-13,0.8999999009722641,0.3383296774408367,413,0.8119700602112551,0.4122111058291927,470,0,0.24999997273707575,0.35570077878829864,396,0.0,0.2153784595153358,0.37998589419164974,443,32.72613634390714,0.9656958738533468,430.5,428.6530587084175,0.7572190061090633,211,db,0.573477938514061,0.8443824841957417,0.34525069778143475,3,159.0,6.460992643685214e-14,0.9999999999705149,5.588941277241341e-27,0.9584382935646664,0.7425264926010573,0.00016625510586118974,0.22912135711178816,0.0010827315087982808,0.9999999997236123,2.0315811924354055e-05,4.745387416349445e-11,4.745387416349445e-11,3.962169481397382e-11,,0.0,0.0031261328403482946,1.5171946557926922e-13,,,,,0.0,,3.687271056968986e-14,0.0,1.0,2.847685247612971e-13,2.847685247612971e-13,1.0,0.30156916120431854,0.0860445084206809,1514,1.7384909853211123,0.8036785718317669,361,815.2941187080893,0.5726970027735381,937.5,582.9909333333333,0.5406724007578383,1260,0.49117026184683504,0.8233619396015222,0.4091722348267588,4,946.0,,,,,,,,,,,,,4.338154707679728e-19,0.9999999999715842,5.588941277241341e-27,0.9698527932591859,0.2295415343583483,0.0013003055292930366,0.17333455587597635,0.9999999999999997,0.0010827315087982808,0.9999999999999541,9.960751159770499e-05,3.8434858594393884e-14,3.8434858594393884e-14,3.20911916831812e-14,,0.0,0.0,0.004567040150618464,1.4108257588933865e-18,,,,,0.13043478260869565,,1.1666441752192217e-21,0.7209302325581395,1.0,9.54194168962319e-19,9.54194168962319e-19,1.0,0.42658033862811345,0.13286867808967343,1402,1.8670995108446986,0.906307475176353,138,893.7829714197961,0.5823444058785999,770.0,251.26753246753248,0.6112656608832252,992,1009.0473684210526,935.5,610.6543869996938,760,0.4758535102197843,0.8532293215616218,0.41093374637766444,5,745.25
coif7,1.0,antireflect,1.269469146271842e-26,316.21117724189014,5735134.9592505675,0.516260162601626,96.97591422847448,206,smoothed,8.177924357117535e-14,-2.1319410681286451e-10,6.50261055065012,100780.03668307287,0.9941517042581132,0.00014966566451320274,0.9999999999999999,362.4,,,,[],[],11,426.59999999999997,32.20000000000016,728.3999999999999,"[9, 31, 53, 64, 80, 102, 131, 148, 158, 175, 192]","[311.0000000000001, 417.8000000000002, 589.6000000000001, 432.1999999999997, 728.3999999999999, 371.00000000000017, 586.9999999999999, 32.20000000000016, 448.2, 367.9999999999999, 407.20000000000005]","[0, 0, 0, 60, 0, 94, 120, 144, 144, 165, 186]","[20, 40, 75, 75, 203, 120, 203, 149, 203, 186, 203]",30736475.840000007,728.3999999999999,-728.3999999999999,0.0,,,,DWT,mdp.39015067403892,1.1175870895385742e-08,,0.0,33.0,11.0,0.0,33.0,,1.1368683772161603e-13,168.40000000000003,987.7999999999993,168.40000000000003,,0.0,168.40000000000003,,,28.00000000000017,0.0,15.0,1.1368683772161603e-13,1.1368683772161603e-13,,0.0,1.3082062247048782e-13,3.236439100394229e-26,0.96619125010676,0.5312018853783071,0.3941617709468942,0.02190015424868272,0.5998144118431374,,0.9999996648584625,4.4059199552998455e-09,4.4059199552998455e-09,3.6787269888316428e-09,,0.0,0.9999999955940747,7.585973278963461e-14,,,,,,2.3840087137460624e-13,1.0,0.0,1.7477015598164352e-13,1.7477015598164352e-13,0.8999999010019732,0.338329677452005,326,1.291082404663424,0.6554410461938189,91,0,0.249999972745314,0.35570077880002005,326,0.0,0.35903849607484467,0.6334410798890066,95,134.53252394867198,0.8589805828630273,209.5,144.66391191643353,0.8196894528570902,109,coif,0.5556920286951962,0.9053407607371553,0.33941335169221604,4,82.75,8.498164855003703e-14,0.9999999999705138,8.186726795945551e-27,0.9529681224543735,0.8501104931305721,0.0010325511179165834,0.017971758664955206,0.005842139192407028,0.9999999997234159,2.0315811926352456e-05,4.745387416349445e-11,4.745387416349445e-11,3.962169481397382e-11,,0.0,0.0031261328403482946,7.585973278963461e-14,,,,,0.0,,1.1061813170906958e-13,1.0,0.0,1.4238426238064856e-13,1.4238426238064856e-13,1.0,0.3015691612042611,0.08604450842066451,1535,1.7068779546203592,0.7890643370848653,675,608.1118318204309,0.6812831070123528,1105.0,937.6696832579185,0.55107132289821,1189,0.4784248188775415,0.776734912893196,0.43208215291776214,2,892.25,,,,,,,,,,,,,5.705989142149051e-19,0.9999999999715831,8.186726795945551e-27,0.9658849489738168,0.2627996023195978,0.0015028819873723774,0.01359596872927199,0.9999999999999999,0.005842139192407028,0.9999999999999541,9.960751159770662e-05,3.8434858594393884e-14,3.8434858594393884e-14,3.20911916831812e-14,,0.0,0.0,0.004567040150618464,7.054128794466933e-19,,,,,0.13043478260869565,,3.499932525657665e-21,1.0,0.7209302325581395,4.770970844811595e-19,4.770970844811595e-19,1.0,0.42658033862811345,0.13286867808967343,1500,1.8194574546979032,0.8831815778324681,708,560.0285706997456,0.7383044062150721,1104.0,961.9565217391305,0.6112082778738912,993,986.6382352941176,846.0,585.0035688138154,340,0.4652856568234462,0.8173890317607586,0.42908333069536003,4,745.75
db13,1.0,periodization,1.3305370796768383e-26,318.23152264791867,5964331.813452908,0.6019417475728155,294.57887205867246,206,raw,7.988887407861552e-14,-2.0993773386379918e-10,6.330065828135552,63117.30860590065,0.7638860646296732,5.618943883690062e-06,1.0,327.0,,,,[],[],13,661.1538461538462,86.99999999999999,939.9999999999995,"[8, 32, 51, 63, 81, 100, 111, 133, 152, 162, 175, 192, 204]","[878.0000000000001, 637.9999999999999, 786.9999999999999, 792.0000000000002, 939.9999999999995, 788.0000000000002, 636.9999999999999, 675.0000000000002, 771.0000000000001, 196.0, 834.0000000000002, 572.0000000000002, 86.99999999999999]","[0, 13, 42, 42, 76, 99, 107, 107, 107, 161, 99, 187, 203]","[76, 42, 61, 76, 205, 164, 119, 142, 164, 164, 205, 205, 205]",37754613.0,940.9999999999997,-940.9999999999997,0.0,,,,DWT,mdp.39015067403892,0.0,,0.0,33.0,19.0,0.0,28.5,,3.410605131648481e-13,256.3413461538462,4359.0,256.3413461538462,,0.0,256.3413461538462,,,83.99999999999999,0.0,24.0,4.547473508864641e-13,3.410605131648481e-13,,0.0,8.259313390042871e-14,8.61888392950803e-27,0.9604236543864227,0.7905049471479204,0.00025700484543255943,0.33599167822468756,0.00043539500072065605,0.9999999997234651,0.4742280246115838,6.6959667625959335e-09,6.6959667625959335e-09,6.082000342865356e-09,,0.0,0.9999999933040264,5.445185492623215e-13,,,,,,0.0,1.0,0.5,4.2715278714194565e-13,4.2715278714194565e-13,0.7922684098781115,0.25901821374938644,485,1.5062059978081042,0.7234358415208048,617,0,0.2478523364492452,0.2961384271998713,480,0.0,0.38595158491609144,0.7010218859740215,642,85.50633504795614,0.9103707179790816,556.0,546.1819397519677,0.6637807468302117,394,db,0.540986235965534,0.9305070477545101,0.3421575204977732,3,296.25,8.259313390042871e-14,0.0001547883299646835,8.61888392950803e-27,0.9604236543864227,0.7905049471479205,0.0012902186877807671,0.500945324476239,0.0028000655535788755,0.999999999723465,0.9919828214562014,0.9855281704452468,0.9855281704452468,0.9855281704451347,,0.0,0.9999999999667601,3.0343893115853844e-13,,,,,1.0,,0.0,1.0,0.5,4.2715278714194565e-13,4.2715278714194565e-13,0.0,2.2345701998212513,0.6375734627747768,484,1.5736963679500315,0.7274964668610646,1392,642.0529573173851,0.6634942571711818,938.0,718.2601279317697,0.5859400007029913,944,0.49117026184683504,0.8233619396015222,0.4091722348267588,4,709.0,,,,,,,,,,,,,5.545615239205707e-19,0.03641360043841641,8.61888392950803e-27,0.971292894936477,0.2443733931304855,0.0015631355068837427,0.3789744283588147,1.0,0.0028000655535788755,0.9999999999999541,0.0008499884728391219,0.0007982210227401261,0.0007982210227401261,0.0007982210227337874,,0.0,0.0,0.020163910573049823,2.821651517786773e-18,,,,,0.4782608695652174,,0.0,1.0,0.8604651162790697,1.4312912534434783e-18,1.4312912534434783e-18,0.9302325581395349,0.5744527218307418,0.17892707859001003,321,1.6693778789770346,0.8103315553472807,1434,787.0098474606274,0.63223838903709,877.5,524.574358974359,0.6110958300325637,994,1009.0473684210526,935.5,610.6543869996938,760,0.4758535102197843,0.8532293215616218,0.41093374637766444,5,746.75
coif7,1.0,periodization,1.8179319278478575e-26,316.8760162974719,5967129.612745216,0.6116504854368932,282.43230956823965,206,raw,9.054422659085955e-14,-2.179316727080077e-10,6.327097859473301,63117.30860590066,0.7614370107938071,5.618943883690066e-06,0.9999999999999998,327.0,,,,[],[],13,661.1538461538462,87.00000000000003,939.9999999999999,"[8, 32, 51, 63, 81, 100, 111, 133, 152, 162, 175, 192, 204]","[878.0000000000002, 638.0000000000001, 787.0, 792.0000000000003, 939.9999999999999, 787.9999999999999, 637.0000000000002, 674.9999999999999, 771.0000000000003, 196.00000000000023, 834.0000000000003, 571.9999999999999, 87.00000000000003]","[0, 13, 42, 42, 76, 99, 107, 107, 107, 161, 164, 187, 203]","[76, 42, 61, 76, 205, 164, 119, 142, 164, 164, 205, 205, 205]",37754613.0,940.9999999999999,-940.9999999999999,0.0,,,,DWT,mdp.39015067403892,0.0,,0.0,33.0,19.0,0.0,28.5,,1.1368683772161603e-13,256.3413461538462,4359.0,256.34134615384625,,0.0,256.3413461538462,,,84.00000000000003,0.0,28.5,1.1368683772161603e-13,1.1368683772161603e-13,,0.0,9.605635665788664e-14,1.2068012608905507e-26,0.9554215290816624,0.7894796628622306,0.0002601534399255291,0.40880721220527005,0.00043539500072065665,0.9999999997233446,0.4742280246116333,6.6959667625959335e-09,6.6959667625959335e-09,6.082044361106239e-09,,0.0,0.9999999933040264,1.3612963731558036e-13,,,,,,0.0,1.0,1.0,1.4238426238064856e-13,1.4238426238064856e-13,0.8422684098778215,0.2753648338164249,205,1.5318198683718385,0.7357382702940574,560,0,0.28951900311583817,0.34592250956954845,204,0.0,0.39430049403915624,0.7161863994726486,571,208.4722203716041,0.7814756599878364,385.0,300.36710862843523,0.688955859344023,365,coif,0.5507900112560971,0.8749445204262634,0.351963635992853,2,274.25,9.605635665788663e-14,0.0001547883299646835,1.2068012608905506e-26,0.9554215290816624,0.7894796628622306,0.0012933640282660269,0.5556719468574347,0.0028000655535788763,0.9999999997233445,0.9919828214562021,0.9855281704452468,0.9855281704452468,0.9855281704451354,,0.0,0.9999999999667601,7.585973278963461e-14,,,,,1.0,,0.0,1.0,0.75,1.4238426238064856e-13,1.4238426238064856e-13,0.0,2.2595701998210247,0.6447065287086642,205,1.5920746722470072,0.7359924840822036,1322,789.8382745853736,0.5860386401544164,763.5,354.95743287491814,0.592940703725007,903,0.4784248188775415,0.776734912893196,0.43208215291776214,2,677.75,,,,,,,,,,,,,6.449586910538452e-19,0.03641360043841643,1.2068012608905506e-26,0.9676645524395033,0.24405644103458607,0.0015638710198332317,0.42037613313489364,0.9999999999999998,0.0028000655535788763,0.9999999999999541,0.0008499884728391225,0.0007982210227401261,0.0007982210227401261,0.0007982210227337879,,0.0,0.0,0.020163910573049823,7.054128794466933e-19,,,,,0.4782608695652174,,0.0,1.0,0.9302325581395349,4.770970844811595e-19,4.770970844811595e-19,0.9302325581395349,0.5814294660167882,0.18110015290550946,52,1.683603447097807,0.8172367784763113,1388,944.6946596652275,0.5585538973526974,720.0,100.24444444444444,0.6110526496109281,995,986.6382352941176,846.0,585.0035688138154,340,0.4652856568234462,0.8173890317607586,0.42908333069536003,4,747.25
coif12,1.0,antisymmetric,1.4216407020956155e-26,315.71950025259946,6199585.134552834,0.5217391304347826,92.87412159810425,206,smoothed,8.940421218884367e-14,-2.0355528373983167e-10,6.652901639299817,121725.13562199373,0.9954016618149544,0.00014966566451320284,1.0,362.40000000000003,,,,[],[],11,426.6,32.20000000000002,728.3999999999997,"[9, 31, 53, 64, 80, 102, 131, 148, 158, 175, 192]","[310.99999999999966, 417.79999999999995, 589.6000000000001, 432.20000000000016, 728.3999999999997, 371.0000000000001, 587.0000000000003, 32.20000000000002, 448.2000000000001, 367.9999999999999, 407.19999999999993]","[1, 1, 1, 60, 1, 94, 120, 144, 144, 165, 186]","[20, 40, 75, 75, 205, 120, 205, 149, 205, 186, 205]",30736475.839999996,728.3999999999997,-728.3999999999997,0.0,,,,DWT,mdp.39015067403892,0.0,,0.0,15.0,11.0,0.0,33.0,,2.2737367544323206e-13,168.4000000000001,987.7999999999984,168.40000000000006,,0.0,168.4000000000001,,,28.00000000000003,0.0,33.0,2.2737367544323206e-13,2.2737367544323206e-13,,5.684341886080802e-14,1.4757161047606708e-13,3.6817843228620295e-26,0.9643231662159243,0.7479823620922225,0.5934828269759649,0.05953509323473402,0.77350862937749,,0.9999996647345563,4.4059791007223055e-09,4.4059791007223055e-09,3.6787565615428943e-09,,6.125805465799743e-13,0.9999999955939887,1.5171946557926922e-13,,,,,,0.0,0.0,1.0,3.4954031196328703e-13,3.4954031196328703e-13,0.8999999009650976,0.33832967743814263,461,1.5825439833085821,0.8034067231656822,32,0,0.24999997273506022,0.35570077878543094,460,0.0,0.44840458255664056,0.791107043136253,31,247.68393838384705,0.7403732302056111,246.0,58.95255318069709,0.7412557974927427,243,coif,0.5556920286951962,0.9053407607371553,0.33941335169221604,4,183.25,9.461592868298732e-14,0.9999999999705145,9.263593486986459e-27,0.9511537230536707,0.9020285249587314,0.0015546950557538725,0.0488558352402747,0.007533905471636225,0.9999999997235611,2.0315811923854454e-05,4.745454029730922e-11,4.745454029730922e-11,3.9622027880881205e-11,,6.125805465799743e-13,0.0031261328403480726,1.5171946557926922e-13,,,,,0.0,,0.0,0.0,1.0,2.847685247612971e-13,2.847685247612971e-13,1.0,0.3015691612046066,0.08604450842076308,1449,1.7450397400048163,0.8067059638952948,286,822.3651865199548,0.5689909923899608,867.5,477.71066282420753,0.5571632110796764,1123,0.4784248188775415,0.776734912893196,0.43208215291776214,2,842.75,,,,,,,,,,,,,6.352871131013607e-19,0.9999999999715838,9.263593486986459e-27,0.9645688559031798,0.2788493255354726,0.0016249812098814544,0.03696034542598825,1.0,0.007533905471636224,0.9999999999999541,9.960751159770467e-05,3.8435400695480126e-14,3.8435400695480126e-14,3.2091408523615694e-14,,0.0,4.786380409530668e-19,0.00456704015061846,1.4108257588933865e-18,,,,,0.13043478260869565,,0.0,0.7209302325581395,1.0,9.54194168962319e-19,9.54194168962319e-19,1.0,0.42658033862811345,0.13286867808967343,1461,1.8367761672650915,0.8915882420562579,475,697.2072862499358,0.6742022026869459,968.0,716.9163223140496,0.6109328770444076,996,986.6382352941176,846.0,585.0035688138154,340,0.4652856568234462,0.8173890317607586,0.42908333069536003,4,748.0
bior2.6,1.0,constant,4.238220313471676e-27,320.97556345552414,5062413.754018753,0.5412844036697247,73.2277024880342,206,smoothed,4.352936565675954e-14,-2.1161330465702173e-10,6.162640621912916,38173.05798980229,0.9897455626165076,0.00014966566451320268,0.9999999999999999,362.4,,,,[],[],11,426.6,32.19999999999999,728.4000000000001,"[9, 31, 53, 64, 80, 102, 131, 148, 158, 175, 192]","[311.0000000000001, 417.8000000000001, 589.6, 432.19999999999993, 728.4000000000001, 371.0000000000001, 587.0000000000001, 32.19999999999999, 448.1999999999999, 368.0000000000001, 407.2]","[1, 1, 1, 60, 1, 94, 120, 144, 144, 165, 186]","[20, 40, 75, 75, 205, 120, 205, 149, 205, 186, 205]",30736475.84000001,728.4000000000001,-728.4000000000001,0.0,,,,DWT,mdp.39015067403892,1.4901161193847656e-08,,0.0,15.0,11.0,0.0,33.0,,1.1368683772161603e-13,168.4000000000001,987.7999999999984,168.40000000000006,,0.0,168.4000000000001,,,28.0,0.0,33.0,1.1368683772161603e-13,1.1368683772161603e-13,,0.0,4.6790998443631043e-14,7.61568547309257e-27,0.9842931204998603,0.04082787929317919,0.10546018750430036,0.19379125024505106,0.08062516341661262,,0.999999664709775,4.4059791007223055e-09,4.4059791007223055e-09,3.6787565615428943e-09,,0.0,0.9999999955939887,7.585973278963461e-14,,,,,,3.1786782849947497e-13,0.0,1.0,1.7477015598164352e-13,1.7477015598164352e-13,0.8999999009574081,0.338329677435252,547,0.7734864711633355,0.39267422439098804,588,0,0.24999997273293512,0.35570077878240736,546,0.0,0.2007139429941501,0.3541137181359277,583,22.612680808195506,0.9762969802849104,566.0,565.3229595211562,0.6915027878363755,346,bior,0.8100315533562081,0.7923003667562746,0.1952878026237719,6,261.0,3.6652264213328906e-14,0.9999999999705134,2.2023678564087358e-27,0.9705497861869077,0.7326679372253732,0.0002762648296451083,0.1590294543698697,0.0007852819435315525,0.9999999997234397,2.0315811923354854e-05,4.745454029730922e-11,4.745454029730922e-11,3.9622027880881205e-11,,0.0,0.0031261328403480726,7.585973278963461e-14,,,,,0.0,,1.4749084227875944e-13,0.0,1.0,1.4238426238064856e-13,1.4238426238064856e-13,1.0,0.301569161204279,0.08604450842066962,1533,1.7127278671455552,0.7917686647939457,610,652.6595590351834,0.6579352415958158,1071.5,872.7298180121326,0.5481762161857486,1211,0.5943810304597339,0.7715092316736338,0.3524805091760961,5,909.5,,,,,,,,,,,,,2.4609715768610122e-19,0.9999999999715827,2.2023678564087358e-27,0.9786379876926883,0.2264939017822173,0.0013260304315069553,0.12030873154679825,0.9999999999999999,0.0007852819435315525,0.9999999999999541,9.960751159770423e-05,3.8435400695480126e-14,3.8435400695480126e-14,3.2091408523615694e-14,,0.0,0.0,0.00456704015061846,7.054128794466933e-19,,,,,0.13043478260869565,,4.666576700876887e-21,0.7209302325581395,1.0,4.770970844811595e-19,4.770970844811595e-19,1.0,0.42658033862811345,0.13286867808967343,1427,1.8495303641100633,0.897779247877495,271,817.415439051649,0.6180301686674537,849.0,455.4970553592462,0.6106505983524184,997,1104.4,1082.5,563.6960149978129,300,0.520820561188399,0.7876173146100969,0.3991404127850916,6,749.25
db24,1.0,periodization,1.9185722248425853e-26,316.6420109395339,5952205.648108554,0.6019417475728155,279.65220303869705,206,raw,9.529809519724206e-14,-2.0368418063299321e-10,6.342961791314682,63117.308605900645,0.7691688407777875,5.6189438836900665e-06,1.0,327.0000000000001,,,,[],[],13,661.1538461538462,86.99999999999997,940.0,"[8, 32, 51, 63, 81, 100, 111, 133, 152, 162, 175, 192, 204]","[878.0, 638.0000000000002, 787.0, 792.0000000000001, 940.0, 788.0000000000001, 636.9999999999999, 674.9999999999997, 770.9999999999997, 195.9999999999999, 834.0000000000003, 571.9999999999998, 86.99999999999997]","[0, 13, 39, 39, 76, 99, 107, 107, 107, 161, 164, 187, 203]","[76, 39, 61, 76, 205, 164, 119, 142, 164, 164, 205, 205, 205]",37754613.0,941.0,-941.0,0.0,,,,DWT,mdp.39015067403892,0.0,,0.0,33.0,19.0,0.0,28.5,,0.0,256.3413461538462,4359.0,256.34134615384613,,0.0,256.3413461538462,,,83.99999999999997,0.0,24.0,0.0,0.0,,1.1368683772161603e-13,1.0206295211626014e-13,1.2780209990494973e-26,0.9545579963346523,0.7949598555047918,0.0002433582705946013,0.33599167822468756,0.00043539500072065546,0.9999999997235594,0.47422802461156727,6.6959667625959335e-09,6.6959667625959335e-09,6.0819563246244724e-09,,5.718550876340534e-12,0.9999999933040264,0.0,,,,,,0.0,1.0,0.5,0.0,0.0,0.7922684098805096,0.2590182137501705,428,1.5049072338681022,0.7228120408021518,619,0,0.24785233644960014,0.29613842720029543,428,0.0,0.3857735353823885,0.700698486291804,644,117.93324382887126,0.8763802475588351,529.75,510.1259287386496,0.6605433732553085,398,db,0.540986235965534,0.9305070477545101,0.3421575204977732,3,299.25,1.0206295211626014e-13,0.0001547883299646835,1.2780209990494973e-26,0.9545579963346522,0.7949598555047919,0.0012765862163974884,0.500945324476239,0.002800065553578875,0.9999999997235592,0.9919828214562011,0.9855281704452468,0.9855281704452468,0.9855281704451341,,1.2251610931599486e-12,0.9999999999667601,0.0,,,,,1.0,,0.0,1.0,0.5,0.0,0.0,0.0,2.2345701998215413,0.6375734627748596,429,1.5723976110617568,0.7268960708337406,1398,685.1864709697645,0.6408875938313603,913.5,656.5320197044335,0.58105700446285,975,0.49117026184683504,0.8233619396015222,0.4091722348267588,4,732.25,,,,,,,,,,,,,6.852892436514227e-19,0.03641360043841644,1.2780209990494973e-26,0.9670381801731941,0.24575056486759078,0.0015599476614714795,0.3789744283588147,1.0,0.002800065553578875,0.9999999999999541,0.0008499884728391218,0.0007982210227401261,0.0007982210227401261,0.0007982210227337869,,0.0,9.572760819061336e-19,0.020163910573049823,0.0,,,,,0.4782608695652174,,0.0,1.0,0.8604651162790697,0.0,0.0,0.9302325581395349,0.5744527218307418,0.17892707859001003,354,1.6675120420649114,0.8094258607492717,1442,769.3321779309637,0.6404989822752507,898.0,568.4498886414253,0.6104364070254759,998,1009.0473684210526,935.5,610.6543869996938,760,0.4758535102197843,0.8532293215616218,0.41093374637766444,5,749.75
bior3.9,1.0,reflect,2.613503837840952e-27,323.07516732064937,5457962.066621228,0.5223214285714286,71.28824293752791,206,smoothed,3.168123799978893e-14,-2.0392032507032848e-10,6.2680995256022065,35788.538221207324,0.9912206462186605,0.00014966566451320276,0.9999999999999999,362.4,,,,[],[],11,426.6,32.19999999999999,728.4000000000001,"[9, 31, 53, 64, 80, 102, 131, 148, 158, 175, 192]","[311.0, 417.8000000000002, 589.6, 432.20000000000005, 728.4000000000001, 371.00000000000006, 587.0, 32.19999999999999, 448.20000000000005, 368.0, 407.19999999999993]","[1, 1, 1, 60, 1, 94, 120, 144, 144, 165, 186]","[20, 40, 75, 75, 205, 120, 205, 149, 205, 186, 205]",30736475.83999999,728.4000000000001,-728.4000000000001,0.0,,,,DWT,mdp.39015067403892,7.450580596923828e-09,,0.0,15.0,11.0,0.0,33.0,,1.1368683772161603e-13,168.4000000000001,987.7999999999984,168.40000000000003,,0.0,168.4000000000001,,,28.0,0.0,33.0,1.1368683772161603e-13,1.1368683772161603e-13,,0.0,2.0762321576607134e-14,2.860790799315273e-27,0.9922703824889466,0.19294223032284916,0.27521167339217245,0.06353488945761823,0.06085073806731713,,0.999999664709775,4.4059791007223055e-09,4.4059791007223055e-09,3.6787269888316428e-09,,0.0,0.9999999955939887,7.585973278963461e-14,,,,,,1.5893391424973748e-13,0.0,1.0,1.7477015598164352e-13,1.7477015598164352e-13,0.8999999009573197,0.33832967743521875,563,0.8791934323608591,0.4463382515568887,287,0,0.2499999727329194,0.355700778782385,555,0.0,0.22640141624698923,0.3994333732001759,342,142.9740652472795,0.8501320070783234,436.75,400.54883594997574,0.6961613913798326,335,bior,0.8100315533562081,0.7923003667562746,0.1952878026237719,6,252.75,2.168194936721788e-14,0.999999999970514,1.0526108959040537e-27,0.9782977997762604,0.7690986981407137,0.0007209479507414428,0.05213815789473725,0.0005926807938101647,0.9999999997235557,2.0315811923354854e-05,4.745454029730922e-11,4.745454029730922e-11,3.962169481397382e-11,,0.0,0.0031261328403480726,7.585973278963461e-14,,,,,0.0,,7.374542113937972e-14,0.0,1.0,1.4238426238064856e-13,1.4238426238064856e-13,1.0,0.30156916120424204,0.08604450842065907,1550,1.6929808382674858,0.7826399065198749,816,519.0163773909259,0.7279788378454267,1183.0,1069.1462383770076,0.5539789367424199,1157,0.5943810304597339,0.7715092316736338,0.3524805091760961,5,869.0,,,,,,,,,,,,,1.4558080453937816e-19,0.9999999999715833,1.0526108959040537e-27,0.9842580882020907,0.2377559548425144,0.001430016055803702,0.039443483387131384,0.9999999999999999,0.0005926807938101651,0.9999999999999541,9.960751159770423e-05,3.8435400695480126e-14,3.8435400695480126e-14,3.20911916831812e-14,,0.0,0.0,0.00456704015061846,7.054128794466933e-19,,,,,0.13043478260869565,,2.3332883504384434e-21,0.7209302325581395,1.0,4.770970844811595e-19,4.770970844811595e-19,1.0,0.42658033862811345,0.13286867808967343,1490,1.8261623040342467,0.8864361740862641,626,610.9402589451771,0.7145138976891696,1058.0,881.6068052930057,0.6100606871623419,999,1104.4,1082.5,563.6960149978129,300,0.520820561188399,0.7876173146100969,0.3991404127850916,6,750.75
sym15,1.0,reflect,8.734117746508273e-21,260.05960204412986,6655065.756072044,0.6410256410256411,316.30634758686193,206,raw,7.296419347893196e-11,-2.447839709181778e-10,6.506456931039203,60987.58732336321,0.7526909438941416,5.618943883694278e-06,1.0,327.00000000012494,,,,[],[],13,661.1538461536123,87.00000000001172,939.9999999996595,"[8, 32, 51, 63, 81, 100, 111, 133, 152, 162, 175, 192, 204]","[877.9999999997917, 637.9999999996862, 786.9999999996762, 791.9999999997086, 939.9999999996595, 787.9999999997303, 636.9999999997463, 674.999999999865, 770.9999999997378, 195.99999999985334, 833.9999999996642, 571.9999999998294, 87.00000000001172]","[0, 13, 39, 39, 76, 99, 107, 107, 107, 161, 99, 187, 203]","[76, 39, 61, 76, 205, 164, 119, 142, 164, 164, 205, 205, 205]",37754612.99999216,940.9999999997933,-940.9999999997933,0.0,,,,DWT,mdp.39015067403892,7.838010787963867e-06,,0.0,33.0,19.0,0.0,28.5,,2.0668267097789794e-10,256.34134615361234,4359.0000000030395,256.34134615363354,,0.0,256.34134615361234,,,84.00000000001172,0.0,19.5,3.4049207897624e-10,2.0668267097789794e-10,,1.2494183465605602e-10,9.217317646185667e-11,6.18083925954957e-21,0.7457560978804626,0.8514392246026626,0.0010343447689277463,0.6291208791208796,0.0002629663829517368,0.9999999997229398,0.4742280246252197,6.514875719712648e-09,6.514875719712648e-09,5.917328103720395e-09,,6.284687413098247e-09,0.9999999934850836,4.0770826376016323e-10,,,,,,7.758018303862746e-11,1.0,0.0,2.5885458900801907e-10,2.5885458900801907e-10,0.7422684133027613,0.2426715948018821,647,1.5254439815324332,0.7326759102531208,571,0,0.20618567036208896,0.24635434552251564,647,0.0,0.40345168907137463,0.7328081423313975,489,75.39009660868373,0.9209747415003315,588.5,580.7628096423732,0.6520492156138975,411,sym,0.8243425715244881,0.7368036147090654,0.2019191155201387,6,309.75,9.21731764618567e-11,0.00015478832999393788,6.18083925954957e-21,0.7457560978804625,0.8514392246026627,0.002066755246438133,0.7212550607287453,0.0026280448502887894,0.9999999997229397,0.9919828214564094,0.985528170442626,0.985528170442626,0.9855281704427516,,1.3464520413827834e-09,0.9999999999676589,2.2719989970495566e-10,,,,,1.0,,7.758018303862746e-11,1.0,0.25,2.5885458900801907e-10,2.5885458900801907e-10,0.0,2.2095702007483116,0.6304403971053361,652,1.5638063273002676,0.7229244479021673,1429,549.4219689819474,0.7120429931960444,1040.5,895.4425756847669,0.5833537817133261,958,0.7763846615972358,0.5622554397616224,0.28785410495344815,6,720.0,,,,,,,,,,,,,6.188855512482449e-16,0.03641360043844461,6.18083925954957e-21,0.8155815981301283,0.26321036080955484,0.0017447224280201991,0.5456428296368767,1.0,0.0026280448502887894,0.999999999999954,0.0008499884728392792,0.0007982210227380034,0.0007982210227380034,0.0007982210227318572,,0.0,1.052046414014841e-15,0.020163910573063885,2.1127115739428464e-15,,,,,0.4782608695652174,,2.4546193446612427e-18,1.0,0.7906976744186046,8.673624995867479e-16,8.673624995867479e-16,0.9302325581395349,0.5674759776447024,0.17675400427451277,666,1.652058930423246,0.8019247765733994,1497,587.605735166021,0.7254178807635416,1081.5,921.869625520111,0.6100220244939203,1000,1409.1368421052632,1454.5,398.32527672708756,380,0.6645304607900322,0.5565550872278735,0.3678621512786154,7,751.75
rbio6.8,1.0,periodic,1.8375693837998925e-21,266.8293550049554,6160933.664570549,0.6351351351351351,291.6552975700371,206,raw,3.345050234646876e-11,-1.671234262190077e-10,6.467099173998361,61336.57150645346,0.7380544003612466,5.618943883691987e-06,1.0,327.0000000000577,,,,[],[],13,661.1538461537383,86.99999999998258,939.9999999998472,"[8, 32, 51, 63, 81, 100, 111, 133, 152, 162, 175, 192, 204]","[877.9999999999006, 637.9999999998581, 786.9999999998557, 791.9999999998661, 939.9999999998472, 787.9999999998796, 636.9999999998915, 674.9999999999447, 770.9999999998719, 195.99999999993565, 833.9999999998462, 571.9999999999186, 86.99999999998258]","[0, 13, 39, 39, 76, 99, 107, 107, 107, 161, 99, 187, 203]","[76, 39, 61, 76, 205, 164, 119, 142, 164, 164, 205, 205, 205]",37754612.999996506,940.9999999999047,-940.9999999999047,0.0,,,,DWT,mdp.39015067403892,3.4943222999572754e-06,,0.0,33.0,19.0,0.0,28.5,,9.526957001071423e-11,256.3413461537383,4359.000000001402,256.34134615374785,,0.0,256.3413461537383,,,83.99999999998258,0.0,19.5,1.5279510989785194e-10,9.526957001071423e-11,,5.7696070143720135e-11,4.224694219842489e-11,1.3003849757318907e-21,0.7707380189029354,0.8378430939132764,0.00047825713734586694,0.5849420849420846,0.00029122118831376636,0.9999999997241104,0.4742280245913611,6.61242014145046e-09,6.61242014145046e-09,6.005848786136999e-09,,2.9021645697428214e-09,0.9999999933875663,1.8295823255214e-10,,,,,,3.458660251436909e-11,1.0,0.0,1.1931801187498349e-10,1.1931801187498349e-10,0.7422684114479801,0.24267159419549403,688,1.51569680922155,0.7279943103833595,594,0,0.20618567004733013,0.24635434514643614,687,0.0,0.3992865844812892,0.7252428683718267,523,79.92079412351539,0.9162255826797533,623.0,614.945636878109,0.631592875197319,459,rbio,0.5136782423812899,1.0,0.3404252303330971,4,345.25,4.224694219842488e-11,0.0001547883299780617,1.3003849757318907e-21,0.7707380189029354,0.8378430939132765,0.0015112423199967683,0.6880512091038404,0.002656232813241752,0.9999999997241102,0.991982821455893,0.9855281704440377,0.9855281704440377,0.9855281704440326,,6.21769254778674e-10,0.9999999999671748,1.0195548086926891e-10,,,,,1.0,,3.4586602514369084e-11,1.0,0.25,1.1931801187498349e-10,1.1931801187498349e-10,0.0,2.2095702002468705,0.6304403969622635,685,1.5584493926265424,0.7204480165347763,1443,535.986940139403,0.7190844129248412,1064.0,928.999060150376,0.5807162106552928,977,0.3888041033402703,1.0,0.4278371276618108,3,733.5,,,,,,,,,,,,,2.8366194064978034e-16,0.03641360043842928,1.3003849757318907e-21,0.8337024887874691,0.2590073098330894,0.0016148201319346142,0.5205235000932469,1.0,0.002656232813241752,0.9999999999999543,0.0008499884728388887,0.0007982210227391468,0.0007982210227391468,0.0007982210227328948,,0.0,4.858176115673629e-16,0.02016391057305631,9.480749099763558e-16,,,,,0.4782608695652174,,1.09431223635563e-18,1.0,0.7906976744186046,3.998073567952116e-16,3.998073567952116e-16,0.9302325581395349,0.5674759776446984,0.17675400427451152,697,1.6507285315490994,0.8012789885810606,1504,570.6351724175438,0.7333480502721759,1100.5,952.5561108587005,0.6095478569117889,1001,818.67,599.5,715.6978453131971,300,0.38607403914171184,1.0,0.42974817260080167,3,751.5
db36,1.0,constant,1.814424503302019e-26,314.66000971966264,4962449.146315093,0.5688405797101449,38.804239542553326,206,smoothed,9.222396309410521e-14,-1.9960617603231904e-10,6.193811751768504,45897.334475950425,0.9915051770778095,0.00014966566451320276,0.9999999999999999,362.39999999999975,,,,[],[],11,426.59999999999985,32.19999999999993,728.3999999999999,"[9, 31, 53, 64, 80, 102, 131, 148, 158, 175, 192]","[310.9999999999998, 417.79999999999984, 589.5999999999999, 432.1999999999997, 728.3999999999999, 371.00000000000006, 587.0, 32.19999999999993, 448.1999999999997, 367.9999999999999, 407.2000000000003]","[1, 1, 1, 60, 1, 94, 120, 144, 144, 165, 186]","[20, 40, 75, 75, 205, 120, 205, 149, 205, 186, 205]",30736475.839999996,728.3999999999999,-728.3999999999999,0.0,,,,DWT,mdp.39015067403892,0.0,,0.0,15.0,11.0,0.0,33.0,,1.1368683772161603e-13,168.39999999999992,987.8000000000002,168.39999999999992,,0.0,168.39999999999992,,,27.999999999999943,0.0,33.0,1.1368683772161603e-13,1.1368683772161603e-13,,2.2737367544323206e-13,1.5376620824572993e-13,4.831305259170194e-26,0.9602977242282331,0.08578924360637327,0.06255988897376819,0.3830741654857872,0.1446813020002972,,0.9999996646602125,4.405801664454926e-09,4.405801664454926e-09,3.678608697986637e-09,,2.4503221863198973e-12,0.9999999955941608,7.585973278963461e-14,,,,,,0.0,0.0,1.0,1.7477015598164352e-13,1.7477015598164352e-13,0.8999999009435408,0.33832967743003894,590,0.8614553878214904,0.4373332163799534,322,0,0.2499999727289551,0.35570077877674455,591,0.0,0.23377176061351615,0.4124366554268078,297,162.55665678976874,0.8296051815620873,450.0,405.6977794317164,0.6789535341772701,374,db,0.573477938514061,0.8443824841957417,0.34525069778143475,3,281.25,9.817873287125389e-14,0.999999999970514,1.2043191750340278e-26,0.9472439631302219,0.7434359989015658,0.00016388266964962673,0.3143592677345538,0.001409183054183536,0.9999999997236206,2.0315811922300142e-05,4.74525418958649e-11,4.74525418958649e-11,3.962036254634427e-11,,2.4503221863198973e-12,0.003126132840348572,7.585973278963461e-14,,,,,0.0,,0.0,0.0,1.0,1.4238426238064856e-13,1.4238426238064856e-13,1.0,0.30156916120542865,0.08604450842099765,1320,1.7664536988598676,0.8166053191494798,129,842.1641763931781,0.5586141633159444,724.5,235.03105590062114,0.5894485910919345,917,0.49117026184683504,0.8233619396015222,0.4091722348267588,4,688.75,,,,,,,,,,,,,6.592091272782007e-19,0.9999999999715833,1.2043191750340278e-26,0.96173287175266,0.22982269533214195,0.0012997507538836273,0.23781861606066135,0.9999999999999999,0.001409183054183536,0.9999999999999541,9.960751159770347e-05,3.8433882812438647e-14,3.8433882812438647e-14,3.209010748100871e-14,,0.0,1.9145521638122673e-18,0.004567040150618468,7.054128794466933e-19,,,,,0.13043478260869565,,0.0,0.7209302325581395,1.0,4.770970844811595e-19,4.770970844811595e-19,1.0,0.42658033862811345,0.13286867808967343,1394,1.8882920657320033,0.9165945385068768,54,947.5230867899737,0.5572322024345917,724.0,103.97237569060775,0.6094572227126229,1002,1009.0473684210526,935.5,610.6543869996938,760,0.4758535102197843,0.8532293215616218,0.41093374637766444,5,752.75
db29,1.0,constant,1.5642499043033462e-26,317.52873109773935,5934921.924621677,0.5877862595419847,171.84388769784104,206,raw,8.66017074664889e-14,-2.0650670062849765e-10,6.366789716198847,67272.1006997203,0.8291823380911484,5.6189438836900665e-06,1.0,327.0,,,,[],[],13,661.1538461538462,87.00000000000003,939.9999999999998,"[8, 32, 51, 63, 81, 100, 111, 133, 152, 162, 175, 192, 204]","[877.9999999999999, 638.0000000000002, 787.0, 791.9999999999998, 939.9999999999998, 788.0, 637.0000000000001, 674.9999999999995, 771.0, 195.99999999999994, 834.0000000000002, 572.0, 87.00000000000003]","[0, 13, 39, 39, 76, 99, 107, 107, 107, 161, 99, 187, 203]","[76, 39, 61, 76, 205, 164, 119, 142, 164, 164, 205, 205, 205]",37754613.0,940.9999999999998,-940.9999999999998,0.0,,,,DWT,mdp.39015067403892,0.0,,0.0,33.0,19.0,0.0,28.5,,2.2737367544323206e-13,256.3413461538462,4359.0,256.3413461538461,,0.0,256.3413461538462,,,84.00000000000003,0.0,19.5,2.2737367544323206e-13,2.2737367544323206e-13,,0.0,9.10749153460251e-14,1.0272790632024983e-26,0.9578301944620448,0.8031912082326872,0.00022390746983902144,0.22982551799345668,0.0007717794204701726,0.9999999997235168,0.4742280246116333,6.6959667625959335e-09,6.6959667625959335e-09,6.081912306383589e-09,,0.0,0.9999999933040264,2.7225927463116073e-13,,,,,,0.0,1.0,0.0,2.847685247612971e-13,2.847685247612971e-13,0.742268409877907,0.24267159368218627,884,1.4686445933834948,0.7053949717737953,674,0,0.20618566978252892,0.2463543448300469,883,0.0,0.3739803259127632,0.6792779292396007,721,109.08864896648659,0.885651311355884,790.5,779.0639605335006,0.5285174795773131,768,db,0.540986235965534,0.9305070477545101,0.3421575204977732,3,576.75,9.107491534602509e-14,0.0001547883299646835,1.0272790632024983e-26,0.9578301944620446,0.8031912082326873,0.001257155517644806,0.4211530735235034,0.0031356541885158413,0.9999999997235167,0.9919828214562021,0.9855281704452468,0.9855281704452468,0.9855281704451335,,0.0,0.9999999999667601,1.5171946557926922e-13,,,,,1.0,,0.0,1.0,0.25,2.847685247612971e-13,2.847685247612971e-13,0.0,2.209570199821118,0.6304403968407868,885,1.546684226025624,0.7150091546879072,1468,412.2432534317572,0.7839395946374439,1176.5,1104.2753931151722,0.5836626694361224,956,0.49117026184683504,0.8233619396015222,0.4091722348267588,4,718.0,,,,,,,,,,,,,6.115114109378345e-19,0.03641360043841644,1.0272790632024983e-26,0.9694117023864095,0.24829517082284394,0.0015554039465327648,0.3186101107081958,1.0,0.0031356541885158413,0.9999999999999541,0.0008499884728391225,0.0007982210227401261,0.0007982210227401261,0.0007982210227337863,,0.0,0.0,0.020163910573049823,1.4108257588933865e-18,,,,,0.4782608695652174,,0.0,1.0,0.7906976744186046,9.54194168962319e-19,9.54194168962319e-19,0.9302325581395349,0.5674759776446953,0.17675400427451057,747,1.6461946949067252,0.79907822208932,1513,541.6437943888955,0.7468954231827591,1130.0,1000.1867256637169,0.6094290200025945,1003,1009.0473684210526,935.5,610.6543869996938,760,0.4758535102197843,0.8532293215616218,0.41093374637766444,5,753.5
db24,1.0,periodization,1.9013390056097754e-26,314.45680316486266,4962192.468211037,0.5339805825242718,100.99882618790005,206,smoothed,9.768713209022198e-14,-2.018961442473715e-10,6.1941321375390075,31688.237398435296,0.9828778492188319,0.0001496656645132026,1.0,362.4000000000001,,,,[],[],11,426.59999999999997,32.20000000000002,728.3999999999997,"[9, 31, 53, 64, 80, 102, 131, 148, 158, 175, 192]","[310.99999999999983, 417.79999999999995, 589.6, 432.19999999999976, 728.3999999999997, 371.0000000000002, 587.0, 32.20000000000002, 448.1999999999999, 368.0000000000002, 407.19999999999965]","[0, 0, 0, 60, 0, 94, 120, 144, 144, 165, 186]","[20, 40, 75, 75, 203, 120, 203, 149, 203, 186, 203]",30736475.839999996,728.3999999999997,-728.3999999999997,0.0,,,,DWT,mdp.39015067403892,0.0,,0.0,33.0,11.0,0.0,33.0,,2.2737367544323206e-13,168.40000000000003,987.7999999999993,168.39999999999998,,0.0,168.40000000000003,,,28.00000000000003,0.0,15.0,2.2737367544323206e-13,2.2737367544323206e-13,,1.1368683772161603e-13,1.6576802529116046e-13,5.0856692114632994e-26,0.9595256586245902,0.08625136934307659,0.062449734314602226,0.14362142418571724,0.026847626163012905,,0.9999996647345563,4.4059199552998455e-09,4.4059199552998455e-09,3.67866784340914e-09,,1.2251610931599486e-12,0.9999999955940747,1.5171946557926922e-13,,,,,,0.0,1.0,0.0,3.4954031196328703e-13,3.4954031196328703e-13,0.8999999009653847,0.3383296774382506,442,0.7182535671431354,0.36463425400291644,748,0,0.2499999727351012,0.3557007787854892,440,0.0,0.18267083037588072,0.3222807841569123,768,183.20389369952449,0.8079623755770183,599.5,557.5571516029327,0.5897778334908153,616,db,0.573477938514061,0.8443824841957417,0.34525069778143475,3,462.75,1.0508154167761103e-13,0.9999999999705127,1.2658256320042197e-26,0.9464940849392985,0.7435466761132338,0.00016359410712314866,0.11785896780786931,0.0002614934985440938,0.9999999997235861,2.0315811923854454e-05,4.745387416349445e-11,4.745387416349445e-11,3.962102868015904e-11,,1.2251610931599486e-12,0.0031261328403482946,1.5171946557926922e-13,,,,,0.0,,0.0,1.0,0.0,2.847685247612971e-13,2.847685247612971e-13,1.0,0.3015691612049123,0.0860445084208503,1364,1.6869997704769428,0.7798749476788346,871,348.6036431249679,0.8172936880896394,1117.5,1063.1266219239374,0.6158009320951342,802,0.49117026184683504,0.8233619396015222,0.4091722348267588,4,602.5,,,,,,,,,,,,,7.055571950921753e-19,0.9999999999715822,1.2658256320042197e-26,0.9611889399752829,0.22985690962245744,0.0012996832758233167,0.08916249492626177,1.0,0.0002614934985440938,0.9999999999999541,9.960751159770467e-05,3.8434858594393884e-14,3.8434858594393884e-14,3.2090649582094954e-14,,0.0,9.572760819061336e-19,0.004567040150618464,1.4108257588933865e-18,,,,,0.13043478260869565,,0.0,1.0,0.7209302325581395,9.54194168962319e-19,9.54194168962319e-19,1.0,0.42658033862811345,0.13286867808967343,1489,1.8280612557956888,0.8873579429402527,601,627.9108216936542,0.7065837281805354,1045.0,856.3531100478468,0.6091329855855948,1004,1009.0473684210526,935.5,610.6543869996938,760,0.4758535102197843,0.8532293215616218,0.41093374637766444,5,754.25
db37,1.0,constant,1.8894505365791553e-26,316.70843719731886,5897858.919276322,0.6079136690647482,173.59303875628603,206,raw,9.141339249748573e-14,-2.0804280520536917e-10,6.408339474497108,66921.93249254537,0.8370561106849694,5.618943883690062e-06,1.0,327.00000000000006,,,,[],[],13,661.1538461538462,86.99999999999997,939.9999999999999,"[8, 32, 51, 63, 81, 100, 111, 133, 152, 162, 175, 192, 204]","[878.0000000000005, 638.0, 787.0, 792.0000000000001, 939.9999999999999, 787.9999999999998, 636.9999999999999, 675.0000000000002, 771.0, 195.9999999999999, 834.0, 572.0, 86.99999999999997]","[0, 13, 42, 42, 76, 99, 107, 107, 107, 161, 164, 187, 203]","[76, 42, 61, 76, 205, 164, 119, 142, 164, 164, 205, 205, 205]",37754613.0,940.9999999999999,-940.9999999999999,0.0,,,,DWT,mdp.39015067403892,0.0,,0.0,33.0,19.0,0.0,28.5,,1.1368683772161603e-13,256.3413461538462,4359.0,256.3413461538462,,0.0,256.3413461538462,,,83.99999999999997,0.0,28.5,1.1368683772161603e-13,1.1368683772161603e-13,,5.684341886080802e-14,9.715456285994797e-14,1.2574125641103932e-26,0.9548031242640471,0.8175445653955293,0.00018219741049198046,0.38078108941418287,0.00074342875296975,0.9999999997234936,0.47422802461156727,6.6959667625959335e-09,6.6959667625959335e-09,6.082000342865356e-09,,2.859275438170267e-12,0.9999999933040264,1.3612963731558036e-13,,,,,,0.0,1.0,1.0,1.4238426238064856e-13,1.4238426238064856e-13,0.842268409879218,0.2753648338168815,168,1.5343550631177265,0.7369559329159562,550,0,0.2895190031160673,0.34592250956982223,167,0.0,0.39425680062010154,0.7161070370753235,572,227.36516150603782,0.7616717384632727,364.25,257.95071042390117,0.6899291606362485,363,db,0.540986235965534,0.9305070477545101,0.3421575204977732,3,273.0,9.715456285994796e-14,0.0001547883299646835,1.2574125641103932e-26,0.9548031242640471,0.8175445653955294,0.0012154885647870243,0.5346081029912912,0.003107370590205601,0.9999999997234935,0.9919828214562011,0.9855281704452468,0.9855281704452468,0.9855281704451347,,6.125805465799743e-13,0.9999999999667601,7.585973278963461e-14,,,,,1.0,,0.0,1.0,0.75,1.4238426238064856e-13,1.4238426238064856e-13,0.0,2.2595701998213302,0.6447065287087514,176,1.5973945273596013,0.7384517741189891,1299,794.0809152724929,0.58381503392427,737.5,309.9986440677966,0.5986423178007094,876,0.49117026184683504,0.8233619396015222,0.4091722348267588,4,658.0,,,,,,,,,,,,,6.523324626524429e-19,0.03641360043841641,1.2574125641103932e-26,0.9672159862114739,0.25273230762426757,0.0015456604597667786,0.40444094460597135,1.0,0.003107370590205601,0.9999999999999541,0.0008499884728391218,0.0007982210227401261,0.0007982210227401261,0.0007982210227337874,,0.0,4.786380409530668e-19,0.020163910573049823,7.054128794466933e-19,,,,,0.4782608695652174,,0.0,1.0,0.9302325581395349,4.770970844811595e-19,4.770970844811595e-19,0.9302325581395349,0.5814294660167882,0.18110015290550946,64,1.6814119819788789,0.8161730209168793,1397,942.5733393216678,0.5595451685412767,730.5,122.39288158795345,0.6090950141771804,1005,1009.0473684210526,935.5,610.6543869996938,760,0.4758535102197843,0.8532293215616218,0.41093374637766444,5,755.0
coif11,1.0,constant,2.4586849069428975e-26,313.3403699900204,4961234.584451475,0.5592592592592592,39.92966153676088,206,smoothed,1.1644622698670382e-13,-2.2184696302218803e-10,6.195328061351548,45430.130260631006,0.991092167628846,0.00014966566451320268,0.9999999999999997,362.4000000000001,,,,[],[],11,426.6,32.19999999999996,728.3999999999997,"[9, 31, 53, 64, 80, 102, 131, 148, 158, 175, 192]","[310.9999999999998, 417.80000000000007, 589.6000000000001, 432.2, 728.3999999999997, 371.0, 587.0000000000001, 32.19999999999996, 448.19999999999993, 368.0, 407.2000000000003]","[1, 1, 1, 60, 1, 94, 120, 144, 144, 165, 186]","[20, 40, 75, 75, 205, 120, 205, 149, 205, 186, 205]",30736475.84000001,728.3999999999997,-728.3999999999997,0.0,,,,DWT,mdp.39015067403892,1.4901161193847656e-08,,0.0,15.0,11.0,0.0,33.0,,2.2737367544323206e-13,168.4000000000001,987.7999999999984,168.40000000000003,,0.0,168.4000000000001,,,27.99999999999997,0.0,33.0,2.2737367544323206e-13,2.2737367544323206e-13,,1.1368683772161603e-13,2.0697912914781892e-13,6.716797532896538e-26,0.9552838680292519,0.08797637470783433,0.06203865383135184,0.31726023454924823,0.14080685524569814,,0.9999996646849938,4.4059791007223055e-09,4.4059791007223055e-09,3.6787269888316428e-09,,1.2251610931599486e-12,0.9999999955939887,1.5171946557926922e-13,,,,,,3.1786782849947497e-13,0.0,1.0,3.4954031196328703e-13,3.4954031196328703e-13,0.8999999009506853,0.33832967743272474,571,0.8314046710051848,0.4220774331721509,411,0,0.24999997273100508,0.3557007787796613,574,0.0,0.22333799805194168,0.3940286743981342,376,104.33599570617994,0.890633128190587,483.0,465.867178073502,0.6921719100072432,344,coif,0.5556920286951962,0.9053407607371553,0.33941335169221604,4,259.0,1.2878398352825969e-13,0.9999999999705134,1.66024049704567e-26,0.9423741937760357,0.7439598077973634,0.000162517235534323,0.2603508771929825,0.0013714462862983107,0.9999999997232855,2.0315811922799742e-05,4.745454029730922e-11,4.745454029730922e-11,3.962169481397382e-11,,1.2251610931599486e-12,0.0031261328403480726,1.5171946557926922e-13,,,,,0.0,,1.4749084227875944e-13,0.0,1.0,2.847685247612971e-13,2.847685247612971e-13,1.0,0.3015691612049862,0.0860445084208714,1346,1.7421746080542895,0.8053814559320375,312,731.1484117468901,0.6167985263381079,829.0,506.57659831121833,0.5911560765862447,911,0.4784248188775415,0.776734912893196,0.43208215291776214,2,683.75,,,,,,,,,,,,,8.647043499777245e-19,0.9999999999715827,1.66024049704567e-26,0.9582005349914359,0.22998462342339532,0.0012994314579351644,0.19696026699138594,0.9999999999999997,0.0013714462862983107,0.9999999999999541,9.960751159770391e-05,3.8435400695480126e-14,3.8435400695480126e-14,3.20911916831812e-14,,0.0,9.572760819061336e-19,0.00456704015061846,1.4108257588933865e-18,,,,,0.13043478260869565,,4.666576700876887e-21,0.7209302325581395,1.0,9.54194168962319e-19,9.54194168962319e-19,1.0,0.42658033862811345,0.13286867808967343,1407,1.8698950337380569,0.9076644480000088,112,915.703281636579,0.5721012702632808,759.5,207.48387096774195,0.6085973641036031,1006,986.6382352941176,846.0,585.0035688138154,340,0.4652856568234462,0.8173890317607586,0.42908333069536003,4,755.5
db34,1.0,periodization,3.1135788182128563e-26,314.5391938277697,5929481.127384296,0.587378640776699,290.7681293111198,206,raw,1.2689389739895246e-13,-2.117137576362923e-10,6.367270961642288,63117.308605900645,0.7634314902334822,5.618943883690066e-06,0.9999999999999998,326.9999999999999,,,,[],[],13,661.1538461538462,87.00000000000001,940.0000000000002,"[8, 32, 51, 63, 81, 100, 111, 133, 152, 162, 175, 192, 204]","[878.0000000000001, 637.9999999999995, 786.9999999999997, 792.0000000000001, 940.0000000000002, 788.0, 636.9999999999999, 675.0, 770.9999999999999, 195.99999999999983, 834.0000000000005, 571.9999999999995, 87.00000000000001]","[0, 13, 39, 39, 76, 99, 107, 107, 107, 161, 99, 187, 203]","[76, 39, 61, 76, 205, 164, 119, 142, 164, 164, 205, 205, 205]",37754613.0,941.0000000000002,-941.0000000000002,0.0,,,,DWT,mdp.39015067403892,0.0,,0.0,33.0,19.0,0.0,28.5,,2.2737367544323206e-13,256.3413461538462,4359.0,256.341346153846,,0.0,256.3413461538462,,,84.00000000000001,0.0,19.5,2.2737367544323206e-13,2.2737367544323206e-13,,1.1368683772161603e-13,1.419847963493254e-13,2.123686793164791e-26,0.9467981251377582,0.8033574543918856,0.00021778449158747938,0.22676837725381377,0.00043539500072065546,0.9999999997234383,0.4742280246116168,6.6959667625959335e-09,6.6959667625959335e-09,6.0818682881427056e-09,,5.718550876340534e-12,0.9999999933040264,2.7225927463116073e-13,,,,,,0.0,1.0,0.0,2.847685247612971e-13,2.847685247612971e-13,0.742268409880748,0.2426715936831151,735,1.460748003315623,0.7016022128223577,690,0,0.2061856697830004,0.24635434483061022,734,0.0,0.37219714199991827,0.6760390490316263,734,22.171678631383177,0.9767592467176277,723.25,722.7241354204587,0.6093177784950822,503,db,0.540986235965534,0.9305070477545101,0.3421575204977732,3,378.0,1.4198479634932537e-13,0.0001547883299646835,2.123686793164791e-26,0.9467981251377582,0.8033574543918856,0.0012510388673654695,0.41885539090444546,0.002800065553578875,0.9999999997234382,0.9919828214562019,0.9855281704452468,0.9855281704452468,0.9855281704451329,,1.2251610931599486e-12,0.9999999999667601,1.5171946557926922e-13,,,,,1.0,,0.0,1.0,0.25,2.847685247612971e-13,2.847685247612971e-13,0.0,2.2095701998217305,0.6304403968409615,737,1.5390917406838973,0.7114992614370282,1488,531.0371926710972,0.7216786201933453,1112.5,985.758202247191,0.5693036706836747,1039,0.49117026184683504,0.8233619396015222,0.4091722348267588,4,780.25,,,,,,,,,,,,,9.533395975985003e-19,0.03641360043841643,2.123686793164791e-26,0.9614094786274854,0.24834656346518574,0.0015539736163319388,0.3168718711946962,0.9999999999999998,0.002800065553578875,0.9999999999999541,0.0008499884728391223,0.0007982210227401261,0.0007982210227401261,0.0007982210227337859,,0.0,9.572760819061336e-19,0.020163910573049823,1.4108257588933865e-18,,,,,0.4782608695652174,,0.0,1.0,0.7906976744186046,9.54194168962319e-19,9.54194168962319e-19,0.9302325581395349,0.5674759776446953,0.17675400427451057,846,1.6405888105480666,0.7963570736611209,1533,485.78235867515815,0.7729988978153467,1189.5,1090.3051702395965,0.6085788881600098,1007,1009.0473684210526,935.5,610.6543869996938,760,0.4758535102197843,0.8532293215616218,0.41093374637766444,5,756.5
db7,1.0,constant,3.4027476852489646e-27,321.92910127020843,4962190.135530256,0.5504587155963303,74.38143155325453,206,smoothed,3.813993349838499e-14,-1.9874626389082586e-10,6.1941350493446015,36056.72401986365,0.9857152164949768,0.0001496656645132028,0.9999999999999999,362.4,,,,[],[],11,426.59999999999997,32.20000000000002,728.3999999999997,"[9, 31, 53, 64, 80, 102, 131, 148, 158, 175, 192]","[310.99999999999994, 417.8000000000002, 589.6, 432.2, 728.3999999999997, 371.0000000000001, 586.9999999999999, 32.20000000000002, 448.1999999999999, 367.9999999999999, 407.20000000000005]","[1, 1, 1, 60, 1, 94, 120, 144, 144, 165, 186]","[20, 40, 75, 75, 204, 120, 204, 149, 204, 186, 204]",30736475.83999999,728.3999999999997,-728.3999999999997,0.0,,,,DWT,mdp.39015067403892,7.450580596923828e-09,,0.0,15.0,11.0,0.0,33.0,,2.2737367544323206e-13,168.40000000000003,987.7999999999993,168.4,,0.0,168.40000000000003,,,28.00000000000003,0.0,33.0,2.2737367544323206e-13,2.2737367544323206e-13,,0.0,3.4951170902226436e-14,5.170591569258852e-27,0.9879160043640904,0.08625556934329237,0.062448733233277584,0.2568094463927513,0.06307475823486455,,0.9999996647345563,4.4059199552998455e-09,4.4059199552998455e-09,3.6786974161203912e-09,,0.0,0.9999999955940747,1.5171946557926922e-13,,,,,,1.5893391424973748e-13,0.0,1.0,3.4954031196328703e-13,3.4954031196328703e-13,0.8999999009648605,0.3383296774380535,487,0.7950554357577959,0.4036240945681717,523,0,0.24999997273501479,0.3557007787853663,475,0.0,0.20807207308118736,0.3670954510677776,508,21.406774628607646,0.977561032884059,498.25,497.5618799685154,0.7276431998801847,270,db,0.573477938514061,0.8443824841957417,0.34525069778143475,3,203.25,2.984262318070926e-14,0.999999999970514,1.6111321029599402e-27,0.9740685565934838,0.7435476819959969,0.0001635914846779571,0.21074360212457785,0.0006143425530626754,0.9999999997236336,2.0315811923854454e-05,4.745387416349445e-11,4.745387416349445e-11,3.962136174706643e-11,,0.0,0.0031261328403482946,1.5171946557926922e-13,,,,,0.0,,7.374542113937972e-14,0.0,1.0,2.847685247612971e-13,2.847685247612971e-13,1.0,0.3015691612043367,0.08604450842068607,1505,1.7408399484481003,0.804764462611255,331,830.1433611130068,0.5649143809680257,918.0,542.6525054466231,0.5418911527481638,1250,0.49117026184683504,0.8233619396015222,0.4091722348267588,4,938.5,,,,,,,,,,,,,2.0037465352547392e-19,0.9999999999715835,1.6111321029599402e-27,0.9811903636180023,0.22985722057684776,0.0012996826625852882,0.15943144339942358,0.9999999999999999,0.0006143425530626759,0.9999999999999541,9.960751159770467e-05,3.8434858594393884e-14,3.8434858594393884e-14,3.209086642252945e-14,,0.0,0.0,0.004567040150618464,1.4108257588933865e-18,,,,,0.13043478260869565,,2.3332883504384434e-21,0.7209302325581395,1.0,9.54194168962319e-19,9.54194168962319e-19,1.0,0.42658033862811345,0.13286867808967343,1409,1.868310984162969,0.906895535597315,123,909.3393206059001,0.5750750838290186,766.0,226.2493472584856,0.6085655792976868,1008,1009.0473684210526,935.5,610.6543869996938,760,0.4758535102197843,0.8532293215616218,0.41093374637766444,5,757.25
db24,1.0,smooth,1.1711781305723181e-26,316.56116920043434,4963906.571396928,0.5595238095238095,48.546398802260725,206,smoothed,7.512437274201446e-14,-2.023933687311802e-10,6.191993221046912,43439.78223230033,0.9899289035893172,0.00014966566451320263,1.0,362.4,,,,[],[],11,426.59999999999985,32.20000000000002,728.4,"[9, 31, 53, 64, 80, 102, 131, 148, 158, 175, 192]","[310.99999999999994, 417.80000000000007, 589.5999999999998, 432.1999999999995, 728.4, 371.0000000000002, 586.9999999999999, 32.20000000000002, 448.2, 368.0, 407.20000000000005]","[0, 0, 0, 60, 0, 94, 120, 144, 144, 165, 186]","[20, 40, 75, 75, 203, 120, 203, 149, 203, 186, 203]",30736475.839999992,728.4,-728.4,0.0,,,,DWT,mdp.39015067403892,3.725290298461914e-09,,0.0,33.0,11.0,0.0,33.0,,0.0,168.39999999999992,987.8000000000002,168.39999999999998,,0.0,168.39999999999992,,,28.00000000000003,0.0,15.0,0.0,0.0,,0.0,1.162008034223614e-13,2.9487806479566156e-26,0.9675210140654551,0.0831661875071237,0.06318535004977181,0.31907742591964505,0.12430123049739361,,0.9999996647345563,4.405801664454926e-09,4.405801664454926e-09,3.67866784340914e-09,,0.0,0.9999999955941608,0.0,,,,,,7.946695712486874e-14,1.0,0.0,0.0,0.0,0.8999999009645684,0.3383296774379437,511,0.8310398397845712,0.42189222008578287,412,0,0.2499999727349223,0.3557007787852347,513,0.0,0.22246445829135797,0.3924875138392543,388,65.40642170307133,0.9314398095355646,456.0,448.8950415233842,0.7267261940759584,274,db,0.573477938514061,0.8443824841957417,0.34525069778143475,3,206.25,7.657310380295829e-14,0.9999999999705129,7.491154484402818e-27,0.9542596720157012,0.7428077877632185,0.00016552113532753722,0.2618421052631581,0.0012106829646219871,0.9999999997235787,2.0315811923854454e-05,4.74525418958649e-11,4.74525418958649e-11,3.962102868015904e-11,,0.0,0.003126132840348572,0.0,,,,,0.0,,3.687271056968986e-14,1.0,0.0,0.0,0.0,1.0,0.30156916120412774,0.08604450842062646,1608,1.7492635728304142,0.8086585791010076,246,963.0794359760778,0.4952413857567727,927.0,426.7184466019417,0.5046961645764996,1512,0.49117026184683504,0.8233619396015222,0.4091722348267588,4,1135.0,,,,,,,,,,,,,5.141407660773626e-19,0.9999999999715824,7.491154484402818e-27,0.9668217875923644,0.2296284927682818,0.0013001338960995635,0.1980884086823745,1.0,0.0012106829646219871,0.9999999999999541,9.960751159770467e-05,3.8433882812438647e-14,3.8433882812438647e-14,3.2090649582094954e-14,,0.0,0.0,0.004567040150618468,0.0,,,,,0.13043478260869565,,1.1666441752192217e-21,1.0,0.7209302325581395,0.0,0.0,1.0,0.42658033862811345,0.13286867808967343,1405,1.8752770225378645,0.9102769154406832,98,924.1885630108176,0.5681361855089637,751.5,183.2202262142382,0.6084839806049491,1009,1009.0473684210526,935.5,610.6543869996938,760,0.4758535102197843,0.8532293215616218,0.41093374637766444,5,758.0
sym16,1.0,reflect,1.725517749189447e-19,247.10259815921654,6713904.655690731,0.652542372881356,326.91735964727576,206,raw,3.2496670295369886e-10,-1.0904943708724543e-10,6.54155527537751,61004.89498416936,0.746871123692521,5.618943883708677e-06,1.0,327.00000000055877,,,,[],[],13,661.1538461528223,87.00000000005105,939.9999999985068,"[8, 32, 51, 63, 81, 100, 111, 133, 152, 162, 175, 192, 204]","[877.9999999991214, 637.9999999985912, 786.9999999985333, 791.9999999987457, 939.9999999985068, 787.9999999988316, 636.9999999988871, 674.9999999993935, 770.9999999988867, 195.9999999993277, 833.9999999985183, 571.9999999992956, 87.00000000005105]","[0, 13, 39, 39, 76, 99, 107, 107, 107, 161, 99, 187, 203]","[76, 39, 61, 76, 205, 164, 119, 142, 164, 164, 205, 205, 205]",37754612.999965504,940.9999999991174,-940.9999999991174,0.0,,,,DWT,mdp.39015067403892,3.4496188163757324e-05,,0.0,33.0,19.0,0.0,28.5,,8.825509212329052e-10,256.3413461528223,4359.00000001331,256.3413461529156,,0.0,256.3413461528223,,,84.00000000005105,0.0,19.5,1.493162926635705e-09,8.825509212329052e-10,,5.587708074017428e-10,4.105827191399212e-10,1.2210906083707733e-19,0.6979418202230834,0.8635639418752831,0.001100561039630618,0.7154963680387412,0.0002643676630413373,0.9999999997249857,0.47422802467089825,5.9031102082902104e-09,5.9031102082902104e-09,5.361377721362506e-09,,2.8106677557213727e-08,0.9999999940968424,1.7879266565028326e-09,,,,,,3.414412998753281e-10,1.0,0.0,1.105329028860975e-09,1.105329028860975e-09,0.7422684251601246,0.24267159867843838,593,1.5374016378851891,0.7384192130940079,539,0,0.2061856723651702,0.2463543479158331,602,0.0,0.40979588237191855,0.7443313968699116,407,89.91245742387426,0.9057521410651214,535.25,522.2095570910956,0.6723467204277389,382,sym,0.8243425715244881,0.7368036147090654,0.2019191155201387,6,288.0,4.105827191399212e-10,0.00015478833009385795,1.2210906083707733e-19,0.6979418202230834,0.8635639418752832,0.002132903083985873,0.7861730597680645,0.0026294428153692873,0.9999999997249855,0.9919828214571058,0.9855281704337726,0.9855281704337726,0.9855281704347061,,6.021666772881147e-09,0.9999999999706959,9.96341730459061e-10,,,,,1.0,,3.414412998753281e-10,1.0,0.25,1.105329028860975e-09,1.105329028860975e-09,0.0,2.209570203935012,0.6304403980145737,607,1.5671809521590552,0.7244844868726755,1414,570.6351724175438,0.7009249620453124,1010.5,849.3795150915388,0.585656401358086,948,0.7763846615972358,0.5622554397616224,0.28785410495344815,6,712.5,,,,,,,,,,,,,2.756807590037511e-15,0.03641360043854093,1.2210906083707733e-19,0.7808990252203154,0.2669585451964435,0.001760190575689765,0.5947544998612606,1.0,0.0026294428153692873,0.9999999999999544,0.0008499884728398061,0.0007982210227308327,0.0007982210227308327,0.0007982210227253407,,0.0,4.705011942568647e-15,0.0201639105731114,9.26489275865287e-15,,,,,0.4782608695652174,,1.0803125062529993e-17,1.0,0.7906976744186046,3.703704666827241e-15,3.703704666827241e-15,0.9302325581395349,0.5674759776447266,0.17675400427452032,621,1.6527764402204528,0.8022730625051046,1495,618.0113267570425,0.7112096603939053,1058.0,877.5,0.6084085685147097,1010,1409.1368421052632,1454.5,398.32527672708756,380,0.6645304607900322,0.5565550872278735,0.3678621512786154,7,759.25
bior3.7,1.0,antisymmetric,3.0990285778951348e-27,324.55953665721734,6977108.3921286445,0.5863636363636363,220.3841958826978,206,raw,3.277637061437064e-14,-2.1060420074548182e-10,6.0995599840355395,99045.17613260093,0.912499387824026,5.618943883690066e-06,1.0,327.00000000000006,,,,[],[],13,661.1538461538462,87.0,939.9999999999999,"[8, 32, 51, 63, 81, 100, 111, 133, 152, 162, 175, 192, 204]","[878.0, 638.0, 787.0, 791.9999999999999, 939.9999999999999, 788.0, 637.0, 675.0, 771.0, 196.0, 834.0000000000001, 572.0, 87.0]","[0, 13, 39, 39, 76, 99, 107, 107, 107, 161, 99, 187, 203]","[76, 39, 61, 76, 205, 164, 119, 142, 164, 164, 205, 205, 205]",37754613.0,940.9999999999999,-940.9999999999999,0.0,,,,DWT,mdp.39015067403892,0.0,,0.0,33.0,19.0,0.0,28.5,,1.1368683772161603e-13,256.3413461538462,4359.0,256.34134615384613,,0.0,256.3413461538462,,,84.0,0.0,19.5,1.1368683772161603e-13,1.1368683772161603e-13,,5.684341886080802e-14,2.30656684250462e-14,1.396200351509107e-27,0.9837754586729595,0.7108767412570494,0.0013967659308663002,0.21915584415584366,0.003344222830826565,0.999999999723455,0.4742280246116003,6.6959667625959335e-09,6.6959667625959335e-09,6.0819563246244724e-09,,2.859275438170267e-12,0.9999999933040264,1.3612963731558036e-13,,,,,,0.0,1.0,0.0,1.4238426238064856e-13,1.4238426238064856e-13,0.7422684098792147,0.24267159368261382,824,1.4354020554817906,0.6894284682435985,740,0,0.206185669782733,0.24635434483029073,822,0.0,0.3648186290713779,0.6626371114544723,776,40.311288741492746,0.9577449803548294,790.5,788.9315444140324,0.5645643140767858,654,bior,0.672619891330026,0.76736776154697,0.2989557476048908,5,491.75,2.306566842504619e-14,0.0001547883299646835,1.396200351509107e-27,0.9837754586729595,0.7108767412570494,0.0024288018535530073,0.41313397129186585,0.005702011968037629,0.9999999997234549,0.9919828214562016,0.9855281704452468,0.9855281704452468,0.9855281704451341,,6.125805465799743e-13,0.9999999999667601,7.585973278963461e-14,,,,,1.0,,0.0,1.0,0.25,1.4238426238064856e-13,1.4238426238064856e-13,0.0,2.20957019982133,0.6304403968408472,837,1.5144988764514167,0.7001303454227976,1544,499.9244942988891,0.7379850658810854,1190.5,1085.5338093238136,0.5570166419552177,1126,0.5943810304597339,0.7715092316736338,0.3524805091760961,5,845.75,,,,,,,,,,,,,1.5487161738481765e-19,0.03641360043841643,1.396200351509107e-27,0.9882313638295337,0.21975746260069984,0.0018293841583160142,0.31254351114992424,1.0,0.005702011968037629,0.9999999999999541,0.0008499884728391221,0.0007982210227401261,0.0007982210227401261,0.0007982210227337869,,0.0,4.786380409530668e-19,0.020163910573049823,7.054128794466933e-19,,,,,0.4782608695652174,,0.0,1.0,0.7906976744186046,4.770970844811595e-19,4.770970844811595e-19,0.9302325581395349,0.5674759776446953,0.17675400427451057,812,1.6419545310559196,0.7970200071031145,1528,506.288455329568,0.7634166096590804,1170.0,1060.4581196581196,0.6083438188482317,1011,1104.4,1082.5,563.6960149978129,300,0.520820561188399,0.7876173146100969,0.3991404127850916,6,759.75
bior3.9,1.0,reflect,3.5438389046274254e-27,323.97705275293436,7181677.860289031,0.5982142857142857,224.21491387519978,206,raw,3.547539823928462e-14,-2.0866819383514052e-10,6.156600612433778,77289.88469004336,0.8721311386758089,5.618943883690066e-06,1.0,327.0,,,,[],[],13,661.1538461538462,86.99999999999999,939.9999999999999,"[8, 32, 51, 63, 81, 100, 111, 133, 152, 162, 175, 192, 204]","[877.9999999999999, 638.0, 786.9999999999998, 792.0, 939.9999999999999, 788.0, 637.0, 675.0, 771.0, 196.0, 834.0, 572.0, 86.99999999999999]","[0, 13, 39, 39, 76, 99, 107, 107, 107, 161, 164, 187, 203]","[76, 39, 61, 76, 205, 164, 119, 142, 164, 164, 205, 205, 205]",37754613.0,940.9999999999999,-940.9999999999999,0.0,,,,DWT,mdp.39015067403892,0.0,,0.0,33.0,19.0,0.0,28.5,,1.1368683772161603e-13,256.3413461538462,4359.0,256.34134615384613,,0.0,256.3413461538462,,,83.99999999999999,0.0,24.0,1.1368683772161603e-13,1.1368683772161603e-13,,0.0,2.6475936654182133e-14,1.710977592298936e-27,0.9816259611982563,0.7305814169453104,0.0016269848399389757,0.3080357142857141,0.0015828492354372137,0.9999999997234842,0.4742280246115838,6.6959667625959335e-09,6.6959667625959335e-09,6.0819563246244724e-09,,0.0,0.9999999933040264,1.3612963731558036e-13,,,,,,0.0,1.0,0.5,1.4238426238064856e-13,1.4238426238064856e-13,0.7922684098777802,0.25901821374927814,529,1.4789272029094407,0.7103337439512117,662,0,0.24785233644916005,0.29613842719976957,529,0.0,0.37793161577852097,0.6864548415311404,698,88.41002959694863,0.9073270130011021,604.5,594.8877921041232,0.6368396071294818,446,bior,0.672619891330026,0.76736776154697,0.2989557476048908,5,335.75,2.647593665418212e-14,0.0001547883299646835,1.7109775922989353e-27,0.9816259611982563,0.7305814169453105,0.0026587828361137925,0.4799342105263158,0.003944805255161691,0.9999999997234841,0.9919828214562014,0.9855281704452468,0.9855281704452468,0.9855281704451341,,0.0,0.9999999999667601,7.585973278963461e-14,,,,,1.0,,0.0,1.0,0.5,1.4238426238064856e-13,1.4238426238064856e-13,0.0,2.2345701998210235,0.6375734627747118,528,1.549193719310648,0.716169256176128,1459,658.3164132846757,0.6549704332889541,993.5,775.3920483140412,0.5671340636046447,1047,0.5943810304597339,0.7715092316736338,0.3524805091760961,5,786.5,,,,,,,,,,,,,1.7776944746845987e-19,0.03641360043841643,1.7109775922989353e-27,0.9866722039605913,0.2258488836295617,0.0018831633887689317,0.36307913098942735,1.0,0.003944805255161691,0.9999999999999541,0.0008499884728391219,0.0007982210227401261,0.0007982210227401261,0.0007982210227337869,,0.0,0.0,0.020163910573049823,7.054128794466933e-19,,,,,0.4782608695652174,,0.0,1.0,0.8604651162790697,4.770970844811595e-19,4.770970844811595e-19,0.9302325581395349,0.5744527218307418,0.17892707859001003,380,1.6636030005148625,0.8075283756088137,1454,759.432682994352,0.6451249144886205,917.0,602.5299890948745,0.6083101207957122,1012,1104.4,1082.5,563.6960149978129,300,0.520820561188399,0.7876173146100969,0.3991404127850916,6,760.5
db32,1.0,zero,1.6714404964287616e-26,315.0164895400077,4963729.589438471,0.5746268656716418,42.159117099395566,206,smoothed,8.707813326928923e-14,-2.0256245569783042e-10,6.192213996789681,45254.83883270215,0.9909007893087963,0.00014966566451320276,0.9999999999999997,362.4,,,,[],[],11,426.59999999999985,32.19999999999993,728.3999999999999,"[9, 31, 53, 64, 80, 102, 131, 148, 158, 175, 192]","[310.9999999999997, 417.79999999999984, 589.5999999999999, 432.2000000000003, 728.3999999999999, 371.00000000000006, 586.9999999999995, 32.19999999999993, 448.1999999999999, 368.0000000000002, 407.20000000000005]","[0, 0, 0, 60, 0, 94, 120, 144, 144, 165, 186]","[20, 40, 75, 75, 203, 120, 203, 149, 203, 186, 203]",30736475.84,728.3999999999999,-728.3999999999999,0.0,,,,DWT,mdp.39015067403892,3.725290298461914e-09,,0.0,33.0,11.0,0.0,33.0,,1.1368683772161603e-13,168.39999999999992,987.8000000000002,168.39999999999992,,0.0,168.39999999999992,,,27.999999999999943,0.0,15.0,1.1368683772161603e-13,1.1368683772161603e-13,,0.0,1.4246154090919686e-13,4.412848314272742e-26,0.961652138252683,0.08348463533522978,0.06310939737985445,0.4228200675878112,0.13935319262498816,,0.9999996646602125,4.405801664454926e-09,4.405801664454926e-09,3.678608697986637e-09,,0.0,0.9999999955941608,7.585973278963461e-14,,,,,,7.946695712486874e-14,1.0,0.0,1.7477015598164352e-13,1.7477015598164352e-13,0.8999999009423554,0.33832967742959336,608,0.8751576033943145,0.4442893908873167,292,0,0.24999997272875754,0.3557007787764635,606,0.0,0.2386313473115299,0.42101028159630466,269,188.7403419162598,0.8021589707376732,443.75,383.25073518009543,0.6685061101067821,397,db,0.573477938514061,0.8443824841957417,0.34525069778143475,3,298.5,9.167688761330869e-14,0.999999999970514,1.1031342239307547e-26,0.9485594543703748,0.7428840547072065,0.00016532216876098357,0.34697564807541253,0.0013572877412528679,0.9999999997235761,2.0315811922300142e-05,4.74525418958649e-11,4.74525418958649e-11,3.962036254634427e-11,,0.0,0.003126132840348572,7.585973278963461e-14,,,,,0.0,,3.687271056968986e-14,1.0,0.0,1.4238426238064856e-13,1.4238426238064856e-13,1.0,0.30156916120422195,0.08604450842065334,1580,1.779993535267487,0.8228645845001721,66,1070.559666716433,0.43891002792639777,823.0,126.70716889428918,0.5037841544244148,1522,0.49117026184683504,0.8233619396015222,0.4091722348267588,4,1142.5,,,,,,,,,,,,,6.155532803056341e-19,0.9999999999715833,1.1031342239307547e-26,0.9626870767116004,0.22965206961236515,0.0013000873693445425,0.2624935126828314,0.9999999999999997,0.001357287741252868,0.9999999999999541,9.960751159770347e-05,3.8433882812438647e-14,3.8433882812438647e-14,3.209010748100871e-14,,0.0,0.0,0.004567040150618468,7.054128794466933e-19,,,,,0.13043478260869565,,1.1666441752192217e-21,1.0,0.7209302325581395,4.770970844811595e-19,4.770970844811595e-19,1.0,0.42658033862811345,0.13286867808967343,1396,1.8986286446789051,0.9216120101054256,33,963.7865427572643,0.549632456655484,714.5,64.47585724282715,0.6078769759912934,1013,1009.0473684210526,935.5,610.6543869996938,760,0.4758535102197843,0.8532293215616218,0.41093374637766444,5,761.0
bior3.7,1.0,periodic,2.997564216027485e-27,324.70410751207845,6976416.069489061,0.5863636363636363,220.3841958826978,206,raw,3.2224492761353085e-14,-2.108409002943319e-10,6.098547241278416,76485.66422819383,0.8871538431719956,5.618943883690066e-06,1.0,327.00000000000006,,,,[],[],13,661.1538461538462,86.99999999999997,939.9999999999999,"[8, 32, 51, 63, 81, 100, 111, 133, 152, 162, 175, 192, 204]","[878.0, 638.0, 787.0, 791.9999999999999, 939.9999999999999, 788.0, 637.0, 675.0, 771.0, 196.0, 834.0000000000001, 572.0, 86.99999999999997]","[0, 13, 39, 39, 76, 99, 107, 107, 107, 161, 99, 187, 203]","[76, 39, 61, 76, 205, 164, 119, 142, 164, 164, 205, 205, 205]",37754613.0,940.9999999999999,-940.9999999999999,0.0,,,,DWT,mdp.39015067403892,0.0,,0.0,33.0,19.0,0.0,28.5,,1.1368683772161603e-13,256.3413461538462,4359.0,256.34134615384613,,0.0,256.3413461538462,,,83.99999999999997,0.0,19.5,1.1368683772161603e-13,1.1368683772161603e-13,,5.684341886080802e-14,2.2368361183305938e-14,1.3243974504797398e-27,0.984308957856636,0.7105268894383521,0.0013959868030509691,0.21915584415584366,0.0015177371366122546,0.9999999997234514,0.47422802461156727,6.6959667625959335e-09,6.6959667625959335e-09,6.0819563246244724e-09,,2.859275438170267e-12,0.9999999933040264,1.3612963731558036e-13,,,,,,0.0,1.0,0.0,1.4238426238064856e-13,1.4238426238064856e-13,0.7422684098792048,0.2426715936826106,834,1.4348162452410527,0.6891471016011229,743,0,0.20618566978273023,0.24635434483028743,832,0.0,0.3646131768892461,0.6622639390623268,777,44.38092683424566,0.9534791123330758,796.5,794.6188172925227,0.5592867259778587,678,bior,0.672619891330026,0.76736776154697,0.2989557476048908,5,509.75,2.2368361183305938e-14,0.0001547883299646835,1.3243974504797398e-27,0.984308957856636,0.7105268894383522,0.0024280235309502634,0.41313397129186585,0.0038798471920658446,0.9999999997234513,0.9919828214562011,0.9855281704452468,0.9855281704452468,0.9855281704451341,,6.125805465799743e-13,0.9999999999667601,7.585973278963461e-14,,,,,1.0,,0.0,1.0,0.25,1.4238426238064856e-13,1.4238426238064856e-13,0.0,2.20957019982133,0.6304403968408472,832,1.5139147949805822,0.6998603332304555,1547,505.58134854838147,0.7350202575742235,1189.5,1082.0546448087432,0.5557962923091244,1140,0.5943810304597339,0.7715092316736338,0.3524805091760961,5,856.25,,,,,,,,,,,,,1.5018963295876946e-19,0.03641360043841643,1.3243974504797398e-27,0.9886183428918918,0.21964931087269818,0.0018292021537426205,0.31254351114992424,1.0,0.0038798471920658446,0.9999999999999541,0.0008499884728391218,0.0007982210227401261,0.0007982210227401261,0.0007982210227337869,,0.0,4.786380409530668e-19,0.020163910573049823,7.054128794466933e-19,,,,,0.4782608695652174,,0.0,1.0,0.7906976744186046,4.770970844811595e-19,4.770970844811595e-19,0.9302325581395349,0.5674759776446953,0.17675400427451057,809,1.6414036857166583,0.796752621650042,1530,509.8239892355008,0.7617644910114483,1169.5,1058.3753740914922,0.6076345819543223,1014,1104.4,1082.5,563.6960149978129,300,0.520820561188399,0.7876173146100969,0.3991404127850916,6,762.0
bior3.7,1.0,symmetric,3.0051005182676544e-27,324.69320243461226,6975958.597785861,0.5863636363636363,220.3841958826978,206,raw,3.224173894425989e-14,-2.107775065596258e-10,6.0985228383264785,76470.22544119593,0.8871708232301373,5.618943883690066e-06,1.0,327.00000000000006,,,,[],[],13,661.1538461538462,87.0,939.9999999999999,"[8, 32, 51, 63, 81, 100, 111, 133, 152, 162, 175, 192, 204]","[878.0, 638.0, 787.0, 791.9999999999999, 939.9999999999999, 788.0, 637.0, 675.0, 771.0, 196.0, 834.0000000000001, 572.0, 87.0]","[0, 13, 39, 39, 76, 99, 107, 107, 107, 161, 99, 187, 203]","[76, 39, 61, 76, 205, 164, 119, 142, 164, 164, 205, 205, 205]",37754613.0,940.9999999999999,-940.9999999999999,0.0,,,,DWT,mdp.39015067403892,0.0,,0.0,33.0,19.0,0.0,28.5,,1.1368683772161603e-13,256.3413461538462,4359.0,256.34134615384613,,0.0,256.3413461538462,,,84.0,0.0,19.5,1.1368683772161603e-13,1.1368683772161603e-13,,5.684341886080802e-14,2.2390152034610336e-14,1.32973063696924e-27,0.984268715651997,0.7105184594426234,0.0013954719723805404,0.21915584415584366,0.0015164871661471502,0.9999999997234524,0.4742280246116003,6.6959667625959335e-09,6.6959667625959335e-09,6.0819563246244724e-09,,2.859275438170267e-12,0.9999999933040264,1.3612963731558036e-13,,,,,,0.0,1.0,0.0,1.4238426238064856e-13,1.4238426238064856e-13,0.7422684098792147,0.24267159368261382,821,1.4347871275168842,0.6891331162595975,744,0,0.206185669782733,0.24635434483029073,818,0.0,0.3646068722640583,0.6622524876771991,778,36.53651141894457,0.9617017700011063,790.25,788.9618323501992,0.566673736153593,642,bior,0.672619891330026,0.76736776154697,0.2989557476048908,5,482.75,2.2390152034610323e-14,0.0001547883299646835,1.3297306369692394e-27,0.984268715651997,0.7105184594426234,0.0024275092323467543,0.41313397129186585,0.0038786001786565785,0.9999999997234523,0.9919828214562016,0.9855281704452468,0.9855281704452468,0.9855281704451341,,6.125805465799743e-13,0.9999999999667601,7.585973278963461e-14,,,,,1.0,,0.0,1.0,0.25,1.4238426238064856e-13,1.4238426238064856e-13,0.0,2.20957019982133,0.6304403968408472,838,1.5138856787052695,0.6998468732086561,1548,502.04581464244876,0.7368732627660122,1193.0,1087.3629505448448,0.5558056041293373,1139,0.5943810304597339,0.7715092316736338,0.3524805091760961,5,855.5,,,,,,,,,,,,,1.5033594497208343e-19,0.03641360043841643,1.3297306369692394e-27,0.9885891527992078,0.21964670485907645,0.0018290818890893791,0.31254351114992424,1.0,0.003878600178656578,0.9999999999999541,0.0008499884728391221,0.0007982210227401261,0.0007982210227401261,0.0007982210227337869,,0.0,4.786380409530668e-19,0.020163910573049823,7.054128794466933e-19,,,,,0.4782608695652174,,0.0,1.0,0.7906976744186046,4.770970844811595e-19,4.770970844811595e-19,0.9302325581395349,0.5674759776446953,0.17675400427451057,810,1.6413843097165466,0.7967432163593019,1531,509.8239892355008,0.7617644910114483,1170.5,1059.4703118325501,0.6074009370945093,1015,1104.4,1082.5,563.6960149978129,300,0.520820561188399,0.7876173146100969,0.3991404127850916,6,762.75
db32,1.0,constant,1.6714404964287616e-26,315.0164895400077,4963729.589438471,0.5746268656716418,42.159117099395566,206,smoothed,8.707813326928923e-14,-2.0256245569783042e-10,6.192213996789681,45254.83883270215,0.9909007893087963,0.00014966566451320276,0.9999999999999997,362.4,,,,[],[],11,426.59999999999985,32.19999999999993,728.3999999999999,"[9, 31, 53, 64, 80, 102, 131, 148, 158, 175, 192]","[310.9999999999997, 417.79999999999984, 589.5999999999999, 432.2000000000003, 728.3999999999999, 371.00000000000006, 586.9999999999995, 32.19999999999993, 448.1999999999999, 368.0000000000002, 407.20000000000005]","[0, 0, 0, 60, 0, 94, 120, 144, 144, 165, 186]","[20, 40, 75, 75, 203, 120, 203, 149, 203, 186, 203]",30736475.84,728.3999999999999,-728.3999999999999,0.0,,,,DWT,mdp.39015067403892,3.725290298461914e-09,,0.0,33.0,11.0,0.0,33.0,,1.1368683772161603e-13,168.39999999999992,987.8000000000002,168.39999999999992,,0.0,168.39999999999992,,,27.999999999999943,0.0,15.0,1.1368683772161603e-13,1.1368683772161603e-13,,0.0,1.4246154090919686e-13,4.412848314272742e-26,0.961652138252683,0.08348463533522978,0.06310939737985445,0.4228200675878112,0.13935319262498816,,0.9999996646602125,4.405801664454926e-09,4.405801664454926e-09,3.678608697986637e-09,,0.0,0.9999999955941608,7.585973278963461e-14,,,,,,7.946695712486874e-14,1.0,0.0,1.7477015598164352e-13,1.7477015598164352e-13,0.8999999009423554,0.33832967742959336,607,0.8751576033943145,0.4442893908873167,291,0,0.24999997272875754,0.3557007787764635,608,0.0,0.2386313473115299,0.42101028159630466,271,188.68205178730346,0.8022200715017783,444.25,383.92703602549216,0.6682746059814971,398,db,0.573477938514061,0.8443824841957417,0.34525069778143475,3,299.25,9.167688761330869e-14,0.999999999970514,1.1031342239307547e-26,0.9485594543703748,0.7428840547072065,0.00016532216876098357,0.34697564807541253,0.0013572877412528679,0.9999999997235761,2.0315811922300142e-05,4.74525418958649e-11,4.74525418958649e-11,3.962036254634427e-11,,0.0,0.003126132840348572,7.585973278963461e-14,,,,,0.0,,3.687271056968986e-14,1.0,0.0,1.4238426238064856e-13,1.4238426238064856e-13,1.0,0.30156916120422195,0.08604450842065334,1579,1.779993535267487,0.8228645845001721,65,1070.559666716433,0.43891002792639777,822.0,124.86009732360095,0.5040462089317523,1519,0.49117026184683504,0.8233619396015222,0.4091722348267588,4,1140.25,,,,,,,,,,,,,6.155532803056341e-19,0.9999999999715833,1.1031342239307547e-26,0.9626870767116004,0.22965206961236515,0.0013000873693445425,0.2624935126828314,0.9999999999999997,0.001357287741252868,0.9999999999999541,9.960751159770347e-05,3.8433882812438647e-14,3.8433882812438647e-14,3.209010748100871e-14,,0.0,0.0,0.004567040150618468,7.054128794466933e-19,,,,,0.13043478260869565,,1.1666441752192217e-21,1.0,0.7209302325581395,4.770970844811595e-19,4.770970844811595e-19,1.0,0.42658033862811345,0.13286867808967343,1398,1.8986286446789051,0.9216120101054256,34,964.4936495384508,0.5493020329259576,716.0,66.3854748603352,0.6073612968368105,1016,1009.0473684210526,935.5,610.6543869996938,760,0.4758535102197843,0.8532293215616218,0.41093374637766444,5,763.25
db14,1.0,constant,8.71603989450582e-27,320.06860037450554,5945709.024295644,0.5818965517241379,222.75989501492714,206,raw,6.1551626794364e-14,-2.1093127244853636e-10,6.352375930568722,66490.53181694153,0.8033024698219067,5.618943883690066e-06,0.9999999999999999,326.99999999999994,,,,[],[],13,661.1538461538462,87.00000000000009,940.0,"[8, 32, 51, 63, 81, 100, 111, 133, 152, 162, 175, 192, 204]","[878.0, 638.0, 787.0, 791.9999999999999, 940.0, 788.0, 637.0, 675.0, 771.0000000000002, 196.0000000000001, 834.0000000000002, 572.0, 87.00000000000009]","[0, 13, 39, 39, 76, 99, 107, 107, 107, 161, 99, 187, 203]","[76, 39, 61, 76, 205, 164, 119, 142, 164, 164, 205, 205, 205]",37754613.0,941.0,-941.0,0.0,,,,DWT,mdp.39015067403892,0.0,,0.0,33.0,19.0,0.0,28.5,,0.0,256.3413461538462,4359.0,256.34134615384613,,0.0,256.3413461538462,,,84.00000000000009,0.0,19.5,0.0,0.0,,5.684341886080802e-14,5.942370382640898e-14,5.371169495586751e-27,0.9672028870915613,0.7982119683600336,0.00023604708354252796,0.1856527093596056,0.0007085012613731398,0.9999999997234501,0.47422802461169933,6.6959667625959335e-09,6.6959667625959335e-09,6.0819563246244724e-09,,2.859275438170267e-12,0.9999999933040264,0.0,,,,,,0.0,1.0,0.0,0.0,0.0,0.7422684098791196,0.2426715936825827,847,1.4540902241145144,0.6984044589254651,702,0,0.20618566978270622,0.24635434483025873,846,0.0,0.3690015141099532,0.6702346808729062,754,71.63507055439628,0.924910827511115,787.25,782.2534826126962,0.5498505919526224,703,db,0.540986235965534,0.9305070477545101,0.3421575204977732,3,528.0,5.942370382640898e-14,0.0001547883299646835,5.37116949558675e-27,0.9672028870915613,0.7982119683600337,0.001269282585307,0.38795372050816695,0.003072525726595667,0.99999999972345,0.9919828214562032,0.9855281704452468,0.9855281704452468,0.9855281704451341,,6.125805465799743e-13,0.9999999999667601,0.0,,,,,1.0,,0.0,1.0,0.25,0.0,0.0,0.0,2.2095701998212354,0.6304403968408202,859,1.5365192926098994,0.7103100568845294,1492,447.59859249108456,0.7654095427195573,1175.5,1090.28328370906,0.5746596979845167,1008,0.49117026184683504,0.8233619396015222,0.4091722348267588,4,757.0,,,,,,,,,,,,,3.9899321159923873e-19,0.03641360043841643,5.37116949558675e-27,0.9762102803721278,0.24675590943392908,0.0015582397652133414,0.2934941844461344,0.9999999999999999,0.0030725257265956664,0.9999999999999541,0.0008499884728391233,0.0007982210227401261,0.0007982210227401261,0.0007982210227337869,,0.0,4.786380409530668e-19,0.020163910573049823,0.0,,,,,0.4782608695652174,,0.0,1.0,0.7906976744186046,0.0,0.0,0.9302325581395349,0.5674759776446953,0.17675400427451057,833,1.6394340070234465,0.7957965212852866,1536,497.0960671741429,0.7677121181429238,1184.5,1080.1924862811313,0.6071037226228637,1017,1009.0473684210526,935.5,610.6543869996938,760,0.4758535102197843,0.8532293215616218,0.41093374637766444,5,764.0
db31,1.0,antisymmetric,1.1849419343930365e-26,316.510428050731,6344778.800064573,0.5263157894736842,114.12280478748596,206,smoothed,7.623890731236633e-14,-2.057892745099825e-10,6.597415855780664,125990.86678816582,0.9957710325922678,0.00014966566451320274,1.0,362.3999999999999,,,,[],[],11,426.6,32.19999999999999,728.4000000000002,"[9, 31, 53, 64, 80, 102, 131, 148, 158, 175, 192]","[310.99999999999966, 417.8, 589.6000000000005, 432.1999999999998, 728.4000000000002, 371.0000000000002, 586.9999999999998, 32.19999999999999, 448.20000000000005, 368.0000000000003, 407.19999999999976]","[1, 1, 1, 60, 1, 94, 120, 144, 144, 165, 186]","[20, 40, 75, 75, 204, 120, 204, 149, 204, 186, 204]",30736475.839999992,728.4000000000002,-728.4000000000002,0.0,,,,DWT,mdp.39015067403892,3.725290298461914e-09,,0.0,15.0,11.0,0.0,33.0,,2.2737367544323206e-13,168.4000000000001,987.7999999999984,168.40000000000003,,0.0,168.4000000000001,,,28.0,0.0,33.0,2.2737367544323206e-13,2.2737367544323206e-13,,5.684341886080802e-14,1.186492797579239e-13,2.989061791442062e-26,0.9673282274872179,0.6679494425745336,0.6557933960691882,0.09097208810933019,0.8088836275706633,,0.999999664709775,4.4059791007223055e-09,4.4059791007223055e-09,3.6787269888316428e-09,,6.125805465799743e-13,0.9999999955939887,1.5171946557926922e-13,,,,,,7.946695712486874e-14,0.0,1.0,3.4954031196328703e-13,3.4954031196328703e-13,0.8999999009576941,0.3383296774353595,535,1.6022106420862245,0.8133908538128001,28,0,0.24999997273299926,0.3557007787824986,535,0.0,0.4558466831158647,0.8042369227074253,28,292.7165864791403,0.693169196562746,281.5,53.214920071047956,0.6990479106503458,332,db,0.573477938514061,0.8443824841957417,0.34525069778143475,3,249.75,7.798133756850404e-14,0.9999999999705138,7.588556274088914e-27,0.954072425686062,0.8828609701779407,0.001717924603917981,0.07465373961218841,0.007878454817725816,0.9999999997235275,2.0315811923354854e-05,4.745454029730922e-11,4.745454029730922e-11,3.962169481397382e-11,,6.125805465799743e-13,0.0031261328403480726,1.5171946557926922e-13,,,,,0.0,,3.687271056968986e-14,0.0,1.0,2.847685247612971e-13,2.847685247612971e-13,1.0,0.3015691612046248,0.08604450842076829,1443,1.7477457804551206,0.8079569262199674,262,835.0931085813127,0.5623201736995216,852.5,443.4791788856305,0.5577586193445196,1113,0.49117026184683504,0.8233619396015222,0.4091722348267588,4,835.75,,,,,,,,,,,,,5.235961799377803e-19,0.9999999999715831,7.588556274088914e-27,0.9666859665615345,0.2729239478174761,0.0016631511463244516,0.05647693852409408,1.0,0.007878454817725816,0.9999999999999541,9.960751159770423e-05,3.8435400695480126e-14,3.8435400695480126e-14,3.20911916831812e-14,,0.0,4.786380409530668e-19,0.00456704015061846,1.4108257588933865e-18,,,,,0.13043478260869565,,1.1666441752192217e-21,0.7209302325581395,1.0,9.54194168962319e-19,9.54194168962319e-19,1.0,0.42658033862811345,0.13286867808967343,1453,1.8430472867470056,0.8946323018030313,344,784.1814203358812,0.6335600839551957,898.5,556.2960489705065,0.6068501354355418,1018,1009.0473684210526,935.5,610.6543869996938,760,0.4758535102197843,0.8532293215616218,0.41093374637766444,5,764.75
db32,1.0,smooth,1.6714404964287616e-26,315.0164895400077,4963729.589438471,0.5746268656716418,42.159117099395566,206,smoothed,8.707813326928923e-14,-2.0256245569783042e-10,6.192213996789681,45254.83883270215,0.9909007893087963,0.00014966566451320276,0.9999999999999997,362.4,,,,[],[],11,426.59999999999985,32.19999999999993,728.3999999999999,"[9, 31, 53, 64, 80, 102, 131, 148, 158, 175, 192]","[310.9999999999997, 417.79999999999984, 589.5999999999999, 432.2000000000003, 728.3999999999999, 371.00000000000006, 586.9999999999995, 32.19999999999993, 448.1999999999999, 368.0000000000002, 407.20000000000005]","[0, 0, 0, 60, 0, 94, 120, 144, 144, 165, 186]","[20, 40, 75, 75, 203, 120, 203, 149, 203, 186, 203]",30736475.84,728.3999999999999,-728.3999999999999,0.0,,,,DWT,mdp.39015067403892,3.725290298461914e-09,,0.0,33.0,11.0,0.0,33.0,,1.1368683772161603e-13,168.39999999999992,987.8000000000002,168.39999999999992,,0.0,168.39999999999992,,,27.999999999999943,0.0,15.0,1.1368683772161603e-13,1.1368683772161603e-13,,0.0,1.4246154090919686e-13,4.412848314272742e-26,0.961652138252683,0.08348463533522978,0.06310939737985445,0.4228200675878112,0.13935319262498816,,0.9999996646602125,4.405801664454926e-09,4.405801664454926e-09,3.678608697986637e-09,,0.0,0.9999999955941608,7.585973278963461e-14,,,,,,7.946695712486874e-14,1.0,0.0,1.7477015598164352e-13,1.7477015598164352e-13,0.8999999009423554,0.33832967742959336,606,0.8751576033943145,0.4442893908873167,290,0,0.24999997272875754,0.3557007787764635,607,0.0,0.2386313473115299,0.42101028159630466,270,188.68205178730346,0.8022200715017783,443.25,382.79010007063175,0.6687987149961723,394,db,0.573477938514061,0.8443824841957417,0.34525069778143475,3,296.25,9.167688761330869e-14,0.999999999970514,1.1031342239307547e-26,0.9485594543703748,0.7428840547072065,0.00016532216876098357,0.34697564807541253,0.0013572877412528679,0.9999999997235761,2.0315811922300142e-05,4.74525418958649e-11,4.74525418958649e-11,3.962036254634427e-11,,0.0,0.003126132840348572,7.585973278963461e-14,,,,,0.0,,3.687271056968986e-14,1.0,0.0,1.4238426238064856e-13,1.4238426238064856e-13,1.0,0.30156916120422195,0.08604450842065334,1578,1.779993535267487,0.8228645845001721,64,1070.559666716433,0.43891002792639777,821.0,123.01096224116931,0.5043082634390899,1517,0.49117026184683504,0.8233619396015222,0.4091722348267588,4,1138.75,,,,,,,,,,,,,6.155532803056341e-19,0.9999999999715833,1.1031342239307547e-26,0.9626870767116004,0.22965206961236515,0.0013000873693445425,0.2624935126828314,0.9999999999999997,0.001357287741252868,0.9999999999999541,9.960751159770347e-05,3.8433882812438647e-14,3.8433882812438647e-14,3.209010748100871e-14,,0.0,0.0,0.004567040150618468,7.054128794466933e-19,,,,,0.13043478260869565,,1.1666441752192217e-21,1.0,0.7209302325581395,4.770970844811595e-19,4.770970844811595e-19,1.0,0.42658033862811345,0.13286867808967343,1400,1.8986286446789051,0.9216120101054256,35,965.2007563196373,0.5489716091964312,717.5,68.29268292682927,0.6068456176823277,1019,1009.0473684210526,935.5,610.6543869996938,760,0.4758535102197843,0.8532293215616218,0.41093374637766444,5,765.5
sym15,1.0,constant,8.678605869358781e-21,260.0872928111036,6009307.776171912,0.6452991452991453,263.8853522227469,206,raw,7.245444805075573e-11,-5.849931654935981e-11,6.284246997068186,67282.90825721755,0.8076751065249096,5.618943883694304e-06,1.0,327.00000000012494,,,,[],[],13,661.1538461536106,86.99999999996479,939.9999999996595,"[8, 32, 51, 63, 81, 100, 111, 133, 152, 162, 175, 192, 204]","[877.9999999998166, 637.9999999996862, 786.9999999996762, 791.9999999997086, 939.9999999996595, 787.9999999997303, 636.9999999997463, 674.999999999865, 770.9999999997378, 195.99999999985334, 833.9999999996642, 571.9999999998294, 86.99999999996479]","[0, 13, 39, 39, 76, 99, 107, 107, 107, 161, 99, 187, 203]","[76, 39, 61, 76, 205, 164, 119, 142, 164, 164, 205, 205, 205]",37754612.99999209,940.9999999997933,-940.9999999997933,0.0,,,,DWT,mdp.39015067403892,7.912516593933105e-06,,0.0,33.0,19.0,0.0,28.5,,2.0668267097789794e-10,256.34134615361063,4359.000000003061,256.3413461536319,,0.0,256.34134615361063,,,83.99999999996479,0.0,19.5,3.4049207897624e-10,2.0668267097789794e-10,,1.2494183465605602e-10,9.152910426985305e-11,6.141555379499955e-21,0.7458582830794784,0.7746768394999066,0.0003076200089013552,0.6611721611721615,0.0007726544327151977,0.9999999997257475,0.47422802457069263,6.5135551724869555e-09,6.5135551724869555e-09,5.916051574734775e-09,,6.284687413098247e-09,0.9999999934863839,4.0770826376016323e-10,,,,,,7.831763725002127e-11,1.0,0.0,2.5885458900801907e-10,2.5885458900801907e-10,0.7422684132862468,0.242671594796483,650,1.4997851257617996,0.7203518749326518,630,0,0.20618567035738838,0.2463543455168993,650,0.0,0.39784844475130493,0.7226307080252721,534,55.47371750057259,0.9418514491608254,616.0,611.9123572867696,0.6480745715405805,417,sym,0.8243425715244881,0.7368036147090654,0.2019191155201387,6,314.25,9.152910426985306e-11,0.0001547883299941044,6.141555379499955e-21,0.7458582830794784,0.7746768394999066,0.0013407815415181798,0.7453441295546561,0.003136527130743902,0.9999999997257474,0.9919828214555779,0.9855281704426069,0.9855281704426069,0.9855281704427332,,1.3464520413827834e-09,0.9999999999676654,2.2719989970495566e-10,,,,,1.0,,7.831763725002125e-11,1.0,0.25,2.5885458900801907e-10,2.5885458900801907e-10,0.0,2.2095702007484173,0.6304403971053663,651,1.5349624794593155,0.7095903652783982,1495,596.7981233214462,0.6872127236260764,1073.0,907.031686859273,0.5624218754398727,1077,0.7763846615972358,0.5622554397616224,0.28785410495344815,6,809.25,,,,,,,,,,,,,6.145610070707227e-16,0.03641360043844479,6.141555379499955e-21,0.8156557192041842,0.2394803581321151,0.0015749592295812608,0.5638666569528431,1.0,0.003136527130743902,0.9999999999999545,0.0008499884728386503,0.000798221022737988,0.000798221022737988,0.0007982210227318422,,0.0,1.052046414014841e-15,0.020163910573063985,2.1127115739428464e-15,,,,,0.4782608695652174,,2.477952228165627e-18,1.0,0.7906976744186046,8.673624995867479e-16,8.673624995867479e-16,0.9302325581395349,0.5674759776447023,0.17675400427451274,670,1.6476464439683087,0.7997829145917557,1510,593.9696961966999,0.7224440671978037,1090.0,928.1651376146788,0.6065491364026402,1020,1409.1368421052632,1454.5,398.32527672708756,380,0.6645304607900322,0.5565550872278735,0.3678621512786154,7,766.75
bior2.6,1.0,antisymmetric,4.235095505225752e-27,320.97876665736095,5158084.031156899,0.5275229357798165,80.27851431464774,206,smoothed,4.3443134742225543e-14,-2.1161330465702173e-10,6.21541344797363,48652.254668609276,0.9906125543331163,0.00014966566451320268,0.9999999999999999,362.4,,,,[],[],11,426.6,32.19999999999999,728.4000000000001,"[9, 31, 53, 64, 80, 102, 131, 148, 158, 175, 192]","[311.0000000000001, 417.8000000000001, 589.6, 432.19999999999993, 728.4000000000001, 371.0000000000001, 587.0000000000001, 32.19999999999999, 448.1999999999999, 368.0000000000001, 407.2]","[1, 1, 1, 60, 1, 94, 120, 144, 144, 165, 186]","[20, 40, 75, 75, 204, 120, 204, 149, 204, 186, 204]",30736475.84000001,728.4000000000001,-728.4000000000001,0.0,,,,DWT,mdp.39015067403892,1.4901161193847656e-08,,0.0,15.0,11.0,0.0,33.0,,1.1368683772161603e-13,168.4000000000001,987.7999999999984,168.40000000000006,,0.0,168.4000000000001,,,28.0,0.0,33.0,1.1368683772161603e-13,1.1368683772161603e-13,,0.0,4.660156120296856e-14,7.606540410364414e-27,0.9843052907862084,0.11694761795344631,0.1465175531460702,0.09926395602350105,0.16752739638394687,,0.999999664709775,4.4059791007223055e-09,4.4059791007223055e-09,3.6787565615428943e-09,,0.0,0.9999999955939887,7.585973278963461e-14,,,,,,3.1786782849947497e-13,0.0,1.0,1.7477015598164352e-13,1.7477015598164352e-13,0.8999999009574081,0.338329677435252,543,0.8290323009844764,0.4208730571519097,420,0,0.24999997273293512,0.35570077878240736,545,0.0,0.21636597347045997,0.38172813607651135,439,66.56513101216483,0.930225229546997,486.75,479.88445992067454,0.7100025518804167,308,bior,0.8100315533562081,0.7923003667562746,0.1952878026237719,6,232.5,3.654330995680699e-14,0.9999999999705134,2.200156535181381e-27,0.9705616067268549,0.7508983012988425,0.0003838192195350174,0.08145823273780778,0.001631701987968433,0.9999999997234397,2.0315811923354854e-05,4.745454029730922e-11,4.745454029730922e-11,3.9622027880881205e-11,,0.0,0.0031261328403480726,7.585973278963461e-14,,,,,0.0,,1.4749084227875944e-13,0.0,1.0,1.4238426238064856e-13,1.4238426238064856e-13,1.0,0.301569161204279,0.08604450842066962,1529,1.6912139980661531,0.7818231225263705,847,482.2468247692254,0.7472500918400287,1188.0,1090.1203703703704,0.5623042912030332,1079,0.5943810304597339,0.7715092316736338,0.3524805091760961,5,810.5,,,,,,,,,,,,,2.453655976195312e-19,0.9999999999715827,2.200156535181381e-27,0.9786465618416379,0.23212956028468607,0.001351181173345288,0.06162466376786041,0.9999999999999999,0.001631701987968433,0.9999999999999541,9.960751159770423e-05,3.8435400695480126e-14,3.8435400695480126e-14,3.2091408523615694e-14,,0.0,0.0,0.00456704015061846,7.054128794466933e-19,,,,,0.13043478260869565,,4.666576700876887e-21,0.7209302325581395,1.0,4.770970844811595e-19,4.770970844811595e-19,1.0,0.42658033862811345,0.13286867808967343,1496,1.8292308541277864,0.8879256768532965,588,642.0529573173851,0.699975253590007,1042.0,844.1919385796546,0.6065296828697698,1021,1104.4,1082.5,563.6960149978129,300,0.520820561188399,0.7876173146100969,0.3991404127850916,6,767.25
sym15,1.0,zero,8.678526510503152e-21,260.0873325240151,6010290.311373597,0.6452991452991453,263.8853522227469,206,raw,7.245196460041714e-11,-4.4279691072258877e-11,6.281662123466972,68222.2089268586,0.8103439680865697,5.618943883694305e-06,1.0,327.00000000012494,,,,[],[],13,661.1538461536111,86.99999999996479,939.9999999996595,"[8, 32, 51, 63, 81, 100, 111, 133, 152, 162, 175, 192, 204]","[877.9999999998215, 637.9999999996863, 786.9999999996762, 791.9999999997086, 939.9999999996595, 787.9999999997303, 636.9999999997463, 674.999999999865, 770.9999999997378, 195.99999999985334, 833.9999999996642, 571.9999999998294, 86.99999999996479]","[0, 13, 39, 39, 76, 99, 107, 107, 107, 161, 99, 187, 203]","[76, 39, 61, 76, 205, 164, 119, 142, 164, 164, 205, 205, 205]",37754612.99999208,940.9999999997933,-940.9999999997933,0.0,,,,DWT,mdp.39015067403892,7.91996717453003e-06,,0.0,33.0,19.0,0.0,28.5,,2.0668267097789794e-10,256.3413461536111,4359.000000003056,256.34134615363223,,0.0,256.3413461536111,,,83.99999999996479,0.0,19.5,3.4049207897624e-10,2.0668267097789794e-10,,1.2494183465605602e-10,9.15259663872652e-11,6.141499219918881e-21,0.7458584296291123,0.7737838953399743,0.00030872573686893244,0.6611721611721615,0.0008487030299958036,0.9999999997259619,0.47422802457069263,6.513907318413806e-09,6.513907318413806e-09,5.916315684180075e-09,,6.284687413098247e-09,0.9999999934860588,4.0770826376016323e-10,,,,,,7.839138267116065e-11,1.0,0.0,2.5885458900801907e-10,2.5885458900801907e-10,0.7422684132864116,0.24267159479653688,649,1.4993697139145945,0.720152351215645,633,0,0.20618567035744814,0.24635434551697072,649,0.0,0.3977464893407001,0.7224455216521083,536,54.359145198086644,0.9430197639433054,616.75,612.8282193094207,0.6482656471708141,416,sym,0.8243425715244881,0.7368036147090654,0.2019191155201387,6,313.5,9.152596638726522e-11,0.0001547883299941044,6.14149921991888e-21,0.7458584296291123,0.7737838953399744,0.0013418861267386233,0.7453441295546561,0.0032123958198147975,0.9999999997259618,0.9919828214555779,0.985528170442612,0.985528170442612,0.985528170442737,,1.3464520413827834e-09,0.9999999999676638,2.2719989970495566e-10,,,,,1.0,,7.839138267116065e-11,1.0,0.25,2.5885458900801907e-10,2.5885458900801907e-10,0.0,2.2095702007484572,0.6304403971053776,650,1.534546995077453,0.7093982930171941,1497,598.9194436650057,0.6861009205110034,1073.5,906.4275733581742,0.5617349466286673,1082,0.7763846615972358,0.5622554397616224,0.28785410495344815,6,813.0,,,,,,,,,,,,,6.145399381408056e-16,0.03641360043844479,6.14149921991888e-21,0.8156558255054526,0.23920431710918919,0.0015752175280825701,0.5638666569528431,1.0,0.0032123958198147975,0.9999999999999546,0.0008499884728386503,0.0007982210227379922,0.0007982210227379922,0.0007982210227318454,,0.0,1.052046414014841e-15,0.020163910573063958,2.1127115739428464e-15,,,,,0.4782608695652174,,2.4802855165160653e-18,1.0,0.7906976744186046,8.673624995867479e-16,8.673624995867479e-16,0.9302325581395349,0.5674759776447023,0.17675400427451274,671,1.647538963862486,0.79973074274833,1511,593.9696961966999,0.7224440671978037,1091.0,929.3134738771769,0.606315491542827,1022,1409.1368421052632,1454.5,398.32527672708756,380,0.6645304607900322,0.5565550872278735,0.3678621512786154,7,768.25
db20,1.0,antisymmetric,8.325852441327279e-27,318.0431116460651,5694715.059480726,0.5286885245901639,98.60828626157317,206,smoothed,6.112909531314745e-14,-2.0486399243679935e-10,6.4687247093657865,96688.78851823881,0.9944719218805753,0.0001496656645132027,0.9999999999999997,362.4000000000002,,,,[],[],11,426.6,32.200000000000045,728.4000000000002,"[9, 31, 53, 64, 80, 102, 131, 148, 158, 175, 192]","[311.0000000000001, 417.8, 589.5999999999999, 432.20000000000005, 728.4000000000002, 371.0000000000001, 586.9999999999999, 32.200000000000045, 448.1999999999998, 368.0, 407.19999999999993]","[1, 1, 1, 60, 1, 94, 120, 144, 144, 165, 186]","[20, 40, 75, 75, 204, 120, 204, 149, 204, 186, 204]",30736475.839999996,728.4000000000002,-728.4000000000002,0.0,,,,DWT,mdp.39015067403892,0.0,,0.0,15.0,11.0,0.0,33.0,,2.2737367544323206e-13,168.4000000000001,987.7999999999984,168.40000000000003,,0.0,168.4000000000001,,,28.000000000000057,0.0,33.0,2.2737367544323206e-13,2.2737367544323206e-13,,2.2737367544323206e-13,8.545513926284194e-14,1.9578548239998607e-26,0.973151525295648,0.4823248102737965,0.3768153739916754,0.10727036618980738,0.5658863721235827,,0.9999996647593375,4.4059791007223055e-09,4.4059791007223055e-09,3.6787269888316428e-09,,2.4503221863198973e-12,0.9999999955939887,1.5171946557926922e-13,,,,,,0.0,0.0,1.0,3.4954031196328703e-13,3.4954031196328703e-13,0.8999999009734421,0.3383296774412795,369,1.2827237026355065,0.6511976017922753,96,0,0.249999972737276,0.3557007787885836,369,0.0,0.35792120683922796,0.6314698792860219,97,157.32847803242743,0.8350854527961977,232.75,152.98707716966643,0.7955563532324804,152,db,0.573477938514061,0.8443824841957417,0.34525069778143475,3,114.75,5.888982796945162e-14,0.9999999999705136,5.0950470170358605e-27,0.9597283751354208,0.8384046348383044,0.0009871102789308333,0.08802847282139784,0.005511683093564593,0.9999999997235415,2.0315811924354055e-05,4.745454029730922e-11,4.745454029730922e-11,3.962169481397382e-11,,2.4503221863198973e-12,0.0031261328403480726,1.5171946557926922e-13,,,,,0.0,,0.0,0.0,1.0,2.847685247612971e-13,2.847685247612971e-13,1.0,0.3015691612055255,0.08604450842102528,1316,1.7329489598864432,0.8011165757535603,415,637.1032098490793,0.6660884644396858,865.5,631.0109763142691,0.6062360561192139,839,0.49117026184683504,0.8233619396015222,0.4091722348267588,4,630.25,,,,,,,,,,,,,3.9540856727304575e-19,0.999999999971583,5.0950470170358605e-27,0.9707885670558312,0.25918090224604745,0.0014922560072388128,0.06659517224093997,0.9999999999999997,0.005511683093564593,0.9999999999999541,9.960751159770499e-05,3.8435400695480126e-14,3.8435400695480126e-14,3.20911916831812e-14,,0.0,1.9145521638122673e-18,0.00456704015061846,1.4108257588933865e-18,,,,,0.13043478260869565,,0.0,0.7209302325581395,1.0,9.54194168962319e-19,9.54194168962319e-19,1.0,0.42658033862811345,0.13286867808967343,1459,1.8416524614854002,0.8939552406427582,363,774.9890321804561,0.6378555924390392,911.0,581.357848518112,0.6060773289298,1023,1009.0473684210526,935.5,610.6543869996938,760,0.4758535102197843,0.8532293215616218,0.41093374637766444,5,768.5
db14,1.0,zero,9.152287633936779e-27,319.8564958638146,5946780.270041514,0.5818965517241379,222.75989501492714,206,raw,5.982700850368415e-14,-2.1093315982767822e-10,6.348748614472759,68000.63254310345,0.8077083056851879,5.618943883690066e-06,1.0,326.99999999999994,,,,[],[],13,661.1538461538462,87.00000000000009,940.0,"[8, 32, 51, 63, 81, 100, 111, 133, 152, 162, 175, 192, 204]","[878.0, 637.9999999999999, 787.0, 791.9999999999999, 940.0, 788.0, 637.0, 675.0, 771.0000000000002, 196.0000000000001, 834.0000000000002, 572.0, 87.00000000000009]","[0, 13, 39, 39, 76, 99, 107, 107, 107, 161, 99, 187, 203]","[76, 39, 61, 76, 205, 164, 119, 142, 164, 164, 205, 205, 205]",37754613.0,941.0,-941.0,0.0,,,,DWT,mdp.39015067403892,0.0,,0.0,33.0,19.0,0.0,28.5,,0.0,256.3413461538462,4359.0,256.34134615384613,,0.0,256.3413461538462,,,84.00000000000009,0.0,19.5,0.0,0.0,,5.684341886080802e-14,5.72446186959707e-14,5.6798872826212315e-27,0.9664201734290017,0.7969589126119319,0.00023725264480824746,0.1856527093596056,0.0008307635419067259,0.9999999997234501,0.47422802461169933,6.6959667625959335e-09,6.6959667625959335e-09,6.0819563246244724e-09,,2.859275438170267e-12,0.9999999933040264,0.0,,,,,,0.0,1.0,0.0,0.0,0.0,0.7422684098791196,0.2426715936825827,846,1.4530435757357734,0.6979017501646763,705,0,0.20618566978270622,0.24635434483025873,845,0.0,0.3687624764138452,0.6698005055434255,758,69.28443788711382,0.9273748030533397,788.5,783.8271410283302,0.5504274434553911,701,db,0.540986235965534,0.9305070477545101,0.3421575204977732,3,526.5,5.724461869597068e-14,0.0001547883299646835,5.679887282621231e-27,0.9664201734290017,0.796958912611932,0.0012704869006499237,0.38795372050816695,0.0031944987711828646,0.99999999972345,0.9919828214562032,0.9855281704452468,0.9855281704452468,0.9855281704451341,,6.125805465799743e-13,0.9999999999667601,0.0,,,,,1.0,,0.0,1.0,0.25,0.0,0.0,0.0,2.2095701998212354,0.6304403968408202,850,1.5354725279138184,0.709826153106429,1493,454.66966030295004,0.7617035323359801,1171.5,1083.2693128467777,0.5738549108220781,1018,0.49117026184683504,0.8233619396015222,0.4091722348267588,4,764.5,,,,,,,,,,,,,3.84362010267838e-19,0.03641360043841643,5.679887282621231e-27,0.9756425310512292,0.24636854502077762,0.0015585213848135532,0.2934941844461344,1.0,0.0031944987711828646,0.9999999999999541,0.0008499884728391233,0.0007982210227401261,0.0007982210227401261,0.0007982210227337869,,0.0,4.786380409530668e-19,0.020163910573049823,0.0,,,,,0.4782608695652174,,0.0,1.0,0.7906976744186046,0.0,0.0,0.9302325581395349,0.5674759776446953,0.17675400427451057,837,1.6389486052519666,0.7955609027489413,1541,497.80317395532944,0.7673816944133974,1189.0,1084.7914213624895,0.6058871088889417,1024,1009.0473684210526,935.5,610.6543869996938,760,0.4758535102197843,0.8532293215616218,0.41093374637766444,5,769.25
rbio6.8,1.0,antireflect,1.826216923789212e-21,266.85626883727855,6198347.566681755,0.6306306306306306,296.12008815805103,206,raw,3.3148135411517637e-11,-9.537015622667695e-11,6.47620556385523,92717.0753932912,0.8265023531787521,5.618943883691992e-06,1.0,327.0000000000577,,,,[],[],13,661.1538461537389,86.99999999996106,939.9999999998472,"[8, 32, 51, 63, 81, 100, 111, 133, 152, 162, 175, 192, 204]","[877.9999999999286, 637.9999999998581, 786.9999999998557, 791.9999999998661, 939.9999999998472, 787.9999999998796, 636.9999999998915, 674.9999999999447, 770.9999999998719, 195.99999999993565, 833.9999999998462, 571.9999999999186, 86.99999999996106]","[0, 13, 39, 39, 76, 99, 107, 107, 107, 161, 99, 187, 203]","[76, 39, 61, 76, 205, 164, 119, 142, 164, 164, 205, 205, 205]",37754612.99999649,940.9999999999047,-940.9999999999047,0.0,,,,DWT,mdp.39015067403892,3.509223461151123e-06,,0.0,33.0,19.0,0.0,28.5,,9.526957001071423e-11,256.34134615373887,4359.000000001395,256.34134615374836,,0.0,256.34134615373887,,,83.99999999996106,0.0,19.5,1.5279510989785194e-10,9.526957001071423e-11,,5.7696070143720135e-11,4.1864896330391996e-11,1.2923512233129868e-21,0.770837337037201,0.8409888947899375,0.0005203620897889202,0.5511583011583011,0.0028318808297729753,0.9999999997251918,0.4742280245663675,6.612860323859024e-09,6.612860323859024e-09,6.00624495030495e-09,,2.9021645697428214e-09,0.9999999933871329,1.8295823255214e-10,,,,,,3.473409335664785e-11,1.0,0.0,1.1931801187498349e-10,1.1931801187498349e-10,0.7422684114407219,0.2426715941931211,691,1.5048531033600496,0.7227860417358208,620,0,0.20618567004532984,0.24635434514404614,691,0.0,0.3957920969590073,0.718895667507461,555,65.38284688407707,0.9314645210858731,639.25,634.008765936172,0.6306955729119093,461,rbio,0.5136782423812899,1.0,0.3404252303330971,4,346.75,4.1864896330391996e-11,0.0001547883299780617,1.2923512233129868e-21,0.770837337037201,0.8409888947899377,0.0015533037578366621,0.6626600284495021,0.005190882014746458,0.9999999997251917,0.991982821455512,0.9855281704440441,0.9855281704440441,0.9855281704440384,,6.21769254778674e-10,0.9999999999671727,1.0195548086926891e-10,,,,,1.0,,3.473409335664785e-11,1.0,0.25,1.1931801187498349e-10,1.1931801187498349e-10,0.0,2.2095702002468345,0.6304403969622533,689,1.550960302083537,0.7169859211642848,1456,542.3509011700819,0.7157490035796217,1072.5,935.369696969697,0.576821042670314,993,0.3888041033402703,1.0,0.4278371276618108,3,745.5,,,,,,,,,,,,,2.8109674026594095e-16,0.03641360043842932,1.2923512233129868e-21,0.83377453020693,0.2599797895590116,0.0016246558658878547,0.5013146010304718,1.0,0.005190882014746458,0.9999999999999545,0.0008499884728386004,0.000798221022739152,0.000798221022739152,0.0007982210227328994,,0.0,4.858176115673629e-16,0.020163910573056276,9.480749099763558e-16,,,,,0.4782608695652174,,1.0989788130565068e-18,1.0,0.7906976744186046,3.998073567952116e-16,3.998073567952116e-16,0.9302325581395349,0.5674759776446983,0.1767540042745115,701,1.6445932141862056,0.7983008484464438,1518,577.7062402294093,0.7300438129769116,1109.5,959.0968904912121,0.6057929345258389,1025,818.67,599.5,715.6978453131971,300,0.38607403914171184,1.0,0.42974817260080167,3,769.5
bior2.4,1.0,antisymmetric,2.547944135426468e-27,323.1854997253771,5064908.045601916,0.5327102803738317,79.38679700653384,206,smoothed,3.261253187675606e-14,-2.0912207521206537e-10,6.178679942521277,38985.39619380523,0.988300277469895,0.00014966566451320268,0.9999999999999999,362.4000000000001,,,,[],[],11,426.59999999999997,32.20000000000002,728.4000000000001,"[9, 31, 53, 64, 80, 102, 131, 148, 158, 175, 192]","[311.0, 417.79999999999995, 589.6, 432.20000000000005, 728.4000000000001, 371.0, 587.0, 32.20000000000002, 448.20000000000005, 368.0000000000001, 407.2]","[1, 1, 1, 60, 1, 94, 120, 144, 144, 165, 186]","[20, 40, 75, 75, 205, 120, 205, 149, 205, 186, 205]",30736475.840000004,728.4000000000001,-728.4000000000001,0.0,,,,DWT,mdp.39015067403892,7.450580596923828e-09,,0.0,15.0,11.0,0.0,33.0,,1.1368683772161603e-13,168.40000000000003,987.7999999999993,168.40000000000003,,0.0,168.40000000000003,,,28.00000000000003,0.0,33.0,1.1368683772161603e-13,1.1368683772161603e-13,,1.1368683772161603e-13,2.2808243775761876e-14,2.6689237969793457e-27,0.9926895808496558,0.06396306048647026,0.10653062489207155,0.13489573982663977,0.08736174886455042,,0.9999996647345563,4.4059199552998455e-09,4.4059199552998455e-09,3.6787269888316428e-09,,1.2251610931599486e-12,0.9999999955940747,7.585973278963461e-14,,,,,,1.5893391424973748e-13,0.0,1.0,1.7477015598164352e-13,1.7477015598164352e-13,0.8999999009653742,0.3383296774382466,444,0.7697635866755473,0.3907842355763928,596,0,0.24999997273508395,0.35570077878546474,443,0.0,0.19792010784563013,0.3491846367898944,600,89.21649697972529,0.9064816593503928,520.75,509.2876489728656,0.6803110602831628,365,bior,0.8100315533562081,0.7923003667562746,0.1952878026237719,6,275.25,2.285865533765456e-14,0.9999999999705134,1.006216509369377e-27,0.978704951327739,0.738208717888609,0.00027906896084927747,0.1106984751598622,0.0008508956885355467,0.9999999997234772,2.0315811923854454e-05,4.745387416349445e-11,4.745387416349445e-11,3.962169481397382e-11,,1.2251610931599486e-12,0.0031261328403482946,7.585973278963461e-14,,,,,0.0,,7.374542113937972e-14,0.0,1.0,1.4238426238064856e-13,1.4238426238064856e-13,1.0,0.3015691612048545,0.08604450842083382,1384,1.7010866124412836,0.7863870855772258,723,467.39758236430794,0.7550327136455409,1053.5,949.8168011390603,0.6014419333426866,868,0.5943810304597339,0.7715092316736338,0.3524805091760961,5,652.25,,,,,,,,,,,,,1.5348165325833461e-19,0.9999999999715827,1.006216509369377e-27,0.9845534197235808,0.22820675554252826,0.001326686155369729,0.083745449441541,0.9999999999999999,0.0008508956885355467,0.9999999999999541,9.960751159770467e-05,3.8434858594393884e-14,3.8434858594393884e-14,3.20911916831812e-14,,0.0,9.572760819061336e-19,0.004567040150618464,7.054128794466933e-19,,,,,0.13043478260869565,,2.3332883504384434e-21,0.7209302325581395,1.0,4.770970844811595e-19,4.770970844811595e-19,1.0,0.42658033862811345,0.13286867808967343,1473,1.8393373107265845,0.8928314449228796,436,733.2697320904498,0.6573505924810983,954.5,672.8423258250392,0.6056612775489604,1026,1104.4,1082.5,563.6960149978129,300,0.520820561188399,0.7876173146100969,0.3991404127850916,6,771.0
sym19,1.0,antireflect,3.784635291126976e-19,243.69155212075896,6720669.006271832,0.6528925619834711,322.3272407211679,206,raw,4.960777915744682e-10,-5.814740135648225e-09,6.564652584308802,124065.92594616412,0.8761355891690014,5.618943883663765e-06,0.9999999999999998,327.00000000008595,,,,[],[],13,661.1538461554136,87.00000000038784,940.0000000026114,"[8, 32, 51, 63, 81, 100, 111, 133, 152, 162, 175, 192, 204]","[878.0000000014586, 638.0000000014227, 787.0000000017461, 792.0000000023359, 940.0000000026114, 788.0000000020118, 637.0000000015009, 675.0000000008179, 771.0000000018094, 196.00000000050403, 834.0000000022467, 572.0000000015249, 87.00000000038784]","[0, 13, 39, 39, 76, 99, 107, 107, 107, 161, 164, 187, 203]","[76, 39, 61, 76, 205, 164, 119, 142, 164, 164, 205, 205, 205]",37754613.00006009,941.0000000017775,-941.0000000017775,0.0,,,,DWT,mdp.39015067403892,6.0088932514190674e-05,,0.0,33.0,19.0,0.0,28.5,,1.7774937077774666e-09,256.3413461554136,4358.999999979624,256.3413461554137,,0.0,256.3413461554136,,,84.00000000038784,0.0,24.0,2.61138666246552e-09,1.7774937077774666e-09,,8.594724931754172e-11,6.267845481948829e-10,2.6782585277278374e-19,0.6853542881181638,0.8715429034425568,0.0011081735217149205,0.7181227863046049,0.005369977722449945,0.9999999996389902,0.4742280250621458,7.909725735970683e-09,7.909725735970683e-09,7.295847353467187e-09,,4.323224462513444e-09,0.9999999920902607,3.126897769138881e-09,,,,,,5.947568214890974e-10,1.0,0.5,2.22617794232144e-09,2.22617794232144e-09,0.7922684154112746,0.25901821555835675,227,1.5369352170074875,0.7381951895669114,541,0,0.24785233773041165,0.29613842873063206,227,0.0,0.41018726617190815,0.7450422855417849,399,151.80140535142178,0.8408790300299562,348.5,303.8297622996816,0.7377875234007223,269,sym,0.8243425715244881,0.7368036147090654,0.2019191155201387,6,203.25,6.267845481948829e-10,0.00015478832978210733,2.678258527727838e-19,0.6853542881181638,0.8715429034425569,0.002140507698726366,0.7881470204436715,0.0077229745301651736,0.9999999996389901,0.9919828214630717,0.985528170462812,0.985528170462812,0.9855281704627012,,9.262217864289212e-10,0.9999999999607349,1.742498062177907e-09,,,,,1.0,,5.947568214890974e-10,1.0,0.5,2.22617794232144e-09,2.22617794232144e-09,0.0,2.234570202357996,0.6375734634985675,228,1.5664487129736406,0.7241459835685216,1423,844.9926035179243,0.5571317591625135,825.5,393.02725620835855,0.5622398837741289,1080,0.7763846615972358,0.5622554397616224,0.28785410495344815,6,811.5,,,,,,,,,,,,,4.208468401693817e-15,0.036413600438240504,2.678258527727838e-19,0.7717685307033475,0.26942512800391016,0.001761968854589528,0.5962478377208826,0.9999999999999998,0.007722974530165173,0.9999999999999402,0.0008499884728443191,0.000798221022754353,0.000798221022754353,0.0007982210227480153,,0.0,7.237007179210371e-16,0.02016391057295555,1.6203333840890547e-14,,,,,0.4782608695652174,,1.8817970546286046e-17,1.0,0.8604651162790697,7.459412915862928e-15,7.459412915862928e-15,0.9302325581395349,0.5744527218307205,0.1789270785900034,593,1.6511670718831268,0.8014918601396395,1500,641.3458505361986,0.7003056773195333,1046.5,849.9761108456761,0.6056434928653741,1027,1409.1368421052632,1454.5,398.32527672708756,380,0.6645304607900322,0.5565550872278735,0.3678621512786154,7,772.0
db3,1.0,periodization,3.262101166562638e-27,322.11242448688466,4963439.45480013,0.529126213592233,91.20437171266838,206,smoothed,3.5447071235032896e-14,-1.9922603566868744e-10,6.1925759586479545,31688.23739843528,0.9836394313855701,0.00014966566451320274,0.9999999999999997,362.4,,,,[],[],11,426.59999999999997,32.200000000000045,728.3999999999999,"[9, 31, 53, 64, 80, 102, 131, 148, 158, 175, 192]","[311.0, 417.79999999999995, 589.5999999999999, 432.2, 728.3999999999999, 371.00000000000006, 586.9999999999999, 32.200000000000045, 448.20000000000005, 368.0, 407.20000000000005]","[1, 1, 1, 60, 1, 94, 120, 144, 144, 165, 186]","[20, 40, 75, 75, 205, 120, 205, 149, 205, 186, 205]",30736475.83999999,728.3999999999999,-728.3999999999999,0.0,,,,DWT,mdp.39015067403892,7.450580596923828e-09,,0.0,15.0,11.0,0.0,33.0,,1.1368683772161603e-13,168.40000000000003,987.7999999999993,168.39999999999998,,0.0,168.40000000000003,,,28.000000000000057,0.0,33.0,1.1368683772161603e-13,1.1368683772161603e-13,,0.0,2.9035329705245635e-14,4.758975516478121e-27,0.9886125249565695,0.08400673058980425,0.06298488468596401,0.11027684467067218,0.026847626163012783,,0.9999996647593375,4.4059199552998455e-09,4.4059199552998455e-09,3.67866784340914e-09,,0.0,0.9999999955940747,7.585973278963461e-14,,,,,,1.5893391424973748e-13,0.0,1.0,1.7477015598164352e-13,1.7477015598164352e-13,0.8999999009721783,0.33832967744080444,421,0.7215131109453085,0.36628901964149535,738,0,0.24999997273704203,0.3557007787882507,421,0.0,0.18181837300943596,0.32077681864718727,779,195.57330254067568,0.7949965382173211,589.75,541.3229407854014,0.5884049777040483,620,db,0.573477938514061,0.8443824841957417,0.34525069778143475,3,465.75,2.6440144992868784e-14,0.9999999999705138,1.511601313277033e-27,0.9747450607653632,0.743009094371549,0.00016499599374669325,0.09049565661727149,0.0002614934985440925,0.9999999997236264,2.0315811924354055e-05,4.745387416349445e-11,4.745387416349445e-11,3.962102868015904e-11,,0.0,0.0031261328403482946,7.585973278963461e-14,,,,,0.0,,7.374542113937972e-14,0.0,1.0,1.4238426238064856e-13,1.4238426238064856e-13,1.0,0.3015691612042419,0.08604450842065903,1551,1.6927369415688047,0.7825271566971117,821,516.1879502661797,0.7294612419988576,1186.0,1073.668634064081,0.5539339752971227,1158,0.49117026184683504,0.8233619396015222,0.4091722348267588,4,869.5,,,,,,,,,,,,,1.7752912872398046e-19,0.9999999999715831,1.511601313277033e-27,0.9816810728039305,0.2296907238512305,0.0013000110959019901,0.06846164253822229,0.9999999999999997,0.00026149349854409296,0.9999999999999541,9.960751159770499e-05,3.8434858594393884e-14,3.8434858594393884e-14,3.2090649582094954e-14,,0.0,0.0,0.004567040150618464,7.054128794466933e-19,,,,,0.13043478260869565,,2.3332883504384434e-21,0.7209302325581395,1.0,4.770970844811595e-19,4.770970844811595e-19,1.0,0.42658033862811345,0.13286867808967343,1492,1.8319932655620876,0.8892665770666371,546,668.9230150024739,0.6874191518680028,1019.0,799.4425907752699,0.6056254637844687,1028,1009.0473684210526,935.5,610.6543869996938,760,0.4758535102197843,0.8532293215616218,0.41093374637766444,5,772.25
db38,1.0,antisymmetric,1.9474509602222498e-26,316.5771271656795,7970673.854619902,0.5821428571428572,274.8672893882308,206,raw,9.51299449139008e-14,-2.0404422595987905e-10,6.819125029363447,173277.35530715695,0.9256759449757243,5.618943883690066e-06,1.0,327.0,,,,[],[],13,661.1538461538462,86.99999999999991,940.0,"[8, 32, 51, 63, 81, 100, 111, 133, 152, 162, 175, 192, 204]","[878.0000000000002, 637.9999999999998, 787.0000000000001, 792.0, 940.0, 788.0000000000001, 637.0000000000001, 674.9999999999998, 771.0000000000001, 195.99999999999983, 834.0000000000001, 571.9999999999999, 86.99999999999991]","[0, 13, 42, 42, 76, 99, 107, 107, 107, 161, 99, 187, 203]","[76, 42, 61, 76, 205, 164, 119, 142, 164, 164, 205, 205, 205]",37754613.0,941.0,-941.0,0.0,,,,DWT,mdp.39015067403892,0.0,,0.0,33.0,19.0,0.0,28.5,,0.0,256.3413461538462,4359.0,256.34134615384613,,0.0,256.3413461538462,,,83.99999999999991,0.0,24.0,0.0,0.0,,0.0,1.0185049131604245e-13,1.2984575044406623e-26,0.9543185605201623,0.959450367687033,0.0025149071614417795,0.18750000000000022,0.009354282529245533,0.9999999997235539,0.47422802461150126,6.6959667625959335e-09,6.6959667625959335e-09,6.0819563246244724e-09,,0.0,0.9999999933040264,0.0,,,,,,0.0,1.0,0.5,0.0,0.0,0.7922684098776306,0.25901821374922923,577,1.532315486637485,0.735976317425461,557,0,0.24785233644911808,0.29613842719971945,576,0.0,0.3891422647026923,0.7068172666615459,614,23.84673283002656,0.9750034247064712,581.0,580.2811756051681,0.6829943748270302,368,db,0.540986235965534,0.9305070477545101,0.3421575204977732,3,276.75,1.0185049131604245e-13,0.0001547883299646835,1.2984575044406623e-26,0.9543185605201623,0.9594503676870331,0.0035457875081427283,0.38934210526315827,0.011697853664819992,0.9999999997235538,0.9919828214562001,0.9855281704452468,0.9855281704452468,0.9855281704451341,,0.0,0.9999999999667601,0.0,,,,,1.0,,0.0,1.0,0.5,0.0,0.0,0.0,2.2345701998209284,0.6375734627746847,575,1.614551633869318,0.7463832497337146,1240,470.2260094890541,0.75355030949211,907.5,785.6749311294765,0.6389606893372499,712,0.49117026184683504,0.8233619396015222,0.4091722348267588,4,535.0,,,,,,,,,,,,,6.838627015216113e-19,0.03641360043841643,1.2984575044406623e-26,0.9668645029683898,0.296600473833719,0.002090582402892201,0.2945445232618825,1.0,0.01169785366481999,0.9999999999999541,0.000849988472839121,0.0007982210227401261,0.0007982210227401261,0.0007982210227337869,,0.0,0.0,0.020163910573049823,0.0,,,,,0.4782608695652174,,0.0,1.0,0.8604651162790697,0.0,0.0,0.9302325581395349,0.5744527218307418,0.17892707859001003,347,1.6628852608015272,0.8071799780736805,1458,785.5956338982543,0.6328992364961429,902.5,560.5828254847646,0.605585132266763,1029,1009.0473684210526,935.5,610.6543869996938,760,0.4758535102197843,0.8532293215616218,0.41093374637766444,5,773.0
coif4,1.0,periodic,7.657765817588133e-27,318.40637793206196,5304836.940058749,0.5219298245614035,93.39100905977463,206,smoothed,5.733547401686763e-14,-2.0087338459262617e-10,6.3461488211640855,32325.977220713718,0.9792868452091674,0.00014966566451320274,0.9999999999999997,362.4,,,,[],[],11,426.59999999999985,32.19999999999993,728.4,"[9, 31, 53, 64, 80, 102, 131, 148, 158, 175, 192]","[310.9999999999998, 417.80000000000007, 589.5999999999999, 432.1999999999997, 728.4, 371.0, 587.0, 32.19999999999993, 448.1999999999999, 367.9999999999999, 407.2000000000001]","[0, 0, 0, 60, 0, 94, 120, 144, 144, 165, 186]","[20, 40, 75, 75, 203, 120, 203, 149, 203, 186, 203]",30736475.839999992,728.4,-728.4,0.0,,,,DWT,mdp.39015067403892,3.725290298461914e-09,,0.0,33.0,11.0,0.0,33.0,,0.0,168.39999999999992,987.8000000000002,168.39999999999998,,0.0,168.39999999999992,,,27.999999999999943,0.0,15.0,0.0,0.0,,0.0,7.712108465644727e-14,1.7623326158800768e-26,0.9745317239051731,0.30552085125842626,0.20949727913846125,0.060844968021175325,0.032136296307001,,0.9999996646602125,4.405801664454926e-09,4.405801664454926e-09,3.67866784340914e-09,,0.0,0.9999999955941608,0.0,,,,,,7.946695712486874e-14,1.0,0.0,0.0,0.0,0.8999999009422652,0.33832967742955944,617,0.8794206052728412,0.4464535799437977,286,0,0.24999997272872698,0.35570077877642,618,0.0,0.2260758740900449,0.3988590287282081,343,176.47851616178858,0.8150120375662594,466.0,414.4723845900135,0.6632712179445552,413,coif,0.5556920286951962,0.9053407607371553,0.33941335169221604,4,310.75,5.4096521646590674e-14,0.9999999999705138,4.622264684003902e-27,0.9610689099702096,0.7960608144415143,0.0005488016995033373,0.04993074792243768,0.0003130046768583389,0.9999999997236015,2.0315811922300142e-05,4.74525418958649e-11,4.74525418958649e-11,3.962102868015904e-11,,0.0,0.003126132840348572,0.0,,,,,0.0,,3.687271056968986e-14,1.0,0.0,0.0,0.0,1.0,0.30156916120412725,0.08604450842062632,1609,1.695043654972964,0.7835935160570007,786,581.9488809165287,0.6949953454315887,1197.5,1056.095198329854,0.5336874001791068,1309,0.4784248188775415,0.776734912893196,0.43208215291776214,2,982.25,,,,,,,,,,,,,3.6322449659438034e-19,0.9999999999715831,4.622264684003902e-27,0.971760937641012,0.24609091070860656,0.0013897610190008523,0.03777353680507589,0.9999999999999997,0.0003130046768583393,0.9999999999999541,9.960751159770347e-05,3.8433882812438647e-14,3.8433882812438647e-14,3.2090649582094954e-14,,0.0,0.0,0.004567040150618468,0.0,,,,,0.13043478260869565,,1.1666441752192217e-21,1.0,0.7209302325581395,0.0,0.0,1.0,0.42658033862811345,0.13286867808967343,1516,1.822031515032641,0.8844310506695492,679,591.8483758531403,0.723435338386383,1097.5,937.9170842824602,0.6052924355483317,1030,986.6382352941176,846.0,585.0035688138154,340,0.4652856568234462,0.8173890317607586,0.42908333069536003,4,773.5
bior1.3,1.0,zero,3.725690490390218e-27,321.53533100953075,4988361.411018777,0.5428571428571428,134.6089763702733,206,smoothed,4.3615596571293533e-14,-2.121218534156815e-10,6.232115209356066,34954.58170677438,0.9537307362289422,0.00014966566451320268,0.9999999999999999,362.40000000000003,,,,[],[],11,426.6,32.20000000000002,728.4,"[9, 31, 53, 64, 80, 102, 131, 148, 158, 175, 192]","[311.0000000000001, 417.8000000000001, 589.6, 432.20000000000005, 728.4, 371.00000000000017, 587.0, 32.20000000000002, 448.2, 368.0000000000001, 407.2000000000001]","[1, 1, 1, 60, 1, 94, 120, 144, 144, 165, 186]","[20, 40, 75, 75, 204, 120, 204, 149, 204, 186, 204]",30736475.840000007,728.4,-728.4,0.0,,,,DWT,mdp.39015067403892,1.1175870895385742e-08,,0.0,15.0,11.0,0.0,33.0,,0.0,168.4000000000001,987.7999999999984,168.4000000000001,,0.0,168.4000000000001,,,28.00000000000003,0.0,33.0,0.0,0.0,,5.684341886080802e-14,4.6980435684293514e-14,6.115715870718732e-27,0.9864199085599663,0.1410383064099369,0.07368026364362745,0.20459436958465665,0.053934875571058624,,0.9999996647345563,4.4059791007223055e-09,4.4059791007223055e-09,3.6787861342541454e-09,,6.125805465799743e-13,0.9999999955939887,0.0,,,,,,2.3840087137460624e-13,0.0,1.0,0.0,0.0,0.89999990096501,0.3383296774381097,476,0.8026229282250621,0.4074658673023465,492,0,0.24999997273501165,0.3557007787853618,485,0.0,0.20852396053847047,0.3678927028445621,503,11.40175425099138,0.9880484756278917,489.0,488.80108434336313,0.7377349296378453,250,bior,0.8100315533562081,0.7923003667562746,0.1952878026237719,6,189.0,3.6761218469850826e-14,0.9999999999705134,1.839667815882972e-27,0.9726154551863612,0.75666792201841,0.00019301374258303273,0.16789473684210524,0.0005253209062500504,0.999999999723432,2.0315811923854454e-05,4.745454029730922e-11,4.745454029730922e-11,3.962224992548613e-11,,6.125805465799743e-13,0.0031261328403480726,0.0,,,,,0.0,,1.1061813170906958e-13,0.0,1.0,0.0,0.0,1.0,0.3015691612044722,0.08604450842072474,1482,1.7293677639721932,0.7994610420509898,448,731.1484117468901,0.6167985263381079,965.0,688.0165803108808,0.5555166635883412,1144,0.5943810304597339,0.7715092316736338,0.3524805091760961,5,859.25,,,,,,,,,,,,,2.468287177526713e-19,0.9999999999715827,1.839667815882972e-27,0.9801363417239769,0.23391315670290413,0.0013065628244608644,0.1270154821501053,0.9999999999999999,0.0005253209062500508,0.9999999999999541,9.960751159770467e-05,3.8435400695480126e-14,3.8435400695480126e-14,3.209173378426744e-14,,0.0,4.786380409530668e-19,0.00456704015061846,0.0,,,,,0.13043478260869565,,3.499932525657665e-21,0.7209302325581395,1.0,0.0,0.0,1.0,0.42658033862811345,0.13286867808967343,1438,1.8567079860120672,0.9012633323336217,222,859.8418459228418,0.5982047448958683,830.0,384.62168674698796,0.6051771388030743,1031,1104.4,1082.5,563.6960149978129,300,0.520820561188399,0.7876173146100969,0.3991404127850916,6,774.75
bior2.8,1.0,smooth,4.8888582362948606e-27,322.57971802776916,9187791.940277275,0.6036036036036037,262.61330670368744,206,raw,4.531865713333987e-14,-2.1462065458166817e-10,5.990476003419858,181397.8746787451,0.9404045870401342,5.618943883690066e-06,1.0,327.0000000000001,,,,[],[],13,661.1538461538462,87.00000000000003,939.9999999999999,"[8, 32, 51, 63, 81, 100, 111, 133, 152, 162, 175, 192, 204]","[878.0, 638.0000000000001, 787.0000000000001, 792.0, 939.9999999999999, 788.0000000000001, 637.0000000000001, 675.0, 771.0, 195.99999999999994, 834.0000000000002, 572.0, 87.00000000000003]","[0, 13, 42, 42, 76, 99, 107, 107, 107, 161, 99, 187, 203]","[76, 42, 61, 76, 205, 164, 119, 142, 164, 164, 205, 205, 205]",37754613.0,940.9999999999999,-940.9999999999999,0.0,,,,DWT,mdp.39015067403892,0.0,,0.0,33.0,19.0,0.0,28.5,,1.1368683772161603e-13,256.3413461538462,4359.0,256.3413461538462,,0.0,256.3413461538462,,,84.00000000000003,0.0,24.0,1.1368683772161603e-13,1.1368683772161603e-13,,1.1368683772161603e-13,3.891306503615862e-14,2.6628023332880677e-27,0.9764694797213046,0.6731936981143667,0.0038846306124162865,0.3484555984555988,0.010011744114613362,0.9999999997233945,0.4742280246116333,6.6959667625959335e-09,6.6959667625959335e-09,6.082000342865356e-09,,5.718550876340534e-12,0.9999999933040264,1.3612963731558036e-13,,,,,,0.0,1.0,0.5,1.4238426238064856e-13,1.4238426238064856e-13,0.7922684098806676,0.2590182137502221,386,1.4678077891136285,0.704993051849137,675,0,0.24785233644964438,0.2961384272003483,386,0.0,0.37650189384271665,0.6838579708172299,704,175.6253113876243,0.8159063821932659,537.75,494.8484313014014,0.6261135684551236,476,bior,0.672619891330026,0.76736776154697,0.2989557476048908,5,358.25,3.8913065036158606e-14,0.0001547883299646835,2.6628023332880677e-27,0.9764694797213046,0.6731936981143668,0.004914095378076314,0.5103129445234713,0.0123537598929425,0.9999999997233944,0.9919828214562021,0.9855281704452468,0.9855281704452468,0.9855281704451347,,1.2251610931599486e-12,0.9999999999667601,7.585973278963461e-14,,,,,1.0,,0.0,1.0,0.5,1.4238426238064856e-13,1.4238426238064856e-13,0.0,2.2345701998216367,0.6375734627748868,396,1.5340487027339287,0.7091679398647305,1499,779.938779648762,0.5912270546914246,947.5,626.4949868073878,0.5473168816434062,1219,0.5943810304597339,0.7715092316736338,0.3524805091760961,5,915.5,,,,,,,,,,,,,2.6127702906742935e-19,0.03641360043841643,2.6628023332880677e-27,0.9829318976432193,0.20810828425022374,0.0024105503561043747,0.3860612066538196,1.0,0.0123537598929425,0.9999999999999541,0.0008499884728391225,0.0007982210227401261,0.0007982210227401261,0.0007982210227337874,,0.0,9.572760819061336e-19,0.020163910573049823,7.054128794466933e-19,,,,,0.4782608695652174,,0.0,1.0,0.8604651162790697,4.770970844811595e-19,4.770970844811595e-19,0.9302325581395349,0.5744527218307418,0.17892707859001003,272,1.665308622639307,0.8083563004581491,1447,830.8504678941933,0.6117521178064518,859.5,457.9220477021524,0.6050583018938801,1032,1104.4,1082.5,563.6960149978129,300,0.520820561188399,0.7876173146100969,0.3991404127850916,6,775.5
coif8,1.0,constant,2.2518153251611753e-26,315.9464647637332,5966506.115379081,0.5992063492063492,194.64275640776427,206,raw,9.88335626931358e-14,-2.2365864715823433e-10,6.330953956895437,67877.29187925174,0.8193271412562675,5.618943883690062e-06,0.9999999999999999,327.0000000000001,,,,[],[],13,661.1538461538463,86.99999999999994,940.0000000000002,"[8, 32, 51, 63, 81, 100, 111, 133, 152, 162, 175, 192, 204]","[878.0000000000002, 638.0000000000002, 787.0000000000001, 792.0000000000005, 940.0000000000002, 788.0, 637.0, 675.0, 771.0000000000001, 196.00000000000023, 834.0000000000002, 572.0000000000002, 86.99999999999994]","[0, 13, 39, 39, 76, 99, 107, 107, 107, 161, 164, 187, 203]","[76, 39, 61, 76, 205, 164, 119, 142, 164, 164, 205, 205, 205]",37754613.00000001,941.0000000000002,-941.0000000000002,0.0,,,,DWT,mdp.39015067403892,7.450580596923828e-09,,0.0,33.0,19.0,0.0,28.5,,2.2737367544323206e-13,256.3413461538463,4358.999999999998,256.34134615384625,,0.0,256.3413461538463,,,83.99999999999994,0.0,24.0,2.2737367544323206e-13,2.2737367544323206e-13,,1.1368683772161603e-13,1.0653007663365868e-13,1.513845882885133e-26,0.9519912734820037,0.7908117510817895,0.00025945176687171463,0.31547619047619024,0.0008207775121116385,0.9999999997232583,0.47422802461153424,6.696054799077647e-09,6.696054799077647e-09,6.082044361106239e-09,,5.718550876340534e-12,0.9999999933039181,2.7225927463116073e-13,,,,,,7.374542113937972e-14,1.0,0.5,2.847685247612971e-13,2.847685247612971e-13,0.7922684098808117,0.25901821375026923,306,1.493249152598189,0.7172126248880664,643,0,0.24785233644968668,0.29613842720039885,309,0.0,0.38241993050529144,0.6946071771545054,670,201.80023125193225,0.7884693592747042,482.0,418.76191233400516,0.6416141345639768,431,coif,0.5507900112560971,0.8749445204262634,0.351963635992853,2,323.75,1.0653007663365867e-13,0.0001547883299646835,1.5138458828851328e-26,0.9519912734820037,0.7908117510817895,0.0012926630803768953,0.4855263157894737,0.0031845363653441264,0.9999999997232581,0.9919828214562006,0.9855281704452481,0.9855281704452481,0.9855281704451354,,1.2251610931599486e-12,0.9999999999667596,1.5171946557926922e-13,,,,,1.0,,7.374542113937972e-14,1.0,0.5,2.847685247612971e-13,2.847685247612971e-13,0.0,2.234570199821768,0.6375734627749243,300,1.5627777484205374,0.7224489511569683,1432,800.4448763031718,0.5804796245790504,866.0,496.07390300230946,0.5633006089352275,1072,0.4784248188775415,0.776734912893196,0.43208215291776214,2,804.5,,,,,,,,,,,,,7.152832063807944e-19,0.03641360043841641,1.5138458828851328e-26,0.9651763816302116,0.2444682372154161,0.0015637071087235158,0.3673096623306338,0.9999999999999999,0.003184536365344126,0.9999999999999541,0.0008499884728391214,0.0007982210227401272,0.0007982210227401272,0.0007982210227337879,,0.0,9.572760819061336e-19,0.020163910573049813,1.4108257588933865e-18,,,,,0.4782608695652174,,2.3332883504384434e-21,1.0,0.8604651162790697,9.54194168962319e-19,9.54194168962319e-19,0.9302325581395349,0.5744527218307418,0.17892707859001003,373,1.6612435607500946,0.8063830815933544,1465,772.1606050557099,0.6391772873571449,919.0,594.6082698585419,0.6048690175103482,1033,986.6382352941176,846.0,585.0035688138154,340,0.4652856568234462,0.8173890317607586,0.42908333069536003,4,775.75
rbio6.8,1.0,reflect,1.8385563775834404e-21,266.82702295218036,6234376.864267903,0.6306306306306306,295.5514919526304,206,raw,3.33922619867925e-11,-1.9249790651371046e-10,6.484122977558878,60698.79851188092,0.7349770813860819,5.618943883691963e-06,1.0,327.0000000000577,,,,[],[],13,661.1538461537419,87.00000000001043,939.9999999998472,"[8, 32, 51, 63, 81, 100, 111, 133, 152, 162, 175, 192, 204]","[877.9999999999193, 637.9999999998581, 786.9999999998557, 791.9999999998661, 939.9999999998472, 787.9999999998796, 636.9999999998915, 674.9999999999447, 770.9999999998719, 195.99999999993565, 833.9999999998462, 571.9999999999186, 87.00000000001043]","[0, 13, 39, 39, 76, 99, 107, 107, 107, 161, 99, 187, 203]","[76, 39, 61, 76, 205, 164, 119, 142, 164, 164, 205, 205, 205]",37754612.99999653,940.9999999999047,-940.9999999999047,0.0,,,,DWT,mdp.39015067403892,3.471970558166504e-06,,0.0,33.0,19.0,0.0,28.5,,9.526957001071423e-11,256.34134615374194,4359.000000001355,256.3413461537515,,0.0,256.34134615374194,,,84.00000000001043,0.0,19.5,1.5279510989785194e-10,9.526957001071423e-11,,5.7696070143720135e-11,4.2173354493569985e-11,1.3010834378879838e-21,0.7707294131002446,0.8437239640502366,0.0005609088324652749,0.5511583011583011,0.0002395851752794864,0.9999999997237279,0.47422802462371744,6.6152373088652705e-09,6.6152373088652705e-09,6.0086659535535394e-09,,2.9021645697428214e-09,0.9999999933847491,1.8295823255214e-10,,,,,,3.4365366250950946e-11,1.0,0.0,1.1931801187498349e-10,1.1931801187498349e-10,0.7422684114587033,0.2426715941989998,675,1.5051392387370732,0.7229234735264041,618,0,0.20618567005047755,0.24635434515019675,675,0.0,0.39580152151030357,0.7189127857600668,554,57.645468165329355,0.9395749809587742,630.5,626.3564441770268,0.6393367567267666,437,rbio,0.5136782423812899,1.0,0.3404252303330971,4,328.75,4.217335449356998e-11,0.00015478832997783964,1.3010834378879838e-21,0.7707294131002445,0.8437239640502366,0.0015938085962876325,0.6626600284495021,0.0026047189555527877,0.9999999997237278,0.9919828214563864,0.9855281704440785,0.9855281704440785,0.9855281704440735,,6.21769254778674e-10,0.9999999999671609,1.0195548086926891e-10,,,,,1.0,,3.4365366250950946e-11,1.0,0.25,1.1931801187498349e-10,1.1931801187498349e-10,0.0,2.2095702002469375,0.6304403969622827,683,1.5512488695465674,0.7171193216181978,1454,545.1793282948281,0.7142665994261908,1068.5,929.4169396350024,0.5771280586229486,991,0.3888041033402703,1.0,0.4278371276618108,3,744.0,,,,,,,,,,,,,2.831678449808189e-16,0.03641360043842913,1.3010834378879838e-21,0.8336962464809051,0.26082529743090743,0.001634127601408148,0.5013146010304718,1.0,0.0026047189555527877,0.9999999999999541,0.0008499884728392619,0.0007982210227391799,0.0007982210227391799,0.0007982210227329278,,0.0,4.858176115673629e-16,0.02016391057305609,9.480749099763558e-16,,,,,0.4782608695652174,,1.0873123713043145e-18,1.0,0.7906976744186046,3.998073567952116e-16,3.998073567952116e-16,0.9302325581395349,0.5674759776446985,0.17675400427451157,685,1.6439392685306211,0.797983417140521,1519,589.7270555095806,0.7244266095749623,1102.0,944.2059891107078,0.6047366692734625,1034,818.67,599.5,715.6978453131971,300,0.38607403914171184,1.0,0.42974817260080167,3,776.25
coif8,1.0,zero,2.250050727563477e-26,315.94986937430906,5968226.371978525,0.5992063492063492,194.83312261776993,206,raw,9.976485657010293e-14,-2.2385004960767974e-10,6.3259351517331925,69525.67249307132,0.8236277057220763,5.618943883690062e-06,1.0,327.0000000000001,,,,[],[],13,661.1538461538463,86.99999999999994,940.0000000000002,"[8, 32, 51, 63, 81, 100, 111, 133, 152, 162, 175, 192, 204]","[878.0000000000002, 638.0000000000002, 787.0000000000001, 792.0000000000003, 940.0000000000002, 788.0, 637.0, 675.0, 771.0000000000001, 196.00000000000023, 834.0000000000002, 572.0000000000002, 86.99999999999994]","[0, 13, 39, 39, 76, 99, 107, 107, 107, 161, 164, 187, 203]","[76, 39, 61, 76, 205, 164, 119, 142, 164, 164, 205, 205, 205]",37754613.00000001,941.0000000000002,-941.0000000000002,0.0,,,,DWT,mdp.39015067403892,7.450580596923828e-09,,0.0,33.0,19.0,0.0,28.5,,2.2737367544323206e-13,256.3413461538463,4358.999999999998,256.34134615384625,,0.0,256.3413461538463,,,83.99999999999994,0.0,24.0,2.2737367544323206e-13,2.2737367544323206e-13,,1.1368683772161603e-13,1.0770678260409537e-13,1.512597136780274e-26,0.9520038372657946,0.7890780056648535,0.00026138771362471967,0.31547619047619024,0.0009542353467722149,0.9999999997232554,0.47422802461153424,6.696054799077647e-09,6.696054799077647e-09,6.082044361106239e-09,,5.718550876340534e-12,0.9999999933039181,2.7225927463116073e-13,,,,,,7.374542113937972e-14,1.0,0.5,2.847685247612971e-13,2.847685247612971e-13,0.7922684098808117,0.25901821375026923,307,1.4924441692672357,0.7168259886681296,646,0,0.24785233644968668,0.29613842720039885,308,0.0,0.38222170702382485,0.6942471345889275,672,203.21642814169002,0.7869848761617505,483.25,419.2799560355519,0.6402167567391561,433,coif,0.5507900112560971,0.8749445204262634,0.351963635992853,2,325.25,1.0770678260409536e-13,0.0001547883299646835,1.512597136780274e-26,0.9520038372657946,0.7890780056648535,0.0012945970263687117,0.4855263157894737,0.003317678478729568,0.9999999997232553,0.9919828214562006,0.9855281704452481,0.9855281704452481,0.9855281704451354,,1.2251610931599486e-12,0.9999999999667596,1.5171946557926922e-13,,,,,1.0,,7.374542113937972e-14,1.0,0.5,2.847685247612971e-13,2.847685247612971e-13,0.0,2.234570199821768,0.6375734627749243,301,1.561972637800693,0.7220767604705705,1435,801.8590898655449,0.579738422502335,868.0,497.6209677419355,0.5624058988821947,1078,0.4784248188775415,0.776734912893196,0.43208215291776214,2,809.0,,,,,,,,,,,,,7.231840550997508e-19,0.03641360043841641,1.512597136780274e-26,0.9651854948986474,0.24393227440849166,0.0015641593466695376,0.3673096623306338,1.0,0.0033176784787295674,0.9999999999999541,0.0008499884728391214,0.0007982210227401272,0.0007982210227401272,0.0007982210227337879,,0.0,9.572760819061336e-19,0.020163910573049813,1.4108257588933865e-18,,,,,0.4782608695652174,,2.3332883504384434e-21,1.0,0.8604651162790697,9.54194168962319e-19,9.54194168962319e-19,0.9302325581395349,0.5744527218307418,0.17892707859001003,370,1.661034530272021,0.8062816162543527,1466,774.9890321804561,0.6378555924390392,918.0,590.8714596949891,0.6044418149111084,1035,986.6382352941176,846.0,585.0035688138154,340,0.4652856568234462,0.8173890317607586,0.42908333069536003,4,777.25
sym5,1.0,antireflect,2.3030991172558388e-21,265.8486661798669,6090853.096978487,0.6355140186915887,296.71747832516263,206,raw,3.8049931598169785e-11,-2.570023083342878e-10,6.325757834307227,75036.13494876158,0.8101874435120769,5.618943883691704e-06,1.0,327.0000000000802,,,,[],[],13,661.1538461537667,86.99999999997522,939.9999999999015,"[8, 32, 51, 63, 81, 100, 111, 133, 152, 162, 175, 192, 204]","[877.999999999987, 637.9999999998365, 786.9999999998358, 791.9999999999402, 939.9999999999015, 787.9999999999354, 636.9999999998969, 674.9999999999363, 770.9999999999488, 195.99999999990348, 833.9999999998744, 571.9999999999959, 86.99999999997522]","[0, 13, 39, 39, 76, 99, 107, 107, 107, 161, 99, 187, 203]","[76, 39, 61, 76, 205, 164, 119, 142, 164, 164, 205, 205, 205]",37754612.99999759,940.9999999999696,-940.9999999999696,0.0,,,,DWT,mdp.39015067403892,2.4065375328063965e-06,,0.0,33.0,19.0,0.0,28.5,,3.035438567167148e-11,256.3413461537667,4359.000000001033,256.34134615377286,,0.0,256.3413461537667,,,83.99999999997522,0.0,19.5,9.845280146691948e-11,3.035438567167148e-11,,8.020606401260011e-11,4.8058400852811334e-11,1.6298246406771716e-21,0.7671190551212799,0.7890167513892496,0.00039938968970901353,0.587783711615487,0.0014003789019373916,0.9999999997227558,0.47422802458280977,6.634429261878667e-09,6.634429261878667e-09,6.025216812125714e-09,,4.034437643258247e-09,0.9999999933655708,1.1788826591529258e-10,,,,,,2.381977102801965e-11,1.0,0.0,3.801659805563317e-11,3.801659805563317e-11,0.7422684119491305,0.24267159435933636,663,1.490653139722737,0.7159657511125771,651,0,0.20618567012455286,0.24635434523870323,671,0.0,0.39321491081105964,0.7142146039633557,583,40.18291510911904,0.9578795439107767,642.0,640.0027885518894,0.6424617845340047,429,sym,0.8243425715244881,0.7368036147090654,0.2019191155201387,6,323.25,4.8058400852811334e-11,0.0001547883299760633,1.6298246406771716e-21,0.7671190551212798,0.7890167513892496,0.0014324563802464458,0.6901869158878502,0.003762766591833301,0.9999999997227556,0.9919828214557627,0.9855281704443561,0.9855281704443561,0.985528170444313,,8.643511512243438e-10,0.9999999999670657,6.569452859582357e-11,,,,,1.0,,2.381977102801965e-11,1.0,0.25,3.801659805563317e-11,3.801659805563317e-11,0.0,2.2095702003123088,0.6304403969809346,671,1.533122346351902,0.7087396990625632,1502,587.605735166021,0.692030537124727,1086.5,927.6042337781868,0.5612930463401413,1088,0.7763846615972358,0.5622554397616224,0.28785410495344815,6,817.5,,,,,,,,,,,,,3.2268227097727756e-16,0.036413600438427396,1.6298246406771716e-21,0.8310774365778626,0.24391333851792313,0.0015963966642065276,0.5221392018835739,1.0,0.003762766591833301,0.999999999999954,0.00084998847283879,0.0007982210227394048,0.0007982210227394048,0.0007982210227331218,,0.0,6.753582757847775e-16,0.0201639105730546,6.108875536008364e-16,,,,,0.4782608695652174,,7.536521371916172e-19,1.0,0.7906976744186046,1.273849215564696e-16,1.273849215564696e-16,0.9302325581395349,0.5674759776446976,0.1767540042745113,707,1.642686197059455,0.7973751645890893,1524,577.7062402294093,0.7300438129769116,1115.5,965.9058718063648,0.6043910653669604,1036,1409.1368421052632,1454.5,398.32527672708756,380,0.6645304607900322,0.5565550872278735,0.3678621512786154,7,778.75
rbio6.8,1.0,symmetric,1.8392068193479576e-21,266.82548678328124,6208938.099300904,0.6306306306306306,292.621770939601,206,raw,3.3446949632789964e-11,-1.6186085805997684e-10,6.4648448956892235,61897.64401425345,0.7399218557655957,5.618943883691987e-06,1.0,327.0000000000577,,,,[],[],13,661.1538461537386,86.99999999998272,939.9999999998472,"[8, 32, 51, 63, 81, 100, 111, 133, 152, 162, 175, 192, 204]","[877.9999999999054, 637.9999999998581, 786.9999999998557, 791.9999999998661, 939.9999999998472, 787.9999999998796, 636.9999999998915, 674.9999999999447, 770.9999999998719, 195.99999999993565, 833.9999999998462, 571.9999999999186, 86.99999999998272]","[0, 13, 39, 39, 76, 99, 107, 107, 107, 161, 99, 187, 203]","[76, 39, 61, 76, 205, 164, 119, 142, 164, 164, 205, 205, 205]",37754612.99999651,940.9999999999047,-940.9999999999047,0.0,,,,DWT,mdp.39015067403892,3.4868717193603516e-06,,0.0,33.0,19.0,0.0,28.5,,9.526957001071423e-11,256.34134615373864,4359.000000001397,256.34134615374825,,0.0,256.34134615373864,,,83.99999999998272,0.0,19.5,1.5279510989785194e-10,9.526957001071423e-11,,5.7696070143720135e-11,4.22424532830562e-11,1.3015437335502569e-21,0.7707237442892352,0.8370643538425586,0.0005322804903596624,0.5511583011583011,0.00033664730006902245,0.9999999997241896,0.47422802459152613,6.612684250895599e-09,6.612684250895599e-09,6.006156913823183e-09,,2.9021645697428214e-09,0.9999999933872412,1.8295823255214e-10,,,,,,3.4512857093229705e-11,1.0,0.0,1.1931801187498349e-10,1.1931801187498349e-10,0.7422684114480811,0.24267159419552706,686,1.5018305430256969,0.7213342957713167,625,0,0.2061856700473803,0.2463543451464961,685,0.0,0.3949769158558694,0.7174150160043552,562,59.016946718718,0.9381373724122453,639.5,635.2292360668177,0.6339009713214265,454,rbio,0.5136782423812899,1.0,0.3404252303330971,4,341.5,4.224245328305619e-11,0.0001547883299780617,1.3015437335502569e-21,0.7707237442892352,0.8370643538425586,0.0015652098409853188,0.6626600284495021,0.0027015514604186693,0.9999999997241895,0.9919828214558954,0.9855281704440415,0.9855281704440415,0.9855281704440371,,6.21769254778674e-10,0.9999999999671733,1.0195548086926891e-10,,,,,1.0,,3.4512857093229705e-11,1.0,0.25,1.1931801187498349e-10,1.1931801187498349e-10,0.0,2.209570200246837,0.6304403969622541,688,1.5479400967806232,0.7155897250925312,1461,546.5935418572012,0.7135253973494753,1074.5,935.4751046998605,0.5751851305405657,1005,0.3888041033402703,1.0,0.4278371276618108,3,754.5,,,,,,,,,,,,,2.836318003750377e-16,0.03641360043842928,1.3015437335502569e-21,0.8336921345511473,0.25876657338465275,0.0016274400090909736,0.5013146010304718,1.0,0.0027015514604186693,0.9999999999999543,0.0008499884728388905,0.00079822102273915,0.00079822102273915,0.0007982210227328984,,0.0,4.858176115673629e-16,0.020163910573056283,9.480749099763558e-16,,,,,0.4782608695652174,,1.0919789480051914e-18,1.0,0.7906976744186046,3.998073567952116e-16,3.998073567952116e-16,0.9302325581395349,0.5674759776446984,0.17675400427451152,692,1.6429428285554268,0.7974997359050873,1522,586.8986283848344,0.725748304493068,1107.0,951.4218608852756,0.6042292924334499,1037,818.67,599.5,715.6978453131971,300,0.38607403914171184,1.0,0.42974817260080167,3,778.5
db10,1.0,periodization,8.445306955839248e-27,320.2056380765388,5949541.303645046,0.5970873786407767,289.5292701824544,206,raw,6.343875620673264e-14,-2.0790802413017957e-10,6.345802318721489,63117.30860590066,0.763248067317285,5.6189438836900665e-06,1.0,327.00000000000006,,,,[],[],13,661.1538461538462,86.99999999999996,940.0000000000001,"[8, 32, 51, 63, 81, 100, 111, 133, 152, 162, 175, 192, 204]","[878.0, 638.0000000000002, 787.0000000000001, 792.0000000000001, 940.0000000000001, 787.9999999999999, 636.9999999999999, 675.0, 770.9999999999998, 195.99999999999994, 834.0, 572.0, 86.99999999999996]","[0, 13, 39, 39, 76, 99, 107, 107, 107, 161, 164, 187, 203]","[76, 39, 61, 76, 205, 164, 119, 142, 164, 164, 205, 205, 205]",37754613.0,941.0000000000001,-941.0000000000001,0.0,,,,DWT,mdp.39015067403892,0.0,,0.0,33.0,19.0,0.0,28.5,,1.1368683772161603e-13,256.3413461538462,4359.0,256.34134615384613,,0.0,256.3413461538462,,,83.99999999999996,0.0,24.0,1.1368683772161603e-13,1.1368683772161603e-13,,5.684341886080802e-14,6.180812457848402e-14,5.179580941313649e-27,0.9677085872358806,0.795941115229772,0.000240359863836748,0.2995839112343963,0.00043539500072065665,0.9999999997234956,0.4742280246115508,6.6959667625959335e-09,6.6959667625959335e-09,6.0819563246244724e-09,,2.859275438170267e-12,0.9999999933040264,1.3612963731558036e-13,,,,,,0.0,1.0,0.5,1.4238426238064856e-13,1.4238426238064856e-13,0.7922684098791999,0.25901821374974227,470,1.4987236122717964,0.719842026408583,634,0,0.24785233644939558,0.296138427200051,469,0.0,0.3829886710360205,0.6956402071382227,666,105.0281708241492,0.8899075777524641,559.75,545.0598004425225,0.6515837679118714,412,db,0.540986235965534,0.9305070477545101,0.3421575204977732,3,309.75,6.180812457848402e-14,0.0001547883299646835,5.179580941313649e-27,0.9677085872358806,0.7959411152297721,0.0012735909084314067,0.4735820132856412,0.0028000655535788763,0.9999999997234955,0.9919828214562009,0.9855281704452468,0.9855281704452468,0.9855281704451341,,6.125805465799743e-13,0.9999999999667601,7.585973278963461e-14,,,,,1.0,,0.0,1.0,0.5,1.4238426238064856e-13,1.4238426238064856e-13,0.0,2.23457019982133,0.6375734627747992,476,1.569831773334724,0.7257099221465027,1407,658.3164132846757,0.6549704332889541,941.5,711.3457249070632,0.5807608979861961,976,0.49117026184683504,0.8233619396015222,0.4091722348267588,4,733.0,,,,,,,,,,,,,4.1500311391790725e-19,0.03641360043841644,5.179580941313649e-27,0.9765770951183743,0.246053907394922,0.0015592472324377753,0.3582735759707752,1.0,0.0028000655535788763,0.9999999999999541,0.0008499884728391216,0.0007982210227401261,0.0007982210227401261,0.0007982210227337869,,0.0,4.786380409530668e-19,0.020163910573049823,7.054128794466933e-19,,,,,0.4782608695652174,,0.0,1.0,0.8604651162790697,4.770970844811595e-19,4.770970844811595e-19,0.9302325581395349,0.5744527218307418,0.17892707859001003,257,1.6651063711259526,0.8082581256916976,1448,842.1641763931781,0.6064653381340289,852.5,436.5231671554252,0.6040504260763602,1038,1009.0473684210526,935.5,610.6543869996938,760,0.4758535102197843,0.8532293215616218,0.41093374637766444,5,779.75
rbio2.6,1.0,constant,3.392255069325151e-27,321.9425137410577,4877636.698495006,0.5458715596330275,88.08672277104617,206,smoothed,3.840724933344037e-14,-2.1014019413456738e-10,6.230167355571091,34460.472145089036,0.9780502967356313,0.00014966566451320274,0.9999999999999999,362.40000000000003,,,,[],[],11,426.6,32.20000000000002,728.4000000000001,"[9, 31, 53, 64, 80, 102, 131, 148, 158, 175, 192]","[311.00000000000017, 417.79999999999995, 589.6000000000001, 432.20000000000016, 728.4000000000001, 371.0, 587.0000000000001, 32.20000000000002, 448.20000000000005, 368.0000000000001, 407.20000000000016]","[1, 1, 1, 60, 1, 94, 120, 144, 144, 165, 186]","[20, 40, 75, 75, 204, 120, 204, 149, 204, 186, 204]",30736475.84,728.4000000000001,-728.4000000000001,0.0,,,,DWT,mdp.39015067403892,3.725290298461914e-09,,0.0,15.0,11.0,0.0,33.0,,1.1368683772161603e-13,168.4000000000001,987.7999999999984,168.4000000000001,,0.0,168.4000000000001,,,28.00000000000003,0.0,33.0,1.1368683772161603e-13,1.1368683772161603e-13,,5.684341886080802e-14,3.5538426348280107e-14,5.13988388313733e-27,0.9879669638787222,0.1382287141987832,0.026162213694803316,0.2253003483189008,0.049837307259567074,,0.9999996647345563,4.4059791007223055e-09,4.4059791007223055e-09,3.6787861342541454e-09,,6.125805465799743e-13,0.9999999955939887,7.585973278963461e-14,,,,,,7.946695712486874e-14,0.0,1.0,1.7477015598164352e-13,1.7477015598164352e-13,0.8999999009650385,0.3383296774381204,472,0.7850307045054243,0.3985348606694422,561,0,0.24999997273503388,0.35570077878539347,471,0.0,0.20392793533583034,0.3597840704851213,553,49.47305664028991,0.9481414500625892,514.25,510.68377415565726,0.7045476642346489,324,rbio,0.7685897546424816,0.816051598246696,0.21717169227625407,5,244.25,3.01803813759272e-14,0.9999999999705138,1.603706833152404e-27,0.9741180516473524,0.7559950362491102,6.853486306611237e-05,0.18488652824722346,0.00048541095418242614,0.9999999997234619,2.0315811923854454e-05,4.745454029730922e-11,4.745454029730922e-11,3.962224992548613e-11,,6.125805465799743e-13,0.0031261328403480726,7.585973278963461e-14,,,,,0.0,,3.687271056968986e-14,0.0,1.0,1.4238426238064856e-13,1.4238426238064856e-13,1.0,0.3015691612045302,0.0860445084207413,1469,1.73665139210561,0.8028281551999469,380,770.0392847121502,0.5964154692284328,924.5,603.8074634937805,0.5559383425806734,1137,0.3888041033402703,1.0,0.4278371276618108,3,853.5,,,,,,,,,,,,,2.0264248973184113e-19,0.9999999999715831,1.603706833152404e-27,0.9812262653590423,0.23370514361047973,0.0012774544248292032,0.13987008747311064,0.9999999999999999,0.00048541095418242657,0.9999999999999541,9.960751159770467e-05,3.8435400695480126e-14,3.8435400695480126e-14,3.209173378426744e-14,,0.0,4.786380409530668e-19,0.00456704015061846,7.054128794466933e-19,,,,,0.13043478260869565,,1.1666441752192217e-21,0.7209302325581395,1.0,4.770970844811595e-19,4.770970844811595e-19,1.0,0.42658033862811345,0.13286867808967343,1435,1.8623692575954536,0.9040113662360596,177,889.5403307326768,0.5843269482557585,806.0,315.1302729528536,0.6038457171185334,1039,818.67,599.5,715.6978453131971,300,0.38607403914171184,1.0,0.42974817260080167,3,780.0
bior1.3,1.0,smooth,3.725690490390218e-27,321.53533100953075,4988361.411018777,0.5428571428571428,134.6089763702733,206,smoothed,4.3615596571293533e-14,-2.121218534156815e-10,6.232115209356066,34954.58170677438,0.9537307362289422,0.00014966566451320268,0.9999999999999999,362.40000000000003,,,,[],[],11,426.6,32.20000000000002,728.4,"[9, 31, 53, 64, 80, 102, 131, 148, 158, 175, 192]","[311.0000000000001, 417.8000000000001, 589.6, 432.20000000000005, 728.4, 371.00000000000017, 587.0, 32.20000000000002, 448.2, 368.0000000000001, 407.2000000000001]","[1, 1, 1, 60, 1, 94, 120, 144, 144, 165, 186]","[20, 40, 75, 75, 204, 120, 204, 149, 204, 186, 204]",30736475.840000007,728.4,-728.4,0.0,,,,DWT,mdp.39015067403892,1.1175870895385742e-08,,0.0,15.0,11.0,0.0,33.0,,0.0,168.4000000000001,987.7999999999984,168.4000000000001,,0.0,168.4000000000001,,,28.00000000000003,0.0,33.0,0.0,0.0,,5.684341886080802e-14,4.6980435684293514e-14,6.115715870718732e-27,0.9864199085599663,0.1410383064099369,0.07368026364362745,0.20459436958465665,0.053934875571058624,,0.9999996647345563,4.4059791007223055e-09,4.4059791007223055e-09,3.6787861342541454e-09,,6.125805465799743e-13,0.9999999955939887,0.0,,,,,,2.3840087137460624e-13,0.0,1.0,0.0,0.0,0.89999990096501,0.3383296774381097,478,0.8026229282250621,0.4074658673023465,490,0,0.24999997273501165,0.3557007787853618,482,0.0,0.20852396053847047,0.3678927028445621,502,10.583005244258363,0.9889067030982617,488.0,487.82943580341555,0.7386881523877052,248,bior,0.8100315533562081,0.7923003667562746,0.1952878026237719,6,187.5,3.6761218469850826e-14,0.9999999999705134,1.839667815882972e-27,0.9726154551863612,0.75666792201841,0.00019301374258303273,0.16789473684210524,0.0005253209062500504,0.999999999723432,2.0315811923854454e-05,4.745454029730922e-11,4.745454029730922e-11,3.962224992548613e-11,,6.125805465799743e-13,0.0031261328403480726,0.0,,,,,0.0,,1.1061813170906958e-13,0.0,1.0,0.0,0.0,1.0,0.3015691612044722,0.08604450842072474,1485,1.7293677639721932,0.7994610420509898,450,731.8555185280767,0.6164279252997502,967.5,690.6976744186046,0.5546762268008185,1150,0.5943810304597339,0.7715092316736338,0.3524805091760961,5,863.75,,,,,,,,,,,,,2.468287177526713e-19,0.9999999999715827,1.839667815882972e-27,0.9801363417239769,0.23391315670290413,0.0013065628244608644,0.1270154821501053,0.9999999999999999,0.0005253209062500508,0.9999999999999541,9.960751159770467e-05,3.8435400695480126e-14,3.8435400695480126e-14,3.209173378426744e-14,,0.0,4.786380409530668e-19,0.00456704015061846,0.0,,,,,0.13043478260869565,,3.499932525657665e-21,0.7209302325581395,1.0,0.0,0.0,1.0,0.42658033862811345,0.13286867808967343,1443,1.8567079860120672,0.9012633323336217,220,864.7915933911477,0.5958917787891833,831.5,381.7919422730006,0.6036701884600122,1040,1104.4,1082.5,563.6960149978129,300,0.520820561188399,0.7876173146100969,0.3991404127850916,6,781.5
db18,1.0,periodization,1.5090224892405957e-26,317.68483534659896,5944958.599693641,0.6067961165048543,299.911812134829,206,raw,8.208131495118068e-14,-2.0454893334687365e-10,6.350694015252788,63117.308605900645,0.7674179340877177,5.618943883690066e-06,1.0,326.99999999999994,,,,[],[],13,661.1538461538462,87.00000000000006,940.0,"[8, 32, 51, 63, 81, 100, 111, 133, 152, 162, 175, 192, 204]","[877.9999999999999, 638.0, 786.9999999999998, 791.9999999999999, 940.0, 787.9999999999998, 637.0, 675.0000000000001, 771.0, 195.99999999999994, 834.0000000000002, 572.0000000000001, 87.00000000000006]","[0, 13, 42, 42, 76, 99, 107, 107, 107, 161, 164, 187, 203]","[76, 42, 61, 76, 205, 164, 119, 142, 164, 164, 205, 205, 205]",37754613.0,941.0,-941.0,0.0,,,,DWT,mdp.39015067403892,0.0,,0.0,33.0,19.0,0.0,28.5,,0.0,256.3413461538462,4359.0,256.34134615384613,,0.0,256.3413461538462,,,84.00000000000006,0.0,28.5,0.0,0.0,,5.684341886080802e-14,8.536332097926837e-14,9.881964873614254e-27,0.9584062544806081,0.7976309509910767,0.00023520256879275628,0.3723994452149788,0.00043539500072065546,0.9999999997235463,0.47422802461166635,6.6959667625959335e-09,6.6959667625959335e-09,6.0819563246244724e-09,,2.859275438170267e-12,0.9999999933040264,0.0,,,,,,0.0,1.0,1.0,0.0,0.0,0.8422684098791097,0.27536483381684607,188,1.5231107654440237,0.7315552586644106,582,0,0.2895190031160368,0.34592250956978576,188,0.0,0.39113840599747607,0.7104429513065361,597,231.88700552927352,0.756931860032208,388.75,285.0717989002357,0.6747185505611775,376,db,0.540986235965534,0.9305070477545101,0.3421575204977732,3,282.75,8.536332097926837e-14,0.0001547883299646835,9.881964873614254e-27,0.9584062544806081,0.7976309509910768,0.0012684389433458686,0.5283086356668368,0.002800065553578875,0.9999999997235461,0.9919828214562026,0.9855281704452468,0.9855281704452468,0.9855281704451341,,6.125805465799743e-13,0.9999999999667601,0.0,,,,,1.0,,0.0,1.0,0.75,0.0,0.0,0.0,2.2595701998212356,0.6447065287087245,188,1.586983364532176,0.733638848114252,1353,823.7794000823278,0.5682497903132454,770.5,330.12848799480855,0.5822118972530588,967,0.49117026184683504,0.8233619396015222,0.4091722348267588,4,726.25,,,,,,,,,,,,,5.731616071894588e-19,0.03641360043841643,9.881964873614254e-27,0.9698295533834991,0.24657629615455365,0.001558042486225565,0.39967528074685416,1.0,0.002800065553578875,0.9999999999999541,0.0008499884728391229,0.0007982210227401261,0.0007982210227401261,0.0007982210227337869,,0.0,4.786380409530668e-19,0.020163910573049823,0.0,,,,,0.4782608695652174,,0.0,1.0,0.9302325581395349,0.0,0.0,0.9302325581395349,0.5814294660167882,0.18110015290550946,41,1.677879120002169,0.8144581368415201,1413,970.1505037879432,0.5466586430897462,727.0,79.68775790921595,0.603469508460761,1041,1009.0473684210526,935.5,610.6543869996938,760,0.4758535102197843,0.8532293215616218,0.41093374637766444,5,782.0
bior3.9,1.0,constant,3.491881308695199e-27,324.0411977352051,6825581.105957235,0.6026785714285714,199.44982674801008,206,raw,3.4992505117894266e-14,-2.0883783591330324e-10,6.0107712302642105,80892.38060130518,0.8978656407975981,5.618943883690066e-06,1.0,327.0,,,,[],[],13,661.1538461538462,87.0,939.9999999999999,"[8, 32, 51, 63, 81, 100, 111, 133, 152, 162, 175, 192, 204]","[878.0, 638.0, 786.9999999999998, 792.0, 939.9999999999999, 788.0, 637.0, 675.0, 771.0, 196.0, 834.0, 572.0, 87.0]","[0, 13, 39, 39, 76, 99, 107, 107, 107, 161, 164, 187, 203]","[76, 39, 61, 76, 205, 164, 119, 142, 164, 164, 205, 205, 205]",37754613.0,940.9999999999999,-940.9999999999999,0.0,,,,DWT,mdp.39015067403892,0.0,,0.0,33.0,19.0,0.0,28.5,,1.1368683772161603e-13,256.3413461538462,4359.0,256.34134615384613,,0.0,256.3413461538462,,,84.0,0.0,24.0,1.1368683772161603e-13,1.1368683772161603e-13,,0.0,2.5865792817659416e-14,1.674208956989211e-27,0.9818626707045484,0.6802046808860782,0.0012262397676473837,0.3415178571428569,0.0018745181010255624,0.9999999997234816,0.4742280246116003,6.6959667625959335e-09,6.6959667625959335e-09,6.0819563246244724e-09,,0.0,0.9999999933040264,1.3612963731558036e-13,,,,,,0.0,1.0,0.5,1.4238426238064856e-13,1.4238426238064856e-13,0.7922684098777852,0.25901821374927975,523,1.4671900127365451,0.7046963317631212,676,0,0.24785233644916138,0.2961384271997712,524,0.0,0.375835745790708,0.6826480150040971,708,98.1576113537135,0.8971094220610969,607.75,595.9331594820037,0.6300274573617853,463,bior,0.672619891330026,0.76736776154697,0.2989557476048908,5,348.5,2.5865792817659397e-14,0.0001547883299646835,1.6742089569892104e-27,0.9818626707045484,0.6802046808860783,0.0022584519256197335,0.5050986842105263,0.004235784119549324,0.9999999997234815,0.9919828214562016,0.9855281704452468,0.9855281704452468,0.9855281704451341,,0.0,0.9999999999667601,7.585973278963461e-14,,,,,1.0,,0.0,1.0,0.5,1.4238426238064856e-13,1.4238426238064856e-13,0.0,2.234570199821024,0.6375734627747119,522,1.534129392548998,0.7092052415682676,1498,690.1362184380704,0.6382933865628562,1010.0,774.2138613861387,0.5544716408705266,1153,0.5943810304597339,0.7715092316736338,0.3524805091760961,5,866.0,,,,,,,,,,,,,1.7367271109566768e-19,0.03641360043841643,1.6742089569892104e-27,0.9868439036099983,0.2102756301413329,0.0017895491774843272,0.38211652202485646,1.0,0.004235784119549324,0.9999999999999541,0.0008499884728391221,0.0007982210227401261,0.0007982210227401261,0.0007982210227337869,,0.0,0.0,0.020163910573049823,7.054128794466933e-19,,,,,0.4782608695652174,,0.0,1.0,0.8604651162790697,4.770970844811595e-19,4.770970844811595e-19,0.9302325581395349,0.5744527218307418,0.17892707859001003,270,1.6636039344146767,0.807528828932473,1453,836.5073221436858,0.6091087279702403,861.5,455.38015089959373,0.6032693172561482,1042,1104.4,1082.5,563.6960149978129,300,0.520820561188399,0.7876173146100969,0.3991404127850916,6,783.0
db13,1.0,smooth,6.535321998725342e-27,319.0947288388628,4963297.774146461,0.5652173913043478,75.15634848579224,206,smoothed,5.3963306315372645e-14,-2.0768433639517576e-10,6.192752729869357,39364.791349716455,0.9882129506500488,0.00014966566451320276,1.0,362.4,,,,[],[],11,426.59999999999997,32.19999999999993,728.4,"[9, 31, 53, 64, 80, 102, 131, 148, 158, 175, 192]","[311.0, 417.80000000000007, 589.6000000000001, 432.20000000000005, 728.4, 370.9999999999999, 586.9999999999999, 32.19999999999993, 448.20000000000016, 367.9999999999999, 407.2]","[1, 1, 1, 60, 1, 94, 120, 144, 144, 165, 186]","[20, 40, 75, 75, 205, 120, 205, 149, 205, 186, 205]",30736475.84,728.4,-728.4,0.0,,,,DWT,mdp.39015067403892,3.725290298461914e-09,,0.0,15.0,11.0,0.0,33.0,,0.0,168.40000000000003,987.7999999999993,168.4,,0.0,168.40000000000003,,,27.999999999999943,0.0,33.0,0.0,0.0,,0.0,6.971290456379034e-14,1.433838246802355e-26,0.9771470532133271,0.08426170611755722,0.06292408174302228,0.3581865445433984,0.09050800971223105,,0.9999996646602125,4.4059199552998455e-09,4.4059199552998455e-09,3.6786974161203912e-09,,0.0,0.9999999955940747,0.0,,,,,,7.946695712486874e-14,0.0,1.0,0.0,0.0,0.899999900942302,0.33832967742957326,616,0.8393589475605586,0.4261155637580358,377,0,0.24999997272874197,0.35570077877644135,612,0.0,0.22471819933280085,0.3964637230053715,358,142.5374219868827,0.8505897044162656,490.75,459.6021470109318,0.6680883532563509,399,db,0.573477938514061,0.8443824841957417,0.34525069778143475,3,300.0,4.983572925248052e-14,0.999999999970514,3.827949113952237e-27,0.9636090806513194,0.7430701599608768,0.00016483671359490085,0.2939359267734553,0.0008815399902476198,0.999999999723499,2.0315811922300142e-05,4.745387416349445e-11,4.745387416349445e-11,3.962136174706643e-11,,0.0,0.0031261328403482946,0.0,,,,,0.0,,3.687271056968986e-14,0.0,1.0,0.0,0.0,1.0,0.301569161204128,0.08604450842062654,1605,1.7677099333140776,0.8171860576868493,122,1048.63935649965,0.45039866011548746,863.5,226.7631731325999,0.49891526297178984,1551,0.49117026184683504,0.8233619396015222,0.4091722348267588,4,1164.25,,,,,,,,,,,,,3.3461592574107555e-19,0.9999999999715833,3.827949113952237e-27,0.9736034762961446,0.22970960141211277,0.0012999738495005945,0.2223679798579941,1.0,0.0008815399902476198,0.9999999999999541,9.960751159770347e-05,3.8434858594393884e-14,3.8434858594393884e-14,3.209086642252945e-14,,0.0,0.0,0.004567040150618464,0.0,,,,,0.13043478260869565,,1.1666441752192217e-21,0.7209302325581395,1.0,0.0,0.0,1.0,0.42658033862811345,0.13286867808967343,1415,1.888966681339247,0.9169220031996606,48,966.6149698820104,0.5483107617373784,731.5,92.8503075871497,0.6032441659154182,1043,1009.0473684210526,935.5,610.6543869996938,760,0.4758535102197843,0.8532293215616218,0.41093374637766444,5,783.5
db16,1.0,zero,7.708626224319887e-27,318.37762886124386,4963488.463567796,0.5466101694915254,57.25375900251938,206,smoothed,6.006845506437934e-14,-2.1237793745854154e-10,6.192514814048015,40699.8046078713,0.9885317366877857,0.00014966566451320255,0.9999999999999999,362.4000000000001,,,,[],[],11,426.60000000000014,32.19999999999999,728.4000000000003,"[9, 31, 53, 64, 80, 102, 131, 148, 158, 175, 192]","[311.0000000000001, 417.8000000000002, 589.6000000000003, 432.19999999999993, 728.4000000000003, 371.0000000000001, 587.0, 32.19999999999999, 448.2000000000003, 368.0, 407.2000000000001]","[1, 1, 1, 60, 1, 94, 120, 144, 144, 165, 186]","[20, 40, 75, 75, 205, 120, 205, 149, 205, 186, 205]",30736475.84000001,728.4000000000003,-728.4000000000003,0.0,,,,DWT,mdp.39015067403892,1.4901161193847656e-08,,0.0,15.0,11.0,0.0,33.0,,3.410605131648481e-13,168.4000000000002,987.7999999999975,168.40000000000015,,0.0,168.4000000000002,,,28.0,0.0,33.0,3.410605131648481e-13,3.410605131648481e-13,,1.1368683772161603e-13,8.31250612026935e-14,1.7772174207492512e-26,0.9744224943149308,0.08391853537049689,0.06300591703743115,0.23037384716130066,0.10157905234370311,,0.999999664709775,4.406097391567225e-09,4.406097391567225e-09,3.6788452796766485e-09,,1.2251610931599486e-12,0.9999999955939026,2.275791983689038e-13,,,,,,3.1786782849947497e-13,0.0,1.0,5.243104679449306e-13,5.243104679449306e-13,0.8999999009582909,0.33832967743558384,515,0.7908968825949491,0.4015129307680427,547,0,0.24999997273312802,0.3557007787826818,517,0.0,0.20761426374684946,0.36628775149712817,522,14.795832746644125,0.9844907413557189,525.25,524.9449973719297,0.7169571107197882,290,db,0.573477938514061,0.8443824841957417,0.34525069778143475,3,218.25,5.754969061423206e-14,0.9999999999705125,4.658256875583809e-27,0.9609628193904198,0.7429879719795676,0.00016505109035833978,0.18904995539696712,0.0009893709639306036,0.9999999997234281,2.0315811923354854e-05,4.745570603148508e-11,4.745570603148508e-11,3.9622916059300906e-11,,1.2251610931599486e-12,0.003126132840347795,2.275791983689038e-13,,,,,0.0,,1.4749084227875944e-13,0.0,1.0,4.2715278714194565e-13,4.2715278714194565e-13,1.0,0.3015691612050822,0.0860445084208988,1338,1.724169933594116,0.797058162237319,500,592.5554826343268,0.6894363298562228,919.0,727.9651795429814,0.6038900726849248,854,0.49117026184683504,0.8233619396015222,0.4091722348267588,4,641.5,,,,,,,,,,,,,3.8641037845423423e-19,0.9999999999715818,4.658256875583809e-27,0.9716839837592663,0.22968419416331623,0.0013000239798080502,0.14301979732565268,0.9999999999999999,0.0009893709639306038,0.9999999999999541,9.960751159770423e-05,3.843648489765261e-14,3.843648489765261e-14,3.209227588535368e-14,,0.0,9.572760819061336e-19,0.004567040150618456,2.11623863834008e-18,,,,,0.13043478260869565,,4.666576700876887e-21,0.7209302325581395,1.0,1.4312912534434783e-18,1.4312912534434783e-18,1.0,0.42658033862811345,0.13286867808967343,1446,1.8561061666344114,0.9009712036080195,227,861.9631662664015,0.597213473707289,836.5,392.39928272564254,0.6031628116199996,1044,1009.0473684210526,935.5,610.6543869996938,760,0.4758535102197843,0.8532293215616218,0.41093374637766444,5,784.25
coif11,1.0,periodic,2.5141165543955926e-26,313.24354466545196,5818103.123116906,0.5185185185185185,98.66726863208933,206,smoothed,1.1725679758332335e-13,-2.2321948733861104e-10,6.599711996305684,29899.339149501524,0.9785748221798046,0.0001496656645132028,0.9999999999999999,362.40000000000015,,,,[],[],11,426.6,32.19999999999996,728.3999999999997,"[9, 31, 53, 64, 80, 102, 131, 148, 158, 175, 192]","[311.00000000000006, 417.80000000000007, 589.6000000000001, 432.2, 728.3999999999997, 371.0, 587.0000000000001, 32.19999999999996, 448.19999999999993, 367.9999999999999, 407.2000000000003]","[1, 1, 1, 60, 1, 94, 120, 144, 144, 165, 186]","[20, 40, 75, 75, 204, 120, 204, 149, 204, 186, 204]",30736475.84000001,728.3999999999997,-728.3999999999997,0.0,,,,DWT,mdp.39015067403892,1.4901161193847656e-08,,0.0,15.0,11.0,0.0,33.0,,2.2737367544323206e-13,168.4000000000001,987.7999999999984,168.40000000000003,,0.0,168.4000000000001,,,27.99999999999997,0.0,33.0,2.2737367544323206e-13,2.2737367544323206e-13,,1.7053025658242404e-13,2.0875983921004614e-13,6.879023773095895e-26,0.9549159886430065,0.6712614049941834,0.4297679627797834,0.037412763508166164,0.012012590888019148,,0.9999996646849938,4.4059791007223055e-09,4.4059791007223055e-09,3.6787269888316428e-09,,1.837741639739923e-12,0.9999999955939887,1.5171946557926922e-13,,,,,,3.1786782849947497e-13,0.0,1.0,3.4954031196328703e-13,3.4954031196328703e-13,0.8999999009509916,0.33832967743283987,568,1.143234418831324,0.5803833750789352,145,0,0.2499999727310561,0.3557007787797339,567,0.0,0.30076724440190966,0.530634820978838,156,240.7972868064201,0.7475919425509223,359.0,237.6561408604841,0.6856408350071174,355,coif,0.5556920286951962,0.9053407607371553,0.33941335169221604,4,267.25,1.2980815353956566e-13,0.999999999970514,1.6994676012493353e-26,0.9420168864081979,0.8836541715442425,0.0011258255445396451,0.030701754385965008,0.00011700157022502718,0.9999999997232648,2.0315811922799742e-05,4.745454029730922e-11,4.745454029730922e-11,3.962169481397382e-11,,1.837741639739923e-12,0.0031261328403480726,1.5171946557926922e-13,,,,,0.0,,1.4749084227875944e-13,0.0,1.0,2.847685247612971e-13,2.847685247612971e-13,1.0,0.30156916120529254,0.0860445084209588,1324,1.7199276326522848,0.7950970094956602,545,550.8361825443205,0.7113017911193289,934.5,772.1562332798288,0.6107609584527462,827,0.4784248188775415,0.776734912893196,0.43208215291776214,2,620.75,,,,,,,,,,,,,8.715810146034827e-19,0.9999999999715835,1.6994676012493353e-26,0.9579413584558194,0.27316915477034626,0.0015246934729520583,0.023226446579172888,0.9999999999999999,0.00011700157022502761,0.9999999999999541,9.960751159770391e-05,3.8435400695480126e-14,3.8435400695480126e-14,3.20911916831812e-14,,0.0,1.4359141228592004e-18,0.00456704015061846,1.4108257588933865e-18,,,,,0.13043478260869565,,4.666576700876887e-21,0.7209302325581395,1.0,9.54194168962319e-19,9.54194168962319e-19,1.0,0.42658033862811345,0.13286867808967343,1525,1.8214491184463568,0.8841483499476002,687,592.5554826343268,0.7231049146568567,1106.0,947.2649186256781,0.6031412423751573,1045,986.6382352941176,846.0,585.0035688138154,340,0.4652856568234462,0.8173890317607586,0.42908333069536003,4,784.75
db8,1.0,smooth,4.3835277263290125e-27,323.05355488991734,12098261.068843674,0.6227272727272727,289.69495605556074,206,raw,4.216260566139575e-14,-2.0637480613317218e-10,5.49893539548944,241431.29863135255,0.9440237042429032,5.618943883690066e-06,0.9999999999999999,327.0,,,,[],[],13,661.1538461538462,86.99999999999994,940.0,"[8, 32, 51, 63, 81, 100, 111, 133, 152, 162, 175, 192, 204]","[877.9999999999999, 637.9999999999999, 787.0, 792.0, 940.0, 788.0, 637.0000000000001, 675.0, 770.9999999999999, 196.0, 833.9999999999999, 571.9999999999999, 86.99999999999994]","[0, 13, 42, 42, 76, 99, 107, 107, 107, 161, 164, 187, 203]","[76, 42, 61, 76, 205, 164, 119, 142, 164, 164, 205, 205, 205]",37754613.0,941.0,-941.0,0.0,,,,DWT,mdp.39015067403892,0.0,,0.0,33.0,19.0,0.0,28.5,,0.0,256.3413461538462,4359.0,256.3413461538461,,0.0,256.3413461538462,,,83.99999999999994,0.0,28.5,0.0,0.0,,0.0,3.492533924745657e-14,2.3051970034331683e-27,0.9782180450140444,0.5033910760384384,0.007160021772659855,0.49188311688311653,0.014872230036860624,0.9999999997235187,0.47422802461153424,6.6959667625959335e-09,6.6959667625959335e-09,6.081912306383589e-09,,0.0,0.9999999933040264,0.0,,,,,,0.0,1.0,1.0,0.0,0.0,0.8422684098776272,0.2753648338163614,224,1.4449085145713847,0.6939944527379981,731,0,0.2895190031157839,0.34592250956948356,224,0.0,0.3744405611835842,0.6801138760530148,719,289.2939681362195,0.6967568468173799,474.5,342.2494720119072,0.5996886959453775,542,db,0.540986235965534,0.9305070477545101,0.3421575204977732,3,407.25,3.492533924745656e-14,0.0001547883299646835,2.3051970034331676e-27,0.9782180450140444,0.5033910760384386,0.0081861014888599,0.6181100478468897,0.01720274736088732,0.9999999997235186,0.9919828214562006,0.9855281704452468,0.9855281704452468,0.9855281704451335,,0.0,0.9999999999667601,0.0,,,,,1.0,,0.0,1.0,0.75,0.0,0.0,0.0,2.2595701998209283,0.6447065287086368,226,1.496890970243594,0.691990471800481,1589,963.7865427572643,0.49487078471841495,907.5,395.71790633608816,0.5096209269504024,1481,0.49117026184683504,0.8233619396015222,0.4091722348267588,4,1111.75,,,,,,,,,,,,,2.3450193063096613e-19,0.03641360043841643,2.3051970034331676e-27,0.9842002372736447,0.1556162118490836,0.00317568305845152,0.46761171449305655,0.9999999999999999,0.01720274736088732,0.9999999999999541,0.0008499884728391214,0.0007982210227401261,0.0007982210227401261,0.0007982210227337863,,0.0,0.0,0.020163910573049823,0.0,,,,,0.4782608695652174,,0.0,1.0,0.9302325581395349,0.0,0.0,0.9302325581395349,0.5814294660167882,0.18110015290550946,84,1.6747659546910385,0.8129469774327424,1422,946.1088732276006,0.5578930498936445,753.0,158.62948207171314,0.60301194550757,1046,1009.0473684210526,935.5,610.6543869996938,760,0.4758535102197843,0.8532293215616218,0.41093374637766444,5,785.75
sym9,1.0,periodization,3.6391565594794455e-25,303.8617850716401,6009793.670471726,0.6213592233009708,291.06423510980005,206,raw,4.794022482030145e-13,-1.8541435053976058e-10,6.282181231196334,63117.30860590066,0.7676845089915938,5.61894388369006e-06,1.0,326.9999999999998,,,,[],[],13,661.1538461538463,86.99999999999989,940.0000000000003,"[8, 32, 51, 63, 81, 100, 111, 133, 152, 162, 175, 192, 204]","[877.999999999999, 638.0000000000013, 787.0000000000014, 791.9999999999999, 940.0000000000003, 787.9999999999995, 637.0000000000001, 675.0000000000001, 770.9999999999993, 196.00000000000108, 834.0000000000007, 571.9999999999992, 86.99999999999989]","[0, 13, 42, 42, 76, 99, 107, 107, 107, 161, 164, 187, 203]","[76, 42, 61, 76, 205, 164, 119, 142, 164, 164, 205, 205, 205]",37754612.999999985,940.9999999999997,-940.9999999999997,0.0,,,,DWT,mdp.39015067403892,1.4901161193847656e-08,,0.0,33.0,19.0,0.0,28.5,,3.410605131648481e-13,256.3413461538463,4358.999999999998,256.34134615384625,,0.0,256.3413461538463,,,83.99999999999989,0.0,28.5,3.410605131648481e-13,3.410605131648481e-13,,2.2737367544323206e-13,5.873852132089001e-13,2.5673393773949907e-25,0.9073960695806584,0.7739632210196098,0.0003081668258659475,0.48162274618585255,0.00043539500072065665,0.9999999997238347,0.47422802461146824,6.696054799077647e-09,6.696054799077647e-09,6.082044361106239e-09,,1.1437101752681067e-11,0.9999999933039181,4.083889119467411e-13,,,,,,1.4749084227875944e-13,1.0,1.0,4.2715278714194565e-13,4.2715278714194565e-13,0.8422684098838129,0.2753648338183837,94,1.5243965920354723,0.7321728455307411,575,0,0.28951900311686557,0.345922509570776,93,0.0,0.3954656997921412,0.7183028170919282,559,273.4536828544583,0.7133609194397712,330.25,160.51992245690488,0.6835934576234495,367,sym,0.8243425715244881,0.7368036147090654,0.2019191155201387,6,276.75,5.873852132089002e-13,0.0001547883299646835,2.567339377394991e-25,0.9073960695806584,0.7739632210196099,0.0013413277933586752,0.6103985692386303,0.0028000655535788763,0.9999999997238346,0.9919828214561996,0.9855281704452481,0.9855281704452481,0.9855281704451354,,2.4503221863198973e-12,0.9999999999667596,2.275791983689038e-13,,,,,1.0,,1.4749084227875944e-13,1.0,0.75,4.2715278714194565e-13,4.2715278714194565e-13,0.0,2.259570199822513,0.6447065287090888,93,1.5774158064604624,0.729215908063417,1383,912.1677477306463,0.5219246605185293,738.0,174.28048780487805,0.5675661038441703,1044,0.7763846615972358,0.5622554397616224,0.28785410495344815,6,784.5,,,,,,,,,,,,,3.9439263723572816e-18,0.0364136004384164,2.567339377394991e-25,0.9328287966301969,0.23925975309977476,0.0015750869662457807,0.46177783791097265,1.0,0.0028000655535788763,0.9999999999999543,0.0008499884728391206,0.0007982210227401272,0.0007982210227401272,0.0007982210227337879,,0.0,1.9145521638122673e-18,0.020163910573049813,2.11623863834008e-18,,,,,0.4782608695652174,,4.666576700876887e-21,1.0,0.9302325581395349,1.4312912534434783e-18,1.4312912534434783e-18,0.9302325581395349,0.5814294660167882,0.18110015290550946,49,1.6768699395284556,0.81396827124956,1417,967.322076663197,0.5479803380078518,733.0,94.72442019099591,0.6027284867609353,1047,1409.1368421052632,1454.5,398.32527672708756,380,0.6645304607900322,0.5565550872278735,0.3678621512786154,7,787.0
bior3.9,1.0,zero,3.542919843378624e-27,323.97817920085026,6826552.063196587,0.6026785714285714,199.44982674801008,206,raw,3.542365969056423e-14,-2.084717953820843e-10,6.009417554670722,81518.70684478983,0.8986782982941586,5.618943883690066e-06,1.0,327.0,,,,[],[],13,661.1538461538462,87.0,939.9999999999999,"[8, 32, 51, 63, 81, 100, 111, 133, 152, 162, 175, 192, 204]","[877.9999999999999, 638.0, 786.9999999999998, 792.0, 939.9999999999999, 788.0, 637.0, 675.0, 771.0, 196.0, 834.0, 572.0, 87.0]","[0, 13, 39, 39, 76, 99, 107, 107, 107, 161, 164, 187, 203]","[76, 39, 61, 76, 205, 164, 119, 142, 164, 164, 205, 205, 205]",37754613.0,940.9999999999999,-940.9999999999999,0.0,,,,DWT,mdp.39015067403892,0.0,,0.0,33.0,19.0,0.0,28.5,,1.1368683772161603e-13,256.3413461538462,4359.0,256.34134615384613,,0.0,256.3413461538462,,,84.0,0.0,24.0,1.1368683772161603e-13,1.1368683772161603e-13,,0.0,2.6410564100268983e-14,1.7103272037026563e-27,0.9816301180460814,0.6797370538751943,0.0012273324659782246,0.3415178571428569,0.0019252273507860693,0.9999999997234872,0.4742280246116003,6.6959667625959335e-09,6.6959667625959335e-09,6.0819563246244724e-09,,0.0,0.9999999933040264,1.3612963731558036e-13,,,,,,0.0,1.0,0.5,1.4238426238064856e-13,1.4238426238064856e-13,0.7922684098777852,0.25901821374927975,525,1.4668374976850949,0.7045270175901158,678,0,0.24785233644916138,0.2961384271997712,523,0.0,0.3757546985755513,0.6825008051626492,709,98.67919402454265,0.8965626897017372,608.75,596.82151217026,0.6292299821674305,466,bior,0.672619891330026,0.76736776154697,0.2989557476048908,5,350.75,2.6410564100268977e-14,0.0001547883299646835,1.7103272037026556e-27,0.9816301180460814,0.6797370538751943,0.002259543494669303,0.5050986842105263,0.004286373406408917,0.9999999997234871,0.9919828214562016,0.9855281704452468,0.9855281704452468,0.9855281704451341,,0.0,0.9999999999667601,7.585973278963461e-14,,,,,1.0,,0.0,1.0,0.5,1.4238426238064856e-13,1.4238426238064856e-13,0.0,2.234570199821024,0.6375734627747119,520,1.533776828947747,0.7090422566497803,1500,692.9646455628166,0.6368109824094252,1010.0,772.2772277227723,0.5537304387938111,1162,0.5943810304597339,0.7715092316736338,0.3524805091760961,5,872.75,,,,,,,,,,,,,1.7733051142851788e-19,0.03641360043841643,1.7103272037026556e-27,0.9866752191724659,0.21013106988300503,0.001789804432257215,0.38211652202485646,1.0,0.004286373406408917,0.9999999999999541,0.0008499884728391221,0.0007982210227401261,0.0007982210227401261,0.0007982210227337869,,0.0,0.0,0.020163910573049823,7.054128794466933e-19,,,,,0.4782608695652174,,0.0,1.0,0.8604651162790697,4.770970844811595e-19,4.770970844811595e-19,0.9302325581395349,0.5744527218307418,0.17892707859001003,267,1.6634508069651237,0.8074544994436705,1455,840.0428560496184,0.6074566093226081,861.0,451.2020905923345,0.6025600803622386,1048,1104.4,1082.5,563.6960149978129,300,0.520820561188399,0.7876173146100969,0.3991404127850916,6,787.5
bior6.8,1.0,antireflect,1.827895520590823e-21,266.8522787828363,6264037.623510541,0.6306306306306306,289.82397988614355,206,raw,3.31563800965147e-11,-9.302403293103682e-11,6.426235723450664,93251.81745209526,0.8512009201446112,5.618943883691993e-06,1.0,327.00000000005787,,,,[],[],13,661.1538461537389,86.99999999996098,939.9999999998471,"[8, 32, 51, 63, 81, 100, 111, 133, 152, 162, 175, 192, 204]","[877.9999999999285, 637.9999999998583, 786.9999999998557, 791.9999999998657, 939.9999999998471, 787.9999999998794, 636.9999999998915, 674.9999999999445, 770.9999999998718, 195.99999999993548, 833.9999999998461, 571.9999999999187, 86.99999999996098]","[0, 13, 39, 39, 76, 99, 107, 107, 107, 161, 99, 187, 203]","[76, 39, 61, 76, 205, 164, 119, 142, 164, 164, 205, 205, 205]",37754612.99999649,940.9999999999046,-940.9999999999046,0.0,,,,DWT,mdp.39015067403892,3.509223461151123e-06,,0.0,33.0,19.0,0.0,28.5,,9.538325684843585e-11,256.34134615373887,4359.000000001395,256.3413461537483,,0.0,256.34134615373887,,,83.99999999996098,0.0,19.5,1.5290879673557356e-10,9.538325684843585e-11,,5.786660040030256e-11,4.187531363292168e-11,1.293539109559899e-21,0.7708226128330051,0.8237268216498641,0.0005942885332413153,0.5511583011583011,0.0028751751494656592,0.9999999997252271,0.4742280245662684,6.612860323859024e-09,6.612860323859024e-09,6.006200932064066e-09,,2.9107423960573323e-09,0.9999999933871329,1.830943621894556e-10,,,,,,3.473409335664785e-11,1.0,0.0,1.1946039613736414e-10,1.1946039613736414e-10,0.742268411445093,0.24267159419455017,689,1.496267513217116,0.7186623537150291,641,0,0.20618567004606786,0.24635434514492796,690,0.0,0.3936471498863724,0.7149996999795654,577,53.31900849290679,0.9441100539906637,649.25,645.8051343219889,0.6317772492175541,458,bior,0.672619891330026,0.76736776154697,0.2989557476048908,5,344.75,4.187531363292168e-11,0.0001547883299780617,1.293539109559899e-21,0.7708226128330051,0.8237268216498642,0.0016271537998288211,0.6626600284495021,0.005234073913042496,0.999999999725227,0.9919828214555104,0.9855281704440441,0.9855281704440441,0.9855281704440377,,6.236069964184139e-10,0.9999999999671727,1.0203134060205854e-10,,,,,1.0,,3.473409335664785e-11,1.0,0.25,1.1946039613736414e-10,1.1946039613736414e-10,0.0,2.2095702002478474,0.6304403969625423,681,1.5423746327713141,0.7130168937092517,1480,564.9783181680515,0.7038897703521743,1080.5,932.7903748264691,0.5687949899978901,1042,0.5943810304597339,0.7715092316736338,0.3524805091760961,5,782.75,,,,,,,,,,,,,2.8116668597320724e-16,0.036413600438429325,1.293539109559899e-21,0.8337638498555666,0.25464346446588476,0.0016419251130361673,0.5013146010304718,1.0,0.0052340739130424955,0.9999999999999545,0.0008499884728385992,0.000798221022739152,0.000798221022739152,0.0007982210227328989,,0.0,4.872535256902221e-16,0.020163910573056276,9.487803228558024e-16,,,,,0.4782608695652174,,1.0989788130565068e-18,1.0,0.7906976744186046,4.002844538796928e-16,4.002844538796928e-16,0.9302325581395349,0.5674759776446983,0.1767540042745115,698,1.641944554811717,0.7970151645413536,1529,587.605735166021,0.7254178807635416,1113.5,958.4571171980243,0.6025453889799017,1049,1104.4,1082.5,563.6960149978129,300,0.520820561188399,0.7876173146100969,0.3991404127850916,6,788.25
db13,1.0,constant,6.535321998725342e-27,319.0947288388628,4963297.774146461,0.5652173913043478,75.15634848579224,206,smoothed,5.3963306315372645e-14,-2.0768433639517576e-10,6.192752729869357,39364.791349716455,0.9882129506500488,0.00014966566451320276,1.0,362.4,,,,[],[],11,426.59999999999997,32.19999999999993,728.4,"[9, 31, 53, 64, 80, 102, 131, 148, 158, 175, 192]","[311.0, 417.80000000000007, 589.6000000000001, 432.20000000000005, 728.4, 370.9999999999999, 586.9999999999999, 32.19999999999993, 448.20000000000016, 367.9999999999999, 407.2]","[1, 1, 1, 60, 1, 94, 120, 144, 144, 165, 186]","[20, 40, 75, 75, 205, 120, 205, 149, 205, 186, 205]",30736475.84,728.4,-728.4,0.0,,,,DWT,mdp.39015067403892,3.725290298461914e-09,,0.0,15.0,11.0,0.0,33.0,,0.0,168.40000000000003,987.7999999999993,168.4,,0.0,168.40000000000003,,,27.999999999999943,0.0,33.0,0.0,0.0,,0.0,6.971290456379034e-14,1.433838246802355e-26,0.9771470532133271,0.08426170611755722,0.06292408174302228,0.3581865445433984,0.09050800971223105,,0.9999996646602125,4.4059199552998455e-09,4.4059199552998455e-09,3.6786974161203912e-09,,0.0,0.9999999955940747,0.0,,,,,,7.946695712486874e-14,0.0,1.0,0.0,0.0,0.899999900942302,0.33832967742957326,615,0.8393589475605586,0.4261155637580358,376,0,0.24999997272874197,0.35570077877644135,613,0.0,0.22471819933280085,0.3964637230053715,357,143.10689477915918,0.849992772768177,490.25,458.8191175653684,0.668051941939644,400,db,0.573477938514061,0.8443824841957417,0.34525069778143475,3,300.75,4.983572925248052e-14,0.999999999970514,3.827949113952237e-27,0.9636090806513194,0.7430701599608768,0.00016483671359490085,0.2939359267734553,0.0008815399902476198,0.999999999723499,2.0315811922300142e-05,4.745387416349445e-11,4.745387416349445e-11,3.962136174706643e-11,,0.0,0.0031261328403482946,0.0,,,,,0.0,,3.687271056968986e-14,0.0,1.0,0.0,0.0,1.0,0.301569161204128,0.08604450842062654,1604,1.7677099333140776,0.8171860576868493,123,1047.2251429372768,0.4511398621922029,863.5,228.4794441227562,0.4992858640101476,1547,0.49117026184683504,0.8233619396015222,0.4091722348267588,4,1161.25,,,,,,,,,,,,,3.3461592574107555e-19,0.9999999999715833,3.827949113952237e-27,0.9736034762961446,0.22970960141211277,0.0012999738495005945,0.2223679798579941,1.0,0.0008815399902476198,0.9999999999999541,9.960751159770347e-05,3.8434858594393884e-14,3.8434858594393884e-14,3.209086642252945e-14,,0.0,0.0,0.004567040150618464,0.0,,,,,0.13043478260869565,,1.1666441752192217e-21,0.7209302325581395,1.0,0.0,0.0,1.0,0.42658033862811345,0.13286867808967343,1418,1.888966681339247,0.9169220031996606,49,968.0291834443835,0.5476499142783254,733.5,94.72665303340152,0.6024464524662656,1050,1009.0473684210526,935.5,610.6543869996938,760,0.4758535102197843,0.8532293215616218,0.41093374637766444,5,788.75
db17,1.0,constant,1.1698975718989885e-26,318.79031407250534,5920842.412029752,0.5798319327731093,213.4679956232208,206,raw,7.352047773168218e-14,-1.9873691581296082e-10,6.379629637971472,66848.99205981835,0.8063935423998332,5.618943883690066e-06,1.0,327.0000000000001,,,,[],[],13,661.153846153846,87.00000000000011,939.9999999999998,"[8, 32, 51, 63, 81, 100, 111, 133, 152, 162, 175, 192, 204]","[878.0, 637.9999999999999, 786.9999999999998, 791.9999999999998, 939.9999999999998, 788.0, 636.9999999999999, 674.9999999999998, 771.0, 196.0000000000001, 834.0000000000001, 571.9999999999997, 87.00000000000011]","[0, 13, 39, 39, 76, 99, 107, 107, 107, 161, 99, 187, 203]","[76, 39, 61, 76, 205, 164, 119, 142, 164, 164, 205, 205, 205]",37754613.0,940.9999999999998,-940.9999999999998,0.0,,,,DWT,mdp.39015067403892,0.0,,0.0,33.0,19.0,0.0,28.5,,2.2737367544323206e-13,256.34134615384596,4359.000000000002,256.3413461538461,,0.0,256.34134615384596,,,84.00000000000011,0.0,19.5,2.2737367544323206e-13,2.2737367544323206e-13,,1.1368683772161603e-13,7.454655463165067e-14,7.482092403294643e-27,0.9624857212473318,0.8076267570949088,0.00020806263210083664,0.17016806722689104,0.0007375232769350637,0.9999999997236338,0.47422802461173236,6.695790689632508e-09,6.695790689632508e-09,6.081912306383589e-09,,5.718550876340534e-12,0.9999999933041348,2.7225927463116073e-13,,,,,,0.0,1.0,0.0,2.847685247612971e-13,2.847685247612971e-13,0.7422684098807445,0.24267159368311395,737,1.44977107870291,0.6963299587574657,714,0,0.2061856697829934,0.24635434483060187,738,0.0,0.3676532664002345,0.6677857956003334,763,20.016659728003237,0.9790181763857408,738.0,737.5934204829086,0.6027166353626817,531,db,0.540986235965534,0.9305070477545101,0.3421575204977732,3,399.0,7.454655463165067e-14,0.0001547883299646835,7.482092403294643e-27,0.9624857212473318,0.8076267570949089,0.0012413270552208372,0.3763157894736846,0.0031014790847589185,0.9999999997236337,0.9919828214562036,0.9855281704452442,0.9855281704452442,0.9855281704451335,,1.2251610931599486e-12,0.9999999999667607,1.5171946557926922e-13,,,,,1.0,,0.0,1.0,0.25,2.847685247612971e-13,2.847685247612971e-13,0.0,2.2095701998217305,0.6304403968409615,735,1.5337388186353067,0.7090246850466632,1501,541.6437943888955,0.7161196046179793,1118.0,986.7933810375672,0.5650828631056353,1062,0.49117026184683504,0.8233619396015222,0.4091722348267588,4,797.5,,,,,,,,,,,,,5.005337488391597e-19,0.03641360043841643,7.482092403294643e-27,0.9727886361199131,0.2496663578467429,0.0015517025860161883,0.2846898737847192,1.0,0.0031014790847589185,0.9999999999999541,0.0008499884728391236,0.000798221022740124,0.000798221022740124,0.0007982210227337863,,0.0,9.572760819061336e-19,0.02016391057304983,1.4108257588933865e-18,,,,,0.4782608695652174,,0.0,1.0,0.7906976744186046,9.54194168962319e-19,9.54194168962319e-19,0.9302325581395349,0.5674759776446953,0.17675400427451057,793,1.6353228331676253,0.7938009192428465,1547,533.1585130146568,0.7508605079370763,1170.0,1048.5222222222224,0.6020657679872297,1051,1009.0473684210526,935.5,610.6543869996938,760,0.4758535102197843,0.8532293215616218,0.41093374637766444,5,789.5
db13,1.0,zero,6.535321998725342e-27,319.0947288388628,4963297.774146461,0.5652173913043478,75.15634848579224,206,smoothed,5.3963306315372645e-14,-2.0768433639517576e-10,6.192752729869357,39364.791349716455,0.9882129506500488,0.00014966566451320276,1.0,362.4,,,,[],[],11,426.59999999999997,32.19999999999993,728.4,"[9, 31, 53, 64, 80, 102, 131, 148, 158, 175, 192]","[311.0, 417.80000000000007, 589.6000000000001, 432.20000000000005, 728.4, 370.9999999999999, 586.9999999999999, 32.19999999999993, 448.20000000000016, 367.9999999999999, 407.2]","[1, 1, 1, 60, 1, 94, 120, 144, 144, 165, 186]","[20, 40, 75, 75, 205, 120, 205, 149, 205, 186, 205]",30736475.84,728.4,-728.4,0.0,,,,DWT,mdp.39015067403892,3.725290298461914e-09,,0.0,15.0,11.0,0.0,33.0,,0.0,168.40000000000003,987.7999999999993,168.4,,0.0,168.40000000000003,,,27.999999999999943,0.0,33.0,0.0,0.0,,0.0,6.971290456379034e-14,1.433838246802355e-26,0.9771470532133271,0.08426170611755722,0.06292408174302228,0.3581865445433984,0.09050800971223105,,0.9999996646602125,4.4059199552998455e-09,4.4059199552998455e-09,3.6786974161203912e-09,,0.0,0.9999999955940747,0.0,,,,,,7.946695712486874e-14,0.0,1.0,0.0,0.0,0.899999900942302,0.33832967742957326,614,0.8393589475605586,0.4261155637580358,375,0,0.24999997272874197,0.35570077877644135,611,0.0,0.22471819933280085,0.3964637230053715,359,141.89520781196242,0.8512628848931212,489.75,458.8467416094009,0.6689490525094537,393,db,0.573477938514061,0.8443824841957417,0.34525069778143475,3,295.5,4.983572925248052e-14,0.999999999970514,3.827949113952237e-27,0.9636090806513194,0.7430701599608768,0.00016483671359490085,0.2939359267734553,0.0008815399902476198,0.999999999723499,2.0315811922300142e-05,4.745387416349445e-11,4.745387416349445e-11,3.962136174706643e-11,,0.0,0.0031261328403482946,0.0,,,,,0.0,,3.687271056968986e-14,0.0,1.0,0.0,0.0,1.0,0.301569161204128,0.08604450842062654,1603,1.7677099333140776,0.8171860576868493,121,1047.9322497184635,0.4507692611538452,862.0,225.01508120649652,0.49949364525197504,1545,0.49117026184683504,0.8233619396015222,0.4091722348267588,4,1159.75,,,,,,,,,,,,,3.3461592574107555e-19,0.9999999999715833,3.827949113952237e-27,0.9736034762961446,0.22970960141211277,0.0012999738495005945,0.2223679798579941,1.0,0.0008815399902476198,0.9999999999999541,9.960751159770347e-05,3.8434858594393884e-14,3.8434858594393884e-14,3.209086642252945e-14,,0.0,0.0,0.004567040150618464,0.0,,,,,0.13043478260869565,,1.1666441752192217e-21,0.7209302325581395,1.0,0.0,0.0,1.0,0.42658033862811345,0.13286867808967343,1420,1.888966681339247,0.9169220031996606,50,968.7362902255701,0.547319490548799,735.0,96.59863945578232,0.6019307733117827,1052,1009.0473684210526,935.5,610.6543869996938,760,0.4758535102197843,0.8532293215616218,0.41093374637766444,5,790.25
db23,1.0,antireflect,1.338104257390127e-26,315.98249921766677,5770666.255935452,0.536,115.79189957785096,206,smoothed,8.396950880033878e-14,-2.135118970514331e-10,6.507273123732478,102386.71327000334,0.9949084487154294,0.00014966566451320276,0.9999999999999997,362.40000000000003,,,,[],[],11,426.60000000000014,32.200000000000045,728.4000000000002,"[9, 31, 53, 64, 80, 102, 131, 148, 158, 175, 192]","[310.9999999999997, 417.8000000000002, 589.6, 432.19999999999993, 728.4000000000002, 371.0, 586.9999999999999, 32.200000000000045, 448.2000000000001, 368.0000000000001, 407.20000000000033]","[1, 1, 1, 60, 1, 94, 120, 144, 144, 165, 186]","[20, 40, 75, 75, 205, 120, 205, 149, 205, 186, 205]",30736475.840000004,728.4000000000002,-728.4000000000002,0.0,,,,DWT,mdp.39015067403892,7.450580596923828e-09,,0.0,15.0,11.0,0.0,33.0,,2.2737367544323206e-13,168.4000000000002,987.7999999999975,168.4000000000001,,0.0,168.4000000000002,,,28.000000000000057,0.0,33.0,2.2737367544323206e-13,2.2737367544323206e-13,,5.684341886080802e-14,1.3563232838331467e-13,3.4373065927754795e-26,0.9653224078738621,0.5379271997305305,0.4094102000656996,0.15749276926397632,0.6131383132203265,,0.9999996647593375,4.406097391567225e-09,4.406097391567225e-09,3.6787861342541454e-09,,6.125805465799743e-13,0.9999999955939026,1.5171946557926922e-13,,,,,,1.5893391424973748e-13,0.0,1.0,3.4954031196328703e-13,3.4954031196328703e-13,0.8999999009726483,0.3383296774409811,392,1.361114577616194,0.6909941298247251,70,0,0.24999997273715358,0.3557007787884094,379,0.0,0.38332727002207595,0.6762930508239196,64,183.97893901205106,0.8071499591068647,226.25,113.95927916353054,0.7849953149832017,178,db,0.573477938514061,0.8443824841957417,0.34525069778143475,3,134.25,8.774908666569366e-14,0.999999999970514,8.672434289695348e-27,0.9521242487748195,0.851721178234166,0.0010724960940497856,0.1292421052631583,0.005971912810537097,0.9999999997234111,2.0315811924354055e-05,4.745570603148508e-11,4.745570603148508e-11,3.962224992548613e-11,,6.125805465799743e-13,0.003126132840347795,1.5171946557926922e-13,,,,,0.0,,7.374542113937972e-14,0.0,1.0,2.847685247612971e-13,2.847685247612971e-13,1.0,0.3015691612046443,0.08604450842077384,1435,1.7517569935390225,0.8098112504757746,231,851.3565645486033,0.5537963498172939,833.0,397.94117647058823,0.5586067702964876,1104,0.49117026184683504,0.8233619396015222,0.4091722348267588,4,829.0,,,,,,,,,,,,,5.891805399057841e-19,0.9999999999715833,8.672434289695348e-27,0.9652728366121593,0.26329752277594676,0.001512222803525887,0.09777404951968638,0.9999999999999997,0.005971912810537097,0.9999999999999541,9.960751159770499e-05,3.843648489765261e-14,3.843648489765261e-14,3.209173378426744e-14,,0.0,4.786380409530668e-19,0.004567040150618456,1.4108257588933865e-18,,,,,0.13043478260869565,,2.3332883504384434e-21,0.7209302325581395,1.0,9.54194168962319e-19,9.54194168962319e-19,1.0,0.42658033862811345,0.13286867808967343,1455,1.853066959680578,0.8994959442740266,252,850.6494577674167,0.6025002533797118,853.5,429.5957820738137,0.6018342388393887,1053,1009.0473684210526,935.5,610.6543869996938,760,0.4758535102197843,0.8532293215616218,0.41093374637766444,5,791.0
bior3.7,1.0,antireflect,3.1431167118845015e-27,324.4981873908341,7091683.236187168,0.5818181818181818,222.38262548710452,206,raw,3.365161439689067e-14,-2.1041546283129554e-10,6.116848134865019,105770.38341185747,0.917735549905263,5.618943883690066e-06,1.0,327.00000000000006,,,,[],[],13,661.1538461538462,87.0,939.9999999999999,"[8, 32, 51, 63, 81, 100, 111, 133, 152, 162, 175, 192, 204]","[878.0, 638.0, 787.0, 791.9999999999999, 939.9999999999999, 788.0, 637.0, 675.0, 771.0, 196.0, 834.0000000000001, 572.0, 87.0]","[0, 13, 39, 39, 76, 99, 107, 107, 107, 161, 99, 187, 203]","[76, 39, 61, 76, 205, 164, 119, 142, 164, 164, 205, 205, 205]",37754613.0,940.9999999999999,-940.9999999999999,0.0,,,,DWT,mdp.39015067403892,0.0,,0.0,33.0,19.0,0.0,28.5,,1.1368683772161603e-13,256.3413461538462,4359.0,256.34134615384613,,0.0,256.3413461538462,,,84.0,0.0,19.5,1.1368683772161603e-13,1.1368683772161603e-13,,5.684341886080802e-14,2.4171554128743637e-14,1.4274000344631804e-27,0.9835490659912116,0.7168489301145471,0.001525706460670313,0.18506493506493477,0.003888715767475092,0.9999999997234579,0.4742280246116003,6.6959667625959335e-09,6.6959667625959335e-09,6.0819563246244724e-09,,2.859275438170267e-12,0.9999999933040264,1.3612963731558036e-13,,,,,,0.0,1.0,0.0,1.4238426238064856e-13,1.4238426238064856e-13,0.7422684098792147,0.24267159368261382,823,1.42489821810469,0.6843834395800833,763,0,0.206185669782733,0.24635434483029073,821,0.0,0.36135966914029016,0.6563544410129794,786,28.998563182796946,0.969603183246544,798.25,797.4522603122643,0.5664315706589114,643,bior,0.672619891330026,0.76736776154697,0.2989557476048908,5,483.5,2.4171554128743624e-14,0.0001547883299646835,1.4274000344631804e-27,0.9835490659912116,0.7168489301145472,0.002557609125968993,0.38751196172248803,0.006245216797437167,0.9999999997234578,0.9919828214562016,0.9855281704452468,0.9855281704452468,0.9855281704451341,,6.125805465799743e-13,0.9999999999667601,7.585973278963461e-14,,,,,1.0,,0.0,1.0,0.25,1.4238426238064856e-13,1.4238426238064856e-13,0.0,2.20957019982133,0.6304403968408472,818,1.5073820170113346,0.6968403269648209,1561,525.3803384216048,0.724643428500207,1189.5,1073.4745691467003,0.5506078777721162,1193,0.5943810304597339,0.7715092316736338,0.3524805091760961,5,896.0,,,,,,,,,,,,,1.6229695206050358e-19,0.03641360043841643,1.4274000344631804e-27,0.9880671475938052,0.2216036800858508,0.0018595047183298846,0.29315998573203284,1.0,0.006245216797437166,0.9999999999999541,0.0008499884728391221,0.0007982210227401261,0.0007982210227401261,0.0007982210227337869,,0.0,4.786380409530668e-19,0.020163910573049823,7.054128794466933e-19,,,,,0.4782608695652174,,0.0,1.0,0.7906976744186046,4.770970844811595e-19,4.770970844811595e-19,0.9302325581395349,0.5674759776446953,0.17675400427451057,798,1.6352580421016678,0.7937694690565759,1549,531.0371926710972,0.7518517791256556,1173.5,1053.3463996591395,0.6017436465721736,1054,1104.4,1082.5,563.6960149978129,300,0.520820561188399,0.7876173146100969,0.3991404127850916,6,792.0
sym5,1.0,periodization,2.3035328555627806e-21,265.8478483582785,6011277.418848655,0.6359223300970874,302.57067726982655,206,raw,3.816877909413992e-11,-2.263211840264733e-10,6.28063061631748,63117.30860589471,0.7694479796828143,5.618943883691695e-06,1.0,327.00000000008015,,,,[],[],13,661.1538461537677,86.99999999999396,939.9999999999017,"[8, 32, 51, 63, 81, 100, 111, 133, 152, 162, 175, 192, 204]","[877.9999999999795, 637.9999999998366, 786.999999999836, 791.9999999999402, 939.9999999999017, 787.9999999999355, 636.9999999998969, 674.9999999999362, 770.9999999999488, 195.99999999990348, 833.9999999998744, 571.9999999999959, 86.99999999999396]","[0, 13, 39, 39, 76, 99, 107, 107, 107, 161, 99, 187, 203]","[76, 39, 61, 76, 205, 164, 119, 142, 164, 164, 205, 205, 205]",37754612.99999757,940.9999999999698,-940.9999999999698,0.0,,,,DWT,mdp.39015067403892,2.428889274597168e-06,,0.0,33.0,19.0,0.0,28.5,,3.0240698833949864e-11,256.34134615376774,4359.000000001019,256.34134615377377,,0.0,256.34134615376774,,,83.99999999999396,0.0,19.5,9.833911462919787e-11,3.0240698833949864e-11,,8.01492205937393e-11,4.820856672583838e-11,1.630131582623612e-21,0.767116037174473,0.7734275613650232,0.00030983661039316333,0.5908460471567272,0.0004353950007201747,0.9999999997232182,0.47422802460458424,6.635221590214083e-09,6.635221590214083e-09,6.025921103979849e-09,,4.0315783678200766e-09,0.9999999933647039,1.1775213627797702e-10,,,,,,2.4041007291437787e-11,1.0,0.0,3.7874213793252517e-11,3.7874213793252517e-11,0.7422684119544718,0.2426715943610826,658,1.4836508980591208,0.7126025507284185,658,0,0.206185670126231,0.24635434524070832,664,0.0,0.3915168596348454,0.7111303543202588,594,33.12099032335839,0.9652819807931253,643.5,642.1535819710057,0.6453768394531665,423,sym,0.8243425715244881,0.7368036147090654,0.2019191155201387,6,318.75,4.820856672583838e-11,0.00015478832997595227,1.6301315826236122e-21,0.7671160371744729,0.7734275613650233,0.0013429958521978937,0.6924885028104244,0.0028000655535783954,0.9999999997232181,0.9919828214560946,0.9855281704443677,0.9855281704443677,0.9855281704443231,,8.637385706777638e-10,0.9999999999670613,6.561866886303394e-11,,,,,1.0,,2.4041007291437787e-11,1.0,0.25,3.7874213793252517e-11,3.7874213793252517e-11,0.0,2.2095702003121254,0.6304403969808823,673,1.5258167646616383,0.7053624371102115,1524,601.7478707897519,0.6846185163575724,1098.5,933.6841147018662,0.5544423818685137,1154,0.7763846615972358,0.5622554397616224,0.28785410495344815,6,867.0,,,,,,,,,,,,,3.2369054141640556e-16,0.03641360043842734,1.6301315826236122e-21,0.8310752474794323,0.23909416151451435,0.0015754770285879992,0.5238803950750917,1.0,0.0028000655535783954,0.9999999999999541,0.0008499884728390412,0.0007982210227394141,0.0007982210227394141,0.00079822102273313,,0.0,6.748796377438243e-16,0.020163910573054535,6.101821407213896e-16,,,,,0.4782608695652174,,7.606520022429326e-19,1.0,0.7906976744186046,1.2690782447198842e-16,1.2690782447198842e-16,0.9302325581395349,0.5674759776446976,0.1767540042745113,709,1.6405762321421886,0.7963509679858707,1534,583.3630944789018,0.7274004231407001,1121.5,969.7779759251005,0.6016675012899761,1055,1409.1368421052632,1454.5,398.32527672708756,380,0.6645304607900322,0.5565550872278735,0.3678621512786154,7,793.0
coif14,1.0,periodic,2.342328019158345e-26,313.55092160736086,6337264.012944859,0.5173611111111112,99.37667854107306,206,smoothed,1.0931277458187925e-13,-2.144308730578364e-10,6.719693326924055,29694.85044272658,0.9783669003461153,0.00014966566451320263,0.9999999999999997,362.4000000000001,,,,[],[],11,426.6,32.200000000000045,728.4,"[9, 31, 53, 64, 80, 102, 131, 148, 158, 175, 192]","[311.0000000000001, 417.80000000000007, 589.6000000000004, 432.20000000000005, 728.4, 371.00000000000017, 587.0000000000001, 32.200000000000045, 448.2, 367.9999999999997, 407.2000000000003]","[0, 0, 0, 60, 0, 94, 120, 144, 144, 165, 186]","[20, 40, 75, 75, 203, 120, 203, 149, 203, 186, 203]",30736475.84000001,728.4,-728.4,0.0,,,,DWT,mdp.39015067403892,1.4901161193847656e-08,,0.0,33.0,11.0,0.0,33.0,,0.0,168.4000000000001,987.7999999999984,168.4000000000001,,0.0,168.4000000000001,,,28.000000000000057,0.0,15.0,0.0,0.0,,1.1368683772161603e-13,1.9130793341401572e-13,6.376267505484038e-26,0.9560838405581892,0.844322963612901,0.6525683885566813,0.029462551262681408,0.010316800096031822,,0.9999996647593375,4.4059791007223055e-09,4.4059791007223055e-09,3.6787861342541454e-09,,1.2251610931599486e-12,0.9999999955939887,0.0,,,,,,3.1786782849947497e-13,1.0,0.0,0.0,0.0,0.8999999009727905,0.33832967744103454,381,1.3380077209632473,0.6792635212716589,80,0,0.24999997273713442,0.35570077878838213,386,0.0,0.3561077920123823,0.6282705247355717,99,169.93037790028401,0.8218759141506456,236.5,143.80028996784944,0.786986175104673,173,coif,0.5556920286951962,0.9053407607371553,0.33941335169221604,4,130.75,1.1977074265748427e-13,0.9999999999705129,1.5778986585528856e-26,0.9431511769105742,0.925101702451073,0.0017094763337969876,0.024177631578947867,0.00010048471825818391,0.9999999997233973,2.0315811924354055e-05,4.745454029730922e-11,4.745454029730922e-11,3.962224992548613e-11,,1.2251610931599486e-12,0.0031261328403480726,0.0,,,,,0.0,,1.4749084227875944e-13,1.0,0.0,0.0,0.0,1.0,0.3015691612047971,0.08604450842081744,1418,1.7390075419382105,0.8039173682867414,353,753.0687219636732,0.6053098941490183,885.5,565.2783738001128,0.5706056808271297,1030,0.4784248188775415,0.776734912893196,0.43208215291776214,2,773.0,,,,,,,,,,,,,8.041860434707179e-19,0.9999999999715824,1.5778986585528856e-26,0.9587641276155141,0.2859820711235282,0.001661175585298899,0.01829082668109905,0.9999999999999997,0.00010048471825818434,0.9999999999999541,9.960751159770499e-05,3.8435400695480126e-14,3.8435400695480126e-14,3.209173378426744e-14,,0.0,9.572760819061336e-19,0.00456704015061846,0.0,,,,,0.13043478260869565,,4.666576700876887e-21,1.0,0.7209302325581395,0.0,0.0,1.0,0.42658033862811345,0.13286867808967343,1519,1.8264366244749213,0.8865693317806091,621,634.9818895055197,0.7032794908852712,1070.0,881.5878504672897,0.6016397454426357,1056,986.6382352941176,846.0,585.0035688138154,340,0.4652856568234462,0.8173890317607586,0.42908333069536003,4,793.0
sym10,1.0,antireflect,2.5410176092630576e-23,285.4217157213107,6293009.705055609,0.625,296.05526020932325,206,raw,3.912818289440181e-12,-2.1371993064189108e-10,6.483774662988742,97069.15641842858,0.8289910545425166,5.61894388368984e-06,0.9999999999999999,326.99999999999795,,,,[],[],13,661.1538461538586,87.00000000000406,940.0000000000172,"[8, 32, 51, 63, 81, 100, 111, 133, 152, 162, 175, 192, 204]","[878.0000000000073, 638.0000000000175, 787.000000000018, 792.0000000000163, 940.0000000000172, 788.0000000000127, 637.0000000000134, 675.0000000000073, 771.0000000000128, 196.00000000000887, 834.0000000000183, 572.0000000000077, 87.00000000000406]","[0, 13, 42, 42, 76, 99, 107, 107, 107, 161, 164, 187, 203]","[76, 42, 61, 76, 205, 164, 119, 142, 164, 164, 205, 205, 205]",37754613.0000004,941.0000000000098,-941.0000000000098,0.0,,,,DWT,mdp.39015067403892,4.023313522338867e-07,,0.0,33.0,19.0,0.0,28.5,,9.777068044058979e-12,256.3413461538586,4358.999999999838,256.3413461538585,,0.0,256.3413461538586,,,84.00000000000406,0.0,28.5,1.716671249596402e-11,9.777068044058979e-12,,2.0463630789890885e-12,4.9255659471722755e-12,1.7981126287801494e-23,0.8393480390506532,0.8436036388393342,0.0006268932081561505,0.5089285714285714,0.003184238352673198,0.999999999723408,0.4742280246163217,6.705562739102632e-09,6.705562739102632e-09,6.091552301137063e-09,,1.0293391577412962e-10,0.999999993294383,2.0555575234652634e-11,,,,,,3.982252741526505e-12,1.0,1.0,1.2245046564735777e-11,1.2245046564735777e-11,0.8422684099515252,0.275364833840521,74,1.530569213257476,0.7351375764072797,563,0,0.2895190031304453,0.3459225095870013,74,0.0,0.39946142257596523,0.7255604349673793,520,270.4815150800513,0.716476399287158,307.75,130.18162370692633,0.6969436503773316,350,sym,0.8243425715244881,0.7368036147090654,0.2019191155201387,6,264.0,4.925565947172275e-12,0.00015478832996307368,1.7981126287801494e-23,0.8393480390506532,0.8436036388393342,0.0016597247784821067,0.6309210526315789,0.005542405965254949,0.9999999997234079,0.9919828214562737,0.9855281704453857,0.9855281704453857,0.985528170445273,,2.2052899676879078e-11,0.9999999999667123,1.1454819651234826e-11,,,,,1.0,,3.982252741526505e-12,1.0,0.75,1.2245046564735777e-11,1.2245046564735777e-11,0.0,2.2595701998446955,0.6447065287154181,74,1.5808723250678636,0.7308138052980655,1375,919.9459223236984,0.5178480490965942,724.5,140.44168391994478,0.5690655339822593,1040,0.7763846615972358,0.5622554397616224,0.28785410495344815,6,781.5,,,,,,,,,,,,,3.307211179476686e-17,0.03641360043841493,1.7981126287801494e-23,0.8834694651531513,0.2607881005984607,0.001649541578308939,0.4773034772020025,0.9999999999999999,0.005542405965254949,0.9999999999999541,0.0008499884728391765,0.0007982210227402386,0.0007982210227402386,0.0007982210227338993,,0.0,1.7230969474310408e-17,0.02016391057304907,1.065173447964507e-16,,,,,0.4782608695652174,,1.2599757092367595e-19,1.0,0.9302325581395349,4.103034926537971e-17,4.103034926537971e-17,0.9302325581395349,0.581429466016788,0.1811001529055094,192,1.6653629335786846,0.8083826634934644,1446,886.7119036079306,0.5856486431738642,819.0,338.989010989011,0.6014691814000162,1057,1409.1368421052632,1454.5,398.32527672708756,380,0.6645304607900322,0.5565550872278735,0.3678621512786154,7,794.5
db17,1.0,zero,1.1814838707088754e-26,318.7475144971384,5922311.926388237,0.5798319327731093,213.4679956232208,206,raw,7.540031166852323e-14,-1.986457665026391e-10,6.374978803763367,68614.39382811947,0.8113771196370397,5.618943883690066e-06,1.0,327.0000000000001,,,,[],[],13,661.153846153846,87.00000000000011,939.9999999999998,"[8, 32, 51, 63, 81, 100, 111, 133, 152, 162, 175, 192, 204]","[878.0, 637.9999999999999, 786.9999999999998, 791.9999999999998, 939.9999999999998, 788.0, 636.9999999999999, 674.9999999999998, 771.0, 196.0000000000001, 834.0000000000001, 571.9999999999997, 87.00000000000011]","[0, 13, 39, 39, 76, 99, 107, 107, 107, 161, 99, 187, 203]","[76, 39, 61, 76, 205, 164, 119, 142, 164, 164, 205, 205, 205]",37754613.0,940.9999999999998,-940.9999999999998,0.0,,,,DWT,mdp.39015067403892,0.0,,0.0,33.0,19.0,0.0,28.5,,2.2737367544323206e-13,256.34134615384596,4359.000000000002,256.3413461538461,,0.0,256.34134615384596,,,84.00000000000011,0.0,19.5,2.2737367544323206e-13,2.2737367544323206e-13,,1.1368683772161603e-13,7.692175742382842e-14,7.564084725665739e-27,0.9623277811248785,0.8060201271834928,0.00020971639791212494,0.17016806722689104,0.0008804554949726677,0.9999999997236353,0.47422802461173236,6.695790689632508e-09,6.695790689632508e-09,6.081912306383589e-09,,5.718550876340534e-12,0.9999999933041348,2.7225927463116073e-13,,,,,,0.0,1.0,0.0,2.847685247612971e-13,2.847685247612971e-13,0.7422684098807445,0.24267159368311395,738,1.4489309994438524,0.695926465844408,719,0,0.2061856697829934,0.24635434483060187,736,0.0,0.36745076839398244,0.6674179890157855,764,18.57193222760267,0.9805325657991586,739.25,738.9030191448896,0.6028186938010468,530,db,0.540986235965534,0.9305070477545101,0.3421575204977732,3,398.25,7.69217574238284e-14,0.0001547883299646835,7.564084725665739e-27,0.9623277811248784,0.8060201271834928,0.0012429791118991418,0.3763157894736846,0.00324407316796726,0.9999999997236352,0.9919828214562036,0.9855281704452442,0.9855281704452442,0.9855281704451335,,1.2251610931599486e-12,0.9999999999667607,1.5171946557926922e-13,,,,,1.0,,0.0,1.0,0.25,2.847685247612971e-13,2.847685247612971e-13,0.0,2.2095701998217305,0.6304403968409615,736,1.5328986032677503,0.7086362659565842,1503,542.3509011700819,0.7157490035796217,1119.5,988.1268423403304,0.5645044808254502,1064,0.49117026184683504,0.8233619396015222,0.4091722348267588,4,799.0,,,,,,,,,,,,,5.164817582903866e-19,0.03641360043841643,7.564084725665739e-27,0.972674072644718,0.24916969099554329,0.0015520889063798747,0.2846898737847192,1.0,0.00324407316796726,0.9999999999999541,0.0008499884728391236,0.000798221022740124,0.000798221022740124,0.0007982210227337863,,0.0,9.572760819061336e-19,0.02016391057304983,1.4108257588933865e-18,,,,,0.4782608695652174,,0.0,1.0,0.7906976744186046,9.54194168962319e-19,9.54194168962319e-19,0.9302325581395349,0.5674759776446953,0.17675400427451057,795,1.6350629924503735,0.7936747901409787,1550,533.8656197958434,0.7505300842075499,1172.5,1050.9594882729211,0.6013164439729338,1058,1009.0473684210526,935.5,610.6543869996938,760,0.4758535102197843,0.8532293215616218,0.41093374637766444,5,794.75
bior3.7,1.0,reflect,3.1087706271324273e-27,324.545905669617,7117905.556346674,0.5818181818181818,222.38262548710452,206,raw,3.3035063357972624e-14,-2.108245800158699e-10,6.1220156492286755,76674.57030992905,0.884936932484014,5.618943883690066e-06,1.0,327.00000000000006,,,,[],[],13,661.1538461538462,86.99999999999999,939.9999999999999,"[8, 32, 51, 63, 81, 100, 111, 133, 152, 162, 175, 192, 204]","[878.0, 638.0, 787.0, 791.9999999999999, 939.9999999999999, 788.0, 637.0, 675.0, 771.0, 196.0, 834.0000000000001, 572.0, 86.99999999999999]","[0, 13, 39, 39, 76, 99, 107, 107, 107, 161, 99, 187, 203]","[76, 39, 61, 76, 205, 164, 119, 142, 164, 164, 205, 205, 205]",37754613.0,940.9999999999999,-940.9999999999999,0.0,,,,DWT,mdp.39015067403892,0.0,,0.0,33.0,19.0,0.0,28.5,,1.1368683772161603e-13,256.3413461538462,4359.0,256.34134615384613,,0.0,256.3413461538462,,,83.99999999999999,0.0,19.5,1.1368683772161603e-13,1.1368683772161603e-13,,5.684341886080802e-14,2.3392531194611954e-14,1.4030944706296819e-27,0.9837251572428098,0.7186340471006255,0.001555216602114015,0.18506493506493477,0.001533031539137518,0.9999999997234517,0.4742280246115838,6.6959667625959335e-09,6.6959667625959335e-09,6.0819563246244724e-09,,2.859275438170267e-12,0.9999999933040264,1.3612963731558036e-13,,,,,,0.0,1.0,0.0,1.4238426238064856e-13,1.4238426238064856e-13,0.7422684098792098,0.24267159368261224,825,1.4249689127280722,0.6844173944471014,762,0,0.20618566978273162,0.24635434483028906,825,0.0,0.36131404840913706,0.6562715779486926,787,30.890937182286976,0.9676195627020052,799.75,798.8454426227125,0.5646535968646295,653,bior,0.672619891330026,0.76736776154697,0.2989557476048908,5,491.0,2.3392531194611942e-14,0.0001547883299646835,1.4030944706296811e-27,0.9837251572428098,0.7186340471006256,0.0025870887692878994,0.38751196172248803,0.0038951054126143813,0.9999999997234515,0.9919828214562014,0.9855281704452468,0.9855281704452468,0.9855281704451341,,6.125805465799743e-13,0.9999999999667601,7.585973278963461e-14,,,,,1.0,,0.0,1.0,0.25,1.4238426238064856e-13,1.4238426238064856e-13,0.0,2.20957019982133,0.6304403968408472,828,1.5074549255230607,0.6968740314873484,1560,517.6021638285528,0.7287200399221422,1194.0,1081.8090452261306,0.5514669382000648,1186,0.5943810304597339,0.7715092316736338,0.3524805091760961,5,890.75,,,,,,,,,,,,,1.5706629758452783e-19,0.03641360043841643,1.4030944706296811e-27,0.9881948771752516,0.22215552368480201,0.0018663982993297756,0.29315998573203284,1.0,0.0038951054126143813,0.9999999999999541,0.0008499884728391219,0.0007982210227401261,0.0007982210227401261,0.0007982210227337869,,0.0,4.786380409530668e-19,0.020163910573049823,7.054128794466933e-19,,,,,0.4782608695652174,,0.0,1.0,0.7906976744186046,4.770970844811595e-19,4.770970844811595e-19,0.9302325581395349,0.5674759776446953,0.17675400427451057,799,1.6346740038865826,0.793485971472732,1551,531.7442994522837,0.7515213553961291,1175.0,1054.68,0.6012279674176907,1059,1104.4,1082.5,563.6960149978129,300,0.520820561188399,0.7876173146100969,0.3991404127850916,6,795.75
bior6.8,1.0,reflect,1.8402424932592888e-21,266.8230419202683,6295906.274016832,0.6306306306306306,288.4876707877147,206,raw,3.3401053228529236e-11,-1.8976054062419277e-10,6.433263260922631,61019.168074091736,0.7726811776697683,5.618943883691963e-06,1.0,327.00000000005787,,,,[],[],13,661.1538461537419,87.0000000000104,939.9999999998471,"[8, 32, 51, 63, 81, 100, 111, 133, 152, 162, 175, 192, 204]","[877.9999999999193, 637.9999999998583, 786.9999999998557, 791.9999999998657, 939.9999999998471, 787.9999999998794, 636.9999999998915, 674.9999999999445, 770.9999999998718, 195.99999999993548, 833.9999999998461, 571.9999999999187, 87.0000000000104]","[0, 13, 39, 39, 76, 99, 107, 107, 107, 161, 99, 187, 203]","[76, 39, 61, 76, 205, 164, 119, 142, 164, 164, 205, 205, 205]",37754612.99999652,940.9999999999046,-940.9999999999046,0.0,,,,DWT,mdp.39015067403892,3.4794211387634277e-06,,0.0,33.0,19.0,0.0,28.5,,9.538325684843585e-11,256.34134615374194,4359.000000001355,256.3413461537514,,0.0,256.34134615374194,,,84.0000000000104,0.0,19.5,1.5290879673557356e-10,9.538325684843585e-11,,5.786660040030256e-11,4.2184462380022393e-11,1.3022766449881765e-21,0.7707147221912275,0.8261544833124501,0.0006301529563106681,0.5511583011583011,0.00026552325517763525,0.9999999997237692,0.4742280246236844,6.6152373088652705e-09,6.6152373088652705e-09,6.0085779170717726e-09,,2.9107423960573323e-09,0.9999999933847491,1.830943621894556e-10,,,,,,3.4439111672090326e-11,1.0,0.0,1.1946039613736414e-10,1.1946039613736414e-10,0.7422684114631178,0.24267159420044307,674,1.4963906811166712,0.7187215116742942,640,0,0.2061856700512235,0.246354345151088,674,0.0,0.3936153978299276,0.7149420272367593,578,45.2658811910251,0.9525514872211477,641.5,638.9814271399025,0.6400598106965277,434,bior,0.672619891330026,0.76736776154697,0.2989557476048908,5,326.75,4.218446238002239e-11,0.00015478832997783964,1.3022766449881765e-21,0.7707147221912274,0.8261544833124502,0.0016629811577538892,0.6626600284495021,0.002630595673720613,0.9999999997237691,0.9919828214563859,0.9855281704440785,0.9855281704440785,0.9855281704440721,,6.236069964184139e-10,0.9999999999671609,1.0203134060205854e-10,,,,,1.0,,3.4439111672090326e-11,1.0,0.25,1.1946039613736414e-10,1.1946039613736414e-10,0.0,2.209570200247988,0.6304403969625824,674,1.542500251600284,0.7130749654288718,1479,569.2209588551708,0.7016661641220279,1076.5,926.006502554575,0.568731404912167,1043,0.5943810304597339,0.7715092316736338,0.3524805091760961,5,783.5,,,,,,,,,,,,,2.832424275296057e-16,0.03641360043842913,1.3022766449881765e-21,0.8336855902805387,0.255393941638734,0.0016503030567988092,0.5013146010304718,1.0,0.002630595673720613,0.9999999999999541,0.0008499884728392615,0.0007982210227391799,0.0007982210227391799,0.0007982210227329268,,0.0,4.872535256902221e-16,0.02016391057305609,9.487803228558024e-16,,,,,0.4782608695652174,,1.089645659654753e-18,1.0,0.7906976744186046,4.002844538796928e-16,4.002844538796928e-16,0.9302325581395349,0.5674759776446985,0.17675400427451157,684,1.6412356353292772,0.7966710484283657,1532,599.6265504461923,0.7198006773615924,1108.0,945.7472924187726,0.601021834007899,1060,1104.4,1082.5,563.6960149978129,300,0.520820561188399,0.7876173146100969,0.3991404127850916,6,796.5
bior3.1,1.0,symmetric,1.1389650338018369e-26,318.9066885540053,7113039.463931,0.6009615384615384,216.22353096860493,206,raw,7.759057689768666e-14,-1.9153134633853879e-10,5.979362197682102,87201.9242600661,0.8981088857694777,5.618943883690067e-06,0.9999999999999999,326.9999999999999,,,,[],[],13,661.153846153846,87.0,939.9999999999995,"[8, 32, 51, 63, 81, 100, 111, 133, 152, 162, 175, 192, 204]","[877.9999999999999, 637.9999999999998, 786.9999999999999, 792.0, 939.9999999999995, 787.9999999999999, 636.9999999999998, 674.9999999999999, 770.9999999999998, 196.0, 833.9999999999998, 571.9999999999999, 87.0]","[0, 13, 42, 42, 76, 99, 107, 107, 107, 161, 99, 187, 203]","[76, 42, 61, 76, 205, 164, 119, 142, 164, 164, 205, 205, 205]",37754612.99999999,940.9999999999995,-940.9999999999995,0.0,,,,DWT,mdp.39015067403892,7.450580596923828e-09,,0.0,33.0,19.0,0.0,28.5,,4.547473508864641e-13,256.34134615384596,4359.000000000002,256.34134615384596,,0.0,256.34134615384596,,,84.0,0.0,24.0,4.547473508864641e-13,4.547473508864641e-13,,1.1368683772161603e-13,7.968919553948506e-14,7.2631932814065e-27,0.9629151694299594,0.6693544357521801,0.0015497403866383745,0.3286401098901096,0.0023853576652226984,0.9999999997237425,0.4742280246116003,6.695790689632508e-09,6.695790689632508e-09,6.081824269901822e-09,,5.718550876340534e-12,0.9999999933041348,5.445185492623215e-13,,,,,,7.374542113937972e-14,1.0,0.5,5.695370495225942e-13,5.695370495225942e-13,0.7922684098809654,0.25901821375031947,288,1.4456113766390386,0.694332039769338,729,0,0.24785233644971805,0.2961384272004363,290,0.0,0.37060560160599154,0.6731482598959969,743,258.14014281652,0.7294128482007127,512.5,415.0180413489396,0.596100554079392,552,bior,0.672619891330026,0.76736776154697,0.2989557476048908,5,415.25,7.968919553948505e-14,0.0001547883299646835,7.2631932814065e-27,0.9629151694299593,0.6693544357521802,0.0025816182133684257,0.4954200404858299,0.004745415190299763,0.9999999997237423,0.9919828214562016,0.9855281704452442,0.9855281704452442,0.9855281704451322,,1.2251610931599486e-12,0.9999999999667607,3.0343893115853844e-13,,,,,1.0,,7.374542113937972e-14,1.0,0.5,5.695370495225942e-13,5.695370495225942e-13,0.0,2.2345701998219556,0.6375734627749777,278,1.513829747299712,0.6998210169502582,1549,898.7327188881019,0.528966080247326,913.5,471.39792008757524,0.5250962476708328,1372,0.5943810304597339,0.7715092316736338,0.3524805091760961,5,1030.25,,,,,,,,,,,,,5.350633839812657e-19,0.036413600438416446,7.2631932814065e-27,0.9731001407297221,0.20692143074101965,0.0018651190531754932,0.3747944485496914,0.9999999999999999,0.004745415190299763,0.9999999999999541,0.0008499884728391221,0.000798221022740124,0.000798221022740124,0.0007982210227337853,,0.0,9.572760819061336e-19,0.02016391057304983,2.821651517786773e-18,,,,,0.4782608695652174,,2.3332883504384434e-21,1.0,0.8604651162790697,1.908388337924638e-18,1.908388337924638e-18,0.9302325581395349,0.5744527218307418,0.17892707859001003,501,1.6509933849624339,0.8014075508922479,1501,707.1067811865476,0.6695762704735759,1001.0,751.2497502497503,0.6009096305638908,1061,1104.4,1082.5,563.6960149978129,300,0.520820561188399,0.7876173146100969,0.3991404127850916,6,797.25
db25,1.0,zero,1.1526525902430405e-26,316.63041443686086,4964735.910018997,0.562992125984252,47.41434077770613,206,smoothed,7.269104412250836e-14,-2.0699890690423276e-10,6.190958874161424,43711.21710211421,0.9903022035953638,0.00014966566451320274,1.0,362.40000000000003,,,,[],[],11,426.6,32.20000000000002,728.3999999999999,"[9, 31, 53, 64, 80, 102, 131, 148, 158, 175, 192]","[311.0000000000003, 417.79999999999984, 589.6, 432.1999999999997, 728.3999999999999, 371.0, 587.0000000000002, 32.20000000000002, 448.2000000000002, 368.00000000000006, 407.1999999999999]","[0, 0, 0, 60, 0, 94, 120, 144, 144, 165, 186]","[20, 40, 75, 75, 203, 120, 203, 149, 203, 186, 203]",30736475.840000004,728.3999999999999,-728.3999999999999,0.0,,,,DWT,mdp.39015067403892,7.450580596923828e-09,,0.0,33.0,11.0,0.0,33.0,,1.1368683772161603e-13,168.4000000000001,987.7999999999984,168.40000000000003,,0.0,168.4000000000001,,,28.00000000000003,0.0,15.0,1.1368683772161603e-13,1.1368683772161603e-13,,5.684341886080802e-14,1.1085512128741724e-13,2.894563808057622e-26,0.9677841053093064,0.08167424135823197,0.06354126476085768,0.34290123404334893,0.12655219467098616,,0.9999996647345563,4.4059791007223055e-09,4.4059791007223055e-09,3.6787269888316428e-09,,6.125805465799743e-13,0.9999999955939887,7.585973278963461e-14,,,,,,1.5893391424973748e-13,1.0,0.0,1.7477015598164352e-13,1.7477015598164352e-13,0.8999999009650604,0.33832967743812864,465,0.841059587730896,0.42697892412017757,365,0,0.24999997273503555,0.35570077878539585,465,0.0,0.22606472002040606,0.39883934993054593,346,63.693929590398696,0.933234874643188,410.25,402.78020216222706,0.7516017140511537,229,db,0.573477938514061,0.8443824841957417,0.34525069778143475,3,172.5,7.349855087673053e-14,0.9999999999705138,7.360055494147127e-27,0.954515202614469,0.742450472801935,0.000166453493967828,0.2813924575217573,0.0012326071561045487,0.9999999997235093,2.0315811923854454e-05,4.745454029730922e-11,4.745454029730922e-11,3.962169481397382e-11,,6.125805465799743e-13,0.0031261328403480726,7.585973278963461e-14,,,,,0.0,,7.374542113937972e-14,1.0,0.0,1.4238426238064856e-13,1.4238426238064856e-13,1.0,0.30156916120454846,0.0860445084207465,1459,1.7570676104683574,0.8122662698375949,181,903.6824663564078,0.5263718729788219,820.0,322.04756097560977,0.5483012404726395,1209,0.49117026184683504,0.8233619396015222,0.4091722348267588,4,907.75,,,,,,,,,,,,,4.934970554488394e-19,0.9999999999715831,7.360055494147127e-27,0.9670071393127428,0.22951803391559505,0.00130035192077979,0.21287861274139555,1.0,0.0012326071561045487,0.9999999999999541,9.960751159770467e-05,3.8435400695480126e-14,3.8435400695480126e-14,3.20911916831812e-14,,0.0,4.786380409530668e-19,0.00456704015061846,7.054128794466933e-19,,,,,0.13043478260869565,,2.3332883504384434e-21,1.0,0.7209302325581395,4.770970844811595e-19,4.770970844811595e-19,1.0,0.42658033862811345,0.13286867808967343,1429,1.88125796445629,0.9131801202981534,77,956.0083681642122,0.5532671176802746,753.0,146.12616201859228,0.600698979400885,1062,1009.0473684210526,935.5,610.6543869996938,760,0.4758535102197843,0.8532293215616218,0.41093374637766444,5,797.75
coif3,1.0,periodic,5.853558774281625e-27,319.5731989087921,5136560.500974888,0.527027027027027,91.32610628886408,206,smoothed,5.1090738974959036e-14,-2.0900610131491296e-10,6.290680273082952,32602.441449352697,0.9807448798073007,0.00014966566451320263,0.9999999999999997,362.4,,,,[],[],11,426.6,32.19999999999996,728.4,"[9, 31, 53, 64, 80, 102, 131, 148, 158, 175, 192]","[311.00000000000006, 417.80000000000007, 589.6000000000001, 432.2, 728.4, 371.0, 587.0000000000002, 32.19999999999996, 448.20000000000005, 368.0, 407.20000000000005]","[0, 0, 0, 60, 0, 94, 120, 144, 144, 165, 186]","[20, 40, 75, 75, 203, 120, 203, 149, 203, 186, 203]",30736475.839999992,728.4,-728.4,0.0,,,,DWT,mdp.39015067403892,3.725290298461914e-09,,0.0,33.0,11.0,0.0,33.0,,0.0,168.4000000000001,987.7999999999984,168.40000000000003,,0.0,168.4000000000001,,,27.99999999999997,0.0,15.0,0.0,0.0,,0.0,6.340227648422174e-14,1.2343134451949719e-26,0.9789649585645038,0.22551279220654208,0.137280625282796,0.0958575670425443,0.034428968115796,,0.9999996646849938,4.4059791007223055e-09,4.4059791007223055e-09,3.6787269888316428e-09,,0.0,0.9999999955939887,0.0,,,,,,7.946695712486874e-14,1.0,0.0,0.0,0.0,0.8999999009497378,0.3383296774323686,583,0.8208902979467265,0.4167396238637632,440,0,0.24999997273081223,0.3557007787793869,583,0.0,0.210292130173178,0.37101223263058986,489,71.28054900649032,0.9252824433894231,523.75,516.2456851183268,0.6881391252586528,350,coif,0.5556920286951962,0.9053407607371553,0.33941335169221604,4,263.5,4.620619058209429e-14,0.9999999999705129,3.345488312650902e-27,0.9653747435296786,0.7768992136399494,0.0003596220474743518,0.07866287339971545,0.00033533509701001545,0.999999999723479,2.0315811922799742e-05,4.745454029730922e-11,4.745454029730922e-11,3.962169481397382e-11,,0.0,0.0031261328403480726,0.0,,,,,0.0,,3.687271056968986e-14,1.0,0.0,0.0,0.0,1.0,0.3015691612041286,0.0860445084206267,1601,1.6994535472407684,0.7856321437804953,737,610.9402589451771,0.6798007028589219,1169.0,1009.3558597091532,0.5335586323518928,1310,0.4784248188775415,0.776734912893196,0.43208215291776214,2,983.0,,,,,,,,,,,,,3.1024583102346143e-19,0.9999999999715824,3.345488312650902e-27,0.9748842178343029,0.24016737357884582,0.0013455228563919916,0.059509922586637454,0.9999999999999997,0.00033533509701001545,0.9999999999999541,9.960751159770391e-05,3.8435400695480126e-14,3.8435400695480126e-14,3.20911916831812e-14,,0.0,0.0,0.00456704015061846,0.0,,,,,0.13043478260869565,,1.1666441752192217e-21,1.0,0.7209302325581395,0.0,0.0,1.0,0.42658033862811345,0.13286867808967343,1517,1.829625081983116,0.8881170387224055,585,659.0235200658623,0.6920450840813728,1051.0,844.3815413891531,0.600461794377135,1063,986.6382352941176,846.0,585.0035688138154,340,0.4652856568234462,0.8173890317607586,0.42908333069536003,4,798.25
db6,1.0,periodization,5.892210865967754e-27,321.76900966204704,5988949.975756687,0.6019417475728155,266.6175417166141,206,raw,5.2105412826226126e-14,-2.0642620945921227e-10,6.304045475889922,63117.30860590066,0.7734487537826732,5.618943883690066e-06,1.0,326.9999999999999,,,,[],[],13,661.1538461538462,87.00000000000007,940.0000000000001,"[8, 32, 51, 63, 81, 100, 111, 133, 152, 162, 175, 192, 204]","[878.0, 638.0, 787.0000000000001, 792.0, 940.0000000000001, 787.9999999999999, 637.0000000000001, 675.0, 771.0, 196.0, 834.0000000000001, 572.0, 87.00000000000007]","[0, 13, 42, 42, 76, 99, 107, 107, 107, 161, 164, 187, 203]","[76, 42, 61, 76, 205, 164, 119, 142, 164, 164, 205, 205, 205]",37754613.0,941.0000000000001,-941.0000000000001,0.0,,,,DWT,mdp.39015067403892,0.0,,0.0,33.0,19.0,0.0,28.5,,1.1368683772161603e-13,256.3413461538462,4359.0,256.3413461538462,,0.0,256.3413461538462,,,84.00000000000007,0.0,28.5,1.1368683772161603e-13,1.1368683772161603e-13,,1.1368683772161603e-13,4.748824859660662e-14,3.372841092117818e-27,0.9734777823164028,0.7815162207489963,0.00028470969562313945,0.33599167822468756,0.00043539500072065665,0.9999999997235179,0.47422802461168284,6.6959667625959335e-09,6.6959667625959335e-09,6.082000342865356e-09,,5.718550876340534e-12,0.9999999933040264,1.3612963731558036e-13,,,,,,0.0,1.0,1.0,1.4238426238064856e-13,1.4238426238064856e-13,0.8422684098806824,0.27536483381736027,130,1.5095579637917362,0.7250458021341916,607,0,0.28951900311631523,0.34592250957011844,130,0.0,0.3864632232137495,0.7019511985053816,637,284.3202419807637,0.701970396246579,376.0,215.03156021466506,0.6539202086054698,407,db,0.540986235965534,0.9305070477545101,0.3421575204977732,3,306.0,4.748824859660661e-14,0.0001547883299646835,3.372841092117818e-27,0.9734777823164028,0.7815162207489964,0.0013178949055779661,0.500945324476239,0.0028000655535788763,0.9999999997235178,0.9919828214562029,0.9855281704452468,0.9855281704452468,0.9855281704451347,,1.2251610931599486e-12,0.9999999999667601,7.585973278963461e-14,,,,,1.0,,0.0,1.0,0.75,1.4238426238064856e-13,1.4238426238064856e-13,0.0,2.259570199821637,0.6447065287088389,135,1.5770483196174667,0.7290460243518306,1384,883.1763697019978,0.537119303091196,759.5,246.0039499670836,0.5695292532227468,1038,0.49117026184683504,0.8233619396015222,0.4091722348267588,4,779.5,,,,,,,,,,,,,3.188540531928693e-19,0.03641360043841643,3.372841092117818e-27,0.9807618394837484,0.24159465584623216,0.001569607371115331,0.3789744283588147,1.0,0.0028000655535788763,0.9999999999999541,0.0008499884728391231,0.0007982210227401261,0.0007982210227401261,0.0007982210227337874,,0.0,9.572760819061336e-19,0.020163910573049823,7.054128794466933e-19,,,,,0.4782608695652174,,0.0,1.0,0.9302325581395349,4.770970844811595e-19,4.770970844811595e-19,0.9302325581395349,0.5814294660167882,0.18110015290550946,47,1.6736731129953868,0.8124165019052192,1425,974.3931444750625,0.5446761007125875,736.0,90.99864130434783,0.6003754335338638,1064,1009.0473684210526,935.5,610.6543869996938,760,0.4758535102197843,0.8532293215616218,0.41093374637766444,5,799.25
db20,1.0,antireflect,8.982632337986934e-27,317.7133625001293,5740481.64162554,0.5286885245901639,98.1363480973193,206,smoothed,6.475672209894936e-14,-2.0468058359313132e-10,6.480943086512774,99813.18550702537,0.9947620592101589,0.0001496656645132028,0.9999999999999997,362.40000000000015,,,,[],[],11,426.59999999999997,32.200000000000045,728.4000000000002,"[9, 31, 53, 64, 80, 102, 131, 148, 158, 175, 192]","[310.9999999999999, 417.8, 589.5999999999999, 432.20000000000005, 728.4000000000002, 371.0000000000001, 586.9999999999999, 32.200000000000045, 448.1999999999998, 368.0, 407.1999999999999]","[1, 1, 1, 60, 1, 94, 120, 144, 144, 165, 186]","[20, 40, 75, 75, 205, 120, 205, 149, 205, 186, 205]",30736475.839999996,728.4000000000002,-728.4000000000002,0.0,,,,DWT,mdp.39015067403892,0.0,,0.0,15.0,11.0,0.0,33.0,,2.2737367544323206e-13,168.40000000000003,987.7999999999993,168.39999999999998,,0.0,168.40000000000003,,,28.000000000000057,0.0,33.0,2.2737367544323206e-13,2.2737367544323206e-13,,1.7053025658242404e-13,9.342452718096138e-14,2.1500680057649235e-26,0.9718986721401073,0.4999486470986664,0.39645632574286993,0.10727036618980738,0.5917964760489228,,0.9999996647593375,4.4059199552998455e-09,4.4059199552998455e-09,3.67866784340914e-09,,1.837741639739923e-12,0.9999999955940747,1.5171946557926922e-13,,,,,,0.0,0.0,1.0,3.4954031196328703e-13,3.4954031196328703e-13,0.8999999009731254,0.3383296774411605,372,1.3109684266003527,0.6655365404673791,86,0,0.24999997273721733,0.3557007787885001,373,0.0,0.36676721246006677,0.6470766273490494,85,165.7005330910757,0.8263097137410108,229.0,139.0735957689424,0.7931338925099184,159,db,0.573477938514061,0.8443824841957417,0.34525069778143475,3,120.0,6.34733973485079e-14,0.999999999970514,5.559827961299281e-27,0.9585115261353664,0.8426254712119388,0.0010385619624335796,0.08802847282139784,0.005764045208633536,0.9999999997235441,2.0315811924354055e-05,4.745387416349445e-11,4.745387416349445e-11,3.962102868015904e-11,,1.837741639739923e-12,0.0031261328403482946,1.5171946557926922e-13,,,,,0.0,,0.0,0.0,1.0,2.847685247612971e-13,2.847685247612971e-13,1.0,0.30156916120521876,0.08604450842093775,1328,1.7344559393610095,0.8018132299911293,395,659.7306268470488,0.6542292312122386,861.5,608.8914683691236,0.6013546575348405,869,0.49117026184683504,0.8233619396015222,0.4091722348267588,4,652.75,,,,,,,,,,,,,4.2618438482356397e-19,0.9999999999715835,5.559827961299281e-27,0.9699059132496389,0.2604857139492443,0.001504287575734062,0.06659517224093997,0.9999999999999997,0.005764045208633536,0.9999999999999541,9.960751159770499e-05,3.8434858594393884e-14,3.8434858594393884e-14,3.2090649582094954e-14,,0.0,1.4359141228592004e-18,0.004567040150618464,1.4108257588933865e-18,,,,,0.13043478260869565,,0.0,0.7209302325581395,1.0,9.54194168962319e-19,9.54194168962319e-19,1.0,0.42658033862811345,0.13286867808967343,1479,1.8418822356835582,0.8940667751765009,360,791.2524881477467,0.6302558466599315,919.5,579.0538336052202,0.6002914747318349,1065,1009.0473684210526,935.5,610.6543869996938,760,0.4758535102197843,0.8532293215616218,0.41093374637766444,5,800.0
rbio2.6,1.0,smooth,3.392255069325151e-27,321.9425137410577,4877636.698495006,0.5458715596330275,88.08672277104617,206,smoothed,3.840724933344037e-14,-2.1014019413456738e-10,6.230167355571091,34460.472145089036,0.9780502967356313,0.00014966566451320274,0.9999999999999999,362.40000000000003,,,,[],[],11,426.6,32.20000000000002,728.4000000000001,"[9, 31, 53, 64, 80, 102, 131, 148, 158, 175, 192]","[311.00000000000017, 417.79999999999995, 589.6000000000001, 432.20000000000016, 728.4000000000001, 371.0, 587.0000000000001, 32.20000000000002, 448.20000000000005, 368.0000000000001, 407.20000000000016]","[1, 1, 1, 60, 1, 94, 120, 144, 144, 165, 186]","[20, 40, 75, 75, 204, 120, 204, 149, 204, 186, 204]",30736475.84,728.4000000000001,-728.4000000000001,0.0,,,,DWT,mdp.39015067403892,3.725290298461914e-09,,0.0,15.0,11.0,0.0,33.0,,1.1368683772161603e-13,168.4000000000001,987.7999999999984,168.4000000000001,,0.0,168.4000000000001,,,28.00000000000003,0.0,33.0,1.1368683772161603e-13,1.1368683772161603e-13,,5.684341886080802e-14,3.5538426348280107e-14,5.13988388313733e-27,0.9879669638787222,0.1382287141987832,0.026162213694803316,0.2253003483189008,0.049837307259567074,,0.9999996647345563,4.4059791007223055e-09,4.4059791007223055e-09,3.6787861342541454e-09,,6.125805465799743e-13,0.9999999955939887,7.585973278963461e-14,,,,,,7.946695712486874e-14,0.0,1.0,1.7477015598164352e-13,1.7477015598164352e-13,0.8999999009650385,0.3383296774381204,467,0.7850307045054243,0.3985348606694422,560,0,0.24999997273503388,0.35570077878539347,470,0.0,0.20392793533583034,0.3597840704851213,552,50.6384241460968,0.9469198908321836,512.25,508.49855631712245,0.7049851026487962,322,rbio,0.7685897546424816,0.816051598246696,0.21717169227625407,5,242.75,3.01803813759272e-14,0.9999999999705138,1.603706833152404e-27,0.9741180516473524,0.7559950362491102,6.853486306611237e-05,0.18488652824722346,0.00048541095418242614,0.9999999997234619,2.0315811923854454e-05,4.745454029730922e-11,4.745454029730922e-11,3.962224992548613e-11,,6.125805465799743e-13,0.0031261328403480726,7.585973278963461e-14,,,,,0.0,,3.687271056968986e-14,0.0,1.0,1.4238426238064856e-13,1.4238426238064856e-13,1.0,0.3015691612045302,0.0860445084207413,1467,1.73665139210561,0.8028281551999469,381,767.9179643685906,0.597527272343506,924.0,604.8993506493507,0.5566252713918788,1132,0.3888041033402703,1.0,0.4278371276618108,3,849.75,,,,,,,,,,,,,2.0264248973184113e-19,0.9999999999715831,1.603706833152404e-27,0.9812262653590423,0.23370514361047973,0.0012774544248292032,0.13987008747311064,0.9999999999999999,0.00048541095418242657,0.9999999999999541,9.960751159770467e-05,3.8435400695480126e-14,3.8435400695480126e-14,3.209173378426744e-14,,0.0,4.786380409530668e-19,0.00456704015061846,7.054128794466933e-19,,,,,0.13043478260869565,,1.1666441752192217e-21,0.7209302325581395,1.0,4.770970844811595e-19,4.770970844811595e-19,1.0,0.42658033862811345,0.13286867808967343,1448,1.8623692575954536,0.9040113662360596,179,897.3185053257288,0.5806922872309679,813.5,318.61339889366934,0.60027605015754,1066,818.67,599.5,715.6978453131971,300,0.38607403914171184,1.0,0.42974817260080167,3,800.25
bior2.8,1.0,constant,4.870905906568277e-27,322.5956950665923,6279917.585381732,0.5945945945945946,224.61038307890234,206,raw,4.49564872922971e-14,-2.145535971109808e-10,6.21225503258216,71653.29689200412,0.8487750808276905,5.618943883690066e-06,1.0,327.0000000000001,,,,[],[],13,661.1538461538462,87.00000000000003,939.9999999999999,"[8, 32, 51, 63, 81, 100, 111, 133, 152, 162, 175, 192, 204]","[878.0, 638.0000000000001, 787.0000000000001, 792.0, 939.9999999999999, 788.0000000000001, 637.0000000000001, 675.0, 771.0, 195.99999999999994, 834.0000000000002, 572.0, 87.00000000000003]","[0, 13, 42, 42, 76, 99, 107, 107, 107, 161, 99, 187, 203]","[76, 42, 61, 76, 205, 164, 119, 142, 164, 164, 205, 205, 205]",37754613.0,940.9999999999999,-940.9999999999999,0.0,,,,DWT,mdp.39015067403892,0.0,,0.0,33.0,19.0,0.0,28.5,,1.1368683772161603e-13,256.3413461538462,4359.0,256.3413461538462,,0.0,256.3413461538462,,,84.00000000000003,0.0,24.0,1.1368683772161603e-13,1.1368683772161603e-13,,1.1368683772161603e-13,3.8455457158766573e-14,2.6500980760407218e-27,0.9765284386115867,0.7498072272219017,0.000612159565174756,0.28088803088803105,0.0011264941945601807,0.9999999997233955,0.4742280246116333,6.6959667625959335e-09,6.6959667625959335e-09,6.082000342865356e-09,,5.718550876340534e-12,0.9999999933040264,1.3612963731558036e-13,,,,,,0.0,1.0,0.5,1.4238426238064856e-13,1.4238426238064856e-13,0.7922684098806676,0.2590182137502221,389,1.4739325664828966,0.7079348031611833,668,0,0.24785233644964438,0.2961384272003483,383,0.0,0.376120293775586,0.6831648527962068,706,174.4906874305904,0.8170957154815615,536.5,494.1262760058547,0.6273633713676151,470,bior,0.672619891330026,0.76736776154697,0.2989557476048908,5,353.75,3.845545715876657e-14,0.0001547883299646835,2.650098076040721e-27,0.9765284386115866,0.7498072272219019,0.0016450063624179802,0.45953058321479406,0.0034895298136636407,0.9999999997233954,0.9919828214562021,0.9855281704452468,0.9855281704452468,0.9855281704451347,,1.2251610931599486e-12,0.9999999999667601,7.585973278963461e-14,,,,,1.0,,0.0,1.0,0.5,1.4238426238064856e-13,1.4238426238064856e-13,0.0,2.2345701998216367,0.6375734627748868,389,1.546897661558854,0.7151078227661273,1465,760.8468965567251,0.6012332827270832,927.0,614.7626752966559,0.5576921130616548,1114,0.5943810304597339,0.7715092316736338,0.3524805091760961,5,836.75,,,,,,,,,,,,,2.582044767878352e-19,0.03641360043841643,2.650098076040721e-27,0.9829746640743162,0.2317922702078805,0.0016460997933378473,0.34764340852826875,1.0,0.0034895298136636407,0.9999999999999541,0.0008499884728391225,0.0007982210227401261,0.0007982210227401261,0.0007982210227337874,,0.0,9.572760819061336e-19,0.020163910573049823,7.054128794466933e-19,,,,,0.4782608695652174,,0.0,1.0,0.8604651162790697,4.770970844811595e-19,4.770970844811595e-19,0.9302325581395349,0.5744527218307418,0.17892707859001003,359,1.6578812389134785,0.8047509792888043,1479,791.9595949289333,0.629925422930405,919.0,577.759521218716,0.6002430852969782,1067,1104.4,1082.5,563.6960149978129,300,0.520820561188399,0.7876173146100969,0.3991404127850916,6,801.75
sym13,1.0,symmetric,4.335887784867638e-22,273.10101212955965,6528765.198934957,0.6217391304347826,287.8795477975358,206,raw,1.646408575815814e-11,-1.818666328670283e-10,6.485401843157891,62685.90564141969,0.7493232376758617,5.618943883691014e-06,1.0,327.00000000002217,,,,[],[],13,661.1538461537913,86.99999999999176,939.9999999999184,"[8, 32, 51, 63, 81, 100, 111, 133, 152, 162, 175, 192, 204]","[877.9999999999422, 637.9999999999357, 786.9999999999309, 791.9999999999286, 939.9999999999184, 787.9999999999344, 636.9999999999446, 674.9999999999707, 770.9999999999382, 195.99999999997192, 833.9999999999245, 571.9999999999559, 86.99999999999176]","[0, 13, 39, 39, 76, 99, 107, 107, 107, 161, 99, 187, 203]","[76, 39, 61, 76, 205, 164, 119, 142, 164, 164, 205, 205, 205]",37754612.99999812,940.9999999999479,-940.9999999999479,0.0,,,,DWT,mdp.39015067403892,1.8775463104248047e-06,,0.0,33.0,19.0,0.0,28.5,,5.206857167650014e-11,256.3413461537913,4359.000000000713,256.34134615379645,,0.0,256.3413461537913,,,83.99999999999176,0.0,19.5,8.162714948412031e-11,5.206857167650014e-11,,2.2168933355715126e-11,2.0784310144101466e-11,3.0683533332693455e-22,0.7938818535263756,0.8441657479608466,0.0008922083262765167,0.4844720496894407,0.0004004673238096944,0.9999999997238882,0.47422802460202546,6.653445141928638e-09,6.653445141928638e-09,6.043484382092343e-09,,1.1151174208864043e-09,0.9999999933465007,9.77410795925867e-11,,,,,,1.8583846127123688e-11,1.0,0.0,6.521199217033705e-11,6.521199217033705e-11,0.7422684105007762,0.2426715938858224,696,1.4928070969604776,0.7170003040682501,644,0,0.2061856698883972,0.2463543449565402,696,0.0,0.3904765408214277,0.7092407746810021,607,43.41562698691183,0.9544909570367801,660.75,658.5657907476618,0.6309404470718492,460,sym,0.8243425715244881,0.7368036147090654,0.2019191155201387,6,346.5,2.0784310144101466e-11,0.00015478832997128933,3.0683533332693455e-22,0.7938818535263756,0.8441657479608466,0.0019247656988797032,0.6125400457665903,0.0027652205050929884,0.9999999997238881,0.9919828214560555,0.9855281704446314,0.9855281704446314,0.9855281704445773,,2.3890641316619e-10,0.999999999966971,5.446728814295765e-11,,,,,1.0,,1.8583846127123688e-11,1.0,0.25,6.521199217033705e-11,6.521199217033705e-11,0.0,2.209570200002518,0.6304403968925443,697,1.545542911849144,0.7144815420887568,1472,548.0077554195743,0.7127841952727598,1084.5,946.0433379437528,0.5721939844288327,1024,0.7763846615972358,0.5622554397616224,0.28785410495344815,6,769.5,,,,,,,,,,,,,1.3955371545831193e-16,0.03641360043842278,3.0683533332693455e-22,0.8504901047688692,0.26096186866130355,0.0017115192974177284,0.4633979046196019,1.0,0.0027652205050929884,0.9999999999999543,0.0008499884728390116,0.0007982210227396277,0.0007982210227396277,0.0007982210227333359,,0.0,1.8666883597169608e-16,0.02016391057305312,5.064864474427258e-16,,,,,0.4782608695652174,,5.879886643104878e-19,1.0,0.7906976744186046,2.1851046469237103e-16,2.1851046469237103e-16,0.9302325581395349,0.5674759776446969,0.17675400427451107,711,1.6390200870220688,0.7955956006652581,1540,586.1915216036479,0.7260787282225944,1125.5,972.847623278543,0.600072074391671,1068,1409.1368421052632,1454.5,398.32527672708756,380,0.6645304607900322,0.5565550872278735,0.3678621512786154,7,802.75
db29,1.0,periodization,2.730370477812584e-26,315.10957667376636,5944137.483222198,0.5825242718446602,272.07949546547286,206,raw,1.1660551364602363e-13,-2.0445778403655208e-10,6.3515712929866455,63117.308605900645,0.7685151383667022,5.6189438836900665e-06,1.0,327.0,,,,[],[],13,661.1538461538462,87.00000000000013,939.9999999999999,"[8, 32, 51, 63, 81, 100, 111, 133, 152, 162, 175, 192, 204]","[877.9999999999999, 638.0000000000002, 786.9999999999999, 791.9999999999999, 939.9999999999999, 787.9999999999998, 637.0000000000001, 674.9999999999998, 770.9999999999998, 195.99999999999983, 833.9999999999999, 572.0, 87.00000000000013]","[0, 13, 39, 39, 76, 99, 107, 107, 107, 161, 99, 187, 203]","[76, 39, 61, 76, 205, 164, 119, 142, 164, 164, 205, 205, 205]",37754613.0,940.9999999999999,-940.9999999999999,0.0,,,,DWT,mdp.39015067403892,0.0,,0.0,33.0,19.0,0.0,28.5,,1.1368683772161603e-13,256.3413461538462,4359.0,256.3413461538461,,0.0,256.3413461538462,,,84.00000000000013,0.0,19.5,1.1368683772161603e-13,1.1368683772161603e-13,,0.0,1.289852449857525e-13,1.8525031969452605e-26,0.9489029669678395,0.7979340064397913,0.0002342784986469167,0.19036061026352252,0.00043539500072065546,0.9999999997235477,0.47422802461174884,6.6959667625959335e-09,6.6959667625959335e-09,6.081912306383589e-09,,0.0,0.9999999933040264,1.3612963731558036e-13,,,,,,0.0,1.0,0.0,1.4238426238064856e-13,1.4238426238064856e-13,0.7422684098778165,0.2426715936821567,895,1.444744324645078,0.6939155917603631,732,0,0.2061856697825034,0.24635434483001642,894,0.0,0.3672334071117747,0.667023185569068,765,85.36392680752216,0.9105199928642326,821.5,814.7973008332616,0.5247044408765607,778,db,0.540986235965534,0.9305070477545101,0.3421575204977732,3,584.25,1.2898524498575247e-13,0.0001547883299646835,1.8525031969452605e-26,0.9489029669678395,0.7979340064397914,0.0012675158282075367,0.39149207971384764,0.002800065553578875,0.9999999997235476,0.9919828214562039,0.9855281704452468,0.9855281704452468,0.9855281704451335,,0.0,0.9999999999667601,7.585973278963461e-14,,,,,1.0,,0.0,1.0,0.25,1.4238426238064856e-13,1.4238426238064856e-13,0.0,2.2095701998210244,0.63044039684076,897,1.5267058358101209,0.7057734415024703,1523,442.64884502277874,0.7680037499880614,1210.0,1129.0338842975207,0.566915921115624,1048,0.49117026184683504,0.8233619396015222,0.4091722348267588,4,787.0,,,,,,,,,,,,,8.660556954867621e-19,0.03641360043841644,1.8525031969452605e-26,0.9629362470701359,0.2466699814484614,0.0015578266230650282,0.2961710188066567,1.0,0.002800065553578875,0.9999999999999541,0.0008499884728391238,0.0007982210227401261,0.0007982210227401261,0.0007982210227337863,,0.0,0.0,0.020163910573049823,7.054128794466933e-19,,,,,0.4782608695652174,,0.0,1.0,0.7906976744186046,4.770970844811595e-19,4.770970844811595e-19,0.9302325581395349,0.5674759776446953,0.17675400427451057,786,1.6323881661534454,0.7923764045682636,1553,542.3509011700819,0.7465649994532327,1169.5,1043.7434801197094,0.6000348361752146,1069,1009.0473684210526,935.5,610.6543869996938,760,0.4758535102197843,0.8532293215616218,0.41093374637766444,5,803.0
bior3.7,1.0,smooth,2.993229310470639e-27,324.71039257559516,8704733.650469504,0.5818181818181818,220.3841958826978,206,raw,3.20951463895521e-14,-2.1079604728413704e-10,5.9659375907206105,160429.2728356976,0.9476372347190054,5.618943883690066e-06,1.0,327.00000000000006,,,,[],[],13,661.1538461538462,86.99999999999997,939.9999999999999,"[8, 32, 51, 63, 81, 100, 111, 133, 152, 162, 175, 192, 204]","[878.0, 638.0, 787.0, 791.9999999999999, 939.9999999999999, 788.0, 637.0, 675.0, 771.0, 196.0, 834.0000000000001, 572.0, 86.99999999999997]","[0, 13, 39, 39, 76, 99, 107, 107, 107, 161, 99, 187, 203]","[76, 39, 61, 76, 205, 164, 119, 142, 164, 164, 205, 205, 205]",37754613.0,940.9999999999999,-940.9999999999999,0.0,,,,DWT,mdp.39015067403892,0.0,,0.0,33.0,19.0,0.0,28.5,,1.1368683772161603e-13,256.3413461538462,4359.0,256.34134615384613,,0.0,256.3413461538462,,,83.99999999999997,0.0,19.5,1.1368683772161603e-13,1.1368683772161603e-13,,5.684341886080802e-14,2.2204929798523074e-14,1.3213297842672828e-27,0.9843321511638814,0.6647169074877348,0.0033410052439870773,0.18506493506493477,0.008314063266894304,0.9999999997234521,0.47422802461156727,6.6959667625959335e-09,6.6959667625959335e-09,6.0819563246244724e-09,,2.859275438170267e-12,0.9999999933040264,1.3612963731558036e-13,,,,,,0.0,1.0,0.0,1.4238426238064856e-13,1.4238426238064856e-13,0.7422684098792048,0.2426715936826106,827,1.401979846286309,0.6733756679825427,798,0,0.20618566978273023,0.24635434483028743,830,0.0,0.3557211327438633,0.6461129040605772,806,15.692354826475215,0.9835509907479295,815.25,815.0230358158094,0.5644956211601283,656,bior,0.672619891330026,0.76736776154697,0.2989557476048908,5,493.25,2.2204929798523068e-14,0.0001547883299646835,1.3213297842672836e-27,0.9843321511638814,0.6647169074877348,0.004371031835294731,0.38751196172248803,0.010660095249767569,0.999999999723452,0.9919828214562011,0.9855281704452468,0.9855281704452468,0.9855281704451341,,6.125805465799743e-13,0.9999999999667601,7.585973278963461e-14,,,,,1.0,,0.0,1.0,0.25,1.4238426238064856e-13,1.4238426238064856e-13,0.0,2.20957019982133,0.6304403968408472,836,1.4844585195371227,0.6862431344185157,1610,547.3006486383878,0.7131547963111176,1223.0,1100.539656582175,0.5360847356817642,1291,0.5943810304597339,0.7715092316736338,0.3524805091760961,5,969.5,,,,,,,,,,,,,1.4909229285891435e-19,0.03641360043841643,1.3213297842672836e-27,0.988635166393343,0.20548780464948174,0.002283559249741441,0.29315998573203284,1.0,0.01066009524976757,0.9999999999999541,0.0008499884728391218,0.0007982210227401261,0.0007982210227401261,0.0007982210227337869,,0.0,4.786380409530668e-19,0.020163910573049823,7.054128794466933e-19,,,,,0.4782608695652174,,0.0,1.0,0.7906976744186046,4.770970844811595e-19,4.770970844811595e-19,0.9302325581395349,0.5674759776446953,0.17675400427451057,843,1.6295188943098442,0.7909836333179556,1563,509.11688245431424,0.7620949147409747,1203.0,1095.2693266832916,0.5999726910153471,1070,1104.4,1082.5,563.6960149978129,300,0.520820561188399,0.7876173146100969,0.3991404127850916,6,804.0
db38,1.0,symmetric,2.0735951801577076e-26,316.3045527213226,7979692.3587318985,0.5821428571428572,273.2487236538837,206,raw,1.0206291044243381e-13,-2.061153470123173e-10,6.811418177475827,60380.86704068888,0.7880322314515253,5.618943883690066e-06,1.0,327.00000000000006,,,,[],[],13,661.1538461538463,86.99999999999989,940.0,"[8, 32, 51, 63, 81, 100, 111, 133, 152, 162, 175, 192, 204]","[878.0000000000001, 637.9999999999998, 787.0000000000005, 792.0000000000002, 940.0, 788.0, 637.0000000000001, 674.9999999999998, 770.9999999999999, 195.99999999999994, 834.0000000000005, 572.0000000000002, 86.99999999999989]","[0, 13, 42, 42, 76, 99, 107, 107, 107, 161, 99, 187, 203]","[76, 42, 61, 76, 205, 164, 119, 142, 164, 164, 205, 205, 205]",37754613.0,941.0,-941.0,0.0,,,,DWT,mdp.39015067403892,0.0,,0.0,33.0,19.0,0.0,28.5,,0.0,256.3413461538463,4358.999999999998,256.34134615384613,,0.0,256.3413461538463,,,83.99999999999989,0.0,24.0,0.0,0.0,,5.684341886080802e-14,1.1061041354040436e-13,1.3877255072421498e-26,0.9533126991126526,0.9567880369714107,0.0025250564285675247,0.18750000000000022,0.00021384449053713005,0.9999999997235227,0.47422802461146824,6.696054799077647e-09,6.696054799077647e-09,6.0819563246244724e-09,,2.859275438170267e-12,0.9999999933039181,0.0,,,,,,0.0,1.0,0.5,0.0,0.0,0.792268409879049,0.2590182137496929,478,1.526729703853238,0.7332934470379079,568,0,0.24785233644935928,0.29613842720000766,478,0.0,0.38754245459085024,0.7039114568511065,629,73.89350445066196,0.922543496382954,538.25,530.8920145176457,0.67917007104263,370,db,0.540986235965534,0.9305070477545101,0.3421575204977732,3,278.25,1.1061041354040434e-13,0.0001547883299646835,1.3877255072421498e-26,0.9533126991126526,0.9567880369714108,0.0035559262862094503,0.38934210526315827,0.0025790391655629227,0.9999999997235226,0.9919828214561996,0.9855281704452481,0.9855281704452481,0.9855281704451341,,6.125805465799743e-13,0.9999999999667596,0.0,,,,,1.0,,0.0,1.0,0.5,0.0,0.0,0.0,2.234570199821235,0.6375734627747721,488,1.6089744952563219,0.7438050213544788,1255,542.3509011700819,0.7157490035796217,871.5,702.7423981640849,0.6294939986451568,750,0.49117026184683504,0.8233619396015222,0.4091722348267588,4,563.5,,,,,,,,,,,,,7.426801308738422e-19,0.03641360043841643,1.3877255072421498e-26,0.9661348911596932,0.29577745205130074,0.0020929532758056477,0.2945445232618825,1.0,0.0025790391655629227,0.9999999999999541,0.0008499884728391206,0.0007982210227401272,0.0007982210227401272,0.0007982210227337869,,0.0,4.786380409530668e-19,0.020163910573049813,0.0,,,,,0.4782608695652174,,0.0,1.0,0.8604651162790697,0.0,0.0,0.9302325581395349,0.5744527218307418,0.17892707859001003,329,1.6583896424618538,0.8049977631016769,1475,810.3443712397834,0.621334405962718,902.0,537.9988913525499,0.5999195394299572,1071,1009.0473684210526,935.5,610.6543869996938,760,0.4758535102197843,0.8532293215616218,0.41093374637766444,5,804.5
bior2.4,1.0,periodic,2.543976854369143e-27,323.1922671855299,5077242.092004094,0.5280373831775701,82.55807546074007,206,smoothed,3.246593932204828e-14,-2.0912207521206537e-10,6.190442981186508,35628.529006525285,0.9863042562143199,0.00014966566451320268,0.9999999999999999,362.4000000000001,,,,[],[],11,426.59999999999997,32.20000000000002,728.4000000000001,"[9, 31, 53, 64, 80, 102, 131, 148, 158, 175, 192]","[311.0, 417.79999999999995, 589.6, 432.20000000000005, 728.4000000000001, 371.0, 587.0, 32.20000000000002, 448.20000000000005, 368.0000000000001, 407.2]","[0, 0, 0, 60, 0, 94, 120, 144, 144, 165, 186]","[20, 40, 75, 75, 203, 120, 203, 149, 203, 186, 203]",30736475.840000004,728.4000000000001,-728.4000000000001,0.0,,,,DWT,mdp.39015067403892,7.450580596923828e-09,,0.0,33.0,11.0,0.0,33.0,,1.1368683772161603e-13,168.40000000000003,987.7999999999993,168.40000000000003,,0.0,168.40000000000003,,,28.00000000000003,0.0,15.0,1.1368683772161603e-13,1.1368683772161603e-13,,1.1368683772161603e-13,2.2486200466635677e-14,2.6573131536136923e-27,0.9927152932249929,0.08093011523578182,0.11182384101023504,0.10279768664860611,0.059523808296131485,,0.9999996647345563,4.4059199552998455e-09,4.4059199552998455e-09,3.6787269888316428e-09,,1.2251610931599486e-12,0.9999999955940747,7.585973278963461e-14,,,,,,1.5893391424973748e-13,1.0,0.0,1.7477015598164352e-13,1.7477015598164352e-13,0.8999999009653742,0.3383296774382466,443,0.7569347520359058,0.38427144850154593,648,0,0.24999997273508395,0.35570077878546474,444,0.0,0.19254153491653858,0.33969537844653475,667,123.7968766434221,0.8702338819251341,550.5,529.6575910966985,0.6465949283839507,468,bior,0.8100315533562081,0.7923003667562746,0.1952878026237719,6,352.5,2.2673433101567312e-14,0.9999999999705134,1.0034089985954336e-27,0.9787299247877809,0.7422722576586935,0.000292935136168751,0.08435809149040846,0.0005797566154830814,0.9999999997234772,2.0315811923854454e-05,4.745387416349445e-11,4.745387416349445e-11,3.962169481397382e-11,,1.2251610931599486e-12,0.0031261328403482946,7.585973278963461e-14,,,,,0.0,,7.374542113937972e-14,1.0,0.0,1.4238426238064856e-13,1.4238426238064856e-13,1.0,0.3015691612048545,0.08604450842083382,1385,1.6924956903930082,0.7824156298603009,824,396.6869042456532,0.7920928174813139,1104.5,1033.2639203259396,0.6066072053863593,838,0.5943810304597339,0.7715092316736338,0.3524805091760961,5,629.75,,,,,,,,,,,,,1.5223800114516563e-19,0.9999999999715827,1.0034089985954336e-27,0.9845715344769798,0.22946294123158556,0.0013299286505956524,0.06381846069417613,0.9999999999999999,0.0005797566154830814,0.9999999999999541,9.960751159770467e-05,3.8434858594393884e-14,3.8434858594393884e-14,3.20911916831812e-14,,0.0,9.572760819061336e-19,0.004567040150618464,7.054128794466933e-19,,,,,0.13043478260869565,,2.3332883504384434e-21,1.0,0.7209302325581395,4.770970844811595e-19,4.770970844811595e-19,1.0,0.42658033862811345,0.13286867808967343,1513,1.8318986425425985,0.8892206461725478,548,682.3580438450184,0.6811411010070008,1030.5,804.5841824357109,0.5997995224661172,1072,1104.4,1082.5,563.6960149978129,300,0.520820561188399,0.7876173146100969,0.3991404127850916,6,805.5
rbio2.6,1.0,zero,3.392255069325151e-27,321.9425137410577,4877636.698495006,0.5458715596330275,88.08672277104617,206,smoothed,3.840724933344037e-14,-2.1014019413456738e-10,6.230167355571091,34460.472145089036,0.9780502967356313,0.00014966566451320274,0.9999999999999999,362.40000000000003,,,,[],[],11,426.6,32.20000000000002,728.4000000000001,"[9, 31, 53, 64, 80, 102, 131, 148, 158, 175, 192]","[311.00000000000017, 417.79999999999995, 589.6000000000001, 432.20000000000016, 728.4000000000001, 371.0, 587.0000000000001, 32.20000000000002, 448.20000000000005, 368.0000000000001, 407.20000000000016]","[1, 1, 1, 60, 1, 94, 120, 144, 144, 165, 186]","[20, 40, 75, 75, 204, 120, 204, 149, 204, 186, 204]",30736475.84,728.4000000000001,-728.4000000000001,0.0,,,,DWT,mdp.39015067403892,3.725290298461914e-09,,0.0,15.0,11.0,0.0,33.0,,1.1368683772161603e-13,168.4000000000001,987.7999999999984,168.4000000000001,,0.0,168.4000000000001,,,28.00000000000003,0.0,33.0,1.1368683772161603e-13,1.1368683772161603e-13,,5.684341886080802e-14,3.5538426348280107e-14,5.13988388313733e-27,0.9879669638787222,0.1382287141987832,0.026162213694803316,0.2253003483189008,0.049837307259567074,,0.9999996647345563,4.4059791007223055e-09,4.4059791007223055e-09,3.6787861342541454e-09,,6.125805465799743e-13,0.9999999955939887,7.585973278963461e-14,,,,,,7.946695712486874e-14,0.0,1.0,1.7477015598164352e-13,1.7477015598164352e-13,0.8999999009650385,0.3383296774381204,470,0.7850307045054243,0.3985348606694422,559,0,0.24999997273503388,0.35570077878539347,469,0.0,0.20392793533583034,0.3597840704851213,551,49.47305664028991,0.9481414500625892,512.25,508.6698622935388,0.7055958822639989,318,rbio,0.7685897546424816,0.816051598246696,0.21717169227625407,5,239.75,3.01803813759272e-14,0.9999999999705138,1.603706833152404e-27,0.9741180516473524,0.7559950362491102,6.853486306611237e-05,0.18488652824722346,0.00048541095418242614,0.9999999997234619,2.0315811923854454e-05,4.745454029730922e-11,4.745454029730922e-11,3.962224992548613e-11,,6.125805465799743e-13,0.0031261328403480726,7.585973278963461e-14,,,,,0.0,,3.687271056968986e-14,0.0,1.0,1.4238426238064856e-13,1.4238426238064856e-13,1.0,0.3015691612045302,0.0860445084207413,1466,1.73665139210561,0.8028281551999469,379,768.6250711497771,0.5971566713051483,922.5,602.2915989159892,0.5568330526337062,1129,0.3888041033402703,1.0,0.4278371276618108,3,847.5,,,,,,,,,,,,,2.0264248973184113e-19,0.9999999999715831,1.603706833152404e-27,0.9812262653590423,0.23370514361047973,0.0012774544248292032,0.13987008747311064,0.9999999999999999,0.00048541095418242657,0.9999999999999541,9.960751159770467e-05,3.8435400695480126e-14,3.8435400695480126e-14,3.209173378426744e-14,,0.0,4.786380409530668e-19,0.00456704015061846,7.054128794466933e-19,,,,,0.13043478260869565,,1.1666441752192217e-21,0.7209302325581395,1.0,4.770970844811595e-19,4.770970844811595e-19,1.0,0.42658033862811345,0.13286867808967343,1450,1.8623692575954536,0.9040113662360596,178,899.4398256692884,0.5797010160423886,814.0,317.07616707616705,0.5996635921333437,1073,818.67,599.5,715.6978453131971,300,0.38607403914171184,1.0,0.42974817260080167,3,805.5
db20,1.0,symmetric,8.221324541963625e-27,318.09798081654054,5696680.164232568,0.5327868852459017,97.11882846203227,206,smoothed,6.173271171488541e-14,-2.0398125410991989e-10,6.466493283114311,31357.795821700278,0.9840851412643046,0.00014966566451320274,0.9999999999999997,362.4000000000002,,,,[],[],11,426.59999999999997,32.200000000000045,728.4000000000002,"[9, 31, 53, 64, 80, 102, 131, 148, 158, 175, 192]","[310.9999999999999, 417.7999999999999, 589.5999999999999, 432.20000000000005, 728.4000000000002, 371.0000000000001, 586.9999999999999, 32.200000000000045, 448.1999999999998, 368.0, 407.1999999999999]","[0, 0, 0, 60, 0, 94, 120, 144, 144, 165, 186]","[20, 40, 75, 75, 203, 120, 203, 149, 203, 186, 203]",30736475.839999996,728.4000000000002,-728.4000000000002,0.0,,,,DWT,mdp.39015067403892,0.0,,0.0,33.0,11.0,0.0,33.0,,2.2737367544323206e-13,168.40000000000003,987.7999999999993,168.39999999999998,,0.0,168.40000000000003,,,28.000000000000057,0.0,15.0,2.2737367544323206e-13,2.2737367544323206e-13,,2.2737367544323206e-13,8.678119994747926e-14,1.9272636925993855e-26,0.9733599959292168,0.4791061919851619,0.377658708272021,0.13542193741972292,0.024107329195250576,,0.9999996647593375,4.4059199552998455e-09,4.4059199552998455e-09,3.67866784340914e-09,,2.4503221863198973e-12,0.9999999955940747,1.5171946557926922e-13,,,,,,0.0,1.0,0.0,3.4954031196328703e-13,3.4954031196328703e-13,0.8999999009734319,0.3383296774412757,370,1.0762101543321367,0.5463573099067661,172,0,0.2499999727372684,0.35570077878857276,370,0.0,0.2842363089716372,0.5014697768261787,185,110.68988210310823,0.8839728699128845,274.25,240.60491493383742,0.7982495376818091,143,db,0.573477938514061,0.8443824841957417,0.34525069778143475,3,108.0,5.965250776510502e-14,0.9999999999705138,5.02107615401889e-27,0.9599308547962472,0.8376337890071434,0.0009893194879869432,0.1111302847282144,0.00023480324903007435,0.9999999997235547,2.0315811924354055e-05,4.745387416349445e-11,4.745387416349445e-11,3.962102868015904e-11,,2.4503221863198973e-12,0.0031261328403482946,1.5171946557926922e-13,,,,,0.0,,0.0,1.0,0.0,2.847685247612971e-13,2.847685247612971e-13,1.0,0.301569161205525,0.08604450842102514,1317,1.739816102196805,0.804291153689918,342,689.4291116568838,0.6386639876012139,829.5,542.994575045208,0.6019577799641289,867,0.49117026184683504,0.8233619396015222,0.4091722348267588,4,651.25,,,,,,,,,,,,,4.00529487739036e-19,0.9999999999715831,5.02107615401889e-27,0.9709354377384689,0.2589426061898103,0.0014927726132712956,0.08407212138821951,0.9999999999999997,0.00023480324903007435,0.9999999999999541,9.960751159770499e-05,3.8434858594393884e-14,3.8434858594393884e-14,3.2090649582094954e-14,,0.0,1.9145521638122673e-18,0.004567040150618464,1.4108257588933865e-18,,,,,0.13043478260869565,,0.0,1.0,0.7209302325581395,9.54194168962319e-19,9.54194168962319e-19,1.0,0.42658033862811345,0.13286867808967343,1472,1.8465017218909785,0.8963091167640497,301,828.0220407694471,0.6130738127245574,886.5,499.7992103778905,0.5994107381379796,1074,1009.0473684210526,935.5,610.6543869996938,760,0.4758535102197843,0.8532293215616218,0.41093374637766444,5,806.75
bior1.3,1.0,symmetric,3.725690490390218e-27,321.53533100953075,4988253.357337934,0.5428571428571428,134.6089763702733,206,smoothed,4.3615596571293533e-14,-2.121218534156815e-10,6.232463630070853,35125.88765405329,0.9539563874676601,0.00014966566451320268,0.9999999999999999,362.40000000000003,,,,[],[],11,426.6,32.20000000000002,728.4,"[9, 31, 53, 64, 80, 102, 131, 148, 158, 175, 192]","[311.0000000000001, 417.8000000000001, 589.6, 432.20000000000005, 728.4, 371.00000000000017, 587.0, 32.20000000000002, 448.2, 368.0000000000001, 407.2000000000001]","[1, 1, 1, 60, 1, 94, 120, 144, 144, 165, 186]","[20, 40, 75, 75, 204, 120, 204, 149, 204, 186, 204]",30736475.840000007,728.4,-728.4,0.0,,,,DWT,mdp.39015067403892,1.1175870895385742e-08,,0.0,15.0,11.0,0.0,33.0,,0.0,168.4000000000001,987.7999999999984,168.4000000000001,,0.0,168.4000000000001,,,28.00000000000003,0.0,33.0,0.0,0.0,,5.684341886080802e-14,4.6980435684293514e-14,6.115715870718732e-27,0.9864199085599663,0.14154086986414563,0.07363389187994067,0.20459436958465665,0.05535548726443668,,0.9999996647345563,4.4059791007223055e-09,4.4059791007223055e-09,3.6787861342541454e-09,,6.125805465799743e-13,0.9999999955939887,0.0,,,,,,2.3840087137460624e-13,0.0,1.0,0.0,0.0,0.89999990096501,0.3383296774381097,480,0.8034192687476742,0.40787014379421266,485,0,0.24999997273501165,0.3557007787853618,488,0.0,0.20879207530759905,0.3683657298618533,499,8.04155872120988,0.9915706931643502,488.0,487.9014261644244,0.7400201474207495,246,bior,0.8100315533562081,0.7923003667562746,0.1952878026237719,6,186.0,3.6761218469850826e-14,0.9999999999705134,1.839667815882972e-27,0.9726154551863612,0.7567882838969648,0.00019289226652938218,0.16789473684210524,0.0005391575381935424,0.999999999723432,2.0315811923854454e-05,4.745454029730922e-11,4.745454029730922e-11,3.962224992548613e-11,,6.125805465799743e-13,0.0031261328403480726,0.0,,,,,0.0,,1.1061813170906958e-13,0.0,1.0,0.0,0.0,1.0,0.3015691612044722,0.08604450842072474,1475,1.7294334188262213,0.7994913933152555,445,728.3199846221439,0.6182809304915389,960.0,683.7239583333333,0.5575681382017443,1118,0.5943810304597339,0.7715092316736338,0.3524805091760961,5,839.75,,,,,,,,,,,,,2.468287177526713e-19,0.9999999999715827,1.839667815882972e-27,0.9801363417239769,0.23395036487063553,0.0013065344182482679,0.1270154821501053,0.9999999999999999,0.0005391575381935429,0.9999999999999541,9.960751159770467e-05,3.8435400695480126e-14,3.8435400695480126e-14,3.209173378426744e-14,,0.0,4.786380409530668e-19,0.00456704015061846,0.0,,,,,0.13043478260869565,,3.499932525657665e-21,0.7209302325581395,1.0,0.0,0.0,1.0,0.42658033862811345,0.13286867808967343,1458,1.856732110545604,0.9012750426066696,218,876.812408671319,0.5902745753872342,838.0,379.2887828162291,0.5993428951702526,1075,1104.4,1082.5,563.6960149978129,300,0.520820561188399,0.7876173146100969,0.3991404127850916,6,807.75
sym9,1.0,symmetric,3.5467117752085218e-25,303.9735335004384,6257977.54001659,0.6126126126126126,281.7175932589357,206,raw,4.713511134799845e-13,-1.86445192618125e-10,6.389393380894951,61597.90851521834,0.7709540803821797,5.618943883690058e-06,0.9999999999999999,326.9999999999997,,,,[],[],13,661.1538461538463,87.0,940.0000000000002,"[8, 32, 51, 63, 81, 100, 111, 133, 152, 162, 175, 192, 204]","[877.9999999999991, 638.0000000000013, 787.0000000000013, 792.0, 940.0000000000002, 787.9999999999994, 637.0000000000002, 675.0, 770.9999999999993, 196.00000000000102, 834.0000000000007, 571.9999999999991, 87.0]","[0, 13, 42, 42, 76, 99, 107, 107, 107, 161, 164, 187, 203]","[76, 42, 61, 76, 205, 164, 119, 142, 164, 164, 205, 205, 205]",37754613.0,940.9999999999995,-940.9999999999995,0.0,,,,DWT,mdp.39015067403892,0.0,,0.0,33.0,19.0,0.0,28.5,,4.547473508864641e-13,256.3413461538463,4358.999999999998,256.3413461538462,,0.0,256.3413461538463,,,84.0,0.0,28.5,2.2737367544323206e-13,4.547473508864641e-13,,2.8421709430404007e-13,5.772124648083284e-13,2.5019193267140954e-25,0.9078084465815297,0.8109996404801953,0.0005874686210451654,0.4160231660231657,0.00031237981576547844,0.9999999997238191,0.4742280246116003,6.696054799077647e-09,6.696054799077647e-09,6.082000342865356e-09,,1.4296377190851335e-11,0.9999999933039181,2.7225927463116073e-13,,,,,,0.0,1.0,1.0,5.695370495225942e-13,5.695370495225942e-13,0.8422684098851843,0.27536483381883203,89,1.5170128407248114,0.7286264047711227,590,0,0.2895190031171113,0.3459225095710696,89,0.0,0.39196638765576225,0.7119468530556892,593,290.1210954067284,0.6958898370998654,340.25,154.7199286483559,0.6696168263067461,386,sym,0.8243425715244881,0.7368036147090654,0.2019191155201387,6,291.0,5.772124648083286e-13,0.00015478832996457248,2.5019193267140954e-25,0.9078084465815297,0.8109996404801955,0.0016203409358717877,0.5610953058321477,0.002677341385716503,0.999999999723819,0.9919828214562016,0.9855281704452481,0.9855281704452481,0.9855281704451347,,3.062902732899872e-12,0.9999999999667596,1.5171946557926922e-13,,,,,1.0,,0.0,1.0,0.75,5.695370495225942e-13,5.695370495225942e-13,0.0,2.259570199822764,0.6447065287091606,90,1.5765505539327873,0.7288159146659319,1387,917.1174951989522,0.5193304532500251,738.5,169.0318212593094,0.5661379729562495,1056,0.7763846615972358,0.5622554397616224,0.28785410495344815,6,793.5,,,,,,,,,,,,,3.875622693963353e-18,0.036413600438416384,2.5019193267140954e-25,0.9331279184845839,0.25070903690962504,0.0016403319787834565,0.42447900477937,0.9999999999999999,0.002677341385716503,0.9999999999999541,0.0008499884728391221,0.0007982210227401272,0.0007982210227401272,0.0007982210227337874,,0.0,2.3931902047653343e-18,0.020163910573049813,1.4108257588933865e-18,,,,,0.4782608695652174,,0.0,1.0,0.9302325581395349,1.908388337924638e-18,1.908388337924638e-18,0.9302325581395349,0.5814294660167882,0.18110015290550946,107,1.6678380541324958,0.8095841100402887,1440,942.5733393216678,0.5595451685412767,773.5,199.19844861021335,0.5990482852052178,1076,1409.1368421052632,1454.5,398.32527672708756,380,0.6645304607900322,0.5565550872278735,0.3678621512786154,7,808.75
db29,1.0,periodic,1.0361887359354097e-26,317.0930100734049,5762320.560624956,0.5343511450381679,114.92608972853914,206,smoothed,7.136578275476406e-14,-2.007648047808179e-10,6.538500193076243,31249.244093586338,0.9786340159279049,0.0001496656645132028,0.9999999999999999,362.3999999999999,,,,[],[],11,426.59999999999985,32.20000000000016,728.3999999999997,"[9, 31, 53, 64, 80, 102, 131, 148, 158, 175, 192]","[310.9999999999997, 417.7999999999997, 589.6000000000001, 432.19999999999976, 728.3999999999997, 371.0, 586.9999999999999, 32.20000000000016, 448.19999999999993, 367.99999999999994, 407.2]","[1, 1, 1, 60, 1, 94, 120, 144, 144, 165, 186]","[20, 40, 75, 75, 204, 120, 204, 149, 204, 186, 204]",30736475.83999999,728.3999999999997,-728.3999999999997,0.0,,,,DWT,mdp.39015067403892,7.450580596923828e-09,,0.0,15.0,11.0,0.0,33.0,,2.2737367544323206e-13,168.39999999999992,987.8000000000002,168.39999999999995,,0.0,168.39999999999992,,,28.00000000000017,0.0,33.0,2.2737367544323206e-13,2.2737367544323206e-13,,5.684341886080802e-14,1.0794370769498583e-13,2.5537207324557993e-26,0.9695416971336575,0.5829692513886845,0.405828604254045,0.14616681193495745,0.023207127791011042,,0.9999996648584625,4.405801664454926e-09,4.405801664454926e-09,3.6786382706978885e-09,,6.125805465799743e-13,0.9999999955941608,1.5171946557926922e-13,,,,,,1.5893391424973748e-13,0.0,1.0,3.4954031196328703e-13,3.4954031196328703e-13,0.8999999010022931,0.3383296774521252,324,1.1438735219919791,0.580707827215168,144,0,0.2499999727453739,0.35570077880010526,324,0.0,0.3039590703574948,0.5362660658236864,154,101.11874208078342,0.8940055114457197,236.5,203.96934082779768,0.82305097375221,106,db,0.573477938514061,0.8443824841957417,0.34525069778143475,3,80.25,7.182406014680935e-14,0.999999999970514,6.535880143272945e-27,0.9562222852398408,0.862508564197339,0.001063113700748768,0.11994777018883107,0.00022603536716373634,0.9999999997236032,2.0315811926352456e-05,4.74525418958649e-11,4.74525418958649e-11,3.9620695613251655e-11,,6.125805465799743e-13,0.003126132840348572,1.5171946557926922e-13,,,,,0.0,,7.374542113937972e-14,0.0,1.0,2.847685247612971e-13,2.847685247612971e-13,1.0,0.3015691612046429,0.08604450842077345,1438,1.7535887321959631,0.8106580360617851,217,863.3773798287746,0.5474961321652125,827.5,377.09486404833837,0.5568979612608034,1127,0.49117026184683504,0.8233619396015222,0.4091722348267588,4,846.25,,,,,,,,,,,,,4.822538916757411e-19,0.9999999999715835,6.535880143272945e-27,0.9682453890682192,0.2666322901551261,0.001510028805196473,0.09074271266580686,0.9999999999999999,0.00022603536716373634,0.9999999999999541,9.960751159770662e-05,3.8433882812438647e-14,3.8433882812438647e-14,3.209043274166046e-14,,0.0,4.786380409530668e-19,0.004567040150618468,1.4108257588933865e-18,,,,,0.13043478260869565,,2.3332883504384434e-21,0.7209302325581395,1.0,9.54194168962319e-19,9.54194168962319e-19,1.0,0.42658033862811345,0.13286867808967343,1466,1.8514058921257375,0.8986896466273394,257,854.8920984545359,0.6005177110025532,861.5,437.3325594892629,0.5989738087723047,1077,1009.0473684210526,935.5,610.6543869996938,760,0.4758535102197843,0.8532293215616218,0.41093374637766444,5,809.0
db13,1.0,antisymmetric,9.171748755880144e-27,319.8472709737635,6344385.523732323,0.5956521739130435,282.2230043239601,206,raw,6.456108571160037e-14,-2.1079538115032227e-10,6.4776936600559365,101627.36189156071,0.8634645443655647,5.618943883690062e-06,0.9999999999999998,327.0,,,,[],[],13,661.1538461538462,86.99999999999997,939.9999999999997,"[8, 32, 51, 63, 81, 100, 111, 133, 152, 162, 175, 192, 204]","[877.9999999999999, 638.0, 787.0000000000001, 792.0000000000002, 939.9999999999997, 788.0000000000002, 637.0, 675.0000000000002, 771.0000000000002, 195.99999999999994, 834.0, 572.0, 86.99999999999997]","[0, 13, 42, 42, 76, 99, 107, 107, 107, 161, 164, 187, 203]","[76, 42, 61, 76, 205, 164, 119, 142, 164, 164, 205, 205, 205]",37754613.0,940.9999999999998,-940.9999999999998,0.0,,,,DWT,mdp.39015067403892,0.0,,0.0,33.0,19.0,0.0,28.5,,2.2737367544323206e-13,256.3413461538462,4359.0,256.3413461538462,,0.0,256.3413461538462,,,83.99999999999997,0.0,28.5,3.410605131648481e-13,2.2737367544323206e-13,,0.0,6.322620737902382e-14,5.693659261147471e-27,0.9663861314963004,0.841502957377452,0.0006847106578216868,0.28881987577639745,0.0035532843286341753,0.9999999997234521,0.47422802461156727,6.6959667625959335e-09,6.6959667625959335e-09,6.082000342865356e-09,,0.0,0.9999999933040264,4.083889119467411e-13,,,,,,0.0,1.0,1.0,2.847685247612971e-13,2.847685247612971e-13,0.8422684098779816,0.27536483381647725,190,1.5178747768468295,0.7290403956094786,587,0,0.28951900311587536,0.34592250956959286,196,0.0,0.3876183699200151,0.7040493454083903,628,239.90883685266786,0.7485232318106207,400.25,292.80148475555865,0.6644869827816207,393,db,0.540986235965534,0.9305070477545101,0.3421575204977732,3,295.5,6.32262073790238e-14,0.0001547883299646835,5.693659261147471e-27,0.9663861314963004,0.8415029573774521,0.001717482475001471,0.465491990846682,0.005910578888941325,0.999999999723452,0.9919828214562011,0.9855281704452468,0.9855281704452468,0.9855281704451347,,0.0,0.9999999999667601,2.275791983689038e-13,,,,,1.0,,0.0,1.0,0.75,2.847685247612971e-13,2.847685247612971e-13,0.0,2.259570199821156,0.6447065287087017,190,1.5900493631066455,0.7350562137355713,1333,808.2230508962239,0.5764030131571154,761.5,332.5935653315824,0.5886469992410315,925,0.49117026184683504,0.8233619396015222,0.4091722348267588,4,694.75,,,,,,,,,,,,,4.245246579225332e-19,0.03641360043841641,5.693659261147471e-27,0.9756178383888958,0.2601387047172855,0.0016630477579806585,0.3521533239603985,0.9999999999999998,0.005910578888941325,0.9999999999999541,0.0008499884728391218,0.0007982210227401261,0.0007982210227401261,0.0007982210227337874,,0.0,0.0,0.020163910573049823,2.11623863834008e-18,,,,,0.4782608695652174,,0.0,1.0,0.9302325581395349,9.54194168962319e-19,9.54194168962319e-19,0.9302325581395349,0.5814294660167882,0.18110015290550946,51,1.670421220542213,0.8108380030508933,1431,975.8073580374356,0.5440152532535347,741.0,98.48987854251013,0.598876785505272,1078,1009.0473684210526,935.5,610.6543869996938,760,0.4758535102197843,0.8532293215616218,0.41093374637766444,5,809.75
db37,1.0,periodization,2.528524788407304e-26,315.4431203125663,5913494.824610632,0.6019417475728155,274.99482288154746,206,raw,1.146876448608627e-13,-2.0630852581860226e-10,6.384483984474598,63117.30860590065,0.7670208007470238,5.618943883690062e-06,1.0,327.0000000000002,,,,[],[],13,661.1538461538462,86.99999999999987,939.9999999999997,"[8, 32, 51, 63, 81, 100, 111, 133, 152, 162, 175, 192, 204]","[878.0000000000001, 637.9999999999999, 787.0000000000001, 792.0, 939.9999999999997, 787.9999999999999, 636.9999999999999, 675.0000000000002, 770.9999999999999, 196.0000000000001, 834.0, 571.9999999999999, 86.99999999999987]","[0, 13, 42, 42, 76, 99, 107, 107, 107, 161, 164, 187, 203]","[76, 42, 61, 76, 205, 164, 119, 142, 164, 164, 205, 205, 205]",37754613.0,940.9999999999997,-940.9999999999997,0.0,,,,DWT,mdp.39015067403892,0.0,,0.0,33.0,19.0,0.0,28.5,,3.410605131648481e-13,256.3413461538462,4359.0,256.3413461538461,,0.0,256.3413461538462,,,83.99999999999987,0.0,28.5,3.410605131648481e-13,3.410605131648481e-13,,2.2737367544323206e-13,1.2656198450286125e-13,1.7096638216927293e-26,0.9501338185055936,0.8093036902951313,0.0001997937854583864,0.33599167822468756,0.00043539500072065605,0.9999999997235197,0.47422802461145175,6.6959667625959335e-09,6.6959667625959335e-09,6.081912306383589e-09,,1.1437101752681067e-11,0.9999999933040264,4.083889119467411e-13,,,,,,0.0,1.0,1.0,4.2715278714194565e-13,4.2715278714194565e-13,0.8422684098836959,0.2753648338183454,98,1.5094028623232603,0.7249713063736307,608,0,0.28951900311683526,0.3459225095707398,98,0.0,0.3870080469419047,0.7029407872837715,635,302.44379643166764,0.6829729597152331,359.75,169.29279822455686,0.6529382618282664,408,db,0.540986235965534,0.9305070477545101,0.3421575204977732,3,306.75,1.2656198450286125e-13,0.0001547883299646835,1.7096638216927293e-26,0.9501338185055936,0.8093036902951313,0.0012330667542614802,0.500945324476239,0.0028000655535788755,0.9999999997235196,0.9919828214561993,0.9855281704452468,0.9855281704452468,0.9855281704451335,,2.4503221863198973e-12,0.9999999999667601,2.275791983689038e-13,,,,,1.0,,0.0,1.0,0.75,4.2715278714194565e-13,4.2715278714194565e-13,0.0,2.259570199822438,0.6447065287090674,94,1.5768932620284148,0.7289743435304901,1386,913.5819612930194,0.5211834584418138,740.0,176.05945945945945,0.5666713937911375,1050,0.49117026184683504,0.8233619396015222,0.4091722348267588,4,788.5,,,,,,,,,,,,,8.4978500853270185e-19,0.03641360043841641,1.7096638216927293e-26,0.9638290577595541,0.2501847579626056,0.0015497709800896577,0.3789744283588147,1.0,0.0028000655535788755,0.9999999999999541,0.0008499884728391204,0.0007982210227401261,0.0007982210227401261,0.0007982210227337863,,0.0,1.9145521638122673e-18,0.020163910573049823,2.11623863834008e-18,,,,,0.4782608695652174,,0.0,1.0,0.9302325581395349,1.4312912534434783e-18,1.4312912534434783e-18,0.9302325581395349,0.5814294660167882,0.18110015290550946,106,1.667798576823544,0.809564947387203,1441,943.987552884041,0.5588843210822239,773.5,197.47382029734973,0.5987178614756914,1079,1009.0473684210526,935.5,610.6543869996938,760,0.4758535102197843,0.8532293215616218,0.41093374637766444,5,810.5
db13,1.0,reflect,9.629012362533691e-27,319.63597502564687,6331259.561169854,0.5956521739130435,294.57887205867246,206,raw,6.457833189450717e-14,-2.1103918612652995e-10,6.498722724588547,59138.10140264332,0.7649816944446308,5.618943883690062e-06,0.9999999999999999,327.00000000000006,,,,[],[],13,661.1538461538462,87.00000000000003,939.9999999999997,"[8, 32, 51, 63, 81, 100, 111, 133, 152, 162, 175, 192, 204]","[878.0, 638.0, 787.0000000000001, 792.0000000000002, 939.9999999999997, 788.0000000000002, 637.0, 675.0000000000002, 771.0000000000002, 195.99999999999994, 834.0, 572.0000000000002, 87.00000000000003]","[0, 13, 42, 42, 76, 99, 107, 107, 107, 161, 164, 187, 203]","[76, 42, 61, 76, 205, 164, 119, 142, 164, 164, 205, 205, 205]",37754613.0,940.9999999999998,-940.9999999999998,0.0,,,,DWT,mdp.39015067403892,0.0,,0.0,33.0,19.0,0.0,28.5,,2.2737367544323206e-13,256.3413461538462,4359.0,256.34134615384625,,0.0,256.3413461538462,,,84.00000000000003,0.0,28.5,3.410605131648481e-13,2.2737367544323206e-13,,5.684341886080802e-14,6.32479982303282e-14,6.0172492674169e-27,0.9656064016126896,0.8487674442577439,0.0006699389286441383,0.28881987577639745,0.00011322645993568341,0.9999999997234484,0.4742280246116333,6.6959667625959335e-09,6.6959667625959335e-09,6.082044361106239e-09,,2.859275438170267e-12,0.9999999933040264,4.083889119467411e-13,,,,,,0.0,1.0,1.0,2.847685247612971e-13,2.847685247612971e-13,0.8422684098794443,0.2753648338169555,154,1.5196557733447396,0.7298958142587778,585,0,0.28951900311612283,0.34592250956988857,157,0.0,0.38799711084486527,0.7047372702357795,624,259.7216458698299,0.7277550881867612,380.0,247.29675195425293,0.6647161185168606,392,db,0.540986235965534,0.9305070477545101,0.3421575204977732,3,294.75,6.32479982303282e-14,0.0001547883299646835,6.0172492674169e-27,0.9656064016126896,0.848767444257744,0.0017027260121024919,0.465491990846682,0.0024786591670935263,0.9999999997234483,0.9919828214562021,0.9855281704452468,0.9855281704452468,0.9855281704451354,,6.125805465799743e-13,0.9999999999667601,2.275791983689038e-13,,,,,1.0,,0.0,1.0,0.75,2.847685247612971e-13,2.847685247612971e-13,0.0,2.259570199821463,0.6447065287087893,154,1.5918336224964347,0.7358810503612834,1324,827.3149339882606,0.5663967851214567,739.0,275.90798376184034,0.5895401116382966,916,0.49117026184683504,0.8233619396015222,0.4091722348267588,4,688.0,,,,,,,,,,,,,4.2467096993584727e-19,0.03641360043841641,6.0172492674169e-27,0.9750522533824242,0.2623844178082583,0.0016595970760587115,0.3521533239603985,0.9999999999999999,0.0024786591670935263,0.9999999999999541,0.0008499884728391225,0.0007982210227401261,0.0007982210227401261,0.0007982210227337879,,0.0,4.786380409530668e-19,0.020163910573049823,2.11623863834008e-18,,,,,0.4782608695652174,,0.0,1.0,0.9302325581395349,9.54194168962319e-19,9.54194168962319e-19,0.9302325581395349,0.5814294660167882,0.18110015290550946,53,1.6698302328541164,0.8105511321281876,1432,975.1002512562491,0.5443456769830612,742.5,102.21683501683502,0.5986915300803157,1080,1009.0473684210526,935.5,610.6543869996938,760,0.4758535102197843,0.8532293215616218,0.41093374637766444,5,811.25
db35,1.0,smooth,1.446211804582315e-26,315.6450797214123,4963738.985080787,0.572992700729927,38.64856062857337,206,smoothed,8.301450142187479e-14,-1.9983661392331025e-10,6.192202275821268,45751.004307102135,0.9915616376064752,0.00014966566451320252,0.9999999999999997,362.40000000000003,,,,[],[],11,426.59999999999985,32.19999999999993,728.3999999999997,"[9, 31, 53, 64, 80, 102, 131, 148, 158, 175, 192]","[310.9999999999999, 417.79999999999984, 589.5999999999996, 432.1999999999997, 728.3999999999997, 371.0000000000002, 587.0000000000001, 32.19999999999993, 448.19999999999993, 368.00000000000034, 407.2000000000001]","[1, 1, 1, 60, 1, 94, 120, 144, 144, 165, 186]","[20, 40, 75, 75, 204, 120, 204, 149, 204, 186, 204]",30736475.840000004,728.3999999999997,-728.3999999999997,0.0,,,,DWT,mdp.39015067403892,7.450580596923828e-09,,0.0,15.0,11.0,0.0,33.0,,2.2737367544323206e-13,168.39999999999992,987.8000000000002,168.39999999999998,,0.0,168.39999999999992,,,27.999999999999943,0.0,33.0,2.2737367544323206e-13,2.2737367544323206e-13,,5.684341886080802e-14,1.3353431094297773e-13,3.753694102873024e-26,0.9640404118904499,0.08346772896278355,0.06311342956553997,0.41159501576283153,0.14346781027825317,,0.9999996646602125,4.405801664454926e-09,4.405801664454926e-09,3.67866784340914e-09,,6.125805465799743e-13,0.9999999955941608,1.5171946557926922e-13,,,,,,1.5893391424973748e-13,0.0,1.0,3.4954031196328703e-13,3.4954031196328703e-13,0.899999900942827,0.33832967742977066,598,0.8737399568149057,0.4435696972769131,294,0,0.24999997272885555,0.35570077877660294,597,0.0,0.23795491377999886,0.41981686977174965,274,181.18383849928043,0.8100798338581966,440.75,384.6790689958664,0.674038868711069,384,db,0.573477938514061,0.8443824841957417,0.34525069778143475,3,288.75,8.654241827471345e-14,0.9999999999705123,9.437474878202052e-27,0.9508790944456068,0.7428800057005982,0.0001653327315251686,0.33776411832500985,0.0013973637523977882,0.9999999997236172,2.0315811922300142e-05,4.74525418958649e-11,4.74525418958649e-11,3.962102868015904e-11,,6.125805465799743e-13,0.003126132840348572,1.5171946557926922e-13,,,,,0.0,,7.374542113937972e-14,0.0,1.0,2.847685247612971e-13,2.847685247612971e-13,1.0,0.3015691612046418,0.08604450842077313,1440,1.777714718595015,0.8218111213851704,71,968.0291834443835,0.49264717848826856,755.5,135.32759761747187,0.5483414089506333,1208,0.49117026184683504,0.8233619396015222,0.4091722348267588,4,907.0,,,,,,,,,,,,,5.810785121685209e-19,0.9999999999715816,9.437474878202052e-27,0.9643696512473958,0.22965081791939695,0.00130008983936325,0.2555248195921852,0.9999999999999997,0.0013973637523977882,0.9999999999999541,9.960751159770347e-05,3.8433882812438647e-14,3.8433882812438647e-14,3.2090649582094954e-14,,0.0,4.786380409530668e-19,0.004567040150618468,1.4108257588933865e-18,,,,,0.13043478260869565,,2.3332883504384434e-21,0.7209302325581395,1.0,9.54194168962319e-19,9.54194168962319e-19,1.0,0.42658033862811345,0.13286867808967343,1430,1.896866117957107,0.9207564632350602,40,982.878425849301,0.5407110159582705,735.0,77.82312925170068,0.5986265360165184,1081,1009.0473684210526,935.5,610.6543869996938,760,0.4758535102197843,0.8532293215616218,0.41093374637766444,5,812.0
rbio6.8,1.0,periodization,1.83750730128324e-21,266.82950173438024,5935273.379192087,0.6310679611650486,302.1676308676593,206,raw,3.345015376646483e-11,-1.6696688477253314e-10,6.364560456279321,63218.24669528556,0.7336096004423941,5.618943883691987e-06,1.0,327.0000000000577,,,,[],[],13,661.1538461537383,86.99999999998262,939.9999999998472,"[8, 32, 51, 63, 81, 100, 111, 133, 152, 162, 175, 192, 204]","[877.9999999999008, 637.9999999998582, 786.9999999998557, 791.9999999998661, 939.9999999998472, 787.9999999998795, 636.9999999998914, 674.9999999999449, 770.9999999998719, 195.99999999993565, 833.9999999998462, 571.9999999999187, 86.99999999998262]","[0, 13, 39, 39, 76, 99, 107, 107, 107, 161, 99, 187, 203]","[76, 39, 61, 76, 205, 164, 119, 142, 164, 164, 205, 205, 205]",37754612.999996506,940.9999999999047,-940.9999999999047,0.0,,,,DWT,mdp.39015067403892,3.4943222999572754e-06,,0.0,33.0,19.0,0.0,28.5,,9.526957001071423e-11,256.3413461537383,4359.000000001402,256.3413461537479,,0.0,256.3413461537383,,,83.99999999998262,0.0,19.5,1.5279510989785194e-10,9.526957001071423e-11,,5.7696070143720135e-11,4.2246501761542454e-11,1.3003410420322466e-21,0.7707385603677309,0.8024211107605413,0.00022430299067854826,0.5544382801664359,0.0004435672509468165,0.9999999997241127,0.4742280245914106,6.61242014145046e-09,6.61242014145046e-09,6.005892804377882e-09,,2.9021645697428214e-09,0.9999999933875663,1.8295823255214e-10,,,,,,3.458660251436909e-11,1.0,0.0,1.1931801187498349e-10,1.1931801187498349e-10,0.7422684114480081,0.24267159419550322,687,1.4857185819655205,0.7135956663108834,653,0,0.2061856700473379,0.2463543451464454,686,0.0,0.3910332276628366,0.7102519109859514,599,41.30677910464576,0.9567014894081282,656.25,654.2177026757923,0.6344042038235609,453,rbio,0.5136782423812899,1.0,0.3404252303330971,4,340.75,4.2246501761542454e-11,0.0001547883299780617,1.3003410420322466e-21,0.7707385603677309,0.8024211107605415,0.0012575506297216725,0.6651251916198266,0.002808218470708042,0.9999999997241126,0.9919828214558937,0.9855281704440377,0.9855281704440377,0.9855281704440333,,6.21769254778674e-10,0.9999999999671748,1.0195548086926891e-10,,,,,1.0,,3.4586602514369084e-11,1.0,0.25,1.1931801187498349e-10,1.1931801187498349e-10,0.0,2.209570200246871,0.6304403969622637,684,1.5315022673532965,0.7079907605941745,1508,582.6559876977152,0.694624744393231,1096.0,941.1240875912409,0.5601006321546868,1094,0.3888041033402703,1.0,0.4278371276618108,3,821.25,,,,,,,,,,,,,2.8365898339005213e-16,0.03641360043842928,1.3003410420322466e-21,0.8337028815444691,0.24805710611118278,0.0015554963403611585,0.5031795426870521,1.0,0.002808218470708042,0.9999999999999543,0.0008499884728388892,0.0007982210227391468,0.0007982210227391468,0.0007982210227328953,,0.0,4.858176115673629e-16,0.02016391057305631,9.480749099763558e-16,,,,,0.4782608695652174,,1.09431223635563e-18,1.0,0.7906976744186046,3.998073567952116e-16,3.998073567952116e-16,0.9302325581395349,0.5674759776446984,0.17675400427451152,695,1.6383472147470681,0.795268982202166,1543,599.6265504461923,0.7198006773615924,1119.0,958.3422698838248,0.598451740549955,1082,818.67,599.5,715.6978453131971,300,0.38607403914171184,1.0,0.42974817260080167,3,812.25
db16,1.0,constant,7.708626224319887e-27,318.37762886124386,4963488.463567796,0.5466101694915254,57.25375900251938,206,smoothed,6.006845506437934e-14,-2.1237793745854154e-10,6.192514814048015,40699.8046078713,0.9885317366877857,0.00014966566451320255,0.9999999999999999,362.4000000000001,,,,[],[],11,426.60000000000014,32.19999999999999,728.4000000000003,"[9, 31, 53, 64, 80, 102, 131, 148, 158, 175, 192]","[311.0000000000001, 417.8000000000002, 589.6000000000003, 432.19999999999993, 728.4000000000003, 371.0000000000001, 587.0, 32.19999999999999, 448.2000000000003, 368.0, 407.2000000000001]","[1, 1, 1, 60, 1, 94, 120, 144, 144, 165, 186]","[20, 40, 75, 75, 205, 120, 205, 149, 205, 186, 205]",30736475.84000001,728.4000000000003,-728.4000000000003,0.0,,,,DWT,mdp.39015067403892,1.4901161193847656e-08,,0.0,15.0,11.0,0.0,33.0,,3.410605131648481e-13,168.4000000000002,987.7999999999975,168.40000000000015,,0.0,168.4000000000002,,,28.0,0.0,33.0,3.410605131648481e-13,3.410605131648481e-13,,1.1368683772161603e-13,8.31250612026935e-14,1.7772174207492512e-26,0.9744224943149308,0.08391853537049689,0.06300591703743115,0.23037384716130066,0.10157905234370311,,0.999999664709775,4.406097391567225e-09,4.406097391567225e-09,3.6788452796766485e-09,,1.2251610931599486e-12,0.9999999955939026,2.275791983689038e-13,,,,,,3.1786782849947497e-13,0.0,1.0,5.243104679449306e-13,5.243104679449306e-13,0.8999999009582909,0.33832967743558384,517,0.7908968825949491,0.4015129307680427,548,0,0.24999997273312802,0.3557007787826818,515,0.0,0.20761426374684946,0.36628775149712817,520,15.470401847829724,0.9837836458618137,525.0,524.6673680715821,0.7167345902265043,292,db,0.573477938514061,0.8443824841957417,0.34525069778143475,3,219.75,5.754969061423206e-14,0.9999999999705125,4.658256875583809e-27,0.9609628193904198,0.7429879719795676,0.00016505109035833978,0.18904995539696712,0.0009893709639306036,0.9999999997234281,2.0315811923354854e-05,4.745570603148508e-11,4.745570603148508e-11,3.9622916059300906e-11,,1.2251610931599486e-12,0.003126132840347795,2.275791983689038e-13,,,,,0.0,,1.4749084227875944e-13,0.0,1.0,4.2715278714194565e-13,4.2715278714194565e-13,1.0,0.3015691612050822,0.0860445084208988,1337,1.724169933594116,0.797058162237319,501,591.1412690719537,0.6901775319329383,919.0,728.8759521218716,0.6042606737232825,849,0.49117026184683504,0.8233619396015222,0.4091722348267588,4,637.75,,,,,,,,,,,,,3.8641037845423423e-19,0.9999999999715818,4.658256875583809e-27,0.9716839837592663,0.22968419416331623,0.0013000239798080502,0.14301979732565268,0.9999999999999999,0.0009893709639306038,0.9999999999999541,9.960751159770423e-05,3.843648489765261e-14,3.843648489765261e-14,3.209227588535368e-14,,0.0,9.572760819061336e-19,0.004567040150618456,2.11623863834008e-18,,,,,0.13043478260869565,,4.666576700876887e-21,0.7209302325581395,1.0,1.4312912534434783e-18,1.4312912534434783e-18,1.0,0.42658033862811345,0.13286867808967343,1464,1.8561061666344114,0.9009712036080195,226,875.3981951089459,0.590935422846287,845.0,391.5550295857988,0.5980378048810875,1083,1009.0473684210526,935.5,610.6543869996938,760,0.4758535102197843,0.8532293215616218,0.41093374637766444,5,813.5
db22,1.0,zero,1.2823477792273088e-26,318.3917342282907,5939649.309405038,0.5766129032258065,205.34813460082032,206,raw,7.529683457108245e-14,-2.0804968858812148e-10,6.356370727177125,69331.09804240374,0.8237050509557927,5.618943883690064e-06,0.9999999999999998,327.00000000000006,,,,[],[],13,661.1538461538462,87.00000000000006,940.0000000000003,"[8, 32, 51, 63, 81, 100, 111, 133, 152, 162, 175, 192, 204]","[878.0000000000002, 638.0, 787.0, 792.0, 940.0000000000003, 788.0000000000005, 637.0, 674.9999999999997, 770.9999999999998, 196.0, 834.0000000000002, 572.0, 87.00000000000006]","[0, 13, 39, 39, 76, 99, 107, 107, 107, 161, 99, 187, 203]","[76, 39, 61, 76, 205, 164, 119, 142, 164, 164, 205, 205, 205]",37754613.0,941.0000000000003,-941.0000000000003,0.0,,,,DWT,mdp.39015067403892,0.0,,0.0,33.0,19.0,0.0,28.5,,3.410605131648481e-13,256.3413461538462,4359.0,256.34134615384613,,0.0,256.3413461538462,,,84.00000000000006,0.0,19.5,3.410605131648481e-13,3.410605131648481e-13,,5.684341886080802e-14,7.679101231600214e-14,8.27786453046372e-27,0.9610148713881215,0.7995919701906512,0.00022922758616615037,0.14602534562212005,0.0009384820161101927,0.9999999997234935,0.47422802461166635,6.6959667625959335e-09,6.6959667625959335e-09,6.0819563246244724e-09,,2.859275438170267e-12,0.9999999933040264,4.083889119467411e-13,,,,,,0.0,1.0,0.0,4.2715278714194565e-13,4.2715278714194565e-13,0.7422684098794846,0.24267159368270205,797,1.4353050526659943,0.689381877462671,741,0,0.20618566978280867,0.24635434483038113,797,0.0,0.3634749870658424,0.6601965917374742,783,26.501572280401277,0.9722205741295584,779.5,778.804498798754,0.5775673101255758,603,db,0.540986235965534,0.9305070477545101,0.3421575204977732,3,453.0,7.679101231600213e-14,0.0001547883299646835,8.27786453046372e-27,0.9610148713881215,0.7995919701906512,0.001262470135741031,0.35817062818336204,0.003301962415730826,0.9999999997234934,0.9919828214562026,0.9855281704452468,0.9855281704452468,0.9855281704451341,,6.125805465799743e-13,0.9999999999667601,2.275791983689038e-13,,,,,1.0,,0.0,1.0,0.25,4.2715278714194565e-13,4.2715278714194565e-13,0.0,2.2095701998215196,0.6304403968409014,796,1.5216716156241161,0.7034461962515393,1533,521.1376977344855,0.7268670347303535,1164.5,1047.8900815800773,0.5582710435706275,1105,0.49117026184683504,0.8233619396015222,0.4091722348267588,4,829.75,,,,,,,,,,,,,5.156038862105027e-19,0.036413600438416426,8.27786453046372e-27,0.971721740205538,0.2471825174280865,0.0015566467278626975,0.2709627227534799,0.9999999999999998,0.003301962415730826,0.9999999999999541,0.0008499884728391229,0.0007982210227401261,0.0007982210227401261,0.0007982210227337869,,0.0,4.786380409530668e-19,0.020163910573049823,2.11623863834008e-18,,,,,0.4782608695652174,,0.0,1.0,0.7906976744186046,1.4312912534434783e-18,1.4312912534434783e-18,0.9302325581395349,0.5674759776446953,0.17675400427451057,814,1.6280325804004883,0.7902621627167992,1565,531.0371926710972,0.7518517791256556,1189.5,1070.962589323245,0.5980053288151643,1084,1009.0473684210526,935.5,610.6543869996938,760,0.4758535102197843,0.8532293215616218,0.41093374637766444,5,814.25
db29,1.0,symmetric,1.089265265004165e-26,316.87606219376215,6141798.822104955,0.5267175572519084,100.4411001697353,206,smoothed,6.972631749218652e-14,-2.0119614863034524e-10,6.573916101128579,31608.91381099985,0.9837836727168996,0.00014966566451320274,0.9999999999999999,362.3999999999999,,,,[],[],11,426.59999999999997,32.20000000000016,728.3999999999997,"[9, 31, 53, 64, 80, 102, 131, 148, 158, 175, 192]","[311.0, 417.8, 589.6000000000001, 432.19999999999976, 728.3999999999997, 371.0, 586.9999999999999, 32.20000000000016, 448.19999999999993, 368.0, 407.20000000000005]","[1, 1, 1, 60, 1, 94, 120, 144, 144, 165, 186]","[20, 40, 75, 75, 204, 120, 204, 149, 204, 186, 204]",30736475.83999999,728.3999999999997,-728.3999999999997,0.0,,,,DWT,mdp.39015067403892,7.450580596923828e-09,,0.0,15.0,11.0,0.0,33.0,,2.2737367544323206e-13,168.40000000000003,987.7999999999993,168.4,,0.0,168.40000000000003,,,28.00000000000017,0.0,33.0,2.2737367544323206e-13,2.2737367544323206e-13,,5.684341886080802e-14,1.0434203215689055e-13,2.7090544840099824e-26,0.9687174225632809,0.6340533010141183,0.5686835493922262,0.09373182430061167,0.02618980886208744,,0.9999996648584625,4.4059199552998455e-09,4.4059199552998455e-09,3.6786974161203912e-09,,6.125805465799743e-13,0.9999999955940747,1.5171946557926922e-13,,,,,,1.5893391424973748e-13,0.0,1.0,3.4954031196328703e-13,3.4954031196328703e-13,0.8999999010023387,0.3383296774521424,323,1.230567532006252,0.6247195900718585,116,0,0.24999997274539135,0.3557007788001301,323,0.0,0.32733941516177556,0.577515321886506,120,118.36807001890332,0.8759244549068099,220.5,172.81623553830187,0.8223961897175559,107,db,0.573477938514061,0.8443824841957417,0.34525069778143475,3,81.0,6.975256734468647e-14,0.9999999999705138,6.911484808157876e-27,0.9554216984493639,0.874742983802683,0.00148973055721537,0.07691844114102064,0.00025508641635450325,0.9999999997235967,2.0315811926352456e-05,4.745387416349445e-11,4.745387416349445e-11,3.962136174706643e-11,,6.125805465799743e-13,0.0031261328403482946,1.5171946557926922e-13,,,,,0.0,,7.374542113937972e-14,0.0,1.0,2.847685247612971e-13,2.847685247612971e-13,1.0,0.3015691612046437,0.08604450842077369,1436,1.7422387871531315,0.8054111249765906,309,796.909342397239,0.5823326297708391,872.5,508.5661891117478,0.562523757233428,1076,0.49117026184683504,0.8233619396015222,0.4091722348267588,4,808.0,,,,,,,,,,,,,4.683451059100784e-19,0.9999999999715831,6.911484808157876e-27,0.9676646752920892,0.27041438746233065,0.0016097897766626798,0.05819022723117978,0.9999999999999999,0.0002550864163545037,0.9999999999999541,9.960751159770662e-05,3.8434858594393884e-14,3.8434858594393884e-14,3.209086642252945e-14,,0.0,4.786380409530668e-19,0.004567040150618464,1.4108257588933865e-18,,,,,0.13043478260869565,,2.3332883504384434e-21,0.7209302325581395,1.0,9.54194168962319e-19,9.54194168962319e-19,1.0,0.42658033862811345,0.13286867808967343,1499,1.8399890192452204,0.8931477903017119,424,760.1397897755386,0.6447944907590941,961.5,661.0254810192408,0.5977477126692667,1085,1009.0473684210526,935.5,610.6543869996938,760,0.4758535102197843,0.8532293215616218,0.41093374637766444,5,815.0
rbio6.8,1.0,constant,1.824707893082932e-21,266.8598589618577,5934352.591109609,0.6306306306306306,274.1055844172687,206,raw,3.3153091922241014e-11,-1.4430345808163487e-10,6.366162656427595,66097.46009744314,0.763567860266395,5.618943883691977e-06,0.9999999999999998,327.0000000000577,,,,[],[],13,661.1538461537403,86.99999999998579,939.9999999998472,"[8, 32, 51, 63, 81, 100, 111, 133, 152, 162, 175, 192, 204]","[877.9999999999242, 637.9999999998581, 786.9999999998557, 791.9999999998661, 939.9999999998472, 787.9999999998796, 636.9999999998915, 674.9999999999447, 770.9999999998719, 195.99999999993565, 833.9999999998462, 571.9999999999186, 86.99999999998579]","[0, 13, 39, 39, 76, 99, 107, 107, 107, 161, 99, 187, 203]","[76, 39, 61, 76, 205, 164, 119, 142, 164, 164, 205, 205, 205]",37754612.99999652,940.9999999999047,-940.9999999999047,0.0,,,,DWT,mdp.39015067403892,3.4794211387634277e-06,,0.0,33.0,19.0,0.0,28.5,,9.526957001071423e-11,256.34134615374035,4359.000000001375,256.34134615374995,,0.0,256.34134615374035,,,83.99999999998579,0.0,19.5,1.5279510989785194e-10,9.526957001071423e-11,,5.7696070143720135e-11,4.18711589676808e-11,1.2912833332631325e-21,0.7708505854096626,0.8029745905379556,0.0002232667518412408,0.5511583011583011,0.0006766769969339888,0.9999999997244543,0.47422802459509195,6.614004798121291e-09,6.614004798121291e-09,6.007477461049687e-09,,2.9021645697428214e-09,0.999999993385941,1.8295823255214e-10,,,,,,3.4439111672090326e-11,1.0,0.0,1.1931801187498349e-10,1.1931801187498349e-10,0.7422684114496524,0.24267159419604079,683,1.4848432710551331,0.71317525151638,655,0,0.20618567004789312,0.2463543451471088,683,0.0,0.39073542757762747,0.7097110027851937,604,37.25027964100851,0.9609535852819617,656.25,654.5997333958358,0.6365302517604777,447,rbio,0.5136782423812899,1.0,0.3404252303330971,4,336.25,4.1871158967680797e-11,0.00015478832997795067,1.2912833332631325e-21,0.7708505854096624,0.8029745905379557,0.0012565154618159103,0.6626600284495021,0.003040776748836946,0.9999999997244542,0.9919828214559498,0.9855281704440606,0.9855281704440606,0.9855281704440562,,6.21769254778674e-10,0.9999999999671667,1.0195548086926891e-10,,,,,1.0,,3.4439111672090326e-11,1.0,0.25,1.1931801187498349e-10,1.1931801187498349e-10,0.0,2.2095702002468305,0.6304403969622522,691,1.5309526627263554,0.7077366865349004,1512,580.5346673541555,0.6957365475083042,1101.5,948.5174761688606,0.559215233921867,1099,0.3888041033402703,1.0,0.4278371276618108,3,825.0,,,,,,,,,,,,,2.8113878998018025e-16,0.03641360043842922,1.2912833332631325e-21,0.833784140048725,0.24822820653468272,0.0015552542745488397,0.5013146010304718,0.9999999999999998,0.0030407767488369454,0.9999999999999543,0.0008499884728389317,0.0007982210227391654,0.0007982210227391654,0.0007982210227329139,,0.0,4.858176115673629e-16,0.020163910573056183,9.480749099763558e-16,,,,,0.4782608695652174,,1.089645659654753e-18,1.0,0.7906976744186046,3.998073567952116e-16,3.998073567952116e-16,0.9302325581395349,0.5674759776446984,0.17675400427451152,687,1.6378284456770849,0.795017166868658,1545,606.6976182580578,0.7164964400663281,1116.0,951.0887096774193,0.5975005564817621,1086,818.67,599.5,715.6978453131971,300,0.38607403914171184,1.0,0.42974817260080167,3,815.25
db22,1.0,constant,1.329991914365162e-26,318.2333024615605,5937945.330898683,0.5766129032258065,203.34960190585082,206,raw,7.774579254384785e-14,-2.0681845125381216e-10,6.362209958224111,67197.89517994832,0.818060787908384,5.618943883690064e-06,0.9999999999999998,327.0000000000001,,,,[],[],13,661.1538461538462,87.00000000000006,940.0000000000003,"[8, 32, 51, 63, 81, 100, 111, 133, 152, 162, 175, 192, 204]","[878.0000000000002, 638.0, 787.0, 792.0, 940.0000000000003, 788.0000000000005, 637.0, 674.9999999999997, 770.9999999999998, 196.0, 834.0000000000002, 572.0, 87.00000000000006]","[0, 13, 39, 39, 76, 99, 107, 107, 107, 161, 99, 187, 203]","[76, 39, 61, 76, 205, 164, 119, 142, 164, 164, 205, 205, 205]",37754613.0,941.0000000000003,-941.0000000000003,0.0,,,,DWT,mdp.39015067403892,0.0,,0.0,33.0,19.0,0.0,28.5,,3.410605131648481e-13,256.3413461538462,4359.0,256.34134615384613,,0.0,256.3413461538462,,,84.00000000000006,0.0,19.5,3.410605131648481e-13,3.410605131648481e-13,,1.1368683772161603e-13,7.98853132012245e-14,8.615025978775535e-27,0.9604302223016913,0.8016091315943855,0.00022730995849500198,0.14602534562212005,0.0007657715191968843,0.9999999997235121,0.47422802461166635,6.6959667625959335e-09,6.6959667625959335e-09,6.0819563246244724e-09,,5.718550876340534e-12,0.9999999933040264,4.083889119467411e-13,,,,,,0.0,1.0,0.0,4.2715278714194565e-13,4.2715278714194565e-13,0.7422684098809142,0.24267159368316946,721,1.4358928009034104,0.6896641749315141,739,0,0.20618566978304692,0.24635434483066582,720,0.0,0.3636322225899351,0.6604821859621113,781,28.53506614676055,0.9700890291962677,740.25,739.447919446163,0.5970728164849264,550,db,0.540986235965534,0.9305070477545101,0.3421575204977732,3,413.25,7.98853132012245e-14,0.0001547883299646835,8.615025978775535e-27,0.9604302223016913,0.8016091315943856,0.0012605544898986764,0.35817062818336204,0.003129660500138002,0.999999999723512,0.9919828214562026,0.9855281704452468,0.9855281704452468,0.9855281704451341,,1.2251610931599486e-12,0.9999999999667601,2.275791983689038e-13,,,,,1.0,,0.0,1.0,0.25,4.2715278714194565e-13,4.2715278714194565e-13,0.0,2.209570199821826,0.6304403968409887,722,1.5222595282849751,0.7037179795461497,1532,572.7564927611035,0.6998131589302392,1127.0,981.4587400177462,0.5545711496957275,1152,0.49117026184683504,0.8233619396015222,0.4091722348267588,4,865.0,,,,,,,,,,,,,5.363801921010917e-19,0.036413600438416426,8.615025978775535e-27,0.9712976590406595,0.2478060942678026,0.001556198769261621,0.2709627227534799,0.9999999999999998,0.003129660500138002,0.9999999999999541,0.0008499884728391229,0.0007982210227401261,0.0007982210227401261,0.0007982210227337869,,0.0,9.572760819061336e-19,0.020163910573049823,2.11623863834008e-18,,,,,0.4782608695652174,,0.0,1.0,0.7906976744186046,1.4312912534434783e-18,1.4312912534434783e-18,0.9302325581395349,0.5674759776446953,0.17675400427451057,807,1.6280207753758815,0.7902564324480141,1566,536.6940469205896,0.7492083892894441,1186.5,1065.1175726927938,0.5973845684764978,1087,1009.0473684210526,935.5,610.6543869996938,760,0.4758535102197843,0.8532293215616218,0.41093374637766444,5,816.5
rbio6.8,1.0,zero,1.8251141120278274e-21,266.8588922371972,5934715.676370902,0.6306306306306306,274.1055844172687,206,raw,3.315416118558124e-11,-1.386182280171341e-10,6.364847108465693,66689.50747776171,0.7656669298111936,5.618943883691978e-06,0.9999999999999998,327.0000000000577,,,,[],[],13,661.1538461537405,86.99999999998579,939.9999999998472,"[8, 32, 51, 63, 81, 100, 111, 133, 152, 162, 175, 192, 204]","[877.9999999999262, 637.9999999998581, 786.9999999998557, 791.9999999998661, 939.9999999998472, 787.9999999998796, 636.9999999998915, 674.9999999999447, 770.9999999998719, 195.99999999993565, 833.9999999998462, 571.9999999999186, 86.99999999998579]","[0, 13, 39, 39, 76, 99, 107, 107, 107, 161, 99, 187, 203]","[76, 39, 61, 76, 205, 164, 119, 142, 164, 164, 205, 205, 205]",37754612.99999652,940.9999999999047,-940.9999999999047,0.0,,,,DWT,mdp.39015067403892,3.4794211387634277e-06,,0.0,33.0,19.0,0.0,28.5,,9.526957001071423e-11,256.34134615374046,4359.000000001373,256.3413461537501,,0.0,256.34134615374046,,,83.99999999998579,0.0,19.5,1.5279510989785194e-10,9.526957001071423e-11,,5.7696070143720135e-11,4.187251000046168e-11,1.2915708006867647e-21,0.7708470179768095,0.8025201347111253,0.0002236753616572944,0.5511583011583011,0.0007246109271994608,0.99999999972454,0.47422802459509195,6.614092834603004e-09,6.614092834603004e-09,6.007609515772337e-09,,2.9021645697428214e-09,0.9999999933858327,1.8295823255214e-10,,,,,,3.4439111672090326e-11,1.0,0.0,1.1931801187498349e-10,1.1931801187498349e-10,0.7422684114496906,0.24267159419605328,682,1.4846332805590552,0.7130743923699799,657,0,0.20618567004790977,0.2463543451471287,682,0.0,0.3906842174876881,0.7096179875075443,605,36.29967860280125,0.9619500224289295,656.5,654.9309698765564,0.6368974430802928,445,rbio,0.5136782423812899,1.0,0.3404252303330971,4,334.75,4.187251000046168e-11,0.00015478832997795067,1.2915708006867647e-21,0.7708470179768095,0.8025201347111254,0.0012569236493421153,0.6626600284495021,0.003088597281776407,0.9999999997245399,0.9919828214559498,0.9855281704440619,0.9855281704440619,0.9855281704440582,,6.21769254778674e-10,0.9999999999671663,1.0195548086926891e-10,,,,,1.0,,3.4439111672090326e-11,1.0,0.25,1.1931801187498349e-10,1.1931801187498349e-10,0.0,2.209570200246832,0.6304403969622525,690,1.530742626660202,0.7076395899798393,1513,581.9488809165287,0.6949953454315887,1101.5,947.7712210621878,0.5588446328835093,1102,0.3888041033402703,1.0,0.4278371276618108,3,827.25,,,,,,,,,,,,,2.811478613250058e-16,0.03641360043842923,1.2915708006867647e-21,0.833781552374999,0.24808771796110565,0.0015553497259674543,0.5013146010304718,0.9999999999999998,0.003088597281776407,0.9999999999999544,0.0008499884728389317,0.0007982210227391665,0.0007982210227391665,0.0007982210227329154,,0.0,4.858176115673629e-16,0.020163910573056176,9.480749099763558e-16,,,,,0.4782608695652174,,1.089645659654753e-18,1.0,0.7906976744186046,3.998073567952116e-16,3.998073567952116e-16,0.9302325581395349,0.5674759776446984,0.17675400427451152,686,1.6377758247249457,0.7949916241688727,1546,608.1118318204309,0.7158355926072753,1116.0,950.3189964157706,0.5971701327522357,1088,818.67,599.5,715.6978453131971,300,0.38607403914171184,1.0,0.42974817260080167,3,816.75
rbio2.6,1.0,periodization,3.769394142372734e-27,321.48468322917694,4877750.817801645,0.5242718446601942,117.38664927434495,206,smoothed,4.1141298437849037e-14,-2.105231544646816e-10,6.230926206089646,30020.419715986103,0.9726241232445133,0.00014966566451320274,0.9999999999999999,362.40000000000003,,,,[],[],11,426.6,32.20000000000002,728.4000000000001,"[9, 31, 53, 64, 80, 102, 131, 148, 158, 175, 192]","[311.0000000000001, 417.79999999999995, 589.6000000000001, 432.2000000000001, 728.4000000000001, 371.0, 587.0000000000001, 32.20000000000002, 448.2, 368.0000000000001, 407.20000000000016]","[1, 1, 1, 60, 1, 94, 120, 144, 144, 165, 186]","[20, 40, 75, 75, 204, 120, 204, 149, 204, 186, 204]",30736475.839999996,728.4000000000001,-728.4000000000001,0.0,,,,DWT,mdp.39015067403892,0.0,,0.0,15.0,11.0,0.0,33.0,,1.1368683772161603e-13,168.4000000000001,987.7999999999984,168.4000000000001,,0.0,168.4000000000001,,,28.00000000000003,0.0,33.0,1.1368683772161603e-13,1.1368683772161603e-13,,5.684341886080802e-14,4.154474926592369e-14,6.2436189634448724e-27,0.9862274767304393,0.13932328326901244,0.02621118855135872,0.07693226515562712,0.013016691862451635,,0.9999996647345563,4.4059791007223055e-09,4.4059791007223055e-09,3.6787861342541454e-09,,6.125805465799743e-13,0.9999999955939887,7.585973278963461e-14,,,,,,0.0,0.0,1.0,1.7477015598164352e-13,1.7477015598164352e-13,0.8999999009649987,0.33832967743810544,481,0.7104833047556931,0.36068954149654986,776,0,0.24999997273502725,0.35570077878538403,474,0.0,0.17738727222413297,0.31295915759628357,824,187.2456051998729,0.8037257807129214,638.75,597.8216502512424,0.567088257232771,696,rbio,0.7685897546424816,0.816051598246696,0.21717169227625407,5,523.25,3.3634899851987466e-14,0.9999999999705138,1.8705954139101074e-27,0.9724285534107595,0.7562571810357982,6.86631582144841e-05,0.06313234542667362,0.00012678142469341267,0.9999999997234561,2.0315811923854454e-05,4.745454029730922e-11,4.745454029730922e-11,3.962224992548613e-11,,6.125805465799743e-13,0.0031261328403480726,7.585973278963461e-14,,,,,0.0,,0.0,0.0,1.0,1.4238426238064856e-13,1.4238426238064856e-13,1.0,0.30156916120451177,0.08604450842073604,1471,1.6869237047645553,0.7798397836293152,872,423.556961930742,0.7780099780237202,1171.5,1094.9312846777636,0.5820081336659482,970,0.3888041033402703,1.0,0.4278371276618108,3,728.25,,,,,,,,,,,,,2.258374327013778e-19,0.9999999999715831,1.8705954139101074e-27,0.9800007706189249,0.23378618195343448,0.0012774844256330672,0.04776079015018275,0.9999999999999999,0.0001267814246934131,0.9999999999999541,9.960751159770467e-05,3.8435400695480126e-14,3.8435400695480126e-14,3.209173378426744e-14,,0.0,4.786380409530668e-19,0.00456704015061846,7.054128794466933e-19,,,,,0.13043478260869565,,0.0,0.7209302325581395,1.0,4.770970844811595e-19,4.770970844811595e-19,1.0,0.42658033862811345,0.13286867808967343,1540,1.8246873241822956,0.8857202051420309,649,630.0321420372138,0.7055924569919562,1094.5,913.1658291457286,0.5970719294305575,1089,818.67,599.5,715.6978453131971,300,0.38607403914171184,1.0,0.42974817260080167,3,817.5
bior2.8,1.0,zero,4.868945242570835e-27,322.59744356470264,6280370.3845368745,0.5945945945945946,224.61038307890234,206,raw,4.488750256066991e-14,-2.14539719323173e-10,6.2111916259074995,72252.6877827957,0.8500232104718187,5.618943883690066e-06,1.0,327.0000000000001,,,,[],[],13,661.1538461538462,87.00000000000003,939.9999999999999,"[8, 32, 51, 63, 81, 100, 111, 133, 152, 162, 175, 192, 204]","[878.0, 638.0000000000001, 787.0000000000001, 792.0, 939.9999999999999, 788.0000000000001, 637.0000000000001, 675.0, 771.0, 195.99999999999994, 834.0000000000002, 572.0, 87.00000000000003]","[0, 13, 42, 42, 76, 99, 107, 107, 107, 161, 99, 187, 203]","[76, 42, 61, 76, 205, 164, 119, 142, 164, 164, 205, 205, 205]",37754613.0,940.9999999999999,-940.9999999999999,0.0,,,,DWT,mdp.39015067403892,0.0,,0.0,33.0,19.0,0.0,28.5,,1.1368683772161603e-13,256.3413461538462,4359.0,256.3413461538462,,0.0,256.3413461538462,,,84.00000000000003,0.0,24.0,1.1368683772161603e-13,1.1368683772161603e-13,,1.1368683772161603e-13,3.8368293753549045e-14,2.648710580368656e-27,0.9765348909654543,0.7494398735612334,0.0006126691374411517,0.28088803088803105,0.0011750226774419111,0.9999999997233957,0.4742280246116333,6.6959667625959335e-09,6.6959667625959335e-09,6.082000342865356e-09,,5.718550876340534e-12,0.9999999933040264,1.3612963731558036e-13,,,,,,0.0,1.0,0.5,1.4238426238064856e-13,1.4238426238064856e-13,0.7922684098806676,0.2590182137502221,390,1.4737724272441688,0.70785788774251,669,0,0.24785233644964438,0.2961384272003483,388,0.0,0.37608131086912955,0.6830940463228747,707,173.32532032760437,0.8183172742897229,538.5,496.856289663967,0.6269259327423458,472,bior,0.672619891330026,0.76736776154697,0.2989557476048908,5,355.25,3.836829375354904e-14,0.0001547883299646835,2.648710580368656e-27,0.9765348909654542,0.7494398735612334,0.0016455154080519097,0.45953058321479406,0.003537943492685899,0.9999999997233956,0.9919828214562021,0.9855281704452468,0.9855281704452468,0.9855281704451347,,1.2251610931599486e-12,0.9999999999667601,7.585973278963461e-14,,,,,1.0,,0.0,1.0,0.5,1.4238426238064856e-13,1.4238426238064856e-13,0.0,2.2345701998216367,0.6375734627748868,387,1.5467374761352664,0.7150337714230117,1466,762.9682169002848,0.60012147961201,926.5,612.3497031840259,0.5572672387577869,1122,0.5943810304597339,0.7715092316736338,0.3524805091760961,5,842.75,,,,,,,,,,,,,2.576192287345792e-19,0.03641360043841643,2.648710580368656e-27,0.9829793443548605,0.2316787080336521,0.0016462188296257757,0.34764340852826875,1.0,0.003537943492685899,0.9999999999999541,0.0008499884728391225,0.0007982210227401261,0.0007982210227401261,0.0007982210227337874,,0.0,9.572760819061336e-19,0.020163910573049823,7.054128794466933e-19,,,,,0.4782608695652174,,0.0,1.0,0.8604651162790697,4.770970844811595e-19,4.770970844811595e-19,0.9302325581395349,0.5744527218307418,0.17892707859001003,296,1.6578466909844436,0.8047342094025962,1480,837.2144289248723,0.6087783042407139,888.0,493.3333333333333,0.5969125166063383,1090,1104.4,1082.5,563.6960149978129,300,0.520820561188399,0.7876173146100969,0.3991404127850916,6,819.0
sym11,1.0,periodic,5.150568176943951e-24,290.1288473403938,5232855.880856521,0.5265486725663717,91.77294825255869,206,smoothed,1.8276922585951998e-12,,6.32958534558552,32274.017975932602,0.9832343987889521,0.00014966566451319542,0.9999999999999999,362.4000000000003,,,,[],[],11,426.60000000000633,32.20000000000206,728.4000000000115,"[9, 31, 53, 64, 80, 102, 131, 148, 158, 175, 192]","[311.0000000000075, 417.8000000000058, 589.6000000000078, 432.20000000000994, 728.4000000000115, 371.0000000000075, 587.0000000000023, 32.20000000000206, 448.20000000000414, 368.00000000000557, 407.2000000000057]","[0, 0, 0, 60, 0, 94, 120, 144, 144, 165, 186]","[20, 40, 75, 75, 203, 120, 203, 149, 203, 186, 203]",30736475.84000013,728.4000000000079,-728.4000000000079,0.0,,,,DWT,mdp.39015067403892,1.341104507446289e-07,,0.0,33.0,11.0,0.0,33.0,,7.958078640513122e-12,168.4000000000064,987.7999999999292,168.40000000000634,,0.0,168.4000000000064,,,28.000000000002075,0.0,15.0,1.1482370609883219e-11,7.958078640513122e-12,,3.410605131648481e-13,3.966346962301562e-12,1.5068863150685967e-23,0.8670937096773392,0.2816296268071223,0.1786062568131025,0.09257175820250703,0.03170540694275163,,0.9999996665188058,4.4125442426153466e-09,4.4125442426153466e-09,3.685292130729458e-09,,3.675483279479846e-12,0.9999999955874505,7.661833011753095e-12,,,,,,2.860810456495275e-12,1.0,0.0,1.2233910918715047e-11,1.2233910918715047e-11,0.8999999015144738,0.3383296776446652,317,0.8000850336758093,0.40617745979831466,504,0,0.24999997288794185,0.35570077900295144,317,0.0,0.20737239406382707,0.365861027914891,523,113.71418850199242,0.8808027374192952,415.25,391.952388937816,0.722765100365832,279,sym,1.0,1.0,0.0,7,211.0,2.29097303263641e-12,0.999999999970463,3.6440862149397145e-24,0.8567184203674891,0.7903389645301248,0.00046787919004989567,0.07596646483465347,0.0003088078526527699,,2.0315811960103236e-05,4.7525205992826614e-11,4.7525205992826614e-11,3.969236050949121e-11,,3.675483279479846e-12,0.003126132840327589,7.661833011753095e-12,,,,,0.0,,1.327417580508835e-12,1.0,0.0,9.9668983666454e-12,9.9668983666454e-12,1.0,0.3015691612144938,0.08604450842358413,1309,1.2399445831473295,0.5732079718263924,1698,275.064537881567,0.8558361960788433,1503.5,1478.3385433987362,0.5339191462574511,1307,0.7763846615972358,0.5622554397616224,0.28785410495344815,6,981.75,,,,,,,,,,,,,1.538245900405511e-17,0.9999999999715341,3.6440862149397145e-24,0.8960692480215522,0.24432208195823063,0.0013708379313774016,0.057470039500325476,0.9999999999999999,0.0003088078526527699,,9.96075115977321e-05,3.849264657018736e-14,3.849264657018736e-14,3.214843755788843e-14,,0.0,2.871828245718401e-18,0.00456704015061814,7.124670082411603e-17,,,,,0.13043478260869565,,4.199919030789198e-20,1.0,0.7209302325581395,3.339679591368116e-17,3.339679591368116e-17,1.0,0.4265803386281134,0.1328686780896734,1659,1.3835995476903866,0.6716120942879518,1714,38.890872965260115,0.9818266948760467,1686.5,1686.0515861251113,0.596871291363257,1091,1409.1368421052632,1454.5,398.32527672708756,380,0.6645304607900322,0.5565550872278735,0.3678621512786154,7,820.0
bior3.1,1.0,reflect,1.142175621097649e-26,318.89446360624567,7112251.533541986,0.5961538461538461,215.4372635832645,206,raw,7.790100819000905e-14,-1.914782776779617e-10,5.984375656115668,85016.11838942306,0.8937298634524671,5.618943883690067e-06,0.9999999999999999,326.9999999999999,,,,[],[],13,661.153846153846,86.99999999999997,939.9999999999995,"[8, 32, 51, 63, 81, 100, 111, 133, 152, 162, 175, 192, 204]","[877.9999999999999, 637.9999999999998, 786.9999999999999, 792.0, 939.9999999999995, 787.9999999999999, 636.9999999999998, 674.9999999999999, 770.9999999999998, 196.0, 833.9999999999998, 571.9999999999999, 86.99999999999997]","[0, 13, 42, 42, 76, 99, 107, 107, 107, 161, 99, 187, 203]","[76, 42, 61, 76, 205, 164, 119, 142, 164, 164, 205, 205, 205]",37754612.99999999,940.9999999999995,-940.9999999999995,0.0,,,,DWT,mdp.39015067403892,7.450580596923828e-09,,0.0,33.0,19.0,0.0,28.5,,4.547473508864641e-13,256.34134615384596,4359.000000000002,256.34134615384596,,0.0,256.34134615384596,,,83.99999999999997,0.0,24.0,4.547473508864641e-13,4.547473508864641e-13,,1.1368683772161603e-13,8.008143086296397e-14,7.285913523036566e-27,0.9628700566051336,0.6710863341425745,0.001548853663530497,0.29258241758241743,0.002208388271116294,0.9999999997237433,0.47422802461156727,6.695790689632508e-09,6.695790689632508e-09,6.081824269901822e-09,,5.718550876340534e-12,0.9999999933041348,5.445185492623215e-13,,,,,,7.374542113937972e-14,1.0,0.5,5.695370495225942e-13,5.695370495225942e-13,0.7922684098809555,0.25901821375031625,294,1.4319559500970673,0.6877732921570641,746,0,0.24785233644971527,0.296138427200433,296,0.0,0.36628700624857446,0.6653041934883583,769,267.19078701681815,0.7199257997727273,526.25,424.60088199881847,0.5841505309136172,583,bior,0.672619891330026,0.76736776154697,0.2989557476048908,5,438.5,8.008143086296395e-14,0.0001547883299646835,7.285913523036566e-27,0.9628700566051336,0.6710863341425746,0.0025807324066706595,0.4683198380566802,0.004568864452789348,0.9999999997237432,0.9919828214562011,0.9855281704452442,0.9855281704452442,0.9855281704451322,,1.2251610931599486e-12,0.9999999999667607,3.0343893115853844e-13,,,,,1.0,,7.374542113937972e-14,1.0,0.5,5.695370495225942e-13,5.695370495225942e-13,0.0,2.234570199821955,0.6375734627749776,283,1.5037574846300013,0.695164759456917,1573,912.1677477306463,0.5219246605185293,928.0,479.6971982758621,0.5177757474500403,1430,0.5943810304597339,0.7715092316736338,0.3524805091760961,5,1073.75,,,,,,,,,,,,,5.376970002209179e-19,0.036413600438416446,7.285913523036566e-27,0.9730674176831167,0.2074568225658841,0.0018649119142981588,0.3542926428192293,0.9999999999999999,0.004568864452789348,0.9999999999999541,0.0008499884728391218,0.000798221022740124,0.000798221022740124,0.0007982210227337853,,0.0,9.572760819061336e-19,0.02016391057304983,2.821651517786773e-18,,,,,0.4782608695652174,,2.3332883504384434e-21,1.0,0.8604651162790697,1.908388337924638e-18,1.908388337924638e-18,0.9302325581395349,0.5744527218307418,0.17892707859001003,534,1.642970000890275,0.7975129256092502,1521,697.9143930311224,0.6738717789574195,1027.5,790.4759124087592,0.5968657960207657,1092,1104.4,1082.5,563.6960149978129,300,0.520820561188399,0.7876173146100969,0.3991404127850916,6,820.5
db23,1.0,reflect,1.4016005715655057e-26,315.78115608318666,5768037.8061039345,0.528,108.38269373581917,206,smoothed,8.506679718778383e-14,-2.1449246823124263e-10,6.51023843733143,30297.939960526186,0.9820129725185892,0.00014966566451320284,0.9999999999999999,362.40000000000003,,,,[],[],11,426.59999999999997,32.200000000000045,728.4000000000002,"[9, 31, 53, 64, 80, 102, 131, 148, 158, 175, 192]","[310.9999999999999, 417.7999999999999, 589.6, 432.19999999999993, 728.4000000000002, 371.0, 586.9999999999999, 32.200000000000045, 448.2000000000001, 368.0, 407.20000000000016]","[1, 1, 1, 60, 1, 94, 120, 144, 144, 165, 186]","[20, 40, 75, 75, 205, 120, 205, 149, 205, 186, 205]",30736475.84000001,728.4000000000002,-728.4000000000002,0.0,,,,DWT,mdp.39015067403892,1.4901161193847656e-08,,0.0,15.0,11.0,0.0,33.0,,2.2737367544323206e-13,168.40000000000003,987.7999999999993,168.40000000000003,,0.0,168.40000000000003,,,28.000000000000057,0.0,33.0,2.2737367544323206e-13,2.2737367544323206e-13,,5.684341886080802e-14,1.3804291727074464e-13,3.6231348838068683e-26,0.964557422173402,0.5422043801100361,0.40828218801188454,0.10254090222318199,0.015318121035257225,,0.9999996647593375,4.4059199552998455e-09,4.4059199552998455e-09,3.6787269888316428e-09,,6.125805465799743e-13,0.9999999955940747,1.5171946557926922e-13,,,,,,3.1786782849947497e-13,0.0,1.0,3.4954031196328703e-13,3.4954031196328703e-13,0.8999999009726896,0.3383296774409966,389,1.1011213466684187,0.5590039217015296,158,0,0.24999997273714666,0.35570077878839956,381,0.0,0.2904147162219857,0.512370159385265,171,127.45816307060656,0.8663960554815445,274.75,230.24984277568336,0.7891990759588017,166,db,0.573477938514061,0.8443824841957417,0.34525069778143475,3,125.25,8.913552957993502e-14,0.9999999999705145,9.121776253567493e-27,0.9513812470267341,0.8527455453286762,0.0010695411395284678,0.08414736842105297,0.00014919714079413308,0.9999999997233963,2.0315811924354055e-05,4.745387416349445e-11,4.745387416349445e-11,3.962169481397382e-11,,6.125805465799743e-13,0.0031261328403482946,1.5171946557926922e-13,,,,,0.0,,1.4749084227875944e-13,0.0,1.0,2.847685247612971e-13,2.847685247612971e-13,1.0,0.30156916120468014,0.08604450842078407,1431,1.7314549175554212,0.8004259021653795,432,706.399674405361,0.6297695626806283,931.5,663.6521739130436,0.5707810077554085,1029,0.49117026184683504,0.8233619396015222,0.4091722348267588,4,772.75,,,,,,,,,,,,,5.9848964175288785e-19,0.9999999999715838,9.121776253567493e-27,0.9647338927325771,0.2636141913352009,0.001511531810825489,0.06365904478419726,0.9999999999999999,0.00014919714079413308,0.9999999999999541,9.960751159770499e-05,3.8434858594393884e-14,3.8434858594393884e-14,3.20911916831812e-14,,0.0,4.786380409530668e-19,0.004567040150618464,1.4108257588933865e-18,,,,,0.13043478260869565,,4.666576700876887e-21,0.7209302325581395,1.0,9.54194168962319e-19,9.54194168962319e-19,1.0,0.42658033862811345,0.13286867808967343,1511,1.8369264939740129,0.891661212039498,471,735.3910524340095,0.656359321292519,991.0,718.1442986881938,0.5966376045714932,1093,1009.0473684210526,935.5,610.6543869996938,760,0.4758535102197843,0.8532293215616218,0.41093374637766444,5,821.0
db13,1.0,symmetric,9.373206981617363e-27,319.75291039517595,6345554.357347017,0.5956521739130435,282.2230011398745,206,raw,6.445760861415958e-14,-2.111675279081766e-10,6.476500486746061,60792.34483397647,0.7711618589644355,5.618943883690062e-06,0.9999999999999998,327.0,,,,[],[],13,661.1538461538463,87.00000000000001,939.9999999999997,"[8, 32, 51, 63, 81, 100, 111, 133, 152, 162, 175, 192, 204]","[878.0000000000001, 638.0000000000001, 787.0000000000001, 792.0000000000002, 939.9999999999997, 788.0000000000002, 637.0, 675.0000000000002, 771.0000000000002, 195.99999999999994, 834.0, 572.0000000000001, 87.00000000000001]","[0, 13, 42, 42, 76, 99, 107, 107, 107, 161, 164, 187, 203]","[76, 42, 61, 76, 205, 164, 119, 142, 164, 164, 205, 205, 205]",37754613.0,940.9999999999998,-940.9999999999998,0.0,,,,DWT,mdp.39015067403892,0.0,,0.0,33.0,19.0,0.0,28.5,,2.2737367544323206e-13,256.3413461538463,4358.999999999998,256.3413461538462,,0.0,256.3413461538463,,,84.00000000000001,0.0,28.5,3.410605131648481e-13,2.2737367544323206e-13,,0.0,6.309546227119753e-14,5.8362244414521594e-27,0.9660379195991233,0.841090775854015,0.0006860260427717583,0.28881987577639745,0.0002471589658729126,0.9999999997234466,0.4742280246116168,6.696054799077647e-09,6.696054799077647e-09,6.082000342865356e-09,,0.0,0.9999999933039181,4.083889119467411e-13,,,,,,0.0,1.0,1.0,2.847685247612971e-13,2.847685247612971e-13,0.8422684098779951,0.2753648338164817,189,1.5161379664941732,0.7282061997153816,592,0,0.28951900311588513,0.3459225095696046,192,0.0,0.38711021949521124,0.703126368063364,634,244.53544392037188,0.7436735388675347,401.75,290.5748795065671,0.661275972788065,397,db,0.540986235965534,0.9305070477545101,0.3421575204977732,3,298.5,6.309546227119752e-14,0.0001547883299646835,5.836224441452159e-27,0.9660379195991232,0.8410907758540151,0.001718796500528226,0.465491990846682,0.0026122748288255125,0.9999999997234464,0.9919828214562019,0.9855281704452481,0.9855281704452481,0.9855281704451347,,0.0,0.9999999999667596,2.275791983689038e-13,,,,,1.0,,0.0,1.0,0.75,2.847685247612971e-13,2.847685247612971e-13,0.0,2.2595701998211575,0.6447065287087022,189,1.5883156805953353,0.7342547580498853,1348,819.5367593952086,0.5704733965433917,768.5,331.51854261548476,0.583847809382807,955,0.49117026184683504,0.8233619396015222,0.4091722348267588,4,717.25,,,,,,,,,,,,,4.236467858426492e-19,0.03641360043841641,5.836224441452159e-27,0.9753652593454887,0.2600112846450502,0.0016633550324380397,0.3521533239603985,0.9999999999999998,0.0026122748288255125,0.9999999999999541,0.0008499884728391223,0.0007982210227401272,0.0007982210227401272,0.0007982210227337874,,0.0,0.0,0.020163910573049813,2.11623863834008e-18,,,,,0.4782608695652174,,0.0,1.0,0.9302325581395349,9.54194168962319e-19,9.54194168962319e-19,0.9302325581395349,0.5814294660167882,0.18110015290550946,39,1.6688867950932333,0.8100931786607449,1437,988.5352800987935,0.5380676261220592,738.0,75.9390243902439,0.5966039065189734,1094,1009.0473684210526,935.5,610.6543869996938,760,0.4758535102197843,0.8532293215616218,0.41093374637766444,5,821.75
bior3.1,1.0,antireflect,7.50811769520643e-27,318.4920880236118,5146825.2115264265,0.5288461538461539,66.04646036859204,206,smoothed,6.794996065278627e-14,-1.8957238001604573e-10,6.139848978741201,36399.00027754021,0.9929057997768145,0.00014966566451320284,1.0,362.39999999999986,,,,[],[],11,426.59999999999997,32.20000000000002,728.3999999999999,"[9, 31, 53, 64, 80, 102, 131, 148, 158, 175, 192]","[310.99999999999983, 417.79999999999995, 589.5999999999999, 432.19999999999976, 728.3999999999999, 371.0, 586.9999999999999, 32.20000000000002, 448.20000000000005, 367.9999999999999, 407.19999999999993]","[1, 1, 1, 60, 1, 94, 120, 144, 144, 165, 186]","[20, 40, 75, 75, 204, 120, 204, 149, 204, 186, 204]",30736475.83999999,728.3999999999999,-728.3999999999999,0.0,,,,DWT,mdp.39015067403892,7.450580596923828e-09,,0.0,15.0,11.0,0.0,33.0,,1.1368683772161603e-13,168.40000000000003,987.7999999999993,168.39999999999995,,0.0,168.40000000000003,,,28.00000000000003,0.0,33.0,1.1368683772161603e-13,1.1368683772161603e-13,,1.1368683772161603e-13,1.0043962499924359e-13,1.7185366015768857e-26,0.9748573719318121,0.007953120608224035,0.1416857758366393,0.10835311892941973,0.06591319824085765,,0.9999996647345563,4.4059199552998455e-09,4.4059199552998455e-09,3.6786382706978885e-09,,1.2251610931599486e-12,0.9999999955940747,7.585973278963461e-14,,,,,,1.5893391424973748e-13,0.0,1.0,1.7477015598164352e-13,1.7477015598164352e-13,0.8999999009653475,0.3383296774382366,453,0.7294403982496599,0.37031344865197174,719,0,0.24999997273507654,0.3557007787854542,450,0.0,0.18553751222100762,0.32733838679152466,732,158.28771272590933,0.8340799656961118,588.5,556.586125500526,0.6086018277117875,541,bior,0.8100315533562081,0.7923003667562746,0.1952878026237719,6,407.25,6.750810966033503e-14,0.9999999999705145,4.5163637634952784e-27,0.9613851996118431,0.7247945678444163,0.00037116183510529043,0.08891700404858327,0.0006419887070677997,0.9999999997237718,2.0315811923854454e-05,4.745387416349445e-11,4.745387416349445e-11,3.9620695613251655e-11,,1.2251610931599486e-12,0.0031261328403482946,7.585973278963461e-14,,,,,0.0,,7.374542113937972e-14,0.0,1.0,1.4238426238064856e-13,1.4238426238064856e-13,1.0,0.3015691612048542,0.08604450842083375,1394,1.6752375815898106,0.7744374623848399,955,310.41987694089437,0.8373061441609568,1174.5,1133.4780757769263,0.6108700532125539,826,0.5943810304597339,0.7715092316736338,0.3524805091760961,5,620.75,,,,,,,,,,,,,4.532749685387356e-19,0.9999999999715838,4.5163637634952784e-27,0.9719903615514845,0.2240599613015968,0.0013482213442907376,0.06726736259275856,1.0,0.0006419887070678002,0.9999999999999541,9.960751159770467e-05,3.8434858594393884e-14,3.8434858594393884e-14,3.209043274166046e-14,,0.0,9.572760819061336e-19,0.004567040150618464,7.054128794466933e-19,,,,,0.13043478260869565,,2.3332883504384434e-21,0.7209302325581395,1.0,4.770970844811595e-19,4.770970844811595e-19,1.0,0.42658033862811345,0.13286867808967343,1545,1.823062048765222,0.8849312813320472,667,620.8397538817887,0.7098879654757997,1106.0,931.7495479204341,0.5965327677846288,1095,1104.4,1082.5,563.6960149978129,300,0.520820561188399,0.7876173146100969,0.3991404127850916,6,822.75
bior3.9,1.0,antireflect,3.5458694555739956e-27,323.9745650424373,7147271.56002273,0.59375,224.21491387519978,206,raw,3.5710377481389754e-14,-2.0855939197872723e-10,6.149419806545667,110312.36397959279,0.9115953954519054,5.618943883690066e-06,1.0,327.0,,,,[],[],13,661.1538461538462,87.0,939.9999999999999,"[8, 32, 51, 63, 81, 100, 111, 133, 152, 162, 175, 192, 204]","[877.9999999999999, 638.0, 786.9999999999998, 792.0, 939.9999999999999, 788.0, 637.0, 675.0, 771.0, 196.0, 834.0, 572.0, 87.0]","[0, 13, 39, 39, 76, 99, 107, 107, 107, 161, 164, 187, 203]","[76, 39, 61, 76, 205, 164, 119, 142, 164, 164, 205, 205, 205]",37754613.0,940.9999999999999,-940.9999999999999,0.0,,,,DWT,mdp.39015067403892,0.0,,0.0,33.0,19.0,0.0,28.5,,1.1368683772161603e-13,256.3413461538462,4359.0,256.34134615384613,,0.0,256.3413461538462,,,84.0,0.0,24.0,1.1368683772161603e-13,1.1368683772161603e-13,,0.0,2.677283700320435e-14,1.7124145446038432e-27,0.981616780983332,0.7281008087336035,0.0015882645901198562,0.27455357142857134,0.0042564481264694065,0.9999999997234859,0.4742280246116003,6.6959667625959335e-09,6.6959667625959335e-09,6.0819563246244724e-09,,0.0,0.9999999933040264,1.3612963731558036e-13,,,,,,0.0,1.0,0.5,1.4238426238064856e-13,1.4238426238064856e-13,0.7922684098777852,0.25901821374927975,524,1.4653386129632797,0.703807098182248,681,0,0.24785233644916138,0.2961384271997712,526,0.0,0.3737644841982011,0.6788858858545551,723,103.62271308292726,0.8913808038963027,613.5,600.5021149506887,0.6241495214450067,481,bior,0.672619891330026,0.76736776154697,0.2989557476048908,5,362.0,2.6772837003204337e-14,0.0001547883299646835,1.7124145446038432e-27,0.981616780983332,0.7281008087336036,0.002620102602877221,0.45476973684210537,0.0066120792117812825,0.9999999997234857,0.9919828214562016,0.9855281704452468,0.9855281704452468,0.9855281704451341,,0.0,0.9999999999667601,7.585973278963461e-14,,,,,1.0,,0.0,1.0,0.5,1.4238426238064856e-13,1.4238426238064856e-13,0.0,2.234570199821024,0.6375734627747119,523,1.5389296870681861,0.7114243464564303,1489,683.0651506262049,0.6419993969464335,1006.0,774.1023856858848,0.5573728640916653,1120,0.5943810304597339,0.7715092316736338,0.3524805091760961,5,841.25,,,,,,,,,,,,,1.7976294864986325e-19,0.03641360043841643,1.7124145446038432e-27,0.986665544998268,0.22508203878196234,0.0018741183227202539,0.3440417399539982,1.0,0.006612079211781283,0.9999999999999541,0.0008499884728391221,0.0007982210227401261,0.0007982210227401261,0.0007982210227337869,,0.0,0.0,0.020163910573049823,7.054128794466933e-19,,,,,0.4782608695652174,,0.0,1.0,0.8604651162790697,4.770970844811595e-19,4.770970844811595e-19,0.9302325581395349,0.5744527218307418,0.17892707859001003,322,1.6566630133491205,0.8041596412647646,1486,823.0722933011414,0.6153867788312424,904.0,529.3053097345133,0.5964784361445932,1096,1104.4,1082.5,563.6960149978129,300,0.520820561188399,0.7876173146100969,0.3991404127850916,6,823.5
bior3.1,1.0,periodic,1.1389650338018369e-26,318.9066885540053,7112898.622003945,0.5961538461538461,214.12681794103057,206,raw,7.759057689768666e-14,-1.9153134633853879e-10,5.9793825068981,87198.86749231463,0.8980890799447053,5.618943883690067e-06,0.9999999999999999,326.9999999999999,,,,[],[],13,661.153846153846,87.0,939.9999999999995,"[8, 32, 51, 63, 81, 100, 111, 133, 152, 162, 175, 192, 204]","[877.9999999999999, 637.9999999999998, 786.9999999999999, 792.0, 939.9999999999995, 787.9999999999999, 636.9999999999998, 674.9999999999999, 770.9999999999998, 196.0, 833.9999999999998, 571.9999999999999, 87.0]","[0, 13, 42, 42, 76, 99, 107, 107, 107, 161, 99, 187, 203]","[76, 42, 61, 76, 205, 164, 119, 142, 164, 164, 205, 205, 205]",37754612.99999999,940.9999999999995,-940.9999999999995,0.0,,,,DWT,mdp.39015067403892,7.450580596923828e-09,,0.0,33.0,19.0,0.0,28.5,,4.547473508864641e-13,256.34134615384596,4359.000000000002,256.34134615384596,,0.0,256.34134615384596,,,84.0,0.0,24.0,4.547473508864641e-13,4.547473508864641e-13,,1.1368683772161603e-13,7.968919553948506e-14,7.2631932814065e-27,0.9629151694299594,0.6693614515675027,0.0015495818855918112,0.29258241758241743,0.002385110180144464,0.9999999997237425,0.4742280246116003,6.695790689632508e-09,6.695790689632508e-09,6.081824269901822e-09,,5.718550876340534e-12,0.9999999933041348,5.445185492623215e-13,,,,,,7.374542113937972e-14,1.0,0.5,5.695370495225942e-13,5.695370495225942e-13,0.7922684098809654,0.25901821375031947,291,1.4311916293790683,0.6874061863278335,748,0,0.24785233644971805,0.2961384272004363,289,0.0,0.36609921629617975,0.664963101828835,772,271.53268679847736,0.7153745421399609,525.0,419.7769994210327,0.5825300383655779,587,bior,0.672619891330026,0.76736776154697,0.2989557476048908,5,441.5,7.968919553948505e-14,0.0001547883299646835,7.2631932814065e-27,0.9629151694299593,0.6693614515675027,0.0025814598761294367,0.4683198380566802,0.004745168290697119,0.9999999997237423,0.9919828214562016,0.9855281704452442,0.9855281704452442,0.9855281704451322,,1.2251610931599486e-12,0.9999999999667607,3.0343893115853844e-13,,,,,1.0,,7.374542113937972e-14,1.0,0.5,5.695370495225942e-13,5.695370495225942e-13,0.0,2.2345701998219556,0.6375734627749777,281,1.5029929963072528,0.6948113478553636,1576,915.703281636579,0.5200716553267406,928.5,476.958535271944,0.5167182176004772,1438,0.5943810304597339,0.7715092316736338,0.3524805091760961,5,1079.75,,,,,,,,,,,,,5.350633839812657e-19,0.036413600438416446,7.2631932814065e-27,0.9731001407297221,0.20692359958082532,0.0018650820272667853,0.3542926428192293,0.9999999999999999,0.004745168290697118,0.9999999999999541,0.0008499884728391221,0.000798221022740124,0.000798221022740124,0.0007982210227337853,,0.0,9.572760819061336e-19,0.02016391057304983,2.821651517786773e-18,,,,,0.4782608695652174,,2.3332883504384434e-21,1.0,0.8604651162790697,1.908388337924638e-18,1.908388337924638e-18,0.9302325581395349,0.5744527218307418,0.17892707859001003,536,1.6427936298173564,0.7974273134493934,1523,697.9143930311224,0.6738717789574195,1029.5,792.9363768819817,0.5963985063011397,1097,1104.4,1082.5,563.6960149978129,300,0.520820561188399,0.7876173146100969,0.3991404127850916,6,824.25
coif3,1.0,reflect,6.100238403542864e-27,319.3939306623173,5235879.362875994,0.5225225225225225,91.29292959031693,206,smoothed,5.3118243352939536e-14,-2.0902091169006145e-10,6.307071216342724,32041.94854419557,0.9814008183908175,0.00014966566451320263,0.9999999999999997,362.4,,,,[],[],11,426.6,32.19999999999996,728.4,"[9, 31, 53, 64, 80, 102, 131, 148, 158, 175, 192]","[310.99999999999994, 417.80000000000007, 589.6000000000001, 432.2, 728.4, 371.0, 587.0000000000002, 32.19999999999996, 448.20000000000005, 368.0, 407.19999999999993]","[1, 1, 1, 60, 1, 94, 120, 144, 144, 165, 186]","[20, 40, 75, 75, 205, 120, 205, 149, 205, 186, 205]",30736475.839999996,728.4,-728.4,0.0,,,,DWT,mdp.39015067403892,0.0,,0.0,15.0,11.0,0.0,33.0,,0.0,168.4000000000001,987.7999999999984,168.40000000000003,,0.0,168.4000000000001,,,27.99999999999997,0.0,33.0,0.0,0.0,,0.0,6.785641960529814e-14,1.3065066969343738e-26,0.9782838444780767,0.24915515534043423,0.17990379885539803,0.0649162004655208,0.0297808937916439,,0.9999996646849938,4.4059791007223055e-09,4.4059791007223055e-09,3.6787269888316428e-09,,0.0,0.9999999955939887,0.0,,,,,,0.0,0.0,1.0,0.0,0.0,0.8999999009496981,0.3383296774323536,584,0.8393786214876483,0.42612555157857135,374,0,0.2499999727308056,0.35570077877937745,586,0.0,0.2145771275615917,0.3785721277468855,448,104.90630740490933,0.8900353171856297,498.0,480.4947332905231,0.6840113692846388,356,coif,0.5556920286951962,0.9053407607371553,0.33941335169221604,4,268.0,4.8767977538565786e-14,0.9999999999705129,3.520055152473044e-27,0.9647132031158427,0.7825614622902197,0.00047127824745492395,0.05327169274537713,0.00029006326518638903,0.9999999997234787,2.0315811922799742e-05,4.745454029730922e-11,4.745454029730922e-11,3.962169481397382e-11,,0.0,0.0031261328403480726,0.0,,,,,0.0,,0.0,0.0,1.0,0.0,0.0,1.0,0.30156916120411015,0.08604450842062145,1616,1.6917689944231282,0.7820796891023906,838,550.129075763134,0.7116723921576866,1227.0,1103.6740016299918,0.5342953155756986,1304,0.4784248188775415,0.776734912893196,0.43208215291776214,2,978.5,,,,,,,,,,,,,3.2744663708868935e-19,0.9999999999715824,3.520055152473044e-27,0.9744043627625594,0.24191777744463738,0.0013716327740181812,0.04030102352386228,0.9999999999999997,0.00029006326518638947,0.9999999999999541,9.960751159770391e-05,3.8435400695480126e-14,3.8435400695480126e-14,3.20911916831812e-14,,0.0,0.0,0.00456704015061846,0.0,,,,,0.13043478260869565,,0.0,0.7209302325581395,1.0,0.0,0.0,1.0,0.42658033862811345,0.13286867808967343,1548,1.8225237574739392,0.8846699897306739,674,618.0113267570425,0.7112096603939053,1111.0,939.1107110711071,0.5960253909446163,1098,986.6382352941176,846.0,585.0035688138154,340,0.4652856568234462,0.8173890317607586,0.42908333069536003,4,824.5
bior1.3,1.0,antisymmetric,3.725690490390218e-27,321.53533100953075,4988253.357337934,0.5428571428571428,134.6089763702733,206,smoothed,4.3615596571293533e-14,-2.121218534156815e-10,6.232463630070853,34793.29260462018,0.9535162486811332,0.00014966566451320268,0.9999999999999999,362.40000000000003,,,,[],[],11,426.6,32.20000000000002,728.4,"[9, 31, 53, 64, 80, 102, 131, 148, 158, 175, 192]","[311.0000000000001, 417.8000000000001, 589.6, 432.20000000000005, 728.4, 371.00000000000017, 587.0, 32.20000000000002, 448.2, 368.0000000000001, 407.2000000000001]","[1, 1, 1, 60, 1, 94, 120, 144, 144, 165, 186]","[20, 40, 75, 75, 204, 120, 204, 149, 204, 186, 204]",30736475.840000007,728.4,-728.4,0.0,,,,DWT,mdp.39015067403892,1.1175870895385742e-08,,0.0,15.0,11.0,0.0,33.0,,0.0,168.4000000000001,987.7999999999984,168.4000000000001,,0.0,168.4000000000001,,,28.00000000000003,0.0,33.0,0.0,0.0,,5.684341886080802e-14,4.6980435684293514e-14,6.115715870718732e-27,0.9864199085599663,0.14154086986414563,0.07363389187994067,0.20459436958465665,0.052597331906204754,,0.9999996647345563,4.4059791007223055e-09,4.4059791007223055e-09,3.6787861342541454e-09,,6.125805465799743e-13,0.9999999955939887,0.0,,,,,,2.3840087137460624e-13,0.0,1.0,0.0,0.0,0.89999990096501,0.3383296774381097,473,0.8023160066043815,0.40731005305886236,497,0,0.24999997273501165,0.3557007787853618,483,0.0,0.2083980531135659,0.3676705680705212,505,14.27118308573843,0.9850406885893728,489.5,489.1872057147384,0.7359689816112482,254,bior,0.8100315533562081,0.7923003667562746,0.1952878026237719,6,192.0,3.6761218469850826e-14,0.9999999999705134,1.839667815882972e-27,0.9726154551863612,0.7567882838969648,0.00019289226652938218,0.16789473684210524,0.0005122933495396559,0.999999999723432,2.0315811923854454e-05,4.745454029730922e-11,4.745454029730922e-11,3.962224992548613e-11,,6.125805465799743e-13,0.0031261328403480726,0.0,,,,,0.0,,1.1061813170906958e-13,0.0,1.0,0.0,0.0,1.0,0.3015691612044722,0.08604450842072474,1486,1.7294226731507596,0.7994864257490264,447,734.6839456528229,0.6149455211463193,966.5,687.2653905845835,0.5541970792314406,1156,0.5943810304597339,0.7715092316736338,0.3524805091760961,5,868.25,,,,,,,,,,,,,2.468287177526713e-19,0.9999999999715827,1.839667815882972e-27,0.9801363417239769,0.23395036487063553,0.0013065344182482679,0.1270154821501053,0.9999999999999999,0.0005122933495396564,0.9999999999999541,9.960751159770467e-05,3.8435400695480126e-14,3.8435400695480126e-14,3.209173378426744e-14,,0.0,4.786380409530668e-19,0.00456704015061846,0.0,,,,,0.13043478260869565,,3.499932525657665e-21,0.7209302325581395,1.0,0.0,0.0,1.0,0.42658033862811345,0.13286867808967343,1470,1.8567213648701424,0.9012698265558162,219,884.5905832643709,0.5866399143624434,844.5,381.20781527531085,0.5960068730690722,1099,1104.4,1082.5,563.6960149978129,300,0.520820561188399,0.7876173146100969,0.3991404127850916,6,825.75
db30,1.0,constant,1.8630903281947896e-26,316.7694533555163,5925206.577327779,0.5984848484848485,187.26340105223076,206,raw,9.069767590685356e-14,-2.070451587954411e-10,6.377420694371991,67250.5784743923,0.8274673210524058,5.618943883690067e-06,0.9999999999999999,327.0000000000001,,,,[],[],13,661.1538461538462,87.00000000000006,939.9999999999998,"[8, 32, 51, 63, 81, 100, 111, 133, 152, 162, 175, 192, 204]","[878.0, 638.0000000000001, 787.0, 792.0000000000002, 939.9999999999998, 787.9999999999998, 636.9999999999999, 675.0000000000002, 770.9999999999999, 195.9999999999999, 834.0, 572.0000000000002, 87.00000000000006]","[0, 13, 42, 42, 76, 99, 107, 107, 107, 161, 164, 187, 203]","[76, 42, 61, 76, 205, 164, 119, 142, 164, 164, 205, 205, 205]",37754613.0,940.9999999999998,-940.9999999999998,0.0,,,,DWT,mdp.39015067403892,0.0,,0.0,33.0,19.0,0.0,28.5,,2.2737367544323206e-13,256.3413461538462,4359.0,256.34134615384613,,0.0,256.3413461538462,,,84.00000000000006,0.0,28.5,2.2737367544323206e-13,2.2737367544323206e-13,,1.1368683772161603e-13,9.625024253081603e-14,1.2387583351880745e-26,0.9550282877011775,0.8068636778921774,0.00021297398755851856,0.31006493506493515,0.0007700369166059131,0.9999999997235086,0.47422802461166635,6.6959667625959335e-09,6.6959667625959335e-09,6.0819563246244724e-09,,5.718550876340534e-12,0.9999999933040264,2.7225927463116073e-13,,,,,,0.0,1.0,1.0,2.847685247612971e-13,2.847685247612971e-13,0.8422684098807893,0.2753648338173952,111,1.5008892872426232,0.7208822074311393,629,0,0.2895190031163452,0.34592250957015425,111,0.0,0.3841174889107574,0.6976905317550819,663,309.1941137861457,0.6758971553604343,378.5,189.42857142857142,0.6395733156257097,436,db,0.540986235965534,0.9305070477545101,0.3421575204977732,3,327.75,9.625024253081603e-14,0.0001547883299646835,1.2387583351880745e-26,0.9550282877011775,0.8068636778921775,0.0012462333348935743,0.4814593301435409,0.0031339158068939615,0.9999999997235085,0.9919828214562026,0.9855281704452468,0.9855281704452468,0.9855281704451341,,1.2251610931599486e-12,0.9999999999667601,1.5171946557926922e-13,,,,,1.0,,0.0,1.0,0.75,2.847685247612971e-13,2.847685247612971e-13,0.0,2.2595701998217317,0.6447065287088659,111,1.5709556630028376,0.72622947965413,1405,914.9961748553925,0.5204422563650983,758.0,205.74538258575197,0.5615838116207044,1086,0.49117026184683504,0.8233619396015222,0.4091722348267588,4,815.5,,,,,,,,,,,,,6.462605140999113e-19,0.036413600438416446,1.2387583351880745e-26,0.9673793108021088,0.2494304627335351,0.0015528498806413726,0.364232912264302,0.9999999999999999,0.0031339158068939615,0.9999999999999541,0.0008499884728391229,0.0007982210227401261,0.0007982210227401261,0.0007982210227337869,,0.0,9.572760819061336e-19,0.020163910573049823,1.4108257588933865e-18,,,,,0.4782608695652174,,0.0,1.0,0.9302325581395349,9.54194168962319e-19,9.54194168962319e-19,0.9302325581395349,0.5814294660167882,0.18110015290550946,114,1.6637900541483384,0.807619173182962,1452,946.1088732276006,0.5578930498936445,783.0,211.4022988505747,0.5960025997131774,1100,1009.0473684210526,935.5,610.6543869996938,760,0.4758535102197843,0.8532293215616218,0.41093374637766444,5,826.25
bior3.1,1.0,zero,1.1389665655705848e-26,318.90668271327934,7112845.233161526,0.5961538461538461,214.12681794103057,206,raw,7.759919998914006e-14,-1.9153134633853879e-10,5.976424506512897,86514.13191105769,0.8971856351249934,5.618943883690067e-06,0.9999999999999999,326.9999999999999,,,,[],[],13,661.153846153846,87.0,939.9999999999995,"[8, 32, 51, 63, 81, 100, 111, 133, 152, 162, 175, 192, 204]","[877.9999999999999, 637.9999999999998, 786.9999999999999, 792.0, 939.9999999999995, 787.9999999999999, 636.9999999999998, 674.9999999999999, 770.9999999999998, 196.0, 833.9999999999998, 571.9999999999999, 87.0]","[0, 13, 42, 42, 76, 99, 107, 107, 107, 161, 99, 187, 203]","[76, 42, 61, 76, 205, 164, 119, 142, 164, 164, 205, 205, 205]",37754612.99999999,940.9999999999995,-940.9999999999995,0.0,,,,DWT,mdp.39015067403892,7.450580596923828e-09,,0.0,33.0,19.0,0.0,28.5,,4.547473508864641e-13,256.34134615384596,4359.000000000002,256.34134615384596,,0.0,256.34134615384596,,,84.0,0.0,24.0,4.547473508864641e-13,4.547473508864641e-13,,1.1368683772161603e-13,7.970009096513725e-14,7.263204121216438e-27,0.9629151478763582,0.6683396108214781,0.00154952180272036,0.29258241758241743,0.0023296719353462247,0.9999999997237425,0.4742280246116003,6.695790689632508e-09,6.695790689632508e-09,6.081824269901822e-09,,5.718550876340534e-12,0.9999999933041348,5.445185492623215e-13,,,,,,7.374542113937972e-14,1.0,0.5,5.695370495225942e-13,5.695370495225942e-13,0.7922684098809654,0.25901821375031947,290,1.4306584907345403,0.6871501180313903,751,0,0.24785233644971805,0.2961384272004363,291,0.0,0.36596454621776786,0.6647184942768979,773,272.36908170103794,0.7144978179234402,526.25,420.6133800461398,0.5814365399889738,592,bior,0.672619891330026,0.76736776154697,0.2989557476048908,5,445.25,7.970009096513724e-14,0.0001547883299646835,7.263204121216436e-27,0.9629151478763581,0.6683396108214782,0.002581399855352399,0.4683198380566802,0.004689861196186035,0.9999999997237423,0.9919828214562016,0.9855281704452442,0.9855281704452442,0.9855281704451322,,1.2251610931599486e-12,0.9999999999667607,3.0343893115853844e-13,,,,,1.0,,7.374542113937972e-14,1.0,0.5,5.695370495225942e-13,5.695370495225942e-13,0.0,2.2345701998219556,0.6375734627749777,280,1.502459910153887,0.69456491004118,1577,917.1174951989522,0.5193304532500251,928.5,475.5627355950458,0.5163476165621195,1439,0.5943810304597339,0.7715092316736338,0.3524805091760961,5,1080.5,,,,,,,,,,,,,5.351365399879227e-19,0.036413600438416446,7.263204121216436e-27,0.9731001250955982,0.20660771200637565,0.0018650679918836665,0.3542926428192293,0.9999999999999999,0.004689861196186035,0.9999999999999541,0.0008499884728391221,0.000798221022740124,0.000798221022740124,0.0007982210227337853,,0.0,9.572760819061336e-19,0.02016391057304983,2.821651517786773e-18,,,,,0.4782608695652174,,2.3332883504384434e-21,1.0,0.8604651162790697,1.908388337924638e-18,1.908388337924638e-18,0.9302325581395349,0.5744527218307418,0.17892707859001003,537,1.6426135467941612,0.7973398994743341,1525,698.6214998123089,0.673541355227893,1031.0,794.3016488845782,0.5958828271466567,1101,1104.4,1082.5,563.6960149978129,300,0.520820561188399,0.7876173146100969,0.3991404127850916,6,827.25
sym11,1.0,periodization,5.151965293071261e-24,290.12766945569166,4960274.437635558,0.529126213592233,94.6688655267025,206,smoothed,1.822098210061345e-12,,6.196527274134331,31688.237398435595,0.9842580634307484,0.0001496656645131954,0.9999999999999996,362.4000000000003,,,,[],[],11,426.60000000000633,32.200000000002035,728.4000000000116,"[9, 31, 53, 64, 80, 102, 131, 148, 158, 175, 192]","[311.0000000000075, 417.8000000000057, 589.600000000008, 432.2000000000101, 728.4000000000116, 371.0000000000075, 587.0000000000023, 32.200000000002035, 448.20000000000414, 368.00000000000546, 407.20000000000556]","[0, 0, 0, 60, 0, 94, 120, 144, 144, 165, 186]","[20, 40, 75, 75, 203, 120, 203, 149, 203, 186, 203]",30736475.84000013,728.400000000008,-728.400000000008,0.0,,,,DWT,mdp.39015067403892,1.341104507446289e-07,,0.0,33.0,11.0,0.0,33.0,,8.071765478234738e-12,168.4000000000064,987.7999999999292,168.40000000000634,,0.0,168.4000000000064,,,28.000000000002046,0.0,15.0,1.1596057447604835e-11,8.071765478234738e-12,,3.410605131648481e-13,3.9540576212443274e-12,1.507295195025933e-23,0.8670892344070189,0.08970612409662931,0.061626602146438454,0.11027684467067218,0.026847626163015375,,0.9999996664940245,4.4125442426153466e-09,4.4125442426153466e-09,3.685292130729458e-09,,3.675483279479846e-12,0.9999999955874505,7.737692744542729e-12,,,,,,2.860810456495275e-12,1.0,0.0,1.2408681074696689e-11,1.2408681074696689e-11,0.899999901507147,0.3383296776419109,318,0.6507696921004065,0.33037485932798855,872,0,0.24999997288591222,0.3557007790000637,318,0.0,0.16507806164110406,0.291242378672751,885,323.64834311332413,0.6607459715793248,598.25,466.96019248717744,0.5168247677603123,846,sym,1.0,1.0,0.0,7,636.25,2.2839048552635097e-12,0.9999999999704627,3.645074906822945e-24,0.8567140737062782,0.7443740756557219,0.00016143781977344244,0.09049565661727149,0.0002614934985441181,,2.0315811959603636e-05,4.7525205992826614e-11,4.7525205992826614e-11,3.969236050949121e-11,,3.675483279479846e-12,0.003126132840327589,7.737692744542729e-12,,,,,0.0,,1.327417580508835e-12,1.0,0.0,1.0109282629026048e-11,1.0109282629026048e-11,1.0,0.30156916121458854,0.08604450842361117,1308,1.2225990609996649,0.5651893944595754,1709,283.5498192558056,0.8513889836185505,1508.5,1481.850845210474,0.530385267490617,1332,0.7763846615972358,0.5622554397616224,0.28785410495344815,6,1000.5,,,,,,,,,,,,,1.5335000589170625e-17,0.9999999999715339,3.645074906822945e-24,0.8960660951266064,0.23011268845648236,0.0012991790451125365,0.06846164253822229,0.9999999999999997,0.00026149349854411854,,9.960751159773166e-05,3.849264657018736e-14,3.849264657018736e-14,3.214843755788843e-14,,0.0,2.871828245718401e-18,0.00456704015061814,7.195211370356272e-17,,,,,0.13043478260869565,,4.199919030789198e-20,1.0,0.7209302325581395,3.387389299816232e-17,3.387389299816232e-17,1.0,0.4265803386281134,0.1328686780896734,1658,1.380834845232928,0.6702700819906535,1718,42.42640687119285,0.9801745762284145,1688.0,1687.46682464455,0.5956947647497213,1102,1409.1368421052632,1454.5,398.32527672708756,380,0.6645304607900322,0.5565550872278735,0.3678621512786154,7,828.25
bior3.1,1.0,constant,1.1389972009455449e-26,318.9065659004091,7112899.379872003,0.5961538461538461,214.12681794103057,206,raw,7.761644617204686e-14,-1.9152857078097722e-10,5.976241496932989,86426.7646715514,0.8970534286208767,5.618943883690067e-06,0.9999999999999999,326.9999999999999,,,,[],[],13,661.153846153846,87.0,939.9999999999995,"[8, 32, 51, 63, 81, 100, 111, 133, 152, 162, 175, 192, 204]","[877.9999999999999, 637.9999999999998, 786.9999999999999, 792.0, 939.9999999999995, 787.9999999999999, 636.9999999999998, 674.9999999999999, 770.9999999999998, 196.0, 833.9999999999998, 571.9999999999999, 87.0]","[0, 13, 42, 42, 76, 99, 107, 107, 107, 161, 99, 187, 203]","[76, 42, 61, 76, 205, 164, 119, 142, 164, 164, 205, 205, 205]",37754612.99999999,940.9999999999995,-940.9999999999995,0.0,,,,DWT,mdp.39015067403892,7.450580596923828e-09,,0.0,33.0,19.0,0.0,28.5,,4.547473508864641e-13,256.34134615384596,4359.000000000002,256.34134615384596,,0.0,256.34134615384596,,,84.0,0.0,24.0,4.547473508864641e-13,4.547473508864641e-13,,1.1368683772161603e-13,7.972188181644164e-14,7.263420917415197e-27,0.9629147168104218,0.6682763901922318,0.0015495827384832963,0.29258241758241743,0.0023225984217978193,0.9999999997237425,0.4742280246116003,6.695790689632508e-09,6.695790689632508e-09,6.081824269901822e-09,,5.718550876340534e-12,0.9999999933041348,5.445185492623215e-13,,,,,,7.374542113937972e-14,1.0,0.5,5.695370495225942e-13,5.695370495225942e-13,0.7922684098809654,0.25901821375031947,287,1.4306238228428176,0.6871334669255929,752,0,0.24785233644971805,0.2961384272004363,287,0.0,0.36595571318364684,0.6647024504245589,774,274.9654523753848,0.711776255371714,525.0,417.082967033653,0.5807308949814545,593,bior,0.672619891330026,0.76736776154697,0.2989557476048908,5,446.0,7.972188181644162e-14,0.0001547883299646835,7.263420917415197e-27,0.9629147168104217,0.668276390192232,0.0025814607281394765,0.4683198380566802,0.004682804416452642,0.9999999997237424,0.9919828214562016,0.9855281704452442,0.9855281704452442,0.9855281704451322,,1.2251610931599486e-12,0.9999999999667607,3.0343893115853844e-13,,,,,1.0,,7.374542113937972e-14,1.0,0.5,5.695370495225942e-13,5.695370495225942e-13,0.0,2.2345701998219556,0.6375734627749777,277,1.5024252489242023,0.6945488866692983,1578,919.9459223236984,0.5178480490965942,927.5,471.2733153638814,0.5158684689927415,1442,0.5943810304597339,0.7715092316736338,0.3524805091760961,5,1082.75,,,,,,,,,,,,,5.352828520012367e-19,0.036413600438416446,7.263420917415197e-27,0.9730998124175342,0.20658816824546627,0.001865082226502582,0.3542926428192293,0.9999999999999999,0.004682804416452642,0.9999999999999541,0.0008499884728391221,0.000798221022740124,0.000798221022740124,0.0007982210227337853,,0.0,9.572760819061336e-19,0.02016391057304983,2.821651517786773e-18,,,,,0.4782608695652174,,2.3332883504384434e-21,1.0,0.8604651162790697,1.908388337924638e-18,1.908388337924638e-18,0.9302325581395349,0.5744527218307418,0.17892707859001003,538,1.6426007717122841,0.797333698330724,1526,698.6214998123089,0.673541355227893,1032.0,795.5310077519381,0.5956491822868437,1103,1104.4,1082.5,563.6960149978129,300,0.520820561188399,0.7876173146100969,0.3991404127850916,6,828.75
bior3.1,1.0,antisymmetric,1.1401414322003023e-26,318.90220518838845,7113113.559384427,0.5961538461538461,214.12681794103057,206,raw,7.772854636094106e-14,-1.9150836472192905e-10,5.97591716361247,85921.29045366816,0.8961379726145209,5.618943883690067e-06,0.9999999999999999,326.9999999999999,,,,[],[],13,661.153846153846,86.99999999999997,939.9999999999995,"[8, 32, 51, 63, 81, 100, 111, 133, 152, 162, 175, 192, 204]","[877.9999999999999, 637.9999999999998, 786.9999999999999, 792.0, 939.9999999999995, 787.9999999999999, 636.9999999999998, 674.9999999999999, 770.9999999999998, 196.0, 833.9999999999998, 571.9999999999999, 86.99999999999997]","[0, 13, 42, 42, 76, 99, 107, 107, 107, 161, 99, 187, 203]","[76, 42, 61, 76, 205, 164, 119, 142, 164, 164, 205, 205, 205]",37754612.99999999,940.9999999999995,-940.9999999999995,0.0,,,,DWT,mdp.39015067403892,7.450580596923828e-09,,0.0,33.0,19.0,0.0,28.5,,4.547473508864641e-13,256.34134615384596,4359.000000000002,256.34134615384596,,0.0,256.34134615384596,,,83.99999999999997,0.0,24.0,4.547473508864641e-13,4.547473508864641e-13,,1.1368683772161603e-13,7.986352234992013e-14,7.27151825543889e-27,0.9628986247958489,0.6681643493000611,0.0015498237723684577,0.29258241758241743,0.002281673714221254,0.9999999997237429,0.47422802461156727,6.695790689632508e-09,6.695790689632508e-09,6.081824269901822e-09,,5.718550876340534e-12,0.9999999933041348,5.445185492623215e-13,,,,,,7.374542113937972e-14,1.0,0.5,5.695370495225942e-13,5.695370495225942e-13,0.7922684098809555,0.25901821375031625,293,1.4305418978219007,0.6870941180606069,753,0,0.24785233644971527,0.296138427200433,294,0.0,0.3659346111110925,0.6646641217448017,775,271.7920467318105,0.7151026763817501,528.75,424.0579230950509,0.5804286966814411,595,bior,0.672619891330026,0.76736776154697,0.2989557476048908,5,447.5,7.986352234992013e-14,0.0001547883299646835,7.27151825543889e-27,0.9628986247958488,0.6681643493000612,0.00258170151292107,0.4683198380566802,0.004641976524479998,0.9999999997237428,0.9919828214562011,0.9855281704452442,0.9855281704452442,0.9855281704451322,,1.2251610931599486e-12,0.9999999999667607,3.0343893115853844e-13,,,,,1.0,,7.374542113937972e-14,1.0,0.5,5.695370495225942e-13,5.695370495225942e-13,0.0,2.234570199821955,0.6375734627749776,282,1.502343362504975,0.6945110317934244,1579,917.1174951989522,0.5193304532500251,930.5,478.5362708221387,0.5158235075474444,1443,0.5943810304597339,0.7715092316736338,0.3524805091760961,5,1083.5,,,,,,,,,,,,,5.362338800877778e-19,0.036413600438416446,7.27151825543889e-27,0.9730881399109935,0.20655353239266366,0.0018651385321158318,0.3542926428192293,0.9999999999999999,0.0046419765244799975,0.9999999999999541,0.0008499884728391218,0.000798221022740124,0.000798221022740124,0.0007982210227337853,,0.0,9.572760819061336e-19,0.02016391057304983,2.821651517786773e-18,,,,,0.4782608695652174,,2.3332883504384434e-21,1.0,0.8604651162790697,1.908388337924638e-18,1.908388337924638e-18,0.9302325581395349,0.5744527218307418,0.17892707859001003,541,1.642560147277976,0.7973139788523168,1527,697.2072862499358,0.6742022026869459,1034.0,798.9429400386848,0.595512316296744,1104,1104.4,1082.5,563.6960149978129,300,0.520820561188399,0.7876173146100969,0.3991404127850916,6,829.5
coif9,1.0,periodization,2.37315203307159e-26,313.4941431259436,4961605.804360313,0.5242718446601942,91.98342031001458,206,smoothed,1.0389357352021624e-13,-2.0178889670319274e-10,6.19486453619279,31688.237398435293,0.9827192815937614,0.00014966566451320284,1.0,362.39999999999986,,,,[],[],11,426.59999999999997,32.1999999999999,728.3999999999997,"[9, 31, 53, 64, 80, 102, 131, 148, 158, 175, 192]","[310.9999999999999, 417.80000000000047, 589.5999999999996, 432.20000000000005, 728.3999999999997, 371.0000000000001, 587.0000000000002, 32.1999999999999, 448.2000000000004, 367.9999999999997, 407.2000000000002]","[0, 0, 0, 60, 0, 94, 120, 144, 144, 165, 186]","[20, 40, 75, 75, 203, 120, 203, 149, 203, 186, 203]",30736475.83999999,728.3999999999997,-728.3999999999997,0.0,,,,DWT,mdp.39015067403892,7.450580596923828e-09,,0.0,33.0,11.0,0.0,33.0,,2.2737367544323206e-13,168.40000000000003,987.7999999999993,168.40000000000003,,0.0,168.40000000000003,,,27.999999999999915,0.0,15.0,2.2737367544323206e-13,2.2737367544323206e-13,,1.1368683772161603e-13,1.7940270776188724e-13,6.466477053906097e-26,0.9558681156640167,0.08730778413611592,0.06219796466421025,0.07693226515562712,0.026847626163012877,,0.9999996646354313,4.4059199552998455e-09,4.4059199552998455e-09,3.6787269888316428e-09,,1.2251610931599486e-12,0.9999999955940747,1.5171946557926922e-13,,,,,,1.5893391424973748e-13,1.0,0.0,3.4954031196328703e-13,3.4954031196328703e-13,0.8999999009357444,0.3383296774271081,620,0.689785700326083,0.35018203287274047,821,0,0.24999997272685895,0.35570077877376216,620,0.0,0.17273625082616606,0.30475349706371246,857,127.29100518104175,0.8665712733951344,729.5,712.9242337452004,0.5509481104921164,743,coif,0.5556920286951962,0.9053407607371553,0.33941335169221604,4,558.25,1.1292348809910308e-13,0.9999999999705145,1.599711771843122e-26,0.9429416514601255,0.7437996831075913,0.00016293456818981876,0.06313234542667362,0.0002614934985440938,0.9999999997235878,2.0315811921800542e-05,4.745387416349445e-11,4.745387416349445e-11,3.962169481397382e-11,,1.2251610931599486e-12,0.0031261328403482946,1.5171946557926922e-13,,,,,0.0,,7.374542113937972e-14,1.0,0.0,2.847685247612971e-13,2.847685247612971e-13,1.0,0.30156916120494875,0.08604450842086071,1352,1.6631038351646765,0.7688282115573934,1031,226.98127676088177,0.8810370666871689,1191.5,1169.8799832144357,0.6282805878509219,755,0.4784248188775415,0.776734912893196,0.43208215291776214,2,566.75,,,,,,,,,,,,,7.582109878789813e-19,0.9999999999715838,1.599711771843122e-26,0.9586121461976682,0.2299351231465093,0.0012995290478697995,0.04776079015018275,1.0,0.0002614934985440938,0.9999999999999541,9.960751159770315e-05,3.8434858594393884e-14,3.8434858594393884e-14,3.20911916831812e-14,,0.0,9.572760819061336e-19,0.004567040150618464,1.4108257588933865e-18,,,,,0.13043478260869565,,2.3332883504384434e-21,1.0,0.7209302325581395,9.54194168962319e-19,9.54194168962319e-19,1.0,0.42658033862811345,0.13286867808967343,1570,1.809993527266738,0.8785876993993303,790,551.5432893255071,0.7422694909693892,1180.0,1051.1016949152543,0.5954338109052554,1105,986.6382352941176,846.0,585.0035688138154,340,0.4652856568234462,0.8173890317607586,0.42908333069536003,4,829.75
sym13,1.0,periodic,4.333019127569659e-22,273.1038864067737,6532207.063077841,0.6173913043478261,278.18352806509125,206,raw,1.645691134606891e-11,-1.8605872398571357e-10,6.481723220388555,62661.101165483844,0.7496941472279337,5.618943883691015e-06,1.0,327.00000000002217,,,,[],[],13,661.153846153791,86.99999999999159,939.9999999999184,"[8, 32, 51, 63, 81, 100, 111, 133, 152, 162, 175, 192, 204]","[877.9999999999383, 637.9999999999357, 786.9999999999309, 791.9999999999286, 939.9999999999184, 787.9999999999344, 636.9999999999446, 674.9999999999707, 770.9999999999382, 195.99999999997192, 833.9999999999245, 571.9999999999559, 86.99999999999159]","[0, 13, 39, 39, 76, 99, 107, 107, 107, 161, 99, 187, 203]","[76, 39, 61, 76, 205, 164, 119, 142, 164, 164, 205, 205, 205]",37754612.99999812,940.9999999999479,-940.9999999999479,0.0,,,,DWT,mdp.39015067403892,1.8775463104248047e-06,,0.0,33.0,19.0,0.0,28.5,,5.206857167650014e-11,256.34134615379105,4359.000000000717,256.3413461537961,,0.0,256.34134615379105,,,83.99999999999159,0.0,19.5,8.162714948412031e-11,5.206857167650014e-11,,2.2168933355715126e-11,2.0775245149958843e-11,3.066323281414068e-22,0.79389246026,0.842894968330876,0.000896081740111321,0.45186335403726696,0.00039845907909937987,0.9999999997238249,0.47422802460182734,6.653269068965212e-09,6.653269068965212e-09,6.043220272647042e-09,,1.1151174208864043e-09,0.9999999933467174,9.77410795925867e-11,,,,,,1.8583846127123688e-11,1.0,0.0,6.521199217033705e-11,6.521199217033705e-11,0.7422684105006403,0.24267159388577797,697,1.479135726333803,0.7104338984580985,661,0,0.2061856698883474,0.24635434495648073,697,0.0,0.3862431653989942,0.7015514972206813,639,28.583211855912904,0.9700385619958984,673.5,672.5803303294728,0.6320318596143014,456,sym,0.8243425715244881,0.7368036147090654,0.2019191155201387,6,343.5,2.0775245149958843e-11,0.00015478832997128933,3.066323281414068e-22,0.79389246026,0.842894968330876,0.001928635109620902,0.5880320366132723,0.0027632170112883237,0.9999999997238248,0.9919828214560527,0.9855281704446288,0.9855281704446288,0.9855281704445735,,2.3890641316619e-10,0.9999999999669721,5.446728814295765e-11,,,,,1.0,,1.8583846127123688e-11,1.0,0.25,6.521199217033705e-11,6.521199217033705e-11,0.0,2.209570200002515,0.6304403968925434,699,1.5351118157208266,0.709659401214959,1494,562.1498910433053,0.7053721745056052,1096.5,952.3994528043776,0.5653433199572051,1061,0.7763846615972358,0.5622554397616224,0.28785410495344815,6,797.25,,,,,,,,,,,,,1.3949284966077332e-16,0.03641360043842279,3.066323281414068e-22,0.8504977984710494,0.26056902516144,0.0017124241284591946,0.4448571411764014,1.0,0.0027632170112883237,0.9999999999999541,0.0008499884728390094,0.0007982210227396256,0.0007982210227396256,0.0007982210227333328,,0.0,1.8666883597169608e-16,0.020163910573053136,5.064864474427258e-16,,,,,0.4782608695652174,,5.879886643104878e-19,1.0,0.7906976744186046,2.1851046469237103e-16,2.1851046469237103e-16,0.9302325581395349,0.5674759776446969,0.17675400427451107,712,1.6314116271341639,0.7919023834420004,1557,597.5052301026327,0.7207919485501717,1134.5,977.1564565888057,0.595325880817142,1106,1409.1368421052632,1454.5,398.32527672708756,380,0.6645304607900322,0.5565550872278735,0.3678621512786154,7,831.25
db7,1.0,periodization,5.856621158927319e-27,319.57092742058103,4961768.348774646,0.5242718446601942,95.81053379613294,206,smoothed,5.3387281506027504e-14,-1.993592180227215e-10,6.194661596321935,31688.23739843528,0.9823350416584462,0.0001496656645132027,0.9999999999999997,362.4,,,,[],[],11,426.59999999999997,32.19999999999999,728.3999999999997,"[9, 31, 53, 64, 80, 102, 131, 148, 158, 175, 192]","[310.9999999999999, 417.80000000000007, 589.6000000000001, 432.1999999999999, 728.3999999999997, 371.0000000000001, 587.0, 32.19999999999999, 448.20000000000016, 367.9999999999999, 407.20000000000016]","[1, 1, 1, 60, 1, 94, 120, 144, 144, 165, 186]","[20, 40, 75, 75, 204, 120, 204, 149, 204, 186, 204]",30736475.83999999,728.3999999999997,-728.3999999999997,0.0,,,,DWT,mdp.39015067403892,7.450580596923828e-09,,0.0,15.0,11.0,0.0,33.0,,2.2737367544323206e-13,168.40000000000003,987.7999999999993,168.40000000000003,,0.0,168.40000000000003,,,28.0,0.0,33.0,2.2737367544323206e-13,2.2737367544323206e-13,,0.0,6.844745874282022e-14,1.2352096825791112e-26,0.9789563282429151,0.087015062842103,0.06226772139171156,0.07693226515562712,0.026847626163012783,,0.999999664709775,4.4059199552998455e-09,4.4059199552998455e-09,3.6787269888316428e-09,,0.0,0.9999999955940747,1.5171946557926922e-13,,,,,,1.5893391424973748e-13,0.0,1.0,3.4954031196328703e-13,3.4954031196328703e-13,0.8999999009574351,0.33832967743526215,540,0.7035271455901327,0.35715812303364064,793,0,0.24999997273295216,0.3557007787824316,539,0.0,0.17600271482791974,0.3105164236225907,837,160.0715985634762,0.8322100643988719,677.25,649.0433442305807,0.5611522020107567,709,db,0.573477938514061,0.8443824841957417,0.34525069778143475,3,532.5,4.9107911912498156e-14,0.9999999999705136,3.3476554588052876e-27,0.9653663612239399,0.7437295775626191,0.00016311730378792272,0.06313234542667362,0.0002614934985440925,0.9999999997236244,2.0315811923354854e-05,4.745387416349445e-11,4.745387416349445e-11,3.962169481397382e-11,,0.0,0.0031261328403482946,1.5171946557926922e-13,,,,,0.0,,7.374542113937972e-14,0.0,1.0,2.847685247612971e-13,2.847685247612971e-13,1.0,0.30156916120433663,0.08604450842068606,1508,1.676523699618273,0.7750320156549168,947,396.6869042456532,0.7920928174813139,1227.5,1163.402036659878,0.5743745009838435,1013,0.49117026184683504,0.8233619396015222,0.4091722348267588,4,760.75,,,,,,,,,,,,,3.2972908498161215e-19,0.999999999971583,3.3476554588052876e-27,0.9748781376435277,0.2299134510115481,0.0012995717791414593,0.04776079015018275,0.9999999999999997,0.00026149349854409296,0.9999999999999541,9.960751159770423e-05,3.8434858594393884e-14,3.8434858594393884e-14,3.20911916831812e-14,,0.0,0.0,0.004567040150618464,1.4108257588933865e-18,,,,,0.13043478260869565,,2.3332883504384434e-21,0.7209302325581395,1.0,9.54194168962319e-19,9.54194168962319e-19,1.0,0.42658033862811345,0.13286867808967343,1556,1.8197423074324084,0.8833198480002374,705,601.7478707897519,0.7188094061730131,1130.5,970.3494029190623,0.595269189067815,1107,1009.0473684210526,935.5,610.6543869996938,760,0.4758535102197843,0.8532293215616218,0.41093374637766444,5,831.5
sym10,1.0,reflect,3.3480883347765306e-24,291.9994296650163,5247785.266453635,0.5223214285714286,92.42400940779535,206,smoothed,1.4388802986207214e-12,,6.327120623221876,31637.795193648548,0.9804562202791355,0.00014966566451319642,1.0,362.4000000000002,,,,[],[],11,426.6000000000051,32.20000000000192,728.4000000000104,"[9, 31, 53, 64, 80, 102, 131, 148, 158, 175, 192]","[311.00000000000597, 417.8000000000044, 589.600000000006, 432.2000000000079, 728.4000000000104, 371.0000000000058, 587.0000000000014, 32.20000000000192, 448.2000000000031, 368.00000000000443, 407.2000000000046]","[0, 0, 0, 60, 0, 94, 120, 144, 144, 165, 186]","[20, 40, 75, 75, 203, 120, 203, 149, 203, 186, 203]",30736475.840000097,728.4000000000066,-728.4000000000066,0.0,,,,DWT,mdp.39015067403892,1.0058283805847168e-07,,0.0,33.0,11.0,0.0,33.0,,6.59383658785373e-12,168.40000000000515,987.7999999999429,168.4000000000051,,0.0,168.40000000000515,,,28.000000000001933,0.0,15.0,1.0459189070388675e-11,6.59383658785373e-12,,2.2737367544323206e-13,3.112181548050991e-12,9.793726270089208e-24,0.8742008242733479,0.2780745012587032,0.1850132753940412,0.06353488945761823,0.026429317358805687,,0.9999996663948996,4.41124304332123e-09,4.41124304332123e-09,3.6839909314343953e-09,,2.4503221863198973e-12,0.9999999955887409,6.979095416646384e-12,,,,,,2.1456078423714562e-12,1.0,0.0,1.0136669046935325e-11,1.0136669046935325e-11,0.8999999014746257,0.3383296776296854,319,0.7920500656178842,0.40209836472971344,541,0,0.24999997287683043,0.3557007789871421,319,0.0,0.20389325824937554,0.3597228907193539,554,132.0312463017751,0.861602467188915,433.25,403.10083448135566,0.7037310029864909,326,sym,1.0,1.0,0.0,7,246.25,1.7997023757637178e-12,0.9999999999704698,2.3685321254812144e-24,0.8636212926244486,0.7894875265954278,0.0004846630962678124,0.05213815789473725,0.00025741920787795535,,2.0315811957549723e-05,4.7511217182716337e-11,4.7511217182716337e-11,3.967837169938093e-11,,2.4503221863198973e-12,0.0031261328403316413,6.979095416646384e-12,,,,,0.0,,9.955631853816263e-13,1.0,0.0,8.258287218077616e-12,8.258287218077616e-12,1.0,0.3015691612126791,0.08604450842306637,1310,1.234117101253244,0.5705140134650558,1701,276.4787514439401,0.8550949940021279,1505.5,1480.112919295915,0.5330244362044183,1318,0.7763846615972358,0.5622554397616224,0.28785410495344815,6,990.0,,,,,,,,,,,,,1.208388209739331e-17,0.9999999999715409,2.3685321254812144e-24,0.9010763166644092,0.24405887199617712,0.0013747627148544654,0.039443483387131384,1.0,0.00025741920787795535,,9.960751159773015e-05,3.848137086759351e-14,3.848137086759351e-14,3.2137053435077334e-14,,0.0,1.9145521638122673e-18,0.004567040150618203,6.48979849090958e-17,,,,,0.13043478260869565,,3.1499392730918986e-20,1.0,0.7209302325581395,2.7671630899907247e-17,2.7671630899907247e-17,1.0,0.4265803386281134,0.1328686780896734,1660,1.3792429683836274,0.6694973701562271,1720,42.42640687119285,0.9801745762284145,1690.0,1689.467455621302,0.5952274750300951,1108,1409.1368421052632,1454.5,398.32527672708756,380,0.6645304607900322,0.5565550872278735,0.3678621512786154,7,832.75
db21,1.0,zero,1.1626798775584033e-26,316.59279718027614,4962543.49411277,0.5650406504065041,56.829519526707095,206,smoothed,7.258918385471508e-14,-2.0141370793425088e-10,6.1936939951183705,42537.198027629056,0.9896313480216572,0.0001496656645132027,1.0,362.4000000000001,,,,[],[],11,426.59999999999997,32.20000000000002,728.3999999999999,"[9, 31, 53, 64, 80, 102, 131, 148, 158, 175, 192]","[310.9999999999999, 417.80000000000007, 589.6, 432.19999999999993, 728.3999999999999, 371.00000000000034, 586.9999999999999, 32.20000000000002, 448.1999999999999, 367.9999999999998, 407.19999999999953]","[1, 1, 1, 60, 1, 94, 120, 144, 144, 165, 186]","[20, 40, 75, 75, 205, 120, 205, 149, 205, 186, 205]",30736475.839999996,728.3999999999999,-728.3999999999999,0.0,,,,DWT,mdp.39015067403892,0.0,,0.0,15.0,11.0,0.0,33.0,,1.1368683772161603e-13,168.40000000000003,987.7999999999993,168.39999999999995,,0.0,168.40000000000003,,,28.00000000000003,0.0,33.0,1.1368683772161603e-13,1.1368683772161603e-13,,1.1368683772161603e-13,1.1063134854688466e-13,2.9239096636351275e-26,0.9676411818197512,0.08561939093592255,0.06260037879090463,0.3569725142535263,0.11681624999448845,,0.9999996647345563,4.4059199552998455e-09,4.4059199552998455e-09,3.6786382706978885e-09,,1.2251610931599486e-12,0.9999999955940747,7.585973278963461e-14,,,,,,0.0,0.0,1.0,1.7477015598164352e-13,1.7477015598164352e-13,0.899999900965268,0.3383296774382067,457,0.8442100996545034,0.4285783377778935,352,0,0.2499999727350633,0.3557007787854353,457,0.0,0.22709281654210056,0.40065319044640124,335,65.8957510011078,0.9309268857430736,400.25,392.066482478142,0.7556888097478471,216,db,0.573477938514061,0.8443824841957417,0.34525069778143475,3,162.75,7.3369848661214e-14,0.9999999999705136,7.431015218866747e-27,0.9543763864215414,0.7433953198861663,0.00016398873728233512,0.29293966623876794,0.001137779918134567,0.9999999997235934,2.0315811923854454e-05,4.745387416349445e-11,4.745387416349445e-11,3.9620695613251655e-11,,1.2251610931599486e-12,0.0031261328403482946,7.585973278963461e-14,,,,,0.0,,0.0,0.0,1.0,1.4238426238064856e-13,1.4238426238064856e-13,1.0,0.3015691612048173,0.08604450842082322,1414,1.7620364645080235,0.8145632972895387,154,890.9545442950499,0.533042691669261,784.0,277.75,0.5610706120820099,1089,0.49117026184683504,0.8233619396015222,0.4091722348267588,4,817.75,,,,,,,,,,,,,4.926329001202035e-19,0.999999999971583,7.431015218866747e-27,0.9669064475744557,0.22981011999145845,0.0012997755569590795,0.2216142902871326,1.0,0.001137779918134567,0.9999999999999541,9.960751159770467e-05,3.8434858594393884e-14,3.8434858594393884e-14,3.209043274166046e-14,,0.0,9.572760819061336e-19,0.004567040150618464,7.054128794466933e-19,,,,,0.13043478260869565,,0.0,0.7209302325581395,1.0,4.770970844811595e-19,4.770970844811595e-19,1.0,0.42658033862811345,0.13286867808967343,1447,1.8847996443924453,0.914899284693075,68,975.1002512562491,0.5443456769830612,757.5,129.8957095709571,0.5951868571831194,1109,1009.0473684210526,935.5,610.6543869996938,760,0.4758535102197843,0.8532293215616218,0.41093374637766444,5,833.0
coif6,1.0,symmetric,1.1462286812048621e-26,316.6546860296894,5484957.433049418,0.525,90.73775757391891,206,smoothed,7.450351015736972e-14,-2.1224866308955422e-10,6.433525639487732,30858.890510201007,0.982011088254445,0.00014966566451320265,0.9999999999999999,362.4000000000001,,,,[],[],11,426.60000000000014,32.20000000000002,728.4,"[9, 31, 53, 64, 80, 102, 131, 148, 158, 175, 192]","[311.00000000000017, 417.79999999999995, 589.6000000000001, 432.20000000000005, 728.4, 371.0000000000001, 587.0000000000001, 32.20000000000002, 448.2000000000001, 368.0000000000001, 407.2]","[0, 0, 0, 60, 0, 94, 120, 144, 144, 165, 186]","[20, 40, 75, 75, 203, 120, 203, 149, 203, 186, 203]",30736475.840000004,728.4,-728.4,0.0,,,,DWT,mdp.39015067403892,7.450580596923828e-09,,0.0,33.0,11.0,0.0,33.0,,0.0,168.4000000000002,987.7999999999975,168.4000000000001,,0.0,168.4000000000002,,,28.00000000000003,0.0,15.0,0.0,0.0,,1.1368683772161603e-13,1.148368552895916e-13,2.8757635980956917e-26,0.9678763231119604,0.4315535289116892,0.2867968664451339,0.0819339520828841,0.019969990529183475,,0.9999996647345563,4.406097391567225e-09,4.406097391567225e-09,3.6787861342541454e-09,,1.2251610931599486e-12,0.9999999955939026,0.0,,,,,,1.5893391424973748e-13,1.0,0.0,0.0,0.0,0.8999999009653045,0.3383296774382204,455,0.9806625685904491,0.4978508711747229,217,0,0.24999997273506863,0.35570077878544293,454,0.0,0.2554472372972809,0.45067806270701977,228,134.02114261065927,0.8595166220014054,338.5,298.6254595724998,0.7523474095331975,225,coif,0.5556920286951962,0.9053407607371553,0.33941335169221604,4,169.75,7.578863315600051e-14,0.9999999999705131,7.314595660132535e-27,0.9546047702868259,0.8262451219445627,0.0007512966677399933,0.06723684210526354,0.00019450593723488365,0.9999999997234301,2.0315811923854454e-05,4.745570603148508e-11,4.745570603148508e-11,3.962224992548613e-11,,1.2251610931599486e-12,0.003126132840347795,0.0,,,,,0.0,,7.374542113937972e-14,1.0,0.0,0.0,0.0,1.0,0.3015691612047606,0.08604450842080703,1425,1.713233610575795,0.7920024624731746,607,578.4133470105959,0.6968483506233774,1016.0,851.353346456693,0.5821767958567621,968,0.4784248188775415,0.776734912893196,0.43208215291776214,2,726.5,,,,,,,,,,,,,5.088735335980584e-19,0.9999999999715825,7.314595660132535e-27,0.9670721081354268,0.2554219612863756,0.0014371128627972283,0.050865918008388855,0.9999999999999999,0.00019450593723488365,0.9999999999999541,9.960751159770467e-05,3.843648489765261e-14,3.843648489765261e-14,3.209173378426744e-14,,0.0,9.572760819061336e-19,0.004567040150618456,0.0,,,,,0.13043478260869565,,2.3332883504384434e-21,1.0,0.7209302325581395,0.0,0.0,1.0,0.42658033862811345,0.13286867808967343,1537,1.829096971525548,0.8878606889924461,591,668.9230150024739,0.6874191518680028,1064.0,853.7283834586467,0.5951114450928799,1110,986.6382352941176,846.0,585.0035688138154,340,0.4652856568234462,0.8173890317607586,0.42908333069536003,4,833.5
bior2.6,1.0,zero,4.238220313471676e-27,320.97556345552414,5062413.754018753,0.5412844036697247,73.2277024880342,206,smoothed,4.352936565675954e-14,-2.1161330465702173e-10,6.162640621912916,38173.05798980229,0.9897455626165076,0.00014966566451320268,0.9999999999999999,362.4,,,,[],[],11,426.6,32.19999999999999,728.4000000000001,"[9, 31, 53, 64, 80, 102, 131, 148, 158, 175, 192]","[311.0000000000001, 417.8000000000001, 589.6, 432.19999999999993, 728.4000000000001, 371.0000000000001, 587.0000000000001, 32.19999999999999, 448.1999999999999, 368.0000000000001, 407.2]","[1, 1, 1, 60, 1, 94, 120, 144, 144, 165, 186]","[20, 40, 75, 75, 205, 120, 205, 149, 205, 186, 205]",30736475.84000001,728.4000000000001,-728.4000000000001,0.0,,,,DWT,mdp.39015067403892,1.4901161193847656e-08,,0.0,15.0,11.0,0.0,33.0,,1.1368683772161603e-13,168.4000000000001,987.7999999999984,168.40000000000006,,0.0,168.4000000000001,,,28.0,0.0,33.0,1.1368683772161603e-13,1.1368683772161603e-13,,0.0,4.6790998443631043e-14,7.61568547309257e-27,0.9842931204998603,0.04082787929317919,0.10546018750430036,0.19379125024505106,0.08062516341661262,,0.999999664709775,4.4059791007223055e-09,4.4059791007223055e-09,3.6787565615428943e-09,,0.0,0.9999999955939887,7.585973278963461e-14,,,,,,3.1786782849947497e-13,0.0,1.0,1.7477015598164352e-13,1.7477015598164352e-13,0.8999999009574081,0.338329677435252,544,0.7734864711633355,0.39267422439098804,589,0,0.24999997273293512,0.35570077878240736,547,0.0,0.2007139429941501,0.3541137181359277,584,23.790754506740637,0.9750621021941922,566.0,565.2503451516549,0.6908853487910165,348,bior,0.8100315533562081,0.7923003667562746,0.1952878026237719,6,262.5,3.6652264213328906e-14,0.9999999999705134,2.2023678564087358e-27,0.9705497861869077,0.7326679372253732,0.0002762648296451083,0.1590294543698697,0.0007852819435315525,0.9999999997234397,2.0315811923354854e-05,4.745454029730922e-11,4.745454029730922e-11,3.9622027880881205e-11,,0.0,0.0031261328403480726,7.585973278963461e-14,,,,,0.0,,1.4749084227875944e-13,0.0,1.0,1.4238426238064856e-13,1.4238426238064856e-13,1.0,0.301569161204279,0.08604450842066962,1531,1.7127278671455552,0.7917686647939457,608,652.6595590351834,0.6579352415958158,1069.5,870.3581112669472,0.5487003252004237,1203,0.5943810304597339,0.7715092316736338,0.3524805091760961,5,903.5,,,,,,,,,,,,,2.4609715768610122e-19,0.9999999999715827,2.2023678564087358e-27,0.9786379876926883,0.2264939017822173,0.0013260304315069553,0.12030873154679825,0.9999999999999999,0.0007852819435315525,0.9999999999999541,9.960751159770423e-05,3.8435400695480126e-14,3.8435400695480126e-14,3.2091408523615694e-14,,0.0,0.0,0.00456704015061846,7.054128794466933e-19,,,,,0.13043478260869565,,4.666576700876887e-21,0.7209302325581395,1.0,4.770970844811595e-19,4.770970844811595e-19,1.0,0.42658033862811345,0.13286867808967343,1482,1.8495303641100633,0.897779247877495,270,857.0134187980956,0.599526439813974,876.0,456.78082191780817,0.5950903227107254,1111,1104.4,1082.5,563.6960149978129,300,0.520820561188399,0.7876173146100969,0.3991404127850916,6,834.75
sym9,1.0,reflect,6.614466958165856e-26,309.04245022918735,5192035.181440944,0.536036036036036,98.42706030285264,206,smoothed,2.0409995161050743e-13,-1.8193475614936053e-10,6.305808313071382,31701.01097546085,0.9811019599647101,0.00014966566451320244,0.9999999999999997,362.3999999999999,,,,[],[],11,426.5999999999997,32.20000000000019,728.3999999999999,"[9, 31, 53, 64, 80, 102, 131, 148, 158, 175, 192]","[310.99999999999983, 417.79999999999984, 589.5999999999997, 432.199999999999, 728.3999999999999, 370.99999999999966, 586.9999999999995, 32.20000000000019, 448.1999999999995, 367.99999999999966, 407.19999999999976]","[0, 0, 0, 60, 0, 94, 120, 144, 144, 165, 186]","[20, 40, 75, 75, 203, 120, 203, 149, 203, 186, 203]",30736475.839999974,728.3999999999999,-728.3999999999999,0.0,,,,DWT,mdp.39015067403892,2.2351741790771484e-08,,0.0,33.0,11.0,0.0,33.0,,1.1368683772161603e-13,168.39999999999975,987.800000000002,168.3999999999997,,0.0,168.39999999999975,,,28.0000000000002,0.0,15.0,1.1368683772161603e-13,1.1368683772161603e-13,,5.684341886080802e-14,3.9954208428122347e-13,1.887910784188032e-25,0.9389542962896841,0.24733353853224702,0.16108785473679155,0.15774030019659205,0.02695355531011497,,0.9999996648832438,4.405624228187547e-09,4.405624228187547e-09,3.678372116296626e-09,,6.125805465799743e-13,0.9999999955943328,7.585973278963461e-14,,,,,,4.768017427492125e-13,1.0,0.0,1.7477015598164352e-13,1.7477015598164352e-13,0.8999999010096782,0.33832967745490145,321,0.8414608166111325,0.42718261512864886,362,0,0.24999997274739266,0.35570077880297757,321,0.0,0.21886707786654708,0.3861407611484543,412,43.22807729551092,0.9546875500047055,354.0,350.25824977777455,0.7918091838073842,163,sym,1.0,1.0,0.0,7,124.0,2.3953598528278555e-13,0.9999999999705116,4.6011470560679884e-26,0.926513896857171,0.7821251925630754,0.0004219877642920078,0.12944523470839261,0.00026252523904529614,0.999999999723887,2.0315811926907568e-05,4.7450710027874266e-11,4.7450710027874266e-11,3.961786454453886e-11,,6.125805465799743e-13,0.0031261328403491273,7.585973278963461e-14,,,,,0.0,,2.2123626341813917e-13,1.0,0.0,1.4238426238064856e-13,1.4238426238064856e-13,1.0,0.30156916120462024,0.08604450842076698,1448,1.6990650321377414,0.7854525390164947,741,499.9244942988891,0.7379850658810854,1094.5,980.3270899954318,0.5821738746596202,969,0.7763846615972358,0.5622554397616224,0.28785410495344815,6,728.25,,,,,,,,,,,,,1.6083351576461665e-18,0.9999999999715811,4.6011470560679884e-26,0.9466961072093942,0.24178291084585518,0.0013601065850975234,0.0979277207121883,0.9999999999999997,0.00026252523904529614,0.9999999999999543,9.960751159770694e-05,3.843236492939717e-14,3.843236492939717e-14,3.208804749688099e-14,,0.0,4.786380409530668e-19,0.0045670401506184765,7.054128794466933e-19,,,,,0.13043478260869565,,6.99986505131533e-21,1.0,0.7209302325581395,4.770970844811595e-19,4.770970844811595e-19,1.0,0.42658033862811345,0.13286867808967343,1538,1.8288652714130622,0.8877482196019688,596,666.0945878777278,0.6887408467861085,1067.0,859.0890346766636,0.5950713579724936,1112,1409.1368421052632,1454.5,398.32527672708756,380,0.6645304607900322,0.5565550872278735,0.3678621512786154,7,835.75
coif3,1.0,antireflect,5.95840140425522e-27,319.49610116927516,5236158.152916994,0.5225225225225225,93.28671180483202,206,smoothed,5.227533616336976e-14,-2.0918069498776555e-10,6.306735407417239,61975.24365913223,0.9906241340154454,0.00014966566451320263,0.9999999999999999,362.4,,,,[],[],11,426.6,32.19999999999996,728.4,"[9, 31, 53, 64, 80, 102, 131, 148, 158, 175, 192]","[311.00000000000006, 417.80000000000007, 589.6000000000001, 432.2, 728.4, 371.0, 587.0000000000002, 32.19999999999996, 448.20000000000005, 368.0, 407.19999999999993]","[0, 0, 0, 60, 0, 94, 120, 144, 144, 165, 186]","[20, 40, 75, 75, 203, 120, 203, 149, 203, 186, 203]",30736475.839999996,728.4,-728.4,0.0,,,,DWT,mdp.39015067403892,0.0,,0.0,33.0,11.0,0.0,33.0,,0.0,168.4000000000001,987.7999999999984,168.40000000000003,,0.0,168.4000000000001,,,27.99999999999997,0.0,15.0,0.0,0.0,,0.0,6.600467057782246e-14,1.2649966856448313e-26,0.978672032419192,0.24867078318234168,0.18002344296005637,0.0649162004655208,0.2780127254184876,,0.9999996646849938,4.4059791007223055e-09,4.4059791007223055e-09,3.6787269888316428e-09,,0.0,0.9999999955939887,0.0,,,,,,0.0,1.0,0.0,0.0,0.0,0.8999999009496981,0.3383296774323536,586,0.9387219028763374,0.4765589430108587,240,0,0.2499999727308056,0.35570077877937745,584,0.0,0.25004216920652356,0.44114205972763665,238,199.7665303965273,0.7906011211776444,412.0,339.35229065078283,0.6793676465427005,370,coif,0.5556920286951962,0.9053407607371553,0.33941335169221604,4,278.5,4.770294968106408e-14,0.9999999999705129,3.419681899887692e-27,0.9650902354167874,0.782445457152203,0.0004715916686518104,0.05327169274537713,0.0027078192972462213,0.9999999997234764,2.0315811922799742e-05,4.745454029730922e-11,4.745454029730922e-11,3.962169481397382e-11,,0.0,0.0031261328403480726,0.0,,,,,0.0,,0.0,1.0,0.0,0.0,0.0,1.0,0.30156916120411015,0.08604450842062145,1613,1.692904470358108,0.7826046027691734,818,562.1498910433053,0.7053721745056052,1215.5,1085.5071986836695,0.5341588335840395,1305,0.4784248188775415,0.776734912893196,0.43208215291776214,2,979.25,,,,,,,,,,,,,3.202956374379673e-19,0.9999999999715824,3.419681899887692e-27,0.9746778469791477,0.24188191610145415,0.0013717060650815921,0.04030102352386228,0.9999999999999999,0.0027078192972462213,0.9999999999999541,9.960751159770391e-05,3.8435400695480126e-14,3.8435400695480126e-14,3.20911916831812e-14,,0.0,0.0,0.00456704015061846,0.0,,,,,0.13043478260869565,,0.0,1.0,0.7209302325581395,0.0,0.0,1.0,0.42658033862811345,0.13286867808967343,1549,1.823637056390656,0.8852103953836483,659,629.3250352560273,0.7059228807214826,1104.0,924.6295289855071,0.5950175151270964,1113,986.6382352941176,846.0,585.0035688138154,340,0.4652856568234462,0.8173890317607586,0.42908333069536003,4,835.75
bior1.3,1.0,constant,3.725690490390218e-27,321.53533100953075,4988361.411018777,0.5428571428571428,134.6089763702733,206,smoothed,4.3615596571293533e-14,-2.121218534156815e-10,6.232115209356066,34954.58170677438,0.9537307362289422,0.00014966566451320268,0.9999999999999999,362.40000000000003,,,,[],[],11,426.6,32.20000000000002,728.4,"[9, 31, 53, 64, 80, 102, 131, 148, 158, 175, 192]","[311.0000000000001, 417.8000000000001, 589.6, 432.20000000000005, 728.4, 371.00000000000017, 587.0, 32.20000000000002, 448.2, 368.0000000000001, 407.2000000000001]","[1, 1, 1, 60, 1, 94, 120, 144, 144, 165, 186]","[20, 40, 75, 75, 204, 120, 204, 149, 204, 186, 204]",30736475.840000007,728.4,-728.4,0.0,,,,DWT,mdp.39015067403892,1.1175870895385742e-08,,0.0,15.0,11.0,0.0,33.0,,0.0,168.4000000000001,987.7999999999984,168.4000000000001,,0.0,168.4000000000001,,,28.00000000000003,0.0,33.0,0.0,0.0,,5.684341886080802e-14,4.6980435684293514e-14,6.115715870718732e-27,0.9864199085599663,0.1410383064099369,0.07368026364362745,0.20459436958465665,0.053934875571058624,,0.9999996647345563,4.4059791007223055e-09,4.4059791007223055e-09,3.6787861342541454e-09,,6.125805465799743e-13,0.9999999955939887,0.0,,,,,,2.3840087137460624e-13,0.0,1.0,0.0,0.0,0.89999990096501,0.3383296774381097,479,0.8026229282250621,0.4074658673023465,491,0,0.24999997273501165,0.3557007787853618,486,0.0,0.20852396053847047,0.3678927028445621,504,10.55146119422961,0.9889397681402206,490.0,489.83094410574574,0.7376564668793346,251,bior,0.8100315533562081,0.7923003667562746,0.1952878026237719,6,189.75,3.6761218469850826e-14,0.9999999999705134,1.839667815882972e-27,0.9726154551863612,0.75666792201841,0.00019301374258303273,0.16789473684210524,0.0005253209062500504,0.999999999723432,2.0315811923854454e-05,4.745454029730922e-11,4.745454029730922e-11,3.962224992548613e-11,,6.125805465799743e-13,0.0031261328403480726,0.0,,,,,0.0,,1.1061813170906958e-13,0.0,1.0,0.0,0.0,1.0,0.3015691612044722,0.08604450842072474,1474,1.7293677639721932,0.7994610420509898,449,724.7844507162113,0.6201339356833274,961.5,688.3265730629225,0.5581015590366323,1108,0.5943810304597339,0.7715092316736338,0.3524805091760961,5,832.25,,,,,,,,,,,,,2.468287177526713e-19,0.9999999999715827,1.839667815882972e-27,0.9801363417239769,0.23391315670290413,0.0013065628244608644,0.1270154821501053,0.9999999999999999,0.0005253209062500508,0.9999999999999541,9.960751159770467e-05,3.8435400695480126e-14,3.8435400695480126e-14,3.209173378426744e-14,,0.0,4.786380409530668e-19,0.00456704015061846,0.0,,,,,0.13043478260869565,,3.499932525657665e-21,0.7209302325581395,1.0,0.0,0.0,1.0,0.42658033862811345,0.13286867808967343,1474,1.8567079860120672,0.9012633323336217,221,886.004796826744,0.5859790669033906,847.5,384.37050147492624,0.5949755147601066,1114,1104.4,1082.5,563.6960149978129,300,0.520820561188399,0.7876173146100969,0.3991404127850916,6,837.0
bior3.1,1.0,smooth,1.1421266044977129e-26,318.89464998822825,7113039.463931,0.6009615384615384,216.22353096860488,206,raw,7.790100819000905e-14,-1.9148382879308483e-10,5.979362197682102,87201.92426006608,0.8981088857694777,5.618943883690067e-06,0.9999999999999999,326.9999999999999,,,,[],[],13,661.153846153846,86.99999999999997,939.9999999999995,"[8, 32, 51, 63, 81, 100, 111, 133, 152, 162, 175, 192, 204]","[877.9999999999999, 637.9999999999998, 786.9999999999999, 792.0, 939.9999999999995, 787.9999999999999, 636.9999999999998, 674.9999999999999, 770.9999999999998, 196.0, 833.9999999999998, 571.9999999999999, 86.99999999999997]","[0, 13, 42, 42, 76, 99, 107, 107, 107, 161, 99, 187, 203]","[76, 42, 61, 76, 205, 164, 119, 142, 164, 164, 205, 205, 205]",37754612.99999999,940.9999999999995,-940.9999999999995,0.0,,,,DWT,mdp.39015067403892,7.450580596923828e-09,,0.0,33.0,19.0,0.0,28.5,,4.547473508864641e-13,256.34134615384596,4359.000000000002,256.34134615384596,,0.0,256.34134615384596,,,83.99999999999997,0.0,24.0,4.547473508864641e-13,4.547473508864641e-13,,1.1368683772161603e-13,8.008143086296397e-14,7.285566649118549e-27,0.9628707443968442,0.6693544357521801,0.0015497403866383745,0.3286401098901096,0.0023853576652226975,0.9999999997237432,0.47422802461156727,6.695790689632508e-09,6.695790689632508e-09,6.081824269901822e-09,,5.718550876340534e-12,0.9999999933041348,5.445185492623215e-13,,,,,,7.374542113937972e-14,1.0,0.5,5.695370495225942e-13,5.695370495225942e-13,0.7922684098809555,0.25901821375031625,295,1.44558472161917,0.6943192372730277,730,0,0.24785233644971527,0.296138427200433,295,0.0,0.3706000484768523,0.6731381734882339,744,255.25281585126538,0.7324393963823215,516.0,421.3360331871643,0.5957794466188338,554,bior,0.672619891330026,0.76736776154697,0.2989557476048908,5,416.75,8.008143086296395e-14,0.0001547883299646835,7.285566649118549e-27,0.9628707443968441,0.6693544357521802,0.0025816182133684257,0.4954200404858299,0.004745415190299762,0.9999999997237431,0.9919828214562011,0.9855281704452442,0.9855281704452442,0.9855281704451322,,1.2251610931599486e-12,0.9999999999667607,3.0343893115853844e-13,,,,,1.0,,7.374542113937972e-14,1.0,0.5,5.695370495225942e-13,5.695370495225942e-13,0.0,2.234570199821955,0.6375734627749776,284,1.5138030922798433,0.6998086947303094,1550,895.1971849821691,0.5308190854391147,917.0,480.04362050163576,0.5251055594910459,1371,0.5943810304597339,0.7715092316736338,0.3524805091760961,5,1029.5,,,,,,,,,,,,,5.376970002209179e-19,0.036413600438416446,7.285566649118549e-27,0.9730679165798337,0.20692143074101965,0.0018651190531754932,0.3747944485496914,0.9999999999999999,0.004745415190299761,0.9999999999999541,0.0008499884728391218,0.000798221022740124,0.000798221022740124,0.0007982210227337853,,0.0,9.572760819061336e-19,0.02016391057304983,2.821651517786773e-18,,,,,0.4782608695652174,,2.3332883504384434e-21,1.0,0.8604651162790697,1.908388337924638e-18,1.908388337924638e-18,0.9302325581395349,0.5744527218307418,0.17892707859001003,382,1.650974050472501,0.8013981657509348,1502,791.9595949289333,0.629925422930405,942.0,609.0912951167728,0.5948692535212773,1115,1104.4,1082.5,563.6960149978129,300,0.520820561188399,0.7876173146100969,0.3991404127850916,6,837.75
sym9,1.0,antireflect,3.539246087507635e-25,303.98268486214454,6279076.034904574,0.6081081081081081,287.4700099444771,206,raw,4.711527823765562e-13,-1.8442014582120873e-10,6.408009905424279,92786.06938552007,0.8410665840115152,5.618943883690058e-06,0.9999999999999998,326.9999999999997,,,,[],[],13,661.1538461538463,87.00000000000003,940.0000000000002,"[8, 32, 51, 63, 81, 100, 111, 133, 152, 162, 175, 192, 204]","[877.9999999999991, 638.0000000000013, 787.0000000000013, 792.0, 940.0000000000002, 787.9999999999994, 637.0000000000002, 675.0, 770.9999999999993, 196.00000000000102, 834.0000000000007, 571.9999999999991, 87.00000000000003]","[0, 13, 42, 42, 76, 99, 107, 107, 107, 161, 164, 187, 203]","[76, 42, 61, 76, 205, 164, 119, 142, 164, 164, 205, 205, 205]",37754613.0,940.9999999999995,-940.9999999999995,0.0,,,,DWT,mdp.39015067403892,0.0,,0.0,33.0,19.0,0.0,28.5,,4.547473508864641e-13,256.3413461538463,4358.999999999998,256.34134615384625,,0.0,256.3413461538463,,,84.00000000000003,0.0,28.5,2.2737367544323206e-13,4.547473508864641e-13,,2.8421709430404007e-13,5.769618700183281e-13,2.4966361117484093e-25,0.9078422171779922,0.8174307158135852,0.000611212498955524,0.38223938223938225,0.002837466790157523,0.9999999997238497,0.4742280246116333,6.696054799077647e-09,6.696054799077647e-09,6.082044361106239e-09,,1.4296377190851335e-11,0.9999999933039181,2.7225927463116073e-13,,,,,,0.0,1.0,1.0,5.695370495225942e-13,5.695370495225942e-13,0.8422684098852073,0.2753648338188396,88,1.5077570339645945,0.7241808094393581,616,0,0.2895190031171177,0.34592250957107723,88,0.0,0.38887012428056245,0.7063229653050358,616,304.8409421321224,0.6804602283730373,352.0,154.0,0.6557437410209002,405,sym,0.8243425715244881,0.7368036147090654,0.2019191155201387,6,305.25,5.769618700183281e-13,0.00015478832996457248,2.49663611174841e-25,0.9078422171779922,0.8174307158135853,0.001644060274972225,0.5357041251778095,0.0051964547604213575,0.9999999997238496,0.9919828214562021,0.9855281704452481,0.9855281704452481,0.9855281704451354,,3.062902732899872e-12,0.9999999999667596,1.5171946557926922e-13,,,,,1.0,,0.0,1.0,0.75,5.695370495225942e-13,5.695370495225942e-13,0.0,2.2595701998227646,0.6447065287091607,88,1.5706493867150688,0.7260878926734563,1406,931.9667376038697,0.5115478314445128,747.0,165.63319946452478,0.5600191987411243,1095,0.7763846615972358,0.5622554397616224,0.28785410495344815,6,822.75,,,,,,,,,,,,,3.873940105810241e-18,0.036413600438416384,2.49663611174841e-25,0.9331524143304148,0.2526971126406732,0.0016458785582852472,0.40527010571659483,0.9999999999999998,0.0051964547604213575,0.9999999999999543,0.0008499884728391225,0.0007982210227401272,0.0007982210227401272,0.0007982210227337879,,0.0,2.3931902047653343e-18,0.020163910573049813,1.4108257588933865e-18,,,,,0.4782608695652174,,0.0,1.0,0.9302325581395349,1.908388337924638e-18,1.908388337924638e-18,0.9302325581395349,0.5814294660167882,0.18110015290550946,116,1.6621736485200413,0.8068345548509803,1459,949.6444071335334,0.5562409312460124,787.5,214.9130158730159,0.5941251385202024,1116,1409.1368421052632,1454.5,398.32527672708756,380,0.6645304607900322,0.5565550872278735,0.3678621512786154,7,838.75
bior2.6,1.0,smooth,4.238220313471676e-27,320.97556345552414,5062413.754018753,0.5412844036697247,73.2277024880342,206,smoothed,4.352936565675954e-14,-2.1161330465702173e-10,6.162640621912916,38173.05798980229,0.9897455626165076,0.00014966566451320268,0.9999999999999999,362.4,,,,[],[],11,426.6,32.19999999999999,728.4000000000001,"[9, 31, 53, 64, 80, 102, 131, 148, 158, 175, 192]","[311.0000000000001, 417.8000000000001, 589.6, 432.19999999999993, 728.4000000000001, 371.0000000000001, 587.0000000000001, 32.19999999999999, 448.1999999999999, 368.0000000000001, 407.2]","[1, 1, 1, 60, 1, 94, 120, 144, 144, 165, 186]","[20, 40, 75, 75, 205, 120, 205, 149, 205, 186, 205]",30736475.84000001,728.4000000000001,-728.4000000000001,0.0,,,,DWT,mdp.39015067403892,1.4901161193847656e-08,,0.0,15.0,11.0,0.0,33.0,,1.1368683772161603e-13,168.4000000000001,987.7999999999984,168.40000000000006,,0.0,168.4000000000001,,,28.0,0.0,33.0,1.1368683772161603e-13,1.1368683772161603e-13,,0.0,4.6790998443631043e-14,7.61568547309257e-27,0.9842931204998603,0.04082787929317919,0.10546018750430036,0.19379125024505106,0.08062516341661262,,0.999999664709775,4.4059791007223055e-09,4.4059791007223055e-09,3.6787565615428943e-09,,0.0,0.9999999955939887,7.585973278963461e-14,,,,,,3.1786782849947497e-13,0.0,1.0,1.7477015598164352e-13,1.7477015598164352e-13,0.8999999009574081,0.338329677435252,542,0.7734864711633355,0.39267422439098804,590,0,0.24999997273293512,0.35570077878240736,548,0.0,0.2007139429941501,0.3541137181359277,582,24.020824298928627,0.9748209388900119,565.5,564.7353059056913,0.6910268216462638,347,bior,0.8100315533562081,0.7923003667562746,0.1952878026237719,6,261.75,3.6652264213328906e-14,0.9999999999705134,2.2023678564087358e-27,0.9705497861869077,0.7326679372253732,0.0002762648296451083,0.1590294543698697,0.0007852819435315525,0.9999999997234397,2.0315811923354854e-05,4.745454029730922e-11,4.745454029730922e-11,3.9622027880881205e-11,,0.0,0.0031261328403480726,7.585973278963461e-14,,,,,0.0,,1.4749084227875944e-13,0.0,1.0,1.4238426238064856e-13,1.4238426238064856e-13,1.0,0.301569161204279,0.08604450842066962,1532,1.7127278671455552,0.7917686647939457,609,652.6595590351834,0.6579352415958158,1070.5,871.5441382531527,0.5484382706930861,1206,0.5943810304597339,0.7715092316736338,0.3524805091760961,5,905.75,,,,,,,,,,,,,2.4609715768610122e-19,0.9999999999715827,2.2023678564087358e-27,0.9786379876926883,0.2264939017822173,0.0013260304315069553,0.12030873154679825,0.9999999999999999,0.0007852819435315525,0.9999999999999541,9.960751159770423e-05,3.8435400695480126e-14,3.8435400695480126e-14,3.2091408523615694e-14,,0.0,0.0,0.00456704015061846,7.054128794466933e-19,,,,,0.13043478260869565,,4.666576700876887e-21,0.7209302325581395,1.0,4.770970844811595e-19,4.770970844811595e-19,1.0,0.42658033862811345,0.13286867808967343,1486,1.8495303641100633,0.897779247877495,269,860.5489527040284,0.5978743211663419,877.5,455.53732193732196,0.5939137960971896,1117,1104.4,1082.5,563.6960149978129,300,0.520820561188399,0.7876173146100969,0.3991404127850916,6,839.25
sym19,1.0,antisymmetric,3.735766771619946e-19,243.7479949197318,6791609.354672367,0.6446280991735537,320.26744111223326,206,raw,4.912634441639851e-10,-5.201996835103318e-09,6.585964580797837,128262.66610864384,0.87897662985564,5.618943883664083e-06,1.0,327.00000000008595,,,,[],[],13,661.1538461553906,87.00000000009629,940.0000000026114,"[8, 32, 51, 63, 81, 100, 111, 133, 152, 162, 175, 192, 204]","[878.0000000014498, 638.0000000014229, 787.0000000017461, 792.0000000023359, 940.0000000026114, 788.0000000020118, 637.0000000015009, 675.0000000008179, 771.0000000018094, 196.00000000050403, 834.0000000022467, 572.0000000015245, 87.00000000009629]","[0, 13, 39, 39, 76, 99, 107, 107, 107, 161, 164, 187, 203]","[76, 39, 61, 76, 205, 164, 119, 142, 164, 164, 205, 205, 205]",37754613.00005956,941.0000000017775,-941.0000000017775,0.0,,,,DWT,mdp.39015067403892,5.955994129180908e-05,,0.0,33.0,19.0,0.0,28.5,,1.7774937077774666e-09,256.3413461553906,4358.999999979922,256.34134615539057,,0.0,256.3413461553906,,,84.00000000009629,0.0,24.0,2.61138666246552e-09,1.7774937077774666e-09,,8.594724931754172e-11,6.207015367182898e-10,2.643675927443099e-19,0.6855625748243976,0.8789051291206098,0.0011880085516676906,0.6561393152302241,0.0057097583835557545,0.9999999996482254,0.47422802472346076,7.891942366664693e-09,7.891942366664693e-09,7.277931929427626e-09,,4.323224462513444e-09,0.9999999921080305,3.126897769138881e-09,,,,,,5.895208965882015e-10,1.0,0.5,2.22617794232144e-09,2.22617794232144e-09,0.7922684152998913,0.25901821552194193,234,1.51612374322179,0.7281993682294887,593,0,0.24785233769877557,0.2961384286928327,234,0.0,0.4034380982974228,0.7327834567740377,490,182.4470242746279,0.8087557397540588,387.75,325.88773512333415,0.7011545994367778,341,sym,0.8243425715244881,0.7368036147090654,0.2019191155201387,6,257.25,6.207015367182898e-10,0.00015478832978438328,2.6436759274430995e-19,0.6855625748243976,0.8789051291206099,0.0022202602208161643,0.7415615484993474,0.00806195137196833,0.9999999996482253,0.9919828214579074,0.9855281704625547,0.9855281704625547,0.9855281704624421,,9.262217864289212e-10,0.9999999999608231,1.742498062177907e-09,,,,,1.0,,5.895208965882015e-10,1.0,0.5,2.22617794232144e-09,2.22617794232144e-09,0.0,2.2345702023536407,0.6375734634973248,229,1.5517960760583138,0.7173722870644214,1453,865.4987001723342,0.5463843290501393,841.0,395.6444708680143,0.5528043238542102,1170,0.7763846615972358,0.5622554397616224,0.28785410495344815,6,879.0,,,,,,,,,,,,,4.1676247630621525e-15,0.03641360043824263,2.6436759274430995e-19,0.7719196135854703,0.27170105565803726,0.0017806183499387144,0.5610050642338067,1.0,0.00806195137196833,0.9999999999999417,0.0008499884728404124,0.0007982210227541446,0.0007982210227541446,0.0007982210227478053,,0.0,7.237007179210371e-16,0.02016391057295693,1.6203333840890547e-14,,,,,0.4782608695652174,,1.8652307073404917e-17,1.0,0.8604651162790697,7.459412915862928e-15,7.459412915862928e-15,0.9302325581395349,0.5744527218307198,0.17892707859000317,594,1.638443491529031,0.7953157158479476,1542,670.337228564847,0.68675830440895,1068.0,857.629213483146,0.5938464419241012,1118,1409.1368421052632,1454.5,398.32527672708756,380,0.6645304607900322,0.5565550872278735,0.3678621512786154,7,840.25
db2,1.0,smooth,3.0307921095935173e-27,322.43183726315215,4954605.649585191,0.5288461538461539,97.38420696534702,206,smoothed,3.6833535143195e-14,-2.1108050862750412e-10,6.203617000794669,32502.657958579883,0.9779922879037322,0.0001496656645132027,0.9999999999999999,362.40000000000003,,,,[],[],11,426.6,32.200000000000045,728.4,"[9, 31, 53, 64, 80, 102, 131, 148, 158, 175, 192]","[311.00000000000006, 417.79999999999995, 589.6, 432.19999999999993, 728.4, 371.00000000000017, 587.0000000000001, 32.200000000000045, 448.2000000000001, 368.0, 407.2000000000001]","[0, 0, 0, 60, 0, 94, 120, 144, 144, 165, 186]","[20, 40, 75, 75, 203, 120, 203, 149, 203, 186, 203]",30736475.840000007,728.4,-728.4,0.0,,,,DWT,mdp.39015067403892,1.1175870895385742e-08,,0.0,33.0,11.0,0.0,33.0,,0.0,168.4000000000001,987.7999999999984,168.40000000000003,,0.0,168.4000000000001,,,28.000000000000057,0.0,15.0,0.0,0.0,,5.684341886080802e-14,3.208119670618995e-14,4.082026510620376e-27,0.9898261059759563,0.09993237462823384,0.05919381413022403,0.10835311892941973,0.033601480243660733,,0.9999996647593375,4.4059791007223055e-09,4.4059791007223055e-09,3.6787269888316428e-09,,6.125805465799743e-13,0.9999999955939887,0.0,,,,,,2.3840087137460624e-13,1.0,0.0,0.0,0.0,0.8999999009724267,0.3383296774408978,397,0.7302405976340446,0.3707196841639501,717,0,0.24999997273707183,0.3557007787882931,404,0.0,0.18441527055821813,0.32535844876664605,755,194.34226680438474,0.7962869320708755,568.25,518.5819137941147,0.6003185184463392,589,db,0.573477938514061,0.8443824841957417,0.34525069778143475,3,442.5,2.819196619440226e-14,0.9999999999705136,1.347911708187764e-27,0.9759237662213021,0.7468232205631908,0.00015506485777928,0.08891700404858327,0.00032727543849966423,0.9999999997234478,2.0315811924354055e-05,4.745454029730922e-11,4.745454029730922e-11,3.962169481397382e-11,,6.125805465799743e-13,0.0031261328403480726,0.0,,,,,0.0,,1.1061813170906958e-13,1.0,0.0,0.0,0.0,1.0,0.3015691612044722,0.08604450842072474,1473,1.694741114118641,0.7834536559117506,799,476.589970519733,0.7502149001468905,1136.0,1036.0272887323945,0.5774135297380154,989,0.49117026184683504,0.8233619396015222,0.4091722348267588,4,742.75,,,,,,,,,,,,,1.892915185169379e-19,0.999999999971583,1.347911708187764e-27,0.9825360588022075,0.2308698068698026,0.0012976887784481562,0.06726736259275856,0.9999999999999999,0.00032727543849966423,0.9999999999999541,9.960751159770499e-05,3.8435400695480126e-14,3.8435400695480126e-14,3.20911916831812e-14,,0.0,4.786380409530668e-19,0.00456704015061846,0.0,,,,,0.13043478260869565,,3.499932525657665e-21,1.0,0.7209302325581395,0.0,0.0,1.0,0.42658033862811345,0.13286867808967343,1532,1.8326432383094096,0.889582079885923,525,712.0565286548533,0.667263304366891,1028.5,782.0126397666505,0.5933279138656885,1119,1009.0473684210526,935.5,610.6543869996938,760,0.4758535102197843,0.8532293215616218,0.41093374637766444,5,840.5
db15,1.0,constant,9.791050519541078e-27,319.56349955422843,5930339.318698384,0.5726495726495726,230.40107751781613,206,raw,6.704453605017933e-14,-2.0296975211664682e-10,6.369030680234843,66623.85640614794,0.8057243428214291,5.618943883690066e-06,1.0,327.0,,,,[],[],13,661.1538461538462,87.00000000000006,939.9999999999998,"[8, 32, 51, 63, 81, 100, 111, 133, 152, 162, 175, 192, 204]","[878.0, 637.9999999999999, 787.0, 792.0000000000001, 939.9999999999998, 788.0, 637.0000000000001, 675.0, 770.9999999999999, 195.9999999999999, 834.0, 571.9999999999998, 87.00000000000006]","[0, 13, 39, 39, 76, 99, 107, 107, 107, 161, 99, 187, 203]","[76, 39, 61, 76, 205, 164, 119, 142, 164, 164, 205, 205, 205]",37754613.0,940.9999999999998,-940.9999999999998,0.0,,,,DWT,mdp.39015067403892,0.0,,0.0,33.0,19.0,0.0,28.5,,2.2737367544323206e-13,256.3413461538462,4359.0,256.34134615384613,,0.0,256.3413461538462,,,84.00000000000006,0.0,19.5,2.2737367544323206e-13,2.2737367544323206e-13,,0.0,6.636408996685491e-14,6.1319181968461224e-27,0.9653389507155122,0.8039653488899408,0.00021875028511415627,0.11630036630036594,0.0007192956196865811,0.9999999997235701,0.47422802461166635,6.6959667625959335e-09,6.6959667625959335e-09,6.0819563246244724e-09,,0.0,0.9999999933040264,2.7225927463116073e-13,,,,,,0.0,1.0,0.0,2.847685247612971e-13,2.847685247612971e-13,0.7422684098779301,0.24267159368219382,880,1.4281032846743038,0.6859228439074415,756,0,0.20618566978253533,0.24635434483005456,878,0.0,0.36081783894178204,0.6553702895222725,789,62.95170106253418,0.9340128919679935,825.75,822.1158627893632,0.5342234271160722,751,db,0.540986235965534,0.9305070477545101,0.3421575204977732,3,564.0,6.636408996685491e-14,0.0001547883299646835,6.1319181968461224e-27,0.9653389507155122,0.8039653488899408,0.001252003662764382,0.33582995951417,0.003083294548689525,0.99999999972357,0.9919828214562026,0.9855281704452468,0.9855281704452468,0.9855281704451341,,0.0,0.9999999999667601,1.5171946557926922e-13,,,,,1.0,,0.0,1.0,0.25,2.847685247612971e-13,2.847685247612971e-13,0.0,2.2095701998211186,0.6304403968407869,882,1.517423784719241,0.7014824870900666,1536,462.44783489600206,0.757626920914045,1209.0,1120.5558312655087,0.5619895610859533,1081,0.49117026184683504,0.8233619396015222,0.4091722348267588,4,811.75,,,,,,,,,,,,,4.455935878397501e-19,0.03641360043841643,6.1319181968461224e-27,0.9748582551522801,0.24853448542783893,0.0015541992260911471,0.254061592581414,1.0,0.0030832945486895247,0.9999999999999541,0.0008499884728391229,0.0007982210227401261,0.0007982210227401261,0.0007982210227337869,,0.0,0.0,0.020163910573049823,1.4108257588933865e-18,,,,,0.4782608695652174,,0.0,1.0,0.7906976744186046,9.54194168962319e-19,9.54194168962319e-19,0.9302325581395349,0.5674759776446953,0.17675400427451057,802,1.623741330401881,0.7881791500391147,1580,550.129075763134,0.742930338428442,1191.0,1063.9462636439966,0.5931941411768378,1120,1009.0473684210526,935.5,610.6543869996938,760,0.4758535102197843,0.8532293215616218,0.41093374637766444,5,841.25
coif7,1.0,zero,1.4171591296811487e-26,317.9576062789694,5966786.124556573,0.5975609756097561,205.81526919662525,206,raw,8.227722710260917e-14,-2.169996404788349e-10,6.3274620896196065,69215.25923722654,0.8178155096421583,5.618943883690062e-06,1.0,327.0,,,,[],[],13,661.1538461538463,87.00000000000006,939.9999999999998,"[8, 32, 51, 63, 81, 100, 111, 133, 152, 162, 175, 192, 204]","[878.0000000000002, 638.0000000000005, 787.0000000000002, 792.0000000000003, 939.9999999999998, 788.0, 637.0000000000002, 675.0000000000001, 771.0000000000003, 196.00000000000017, 834.0000000000001, 572.0000000000002, 87.00000000000006]","[0, 13, 42, 42, 76, 99, 107, 107, 107, 161, 164, 187, 203]","[76, 42, 61, 76, 205, 164, 119, 142, 164, 164, 205, 205, 205]",37754613.0,940.9999999999998,-940.9999999999998,0.0,,,,DWT,mdp.39015067403892,0.0,,0.0,33.0,19.0,0.0,28.5,,2.2737367544323206e-13,256.3413461538463,4358.999999999998,256.34134615384636,,0.0,256.3413461538463,,,84.00000000000006,0.0,28.5,2.2737367544323206e-13,2.2737367544323206e-13,,0.0,8.561085938145111e-14,9.23187891306033e-27,0.9594128409733705,0.7896054861063003,0.0002597668843130036,0.3031358885017419,0.0009291033592763226,0.9999999997233586,0.47422802461166635,6.696054799077647e-09,6.696054799077647e-09,6.082132397588006e-09,,0.0,0.9999999933039181,2.7225927463116073e-13,,,,,,0.0,1.0,1.0,2.847685247612971e-13,2.847685247612971e-13,0.8422684098779816,0.27536483381647725,191,1.4922063277131052,0.7167117525642293,648,0,0.2895190031158889,0.34592250956960907,190,0.0,0.3816678856935558,0.6932412030456686,676,272.460853457275,0.7144016211139674,426.25,295.83042240795385,0.6337993430517426,455,coif,0.5507900112560971,0.8749445204262634,0.351963635992853,2,341.75,8.561085938145111e-14,0.0001547883299646835,9.23187891306033e-27,0.9594128409733705,0.7896054861063004,0.001292977872150784,0.47625160462130933,0.0032926059459907455,0.9999999997233585,0.9919828214562026,0.9855281704452481,0.9855281704452481,0.9855281704451366,,0.0,0.9999999999667596,1.5171946557926922e-13,,,,,1.0,,0.0,1.0,0.75,2.847685247612971e-13,2.847685247612971e-13,0.0,2.25957019982112,0.6447065287086915,194,1.5629610571885264,0.7225336920788974,1431,874.6910883277593,0.5415665155514888,812.5,341.67876923076926,0.5578639705640044,1111,0.4784248188775415,0.776734912893196,0.43208215291776214,2,833.75,,,,,,,,,,,,,5.748236735993472e-19,0.03641360043841641,9.23187891306033e-27,0.970559691140163,0.24409533750601103,0.0015637807202854984,0.36029317132570593,1.0,0.0032926059459907455,0.9999999999999541,0.0008499884728391229,0.0007982210227401272,0.0007982210227401272,0.0007982210227337889,,0.0,0.0,0.020163910573049813,1.4108257588933865e-18,,,,,0.4782608695652174,,0.0,1.0,0.9302325581395349,9.54194168962319e-19,9.54194168962319e-19,0.9302325581395349,0.5814294660167882,0.18110015290550946,120,1.6615237648374315,0.8065190952645344,1463,949.6444071335334,0.5562409312460124,791.5,221.80669614655716,0.5931905590809501,1121,986.6382352941176,846.0,585.0035688138154,340,0.4652856568234462,0.8173890317607586,0.42908333069536003,4,841.75
db13,1.0,periodic,9.13002337518457e-27,319.8670735741434,6408296.665786161,0.591304347826087,303.12618433582463,206,raw,6.430239296799839e-14,-2.1142365635995764e-10,6.52760771101871,63479.155131176085,0.7403036034929513,5.618943883690062e-06,0.9999999999999998,327.00000000000006,,,,[],[],13,661.1538461538462,86.99999999999997,939.9999999999997,"[8, 32, 51, 63, 81, 100, 111, 133, 152, 162, 175, 192, 204]","[878.0000000000001, 638.0, 787.0000000000001, 792.0000000000002, 939.9999999999997, 788.0000000000002, 637.0, 675.0000000000002, 771.0000000000002, 195.99999999999994, 834.0, 572.0000000000002, 86.99999999999997]","[0, 13, 42, 42, 76, 99, 107, 107, 107, 161, 164, 187, 203]","[76, 42, 61, 76, 205, 164, 119, 142, 164, 164, 205, 205, 205]",37754613.0,940.9999999999998,-940.9999999999998,0.0,,,,DWT,mdp.39015067403892,0.0,,0.0,33.0,19.0,0.0,28.5,,2.2737367544323206e-13,256.3413461538462,4359.0,256.3413461538462,,0.0,256.3413461538462,,,83.99999999999997,0.0,28.5,3.410605131648481e-13,2.2737367544323206e-13,,5.684341886080802e-14,6.289934460945808e-14,5.664131618876335e-27,0.9664592075747913,0.8587457580640441,0.0007566351416341375,0.2562111801242237,0.00046469117985419587,0.9999999997234427,0.47422802461156727,6.6959667625959335e-09,6.6959667625959335e-09,6.082000342865356e-09,,2.859275438170267e-12,0.9999999933040264,4.083889119467411e-13,,,,,,0.0,1.0,1.0,2.847685247612971e-13,2.847685247612971e-13,0.8422684098794112,0.27536483381694465,158,1.512297069558741,0.7263614039100783,602,0,0.2895190031161136,0.3459225095698776,159,0.0,0.38532968397600664,0.6998922982564273,649,270.304766267017,0.7166616705796467,392.0,252.83836798213028,0.6528801015372028,409,db,0.540986235965534,0.9305070477545101,0.3421575204977732,3,307.5,6.289934460945806e-14,0.0001547883299646835,5.664131618876335e-27,0.9664592075747913,0.8587457580640442,0.0017893326263378364,0.4409839816933641,0.0028292924267248267,0.9999999997234426,0.9919828214562011,0.9855281704452468,0.9855281704452468,0.9855281704451347,,6.125805465799743e-13,0.9999999999667601,2.275791983689038e-13,,,,,1.0,,0.0,1.0,0.75,2.847685247612971e-13,2.847685247612971e-13,0.0,2.2595701998214626,0.6447065287087892,159,1.5877148159264867,0.7339769872342746,1350,842.1641763931781,0.5586141633159444,754.5,284.493041749503,0.5815869558718088,972,0.49117026184683504,0.8233619396015222,0.4091722348267588,4,730.0,,,,,,,,,,,,,4.223299777228231e-19,0.03641360043841641,5.664131618876335e-27,0.9756708448661324,0.2654690720047488,0.0016798493465458092,0.333612560517198,0.9999999999999998,0.0028292924267248267,0.9999999999999541,0.0008499884728391218,0.0007982210227401261,0.0007982210227401261,0.0007982210227337874,,0.0,4.786380409530668e-19,0.020163910573049823,2.11623863834008e-18,,,,,0.4782608695652174,,0.0,1.0,0.9302325581395349,9.54194168962319e-19,9.54194168962319e-19,0.9302325581395349,0.5814294660167882,0.18110015290550946,44,1.6644777889044025,0.8079530060326516,1450,994.1921343482858,0.5354242362858478,747.0,85.40829986613119,0.5931794078625501,1122,1009.0473684210526,935.5,610.6543869996938,760,0.4758535102197843,0.8532293215616218,0.41093374637766444,5,842.75
db15,1.0,zero,9.941776564344472e-27,319.4971524845816,5931422.354666905,0.5726495726495726,230.40107751781613,206,raw,6.832075358528243e-14,-2.0282908685942682e-10,6.3651870904614105,68222.2089268756,0.8103185709638518,5.618943883690066e-06,1.0,327.0,,,,[],[],13,661.1538461538462,87.00000000000006,939.9999999999998,"[8, 32, 51, 63, 81, 100, 111, 133, 152, 162, 175, 192, 204]","[878.0, 637.9999999999999, 787.0, 792.0000000000001, 939.9999999999998, 788.0, 637.0000000000001, 675.0, 770.9999999999999, 195.9999999999999, 834.0, 571.9999999999998, 87.00000000000006]","[0, 13, 39, 39, 76, 99, 107, 107, 107, 161, 99, 187, 203]","[76, 39, 61, 76, 205, 164, 119, 142, 164, 164, 205, 205, 205]",37754613.0,940.9999999999998,-940.9999999999998,0.0,,,,DWT,mdp.39015067403892,0.0,,0.0,33.0,19.0,0.0,28.5,,2.2737367544323206e-13,256.3413461538462,4359.0,256.34134615384613,,0.0,256.3413461538462,,,84.00000000000006,0.0,19.5,2.2737367544323206e-13,2.2737367544323206e-13,,0.0,6.797661296337925e-14,6.238581926636125e-27,0.9650941150082742,0.802637581435567,0.00021996911489066922,0.11630036630036594,0.0008487030299971797,0.9999999997235722,0.47422802461166635,6.6959667625959335e-09,6.6959667625959335e-09,6.0819563246244724e-09,,0.0,0.9999999933040264,2.7225927463116073e-13,,,,,,0.0,1.0,0.0,2.847685247612971e-13,2.847685247612971e-13,0.7422684098779301,0.24267159368219382,878,1.4273448719017878,0.6855585756844337,757,0,0.20618566978253533,0.24635434483005456,879,0.0,0.36063759182659194,0.6550428982701821,790,62.102066524928674,0.9349034942086701,826.0,822.4639006585942,0.5345377009827418,749,db,0.540986235965534,0.9305070477545101,0.3421575204977732,3,562.5,6.797661296337924e-14,0.0001547883299646835,6.238581926636125e-27,0.9650941150082742,0.8026375814355671,0.001253221232905366,0.33582995951417,0.00321239581981617,0.9999999997235721,0.9919828214562026,0.9855281704452468,0.9855281704452468,0.9855281704451341,,0.0,0.9999999999667601,1.5171946557926922e-13,,,,,1.0,,0.0,1.0,0.25,2.847685247612971e-13,2.847685247612971e-13,0.0,2.2095701998211186,0.6304403968407869,881,1.5166652488612338,0.7011318272245891,1537,463.86204845837517,0.7568857188373296,1209.0,1120.0140612076095,0.5616189600475956,1084,0.49117026184683504,0.8233619396015222,0.4091722348267588,4,814.0,,,,,,,,,,,,,4.564206768249867e-19,0.03641360043841643,6.238581926636125e-27,0.9746806610803157,0.248124024950287,0.001554483945220857,0.254061592581414,1.0,0.00321239581981617,0.9999999999999541,0.0008499884728391229,0.0007982210227401261,0.0007982210227401261,0.0007982210227337869,,0.0,0.0,0.020163910573049823,1.4108257588933865e-18,,,,,0.4782608695652174,,0.0,1.0,0.7906976744186046,9.54194168962319e-19,9.54194168962319e-19,0.9302325581395349,0.5674759776446953,0.17675400427451057,803,1.623481326587942,0.7880529417685973,1581,550.129075763134,0.742930338428442,1192.0,1065.0528523489934,0.5929604963170247,1123,1009.0473684210526,935.5,610.6543869996938,760,0.4758535102197843,0.8532293215616218,0.41093374637766444,5,843.5
coif5,1.0,symmetric,6.846638679069261e-27,318.89262465003674,5414755.817386666,0.5256410256410257,90.50403161962927,206,smoothed,5.625704864197688e-14,-2.0518167165306566e-10,6.389235835424032,31573.93539625129,0.9822255980015449,0.00014966566451320268,0.9999999999999997,362.4,,,,[],[],11,426.59999999999997,32.200000000000045,728.4000000000001,"[9, 31, 53, 64, 80, 102, 131, 148, 158, 175, 192]","[310.99999999999994, 417.79999999999995, 589.6, 432.19999999999993, 728.4000000000001, 371.0000000000001, 587.0, 32.200000000000045, 448.20000000000005, 368.0, 407.19999999999993]","[0, 0, 0, 60, 0, 94, 120, 144, 144, 165, 186]","[20, 40, 75, 75, 203, 120, 203, 149, 203, 186, 203]",30736475.84,728.4000000000001,-728.4000000000001,0.0,,,,DWT,mdp.39015067403892,3.725290298461914e-09,,0.0,33.0,11.0,0.0,33.0,,1.1368683772161603e-13,168.40000000000003,987.7999999999993,168.4,,0.0,168.40000000000003,,,28.000000000000057,0.0,15.0,1.1368683772161603e-13,1.1368683772161603e-13,,0.0,7.47519351654122e-14,1.5249481756686013e-26,0.9763791759531749,0.36766973563587274,0.2566695009860938,0.0863371465573067,0.02589973869349763,,0.9999996647593375,4.4059199552998455e-09,4.4059199552998455e-09,3.6786974161203912e-09,,0.0,0.9999999955940747,7.585973278963461e-14,,,,,,7.946695712486874e-14,1.0,0.0,1.7477015598164352e-13,1.7477015598164352e-13,0.8999999009721474,0.33832967744079284,425,0.9428918779832323,0.47867590536492155,238,0,0.2499999727370379,0.3557007787882448,425,0.0,0.24470789968943157,0.43173096459364474,248,105.15702544290609,0.8897725100179181,334.0,309.1232848015083,0.7698338441074916,195,coif,0.5556920286951962,0.9053407607371553,0.33941335169221604,4,147.25,5.2733912475963477e-14,0.9999999999705134,4.04825741113232e-27,0.9628632704404033,0.8109452164232068,0.0006723746433897309,0.07085020242915013,0.0002522611586297692,0.9999999997235366,2.0315811924354055e-05,4.745387416349445e-11,4.745387416349445e-11,3.962136174706643e-11,,0.0,0.0031261328403482946,7.585973278963461e-14,,,,,0.0,,3.687271056968986e-14,1.0,0.0,1.4238426238064856e-13,1.4238426238064856e-13,1.0,0.3015691612042235,0.08604450842065378,1574,1.7119677431132367,0.7914172707390632,615,678.1154031578991,0.6445936042149376,1094.5,884.4312471448148,0.5354781438265463,1296,0.4784248188775415,0.776734912893196,0.43208215291776214,2,972.5,,,,,,,,,,,,,3.540754235118388e-19,0.9999999999715827,4.04825741113232e-27,0.9730624952694661,0.25069221248427237,0.0014186575727637503,0.0535994921057838,0.9999999999999997,0.0002522611586297692,0.9999999999999541,9.960751159770499e-05,3.8434858594393884e-14,3.8434858594393884e-14,3.209086642252945e-14,,0.0,0.0,0.004567040150618464,7.054128794466933e-19,,,,,0.13043478260869565,,1.1666441752192217e-21,1.0,0.7209302325581395,4.770970844811595e-19,4.770970844811595e-19,1.0,0.42658033862811345,0.13286867808967343,1539,1.8314336334874195,0.8889949264504411,557,694.3788591251897,0.6755238976050515,1048.0,817.9608778625955,0.5929021357184137,1124,986.6382352941176,846.0,585.0035688138154,340,0.4652856568234462,0.8173890317607586,0.42908333069536003,4,844.0
bior1.3,1.0,antireflect,3.7256981492339586e-27,321.5353220818161,4988149.83413305,0.5476190476190477,150.34742853350326,206,smoothed,4.3624219662746936e-14,-2.121218534156815e-10,6.237218337118648,35465.28658106576,0.9526872435052297,0.00014966566451320268,0.9999999999999999,362.40000000000003,,,,[],[],11,426.6,32.20000000000002,728.4,"[9, 31, 53, 64, 80, 102, 131, 148, 158, 175, 192]","[311.0000000000001, 417.8000000000001, 589.6, 432.20000000000005, 728.4, 371.00000000000017, 587.0, 32.20000000000002, 448.2, 368.0000000000001, 407.2000000000001]","[1, 1, 1, 60, 1, 94, 120, 144, 144, 165, 186]","[20, 40, 75, 75, 204, 120, 204, 149, 204, 186, 204]",30736475.840000007,728.4,-728.4,0.0,,,,DWT,mdp.39015067403892,1.1175870895385742e-08,,0.0,15.0,11.0,0.0,33.0,,0.0,168.4000000000001,987.7999999999984,168.4000000000001,,0.0,168.4000000000001,,,28.00000000000003,0.0,33.0,0.0,0.0,,5.684341886080802e-14,4.6999379408359773e-14,6.1157382850881674e-27,0.9864198746398922,0.14839907862234017,0.07358946439208909,0.23730381425179675,0.058170066046391466,,0.9999996647345563,4.4059791007223055e-09,4.4059791007223055e-09,3.6787861342541454e-09,,6.125805465799743e-13,0.9999999955939887,0.0,,,,,,2.3840087137460624e-13,0.0,1.0,0.0,0.0,0.89999990096501,0.3383296774381097,474,0.8210357484104395,0.41681346438994576,438,0,0.24999997273501165,0.3557007787853618,484,0.0,0.21484032827893668,0.3790364850468554,446,21.992422937608914,0.9769471457677056,460.5,459.71316160584723,0.7471213716259912,237,bior,0.8100315533562081,0.7923003667562746,0.1952878026237719,6,179.25,3.677211389550302e-14,0.9999999999705134,1.8396732357879408e-27,0.972615422241073,0.7584307966637487,0.00019277588372509057,0.19473684210526362,0.0005665712859920457,0.999999999723432,2.0315811923854454e-05,4.745454029730922e-11,4.745454029730922e-11,3.962224992548613e-11,,6.125805465799743e-13,0.0031261328403480726,0.0,,,,,0.0,,1.1061813170906958e-13,0.0,1.0,0.0,0.0,1.0,0.3015691612044722,0.08604450842072474,1481,1.741002404855421,0.8048395637964338,327,816.0012254892758,0.5723264017351803,904.0,535.7157079646017,0.5492659262344665,1201,0.5943810304597339,0.7715092316736338,0.3524805091760961,5,902.0,,,,,,,,,,,,,2.4690187375932836e-19,0.9999999999715827,1.8396732357879408e-27,0.9801363178267769,0.23445812439766606,0.001306507203051676,0.14732203258789686,0.9999999999999999,0.0005665712859920461,0.9999999999999541,9.960751159770467e-05,3.8435400695480126e-14,3.8435400695480126e-14,3.209173378426744e-14,,0.0,4.786380409530668e-19,0.00456704015061846,0.0,,,,,0.13043478260869565,,3.499932525657665e-21,0.7209302325581395,1.0,0.0,0.0,1.0,0.42658033862811345,0.13286867808967343,1471,1.865119548037437,0.9053463828069481,160,927.0169901355638,0.5668144905908581,815.5,288.6082158185162,0.592869862117859,1125,1104.4,1082.5,563.6960149978129,300,0.520820561188399,0.7876173146100969,0.3991404127850916,6,845.25
coif7,1.0,constant,1.4320050323867838e-26,317.91234702671807,5965311.215992067,0.5975609756097561,205.81526919662525,206,raw,8.194954962738e-14,-2.1690738094548855e-10,6.3318030078198415,67711.78515599182,0.8137545840255608,5.618943883690062e-06,1.0,327.0,,,,[],[],13,661.1538461538463,87.00000000000006,939.9999999999998,"[8, 32, 51, 63, 81, 100, 111, 133, 152, 162, 175, 192, 204]","[878.0000000000002, 638.0000000000003, 787.0000000000002, 792.0000000000003, 939.9999999999998, 788.0, 637.0000000000002, 675.0000000000001, 771.0000000000003, 196.00000000000017, 834.0000000000001, 572.0000000000002, 87.00000000000006]","[0, 13, 42, 42, 76, 99, 107, 107, 107, 161, 164, 187, 203]","[76, 42, 61, 76, 205, 164, 119, 142, 164, 164, 205, 205, 205]",37754613.0,940.9999999999998,-940.9999999999998,0.0,,,,DWT,mdp.39015067403892,0.0,,0.0,33.0,19.0,0.0,28.5,,2.2737367544323206e-13,256.3413461538463,4358.999999999998,256.34134615384636,,0.0,256.3413461538463,,,84.00000000000006,0.0,28.5,2.2737367544323206e-13,2.2737367544323206e-13,,0.0,8.519683320666783e-14,9.336938350979508e-27,0.95924582408637,0.7911050555838263,0.00025810704795640554,0.3031358885017419,0.0008073775917759737,0.9999999997233601,0.47422802461166635,6.696054799077647e-09,6.696054799077647e-09,6.082132397588006e-09,,0.0,0.9999999933039181,2.7225927463116073e-13,,,,,,0.0,1.0,1.0,2.847685247612971e-13,2.847685247612971e-13,0.8422684098779816,0.27536483381647725,192,1.4928063820944901,0.7169999607156954,645,0,0.2895190031158889,0.34592250956960907,189,0.0,0.3818190315668895,0.6935157363532715,674,271.0387426180988,0.7158923033353262,425.0,295.56492097683406,0.6351998204307658,452,coif,0.5507900112560971,0.8749445204262634,0.351963635992853,2,339.5,8.519683320666783e-14,0.0001547883299646835,9.336938350979508e-27,0.95924582408637,0.7911050555838264,0.0012913197512009534,0.47625160462130933,0.003171168145207598,0.99999999972336,0.9919828214562026,0.9855281704452481,0.9855281704452481,0.9855281704451366,,0.0,0.9999999999667596,1.5171946557926922e-13,,,,,1.0,,0.0,1.0,0.75,2.847685247612971e-13,2.847685247612971e-13,0.0,2.25957019982112,0.6447065287086915,195,1.5635612276143012,0.7228111419562422,1430,873.2768747653862,0.5423077176282043,812.5,343.2,0.5582345716023621,1106,0.4784248188775415,0.776734912893196,0.43208215291776214,2,830.0,,,,,,,,,,,,,5.72043745346381e-19,0.03641360043841641,9.336938350979508e-27,0.9704385437414285,0.24455890814245052,0.0015633929818399679,0.36029317132570593,1.0,0.003171168145207598,0.9999999999999541,0.0008499884728391229,0.0007982210227401272,0.0007982210227401272,0.0007982210227337889,,0.0,0.0,0.020163910573049813,1.4108257588933865e-18,,,,,0.4782608695652174,,0.0,1.0,0.9302325581395349,9.54194168962319e-19,9.54194168962319e-19,0.9302325581395349,0.5814294660167882,0.18110015290550946,105,1.6616340927268742,0.8065726494486266,1462,959.543902070145,0.5516149990326424,783.5,195.92852584556476,0.5927467518527698,1126,986.6382352941176,846.0,585.0035688138154,340,0.4652856568234462,0.8173890317607586,0.42908333069536003,4,845.5
sym20,1.0,antireflect,1.1002307353098914e-17,229.05695473911152,6708956.131657952,0.6557377049180327,321.8229859906161,206,raw,2.6188189567277535e-09,1.8137809082615536e-08,6.5752540247614135,123596.95790202763,0.8752543114238459,5.6189438838423435e-06,0.9999999999999994,327.0000000038833,,,,[],[],13,661.1538461453388,86.9999999974199,939.9999999873131,"[8, 32, 51, 63, 81, 100, 111, 133, 152, 162, 175, 192, 204]","[877.9999999940736, 637.9999999891559, 786.9999999883185, 791.9999999892995, 939.9999999873131, 787.9999999899765, 636.9999999909522, 674.9999999949177, 770.9999999910285, 195.99999999500437, 833.999999988044, 571.9999999938993, 86.9999999974199]","[0, 13, 39, 39, 76, 99, 107, 107, 107, 161, 99, 187, 203]","[76, 39, 61, 76, 205, 164, 119, 142, 164, 164, 205, 205, 205]",37754612.99970064,940.9999999923449,-940.9999999923449,0.0,,,,DWT,mdp.39015067403892,0.0002993568778038025,,0.0,33.0,19.0,0.0,28.5,,7.655103217985015e-09,256.3413461453388,4359.000000110596,256.3413461461316,,0.0,256.3413461453388,,,83.9999999974199,0.0,19.5,1.2686882655543741e-08,7.655103217985015e-09,,3.88331500289496e-09,3.3089048375090553e-09,7.785961211867337e-18,0.6313493106692645,0.8752051693013525,0.001094992057051786,0.739461358313817,0.005332008664108234,1.0,0.47422802161437977,1.0802076306163851e-10,1.0802076306163851e-10,1.0802076312797013e-10,,1.9533426083403995e-07,0.9999999998919724,1.5191386876232192e-08,,,,,,2.9630172759591378e-09,1.0,0.0,9.587444307400971e-09,9.587444307400971e-09,0.7422685171068288,0.2426716287387952,592,1.5148770148646022,0.7276005603774801,595,0,0.2061856878744973,0.24635436644665593,592,0.0,0.40655535528931236,0.7384454762109969,449,72.01388754955533,0.924513744706965,557.0,548.9813408680288,0.6703281511794783,384,sym,0.8243425715244881,0.7368036147090654,0.2019191155201387,6,289.5,3.3089048375090557e-09,0.00015478833102167133,7.785961211867338e-18,0.6313493106692644,0.8752051693013526,0.0021273398568361027,0.8041846419327003,0.007685095295246312,0.9999999999999999,0.9919828214104989,0.9855281703499071,0.9855281703499071,0.9855281703586803,,4.184905262015753e-08,0.9999999999994639,8.465566880659274e-09,,,,,1.0,,2.9630172759591378e-09,1.0,0.25,9.587444307400971e-09,9.587444307400971e-09,0.0,2.209570230214226,0.6304404055126285,586,1.5422701733638096,0.7129686036760294,1481,632.86056916196,0.6683120706698322,1033.5,839.7348814707306,0.5633227020015827,1071,0.7763846615972358,0.5622554397616224,0.28785410495344815,6,804.75,,,,,,,,,,,,,2.221723795357335e-14,0.03641360043943508,7.785961211867338e-18,0.7325954706963396,0.2705572655543313,0.0017588896591025842,0.6083805958065966,0.9999999999999996,0.007685095295246311,0.9999999999999999,0.0008499884728045497,0.0007982210226629065,0.0007982210226629065,0.0007982210226637643,,0.0,3.269863640574972e-14,0.020163910573561497,7.872055028185375e-14,,,,,0.4782608695652174,,9.374919263226622e-17,1.0,0.7906976744186046,3.212533218353887e-14,3.212533218353887e-14,0.9302325581395349,0.5674759776449421,0.17675400427458743,619,1.6330657165970948,0.7927052938579463,1552,659.7306268470488,0.6917146603518464,1085.5,885.0188853063105,0.5922358348488204,1127,1409.1368421052632,1454.5,398.32527672708756,380,0.6645304607900322,0.5565550872278735,0.3678621512786154,7,847.0
coif14,1.0,constant,2.847351313754672e-26,314.9273819199691,5969473.018423121,0.5763888888888888,142.67817959605765,206,raw,1.1955916300138098e-13,-2.1716251019654723e-10,6.33032017790779,67367.00016276044,0.8424955831866436,5.618943883690062e-06,0.9999999999999999,327.0,,,,[],[],13,661.1538461538462,86.99999999999991,939.9999999999999,"[8, 32, 51, 63, 81, 100, 111, 133, 152, 162, 175, 192, 204]","[878.0, 637.9999999999999, 787.0000000000003, 792.0000000000002, 939.9999999999999, 788.0000000000001, 637.0, 675.0000000000001, 771.0000000000001, 195.9999999999999, 834.0000000000006, 571.9999999999998, 86.99999999999991]","[0, 13, 39, 39, 76, 99, 107, 107, 107, 161, 99, 187, 203]","[76, 39, 61, 76, 205, 164, 119, 142, 164, 164, 205, 205, 205]",37754613.00000001,940.9999999999999,-940.9999999999999,0.0,,,,DWT,mdp.39015067403892,7.450580596923828e-09,,0.0,33.0,19.0,0.0,28.5,,1.1368683772161603e-13,256.3413461538462,4359.0,256.3413461538462,,0.0,256.3413461538462,,,83.99999999999991,0.0,19.5,1.1368683772161603e-13,1.1368683772161603e-13,,0.0,1.327172321887008e-13,1.9352865824697153e-26,0.9482306270794549,0.7905928122348606,0.0002627906677754793,0.14434523809523758,0.0007794627654098111,0.9999999997233562,0.47422802461150126,6.6959667625959335e-09,6.6959667625959335e-09,6.082000342865356e-09,,0.0,0.9999999933040264,1.3612963731558036e-13,,,,,,7.374542113937972e-14,1.0,0.0,1.4238426238064856e-13,1.4238426238064856e-13,0.7422684098778055,0.2426715936821531,896,1.4224160579326324,0.683191249643597,768,0,0.20618566978249628,0.2463543448300079,905,0.0,0.3605263663207784,0.6548408741902169,792,70.35327521397517,0.9262544284968813,840.25,835.8140642630598,0.5227446146677279,785,coif,0.5507900112560971,0.8749445204262634,0.351963635992853,2,589.25,1.327172321887008e-13,0.0001547883299646835,1.9352865824697153e-26,0.9482306270794549,0.7905928122348607,0.001295998530595185,0.356907894736842,0.0031433193569619993,0.9999999997233561,0.9919828214562001,0.9855281704452468,0.9855281704452468,0.9855281704451347,,0.0,0.9999999999667601,7.585973278963461e-14,,,,,1.0,,7.374542113937972e-14,1.0,0.25,1.4238426238064856e-13,1.4238426238064856e-13,0.0,2.2095701998210604,0.6304403968407702,896,1.508949703656294,0.6975650452259674,1559,468.811795926681,0.7542915115688255,1227.5,1137.9747454175154,0.5554738480275994,1146,0.4784248188775415,0.776734912893196,0.43208215291776214,2,860.0,,,,,,,,,,,,,8.911136683809028e-19,0.03641360043841641,1.9352865824697153e-26,0.9624485584896211,0.2444005553759727,0.001564487077327686,0.27000744148288447,0.9999999999999999,0.0031433193569619993,0.9999999999999541,0.000849988472839121,0.0007982210227401261,0.0007982210227401261,0.0007982210227337874,,0.0,0.0,0.020163910573049823,7.054128794466933e-19,,,,,0.4782608695652174,,2.3332883504384434e-21,1.0,0.7906976744186046,4.770970844811595e-19,4.770970844811595e-19,0.9302325581395349,0.5674759776446953,0.17675400427451057,808,1.620636040787868,0.7866718135669979,1586,550.129075763134,0.742930338428442,1197.0,1070.5831244778612,0.5917922720179594,1128,986.6382352941176,846.0,585.0035688138154,340,0.4652856568234462,0.8173890317607586,0.42908333069536003,4,847.0
db23,1.0,constant,1.407269647701861e-26,317.9880192604462,5914970.799860351,0.572,202.20401807731068,206,raw,8.490295845016923e-14,-2.1545976114368012e-10,6.387113484736907,67235.33552335473,0.8170469352190598,5.618943883690064e-06,0.9999999999999998,327.0000000000001,,,,[],[],13,661.1538461538462,87.00000000000003,939.9999999999998,"[8, 32, 51, 63, 81, 100, 111, 133, 152, 162, 175, 192, 204]","[878.0, 637.9999999999997, 787.0000000000005, 792.0000000000001, 939.9999999999998, 788.0, 637.0000000000003, 675.0000000000001, 771.0000000000001, 195.99999999999994, 834.0000000000002, 572.0000000000001, 87.00000000000003]","[0, 13, 39, 39, 76, 99, 107, 107, 107, 161, 99, 187, 203]","[76, 39, 61, 76, 205, 164, 119, 142, 164, 164, 205, 205, 205]",37754613.0,940.9999999999999,-940.9999999999999,0.0,,,,DWT,mdp.39015067403892,0.0,,0.0,33.0,19.0,0.0,28.5,,1.1368683772161603e-13,256.3413461538462,4359.0,256.34134615384625,,0.0,256.3413461538462,,,84.00000000000003,0.0,19.5,2.2737367544323206e-13,1.1368683772161603e-13,,1.1368683772161603e-13,8.892851649254336e-14,9.161894390148063e-27,0.9595250717601818,0.8102120507277907,0.00020145482224390583,0.11142857142857093,0.0007688028016070738,0.9999999997233818,0.4742280246116333,6.6959667625959335e-09,6.6959667625959335e-09,6.082044361106239e-09,,5.718550876340534e-12,0.9999999933040264,2.7225927463116073e-13,,,,,,0.0,1.0,0.0,1.4238426238064856e-13,1.4238426238064856e-13,0.7422684098807488,0.24267159368311536,734,1.4258007454125772,0.6848169265024744,761,0,0.20618566978299271,0.24635434483060104,739,0.0,0.36026699390798317,0.6543697639652728,793,26.862303202319293,0.9718424494734599,756.75,756.0475838248348,0.589301727881384,570,db,0.540986235965534,0.9305070477545101,0.3421575204977732,3,428.25,8.892851649254336e-14,0.0001547883299646835,9.161894390148063e-27,0.9595250717601818,0.8102120507277908,0.0012347260743996134,0.33216842105263145,0.003132684611441675,0.9999999997233817,0.9919828214562021,0.9855281704452468,0.9855281704452468,0.9855281704451354,,1.2251610931599486e-12,0.9999999999667601,1.5171946557926922e-13,,,,,1.0,,0.0,1.0,0.25,1.4238426238064856e-13,1.4238426238064856e-13,0.0,2.2095701998216746,0.6304403968409455,743,1.5156053101112021,0.7006418332769373,1540,563.5641046056784,0.7046309724288897,1141.5,1002.3828296101619,0.5531802660886587,1164,0.49117026184683504,0.8233619396015222,0.4091722348267588,4,874.0,,,,,,,,,,,,,5.970996776264046e-19,0.036413600438416426,9.161894390148063e-27,0.9706410988835613,0.2504655647076049,0.001550158998955871,0.251291570829387,0.9999999999999998,0.003132684611441675,0.9999999999999541,0.0008499884728391225,0.0007982210227401261,0.0007982210227401261,0.0007982210227337879,,0.0,9.572760819061336e-19,0.020163910573049823,1.4108257588933865e-18,,,,,0.4782608695652174,,0.0,1.0,0.7906976744186046,4.770970844811595e-19,4.770970844811595e-19,0.9302325581395349,0.5674759776446953,0.17675400427451057,800,1.621086303491255,0.7868903752727359,1585,555.0788232314399,0.7406173723217571,1192.5,1063.3123689727463,0.5916871908337757,1129,1009.0473684210526,935.5,610.6543869996938,760,0.4758535102197843,0.8532293215616218,0.41093374637766444,5,848.0
sym9,1.0,periodic,3.5401257822996126e-25,303.9816055387161,6283186.432726948,0.6081081081081081,276.9269600046536,206,raw,4.712993749312641e-13,-1.8635526455313037e-10,6.38338208042827,61736.53286417065,0.7738773394948053,5.618943883690058e-06,0.9999999999999999,326.9999999999997,,,,[],[],13,661.1538461538463,86.99999999999994,940.0000000000002,"[8, 32, 51, 63, 81, 100, 111, 133, 152, 162, 175, 192, 204]","[877.9999999999989, 638.0000000000013, 787.0000000000013, 792.0, 940.0000000000002, 787.9999999999994, 637.0000000000002, 675.0, 770.9999999999993, 196.00000000000102, 834.0000000000007, 571.9999999999991, 86.99999999999994]","[0, 13, 42, 42, 76, 99, 107, 107, 107, 161, 164, 187, 203]","[76, 42, 61, 76, 205, 164, 119, 142, 164, 164, 205, 205, 205]",37754613.0,940.9999999999995,-940.9999999999995,0.0,,,,DWT,mdp.39015067403892,0.0,,0.0,33.0,19.0,0.0,28.5,,4.547473508864641e-13,256.3413461538463,4358.999999999998,256.34134615384625,,0.0,256.3413461538463,,,83.99999999999994,0.0,28.5,2.2737367544323206e-13,4.547473508864641e-13,,2.8421709430404007e-13,5.771470922544154e-13,2.497258642033149e-25,0.9078382342301945,0.8089230377237591,0.000615838268925164,0.38223938223938225,0.000323603258511228,0.9999999997238205,0.47422802461153424,6.696054799077647e-09,6.696054799077647e-09,6.082044361106239e-09,,1.4296377190851335e-11,0.9999999933039181,2.7225927463116073e-13,,,,,,0.0,1.0,1.0,5.695370495225942e-13,5.695370495225942e-13,0.8422684098851776,0.27536483381882987,90,1.5024975726233176,0.7216546723459528,624,0,0.2895190031171095,0.34592250957106746,90,0.0,0.38749251193064627,0.7038207436652689,631,310.3389276259103,0.6746971408533435,358.75,157.42098845228654,0.6493244614119967,413,sym,0.8243425715244881,0.7368036147090654,0.2019191155201387,6,311.25,5.771470922544155e-13,0.00015478832996457248,2.4972586420331497e-25,0.9078382342301945,0.8089230377237592,0.0016486812643036538,0.5357041251778095,0.002688538277157385,0.9999999997238204,0.9919828214562006,0.9855281704452481,0.9855281704452481,0.9855281704451354,,3.062902732899872e-12,0.9999999999667596,1.5171946557926922e-13,,,,,1.0,,0.0,1.0,0.75,5.695370495225942e-13,5.695370495225942e-13,0.0,2.259570199822764,0.6447065287091606,89,1.5653923018028255,0.7236576203683689,1426,945.4017664464141,0.5045064117157159,757.5,167.54323432343236,0.5537469165496818,1161,0.7763846615972358,0.5622554397616224,0.28785410495344815,6,872.25,,,,,,,,,,,,,3.8751837579234104e-18,0.036413600438416384,2.4972586420331497e-25,0.9331495252586949,0.25006708461874394,0.0016469591400246947,0.40527010571659483,0.9999999999999999,0.002688538277157385,0.9999999999999541,0.0008499884728391214,0.0007982210227401272,0.0007982210227401272,0.0007982210227337879,,0.0,2.3931902047653343e-18,0.020163910573049813,1.4108257588933865e-18,,,,,0.4782608695652174,,0.0,1.0,0.9302325581395349,1.908388337924638e-18,1.908388337924638e-18,0.9302325581395349,0.5814294660167882,0.18110015290550946,129,1.6598542747636087,0.805708709248765,1470,948.2301935711603,0.5569017787050653,799.5,237.18574108818012,0.5916518239319719,1130,1409.1368421052632,1454.5,398.32527672708756,380,0.6645304607900322,0.5565550872278735,0.3678621512786154,7,849.25
bior1.3,1.0,reflect,3.725690490390218e-27,321.53533100953075,4988119.816117092,0.5476190476190477,150.34742853350326,206,smoothed,4.3615596571293533e-14,-2.121218534156815e-10,6.237305155185484,34673.087857709754,0.9516822656930021,0.00014966566451320268,0.9999999999999999,362.40000000000003,,,,[],[],11,426.6,32.20000000000002,728.4,"[9, 31, 53, 64, 80, 102, 131, 148, 158, 175, 192]","[311.0000000000001, 417.8000000000001, 589.6, 432.20000000000005, 728.4, 371.00000000000017, 587.0, 32.20000000000002, 448.2, 368.0000000000001, 407.2000000000001]","[1, 1, 1, 60, 1, 94, 120, 144, 144, 165, 186]","[20, 40, 75, 75, 204, 120, 204, 149, 204, 186, 204]",30736475.840000007,728.4,-728.4,0.0,,,,DWT,mdp.39015067403892,1.1175870895385742e-08,,0.0,15.0,11.0,0.0,33.0,,0.0,168.4000000000001,987.7999999999984,168.4000000000001,,0.0,168.4000000000001,,,28.00000000000003,0.0,33.0,0.0,0.0,,5.684341886080802e-14,4.6980435684293514e-14,6.115715870718732e-27,0.9864199085599663,0.14852430535457828,0.07357658201426068,0.23730381425179675,0.05160049395765135,,0.9999996647345563,4.4059791007223055e-09,4.4059791007223055e-09,3.6787861342541454e-09,,6.125805465799743e-13,0.9999999955939887,0.0,,,,,,2.3840087137460624e-13,0.0,1.0,0.0,0.0,0.89999990096501,0.3383296774381097,477,0.8184641121041925,0.4155079272802243,445,0,0.24999997273501165,0.3557007787853618,489,0.0,0.21391787201975723,0.37740902254533243,451,20.936411663256273,0.978054075824679,465.5,464.7967720824969,0.7450542915811026,242,bior,0.8100315533562081,0.7923003667562746,0.1952878026237719,6,183.0,3.6761218469850826e-14,0.9999999999705134,1.839667815882972e-27,0.9726154551863612,0.7584607879506423,0.00019274213688658766,0.19473684210526362,0.0005025842362994001,0.999999999723432,2.0315811923854454e-05,4.745454029730922e-11,4.745454029730922e-11,3.962224992548613e-11,,6.125805465799743e-13,0.0031261328403480726,0.0,,,,,0.0,,1.1061813170906958e-13,0.0,1.0,0.0,0.0,1.0,0.3015691612044722,0.08604450842072474,1477,1.7409918085727445,0.8048346652922713,328,812.4656915833431,0.574179406926969,902.5,536.793351800554,0.5505855105913671,1195,0.5943810304597339,0.7715092316736338,0.3524805091760961,5,897.5,,,,,,,,,,,,,2.468287177526713e-19,0.9999999999715827,1.839667815882972e-27,0.9801363417239769,0.23446739577865994,0.0013064993116208947,0.14732203258789686,0.9999999999999999,0.0005025842362994005,0.9999999999999541,9.960751159770467e-05,3.8435400695480126e-14,3.8435400695480126e-14,3.209173378426744e-14,,0.0,4.786380409530668e-19,0.00456704015061846,0.0,,,,,0.13043478260869565,,3.499932525657665e-21,0.7209302325581395,1.0,0.0,0.0,1.0,0.42658033862811345,0.13286867808967343,1476,1.8650985993006617,0.9053362140951978,161,929.84541726031,0.5654927956727523,818.5,290.331093463653,0.5915080800793668,1131,1104.4,1082.5,563.6960149978129,300,0.520820561188399,0.7876173146100969,0.3991404127850916,6,849.75
coif2,1.0,antireflect,4.660663944416735e-27,320.56292084839686,5032686.646714768,0.5231481481481481,94.21396882610978,206,smoothed,4.316935158858012e-14,-2.098429874308754e-10,6.252944315828059,45269.25261057109,0.9862774722887254,0.00014966566451320268,0.9999999999999999,362.40000000000003,,,,[],[],11,426.59999999999997,32.19999999999999,728.4,"[9, 31, 53, 64, 80, 102, 131, 148, 158, 175, 192]","[311.00000000000006, 417.8, 589.6, 432.20000000000005, 728.4, 371.00000000000017, 587.0, 32.19999999999999, 448.2, 368.0, 407.20000000000005]","[0, 0, 0, 60, 0, 94, 120, 144, 144, 165, 186]","[20, 40, 75, 75, 203, 120, 203, 149, 203, 186, 203]",30736475.839999996,728.4,-728.4,0.0,,,,DWT,mdp.39015067403892,0.0,,0.0,33.0,11.0,0.0,33.0,,0.0,168.40000000000003,987.7999999999993,168.40000000000006,,0.0,168.40000000000003,,,28.0,0.0,15.0,0.0,0.0,,5.684341886080802e-14,4.600009796386521e-14,8.852008856821432e-27,0.9827253208593707,0.17108229418786863,0.09270265454252785,0.06921361249010745,0.13947272368454344,,0.999999664709775,4.4059199552998455e-09,4.4059199552998455e-09,3.6787565615428943e-09,,6.125805465799743e-13,0.9999999955940747,0.0,,,,,,0.0,1.0,0.0,0.0,0.0,0.899999900957455,0.3383296774352696,538,0.8050022013506947,0.40867374780711724,484,0,0.24999997273292154,0.35570077878238804,553,0.0,0.2078852293949235,0.36676580823646193,509,30.692018506445613,0.9678280728443966,521.0,519.628541527324,0.710853239776496,305,coif,0.5556920286951962,0.9053407607371553,0.33941335169221604,4,229.75,3.619738019234992e-14,0.9999999999705134,2.501316942224708e-27,0.969027041548896,0.7638633334195852,0.00024284503632042605,0.05679824561403529,0.0013584519631754323,0.9999999997234664,2.0315811923354854e-05,4.745387416349445e-11,4.745387416349445e-11,3.9622027880881205e-11,,6.125805465799743e-13,0.0031261328403482946,0.0,,,,,0.0,,0.0,1.0,0.0,0.0,0.0,1.0,0.3015691612044164,0.08604450842070882,1500,1.6867319930687261,0.7797511581586004,874,442.64884502277874,0.7680037499880614,1187.0,1104.4650379106993,0.5729431747843872,1020,0.4784248188775415,0.776734912893196,0.43208215291776214,2,765.5,,,,,,,,,,,,,2.430428944081713e-19,0.9999999999715827,2.501316942224708e-27,0.977533449372371,0.23613751608916603,0.0013182154776490993,0.04296892617146997,0.9999999999999999,0.0013584519631754323,0.9999999999999541,9.960751159770423e-05,3.8434858594393884e-14,3.8434858594393884e-14,3.2091408523615694e-14,,0.0,4.786380409530668e-19,0.004567040150618464,0.0,,,,,0.13043478260869565,,0.0,1.0,0.7209302325581395,0.0,0.0,1.0,0.42658033862811345,0.13286867808967343,1563,1.8229788866521446,0.8848909136685693,668,632.86056916196,0.7042707620738504,1115.5,935.978484984312,0.59150453991543,1132,986.6382352941176,846.0,585.0035688138154,340,0.4652856568234462,0.8173890317607586,0.42908333069536003,4,850.0
db8,1.0,symmetric,4.375466793292652e-27,320.8371548204469,5178288.767242244,0.5318181818181819,96.37048383660692,206,smoothed,4.415022824140427e-14,-1.998178955631151e-10,6.285434642994319,32535.265954971488,0.9806126139821324,0.00014966566451320268,0.9999999999999997,362.3999999999999,,,,[],[],11,426.59999999999997,32.19999999999996,728.3999999999999,"[9, 31, 53, 64, 80, 102, 131, 148, 158, 175, 192]","[310.9999999999999, 417.79999999999995, 589.6000000000001, 432.19999999999993, 728.3999999999999, 370.99999999999994, 587.0, 32.19999999999996, 448.2, 367.9999999999999, 407.1999999999998]","[0, 0, 0, 60, 0, 94, 120, 144, 144, 165, 186]","[20, 40, 75, 75, 203, 120, 203, 149, 203, 186, 203]",30736475.83999999,728.3999999999999,-728.3999999999999,0.0,,,,DWT,mdp.39015067403892,7.450580596923828e-09,,0.0,33.0,11.0,0.0,33.0,,1.1368683772161603e-13,168.40000000000003,987.7999999999993,168.39999999999995,,0.0,168.40000000000003,,,27.99999999999997,0.0,15.0,1.1368683772161603e-13,1.1368683772161603e-13,,5.684341886080802e-14,4.815494657640083e-14,8.017350973309836e-27,0.9837672489476583,0.21794647406023285,0.1551885140961844,0.12876792967447026,0.033871892927559696,,0.9999996646849938,4.4059199552998455e-09,4.4059199552998455e-09,3.6786382706978885e-09,,6.125805465799743e-13,0.9999999955940747,7.585973278963461e-14,,,,,,1.5893391424973748e-13,1.0,0.0,1.7477015598164352e-13,1.7477015598164352e-13,0.8999999009501726,0.338329677432532,581,0.84188377248763,0.42739733623489584,361,0,0.24999997273089528,0.35570077877950507,582,0.0,0.21707743710087912,0.38298335047630794,424,112.11006496593723,0.8824842086310931,487.0,466.8557443345164,0.686001014168796,353,db,0.573477938514061,0.8443824841957417,0.34525069778143475,3,265.5,3.743673486028667e-14,0.9999999999705134,2.2994925534532916e-27,0.970039026989292,0.7750871115895398,0.00040653377757280773,0.10566985645933058,0.00032990923406632207,0.9999999997236175,2.0315811922799742e-05,4.745387416349445e-11,4.745387416349445e-11,3.9620695613251655e-11,,6.125805465799743e-13,0.0031261328403482946,7.585973278963461e-14,,,,,0.0,,7.374542113937972e-14,1.0,0.0,1.4238426238064856e-13,1.4238426238064856e-13,1.0,0.3015691612045476,0.08604450842074625,1462,1.7121701450351026,0.7915108381425612,614,599.6265504461923,0.6857303194726456,1038.0,864.8053949903662,0.5708525811199706,1028,0.49117026184683504,0.8233619396015222,0.4091722348267588,4,772.0,,,,,,,,,,,,,2.5136439016540537e-19,0.9999999999715827,2.2994925534532916e-27,0.9782675033106467,0.23960718792997038,0.0013564927927572435,0.0799412061352262,0.9999999999999997,0.0003299092340663225,0.9999999999999541,9.960751159770391e-05,3.8434858594393884e-14,3.8434858594393884e-14,3.209043274166046e-14,,0.0,4.786380409530668e-19,0.004567040150618464,7.054128794466933e-19,,,,,0.13043478260869565,,2.3332883504384434e-21,1.0,0.7209302325581395,4.770970844811595e-19,4.770970844811595e-19,1.0,0.42658033862811345,0.13286867808967343,1523,1.839550788486925,0.8929350690140738,434,770.0392847121502,0.6401685585457242,978.5,675.5053653551354,0.5914627839457594,1133,1009.0473684210526,935.5,610.6543869996938,760,0.4758535102197843,0.8532293215616218,0.41093374637766444,5,851.0
bior6.8,1.0,periodization,1.8379243132569188e-21,266.8285162392394,5995211.040936163,0.6262135922330098,288.4876707877147,206,raw,3.34514218077499e-11,-1.6414114513025274e-10,6.310309298403641,63491.20655498627,0.7726576824002596,5.618943883691987e-06,1.0,327.00000000005775,,,,[],[],13,661.1538461537383,86.99999999998253,939.9999999998472,"[8, 32, 51, 63, 81, 100, 111, 133, 152, 162, 175, 192, 204]","[877.9999999999008, 637.9999999998585, 786.9999999998558, 791.9999999998657, 939.9999999998472, 787.9999999998795, 636.9999999998917, 674.9999999999447, 770.9999999998719, 195.9999999999356, 833.9999999998463, 571.9999999999186, 86.99999999998253]","[0, 13, 39, 39, 76, 99, 107, 107, 107, 161, 99, 187, 203]","[76, 39, 61, 76, 205, 164, 119, 142, 164, 164, 205, 205, 205]",37754612.999996506,940.9999999999047,-940.9999999999047,0.0,,,,DWT,mdp.39015067403892,3.4943222999572754e-06,,0.0,33.0,19.0,0.0,28.5,,9.526957001071423e-11,256.3413461537383,4359.000000001402,256.3413461537479,,0.0,256.3413461537383,,,83.99999999998253,0.0,19.5,1.5279510989785194e-10,9.526957001071423e-11,,5.775291356258094e-11,4.2248103953705215e-11,1.300636147317718e-21,0.770734923667556,0.7836800572050033,0.0002917557891004011,0.5180305131761447,0.00046566689924375904,0.9999999997241553,0.4742280245913115,6.61242014145046e-09,6.61242014145046e-09,6.005892804377882e-09,,2.9050238451809913e-09,0.9999999933875663,1.8295823255214e-10,,,,,,3.458660251436909e-11,1.0,0.0,1.1931801187498349e-10,1.1931801187498349e-10,0.742268411449408,0.24267159419596088,684,1.4618253326300774,0.7021196577404708,687,0,0.2061856700475679,0.24635434514672025,684,0.0,0.38415036456293145,0.6977502453372781,661,12.083045973594572,0.987334333361012,679.0,678.8359335302467,0.6377971457161453,443,bior,0.672619891330026,0.76736776154697,0.2989557476048908,5,333.5,4.2248103953705215e-11,0.0001547883299780617,1.300636147317718e-21,0.7707349236675559,0.7836800572050034,0.0013249337170624053,0.6377618804292289,0.0028302658378544765,0.9999999997241552,0.9919828214558923,0.9855281704440377,0.9855281704440377,0.9855281704440333,,6.223818353252539e-10,0.9999999999671748,1.0195548086926891e-10,,,,,1.0,,3.4586602514369084e-11,1.0,0.25,1.1931801187498349e-10,1.1931801187498349e-10,0.0,2.2095702002471764,0.6304403969623509,682,1.5112267445697298,0.6986176874339306,1557,618.7184335382291,0.6757240914369869,1119.5,948.5252344796784,0.5444920247541328,1240,0.5943810304597339,0.7715092316736338,0.3524805091760961,5,931.25,,,,,,,,,,,,,2.836697411139141e-16,0.03641360043842928,1.300636147317718e-21,0.833700243626986,0.2422635751981498,0.0015712533414069668,0.4824786902990126,1.0,0.0028302658378544765,0.9999999999999543,0.0008499884728388881,0.0007982210227391468,0.0007982210227391468,0.0007982210227328953,,0.0,4.86296249608316e-16,0.02016391057305631,9.480749099763558e-16,,,,,0.4782608695652174,,1.09431223635563e-18,1.0,0.7906976744186046,3.998073567952116e-16,3.998073567952116e-16,0.9302325581395349,0.5674759776446984,0.17675400427451152,689,1.6271852230322272,0.7898508475659247,1567,620.8397538817887,0.7098879654757997,1128.0,957.14804964539,0.591392580868741,1134,1104.4,1082.5,563.6960149978129,300,0.520820561188399,0.7876173146100969,0.3991404127850916,6,852.0
bior3.1,1.0,antireflect,1.139136591901613e-26,318.9060344415166,7115977.080872438,0.6009615384615384,222.38262548710452,206,raw,7.769405399512745e-14,-1.9152579522341566e-10,5.988382070122617,88588.9645201553,0.8993930803262153,5.618943883690067e-06,0.9999999999999999,326.9999999999999,,,,[],[],13,661.153846153846,87.0,939.9999999999995,"[8, 32, 51, 63, 81, 100, 111, 133, 152, 162, 175, 192, 204]","[877.9999999999999, 637.9999999999998, 786.9999999999999, 792.0, 939.9999999999995, 787.9999999999999, 636.9999999999998, 674.9999999999999, 770.9999999999998, 196.0, 833.9999999999998, 571.9999999999999, 87.0]","[0, 13, 42, 42, 76, 99, 107, 107, 107, 161, 99, 187, 203]","[76, 42, 61, 76, 205, 164, 119, 142, 164, 164, 205, 205, 205]",37754612.99999999,940.9999999999995,-940.9999999999995,0.0,,,,DWT,mdp.39015067403892,7.450580596923828e-09,,0.0,33.0,19.0,0.0,28.5,,4.547473508864641e-13,256.34134615384596,4359.000000000002,256.34134615384596,,0.0,256.34134615384596,,,84.0,0.0,24.0,4.547473508864641e-13,4.547473508864641e-13,,1.1368683772161603e-13,7.981994064731134e-14,7.264407340119557e-27,0.9629127556067922,0.672470349201607,0.0015530463294734073,0.3286401098901096,0.002497656601613132,0.9999999997237425,0.4742280246116003,6.695790689632508e-09,6.695790689632508e-09,6.081824269901822e-09,,5.718550876340534e-12,0.9999999933041348,5.445185492623215e-13,,,,,,7.374542113937972e-14,1.0,0.5,5.695370495225942e-13,5.695370495225942e-13,0.7922684098809654,0.25901821375031947,289,1.4472144576158257,0.6951020049913299,724,0,0.24785233644971805,0.2961384272004363,288,0.0,0.3710092396691772,0.673881406558335,737,255.24432739370852,0.7324482941365739,509.5,413.6291890150109,0.5991906040913477,544,bior,0.672619891330026,0.76736776154697,0.2989557476048908,5,409.25,7.981994064731134e-14,0.0001547883299646835,7.264407340119557e-27,0.9629127556067922,0.6724703492016071,0.0025849207395794702,0.4954200404858299,0.0048574484610326985,0.9999999997237424,0.9919828214562016,0.9855281704452442,0.9855281704452442,0.9855281704451322,,1.2251610931599486e-12,0.9999999999667607,3.0343893115853844e-13,,,,,1.0,,7.374542113937972e-14,1.0,0.5,5.695370495225942e-13,5.695370495225942e-13,0.0,2.2345701998219556,0.6375734627749777,279,1.5154327203019238,0.7005620475704799,1542,893.0758646386096,0.5319308885541878,910.5,472.50741350906094,0.5273648153462763,1356,0.5943810304597339,0.7715092316736338,0.3524805091760961,5,1018.25,,,,,,,,,,,,,5.359412560611497e-19,0.036413600438416446,7.264407340119557e-27,0.9730983898385221,0.20788467119268866,0.0018658913227614518,0.3747944485496914,0.9999999999999999,0.0048574484610326985,0.9999999999999541,0.0008499884728391221,0.000798221022740124,0.000798221022740124,0.0007982210227337853,,0.0,9.572760819061336e-19,0.02016391057304983,2.821651517786773e-18,,,,,0.4782608695652174,,2.3332883504384434e-21,1.0,0.8604651162790697,1.908388337924638e-18,1.908388337924638e-18,0.9302325581395349,0.5744527218307418,0.17892707859001003,285,1.6515191540966345,0.80166276412206,1498,857.7205255792821,0.5991960160844476,891.5,478.8895120583287,0.5913036155188593,1135,1104.4,1082.5,563.6960149978129,300,0.520820561188399,0.7876173146100969,0.3991404127850916,6,852.75
db31,1.0,reflect,1.162566526671051e-26,316.59322059918645,6424800.086327415,0.5263157894736842,116.86271467298597,206,smoothed,7.317555407354622e-14,-2.0580901427536023e-10,6.610203081348274,31518.225199834047,0.9822635287706941,0.00014966566451320276,0.9999999999999997,362.4,,,,[],[],11,426.6,32.19999999999999,728.4000000000002,"[9, 31, 53, 64, 80, 102, 131, 148, 158, 175, 192]","[310.9999999999998, 417.80000000000007, 589.6000000000006, 432.1999999999998, 728.4000000000002, 371.0000000000002, 586.9999999999998, 32.19999999999999, 448.20000000000005, 368.00000000000006, 407.20000000000005]","[0, 0, 0, 60, 0, 94, 120, 144, 144, 165, 186]","[20, 40, 75, 75, 203, 120, 203, 149, 203, 186, 203]",30736475.839999996,728.4000000000002,-728.4000000000002,0.0,,,,DWT,mdp.39015067403892,0.0,,0.0,33.0,11.0,0.0,33.0,,2.2737367544323206e-13,168.4000000000001,987.7999999999984,168.40000000000006,,0.0,168.4000000000001,,,28.0,0.0,15.0,2.2737367544323206e-13,2.2737367544323206e-13,,0.0,1.1191952178338949e-13,2.923577930967537e-26,0.967642790563017,0.6863937886718331,0.6901349210181968,0.09097208810933019,0.02543774331197203,,0.999999664709775,4.4059791007223055e-09,4.4059791007223055e-09,3.6787565615428943e-09,,0.0,0.9999999955939887,1.5171946557926922e-13,,,,,,0.0,1.0,0.0,3.4954031196328703e-13,3.4954031196328703e-13,0.8999999009573569,0.33832967743523273,548,1.3154139617513794,0.6677933958003583,84,0,0.24999997273294405,0.35570077878242007,540,0.0,0.35151161881063736,0.6201616312656545,104,259.95640660182494,0.7275090077549005,319.0,158.7502173855373,0.6965637281961086,334,db,0.573477938514061,0.8443824841957417,0.34525069778143475,3,251.25,7.411073760556303e-14,0.999999999970514,7.430213072931333e-27,0.954377948933178,0.8872783151448167,0.001807886093313249,0.07465373961218841,0.00024776136457375746,0.9999999997235272,2.0315811923354854e-05,4.745454029730922e-11,4.745454029730922e-11,3.9622027880881205e-11,,0.0,0.0031261328403480726,1.5171946557926922e-13,,,,,0.0,,0.0,1.0,0.0,2.847685247612971e-13,2.847685247612971e-13,1.0,0.30156916120430016,0.08604450842067565,1521,1.7471304702502637,0.8076724774475271,264,888.8332239514903,0.5341544947843342,892.5,449.9092436974789,0.5331935995934249,1314,0.49117026184683504,0.8233619396015222,0.4091722348267588,4,986.5,,,,,,,,,,,,,4.976075085728797e-19,0.9999999999715833,7.430213072931333e-27,0.9669075809581729,0.2742895073653044,0.0016841879277844018,0.05647693852409408,0.9999999999999997,0.0002477613645737579,0.9999999999999541,9.960751159770423e-05,3.8435400695480126e-14,3.8435400695480126e-14,3.2091408523615694e-14,,0.0,0.0,0.00456704015061846,1.4108257588933865e-18,,,,,0.13043478260869565,,0.0,1.0,0.7209302325581395,9.54194168962319e-19,9.54194168962319e-19,1.0,0.42658033862811345,0.13286867808967343,1520,1.8408212761683718,0.8935517755560265,410,784.8885271170677,0.6332296602256693,965.0,645.8031088082902,0.5911475403932085,1136,1009.0473684210526,935.5,610.6543869996938,760,0.4758535102197843,0.8532293215616218,0.41093374637766444,5,853.25
db12,1.0,symmetric,7.67027015148143e-27,318.39929213917185,5284754.409318598,0.5307017543859649,91.0230872389296,206,smoothed,6.02163949771267e-14,-2.1261961080654195e-10,6.343338966402439,32004.38432785445,0.9839427478407046,0.00014966566451320268,0.9999999999999999,362.40000000000003,,,,[],[],11,426.59999999999997,32.19999999999993,728.4000000000002,"[9, 31, 53, 64, 80, 102, 131, 148, 158, 175, 192]","[310.9999999999999, 417.79999999999984, 589.6000000000001, 432.1999999999998, 728.4000000000002, 371.0000000000001, 587.0000000000001, 32.19999999999993, 448.20000000000005, 367.99999999999994, 407.2000000000002]","[0, 0, 0, 60, 0, 94, 120, 144, 144, 165, 186]","[20, 40, 75, 75, 203, 120, 203, 149, 203, 186, 203]",30736475.84000001,728.4000000000002,-728.4000000000002,0.0,,,,DWT,mdp.39015067403892,1.4901161193847656e-08,,0.0,33.0,11.0,0.0,33.0,,2.2737367544323206e-13,168.40000000000003,987.7999999999993,168.40000000000003,,0.0,168.40000000000003,,,27.999999999999943,0.0,15.0,2.2737367544323206e-13,2.2737367544323206e-13,,5.684341886080802e-14,8.345006446870502e-14,1.7659921338033675e-26,0.9745048020523304,0.3014679053372856,0.20087876320775216,0.12109920819748504,0.029469380001057897,,0.9999996646602125,4.4059199552998455e-09,4.4059199552998455e-09,3.6787269888316428e-09,,6.125805465799743e-13,0.9999999955940747,1.5171946557926922e-13,,,,,,3.1786782849947497e-13,1.0,0.0,3.4954031196328703e-13,3.4954031196328703e-13,0.8999999009429521,0.3383296774298177,594,0.8961036507833594,0.4549230260175855,269,0,0.24999997272888622,0.3557007787766466,594,0.0,0.2324885798279993,0.4101727772316931,303,178.3647947325929,0.8130348063599655,440.0,385.1781328687184,0.6759094367229597,377,db,0.573477938514061,0.8443824841957417,0.34525069778143475,3,283.5,5.773661526057745e-14,0.9999999999705134,4.6311135786547124e-27,0.9610427617903,0.7950901505767546,0.0005262245270960353,0.09937673130193916,0.00028702914848458255,0.9999999997234246,2.0315811922300142e-05,4.745387416349445e-11,4.745387416349445e-11,3.962169481397382e-11,,6.125805465799743e-13,0.0031261328403482946,1.5171946557926922e-13,,,,,0.0,,1.4749084227875944e-13,1.0,0.0,2.847685247612971e-13,2.847685247612971e-13,1.0,0.30156916120467947,0.08604450842078389,1432,1.7142993486868159,0.7924951373793109,600,588.3128419472075,0.6916599360863692,1016.0,845.6692913385826,0.579582588588258,981,0.49117026184683504,0.8233619396015222,0.4091722348267588,4,736.75,,,,,,,,,,,,,3.876654611934433e-19,0.9999999999715827,4.6311135786547124e-27,0.9717419707926018,0.24579084374118743,0.0013844815261299728,0.07518034024311226,0.9999999999999999,0.00028702914848458255,0.9999999999999541,9.960751159770347e-05,3.8434858594393884e-14,3.8434858594393884e-14,3.20911916831812e-14,,0.0,4.786380409530668e-19,0.004567040150618464,1.4108257588933865e-18,,,,,0.13043478260869565,,4.666576700876887e-21,1.0,0.7209302325581395,9.54194168962319e-19,9.54194168962319e-19,1.0,0.42658033862811345,0.13286867808967343,1531,1.836819792857315,0.8916094183246417,473,748.1189744953673,0.6504116941610434,1002.0,722.7175648702595,0.5910936975478114,1137,1009.0473684210526,935.5,610.6543869996938,760,0.4758535102197843,0.8532293215616218,0.41093374637766444,5,854.0
sym20,1.0,reflect,1.1040976927009383e-17,229.04171744544797,6798447.270589781,0.6557377049180327,325.4718488769623,206,raw,2.637854707050059e-09,3.210872068476618e-10,6.586348856904876,60846.209974183774,0.7461558990977548,5.6189438838408426e-06,0.9999999999999999,327.0000000038833,,,,[],[],13,661.1538461453719,87.00000000032273,939.9999999873131,"[8, 32, 51, 63, 81, 100, 111, 133, 152, 162, 175, 192, 204]","[877.999999991605, 637.9999999891542, 786.9999999883185, 791.9999999892995, 939.9999999873131, 787.9999999899765, 636.9999999909522, 674.9999999949177, 770.9999999910285, 195.99999999500437, 833.999999988044, 571.9999999939004, 87.00000000032273]","[0, 13, 39, 39, 76, 99, 107, 107, 107, 161, 99, 187, 203]","[76, 39, 61, 76, 205, 164, 119, 142, 164, 164, 205, 205, 205]",37754612.99970911,940.9999999923449,-940.9999999923449,0.0,,,,DWT,mdp.39015067403892,0.000290893018245697,,0.0,33.0,19.0,0.0,28.5,,7.655103217985015e-09,256.34134614537186,4359.000000110165,256.341346146165,,0.0,256.34134614537186,,,84.00000000032273,0.0,19.5,1.2686882655543741e-08,7.655103217985015e-09,,3.88331500289496e-09,3.332956838289889e-09,7.8133263629138e-18,0.6312930816060915,0.8790378772385142,0.0011957038228975281,0.739461358313817,0.00025152004905690934,0.9999999997314686,0.4742280249865046,1.3363937924007175e-10,1.3363937924007175e-10,1.3385947052655103e-10,,1.9533426083403995e-07,0.9999999998662928,1.5191386876232192e-08,,,,,,2.879242477544802e-09,1.0,0.0,9.587444307400971e-09,9.587444307400971e-09,0.742268518086862,0.24267162905919978,584,1.514777791731985,0.7275529031708644,596,0,0.20618568815280947,0.24635436677918832,584,0.0,0.4064049430118503,0.7381722753678315,452,68.23488843692792,0.9284749597097192,554.0,546.8291299391041,0.6738810857248805,378,sym,0.8243425715244881,0.7368036147090654,0.2019191155201387,6,285.0,3.332956838289889e-09,0.00015478833101117973,7.813326362913801e-18,0.6312930816060915,0.8790378772385143,0.0022279475391413115,0.8041846419327003,0.002616625594992548,0.9999999997314685,0.9919828214619183,0.9855281703502778,0.9855281703502778,0.9855281703590543,,4.184905262015753e-08,0.9999999999993364,8.465566880659274e-09,,,,,1.0,,2.8792424775448026e-09,1.0,0.25,9.587444307400971e-09,9.587444307400971e-09,0.0,2.2095702301880356,0.6304404055051558,592,1.5421757057553378,0.7129249327031559,1482,629.3250352560273,0.6701650758616209,1037.0,846.0405014464802,0.5633320138217958,1069,0.7763846615972358,0.5622554397616224,0.28785410495344815,6,803.25,,,,,,,,,,,,,2.2378732179260897e-14,0.03641360043942504,7.813326362913801e-18,0.732554684373118,0.27174209285599665,0.0017824159684164237,0.6083805958065966,0.9999999999999999,0.002616625594992548,0.9999999999999555,0.0008499884728434466,0.0007982210226632068,0.0007982210226632068,0.0007982210226640671,,0.0,3.269863640574972e-14,0.020163910573559502,7.872055028185375e-14,,,,,0.4782608695652174,,9.109857706616815e-17,1.0,0.7906976744186046,3.212533218353887e-14,3.212533218353887e-14,0.9302325581395349,0.567475977644953,0.17675400427459081,612,1.6316180337285293,0.792002575123436,1555,666.8016946589144,0.6884104230565821,1083.5,878.3202584217812,0.5910510059208144,1138,1409.1368421052632,1454.5,398.32527672708756,380,0.6645304607900322,0.5565550872278735,0.3678621512786154,7,855.25
sym10,1.0,antisymmetric,2.536475858249788e-23,285.42948513723184,6288064.408512447,0.6205357142857143,297.4500984301413,206,raw,3.909912307620386e-12,-2.1076562717336367e-10,6.46980643688314,95758.05948805604,0.8338055319989383,5.618943883689841e-06,1.0,326.99999999999795,,,,[],[],13,661.1538461538582,87.00000000000162,940.0000000000172,"[8, 32, 51, 63, 81, 100, 111, 133, 152, 162, 175, 192, 204]","[878.0000000000053, 638.0000000000175, 787.000000000018, 792.0000000000163, 940.0000000000172, 788.0000000000127, 637.0000000000134, 675.0000000000073, 771.0000000000128, 196.00000000000887, 834.0000000000183, 572.0000000000077, 87.00000000000162]","[0, 13, 42, 42, 76, 99, 107, 107, 107, 161, 164, 187, 203]","[76, 42, 61, 76, 205, 164, 119, 142, 164, 164, 205, 205, 205]",37754613.0000004,941.0000000000098,-941.0000000000098,0.0,,,,DWT,mdp.39015067403892,4.023313522338867e-07,,0.0,33.0,19.0,0.0,28.5,,9.777068044058979e-12,256.34134615385824,4358.999999999844,256.3413461538582,,0.0,256.34134615385824,,,84.00000000000162,0.0,28.5,1.716671249596402e-11,9.777068044058979e-12,,2.0463630789890885e-12,4.921894188727488e-12,1.794898585026233e-23,0.8393767099543119,0.8387783174310642,0.0006213278577378022,0.47544642857142866,0.003078088015857359,0.9999999997234525,0.47422802461348224,6.705298629657493e-09,6.705298629657493e-09,6.091288191691762e-09,,1.0293391577412962e-10,0.9999999932947081,2.0555575234652634e-11,,,,,,3.982252741526505e-12,1.0,1.0,1.2245046564735777e-11,1.2245046564735777e-11,0.8422684099505983,0.275364833840218,80,1.5147356551427602,0.7275326648243641,597,0,0.2895190031301698,0.34592250958667214,80,0.0,0.3946626089448467,0.716844125685074,568,290.35997772879557,0.6956394363429816,331.25,140.6687131834398,0.6742086070603797,377,sym,0.8243425715244881,0.7368036147090654,0.2019191155201387,6,284.25,4.921894188727487e-12,0.00015478832996307368,1.794898585026233e-23,0.8393767099543118,0.8387783174310643,0.0016541651797390565,0.6057565789473687,0.005436506748351109,0.9999999997234524,0.9919828214562303,0.9855281704453818,0.9855281704453818,0.9855281704452692,,2.2052899676879078e-11,0.9999999999667138,1.1454819651234826e-11,,,,,1.0,,3.982252741526505e-12,1.0,0.75,1.2245046564735777e-11,1.2245046564735777e-11,0.0,2.2595701998446795,0.6447065287154135,80,1.5683659379461232,0.7250322882090258,1408,939.0378054157351,0.5078418210609354,744.0,151.3978494623656,0.5589523570713482,1100,0.7763846615972358,0.5622554397616224,0.28785410495344815,6,826.5,,,,,,,,,,,,,3.3047458220523454e-17,0.036413600438414934,1.794898585026233e-23,0.8834902618849069,0.2592964209198724,0.001648241510195919,0.4582660861665734,1.0,0.005436506748351109,0.9999999999999541,0.0008499884728391438,0.0007982210227402355,0.0007982210227402355,0.0007982210227338963,,0.0,1.7230969474310408e-17,0.020163910573049098,1.065173447964507e-16,,,,,0.4782608695652174,,1.2599757092367595e-19,1.0,0.9302325581395349,4.103034926537971e-17,4.103034926537971e-17,0.9302325581395349,0.581429466016788,0.1811001529055094,195,1.656971605643454,0.8043094348357616,1485,912.1677477306463,0.573753388910913,840.0,344.7321428571429,0.5906150122124658,1139,1409.1368421052632,1454.5,398.32527672708756,380,0.6645304607900322,0.5565550872278735,0.3678621512786154,7,856.0
db8,1.0,constant,4.773879844647963e-27,322.6830776294688,5951170.957755819,0.5909090909090909,258.51248187115834,206,raw,4.39605202294295e-14,-2.0719403970304308e-10,6.345402847964355,65354.55031964464,0.7929067319091571,5.618943883690066e-06,1.0,327.0,,,,[],[],13,661.1538461538462,86.99999999999994,940.0,"[8, 32, 51, 63, 81, 100, 111, 133, 152, 162, 175, 192, 204]","[878.0, 637.9999999999999, 787.0, 792.0, 940.0, 788.0, 637.0000000000001, 675.0, 770.9999999999999, 196.0, 833.9999999999999, 571.9999999999999, 86.99999999999994]","[0, 13, 42, 42, 76, 99, 107, 107, 107, 161, 164, 187, 203]","[76, 42, 61, 76, 205, 164, 119, 142, 164, 164, 205, 205, 205]",37754613.0,941.0,-941.0,0.0,,,,DWT,mdp.39015067403892,0.0,,0.0,33.0,19.0,0.0,28.5,,0.0,256.3413461538462,4359.0,256.3413461538461,,0.0,256.3413461538462,,,83.99999999999994,0.0,28.5,0.0,0.0,,0.0,3.7197035495938486e-14,2.581436009940891e-27,0.9768509000510445,0.7958031181224939,0.00024219384813030696,0.2532467532467534,0.0006165287948367698,0.9999999997235064,0.47422802461153424,6.6959667625959335e-09,6.6959667625959335e-09,6.081912306383589e-09,,0.0,0.9999999933040264,0.0,,,,,,0.0,1.0,1.0,0.0,0.0,0.8422684098776272,0.2753648338163614,223,1.4856785087219886,0.7135764189963067,654,0,0.2895190031157839,0.34592250956948356,225,0.0,0.37834493672335034,0.6872055756635572,695,260.63560130317325,0.7267970636235082,449.25,336.2290984354507,0.6279425569689868,469,db,0.540986235965534,0.9305070477545101,0.3421575204977732,3,352.5,3.719703549593848e-14,0.0001547883299646835,2.581436009940891e-27,0.9768509000510444,0.795803118122494,0.0012754229973398839,0.43875598086124434,0.0029807708393755354,0.9999999997235063,0.9919828214562006,0.9855281704452468,0.9855281704452468,0.9855281704451335,,0.0,0.9999999999667601,0.0,,,,,1.0,,0.0,1.0,0.75,0.0,0.0,0.0,2.2595701998209283,0.6447065287086368,224,1.5613909476591947,0.7218078537542773,1437,857.7205255792821,0.5504609404720744,830.5,387.58338350391335,0.5575942018922216,1116,0.49117026184683504,0.8233619396015222,0.4091722348267588,4,838.0,,,,,,,,,,,,,2.4975495801895143e-19,0.03641360043841643,2.581436009940891e-27,0.9832085647611516,0.24601124754634118,0.0015596756519119517,0.33192703656781614,1.0,0.0029807708393755354,0.9999999999999541,0.0008499884728391214,0.0007982210227401261,0.0007982210227401261,0.0007982210227337863,,0.0,0.0,0.020163910573049823,0.0,,,,,0.4782608695652174,,0.0,1.0,0.9302325581395349,0.0,0.0,0.9302325581395349,0.5814294660167882,0.18110015290550946,125,1.6585978035502007,0.8050988064308159,1473,953.179941039466,0.5545888125983804,799.0,230.44430538172716,0.590612163308536,1140,1009.0473684210526,935.5,610.6543869996938,760,0.4758535102197843,0.8532293215616218,0.41093374637766444,5,856.25
db8,1.0,zero,4.551344480938238e-27,322.89039539340035,5951586.370641929,0.5909090909090909,258.51248187115834,206,raw,4.340864237641195e-14,-2.0709522985385144e-10,6.343621792373963,66260.551446281,0.7957817721944868,5.618943883690066e-06,1.0,327.0,,,,[],[],13,661.1538461538462,86.99999999999994,940.0,"[8, 32, 51, 63, 81, 100, 111, 133, 152, 162, 175, 192, 204]","[878.0, 637.9999999999999, 787.0, 792.0, 940.0, 788.0, 637.0000000000001, 675.0, 770.9999999999999, 196.0, 833.9999999999999, 571.9999999999999, 86.99999999999994]","[0, 13, 42, 42, 76, 99, 107, 107, 107, 161, 164, 187, 203]","[76, 42, 61, 76, 205, 164, 119, 142, 164, 164, 205, 205, 205]",37754613.0,941.0,-941.0,0.0,,,,DWT,mdp.39015067403892,0.0,,0.0,33.0,19.0,0.0,28.5,,0.0,256.3413461538462,4359.0,256.3413461538461,,0.0,256.3413461538462,,,83.99999999999994,0.0,28.5,0.0,0.0,,0.0,3.649972825419824e-14,2.423955251161505e-27,0.9776159495343955,0.7951878527620491,0.00024266134654204465,0.2532467532467534,0.0006898813613176113,0.999999999723508,0.47422802461153424,6.6959667625959335e-09,6.6959667625959335e-09,6.081912306383589e-09,,0.0,0.9999999933040264,0.0,,,,,,0.0,1.0,1.0,0.0,0.0,0.8422684098776272,0.2753648338163614,225,1.4858594805075755,0.713663340357786,652,0,0.2895190031157839,0.34592250956948356,223,0.0,0.3783728872468252,0.6872563435045147,694,259.797998452644,0.7276750540328679,448.5,336.0380504324856,0.6287746339346729,468,db,0.540986235965534,0.9305070477545101,0.3421575204977732,3,351.75,3.649972825419823e-14,0.0001547883299646835,2.423955251161505e-27,0.9776159495343955,0.7951878527620492,0.0012758900126016194,0.43875598086124434,0.003053949875648258,0.9999999997235078,0.9919828214562006,0.9855281704452468,0.9855281704452468,0.9855281704451335,,0.0,0.9999999999667601,0.0,,,,,1.0,,0.0,1.0,0.75,0.0,0.0,0.0,2.2595701998209283,0.6447065287086368,225,1.561571849791123,0.7218914821240859,1436,856.306312016909,0.5512021425487899,830.5,389.04274533413604,0.5579648029305794,1110,0.49117026184683504,0.8233619396015222,0.4091722348267588,4,833.5,,,,,,,,,,,,,2.4507297359290324e-19,0.03641360043841643,2.423955251161505e-27,0.983763501189891,0.24582104698611695,0.001559784859730382,0.33192703656781614,1.0,0.003053949875648258,0.9999999999999541,0.0008499884728391214,0.0007982210227401261,0.0007982210227401261,0.0007982210227337863,,0.0,0.0,0.020163910573049823,0.0,,,,,0.4782608695652174,,0.0,1.0,0.9302325581395349,0.0,0.0,0.9302325581395349,0.5814294660167882,0.18110015290550946,118,1.6588649913457505,0.8052285018728511,1472,957.4225817265853,0.5526062702212218,795.0,218.48553459119498,0.590555471559209,1141,1009.0473684210526,935.5,610.6543869996938,760,0.4758535102197843,0.8532293215616218,0.41093374637766444,5,857.0
rbio3.7,1.0,reflect,2.9375035634183276e-27,322.56761472132956,5015358.381399021,0.5318181818181819,146.33015759813335,206,smoothed,3.6786108140201315e-14,-2.0503534425842011e-10,6.354700623772379,29611.00653597831,0.9541141528850544,0.00014966566451320274,0.9999999999999997,362.40000000000003,,,,[],[],11,426.59999999999997,32.20000000000002,728.4,"[9, 31, 53, 64, 80, 102, 131, 148, 158, 175, 192]","[310.9999999999999, 417.79999999999995, 589.6000000000001, 432.20000000000005, 728.4, 371.0, 587.0000000000001, 32.20000000000002, 448.2, 368.0, 407.2000000000001]","[0, 0, 0, 60, 0, 94, 120, 144, 144, 165, 186]","[20, 40, 75, 75, 203, 120, 203, 149, 203, 186, 203]",30736475.839999996,728.4,-728.4,0.0,,,,DWT,mdp.39015067403892,0.0,,0.0,33.0,11.0,0.0,33.0,,0.0,168.40000000000003,987.7999999999993,168.40000000000003,,0.0,168.40000000000003,,,28.00000000000003,0.0,15.0,0.0,0.0,,5.684341886080802e-14,3.1977006223825615e-14,3.80900828375674e-27,0.9903419806007293,0.3178560060759563,0.08526614504042901,0.12876792967447026,0.009621496539809322,,0.9999996647345563,4.4059199552998455e-09,4.4059199552998455e-09,3.6787269888316428e-09,,6.125805465799743e-13,0.9999999955940747,0.0,,,,,,0.0,1.0,0.0,0.0,0.0,0.8999999009648806,0.3383296774380611,482,0.8511220344043516,0.43208730492615616,337,0,0.24999997273498417,0.35570077878532275,498,0.0,0.21883622256163238,0.3860863240396787,413,73.57762341001961,0.9228746085848851,432.5,422.32460742753136,0.7347601554454823,255,rbio,0.7685897546424816,0.816051598246696,0.21717169227625407,5,192.5,2.8132041353315225e-14,0.9999999999705138,1.2818945557128085e-27,0.9764248157804881,0.7990150332444693,0.00022336426277573865,0.10566985645933058,9.3712523265494e-05,0.9999999997235388,2.0315811923854454e-05,4.745387416349445e-11,4.745387416349445e-11,3.962169481397382e-11,,6.125805465799743e-13,0.0031261328403482946,0.0,,,,,0.0,,0.0,1.0,0.0,0.0,0.0,1.0,0.30156916120441646,0.08604450842070883,1499,1.7277795156955318,0.7987268184527778,467,729.734198184517,0.6175397284148234,983.0,712.1393692777212,0.5511702834946235,1187,0.3888041033402703,1.0,0.4278371276618108,3,891.0,,,,,,,,,,,,,1.8888916048032449e-19,0.9999999999715831,1.2818945557128085e-27,0.9828995001991983,0.24700416555354163,0.0013136600531170558,0.0799412061352262,0.9999999999999997,9.3712523265494e-05,0.9999999999999541,9.960751159770467e-05,3.8434858594393884e-14,3.8434858594393884e-14,3.20911916831812e-14,,0.0,4.786380409530668e-19,0.004567040150618464,0.0,,,,,0.13043478260869565,,0.0,1.0,0.7209302325581395,0.0,0.0,1.0,0.42658033862811345,0.13286867808967343,1506,1.8459125803777015,0.8960231419917795,316,841.4570696119915,0.6067957618635553,911.0,522.3885839736554,0.5905474136420581,1142,818.67,599.5,715.6978453131971,300,0.38607403914171184,1.0,0.42974817260080167,3,857.25
coif14,1.0,zero,2.9192586658608763e-26,314.8190666876305,5972664.581661964,0.5763888888888888,142.67817959605765,206,raw,1.1845540729534584e-13,-2.1923374227128792e-10,6.32123443126524,69617.14378375773,0.8476070213122058,5.618943883690062e-06,0.9999999999999999,327.0000000000001,,,,[],[],13,661.1538461538463,86.99999999999991,939.9999999999999,"[8, 32, 51, 63, 81, 100, 111, 133, 152, 162, 175, 192, 204]","[877.9999999999999, 638.0000000000001, 787.0000000000006, 792.0000000000002, 939.9999999999999, 788.0000000000001, 637.0, 675.0000000000001, 771.0000000000001, 195.9999999999999, 834.0000000000006, 571.9999999999998, 86.99999999999991]","[0, 13, 39, 39, 76, 99, 107, 107, 107, 161, 99, 187, 203]","[76, 39, 61, 76, 205, 164, 119, 142, 164, 164, 205, 205, 205]",37754613.00000001,940.9999999999999,-940.9999999999999,0.0,,,,DWT,mdp.39015067403892,7.450580596923828e-09,,0.0,33.0,19.0,0.0,28.5,,1.1368683772161603e-13,256.3413461538463,4358.999999999998,256.34134615384625,,0.0,256.3413461538463,,,83.99999999999991,0.0,19.5,1.1368683772161603e-13,1.1368683772161603e-13,,1.1368683772161603e-13,1.3132261770522029e-13,1.9861729862427024e-26,0.9478309193507576,0.787454142553187,0.00026638239734143136,0.14434523809523758,0.0009616411366039263,0.999999999723325,0.47422802461150126,6.696054799077647e-09,6.696054799077647e-09,6.082044361106239e-09,,5.718550876340534e-12,0.9999999933039181,1.3612963731558036e-13,,,,,,7.374542113937972e-14,1.0,0.0,1.4238426238064856e-13,1.4238426238064856e-13,0.7422684098806767,0.24267159368309177,757,1.4206815656678247,0.6823581671349438,770,0,0.20618566978298214,0.2463543448305884,755,0.0,0.36010729040707296,0.654079687039098,794,17.944358444926362,0.9811903999529074,769.0,768.6905546774703,0.5875553676913383,572,coif,0.5507900112560971,0.8749445204262634,0.351963635992853,2,429.5,1.3132261770522029e-13,0.0001547883299646835,1.9861729862427024e-26,0.9478309193507576,0.7874541425531871,0.0012995865481824351,0.356907894736842,0.0033250667486800748,0.9999999997233249,0.9919828214562001,0.9855281704452481,0.9855281704452481,0.9855281704451354,,1.2251610931599486e-12,0.9999999999667596,7.585973278963461e-14,,,,,1.0,,7.374542113937972e-14,1.0,0.25,1.4238426238064856e-13,1.4238426238064856e-13,0.0,2.2095701998216737,0.6304403968409453,745,1.507215037143707,0.6967631346511002,1563,578.4133470105959,0.6968483506233774,1154.0,1009.0424610051995,0.5460132738441834,1227,0.4784248188775415,0.776734912893196,0.43208215291776214,2,920.75,,,,,,,,,,,,,8.817496995288063e-19,0.03641360043841641,1.9861729862427024e-26,0.962158626420742,0.24343028015784327,0.0015653261068097992,0.27000744148288447,0.9999999999999999,0.0033250667486800743,0.9999999999999541,0.000849988472839121,0.0007982210227401272,0.0007982210227401272,0.0007982210227337879,,0.0,9.572760819061336e-19,0.020163910573049813,7.054128794466933e-19,,,,,0.4782608695652174,,2.3332883504384434e-21,1.0,0.7906976744186046,4.770970844811595e-19,4.770970844811595e-19,0.9302325581395349,0.5674759776446953,0.17675400427451057,791,1.620050062408904,0.786387374209555,1589,564.2712113868649,0.7363218638379136,1190.0,1056.2176470588236,0.5901235487413867,1143,986.6382352941176,846.0,585.0035688138154,340,0.4652856568234462,0.8173890317607586,0.42908333069536003,4,858.25
sym7,1.0,constant,2.576928816840937e-21,263.1363745215592,4962327.984500464,0.5458715596330275,71.48512923205546,206,smoothed,3.9893467170480944e-11,,6.1939629818915165,36056.72401986462,0.9870962508378743,0.0001496656645134243,0.9999999999999999,362.4000000000008,,,,[],[],11,426.5999999999598,32.19999999993033,728.3999999998589,"[9, 31, 53, 64, 80, 102, 131, 148, 158, 175, 192]","[310.99999999992644, 417.79999999992253, 589.5999999998764, 432.2000000000452, 728.3999999998589, 370.99999999997056, 587.0000000000175, 32.19999999993033, 448.2000000000134, 368.00000000001705, 407.19999999997924]","[0, 0, 0, 60, 0, 94, 120, 144, 144, 165, 186]","[20, 40, 75, 75, 205, 120, 205, 149, 205, 186, 205]",30736475.84000042,728.399999999896,-728.399999999896,0.0,,,,DWT,mdp.39015067403892,4.246830940246582e-07,,0.0,15.0,11.0,0.0,33.0,,1.0402345651527867e-10,168.39999999995985,987.8000000004413,168.3999999999726,,0.0,168.39999999995985,,,27.99999999993034,0.0,15.0,1.410853656125255e-10,1.0402345651527867e-10,,7.958078640513122e-13,8.759152248034395e-11,7.541634193241003e-21,0.7645381605160257,0.08600737855006677,0.06250789179059013,0.2253003483189008,0.06307475823487257,,0.9999996039709471,4.3641041416207484e-09,4.3641041416207484e-09,3.6501893224740224e-09,,8.57612765211964e-12,0.9999999956358852,9.414192839193655e-11,,,,,,9.059233112235037e-12,0.0,0.0,1.5991469272320382e-10,1.5991469272320382e-10,0.7999998828426006,0.3007374801068844,937,0.6483305741277308,0.32913659751756796,879,0,0.1666666343680697,0.23713383243083488,937,0.0,0.17163264821400684,0.3028064433687551,864,38.309050279709794,0.9598437628095285,904.25,903.0292119261331,0.5059963048848481,890,sym,1.0,1.0,0.0,7,669.25,5.0387740031670245e-11,0.9999999999720517,1.823604668031576e-21,0.7571100848693593,0.74348824132266,0.00016374645717653468,0.18488652824722346,0.0006143425530627539,,2.0315810689341962e-05,4.700351219355525e-11,4.700351219355525e-11,3.931421854730388e-11,,8.57612765211964e-12,0.003126132840478968,9.414192839193655e-11,,,,,0.0,,4.203489004944644e-12,0.0,0.0,1.3028160007829345e-10,1.3028160007829345e-10,1.0,0.2015691613090161,0.05751224471474523,1678,1.2002923931383802,0.5548773530855032,1724,32.526911934581186,0.9829523522355444,1701.0,1700.6890064667843,0.5457214591366402,1229,0.7763846615972358,0.5622554397616224,0.28785410495344815,6,923.25,,,,,,,,,,,,,3.38322334790732e-16,0.9999999999730652,1.823604668031576e-21,0.8238173281432681,0.22983884533569882,0.0012997189016761125,0.13987008747311064,0.9999999999999999,0.0006143425530627539,,9.960751159677084e-05,3.807013298356976e-14,3.807013298356976e-14,3.1842258864378525e-14,,0.0,6.700932573342936e-18,0.004567040150620509,8.754173833933463e-16,,,,,0.13043478260869565,,1.3299743597499129e-19,0.7209302325581395,0.7209302325581395,4.3654383230026085e-16,4.3654383230026085e-16,1.0,0.39867336188392843,0.12417638082767592,1751,1.3660534510070375,0.6630950556984595,1731,14.142135623730951,0.9933915254094715,1741.0,1740.9425617461227,0.5899200617701563,1144,1409.1368421052632,1454.5,398.32527672708756,380,0.6645304607900322,0.5565550872278735,0.3678621512786154,7,859.75
rbio5.5,1.0,smooth,2.2174530263355282e-20,253.78885445570344,5147409.979024604,0.5509259259259259,70.18304855798938,206,smoothed,1.233342360279445e-10,,6.139628806876796,39422.503476793965,0.9895627438619333,0.00014966566451293743,0.9999999999999993,362.40000000002476,,,,[],[],11,426.60000000038343,32.20000000005214,728.4000000006076,"[9, 31, 53, 64, 80, 102, 131, 148, 158, 175, 192]","[311.00000000037573, 417.80000000033715, 589.6000000004158, 432.200000000701, 728.4000000006076, 371.00000000047, 587.0000000001749, 32.20000000005214, 448.20000000030427, 368.0000000003919, 407.20000000038704]","[1, 1, 1, 60, 1, 94, 120, 144, 144, 165, 186]","[20, 40, 75, 75, 204, 120, 204, 149, 204, 186, 204]",30736475.840008885,728.4000000004494,-728.4000000004494,0.0,,,,DWT,mdp.39015067403892,8.888542652130127e-06,,0.0,15.0,11.0,0.0,33.0,,4.4940406951354817e-10,168.4000000003835,987.799999995781,168.40000000038341,,0.0,168.4000000003835,,,28.000000000052154,0.0,33.0,6.076561476220377e-10,4.4940406951354817e-10,,2.4783730623312294e-11,2.708992039138053e-10,6.489596778591701e-20,0.7290230722881208,0.007635543816722018,0.14193673165809498,0.2600187063817544,0.09098660677134277,,0.9999997101833569,4.804914975213834e-09,4.804914975213834e-09,4.077633290902047e-09,,2.670851183088688e-10,0.9999999951950689,4.0547027176059697e-10,,,,,,1.8960815969993682e-10,0.0,1.0,6.908664265954368e-10,6.908664265954368e-10,0.8999999154662087,0.33832968288942794,307,0.6526021064527896,0.331305117207616,867,0,0.2499999767758154,0.3557007845346306,309,0.0,0.17565723731241917,0.309906907782678,841,315.4129568253868,0.6693784519650033,581.0,452.6915732639898,0.5301818884562962,791,rbio,0.7685897546424816,0.816051598246696,0.21717169227625407,5,594.5,1.5581659908543834e-10,0.9999999999686722,1.5692165127836883e-20,0.7226156196514273,0.7247185095101095,0.00037181924212213334,0.21337719298245633,0.0008862014831714316,,2.0315812847171433e-05,5.175115891375981e-11,5.175115891375981e-11,4.391809138581948e-11,,2.670851183088688e-10,0.003126132839100959,4.0547027176059697e-10,,,,,0.0,,8.797828741928e-11,0.0,1.0,5.628449891907037e-10,5.628449891907037e-10,1.0,0.3015691618130356,0.08604450859436166,1267,1.1818198939905697,0.5463377909832967,1755,345.0681092190352,0.8191466932814281,1511.0,1471.5982792852415,0.513608986053712,1458,0.3888041033402703,1.0,0.4278371276618108,3,1094.25,,,,,,,,,,,,,1.0462115500437836e-15,0.9999999999698084,1.5692165127836883e-20,0.7987964167435684,0.22403644894623778,0.001348375073712477,0.1614238037252516,0.9999999999999994,0.0008862014831714318,,9.960751159840311e-05,4.191558124894135e-14,4.191558124894135e-14,3.557104697599067e-14,,0.0,2.0868618585553715e-16,0.004567040150598948,3.770431840642576e-15,,,,,0.13043478260869565,,2.783613002073063e-18,0.7209302325581395,1.0,1.885964774954023e-15,1.885964774954023e-15,1.0,0.42658033862810985,0.1328686780896723,1671,1.3568942641304278,0.6586491011659916,1741,49.49747468305833,0.9768703389331503,1706.0,1705.2819460726848,0.5898370386254537,1145,818.67,599.5,715.6978453131971,300,0.38607403914171184,1.0,0.42974817260080167,3,859.5
db21,1.0,symmetric,1.0943446101725396e-26,316.85585770959995,5728483.444512716,0.5284552845528455,103.77885698015912,206,smoothed,7.036442625973806e-14,-2.0149966140081733e-10,6.48511870977844,31123.195216633078,0.9830434094039389,0.0001496656645132027,0.9999999999999999,362.4000000000001,,,,[],[],11,426.59999999999985,32.20000000000002,728.3999999999999,"[9, 31, 53, 64, 80, 102, 131, 148, 158, 175, 192]","[310.99999999999966, 417.79999999999995, 589.6, 432.19999999999993, 728.3999999999999, 371.00000000000034, 586.9999999999999, 32.20000000000002, 448.1999999999999, 367.9999999999998, 407.19999999999993]","[1, 1, 1, 60, 1, 94, 120, 144, 144, 165, 186]","[20, 40, 75, 75, 204, 120, 204, 149, 204, 186, 204]",30736475.83999999,728.3999999999999,-728.3999999999999,0.0,,,,DWT,mdp.39015067403892,7.450580596923828e-09,,0.0,15.0,11.0,0.0,33.0,,1.1368683772161603e-13,168.39999999999992,987.8000000000002,168.39999999999995,,0.0,168.39999999999992,,,28.00000000000003,0.0,33.0,1.1368683772161603e-13,1.1368683772161603e-13,,1.1368683772161603e-13,1.0574386773779283e-13,2.7239196938171305e-26,0.9686406573857188,0.505971583057423,0.39130724098384967,0.1056682442498936,0.022161825445229502,,0.9999996647345563,4.405801664454926e-09,4.405801664454926e-09,3.6786382706978885e-09,,1.2251610931599486e-12,0.9999999955941608,7.585973278963461e-14,,,,,,1.5893391424973748e-13,0.0,1.0,1.7477015598164352e-13,1.7477015598164352e-13,0.8999999009653197,0.3383296774382261,454,1.0809558343301484,0.5487665391330049,171,0,0.24999997273506402,0.3557007787854364,456,0.0,0.28482136444603146,0.5025019730267165,183,160.5801980320114,0.8316769412662355,316.0,254.64634535696163,0.7502200219958012,233,db,0.573477938514061,0.8443824841957417,0.34525069778143475,3,175.5,7.055882884294862e-14,0.9999999999705136,6.947429617912313e-27,0.9553471393287342,0.8440679395815344,0.0010250733554299086,0.08671373555840839,0.00021585421499128316,0.9999999997235921,2.0315811923854454e-05,4.74525418958649e-11,4.74525418958649e-11,3.9620695613251655e-11,,1.2251610931599486e-12,0.003126132840348572,7.585973278963461e-14,,,,,0.0,,7.374542113937972e-14,0.0,1.0,1.4238426238064856e-13,1.4238426238064856e-13,1.0,0.30156916120485355,0.08604450842083355,1398,1.7305266258556946,0.7999967666945724,441,676.701189595526,0.6453348062916531,919.5,670.4926590538336,0.5817082836489712,971,0.49117026184683504,0.8233619396015222,0.4091722348267588,4,729.25,,,,,,,,,,,,,4.737586504026965e-19,0.999999999971583,6.947429617912313e-27,0.9676105930751442,0.26093163258799956,0.0015011333718670202,0.06560054911873714,0.9999999999999999,0.00021585421499128316,0.9999999999999541,9.960751159770467e-05,3.8433882812438647e-14,3.8433882812438647e-14,3.209043274166046e-14,,0.0,9.572760819061336e-19,0.004567040150618468,7.054128794466933e-19,,,,,0.13043478260869565,,2.3332883504384434e-21,0.7209302325581395,1.0,4.770970844811595e-19,4.770970844811595e-19,1.0,0.42658033862811345,0.13286867808967343,1533,1.8381093001499675,0.8922353571628436,458,760.1397897755386,0.6447944907590941,995.5,705.2877950778503,0.5898037874356218,1146,1009.0473684210526,935.5,610.6543869996938,760,0.4758535102197843,0.8532293215616218,0.41093374637766444,5,860.75
sym8,1.0,antisymmetric,8.838439335661458e-22,267.7836428884216,5100555.19782837,0.5272727272727272,91.68052300097271,206,smoothed,2.3950808973645548e-11,,6.268504761770276,51330.82072768577,0.9886028861988582,0.0001496656645132178,0.9999999999999999,362.3999999999955,,,,[],[],11,426.5999999999425,32.19999999999675,728.3999999999227,"[9, 31, 53, 64, 80, 102, 131, 148, 158, 175, 192]","[310.9999999999404, 417.79999999996954, 589.599999999957, 432.19999999985555, 728.3999999999227, 370.9999999999228, 586.9999999999827, 32.19999999999675, 448.19999999995343, 367.99999999992883, 407.1999999999375]","[0, 0, 0, 60, 0, 94, 120, 144, 144, 165, 186]","[20, 40, 75, 75, 205, 120, 205, 149, 205, 186, 205]",30736475.839998543,728.3999999999355,-728.3999999999355,0.0,,,,DWT,mdp.39015067403892,1.4528632164001465e-06,,0.0,15.0,11.0,0.0,33.0,,6.446043698815629e-11,168.39999999994257,987.8000000006314,168.39999999994953,,0.0,168.39999999994257,,,27.99999999999676,0.0,15.0,7.73070496506989e-11,6.446043698815629e-11,,4.490630090003833e-12,5.2567735547840625e-11,2.586652561377546e-21,0.7821950518524509,0.19352674461764305,0.12182877398111397,0.09754527794674564,0.18974029865297468,,0.9999996618847132,4.346123933192962e-09,4.346123933192962e-09,3.6261762809378693e-09,,4.839386317981797e-11,0.9999999956538653,5.1584618296951534e-11,,,,,,3.099211327869881e-11,0.0,0.0,9.909467844159187e-11,9.909467844159187e-11,0.7999999001929969,0.30073748662927846,877,0.7419090210665075,0.37664336776027313,691,0,0.16666663918218025,0.23713383928036713,877,0.0,0.19783373530049944,0.34903225224378454,601,138.33654614742989,0.8549931382102411,761.5,741.8984837543655,0.5283875544300682,798,sym,1.0,1.0,0.0,7,600.25,3.0243914812995804e-11,0.9999999999706184,6.254656951903277e-22,0.7742595572331239,0.76923868690825,0.0003191441840399951,0.08004784688995215,0.001848053686695091,,2.0315811865956324e-05,4.6809833786909394e-11,4.6809833786909394e-11,3.905570311601991e-11,,4.839386317981797e-11,0.0031261328405352007,5.1584618296951534e-11,,,,,0.0,,1.4380357122179044e-11,0.0,0.0,8.073187676982773e-11,8.073187676982773e-11,1.0,0.20156916129310218,0.057512244710204635,1682,1.182093010116937,0.54646404851367,1754,50.91168824543142,0.9733167252382435,1718.0,1717.2456344586728,0.5364487190132518,1289,0.7763846615972358,0.5622554397616224,0.28785410495344815,6,968.25,,,,,,,,,,,,,2.0306907724604234e-16,0.9999999999716839,6.254656951903277e-22,0.8362568724543447,0.23779923038461753,0.0013360574287655893,0.06055768071733436,0.9999999999999999,0.001848053686695091,,9.960751159766087e-05,3.791324892921111e-14,3.791324892921111e-14,3.1632791004654326e-14,,0.0,3.781240523529228e-17,0.004567040150621388,4.796807580237514e-16,,,,,0.13043478260869565,,4.549912283354965e-19,0.7209302325581395,0.7209302325581395,2.705140469008174e-16,2.705140469008174e-16,1.0,0.39867336188392877,0.12417638082767601,1740,1.3462840611324152,0.6534988099070715,1753,9.192388155425117,0.9957044915161565,1746.5,1746.475808760378,0.5897914980945269,1147,1409.1368421052632,1454.5,398.32527672708756,380,0.6645304607900322,0.5565550872278735,0.3678621512786154,7,862.0
sym20,1.0,periodic,1.1056497586615989e-17,229.03561671395767,6803851.690073395,0.6557377049180327,325.1354498094673,206,raw,2.6394659144419433e-09,3.3017812317058996e-09,6.568621329968949,61413.13348818098,0.7515573424235383,5.6189438838421055e-06,1.0,327.0000000038833,,,,[],[],13,661.1538461451993,86.99999999882667,939.9999999873131,"[8, 32, 51, 63, 81, 100, 111, 133, 152, 162, 175, 192, 204]","[877.9999999908541, 637.9999999891552, 786.9999999883185, 791.9999999892995, 939.9999999873131, 787.9999999899765, 636.9999999909522, 674.9999999949177, 770.9999999910285, 195.99999999500437, 833.999999988044, 571.9999999938998, 86.99999999882667]","[0, 13, 39, 39, 76, 99, 107, 107, 107, 161, 99, 187, 203]","[76, 39, 61, 76, 205, 164, 119, 142, 164, 164, 205, 205, 205]",37754612.99970683,940.9999999923449,-940.9999999923449,0.0,,,,DWT,mdp.39015067403892,0.0002931728959083557,,0.0,33.0,19.0,0.0,28.5,,7.655103217985015e-09,256.3413461451993,4359.00000011241,256.34134614599213,,0.0,256.3413461451993,,,83.99999999882667,0.0,19.5,1.2686882655543741e-08,7.655103217985015e-09,,3.88331500289496e-09,3.334992626782149e-09,7.824309809368598e-18,0.6312705685257544,0.8729139059773888,0.0012017858622598893,0.739461358313817,0.000297419875809248,0.9999999997763932,0.474228023248573,0.0,0.0,0.0,,1.9533426083403995e-07,1.0,1.5191386876232192e-08,,,,,,2.9018085764134526e-09,1.0,0.0,9.587444307400971e-09,9.587444307400971e-09,0.7422685175232776,0.24267162887494578,589,1.5117236992221825,0.7260860121957079,603,0,0.20618568798757642,0.2463543665817649,589,0.0,0.4056431302083019,0.7367885591993417,469,62.68173577685928,0.9342958744477367,562.5,556.6257696182694,0.6723366164691513,383,sym,0.8243425715244881,0.7368036147090654,0.2019191155201387,6,288.75,3.334992626782149e-09,0.0001547883310200615,7.8243098093686e-18,0.6312705685257542,0.8729139059773889,0.002234023292840968,0.8041846419327003,0.0026624168364987105,0.9999999997763931,0.9919828214354177,0.9855281703483438,0.9855281703483438,0.985528170357117,,4.184905262015753e-08,1.0,8.465566880659274e-09,,,,,1.0,,2.9018085764134526e-09,1.0,0.25,9.587444307400971e-09,9.587444307400971e-09,0.0,2.2095702301899585,0.6304404055057043,590,1.5391215666686082,0.7115130495469455,1487,634.2747827243331,0.6675708685931168,1038.5,844.8050072219547,0.5616418284265374,1083,0.7763846615972358,0.5622554397616224,0.28785410495344815,6,813.75,,,,,,,,,,,,,2.239240123279274e-14,0.036413600439433494,7.8243098093686e-18,0.7325383542811773,0.26984895399340736,0.0017838367352761473,0.6083805958065966,1.0,0.0026624168364987105,0.9999999999999629,0.0008499884728233999,0.0007982210226616404,0.0007982210226616404,0.0007982210226624982,,0.0,3.269863640574972e-14,0.020163910573569886,7.872055028185375e-14,,,,,0.4782608695652174,,9.18125633014023e-17,1.0,0.7906976744186046,3.212533218353887e-14,3.212533218353887e-14,0.9302325581395349,0.5674759776449507,0.17675400427459012,614,1.630680693122108,0.7915475812715006,1560,668.9230150024739,0.6874191518680028,1087.0,881.177552897884,0.589737613317179,1148,1409.1368421052632,1454.5,398.32527672708756,380,0.6645304607900322,0.5565550872278735,0.3678621512786154,7,862.75
sym7,1.0,smooth,2.576928816840937e-21,263.1363745215592,4962327.984500464,0.5458715596330275,71.48512923205546,206,smoothed,3.9893467170480944e-11,,6.1939629818915165,36056.72401986462,0.9870962508378743,0.0001496656645134243,0.9999999999999999,362.4000000000008,,,,[],[],11,426.5999999999598,32.19999999993033,728.3999999998589,"[9, 31, 53, 64, 80, 102, 131, 148, 158, 175, 192]","[310.99999999992644, 417.79999999992253, 589.5999999998764, 432.2000000000452, 728.3999999998589, 370.99999999997056, 587.0000000000175, 32.19999999993033, 448.2000000000134, 368.00000000001705, 407.19999999997924]","[0, 0, 0, 60, 0, 94, 120, 144, 144, 165, 186]","[20, 40, 75, 75, 205, 120, 205, 149, 205, 186, 205]",30736475.84000042,728.399999999896,-728.399999999896,0.0,,,,DWT,mdp.39015067403892,4.246830940246582e-07,,0.0,15.0,11.0,0.0,33.0,,1.0402345651527867e-10,168.39999999995985,987.8000000004413,168.3999999999726,,0.0,168.39999999995985,,,27.99999999993034,0.0,15.0,1.410853656125255e-10,1.0402345651527867e-10,,7.958078640513122e-13,8.759152248034395e-11,7.541634193241003e-21,0.7645381605160257,0.08600737855006677,0.06250789179059013,0.2253003483189008,0.06307475823487257,,0.9999996039709471,4.3641041416207484e-09,4.3641041416207484e-09,3.6501893224740224e-09,,8.57612765211964e-12,0.9999999956358852,9.414192839193655e-11,,,,,,9.059233112235037e-12,0.0,0.0,1.5991469272320382e-10,1.5991469272320382e-10,0.7999998828426006,0.3007374801068844,938,0.6483305741277308,0.32913659751756796,881,0,0.1666666343680697,0.23713383243083488,936,0.0,0.17163264821400684,0.3028064433687551,863,38.24918299781056,0.9599065167737835,904.5,903.2818866983223,0.5058966546133068,891,sym,1.0,1.0,0.0,7,670.0,5.0387740031670245e-11,0.9999999999720517,1.823604668031576e-21,0.7571100848693593,0.74348824132266,0.00016374645717653468,0.18488652824722346,0.0006143425530627539,,2.0315810689341962e-05,4.700351219355525e-11,4.700351219355525e-11,3.931421854730388e-11,,8.57612765211964e-12,0.003126132840478968,9.414192839193655e-11,,,,,0.0,,4.203489004944644e-12,0.0,0.0,1.3028160007829345e-10,1.3028160007829345e-10,1.0,0.2015691613090161,0.05751224471474523,1677,1.2002923931383802,0.5548773530855032,1725,33.94112549695428,0.982211150158829,1701.0,1700.6613756613758,0.5453508580982824,1232,0.7763846615972358,0.5622554397616224,0.28785410495344815,6,925.5,,,,,,,,,,,,,3.38322334790732e-16,0.9999999999730652,1.823604668031576e-21,0.8238173281432681,0.22983884533569882,0.0012997189016761125,0.13987008747311064,0.9999999999999999,0.0006143425530627539,,9.960751159677084e-05,3.807013298356976e-14,3.807013298356976e-14,3.1842258864378525e-14,,0.0,6.700932573342936e-18,0.004567040150620509,8.754173833933463e-16,,,,,0.13043478260869565,,1.3299743597499129e-19,0.7209302325581395,0.7209302325581395,4.3654383230026085e-16,4.3654383230026085e-16,1.0,0.39867336188392843,0.12417638082767592,1752,1.3660534510070375,0.6630950556984595,1733,13.435028842544403,0.9937219491389979,1742.5,1742.4482065997133,0.5897348063451999,1149,1409.1368421052632,1454.5,398.32527672708756,380,0.6645304607900322,0.5565550872278735,0.3678621512786154,7,863.5
db33,1.0,smooth,1.598589574773788e-26,315.21002897860734,4964672.094401807,0.5555555555555556,37.152786880388426,206,smoothed,8.956158360786822e-14,-2.0551360613296807e-10,6.191038452400236,45430.130260631006,0.9912120037178608,0.00014966566451320284,0.9999999999999999,362.3999999999999,,,,[],[],11,426.59999999999985,32.19999999999985,728.3999999999997,"[9, 31, 53, 64, 80, 102, 131, 148, 158, 175, 192]","[310.99999999999983, 417.79999999999984, 589.6, 432.1999999999998, 728.3999999999997, 371.0000000000001, 586.9999999999999, 32.19999999999985, 448.20000000000005, 367.9999999999998, 407.2]","[1, 1, 1, 60, 1, 94, 120, 144, 144, 165, 186]","[20, 40, 75, 75, 205, 120, 205, 149, 205, 186, 205]",30736475.84,728.3999999999997,-728.3999999999997,0.0,,,,DWT,mdp.39015067403892,3.725290298461914e-09,,0.0,15.0,11.0,0.0,33.0,,2.2737367544323206e-13,168.39999999999992,987.8000000000002,168.39999999999992,,0.0,168.39999999999992,,,27.999999999999858,0.0,33.0,2.2737367544323206e-13,2.2737367544323206e-13,,5.684341886080802e-14,1.479173334402761e-13,4.1996428322377746e-26,0.9623874744904253,0.08178902533312155,0.06351387797776235,0.29181955536369564,0.14080685524569814,,0.9999996645858688,4.405801664454926e-09,4.405801664454926e-09,3.678608697986637e-09,,6.125805465799743e-13,0.9999999955941608,1.5171946557926922e-13,,,,,,7.946695712486874e-14,0.0,1.0,3.4954031196328703e-13,3.4954031196328703e-13,0.8999999009204663,0.33832967742136477,623,0.823134500593499,0.4178789334270865,434,0,0.24999997272264868,0.3557007787677718,625,0.0,0.22004525548726442,0.3882193853420357,400,120.31763517179571,0.8738808855641554,520.5,499.42042870820575,0.6641417006437129,407,db,0.573477938514061,0.8443824841957417,0.34525069778143475,3,306.0,9.481477020113982e-14,0.9999999999705145,1.0515800878655862e-26,0.9492736587139909,0.7424779630914298,0.00016638175120740418,0.23947368421052662,0.0013714462862983107,0.9999999997235316,2.0315811920856852e-05,4.74525418958649e-11,4.74525418958649e-11,3.962036254634427e-11,,6.125805465799743e-13,0.003126132840348572,1.5171946557926922e-13,,,,,0.0,,3.687271056968986e-14,0.0,1.0,2.847685247612971e-13,2.847685247612971e-13,1.0,0.3015691612046227,0.08604450842076768,1445,1.7372244197290385,0.8030930573627454,373,758.0184694319789,0.6027156868805141,909.0,592.9427942794279,0.5631502962704458,1073,0.49117026184683504,0.8233619396015222,0.4091722348267588,4,805.75,,,,,,,,,,,,,6.366222102228511e-19,0.9999999999715838,1.0515800878655862e-26,0.9632051321007766,0.2295265321487133,0.0013003351443037388,0.1811662833175486,0.9999999999999999,0.0013714462862983107,0.9999999999999541,9.960751159770228e-05,3.8433882812438647e-14,3.8433882812438647e-14,3.209010748100871e-14,,0.0,4.786380409530668e-19,0.004567040150618468,1.4108257588933865e-18,,,,,0.13043478260869565,,1.1666441752192217e-21,0.7209302325581395,1.0,9.54194168962319e-19,9.54194168962319e-19,1.0,0.42658033862811345,0.13286867808967343,1480,1.86635160473997,0.9059444345941513,147,942.5733393216678,0.5595451685412767,813.5,267.4370006146282,0.5897024908126944,1150,1009.0473684210526,935.5,610.6543869996938,760,0.4758535102197843,0.8532293215616218,0.41093374637766444,5,863.75
rbio5.5,1.0,zero,2.2174530263355282e-20,253.78885445570344,5147409.979024604,0.5509259259259259,70.18304855798938,206,smoothed,1.233342360279445e-10,,6.139628806876796,39422.503476793965,0.9895627438619333,0.00014966566451293743,0.9999999999999993,362.40000000002476,,,,[],[],11,426.60000000038343,32.20000000005214,728.4000000006076,"[9, 31, 53, 64, 80, 102, 131, 148, 158, 175, 192]","[311.00000000037573, 417.80000000033715, 589.6000000004158, 432.200000000701, 728.4000000006076, 371.00000000047, 587.0000000001749, 32.20000000005214, 448.20000000030427, 368.0000000003919, 407.20000000038704]","[1, 1, 1, 60, 1, 94, 120, 144, 144, 165, 186]","[20, 40, 75, 75, 204, 120, 204, 149, 204, 186, 204]",30736475.840008885,728.4000000004494,-728.4000000004494,0.0,,,,DWT,mdp.39015067403892,8.888542652130127e-06,,0.0,15.0,11.0,0.0,33.0,,4.4940406951354817e-10,168.4000000003835,987.799999995781,168.40000000038341,,0.0,168.4000000003835,,,28.000000000052154,0.0,33.0,6.076561476220377e-10,4.4940406951354817e-10,,2.4783730623312294e-11,2.708992039138053e-10,6.489596778591701e-20,0.7290230722881208,0.007635543816722018,0.14193673165809498,0.2600187063817544,0.09098660677134277,,0.9999997101833569,4.804914975213834e-09,4.804914975213834e-09,4.077633290902047e-09,,2.670851183088688e-10,0.9999999951950689,4.0547027176059697e-10,,,,,,1.8960815969993682e-10,0.0,1.0,6.908664265954368e-10,6.908664265954368e-10,0.8999999154662087,0.33832968288942794,309,0.6526021064527896,0.331305117207616,866,0,0.2499999767758154,0.3557007845346306,307,0.0,0.17565723731241917,0.309906907782678,839,314.56146723123396,0.6702709987093984,580.25,452.4782219596859,0.5310212435895001,786,rbio,0.7685897546424816,0.816051598246696,0.21717169227625407,5,590.75,1.5581659908543834e-10,0.9999999999686722,1.5692165127836883e-20,0.7226156196514273,0.7247185095101095,0.00037181924212213334,0.21337719298245633,0.0008862014831714316,,2.0315812847171433e-05,5.175115891375981e-11,5.175115891375981e-11,4.391809138581948e-11,,2.670851183088688e-10,0.003126132839100959,4.0547027176059697e-10,,,,,0.0,,8.797828741928e-11,0.0,1.0,5.628449891907037e-10,5.628449891907037e-10,1.0,0.3015691618130356,0.08604450859436166,1268,1.1818198939905697,0.5463377909832967,1756,345.0681092190352,0.8191466932814281,1512.0,1472.6243386243386,0.5133469315463743,1461,0.3888041033402703,1.0,0.4278371276618108,3,1096.5,,,,,,,,,,,,,1.0462115500437836e-15,0.9999999999698084,1.5692165127836883e-20,0.7987964167435684,0.22403644894623778,0.001348375073712477,0.1614238037252516,0.9999999999999994,0.0008862014831714318,,9.960751159840311e-05,4.191558124894135e-14,4.191558124894135e-14,3.557104697599067e-14,,0.0,2.0868618585553715e-16,0.004567040150598948,3.770431840642576e-15,,,,,0.13043478260869565,,2.783613002073063e-18,0.7209302325581395,1.0,1.885964774954023e-15,1.885964774954023e-15,1.0,0.42658033862810985,0.1328686780896723,1672,1.3568942641304278,0.6586491011659916,1742,49.49747468305833,0.9768703389331503,1707.0,1706.282366725249,0.5896033937656406,1151,818.67,599.5,715.6978453131971,300,0.38607403914171184,1.0,0.42974817260080167,3,864.0
db31,1.0,constant,1.6398656685484635e-26,317.3237097307362,5905416.972170172,0.5939849624060151,194.1674721398005,206,raw,9.224983236846547e-14,-2.0638613040802346e-10,6.39898425923192,67222.09808420652,0.8260071374641196,5.618943883690066e-06,1.0,327.0000000000001,,,,[],[],13,661.1538461538462,86.99999999999977,940.0,"[8, 32, 51, 63, 81, 100, 111, 133, 152, 162, 175, 192, 204]","[877.9999999999994, 638.0000000000001, 787.0, 791.9999999999998, 940.0, 787.9999999999998, 636.9999999999999, 675.0000000000002, 770.9999999999998, 195.9999999999999, 833.9999999999999, 572.0, 86.99999999999977]","[0, 13, 42, 42, 76, 99, 107, 107, 107, 161, 164, 187, 203]","[76, 39, 61, 76, 205, 164, 119, 142, 164, 164, 205, 205, 205]",37754613.0,941.0,-941.0,0.0,,,,DWT,mdp.39015067403892,0.0,,0.0,33.0,19.0,0.0,28.5,,0.0,256.3413461538462,4359.0,256.341346153846,,0.0,256.3413461538462,,,83.99999999999977,0.0,28.5,0.0,0.0,,1.1368683772161603e-13,9.821141914821055e-14,1.0807897849614772e-26,0.9570736192032383,0.8143128078225343,0.00019070311130639294,0.2763157894736843,0.0007677310588612777,0.9999999997235186,0.4742280246113362,6.6959667625959335e-09,6.6959667625959335e-09,6.0818682881427056e-09,,5.718550876340534e-12,0.9999999933040264,0.0,,,,,,0.0,1.0,1.0,0.0,0.0,0.8422684098804138,0.27536483381727245,153,1.4923293350913185,0.7167708334245502,647,0,0.2895190031162402,0.3459225095700288,153,0.0,0.3810825812991551,0.6921780873429028,678,294.4320804532006,0.6913709848498946,407.75,248.5642813295965,0.6319800416911947,457,db,0.540986235965534,0.9305070477545101,0.3421575204977732,3,343.5,9.821141914821054e-14,0.0001547883299646835,1.0807897849614772e-26,0.9570736192032383,0.8143128078225343,0.0012239854751344237,0.45609418282548503,0.0031316154041183004,0.9999999997235185,0.9919828214561976,0.9855281704452468,0.9855281704452468,0.9855281704451329,,1.2251610931599486e-12,0.9999999999667601,0.0,,,,,1.0,,0.0,1.0,0.75,0.0,0.0,0.0,2.2595701998215403,0.6447065287088114,153,1.5657493238510451,0.7238226663606969,1424,898.7327188881019,0.528966080247326,788.5,276.3119847812302,0.5578530610880237,1112,0.49117026184683504,0.8233619396015222,0.4091722348267588,4,835.0,,,,,,,,,,,,,6.594285952981723e-19,0.03641360043841643,1.0807897849614772e-26,0.9688629128226867,0.2517332556047485,0.001547647394923862,0.3450437079032314,1.0,0.0031316154041183004,0.9999999999999541,0.0008499884728391191,0.0007982210227401261,0.0007982210227401261,0.0007982210227337859,,0.0,9.572760819061336e-19,0.020163910573049823,0.0,,,,,0.4782608695652174,,0.0,1.0,0.9302325581395349,0.0,0.0,0.9302325581395349,0.5814294660167882,0.18110015290550946,121,1.6581524086478947,0.8048826076010156,1476,958.1296885077719,0.5522758464916954,798.5,223.6643706950532,0.5895725026851,1152,1009.0473684210526,935.5,610.6543869996938,760,0.4758535102197843,0.8532293215616218,0.41093374637766444,5,865.25
bior1.3,1.0,periodic,3.725690490390218e-27,321.53533100953075,4988253.357337935,0.5428571428571428,134.6089763702733,206,smoothed,4.3615596571293533e-14,-2.121218534156815e-10,6.2324636300708525,35125.887654053295,0.9539563874676601,0.00014966566451320268,0.9999999999999999,362.40000000000003,,,,[],[],11,426.6,32.20000000000002,728.4,"[9, 31, 53, 64, 80, 102, 131, 148, 158, 175, 192]","[311.0000000000001, 417.8000000000001, 589.6, 432.20000000000005, 728.4, 371.00000000000017, 587.0, 32.20000000000002, 448.2, 368.0000000000001, 407.2000000000001]","[1, 1, 1, 60, 1, 94, 120, 144, 144, 165, 186]","[20, 40, 75, 75, 204, 120, 204, 149, 204, 186, 204]",30736475.840000007,728.4,-728.4,0.0,,,,DWT,mdp.39015067403892,1.1175870895385742e-08,,0.0,15.0,11.0,0.0,33.0,,0.0,168.4000000000001,987.7999999999984,168.4000000000001,,0.0,168.4000000000001,,,28.00000000000003,0.0,33.0,0.0,0.0,,5.684341886080802e-14,4.6980435684293514e-14,6.115715870718732e-27,0.9864199085599663,0.14154086986414433,0.07363389187994107,0.20459436958465665,0.05535548726443674,,0.9999996647345563,4.4059791007223055e-09,4.4059791007223055e-09,3.6787861342541454e-09,,6.125805465799743e-13,0.9999999955939887,0.0,,,,,,2.3840087137460624e-13,0.0,1.0,0.0,0.0,0.89999990096501,0.3383296774381097,475,0.8034192687476739,0.4078701437942125,486,0,0.24999997273501165,0.3557007787853618,487,0.0,0.2087920753075989,0.36836572986185306,500,10.23067283548187,0.9892760242814655,487.0,486.8392492017743,0.7393969219939822,247,bior,0.8100315533562081,0.7923003667562746,0.1952878026237719,6,186.75,3.6761218469850826e-14,0.9999999999705134,1.839667815882972e-27,0.9726154551863612,0.7567882838969645,0.00019289226652938326,0.16789473684210524,0.0005391575381935433,0.999999999723432,2.0315811923854454e-05,4.745454029730922e-11,4.745454029730922e-11,3.962224992548613e-11,,6.125805465799743e-13,0.0031261328403480726,0.0,,,,,0.0,,1.1061813170906958e-13,0.0,1.0,0.0,0.0,1.0,0.3015691612044722,0.08604450842072474,1487,1.729433418826221,0.7994913933152554,446,736.098159215196,0.6142043190696038,966.5,686.1893429901706,0.5538264781930828,1160,0.5943810304597339,0.7715092316736338,0.3524805091760961,5,871.25,,,,,,,,,,,,,2.468287177526713e-19,0.9999999999715827,1.839667815882972e-27,0.9801363417239769,0.23395036487063542,0.001306534418248268,0.1270154821501053,0.9999999999999999,0.0005391575381935433,0.9999999999999541,9.960751159770467e-05,3.8435400695480126e-14,3.8435400695480126e-14,3.209173378426744e-14,,0.0,4.786380409530668e-19,0.00456704015061846,0.0,,,,,0.13043478260869565,,3.499932525657665e-21,0.7209302325581395,1.0,0.0,0.0,1.0,0.42658033862811345,0.13286867808967343,1493,1.856732110545604,0.9012750426066696,217,902.2682527940347,0.5783793211242829,855.0,378.9251461988304,0.5894233054219545,1153,1104.4,1082.5,563.6960149978129,300,0.520820561188399,0.7876173146100969,0.3991404127850916,6,866.25
sym7,1.0,zero,2.576928816840937e-21,263.1363745215592,4962327.984500464,0.5458715596330275,71.48512923205546,206,smoothed,3.9893467170480944e-11,,6.1939629818915165,36056.72401986462,0.9870962508378743,0.0001496656645134243,0.9999999999999999,362.4000000000008,,,,[],[],11,426.5999999999598,32.19999999993033,728.3999999998589,"[9, 31, 53, 64, 80, 102, 131, 148, 158, 175, 192]","[310.99999999992644, 417.79999999992253, 589.5999999998764, 432.2000000000452, 728.3999999998589, 370.99999999997056, 587.0000000000175, 32.19999999993033, 448.2000000000134, 368.00000000001705, 407.19999999997924]","[0, 0, 0, 60, 0, 94, 120, 144, 144, 165, 186]","[20, 40, 75, 75, 205, 120, 205, 149, 205, 186, 205]",30736475.84000042,728.399999999896,-728.399999999896,0.0,,,,DWT,mdp.39015067403892,4.246830940246582e-07,,0.0,15.0,11.0,0.0,33.0,,1.0402345651527867e-10,168.39999999995985,987.8000000004413,168.3999999999726,,0.0,168.39999999995985,,,27.99999999993034,0.0,15.0,1.410853656125255e-10,1.0402345651527867e-10,,7.958078640513122e-13,8.759152248034395e-11,7.541634193241003e-21,0.7645381605160257,0.08600737855006677,0.06250789179059013,0.2253003483189008,0.06307475823487257,,0.9999996039709471,4.3641041416207484e-09,4.3641041416207484e-09,3.6501893224740224e-09,,8.57612765211964e-12,0.9999999956358852,9.414192839193655e-11,,,,,,9.059233112235037e-12,0.0,0.0,1.5991469272320382e-10,1.5991469272320382e-10,0.7999998828426006,0.3007374801068844,936,0.6483305741277308,0.32913659751756796,880,0,0.1666666343680697,0.23713383243083488,938,0.0,0.17163264821400684,0.3028064433687551,862,38.81580434135903,0.9593125740656614,904.0,902.7449010710575,0.5058617377665833,892,sym,1.0,1.0,0.0,7,670.75,5.0387740031670245e-11,0.9999999999720517,1.823604668031576e-21,0.7571100848693593,0.74348824132266,0.00016374645717653468,0.18488652824722346,0.0006143425530627539,,2.0315810689341962e-05,4.700351219355525e-11,4.700351219355525e-11,3.931421854730388e-11,,8.57612765211964e-12,0.003126132840478968,9.414192839193655e-11,,,,,0.0,,4.203489004944644e-12,0.0,0.0,1.3028160007829345e-10,1.3028160007829345e-10,1.0,0.2015691613090161,0.05751224471474523,1676,1.2002923931383802,0.5548773530855032,1726,35.35533905932738,0.9814699480821135,1701.0,1700.6325690770134,0.5449802570599247,1234,0.7763846615972358,0.5622554397616224,0.28785410495344815,6,927.0,,,,,,,,,,,,,3.38322334790732e-16,0.9999999999730652,1.823604668031576e-21,0.8238173281432681,0.22983884533569882,0.0012997189016761125,0.13987008747311064,0.9999999999999999,0.0006143425530627539,,9.960751159677084e-05,3.807013298356976e-14,3.807013298356976e-14,3.1842258864378525e-14,,0.0,6.700932573342936e-18,0.004567040150620509,8.754173833933463e-16,,,,,0.13043478260869565,,1.3299743597499129e-19,0.7209302325581395,0.7209302325581395,4.3654383230026085e-16,4.3654383230026085e-16,1.0,0.39867336188392843,0.12417638082767592,1753,1.3660534510070375,0.6630950556984595,1732,14.849242404917497,0.9930611016799451,1742.5,1742.436728837877,0.5894043826156734,1154,1409.1368421052632,1454.5,398.32527672708756,380,0.6645304607900322,0.5565550872278735,0.3678621512786154,7,867.25
sym7,1.0,symmetric,2.785265972400485e-21,262.79873200829195,5029727.837234989,0.5321100917431193,94.07831707089727,206,smoothed,4.0354860769105124e-11,,6.249454869257776,32811.07662016073,0.9829645863553096,0.0001496656645134255,0.9999999999999999,362.4000000000008,,,,[],[],11,426.5999999999647,32.19999999993033,728.399999999913,"[9, 31, 53, 64, 80, 102, 131, 148, 158, 175, 192]","[310.99999999992633, 417.79999999992253, 589.5999999998764, 432.2000000000452, 728.399999999913, 370.99999999997056, 587.0000000000175, 32.19999999993033, 448.2000000000134, 368.00000000001705, 407.19999999997924]","[0, 0, 0, 60, 0, 94, 120, 144, 144, 165, 186]","[20, 40, 75, 75, 205, 120, 205, 149, 205, 186, 205]",30736475.840000406,728.399999999896,-728.399999999896,0.0,,,,DWT,mdp.39015067403892,4.0978193283081055e-07,,0.0,15.0,11.0,0.0,33.0,,1.0402345651527867e-10,168.3999999999648,987.8000000003867,168.3999999999726,,0.0,168.3999999999648,,,27.99999999993034,0.0,15.0,8.697043085703626e-11,1.0402345651527867e-10,,7.958078640513122e-13,8.860513958802565e-11,8.151353640405126e-21,0.7632553171989004,0.166049102281615,0.09143286703579545,0.13077305409735157,0.0361591448435033,,0.9999996039709471,4.3692497933747535e-09,4.3692497933747535e-09,3.6501893224740224e-09,,8.57612765211964e-12,0.9999999956307234,5.8032695584070476e-11,,,,,,8.741365283735563e-12,0.0,0.0,1.5991469272320382e-10,1.5991469272320382e-10,0.7999998828248935,0.30073748010022794,940,0.653467054580969,0.33174422357603184,864,0,0.16666663436546156,0.23713383242712402,940,0.0,0.16966706936368156,0.29933863029809904,874,41.19465984809196,0.9568190148342851,904.5,903.0911529036969,0.5043529036435577,896,sym,1.0,1.0,0.0,7,673.75,5.097071884818565e-11,0.9999999999720601,1.9710378345742783e-21,0.7558641075568808,0.7626579046764288,0.000239518685044798,0.10731530661516214,0.0003521868649421483,,2.0315810689341962e-05,4.7058856811332817e-11,4.7058856811332817e-11,3.931421854730388e-11,,8.57612765211964e-12,0.0031261328404628697,5.8032695584070476e-11,,,,,0.0,,4.055998162665885e-12,0.0,0.0,1.3028160007829345e-10,1.3028160007829345e-10,1.0,0.20156916129091287,0.057512244709579975,1683,1.1780341736138162,0.5445877086582038,1762,55.86143571373726,0.9707225179697394,1722.5,1721.5941944847605,0.5339723700959809,1306,0.7763846615972358,0.5622554397616224,0.28785410495344815,6,981.0,,,,,,,,,,,,,3.422366749499267e-16,0.9999999999730734,1.9710378345742783e-21,0.8229135458192172,0.23576487488912679,0.0013174376367605723,0.08118601969417333,0.9999999999999999,0.0003521868649421487,,9.960751159677084e-05,3.811501895351066e-14,3.811501895351066e-14,3.1842258864378525e-14,,0.0,6.700932573342936e-18,0.004567040150620256,5.396408527767203e-16,,,,,0.13043478260869565,,1.283308592741144e-19,0.7209302325581395,0.7209302325581395,4.3654383230026085e-16,4.3654383230026085e-16,1.0,0.3986733618839282,0.12417638082767585,1757,1.344904566370042,0.6528291903137701,1755,1.4142135623730951,0.9993391525409472,1756.0,1755.999430523918,0.589389202438698,1155,1409.1368421052632,1454.5,398.32527672708756,380,0.6645304607900322,0.5565550872278735,0.3678621512786154,7,868.0
db37,1.0,zero,1.4910007227738923e-26,317.73701392873926,5900444.015232801,0.5935251798561151,170.7982038389129,206,raw,8.601533724765779e-14,-2.08617900732125e-10,6.3986054104625545,69830.4725945862,0.8438849646074768,5.618943883690064e-06,1.0,327.0000000000001,,,,[],[],13,661.1538461538462,86.99999999999997,939.9999999999999,"[8, 32, 51, 63, 81, 100, 111, 133, 152, 162, 175, 192, 204]","[878.0, 638.0, 786.9999999999998, 792.0000000000002, 939.9999999999999, 787.9999999999998, 636.9999999999999, 675.0000000000002, 771.0, 195.9999999999999, 834.0, 572.0, 86.99999999999997]","[0, 13, 42, 42, 76, 99, 107, 107, 107, 161, 164, 187, 203]","[76, 42, 61, 76, 205, 164, 119, 142, 164, 164, 205, 205, 205]",37754613.0,940.9999999999999,-940.9999999999999,0.0,,,,DWT,mdp.39015067403892,0.0,,0.0,33.0,19.0,0.0,28.5,,1.1368683772161603e-13,256.3413461538462,4359.0,256.34134615384613,,0.0,256.3413461538462,,,83.99999999999997,0.0,28.5,1.1368683772161603e-13,1.1368683772161603e-13,,1.1368683772161603e-13,9.033402640167613e-14,9.754430920789419e-27,0.9585988052613584,0.8141819345775356,0.00018510663236316513,0.27286742034943445,0.0009789128764710394,0.999999999723485,0.47422802461156727,6.6959667625959335e-09,6.6959667625959335e-09,6.0819563246244724e-09,,5.718550876340534e-12,0.9999999933040264,1.3612963731558036e-13,,,,,,0.0,1.0,1.0,1.4238426238064856e-13,1.4238426238064856e-13,0.8422684098806344,0.27536483381734456,146,1.4918813369415478,0.7165556583960675,649,0,0.2895190031163019,0.3459225095701025,146,0.0,0.38085152242759224,0.6917584043250206,681,299.9294361456819,0.6856085574992852,405.5,239.4078347639127,0.6302780732989088,462,db,0.540986235965534,0.9305070477545101,0.3421575204977732,3,347.25,9.033402640167613e-14,0.0001547883299646835,9.754430920789419e-27,0.9585988052613584,0.8141819345775357,0.001218394780037185,0.45350246118894355,0.00334229762878239,0.9999999997234849,0.9919828214562011,0.9855281704452468,0.9855281704452468,0.9855281704451341,,1.2251610931599486e-12,0.9999999999667601,7.585973278963461e-14,,,,,1.0,,0.0,1.0,0.75,1.4238426238064856e-13,1.4238426238064856e-13,0.0,2.2595701998216366,0.6447065287088388,137,1.5656437877511025,0.7237738785885458,1425,910.7535341682732,0.5226658625952447,781.0,249.96798975672218,0.5566683610670144,1131,0.49117026184683504,0.8233619396015222,0.4091722348267588,4,849.25,,,,,,,,,,,,,6.065368024851586e-19,0.036413600438416426,9.754430920789419e-27,0.9699692220519263,0.25169279799715766,0.0015463400551748159,0.3430830224198398,1.0,0.00334229762878239,0.9999999999999541,0.0008499884728391218,0.0007982210227401261,0.0007982210227401261,0.0007982210227337869,,0.0,9.572760819061336e-19,0.020163910573049823,7.054128794466933e-19,,,,,0.4782608695652174,,0.0,1.0,0.9302325581395349,4.770970844811595e-19,4.770970844811595e-19,0.9302325581395349,0.5814294660167882,0.18110015290550946,127,1.6580953104082774,0.8048548915842292,1478,955.3012613830257,0.5535975414098011,802.5,233.90155763239875,0.5892987707049006,1156,1009.0473684210526,935.5,610.6543869996938,760,0.4758535102197843,0.8532293215616218,0.41093374637766444,5,868.25
db21,1.0,constant,1.1626798775584033e-26,316.59279718027614,4962543.49411277,0.5650406504065041,56.829519526707095,206,smoothed,7.258918385471508e-14,-2.0141370793425088e-10,6.1936939951183705,42537.198027629056,0.9896313480216572,0.0001496656645132027,1.0,362.4000000000001,,,,[],[],11,426.59999999999997,32.20000000000002,728.3999999999999,"[9, 31, 53, 64, 80, 102, 131, 148, 158, 175, 192]","[310.9999999999999, 417.80000000000007, 589.6, 432.19999999999993, 728.3999999999999, 371.00000000000034, 586.9999999999999, 32.20000000000002, 448.1999999999999, 367.9999999999998, 407.19999999999953]","[1, 1, 1, 60, 1, 94, 120, 144, 144, 165, 186]","[20, 40, 75, 75, 205, 120, 205, 149, 205, 186, 205]",30736475.839999996,728.3999999999999,-728.3999999999999,0.0,,,,DWT,mdp.39015067403892,0.0,,0.0,15.0,11.0,0.0,33.0,,1.1368683772161603e-13,168.40000000000003,987.7999999999993,168.39999999999995,,0.0,168.40000000000003,,,28.00000000000003,0.0,33.0,1.1368683772161603e-13,1.1368683772161603e-13,,1.1368683772161603e-13,1.1063134854688466e-13,2.9239096636351275e-26,0.9676411818197512,0.08561939093592255,0.06260037879090463,0.3569725142535263,0.11681624999448845,,0.9999996647345563,4.4059199552998455e-09,4.4059199552998455e-09,3.6786382706978885e-09,,1.2251610931599486e-12,0.9999999955940747,7.585973278963461e-14,,,,,,0.0,0.0,1.0,1.7477015598164352e-13,1.7477015598164352e-13,0.899999900965268,0.3383296774382067,458,0.8442100996545034,0.4285783377778935,350,0,0.2499999727350633,0.3557007787854353,459,0.0,0.22709281654210056,0.40065319044640124,336,66.92968947584721,0.929843092792613,400.75,392.33423303838254,0.7548848587652792,217,db,0.573477938514061,0.8443824841957417,0.34525069778143475,3,163.5,7.3369848661214e-14,0.9999999999705136,7.431015218866747e-27,0.9543763864215414,0.7433953198861663,0.00016398873728233512,0.29293966623876794,0.001137779918134567,0.9999999997235934,2.0315811923854454e-05,4.745387416349445e-11,4.745387416349445e-11,3.9620695613251655e-11,,1.2251610931599486e-12,0.0031261328403482946,7.585973278963461e-14,,,,,0.0,,0.0,0.0,1.0,1.4238426238064856e-13,1.4238426238064856e-13,1.0,0.3015691612048173,0.08604450842082322,1413,1.7620364645080235,0.8145632972895387,153,890.9545442950499,0.533042691669261,783.0,276.10344827586204,0.5613326665893474,1087,0.49117026184683504,0.8233619396015222,0.4091722348267588,4,816.25,,,,,,,,,,,,,4.926329001202035e-19,0.999999999971583,7.431015218866747e-27,0.9669064475744557,0.22981011999145845,0.0012997755569590795,0.2216142902871326,1.0,0.001137779918134567,0.9999999999999541,9.960751159770467e-05,3.8434858594393884e-14,3.8434858594393884e-14,3.209043274166046e-14,,0.0,9.572760819061336e-19,0.004567040150618464,7.054128794466933e-19,,,,,0.13043478260869565,,0.0,0.7209302325581395,1.0,4.770970844811595e-19,4.770970844811595e-19,1.0,0.42658033862811345,0.13286867808967343,1468,1.8847996443924453,0.914899284693075,67,990.6566004423531,0.5370763549334798,767.5,128.1511400651466,0.5892157475601978,1157,1009.0473684210526,935.5,610.6543869996938,760,0.4758535102197843,0.8532293215616218,0.41093374637766444,5,869.0
bior6.8,1.0,periodic,1.8391306281556353e-21,266.8256666983373,6223955.583406651,0.6216216216216216,283.9262732449776,206,raw,3.345679289168401e-11,-1.6447265772541013e-10,6.415992439831931,61707.29602072112,0.7751889291525305,5.618943883691987e-06,1.0,327.00000000005787,,,,[],[],13,661.1538461537383,86.99999999998249,939.9999999998471,"[8, 32, 51, 63, 81, 100, 111, 133, 152, 162, 175, 192, 204]","[877.9999999999006, 637.9999999998583, 786.9999999998557, 791.9999999998657, 939.9999999998471, 787.9999999998794, 636.9999999998915, 674.9999999999445, 770.9999999998718, 195.99999999993548, 833.9999999998461, 571.9999999999187, 86.99999999998249]","[0, 13, 39, 39, 76, 99, 107, 107, 107, 161, 99, 187, 203]","[76, 39, 61, 76, 205, 164, 119, 142, 164, 164, 205, 205, 205]",37754612.999996506,940.9999999999046,-940.9999999999046,0.0,,,,DWT,mdp.39015067403892,3.4943222999572754e-06,,0.0,33.0,19.0,0.0,28.5,,9.538325684843585e-11,256.3413461537383,4359.000000001402,256.3413461537478,,0.0,256.3413461537383,,,83.99999999998249,0.0,19.5,1.5290879673557356e-10,9.538325684843585e-11,,5.786660040030256e-11,4.225489041143816e-11,1.301489815617488e-21,0.7707244082165228,0.8201882810103602,0.0005491809048688831,0.4835907335907334,0.00032123615604328336,0.9999999997241503,0.474228024591262,6.61242014145046e-09,6.61242014145046e-09,6.005804767896115e-09,,2.9107423960573323e-09,0.9999999933875663,1.830943621894556e-10,,,,,,3.458660251436909e-11,1.0,0.0,1.1946039613736414e-10,1.1946039613736414e-10,0.7422684114523511,0.24267159419692308,680,1.4663681636885755,0.7043015948821858,679,0,0.2061856700480681,0.24635434514731785,681,0.0,0.3844217299556167,0.6982431389716174,657,11.528949070347508,0.9879151477250027,674.25,674.0996169030585,0.6405770707178473,432,bior,0.672619891330026,0.76736776154697,0.2989557476048908,5,325.25,4.225489041143816e-11,0.0001547883299780617,1.301489815617488e-21,0.7707244082165227,0.8201882810103603,0.0015820927892634211,0.611877667140825,0.002686176774545091,0.9999999997241502,0.9919828214558915,0.9855281704440377,0.9855281704440377,0.9855281704440321,,6.236069964184139e-10,0.9999999999671748,1.0203134060205854e-10,,,,,1.0,,3.4586602514369084e-11,1.0,0.25,1.1946039613736414e-10,1.1946039613736414e-10,0.0,2.2095702002478834,0.6304403969625526,679,1.5191918057972036,0.702299816985305,1534,604.5762979144981,0.6831361122041415,1106.5,941.3339358337098,0.551604743733098,1185,0.5943810304597339,0.7715092316736338,0.3524805091760961,5,890.0,,,,,,,,,,,,,2.8371530795663663e-16,0.03641360043842928,1.301489815617488e-21,0.8336926161375622,0.2535495748122835,0.0016313879527690243,0.46289680290492086,1.0,0.002686176774545091,0.9999999999999543,0.0008499884728388875,0.0007982210227391468,0.0007982210227391468,0.0007982210227328942,,0.0,4.872535256902221e-16,0.02016391057305631,9.487803228558024e-16,,,,,0.4782608695652174,,1.09431223635563e-18,1.0,0.7906976744186046,4.002844538796928e-16,4.002844538796928e-16,0.9302325581395349,0.5674759776446984,0.17675400427451152,696,1.6249633230683604,0.7887723166495755,1576,622.2539674441618,0.7092271180167469,1136.0,965.5774647887323,0.5891929982607098,1158,1104.4,1082.5,563.6960149978129,300,0.520820561188399,0.7876173146100969,0.3991404127850916,6,870.0
rbio5.5,1.0,constant,2.2174530263355282e-20,253.78885445570344,5147409.979024604,0.5509259259259259,70.18304855798938,206,smoothed,1.233342360279445e-10,,6.139628806876796,39422.503476793965,0.9895627438619333,0.00014966566451293743,0.9999999999999993,362.40000000002476,,,,[],[],11,426.60000000038343,32.20000000005214,728.4000000006076,"[9, 31, 53, 64, 80, 102, 131, 148, 158, 175, 192]","[311.00000000037573, 417.80000000033715, 589.6000000004158, 432.200000000701, 728.4000000006076, 371.00000000047, 587.0000000001749, 32.20000000005214, 448.20000000030427, 368.0000000003919, 407.20000000038704]","[1, 1, 1, 60, 1, 94, 120, 144, 144, 165, 186]","[20, 40, 75, 75, 204, 120, 204, 149, 204, 186, 204]",30736475.840008885,728.4000000004494,-728.4000000004494,0.0,,,,DWT,mdp.39015067403892,8.888542652130127e-06,,0.0,15.0,11.0,0.0,33.0,,4.4940406951354817e-10,168.4000000003835,987.799999995781,168.40000000038341,,0.0,168.4000000003835,,,28.000000000052154,0.0,33.0,6.076561476220377e-10,4.4940406951354817e-10,,2.4783730623312294e-11,2.708992039138053e-10,6.489596778591701e-20,0.7290230722881208,0.007635543816722018,0.14193673165809498,0.2600187063817544,0.09098660677134277,,0.9999997101833569,4.804914975213834e-09,4.804914975213834e-09,4.077633290902047e-09,,2.670851183088688e-10,0.9999999951950689,4.0547027176059697e-10,,,,,,1.8960815969993682e-10,0.0,1.0,6.908664265954368e-10,6.908664265954368e-10,0.8999999154662087,0.33832968288942794,308,0.6526021064527896,0.331305117207616,868,0,0.2499999767758154,0.3557007845346306,308,0.0,0.17565723731241917,0.309906907782678,840,315.4404328342622,0.6693496511171255,581.0,452.6906361122086,0.5301674880323572,792,rbio,0.7685897546424816,0.816051598246696,0.21717169227625407,5,595.25,1.5581659908543834e-10,0.9999999999686722,1.5692165127836883e-20,0.7226156196514273,0.7247185095101095,0.00037181924212213334,0.21337719298245633,0.0008862014831714316,,2.0315812847171433e-05,5.175115891375981e-11,5.175115891375981e-11,4.391809138581948e-11,,2.670851183088688e-10,0.003126132839100959,4.0547027176059697e-10,,,,,0.0,,8.797828741928e-11,0.0,1.0,5.628449891907037e-10,5.628449891907037e-10,1.0,0.3015691618130356,0.08604450859436166,1266,1.1818198939905697,0.5463377909832967,1757,347.18942956259485,0.8180348901663549,1511.5,1471.6255375454846,0.5129220572425066,1463,0.3888041033402703,1.0,0.4278371276618108,3,1098.0,,,,,,,,,,,,,1.0462115500437836e-15,0.9999999999698084,1.5692165127836883e-20,0.7987964167435684,0.22403644894623778,0.001348375073712477,0.1614238037252516,0.9999999999999994,0.0008862014831714318,,9.960751159840311e-05,4.191558124894135e-14,4.191558124894135e-14,3.557104697599067e-14,,0.0,2.0868618585553715e-16,0.004567040150598948,3.770431840642576e-15,,,,,0.13043478260869565,,2.783613002073063e-18,0.7209302325581395,1.0,1.885964774954023e-15,1.885964774954023e-15,1.0,0.42658033862810985,0.1328686780896723,1668,1.3568942641304278,0.6586491011659916,1743,53.033008588991066,0.9752182202855182,1705.5,1704.675461741425,0.5891278017315442,1159,818.67,599.5,715.6978453131971,300,0.38607403914171184,1.0,0.42974817260080167,3,870.0
rbio2.4,1.0,symmetric,3.7130074451567625e-27,321.55014054190826,4883718.82336724,0.5280373831775701,111.67617763117885,206,smoothed,3.7976094760770404e-14,-2.1017290130487295e-10,6.250557427785961,31633.508490305514,0.9713180978917193,0.00014966566451320274,0.9999999999999999,362.40000000000003,,,,[],[],11,426.6,32.19999999999999,728.4000000000001,"[9, 31, 53, 64, 80, 102, 131, 148, 158, 175, 192]","[311.00000000000017, 417.79999999999995, 589.6, 432.2000000000002, 728.4000000000001, 371.0, 587.0, 32.19999999999999, 448.2, 368.0000000000001, 407.20000000000016]","[0, 0, 0, 60, 0, 94, 120, 144, 144, 165, 186]","[20, 40, 75, 75, 203, 120, 203, 149, 203, 186, 203]",30736475.840000004,728.4000000000001,-728.4000000000001,0.0,,,,DWT,mdp.39015067403892,7.450580596923828e-09,,0.0,33.0,11.0,0.0,33.0,,1.1368683772161603e-13,168.4000000000001,987.7999999999984,168.4000000000001,,0.0,168.4000000000001,,,28.0,0.0,15.0,1.1368683772161603e-13,1.1368683772161603e-13,,5.684341886080802e-14,3.459124014496773e-14,6.078597674939727e-27,0.9864761760881765,0.16763943718099172,0.02877238722234119,0.10279768664860611,0.026393768441842273,,0.999999664709775,4.4059791007223055e-09,4.4059791007223055e-09,3.6787861342541454e-09,,6.125805465799743e-13,0.9999999955939887,7.585973278963461e-14,,,,,,1.5893391424973748e-13,1.0,0.0,1.7477015598164352e-13,1.7477015598164352e-13,0.8999999009576438,0.3383296774353406,536,0.7417681998907619,0.3765718773748233,692,0,0.24999997273297536,0.3557007787824646,537,0.0,0.18743992222599892,0.33069475292253175,710,95.25885785584457,0.9001479477402049,618.75,607.7728269707633,0.6257815210399138,499,rbio,0.7685897546424816,0.816051598246696,0.21717169227625407,5,375.5,2.963561009331762e-14,0.9999999999705138,1.830692453254301e-27,0.9726701057135482,0.7630387833384507,7.5372506370132e-05,0.08435809149040846,0.0002570729645784632,0.9999999997234614,2.0315811923354854e-05,4.745454029730922e-11,4.745454029730922e-11,3.962224992548613e-11,,6.125805465799743e-13,0.0031261328403480726,7.585973278963461e-14,,,,,0.0,,7.374542113937972e-14,1.0,0.0,1.4238426238064856e-13,1.4238426238064856e-13,1.0,0.3015691612045485,0.08604450842074651,1454,1.6990052070130817,0.7854248827495642,742,503.4600282048218,0.7361320606892967,1098.0,982.5755919854281,0.5803301812880446,980,0.3888041033402703,1.0,0.4278371276618108,3,735.75,,,,,,,,,,,,,1.9898468939899088e-19,0.9999999999715831,1.830692453254301e-27,0.9801759830400563,0.2358826181257063,0.0012790533535358606,0.06381846069417613,0.9999999999999999,0.00025707296457846366,0.9999999999999541,9.960751159770423e-05,3.8435400695480126e-14,3.8435400695480126e-14,3.209173378426744e-14,,0.0,4.786380409530668e-19,0.00456704015061846,7.054128794466933e-19,,,,,0.13043478260869565,,2.3332883504384434e-21,1.0,0.7209302325581395,4.770970844811595e-19,4.770970844811595e-19,1.0,0.42658033862811345,0.13286867808967343,1550,1.8323166390186132,0.889423545551295,540,714.177848998413,0.6662720331783116,1045.0,800.9569377990431,0.5889771380844829,1160,818.67,599.5,715.6978453131971,300,0.38607403914171184,1.0,0.42974817260080167,3,870.75
coif5,1.0,antisymmetric,6.891182514261158e-27,318.86446121807955,5414466.229151121,0.5256410256410257,90.50403161962927,206,smoothed,5.637777192232446e-14,-2.039816315857483e-10,6.389577558403502,78888.69402287007,0.9929814981337997,0.00014966566451320268,0.9999999999999997,362.4,,,,[],[],11,426.59999999999997,32.200000000000045,728.4000000000001,"[9, 31, 53, 64, 80, 102, 131, 148, 158, 175, 192]","[310.99999999999983, 417.79999999999995, 589.6, 432.19999999999993, 728.4000000000001, 371.0000000000001, 587.0, 32.200000000000045, 448.20000000000005, 368.0, 407.19999999999993]","[0, 0, 0, 60, 0, 94, 120, 144, 144, 165, 186]","[20, 40, 75, 75, 203, 120, 203, 149, 203, 186, 203]",30736475.84,728.4000000000001,-728.4000000000001,0.0,,,,DWT,mdp.39015067403892,3.725290298461914e-09,,0.0,33.0,11.0,0.0,33.0,,1.1368683772161603e-13,168.40000000000003,987.7999999999993,168.4,,0.0,168.40000000000003,,,28.000000000000057,0.0,15.0,1.1368683772161603e-13,1.1368683772161603e-13,,0.0,7.501714730233965e-14,1.537984372930117e-26,0.9762721714467696,0.368162638249455,0.256545222783626,0.0863371465573067,0.4182731527052023,,0.9999996647593375,4.4059199552998455e-09,4.4059199552998455e-09,3.6786974161203912e-09,,0.0,0.9999999955940747,7.585973278963461e-14,,,,,,7.946695712486874e-14,1.0,0.0,1.7477015598164352e-13,1.7477015598164352e-13,0.8999999009721474,0.33832967744079284,424,1.0999613530896284,0.5584150302395174,159,0,0.2499999727370379,0.3557007787882448,424,0.0,0.30079861882034786,0.5306901739443657,155,154.1611710732202,0.8384054810553248,290.5,229.12260313771063,0.7669490717645596,200,coif,0.5556920286951962,0.9053407607371553,0.33941335169221604,4,151.0,5.288644843509415e-14,0.9999999999705134,4.079779578432049e-27,0.9627593410005925,0.811063264570199,0.0006720490826521116,0.07085020242915013,0.00407394342366979,0.9999999997235547,2.0315811924354055e-05,4.745387416349445e-11,4.745387416349445e-11,3.962136174706643e-11,,0.0,0.0031261328403482946,7.585973278963461e-14,,,,,0.0,,3.687271056968986e-14,1.0,0.0,1.4238426238064856e-13,1.4238426238064856e-13,1.0,0.3015691612042235,0.08604450842065378,1576,1.7134929196485007,0.792122337207628,606,685.8935777509511,0.6405169927930026,1091.0,875.3950504124656,0.5343570288912602,1302,0.4784248188775415,0.776734912893196,0.43208215291776214,2,977.0,,,,,,,,,,,,,3.550996076050368e-19,0.9999999999715827,4.079779578432049e-27,0.9729871089925982,0.2507287053947055,0.00141858144296493,0.0535994921057838,0.9999999999999997,0.004073943423669789,0.9999999999999541,9.960751159770499e-05,3.8434858594393884e-14,3.8434858594393884e-14,3.209086642252945e-14,,0.0,0.0,0.004567040150618464,7.054128794466933e-19,,,,,0.13043478260869565,,1.1666441752192217e-21,1.0,0.7209302325581395,4.770970844811595e-19,4.770970844811595e-19,1.0,0.42658033862811345,0.13286867808967343,1546,1.832935283017632,0.8897238411046531,512,731.1484117468901,0.6583418636696775,1029.0,769.2439261418854,0.5887503710871752,1161,986.6382352941176,846.0,585.0035688138154,340,0.4652856568234462,0.8173890317607586,0.42908333069536003,4,871.75
db26,1.0,symmetric,1.322314689400176e-26,316.03405051769096,5839268.974760697,0.53515625,103.56051727915322,206,smoothed,7.800448528744985e-14,-2.1206538747264904e-10,6.533897073056064,30703.610515671488,0.9840579128549453,0.0001496656645132028,0.9999999999999999,362.4000000000001,,,,[],[],11,426.60000000000014,32.2000000000001,728.4,"[9, 31, 53, 64, 80, 102, 131, 148, 158, 175, 192]","[311.0000000000002, 417.8000000000002, 589.6000000000005, 432.1999999999998, 728.4, 370.9999999999999, 587.0000000000001, 32.2000000000001, 448.20000000000016, 368.0000000000001, 407.2000000000001]","[0, 0, 0, 60, 0, 94, 120, 144, 144, 165, 186]","[20, 40, 75, 75, 203, 120, 203, 149, 203, 186, 203]",30736475.840000004,728.4,-728.4,0.0,,,,DWT,mdp.39015067403892,7.450580596923828e-09,,0.0,33.0,11.0,0.0,33.0,,0.0,168.4000000000002,987.7999999999975,168.40000000000012,,0.0,168.4000000000002,,,28.000000000000114,0.0,15.0,0.0,0.0,,1.1368683772161603e-13,1.2252800726048808e-13,3.391096848575331e-26,0.9655182725476712,0.5763296923748321,0.43885139115538807,0.15169706453701734,0.018682279393170423,,0.9999996648089,4.406097391567225e-09,4.406097391567225e-09,3.678815706965397e-09,,1.2251610931599486e-12,0.9999999955939026,0.0,,,,,,1.5893391424973748e-13,1.0,0.0,0.0,0.0,0.8999999009876164,0.33832967744660797,349,1.155053242865825,0.586383412227589,143,0,0.2499999727412664,0.3557007787942611,351,0.0,0.3072969571440288,0.5421550015053036,150,117.52836537052094,0.8768046484585734,248.25,206.46220485048414,0.8082922613362049,127,db,0.573477938514061,0.8443824841957417,0.34525069778143475,3,96.0,8.021217597079027e-14,0.999999999970514,8.560696851366237e-27,0.9523144847425515,0.8609184171442856,0.0011496206074175452,0.12448601973684231,0.00018196374493729657,0.9999999997234329,2.0315811925353255e-05,4.745570603148508e-11,4.745570603148508e-11,3.962258299239352e-11,,1.2251610931599486e-12,0.003126132840347795,0.0,,,,,0.0,,7.374542113937972e-14,1.0,0.0,0.0,0.0,1.0,0.3015691612047612,0.0860445084208072,1421,1.752289902994646,0.8100576066052152,228,843.5783899555512,0.5578729612392289,824.5,392.95087932080054,0.5628725393198242,1075,0.49117026184683504,0.8233619396015222,0.4091722348267588,4,807.25,,,,,,,,,,,,,5.38574872300802e-19,0.9999999999715835,8.560696851366237e-27,0.9654108262074057,0.2661407187458223,0.0015302577598591898,0.09417598261399013,0.9999999999999999,0.00018196374493729657,0.9999999999999541,9.960751159770586e-05,3.843648489765261e-14,3.843648489765261e-14,3.209195062470194e-14,,0.0,9.572760819061336e-19,0.004567040150618456,0.0,,,,,0.13043478260869565,,2.3332883504384434e-21,1.0,0.7209302325581395,0.0,0.0,1.0,0.42658033862811345,0.13286867808967343,1504,1.850825162512312,0.8984077550695265,264,876.812408671319,0.5902745753872342,884.0,449.158371040724,0.5885952316188507,1162,1009.0473684210526,935.5,610.6543869996938,760,0.4758535102197843,0.8532293215616218,0.41093374637766444,5,872.75
bior4.4,1.0,antireflect,4.014220215781433e-20,253.43578053123738,5942446.617081624,0.6355140186915887,300.68707890058374,206,raw,1.5626535020144447e-10,6.954595786107386e-10,6.3842612123913245,71352.99886021418,0.7897404124743949,5.618943883699213e-06,1.0,327.00000000023704,,,,[],[],13,661.1538461533229,86.99999999980724,939.9999999992373,"[8, 32, 51, 63, 81, 100, 111, 133, 152, 162, 175, 192, 204]","[877.999999999603, 637.9999999993772, 786.9999999993615, 791.9999999993106, 939.9999999992373, 787.9999999993793, 636.9999999994692, 674.9999999997368, 770.9999999993579, 195.99999999973352, 833.9999999992729, 571.9999999995513, 86.99999999980724]","[0, 13, 39, 39, 76, 99, 107, 107, 107, 161, 99, 187, 203]","[76, 39, 61, 76, 205, 164, 119, 142, 164, 164, 205, 205, 205]",37754612.99998227,940.9999999994956,-940.9999999994956,0.0,,,,DWT,mdp.39015067403892,1.773238182067871e-05,,0.0,33.0,19.0,0.0,28.5,,5.044284989708103e-10,256.3413461533229,4359.000000006803,256.3413461533706,,0.0,256.3413461533229,,,83.99999999980724,0.0,19.5,7.627249942743219e-10,5.044284989708103e-10,,2.370370566495694e-10,1.974256331610025e-10,2.840727950907002e-20,0.7213126969381249,0.8092267337156445,0.00023237562740336678,0.587783711615487,0.0011021811659189058,0.9999999997371111,0.47422802438768125,6.2907348372717895e-09,6.2907348372717895e-09,5.713699721393586e-09,,1.1923178577170013e-08,0.9999999937092652,9.132937367502286e-10,,,,,,1.7551410231172374e-10,1.0,0.0,6.317589721829378e-10,6.317589721829378e-10,0.7422684164181845,0.24267159582041492,636,1.4730715299010335,0.7075212443750101,670,0,0.20618567088896833,0.24635434615204058,636,0.0,0.3899572123746395,0.7082974941726798,609,24.984995497297973,0.973810277256501,637.75,637.0210321668434,0.6526546145192358,410,bior,0.672619891330026,0.76736776154697,0.2989557476048908,5,308.75,1.9742563316100248e-10,0.00015478833002818826,2.840727950907002e-20,0.7213126969381249,0.8092267337156445,0.001265614923542316,0.6901869158878502,0.0034652743023680095,0.999999999737111,0.9919828214527872,0.9855281704393823,0.9855281704393823,0.9855281704398048,,2.554460879238493e-09,0.9999999999687719,5.089429472856586e-10,,,,,1.0,,1.7551410231172374e-10,1.0,0.25,6.317589721829378e-10,6.317589721829378e-10,0.0,2.2095702016879555,0.6304403973734377,613,1.5155411050116363,0.7006121522126355,1541,656.1950929411161,0.6560822364040273,1077.0,877.096564531105,0.5458084137994978,1228,0.5943810304597339,0.7715092316736338,0.3524805091760961,5,922.25,,,,,,,,,,,,,1.3255903344064875e-15,0.03641360043847763,2.840727950907002e-20,0.7978513284934903,0.2501609679274885,0.0015573821115714185,0.5221392018835739,1.0,0.0034652743023680095,0.9999999999999564,0.0008499884728365392,0.0007982210227353762,0.0007982210227353762,0.0007982210227294704,,0.0,1.995920630774289e-15,0.020163910573081294,4.732615008207866e-15,,,,,0.4782608695652174,,5.553226274043495e-18,1.0,0.7906976744186046,2.1168797638429046e-15,2.1168797638429046e-15,0.9302325581395349,0.5674759776447104,0.17675400427451526,645,1.625735842721527,0.7891473048772082,1570,654.0737725975565,0.6943580501880577,1107.5,914.3566591422123,0.5884173428510382,1163,1104.4,1082.5,563.6960149978129,300,0.520820561188399,0.7876173146100969,0.3991404127850916,6,873.75
bior4.4,1.0,reflect,4.039804206570861e-20,253.40818929780153,5952283.042095232,0.6355140186915887,300.68707890058374,206,raw,1.5733814251461806e-10,-1.4169199167710957e-10,6.392342819257102,60188.62940717625,0.7514063781694884,5.618943883699074e-06,1.0,327.00000000023704,,,,[],[],13,661.1538461533338,87.00000000004184,939.9999999992373,"[8, 32, 51, 63, 81, 100, 111, 133, 152, 162, 175, 192, 204]","[877.9999999995091, 637.9999999993772, 786.9999999993615, 791.9999999993106, 939.9999999992373, 787.9999999993793, 636.9999999994692, 674.9999999997368, 770.9999999993579, 195.99999999973352, 833.9999999992729, 571.9999999995513, 87.00000000004184]","[0, 13, 39, 39, 76, 99, 107, 107, 107, 161, 99, 187, 203]","[76, 39, 61, 76, 205, 164, 119, 142, 164, 164, 205, 205, 205]",37754612.999982625,940.9999999994956,-940.9999999994956,0.0,,,,DWT,mdp.39015067403892,1.7374753952026367e-05,,0.0,33.0,19.0,0.0,28.5,,5.044284989708103e-10,256.3413461533338,4359.000000006661,256.3413461533814,,0.0,256.3413461533338,,,84.00000000004184,0.0,19.5,7.627249942743219e-10,5.044284989708103e-10,,2.370370566495694e-10,1.9878112486042284e-10,2.85883287686106e-20,0.7212108790403973,0.8120185234767666,0.00024344536843643448,0.587783711615487,0.00019828035559537043,0.9999999997244937,0.47422802466020086,6.299186339516221e-09,6.299186339516221e-09,5.722063187161441e-09,,1.1923178577170013e-08,0.9999999937008136,9.132937367502286e-10,,,,,,1.719743220970335e-10,1.0,0.0,6.317589721829378e-10,6.317589721829378e-10,0.7422684165015246,0.24267159584766151,620,1.4740503085847045,0.7079913550914158,667,0,0.20618567091278456,0.24635434618049665,620,0.0,0.3901818549724947,0.7087055230130143,608,26.119915773217954,0.9726206333614068,628.75,627.9638255414056,0.6567767737037642,402,bior,0.672619891330026,0.76736776154697,0.2989557476048908,5,302.75,1.9878112486042284e-10,0.00015478833002724457,2.85883287686106e-20,0.7212108790403973,0.8120185234767666,0.0012766732242254918,0.6901869158878502,0.0025635118507040208,0.9999999997244935,0.9919828214569427,0.9855281704395047,0.9855281704395047,0.9855281704399258,,2.554460879238493e-09,0.9999999999687299,5.089429472856586e-10,,,,,1.0,,1.719743220970335e-10,1.0,0.25,6.317589721829378e-10,6.317589721829378e-10,0.0,2.209570201687521,0.6304403973733138,617,1.516520733318596,0.7010650198347922,1538,651.2453454728103,0.6586764436725313,1077.5,880.692343387471,0.5469744901800812,1221,0.5943810304597339,0.7715092316736338,0.3524805091760961,5,917.0,,,,,,,,,,,,,1.3346916180967089e-15,0.0364136004384767,2.85883287686106e-20,0.7977774738451617,0.2510240101377793,0.001559968007562627,0.5221392018835739,1.0,0.0025635118507040208,0.9999999999999543,0.0008499884728396828,0.0007982210227354753,0.0007982210227354753,0.0007982210227295684,,0.0,1.995920630774289e-15,0.02016391057308064,4.732615008207866e-15,,,,,0.4782608695652174,,5.4412284332224505e-18,1.0,0.7906976744186046,2.1168797638429046e-15,2.1168797638429046e-15,0.9302325581395349,0.567475977644711,0.17675400427451546,630,1.625763639005004,0.7891607974518412,1569,663.9732675341681,0.6897321179746878,1099.5,899.0177353342428,0.5879735356228579,1164,1104.4,1082.5,563.6960149978129,300,0.520820561188399,0.7876173146100969,0.3991404127850916,6,874.5
db20,1.0,smooth,9.572972602888039e-27,319.66132430857,143920129.92817897,0.5983606557377049,287.001016638677,206,raw,6.434550842526538e-14,-2.1034807229370074e-10,4.043537447123284,2343984.1544649256,0.9947245245252053,5.618943883690066e-06,1.0,326.99999999999994,,,,[],[],13,661.1538461538462,87.0,940.0,"[8, 32, 51, 63, 81, 100, 111, 133, 152, 162, 175, 192, 204]","[878.0, 638.0, 787.0, 792.0000000000002, 940.0, 787.9999999999999, 637.0, 675.0, 771.0, 196.0000000000001, 834.0000000000001, 571.9999999999998, 87.0]","[0, 13, 42, 42, 76, 99, 107, 107, 107, 161, 99, 187, 203]","[76, 42, 61, 76, 205, 164, 119, 142, 164, 164, 205, 205, 205]",37754613.0,941.0,-941.0,0.0,,,,DWT,mdp.39015067403892,0.0,,0.0,33.0,19.0,0.0,28.5,,0.0,256.3413461538462,4359.0,256.3413461538462,,0.0,256.3413461538462,,,84.0,0.0,24.0,0.0,0.0,,5.684341886080802e-14,6.295382173771903e-14,5.977591822758697e-27,0.9656999462054725,0.0006240944109856539,0.1555100522714642,0.3091334894613582,0.1851012105565698,0.9999999997234589,0.4742280246116003,6.6959667625959335e-09,6.6959667625959335e-09,6.082000342865356e-09,,2.859275438170267e-12,0.9999999933040264,0.0,,,,,,0.0,1.0,0.5,0.0,0.0,0.7922684098791032,0.2590182137497106,475,1.255180920961082,0.6028676470135972,838,0,0.24785233644936827,0.2961384272000184,475,0.0,0.3270085990786715,0.5939609884117756,846,211.91271788167882,0.7778692684678419,658.5,607.3602802061145,0.5438088480703989,724,db,0.540986235965534,0.9305070477545101,0.3421575204977732,3,543.75,6.295382173771903e-14,0.0001547883299646835,5.977591822758697e-27,0.9656999462054725,0.0006240944109855429,0.1563828152795032,0.4807592752372736,0.18702901708485137,0.9999999997234588,0.9919828214562016,0.9855281704452468,0.9855281704452468,0.9855281704451347,,6.125805465799743e-13,0.9999999999667601,0.0,,,,,1.0,,0.0,1.0,0.5,0.0,0.0,0.0,2.2345701998212353,0.6375734627747722,486,1.3250851758857696,0.6125672038009551,1665,833.6788950189396,0.563061375776237,1075.5,752.3849372384936,0.4996910652466091,1541,0.49117026184683504,0.8233619396015222,0.4091722348267588,4,1156.75,,,,,,,,,,,,,4.226957577561081e-19,0.03641360043841643,5.977591822758697e-27,0.9751201069048125,0.0001929299359814951,0.03783031030010007,0.36370330774468734,1.0,0.1870290170848513,0.9999999999999541,0.0008499884728391221,0.0007982210227401261,0.0007982210227401261,0.0007982210227337874,,0.0,4.786380409530668e-19,0.020163910573049823,0.0,,,,,0.4782608695652174,,0.0,1.0,0.8604651162790697,0.0,0.0,0.9302325581395349,0.5744527218307418,0.17892707859001003,505,1.6353006943242505,0.7937901728422794,1548,737.5123727775691,0.6553680501039396,1026.5,761.5586945932781,0.587847576453839,1165,1009.0473684210526,935.5,610.6543869996938,760,0.4758535102197843,0.8532293215616218,0.41093374637766444,5,875.0
db24,1.0,constant,9.861251481262009e-27,319.53247212550565,5900794.957959257,0.5674603174603174,191.43417807700766,206,raw,6.832937667673583e-14,-2.055197123596059e-10,6.402649969292212,67263.12828551553,0.8167091169658912,5.618943883690066e-06,1.0,327.0,,,,[],[],13,661.1538461538462,87.00000000000014,939.9999999999999,"[8, 32, 51, 63, 81, 100, 111, 133, 152, 162, 175, 192, 204]","[877.9999999999999, 637.9999999999999, 787.0, 792.0, 939.9999999999999, 788.0, 636.9999999999999, 674.9999999999999, 770.9999999999998, 196.0000000000001, 834.0000000000002, 571.9999999999999, 87.00000000000014]","[0, 13, 39, 39, 76, 99, 107, 107, 107, 161, 99, 187, 203]","[76, 39, 61, 76, 205, 164, 119, 142, 164, 164, 205, 205, 205]",37754613.0,941.0,-941.0,0.0,,,,DWT,mdp.39015067403892,0.0,,0.0,33.0,19.0,0.0,28.5,,0.0,256.3413461538462,4359.0,256.3413461538461,,0.0,256.3413461538462,,,84.00000000000014,0.0,19.5,1.1368683772161603e-13,0.0,,0.0,6.798750838903145e-14,6.1815970457920156e-27,0.9652244524792593,0.8155791267592921,0.0001855015771824393,0.07738095238095216,0.0007710529869259981,0.9999999997235317,0.4742280246117654,6.6959667625959335e-09,6.6959667625959335e-09,6.081912306383589e-09,,0.0,0.9999999933040264,1.3612963731558036e-13,,,,,,0.0,1.0,0.0,0.0,0.0,0.7422684098777645,0.24267159368213972,909,1.4182777876923773,0.6812036244329313,775,0,0.2061856697824811,0.24635434482998975,912,0.0,0.35739263573840147,0.6491489330016091,803,71.08387065056789,0.925488605188084,849.75,845.2631963247842,0.5173826673739161,814,db,0.540986235965534,0.9305070477545101,0.3421575204977732,3,611.25,6.798750838903144e-14,0.0001547883299646835,6.1815970457920156e-27,0.9652244524792593,0.8155791267592922,0.0012187893166891038,0.3065789473684211,0.003134929473495914,0.9999999997235316,0.9919828214562042,0.9855281704452468,0.9855281704452468,0.9855281704451335,,0.0,0.9999999999667601,7.585973278963461e-14,,,,,1.0,,0.0,1.0,0.25,0.0,0.0,0.0,2.2095701998209676,0.6304403968407438,913,1.5114656166507354,0.6987281144505411,1556,454.66966030295004,0.7617035323359801,1234.5,1150.7719724584854,0.557345476859814,1121,0.49117026184683504,0.8233619396015222,0.4091722348267588,4,841.75,,,,,,,,,,,,,4.564938328316436e-19,0.03641360043841643,6.1815970457920156e-27,0.9747752026913531,0.25212472014456877,0.001546432314444645,0.23193265941202626,1.0,0.003134929473495914,0.9999999999999541,0.0008499884728391241,0.0007982210227401261,0.0007982210227401261,0.0007982210227337863,,0.0,0.0,0.020163910573049823,7.054128794466933e-19,,,,,0.4782608695652174,,0.0,1.0,0.7906976744186046,0.0,0.0,0.9302325581395349,0.5674759776446953,0.17675400427451057,813,1.6166518135300343,0.7847378325844082,1601,557.2001435749994,0.7396261011331778,1207.0,1078.3869096934548,0.5878037047721965,1166,1009.0473684210526,935.5,610.6543869996938,760,0.4758535102197843,0.8532293215616218,0.41093374637766444,5,875.75
sym7,1.0,periodization,2.6671844593261347e-21,262.98686822223954,4962521.719456238,0.5339805825242718,95.54947628068332,206,smoothed,4.009960644706492e-11,,6.193721171938391,31688.23739843631,0.9845437330327138,0.00014966566451343226,0.9999999999999999,362.4000000000007,,,,[],[],11,426.5999999999682,32.19999999993033,728.3999999999513,"[9, 31, 53, 64, 80, 102, 131, 148, 158, 175, 192]","[310.99999999992633, 417.79999999992253, 589.5999999998764, 432.2000000000452, 728.3999999999513, 370.99999999997056, 587.0000000000174, 32.19999999993033, 448.20000000001323, 368.00000000001717, 407.19999999997947]","[0, 0, 0, 60, 0, 94, 120, 144, 144, 165, 186]","[20, 40, 75, 75, 205, 120, 205, 149, 205, 186, 205]",30736475.840000413,728.399999999896,-728.399999999896,0.0,,,,DWT,mdp.39015067403892,4.172325134277344e-07,,0.0,15.0,11.0,0.0,33.0,,1.0402345651527867e-10,168.39999999996826,987.8000000003485,168.3999999999726,,0.0,168.39999999996826,,,27.99999999993034,0.0,15.0,4.865796654485166e-11,1.0402345651527867e-10,,7.389644451905042e-13,8.804438159658158e-11,7.805776325217978e-21,0.7639701243552518,0.08565859089150527,0.06259103409094437,0.14362142418571724,0.02684762616302132,,0.9999996039709471,4.372857664144803e-09,4.372857664144803e-09,3.6501893224740224e-09,,7.963547105539666e-12,0.9999999956271101,3.246796563396361e-11,,,,,,8.9002991979853e-12,0.0,0.0,1.5991469272320382e-10,1.5991469272320382e-10,0.7999998828122423,0.3007374800954721,942,0.6006945072702846,0.30495329722253933,914,0,0.1666666343635936,0.2371338324244663,942,0.0,0.15466982853921205,0.2728794385204376,912,16.76305461424021,0.982428663926373,927.5,927.2727504614392,0.5051032208520754,895,sym,1.0,1.0,0.0,7,673.0,5.064820058391591e-11,0.999999999972107,1.8874755370285148e-21,0.7565583727783007,0.7434047081141675,0.00016396425778913786,0.11785896780786931,0.0002614934985441762,,2.0315810689341962e-05,4.70977146171947e-11,4.70977146171947e-11,3.931421854730388e-11,,7.963547105539666e-12,0.003126132840451601,3.246796563396361e-11,,,,,0.0,,4.129743583805264e-12,0.0,0.0,1.3028160007829345e-10,1.3028160007829345e-10,1.0,0.20156916127787877,0.05751224470586105,1693,1.1729675443823508,0.5422454811867206,1770,54.44722215136416,0.9714637200464549,1731.5,1730.643950332082,0.5319844805683008,1326,0.7763846615972358,0.5622554397616224,0.28785410495344815,6,996.0,,,,,,,,,,,,,3.4007116540113943e-16,0.9999999999731185,1.8874755370285148e-21,0.8234171381631856,0.22981302222899713,0.0012997698326235655,0.08916249492626177,0.9999999999999999,0.0002614934985441762,,9.960751159677084e-05,3.814656923672999e-14,3.814656923672999e-14,3.1842258864378525e-14,,0.0,6.222294532389869e-18,0.004567040150620079,3.019167124031847e-16,,,,,0.13043478260869565,,1.3066414762455286e-19,0.7209302325581395,0.7209302325581395,4.3654383230026085e-16,4.3654383230026085e-16,1.0,0.398673361883928,0.12417638082767578,1763,1.3453762742905797,0.6530581617274521,1754,6.363961030678928,0.9970261864342622,1758.5,1758.4884845038382,0.5876486072358227,1167,1409.1368421052632,1454.5,398.32527672708756,380,0.6645304607900322,0.5565550872278735,0.3678621512786154,7,877.0
sym19,1.0,zero,1.4221021644780586e-19,245.71809076814557,4961738.166615071,0.5537190082644629,54.044433924332814,206,smoothed,3.2112934911016987e-10,,6.194699278333934,41855.66512674986,0.9895881511059548,0.00014966566451256544,0.9999999999999997,362.400000000048,,,,[],[],11,426.6000000010046,32.20000000009253,728.4000000015195,"[9, 31, 53, 64, 80, 102, 131, 148, 158, 175, 192]","[311.0000000009571, 417.8000000010075, 589.6000000011203, 432.2000000016077, 728.4000000015195, 371.0000000011701, 587.0000000006531, 32.20000000009253, 448.20000000090107, 368.0000000010285, 407.200000000993]","[1, 1, 1, 60, 1, 94, 120, 144, 144, 165, 186]","[20, 40, 75, 75, 204, 120, 204, 149, 204, 186, 204]",30736475.840024635,728.4000000010955,-728.4000000010955,0.0,,,,DWT,mdp.39015067403892,2.46390700340271e-05,,0.0,15.0,11.0,0.0,33.0,,1.095486368285492e-09,168.40000000100468,987.799999988948,168.4000000010046,,0.0,168.40000000100468,,,28.00000000009254,0.0,33.0,1.5195382729871199e-09,1.095486368285492e-09,,4.803268893738277e-11,7.054273617248644e-10,4.1619236531895526e-19,0.6983589087013324,0.08706941552926506,0.062254768570849904,0.27920434254441334,0.11116441114248116,,0.999999745397504,5.451256151854817e-09,5.451256151854817e-09,4.723974468013083e-09,,5.176305618600784e-10,0.9999999945487278,1.0139411884662562e-09,,,,,,5.255944544238818e-10,0.0,1.0,1.684085223039117e-09,1.684085223039117e-09,0.8999999272837783,0.3383296873319112,304,0.6498249389572429,0.3298952385181058,873,0,0.24999998008317126,0.35570078924034737,302,0.0,0.1768645495991099,0.31203693341225625,831,317.4297822616313,0.6672643791806799,577.5,446.94850976999555,0.5309592336154971,787,sym,1.0,1.0,0.0,7,592.0,4.05734155984901e-10,0.9999999999660902,1.0063736496398107e-19,0.6928326745129056,0.7437425948074596,0.00016308337241596662,0.22912135711178816,0.0010827315088023893,,2.031581356259915e-05,5.871264585621816e-11,5.871264585621816e-11,5.087946730597537e-11,,5.176305618600784e-10,0.0031261328370804087,1.0139411884662562e-09,,,,,0.0,,2.438761077079287e-10,0.0,1.0,1.3720147522999295e-09,1.3720147522999295e-09,1.0,0.30156916264963024,0.08604450883306104,1259,1.1797340793574649,0.5453735498456701,1759,353.5533905932738,0.8146994808211353,1509.0,1467.5818422796556,0.5119094888382406,1466,0.7763846615972358,0.5622554397616224,0.28785410495344815,6,1101.0,,,,,,,,,,,,,2.724252504098834e-15,0.99999999996732,1.0063736496398107e-19,0.777193054383114,0.22991747510817437,0.001299563844558992,0.17333455587597635,0.9999999999999997,0.0010827315088023893,,9.960751159894434e-05,4.7553866226734964e-14,4.7553866226734964e-14,4.120933195378429e-14,,0.0,4.044491446053415e-16,0.004567040150567335,9.428548546684503e-15,,,,,0.13043478260869565,,7.716184574899933e-18,0.7209302325581395,1.0,4.597307506060452e-15,4.597307506060452e-15,1.0,0.4265803386281032,0.13286867808967023,1678,1.3516912670503434,0.656123517971517,1750,50.91168824543142,0.9762094914740975,1714.0,1713.2438739789966,0.5876374560174227,1168,1409.1368421052632,1454.5,398.32527672708756,380,0.6645304607900322,0.5565550872278735,0.3678621512786154,7,877.75
sym7,1.0,periodic,2.667526850234942e-21,262.98631074696516,5063651.53481694,0.5275229357798165,90.58646345938422,206,smoothed,4.010245425917267e-11,,6.252465941941557,33088.55463021349,0.9836953191466881,0.00014966566451343226,1.0,362.4000000000008,,,,[],[],11,426.5999999999682,32.19999999993033,728.3999999999513,"[9, 31, 53, 64, 80, 102, 131, 148, 158, 175, 192]","[310.99999999992644, 417.79999999992253, 589.5999999998764, 432.2000000000452, 728.3999999999513, 370.99999999997056, 587.0000000000175, 32.19999999993033, 448.2000000000134, 368.00000000001705, 407.19999999997924]","[0, 0, 0, 60, 0, 94, 120, 144, 144, 165, 186]","[20, 40, 75, 75, 205, 120, 205, 149, 205, 186, 205]",30736475.840000417,728.399999999896,-728.399999999896,0.0,,,,DWT,mdp.39015067403892,4.209578037261963e-07,,0.0,15.0,11.0,0.0,33.0,,1.0402345651527867e-10,168.39999999996826,987.8000000003485,168.3999999999726,,0.0,168.39999999996826,,,27.99999999993034,0.0,15.0,4.865796654485166e-11,1.0402345651527867e-10,,7.958078640513122e-13,8.805063784088252e-11,7.806778366332877e-21,0.7639680062765085,0.17039228575093998,0.10599138716563469,0.09926395602350105,0.038460223772738764,,0.9999996039709471,4.372857664144803e-09,4.372857664144803e-09,3.6501893224740224e-09,,8.57612765211964e-12,0.9999999956271101,3.246796563396361e-11,,,,,,8.979766155110168e-12,0.0,0.0,1.5991469272320382e-10,1.5991469272320382e-10,0.7999998828125885,0.3007374800956022,941,0.6516623121691034,0.3308280138513304,871,0,0.16666663436365128,0.23713383242454836,941,0.0,0.16829655129676768,0.2969206655009973,877,38.759944960401235,0.9593711268758897,907.5,906.2578249651232,0.5040566326203348,898,sym,1.0,1.0,0.0,7,675.25,5.0651798843920355e-11,0.999999999972107,1.887717835507369e-21,0.7565563155683321,0.7636980792392587,0.00027765636693912333,0.08145823273780778,0.00037459916970154815,,2.0315810689341962e-05,4.70977146171947e-11,4.70977146171947e-11,3.931421854730388e-11,,8.57612765211964e-12,0.003126132840451601,3.246796563396361e-11,,,,,0.0,,4.166616294374955e-12,0.0,0.0,1.3028160007829345e-10,1.3028160007829345e-10,1.0,0.2015691612782035,0.0575122447059537,1686,1.1686547899139295,0.5402517588257146,1775,62.932503525602726,0.9670165075861621,1730.5,1729.355677549841,0.530022928845492,1335,0.7763846615972358,0.5622554397616224,0.28785410495344815,6,1002.75,,,,,,,,,,,,,3.400953254790695e-16,0.9999999999731185,1.887717835507369e-21,0.8234156459449985,0.23608643010302377,0.0013263558314769242,0.06162466376786041,1.0,0.00037459916970154815,,9.960751159677084e-05,3.814656923672999e-14,3.814656923672999e-14,3.1842258864378525e-14,,0.0,6.700932573342936e-18,0.004567040150620079,3.019167124031847e-16,,,,,0.13043478260869565,,1.3183079179977208e-19,0.7209302325581395,0.7209302325581395,4.3654383230026085e-16,4.3654383230026085e-16,1.0,0.398673361883928,0.12417638082767578,1765,1.3375554857012097,0.6492618781768699,1765,0.0,1.0,1765.0,1765.0000000000002,0.5876168224299065,1169,1409.1368421052632,1454.5,398.32527672708756,380,0.6645304607900322,0.5565550872278735,0.3678621512786154,7,878.5
bior3.9,1.0,antisymmetric,3.815390868273214e-27,323.6564021092304,7164325.379628777,0.5892857142857143,222.38262548710452,206,raw,3.69240776034557e-14,-2.0831592006942693e-10,6.1455107560995685,111322.46045129627,0.9187140351854219,5.618943883690066e-06,1.0,327.0,,,,[],[],13,661.1538461538462,87.0,939.9999999999999,"[8, 32, 51, 63, 81, 100, 111, 133, 152, 162, 175, 192, 204]","[877.9999999999999, 638.0, 786.9999999999998, 792.0, 939.9999999999999, 788.0, 637.0, 675.0, 771.0, 196.0, 834.0, 572.0, 87.0]","[0, 13, 39, 39, 76, 99, 107, 107, 107, 161, 164, 187, 203]","[76, 39, 61, 76, 205, 164, 119, 142, 164, 164, 205, 205, 205]",37754613.0,940.9999999999999,-940.9999999999999,0.0,,,,DWT,mdp.39015067403892,0.0,,0.0,33.0,19.0,0.0,28.5,,1.1368683772161603e-13,256.3413461538462,4359.0,256.34134615384613,,0.0,256.3413461538462,,,84.0,0.0,24.0,1.1368683772161603e-13,1.1368683772161603e-13,,0.0,2.8306368163750288e-14,1.9031457428799503e-27,0.9804426877312374,0.7267504279006358,0.001607456661060511,0.2410714285714286,0.004338228564058677,0.9999999997234895,0.4742280246116003,6.6959667625959335e-09,6.6959667625959335e-09,6.0819563246244724e-09,,0.0,0.9999999933040264,1.3612963731558036e-13,,,,,,0.0,1.0,0.5,1.4238426238064856e-13,1.4238426238064856e-13,0.7922684098777852,0.25901821374927975,526,1.4506084176631897,0.6967321354957402,710,0,0.24785233644916138,0.2961384271997712,525,0.0,0.3692762786439924,0.670733748526412,752,119.87875819621534,0.8743409243226254,628.25,611.2338179822798,0.6078989736917111,508,bior,0.672619891330026,0.76736776154697,0.2989557476048908,5,382.25,2.830636816375028e-14,0.0001547883299646835,1.9031457428799503e-27,0.9804426877312373,0.7267504279006358,0.0026392748392069254,0.42960526315789493,0.006693666181342974,0.9999999997234894,0.9919828214562016,0.9855281704452468,0.9855281704452468,0.9855281704451341,,0.0,0.9999999999667601,7.585973278963461e-14,,,,,1.0,,0.0,1.0,0.5,1.4238426238064856e-13,1.4238426238064856e-13,0.0,2.234570199821024,0.6375734627747119,526,1.5275264721327524,0.7061528094907628,1520,702.8641404994282,0.631622567872417,1023.0,781.544477028348,0.5477295229299192,1213,0.5943810304597339,0.7715092316736338,0.3524805091760961,5,911.0,,,,,,,,,,,,,1.9005965658683653e-19,0.03641360043841643,1.9031457428799503e-27,0.9858139045089881,0.22466458769913067,0.0018786015982693548,0.3250043489185691,1.0,0.006693666181342973,0.9999999999999541,0.0008499884728391221,0.0007982210227401261,0.0007982210227401261,0.0007982210227337869,,0.0,0.0,0.020163910573049823,7.054128794466933e-19,,,,,0.4782608695652174,,0.0,1.0,0.8604651162790697,4.770970844811595e-19,4.770970844811595e-19,0.9302325581395349,0.5744527218307418,0.17892707859001003,259,1.6483632235255643,0.8001308460581938,1507,882.4692629208113,0.5876311855510228,883.0,442.03057757644393,0.5875071815605581,1170,1104.4,1082.5,563.6960149978129,300,0.520820561188399,0.7876173146100969,0.3991404127850916,6,879.0
bior3.1,1.0,periodization,9.873533044464801e-27,317.3026729025304,5102333.722780851,0.529126213592233,66.75410101539838,206,smoothed,7.889318195875855e-14,-1.8742982721420313e-10,6.139791944640999,34556.15802950324,0.991430012081585,0.00014966566451320284,0.9999999999999999,362.4,,,,[],[],11,426.59999999999985,32.20000000000002,728.3999999999997,"[9, 31, 53, 64, 80, 102, 131, 148, 158, 175, 192]","[311.00000000000006, 417.79999999999995, 589.5999999999999, 432.19999999999993, 728.3999999999997, 371.0, 586.9999999999998, 32.20000000000002, 448.19999999999993, 367.99999999999994, 407.19999999999993]","[0, 0, 0, 60, 0, 94, 120, 144, 144, 165, 186]","[20, 40, 75, 75, 203, 120, 203, 149, 203, 186, 203]",30736475.839999985,728.3999999999997,-728.3999999999997,0.0,,,,DWT,mdp.39015067403892,1.1175870895385742e-08,,0.0,33.0,11.0,0.0,33.0,,2.2737367544323206e-13,168.39999999999992,987.8000000000002,168.39999999999998,,0.0,168.39999999999992,,,28.00000000000003,0.0,15.0,2.2737367544323206e-13,2.2737367544323206e-13,,0.0,1.2448034936550288e-13,2.410798975607003e-26,0.9703382927891943,0.007870854390434473,0.12259203663134718,0.11027684467067218,0.05063081436454062,,0.9999996647345563,4.405801664454926e-09,4.405801664454926e-09,3.67866784340914e-09,,0.0,0.9999999955941608,1.5171946557926922e-13,,,,,,2.3840087137460624e-13,1.0,0.0,3.4954031196328703e-13,3.4954031196328703e-13,0.8999999009648636,0.33832967743805464,484,0.7117974847985298,0.36135670847137086,773,0,0.24999997273500643,0.35570077878535444,491,0.0,0.18024412040661617,0.31799941098853785,793,170.8261787119683,0.8209369195891317,635.25,600.8287812079218,0.5775282082222388,662,bior,0.8100315533562081,0.7923003667562746,0.1952878026237719,6,498.0,8.13350596328645e-14,0.9999999999705145,6.190288293151224e-27,0.9569959885446541,0.7247748654238925,0.0003211436364497736,0.09049565661727149,0.0004931396430333233,0.9999999997238042,2.0315811923854454e-05,4.74525418958649e-11,4.74525418958649e-11,3.962102868015904e-11,,0.0,0.003126132840348572,1.5171946557926922e-13,,,,,0.0,,1.1061813170906958e-13,1.0,0.0,2.847685247612971e-13,2.847685247612971e-13,1.0,0.3015691612043544,0.08604450842069113,1504,1.673141116041786,0.7734682974873758,964,381.8376618407357,0.7998754392868261,1234.0,1174.9238249594814,0.5765624575889057,994,0.5943810304597339,0.7715092316736338,0.3524805091760961,5,746.75,,,,,,,,,,,,,5.461143376948154e-19,0.9999999999715838,6.190288293151224e-27,0.9688066026344272,0.22405387057772003,0.0013365249848683932,0.06846164253822229,0.9999999999999999,0.0004931396430333233,0.9999999999999541,9.960751159770467e-05,3.8433882812438647e-14,3.8433882812438647e-14,3.2090649582094954e-14,,0.0,0.0,0.004567040150618468,1.4108257588933865e-18,,,,,0.13043478260869565,,3.499932525657665e-21,1.0,0.7209302325581395,9.54194168962319e-19,9.54194168962319e-19,1.0,0.42658033862811345,0.13286867808967343,1580,1.8215610722259097,0.8842026933538801,684,633.5676759431466,0.703940338344324,1132.0,954.6996466431096,0.5874841878637508,1171,1104.4,1082.5,563.6960149978129,300,0.520820561188399,0.7876173146100969,0.3991404127850916,6,879.75
db3,1.0,reflect,2.7541967973449325e-27,322.8474490530112,4971514.120246231,0.5333333333333333,94.81057174726554,206,smoothed,3.267289351692984e-14,-1.9926658101354677e-10,6.20962597618261,32254.58470520987,0.9808130138839922,0.00014966566451320274,0.9999999999999999,362.4,,,,[],[],11,426.59999999999997,32.200000000000045,728.3999999999999,"[9, 31, 53, 64, 80, 102, 131, 148, 158, 175, 192]","[311.0, 417.79999999999984, 589.5999999999999, 432.2, 728.3999999999999, 371.00000000000006, 586.9999999999999, 32.200000000000045, 448.20000000000005, 367.9999999999999, 407.20000000000005]","[1, 1, 1, 60, 1, 94, 120, 144, 144, 165, 186]","[20, 40, 75, 75, 205, 120, 205, 149, 205, 186, 205]",30736475.839999996,728.3999999999999,-728.3999999999999,0.0,,,,DWT,mdp.39015067403892,0.0,,0.0,15.0,11.0,0.0,33.0,,1.1368683772161603e-13,168.40000000000003,987.7999999999993,168.39999999999998,,0.0,168.40000000000003,,,28.000000000000057,0.0,33.0,1.1368683772161603e-13,1.1368683772161603e-13,,0.0,2.2940849844225555e-14,3.2725427657768304e-27,0.9914051867675897,0.10859974513478704,0.06645016671056614,0.13917548025037796,0.0315442500648509,,0.9999996647593375,4.4059199552998455e-09,4.4059199552998455e-09,3.67866784340914e-09,,0.0,0.9999999955940747,7.585973278963461e-14,,,,,,0.0,0.0,1.0,1.7477015598164352e-13,1.7477015598164352e-13,0.8999999009720988,0.3383296774407745,427,0.7506559601093289,0.38108390761776967,674,0,0.24999997273702879,0.3557007787882318,431,0.0,0.1910249755611707,0.3370197572909143,684,144.40452439818728,0.8486325740060929,554.0,525.7779864692112,0.6339598928730674,492,db,0.573477938514061,0.8443824841957417,0.34525069778143475,3,369.75,2.2934923317219878e-14,0.9999999999705138,1.1521745501846617e-27,0.977457467815784,0.7488990201215594,0.00017407368999258614,0.11421052631578965,0.00030723819895002403,0.9999999997236257,2.0315811924354055e-05,4.745387416349445e-11,4.745387416349445e-11,3.962102868015904e-11,,0.0,0.0031261328403482946,7.585973278963461e-14,,,,,0.0,,0.0,0.0,1.0,1.4238426238064856e-13,1.4238426238064856e-13,1.0,0.30156916120420496,0.0860445084206485,1592,1.7068181332817536,0.7890366825681715,676,647.7098115668775,0.66052944886432,1134.0,949.0229276895944,0.5330949131114053,1317,0.49117026184683504,0.8233619396015222,0.4091722348267588,4,988.75,,,,,,,,,,,,,1.5399374530493349e-19,0.9999999999715831,1.1521745501846617e-27,0.9836485448624107,0.23151151086339236,0.0013021338432394158,0.08640238127452321,0.9999999999999999,0.00030723819895002447,0.9999999999999541,9.960751159770499e-05,3.8434858594393884e-14,3.8434858594393884e-14,3.2090649582094954e-14,,0.0,0.0,0.004567040150618464,7.054128794466933e-19,,,,,0.13043478260869565,,0.0,0.7209302325581395,1.0,4.770970844811595e-19,4.770970844811595e-19,1.0,0.42658033862811345,0.13286867808967343,1526,1.841279797051608,0.8937743458591023,369,818.1225458328355,0.6176997449379273,947.5,594.2944591029025,0.5874713677960665,1172,1009.0473684210526,935.5,610.6543869996938,760,0.4758535102197843,0.8532293215616218,0.41093374637766444,5,880.25
db16,1.0,smooth,7.708626224319887e-27,318.37762886124386,4963488.463567796,0.5466101694915254,57.25375900251938,206,smoothed,6.006845506437934e-14,-2.1237793745854154e-10,6.192514814048015,40699.8046078713,0.9885317366877857,0.00014966566451320255,0.9999999999999999,362.4000000000001,,,,[],[],11,426.60000000000014,32.19999999999999,728.4000000000003,"[9, 31, 53, 64, 80, 102, 131, 148, 158, 175, 192]","[311.0000000000001, 417.8000000000002, 589.6000000000003, 432.19999999999993, 728.4000000000003, 371.0000000000001, 587.0, 32.19999999999999, 448.2000000000003, 368.0, 407.2000000000001]","[1, 1, 1, 60, 1, 94, 120, 144, 144, 165, 186]","[20, 40, 75, 75, 205, 120, 205, 149, 205, 186, 205]",30736475.84000001,728.4000000000003,-728.4000000000003,0.0,,,,DWT,mdp.39015067403892,1.4901161193847656e-08,,0.0,15.0,11.0,0.0,33.0,,3.410605131648481e-13,168.4000000000002,987.7999999999975,168.40000000000015,,0.0,168.4000000000002,,,28.0,0.0,33.0,3.410605131648481e-13,3.410605131648481e-13,,1.1368683772161603e-13,8.31250612026935e-14,1.7772174207492512e-26,0.9744224943149308,0.08391853537049689,0.06300591703743115,0.23037384716130066,0.10157905234370311,,0.999999664709775,4.406097391567225e-09,4.406097391567225e-09,3.6788452796766485e-09,,1.2251610931599486e-12,0.9999999955939026,2.275791983689038e-13,,,,,,3.1786782849947497e-13,0.0,1.0,5.243104679449306e-13,5.243104679449306e-13,0.8999999009582909,0.33832967743558384,516,0.7908968825949491,0.4015129307680427,549,0,0.24999997273312802,0.3557007787826818,516,0.0,0.20761426374684946,0.36628775149712817,521,15.84297951775486,0.9833931032308649,525.5,525.1515827564674,0.7162772644036924,294,db,0.573477938514061,0.8443824841957417,0.34525069778143475,3,221.25,5.754969061423206e-14,0.9999999999705125,4.658256875583809e-27,0.9609628193904198,0.7429879719795676,0.00016505109035833978,0.18904995539696712,0.0009893709639306036,0.9999999997234281,2.0315811923354854e-05,4.745570603148508e-11,4.745570603148508e-11,3.9622916059300906e-11,,1.2251610931599486e-12,0.003126132840347795,2.275791983689038e-13,,,,,0.0,,1.4749084227875944e-13,0.0,1.0,4.2715278714194565e-13,4.2715278714194565e-13,1.0,0.3015691612050822,0.0860445084208988,1339,1.724169933594116,0.797058162237319,502,591.8483758531403,0.6898069308945806,920.5,730.2313959804453,0.6036822914430975,858,0.49117026184683504,0.8233619396015222,0.4091722348267588,4,644.5,,,,,,,,,,,,,3.8641037845423423e-19,0.9999999999715818,4.658256875583809e-27,0.9716839837592663,0.22968419416331623,0.0013000239798080502,0.14301979732565268,0.9999999999999999,0.0009893709639306038,0.9999999999999541,9.960751159770423e-05,3.843648489765261e-14,3.843648489765261e-14,3.209227588535368e-14,,0.0,9.572760819061336e-19,0.004567040150618456,2.11623863834008e-18,,,,,0.13043478260869565,,4.666576700876887e-21,0.7209302325581395,1.0,1.4312912534434783e-18,1.4312912534434783e-18,1.0,0.42658033862811345,0.13286867808967343,1502,1.8561061666344114,0.9009712036080195,225,902.9753595752212,0.5780488973947564,863.5,391.3723219455703,0.5872721122487801,1173,1009.0473684210526,935.5,610.6543869996938,760,0.4758535102197843,0.8532293215616218,0.41093374637766444,5,881.0
sym19,1.0,constant,1.4221021644780586e-19,245.71809076814557,4961738.166615071,0.5537190082644629,54.044433924332814,206,smoothed,3.2112934911016987e-10,,6.194699278333934,41855.66512674986,0.9895881511059548,0.00014966566451256544,0.9999999999999997,362.400000000048,,,,[],[],11,426.6000000010046,32.20000000009253,728.4000000015195,"[9, 31, 53, 64, 80, 102, 131, 148, 158, 175, 192]","[311.0000000009571, 417.8000000010075, 589.6000000011203, 432.2000000016077, 728.4000000015195, 371.0000000011701, 587.0000000006531, 32.20000000009253, 448.20000000090107, 368.0000000010285, 407.200000000993]","[1, 1, 1, 60, 1, 94, 120, 144, 144, 165, 186]","[20, 40, 75, 75, 204, 120, 204, 149, 204, 186, 204]",30736475.840024635,728.4000000010955,-728.4000000010955,0.0,,,,DWT,mdp.39015067403892,2.46390700340271e-05,,0.0,15.0,11.0,0.0,33.0,,1.095486368285492e-09,168.40000000100468,987.799999988948,168.4000000010046,,0.0,168.40000000100468,,,28.00000000009254,0.0,33.0,1.5195382729871199e-09,1.095486368285492e-09,,4.803268893738277e-11,7.054273617248644e-10,4.1619236531895526e-19,0.6983589087013324,0.08706941552926506,0.062254768570849904,0.27920434254441334,0.11116441114248116,,0.999999745397504,5.451256151854817e-09,5.451256151854817e-09,4.723974468013083e-09,,5.176305618600784e-10,0.9999999945487278,1.0139411884662562e-09,,,,,,5.255944544238818e-10,0.0,1.0,1.684085223039117e-09,1.684085223039117e-09,0.8999999272837783,0.3383296873319112,302,0.6498249389572429,0.3298952385181058,874,0,0.24999998008317126,0.35570078924034737,303,0.0,0.1768645495991099,0.31203693341225625,832,318.293758447549,0.666358743765672,577.75,446.5443865129603,0.5303753886543244,790,sym,1.0,1.0,0.0,7,594.25,4.05734155984901e-10,0.9999999999660902,1.0063736496398107e-19,0.6928326745129056,0.7437425948074596,0.00016308337241596662,0.22912135711178816,0.0010827315088023893,,2.031581356259915e-05,5.871264585621816e-11,5.871264585621816e-11,5.087946730597537e-11,,5.176305618600784e-10,0.0031261328370804087,1.0139411884662562e-09,,,,,0.0,,2.438761077079287e-10,0.0,1.0,1.3720147522999295e-09,1.3720147522999295e-09,1.0,0.30156916264963024,0.08604450883306104,1257,1.1797340793574649,0.5453735498456701,1760,355.6747109368334,0.8135876777060622,1508.5,1466.5694398409016,0.5114846145343728,1468,0.7763846615972358,0.5622554397616224,0.28785410495344815,6,1102.5,,,,,,,,,,,,,2.724252504098834e-15,0.99999999996732,1.0063736496398107e-19,0.777193054383114,0.22991747510817437,0.001299563844558992,0.17333455587597635,0.9999999999999997,0.0010827315088023893,,9.960751159894434e-05,4.7553866226734964e-14,4.7553866226734964e-14,4.120933195378429e-14,,0.0,4.044491446053415e-16,0.004567040150567335,9.428548546684503e-15,,,,,0.13043478260869565,,7.716184574899933e-18,0.7209302325581395,1.0,4.597307506060452e-15,4.597307506060452e-15,1.0,0.4265803386281032,0.13286867808967023,1676,1.3516912670503434,0.656123517971517,1751,53.033008588991066,0.9752182202855182,1713.5,1712.6793113510357,0.5872586428530395,1174,1409.1368421052632,1454.5,398.32527672708756,380,0.6645304607900322,0.5565550872278735,0.3678621512786154,7,882.25
coif13,1.0,zero,2.791178290227944e-26,315.0139166834183,5972228.01101425,0.574468085106383,148.2157868902405,206,raw,1.1657557335850477e-13,-2.2421986489718232e-10,6.321696514327864,69762.54584779438,0.8445269562375942,5.618943883690062e-06,1.0,327.0000000000001,,,,[],[],13,661.1538461538463,86.99999999999991,939.9999999999998,"[8, 32, 51, 63, 81, 100, 111, 133, 152, 162, 175, 192, 204]","[878.0, 638.0, 787.0, 792.0000000000003, 939.9999999999998, 788.0000000000001, 637.0000000000001, 675.0000000000002, 771.0000000000009, 195.99999999999983, 834.0000000000002, 572.0, 86.99999999999991]","[0, 13, 39, 39, 76, 99, 107, 107, 107, 161, 99, 187, 203]","[76, 39, 61, 76, 205, 164, 119, 142, 164, 164, 205, 205, 205]",37754613.00000001,940.9999999999998,-940.9999999999998,0.0,,,,DWT,mdp.39015067403892,7.450580596923828e-09,,0.0,33.0,19.0,0.0,28.5,,2.2737367544323206e-13,256.3413461538463,4358.999999999998,256.34134615384625,,0.0,256.3413461538463,,,83.99999999999991,0.0,19.5,2.2737367544323206e-13,2.2737367544323206e-13,,1.1368683772161603e-13,1.289474149130425e-13,1.895534831465051e-26,0.9485499599470938,0.7876137690710872,0.000265891088354056,0.12993920972644407,0.0009734133234755888,0.9999999997232498,0.47422802461150126,6.696054799077647e-09,6.696054799077647e-09,6.082044361106239e-09,,5.718550876340534e-12,0.9999999933039181,2.7225927463116073e-13,,,,,,7.374542113937972e-14,1.0,0.0,2.847685247612971e-13,2.847685247612971e-13,0.7422684098808018,0.24267159368313268,725,1.4154348551572833,0.6798381543087214,781,0,0.20618566978301728,0.2463543448306304,725,0.0,0.3584177803599792,0.6510109510476569,799,38.240467221692434,0.9599156528074503,757.5,756.0586462383301,0.5829452477873729,585,coif,0.5507900112560971,0.8749445204262634,0.351963635992853,2,439.25,1.289474149130425e-13,0.0001547883299646835,1.895534831465051e-26,0.9485499599470937,0.7876137690710873,0.0012990957469528025,0.3460806270996645,0.0033368110860825793,0.9999999997232497,0.9919828214562001,0.9855281704452481,0.9855281704452481,0.9855281704451354,,1.2251610931599486e-12,0.9999999999667596,1.5171946557926922e-13,,,,,1.0,,7.374542113937972e-14,1.0,0.25,2.847685247612971e-13,2.847685247612971e-13,0.0,2.2095701998217683,0.6304403968409723,725,1.503399820039903,0.6949994164270181,1574,600.3336572273788,0.6853597184342879,1149.5,992.7359721618096,0.5414482030326575,1253,0.4784248188775415,0.776734912893196,0.43208215291776214,2,940.25,,,,,,,,,,,,,8.658016900775792e-19,0.03641360043841641,1.895534831465051e-26,0.9626801898350477,0.24347962643196033,0.001565211336831251,0.2618164127158681,1.0,0.0033368110860825793,0.9999999999999541,0.000849988472839121,0.0007982210227401272,0.0007982210227401272,0.0007982210227337879,,0.0,9.572760819061336e-19,0.020163910573049813,1.4108257588933865e-18,,,,,0.4782608695652174,,2.3332883504384434e-21,1.0,0.7906976744186046,9.54194168962319e-19,9.54194168962319e-19,0.9302325581395349,0.5674759776446953,0.17675400427451057,787,1.6171159024377113,0.7849631056583559,1599,574.1707063234766,0.7316959316245437,1193.0,1054.8306789606036,0.5871096480552624,1175,986.6382352941176,846.0,585.0035688138154,340,0.4652856568234462,0.8173890317607586,0.42908333069536003,4,882.25
coif13,1.0,constant,3.0575344942805094e-26,314.618078815252,5969280.517707646,0.574468085106383,149.5030862403083,206,raw,1.2023176413474604e-13,-2.2465695970197725e-10,6.330105510690734,67587.08450907904,0.8395014796640154,5.618943883690062e-06,1.0,327.00000000000006,,,,[],[],13,661.1538461538464,86.99999999999991,939.9999999999998,"[8, 32, 51, 63, 81, 100, 111, 133, 152, 162, 175, 192, 204]","[878.0000000000002, 638.0000000000005, 787.0000000000001, 792.0000000000003, 939.9999999999998, 788.0000000000001, 637.0000000000001, 675.0000000000002, 771.0000000000009, 195.99999999999983, 834.0000000000002, 572.0, 86.99999999999991]","[0, 13, 39, 39, 76, 99, 107, 107, 107, 161, 99, 187, 203]","[76, 39, 61, 76, 205, 164, 119, 142, 164, 164, 205, 205, 205]",37754613.00000001,940.9999999999998,-940.9999999999998,0.0,,,,DWT,mdp.39015067403892,7.450580596923828e-09,,0.0,33.0,19.0,0.0,28.5,,2.2737367544323206e-13,256.3413461538464,4358.999999999996,256.3413461538463,,0.0,256.3413461538464,,,83.99999999999991,0.0,19.5,2.2737367544323206e-13,2.2737367544323206e-13,,5.684341886080802e-14,1.3356707538957166e-13,2.0840261185150924e-26,0.9470892286002546,0.790518655480074,0.0002625740308300396,0.12993920972644407,0.000797281453676418,0.9999999997232433,0.47422802461150126,6.696142835559359e-09,6.696142835559359e-09,6.082088379347123e-09,,2.859275438170267e-12,0.9999999933038097,2.7225927463116073e-13,,,,,,7.374542113937972e-14,1.0,0.0,2.847685247612971e-13,2.847685247612971e-13,0.7422684098793839,0.24267159368266913,798,1.4159387482769905,0.6800801758805531,778,0,0.2061856697827883,0.2463543448303568,798,0.0,0.358575868626832,0.6512980941487887,798,10.0,0.989517819706499,793.0,792.904214559387,0.579140461215933,599,coif,0.5507900112560971,0.8749445204262634,0.351963635992853,2,449.75,1.3356707538957166e-13,0.0001547883299646835,2.0840261185150922e-26,0.9470892286002546,0.790518655480074,0.001295782117539577,0.3460806270996645,0.0031610958915476695,0.9999999997232432,0.9919828214562001,0.9855281704452493,0.9855281704452493,0.985528170445136,,6.125805465799743e-13,0.9999999999667591,1.5171946557926922e-13,,,,,1.0,,7.374542113937972e-14,1.0,0.25,2.847685247612971e-13,2.847685247612971e-13,0.0,2.2095701998214627,0.630440396840885,798,1.5039038815437713,0.6952324365766563,1572,547.3006486383878,0.7131547963111176,1185.0,1058.6126582278482,0.5460428069605903,1226,0.4784248188775415,0.776734912893196,0.43208215291776214,2,920.0,,,,,,,,,,,,,8.968198369001486e-19,0.03641360043841641,2.0840261185150922e-26,0.9616206334865983,0.24437763086695335,0.0015644364708494417,0.2618164127158681,1.0,0.0031610958915476695,0.9999999999999541,0.000849988472839121,0.0007982210227401281,0.0007982210227401281,0.0007982210227337884,,0.0,4.786380409530668e-19,0.020163910573049806,1.4108257588933865e-18,,,,,0.4782608695652174,,2.3332883504384434e-21,1.0,0.7906976744186046,9.54194168962319e-19,9.54194168962319e-19,0.9302325581395349,0.5674759776446953,0.17675400427451057,792,1.6168584973353333,0.7848381588266103,1600,571.3422791987304,0.7330176265426493,1196.0,1059.531772575251,0.5870695609348761,1176,986.6382352941176,846.0,585.0035688138154,340,0.4652856568234462,0.8173890317607586,0.42908333069536003,4,883.0
bior3.9,1.0,periodic,3.559585487356886e-27,323.9577981939704,7163924.3088940345,0.5892857142857143,222.38262548710452,206,raw,3.5768583348700197e-14,-2.085538408636041e-10,6.143885110637283,77031.51515421446,0.8829805508938839,5.618943883690066e-06,1.0,327.0,,,,[],[],13,661.1538461538462,86.99999999999999,939.9999999999999,"[8, 32, 51, 63, 81, 100, 111, 133, 152, 162, 175, 192, 204]","[877.9999999999999, 638.0, 786.9999999999998, 792.0, 939.9999999999999, 788.0, 637.0, 675.0, 771.0, 196.0, 834.0, 572.0, 86.99999999999999]","[0, 13, 39, 39, 76, 99, 107, 107, 107, 161, 164, 187, 203]","[76, 39, 61, 76, 205, 164, 119, 142, 164, 164, 205, 205, 205]",37754613.0,940.9999999999999,-940.9999999999999,0.0,,,,DWT,mdp.39015067403892,0.0,,0.0,33.0,19.0,0.0,28.5,,1.1368683772161603e-13,256.3413461538462,4359.0,256.34134615384613,,0.0,256.3413461538462,,,83.99999999999999,0.0,24.0,1.1368683772161603e-13,1.1368683772161603e-13,,0.0,2.684638112635663e-14,1.7221209169152097e-27,0.9815549075166606,0.7261888489433568,0.0016070053030556063,0.2410714285714286,0.0015619308634878593,0.999999999723486,0.4742280246115838,6.6959667625959335e-09,6.6959667625959335e-09,6.0819563246244724e-09,,0.0,0.9999999933040264,1.3612963731558036e-13,,,,,,0.0,1.0,0.5,1.4238426238064856e-13,1.4238426238064856e-13,0.7922684098777802,0.25901821374927814,530,1.4498842152965716,0.696384298646539,713,0,0.24785233644916005,0.29613842719976957,528,0.0,0.36899801511518776,0.6702283254853256,755,119.59515040335039,0.8746382071243707,631.5,614.650844997124,0.6063442607948897,515,bior,0.672619891330026,0.76736776154697,0.2989557476048908,5,387.5,2.6846381126356624e-14,0.0001547883299646835,1.722120916915209e-27,0.9815549075166606,0.7261888489433568,0.0026388239476712438,0.42960526315789493,0.003923936369816719,0.9999999997234859,0.9919828214562014,0.9855281704452468,0.9855281704452468,0.9855281704451341,,0.0,0.9999999999667601,7.585973278963461e-14,,,,,1.0,,0.0,1.0,0.5,1.4238426238064856e-13,1.4238426238064856e-13,0.0,2.2345701998210235,0.6375734627747118,529,1.526804897154987,0.7058192360914777,1522,702.1570337182417,0.6319931689107747,1025.5,785.1175036567528,0.5472596871807542,1220,0.5943810304597339,0.7715092316736338,0.3524805091760961,5,916.25,,,,,,,,,,,,,1.8025675169479802e-19,0.03641360043841643,1.722120916915209e-27,0.9866206644495249,0.22449098352904157,0.0018784961608565012,0.3250043489185691,1.0,0.003923936369816719,0.9999999999999541,0.0008499884728391219,0.0007982210227401261,0.0007982210227401261,0.0007982210227337869,,0.0,0.0,0.020163910573049823,7.054128794466933e-19,,,,,0.4782608695652174,,0.0,1.0,0.8604651162790697,4.770970844811595e-19,4.770970844811595e-19,0.9302325581395349,0.5744527218307418,0.17892707859001003,261,1.647652532761525,0.7997858701486366,1509,882.4692629208113,0.5876311855510228,885.0,445.0271186440678,0.587039891840932,1177,1104.4,1082.5,563.6960149978129,300,0.520820561188399,0.7876173146100969,0.3991404127850916,6,884.25
sym19,1.0,smooth,1.4221021644780586e-19,245.71809076814557,4961738.166615071,0.5537190082644629,54.044433924332814,206,smoothed,3.2112934911016987e-10,,6.194699278333934,41855.66512674986,0.9895881511059548,0.00014966566451256544,0.9999999999999997,362.400000000048,,,,[],[],11,426.6000000010046,32.20000000009253,728.4000000015195,"[9, 31, 53, 64, 80, 102, 131, 148, 158, 175, 192]","[311.0000000009571, 417.8000000010075, 589.6000000011203, 432.2000000016077, 728.4000000015195, 371.0000000011701, 587.0000000006531, 32.20000000009253, 448.20000000090107, 368.0000000010285, 407.200000000993]","[1, 1, 1, 60, 1, 94, 120, 144, 144, 165, 186]","[20, 40, 75, 75, 204, 120, 204, 149, 204, 186, 204]",30736475.840024635,728.4000000010955,-728.4000000010955,0.0,,,,DWT,mdp.39015067403892,2.46390700340271e-05,,0.0,15.0,11.0,0.0,33.0,,1.095486368285492e-09,168.40000000100468,987.799999988948,168.4000000010046,,0.0,168.40000000100468,,,28.00000000009254,0.0,33.0,1.5195382729871199e-09,1.095486368285492e-09,,4.803268893738277e-11,7.054273617248644e-10,4.1619236531895526e-19,0.6983589087013324,0.08706941552926506,0.062254768570849904,0.27920434254441334,0.11116441114248116,,0.999999745397504,5.451256151854817e-09,5.451256151854817e-09,4.723974468013083e-09,,5.176305618600784e-10,0.9999999945487278,1.0139411884662562e-09,,,,,,5.255944544238818e-10,0.0,1.0,1.684085223039117e-09,1.684085223039117e-09,0.8999999272837783,0.3383296873319112,303,0.6498249389572429,0.3298952385181058,875,0,0.24999998008317126,0.35570078924034737,304,0.0,0.1768645495991099,0.31203693341225625,830,317.4975065518888,0.6671933893586071,578.0,447.5534422012564,0.5306616841971232,789,sym,1.0,1.0,0.0,7,593.5,4.05734155984901e-10,0.9999999999660902,1.0063736496398107e-19,0.6928326745129056,0.7437425948074596,0.00016308337241596662,0.22912135711178816,0.0010827315088023893,,2.031581356259915e-05,5.871264585621816e-11,5.871264585621816e-11,5.087946730597537e-11,,5.176305618600784e-10,0.0031261328370804087,1.0139411884662562e-09,,,,,0.0,,2.438761077079287e-10,0.0,1.0,1.3720147522999295e-09,1.3720147522999295e-09,1.0,0.30156916264963024,0.08604450883306104,1258,1.1797340793574649,0.5453735498456701,1761,355.6747109368334,0.8135876777060622,1509.5,1467.5972176217292,0.5112225600270353,1469,0.7763846615972358,0.5622554397616224,0.28785410495344815,6,1103.25,,,,,,,,,,,,,2.724252504098834e-15,0.99999999996732,1.0063736496398107e-19,0.777193054383114,0.22991747510817437,0.001299563844558992,0.17333455587597635,0.9999999999999997,0.0010827315088023893,,9.960751159894434e-05,4.7553866226734964e-14,4.7553866226734964e-14,4.120933195378429e-14,,0.0,4.044491446053415e-16,0.004567040150567335,9.428548546684503e-15,,,,,0.13043478260869565,,7.716184574899933e-18,0.7209302325581395,1.0,4.597307506060452e-15,4.597307506060452e-15,1.0,0.4265803386281032,0.13286867808967023,1677,1.3516912670503434,0.656123517971517,1752,53.033008588991066,0.9752182202855182,1714.5,1713.679790026247,0.5870249979932264,1178,1409.1368421052632,1454.5,398.32527672708756,380,0.6645304607900322,0.5565550872278735,0.3678621512786154,7,885.25
db6,1.0,periodic,3.1570979311318895e-27,322.2545182061122,5099811.95547682,0.5324074074074074,93.4449996445322,206,smoothed,3.482004328882627e-14,-2.006438348800547e-10,6.254121269969597,32707.1119865921,0.9825749915681573,0.00014966566451320274,0.9999999999999999,362.4,,,,[],[],11,426.59999999999997,32.20000000000002,728.4,"[9, 31, 53, 64, 80, 102, 131, 148, 158, 175, 192]","[311.00000000000006, 417.8000000000002, 589.6000000000001, 432.1999999999998, 728.4, 371.0, 586.9999999999999, 32.20000000000002, 448.2, 368.0, 407.2]","[0, 0, 0, 60, 0, 94, 120, 144, 144, 165, 186]","[20, 40, 75, 75, 203, 120, 203, 149, 203, 186, 203]",30736475.839999996,728.4,-728.4,0.0,,,,DWT,mdp.39015067403892,0.0,,0.0,33.0,11.0,0.0,33.0,,0.0,168.40000000000003,987.7999999999993,168.40000000000003,,0.0,168.40000000000003,,,28.00000000000003,0.0,15.0,0.0,0.0,,0.0,2.765783713672119e-14,4.45167308410436e-27,0.9891523976649931,0.1727799376221229,0.12150980790407422,0.13281531045399,0.035296983450443783,,0.9999996647345563,4.4059199552998455e-09,4.4059199552998455e-09,3.6787269888316428e-09,,0.0,0.9999999955940747,0.0,,,,,,0.0,1.0,0.0,0.0,0.0,0.8999999009645742,0.33832967743794584,510,0.8078812289238761,0.41013533758463333,478,0,0.24999997273493313,0.35570077878525014,510,0.0,0.20736491958509312,0.3658478409114565,524,19.485036994233976,0.9795754329200902,505.5,504.92199327248795,0.7248506095418061,275,db,0.573477938514061,0.8443824841957417,0.34525069778143475,3,207.0,2.5647884304615558e-14,0.9999999999705138,1.4372940709840978e-27,0.9752694187577557,0.7642699120339905,0.0003183086165047832,0.10899122807017583,0.0003437894894121143,0.999999999723605,2.0315811923854454e-05,4.745387416349445e-11,4.745387416349445e-11,3.962169481397382e-11,,0.0,0.0031261328403482946,0.0,,,,,0.0,,0.0,1.0,0.0,0.0,0.0,1.0,0.30156916120411015,0.08604450842062145,1615,1.7111897684843402,0.7910576246184032,620,703.5712472806148,0.6312519668340593,1117.5,896.0178970917227,0.5227800714673441,1387,0.49117026184683504,0.8233619396015222,0.4091722348267588,4,1041.25,,,,,,,,,,,,,1.7220959096252756e-19,0.9999999999715831,1.4372940709840978e-27,0.9820614212101599,0.23626320410153712,0.0013358620379183342,0.08245388535606402,0.9999999999999999,0.0003437894894121143,0.9999999999999541,9.960751159770467e-05,3.8434858594393884e-14,3.8434858594393884e-14,3.20911916831812e-14,,0.0,0.0,0.004567040150618464,0.0,,,,,0.13043478260869565,,0.0,1.0,0.7209302325581395,0.0,0.0,1.0,0.42658033862811345,0.13286867808967343,1528,1.8411554557254708,0.8937139894224492,370,818.829652614022,0.6173693212084009,949.0,595.7428872497366,0.5869556886415837,1179,1009.0473684210526,935.5,610.6543869996938,760,0.4758535102197843,0.8532293215616218,0.41093374637766444,5,885.5
db2,1.0,periodic,3.0307921095935173e-27,322.43183726315215,4954605.649585191,0.5288461538461539,97.38420696534702,206,smoothed,3.6833535143195e-14,-2.1108050862750412e-10,6.203617000794669,32502.657958579883,0.9779922879037322,0.0001496656645132027,0.9999999999999999,362.40000000000003,,,,[],[],11,426.6,32.200000000000045,728.4,"[9, 31, 53, 64, 80, 102, 131, 148, 158, 175, 192]","[311.00000000000006, 417.79999999999995, 589.6, 432.19999999999993, 728.4, 371.00000000000017, 587.0000000000001, 32.200000000000045, 448.2000000000001, 368.0, 407.2000000000001]","[0, 0, 0, 60, 0, 94, 120, 144, 144, 165, 186]","[20, 40, 75, 75, 203, 120, 203, 149, 203, 186, 203]",30736475.840000007,728.4,-728.4,0.0,,,,DWT,mdp.39015067403892,1.1175870895385742e-08,,0.0,33.0,11.0,0.0,33.0,,0.0,168.4000000000001,987.7999999999984,168.40000000000003,,0.0,168.4000000000001,,,28.000000000000057,0.0,15.0,0.0,0.0,,5.684341886080802e-14,3.208119670618995e-14,4.082026510620376e-27,0.9898261059759563,0.09993237462823384,0.05919381413022403,0.10835311892941973,0.033601480243660733,,0.9999996647593375,4.4059791007223055e-09,4.4059791007223055e-09,3.6787269888316428e-09,,6.125805465799743e-13,0.9999999955939887,0.0,,,,,,2.3840087137460624e-13,1.0,0.0,0.0,0.0,0.8999999009724267,0.3383296774408978,396,0.7302405976340446,0.3707196841639501,718,0,0.24999997273707183,0.3557007787882931,406,0.0,0.18441527055821813,0.32535844876664605,751,193.0602237645031,0.7976307926996823,567.75,518.6303499388707,0.6012525032680802,581,db,0.573477938514061,0.8443824841957417,0.34525069778143475,3,436.5,2.819196619440226e-14,0.9999999999705136,1.347911708187764e-27,0.9759237662213021,0.7468232205631908,0.00015506485777928,0.08891700404858327,0.00032727543849966423,0.9999999997234478,2.0315811924354055e-05,4.745454029730922e-11,4.745454029730922e-11,3.962169481397382e-11,,6.125805465799743e-13,0.0031261328403480726,0.0,,,,,0.0,,1.1061813170906958e-13,1.0,0.0,0.0,0.0,1.0,0.3015691612044722,0.08604450842072474,1484,1.694741114118641,0.7834536559117506,801,482.95393155041194,0.7468794908016709,1142.5,1040.4236323851203,0.5740424707677118,1016,0.49117026184683504,0.8233619396015222,0.4091722348267588,4,763.0,,,,,,,,,,,,,1.892915185169379e-19,0.999999999971583,1.347911708187764e-27,0.9825360588022075,0.2308698068698026,0.0012976887784481562,0.06726736259275856,0.9999999999999999,0.00032727543849966423,0.9999999999999541,9.960751159770499e-05,3.8435400695480126e-14,3.8435400695480126e-14,3.20911916831812e-14,,0.0,4.786380409530668e-19,0.00456704015061846,0.0,,,,,0.13043478260869565,,3.499932525657665e-21,1.0,0.7209302325581395,0.0,0.0,1.0,0.42658033862811345,0.13286867808967343,1555,1.8326432383094096,0.889582079885923,526,727.6128778409574,0.6599939823173097,1040.5,786.0932244113407,0.5868895145231408,1180,1009.0473684210526,935.5,610.6543869996938,760,0.4758535102197843,0.8532293215616218,0.41093374637766444,5,886.25
bior4.4,1.0,symmetric,4.047081856699167e-20,253.40037258288686,5914754.005737669,0.6355140186915887,300.68707890058374,206,raw,1.5769843252172402e-10,4.9522608032282734e-11,6.377403127117731,60924.95861535549,0.7549010146221068,5.618943883699189e-06,0.9999999999999999,327.00000000023704,,,,[],[],13,661.1538461533198,86.99999999990834,939.9999999992373,"[8, 32, 51, 63, 81, 100, 111, 133, 152, 162, 175, 192, 204]","[877.99999999946, 637.9999999993772, 786.9999999993615, 791.9999999993106, 939.9999999992373, 787.9999999993793, 636.9999999994692, 674.9999999997368, 770.9999999993579, 195.99999999973352, 833.9999999992729, 571.9999999995513, 86.99999999990834]","[0, 13, 39, 39, 76, 99, 107, 107, 107, 161, 99, 187, 203]","[76, 39, 61, 76, 205, 164, 119, 142, 164, 164, 205, 205, 205]",37754612.9999825,940.9999999994956,-940.9999999994956,0.0,,,,DWT,mdp.39015067403892,1.7501413822174072e-05,,0.0,33.0,19.0,0.0,28.5,,5.044284989708103e-10,256.3413461533198,4359.000000006843,256.34134615336734,,0.0,256.3413461533198,,,83.99999999990834,0.0,19.5,7.627249942743219e-10,5.044284989708103e-10,,2.370370566495694e-10,1.9923635753502273e-10,2.863983023989277e-20,0.7211820335927446,0.8068576092870857,0.00020121084592199408,0.587783711615487,0.00025789577505437036,0.9999999997273756,0.4742280245051215,6.288357852265543e-09,6.288357852265543e-09,5.71119068166323e-09,,1.1923178577170013e-08,0.9999999937116489,9.132937367502286e-10,,,,,,1.7322799425640296e-10,1.0,0.0,6.317589721829378e-10,6.317589721829378e-10,0.7422684164512866,0.24267159583123707,628,1.4714552731290882,0.7067449507739837,671,0,0.2061856708981579,0.24635434616302046,628,0.0,0.38953530763036326,0.707531168884501,612,25.31633201446581,0.9734629643454237,634.75,634.0135658390636,0.6540532851077223,406,bior,0.672619891330026,0.76736776154697,0.2989557476048908,5,305.75,1.9923635753502273e-10,0.00015478833002802173,2.863983023989278e-20,0.7211820335927445,0.8068576092870858,0.001234482350222217,0.6901869158878502,0.002622986237931401,0.9999999997273755,0.9919828214545781,0.9855281704393479,0.9855281704393479,0.9855281704397685,,2.554460879238493e-09,0.9999999999687837,5.089429472856586e-10,,,,,1.0,,1.7322799425640296e-10,1.0,0.25,6.317589721829378e-10,6.317589721829378e-10,0.0,2.209570201687324,0.6304403973732575,620,1.513925663274343,0.6998653574813039,1546,654.780879378743,0.6568234384807428,1083.0,885.0600184672206,0.5446066877938305,1238,0.5943810304597339,0.7715092316736338,0.3524805091760961,5,929.75,,,,,,,,,,,,,1.337748222366852e-15,0.03641360043847747,2.863983023989278e-20,0.7977565505061437,0.24942858671033857,0.0015501020059882039,0.5221392018835739,0.9999999999999999,0.002622986237931401,0.9999999999999548,0.0008499884728378939,0.0007982210227353484,0.0007982210227353484,0.0007982210227294409,,0.0,1.995920630774289e-15,0.020163910573081482,4.732615008207866e-15,,,,,0.4782608695652174,,5.480894335179903e-18,1.0,0.7906976744186046,2.1168797638429046e-15,2.1168797638429046e-15,0.9302325581395349,0.5674759776447108,0.1767540042745154,637,1.624972230041977,0.7887766401774449,1575,663.2661607529816,0.6900625417042142,1106.0,907.120253164557,0.5866200558988361,1181,1104.4,1082.5,563.6960149978129,300,0.520820561188399,0.7876173146100969,0.3991404127850916,6,887.25
bior3.5,1.0,antisymmetric,3.32928405609479e-27,324.24828395905826,6888838.452485567,0.5972222222222222,220.45586087875745,206,raw,3.3155786638320214e-14,-2.0868728967116407e-10,6.062786933646138,90432.57832617263,0.9027046607735986,5.618943883690066e-06,1.0,327.00000000000006,,,,[],[],13,661.1538461538462,87.0,939.9999999999999,"[8, 32, 51, 63, 81, 100, 111, 133, 152, 162, 175, 192, 204]","[878.0000000000001, 638.0, 786.9999999999999, 791.9999999999998, 939.9999999999999, 788.0, 637.0000000000001, 675.0, 771.0, 196.0, 833.9999999999999, 572.0, 87.0]","[0, 13, 42, 42, 76, 99, 107, 107, 107, 161, 164, 187, 203]","[76, 39, 61, 76, 205, 164, 119, 142, 164, 164, 205, 205, 205]",37754613.0,940.9999999999999,-940.9999999999999,0.0,,,,DWT,mdp.39015067403892,0.0,,0.0,33.0,19.0,0.0,28.5,,1.1368683772161603e-13,256.3413461538462,4359.0,256.3413461538461,,0.0,256.3413461538462,,,84.0,0.0,28.5,1.1368683772161603e-13,1.1368683772161603e-13,,5.684341886080802e-14,2.3545067153742625e-14,1.559144374497251e-27,0.982626865752592,0.6981734970548237,0.001297428481386264,0.3005952380952379,0.0026469211006242485,0.999999999723484,0.4742280246116003,6.6959667625959335e-09,6.6959667625959335e-09,6.081912306383589e-09,,2.859275438170267e-12,0.9999999933040264,1.3612963731558036e-13,,,,,,0.0,1.0,1.0,1.4238426238064856e-13,1.4238426238064856e-13,0.8422684098792016,0.2753648338168761,176,1.4606084457874058,0.7015351828689427,692,0,0.28951900311606277,0.3459225095698168,182,0.0,0.37316749377602143,0.6778015442738468,728,306.93484650655097,0.6782653600560262,444.5,285.8156123475256,0.6061662230049523,516,bior,0.672619891330026,0.76736776154697,0.2989557476048908,5,388.25,2.354506715374262e-14,0.0001547883299646835,1.559144374497251e-27,0.982626865752592,0.6981734970548237,0.0023295670672857805,0.47434210526315795,0.005006359844933862,0.9999999997234837,0.9919828214562016,0.9855281704452468,0.9855281704452468,0.9855281704451335,,6.125805465799743e-13,0.9999999999667601,7.585973278963461e-14,,,,,1.0,,0.0,1.0,0.75,1.4238426238064856e-13,1.4238426238064856e-13,0.0,2.2595701998213302,0.6447065287087514,180,1.5316134739442369,0.7080421697501263,1506,937.623591853362,0.5085830231376509,843.0,321.56583629893237,0.5333795618832908,1313,0.5943810304597339,0.7715092316736338,0.3524805091760961,5,986.0,,,,,,,,,,,,,1.5809048167772592e-19,0.03641360043841643,1.559144374497251e-27,0.9873982202653917,0.21583043481844086,0.0018061788898621296,0.35884859964822086,1.0,0.005006359844933862,0.9999999999999541,0.0008499884728391221,0.0007982210227401261,0.0007982210227401261,0.0007982210227337863,,0.0,4.786380409530668e-19,0.020163910573049823,7.054128794466933e-19,,,,,0.4782608695652174,,0.0,1.0,0.9302325581395349,4.770970844811595e-19,4.770970844811595e-19,0.9302325581395349,0.5814294660167882,0.18110015290550946,89,1.657723302942155,0.804674315698793,1481,984.2926394116741,0.5400501684992176,785.0,167.9095541401274,0.5866138692963377,1182,1104.4,1082.5,563.6960149978129,300,0.520820561188399,0.7876173146100969,0.3991404127850916,6,888.0
db18,1.0,smooth,1.1512546165027173e-26,318.8600786213592,105924328.12718336,0.6,291.4615928557397,206,raw,7.009542622713321e-14,-2.0659840505033156e-10,4.050553222668473,1776333.8882540185,0.9927638844650634,5.6189438836900665e-06,1.0,327.0,,,,[],[],13,661.1538461538462,87.00000000000006,940.0,"[8, 32, 51, 63, 81, 100, 111, 133, 152, 162, 175, 192, 204]","[877.9999999999998, 638.0000000000001, 787.0000000000002, 792.0000000000003, 940.0, 788.0, 636.9999999999999, 674.9999999999999, 771.0000000000002, 196.0, 834.0, 572.0, 87.00000000000006]","[0, 13, 39, 39, 76, 99, 107, 107, 107, 161, 99, 187, 203]","[76, 39, 61, 76, 205, 164, 119, 142, 164, 164, 205, 205, 205]",37754613.0,941.0,-941.0,0.0,,,,DWT,mdp.39015067403892,0.0,,0.0,33.0,19.0,0.0,28.5,,0.0,256.3413461538462,4359.0,256.3413461538462,,0.0,256.3413461538462,,,84.00000000000006,0.0,19.5,0.0,0.0,,0.0,7.021894263490803e-14,7.350162506277258e-27,0.9627431682265231,0.0030476929179026335,0.11275024007354262,0.3214285714285712,0.1391425437669474,0.9999999997235154,0.47422802461166635,6.6959667625959335e-09,6.6959667625959335e-09,6.082000342865356e-09,,0.0,0.9999999933040264,0.0,,,,,,0.0,1.0,0.0,0.0,0.0,0.7422684098776933,0.2426715936821164,920,1.219773313399271,0.5858612531936327,844,0,0.20618566978246886,0.24635434482997512,919,0.0,0.317389027017134,0.5764885104834672,869,37.78006529022063,0.9603982544127666,888.0,886.7846645597701,0.5147903221749368,827,db,0.540986235965534,0.9305070477545101,0.3421575204977732,3,621.0,7.021894263490803e-14,0.0001547883299646835,7.350162506277256e-27,0.9627431682265231,0.0030476929179026335,0.1136671944688414,0.49,0.14117907473931435,0.9999999997235153,0.9919828214562026,0.9855281704452468,0.9855281704452468,0.9855281704451347,,0.0,0.9999999999667601,0.0,,,,,1.0,,0.0,1.0,0.25,0.0,0.0,0.0,2.209570199820929,0.6304403968407328,932,1.2885214109134282,0.5956643181018751,1675,525.3803384216048,0.724643428500207,1303.5,1197.6217874952051,0.5207336639356381,1402,0.49117026184683504,0.8233619396015222,0.4091722348267588,4,1052.5,,,,,,,,,,,,,4.714765259137794e-19,0.03641360043841644,7.350162506277256e-27,0.9729753779063349,0.0009421510418811119,0.027841600842748032,0.370694087403599,1.0,0.14117907473931432,0.9999999999999541,0.0008499884728391229,0.0007982210227401261,0.0007982210227401261,0.0007982210227337874,,0.0,0.0,0.020163910573049823,0.0,,,,,0.4782608695652174,,0.0,1.0,0.7906976744186046,0.0,0.0,0.9302325581395349,0.5674759776446953,0.17675400427451057,828,1.6138504476747875,0.7833780235326854,1608,551.5432893255071,0.7422694909693892,1218.0,1093.1231527093596,0.5865553062323581,1183,1009.0473684210526,935.5,610.6543869996938,760,0.4758535102197843,0.8532293215616218,0.41093374637766444,5,888.5
bior3.9,1.0,symmetric,3.497028051688486e-27,324.03480130803587,7163707.056540449,0.5892857142857143,222.38262548710452,206,raw,3.523395167858944e-14,-2.0879575846066995e-10,6.143854879406691,77012.59630009293,0.8831210159078057,5.618943883690066e-06,1.0,327.0,,,,[],[],13,661.1538461538462,87.00000000000001,939.9999999999999,"[8, 32, 51, 63, 81, 100, 111, 133, 152, 162, 175, 192, 204]","[878.0, 638.0, 786.9999999999998, 792.0, 939.9999999999999, 788.0, 637.0, 675.0, 771.0, 196.0, 834.0, 572.0, 87.00000000000001]","[0, 13, 39, 39, 76, 99, 107, 107, 107, 161, 164, 187, 203]","[76, 39, 61, 76, 205, 164, 119, 142, 164, 164, 205, 205, 205]",37754613.0,940.9999999999999,-940.9999999999999,0.0,,,,DWT,mdp.39015067403892,0.0,,0.0,33.0,19.0,0.0,28.5,,1.1368683772161603e-13,256.3413461538462,4359.0,256.34134615384613,,0.0,256.3413461538462,,,84.00000000000001,0.0,24.0,1.1368683772161603e-13,1.1368683772161603e-13,,0.0,2.617086473592077e-14,1.6778511331283815e-27,0.9818390664402136,0.7261784055697262,0.0016067608110486335,0.2410714285714286,0.0015603991363587302,0.9999999997234823,0.4742280246116168,6.6959667625959335e-09,6.6959667625959335e-09,6.0819563246244724e-09,,0.0,0.9999999933040264,1.3612963731558036e-13,,,,,,0.0,1.0,0.5,1.4238426238064856e-13,1.4238426238064856e-13,0.7922684098777901,0.25901821374928136,522,1.4500487540270313,0.6964633271559899,712,0,0.24785233644916277,0.29613842719977285,522,0.0,0.36903200753153553,0.6702900674984388,753,122.67946038355402,0.8714051777950167,627.25,609.3907181374872,0.6069552094425817,511,bior,0.672619891330026,0.76736776154697,0.2989557476048908,5,384.5,2.617086473592076e-14,0.0001547883299646835,1.6778511331283815e-27,0.9818390664402136,0.7261784055697262,0.0026385797083417362,0.42960526315789493,0.003922408266295328,0.9999999997234822,0.9919828214562019,0.9855281704452468,0.9855281704452468,0.9855281704451341,,0.0,0.9999999999667601,7.585973278963461e-14,,,,,1.0,,0.0,1.0,0.5,1.4238426238064856e-13,1.4238426238064856e-13,0.0,2.234570199821024,0.6375734627747119,527,1.5269694374612284,0.7058953006321887,1521,702.8641404994282,0.631622567872417,1024.0,782.7802734375,0.5474674684225816,1217,0.5943810304597339,0.7715092316736338,0.3524805091760961,5,914.0,,,,,,,,,,,,,1.757210792820638e-19,0.03641360043841643,1.6778511331283815e-27,0.98682678201664,0.22448775510819607,0.001878439047424595,0.3250043489185691,1.0,0.003922408266295328,0.9999999999999541,0.0008499884728391223,0.0007982210227401261,0.0007982210227401261,0.0007982210227337869,,0.0,0.0,0.020163910573049823,7.054128794466933e-19,,,,,0.4782608695652174,,0.0,1.0,0.8604651162790697,4.770970844811595e-19,4.770970844811595e-19,0.9302325581395349,0.5744527218307418,0.17892707859001003,245,1.6477739492932468,0.7998448068628665,1508,893.0758646386096,0.5826748296081263,876.5,421.51739874500856,0.586547695177895,1184,1104.4,1082.5,563.6960149978129,300,0.520820561188399,0.7876173146100969,0.3991404127850916,6,889.5
coif5,1.0,smooth,1.1906932473640502e-26,318.7137935618296,28594944.85565481,0.6153846153846154,291.3686039121845,206,raw,6.707471687026628e-14,-2.100309925978677e-10,4.816528802389471,576005.0586762183,0.9767142068876498,5.618943883690064e-06,0.9999999999999999,327.0000000000001,,,,[],[],13,661.1538461538463,87.00000000000011,940.0000000000002,"[8, 32, 51, 63, 81, 100, 111, 133, 152, 162, 175, 192, 204]","[878.0000000000002, 637.9999999999999, 787.0000000000002, 792.0000000000003, 940.0000000000002, 788.0000000000001, 637.0000000000003, 675.0, 771.0000000000001, 195.99999999999994, 834.0, 572.0, 87.00000000000011]","[0, 13, 42, 42, 76, 99, 107, 107, 107, 161, 99, 187, 203]","[76, 42, 61, 76, 205, 164, 119, 142, 164, 164, 205, 205, 205]",37754613.0,941.0000000000002,-941.0000000000002,0.0,,,,DWT,mdp.39015067403892,0.0,,0.0,33.0,19.0,0.0,28.5,,2.2737367544323206e-13,256.3413461538463,4358.999999999998,256.34134615384625,,0.0,256.3413461538463,,,84.00000000000011,0.0,24.0,2.2737367544323206e-13,2.2737367544323206e-13,,1.1368683772161603e-13,6.640222395663766e-14,7.62925637296553e-27,0.962203343239543,0.26765383081234584,0.02572510178615909,0.43681318681318704,0.04196032436136853,0.9999999997234637,0.47422802461173236,6.696054799077647e-09,6.696054799077647e-09,6.082044361106239e-09,,5.718550876340534e-12,0.9999999933039181,2.7225927463116073e-13,,,,,,0.0,1.0,0.5,2.847685247612971e-13,2.847685247612971e-13,0.7922684098808342,0.2590182137502766,300,1.315520876602206,0.6318491320495677,827,0,0.24785233644969706,0.2961384272004112,300,0.0,0.3417944733420167,0.6208172622734788,828,304.5525406231247,0.6807625360344605,563.75,440.35472440691694,0.5449148109941695,721,coif,0.5507900112560971,0.8749445204262634,0.351963635992853,2,541.25,6.640222395663764e-14,0.0001547883299646835,7.62925637296553e-27,0.962203343239543,0.26765383081234584,0.02673199487364834,0.5767206477732796,0.044226759365291225,0.9999999997234635,0.9919828214562036,0.9855281704452481,0.9855281704452481,0.9855281704451354,,1.2251610931599486e-12,0.9999999999667596,1.5171946557926922e-13,,,,,1.0,,0.0,1.0,0.5,2.847685247612971e-13,2.847685247612971e-13,0.0,2.234570199821732,0.637573462774914,310,1.3729403180305462,0.6346899255282791,1658,953.179941039466,0.5004298002937809,984.0,522.3373983739838,0.4923532649267647,1574,0.4784248188775415,0.776734912893196,0.43208215291776214,2,1181.0,,,,,,,,,,,,,4.458496338630501e-19,0.036413600438416426,7.62925637296553e-27,0.9725838103581722,0.08274138581418225,0.007512493272888119,0.43629986574107826,0.9999999999999999,0.04422675936529122,0.9999999999999541,0.0008499884728391236,0.0007982210227401272,0.0007982210227401272,0.0007982210227337879,,0.0,9.572760819061336e-19,0.020163910573049813,1.4108257588933865e-18,,,,,0.4782608695652174,,0.0,1.0,0.8604651162790697,9.54194168962319e-19,9.54194168962319e-19,0.9302325581395349,0.5744527218307418,0.17892707859001003,510,1.6318119559324928,0.7920967067656082,1554,738.2194795587557,0.6550376263744133,1032.0,767.9651162790698,0.5863973178601039,1185,986.6382352941176,846.0,585.0035688138154,340,0.4652856568234462,0.8173890317607586,0.42908333069536003,4,889.75
bior3.5,1.0,periodic,3.180273592289159e-27,324.44714763816484,6888433.347433336,0.5972222222222222,220.45586087875745,206,raw,3.177609200577633e-14,-2.0895796204456768e-10,6.06304575968967,77513.02376986892,0.8869530291261595,5.618943883690066e-06,1.0,327.00000000000006,,,,[],[],13,661.1538461538462,86.99999999999997,939.9999999999999,"[8, 32, 51, 63, 81, 100, 111, 133, 152, 162, 175, 192, 204]","[878.0000000000001, 638.0, 786.9999999999999, 791.9999999999998, 939.9999999999999, 788.0, 637.0000000000001, 675.0, 771.0, 196.0, 833.9999999999999, 572.0, 86.99999999999997]","[0, 13, 42, 42, 76, 99, 107, 107, 107, 161, 164, 187, 203]","[76, 39, 61, 76, 205, 164, 119, 142, 164, 164, 205, 205, 205]",37754613.0,940.9999999999999,-940.9999999999999,0.0,,,,DWT,mdp.39015067403892,0.0,,0.0,33.0,19.0,0.0,28.5,,1.1368683772161603e-13,256.3413461538462,4359.0,256.3413461538461,,0.0,256.3413461538462,,,83.99999999999997,0.0,28.5,1.1368683772161603e-13,1.1368683772161603e-13,,5.684341886080802e-14,2.1801799049392e-14,1.4536947034203048e-27,0.9833607177490277,0.6982629084689452,0.0012969725832308694,0.3005952380952379,0.0016009152440835226,0.9999999997234799,0.47422802461156727,6.6959667625959335e-09,6.6959667625959335e-09,6.081912306383589e-09,,2.859275438170267e-12,0.9999999933040264,1.3612963731558036e-13,,,,,,0.0,1.0,1.0,1.4238426238064856e-13,1.4238426238064856e-13,0.8422684098791916,0.2753648338168728,184,1.4606748324006318,0.7015670685840937,691,0,0.28951900311606,0.34592250956981346,185,0.0,0.37313959398300334,0.6777508685769869,729,303.79420117353567,0.6815574411178871,447.25,292.8448887059793,0.6063709637455263,514,bior,0.672619891330026,0.76736776154697,0.2989557476048908,5,386.75,2.1801799049392e-14,0.0001547883299646835,1.4536947034203048e-27,0.9833607177490277,0.6982629084689453,0.0023291116402917615,0.47434210526315795,0.003962828525041101,0.9999999997234797,0.9919828214562011,0.9855281704452468,0.9855281704452468,0.9855281704451335,,6.125805465799743e-13,0.9999999999667601,7.585973278963461e-14,,,,,1.0,,0.0,1.0,0.75,1.4238426238064856e-13,1.4238426238064856e-13,0.0,2.25957019982133,0.6447065287087513,186,1.5316808506077024,0.7080733169813321,1504,931.9667376038697,0.5115478314445128,845.0,331.05798816568046,0.5343378570220467,1303,0.5943810304597339,0.7715092316736338,0.3524805091760961,5,978.5,,,,,,,,,,,,,1.4638552061260525e-19,0.03641360043841643,1.4536947034203048e-27,0.9879305272794968,0.21585807508904553,0.001806072391868282,0.35884859964822086,1.0,0.003962828525041101,0.9999999999999541,0.0008499884728391218,0.0007982210227401261,0.0007982210227401261,0.0007982210227337863,,0.0,4.786380409530668e-19,0.020163910573049823,7.054128794466933e-19,,,,,0.4782608695652174,,0.0,1.0,0.9302325581395349,4.770970844811595e-19,4.770970844811595e-19,0.9302325581395349,0.5814294660167882,0.18110015290550946,88,1.6576390415089663,0.8046334144151044,1482,985.7068529740473,0.5393893210401648,785.0,166.13503184713377,0.5862834455668113,1186,1104.4,1082.5,563.6960149978129,300,0.520820561188399,0.7876173146100969,0.3991404127850916,6,891.0
coif13,1.0,antisymmetric,2.4049967952676157e-26,313.43625372246316,6419880.368871292,0.5212765957446809,93.00911693463532,206,smoothed,1.0499907308231624e-13,-2.1968946661843384e-10,6.681621650830266,128858.84358168629,0.9957326004034095,0.0001496656645132026,1.0,362.4,,,,[],[],11,426.60000000000014,32.2000000000001,728.4000000000001,"[9, 31, 53, 64, 80, 102, 131, 148, 158, 175, 192]","[311.00000000000034, 417.8000000000002, 589.6000000000001, 432.19999999999993, 728.4000000000001, 371.00000000000006, 586.9999999999998, 32.2000000000001, 448.2000000000001, 368.0, 407.2000000000001]","[1, 1, 1, 60, 1, 94, 120, 144, 144, 165, 186]","[20, 40, 75, 75, 205, 120, 205, 149, 205, 186, 205]",30736475.84000001,728.4000000000001,-728.4000000000001,0.0,,,,DWT,mdp.39015067403892,1.4901161193847656e-08,,0.0,15.0,11.0,0.0,33.0,,1.1368683772161603e-13,168.4000000000002,987.7999999999975,168.4000000000001,,0.0,168.4000000000002,,,28.000000000000114,0.0,33.0,1.1368683772161603e-13,1.1368683772161603e-13,,0.0,1.8183133544987542e-13,6.559673923898325e-26,0.9556481699182379,0.7894082233773955,0.6880236002977755,0.05635795013570598,0.8326672815180572,,0.9999996648089,4.406097391567225e-09,4.406097391567225e-09,3.6787861342541454e-09,,0.0,0.9999999955939026,7.585973278963461e-14,,,,,,3.1786782849947497e-13,0.0,1.0,1.7477015598164352e-13,1.7477015598164352e-13,0.8999999009871824,0.3383296774464448,361,1.6677149064500882,0.8466452637634956,25,0,0.24999997274121052,0.3557007787941816,358,0.0,0.4745864607496221,0.837298962324293,25,193.12754852687382,0.7975602216699436,192.25,46.74897178885227,0.798020152763693,144,coif,0.5556920286951962,0.9053407607371553,0.33941335169221604,4,109.0,1.1432030597497548e-13,0.9999999999705127,1.6222472342081988e-26,0.9427280264557636,0.9119498482130891,0.0018023552510783095,0.04624860022396454,0.008110105498538488,0.999999999723318,2.0315811925353255e-05,4.745570603148508e-11,4.745570603148508e-11,3.962224992548613e-11,,0.0,0.003126132840347795,7.585973278963461e-14,,,,,0.0,,1.4749084227875944e-13,0.0,1.0,1.4238426238064856e-13,1.4238426238064856e-13,1.0,0.30156916120428023,0.08604450842066998,1528,1.7442563997750584,0.8063438373370176,296,871.1555544218265,0.5434195207432775,912.0,495.9298245614035,0.5327160496798149,1320,0.4784248188775415,0.776734912893196,0.43208215291776214,2,990.5,,,,,,,,,,,,,7.675897511405517e-19,0.9999999999715822,1.6222472342081988e-26,0.9584571911266697,0.28191636191109454,0.0016828945841529433,0.03498792378309473,1.0,0.00811010549853849,0.9999999999999541,9.960751159770586e-05,3.843648489765261e-14,3.843648489765261e-14,3.209173378426744e-14,,0.0,0.0,0.004567040150618456,7.054128794466933e-19,,,,,0.13043478260869565,,4.666576700876887e-21,0.7209302325581395,1.0,4.770970844811595e-19,4.770970844811595e-19,1.0,0.42658033862811345,0.13286867808967343,1552,1.8341131546277352,0.8902955909438202,495,747.4118677141807,0.6507421178905697,1023.5,750.6008793356132,0.5862355449265932,1187,986.6382352941176,846.0,585.0035688138154,340,0.4652856568234462,0.8173890317607586,0.42908333069536003,4,891.25
bior3.5,1.0,symmetric,3.23584616246667e-27,324.3719138050883,6887928.131135909,0.5972222222222222,220.45586087875745,206,raw,3.20692771151919e-14,-2.0884227680540174e-10,6.063021388862181,77497.96135491207,0.8869462926197706,5.618943883690066e-06,1.0,327.00000000000006,,,,[],[],13,661.1538461538462,87.00000000000001,939.9999999999999,"[8, 32, 51, 63, 81, 100, 111, 133, 152, 162, 175, 192, 204]","[878.0000000000001, 638.0, 786.9999999999999, 791.9999999999998, 939.9999999999999, 788.0, 637.0000000000001, 675.0, 771.0, 196.0, 833.9999999999999, 572.0, 87.00000000000001]","[0, 13, 42, 42, 76, 99, 107, 107, 107, 161, 164, 187, 203]","[76, 39, 61, 76, 205, 164, 119, 142, 164, 164, 205, 205, 205]",37754613.0,940.9999999999999,-940.9999999999999,0.0,,,,DWT,mdp.39015067403892,0.0,,0.0,33.0,19.0,0.0,28.5,,1.1368683772161603e-13,256.3413461538462,4359.0,256.3413461538461,,0.0,256.3413461538462,,,84.00000000000001,0.0,28.5,1.1368683772161603e-13,1.1368683772161603e-13,,5.684341886080802e-14,2.2172243521566496e-14,1.4930215338754001e-27,0.9830830878728695,0.6982544895706018,0.0012964040216273936,0.3005952380952379,0.0015996957458268416,0.9999999997234815,0.4742280246116168,6.6959667625959335e-09,6.6959667625959335e-09,6.081912306383589e-09,,2.859275438170267e-12,0.9999999933040264,1.3612963731558036e-13,,,,,,0.0,1.0,1.0,1.4238426238064856e-13,1.4238426238064856e-13,0.8422684098792065,0.2753648338168777,172,1.4605032729456615,0.7014846679968846,693,0,0.2895190031160641,0.3459225095698184,175,0.0,0.3731036143787084,0.6776855171416121,731,311.2923331318436,0.6736977640127426,442.75,278.95501245180003,0.6047996157589919,520,bior,0.672619891330026,0.76736776154697,0.2989557476048908,5,391.25,2.217224352156649e-14,0.0001547883299646835,1.4930215338754001e-27,0.9830830878728695,0.6982544895706019,0.00232854366628502,0.47434210526315795,0.003961611911752138,0.9999999997234814,0.9919828214562019,0.9855281704452468,0.9855281704452468,0.9855281704451335,,6.125805465799743e-13,0.9999999999667601,7.585973278963461e-14,,,,,1.0,,0.0,1.0,0.75,1.4238426238064856e-13,1.4238426238064856e-13,0.0,2.2595701998213302,0.6447065287087514,182,1.5315092926005178,0.7079940082616639,1507,936.9164850721754,0.5089536241760086,844.5,324.776791000592,0.5331717806414634,1315,0.5943810304597339,0.7715092316736338,0.3524805091760961,5,987.5,,,,,,,,,,,,,1.488728248389434e-19,0.03641360043841643,1.4930215338754001e-27,0.9877291456233565,0.21585547250602308,0.0018059395756473068,0.35884859964822086,1.0,0.003961611911752138,0.9999999999999541,0.0008499884728391223,0.0007982210227401261,0.0007982210227401261,0.0007982210227337863,,0.0,4.786380409530668e-19,0.020163910573049823,7.054128794466933e-19,,,,,0.4782608695652174,,0.0,1.0,0.9302325581395349,4.770970844811595e-19,4.770970844811595e-19,0.9302325581395349,0.5814294660167882,0.18110015290550946,90,1.657516358170345,0.8045738627810183,1483,984.9997461928607,0.5397197447696913,786.5,169.70120788302606,0.5860981901418549,1188,1104.4,1082.5,563.6960149978129,300,0.520820561188399,0.7876173146100969,0.3991404127850916,6,892.5
db25,1.0,constant,1.1526525902430405e-26,316.63041443686086,4964735.910018997,0.562992125984252,47.41434077770613,206,smoothed,7.269104412250836e-14,-2.0699890690423276e-10,6.190958874161424,43711.21710211421,0.9903022035953638,0.00014966566451320274,1.0,362.40000000000003,,,,[],[],11,426.6,32.20000000000002,728.3999999999999,"[9, 31, 53, 64, 80, 102, 131, 148, 158, 175, 192]","[311.0000000000003, 417.79999999999984, 589.6, 432.1999999999997, 728.3999999999999, 371.0, 587.0000000000002, 32.20000000000002, 448.2000000000002, 368.00000000000006, 407.1999999999999]","[0, 0, 0, 60, 0, 94, 120, 144, 144, 165, 186]","[20, 40, 75, 75, 203, 120, 203, 149, 203, 186, 203]",30736475.840000004,728.3999999999999,-728.3999999999999,0.0,,,,DWT,mdp.39015067403892,7.450580596923828e-09,,0.0,33.0,11.0,0.0,33.0,,1.1368683772161603e-13,168.4000000000001,987.7999999999984,168.40000000000003,,0.0,168.4000000000001,,,28.00000000000003,0.0,15.0,1.1368683772161603e-13,1.1368683772161603e-13,,5.684341886080802e-14,1.1085512128741724e-13,2.894563808057622e-26,0.9677841053093064,0.08167424135823197,0.06354126476085768,0.34290123404334893,0.12655219467098616,,0.9999996647345563,4.4059791007223055e-09,4.4059791007223055e-09,3.6787269888316428e-09,,6.125805465799743e-13,0.9999999955939887,7.585973278963461e-14,,,,,,1.5893391424973748e-13,1.0,0.0,1.7477015598164352e-13,1.7477015598164352e-13,0.8999999009650604,0.33832967743812864,464,0.841059587730896,0.42697892412017757,366,0,0.24999997273503555,0.35570077878539585,462,0.0,0.22606472002040606,0.39883934993054593,345,62.659795722616266,0.934318872408159,409.25,401.99123382572947,0.7526678219483143,223,db,0.573477938514061,0.8443824841957417,0.34525069778143475,3,168.0,7.349855087673053e-14,0.9999999999705138,7.360055494147127e-27,0.954515202614469,0.742450472801935,0.000166453493967828,0.2813924575217573,0.0012326071561045487,0.9999999997235093,2.0315811923854454e-05,4.745454029730922e-11,4.745454029730922e-11,3.962169481397382e-11,,6.125805465799743e-13,0.0031261328403480726,7.585973278963461e-14,,,,,0.0,,7.374542113937972e-14,1.0,0.0,1.4238426238064856e-13,1.4238426238064856e-13,1.0,0.30156916120454846,0.0860445084207465,1457,1.7570676104683574,0.8122662698375949,179,903.6824663564078,0.5263718729788219,818.0,318.83007334963327,0.5488253494873145,1202,0.49117026184683504,0.8233619396015222,0.4091722348267588,4,902.5,,,,,,,,,,,,,4.934970554488394e-19,0.9999999999715831,7.360055494147127e-27,0.9670071393127428,0.22951803391559505,0.00130035192077979,0.21287861274139555,1.0,0.0012326071561045487,0.9999999999999541,9.960751159770467e-05,3.8435400695480126e-14,3.8435400695480126e-14,3.20911916831812e-14,,0.0,4.786380409530668e-19,0.00456704015061846,7.054128794466933e-19,,,,,0.13043478260869565,,2.3332883504384434e-21,1.0,0.7209302325581395,4.770970844811595e-19,4.770970844811595e-19,1.0,0.42658033862811345,0.13286867808967343,1481,1.88125796445629,0.9131801202981534,76,993.4850275670992,0.5357546600153742,778.5,144.5806037251124,0.5859848066432012,1189,1009.0473684210526,935.5,610.6543869996938,760,0.4758535102197843,0.8532293215616218,0.41093374637766444,5,893.0
db2,1.0,symmetric,3.0307921095935173e-27,322.43183726315215,4954605.649585191,0.5288461538461539,97.38420696534702,206,smoothed,3.6833535143195e-14,-2.1108050862750412e-10,6.203617000794669,32502.657958579883,0.9779922879037322,0.0001496656645132027,0.9999999999999999,362.40000000000003,,,,[],[],11,426.6,32.200000000000045,728.4,"[9, 31, 53, 64, 80, 102, 131, 148, 158, 175, 192]","[311.00000000000006, 417.79999999999995, 589.6, 432.19999999999993, 728.4, 371.00000000000017, 587.0000000000001, 32.200000000000045, 448.2000000000001, 368.0, 407.2000000000001]","[0, 0, 0, 60, 0, 94, 120, 144, 144, 165, 186]","[20, 40, 75, 75, 203, 120, 203, 149, 203, 186, 203]",30736475.840000007,728.4,-728.4,0.0,,,,DWT,mdp.39015067403892,1.1175870895385742e-08,,0.0,33.0,11.0,0.0,33.0,,0.0,168.4000000000001,987.7999999999984,168.40000000000003,,0.0,168.4000000000001,,,28.000000000000057,0.0,15.0,0.0,0.0,,5.684341886080802e-14,3.208119670618995e-14,4.082026510620376e-27,0.9898261059759563,0.09993237462823384,0.05919381413022403,0.10835311892941973,0.033601480243660733,,0.9999996647593375,4.4059791007223055e-09,4.4059791007223055e-09,3.6787269888316428e-09,,6.125805465799743e-13,0.9999999955939887,0.0,,,,,,2.3840087137460624e-13,1.0,0.0,0.0,0.0,0.8999999009724267,0.3383296774408978,399,0.7302405976340446,0.3707196841639501,715,0,0.24999997273707183,0.3557007787882931,402,0.0,0.18441527055821813,0.32535844876664605,753,193.17414423260686,0.7975113792111039,567.25,518.1044810686782,0.6014548510311285,580,db,0.573477938514061,0.8443824841957417,0.34525069778143475,3,435.75,2.819196619440226e-14,0.9999999999705136,1.347911708187764e-27,0.9759237662213021,0.7468232205631908,0.00015506485777928,0.08891700404858327,0.00032727543849966423,0.9999999997234478,2.0315811924354055e-05,4.745454029730922e-11,4.745454029730922e-11,3.962169481397382e-11,,6.125805465799743e-13,0.0031261328403480726,0.0,,,,,0.0,,1.1061813170906958e-13,1.0,0.0,0.0,0.0,1.0,0.3015691612044722,0.08604450842072474,1483,1.694741114118641,0.7834536559117506,800,482.95393155041194,0.7468794908016709,1141.5,1039.3342093736312,0.5743045252750494,1014,0.49117026184683504,0.8233619396015222,0.4091722348267588,4,761.5,,,,,,,,,,,,,1.892915185169379e-19,0.999999999971583,1.347911708187764e-27,0.9825360588022075,0.2308698068698026,0.0012976887784481562,0.06726736259275856,0.9999999999999999,0.00032727543849966423,0.9999999999999541,9.960751159770499e-05,3.8435400695480126e-14,3.8435400695480126e-14,3.20911916831812e-14,,0.0,4.786380409530668e-19,0.00456704015061846,0.0,,,,,0.13043478260869565,,3.499932525657665e-21,1.0,0.7209302325581395,0.0,0.0,1.0,0.42658033862811345,0.13286867808967343,1559,1.8326432383094096,0.889582079885923,528,729.0270914033305,0.6593331348582567,1043.5,788.8375658840441,0.5858581562141751,1190,1009.0473684210526,935.5,610.6543869996938,760,0.4758535102197843,0.8532293215616218,0.41093374637766444,5,893.75
db17,1.0,symmetric,7.761012715501555e-27,318.3482147926883,5510112.714645054,0.5336134453781513,105.05105287845916,206,smoothed,6.327624508504389e-14,-1.9675010509701042e-10,6.416383946820702,31514.6162336888,0.982561115612761,0.00014966566451320284,1.0,362.39999999999986,,,,[],[],11,426.59999999999997,32.200000000000045,728.3999999999999,"[9, 31, 53, 64, 80, 102, 131, 148, 158, 175, 192]","[311.0, 417.7999999999998, 589.5999999999999, 432.1999999999998, 728.3999999999999, 371.0000000000001, 587.0000000000001, 32.200000000000045, 448.20000000000005, 368.00000000000006, 407.20000000000005]","[1, 1, 1, 60, 1, 94, 120, 144, 144, 165, 186]","[20, 40, 75, 75, 204, 120, 204, 149, 204, 186, 204]",30736475.839999992,728.3999999999999,-728.3999999999999,0.0,,,,DWT,mdp.39015067403892,3.725290298461914e-09,,0.0,15.0,11.0,0.0,33.0,,1.1368683772161603e-13,168.40000000000003,987.7999999999993,168.4,,0.0,168.40000000000003,,,28.000000000000057,0.0,33.0,1.1368683772161603e-13,1.1368683772161603e-13,,1.1368683772161603e-13,9.017212655533756e-14,1.79254884944058e-26,0.9743107381237128,0.4068282817834078,0.2975923781253431,0.14109956523079792,0.025407814756726984,,0.9999996647593375,4.4059199552998455e-09,4.4059199552998455e-09,3.6786974161203912e-09,,1.2251610931599486e-12,0.9999999955940747,7.585973278963461e-14,,,,,,7.946695712486874e-14,0.0,1.0,1.7477015598164352e-13,1.7477015598164352e-13,0.89999990097276,0.3383296774410231,383,1.0033997248236401,0.5093937947054948,204,0,0.24999997273713997,0.35570077878839,384,0.0,0.26360553971715417,0.4650715161985037,217,100.0233306117461,0.8951537414971215,297.0,271.6396933425073,0.7919164933900702,162,db,0.573477938514061,0.8443824841957417,0.34525069778143475,3,122.25,6.16027889568473e-14,0.9999999999705145,4.695329025571799e-27,0.9608542748184307,0.8203235270351683,0.0007795767255119668,0.11578947368421069,0.00024746986309910667,0.9999999997236637,2.0315811924354055e-05,4.745387416349445e-11,4.745387416349445e-11,3.962136174706643e-11,,1.2251610931599486e-12,0.0031261328403482946,7.585973278963461e-14,,,,,0.0,,3.687271056968986e-14,0.0,1.0,1.4238426238064856e-13,1.4238426238064856e-13,1.0,0.3015691612048361,0.08604450842082857,1405,1.7334788940709607,0.8013615564593414,409,704.2783540618013,0.6308813657957015,907.0,633.566703417861,0.5777572447427145,986,0.49117026184683504,0.8233619396015222,0.4091722348267588,4,740.5,,,,,,,,,,,,,4.1362441293063973e-19,0.9999999999715838,4.695329025571799e-27,0.9716052498493043,0.25359138420273575,0.001443725930222222,0.08759688424145212,1.0,0.00024746986309910667,0.9999999999999541,9.960751159770499e-05,3.8434858594393884e-14,3.8434858594393884e-14,3.209086642252945e-14,,0.0,9.572760819061336e-19,0.004567040150618464,7.054128794466933e-19,,,,,0.13043478260869565,,1.1666441752192217e-21,0.7209302325581395,1.0,4.770970844811595e-19,4.770970844811595e-19,1.0,0.42658033862811345,0.13286867808967343,1524,1.845618446609339,0.8958803667238195,319,852.0636713297897,0.601839405920659,921.5,527.5702658708627,0.5856159646425725,1191,1009.0473684210526,935.5,610.6543869996938,760,0.4758535102197843,0.8532293215616218,0.41093374637766444,5,894.5
coif3,1.0,antisymmetric,6.010415484160029e-27,319.4583537957395,5184555.451377402,0.527027027027027,88.8130932983516,206,smoothed,5.2738827328989973e-14,-2.0924393329124818e-10,6.283579305779155,57424.65005953122,0.9902486796986534,0.00014966566451320265,0.9999999999999997,362.4,,,,[],[],11,426.6,32.19999999999996,728.4,"[9, 31, 53, 64, 80, 102, 131, 148, 158, 175, 192]","[311.00000000000006, 417.80000000000007, 589.6000000000001, 432.2, 728.4, 371.0, 587.0000000000002, 32.19999999999996, 448.20000000000005, 368.0, 407.20000000000005]","[0, 0, 0, 60, 0, 94, 120, 144, 144, 165, 186]","[20, 40, 75, 75, 203, 120, 203, 149, 203, 186, 203]",30736475.839999996,728.4,-728.4,0.0,,,,DWT,mdp.39015067403892,0.0,,0.0,33.0,11.0,0.0,33.0,,0.0,168.4000000000001,987.7999999999984,168.40000000000003,,0.0,168.4000000000001,,,27.99999999999997,0.0,15.0,0.0,0.0,,0.0,6.702289574638327e-14,1.2802191244647978e-26,0.9785286145616163,0.21527032812515595,0.15787789213077624,0.0958575670425443,0.24027541050274073,,0.9999996646849938,4.4059791007223055e-09,4.4059791007223055e-09,3.6787269888316428e-09,,0.0,0.9999999955939887,0.0,,,,,,0.0,1.0,0.0,0.0,0.0,0.8999999009496981,0.3383296774323536,585,0.90814446988307,0.46103576292673903,253,0,0.2499999727308056,0.35570077877937745,585,0.0,0.2411156874804144,0.42539333003426877,256,190.8181944504594,0.7999809282489944,419.75,354.6846836305087,0.6799957052146439,368,coif,0.5556920286951962,0.9053407607371553,0.33941335169221604,4,277.0,4.828857880986937e-14,0.9999999999705131,3.4564905069965626e-27,0.964950939062854,0.7744461856540484,0.0004135789059967214,0.07866287339971545,0.002340261195719399,0.9999999997234754,2.0315811922799742e-05,4.745454029730922e-11,4.745454029730922e-11,3.962169481397382e-11,,0.0,0.0031261328403480726,0.0,,,,,0.0,,0.0,1.0,0.0,0.0,0.0,1.0,0.30156916120411015,0.08604450842062145,1614,1.6988016994364676,0.7853308042182914,744,615.1828996322963,0.6775770966287755,1179.0,1018.5038167938931,0.5298262841634443,1337,0.4784248188775415,0.776734912893196,0.43208215291776214,2,1003.25,,,,,,,,,,,,,3.242277727957813e-19,0.9999999999715825,3.4564905069965626e-27,0.9745768069511882,0.23940905476689983,0.0013581402402151215,0.059509922586637454,0.9999999999999997,0.002340261195719399,0.9999999999999541,9.960751159770391e-05,3.8435400695480126e-14,3.8435400695480126e-14,3.20911916831812e-14,,0.0,0.0,0.00456704015061846,0.0,,,,,0.13043478260869565,,0.0,1.0,0.7209302325581395,0.0,0.0,1.0,0.42658033862811345,0.13286867808967343,1568,1.8298697551786696,0.8882358053681133,575,702.1570337182417,0.6718892365802609,1071.5,841.4372375174988,0.5855941510004108,1192,986.6382352941176,846.0,585.0035688138154,340,0.4652856568234462,0.8173890317607586,0.42908333069536003,4,895.0
sym5,1.0,antisymmetric,1.1117589772387512e-22,276.78729229266673,4971911.899405383,0.5327102803738317,83.99464544927699,206,smoothed,8.18725885361584e-12,,6.220512859511391,37955.371530861165,0.9827053217032377,0.00014966566451325657,0.9999999999999999,362.4000000000002,,,,[],[],11,426.5999999999825,32.19999999998117,728.3999999999502,"[9, 31, 53, 64, 80, 102, 131, 148, 158, 175, 192]","[310.9999999999694, 417.79999999998347, 589.5999999999702, 432.1999999999873, 728.3999999999502, 370.99999999998374, 587.0000000000042, 32.19999999998117, 448.1999999999971, 367.9999999999925, 407.19999999998817]","[0, 0, 0, 60, 0, 94, 120, 144, 144, 165, 186]","[20, 40, 75, 75, 205, 120, 205, 149, 205, 186, 205]",30736475.839999937,728.3999999999681,-728.3999999999681,0.0,,,,DWT,mdp.39015067403892,5.960464477539063e-08,,0.0,15.0,11.0,0.0,33.0,,3.183231456205249e-11,168.39999999998258,987.8000000001912,168.39999999998705,,0.0,168.39999999998258,,,27.999999999981185,0.0,15.0,4.979483492206782e-11,3.183231456205249e-11,,2.2737367544323206e-13,1.793742397198628e-11,3.253625558101861e-22,0.8164036334561338,0.12430302986807437,0.0666208755751218,0.13489573982663977,0.07881992586371944,,0.9999996483045918,4.387762310604679e-09,4.387762310604679e-09,3.6652122597897437e-09,,2.4503221863198973e-12,0.999999995612227,3.322656296185996e-11,,,,,,1.2714713139978999e-12,0.0,0.0,4.893564367486018e-11,4.893564367486018e-11,0.7999998960677607,0.3007374850785118,897,0.6707903990768034,0.3405387288678034,849,0,0.16666663804103124,0.2371338376567366,897,0.0,0.17443474351537525,0.3077500978600014,849,27.712812921102035,0.9709509298520943,873.0,872.3402061855671,0.5279282951147264,802,sym,1.0,1.0,0.0,7,603.25,1.0326395756686611e-11,0.9999999999708875,7.867462998354602e-23,0.8074850618612067,0.7526598921749288,0.00017452088107484617,0.1106984751598622,0.0007676990898169266,,2.0315811590065902e-05,4.7258252866555495e-11,4.7258252866555495e-11,3.9476033553143e-11,,2.4503221863198973e-12,0.003126132840405027,3.322656296185996e-11,,,,,0.0,,5.899633691150377e-13,0.0,0.0,3.98675934665816e-11,3.98675934665816e-11,1.0,0.20156916123795776,0.05751224469447068,1704,1.2054947133389617,0.5572823084774592,1713,6.363961030678928,0.9966645906547804,1708.5,1708.4881474978051,0.5506121695412267,1192,0.7763846615972358,0.5622554397616224,0.28785410495344815,6,895.5,,,,,,,,,,,,,6.93353248266236e-17,0.9999999999719432,7.867462998354602e-23,0.8603573303758494,0.23267413112039062,0.0013022384153305582,0.083745449441541,0.9999999999999999,0.0007676990898169266,,9.960751159745216e-05,3.8276565077211e-14,3.8276565077211e-14,3.197333890703202e-14,,0.0,1.9145521638122673e-18,0.004567040150619352,3.0897084119765165e-16,,,,,0.13043478260869565,,1.8666306803507547e-20,0.7209302325581395,0.7209302325581395,1.3358718365472467e-16,1.3358718365472467e-16,1.0,0.3986733618839278,0.12417638082767572,1766,1.3670078423974963,0.6635583261596174,1728,26.870057685088806,0.9874438982779958,1747.0,1746.7933600457927,0.5855443790455399,1193,1409.1368421052632,1454.5,398.32527672708756,380,0.6645304607900322,0.5565550872278735,0.3678621512786154,7,896.5
db38,1.0,antireflect,2.2499630338026538e-26,315.95003864008663,7602533.666186398,0.5714285714285714,279.57619259797514,206,raw,1.0642619471785385e-13,-2.0244961262960989e-10,6.854857809424532,162411.08655364366,0.9123344410208849,5.618943883690066e-06,1.0,326.9999999999999,,,,[],[],13,661.1538461538463,86.9999999999998,940.0,"[8, 32, 51, 63, 81, 100, 111, 133, 152, 162, 175, 192, 204]","[878.0000000000001, 638.0000000000001, 787.0000000000003, 792.0000000000002, 940.0, 788.0000000000001, 637.0000000000001, 674.9999999999998, 771.0000000000002, 195.99999999999994, 834.0, 572.0000000000003, 86.9999999999998]","[0, 13, 42, 42, 76, 99, 107, 107, 107, 161, 99, 187, 203]","[76, 42, 61, 76, 205, 164, 119, 142, 164, 164, 205, 205, 205]",37754613.0,941.0,-941.0,0.0,,,,DWT,mdp.39015067403892,0.0,,0.0,33.0,19.0,0.0,28.5,,0.0,256.3413461538463,4358.999999999998,256.3413461538462,,0.0,256.3413461538463,,,83.9999999999998,0.0,24.0,0.0,0.0,,1.1368683772161603e-13,1.1612349892041325e-13,1.512535078868379e-26,0.9520044618948338,0.9717942506756253,0.0021006086186087765,0.10714285714285682,0.008474516844957711,0.9999999997235779,0.4742280246113692,6.696054799077647e-09,6.696054799077647e-09,6.082000342865356e-09,,5.718550876340534e-12,0.9999999933039181,0.0,,,,,,0.0,1.0,0.5,0.0,0.0,0.7922684098804621,0.25901821375015494,437,1.5043970562686093,0.7225670007733965,621,0,0.24785233644959298,0.2961384272002869,430,0.0,0.38018958686257204,0.69055609984871,686,129.790857407857,0.8639508832202757,543.5,520.7016107110046,0.6471221921342469,418,db,0.540986235965534,0.9305070477545101,0.3421575204977732,3,314.25,1.1612349892041322e-13,0.0001547883299646835,1.512535078868379e-26,0.9520044618948338,0.9717942506756254,0.003131917134340561,0.3289473684210526,0.010820169242710367,0.9999999997235778,0.9919828214561981,0.9855281704452481,0.9855281704452481,0.9855281704451347,,1.2251610931599486e-12,0.9999999999667596,0.0,,,,,1.0,,0.0,1.0,0.5,0.0,0.0,0.0,2.234570199821541,0.6375734627748595,432,1.5946192124958438,0.7371687872614667,1312,622.2539674441618,0.6738710862451982,872.0,649.9816513761468,0.6084240127242763,834,0.49117026184683504,0.8233619396015222,0.4091722348267588,4,626.5,,,,,,,,,,,,,7.796970702422861e-19,0.03641360043841643,1.512535078868379e-26,0.9651859479796778,0.3004164101933981,0.001993802095396736,0.24885478477685213,1.0,0.010820169242710367,0.9999999999999541,0.0008499884728391195,0.0007982210227401272,0.0007982210227401272,0.0007982210227337874,,0.0,9.572760819061336e-19,0.020163910573049813,0.0,,,,,0.4782608695652174,,0.0,1.0,0.8604651162790697,0.0,0.0,0.9302325581395349,0.5744527218307418,0.17892707859001003,275,1.6451107366715356,0.7985520586761622,1517,878.2266222336921,0.5896137279281812,896.0,465.5970982142857,0.5854610695715672,1194,1009.0473684210526,935.5,610.6543869996938,760,0.4758535102197843,0.8532293215616218,0.41093374637766444,5,896.75
db24,1.0,zero,1.1711781305723181e-26,316.56116920043434,4963906.571396928,0.5595238095238095,48.546398802260725,206,smoothed,7.512437274201446e-14,-2.023933687311802e-10,6.191993221046912,43439.78223230033,0.9899289035893172,0.00014966566451320263,1.0,362.4,,,,[],[],11,426.59999999999985,32.20000000000002,728.4,"[9, 31, 53, 64, 80, 102, 131, 148, 158, 175, 192]","[310.99999999999994, 417.80000000000007, 589.5999999999998, 432.1999999999995, 728.4, 371.0000000000002, 586.9999999999999, 32.20000000000002, 448.2, 368.0, 407.20000000000005]","[0, 0, 0, 60, 0, 94, 120, 144, 144, 165, 186]","[20, 40, 75, 75, 203, 120, 203, 149, 203, 186, 203]",30736475.839999992,728.4,-728.4,0.0,,,,DWT,mdp.39015067403892,3.725290298461914e-09,,0.0,33.0,11.0,0.0,33.0,,0.0,168.39999999999992,987.8000000000002,168.39999999999998,,0.0,168.39999999999992,,,28.00000000000003,0.0,15.0,0.0,0.0,,0.0,1.162008034223614e-13,2.9487806479566156e-26,0.9675210140654551,0.0831661875071237,0.06318535004977181,0.31907742591964505,0.12430123049739361,,0.9999996647345563,4.405801664454926e-09,4.405801664454926e-09,3.67866784340914e-09,,0.0,0.9999999955941608,0.0,,,,,,7.946695712486874e-14,1.0,0.0,0.0,0.0,0.8999999009645684,0.3383296774379437,513,0.8310398397845712,0.42189222008578287,414,0,0.2499999727349223,0.3557007787852347,511,0.0,0.22246445829135797,0.3924875138392543,390,64.26507605223851,0.9326361886244879,457.0,450.1550918062284,0.7268002746057449,272,db,0.573477938514061,0.8443824841957417,0.34525069778143475,3,204.75,7.657310380295829e-14,0.9999999999705129,7.491154484402818e-27,0.9542596720157012,0.7428077877632185,0.00016552113532753722,0.2618421052631581,0.0012106829646219871,0.9999999997235787,2.0315811923854454e-05,4.74525418958649e-11,4.74525418958649e-11,3.962102868015904e-11,,0.0,0.003126132840348572,0.0,,,,,0.0,,3.687271056968986e-14,1.0,0.0,0.0,0.0,1.0,0.30156916120412774,0.08604450842062646,1607,1.7492635728304142,0.8086585791010076,247,961.6652224137047,0.49598258783348814,927.0,428.18662351672054,0.5050667656148573,1510,0.49117026184683504,0.8233619396015222,0.4091722348267588,4,1133.5,,,,,,,,,,,,,5.141407660773626e-19,0.9999999999715824,7.491154484402818e-27,0.9668217875923644,0.2296284927682818,0.0013001338960995635,0.1980884086823745,1.0,0.0012106829646219871,0.9999999999999541,9.960751159770467e-05,3.8433882812438647e-14,3.8433882812438647e-14,3.2090649582094954e-14,,0.0,0.0,0.004567040150618468,0.0,,,,,0.13043478260869565,,1.1666441752192217e-21,1.0,0.7209302325581395,0.0,0.0,1.0,0.42658033862811345,0.13286867808967343,1487,1.8752770225378645,0.9102769154406832,96,983.5855326304876,0.5403805922287441,791.5,180.3562855337966,0.585260389572316,1195,1009.0473684210526,935.5,610.6543869996938,760,0.4758535102197843,0.8532293215616218,0.41093374637766444,5,897.5
db11,1.0,antisymmetric,6.3644991479481634e-27,319.20975641564945,5265987.870528066,0.5265486725663717,93.47079743292464,206,smoothed,5.517053911884857e-14,-2.071594229491329e-10,6.3326038105433975,66164.45216101261,0.9916275479892561,0.00014966566451320274,0.9999999999999999,362.4000000000001,,,,[],[],11,426.6,32.19999999999999,728.4000000000002,"[9, 31, 53, 64, 80, 102, 131, 148, 158, 175, 192]","[311.0000000000001, 417.79999999999984, 589.6, 432.2, 728.4000000000002, 371.0, 586.9999999999998, 32.19999999999999, 448.2000000000001, 368.0, 407.2000000000003]","[1, 1, 1, 60, 1, 94, 120, 144, 144, 165, 186]","[20, 40, 75, 75, 205, 120, 205, 149, 205, 186, 205]",30736475.84,728.4000000000002,-728.4000000000002,0.0,,,,DWT,mdp.39015067403892,3.725290298461914e-09,,0.0,15.0,11.0,0.0,33.0,,2.2737367544323206e-13,168.4000000000001,987.7999999999984,168.40000000000003,,0.0,168.4000000000001,,,28.0,0.0,33.0,2.2737367544323206e-13,2.2737367544323206e-13,,1.1368683772161603e-13,7.236502593306502e-14,1.3838452372217426e-26,0.9775840904712777,0.28598347292263016,0.19282501163514254,0.09257175820250703,0.31275313389993153,,0.999999664709775,4.4059791007223055e-09,4.4059791007223055e-09,3.6787269888316428e-09,,1.2251610931599486e-12,0.9999999955939887,1.5171946557926922e-13,,,,,,7.946695712486874e-14,0.0,1.0,3.4954031196328703e-13,3.4954031196328703e-13,0.8999999009580004,0.33832967743547465,523,0.9880846534026503,0.50161882511529,216,0,0.2499999727330503,0.3557007787825712,523,0.0,0.26595963816165163,0.46922478298507314,215,177.53567716565217,0.8139039023420837,369.25,305.2297097328562,0.7134246975022787,300,db,0.573477938514061,0.8443824841957417,0.34525069778143475,3,225.75,5.136108884378736e-14,0.9999999999705138,3.7070635535235664e-27,0.9640335584506305,0.7913816927528242,0.0005051268184832917,0.07596646483465347,0.003046187795805657,0.9999999997235068,2.0315811923354854e-05,4.745454029730922e-11,4.745454029730922e-11,3.962169481397382e-11,,1.2251610931599486e-12,0.0031261328403480726,1.5171946557926922e-13,,,,,0.0,,3.687271056968986e-14,0.0,1.0,2.847685247612971e-13,2.847685247612971e-13,1.0,0.30156916120493105,0.08604450842085566,1353,1.705968605788788,0.7886439586207693,680,475.88286373854646,0.7505855011852482,1016.5,905.1057550418102,0.6089143438840288,831,0.49117026184683504,0.8233619396015222,0.4091722348267588,4,624.25,,,,,,,,,,,,,3.448577666730563e-19,0.9999999999715831,3.7070635535235664e-27,0.973911375587831,0.2446444265998592,0.0013795479941445038,0.057470039500325476,0.9999999999999999,0.003046187795805657,0.9999999999999541,9.960751159770423e-05,3.8435400695480126e-14,3.8435400695480126e-14,3.20911916831812e-14,,0.0,9.572760819061336e-19,0.00456704015061846,1.4108257588933865e-18,,,,,0.13043478260869565,,1.1666441752192217e-21,0.7209302325581395,1.0,9.54194168962319e-19,9.54194168962319e-19,1.0,0.42658033862811345,0.13286867808967343,1566,1.8315653035596091,0.8890588403286191,555,714.8849557795995,0.6659416094487853,1060.5,819.5473833097594,0.585190430892617,1196,1009.0473684210526,935.5,610.6543869996938,760,0.4758535102197843,0.8532293215616218,0.41093374637766444,5,898.25
db30,1.0,reflect,1.2920530660146493e-26,316.1345952327705,6322194.881123345,0.5265151515151515,105.373558841445,206,smoothed,7.874607115244217e-14,-2.0318910998184978e-10,6.600217198448776,31271.687170407506,0.9815282017404877,0.00014966566451320274,1.0,362.4000000000001,,,,[],[],11,426.59999999999997,32.200000000000045,728.3999999999999,"[9, 31, 53, 64, 80, 102, 131, 148, 158, 175, 192]","[311.0000000000001, 417.79999999999995, 589.6, 432.1999999999997, 728.3999999999999, 370.9999999999999, 587.0, 32.200000000000045, 448.2000000000002, 367.9999999999998, 407.1999999999999]","[1, 1, 1, 60, 1, 94, 120, 144, 144, 165, 186]","[20, 40, 75, 75, 205, 120, 205, 149, 205, 186, 205]",30736475.839999996,728.3999999999999,-728.3999999999999,0.0,,,,DWT,mdp.39015067403892,0.0,,0.0,15.0,11.0,0.0,33.0,,1.1368683772161603e-13,168.40000000000003,987.7999999999993,168.39999999999998,,0.0,168.40000000000003,,,28.000000000000057,0.0,33.0,1.1368683772161603e-13,1.1368683772161603e-13,,1.1368683772161603e-13,1.2415716753018532e-13,3.302533192076534e-26,0.9659002834341675,0.6719901106173867,0.646101397202548,0.0923415026587918,0.023393244489666124,,0.9999996647593375,4.4059199552998455e-09,4.4059199552998455e-09,3.67866784340914e-09,,1.2251610931599486e-12,0.9999999955940747,7.585973278963461e-14,,,,,,0.0,0.0,1.0,1.7477015598164352e-13,1.7477015598164352e-13,0.8999999009727114,0.33832967744100484,387,1.2848798228298883,0.6522921947251669,95,0,0.2499999727371309,0.35570077878837714,389,0.0,0.34281807691466915,0.6048238704772,109,165.22308151909849,0.8268101870868989,245.0,160.93146402908854,0.7849983849480616,177,db,0.573477938514061,0.8443824841957417,0.34525069778143475,3,133.5,8.11491825768787e-14,0.9999999999705138,8.346545566230941e-27,0.952685517503404,0.8838286935413907,0.0016925353221503587,0.07577751196172261,0.00022784812730771657,0.9999999997235667,2.0315811924354055e-05,4.745387416349445e-11,4.745387416349445e-11,3.962102868015904e-11,,1.2251610931599486e-12,0.0031261328403482946,7.585973278963461e-14,,,,,0.0,,0.0,0.0,1.0,1.4238426238064856e-13,1.4238426238064856e-13,1.0,0.3015691612048176,0.08604450842082328,1408,1.7447740688500302,0.8065831480647508,288,791.9595949289333,0.5849268370393432,848.0,478.188679245283,0.5702411962974494,1033,0.49117026184683504,0.8233619396015222,0.4091722348267588,4,775.75,,,,,,,,,,,,,5.448662888733042e-19,0.9999999999715831,8.346545566230941e-27,0.9656799585965302,0.27322310577061876,0.0016572140639621996,0.057327093147685804,1.0,0.00022784812730771657,0.9999999999999541,9.960751159770499e-05,3.8434858594393884e-14,3.8434858594393884e-14,3.2090649582094954e-14,,0.0,9.572760819061336e-19,0.004567040150618464,7.054128794466933e-19,,,,,0.13043478260869565,,0.0,0.7209302325581395,1.0,4.770970844811595e-19,4.770970844811595e-19,1.0,0.42658033862811345,0.13286867808967343,1544,1.839870111576663,0.8930900714130059,426,790.5453813665602,0.6305862703894578,985.0,667.7604060913706,0.585152948278841,1197,1009.0473684210526,935.5,610.6543869996938,760,0.4758535102197843,0.8532293215616218,0.41093374637766444,5,899.0
coif9,1.0,antisymmetric,1.3250979132152955e-26,316.0249190420085,6015031.482460647,0.5232558139534884,92.43760645714823,206,smoothed,7.835803203703921e-14,-2.0283206225713036e-10,6.572862560787224,114458.04796460379,0.9950092602954675,0.00014966566451320282,1.0,362.4,,,,[],[],11,426.6,32.19999999999993,728.3999999999999,"[9, 31, 53, 64, 80, 102, 131, 148, 158, 175, 192]","[311.00000000000006, 417.8000000000003, 589.5999999999999, 432.19999999999993, 728.3999999999999, 371.00000000000006, 587.0000000000001, 32.19999999999993, 448.20000000000005, 367.99999999999983, 407.20000000000016]","[0, 0, 0, 60, 0, 94, 120, 144, 144, 165, 186]","[20, 40, 75, 75, 203, 120, 203, 149, 203, 186, 203]",30736475.839999996,728.3999999999999,-728.3999999999999,0.0,,,,DWT,mdp.39015067403892,0.0,,0.0,33.0,11.0,0.0,33.0,,1.1368683772161603e-13,168.4000000000001,987.7999999999984,168.40000000000003,,0.0,168.4000000000001,,,27.999999999999943,0.0,15.0,1.1368683772161603e-13,1.1368683772161603e-13,,0.0,1.233046999472042e-13,3.399242230426835e-26,0.9654835783012583,0.6325336701465257,0.5142807278377823,0.06995316711759479,0.7132438816155044,,0.9999996646602125,4.4059791007223055e-09,4.4059791007223055e-09,3.6787269888316428e-09,,0.0,0.9999999955939887,7.585973278963461e-14,,,,,,0.0,1.0,0.0,1.7477015598164352e-13,1.7477015598164352e-13,0.8999999009423715,0.3383296774295994,605,1.4659761654661856,0.744228988109283,48,0,0.24999997272877597,0.3557007787764897,604,0.0,0.41364214643125563,0.7297766974502957,44,322.45451875678015,0.6619973597937314,325.25,85.34402475635329,0.6605322228738049,418,coif,0.5556920286951962,0.9053407607371553,0.33941335169221604,4,314.5,8.06588884225301e-14,0.9999999999705143,8.580392786023598e-27,0.9522807875300184,0.8743790384652307,0.0013472162436661095,0.05740514075887437,0.006946932171446675,0.999999999723572,2.0315811922300142e-05,4.745454029730922e-11,4.745454029730922e-11,3.962169481397382e-11,,0.0,0.0031261328403480726,7.585973278963461e-14,,,,,0.0,,0.0,1.0,0.0,1.4238426238064856e-13,1.4238426238064856e-13,1.0,0.30156916120420485,0.08604450842064847,1593,1.734972428925195,0.8020519954485377,391,849.9423509862302,0.5545375518940093,992.0,627.8860887096773,0.5173107046681786,1434,0.4784248188775415,0.776734912893196,0.43208215291776214,2,1076.0,,,,,,,,,,,,,5.415742685737391e-19,0.9999999999715837,8.580392786023598e-27,0.9653863835913546,0.27030187892288615,0.001576463933691384,0.04342805360384916,1.0,0.006946932171446676,0.9999999999999541,9.960751159770347e-05,3.8435400695480126e-14,3.8435400695480126e-14,3.20911916831812e-14,,0.0,0.0,0.00456704015061846,7.054128794466933e-19,,,,,0.13043478260869565,,0.0,1.0,0.7209302325581395,4.770970844811595e-19,4.770970844811595e-19,1.0,0.42658033862811345,0.13286867808967343,1554,1.8353209958846763,0.8908818883284181,483,757.3113626507924,0.6461161856771998,1018.5,736.9484536082474,0.5850908031189737,1198,986.6382352941176,846.0,585.0035688138154,340,0.4652856568234462,0.8173890317607586,0.42908333069536003,4,899.5
sym20,1.0,symmetric,1.1058145466214514e-17,229.03496948215195,6805297.894169086,0.6516393442622951,318.445895170753,206,raw,2.6401064894136507e-09,3.74226776789406e-09,6.577389862183174,61029.62013352735,0.7459154130405896,5.618943883842129e-06,0.9999999999999999,327.0000000038833,,,,[],[],13,661.1538461452268,86.99999999874069,939.9999999873131,"[8, 32, 51, 63, 81, 100, 111, 133, 152, 162, 175, 192, 204]","[877.9999999912974, 637.9999999891552, 786.9999999883185, 791.9999999892995, 939.9999999873131, 787.9999999899765, 636.9999999909522, 674.9999999949177, 770.9999999910285, 195.99999999500437, 833.999999988044, 571.9999999938999, 86.99999999874069]","[0, 13, 39, 39, 76, 99, 107, 107, 107, 161, 99, 187, 203]","[76, 39, 61, 76, 205, 164, 119, 142, 164, 164, 205, 205, 205]",37754612.99970689,940.9999999923449,-940.9999999923449,0.0,,,,DWT,mdp.39015067403892,0.0002931132912635803,,0.0,33.0,19.0,0.0,28.5,,7.655103217985015e-09,256.3413461452268,4359.000000112052,256.34134614601965,,0.0,256.3413461452268,,,83.99999999874069,0.0,19.5,1.2686882655543741e-08,7.655103217985015e-09,,3.88331500289496e-09,3.3358020043721477e-09,7.825475958088633e-18,0.6312681800938651,0.8759429939870276,0.0012034133951082677,0.7087236533957846,0.0002663694852341684,0.9999999997830322,0.47422802314869755,2.1304828574503653e-11,2.1304828574503653e-11,2.130482858758634e-11,,1.9533426083403995e-07,0.9999999999786545,1.5191386876232192e-08,,,,,,2.9012186130443376e-09,1.0,0.0,9.587444307400971e-09,9.587444307400971e-09,0.7422685175015216,0.24267162886783303,590,1.5009301218137479,0.720901820413937,628,0,0.20618568798275172,0.24635436657600027,590,0.0,0.40217557668448173,0.7304902798140847,495,56.73549741270157,0.94052882870786,575.75,571.2335998878758,0.6685086491547686,387,sym,0.8243425715244881,0.7368036147090654,0.2019191155201387,6,291.75,3.335802004372148e-09,0.00015478833102011702,7.825475958088635e-18,0.6312681800938651,0.8759429939870277,0.002235649143667591,0.7810828300258844,0.002631439901850222,0.9999999997830321,0.9919828214338947,0.9855281703486523,0.9855281703486523,0.9855281703574255,,4.184905262015753e-08,0.9999999999998942,8.465566880659274e-09,,,,,1.0,,2.9012186130443376e-09,1.0,0.25,9.587444307400971e-09,9.587444307400971e-09,0.0,2.2095702301894313,0.630440405505554,591,1.53138237500602,0.7079353361420225,1510,649.8311319104372,0.6594176457492468,1050.5,849.5097572584484,0.5544205629165522,1155,0.7763846615972358,0.5622554397616224,0.28785410495344815,6,867.75,,,,,,,,,,,,,2.2397835699903263e-14,0.03641360043943365,7.825475958088635e-18,0.7325366218077991,0.27078535359176154,0.0017842169276090672,0.5909036466593176,0.9999999999999999,0.002631439901850222,0.999999999999964,0.0008499884728222478,0.00079822102266189,0.00079822102266189,0.0007982210226627479,,0.0,3.269863640574972e-14,0.020163910573568228,7.872055028185375e-14,,,,,0.4782608695652174,,9.17938969945988e-17,1.0,0.7906976744186046,3.212533218353887e-14,3.212533218353887e-14,0.9302325581395349,0.5674759776449498,0.17675400427458984,615,1.6241448731006543,0.7883750334199021,1577,680.2367235014588,0.6821323721955801,1096.0,884.9041970802919,0.5849914197426498,1199,1409.1368421052632,1454.5,398.32527672708756,380,0.6645304607900322,0.5565550872278735,0.3678621512786154,7,901.0
db18,1.0,reflect,7.434531524552416e-27,318.534862669173,5619123.251250904,0.5333333333333333,107.27919810273403,206,smoothed,6.255190540295833e-14,-1.9967152375954841e-10,6.450895482898325,30590.206912155816,0.9826968757439417,0.0001496656645132028,0.9999999999999999,362.4000000000001,,,,[],[],11,426.59999999999997,32.19999999999999,728.3999999999999,"[9, 31, 53, 64, 80, 102, 131, 148, 158, 175, 192]","[311.0000000000002, 417.79999999999995, 589.5999999999999, 432.20000000000016, 728.3999999999999, 370.99999999999994, 586.9999999999999, 32.19999999999999, 448.1999999999999, 368.0000000000002, 407.19999999999993]","[0, 0, 0, 60, 0, 94, 120, 144, 144, 165, 186]","[20, 40, 75, 75, 203, 120, 203, 149, 203, 186, 203]",30736475.83999999,728.3999999999999,-728.3999999999999,0.0,,,,DWT,mdp.39015067403892,7.450580596923828e-09,,0.0,33.0,11.0,0.0,33.0,,1.1368683772161603e-13,168.40000000000003,987.7999999999993,168.4,,0.0,168.40000000000003,,,28.0,0.0,15.0,1.1368683772161603e-13,1.1368683772161603e-13,,1.1368683772161603e-13,8.858085373377275e-14,1.6970008754268442e-26,0.975019890471523,0.45660786159917877,0.3443747811256928,0.13917548025037796,0.017741842194202224,,0.999999664709775,4.4059199552998455e-09,4.4059199552998455e-09,3.6786974161203912e-09,,1.2251610931599486e-12,0.9999999955940747,7.585973278963461e-14,,,,,,1.5893391424973748e-13,1.0,0.0,1.7477015598164352e-13,1.7477015598164352e-13,0.8999999009579309,0.3383296774354485,530,1.048270184623208,0.5321730851737074,181,0,0.24999997273301636,0.35570077878252293,530,0.0,0.2761314079487234,0.48717053785187703,193,198.09172959347225,0.7923566775749766,358.5,276.2470252083287,0.708285257026482,312,db,0.573477938514061,0.8443824841957417,0.34525069778143475,3,234.75,6.068757320206319e-14,0.999999999970514,4.4642893165530865e-27,0.9615430477376694,0.8322455314907554,0.0009021284950577338,0.11421052631578965,0.00017280396999756666,0.9999999997236196,2.0315811923354854e-05,4.745387416349445e-11,4.745387416349445e-11,3.962136174706643e-11,,1.2251610931599486e-12,0.0031261328403482946,7.585973278963461e-14,,,,,0.0,,7.374542113937972e-14,1.0,0.0,1.4238426238064856e-13,1.4238426238064856e-13,1.0,0.3015691612048542,0.08604450842083375,1393,1.7392529906304433,0.8040308355730817,350,737.5123727775691,0.6134631169928884,871.5,559.437751004016,0.5783510553517901,985,0.49117026184683504,0.8233619396015222,0.4091722348267588,4,739.75,,,,,,,,,,,,,4.074793083714513e-19,0.9999999999715835,4.4642893165530865e-27,0.97210485829599,0.25727690279719867,0.0014723836904571262,0.08640238127452321,0.9999999999999999,0.00017280396999756666,0.9999999999999541,9.960751159770423e-05,3.8434858594393884e-14,3.8434858594393884e-14,3.209086642252945e-14,,0.0,9.572760819061336e-19,0.004567040150618464,7.054128794466933e-19,,,,,0.13043478260869565,,2.3332883504384434e-21,1.0,0.7209302325581395,4.770970844811595e-19,4.770970844811595e-19,1.0,0.42658033862811345,0.13286867808967343,1522,1.847267632310687,0.8966808968082656,293,869.0342340782669,0.5939092364120249,907.5,491.40055096418735,0.5849219079256386,1200,1009.0473684210526,935.5,610.6543869996938,760,0.4758535102197843,0.8532293215616218,0.41093374637766444,5,901.25
db25,1.0,smooth,1.1526525902430405e-26,316.63041443686086,4964735.910018997,0.562992125984252,47.41434077770613,206,smoothed,7.269104412250836e-14,-2.0699890690423276e-10,6.190958874161424,43711.21710211421,0.9903022035953638,0.00014966566451320274,1.0,362.40000000000003,,,,[],[],11,426.6,32.20000000000002,728.3999999999999,"[9, 31, 53, 64, 80, 102, 131, 148, 158, 175, 192]","[311.0000000000003, 417.79999999999984, 589.6, 432.1999999999997, 728.3999999999999, 371.0, 587.0000000000002, 32.20000000000002, 448.2000000000002, 368.00000000000006, 407.1999999999999]","[0, 0, 0, 60, 0, 94, 120, 144, 144, 165, 186]","[20, 40, 75, 75, 203, 120, 203, 149, 203, 186, 203]",30736475.840000004,728.3999999999999,-728.3999999999999,0.0,,,,DWT,mdp.39015067403892,7.450580596923828e-09,,0.0,33.0,11.0,0.0,33.0,,1.1368683772161603e-13,168.4000000000001,987.7999999999984,168.40000000000003,,0.0,168.4000000000001,,,28.00000000000003,0.0,15.0,1.1368683772161603e-13,1.1368683772161603e-13,,5.684341886080802e-14,1.1085512128741724e-13,2.894563808057622e-26,0.9677841053093064,0.08167424135823197,0.06354126476085768,0.34290123404334893,0.12655219467098616,,0.9999996647345563,4.4059791007223055e-09,4.4059791007223055e-09,3.6787269888316428e-09,,6.125805465799743e-13,0.9999999955939887,7.585973278963461e-14,,,,,,1.5893391424973748e-13,1.0,0.0,1.7477015598164352e-13,1.7477015598164352e-13,0.8999999009650604,0.33832967743812864,462,0.841059587730896,0.42697892412017757,367,0,0.24999997273503555,0.35570077878539585,464,0.0,0.22606472002040606,0.39883934993054593,344,62.77672073839686,0.9341963094985358,409.25,401.95159708424984,0.7526065404935027,224,db,0.573477938514061,0.8443824841957417,0.34525069778143475,3,168.75,7.349855087673053e-14,0.9999999999705138,7.360055494147127e-27,0.954515202614469,0.742450472801935,0.000166453493967828,0.2813924575217573,0.0012326071561045487,0.9999999997235093,2.0315811923854454e-05,4.745454029730922e-11,4.745454029730922e-11,3.962169481397382e-11,,6.125805465799743e-13,0.0031261328403480726,7.585973278963461e-14,,,,,0.0,,7.374542113937972e-14,1.0,0.0,1.4238426238064856e-13,1.4238426238064856e-13,1.0,0.30156916120454846,0.0860445084207465,1458,1.7570676104683574,0.8122662698375949,180,903.6824663564078,0.5263718729788219,819.0,320.4395604395604,0.548563294979977,1205,0.49117026184683504,0.8233619396015222,0.4091722348267588,4,904.75,,,,,,,,,,,,,4.934970554488394e-19,0.9999999999715831,7.360055494147127e-27,0.9670071393127428,0.22951803391559505,0.00130035192077979,0.21287861274139555,1.0,0.0012326071561045487,0.9999999999999541,9.960751159770467e-05,3.8435400695480126e-14,3.8435400695480126e-14,3.20911916831812e-14,,0.0,4.786380409530668e-19,0.00456704015061846,7.054128794466933e-19,,,,,0.13043478260869565,,2.3332883504384434e-21,1.0,0.7209302325581395,4.770970844811595e-19,4.770970844811595e-19,1.0,0.42658033862811345,0.13286867808967343,1485,1.88125796445629,0.9131801202981534,75,997.020561473032,0.534102541367742,780.0,142.78846153846152,0.5848082800296655,1201,1009.0473684210526,935.5,610.6543869996938,760,0.4758535102197843,0.8532293215616218,0.41093374637766444,5,902.0
sym5,1.0,symmetric,2.3040188732531344e-21,265.8469321458766,6047992.02090117,0.6214953271028038,285.6677846165179,206,raw,3.8141041565636756e-11,-2.3600177368969463e-10,6.321961577302157,62503.88426403115,0.7706014192915189,5.618943883691695e-06,1.0,327.0000000000802,,,,[],[],13,661.1538461537664,86.99999999998977,939.9999999999015,"[8, 32, 51, 63, 81, 100, 111, 133, 152, 162, 175, 192, 204]","[877.999999999969, 637.9999999998365, 786.9999999998358, 791.9999999999402, 939.9999999999015, 787.9999999999354, 636.9999999998969, 674.9999999999363, 770.9999999999488, 195.99999999990348, 833.9999999998744, 571.9999999999959, 86.99999999998977]","[0, 13, 39, 39, 76, 99, 107, 107, 107, 161, 99, 187, 203]","[76, 39, 61, 76, 205, 164, 119, 142, 164, 164, 205, 205, 205]",37754612.99999757,940.9999999999696,-940.9999999999696,0.0,,,,DWT,mdp.39015067403892,2.428889274597168e-06,,0.0,33.0,19.0,0.0,28.5,,3.035438567167148e-11,256.3413461537664,4359.000000001037,256.34134615377263,,0.0,256.3413461537664,,,83.99999999998977,0.0,19.5,9.845280146691948e-11,3.035438567167148e-11,,8.020606401260011e-11,4.8173519877360086e-11,1.6304755209234904e-21,0.7671126561432897,0.7877053350319133,0.00035115458275519957,0.48264352469959954,0.0003857303275816685,0.9999999997230722,0.4742280245997143,6.634165152433529e-09,6.634165152433529e-09,6.02504073916218e-09,,4.034437643258247e-09,0.9999999933657874,1.1788826591529258e-10,,,,,,2.4041007291437787e-11,1.0,0.0,3.801659805563317e-11,3.801659805563317e-11,0.7422684119542095,0.24267159436099683,659,1.4475075404078617,0.695242773648871,722,0,0.20618567012593936,0.24635434524035985,665,0.0,0.37977480006954817,0.6898027032277688,689,28.605069480775605,0.9700156504394386,683.75,682.8699828862457,0.6266482864356522,474,sym,0.8243425715244881,0.7368036147090654,0.2019191155201387,6,357.0,4.817351987736008e-11,0.00015478832997595227,1.6304755209234904e-21,0.7671126561432896,0.7877053350319133,0.001384271123284513,0.6111657648794886,0.0027505183721852956,0.9999999997230721,0.9919828214560205,0.9855281704443524,0.9855281704443524,0.9855281704443104,,8.643511512243438e-10,0.9999999999670667,6.569452859582357e-11,,,,,1.0,,2.4041007291437787e-11,1.0,0.25,3.801659805563317e-11,3.801659805563317e-11,0.0,2.209570200312494,0.6304403969809874,667,1.500425346466916,0.6936243614550488,1581,646.2955980045044,0.6612706509410354,1124.0,938.19128113879,0.5360860592231382,1290,0.7763846615972358,0.5622554397616224,0.28785410495344815,6,969.0,,,,,,,,,,,,,3.2345522362686424e-16,0.03641360043842734,1.6304755209234904e-21,0.8310727950140544,0.24350793275012197,0.0015851289236753995,0.4623582356414787,1.0,0.0027505183721852956,0.999999999999954,0.0008499884728389851,0.0007982210227394017,0.0007982210227394017,0.0007982210227331197,,0.0,6.753582757847775e-16,0.020163910573054618,6.108875536008364e-16,,,,,0.4782608695652174,,7.606520022429326e-19,1.0,0.7906976744186046,1.273849215564696e-16,1.273849215564696e-16,0.9302325581395349,0.5674759776446976,0.1767540042745113,704,1.6181577895823072,0.7854688473726849,1593,628.6179284748407,0.7062533044510091,1148.5,976.4666956900304,0.5847855307301775,1202,1409.1368421052632,1454.5,398.32527672708756,380,0.6645304607900322,0.5565550872278735,0.3678621512786154,7,903.25
sym17,1.0,periodic,1.0217260175672993e-20,257.1540542170644,5541257.79795828,0.5294117647058824,103.22113948178813,206,smoothed,7.95604121957997e-11,,6.430748813375914,31564.995144419496,0.9797727247238722,0.0001496656645128545,0.9999999999999999,362.40000000001373,,,,[],[],11,426.60000000026935,32.20000000010771,728.4000000004999,"[9, 31, 53, 64, 80, 102, 131, 148, 158, 175, 192]","[311.00000000033083, 417.800000000222, 589.6000000003214, 432.200000000449, 728.4000000004999, 371.0000000003158, 587.0000000000578, 32.20000000010771, 448.2000000001662, 368.00000000024147, 407.2000000002512]","[0, 0, 0, 60, 0, 94, 120, 144, 144, 165, 186]","[20, 40, 75, 75, 203, 120, 203, 149, 203, 186, 203]",30736475.840004936,728.4000000003675,-728.4000000003675,0.0,,,,DWT,mdp.39015067403892,4.939734935760498e-06,,0.0,33.0,11.0,0.0,33.0,,3.675495463539846e-10,168.40000000026942,987.7999999970361,168.40000000026942,,0.0,168.40000000026942,,,28.00000000010772,0.0,15.0,4.998810254619457e-10,3.675495463539846e-10,,1.375610736431554e-11,1.7473424445790348e-10,2.990182529667715e-20,0.7418088556389179,0.4275482236492154,0.3109584424013776,0.11223829052449849,0.02582559867386764,,0.999999758630688,4.686210112336963e-09,4.686210112336963e-09,3.959017146072602e-09,,1.4824449227235377e-10,0.9999999953137899,3.335552450760234e-10,,,,,,1.0537318514757595e-10,1.0,0.0,5.650319142886534e-10,5.650319142886534e-10,0.8999999297651319,0.3383296882647064,301,0.869564202140414,0.4414498008221155,303,0,0.24999998074942928,0.3557007901883015,301,0.0,0.2311970587232302,0.40789418445613224,309,3.7859388972001824,0.9960315105899369,303.5,303.4649416097301,0.83894866934109,96,sym,1.0,1.0,0.0,7,73.75,1.0050761324750564e-10,0.9999999999680966,7.230409050297195e-21,0.7350339686147714,0.825285867821448,0.0008145906350984034,0.092105263157895,0.0002515390414117528,,2.0315813831439655e-05,5.047273710090394e-11,5.047273710090394e-11,4.264044672908085e-11,,1.4824449227235377e-10,0.0031261328394721066,3.335552450760234e-10,,,,,0.0,,4.889321421540875e-11,1.0,0.0,4.6032832027663677e-10,4.6032832027663677e-10,1.0,0.3015691616564391,0.08604450854968113,1271,1.1910133312974398,0.5505877805589662,1739,330.92597359530424,0.8265587140485827,1505.0,1468.617275747508,0.5188873234813145,1418,0.7763846615972358,0.5622554397616224,0.28785410495344815,6,1065.0,,,,,,,,,,,,,6.748461105175082e-16,0.9999999999692536,7.230409050297195e-21,0.8078041925469995,0.2551254214787682,0.0014519136555364615,0.06967933973751878,0.9999999999999999,0.0002515390414117528,,9.960751159914763e-05,4.088005975400044e-14,4.088005975400044e-14,3.4536284422570507e-14,,0.0,1.158304059106422e-16,0.004567040150604755,3.1017004309271106e-15,,,,,0.13043478260869565,,1.546970176340688e-18,1.0,0.7209302325581395,1.5424548741275884e-15,1.5424548741275884e-15,1.0,0.42658033862811146,0.13286867808967281,1665,1.3409435345977003,0.6509064686356629,1758,65.76093065034893,0.9692705931540425,1711.5,1710.2366345311132,0.5847521190069278,1203,1409.1368421052632,1454.5,398.32527672708756,380,0.6645304607900322,0.5565550872278735,0.3678621512786154,7,904.0
sym12,1.0,constant,2.2787808150298514e-23,283.6703731975467,4962160.191921143,0.5526315789473685,68.29344233722622,206,smoothed,3.904656533379538e-12,,6.19417242717032,38875.89471221973,0.9877346357037586,0.00014966566451319016,1.0,362.40000000000055,,,,[],[],11,426.60000000001287,32.20000000000351,728.4000000000219,"[9, 31, 53, 64, 80, 102, 131, 148, 158, 175, 192]","[311.0000000000148, 417.8000000000107, 589.6000000000142, 432.2000000000222, 728.4000000000219, 371.0000000000151, 587.0000000000044, 32.20000000000351, 448.20000000000937, 368.00000000001234, 407.2000000000123]","[1, 1, 1, 60, 1, 94, 120, 144, 144, 165, 186]","[20, 40, 75, 75, 203, 120, 203, 149, 203, 186, 203]",30736475.84000027,728.400000000016,-728.400000000016,0.0,,,,DWT,mdp.39015067403892,2.7567148208618164e-07,,0.0,33.0,11.0,0.0,33.0,,1.602984411874786e-11,168.40000000001294,987.7999999998574,168.40000000001282,,0.0,168.40000000001294,,,28.000000000003524,0.0,33.0,2.1941559680271894e-11,1.602984411874786e-11,,5.684341886080801e-13,8.529146548690953e-12,6.668600353629051e-23,0.8425552997691645,0.08630948327092774,0.06243588278750949,0.27173480863825933,0.0864536713129327,,0.9999996677826493,4.419345966198226e-09,4.419345966198226e-09,3.692034708894782e-09,,6.125805465799743e-12,0.9999999955806541,1.464092842839948e-11,,,,,,5.8805548272402866e-12,1.0,1.0,2.4642591993411734e-11,2.4642591993411734e-11,0.9999999019075204,0.3759218683110347,45,0.7231812548737528,0.36713588270593817,730,0,0.33333330633083014,0.4742677183515187,45,0.0,0.19278416368390333,0.3401234412589961,663,377.13691147910725,0.6046782898541853,370.75,84.52620395569849,0.608025727736317,549,sym,1.0,1.0,0.0,7,413.5,4.915253426792475e-12,0.9999999999704263,1.612536508889437e-23,0.8328851886534306,0.7435605941597367,0.00016355782148907982,0.222991689750693,0.0008420510936920362,,2.0315811985749388e-05,4.759842520130064e-11,4.759842520130064e-11,3.9765024606452926e-11,,6.125805465799743e-12,0.003126132840306328,1.464092842839948e-11,,,,,0.0,,2.7285805821570494e-12,1.0,1.0,2.0076180995671447e-11,2.0076180995671447e-11,1.0,0.4015691612240156,0.11457677216210917,1002,1.2611266855130276,0.5830001432678303,1682,480.83261120685233,0.7479912939167441,1342.0,1255.8599105812223,0.522318498111412,1390,0.7763846615972358,0.5622554397616224,0.28785410495344815,6,1044.0,,,,,,,,,,,,,3.3002869634466e-17,0.9999999999714989,1.612536508889437e-23,0.8787815708444041,0.22986121218914213,0.001299674790715309,0.1686973488382033,1.0,0.0008420510936920365,,9.96075115977515e-05,3.8552060849239567e-14,3.8552060849239567e-14,3.2207309735854395e-14,,0.0,4.786380409530668e-18,0.004567040150617808,1.361446857332118e-16,,,,,0.13043478260869565,,8.633166896622241e-20,1.0,1.0,6.727068891184349e-17,6.727068891184349e-17,1.0,0.4544873153722994,0.14156097535167123,1280,1.410665145960779,0.6847499875229403,1692,291.3279938488576,0.8638654234351133,1486.0,1457.442799461642,0.5847364500353136,1204,1409.1368421052632,1454.5,398.32527672708756,380,0.6645304607900322,0.5565550872278735,0.3678621512786154,7,904.75
bior3.5,1.0,zero,3.160666952314734e-27,324.47400511341493,6812650.672508524,0.5972222222222222,213.6763522515126,206,raw,3.136218361601316e-14,-2.0900492447850933e-10,6.01200075287766,80329.44530174402,0.8933704618588064,5.618943883690066e-06,1.0,327.00000000000006,,,,[],[],13,661.1538461538462,87.0,939.9999999999999,"[8, 32, 51, 63, 81, 100, 111, 133, 152, 162, 175, 192, 204]","[878.0000000000001, 638.0, 786.9999999999999, 791.9999999999998, 939.9999999999999, 788.0, 637.0000000000001, 675.0, 771.0, 196.0, 833.9999999999999, 572.0, 87.0]","[0, 13, 42, 42, 76, 99, 107, 107, 107, 161, 164, 187, 203]","[76, 39, 61, 76, 205, 164, 119, 142, 164, 164, 205, 205, 205]",37754613.0,940.9999999999999,-940.9999999999999,0.0,,,,DWT,mdp.39015067403892,0.0,,0.0,33.0,19.0,0.0,28.5,,1.1368683772161603e-13,256.3413461538462,4359.0,256.3413461538461,,0.0,256.3413461538462,,,84.0,0.0,28.5,1.1368683772161603e-13,1.1368683772161603e-13,,5.684341886080802e-14,2.1278818618086804e-14,1.439819746699654e-27,0.9834598279129353,0.6806294192704498,0.001211688083521846,0.3005952380952379,0.0018289411720665704,0.9999999997234791,0.4742280246116003,6.6959667625959335e-09,6.6959667625959335e-09,6.081912306383589e-09,,2.859275438170267e-12,0.9999999933040264,1.3612963731558036e-13,,,,,,0.0,1.0,1.0,1.4238426238064856e-13,1.4238426238064856e-13,0.8422684098792016,0.2753648338168761,181,1.451966122021067,0.6973842454967007,708,0,0.28951900311606277,0.3459225095698168,180,0.0,0.370965639282214,0.6738022131395418,739,313.75680603507766,0.6711144590827278,452.0,288.891539932296,0.5986599549082402,547,bior,0.672619891330026,0.76736776154697,0.2989557476048908,5,411.5,2.127881861808679e-14,0.0001547883299646835,1.439819746699654e-27,0.9834598279129353,0.68062941927045,0.0022439152803607255,0.47434210526315795,0.004190315011957015,0.999999999723479,0.9919828214562016,0.9855281704452468,0.9855281704452468,0.9855281704451335,,6.125805465799743e-13,0.9999999999667601,7.585973278963461e-14,,,,,1.0,,0.0,1.0,0.75,1.4238426238064856e-13,1.4238426238064856e-13,0.0,2.2595701998213302,0.6447065287087514,167,1.5229719685215999,0.7040473300902252,1531,964.4936495384508,0.4945001836800572,849.0,301.15076560659594,0.5247658151104688,1374,0.5943810304597339,0.7715092316736338,0.3524805091760961,5,1031.75,,,,,,,,,,,,,1.4287403229306906e-19,0.03641360043841643,1.439819746699654e-27,0.988002417845542,0.21040693198903943,0.0017861498981757004,0.35884859964822086,1.0,0.004190315011957015,0.9999999999999541,0.0008499884728391221,0.0007982210227401261,0.0007982210227401261,0.0007982210227337863,,0.0,4.786380409530668e-19,0.020163910573049823,7.054128794466933e-19,,,,,0.4782608695652174,,0.0,1.0,0.9302325581395349,4.770970844811595e-19,4.770970844811595e-19,0.9302325581395349,0.5814294660167882,0.18110015290550946,99,1.6550376376465104,0.8033706687752483,1490,983.5855326304876,0.5403805922287441,794.5,185.66393958464442,0.5845594549928768,1205,1104.4,1082.5,563.6960149978129,300,0.520820561188399,0.7876173146100969,0.3991404127850916,6,905.25
sym20,1.0,symmetric,2.2309384921375353e-18,233.7625227746865,5605033.905713807,0.5245901639344263,101.72438103761019,206,smoothed,1.2320835527659863e-09,1.3769543437876768e-08,6.46674988258113,30964.663673763876,0.9798727230499481,0.0001496656645174147,0.9999999999999996,362.3999999998305,,,,[],[],11,426.5999999957918,32.19999999896049,728.3999999926003,"[9, 31, 53, 64, 80, 102, 131, 148, 158, 175, 192]","[310.9999999954266, 417.79999999600017, 589.5999999950928, 432.19999999360647, 728.3999999926003, 370.9999999952437, 586.999999997963, 32.19999999896049, 448.1999999967386, 367.9999999960296, 407.1999999960488]","[0, 0, 0, 60, 0, 94, 120, 144, 144, 165, 186]","[20, 40, 75, 75, 205, 120, 205, 149, 205, 186, 205]",30736475.839910917,728.3999999949415,-728.3999999949415,0.0,,,,DWT,mdp.39015067403892,8.907914161682129e-05,,0.0,15.0,11.0,0.0,33.0,,5.058495844423305e-09,168.39999999579186,987.8000000462889,168.39999999646457,,0.0,168.39999999579186,,,27.999999998960504,0.0,15.0,7.399648893624544e-09,5.058495844423305e-09,,1.694502316240687e-10,2.7066661476409232e-09,6.5290638121291485e-18,0.6529347695595094,0.4794763120983453,0.3383282698300839,0.07911879495989263,0.020847149760312524,,0.9999987583605737,2.73251851764398e-11,2.73251851764398e-11,8.871813375421941e-14,,1.8261026093549033e-09,0.9999999999726426,4.937558287811737e-09,,,,,,1.9002138787698616e-09,0.0,0.0,7.776398090403228e-09,7.776398090403228e-09,0.7999996349534116,0.3007373869199082,949,0.840649531400002,0.42677075169868944,368,0,0.16666656521705223,0.2371337340425411,949,0.0,0.2243864712735443,0.395878464927527,360,337.76569788340953,0.6459479057825896,656.5,526.1322910302229,0.47889638475712293,945,sym,1.0,1.0,0.0,7,710.5,1.5567405963225613e-09,0.9999999999997495,1.5787598002306766e-18,0.6487139220089773,0.837722431250706,0.0008862889782451878,0.06492666091458188,0.00020304939037802143,0.9999999999341619,2.0315793510139457e-05,2.94320123828129e-13,2.94320123828129e-13,9.992007221626409e-16,,1.8261026093549033e-09,0.00312613285403629,4.937558287811737e-09,,,,,0.0,,8.817002551424239e-10,0.0,0.0,6.3353877546269585e-09,6.3353877546269585e-09,1.0,0.20156916752208376,0.057512246487474085,1619,1.534584597882458,0.709415676235674,1496,86.97413408594535,0.9544160722819993,1557.5,1555.0715890850722,0.5690581409628026,1041,0.7763846615972358,0.5622554397616224,0.28785410495344815,6,782.25,,,,,,,,,,,,,1.0452544862705307e-14,0.9999999999997585,1.5787598002306766e-18,0.7451910682531127,0.25897000868224535,0.0014686797449593736,0.04911822309366093,0.9999999999999997,0.00020304939037802186,0.999999999999989,9.960751158377538e-05,2.3841605772956243e-16,2.3841605772956243e-16,6.505213034913027e-19,,0.0,1.4268200000810923e-15,0.004567040150832623,4.591391349742638e-14,,,,,0.13043478260869565,,2.789679551784203e-17,0.7209302325581395,0.7209302325581395,2.1228434773989188e-14,2.1228434773989188e-14,1.0,0.3986733618840299,0.12417638082770752,1696,1.697062494159012,0.8237699251508567,1299,280.72139213105936,0.8688217793780096,1497.5,1471.187979966611,0.5845277121189114,1206,1409.1368421052632,1454.5,398.32527672708756,380,0.6645304607900322,0.5565550872278735,0.3678621512786154,7,906.25
sym5,1.0,symmetric,1.1325497785773625e-22,276.70682574742915,4971795.132539362,0.5327102803738317,83.88988598859954,206,smoothed,8.184676237725547e-12,,6.220658953582503,33270.54440284109,0.9796749747709953,0.00014966566451325586,1.0,362.4000000000002,,,,[],[],11,426.59999999998416,32.19999999998117,728.3999999999684,"[9, 31, 53, 64, 80, 102, 131, 148, 158, 175, 192]","[310.9999999999694, 417.79999999998347, 589.5999999999702, 432.1999999999873, 728.3999999999684, 370.99999999998374, 587.0000000000042, 32.19999999998117, 448.1999999999971, 367.9999999999925, 407.19999999998817]","[0, 0, 0, 60, 0, 94, 120, 144, 144, 165, 186]","[20, 40, 75, 75, 205, 120, 205, 149, 205, 186, 205]",30736475.839999937,728.3999999999681,-728.3999999999681,0.0,,,,DWT,mdp.39015067403892,5.960464477539063e-08,,0.0,15.0,11.0,0.0,33.0,,3.183231456205249e-11,168.39999999998423,987.800000000173,168.39999999998705,,0.0,168.39999999998423,,,27.999999999981185,0.0,15.0,3.1604940886609256e-11,3.183231456205249e-11,,2.2737367544323206e-13,1.7931750326628435e-11,3.3144719100846876e-22,0.8160979078269429,0.12451375654964433,0.06657076450555587,0.13489573982663977,0.03996943465056692,,0.9999996483045918,4.389477527856014e-09,4.389477527856014e-09,3.6652122597897437e-09,,2.4503221863198973e-12,0.9999999956105063,2.108900571551842e-11,,,,,,1.2714713139978999e-12,0.0,0.0,4.893564367486018e-11,4.893564367486018e-11,0.7999998960618606,0.3007374850762938,902,0.655147075020028,0.3325971159632462,863,0,0.16666663804016224,0.23713383765550017,901,0.0,0.16886394333961166,0.2979216986277198,875,19.397164741270824,0.9796675421999258,885.25,884.9300935543289,0.5258662658588728,813,sym,1.0,1.0,0.0,7,611.5,1.0323132576703778e-11,0.9999999999708826,8.014592475479272e-23,0.8071881220925462,0.7527103603477395,0.00017438960948862412,0.1106984751598622,0.00038929874984646937,,2.0315811590065902e-05,4.7276738079915503e-11,4.7276738079915503e-11,3.9476033553143e-11,,2.4503221863198973e-12,0.003126132840399698,2.108900571551842e-11,,,,,0.0,,5.899633691150377e-13,0.0,0.0,3.98675934665816e-11,3.98675934665816e-11,1.0,0.20156916123189741,0.05751224469274153,1709,1.205190357792387,0.5571416094269231,1714,3.5355339059327378,0.9981469948082113,1711.5,1711.4963482325445,0.5505672080959296,1196,0.7763846615972358,0.5622554397616224,0.28785410495344815,6,898.5,,,,,,,,,,,,,6.931341460262982e-17,0.9999999999719386,8.014592475479272e-23,0.8601419420926636,0.23268973264025378,0.0013022077185102874,0.083745449441541,1.0,0.00038929874984646937,,9.960751159745216e-05,3.82915270671913e-14,3.82915270671913e-14,3.197333890703202e-14,,0.0,1.9145521638122673e-18,0.004567040150619268,1.9610478048618077e-16,,,,,0.13043478260869565,,1.8666306803507547e-20,0.7209302325581395,0.7209302325581395,1.3358718365472467e-16,1.3358718365472467e-16,1.0,0.39867336188392777,0.12417638082767571,1770,1.3667350347031166,0.6634259027663993,1730,28.284271247461902,0.986783050818943,1750.0,1749.7714285714285,0.5845130207365743,1207,1409.1368421052632,1454.5,398.32527672708756,380,0.6645304607900322,0.5565550872278735,0.3678621512786154,7,907.0
sym12,1.0,smooth,2.2787808150298514e-23,283.6703731975467,4962160.191921143,0.5526315789473685,68.29344233722622,206,smoothed,3.904656533379538e-12,,6.19417242717032,38875.89471221973,0.9877346357037586,0.00014966566451319016,1.0,362.40000000000055,,,,[],[],11,426.60000000001287,32.20000000000351,728.4000000000219,"[9, 31, 53, 64, 80, 102, 131, 148, 158, 175, 192]","[311.0000000000148, 417.8000000000107, 589.6000000000142, 432.2000000000222, 728.4000000000219, 371.0000000000151, 587.0000000000044, 32.20000000000351, 448.20000000000937, 368.00000000001234, 407.2000000000123]","[1, 1, 1, 60, 1, 94, 120, 144, 144, 165, 186]","[20, 40, 75, 75, 203, 120, 203, 149, 203, 186, 203]",30736475.84000027,728.400000000016,-728.400000000016,0.0,,,,DWT,mdp.39015067403892,2.7567148208618164e-07,,0.0,33.0,11.0,0.0,33.0,,1.602984411874786e-11,168.40000000001294,987.7999999998574,168.40000000001282,,0.0,168.40000000001294,,,28.000000000003524,0.0,33.0,2.1941559680271894e-11,1.602984411874786e-11,,5.684341886080801e-13,8.529146548690953e-12,6.668600353629051e-23,0.8425552997691645,0.08630948327092774,0.06243588278750949,0.27173480863825933,0.0864536713129327,,0.9999996677826493,4.419345966198226e-09,4.419345966198226e-09,3.692034708894782e-09,,6.125805465799743e-12,0.9999999955806541,1.464092842839948e-11,,,,,,5.8805548272402866e-12,1.0,1.0,2.4642591993411734e-11,2.4642591993411734e-11,0.9999999019075204,0.3759218683110347,44,0.7231812548737528,0.36713588270593817,728,0,0.33333330633083014,0.4742677183515187,44,0.0,0.19278416368390333,0.3401234412589961,664,377.3380447291261,0.6044674583552136,370.0,82.75714374649816,0.6083133937478374,545,sym,1.0,1.0,0.0,7,410.5,4.915253426792475e-12,0.9999999999704263,1.612536508889437e-23,0.8328851886534306,0.7435605941597367,0.00016355782148907982,0.222991689750693,0.0008420510936920362,,2.0315811985749388e-05,4.759842520130064e-11,4.759842520130064e-11,3.9765024606452926e-11,,6.125805465799743e-12,0.003126132840306328,1.464092842839948e-11,,,,,0.0,,2.7285805821570494e-12,1.0,1.0,2.0076180995671447e-11,2.0076180995671447e-11,1.0,0.4015691612240156,0.11457677216210917,1000,1.2611266855130276,0.5830001432678303,1681,481.5397179880389,0.7476206928783864,1340.5,1254.0096978739275,0.5225262793532393,1388,0.7763846615972358,0.5622554397616224,0.28785410495344815,6,1042.5,,,,,,,,,,,,,3.3002869634466e-17,0.9999999999714989,1.612536508889437e-23,0.8787815708444041,0.22986121218914213,0.001299674790715309,0.1686973488382033,1.0,0.0008420510936920365,,9.96075115977515e-05,3.8552060849239567e-14,3.8552060849239567e-14,3.2207309735854395e-14,,0.0,4.786380409530668e-18,0.004567040150617808,1.361446857332118e-16,,,,,0.13043478260869565,,8.633166896622241e-20,1.0,1.0,6.727068891184349e-17,6.727068891184349e-17,1.0,0.4544873153722994,0.14156097535167123,1279,1.410665145960779,0.6847499875229403,1693,292.74220741123065,0.8632045759760605,1486.0,1457.164872139973,0.5844060263057873,1208,1409.1368421052632,1454.5,398.32527672708756,380,0.6645304607900322,0.5565550872278735,0.3678621512786154,7,907.75
bior3.5,1.0,constant,3.1765360765440344e-27,324.45225454787504,6812030.468949252,0.5972222222222222,213.6763522515126,206,raw,3.165536872542874e-14,-2.0892021446173043e-10,6.0127814889850875,79953.72891520277,0.8928399048336225,5.618943883690066e-06,1.0,327.00000000000006,,,,[],[],13,661.1538461538462,87.0,939.9999999999999,"[8, 32, 51, 63, 81, 100, 111, 133, 152, 162, 175, 192, 204]","[878.0000000000001, 638.0, 786.9999999999999, 791.9999999999998, 939.9999999999999, 788.0, 637.0000000000001, 675.0, 771.0, 196.0, 833.9999999999999, 572.0, 87.0]","[0, 13, 42, 42, 76, 99, 107, 107, 107, 161, 164, 187, 203]","[76, 39, 61, 76, 205, 164, 119, 142, 164, 164, 205, 205, 205]",37754613.0,940.9999999999999,-940.9999999999999,0.0,,,,DWT,mdp.39015067403892,0.0,,0.0,33.0,19.0,0.0,28.5,,1.1368683772161603e-13,256.3413461538462,4359.0,256.3413461538461,,0.0,256.3413461538462,,,84.0,0.0,28.5,1.1368683772161603e-13,1.1368683772161603e-13,,5.684341886080802e-14,2.1649263090261315e-14,1.4510497897954303e-27,0.9833795634020062,0.6808991244302101,0.0012109901172607878,0.3005952380952379,0.0017985220473972353,0.9999999997234804,0.4742280246116003,6.6959667625959335e-09,6.6959667625959335e-09,6.081912306383589e-09,,2.859275438170267e-12,0.9999999933040264,1.3612963731558036e-13,,,,,,0.0,1.0,1.0,1.4238426238064856e-13,1.4238426238064856e-13,0.8422684098792016,0.2753648338168761,179,1.4520402992613917,0.6974198730764303,707,0,0.28951900311606277,0.3459225095698168,181,0.0,0.37098542972695175,0.6738381594484483,738,313.4691638210474,0.6714159708374765,451.25,288.1658616323474,0.5992037925466208,543,bior,0.672619891330026,0.76736776154697,0.2989557476048908,5,408.5,2.1649263090261315e-14,0.0001547883299646835,1.4510497897954303e-27,0.9833795634020062,0.6808991244302102,0.0022432180354334556,0.47434210526315795,0.00415996784982816,0.9999999997234803,0.9919828214562016,0.9855281704452468,0.9855281704452468,0.9855281704451335,,6.125805465799743e-13,0.9999999999667601,7.585973278963461e-14,,,,,1.0,,0.0,1.0,0.75,1.4238426238064856e-13,1.4238426238064856e-13,0.0,2.2595701998213302,0.6447065287087514,184,1.523046174907608,0.7040816346007642,1530,951.7657274770929,0.5011710023704964,857.0,328.49474912485414,0.5260047883969883,1365,0.5943810304597339,0.7715092316736338,0.3524805091760961,5,1025.0,,,,,,,,,,,,,1.4536133651940722e-19,0.03641360043841643,1.4510497897954303e-27,0.9879441971656789,0.210490307514105,0.0017859868529742744,0.35884859964822086,1.0,0.00415996784982816,0.9999999999999541,0.0008499884728391221,0.0007982210227401261,0.0007982210227401261,0.0007982210227337863,,0.0,4.786380409530668e-19,0.020163910573049823,7.054128794466933e-19,,,,,0.4782608695652174,,0.0,1.0,0.9302325581395349,4.770970844811595e-19,4.770970844811595e-19,0.9302325581395349,0.5814294660167882,0.18110015290550946,101,1.6550321726136734,0.8033680159974593,1491,982.878425849301,0.5407110159582705,796.0,189.18467336683418,0.5843741995679204,1209,1104.4,1082.5,563.6960149978129,300,0.520820561188399,0.7876173146100969,0.3991404127850916,6,908.25
db9,1.0,smooth,6.26817004080819e-27,321.50038477503557,15452158.458280154,0.5945945945945946,283.15678701277454,206,raw,5.077707402334163e-14,-2.0674972844858812e-10,5.192907174792331,312198.82262348785,0.9570778003071039,5.618943883690064e-06,0.9999999999999999,327.0,,,,[],[],13,661.1538461538462,87.00000000000003,940.0,"[8, 32, 51, 63, 81, 100, 111, 133, 152, 162, 175, 192, 204]","[878.0, 637.9999999999999, 787.0000000000003, 791.9999999999998, 940.0, 788.0, 637.0000000000002, 675.0000000000002, 771.0000000000002, 196.00000000000006, 833.9999999999999, 572.0, 87.00000000000003]","[0, 13, 39, 39, 76, 99, 107, 107, 107, 161, 99, 187, 203]","[76, 39, 61, 76, 205, 164, 119, 142, 164, 164, 205, 205, 205]",37754613.0,941.0,-941.0,0.0,,,,DWT,mdp.39015067403892,0.0,,0.0,33.0,19.0,0.0,28.5,,0.0,256.3413461538462,4359.0,256.3413461538462,,0.0,256.3413461538462,,,84.00000000000003,0.0,19.5,0.0,0.0,,0.0,4.580986947399582e-14,3.6388946987759155e-27,0.9724864956696339,0.3976736775870862,0.010934439358437593,0.28088803088803105,0.020601780868204293,0.9999999997235132,0.4742280246116333,6.6959667625959335e-09,6.6959667625959335e-09,6.082000342865356e-09,,0.0,0.9999999933040264,0.0,,,,,,0.0,1.0,0.0,0.0,0.0,0.7422684098776834,0.2426715936821132,922,1.3083918804664554,0.6284250510631884,829,0,0.2061856697824661,0.24635434482997184,922,0.0,0.335323053011869,0.6090629193401363,832,52.84174486142561,0.9446103303339354,876.25,873.8598411899009,0.5130546410579531,839,db,0.540986235965534,0.9305070477545101,0.3421575204977732,3,630.0,4.580986947399581e-14,0.0001547883299646835,3.6388946987759155e-27,0.9724864956696339,0.39767367758708627,0.011956618291621075,0.45953058321479406,0.02291874379058029,0.9999999997235131,0.9919828214562021,0.9855281704452468,0.9855281704452468,0.9855281704451347,,0.0,0.9999999999667601,0.0,,,,,1.0,,0.0,1.0,0.25,0.0,0.0,0.0,2.209570199820929,0.6304403968407328,934,1.3813332125316924,0.6385698360502022,1656,510.5310960166873,0.7324260503057194,1295.0,1194.3660231660233,0.5268524381507633,1359,0.49117026184683504,0.8233619396015222,0.4091722348267588,4,1020.25,,,,,,,,,,,,,3.075847812813129e-19,0.036413600438416426,3.6388946987759155e-27,0.9800427996260839,0.12293517744734661,0.004057388536028115,0.34764340852826875,0.9999999999999999,0.02291874379058029,0.9999999999999541,0.0008499884728391225,0.0007982210227401261,0.0007982210227401261,0.0007982210227337874,,0.0,0.0,0.020163910573049823,0.0,,,,,0.4782608695652174,,0.0,1.0,0.7906976744186046,0.0,0.0,0.9302325581395349,0.5674759776446953,0.17675400427451057,834,1.610670903826384,0.7818346433642896,1617,553.6646096690667,0.7412782197808099,1225.5,1100.4308445532436,0.5843073341894703,1210,1009.0473684210526,935.5,610.6543869996938,760,0.4758535102197843,0.8532293215616218,0.41093374637766444,5,908.75
sym5,1.0,periodization,1.1071846032810015e-22,276.8051983647249,4960714.157291393,0.529126213592233,83.99464544927699,206,smoothed,8.186799467692206e-12,,6.195978011517284,31688.237398435096,0.9821280023633703,0.0001496656645132573,1.0,362.4000000000002,,,,[],[],11,426.59999999998473,32.19999999998123,728.3999999999749,"[9, 31, 53, 64, 80, 102, 131, 148, 158, 175, 192]","[310.9999999999694, 417.79999999998347, 589.5999999999702, 432.1999999999873, 728.3999999999749, 370.99999999998363, 587.0000000000042, 32.19999999998123, 448.1999999999971, 367.99999999999255, 407.19999999998805]","[0, 0, 0, 60, 0, 94, 120, 144, 144, 165, 186]","[20, 40, 75, 75, 205, 120, 205, 149, 205, 186, 205]",30736475.839999937,728.3999999999681,-728.3999999999681,0.0,,,,DWT,mdp.39015067403892,5.960464477539063e-08,,0.0,15.0,11.0,0.0,33.0,,3.183231456205249e-11,168.3999999999848,987.8000000001666,168.39999999998702,,0.0,168.3999999999848,,,27.99999999998124,0.0,15.0,2.5124791136477143e-11,3.183231456205249e-11,,2.2737367544323206e-13,1.7936414765459332e-11,3.2402381968644946e-22,0.8164716660171211,0.08891386546683094,0.061815309979524634,0.11027684467067218,0.026847626163011243,,0.9999996483541542,4.390068982080612e-09,4.390068982080612e-09,3.6651826870784925e-09,,2.4503221863198973e-12,0.9999999956099042,1.676500094650925e-11,,,,,,1.2714713139978999e-12,0.0,0.0,4.893564367486018e-11,4.893564367486018e-11,0.7999998960746123,0.30073748508108744,896,0.6200973756723047,0.3148035099732091,896,0,0.16666663804397805,0.23713383766092933,896,0.0,0.15776075890215666,0.27833267623274466,903,3.5,0.9963312368972747,897.75,897.7398058252427,0.527646750524109,805,sym,1.0,1.0,0.0,7,605.5,1.0325815314602277e-11,0.9999999999708926,7.835091699258664e-23,0.8075511393208376,0.7441843329751008,0.0001619321611793698,0.09049565661727149,0.0002614934985440778,,2.0315811591065103e-05,4.728306635115587e-11,4.728306635115587e-11,3.947575599738684e-11,,2.4503221863198973e-12,0.0031261328403978106,1.676500094650925e-11,,,,,0.0,,5.899633691150377e-13,0.0,0.0,3.98675934665816e-11,3.98675934665816e-11,1.0,0.20156916122973847,0.057512244692125535,1710,1.1930066762013343,0.5515092743136399,1735,17.67766952966369,0.9907349740410568,1722.5,1722.4092888243833,0.5439785981316395,1241,0.7763846615972358,0.5622554397616224,0.28785410495344815,6,932.25,,,,,,,,,,,,,6.933142751904322e-17,0.9999999999719482,7.835091699258664e-23,0.86040526033367,0.23005403219778045,0.0012992946429332595,0.06846164253822229,1.0,0.0002614934985440778,,9.960751159745292e-05,3.829662281740198e-14,3.829662281740198e-14,3.197301364638028e-14,,0.0,1.9145521638122673e-18,0.004567040150619238,1.5589624635771922e-16,,,,,0.13043478260869565,,1.8666306803507547e-20,0.7209302325581395,0.7209302325581395,1.3358718365472467e-16,1.3358718365472467e-16,1.0,0.3986733618839277,0.1241763808276757,1773,1.3594090740268499,0.6598698132890127,1740,23.33452377915607,0.989096016925628,1756.5,1756.3450042698548,0.5841508122011317,1211,1409.1368421052632,1454.5,398.32527672708756,380,0.6645304607900322,0.5565550872278735,0.3678621512786154,7,910.0
sym5,1.0,constant,1.1039434078221056e-22,276.8179306380597,4960723.054915528,0.5467289719626168,80.52106654100905,206,smoothed,8.185085834569584e-12,,6.195966898322114,34732.59343523433,0.9844016343820461,0.0001496656645132562,0.9999999999999999,362.4000000000002,,,,[],[],11,426.5999999999833,32.19999999998117,728.3999999999593,"[9, 31, 53, 64, 80, 102, 131, 148, 158, 175, 192]","[310.9999999999694, 417.79999999998347, 589.5999999999702, 432.1999999999873, 728.3999999999593, 370.99999999998374, 587.0000000000042, 32.19999999998117, 448.1999999999971, 367.9999999999925, 407.19999999998817]","[0, 0, 0, 60, 0, 94, 120, 144, 144, 165, 186]","[20, 40, 75, 75, 205, 120, 205, 149, 205, 186, 205]",30736475.839999937,728.3999999999681,-728.3999999999681,0.0,,,,DWT,mdp.39015067403892,5.960464477539063e-08,,0.0,15.0,11.0,0.0,33.0,,3.183231456205249e-11,168.39999999998338,987.8000000001821,168.39999999998705,,0.0,168.39999999998338,,,27.999999999981185,0.0,15.0,4.069988790433854e-11,3.183231456205249e-11,,2.2737367544323206e-13,1.7932650153521585e-11,3.2307525153592385e-22,0.8165200411805484,0.0888978357489782,0.06181912843828092,0.2311898993607423,0.052093963802659106,,0.9999996483045918,4.388590346519116e-09,4.388590346519116e-09,3.6652122597897437e-09,,2.4503221863198973e-12,0.9999999956113667,2.7157784338689192e-11,,,,,,1.2714713139978999e-12,0.0,0.0,4.893564367486018e-11,4.893564367486018e-11,0.7999998960647929,0.3007374850773961,898,0.678584052072699,0.3444953160343934,837,0,0.1666666380405918,0.23713383765611137,898,0.0,0.17864583836416312,0.31517960889487145,811,44.02272140611028,0.9538545897210584,861.0,859.2984234813664,0.5256694332253091,814,sym,1.0,1.0,0.0,7,612.25,1.032365010942226e-11,0.9999999999708851,7.812154853999094e-23,0.8075981242918885,0.744180493923659,0.000161942164061811,0.18971962616822452,0.0005073905888392334,,2.0315811590065902e-05,4.726719016190373e-11,4.726719016190373e-11,3.9476033553143e-11,,2.4503221863198973e-12,0.0031261328404023625,2.7157784338689192e-11,,,,,0.0,,5.899633691150377e-13,0.0,0.0,3.98675934665816e-11,3.98675934665816e-11,1.0,0.2015691612349274,0.05751224469360605,1705,1.2328208993161816,0.5699147985537449,1703,1.4142135623730951,0.9992587979232845,1704.0,1703.99941314554,0.5530885184584976,1166,0.7763846615972358,0.5622554397616224,0.28785410495344815,6,876.0,,,,,,,,,,,,,6.931688951294603e-17,0.9999999999719409,7.812154853999094e-23,0.8604393413605929,0.2300528454094743,0.0012992969820280577,0.14352641568363664,0.9999999999999999,0.0005073905888392334,,9.960751159745216e-05,3.8283720811549404e-14,3.8283720811549404e-14,3.197333890703202e-14,,0.0,1.9145521638122673e-18,0.00456704015061931,2.525378108419162e-16,,,,,0.13043478260869565,,1.8666306803507547e-20,0.7209302325581395,0.7209302325581395,1.3358718365472467e-16,1.3358718365472467e-16,1.0,0.3986733618839278,0.12417638082767572,1767,1.3895531985126794,0.6745020517934265,1705,43.840620433565945,0.9795137287693617,1736.0,1735.4464285714284,0.5841493877491668,1212,1409.1368421052632,1454.5,398.32527672708756,380,0.6645304607900322,0.5565550872278735,0.3678621512786154,7,910.75
db38,1.0,reflect,1.8762788571150866e-26,316.73881862115127,7999216.824124716,0.5714285714285714,273.2279732582883,206,raw,9.74409334234118e-14,-2.045927871563463e-10,6.856227996073379,60397.743481004945,0.7644900543735683,5.618943883690066e-06,0.9999999999999999,327.0,,,,[],[],13,661.1538461538462,86.99999999999986,940.0,"[8, 32, 51, 63, 81, 100, 111, 133, 152, 162, 175, 192, 204]","[878.0, 638.0000000000001, 787.0000000000003, 792.0000000000002, 940.0, 788.0, 637.0000000000001, 674.9999999999998, 771.0000000000001, 195.99999999999994, 834.0, 572.0000000000001, 86.99999999999986]","[0, 13, 42, 42, 76, 99, 107, 107, 107, 161, 99, 187, 203]","[76, 42, 61, 76, 205, 164, 119, 142, 164, 164, 205, 205, 205]",37754613.0,941.0,-941.0,0.0,,,,DWT,mdp.39015067403892,0.0,,0.0,33.0,19.0,0.0,28.5,,0.0,256.3413461538462,4359.0,256.3413461538462,,0.0,256.3413461538462,,,83.99999999999986,0.0,24.0,0.0,0.0,,0.0,1.0477046539082974e-13,1.2480914115446999e-26,0.9549152385960062,0.9722675814278642,0.0025470289211558983,0.10714285714285682,0.00021521085772349343,0.9999999997235456,0.4742280246114352,6.6959667625959335e-09,6.6959667625959335e-09,6.082000342865356e-09,,0.0,0.9999999933040264,0.0,,,,,,0.0,1.0,0.5,0.0,0.0,0.7922684098776239,0.259018213749227,578,1.5032996754217955,0.7220399250363866,623,0,0.24785233644911625,0.2961384271997173,578,0.0,0.37963598958365713,0.689550575260388,690,52.936282453530865,0.9445112343254394,617.25,614.0036351190557,0.6487493278545435,415,db,0.540986235965534,0.9305070477545101,0.3421575204977732,3,312.0,1.0477046539082974e-13,0.0001547883299646835,1.2480914115446999e-26,0.9549152385960062,0.9722675814278643,0.0035778760706782348,0.3289473684210526,0.002580402300333659,0.9999999997235455,0.9919828214561991,0.9855281704452468,0.9855281704452468,0.9855281704451347,,0.0,0.9999999999667601,0.0,,,,,1.0,,0.0,1.0,0.5,0.0,0.0,0.0,2.234570199820928,0.6375734627746846,579,1.5935294165838683,0.7366649907911256,1319,523.2590180780452,0.7257552316152803,949.0,804.7428872497366,0.6141878883443278,809,0.49117026184683504,0.8233619396015222,0.4091722348267588,4,607.75,,,,,,,,,,,,,7.034685113056883e-19,0.03641360043841643,1.2480914115446999e-26,0.9672973094831601,0.300562733682473,0.0020980860589783893,0.24885478477685213,0.9999999999999999,0.002580402300333659,0.9999999999999541,0.0008499884728391203,0.0007982210227401261,0.0007982210227401261,0.0007982210227337874,,0.0,0.0,0.020163910573049823,0.0,,,,,0.4782608695652174,,0.0,1.0,0.8604651162790697,0.0,0.0,0.9302325581395349,0.5744527218307418,0.17892707859001003,265,1.6432069505230025,0.7976279431656974,1520,887.4190103891171,0.5853182194443378,892.5,451.31652661064425,0.5841310723389913,1213,1009.0473684210526,935.5,610.6543869996938,760,0.4758535102197843,0.8532293215616218,0.41093374637766444,5,911.0
sym5,1.0,smooth,1.1039434078221056e-22,276.8179306380597,4960723.054915528,0.5467289719626168,80.52106654100905,206,smoothed,8.185085834569584e-12,,6.195966898322114,34732.59343523433,0.9844016343820461,0.0001496656645132562,0.9999999999999999,362.4000000000002,,,,[],[],11,426.5999999999833,32.19999999998117,728.3999999999593,"[9, 31, 53, 64, 80, 102, 131, 148, 158, 175, 192]","[310.9999999999694, 417.79999999998347, 589.5999999999702, 432.1999999999873, 728.3999999999593, 370.99999999998374, 587.0000000000042, 32.19999999998117, 448.1999999999971, 367.9999999999925, 407.19999999998817]","[0, 0, 0, 60, 0, 94, 120, 144, 144, 165, 186]","[20, 40, 75, 75, 205, 120, 205, 149, 205, 186, 205]",30736475.839999937,728.3999999999681,-728.3999999999681,0.0,,,,DWT,mdp.39015067403892,5.960464477539063e-08,,0.0,15.0,11.0,0.0,33.0,,3.183231456205249e-11,168.39999999998338,987.8000000001821,168.39999999998705,,0.0,168.39999999998338,,,27.999999999981185,0.0,15.0,4.069988790433854e-11,3.183231456205249e-11,,2.2737367544323206e-13,1.7932650153521585e-11,3.2307525153592385e-22,0.8165200411805484,0.0888978357489782,0.06181912843828092,0.2311898993607423,0.052093963802659106,,0.9999996483045918,4.388590346519116e-09,4.388590346519116e-09,3.6652122597897437e-09,,2.4503221863198973e-12,0.9999999956113667,2.7157784338689192e-11,,,,,,1.2714713139978999e-12,0.0,0.0,4.893564367486018e-11,4.893564367486018e-11,0.7999998960647929,0.3007374850773961,899,0.678584052072699,0.3444953160343934,838,0,0.1666666380405918,0.23713383765611137,899,0.0,0.17864583836416312,0.31517960889487145,812,44.02272140611028,0.9538545897210584,862.0,860.3004139562389,0.5251453242106341,815,sym,1.0,1.0,0.0,7,613.0,1.032365010942226e-11,0.9999999999708851,7.812154853999094e-23,0.8075981242918885,0.744180493923659,0.000161942164061811,0.18971962616822452,0.0005073905888392334,,2.0315811590065902e-05,4.726719016190373e-11,4.726719016190373e-11,3.9476033553143e-11,,2.4503221863198973e-12,0.0031261328404023625,2.7157784338689192e-11,,,,,0.0,,5.899633691150377e-13,0.0,0.0,3.98675934665816e-11,3.98675934665816e-11,1.0,0.2015691612349274,0.05751224469360605,1706,1.2328208993161816,0.5699147985537449,1704,1.4142135623730951,0.9992587979232845,1705.0,1704.999413489736,0.5528264639511601,1169,0.7763846615972358,0.5622554397616224,0.28785410495344815,6,878.25,,,,,,,,,,,,,6.931688951294603e-17,0.9999999999719409,7.812154853999094e-23,0.8604393413605929,0.2300528454094743,0.0012992969820280577,0.14352641568363664,0.9999999999999999,0.0005073905888392334,,9.960751159745216e-05,3.8283720811549404e-14,3.8283720811549404e-14,3.197333890703202e-14,,0.0,1.9145521638122673e-18,0.00456704015061931,2.525378108419162e-16,,,,,0.13043478260869565,,1.8666306803507547e-20,0.7209302325581395,0.7209302325581395,1.3358718365472467e-16,1.3358718365472467e-16,1.0,0.3986733618839278,0.12417638082767572,1768,1.3895531985126794,0.6745020517934265,1707,43.1335136523794,0.9798441524988881,1737.5,1736.9646043165467,0.5839641323242104,1214,1409.1368421052632,1454.5,398.32527672708756,380,0.6645304607900322,0.5565550872278735,0.3678621512786154,7,912.25
sym5,1.0,periodic,1.107726260207632e-22,276.803074228509,4967815.599586603,0.5327102803738317,83.88988598859954,206,smoothed,8.187021718600871e-12,,6.21796305411402,33441.11029189292,0.9800780975510359,0.0001496656645132573,0.9999999999999999,362.4000000000002,,,,[],[],11,426.59999999998473,32.19999999998117,728.3999999999749,"[9, 31, 53, 64, 80, 102, 131, 148, 158, 175, 192]","[310.9999999999694, 417.79999999998347, 589.5999999999702, 432.1999999999873, 728.3999999999749, 370.99999999998374, 587.0000000000042, 32.19999999998117, 448.1999999999971, 367.9999999999925, 407.19999999998817]","[0, 0, 0, 60, 0, 94, 120, 144, 144, 165, 186]","[20, 40, 75, 75, 205, 120, 205, 149, 205, 186, 205]",30736475.839999937,728.3999999999681,-728.3999999999681,0.0,,,,DWT,mdp.39015067403892,5.960464477539063e-08,,0.0,15.0,11.0,0.0,33.0,,3.183231456205249e-11,168.3999999999848,987.8000000001666,168.39999999998705,,0.0,168.3999999999848,,,27.999999999981185,0.0,15.0,2.5124791136477143e-11,3.183231456205249e-11,,2.2737367544323206e-13,1.7936903019574454e-11,3.241823409838007e-22,0.8164635955466022,0.1206251802062212,0.06486292854633788,0.13489573982663977,0.0413839091643089,,0.9999996483045918,4.390068982080612e-09,4.390068982080612e-09,3.6652122597897437e-09,,2.4503221863198973e-12,0.9999999956099042,1.676500094650925e-11,,,,,,1.2714713139978999e-12,0.0,0.0,4.893564367486018e-11,4.893564367486018e-11,0.7999998960597524,0.3007374850755013,903,0.6531340713060014,0.33157517866819214,865,0,0.1666666380398503,0.23713383765505633,903,0.0,0.1683187647582924,0.29695985605914116,876,19.29378138157474,0.979775910501494,886.75,886.4341950697677,0.5251342864876443,816,sym,1.0,1.0,0.0,7,613.75,1.0326096132481176e-11,0.9999999999708926,7.83892482233546e-23,0.80754330077732,0.75177906232024,0.0001699157409937866,0.1106984751598622,0.00040307560620442186,,2.0315811590065902e-05,4.728306635115587e-11,4.728306635115587e-11,3.9476033553143e-11,,2.4503221863198973e-12,0.0031261328403978106,1.676500094650925e-11,,,,,0.0,,5.899633691150377e-13,0.0,0.0,3.98675934665816e-11,3.98675934665816e-11,1.0,0.20156916122973828,0.05751224469212548,1711,1.2049410897978012,0.5570263765338086,1715,2.8284271247461903,0.9985175958465691,1713.0,1712.9976649153532,0.5503594268541021,1197,0.7763846615972358,0.5622554397616224,0.28785410495344815,6,899.25,,,,,,,,,,,,,6.933331303644052e-17,0.9999999999719482,7.83892482233546e-23,0.8603995745663557,0.23240183506312045,0.0013011615398127235,0.083745449441541,0.9999999999999999,0.0004030756062044223,,9.960751159745216e-05,3.829662281740198e-14,3.829662281740198e-14,3.197333890703202e-14,,0.0,1.9145521638122673e-18,0.004567040150619238,1.5589624635771922e-16,,,,,0.13043478260869565,,1.8666306803507547e-20,0.7209302325581395,0.7209302325581395,1.3358718365472467e-16,1.3358718365472467e-16,1.0,0.3986733618839277,0.1241763808276757,1772,1.3667506530519626,0.6634334840582516,1729,30.405591591021544,0.9857917796303638,1750.5,1750.2359325906884,0.5839005627123781,1215,1409.1368421052632,1454.5,398.32527672708756,380,0.6645304607900322,0.5565550872278735,0.3678621512786154,7,913.0
sym12,1.0,zero,2.2787808150298514e-23,283.6703731975467,4962160.191921143,0.5526315789473685,68.29344233722622,206,smoothed,3.904656533379538e-12,,6.19417242717032,38875.89471221973,0.9877346357037586,0.00014966566451319016,1.0,362.40000000000055,,,,[],[],11,426.60000000001287,32.20000000000351,728.4000000000219,"[9, 31, 53, 64, 80, 102, 131, 148, 158, 175, 192]","[311.0000000000148, 417.8000000000107, 589.6000000000142, 432.2000000000222, 728.4000000000219, 371.0000000000151, 587.0000000000044, 32.20000000000351, 448.20000000000937, 368.00000000001234, 407.2000000000123]","[1, 1, 1, 60, 1, 94, 120, 144, 144, 165, 186]","[20, 40, 75, 75, 203, 120, 203, 149, 203, 186, 203]",30736475.84000027,728.400000000016,-728.400000000016,0.0,,,,DWT,mdp.39015067403892,2.7567148208618164e-07,,0.0,33.0,11.0,0.0,33.0,,1.602984411874786e-11,168.40000000001294,987.7999999998574,168.40000000001282,,0.0,168.40000000001294,,,28.000000000003524,0.0,33.0,2.1941559680271894e-11,1.602984411874786e-11,,5.684341886080801e-13,8.529146548690953e-12,6.668600353629051e-23,0.8425552997691645,0.08630948327092774,0.06243588278750949,0.27173480863825933,0.0864536713129327,,0.9999996677826493,4.419345966198226e-09,4.419345966198226e-09,3.692034708894782e-09,,6.125805465799743e-12,0.9999999955806541,1.464092842839948e-11,,,,,,5.8805548272402866e-12,1.0,1.0,2.4642591993411734e-11,2.4642591993411734e-11,0.9999999019075204,0.3759218683110347,46,0.7231812548737528,0.36713588270593817,729,0,0.33333330633083014,0.4742677183515187,46,0.0,0.19278416368390333,0.3401234412589961,662,375.98526123595144,0.6058854704025667,370.75,86.28020311276335,0.6086293180105077,540,sym,1.0,1.0,0.0,7,406.75,4.915253426792475e-12,0.9999999999704263,1.612536508889437e-23,0.8328851886534306,0.7435605941597367,0.00016355782148907982,0.222991689750693,0.0008420510936920362,,2.0315811985749388e-05,4.759842520130064e-11,4.759842520130064e-11,3.9765024606452926e-11,,6.125805465799743e-12,0.003126132840306328,1.464092842839948e-11,,,,,0.0,,2.7285805821570494e-12,1.0,1.0,2.0076180995671447e-11,2.0076180995671447e-11,1.0,0.4015691612240156,0.11457677216210917,1001,1.2611266855130276,0.5830001432678303,1680,480.1255044256658,0.7483618949551019,1340.5,1254.5169712793734,0.522896880391597,1385,0.7763846615972358,0.5622554397616224,0.28785410495344815,6,1040.25,,,,,,,,,,,,,3.3002869634466e-17,0.9999999999714989,1.612536508889437e-23,0.8787815708444041,0.22986121218914213,0.001299674790715309,0.1686973488382033,1.0,0.0008420510936920365,,9.96075115977515e-05,3.8552060849239567e-14,3.8552060849239567e-14,3.2207309735854395e-14,,0.0,4.786380409530668e-18,0.004567040150617808,1.361446857332118e-16,,,,,0.13043478260869565,,8.633166896622241e-20,1.0,1.0,6.727068891184349e-17,6.727068891184349e-17,1.0,0.4544873153722994,0.14156097535167123,1274,1.410665145960779,0.6847499875229403,1694,296.98484809834997,0.8612220335989018,1484.0,1454.2830188679245,0.583882044836834,1216,1409.1368421052632,1454.5,398.32527672708756,380,0.6645304607900322,0.5565550872278735,0.3678621512786154,7,913.75
db34,1.0,symmetric,1.6323508110707658e-26,315.11926374889447,6502429.67421163,0.5257352941176471,101.90736492966708,206,smoothed,8.561005194934798e-14,-2.0737402905979306e-10,6.632603701392666,32033.277446892665,0.9840730135873214,0.00014966566451320274,0.9999999999999999,362.4000000000001,,,,[],[],11,426.6,32.200000000000045,728.4000000000001,"[9, 31, 53, 64, 80, 102, 131, 148, 158, 175, 192]","[310.9999999999998, 417.8000000000002, 589.6000000000005, 432.1999999999999, 728.4000000000001, 370.99999999999994, 586.9999999999998, 32.200000000000045, 448.2000000000001, 368.0000000000002, 407.1999999999999]","[1, 1, 1, 60, 1, 94, 120, 144, 144, 165, 186]","[20, 40, 75, 75, 204, 120, 204, 149, 204, 186, 204]",30736475.840000004,728.4000000000001,-728.4000000000001,0.0,,,,DWT,mdp.39015067403892,7.450580596923828e-09,,0.0,15.0,11.0,0.0,33.0,,1.1368683772161603e-13,168.4000000000001,987.7999999999984,168.40000000000003,,0.0,168.4000000000001,,,28.000000000000057,0.0,33.0,1.1368683772161603e-13,1.1368683772161603e-13,,1.1368683772161603e-13,1.392363718869182e-13,4.2984484546688e-26,0.9620426199066888,0.7187045340096964,0.7234500369531047,0.0869846751564865,0.02970898582569997,,0.9999996647593375,4.4059791007223055e-09,4.4059791007223055e-09,3.6787269888316428e-09,,1.2251610931599486e-12,0.9999999955939887,7.585973278963461e-14,,,,,,1.5893391424973748e-13,0.0,1.0,1.7477015598164352e-13,1.7477015598164352e-13,0.8999999009728011,0.3383296774410386,379,1.34498032181833,0.682803286651963,75,0,0.24999997273715174,0.3557007787884068,380,0.0,0.3601272645502594,0.635361962151927,93,170.7656776599638,0.8210003378826375,231.75,136.2577754673419,0.7890379047903753,169,db,0.573477938514061,0.8443824841957417,0.34525069778143475,3,127.5,8.982194139602307e-14,0.9999999999705138,1.0754717742058903e-26,0.9489387144681086,0.8950166056508226,0.0018951587887841253,0.07138157894736874,0.00028936288797338366,0.9999999997235036,2.0315811924354055e-05,4.745454029730922e-11,4.745454029730922e-11,3.962169481397382e-11,,1.2251610931599486e-12,0.0031261328403480726,7.585973278963461e-14,,,,,0.0,,7.374542113937972e-14,0.0,1.0,1.4238426238064856e-13,1.4238426238064856e-13,1.0,0.30156916120485494,0.08604450842083394,1382,1.746487487515388,0.8073752360753023,268,787.7169542418139,0.5871504432694896,825.0,448.94060606060606,0.5773802530812857,990,0.49117026184683504,0.8233619396015222,0.4091722348267588,4,743.5,,,,,,,,,,,,,6.03098470172279e-19,0.9999999999715831,1.0754717742058903e-26,0.9629621768832622,0.2766816901274804,0.0017045959560905467,0.054001488296577194,0.9999999999999999,0.00028936288797338366,0.9999999999999541,9.960751159770499e-05,3.8435400695480126e-14,3.8435400695480126e-14,3.20911916831812e-14,,0.0,9.572760819061336e-19,0.00456704015061846,7.054128794466933e-19,,,,,0.13043478260869565,,2.3332883504384434e-21,0.7209302325581395,1.0,4.770970844811595e-19,4.770970844811595e-19,1.0,0.42658033862811345,0.13286867808967343,1553,1.8386867896370196,0.8925156759331668,451,779.2316728675754,0.6358730500618807,1002.0,699.0049900199601,0.58382437549823,1217,1009.0473684210526,935.5,610.6543869996938,760,0.4758535102197843,0.8532293215616218,0.41093374637766444,5,914.0
rbio2.6,1.0,antireflect,3.396151628281692e-27,321.9375280225689,5008196.910118852,0.5229357798165137,122.5137678495855,206,smoothed,3.854671992808042e-14,-2.1017541040890846e-10,6.307060771818628,49208.79079103453,0.9815828504813948,0.00014966566451320274,0.9999999999999999,362.40000000000003,,,,[],[],11,426.6,32.20000000000002,728.4000000000001,"[9, 31, 53, 64, 80, 102, 131, 148, 158, 175, 192]","[311.00000000000017, 417.79999999999995, 589.6000000000001, 432.20000000000016, 728.4000000000001, 371.0, 587.0000000000001, 32.20000000000002, 448.20000000000005, 368.0000000000001, 407.20000000000016]","[0, 0, 0, 60, 0, 94, 120, 144, 144, 165, 186]","[20, 40, 75, 75, 203, 120, 203, 149, 203, 186, 203]",30736475.84,728.4000000000001,-728.4000000000001,0.0,,,,DWT,mdp.39015067403892,3.725290298461914e-09,,0.0,33.0,11.0,0.0,33.0,,1.1368683772161603e-13,168.4000000000001,987.7999999999984,168.4000000000001,,0.0,168.4000000000001,,,28.00000000000003,0.0,15.0,1.1368683772161603e-13,1.1368683772161603e-13,,5.684341886080802e-14,3.584482370872733e-14,5.1512875512273704e-27,0.9879480210756298,0.24914009011645466,0.08219276474219549,0.0677548579496513,0.1721426577678226,,0.9999996647345563,4.4059791007223055e-09,4.4059791007223055e-09,3.6787861342541454e-09,,6.125805465799743e-13,0.9999999955939887,7.585973278963461e-14,,,,,,7.946695712486874e-14,1.0,0.0,1.7477015598164352e-13,1.7477015598164352e-13,0.8999999009650385,0.3383296774381204,469,0.8543942463617031,0.4337485017800111,331,0,0.24999997273503388,0.35570077878539347,472,0.0,0.22273977023597,0.3929732386219946,387,68.3245929369506,0.9283809298354816,414.75,405.84549023156995,0.7468162510812628,240,rbio,0.7685897546424816,0.816051598246696,0.21717169227625407,5,181.25,3.035660489191097e-14,0.9999999999705138,1.6064642962848932e-27,0.9740996532174173,0.7825578542310904,0.000215313197206644,0.05560115886045397,0.0016766542246629294,0.9999999997234613,2.0315811923854454e-05,4.745454029730922e-11,4.745454029730922e-11,3.962224992548613e-11,,6.125805465799743e-13,0.0031261328403480726,7.585973278963461e-14,,,,,0.0,,3.687271056968986e-14,1.0,0.0,1.4238426238064856e-13,1.4238426238064856e-13,1.0,0.3015691612045302,0.0860445084207413,1465,1.6987575007591933,0.7853103718259876,747,507.70266889194113,0.7339084544591503,1106.0,989.4710669077759,0.5771219421142713,992,0.3888041033402703,1.0,0.4278371276618108,3,744.75,,,,,,,,,,,,,2.038257210364241e-19,0.9999999999715831,1.6064642962848932e-27,0.9812129198706461,0.24191666206432857,0.0013117773752286028,0.04206330784154799,0.9999999999999999,0.0016766542246629294,0.9999999999999541,9.960751159770467e-05,3.8435400695480126e-14,3.8435400695480126e-14,3.209173378426744e-14,,0.0,4.786380409530668e-19,0.00456704015061846,7.054128794466933e-19,,,,,0.13043478260869565,,1.1666441752192217e-21,1.0,0.7209302325581395,4.770970844811595e-19,4.770970844811595e-19,1.0,0.42658033862811345,0.13286867808967343,1579,1.8278379564601068,0.8872495513650505,602,690.8433252192569,0.6771760162526836,1090.5,871.6717102246675,0.5837982885001736,1218,818.67,599.5,715.6978453131971,300,0.38607403914171184,1.0,0.42974817260080167,3,914.25
coif6,1.0,smooth,1.3881964461939276e-26,318.0472831858787,47409916.58009322,0.6041666666666666,287.9424062131968,206,raw,7.850031304602032e-14,-2.159198375650845e-10,4.5390634918425095,896159.5543901913,0.9854993117923885,5.618943883690066e-06,1.0,327.0,,,,[],[],13,661.1538461538462,86.99999999999986,939.9999999999998,"[8, 32, 51, 63, 81, 100, 111, 133, 152, 162, 175, 192, 204]","[878.0000000000005, 638.0, 786.9999999999999, 792.0000000000002, 939.9999999999998, 788.0000000000002, 637.0, 675.0000000000002, 771.0000000000002, 195.99999999999994, 834.0000000000001, 572.0, 86.99999999999986]","[0, 13, 39, 39, 76, 99, 107, 107, 107, 161, 99, 187, 203]","[76, 39, 61, 76, 205, 164, 119, 142, 164, 164, 205, 205, 205]",37754613.00000001,940.9999999999998,-940.9999999999998,0.0,,,,DWT,mdp.39015067403892,7.450580596923828e-09,,0.0,33.0,19.0,0.0,28.5,,2.2737367544323206e-13,256.3413461538462,4359.0,256.3413461538462,,0.0,256.3413461538462,,,83.99999999999986,0.0,19.5,2.2737367544323206e-13,2.2737367544323206e-13,,0.0,8.08386629457913e-14,9.026919786752467e-27,0.9597437690617234,0.17180348496939313,0.046899142583084974,0.35267857142857106,0.06788099183138298,0.9999999997233749,0.4742280246114352,6.6959667625959335e-09,6.6959667625959335e-09,6.082000342865356e-09,,0.0,0.9999999933040264,2.7225927463116073e-13,,,,,,7.374542113937972e-14,1.0,0.0,2.847685247612971e-13,2.847685247612971e-13,0.7422684098779108,0.24267159368218752,883,1.2534214004066286,0.6020225433326688,839,0,0.2061856697825259,0.24635434483004326,886,0.0,0.3248757449497014,0.590086985862147,851,23.357725345875043,0.9755160111678459,864.75,864.2754294602687,0.5345347351436713,750,coif,0.5507900112560971,0.8749445204262634,0.351963635992853,2,563.0,8.083866294579129e-14,0.0001547883299646835,9.026919786752465e-27,0.9597437690617234,0.17180348496939324,0.04788415273450379,0.5134868421052631,0.07008610629757331,0.9999999997233748,0.9919828214561991,0.9855281704452468,0.9855281704452468,0.9855281704451347,,0.0,0.9999999999667601,1.5171946557926922e-13,,,,,1.0,,7.374542113937972e-14,1.0,0.25,2.847685247612971e-13,2.847685247612971e-13,0.0,2.2095701998211545,0.6304403968407971,874,1.3191656960384808,0.6098307161517095,1669,562.1498910433053,0.7053721745056052,1271.5,1147.232402674007,0.5194837811731381,1414,0.4784248188775415,0.776734912893196,0.43208215291776214,2,1061.0,,,,,,,,,,,,,5.427813426835799e-19,0.03641360043841643,9.026919786752465e-27,0.9707997331969405,0.0531106107875588,0.012458757783584256,0.38846231903666617,1.0,0.0700861062975733,0.9999999999999541,0.0008499884728391203,0.0007982210227401261,0.0007982210227401261,0.0007982210227337874,,0.0,0.0,0.020163910573049823,1.4108257588933865e-18,,,,,0.4782608695652174,,2.3332883504384434e-21,1.0,0.7906976744186046,9.54194168962319e-19,9.54194168962319e-19,0.9302325581395349,0.5674759776446953,0.17675400427451057,827,1.609607974468938,0.7813186875640539,1618,559.3214639185591,0.7386348299445986,1222.5,1094.548875255624,0.5836865738508039,1219,986.6382352941176,846.0,585.0035688138154,340,0.4652856568234462,0.8173890317607586,0.42908333069536003,4,915.25
sym5,1.0,zero,1.1039434078221056e-22,276.8179306380597,4960723.054915528,0.5467289719626168,80.52106654100905,206,smoothed,8.185085834569584e-12,,6.195966898322114,34732.59343523433,0.9844016343820461,0.0001496656645132562,0.9999999999999999,362.4000000000002,,,,[],[],11,426.5999999999833,32.19999999998117,728.3999999999593,"[9, 31, 53, 64, 80, 102, 131, 148, 158, 175, 192]","[310.9999999999694, 417.79999999998347, 589.5999999999702, 432.1999999999873, 728.3999999999593, 370.99999999998374, 587.0000000000042, 32.19999999998117, 448.1999999999971, 367.9999999999925, 407.19999999998817]","[0, 0, 0, 60, 0, 94, 120, 144, 144, 165, 186]","[20, 40, 75, 75, 205, 120, 205, 149, 205, 186, 205]",30736475.839999937,728.3999999999681,-728.3999999999681,0.0,,,,DWT,mdp.39015067403892,5.960464477539063e-08,,0.0,15.0,11.0,0.0,33.0,,3.183231456205249e-11,168.39999999998338,987.8000000001821,168.39999999998705,,0.0,168.39999999998338,,,27.999999999981185,0.0,15.0,4.069988790433854e-11,3.183231456205249e-11,,2.2737367544323206e-13,1.7932650153521585e-11,3.2307525153592385e-22,0.8165200411805484,0.0888978357489782,0.06181912843828092,0.2311898993607423,0.052093963802659106,,0.9999996483045918,4.388590346519116e-09,4.388590346519116e-09,3.6652122597897437e-09,,2.4503221863198973e-12,0.9999999956113667,2.7157784338689192e-11,,,,,,1.2714713139978999e-12,0.0,0.0,4.893564367486018e-11,4.893564367486018e-11,0.7999998960647929,0.3007374850773961,900,0.678584052072699,0.3444953160343934,839,0,0.1666666380405918,0.23713383765611137,900,0.0,0.17864583836416312,0.31517960889487145,810,45.16912662427734,0.9526529071024347,862.25,860.4583438845277,0.5244134556476534,818,sym,1.0,1.0,0.0,7,615.25,1.032365010942226e-11,0.9999999999708851,7.812154853999094e-23,0.8075981242918885,0.744180493923659,0.000161942164061811,0.18971962616822452,0.0005073905888392334,,2.0315811590065902e-05,4.726719016190373e-11,4.726719016190373e-11,3.9476033553143e-11,,2.4503221863198973e-12,0.0031261328404023625,2.7157784338689192e-11,,,,,0.0,,5.899633691150377e-13,0.0,0.0,3.98675934665816e-11,3.98675934665816e-11,1.0,0.2015691612349274,0.05751224469360605,1707,1.2328208993161816,0.5699147985537449,1705,1.4142135623730951,0.9992587979232845,1706.0,1705.9994138335285,0.5525644094438226,1173,0.7763846615972358,0.5622554397616224,0.28785410495344815,6,881.25,,,,,,,,,,,,,6.931688951294603e-17,0.9999999999719409,7.812154853999094e-23,0.8604393413605929,0.2300528454094743,0.0012992969820280577,0.14352641568363664,0.9999999999999999,0.0005073905888392334,,9.960751159745216e-05,3.8283720811549404e-14,3.8283720811549404e-14,3.197333890703202e-14,,0.0,1.9145521638122673e-18,0.00456704015061931,2.525378108419162e-16,,,,,0.13043478260869565,,1.8666306803507547e-20,0.7209302325581395,0.7209302325581395,1.3358718365472467e-16,1.3358718365472467e-16,1.0,0.3986733618839278,0.12417638082767572,1769,1.3895531985126794,0.6745020517934265,1706,44.54772721475249,0.9791833050398353,1737.5,1736.9289208633093,0.583633708594684,1220,1409.1368421052632,1454.5,398.32527672708756,380,0.6645304607900322,0.5565550872278735,0.3678621512786154,7,916.75
db13,1.0,antisymmetric,7.00906743710739e-27,318.7907963571711,5294592.166412689,0.5260869565217391,92.81994694699,206,smoothed,5.634327955651085e-14,-2.0863581973174003e-10,6.357472428580053,70354.83438790706,0.992021064979987,0.0001496656645132027,1.0,362.4,,,,[],[],11,426.59999999999997,32.19999999999993,728.4,"[9, 31, 53, 64, 80, 102, 131, 148, 158, 175, 192]","[311.0000000000002, 417.80000000000007, 589.6000000000001, 432.20000000000005, 728.4, 370.9999999999999, 586.9999999999999, 32.19999999999993, 448.20000000000016, 367.9999999999999, 407.2]","[0, 0, 0, 60, 0, 94, 120, 144, 144, 165, 186]","[20, 40, 75, 75, 203, 120, 203, 149, 203, 186, 203]",30736475.84,728.4,-728.4,0.0,,,,DWT,mdp.39015067403892,3.725290298461914e-09,,0.0,33.0,11.0,0.0,33.0,,0.0,168.40000000000003,987.7999999999993,168.40000000000003,,0.0,168.40000000000003,,,27.999999999999943,0.0,15.0,0.0,0.0,,0.0,7.494137240607462e-14,1.5724845703594925e-26,0.9759922882246926,0.3218540685889374,0.2051006846047578,0.08940023836560029,0.347503275887458,,0.9999996646602125,4.4059199552998455e-09,4.4059199552998455e-09,3.6787269888316428e-09,,0.0,0.9999999955940747,0.0,,,,,,7.946695712486874e-14,1.0,0.0,0.0,0.0,0.8999999009423109,0.3383296774295766,610,1.023834155232909,0.5197676983366248,193,0,0.24999997272874447,0.3557007787764449,610,0.0,0.2771215079530745,0.48891734222748234,190,241.62419166962567,0.7467251659647529,400.75,291.47734306284,0.6633258953513492,412,db,0.573477938514061,0.8443824841957417,0.34525069778143475,3,309.75,5.2842866732485365e-14,0.9999999999705136,4.163202755714962e-27,0.9624875009869323,0.7999725527588942,0.0005372843253300488,0.07336384439359267,0.0033846510978513735,0.9999999997234845,2.0315811922300142e-05,4.745387416349445e-11,4.745387416349445e-11,3.962169481397382e-11,,0.0,0.0031261328403482946,0.0,,,,,0.0,,3.687271056968986e-14,1.0,0.0,0.0,0.0,1.0,0.30156916120412813,0.08604450842062657,1602,1.7084468172114127,0.7897895989684323,665,662.559053971795,0.6527468270588077,1133.5,939.8588442876048,0.5293346294623179,1342,0.49117026184683504,0.8233619396015222,0.4091722348267588,4,1007.5,,,,,,,,,,,,,3.548069835784086e-19,0.999999999971583,4.163202755714962e-27,0.9727899270721448,0.2473001691314736,0.0013870677723115785,0.05550110886918874,1.0,0.003384651097851373,0.9999999999999541,9.960751159770347e-05,3.8434858594393884e-14,3.8434858594393884e-14,3.20911916831812e-14,,0.0,0.0,0.004567040150618464,0.0,,,,,0.13043478260869565,,1.1666441752192217e-21,1.0,0.7209302325581395,0.0,0.0,1.0,0.42658033862811345,0.13286867808967343,1572,1.8315718786734523,0.8890620319500575,554,719.8347032479054,0.6636286433421003,1063.0,819.2737535277516,0.5834498356897417,1221,1009.0473684210526,935.5,610.6543869996938,760,0.4758535102197843,0.8532293215616218,0.41093374637766444,5,917.0
sym11,1.0,antisymmetric,4.9912557210484186e-24,290.26530053248564,5272143.931152131,0.5398230088495575,97.727727666358,206,smoothed,1.7993977397637331e-12,,6.3244607832910615,65826.42350790152,0.9913755967144677,0.00014966566451319547,0.9999999999999999,362.4000000000003,,,,[],[],11,426.6000000000062,32.20000000000206,728.4000000000104,"[9, 31, 53, 64, 80, 102, 131, 148, 158, 175, 192]","[311.0000000000075, 417.8000000000058, 589.6000000000078, 432.20000000000994, 728.4000000000104, 371.0000000000075, 587.0000000000023, 32.20000000000206, 448.20000000000414, 368.00000000000557, 407.2000000000057]","[1, 1, 1, 60, 1, 94, 120, 144, 144, 165, 186]","[20, 40, 75, 75, 203, 120, 203, 149, 203, 186, 203]",30736475.84000013,728.4000000000079,-728.4000000000079,0.0,,,,DWT,mdp.39015067403892,1.341104507446289e-07,,0.0,33.0,11.0,0.0,33.0,,7.958078640513122e-12,168.4000000000063,987.7999999999302,168.40000000000626,,0.0,168.4000000000063,,,28.000000000002075,0.0,33.0,1.0459189070388675e-11,7.958078640513122e-12,,3.410605131648481e-13,3.904187867709187e-12,1.4602619372546167e-23,0.8676121516942569,0.27423793733887847,0.1954669150508732,0.1837529535135589,0.3099499185712506,,0.9999996665188058,4.4124259517704264e-09,4.4124259517704264e-09,3.6852034125957037e-09,,3.675483279479846e-12,0.9999999955875364,6.979095416646384e-12,,,,,,2.860810456495275e-12,1.0,1.0,1.2233910918715047e-11,1.2233910918715047e-11,0.9999999015140778,0.37592186816313095,53,0.952900866046525,0.48375714695248406,231,0,0.33333330622119844,0.47426771819553437,53,0.0,0.26157426802467465,0.46148780317469473,220,99.69411550671718,0.8954988307057472,139.25,85.81792692543591,0.8747672350593725,60,sym,1.0,1.0,0.0,7,46.75,2.255222417215157e-12,0.9999999999704634,3.531346172102471e-24,0.857221963537798,0.7885686853292786,0.0005120475818003105,0.15079180251513732,0.0030188847270345687,,2.0315811960103236e-05,4.7523873725197063e-11,4.7523873725197063e-11,3.969141681992028e-11,,3.675483279479846e-12,0.0031261328403278665,6.979095416646384e-12,,,,,0.0,,1.327417580508835e-12,1.0,1.0,9.9668983666454e-12,9.9668983666454e-12,1.0,0.4015691612141515,0.11457677215929471,1009,1.2703978194669026,0.5872860508498791,1677,472.34732983261375,0.7524385063770368,1343.0,1259.9352196574835,0.5242800498342207,1377,0.7763846615972358,0.5622554397616224,0.28785410495344815,6,1034.25,,,,,,,,,,,,,1.5142415857211815e-17,0.9999999999715344,3.531346172102471e-24,0.8964344981847486,0.24377482525014815,0.0013811663598075762,0.11407679514549501,0.9999999999999999,0.0030188847270345687,,9.96075115977321e-05,3.8491670788232124e-14,3.8491670788232124e-14,3.214767861636769e-14,,0.0,2.871828245718401e-18,0.004567040150618144,6.48979849090958e-17,,,,,0.13043478260869565,,4.199919030789198e-20,1.0,1.0,3.339679591368116e-17,3.339679591368116e-17,1.0,0.4544873153722994,0.14156097535167123,1272,1.4072769666562992,0.6831053337628957,1696,299.8132752230961,0.8599003386807962,1484.0,1453.7142857142856,0.5832211973777812,1222,1409.1368421052632,1454.5,398.32527672708756,380,0.6645304607900322,0.5565550872278735,0.3678621512786154,7,918.25
db11,1.0,reflect,6.285337339051422e-27,319.2641128266818,5280360.622475251,0.5265486725663717,89.57307698414417,206,smoothed,5.4377214705135835e-14,-2.0678585510580706e-10,6.336579997251794,31381.700309902455,0.9826252271633129,0.00014966566451320268,0.9999999999999999,362.4000000000001,,,,[],[],11,426.6,32.19999999999999,728.4000000000002,"[9, 31, 53, 64, 80, 102, 131, 148, 158, 175, 192]","[311.0000000000001, 417.79999999999984, 589.6, 432.2, 728.4000000000002, 371.0, 586.9999999999998, 32.19999999999999, 448.2000000000001, 368.0, 407.2000000000003]","[1, 1, 1, 60, 1, 94, 120, 144, 144, 165, 186]","[20, 40, 75, 75, 204, 120, 204, 149, 204, 186, 204]",30736475.839999996,728.4000000000002,-728.4000000000002,0.0,,,,DWT,mdp.39015067403892,0.0,,0.0,15.0,11.0,0.0,33.0,,2.2737367544323206e-13,168.4000000000001,987.7999999999984,168.40000000000003,,0.0,168.4000000000001,,,28.0,0.0,33.0,2.2737367544323206e-13,2.2737367544323206e-13,,1.1368683772161603e-13,7.062220331897027e-14,1.3606777449770683e-26,0.977790612920009,0.2917187407811185,0.19899314817269986,0.09257175820250703,0.02430556513512102,,0.999999664709775,4.4059791007223055e-09,4.4059791007223055e-09,3.6787269888316428e-09,,1.2251610931599486e-12,0.9999999955939887,1.5171946557926922e-13,,,,,,0.0,0.0,1.0,3.4954031196328703e-13,3.4954031196328703e-13,0.8999999009579607,0.3383296774354597,525,0.878781241563987,0.44612899553561736,288,0,0.24999997273304367,0.3557007787825618,525,0.0,0.22648283217307513,0.39957701292879505,341,123.44330682544113,0.8706045001829757,419.75,391.6079454505061,0.7153074911816346,299,db,0.573477938514061,0.8443824841957417,0.34525069778143475,3,225.0,5.035870968378574e-14,0.9999999999705134,3.651043415763939e-27,0.9642341459130288,0.7927552657965489,0.0005212849463048125,0.07596646483465347,0.0002367340495090125,0.9999999997235125,2.0315811923354854e-05,4.745454029730922e-11,4.745454029730922e-11,3.962169481397382e-11,,1.2251610931599486e-12,0.0031261328403480726,1.5171946557926922e-13,,,,,0.0,,0.0,0.0,1.0,2.847685247612971e-13,2.847685247612971e-13,1.0,0.3015691612049126,0.0860445084208504,1360,1.7056600423534833,0.7885013143257462,683,478.7112908632927,0.7491030970318173,1021.5,909.3294175232501,0.6068628692706257,837,0.49117026184683504,0.8233619396015222,0.4091722348267588,4,628.75,,,,,,,,,,,,,3.38127414060612e-19,0.9999999999715827,3.651043415763939e-27,0.9740568737450818,0.24506904722572448,0.0013833264443021014,0.057470039500325476,0.9999999999999999,0.0002367340495090125,0.9999999999999541,9.960751159770423e-05,3.8435400695480126e-14,3.8435400695480126e-14,3.20911916831812e-14,,0.0,9.572760819061336e-19,0.00456704015061846,1.4108257588933865e-18,,,,,0.13043478260869565,,0.0,0.7209302325581395,1.0,9.54194168962319e-19,9.54194168962319e-19,1.0,0.42658033862811345,0.13286867808967343,1575,1.8307430204934525,0.8886596964772925,565,714.177848998413,0.6662720331783116,1070.0,831.6588785046729,0.5831360165891558,1223,1009.0473684210526,935.5,610.6543869996938,760,0.4758535102197843,0.8532293215616218,0.41093374637766444,5,918.5
sym20,1.0,antisymmetric,2.1246448878939516e-18,233.97453521560982,5604265.905213212,0.5245901639344263,101.72148145798451,206,smoothed,1.2042794248339291e-09,1.5951808695261406e-08,6.467636076639338,92878.89292766729,0.9934880103014176,0.000149665664517295,1.0,362.3999999998305,,,,[],[],11,426.59999999591855,32.19999999896049,728.3999999939949,"[9, 31, 53, 64, 80, 102, 131, 148, 158, 175, 192]","[310.99999999542706, 417.79999999600005, 589.5999999950928, 432.19999999360647, 728.3999999939949, 370.9999999952437, 586.999999997963, 32.19999999896049, 448.1999999967386, 367.9999999960296, 407.1999999960479]","[0, 0, 0, 60, 0, 94, 120, 144, 144, 165, 186]","[20, 40, 75, 75, 205, 120, 205, 149, 205, 186, 205]",30736475.839909673,728.3999999949415,-728.3999999949415,0.0,,,,DWT,mdp.39015067403892,9.032338857650757e-05,,0.0,15.0,11.0,0.0,33.0,,5.058495844423305e-09,168.39999999591862,987.8000000448947,168.39999999646452,,0.0,168.39999999591862,,,27.999999998960504,0.0,15.0,6.00505245529348e-09,5.058495844423305e-09,,1.694502316240687e-10,2.6455843731643345e-09,6.217984986835521e-18,0.6537402923603974,0.48075456200740785,0.3379986786727335,0.07911879495989263,0.534291542449028,,0.9999987583605737,1.592194772618518e-10,1.592194772618518e-10,2.9572711251544334e-14,,1.8261026093549033e-09,0.999999999840759,4.006986945681289e-09,,,,,,1.9267558424495677e-09,0.0,0.0,7.776398090403228e-09,7.776398090403228e-09,0.7999996345145741,0.30073738675493955,953,1.0469849315135527,0.5315206034732569,182,0,0.1666665651527036,0.23713373395098564,953,0.0,0.2979862675850063,0.5257284252098495,159,451.8741528346139,0.526337366001453,561.75,288.1335879158624,0.4687504440070158,951,sym,1.0,1.0,0.0,7,715.0,1.5216095983104356e-09,0.9999999999989186,1.5035394075226214e-18,0.6494962959132509,0.8380285668421995,0.0008854255771163568,0.06492666091458188,0.005203952253700392,0.9999999999670528,2.0315793510139457e-05,1.7148504838360168e-12,1.7148504838360168e-12,3.3306690738754696e-16,,1.8261026093549033e-09,0.0031261328536240085,4.006986945681289e-09,,,,,0.0,,8.940157404727004e-10,0.0,0.0,6.3353877546269585e-09,6.3353877546269585e-09,1.0,0.2015691670636018,0.05751224635665881,1623,1.537207019467901,0.7106279828005772,1491,93.33809511662427,0.9510806629367797,1557.0,1554.2023121387285,0.5675214635438616,1045,0.7763846615972358,0.5622554397616224,0.28785410495344815,6,785.25,,,,,,,,,,,,,1.0216662061382593e-14,0.999999999998958,1.5035394075226214e-18,0.7457585711268806,0.2590646461586093,0.0014684778454467978,0.04911822309366093,1.0,0.005203952253700392,0.9999999999999944,9.960751158377538e-05,1.3889714031711797e-15,1.3889714031711797e-15,2.168404344971009e-19,,0.0,1.4268200000810923e-15,0.004567040150826172,3.7260613705253786e-14,,,,,0.13043478260869565,,2.8286454672365245e-17,0.7209302325581395,0.7209302325581395,2.1228434773989188e-14,2.1228434773989188e-14,1.0,0.3986733618840231,0.1241763808277054,1700,1.699450574816789,0.8249291217222746,1290,289.9137802864845,0.8645262708941661,1495.0,1466.8896321070235,0.5829640700265223,1224,1409.1368421052632,1454.5,398.32527672708756,380,0.6645304607900322,0.5565550872278735,0.3678621512786154,7,919.75
sym3,1.0,antireflect,2.356427043843368e-18,235.74925248524497,6005991.6505604815,0.638095238095238,295.81513313620707,206,raw,1.209959709555481e-09,-9.638101324869232e-09,6.306726705919923,66686.45664877874,0.7885913239766484,5.618943883633134e-06,0.9999999999999999,327.0000000001995,,,,[],[],13,661.1538461574339,87.00000000148842,940.0000000055561,"[8, 32, 51, 63, 81, 100, 111, 133, 152, 162, 175, 192, 204]","[878.0000000038012, 638.0000000027142, 787.000000002778, 792.000000005748, 940.0000000055561, 788.0000000048879, 637.0000000031158, 675.0000000012126, 771.0000000055718, 196.00000000053456, 834.0000000046404, 572.0000000045933, 87.00000000148842]","[0, 13, 39, 39, 76, 99, 107, 107, 107, 161, 99, 187, 203]","[76, 39, 61, 76, 205, 164, 119, 142, 164, 164, 205, 205, 205]",37754613.00012601,941.000000004511,-941.000000004511,0.0,,,,DWT,mdp.39015067403892,0.0001260116696357727,,0.0,33.0,19.0,0.0,28.5,,4.5109800339560024e-09,256.3413461574339,4358.999999953359,256.34134615743403,,0.0,256.3413461574339,,,84.00000000148842,0.0,19.5,5.556103133130819e-09,4.5109800339560024e-09,,1.9952040020143613e-10,1.5287867366025908e-09,1.6675638087771046e-18,0.6560454044145214,0.7824424512213877,0.0003038880990153059,0.6071428571428568,0.000724363922941722,0.999999999581365,0.4742280263406504,9.474222052489339e-09,9.474222052489339e-09,8.860343670946528e-09,,1.0036056787977637e-08,0.9999999905257576,6.652927634887043e-09,,,,,,1.247256307730329e-09,1.0,0.0,5.649665147001755e-09,5.649665147001755e-09,0.7422684227356966,0.24267159788581433,602,1.4281473010264158,0.6859439851104224,755,0,0.20618567282589723,0.24635434846631804,593,0.0,0.38083237073885934,0.6917236182184728,683,76.14624087898233,0.9201821374434147,658.25,651.8796074501009,0.615096309811854,497,sym,0.8243425715244881,0.7368036147090654,0.2019191155201387,6,374.25,1.5287867366025906e-09,0.00015478832956949962,1.6675638087771044e-18,0.6560454044145213,0.7824424512213878,0.0013370534884843128,0.7047368421052629,0.003088350861856781,0.9999999995813649,0.9919828214825669,0.9855281704854533,0.9855281704854533,0.9855281704853425,,2.15015771849571e-09,0.9999999999529683,3.7074168608950227e-09,,,,,1.0,,1.247256307730329e-09,1.0,0.25,5.649665147001755e-09,5.649665147001755e-09,0.0,2.2095702056704107,0.6304403985097223,594,1.4686935089805497,0.6789552040950352,1624,728.3199846221439,0.6182809304915389,1109.0,869.8431018935979,0.5185220166084529,1423,0.7763846615972358,0.5622554397616224,0.28785410495344815,6,1068.75,,,,,,,,,,,,,1.0264852081069758e-14,0.0364136004380356,1.6675638087771044e-18,0.750509033629257,0.24188098686057402,0.0015740874539195665,0.5331464909059279,0.9999999999999999,0.003088350861856781,0.9999999999999306,0.0008499884728590664,0.000798221022772691,0.000798221022772691,0.0007982210227663533,,0.0,1.6800195237452646e-15,0.020163910572834037,3.44749382443188e-14,,,,,0.4782608695652174,,3.946290587096539e-17,1.0,0.7906976744186046,1.8930735215127924e-14,1.8930735215127924e-14,0.9302325581395349,0.5674759776446483,0.17675400427449595,975,1.597450974173301,0.7754175665045382,1646,474.4686501761734,0.7782856774877694,1310.5,1224.6089278901184,0.5829512499588381,1225,1409.1368421052632,1454.5,398.32527672708756,380,0.6645304607900322,0.5565550872278735,0.3678621512786154,7,920.5
db25,1.0,zero,1.1029485552300667e-26,319.04623990716,5898313.918052524,0.562992125984252,181.73367344749852,206,raw,7.571936605229903e-14,-2.1205104339117337e-10,6.400916181223808,69605.48595697193,0.8245471223072656,5.618943883690066e-06,1.0,327.0000000000002,,,,[],[],13,661.1538461538462,87.00000000000011,940.0000000000001,"[8, 32, 51, 63, 81, 100, 111, 133, 152, 162, 175, 192, 204]","[878.0000000000002, 637.9999999999998, 786.9999999999999, 792.0000000000002, 940.0000000000001, 788.0000000000002, 637.0, 674.9999999999999, 770.9999999999999, 195.99999999999994, 834.0000000000002, 572.0, 87.00000000000011]","[0, 13, 39, 39, 76, 99, 107, 107, 107, 161, 99, 187, 203]","[76, 39, 61, 76, 205, 164, 119, 142, 164, 164, 205, 205, 205]",37754613.0,941.0000000000001,-941.0000000000001,0.0,,,,DWT,mdp.39015067403892,0.0,,0.0,33.0,19.0,0.0,28.5,,1.1368683772161603e-13,256.3413461538462,4359.0,256.3413461538462,,0.0,256.3413461538462,,,84.00000000000011,0.0,19.5,1.1368683772161603e-13,1.1368683772161603e-13,,2.2737367544323206e-13,7.732488817295954e-14,7.008316830334107e-27,0.9634301455159795,0.8149801899565353,0.0001827094581735265,0.04386951631046104,0.00096069728400906,0.9999999997234332,0.47422802461173236,6.6959667625959335e-09,6.6959667625959335e-09,6.082000342865356e-09,,1.1437101752681067e-11,0.9999999933040264,1.3612963731558036e-13,,,,,,0.0,1.0,0.0,1.4238426238064856e-13,1.4238426238064856e-13,0.7422684098835566,0.24267159368403332,703,1.4035716223441266,0.6741402034136695,793,0,0.20618566978346248,0.2463543448311623,703,0.0,0.3529279072810836,0.641039438220829,808,56.62375826453062,0.940645955697557,751.75,748.557899884129,0.5763240260668079,610,db,0.540986235965534,0.9305070477545101,0.3421575204977732,3,458.25,7.732488817295953e-14,0.0001547883299646835,7.008316830334107e-27,0.9634301455159795,0.8149801899565354,0.001216000083277813,0.2813924575217573,0.0033241251289578273,0.9999999997234331,0.9919828214562036,0.9855281704452468,0.9855281704452468,0.9855281704451347,,2.4503221863198973e-12,0.9999999999667601,7.585973278963461e-14,,,,,1.0,,0.0,1.0,0.25,1.4238426238064856e-13,1.4238426238064856e-13,0.0,2.2095701998222497,0.6304403968411096,703,1.500089251778166,0.6934689898703035,1582,621.5468606629753,0.6742416872835559,1142.5,973.4319474835885,0.5377235690086543,1286,0.49117026184683504,0.8233619396015222,0.4091722348267588,4,965.5,,,,,,,,,,,,,5.19188530536696e-19,0.03641360043841643,7.008316830334107e-27,0.9734736838746837,0.2519395673263752,0.001545780074312689,0.21287861274139555,1.0,0.0033241251289578273,0.9999999999999541,0.0008499884728391236,0.0007982210227401261,0.0007982210227401261,0.0007982210227337874,,0.0,1.9145521638122673e-18,0.020163910573049823,7.054128794466933e-19,,,,,0.4782608695652174,,0.0,1.0,0.7906976744186046,4.770970844811595e-19,4.770970844811595e-19,0.9302325581395349,0.5674759776446953,0.17675400427451057,845,1.608232059304802,0.7806508055410434,1624,550.8361825443205,0.7425999146989156,1234.5,1111.6079384366142,0.5828653779102055,1226,1009.0473684210526,935.5,610.6543869996938,760,0.4758535102197843,0.8532293215616218,0.41093374637766444,5,920.75
rbio2.6,1.0,symmetric,3.395624960570755e-27,321.938201569109,4954229.427800697,0.5275229357798165,108.96601223733373,206,smoothed,3.8527972613787963e-14,-2.1017541040890846e-10,6.285649278073748,31127.915633666926,0.9721287353807389,0.00014966566451320274,0.9999999999999999,362.40000000000003,,,,[],[],11,426.6,32.20000000000002,728.4000000000001,"[9, 31, 53, 64, 80, 102, 131, 148, 158, 175, 192]","[311.00000000000017, 417.79999999999995, 589.6000000000001, 432.20000000000016, 728.4000000000001, 371.0, 587.0000000000001, 32.20000000000002, 448.20000000000005, 368.0000000000001, 407.20000000000016]","[1, 1, 1, 60, 1, 94, 120, 144, 144, 165, 186]","[20, 40, 75, 75, 204, 120, 204, 149, 204, 186, 204]",30736475.84,728.4000000000001,-728.4000000000001,0.0,,,,DWT,mdp.39015067403892,3.725290298461914e-09,,0.0,15.0,11.0,0.0,33.0,,1.1368683772161603e-13,168.4000000000001,987.7999999999984,168.4000000000001,,0.0,168.4000000000001,,,28.00000000000003,0.0,33.0,1.1368683772161603e-13,1.1368683772161603e-13,,5.684341886080802e-14,3.5803638485207565e-14,5.149746205687306e-27,0.9879505801570364,0.21825606457059732,0.05903235671805348,0.09926395602350105,0.02220097107760493,,0.9999996647345563,4.4059791007223055e-09,4.4059791007223055e-09,3.6787861342541454e-09,,6.125805465799743e-13,0.9999999955939887,7.585973278963461e-14,,,,,,7.946695712486874e-14,0.0,1.0,1.7477015598164352e-13,1.7477015598164352e-13,0.8999999009650385,0.3383296774381204,466,0.7800005295790005,0.3959812025106722,576,0,0.24999997273503388,0.35570077878539347,467,0.0,0.1981005612209756,0.3495030053832294,599,70.48876979112819,0.9261124006382304,527.0,519.966008175415,0.6868507495853626,352,rbio,0.7685897546424816,0.816051598246696,0.21717169227625407,5,265.25,3.033291733505788e-14,0.9999999999705138,1.6060915913387656e-27,0.9741021387566338,0.7751612572423885,0.0001546419019177003,0.08145823273780778,0.00021623548998000747,0.9999999997234613,2.0315811923854454e-05,4.745454029730922e-11,4.745454029730922e-11,3.962224992548613e-11,,6.125805465799743e-13,0.0031261328403480726,7.585973278963461e-14,,,,,0.0,,3.687271056968986e-14,0.0,1.0,1.4238426238064856e-13,1.4238426238064856e-13,1.0,0.3015691612045302,0.0860445084207413,1464,1.7047890199977962,0.7880986536224335,691,546.5935418572012,0.7135253973494753,1077.5,938.862180974478,0.5743989670185532,1012,0.3888041033402703,1.0,0.4278371276618108,3,759.75,,,,,,,,,,,,,2.0366667382503916e-19,0.9999999999715831,1.6060915913387656e-27,0.9812147227818123,0.2396301090069831,0.0012975898735713353,0.06162466376786041,0.9999999999999999,0.00021623548998000747,0.9999999999999541,9.960751159770467e-05,3.8435400695480126e-14,3.8435400695480126e-14,3.209173378426744e-14,,0.0,4.786380409530668e-19,0.00456704015061846,7.054128794466933e-19,,,,,0.13043478260869565,,1.1666441752192217e-21,0.7209302325581395,1.0,4.770970844811595e-19,4.770970844811595e-19,1.0,0.42658033862811345,0.13286867808967343,1565,1.8339290428039572,0.8902062213514716,499,753.7758287448596,0.6477683043248319,1032.0,756.7199612403101,0.5827626568353131,1227,818.67,599.5,715.6978453131971,300,0.38607403914171184,1.0,0.42974817260080167,3,921.0
sym11,1.0,smooth,5.050672936065058e-24,290.2139062821632,4960307.665769956,0.5442477876106194,64.73076709888858,206,smoothed,1.8118769699264494e-12,,6.196485764805687,38363.44974234501,0.988089933336468,0.0001496656645131954,0.9999999999999999,362.4000000000003,,,,[],[],11,426.6000000000062,32.20000000000206,728.400000000011,"[9, 31, 53, 64, 80, 102, 131, 148, 158, 175, 192]","[311.0000000000073, 417.8000000000058, 589.6000000000078, 432.20000000000994, 728.400000000011, 371.0000000000075, 587.0000000000023, 32.20000000000206, 448.20000000000414, 368.00000000000557, 407.2000000000057]","[1, 1, 1, 60, 1, 94, 120, 144, 144, 165, 186]","[20, 40, 75, 75, 203, 120, 203, 149, 203, 186, 203]",30736475.84000013,728.4000000000079,-728.4000000000079,0.0,,,,DWT,mdp.39015067403892,1.341104507446289e-07,,0.0,33.0,11.0,0.0,33.0,,7.958078640513122e-12,168.4000000000063,987.7999999999302,168.4000000000063,,0.0,168.4000000000063,,,28.000000000002075,0.0,33.0,1.1027623258996755e-11,7.958078640513122e-12,,3.410605131648481e-13,3.931602988381309e-12,1.4776509773395107e-23,0.867416883717109,0.08964625087239297,0.061640862162238526,0.21414668528390973,0.0822040505147036,,0.9999996665188058,4.4124259517704264e-09,4.4124259517704264e-09,3.6852329853069552e-09,,3.675483279479846e-12,0.9999999955875364,7.358394080594556e-12,,,,,,2.860810456495275e-12,1.0,1.0,1.2233910918715047e-11,1.2233910918715047e-11,0.9999999015142763,0.3759218681632056,52,0.7146339810682061,0.36279670647289747,760,0,0.33333330622123253,0.4742677181955829,52,0.0,0.18786496179346943,0.33144463775537697,705,393.52795326380567,0.5874969043356335,392.25,97.09735315130077,0.5881666911615274,623,sym,1.0,1.0,0.0,7,469.0,2.2709901410261876e-12,0.9999999999704627,3.5733937278230244e-24,0.8570323071190197,0.7443597362649765,0.00016147517548965114,0.1757335817419655,0.0008006601638844094,,2.0315811960103236e-05,4.7523873725197063e-11,4.7523873725197063e-11,3.9691694375676434e-11,,3.675483279479846e-12,0.0031261328403278665,7.358394080594556e-12,,,,,0.0,,1.327417580508835e-12,1.0,1.0,9.9668983666454e-12,9.9668983666454e-12,1.0,0.4015691612143412,0.11457677215934885,1007,1.2570936867458047,0.5811357478140671,1686,480.1255044256658,0.7483618949551019,1346.5,1260.9001113999257,0.5213245533475719,1396,0.7763846615972358,0.5622554397616224,0.28785410495344815,6,1048.5,,,,,,,,,,,,,1.5248286315595746e-17,0.9999999999715339,3.5733937278230244e-24,0.896296928971234,0.23010825563720083,0.0012991877804507733,0.13294571369388505,0.9999999999999999,0.0008006601638844099,,9.96075115977321e-05,3.8491670788232124e-14,3.8491670788232124e-14,3.214789545680219e-14,,0.0,2.871828245718401e-18,0.004567040150618144,6.842504930632925e-17,,,,,0.13043478260869565,,4.199919030789198e-20,1.0,1.0,3.339679591368116e-17,3.339679591368116e-17,1.0,0.4544873153722994,0.14156097535167123,1268,1.4069804286261338,0.682961391443886,1697,303.3488091290289,0.858248220033164,1482.5,1451.464418212479,0.5827456053436848,1228,1409.1368421052632,1454.5,398.32527672708756,380,0.6645304607900322,0.5565550872278735,0.3678621512786154,7,922.75
coif8,1.0,smooth,2.3555957213758042e-26,315.7507849004394,108005937.66805062,0.5992063492063492,284.22649907140215,206,raw,1.035935091754122e-13,-2.230845508322007e-10,4.374098273670651,1837821.701670367,0.9933239862411243,5.618943883690062e-06,1.0,327.00000000000017,,,,[],[],13,661.1538461538462,87.0,940.0000000000002,"[8, 32, 51, 63, 81, 100, 111, 133, 152, 162, 175, 192, 204]","[878.0, 638.0, 787.0000000000001, 792.0000000000005, 940.0000000000002, 788.0, 637.0, 675.0, 771.0000000000001, 196.00000000000023, 834.0000000000002, 572.0000000000002, 87.0]","[0, 13, 39, 39, 76, 99, 107, 107, 107, 161, 164, 187, 203]","[76, 39, 61, 76, 205, 164, 119, 142, 164, 164, 205, 205, 205]",37754613.00000001,941.0000000000002,-941.0000000000002,0.0,,,,DWT,mdp.39015067403892,7.450580596923828e-09,,0.0,33.0,19.0,0.0,28.5,,2.2737367544323206e-13,256.3413461538462,4359.0,256.34134615384625,,0.0,256.3413461538462,,,84.0,0.0,24.0,2.2737367544323206e-13,2.2737367544323206e-13,,1.7053025658242404e-13,1.1254435159366835e-13,1.5872877631771278e-26,0.9512691704866976,0.1148162775139423,0.11509284712005462,0.31547619047619024,0.14412078141895704,0.9999999997232669,0.4742280246116003,6.6959667625959335e-09,6.6959667625959335e-09,6.082044361106239e-09,,8.5778263145108e-12,0.9999999933040264,2.7225927463116073e-13,,,,,,7.374542113937972e-14,1.0,0.5,2.847685247612971e-13,2.847685247612971e-13,0.7922684098822624,0.2590182137507435,271,1.2695548532564165,0.6097714953724345,836,0,0.24785233644992483,0.29613842720068334,271,0.0,0.3300969083424027,0.5995704287383453,841,327.65263618655655,0.6565485993851609,554.75,409.6133512556843,0.537524823801595,742,coif,0.5507900112560971,0.8749445204262634,0.351963635992853,2,557.0,1.1254435159366835e-13,0.0001547883299646835,1.5872877631771278e-26,0.9512691704866976,0.1148162775139423,0.1160073804791077,0.4855263157894737,0.14614553537168767,0.9999999997232668,0.9919828214562016,0.9855281704452468,0.9855281704452468,0.9855281704451354,,1.837741639739923e-12,0.9999999999667601,1.5171946557926922e-13,,,,,1.0,,7.374542113937972e-14,1.0,0.5,2.847685247612971e-13,2.847685247612971e-13,0.0,2.234570199822074,0.6375734627750116,271,1.338888508141338,0.6189482793701364,1663,984.2926394116741,0.48412335460604083,967.0,466.052740434333,0.4886549687076326,1591,0.4784248188775415,0.776734912893196,0.43208215291776214,2,1193.75,,,,,,,,,,,,,7.556653220554605e-19,0.03641360043841641,1.5872877631771278e-26,0.9646525968736467,0.03549382381973032,0.02838883479812755,0.3673096623306338,1.0,0.14614553537168767,0.9999999999999541,0.0008499884728391221,0.0007982210227401261,0.0007982210227401261,0.0007982210227337879,,0.0,1.4359141228592004e-18,0.020163910573049823,1.4108257588933865e-18,,,,,0.4782608695652174,,2.3332883504384434e-21,1.0,0.8604651162790697,9.54194168962319e-19,9.54194168962319e-19,0.9302325581395349,0.5744527218307418,0.17892707859001003,516,1.6270390466455522,0.78977989218772,1568,743.876333808248,0.6523942365382018,1042.0,776.4760076775433,0.5827391743438672,1229,986.6382352941176,846.0,585.0035688138154,340,0.4652856568234462,0.8173890317607586,0.42908333069536003,4,922.75
db35,1.0,antisymmetric,1.5630605816060695e-26,315.3076406337479,6513734.390308323,0.5291970802919708,109.93513733923591,206,smoothed,8.715142954664311e-14,-1.9993866562373382e-10,6.642588787402001,132145.98852477592,0.9959238434455274,0.00014966566451320263,0.9999999999999999,362.4000000000001,,,,[],[],11,426.59999999999997,32.19999999999993,728.3999999999997,"[9, 31, 53, 64, 80, 102, 131, 148, 158, 175, 192]","[311.0000000000002, 417.7999999999998, 589.5999999999998, 432.19999999999976, 728.3999999999997, 371.0000000000002, 587.0000000000001, 32.19999999999993, 448.19999999999993, 368.0000000000002, 407.20000000000005]","[1, 1, 1, 60, 1, 94, 120, 144, 144, 165, 186]","[20, 40, 75, 75, 204, 120, 204, 149, 204, 186, 204]",30736475.839999996,728.3999999999997,-728.3999999999997,0.0,,,,DWT,mdp.39015067403892,0.0,,0.0,15.0,11.0,0.0,33.0,,2.2737367544323206e-13,168.40000000000003,987.7999999999993,168.40000000000003,,0.0,168.40000000000003,,,27.999999999999943,0.0,33.0,2.2737367544323206e-13,2.2737367544323206e-13,,1.1368683772161603e-13,1.4262256256375995e-13,4.09566369316228e-26,0.9627583414711821,0.7331070626265351,0.7283015109546709,0.11076362685337342,0.8599270271261807,,0.9999996646602125,4.4059199552998455e-09,4.4059199552998455e-09,3.6787269888316428e-09,,1.2251610931599486e-12,0.9999999955940747,1.5171946557926922e-13,,,,,,0.0,0.0,1.0,3.4954031196328703e-13,3.4954031196328703e-13,0.8999999009430995,0.3383296774298731,592,1.696635553265177,0.861327346747986,18,0,0.2499999727289108,0.35570077877668155,592,0.0,0.48497965271886934,0.8556353658477786,18,331.3990545148452,0.652621536147961,305.0,34.93770491803279,0.6664575185980895,403,db,0.573477938514061,0.8443824841957417,0.34525069778143475,3,303.0,9.17694987313523e-14,0.9999999999705129,1.0264374197096241e-26,0.9496338678196563,0.8984659519686731,0.0019078677709155642,0.09089512101421438,0.008375613003939861,0.9999999997236156,2.0315811922300142e-05,4.745387416349445e-11,4.745387416349445e-11,3.962169481397382e-11,,1.2251610931599486e-12,0.0031261328403482946,1.5171946557926922e-13,,,,,0.0,,0.0,0.0,1.0,2.847685247612971e-13,2.847685247612971e-13,1.0,0.30156916120491206,0.08604450842085025,1365,1.7596755240494775,0.8134718695674941,171,844.2854967367377,0.5575023602008712,768.0,303.92578125,0.5774933184652155,988,0.49117026184683504,0.8233619396015222,0.4091722348267588,4,742.0,,,,,,,,,,,,,6.161751063622185e-19,0.9999999999715824,1.0264374197096241e-26,0.9634664134414577,0.2777480066215346,0.0017075678508587937,0.06876384476286507,0.9999999999999999,0.008375613003939861,0.9999999999999541,9.960751159770347e-05,3.8434858594393884e-14,3.8434858594393884e-14,3.20911916831812e-14,,0.0,9.572760819061336e-19,0.004567040150618464,1.4108257588933865e-18,,,,,0.13043478260869565,,0.0,0.7209302325581395,1.0,9.54194168962319e-19,9.54194168962319e-19,1.0,0.42658033862811345,0.13286867808967343,1527,1.8486634183992496,0.8973584243628838,277,883.8834764831844,0.58697033809197,902.0,468.93458980044346,0.5827375054945831,1230,1009.0473684210526,935.5,610.6543869996938,760,0.4758535102197843,0.8532293215616218,0.41093374637766444,5,923.75
db33,1.0,zero,1.598589574773788e-26,315.21002897860734,4964672.094401807,0.5555555555555556,37.152786880388426,206,smoothed,8.956158360786822e-14,-2.0551360613296807e-10,6.191038452400236,45430.130260631006,0.9912120037178608,0.00014966566451320284,0.9999999999999999,362.3999999999999,,,,[],[],11,426.59999999999985,32.19999999999985,728.3999999999997,"[9, 31, 53, 64, 80, 102, 131, 148, 158, 175, 192]","[310.99999999999983, 417.79999999999984, 589.6, 432.1999999999998, 728.3999999999997, 371.0000000000001, 586.9999999999999, 32.19999999999985, 448.20000000000005, 367.9999999999998, 407.2]","[1, 1, 1, 60, 1, 94, 120, 144, 144, 165, 186]","[20, 40, 75, 75, 205, 120, 205, 149, 205, 186, 205]",30736475.84,728.3999999999997,-728.3999999999997,0.0,,,,DWT,mdp.39015067403892,3.725290298461914e-09,,0.0,15.0,11.0,0.0,33.0,,2.2737367544323206e-13,168.39999999999992,987.8000000000002,168.39999999999992,,0.0,168.39999999999992,,,27.999999999999858,0.0,33.0,2.2737367544323206e-13,2.2737367544323206e-13,,5.684341886080802e-14,1.479173334402761e-13,4.1996428322377746e-26,0.9623874744904253,0.08178902533312155,0.06351387797776235,0.29181955536369564,0.14080685524569814,,0.9999996645858688,4.405801664454926e-09,4.405801664454926e-09,3.678608697986637e-09,,6.125805465799743e-13,0.9999999955941608,1.5171946557926922e-13,,,,,,7.946695712486874e-14,0.0,1.0,3.4954031196328703e-13,3.4954031196328703e-13,0.8999999009204663,0.33832967742136477,624,0.823134500593499,0.4178789334270865,433,0,0.24999997272264868,0.3557007787677718,623,0.0,0.22004525548726442,0.3882193853420357,401,119.93713631176404,0.8742797313293877,520.25,499.3174986790637,0.6644721507799978,406,db,0.573477938514061,0.8443824841957417,0.34525069778143475,3,305.25,9.481477020113982e-14,0.9999999999705145,1.0515800878655862e-26,0.9492736587139909,0.7424779630914298,0.00016638175120740418,0.23947368421052662,0.0013714462862983107,0.9999999997235316,2.0315811920856852e-05,4.74525418958649e-11,4.74525418958649e-11,3.962036254634427e-11,,6.125805465799743e-13,0.003126132840348572,1.5171946557926922e-13,,,,,0.0,,3.687271056968986e-14,0.0,1.0,2.847685247612971e-13,2.847685247612971e-13,1.0,0.3015691612046227,0.08604450842076768,1446,1.7372244197290385,0.8030930573627454,374,758.0184694319789,0.6027156868805141,910.0,594.2901098901099,0.5628882417631083,1074,0.49117026184683504,0.8233619396015222,0.4091722348267588,4,806.5,,,,,,,,,,,,,6.366222102228511e-19,0.9999999999715838,1.0515800878655862e-26,0.9632051321007766,0.2295265321487133,0.0013003351443037388,0.1811662833175486,0.9999999999999999,0.0013714462862983107,0.9999999999999541,9.960751159770228e-05,3.8433882812438647e-14,3.8433882812438647e-14,3.209010748100871e-14,,0.0,4.786380409530668e-19,0.004567040150618468,1.4108257588933865e-18,,,,,0.13043478260869565,,1.1666441752192217e-21,0.7209302325581395,1.0,9.54194168962319e-19,9.54194168962319e-19,1.0,0.42658033862811345,0.13286867808967343,1505,1.86635160473997,0.9059444345941513,146,960.9581156325181,0.5509541515735896,825.5,266.1780738946093,0.5826032440110939,1231,1009.0473684210526,935.5,610.6543869996938,760,0.4758535102197843,0.8532293215616218,0.41093374637766444,5,924.5
sym11,1.0,zero,5.050672936065058e-24,290.2139062821632,4960307.665769956,0.5442477876106194,64.73076709888858,206,smoothed,1.8118769699264494e-12,,6.196485764805687,38363.44974234501,0.988089933336468,0.0001496656645131954,0.9999999999999999,362.4000000000003,,,,[],[],11,426.6000000000062,32.20000000000206,728.400000000011,"[9, 31, 53, 64, 80, 102, 131, 148, 158, 175, 192]","[311.0000000000073, 417.8000000000058, 589.6000000000078, 432.20000000000994, 728.400000000011, 371.0000000000075, 587.0000000000023, 32.20000000000206, 448.20000000000414, 368.00000000000557, 407.2000000000057]","[1, 1, 1, 60, 1, 94, 120, 144, 144, 165, 186]","[20, 40, 75, 75, 203, 120, 203, 149, 203, 186, 203]",30736475.84000013,728.4000000000079,-728.4000000000079,0.0,,,,DWT,mdp.39015067403892,1.341104507446289e-07,,0.0,33.0,11.0,0.0,33.0,,7.958078640513122e-12,168.4000000000063,987.7999999999302,168.4000000000063,,0.0,168.4000000000063,,,28.000000000002075,0.0,33.0,1.1027623258996755e-11,7.958078640513122e-12,,3.410605131648481e-13,3.931602988381309e-12,1.4776509773395107e-23,0.867416883717109,0.08964625087239297,0.061640862162238526,0.21414668528390973,0.0822040505147036,,0.9999996665188058,4.4124259517704264e-09,4.4124259517704264e-09,3.6852329853069552e-09,,3.675483279479846e-12,0.9999999955875364,7.358394080594556e-12,,,,,,2.860810456495275e-12,1.0,1.0,1.2233910918715047e-11,1.2233910918715047e-11,0.9999999015142763,0.3759218681632056,50,0.7146339810682061,0.36279670647289747,762,0,0.33333330622123253,0.4742677181955829,50,0.0,0.18786496179346943,0.33144463775537697,704,395.04050425241206,0.5859114211190649,391.5,93.60493318769215,0.5877670313142493,625,sym,1.0,1.0,0.0,7,470.5,2.2709901410261876e-12,0.9999999999704627,3.5733937278230244e-24,0.8570323071190197,0.7443597362649765,0.00016147517548965114,0.1757335817419655,0.0008006601638844094,,2.0315811960103236e-05,4.7523873725197063e-11,4.7523873725197063e-11,3.9691694375676434e-11,,3.675483279479846e-12,0.0031261328403278665,7.358394080594556e-12,,,,,0.0,,1.327417580508835e-12,1.0,1.0,9.9668983666454e-12,9.9668983666454e-12,1.0,0.4015691612143412,0.11457677215934885,1008,1.2570936867458047,0.5811357478140671,1685,478.7112908632927,0.7491030970318173,1346.5,1261.4036390642407,0.5216951543859296,1395,0.7763846615972358,0.5622554397616224,0.28785410495344815,6,1047.75,,,,,,,,,,,,,1.5248286315595746e-17,0.9999999999715339,3.5733937278230244e-24,0.896296928971234,0.23010825563720083,0.0012991877804507733,0.13294571369388505,0.9999999999999999,0.0008006601638844099,,9.96075115977321e-05,3.8491670788232124e-14,3.8491670788232124e-14,3.214789545680219e-14,,0.0,2.871828245718401e-18,0.004567040150618144,6.842504930632925e-17,,,,,0.13043478260869565,,4.199919030789198e-20,1.0,1.0,3.339679591368116e-17,3.339679591368116e-17,1.0,0.4544873153722994,0.14156097535167123,1270,1.4069804286261338,0.682961391443886,1698,302.64170234784234,0.8585786437626906,1484.0,1453.1401617250676,0.5825603499187284,1232,1409.1368421052632,1454.5,398.32527672708756,380,0.6645304607900322,0.5565550872278735,0.3678621512786154,7,925.75
db21,1.0,smooth,1.1106705904144032e-26,319.01593974572637,165617781.3269106,0.6016260162601627,302.7123728215801,206,raw,7.111840781869466e-14,-2.0362156405440433e-10,4.054158812348218,2665245.778621723,0.9954163233843292,5.618943883690066e-06,1.0,327.0000000000001,,,,[],[],13,661.1538461538462,86.99999999999994,939.9999999999999,"[8, 32, 51, 63, 81, 100, 111, 133, 152, 162, 175, 192, 204]","[877.9999999999999, 638.0, 786.9999999999999, 792.0000000000003, 939.9999999999999, 787.9999999999999, 637.0, 674.9999999999999, 770.9999999999997, 196.00000000000006, 834.0, 572.0000000000001, 86.99999999999994]","[0, 13, 42, 42, 76, 99, 107, 107, 107, 161, 164, 187, 203]","[76, 42, 61, 76, 205, 164, 119, 142, 164, 164, 205, 205, 205]",37754613.0,940.9999999999999,-940.9999999999999,0.0,,,,DWT,mdp.39015067403892,0.0,,0.0,33.0,19.0,0.0,28.5,,1.1368683772161603e-13,256.3413461538462,4359.0,256.34134615384613,,0.0,256.3413461538462,,,83.99999999999994,0.0,28.5,1.1368683772161603e-13,1.1368683772161603e-13,,1.1368683772161603e-13,7.151149762341212e-14,7.062963064527099e-27,0.9633183310606688,0.004293243279099523,0.17992821046180993,0.33362369337979125,0.21111151446335846,0.9999999997235602,0.47422802461153424,6.6959667625959335e-09,6.6959667625959335e-09,6.0819563246244724e-09,,5.718550876340534e-12,0.9999999933040264,1.3612963731558036e-13,,,,,,0.0,1.0,1.0,1.4238426238064856e-13,1.4238426238064856e-13,0.8422684098806246,0.27536483381734134,147,1.2879958085335614,0.6186287486424275,834,0,0.28951900311629913,0.34592250957009923,147,0.0,0.33653437404604497,0.6112630982980299,831,395.77550454771705,0.5851409805579486,489.75,249.87736676839197,0.5358881003418674,746,db,0.540986235965534,0.9305070477545101,0.3421575204977732,3,560.25,7.15114976234121e-14,0.0001547883299646835,7.062963064527099e-27,0.9633183310606688,0.004293243279099523,0.1807757378051139,0.4991655969191275,0.21297778840093834,0.9999999997235601,0.9919828214562006,0.9855281704452468,0.9855281704452468,0.9855281704451341,,1.2251610931599486e-12,0.9999999999667601,7.585973278963461e-14,,,,,1.0,,0.0,1.0,0.75,1.4238426238064856e-13,1.4238426238064856e-13,0.0,2.259570199821636,0.6447065287088387,147,1.3554292796949694,0.626594832485143,1662,1071.2667734976194,0.43853942688804015,904.5,270.1094527363184,0.4822414115572276,1619,0.49117026184683504,0.8233619396015222,0.4091722348267588,4,1215.25,,,,,,,,,,,,,4.801552287347683e-19,0.03641360043841643,7.062963064527099e-27,0.9733925781215763,0.0013271952711155777,0.04353440194854,0.377628031455528,1.0,0.21297778840093834,0.9999999999999541,0.0008499884728391214,0.0007982210227401261,0.0007982210227401261,0.0007982210227337869,,0.0,9.572760819061336e-19,0.020163910573049823,7.054128794466933e-19,,,,,0.4782608695652174,,0.0,1.0,0.9302325581395349,4.770970844811595e-19,4.770970844811595e-19,0.9302325581395349,0.5814294660167882,0.18110015290550946,73,1.6536327535568667,0.8026887249662521,1493,1004.0916292848975,0.5307983040724777,783.0,139.19412515964243,0.582455226802594,1233,1009.0473684210526,935.5,610.6543869996938,760,0.4758535102197843,0.8532293215616218,0.41093374637766444,5,926.0
rbio4.4,1.0,antireflect,4.014551412163881e-20,253.43542222795494,6072106.667104786,0.6308411214953271,299.0668818523648,206,raw,1.5627253769501936e-10,6.973299713403281e-10,6.393132928448226,75239.42096683818,0.7780587970142141,5.618943883699213e-06,1.0,327.0000000002369,,,,[],[],13,661.1538461533229,86.99999999980713,939.9999999992374,"[8, 32, 51, 63, 81, 100, 111, 133, 152, 162, 175, 192, 204]","[877.9999999996031, 637.999999999377, 786.9999999993614, 791.9999999993106, 939.9999999992374, 787.9999999993794, 636.9999999994692, 674.9999999997368, 770.999999999358, 195.99999999973352, 833.9999999992726, 571.9999999995513, 86.99999999980713]","[0, 13, 39, 39, 76, 99, 107, 107, 107, 161, 99, 187, 203]","[76, 39, 61, 76, 205, 164, 119, 142, 164, 164, 205, 205, 205]",37754612.99998227,940.9999999994957,-940.9999999994957,0.0,,,,DWT,mdp.39015067403892,1.773238182067871e-05,,0.0,33.0,19.0,0.0,28.5,,5.043148121330887e-10,256.3413461533229,4359.000000006803,256.3413461533705,,0.0,256.3413461533229,,,83.99999999980713,0.0,19.5,7.626113074366003e-10,5.043148121330887e-10,,2.369233698118478e-10,1.9743471468382918e-10,2.8409623273977467e-20,0.7213113747178969,0.8122914665667466,0.0003782927847146316,0.5527369826435248,0.0014168375472052518,0.9999999997371393,0.47422802438754913,6.2907348372717895e-09,6.2907348372717895e-09,5.713655703152702e-09,,1.1917460026293674e-08,0.9999999937092652,9.131576071129131e-10,,,,,,1.7551410231172374e-10,1.0,0.0,6.31616587920557e-10,6.31616587920557e-10,0.7422684164151473,0.24267159581942196,637,1.4607832325368468,0.7016191335366153,689,0,0.20618567088844197,0.2463543461514117,637,0.0,0.38601686927433276,0.701140465002396,641,25.403411844343534,0.9733716856977531,651.0,650.2839929084407,0.6454908742954175,422,rbio,0.5136782423812899,1.0,0.3404252303330971,4,317.5,1.9743471468382918e-10,0.00015478833002818826,2.8409623273977467e-20,0.7213113747178969,0.8122914665667466,0.0014113812784698674,0.6638465322183966,0.003779186300874718,0.9999999997371392,0.9919828214527853,0.9855281704393823,0.9855281704393823,0.9855281704398041,,2.553235718145333e-09,0.9999999999687719,5.08867087552869e-10,,,,,1.0,,1.7551410231172374e-10,1.0,0.25,6.31616587920557e-10,6.31616587920557e-10,0.0,2.2095702016872476,0.6304403973732358,622,1.5067349726141495,0.6965412079464123,1564,666.0945878777278,0.650893821867019,1093.0,890.0347666971637,0.5390213344135935,1275,0.3888041033402703,1.0,0.4278371276618108,3,957.0,,,,,,,,,,,,,1.3256513111838595e-15,0.03641360043847763,2.8409623273977467e-20,0.7978503694075914,0.2511083866230506,0.001591468418650564,0.502212213136209,1.0,0.003779186300874718,0.9999999999999564,0.0008499884728365377,0.0007982210227353762,0.0007982210227353762,0.0007982210227294699,,0.0,1.9949633546923827e-15,0.020163910573081294,4.7319095953284194e-15,,,,,0.4782608695652174,,5.553226274043495e-18,1.0,0.7906976744186046,2.116402666758423e-15,2.116402666758423e-15,0.9302325581395349,0.5674759776447104,0.17675400427451526,644,1.6183807890717652,0.7855770933997887,1591,669.6301217836605,0.6870887281384764,1117.5,916.8715883668904,0.5824462332281167,1234,818.67,599.5,715.6978453131971,300,0.38607403914171184,1.0,0.42974817260080167,3,926.25
sym4,1.0,antireflect,8.99900186018192e-22,267.7054553265696,4982889.669090393,0.5235849056603774,96.40619469085759,206,smoothed,2.288516733183447e-11,,6.221082856754365,37834.52647460513,0.983036644649577,0.00014966566451305168,0.9999999999999996,362.40000000000043,,,,[],[],11,426.6000000000615,32.200000000051915,728.4000000001608,"[9, 31, 53, 64, 80, 102, 131, 148, 158, 175, 192]","[311.00000000009607, 417.80000000005856, 589.6000000000942, 432.2000000000566, 728.4000000001608, 371.0000000000598, 586.9999999999983, 32.200000000051915, 448.2000000000209, 368.00000000003445, 407.2000000000452]","[1, 1, 1, 60, 1, 94, 120, 144, 144, 165, 186]","[20, 40, 75, 75, 204, 120, 204, 149, 204, 186, 204]",30736475.840000533,728.4000000001009,-728.4000000001009,0.0,,,,DWT,mdp.39015067403892,5.364418029785156e-07,,0.0,15.0,11.0,0.0,33.0,,1.0095391189679503e-10,168.4000000000616,987.7999999993217,168.40000000006154,,0.0,168.4000000000616,,,28.000000000051926,0.0,33.0,1.6086687537608668e-10,1.0095391189679503e-10,,4.547473508864641e-13,5.0226670127733774e-11,2.6336427842319184e-21,0.7818979850221115,0.1251251962065293,0.07133203893088148,0.0722136925827438,0.07781777793639302,,0.999999709985107,4.469974447823837e-09,4.469974447823837e-09,3.7427223359797154e-09,,4.9006443726397945e-12,0.9999999955299825,1.0734152189733297e-10,,,,,,1.1443241825981099e-11,0.0,1.0,1.5519589851169945e-10,1.5519589851169945e-10,0.8999999146892457,0.3383296825973505,315,0.6273799968046951,0.3185006626853875,893,0,0.2499999765526531,0.3557007842171146,315,0.0,0.16119809867555512,0.2843970738998769,896,334.57672264121027,0.649290647126614,604.75,465.9235942842909,0.5076903969385691,887,sym,1.0,1.0,0.0,7,667.0,2.889745811089799e-11,0.9999999999694653,6.368281626074159e-22,0.7739710274290929,0.7528567976286624,0.00018686230367905075,0.05926017874875916,0.000757938257854199,,2.031581284317463e-05,4.814371123984529e-11,4.814371123984529e-11,4.0310921267661115e-11,,4.9006443726397945e-12,0.003126132840147955,1.0734152189733297e-10,,,,,0.0,,5.3096703220353396e-12,0.0,1.0,1.2643722499401594e-10,1.2643722499401594e-10,1.0,0.30156916131425726,0.0860445084520489,1288,1.1649116932257804,0.5385213807990467,1783,350.017856687341,0.816552486012924,1535.5,1495.606642787366,0.5058915469896905,1504,0.7763846615972358,0.5622554397616224,0.28785410495344815,6,1129.5,,,,,,,,,,,,,1.9402845794336986e-16,0.9999999999705727,6.368281626074159e-22,0.836047584424592,0.23273500164881475,0.0013051243592158224,0.04483142424621517,0.9999999999999997,0.000757938257854199,,9.960751159840007e-05,3.899365639409291e-14,3.899365639409291e-14,3.2649447381793983e-14,,0.0,3.8291043276245345e-18,0.004567040150615329,9.98159224417071e-16,,,,,0.13043478260869565,,1.6799676123156794e-19,0.7209302325581395,1.0,4.2366221101926964e-16,4.2366221101926964e-16,1.0,0.4265803386281133,0.13286867808967337,1662,1.3368843586515702,0.6489361068624067,1766,73.53910524340094,0.9656359321292519,1714.0,1712.4224037339554,0.5823506763449998,1235,1409.1368421052632,1454.5,398.32527672708756,380,0.6645304607900322,0.5565550872278735,0.3678621512786154,7,928.0
sym11,1.0,symmetric,5.1331540753332645e-24,290.1435557412629,5271982.627570306,0.5353982300884956,94.6688655267025,206,smoothed,1.823533772741798e-12,,6.324654288894082,32546.873471781513,0.9827621181866221,0.00014966566451319534,0.9999999999999999,362.4000000000003,,,,[],[],11,426.60000000000633,32.20000000000206,728.4000000000115,"[9, 31, 53, 64, 80, 102, 131, 148, 158, 175, 192]","[311.0000000000073, 417.8000000000058, 589.6000000000078, 432.20000000000994, 728.4000000000115, 371.0000000000075, 587.0000000000023, 32.20000000000206, 448.20000000000414, 368.00000000000557, 407.2000000000057]","[1, 1, 1, 60, 1, 94, 120, 144, 144, 165, 186]","[20, 40, 75, 75, 203, 120, 203, 149, 203, 186, 203]",30736475.84000013,728.4000000000079,-728.4000000000079,0.0,,,,DWT,mdp.39015067403892,1.341104507446289e-07,,0.0,33.0,11.0,0.0,33.0,,7.958078640513122e-12,168.4000000000064,987.7999999999292,168.40000000000634,,0.0,168.4000000000064,,,28.000000000002075,0.0,33.0,1.1482370609883219e-11,7.958078640513122e-12,,3.410605131648481e-13,3.9572113513706135e-12,1.5017899046955114e-23,0.8671495929651928,0.2745170506066472,0.19539769083268924,0.15335922174320876,0.03396815213147721,,0.9999996665188058,4.4125442426153466e-09,4.4125442426153466e-09,3.685292130729458e-09,,3.675483279479846e-12,0.9999999955874505,7.661833011753095e-12,,,,,,2.860810456495275e-12,1.0,1.0,1.2233910918715047e-11,1.2233910918715047e-11,0.9999999015144738,0.3759218681632798,49,0.8301780760498454,0.42145473033158876,419,0,0.33333330622127527,0.47426771819564373,49,0.0,0.21777024404045325,0.38420564942407026,421,214.1985060638846,0.7754732640839784,234.5,87.76114205067546,0.7648330681006894,201,sym,1.0,1.0,0.0,7,152.5,2.285718713615641e-12,0.9999999999704623,3.63176284354653e-24,0.856772697696515,0.7886355318079806,0.0005118662411702917,0.12585002328830977,0.00033084679017823413,,2.0315811960103236e-05,4.7525205992826614e-11,4.7525205992826614e-11,3.969236050949121e-11,,3.675483279479846e-12,0.003126132840327589,7.661833011753095e-12,,,,,0.0,,1.327417580508835e-12,1.0,1.0,9.9668983666454e-12,9.9668983666454e-12,1.0,0.4015691612144938,0.11457677215939238,1005,1.259109665665704,0.5820677049383016,1684,480.1255044256658,0.7483618949551019,1344.5,1258.7727779843808,0.5218486623622469,1393,0.7763846615972358,0.5622554397616224,0.28785410495344815,6,1046.25,,,,,,,,,,,,,1.534717951984477e-17,0.9999999999715337,3.63176284354653e-24,0.8961086186345473,0.24379548989099345,0.0013811239547381498,0.0952078765971055,0.9999999999999999,0.00033084679017823413,,9.96075115977321e-05,3.849264657018736e-14,3.849264657018736e-14,3.214843755788843e-14,,0.0,2.871828245718401e-18,0.00456704015061814,7.124670082411603e-17,,,,,0.13043478260869565,,4.199919030789198e-20,1.0,1.0,3.339679591368116e-17,3.339679591368116e-17,1.0,0.4544873153722994,0.14156097535167123,1277,1.3984689674499675,0.6788298489932413,1700,299.10616844190963,0.8602307624103226,1488.5,1458.4481021162244,0.5823350073733856,1236,1409.1368421052632,1454.5,398.32527672708756,380,0.6645304607900322,0.5565550872278735,0.3678621512786154,7,928.75
db25,1.0,constant,1.0493060136750379e-26,319.2627708500084,5896347.606303744,0.562992125984252,181.62353202109583,206,raw,7.401199394452599e-14,-2.111010255490016e-10,6.407671686039384,67281.71387220417,0.8185158528663468,5.618943883690066e-06,1.0,327.00000000000017,,,,[],[],13,661.1538461538462,87.00000000000011,940.0000000000001,"[8, 32, 51, 63, 81, 100, 111, 133, 152, 162, 175, 192, 204]","[878.0, 637.9999999999998, 786.9999999999999, 792.0000000000001, 940.0000000000001, 788.0000000000002, 637.0, 674.9999999999999, 770.9999999999999, 195.99999999999994, 834.0000000000002, 572.0, 87.00000000000011]","[0, 13, 39, 39, 76, 99, 107, 107, 107, 161, 99, 187, 203]","[76, 39, 61, 76, 205, 164, 119, 142, 164, 164, 205, 205, 205]",37754613.0,941.0000000000001,-941.0000000000001,0.0,,,,DWT,mdp.39015067403892,0.0,,0.0,33.0,19.0,0.0,28.5,,1.1368683772161603e-13,256.3413461538462,4359.0,256.34134615384613,,0.0,256.3413461538462,,,84.00000000000011,0.0,19.5,1.1368683772161603e-13,1.1368683772161603e-13,,1.7053025658242404e-13,7.516759389382565e-14,6.62870668630505e-27,0.9642291937152953,0.8173138779827619,0.00018049660524991197,0.04386951631046104,0.0007725577317249648,0.9999999997234476,0.47422802461173236,6.6959667625959335e-09,6.6959667625959335e-09,6.0819563246244724e-09,,8.5778263145108e-12,0.9999999933040264,1.3612963731558036e-13,,,,,,0.0,1.0,0.0,1.4238426238064856e-13,1.4238426238064856e-13,0.7422684098821136,0.24267159368356156,709,1.405141533029459,0.6748942368323445,791,0,0.20618566978322056,0.24635434483087326,709,0.0,0.35329570525862697,0.6417074868620359,807,52.370475142647564,0.9451043237498453,754.0,751.278909520695,0.5773739648099332,606,db,0.540986235965534,0.9305070477545101,0.3421575204977732,3,455.25,7.516759389382563e-14,0.0001547883299646835,6.62870668630505e-27,0.9642291937152953,0.817313877982762,0.0012137895172922245,0.2813924575217573,0.0031364306585192564,0.9999999997234474,0.9919828214562036,0.9855281704452468,0.9855281704452468,0.9855281704451341,,1.837741639739923e-12,0.9999999999667601,7.585973278963461e-14,,,,,1.0,,0.0,1.0,0.25,1.4238426238064856e-13,1.4238426238064856e-13,0.0,2.2095701998219432,0.6304403968410222,710,1.5016593416397057,0.6941948191027955,1580,615.1828996322963,0.6775770966287755,1145.0,979.7379912663755,0.5387361374129203,1278,0.49117026184683504,0.8233619396015222,0.4091722348267588,4,959.5,,,,,,,,,,,,,5.047036412186093e-19,0.03641360043841643,6.62870668630505e-27,0.9740532816180566,0.2526609938823184,0.0015452631509729998,0.21287861274139555,1.0,0.0031364306585192564,0.9999999999999541,0.0008499884728391236,0.0007982210227401261,0.0007982210227401261,0.0007982210227337869,,0.0,1.4359141228592004e-18,0.020163910573049823,7.054128794466933e-19,,,,,0.4782608695652174,,0.0,1.0,0.7906976744186046,4.770970844811595e-19,4.770970844811595e-19,0.9302325581395349,0.5674759776446953,0.17675400427451057,815,1.608865194978952,0.7809581354883494,1621,569.9280656363574,0.7336784740017022,1218.0,1084.6592775041051,0.5822597977485147,1237,1009.0473684210526,935.5,610.6543869996938,760,0.4758535102197843,0.8532293215616218,0.41093374637766444,5,929.0
db12,1.0,periodization,1.1546961091369183e-26,316.62272171827385,4963305.886402448,0.529126213592233,99.54850138834789,206,smoothed,7.478551712103034e-14,-2.1068466971030425e-10,6.192742608148762,31688.237398435293,0.9829665943013753,0.0001496656645132026,0.9999999999999999,362.4,,,,[],[],11,426.60000000000014,32.19999999999996,728.4000000000002,"[9, 31, 53, 64, 80, 102, 131, 148, 158, 175, 192]","[311.0000000000001, 417.8000000000003, 589.6000000000001, 432.20000000000005, 728.4000000000002, 371.0, 586.9999999999999, 32.19999999999996, 448.2000000000004, 368.0000000000003, 407.2000000000001]","[1, 1, 1, 60, 1, 94, 120, 144, 144, 165, 186]","[20, 40, 75, 75, 205, 120, 205, 149, 205, 186, 205]",30736475.840000007,728.4000000000002,-728.4000000000002,0.0,,,,DWT,mdp.39015067403892,1.1175870895385742e-08,,0.0,15.0,11.0,0.0,33.0,,2.2737367544323206e-13,168.4000000000002,987.7999999999975,168.40000000000015,,0.0,168.4000000000002,,,27.99999999999997,0.0,33.0,2.2737367544323206e-13,2.2737367544323206e-13,,0.0,1.1545638508736977e-13,2.9005443697433096e-26,0.9677548774951475,0.08424710650665904,0.0629275631572106,0.11027684467067218,0.026847626163012877,,0.9999996646849938,4.406097391567225e-09,4.406097391567225e-09,3.6788452796766485e-09,,0.0,0.9999999955939026,1.5171946557926922e-13,,,,,,2.3840087137460624e-13,0.0,1.0,3.4954031196328703e-13,3.4954031196328703e-13,0.8999999009500963,0.3383296774325033,582,0.7090900496625321,0.3599822306598613,782,0,0.24999997273091876,0.3557007787795385,579,0.0,0.1788648597132597,0.31556602183222277,808,124.30171626597384,0.8697046999308451,687.75,670.9467572415417,0.5743963751226553,667,db,0.573477938514061,0.8443824841957417,0.34525069778143475,3,501.0,7.614495384708553e-14,0.9999999999705127,7.374516786978215e-27,0.9544868147413368,0.7430666634141638,0.0001648458335511652,0.09049565661727149,0.0002614934985440938,0.9999999997234537,2.0315811922799742e-05,4.745570603148508e-11,4.745570603148508e-11,3.9622916059300906e-11,,0.0,0.003126132840347795,1.5171946557926922e-13,,,,,0.0,,1.1061813170906958e-13,0.0,1.0,2.847685247612971e-13,2.847685247612971e-13,1.0,0.3015691612043561,0.08604450842069163,1503,1.6806107033955437,0.7769213768230342,922,410.82903986938413,0.7846807967141592,1212.5,1142.899793814433,0.5745993082103291,1010,0.49117026184683504,0.8233619396015222,0.4091722348267588,4,758.5,,,,,,,,,,,,,5.112660054189092e-19,0.9999999999715822,7.374516786978215e-27,0.9669865478800599,0.22970852050428597,0.0012999759821301024,0.06846164253822229,0.9999999999999999,0.0002614934985440938,0.9999999999999541,9.960751159770391e-05,3.843648489765261e-14,3.843648489765261e-14,3.209227588535368e-14,,0.0,0.0,0.004567040150618456,1.4108257588933865e-18,,,,,0.13043478260869565,,3.499932525657665e-21,0.7209302325581395,1.0,9.54194168962319e-19,9.54194168962319e-19,1.0,0.42658033862811345,0.13286867808967343,1595,1.8231854313774067,0.8849911724000274,663,659.0235200658623,0.6920450840813728,1129.0,936.6563330380868,0.5822374953117144,1238,1009.0473684210526,935.5,610.6543869996938,760,0.4758535102197843,0.8532293215616218,0.41093374637766444,5,929.75
db30,1.0,antireflect,1.426205468700208e-26,315.7055777685434,6325913.778379626,0.5227272727272727,105.48412230964762,206,smoothed,8.404280507769268e-14,-2.0234314224154593e-10,6.5963370428712444,126047.25869185822,0.9957024799239289,0.00014966566451320282,0.9999999999999999,362.4000000000001,,,,[],[],11,426.59999999999997,32.200000000000045,728.3999999999999,"[9, 31, 53, 64, 80, 102, 131, 148, 158, 175, 192]","[311.0000000000002, 417.7999999999997, 589.6, 432.1999999999997, 728.3999999999999, 370.9999999999999, 587.0, 32.200000000000045, 448.2000000000002, 367.9999999999999, 407.20000000000016]","[0, 0, 0, 60, 0, 94, 120, 144, 144, 165, 186]","[20, 40, 75, 75, 203, 120, 203, 149, 203, 186, 203]",30736475.839999996,728.3999999999999,-728.3999999999999,0.0,,,,DWT,mdp.39015067403892,0.0,,0.0,33.0,11.0,0.0,33.0,,1.1368683772161603e-13,168.40000000000003,987.7999999999993,168.39999999999998,,0.0,168.40000000000003,,,28.000000000000057,0.0,15.0,1.1368683772161603e-13,1.1368683772161603e-13,,1.1368683772161603e-13,1.357933500378778e-13,3.6951435672229803e-26,0.9642702689505406,0.6663933584521131,0.6476973800825265,0.06632262621902181,0.8093512762370979,,0.9999996647593375,4.4059199552998455e-09,4.4059199552998455e-09,3.67866784340914e-09,,1.2251610931599486e-12,0.9999999955940747,7.585973278963461e-14,,,,,,0.0,1.0,0.0,1.7477015598164352e-13,1.7477015598164352e-13,0.8999999009727114,0.33832967744100484,385,1.5858770916201328,0.8050988351415785,31,0,0.2499999727371309,0.35570077878837714,387,0.0,0.4505764157059195,0.7949387446124402,29,205.53993934675242,0.7845493298252071,208.0,55.61564744198716,0.7832599898601926,180,db,0.573477938514061,0.8443824841957417,0.34525069778143475,3,135.75,8.784169778373731e-14,0.9999999999705143,9.295896798089844e-27,0.9511023459356077,0.8824882944360115,0.0016967161789161953,0.054425837320574266,0.007883009674275627,0.9999999997235794,2.0315811924354055e-05,4.745387416349445e-11,4.745387416349445e-11,3.962102868015904e-11,,1.2251610931599486e-12,0.0031261328403482946,7.585973278963461e-14,,,,,0.0,,0.0,1.0,0.0,1.4238426238064856e-13,1.4238426238064856e-13,1.0,0.3015691612048176,0.08604450842082328,1410,1.737677451547381,0.8033024872463824,369,736.098159215196,0.6142043190696038,889.5,584.9241146711636,0.5740046752580723,1017,0.49117026184683504,0.8233619396015222,0.4091722348267588,4,763.75,,,,,,,,,,,,,5.8980236596236875e-19,0.9999999999715837,9.295896798089844e-27,0.9645315889877223,0.27280874039730596,0.0016581917241886976,0.041174155299442905,0.9999999999999999,0.007883009674275627,0.9999999999999541,9.960751159770499e-05,3.8434858594393884e-14,3.8434858594393884e-14,3.2090649582094954e-14,,0.0,9.572760819061336e-19,0.004567040150618464,7.054128794466933e-19,,,,,0.13043478260869565,,0.0,1.0,0.7209302325581395,4.770970844811595e-19,4.770970844811595e-19,1.0,0.42658033862811345,0.13286867808967343,1564,1.8355752854343248,0.8910053228418797,482,765.0895372438445,0.6424815246524092,1023.0,736.8993157380254,0.5822220707374195,1239,1009.0473684210526,935.5,610.6543869996938,760,0.4758535102197843,0.8532293215616218,0.41093374637766444,5,930.5
sym11,1.0,constant,5.050672936065058e-24,290.2139062821632,4960307.665769956,0.5442477876106194,64.73076709888858,206,smoothed,1.8118769699264494e-12,,6.196485764805687,38363.44974234501,0.988089933336468,0.0001496656645131954,0.9999999999999999,362.4000000000003,,,,[],[],11,426.6000000000062,32.20000000000206,728.400000000011,"[9, 31, 53, 64, 80, 102, 131, 148, 158, 175, 192]","[311.0000000000073, 417.8000000000058, 589.6000000000078, 432.20000000000994, 728.400000000011, 371.0000000000075, 587.0000000000023, 32.20000000000206, 448.20000000000414, 368.00000000000557, 407.2000000000057]","[1, 1, 1, 60, 1, 94, 120, 144, 144, 165, 186]","[20, 40, 75, 75, 203, 120, 203, 149, 203, 186, 203]",30736475.84000013,728.4000000000079,-728.4000000000079,0.0,,,,DWT,mdp.39015067403892,1.341104507446289e-07,,0.0,33.0,11.0,0.0,33.0,,7.958078640513122e-12,168.4000000000063,987.7999999999302,168.4000000000063,,0.0,168.4000000000063,,,28.000000000002075,0.0,33.0,1.1027623258996755e-11,7.958078640513122e-12,,3.410605131648481e-13,3.931602988381309e-12,1.4776509773395107e-23,0.867416883717109,0.08964625087239297,0.061640862162238526,0.21414668528390973,0.0822040505147036,,0.9999996665188058,4.4124259517704264e-09,4.4124259517704264e-09,3.6852329853069552e-09,,3.675483279479846e-12,0.9999999955875364,7.358394080594556e-12,,,,,,2.860810456495275e-12,1.0,1.0,1.2233910918715047e-11,1.2233910918715047e-11,0.9999999015142763,0.3759218681632056,51,0.7146339810682061,0.36279670647289747,761,0,0.33333330622123253,0.4742677181955829,51,0.0,0.18786496179346943,0.33144463775537697,703,393.8878859100222,0.5871196164465176,391.5,95.3465591501184,0.5883711289779757,622,sym,1.0,1.0,0.0,7,468.25,2.2709901410261876e-12,0.9999999999704627,3.5733937278230244e-24,0.8570323071190197,0.7443597362649765,0.00016147517548965114,0.1757335817419655,0.0008006601638844094,,2.0315811960103236e-05,4.7523873725197063e-11,4.7523873725197063e-11,3.9691694375676434e-11,,3.675483279479846e-12,0.0031261328403278665,7.358394080594556e-12,,,,,0.0,,1.327417580508835e-12,1.0,1.0,9.9668983666454e-12,9.9668983666454e-12,1.0,0.4015691612143412,0.11457677215934885,1006,1.2570936867458047,0.5811357478140671,1687,481.5397179880389,0.7476206928783864,1346.5,1260.3950984032679,0.5209539523092142,1398,0.7763846615972358,0.5622554397616224,0.28785410495344815,6,1050.0,,,,,,,,,,,,,1.5248286315595746e-17,0.9999999999715339,3.5733937278230244e-24,0.896296928971234,0.23010825563720083,0.0012991877804507733,0.13294571369388505,0.9999999999999999,0.0008006601638844099,,9.96075115977321e-05,3.8491670788232124e-14,3.8491670788232124e-14,3.214789545680219e-14,,0.0,2.871828245718401e-18,0.004567040150618144,6.842504930632925e-17,,,,,0.13043478260869565,,4.199919030789198e-20,1.0,1.0,3.339679591368116e-17,3.339679591368116e-17,1.0,0.4544873153722994,0.14156097535167123,1265,1.4069804286261338,0.682961391443886,1699,306.8843430349616,0.856596101385532,1482.0,1450.2260458839407,0.5820363684497754,1240,1409.1368421052632,1454.5,398.32527672708756,380,0.6645304607900322,0.5565550872278735,0.3678621512786154,7,931.75
sym4,1.0,reflect,8.935957945175182e-22,267.7359875803048,4983135.180779483,0.5235849056603774,92.62985793833046,206,smoothed,2.318375049649987e-11,,6.220776353216992,32656.101364100086,0.9808588140047062,0.00014966566451304908,0.9999999999999996,362.40000000000043,,,,[],[],11,426.60000000006136,32.200000000051915,728.4000000001589,"[9, 31, 53, 64, 80, 102, 131, 148, 158, 175, 192]","[311.00000000009607, 417.80000000005856, 589.6000000000942, 432.2000000000566, 728.4000000001589, 371.0000000000598, 586.9999999999983, 32.200000000051915, 448.2000000000209, 368.00000000003445, 407.2000000000452]","[0, 0, 0, 60, 0, 94, 120, 144, 144, 165, 186]","[20, 40, 75, 75, 203, 120, 203, 149, 203, 186, 203]",30736475.84000054,728.4000000001009,-728.4000000001009,0.0,,,,DWT,mdp.39015067403892,5.438923835754395e-07,,0.0,33.0,11.0,0.0,33.0,,1.0095391189679503e-10,168.40000000006142,987.7999999993235,168.40000000006137,,0.0,168.40000000006142,,,28.000000000051926,0.0,15.0,1.589341991348192e-10,1.0095391189679503e-10,,4.547473508864641e-13,5.088261551725166e-11,2.615192354253775e-21,0.7820139896605143,0.12468309425928044,0.07143740146865012,0.0722136925827438,0.03487396085286483,,0.999999709985107,4.469797011556458e-09,4.469797011556458e-09,3.742544899712207e-09,,4.9006443726397945e-12,0.9999999955301546,1.0605190643990918e-10,,,,,,1.1602175740230837e-11,1.0,0.0,1.5519589851169945e-10,1.5519589851169945e-10,0.8999999146886067,0.3383296825971103,316,0.610103703049782,0.3097300435427434,907,0,0.2499999765525289,0.35570078421693785,316,0.0,0.15503173412499088,0.27351793792253465,909,341.7923346127002,0.6417271125653038,612.0,468.8364544971122,0.5001088393015198,905,sym,1.0,1.0,0.0,7,680.5,2.927472311953077e-11,0.9999999999694473,6.323667577294773e-22,0.7740836983575395,0.7527509160321437,0.00018713831270422351,0.05926017874875916,0.0003396692868164555,,2.031581284317463e-05,4.8141879371854657e-11,4.8141879371854657e-11,4.030903388851925e-11,,4.9006443726397945e-12,0.0031261328401484545,1.0605190643990918e-10,,,,,0.0,,5.3834157431747196e-12,1.0,0.0,1.2643722499401594e-10,1.2643722499401594e-10,1.0,0.3015691613136479,0.08604450845187504,1290,1.1647591854007946,0.5384508786957786,1784,349.31074990615446,0.8169230870512817,1537.0,1497.3064411190633,0.505683765747863,1506,0.7763846615972358,0.5622554397616224,0.28785410495344815,6,1131.0,,,,,,,,,,,,,1.9656155782987523e-16,0.9999999999705552,6.323667577294773e-22,0.836129311429205,0.23270226985490922,0.001305188901739324,0.04483142424621517,0.9999999999999997,0.0003396692868164555,,9.960751159840007e-05,3.899213851105143e-14,3.899213851105143e-14,3.2647929498752504e-14,,0.0,3.8291043276245345e-18,0.0045670401506153376,9.861672054664772e-16,,,,,0.13043478260869565,,1.703300495820064e-19,1.0,0.7209302325581395,4.2366221101926964e-16,4.2366221101926964e-16,1.0,0.4265803386281133,0.13286867808967337,1661,1.3367497536402264,0.6488707683374547,1767,74.95331880577403,0.9649750846701991,1714.0,1712.3611435239204,0.5820202526154734,1241,1409.1368421052632,1454.5,398.32527672708756,380,0.6645304607900322,0.5565550872278735,0.3678621512786154,7,932.5
bior3.5,1.0,smooth,3.223166946655084e-27,324.38896446109993,7445148.837969731,0.5925925925925926,220.45586087875745,206,raw,3.188388064894382e-14,-2.0889234786381234e-10,6.067573215752965,116652.74958899908,0.9266535454046242,5.618943883690066e-06,1.0,327.00000000000006,,,,[],[],13,661.1538461538462,87.0,939.9999999999999,"[8, 32, 51, 63, 81, 100, 111, 133, 152, 162, 175, 192, 204]","[878.0000000000001, 638.0, 786.9999999999999, 791.9999999999998, 939.9999999999999, 788.0, 637.0000000000001, 675.0, 771.0, 196.0, 833.9999999999999, 572.0, 87.0]","[0, 13, 42, 42, 76, 99, 107, 107, 107, 161, 164, 187, 203]","[76, 39, 61, 76, 205, 164, 119, 142, 164, 164, 205, 205, 205]",37754613.0,940.9999999999999,-940.9999999999999,0.0,,,,DWT,mdp.39015067403892,0.0,,0.0,33.0,19.0,0.0,28.5,,1.1368683772161603e-13,256.3413461538462,4359.0,256.3413461538461,,0.0,256.3413461538462,,,84.0,0.0,28.5,1.1368683772161603e-13,1.1368683772161603e-13,,5.684341886080802e-14,2.1937991870044393e-14,1.4840488811992132e-27,0.9831460086536319,0.6998269174205514,0.0019234904798050704,0.2658730158730156,0.004769784747423539,0.9999999997234809,0.4742280246116003,6.6959667625959335e-09,6.6959667625959335e-09,6.081912306383589e-09,,2.859275438170267e-12,0.9999999933040264,1.3612963731558036e-13,,,,,,0.0,1.0,1.0,1.4238426238064856e-13,1.4238426238064856e-13,0.8422684098792016,0.2753648338168761,178,1.449019929279932,0.6959691791458383,717,0,0.28951900311606277,0.3459225095698168,176,0.0,0.3694424021122413,0.6710354863390491,749,321.27350757052267,0.6632353170120308,455.0,285.11128890091715,0.5931480568288665,559,bior,0.672619891330026,0.76736776154697,0.2989557476048908,5,420.5,2.193799187004438e-14,0.0001547883299646835,1.4840488811992124e-27,0.9831460086536319,0.6998269174205514,0.0029549820434938093,0.44824561403508767,0.007124201432000133,0.9999999997234807,0.9919828214562016,0.9855281704452468,0.9855281704452468,0.9855281704451335,,6.125805465799743e-13,0.9999999999667601,7.585973278963461e-14,,,,,1.0,,0.0,1.0,0.75,1.4238426238064856e-13,1.4238426238064856e-13,0.0,2.2595701998213302,0.6447065287087514,181,1.523472917499425,0.7042789113652842,1528,952.4728342582795,0.5008004013321387,854.5,323.6606202457578,0.5264746241461531,1361,0.5943810304597339,0.7715092316736338,0.3524805091760961,5,1022.0,,,,,,,,,,,,,1.4729997069581781e-19,0.03641360043841643,1.4840488811992124e-27,0.987774785852034,0.21634156627498863,0.0019524272263971203,0.33910612005592383,1.0,0.007124201432000132,0.9999999999999541,0.0008499884728391221,0.0007982210227401261,0.0007982210227401261,0.0007982210227337863,,0.0,4.786380409530668e-19,0.020163910573049823,7.054128794466933e-19,,,,,0.4782608695652174,,0.0,1.0,0.9302325581395349,4.770970844811595e-19,4.770970844811595e-19,0.9302325581395349,0.5814294660167882,0.18110015290550946,96,1.6512280769885894,0.801521472585459,1499,992.0708140047262,0.536415507474427,797.5,180.44388714733546,0.5818759780362789,1242,1104.4,1082.5,563.6960149978129,300,0.520820561188399,0.7876173146100969,0.3991404127850916,6,933.0
db21,1.0,smooth,1.1626798775584033e-26,316.59279718027614,4962543.49411277,0.5650406504065041,56.829519526707095,206,smoothed,7.258918385471508e-14,-2.0141370793425088e-10,6.1936939951183705,42537.198027629056,0.9896313480216572,0.0001496656645132027,1.0,362.4000000000001,,,,[],[],11,426.59999999999997,32.20000000000002,728.3999999999999,"[9, 31, 53, 64, 80, 102, 131, 148, 158, 175, 192]","[310.9999999999999, 417.80000000000007, 589.6, 432.19999999999993, 728.3999999999999, 371.00000000000034, 586.9999999999999, 32.20000000000002, 448.1999999999999, 367.9999999999998, 407.19999999999953]","[1, 1, 1, 60, 1, 94, 120, 144, 144, 165, 186]","[20, 40, 75, 75, 205, 120, 205, 149, 205, 186, 205]",30736475.839999996,728.3999999999999,-728.3999999999999,0.0,,,,DWT,mdp.39015067403892,0.0,,0.0,15.0,11.0,0.0,33.0,,1.1368683772161603e-13,168.40000000000003,987.7999999999993,168.39999999999995,,0.0,168.40000000000003,,,28.00000000000003,0.0,33.0,1.1368683772161603e-13,1.1368683772161603e-13,,1.1368683772161603e-13,1.1063134854688466e-13,2.9239096636351275e-26,0.9676411818197512,0.08561939093592255,0.06260037879090463,0.3569725142535263,0.11681624999448845,,0.9999996647345563,4.4059199552998455e-09,4.4059199552998455e-09,3.6786382706978885e-09,,1.2251610931599486e-12,0.9999999955940747,7.585973278963461e-14,,,,,,0.0,0.0,1.0,1.7477015598164352e-13,1.7477015598164352e-13,0.899999900965268,0.3383296774382067,459,0.8442100996545034,0.4285783377778935,351,0,0.2499999727350633,0.3557007787854353,458,0.0,0.22709281654210056,0.40065319044640124,334,67.33250824576987,0.9294208508954194,400.5,391.96202779509747,0.7548047650703512,218,db,0.573477938514061,0.8443824841957417,0.34525069778143475,3,164.25,7.3369848661214e-14,0.9999999999705136,7.431015218866747e-27,0.9543763864215414,0.7433953198861663,0.00016398873728233512,0.29293966623876794,0.001137779918134567,0.9999999997235934,2.0315811923854454e-05,4.745387416349445e-11,4.745387416349445e-11,3.9620695613251655e-11,,1.2251610931599486e-12,0.0031261328403482946,7.585973278963461e-14,,,,,0.0,,0.0,0.0,1.0,1.4238426238064856e-13,1.4238426238064856e-13,1.0,0.3015691612048173,0.08604450842082322,1412,1.7620364645080235,0.8145632972895387,152,890.9545442950499,0.533042691669261,782.0,274.45524296675194,0.561594721096685,1085,0.49117026184683504,0.8233619396015222,0.4091722348267588,4,814.75,,,,,,,,,,,,,4.926329001202035e-19,0.999999999971583,7.431015218866747e-27,0.9669064475744557,0.22981011999145845,0.0012997755569590795,0.2216142902871326,1.0,0.001137779918134567,0.9999999999999541,9.960751159770467e-05,3.8434858594393884e-14,3.8434858594393884e-14,3.209043274166046e-14,,0.0,9.572760819061336e-19,0.004567040150618464,7.054128794466933e-19,,,,,0.13043478260869565,,0.0,0.7209302325581395,1.0,4.770970844811595e-19,4.770970844811595e-19,1.0,0.42658033862811345,0.13286867808967343,1494,1.8847996443924453,0.914899284693075,66,1009.7484835343898,0.5281549142362665,780.0,126.4153846153846,0.5818344664639277,1243,1009.0473684210526,935.5,610.6543869996938,760,0.4758535102197843,0.8532293215616218,0.41093374637766444,5,933.5
rbio4.4,1.0,reflect,4.0401446718060216e-20,253.40782330000815,6074147.736812777,0.6308411214953271,299.0668818523648,206,raw,1.5734507979169233e-10,-1.399221851535508e-10,6.398395908295599,64246.363155506755,0.740193048949563,5.618943883699074e-06,1.0,327.0000000002369,,,,[],[],13,661.1538461533338,87.00000000004181,939.9999999992374,"[8, 32, 51, 63, 81, 100, 111, 133, 152, 162, 175, 192, 204]","[877.9999999995092, 637.999999999377, 786.9999999993614, 791.9999999993106, 939.9999999992374, 787.9999999993794, 636.9999999994692, 674.9999999997368, 770.999999999358, 195.99999999973352, 833.9999999992726, 571.9999999995513, 87.00000000004181]","[0, 13, 39, 39, 76, 99, 107, 107, 107, 161, 99, 187, 203]","[76, 39, 61, 76, 205, 164, 119, 142, 164, 164, 205, 205, 205]",37754612.999982625,940.9999999994957,-940.9999999994957,0.0,,,,DWT,mdp.39015067403892,1.7374753952026367e-05,,0.0,33.0,19.0,0.0,28.5,,5.043148121330887e-10,256.3413461533338,4359.000000006661,256.3413461533814,,0.0,256.3413461533338,,,84.00000000004181,0.0,19.5,7.626113074366003e-10,5.043148121330887e-10,,2.369233698118478e-10,1.9878989023036005e-10,2.8590738126057313e-20,0.7212095284256819,0.8141095620884559,0.0003805897689407747,0.5527369826435248,0.0005268066408120476,0.9999999997245204,0.47422802466016784,6.299186339516221e-09,6.299186339516221e-09,5.722063187161441e-09,,1.1917460026293674e-08,0.9999999937008136,9.131576071129131e-10,,,,,,1.719743220970335e-10,1.0,0.0,6.31616587920557e-10,6.31616587920557e-10,0.7422684164985304,0.24267159584668258,621,1.4612763086472875,0.7018559596622646,688,0,0.20618567091227014,0.246354346179882,621,0.0,0.38612043368634075,0.7013285738799419,640,31.628046625318696,0.9668469112942152,642.5,641.3750785772592,0.6466834137183863,420,rbio,0.5136782423812899,1.0,0.3404252303330971,4,316.0,1.9878989023036002e-10,0.00015478833002724457,2.8590738126057313e-20,0.7212095284256819,0.814109562088456,0.0014136758888100122,0.6638465322183966,0.0028912609411014673,0.9999999997245202,0.9919828214569422,0.9855281704395047,0.9855281704395047,0.9855281704399258,,2.553235718145333e-09,0.9999999999687299,5.08867087552869e-10,,,,,1.0,,1.719743220970335e-10,1.0,0.25,6.31616587920557e-10,6.31616587920557e-10,0.0,2.2095702016868137,0.630440397373112,625,1.5072288897562944,0.6967695385082352,1562,662.559053971795,0.6527468270588077,1093.5,892.7754915409236,0.5398168097558189,1268,0.3888041033402703,1.0,0.4278371276618108,3,951.75,,,,,,,,,,,,,1.3347504721040644e-15,0.0364136004384767,2.8590738126057313e-20,0.7977764941630326,0.25167042506857634,0.0015920049950966172,0.502212213136209,1.0,0.0028912609411014673,0.9999999999999544,0.0008499884728396823,0.0007982210227354753,0.0007982210227354753,0.0007982210227295684,,0.0,1.9949633546923827e-15,0.02016391057308064,4.7319095953284194e-15,,,,,0.4782608695652174,,5.4412284332224505e-18,1.0,0.7906976744186046,2.116402666758423e-15,2.116402666758423e-15,0.9302325581395349,0.567475977644711,0.17675400427451546,631,1.6182625812921052,0.7855197142436656,1592,679.5296167202722,0.6824627959251064,1111.5,903.7804768331083,0.5815351362803103,1244,818.67,599.5,715.6978453131971,300,0.38607403914171184,1.0,0.42974817260080167,3,933.75
db8,1.0,antireflect,4.1000700900893785e-27,321.1194859326289,5193285.503245779,0.5318181818181819,98.59642123800062,206,smoothed,4.189960137206706e-14,-1.9979577992046453e-10,6.29393496627881,58121.120117176695,0.9899617403940504,0.00014966566451320268,0.9999999999999997,362.3999999999999,,,,[],[],11,426.59999999999997,32.19999999999996,728.3999999999999,"[9, 31, 53, 64, 80, 102, 131, 148, 158, 175, 192]","[311.0, 417.79999999999995, 589.6000000000001, 432.19999999999993, 728.3999999999999, 370.99999999999994, 587.0, 32.19999999999996, 448.2, 367.9999999999999, 407.1999999999998]","[0, 0, 0, 60, 0, 94, 120, 144, 144, 165, 186]","[20, 40, 75, 75, 203, 120, 203, 149, 203, 186, 203]",30736475.83999999,728.3999999999999,-728.3999999999999,0.0,,,,DWT,mdp.39015067403892,7.450580596923828e-09,,0.0,33.0,11.0,0.0,33.0,,1.1368683772161603e-13,168.40000000000003,987.7999999999993,168.39999999999998,,0.0,168.40000000000003,,,27.99999999999997,0.0,15.0,1.1368683772161603e-13,1.1368683772161603e-13,,5.684341886080802e-14,4.3210634595110254e-14,7.211375077282359e-27,0.9848399414145352,0.23020737489201445,0.16162443643224206,0.12876792967447026,0.24605112070834118,,0.9999996646849938,4.4059199552998455e-09,4.4059199552998455e-09,3.67866784340914e-09,,6.125805465799743e-13,0.9999999955940747,7.585973278963461e-14,,,,,,1.5893391424973748e-13,1.0,0.0,1.7477015598164352e-13,1.7477015598164352e-13,0.8999999009501815,0.33832967743253534,579,0.936747490663987,0.47555659738101635,241,0,0.24999997273089775,0.35570077877950856,580,0.0,0.2502129718745209,0.4414434018612713,237,196.59497280788574,0.7939256050231805,409.25,338.4083152616377,0.682471188255825,359,db,0.573477938514061,0.8443824841957417,0.34525069778143475,3,270.0,3.459302876506471e-14,0.9999999999705134,2.1046036105778374e-27,0.9710808927098776,0.7780235468685636,0.0004233934004300837,0.10566985645933058,0.0023965161010532643,0.9999999997236179,2.0315811922799742e-05,4.745387416349445e-11,4.745387416349445e-11,3.962102868015904e-11,,6.125805465799743e-13,0.0031261328403482946,7.585973278963461e-14,,,,,0.0,,7.374542113937972e-14,1.0,0.0,1.4238426238064856e-13,1.4238426238064856e-13,1.0,0.3015691612045477,0.08604450842074628,1460,1.7150985546651885,0.7928645984376201,593,613.0615792887367,0.6786888997438487,1026.5,843.429128105212,0.5703454980899537,1031,0.49117026184683504,0.8233619396015222,0.4091722348267588,4,774.25,,,,,,,,,,,,,2.3227067242792746e-19,0.9999999999715827,2.1046036105778374e-27,0.9790232312142526,0.24051494525069572,0.0013604352819704597,0.0799412061352262,0.9999999999999997,0.0023965161010532643,0.9999999999999541,9.960751159770391e-05,3.8434858594393884e-14,3.8434858594393884e-14,3.2090649582094954e-14,,0.0,4.786380409530668e-19,0.004567040150618464,7.054128794466933e-19,,,,,0.13043478260869565,,2.3332883504384434e-21,1.0,0.7209302325581395,4.770970844811595e-19,4.770970844811595e-19,1.0,0.42658033862811345,0.13286867808967343,1547,1.8412867178808527,0.8937777052940133,368,833.6788950189396,0.6104304228883459,957.5,594.5650130548303,0.581500258173145,1245,1009.0473684210526,935.5,610.6543869996938,760,0.4758535102197843,0.8532293215616218,0.41093374637766444,5,935.0
bior5.5,1.0,antisymmetric,2.1694048093286694e-20,253.88399275641456,4845564.240801442,0.5324074074074074,104.70671159951023,206,smoothed,1.2127921105359046e-10,,6.28218280214741,38302.72181868197,0.9795070609253448,0.00014966566451294356,0.9999999999999999,362.4000000000248,,,,[],[],11,426.6000000003767,32.200000000052114,728.4000000005344,"[9, 31, 53, 64, 80, 102, 131, 148, 158, 175, 192]","[311.0000000003758, 417.800000000337, 589.600000000416, 432.2000000007008, 728.4000000005344, 371.00000000047, 587.0000000001746, 32.200000000052114, 448.20000000030427, 368.00000000039205, 407.2000000003869]","[1, 1, 1, 60, 1, 94, 120, 144, 144, 165, 186]","[20, 40, 75, 75, 204, 120, 204, 149, 204, 186, 204]",30736475.840008877,728.4000000004494,-728.4000000004494,0.0,,,,DWT,mdp.39015067403892,8.881092071533203e-06,,0.0,15.0,11.0,0.0,33.0,,4.4940406951354817e-10,168.4000000003768,987.7999999958547,168.40000000037674,,0.0,168.4000000003768,,,28.000000000052125,0.0,33.0,5.34441824129317e-10,4.4940406951354817e-10,,2.4840574042173102e-11,2.663846018973714e-10,6.348978883372956e-20,0.7293845419741769,0.21325600561447136,0.012398162184286785,0.13281531045399,0.08170044395672563,,0.9999997101585757,4.797935815363575e-09,4.797935815363575e-09,4.070683703757963e-09,,2.676976988554488e-10,0.9999999952020373,3.566166038440723e-10,,,,,,1.894492257856871e-10,0.0,1.0,6.908664265954368e-10,6.908664265954368e-10,0.8999999154317861,0.33832968287648774,314,0.6362641109280869,0.32301084192298557,883,0,0.24999997676855537,0.35570078452430104,314,0.0,0.16707920920714792,0.2947729445845128,878,327.07529714119346,0.6571537765815583,597.25,462.9157205460228,0.5155527792761041,852,bior,0.8100315533562081,0.7923003667562746,0.1952878026237719,6,640.5,1.5322003937799783e-10,0.9999999999687148,1.535214412865283e-20,0.722966701519308,0.7739637637044007,3.2478381129511695e-05,0.10899122807017583,0.0007957550806589574,,2.0315812846671832e-05,5.1675996814992686e-11,5.1675996814992686e-11,4.384315133165728e-11,,2.676976988554488e-10,0.0031261328391227194,3.566166038440723e-10,,,,,0.0,,8.790454199814063e-11,0.0,1.0,5.628449891907037e-10,5.628449891907037e-10,1.0,0.3015691617888213,0.08604450858745277,1269,1.1646929352512645,0.5384202522352404,1786,365.57420587344507,0.808399263169054,1527.5,1483.7538461538459,0.5039113716264557,1521,0.5943810304597339,0.7715092316736338,0.3524805091760961,5,1142.0,,,,,,,,,,,,,1.0287772665833095e-15,0.9999999999698493,1.535214412865283e-20,0.7990510775494334,0.23925992086308126,0.0012690229022319928,0.08245388535606402,0.9999999999999999,0.0007957550806589574,,9.960751159840268e-05,4.185464908684766e-14,4.185464908684766e-14,3.551044007454873e-14,,0.0,2.0916482389649021e-16,0.004567040150599289,3.3161459462789052e-15,,,,,0.13043478260869565,,2.781279713722625e-18,0.7209302325581395,1.0,1.885964774954023e-15,1.885964774954023e-15,1.0,0.42658033862810973,0.13286867808967226,1673,1.332994974577961,0.6470481636439174,1771,69.29646455628166,0.9676184745064105,1722.0,1720.6056910569107,0.5814727886550743,1246,1104.4,1082.5,563.6960149978129,300,0.520820561188399,0.7876173146100969,0.3991404127850916,6,936.0
db37,1.0,reflect,1.5704734807264784e-26,315.2870926701738,6719591.871349887,0.5287769784172662,118.71776087830119,206,smoothed,9.138752322312548e-14,-2.0636494735271112e-10,6.684779112980719,31328.611611959306,0.9819348465425156,0.0001496656645132028,0.9999999999999999,362.39999999999986,,,,[],[],11,426.6,32.2000000000001,728.3999999999997,"[9, 31, 53, 64, 80, 102, 131, 148, 158, 175, 192]","[310.9999999999999, 417.8000000000002, 589.6000000000003, 432.20000000000016, 728.3999999999997, 371.0000000000001, 586.9999999999998, 32.2000000000001, 448.20000000000044, 368.00000000000017, 407.2000000000002]","[0, 0, 0, 60, 0, 94, 120, 144, 144, 165, 186]","[20, 40, 75, 75, 203, 120, 203, 149, 203, 186, 203]",30736475.840000004,728.3999999999996,-728.3999999999996,0.0,,,,DWT,mdp.39015067403892,7.450580596923828e-09,,0.0,33.0,11.0,0.0,33.0,,3.410605131648481e-13,168.4000000000001,987.7999999999984,168.40000000000012,,0.0,168.4000000000001,,,28.000000000000114,0.0,15.0,2.2737367544323206e-13,3.410605131648481e-13,,1.1368683772161603e-13,1.5192866701130392e-13,4.117358281155669e-26,0.9626802712735152,0.7939625596080466,0.8166462521015232,0.1078779540580794,0.023865309403885596,,0.9999996648089,4.4059791007223055e-09,4.4059791007223055e-09,3.678815706965397e-09,,1.2251610931599486e-12,0.9999999955939887,1.5171946557926922e-13,,,,,,1.5893391424973748e-13,1.0,0.0,5.243104679449306e-13,5.243104679449306e-13,0.8999999009878742,0.33832967744670484,343,1.4356098740037255,0.7288129977950396,52,0,0.24999997274135388,0.3557007787943856,340,0.0,0.3864331923493146,0.6817727384187766,61,164.59040069214242,0.8274733745365384,199.0,96.43006214068645,0.8094389933479338,126,db,0.573477938514061,0.8443824841957417,0.34525069778143475,3,95.25,9.712187658299132e-14,0.999999999970514,1.0316832779803112e-26,0.9495580411822367,0.9130405929930775,0.0021392967626569365,0.08852707307837987,0.0002324459977194114,0.9999999997235188,2.0315811925353255e-05,4.745454029730922e-11,4.745454029730922e-11,3.962258299239352e-11,,1.2251610931599486e-12,0.0031261328403480726,1.5171946557926922e-13,,,,,0.0,,7.374542113937972e-14,1.0,0.0,4.2715278714194565e-13,4.2715278714194565e-13,1.0,0.3015691612050073,0.08604450842087742,1345,1.7628285770982397,0.814929479179816,146,847.8210306426705,0.5556493550090825,745.5,263.4071093226023,0.5824630422844155,965,0.49117026184683504,0.8233619396015222,0.4091722348267588,4,724.75,,,,,,,,,,,,,6.521129946324714e-19,0.9999999999715835,1.0316832779803112e-26,0.9634114118183096,0.28225355019041753,0.001761685686784884,0.06697237258224847,0.9999999999999999,0.0002324459977194114,0.9999999999999541,9.960751159770586e-05,3.8435400695480126e-14,3.8435400695480126e-14,3.209195062470194e-14,,0.0,9.572760819061336e-19,0.00456704015061846,1.4108257588933865e-18,,,,,0.13043478260869565,,2.3332883504384434e-21,1.0,0.7209302325581395,1.4312912534434783e-18,1.4312912534434783e-18,1.0,0.42658033862811345,0.13286867808967343,1535,1.8469363924530307,0.8965201098993051,297,875.3981951089459,0.590935422846287,916.0,497.7019650655022,0.5814490198343585,1247,1009.0473684210526,935.5,610.6543869996938,760,0.4758535102197843,0.8532293215616218,0.41093374637766444,5,936.5
bior3.9,1.0,smooth,3.614017847172603e-27,323.8918895393966,11065123.279385941,0.5848214285714286,218.32024399617924,206,raw,3.6158778236966514e-14,-2.0867751970854734e-10,5.745011437265059,226322.02851417413,0.963545176452012,5.618943883690066e-06,1.0,327.0,,,,[],[],13,661.1538461538462,87.0,939.9999999999999,"[8, 32, 51, 63, 81, 100, 111, 133, 152, 162, 175, 192, 204]","[877.9999999999999, 638.0, 786.9999999999998, 792.0, 939.9999999999999, 788.0, 637.0, 675.0, 771.0, 196.0, 834.0, 572.0, 87.0]","[0, 13, 39, 39, 76, 99, 107, 107, 107, 161, 164, 187, 203]","[76, 39, 61, 76, 205, 164, 119, 142, 164, 164, 205, 205, 205]",37754613.0,940.9999999999999,-940.9999999999999,0.0,,,,DWT,mdp.39015067403892,0.0,,0.0,33.0,19.0,0.0,28.5,,1.1368683772161603e-13,256.3413461538462,4359.0,256.34134615384613,,0.0,256.3413461538462,,,84.0,0.0,24.0,1.1368683772161603e-13,1.1368683772161603e-13,,0.0,2.7339399137118302e-14,1.760640859018043e-27,0.9813116896602944,0.588398004152668,0.005997346535980656,0.20758928571428586,0.01364893824597507,0.9999999997234841,0.4742280246116003,6.6959667625959335e-09,6.6959667625959335e-09,6.0819563246244724e-09,,0.0,0.9999999933040264,1.3612963731558036e-13,,,,,,0.0,1.0,0.5,1.4238426238064856e-13,1.4238426238064856e-13,0.7922684098777852,0.25901821374927975,527,1.3744799786140072,0.6601673884111072,817,0,0.24785233644916138,0.2961384271997712,527,0.0,0.3496181580040894,0.6350277860578665,819,168.01091234401017,0.8238879325534485,672.5,641.0196989844657,0.5594806539077515,677,bior,0.672619891330026,0.76736776154697,0.2989557476048908,5,509.0,2.733939913711829e-14,0.0001547883299646835,1.7606408590180424e-27,0.9813116896602944,0.588398004152668,0.007024627853146665,0.4044407894736845,0.01598234951208514,0.999999999723484,0.9919828214562016,0.9855281704452468,0.9855281704452468,0.9855281704451341,,0.0,0.9999999999667601,7.585973278963461e-14,,,,,1.0,,0.0,1.0,0.5,1.4238426238064856e-13,1.4238426238064856e-13,0.0,2.234570199821024,0.6375734627747119,525,1.454714021781783,0.6724926947109154,1642,789.8382745853736,0.5860386401544164,1083.5,795.6160590678357,0.5090832613769986,1486,0.5943810304597339,0.7715092316736338,0.3524805091760961,5,1115.75,,,,,,,,,,,,,1.8356706099602742e-19,0.03641360043841643,1.7606408590180424e-27,0.9864442439021555,0.18189489807087444,0.0029040816520026157,0.30596695788314,1.0,0.01598234951208514,0.9999999999999541,0.0008499884728391221,0.0007982210227401261,0.0007982210227401261,0.0007982210227337869,,0.0,0.0,0.020163910573049823,7.054128794466933e-19,,,,,0.4782608695652174,,0.0,1.0,0.8604651162790697,4.770970844811595e-19,4.770970844811595e-19,0.9302325581395349,0.5744527218307418,0.17892707859001003,543,1.6239698392923285,0.7882900703807214,1578,731.8555185280767,0.6580114399401511,1060.5,807.9717114568599,0.5812253461382999,1248,1104.4,1082.5,563.6960149978129,300,0.520820561188399,0.7876173146100969,0.3991404127850916,6,937.5
rbio4.4,1.0,periodic,4.0436407939574187e-20,253.40406677613822,6069478.813329776,0.6308411214953271,295.9252645713612,206,raw,1.5770059260613305e-10,1.3431366925223719e-11,6.39055517309044,65105.7718236847,0.7432997967407379,5.61894388369919e-06,1.0,327.0000000002369,,,,[],[],13,661.1538461533166,86.99999999990754,939.9999999992374,"[8, 32, 51, 63, 81, 100, 111, 133, 152, 162, 175, 192, 204]","[877.9999999994224, 637.999999999377, 786.9999999993614, 791.9999999993106, 939.9999999992374, 787.9999999993794, 636.9999999994692, 674.9999999997368, 770.999999999358, 195.99999999973352, 833.9999999992726, 571.9999999995513, 86.99999999990754]","[0, 13, 39, 39, 76, 99, 107, 107, 107, 161, 99, 187, 203]","[76, 39, 61, 76, 205, 164, 119, 142, 164, 164, 205, 205, 205]",37754612.9999825,940.9999999994957,-940.9999999994957,0.0,,,,DWT,mdp.39015067403892,1.7501413822174072e-05,,0.0,33.0,19.0,0.0,28.5,,5.043148121330887e-10,256.34134615331664,4359.000000006883,256.3413461533643,,0.0,256.34134615331664,,,83.99999999990754,0.0,19.5,7.626113074366003e-10,5.043148121330887e-10,,2.369233698118478e-10,1.9923908683914858e-10,2.861547900139547e-20,0.7211956660021664,0.8114009814028343,0.0003753354439407332,0.5527369826435248,0.000596386942219373,0.9999999997268316,0.47422802450419704,6.285892830777584e-09,6.285892830777584e-09,5.708857714896407e-09,,1.1917460026293674e-08,0.9999999937140327,9.131576071129131e-10,,,,,,1.7322799425640296e-10,1.0,0.0,6.31616587920557e-10,6.31616587920557e-10,0.7422684164470379,0.242671595829848,633,1.4599389058094894,0.7012136005501493,696,0,0.2061856708971626,0.24635434616183127,633,0.0,0.3857881690450945,0.7007250660967065,643,30.20347662107791,0.9683401712567318,651.25,650.2427037551581,0.642844089821238,426,rbio,0.5136782423812899,1.0,0.3404252303330971,4,320.5,1.9923908683914855e-10,0.00015478833002802173,2.861547900139547e-20,0.7211956660021664,0.8114009814028343,0.00140842699404689,0.6638465322183966,0.0029606766363502973,0.9999999997268315,0.9919828214545638,0.9855281704393122,0.9855281704393122,0.9855281704397347,,2.553235718145333e-09,0.9999999999687954,5.08867087552869e-10,,,,,1.0,,1.7322799425640296e-10,1.0,0.25,6.31616587920557e-10,6.31616587920557e-10,0.0,2.209570201686587,0.6304403973730472,628,1.505891423791152,0.6961512478493735,1567,663.9732675341681,0.6520056249820922,1097.5,896.6523917995444,0.5383979906881111,1282,0.3888041033402703,1.0,0.4278371276618108,3,962.25,,,,,,,,,,,,,1.3377665479465192e-15,0.036413600438477474,2.861547900139547e-20,0.7977664389130563,0.25083310576386975,0.0015907775826473534,0.502212213136209,1.0,0.0029606766363502973,0.9999999999999547,0.0008499884728378833,0.0007982210227353195,0.0007982210227353195,0.0007982210227294136,,0.0,1.9949633546923827e-15,0.020163910573081666,4.7319095953284194e-15,,,,,0.4782608695652174,,5.480894335179903e-18,1.0,0.7906976744186046,2.116402666758423e-15,2.116402666758423e-15,0.9302325581395349,0.5674759776447109,0.17675400427451543,632,1.6178650410616418,0.7853267445168463,1594,680.2367235014588,0.6821323721955801,1113.0,905.1284815813118,0.5810194571258274,1249,818.67,599.5,715.6978453131971,300,0.38607403914171184,1.0,0.42974817260080167,3,937.5
db17,1.0,antisymmetric,7.957553963557687e-27,318.23960281807155,5509755.193563038,0.5378151260504201,106.18140015216738,206,smoothed,6.345733000556527e-14,-1.963037510321901e-10,6.416800297901778,85380.82596405009,0.9936523988203172,0.00014966566451320284,1.0,362.39999999999986,,,,[],[],11,426.59999999999997,32.200000000000045,728.3999999999999,"[9, 31, 53, 64, 80, 102, 131, 148, 158, 175, 192]","[311.0, 417.7999999999998, 589.5999999999999, 432.1999999999998, 728.3999999999999, 371.0000000000001, 587.0000000000001, 32.200000000000045, 448.20000000000005, 368.00000000000006, 407.20000000000016]","[1, 1, 1, 60, 1, 94, 120, 144, 144, 165, 186]","[20, 40, 75, 75, 204, 120, 204, 149, 204, 186, 204]",30736475.839999992,728.3999999999999,-728.3999999999999,0.0,,,,DWT,mdp.39015067403892,3.725290298461914e-09,,0.0,15.0,11.0,0.0,33.0,,1.1368683772161603e-13,168.40000000000003,987.7999999999993,168.40000000000003,,0.0,168.40000000000003,,,28.000000000000057,0.0,33.0,1.1368683772161603e-13,1.1368683772161603e-13,,1.1368683772161603e-13,9.056994476072876e-14,1.8500686042763801e-26,0.9738980763873438,0.40742882827386884,0.29743894621077055,0.16996083993709732,0.4721113217652498,,0.9999996647593375,4.4059199552998455e-09,4.4059199552998455e-09,3.6787269888316428e-09,,1.2251610931599486e-12,0.9999999955940747,7.585973278963461e-14,,,,,,7.946695712486874e-14,0.0,1.0,1.7477015598164352e-13,1.7477015598164352e-13,0.8999999009727688,0.33832967744102643,382,1.1936015977556922,0.6059531732024139,128,0,0.24999997273714245,0.35570077878839357,383,0.0,0.3315482875106316,0.5849409118299826,117,150.17878234513245,0.842579892719987,252.5,185.2857571655595,0.7889524201545428,170,db,0.573477938514061,0.8443824841957417,0.34525069778143475,3,128.25,6.183159289554331e-14,0.9999999999705145,4.8344146268863845e-27,0.9604534720435478,0.8204673554475728,0.0007791747933445336,0.1394736842105264,0.004598322417076493,0.9999999997236705,2.0315811924354055e-05,4.745387416349445e-11,4.745387416349445e-11,3.962169481397382e-11,,1.2251610931599486e-12,0.0031261328403482946,7.585973278963461e-14,,,,,0.0,,3.687271056968986e-14,0.0,1.0,1.4238426238064856e-13,1.4238426238064856e-13,1.0,0.30156916120483623,0.08604450842082861,1404,1.7445241508782696,0.8064676146968384,291,787.0098474606274,0.5875210443078474,847.5,482.0814159292035,0.5716693271853702,1027,0.49117026184683504,0.8233619396015222,0.4091722348267588,4,771.25,,,,,,,,,,,,,4.1516068907043683e-19,0.9999999999715838,4.8344146268863845e-27,0.9713145234775302,0.25363584671659434,0.0014436319415696902,0.10551442874538536,1.0,0.004598322417076493,0.9999999999999541,9.960751159770499e-05,3.8434858594393884e-14,3.8434858594393884e-14,3.20911916831812e-14,,0.0,9.572760819061336e-19,0.004567040150618464,7.054128794466933e-19,,,,,0.13043478260869565,,1.1666441752192217e-21,0.7209302325581395,1.0,4.770970844811595e-19,4.770970844811595e-19,1.0,0.42658033862811345,0.13286867808967343,1529,1.8543735538720418,0.9001301772518983,249,905.0966799187809,0.5770576262061772,889.0,428.25759280089994,0.5808185327292568,1250,1009.0473684210526,935.5,610.6543869996938,760,0.4758535102197843,0.8532293215616218,0.41093374637766444,5,938.75
rbio4.4,1.0,symmetric,4.0473952844452007e-20,253.40003625494802,6039916.001812447,0.6308411214953271,295.9252645713612,206,raw,1.5770411082744608e-10,5.132894089335186e-11,6.382469199178138,64999.48255680132,0.7446342619556967,5.61894388369919e-06,1.0,327.0000000002369,,,,[],[],13,661.1538461533198,86.99999999990837,939.9999999992374,"[8, 32, 51, 63, 81, 100, 111, 133, 152, 162, 175, 192, 204]","[877.9999999994602, 637.999999999377, 786.9999999993614, 791.9999999993106, 939.9999999992374, 787.9999999993794, 636.9999999994692, 674.9999999997368, 770.999999999358, 195.99999999973352, 833.9999999992726, 571.9999999995513, 86.99999999990837]","[0, 13, 39, 39, 76, 99, 107, 107, 107, 161, 99, 187, 203]","[76, 39, 61, 76, 205, 164, 119, 142, 164, 164, 205, 205, 205]",37754612.9999825,940.9999999994957,-940.9999999994957,0.0,,,,DWT,mdp.39015067403892,1.7501413822174072e-05,,0.0,33.0,19.0,0.0,28.5,,5.043148121330887e-10,256.3413461533198,4359.000000006843,256.34134615336734,,0.0,256.3413461533198,,,83.99999999990837,0.0,19.5,7.626113074366003e-10,5.043148121330887e-10,,2.369233698118478e-10,1.992435321728147e-10,2.864204826216326e-20,0.7211807924665092,0.8086076830462097,0.00034206597182525293,0.5527369826435248,0.0005877814446255577,0.9999999997274028,0.47422802450515456,6.288357852265543e-09,6.288357852265543e-09,5.71119068166323e-09,,1.1917460026293674e-08,0.9999999937116489,9.131576071129131e-10,,,,,,1.7322799425640296e-10,1.0,0.0,6.31616587920557e-10,6.31616587920557e-10,0.7422684164483121,0.2426715958302646,631,1.4585132555749172,0.7005288559145131,697,0,0.206185670897649,0.24635434616241242,631,0.0,0.3854319131874176,0.7000779819467806,648,31.212978070027216,0.9672819936372881,651.75,650.6707701510326,0.6420529465041787,430,rbio,0.5136782423812899,1.0,0.3404252303330971,4,323.5,1.992435321728147e-10,0.00015478833002802173,2.864204826216326e-20,0.7211807924665092,0.8086076830462097,0.001375191905247206,0.6638465322183966,0.0029520914967870195,0.9999999997274027,0.9919828214545785,0.9855281704393479,0.9855281704393479,0.9855281704397685,,2.553235718145333e-09,0.9999999999687837,5.08867087552869e-10,,,,,1.0,,1.7322799425640296e-10,1.0,0.25,6.31616587920557e-10,6.31616587920557e-10,0.0,2.2095702016866166,0.6304403973730557,627,1.5044657988914498,0.6954922026239254,1571,667.5088014401009,0.6501526197903036,1099.0,896.2848043676069,0.5370784063312105,1287,0.3888041033402703,1.0,0.4278371276618108,3,966.0,,,,,,,,,,,,,1.3377963955972358e-15,0.036413600438477474,2.864204826216326e-20,0.7977556502425979,0.24996959719267486,0.00158300582047911,0.502212213136209,1.0,0.0029520914967870195,0.9999999999999548,0.0008499884728378943,0.0007982210227353484,0.0007982210227353484,0.0007982210227294409,,0.0,1.9949633546923827e-15,0.020163910573081482,4.7319095953284194e-15,,,,,0.4782608695652174,,5.480894335179903e-18,1.0,0.7906976744186046,2.116402666758423e-15,2.116402666758423e-15,0.9302325581395349,0.5674759776447108,0.1767540042745154,636,1.6174194936368598,0.785110471651217,1596,678.8225099390856,0.6827932196546329,1116.0,909.5483870967741,0.5806489462759146,1251,818.67,599.5,715.6978453131971,300,0.38607403914171184,1.0,0.42974817260080167,3,939.0
sym12,1.0,antisymmetric,2.2540517366368643e-23,283.71775994178074,5312933.414443777,0.5350877192982456,87.41120274174693,206,smoothed,3.8684826647325286e-12,,6.342120049116953,69569.48313218016,0.9915690363920988,0.0001496656645131902,1.0,362.40000000000055,,,,[],[],11,426.6000000000127,32.20000000000351,728.4000000000202,"[9, 31, 53, 64, 80, 102, 131, 148, 158, 175, 192]","[311.00000000001455, 417.8000000000107, 589.6000000000142, 432.2000000000222, 728.4000000000202, 371.0000000000151, 587.0000000000044, 32.20000000000351, 448.20000000000937, 368.00000000001234, 407.2000000000124]","[1, 1, 1, 60, 1, 94, 120, 144, 144, 165, 186]","[20, 40, 75, 75, 203, 120, 203, 149, 203, 186, 203]",30736475.84000027,728.400000000016,-728.400000000016,0.0,,,,DWT,mdp.39015067403892,2.7567148208618164e-07,,0.0,33.0,11.0,0.0,33.0,,1.602984411874786e-11,168.40000000001277,987.7999999998592,168.40000000001265,,0.0,168.40000000001277,,,28.000000000003524,0.0,33.0,2.0236257114447653e-11,1.602984411874786e-11,,5.684341886080801e-13,8.449677626233046e-12,6.596228241385536e-23,0.8427353415760233,0.29970973409375656,0.21297192057548037,0.1512263282856399,0.34099048870746423,,0.9999996677826493,4.419168529930847e-09,4.419168529930847e-09,3.6918572726272734e-09,,6.125805465799743e-12,0.9999999955808261,1.350303243655496e-11,,,,,,5.8805548272402866e-12,1.0,1.0,2.4642591993411734e-11,2.4642591993411734e-11,0.9999999019068777,0.37592186831079305,47,0.9588687590800089,0.48678685445938735,229,0,0.3333333063307053,0.47426771835134107,47,0.0,0.26394768760668774,0.4656751576770562,216,101.46386877439016,0.8936437434230711,134.75,77.59512028236944,0.8761981819840723,59,sym,1.0,1.0,0.0,7,46.0,4.869547116181534e-12,0.9999999999704268,1.595036575556044e-23,0.8330600564674878,0.7946690758011816,0.000557903913783364,0.12409972299168995,0.0033212171281354237,,2.0315811985749388e-05,4.759653782215878e-11,4.759653782215878e-11,3.976308171615983e-11,,6.125805465799743e-12,0.0031261328403068833,1.350303243655496e-11,,,,,0.0,,2.7285805821570494e-12,1.0,1.0,2.0076180995671447e-11,2.0076180995671447e-11,1.0,0.4015691612234452,0.11457677216194642,1003,1.2484178997784945,0.577125060305028,1691,486.4894654563447,0.7450264856098823,1347.0,1259.1484780994804,0.5195258214212933,1413,0.7763846615972358,0.5622554397616224,0.28785410495344815,6,1061.25,,,,,,,,,,,,,3.269598018653987e-17,0.9999999999714992,1.595036575556044e-23,0.878908412992979,0.24566067444618217,0.0013918894996862846,0.09388374196213045,1.0,0.0033212171281354237,,9.96075115977515e-05,3.855043454598084e-14,3.855043454598084e-14,3.2205683432595666e-14,,0.0,4.786380409530668e-18,0.004567040150617816,1.2556349254151141e-16,,,,,0.13043478260869565,,8.633166896622241e-20,1.0,1.0,6.727068891184349e-17,6.727068891184349e-17,1.0,0.4544873153722994,0.14156097535167123,1264,1.3897533133962778,0.6745991894199139,1704,311.1269837220809,0.8546135590083734,1484.0,1451.3854447439353,0.58057780754157,1252,1409.1368421052632,1454.5,398.32527672708756,380,0.6645304607900322,0.5565550872278735,0.3678621512786154,7,940.75
bior3.5,1.0,reflect,3.1593802665664123e-27,324.47577345630475,6902547.388352658,0.5925925925925926,220.67904615220039,206,raw,3.1379429798919964e-14,-2.090366768570136e-10,6.0785858209275165,76373.83775037341,0.8839964568231858,5.618943883690066e-06,1.0,327.00000000000006,,,,[],[],13,661.1538461538462,87.00000000000001,939.9999999999999,"[8, 32, 51, 63, 81, 100, 111, 133, 152, 162, 175, 192, 204]","[878.0000000000001, 638.0, 786.9999999999999, 791.9999999999998, 939.9999999999999, 788.0, 637.0000000000001, 675.0, 771.0, 196.0, 833.9999999999999, 572.0, 87.00000000000001]","[0, 13, 42, 42, 76, 99, 107, 107, 107, 161, 164, 187, 203]","[76, 39, 61, 76, 205, 164, 119, 142, 164, 164, 205, 205, 205]",37754613.0,940.9999999999999,-940.9999999999999,0.0,,,,DWT,mdp.39015067403892,0.0,,0.0,33.0,19.0,0.0,28.5,,1.1368683772161603e-13,256.3413461538462,4359.0,256.3413461538461,,0.0,256.3413461538462,,,84.00000000000001,0.0,28.5,1.1368683772161603e-13,1.1368683772161603e-13,,5.684341886080802e-14,2.130060946939119e-14,1.4389092026648622e-27,0.983466353498532,0.7036312200648416,0.0013128562785460754,0.2658730158730156,0.0015086833298260597,0.9999999997234786,0.4742280246116168,6.6959667625959335e-09,6.6959667625959335e-09,6.081912306383589e-09,,2.859275438170267e-12,0.9999999933040264,1.3612963731558036e-13,,,,,,0.0,1.0,1.0,1.4238426238064856e-13,1.4238426238064856e-13,0.8422684098792065,0.2753648338168777,174,1.4495045298413476,0.6962019344365883,716,0,0.2895190031160641,0.3459225095698184,174,0.0,0.36947401609603264,0.6710929082940473,748,322.42621895042384,0.6620270241609814,453.0,281.13975406374067,0.5935921284326919,558,bior,0.672619891330026,0.76736776154697,0.2989557476048908,5,419.75,2.1300609469391177e-14,0.0001547883299646835,1.4389092026648614e-27,0.983466353498532,0.7036312200648417,0.002344978920134244,0.44824561403508767,0.0038708148038754976,0.9999999997234785,0.9919828214562019,0.9855281704452468,0.9855281704452468,0.9855281704451335,,6.125805465799743e-13,0.9999999999667601,7.585973278963461e-14,,,,,1.0,,0.0,1.0,0.75,1.4238426238064856e-13,1.4238426238064856e-13,0.0,2.2595701998213302,0.6447065287087514,169,1.5239609195155799,0.7045045074521813,1527,960.2510088513316,0.4967237899102036,848.0,304.3195754716981,0.5261396727328795,1364,0.5943810304597339,0.7715092316736338,0.3524805091760961,5,1024.25,,,,,,,,,,,,,1.4302034430638312e-19,0.03641360043841643,1.4389092026648614e-27,0.9880071512454661,0.2175176124832188,0.0018097828295305972,0.33910612005592383,1.0,0.0038708148038754976,0.9999999999999541,0.0008499884728391223,0.0007982210227401261,0.0007982210227401261,0.0007982210227337863,,0.0,4.786380409530668e-19,0.020163910573049823,7.054128794466933e-19,,,,,0.4782608695652174,,0.0,1.0,0.9302325581395349,4.770970844811595e-19,4.770970844811595e-19,0.9302325581395349,0.5814294660167882,0.18110015290550946,100,1.650582842479081,0.8012082697508952,1505,993.4850275670992,0.5357546600153742,802.5,187.53894080996886,0.5803773300076871,1253,1104.4,1082.5,563.6960149978129,300,0.520820561188399,0.7876173146100969,0.3991404127850916,6,941.25
sym20,1.0,antireflect,2.1190118110742816e-18,233.98606496831763,5614340.67187792,0.5286885245901639,106.07603296260682,206,smoothed,1.1995487386567268e-09,1.701419915974832e-08,6.473599330521462,94086.7137764214,0.9934944902314947,0.0001496656645174508,1.0,362.39999999983047,,,,[],[],11,426.5999999960046,32.19999999896049,728.3999999949415,"[9, 31, 53, 64, 80, 102, 131, 148, 158, 175, 192]","[310.9999999954266, 417.79999999600005, 589.5999999950928, 432.19999999360647, 728.3999999949415, 370.9999999952437, 586.999999997963, 32.19999999896049, 448.1999999967386, 367.9999999960296, 407.1999999960491]","[0, 0, 0, 60, 0, 94, 120, 144, 144, 165, 186]","[20, 40, 75, 75, 205, 120, 205, 149, 205, 186, 205]",30736475.839909017,728.3999999949415,-728.3999999949415,0.0,,,,DWT,mdp.39015067403892,9.097903966903687e-05,,0.0,15.0,11.0,0.0,33.0,,5.058495844423305e-09,168.39999999600468,987.8000000439479,168.3999999964646,,0.0,168.39999999600468,,,27.999999998960504,0.0,15.0,5.058495844423305e-09,5.058495844423305e-09,,1.695070750429295e-10,2.635191718271453e-09,6.201499226169845e-18,0.6537840986514543,0.48935598362825994,0.3423223138819337,0.10727036618980738,0.544307799610563,,0.9999987583605737,2.487656468660294e-10,2.487656468660294e-10,1.1829084500576375e-13,,1.8267151899014834e-09,0.9999999997512021,3.375378810474792e-09,,,,,,1.9407420269035443e-09,0.0,0.0,7.776398090403228e-09,7.776398090403228e-09,0.7999996342150453,0.3007373866423401,954,1.0687408750566751,0.5425653968538586,174,0,0.1666665651087548,0.23713373388845516,954,0.0,0.3052915092281729,0.5386168486125951,151,457.06919607429245,0.5208918280143685,558.25,276.5089272417388,0.46786205656483626,953,sym,1.0,1.0,0.0,7,716.5,1.5156322942535198e-09,1.0,1.4995530693647845e-18,0.6495388433109508,0.8400885719139115,0.0008967518261282749,0.08802847282139784,0.005301509710422412,0.999999999983065,2.0315793510139457e-05,2.679245714176659e-12,2.679245714176659e-12,1.3322676295501878e-15,,1.8267151899014834e-09,0.0031261328533440103,3.375378810474792e-09,,,,,0.0,,9.005053375329657e-10,0.0,0.0,6.3353877546269585e-09,6.3353877546269585e-09,1.0,0.20156916675178776,0.0575122462676912,1624,1.5475479613172343,0.7154084466896853,1462,114.5512985522207,0.9399626317860479,1543.0,1538.747893713545,0.5656312110712209,1058,0.7763846615972358,0.5622554397616224,0.28785410495344815,6,795.0,,,,,,,,,,,,,1.0176528182327516e-14,1.0,1.4995530693647845e-18,0.7457894333148118,0.25970146751065337,0.0014711263990315189,0.06659517224093997,1.0,0.005301509710422411,0.9999999999999971,9.960751158377538e-05,2.1701390684469857e-15,2.1701390684469857e-15,8.673617379884035e-19,,0.0,1.4272986381220454e-15,0.004567040150821792,3.138734607098062e-14,,,,,0.13043478260869565,,2.8491784047203834e-17,0.7209302325581395,0.7209302325581395,2.1228434773989188e-14,2.1228434773989188e-14,1.0,0.3986733618840184,0.12417638082770394,1701,1.7068186297242762,0.8285056441311657,1234,330.2188668141177,0.84569211831116,1467.5,1430.3468483816014,0.5799722273798791,1254,1409.1368421052632,1454.5,398.32527672708756,380,0.6645304607900322,0.5565550872278735,0.3678621512786154,7,942.25
sym14,1.0,periodization,3.457955631822542e-21,264.08359830206444,5978328.946960616,0.6213592233009708,297.30712499926864,206,raw,4.603132853493411e-11,-1.2321732525079073e-10,6.315245168834666,63117.308605888386,0.7618419718711169,5.618943883692745e-06,1.0,327.000000000074,,,,[],[],13,661.1538461536941,86.99999999997661,939.999999999781,"[8, 32, 51, 63, 81, 100, 111, 133, 152, 162, 175, 192, 204]","[877.9999999998454, 637.9999999998067, 786.9999999997989, 791.9999999998109, 939.999999999781, 787.9999999998261, 636.9999999998421, 674.9999999999168, 770.9999999998317, 195.99999999991104, 833.9999999997877, 571.9999999998877, 86.99999999997661]","[0, 13, 39, 39, 76, 99, 107, 107, 107, 161, 99, 187, 203]","[76, 39, 61, 76, 205, 164, 119, 142, 164, 164, 205, 205, 205]",37754612.999994926,940.9999999998648,-940.9999999998648,0.0,,,,DWT,mdp.39015067403892,5.073845386505127e-06,,0.0,33.0,19.0,0.0,28.5,,1.3517365005100146e-10,256.3413461536941,4359.000000001977,256.34134615370766,,0.0,256.3413461536941,,,83.99999999997661,0.0,19.5,2.1896084945183247e-10,1.3517365005100146e-10,,7.401013135677204e-11,5.814303435056505e-11,2.447077580450422e-21,0.7606055550603874,0.7853851528326953,0.0002727569751871459,0.48162274618585255,0.00043539500071966287,0.9999999997247722,0.4742280245844276,6.5781739500641705e-09,6.5781739500641705e-09,5.974727889832405e-09,,3.7227766204976878e-09,0.9999999934218057,2.621856814698078e-10,,,,,,5.022063179591759e-11,1.0,0.0,1.6929488797059114e-10,1.6929488797059114e-10,0.7422684119108633,0.2426715943468256,671,1.4420155443221543,0.6926049493302356,734,0,0.20618567012592343,0.2463543452403408,666,0.0,0.37854020072971967,0.6875602427963211,693,30.973106614179557,0.9675334312220341,691.0,689.9866359992619,0.6216073864705558,486,sym,0.8243425715244881,0.7368036147090654,0.2019191155201387,6,366.0,5.814303435056505e-11,0.00015478832998333525,2.4470775804504223e-21,0.7606055550603873,0.7853851528326954,0.0013059545380329335,0.6103985692386303,0.002800065553577885,0.9999999997247719,0.9919828214557873,0.9855281704435421,0.9855281704435421,0.9855281704435823,,7.975798716471266e-10,0.9999999999673448,1.4610584535283627e-10,,,,,1.0,,5.0220631795917584e-11,1.0,0.25,1.6929488797059114e-10,1.6929488797059114e-10,0.0,2.2095702003842796,0.6304403970014695,664,1.4950347770448267,0.6911323812428508,1593,656.9021997223026,0.6557116353656696,1128.5,937.3079308817013,0.5321273061524365,1325,0.7763846615972358,0.5622554397616224,0.28785410495344815,6,995.25,,,,,,,,,,,,,3.903943126033637e-16,0.036413600438434356,2.4470775804504223e-21,0.8263528030201054,0.24279068132905307,0.0015668152107777818,0.46177783791097265,1.0,0.002800065553577885,0.9999999999999544,0.0008499884728388087,0.0007982210227387455,0.0007982210227387455,0.00079822102273253,,0.0,6.231867293208932e-16,0.02016391057305897,1.3586252058143313e-15,,,,,0.4782608695652174,,1.58896936664858e-18,1.0,0.7906976744186046,5.672684334480985e-16,5.672684334480985e-16,0.9302325581395349,0.5674759776446997,0.17675400427451193,679,1.6147456715993111,0.7838125735553488,1606,655.4879861599295,0.6936972027290049,1142.5,954.4630196936544,0.5799093490280538,1255,1409.1368421052632,1454.5,398.32527672708756,380,0.6645304607900322,0.5565550872278735,0.3678621512786154,7,943.0
sym6,1.0,antireflect,2.2107029417448142e-21,263.80209485094645,5057372.909028358,0.5231481481481481,97.6358653992137,206,smoothed,3.6299903751692836e-11,,6.253049283651406,46474.77662131448,0.9870321978394907,0.00014966566451296792,1.0,362.40000000000214,,,,[],[],11,426.60000000010933,32.20000000007499,728.4000000002602,"[9, 31, 53, 64, 80, 102, 131, 148, 158, 175, 192]","[311.000000000152, 417.800000000116, 589.6000000001685, 432.2000000001012, 728.4000000002602, 371.0000000001097, 587.0000000000173, 32.20000000007499, 448.20000000005007, 368.0000000000667, 407.20000000008605]","[1, 1, 1, 60, 1, 94, 120, 144, 144, 165, 186]","[20, 40, 75, 75, 204, 120, 204, 149, 204, 186, 204]",30736475.840001337,728.4000000001687,-728.4000000001687,0.0,,,,DWT,mdp.39015067403892,1.341104507446289e-06,,0.0,15.0,11.0,0.0,33.0,,1.687112671788782e-10,168.4000000001094,987.799999998796,168.40000000010934,,0.0,168.4000000001094,,,28.000000000075005,0.0,33.0,2.602291715447791e-10,1.687112671788782e-10,,2.1600499167107046e-12,7.969696700821722e-11,6.4698376742711454e-21,0.7670675069166459,0.1712337002026181,0.10329688431228308,0.06921361249010745,0.1494699335509455,,0.9999997301074767,4.519715748112551e-09,4.519715748112551e-09,3.792463636304604e-09,,2.3278060770039025e-11,0.9999999954802574,1.7364292835547362e-10,,,,,,2.8608104564952748e-11,0.0,1.0,2.59358911476759e-10,2.59358911476759e-10,0.8999999208384482,0.3383296849089704,306,0.6849792148477684,0.34774193465821696,831,0,0.2499999782636563,0.35570078665153554,306,0.0,0.18004023393604243,0.31763970007311537,796,293.3534557492037,0.6925016187115265,559.75,444.66190615845437,0.5528807883914026,734,sym,1.0,1.0,0.0,7,552.25,4.584721030779655e-11,0.9999999999688838,1.5644389887734619e-21,0.759566743596501,0.7638995945368772,0.0002705978134757219,0.05679824561403529,0.0014558239009315724,,2.0315813251958748e-05,4.867944936037816e-11,4.867944936037816e-11,4.084660387704275e-11,,2.3278060770039025e-11,0.0031261328399925237,1.7364292835547362e-10,,,,,0.0,,1.3274175805088348e-11,0.0,1.0,2.1129824537288247e-10,2.1129824537288247e-10,1.0,0.3015691613950504,0.08604450847510102,1280,1.161126770143483,0.5367716670513438,1793,362.74577874869885,0.8098816673224849,1536.5,1493.6804425642695,0.5022940831371334,1530,0.7763846615972358,0.5622554397616224,0.28785410495344815,6,1149.0,,,,,,,,,,,,,3.078355017555107e-16,0.9999999999700123,1.5644389887734619e-21,0.8255992905526798,0.23614872569930612,0.0013247052446799389,0.04296892617146997,1.0,0.0014558239009315724,,9.960751159870929e-05,3.942766252373886e-14,3.942766252373886e-14,3.308334509122268e-14,,0.0,1.818824555621654e-17,0.004567040150612897,1.614690081053481e-15,,,,,0.13043478260869565,,4.1999190307891983e-19,0.7209302325581395,1.0,7.080120733700406e-16,7.080120733700406e-16,1.0,0.42658033862811295,0.13286867808967326,1664,1.3318661898235653,0.6465002410212441,1775,78.48885271170677,0.963322966022567,1719.5,1717.7086362314626,0.5799091465626853,1256,1409.1368421052632,1454.5,398.32527672708756,380,0.6645304607900322,0.5565550872278735,0.3678621512786154,7,943.75
db26,1.0,zero,1.269357231417691e-26,316.21156012749475,4964842.293232417,0.57421875,46.958360256265884,206,smoothed,7.811227393061734e-14,-2.1114654469300877e-10,6.190826218568298,43968.90005859375,0.9906239595565526,0.0001496656645132028,0.9999999999999997,362.4000000000001,,,,[],[],11,426.60000000000014,32.2000000000001,728.4,"[9, 31, 53, 64, 80, 102, 131, 148, 158, 175, 192]","[310.99999999999994, 417.80000000000007, 589.6000000000005, 432.1999999999998, 728.4, 370.9999999999999, 587.0000000000001, 32.2000000000001, 448.20000000000016, 368.0, 407.1999999999999]","[1, 1, 1, 60, 1, 94, 120, 144, 144, 165, 186]","[20, 40, 75, 75, 205, 120, 205, 149, 205, 186, 205]",30736475.840000004,728.4,-728.4,0.0,,,,DWT,mdp.39015067403892,7.450580596923828e-09,,0.0,15.0,11.0,0.0,33.0,,0.0,168.4000000000002,987.7999999999975,168.40000000000006,,0.0,168.4000000000002,,,28.000000000000114,0.0,33.0,0.0,0.0,,1.1368683772161603e-13,1.2276480381131618e-13,3.236111570420907e-26,0.9661927048472616,0.08148289839189213,0.06358691963530946,0.4200167278221457,0.1286891165173891,,0.9999996648089,4.406097391567225e-09,4.406097391567225e-09,3.6787565615428943e-09,,1.2251610931599486e-12,0.9999999955939026,0.0,,,,,,1.5893391424973748e-13,0.0,1.0,0.0,0.0,0.8999999009875986,0.33832967744660125,352,0.8717328696578086,0.4425507636276757,300,0,0.24999997274126146,0.3557007787942541,353,0.0,0.23713833817344585,0.4183762093977764,281,36.62876829305985,0.9616050646823272,321.5,318.3237713151854,0.8123014841231342,122,db,0.573477938514061,0.8443824841957417,0.34525069778143475,3,92.25,8.034836879144266e-14,0.999999999970514,8.185934812331955e-27,0.9529695353889355,0.7424046469491317,0.00016657309204944873,0.34467516447368435,0.0012534205854311624,0.9999999997234468,2.0315811925353255e-05,4.745570603148508e-11,4.745570603148508e-11,3.9622027880881205e-11,,1.2251610931599486e-12,0.003126132840347795,0.0,,,,,0.0,,7.374542113937972e-14,0.0,1.0,0.0,0.0,1.0,0.301569161204761,0.08604450842080714,1422,1.7814387651581551,0.8235326928218762,61,962.3723291948912,0.4956119867951304,741.5,116.98179366149695,0.5534925762067895,1163,0.49117026184683504,0.8233619396015222,0.4091722348267588,4,873.25,,,,,,,,,,,,,5.394893223840145e-19,0.9999999999715835,8.185934812331955e-27,0.965885973860281,0.22950386750312282,0.001300379887843508,0.2607531541739955,0.9999999999999997,0.0012534205854311624,0.9999999999999541,9.960751159770586e-05,3.843648489765261e-14,3.843648489765261e-14,3.2091408523615694e-14,,0.0,9.572760819061336e-19,0.004567040150618456,0.0,,,,,0.13043478260869565,,2.3332883504384434e-21,0.7209302325581395,1.0,0.0,0.0,1.0,0.42658033862811345,0.13286867808967343,1495,1.8997363379068792,0.9221496947049256,30,1035.9114344382922,0.5159292362437886,762.5,58.81967213114754,0.5798104125144177,1257,1009.0473684210526,935.5,610.6543869996938,760,0.4758535102197843,0.8532293215616218,0.41093374637766444,5,944.0
db2,1.0,constant,3.0307921095935173e-27,322.43183726315215,4954605.649585191,0.5288461538461539,97.38420696534702,206,smoothed,3.6833535143195e-14,-2.1108050862750412e-10,6.203617000794669,32502.657958579883,0.9779922879037322,0.0001496656645132027,0.9999999999999999,362.40000000000003,,,,[],[],11,426.6,32.200000000000045,728.4,"[9, 31, 53, 64, 80, 102, 131, 148, 158, 175, 192]","[311.00000000000006, 417.79999999999995, 589.6, 432.19999999999993, 728.4, 371.00000000000017, 587.0000000000001, 32.200000000000045, 448.2000000000001, 368.0, 407.2000000000001]","[0, 0, 0, 60, 0, 94, 120, 144, 144, 165, 186]","[20, 40, 75, 75, 203, 120, 203, 149, 203, 186, 203]",30736475.840000007,728.4,-728.4,0.0,,,,DWT,mdp.39015067403892,1.1175870895385742e-08,,0.0,33.0,11.0,0.0,33.0,,0.0,168.4000000000001,987.7999999999984,168.40000000000003,,0.0,168.4000000000001,,,28.000000000000057,0.0,15.0,0.0,0.0,,5.684341886080802e-14,3.208119670618995e-14,4.082026510620376e-27,0.9898261059759563,0.09993237462823384,0.05919381413022403,0.10835311892941973,0.033601480243660733,,0.9999996647593375,4.4059791007223055e-09,4.4059791007223055e-09,3.6787269888316428e-09,,6.125805465799743e-13,0.9999999955939887,0.0,,,,,,2.3840087137460624e-13,1.0,0.0,0.0,0.0,0.8999999009724267,0.3383296774408978,400,0.7302405976340446,0.3707196841639501,714,0,0.24999997273707183,0.3557007787882931,400,0.0,0.18441527055821813,0.32535844876664605,750,192.2429019062429,0.7984875242072925,566.0,517.2039116262224,0.6025980597975666,577,db,0.573477938514061,0.8443824841957417,0.34525069778143475,3,433.5,2.819196619440226e-14,0.9999999999705136,1.347911708187764e-27,0.9759237662213021,0.7468232205631908,0.00015506485777928,0.08891700404858327,0.00032727543849966423,0.9999999997234478,2.0315811924354055e-05,4.745454029730922e-11,4.745454029730922e-11,3.962169481397382e-11,,6.125805465799743e-13,0.0031261328403480726,0.0,,,,,0.0,,1.1061813170906958e-13,1.0,0.0,0.0,0.0,1.0,0.3015691612044722,0.08604450842072474,1476,1.694741114118641,0.7834536559117506,798,479.4183976444792,0.7487324959934596,1137.0,1035.9261213720317,0.5764102731539624,995,0.49117026184683504,0.8233619396015222,0.4091722348267588,4,747.25,,,,,,,,,,,,,1.892915185169379e-19,0.999999999971583,1.347911708187764e-27,0.9825360588022075,0.2308698068698026,0.0012976887784481562,0.06726736259275856,0.9999999999999999,0.00032727543849966423,0.9999999999999541,9.960751159770499e-05,3.8435400695480126e-14,3.8435400695480126e-14,3.20911916831812e-14,,0.0,4.786380409530668e-19,0.00456704015061846,0.0,,,,,0.13043478260869565,,3.499932525657665e-21,1.0,0.7209302325581395,0.0,0.0,1.0,0.42658033862811345,0.13286867808967343,1581,1.8326432383094096,0.889582079885923,527,745.2905473706211,0.651733389079149,1054.0,790.5,0.5796050122965839,1258,1009.0473684210526,935.5,610.6543869996938,760,0.4758535102197843,0.8532293215616218,0.41093374637766444,5,944.75
sym12,1.0,symmetric,2.324309280746519e-23,283.58445957935083,5313080.427191068,0.5350877192982456,94.70004233094002,206,smoothed,3.9405070360970456e-12,,6.3419445628797595,32324.177262614638,0.9810763325386525,0.00014966566451319005,1.0,362.40000000000055,,,,[],[],11,426.60000000001304,32.20000000000351,728.4000000000236,"[9, 31, 53, 64, 80, 102, 131, 148, 158, 175, 192]","[311.00000000001455, 417.8000000000107, 589.6000000000142, 432.2000000000222, 728.4000000000236, 371.0000000000151, 587.0000000000044, 32.20000000000351, 448.20000000000937, 368.00000000001234, 407.2000000000124]","[1, 1, 1, 60, 1, 94, 120, 144, 144, 165, 186]","[20, 40, 75, 75, 203, 120, 203, 149, 203, 186, 203]",30736475.84000027,728.400000000016,-728.400000000016,0.0,,,,DWT,mdp.39015067403892,2.7567148208618164e-07,,0.0,33.0,11.0,0.0,33.0,,1.602984411874786e-11,168.4000000000131,987.7999999998556,168.40000000001297,,0.0,168.4000000000131,,,28.000000000003524,0.0,33.0,2.3646862246096134e-11,1.602984411874786e-11,,5.684341886080801e-13,8.607905081496376e-12,6.801843945596318e-23,0.8422288784607631,0.299456612032447,0.21303501181238388,0.1512263282856399,0.03212136955423053,,0.9999996677826493,4.419523402465606e-09,4.419523402465606e-09,3.6921825724510388e-09,,6.125805465799743e-12,0.999999995580482,1.5778824420244e-11,,,,,,5.8805548272402866e-12,1.0,1.0,2.4642591993411734e-11,2.4642591993411734e-11,0.9999999019081542,0.37592186831127294,43,0.8349222181374039,0.4238631788101133,394,0,0.33333330633095254,0.4742677183516929,43,0.0,0.21972402859343892,0.3876526541621241,410,207.37164704944598,0.7826293007867442,222.5,77.68691353606299,0.774700394628173,191,sym,1.0,1.0,0.0,7,145.0,4.960551158941461e-12,0.9999999999704257,1.644755465946862e-23,0.8325681479523971,0.7946084541094376,0.0005580691883787134,0.12409972299168995,0.00031285929160974543,,2.0315811985749388e-05,4.7600368091593737e-11,4.7600368091593737e-11,3.97665789186874e-11,,6.125805465799743e-12,0.0031261328403058286,1.5778824420244e-11,,,,,0.0,,2.7285805821570494e-12,1.0,1.0,2.0076180995671447e-11,2.0076180995671447e-11,1.0,0.4015691612245859,0.11457677216227188,999,1.2468891833262823,0.5764183573854136,1692,490.0249993622774,0.7431734804180936,1345.5,1256.267558528428,0.5189924005864053,1417,0.7763846615972358,0.5622554397616224,0.28785410495344815,6,1064.25,,,,,,,,,,,,,3.330701573214249e-17,0.9999999999714982,1.644755465946862e-23,0.8785516021453521,0.24564193410994234,0.0013919281478408075,0.09388374196213045,1.0,0.00031285929160974543,,9.96075115977515e-05,3.8553578732281046e-14,3.8553578732281046e-14,3.220850235824413e-14,,0.0,4.786380409530668e-18,0.004567040150617799,1.4672587892491223e-16,,,,,0.13043478260869565,,8.633166896622241e-20,1.0,1.0,6.727068891184349e-17,6.727068891184349e-17,1.0,0.4544873153722994,0.14156097535167123,1267,1.3883265329090484,0.6739066168957923,1708,311.8340905032675,0.8542831352788469,1487.5,1454.8141176470588,0.5795948386674609,1259,1409.1368421052632,1454.5,398.32527672708756,380,0.6645304607900322,0.5565550872278735,0.3678621512786154,7,946.0
sym6,1.0,reflect,2.2522748406248946e-21,263.72118488739744,5057212.886184739,0.5231481481481481,91.93618284071479,206,smoothed,3.6922900551472306e-11,,6.25324714574465,32325.428233457456,0.981097330932525,0.00014966566451296402,1.0,362.40000000000214,,,,[],[],11,426.60000000011064,32.20000000007499,728.400000000275,"[9, 31, 53, 64, 80, 102, 131, 148, 158, 175, 192]","[311.0000000001521, 417.800000000116, 589.6000000001685, 432.2000000001012, 728.400000000275, 371.0000000001097, 587.0000000000173, 32.20000000007499, 448.20000000005007, 368.0000000000667, 407.20000000008605]","[0, 0, 0, 60, 0, 94, 120, 144, 144, 165, 186]","[20, 40, 75, 75, 203, 120, 203, 149, 203, 186, 203]",30736475.840001315,728.4000000001687,-728.4000000001687,0.0,,,,DWT,mdp.39015067403892,1.3187527656555176e-06,,0.0,33.0,11.0,0.0,33.0,,1.687112671788782e-10,168.4000000001107,987.7999999987815,168.4000000001107,,0.0,168.4000000001107,,,28.000000000075005,0.0,15.0,2.750084604485892e-10,1.687112671788782e-10,,2.1600499167107046e-12,8.106560371269345e-11,6.5915019791074506e-21,0.7667600965582071,0.17151909728958048,0.10322820972914155,0.06921361249010745,0.03213174364710712,,0.9999997301074767,4.521076092829127e-09,4.521076092829127e-09,3.793883126444672e-09,,2.3278060770039025e-11,0.999999995478881,1.8350469361812612e-10,,,,,,2.8131302822203534e-11,1.0,0.0,2.59358911476759e-10,2.59358911476759e-10,0.8999999208436945,0.3383296849109427,305,0.6379678539234906,0.3238757774897002,882,0,0.2499999782646687,0.35570078665297594,305,0.0,0.1632646799707442,0.2880430826193155,890,335.4564055134437,0.6483685476798284,595.5,453.7843651974489,0.5120773556009205,864,sym,1.0,1.0,0.0,7,649.75,4.663437757260325e-11,0.9999999999688567,1.5938580171489905e-21,0.7592681675138864,0.7639679459644098,0.00027041791267655283,0.05679824561403529,0.00031296033435460665,,2.0315813251958748e-05,4.869410430430321e-11,4.869410430430321e-11,4.086192495478258e-11,,2.3278060770039025e-11,0.003126132839988194,1.8350469361812612e-10,,,,,0.0,,1.3052939541670209e-11,1.0,0.0,2.1129824537288247e-10,2.1129824537288247e-10,1.0,0.3015691613998819,0.08604450847647954,1279,1.160524564830878,0.5364932764760286,1795,364.8670990922585,0.8087698642074117,1537.0,1493.6922576447623,0.5016071543259281,1534,0.7763846615972358,0.5622554397616224,0.28785410495344815,6,1152.0,,,,,,,,,,,,,3.131208403464626e-16,0.9999999999699862,1.5938580171489905e-21,0.8253827153525144,0.23616985557373854,0.0013246631763035477,0.04296892617146997,1.0,0.0003129603343546071,,9.960751159870929e-05,3.943948032741895e-14,3.943948032741895e-14,3.309570499598902e-14,,0.0,1.818824555621654e-17,0.00456704015061283,1.7063937553815511e-15,,,,,0.13043478260869565,,4.1299203802760447e-19,1.0,0.7209302325581395,7.080120733700406e-16,7.080120733700406e-16,1.0,0.426580338628113,0.1328686780896733,1663,1.3312896431798553,0.646220379915852,1776,79.90306627407988,0.962662118563514,1719.5,1717.643501017738,0.5795787228331588,1260,1409.1368421052632,1454.5,398.32527672708756,380,0.6645304607900322,0.5565550872278735,0.3678621512786154,7,946.75
sym3,1.0,smooth,2.3919714021724914e-18,235.6842326382615,6104501.797960568,0.6333333333333333,297.9710660457653,206,raw,1.2270739246706766e-09,-1.4551846069367428e-08,6.31561914082087,73059.4247424672,0.8091348928414527,5.6189438836337676e-06,1.0,327.0000000001995,,,,[],[],13,661.1538461572586,87.00000000098197,940.0000000055561,"[8, 32, 51, 63, 81, 100, 111, 133, 152, 162, 175, 192, 204]","[878.0000000020274, 638.0000000027142, 787.000000002778, 792.000000005748, 940.0000000055561, 788.0000000048879, 637.0000000031158, 675.0000000012126, 771.0000000055718, 196.00000000053456, 834.0000000046404, 572.0000000045933, 87.00000000098197]","[0, 13, 39, 39, 76, 99, 107, 107, 107, 161, 99, 187, 203]","[76, 39, 61, 76, 205, 164, 119, 142, 164, 164, 205, 205, 205]",37754613.000127085,941.000000004511,-941.000000004511,0.0,,,,DWT,mdp.39015067403892,0.00012708455324172974,,0.0,33.0,19.0,0.0,28.5,,4.5109800339560024e-09,256.3413461572586,4358.9999999556385,256.3413461572586,,0.0,256.3413461572586,,,84.00000000098197,0.0,19.5,5.556103133130819e-09,4.5109800339560024e-09,,1.9952040020143613e-10,1.5504108443127924e-09,1.6927173503386974e-18,0.6558054664593798,0.785514341393754,0.00041474969958052693,0.5714285714285712,0.0012403385194724335,0.9999999995073057,0.4742280257523263,9.338469797688159e-09,9.338469797688159e-09,8.724503379580222e-09,,1.0036056787977637e-08,0.9999999906615235,6.652927634887043e-09,,,,,,1.2578756483744e-09,1.0,0.0,5.649665147001755e-09,5.649665147001755e-09,0.7422684225101884,0.24267159781208839,605,1.4155153896695583,0.6798768353076976,780,0,0.20618567275512356,0.2463543483817564,596,0.0,0.3768004335698093,0.6844002224640787,700,86.98802599591893,0.9088175828135021,670.25,662.1017376428068,0.6031247243207971,529,sym,0.8243425715244881,0.7368036147090654,0.2019191155201387,6,398.25,1.5504108443127924e-09,0.000154788329573885,1.6927173503386973e-18,0.6558054664593798,0.785514341393754,0.001447800515863381,0.6778947368421051,0.003603104816991892,0.9999999995073056,0.991982821473596,0.9855281704834886,0.9855281704834886,0.9855281704833766,,2.15015771849571e-09,0.9999999999536423,3.7074168608950227e-09,,,,,1.0,,1.2578756483744e-09,1.0,0.25,5.649665147001755e-09,5.649665147001755e-09,0.0,2.2095702056715973,0.630440398510061,593,1.459609924260993,0.6747559977395431,1638,738.9265863399422,0.6127219149161729,1115.5,870.7610936799641,0.514039154523076,1454,0.7763846615972358,0.5622554397616224,0.28785410495344815,6,1092.0,,,,,,,,,,,,,1.0410044514857886e-14,0.03641360043803984,1.6927173503386973e-18,0.7503349921916207,0.24283061814049675,0.0015999847687369788,0.5128399404681369,1.0,0.003603104816991892,0.9999999999999184,0.0008499884728522802,0.0007982210227710998,0.0007982210227710998,0.0007982210227647611,,0.0,1.6800195237452646e-15,0.02016391057284458,3.44749382443188e-14,,,,,0.4782608695652174,,3.979889939342853e-17,1.0,0.7906976744186046,1.8930735215127924e-14,1.8930735215127924e-14,0.9302325581395349,0.5674759776446501,0.17675400427449647,974,1.5899175950150233,0.7717607941660377,1658,483.6610383315985,0.7739901690039259,1316.0,1227.1215805471124,0.5795184489879442,1261,1409.1368421052632,1454.5,398.32527672708756,380,0.6645304607900322,0.5565550872278735,0.3678621512786154,7,947.5
bior5.5,1.0,smooth,2.2171531473069423e-20,253.78944181702684,4816983.43759013,0.5324074074074074,83.99242187785934,206,smoothed,1.233281006983754e-10,,6.241722491811109,32307.166796531776,0.9799301671090683,0.00014966566451293746,0.9999999999999996,362.4000000000248,,,,[],[],11,426.60000000038343,32.200000000052114,728.4000000006076,"[9, 31, 53, 64, 80, 102, 131, 148, 158, 175, 192]","[311.0000000003758, 417.800000000337, 589.600000000416, 432.2000000007008, 728.4000000006076, 371.00000000047, 587.0000000001746, 32.200000000052114, 448.20000000030427, 368.00000000039205, 407.2000000003869]","[1, 1, 1, 60, 1, 94, 120, 144, 144, 165, 186]","[20, 40, 75, 75, 204, 120, 204, 149, 204, 186, 204]",30736475.84000888,728.4000000004494,-728.4000000004494,0.0,,,,DWT,mdp.39015067403892,8.884817361831665e-06,,0.0,15.0,11.0,0.0,33.0,,4.4940406951354817e-10,168.4000000003835,987.799999995781,168.4000000003834,,0.0,168.4000000003835,,,28.000000000052125,0.0,33.0,6.076561476220377e-10,4.4940406951354817e-10,,2.4840574042173102e-11,2.708857254541321e-10,6.488719152730703e-20,0.729025303916304,0.15489588964551965,0.0001325712099041476,0.13281531045399,0.031980304591741046,,0.9999997101585757,4.804914975213834e-09,4.804914975213834e-09,4.077603718190796e-09,,2.676976988554488e-10,0.9999999951950689,4.0547027176059697e-10,,,,,,1.8952869274281195e-10,0.0,1.0,6.908664265954368e-10,6.908664265954368e-10,0.8999999154590321,0.3383296828867301,311,0.5808476588770525,0.29487769009821996,934,0,0.24999997677379227,0.35570078453175213,311,0.0,0.1498356257269064,0.2643505963954109,934,359.68921770513685,0.6229672770386406,622.5,466.62489959839354,0.4852257768841002,938,bior,0.8100315533562081,0.7923003667562746,0.1952878026237719,6,705.0,1.5580884699008677e-10,0.9999999999686724,1.5690042985262486e-20,0.7226177871476827,0.7599867561606369,3.4728520389298856e-07,0.10899122807017583,0.0003114853313817764,,2.0315812846671832e-05,5.175115891375981e-11,5.175115891375981e-11,4.3917813830063324e-11,,2.676976988554488e-10,0.003126132839100959,4.0547027176059697e-10,,,,,0.0,,8.794141470871032e-11,0.0,1.0,5.628449891907037e-10,5.628449891907037e-10,1.0,0.3015691618133232,0.08604450859444372,1263,1.1572853094094975,0.5349958167866575,1800,379.716341497176,0.8009872424018993,1531.5,1484.4270323212538,0.4991571432135283,1549,0.5943810304597339,0.7715092316736338,0.3524805091760961,5,1163.0,,,,,,,,,,,,,1.046159499545047e-15,0.9999999999698086,1.5690042985262486e-20,0.7987979889590361,0.23493912720884394,0.0012615093000495517,0.08245388535606402,0.9999999999999997,0.0003114853313817764,,9.960751159840268e-05,4.191558124894135e-14,4.191558124894135e-14,3.5570721715338927e-14,,0.0,2.0916482389649021e-16,0.004567040150598948,3.770431840642576e-15,,,,,0.13043478260869565,,2.7824463578978444e-18,0.7209302325581395,1.0,1.885964774954023e-15,1.885964774954023e-15,1.0,0.42658033862810985,0.1328686780896723,1667,1.3304852598957895,0.6458299247853025,1777,77.78174593052023,0.9636533897520934,1722.0,1720.2433217189314,0.5794902462779159,1262,1104.4,1082.5,563.6960149978129,300,0.520820561188399,0.7876173146100969,0.3991404127850916,6,948.0
db13,1.0,symmetric,7.020831421092045e-27,318.7835132903739,5295246.810413944,0.5260869565217391,93.99586178909605,206,smoothed,5.696414214115559e-14,-2.0842971792944863e-10,6.356686463102423,31827.56237606762,0.9830446567955599,0.0001496656645132027,0.9999999999999999,362.4,,,,[],[],11,426.59999999999997,32.19999999999993,728.4,"[9, 31, 53, 64, 80, 102, 131, 148, 158, 175, 192]","[311.0000000000001, 417.80000000000007, 589.6000000000001, 432.20000000000005, 728.4, 370.9999999999999, 586.9999999999999, 32.19999999999993, 448.20000000000016, 367.9999999999999, 407.20000000000016]","[0, 0, 0, 60, 0, 94, 120, 144, 144, 165, 186]","[20, 40, 75, 75, 203, 120, 203, 149, 203, 186, 203]",30736475.840000004,728.4,-728.4,0.0,,,,DWT,mdp.39015067403892,7.450580596923828e-09,,0.0,33.0,11.0,0.0,33.0,,0.0,168.40000000000003,987.7999999999993,168.40000000000003,,0.0,168.40000000000003,,,27.999999999999943,0.0,15.0,0.0,0.0,,0.0,7.630532053884442e-14,1.575927417504212e-26,0.9759646168468246,0.3207203887916048,0.20538162826802217,0.08940023836560029,0.028003025000870322,,0.9999996646602125,4.4059199552998455e-09,4.4059199552998455e-09,3.6787269888316428e-09,,0.0,0.9999999955940747,0.0,,,,,,1.5893391424973748e-13,1.0,0.0,0.0,0.0,0.8999999009423506,0.3383296774295915,609,0.8955910839845193,0.4546628123258316,270,0,0.24999997272875107,0.3557007787764543,609,0.0,0.2313528424675713,0.4081690291436055,307,185.6562684101994,0.8053917521905667,448.75,390.4303588934457,0.6675019557598536,401,db,0.573477938514061,0.8443824841957417,0.34525069778143475,3,301.5,5.3627337379443144e-14,0.9999999999705136,4.171527729747353e-27,0.9624606248216451,0.7997010411140586,0.000538020288873338,0.07336384439359267,0.0002727469807883216,0.9999999997234876,2.0315811922300142e-05,4.745387416349445e-11,4.745387416349445e-11,3.962169481397382e-11,,0.0,0.0031261328403482946,0.0,,,,,0.0,,7.374542113937972e-14,1.0,0.0,0.0,0.0,1.0,0.30156916120414656,0.08604450842063183,1596,1.7070505420247706,0.7891441216795884,672,653.36666581637,0.6575646405574581,1134.0,945.7777777777778,0.5316125089579744,1328,0.49117026184683504,0.8233619396015222,0.4091722348267588,4,997.0,,,,,,,,,,,,,3.6007421605771286e-19,0.999999999971583,4.171527729747353e-27,0.9727704321721321,0.24721623515716726,0.0013872398715545629,0.05550110886918874,0.9999999999999999,0.0002727469807883216,0.9999999999999541,9.960751159770347e-05,3.8434858594393884e-14,3.8434858594393884e-14,3.20911916831812e-14,,0.0,0.0,0.004567040150618464,0.0,,,,,0.13043478260869565,,2.3332883504384434e-21,1.0,0.7209302325581395,0.0,0.0,1.0,0.42658033862811345,0.13286867808967343,1589,1.8302735391490874,0.8884318058644021,571,719.8347032479054,0.6636286433421003,1080.0,840.1101851851852,0.5794778730729193,1263,1009.0473684210526,935.5,610.6543869996938,760,0.4758535102197843,0.8532293215616218,0.41093374637766444,5,948.5
bior3.5,1.0,antireflect,3.1706540845517068e-27,324.4603038337206,6896849.3228187,0.5925925925925926,220.67904615220039,206,raw,3.1586383993801543e-14,-2.0903123676419295e-10,6.072681836152203,92134.09798630505,0.905119336408995,5.618943883690066e-06,1.0,327.00000000000006,,,,[],[],13,661.1538461538462,87.0,939.9999999999999,"[8, 32, 51, 63, 81, 100, 111, 133, 152, 162, 175, 192, 204]","[878.0000000000001, 638.0, 786.9999999999999, 791.9999999999998, 939.9999999999999, 788.0, 637.0000000000001, 675.0, 771.0, 196.0, 833.9999999999999, 572.0, 87.0]","[0, 13, 42, 42, 76, 99, 107, 107, 107, 161, 164, 187, 203]","[76, 39, 61, 76, 205, 164, 119, 142, 164, 164, 205, 205, 205]",37754613.0,940.9999999999999,-940.9999999999999,0.0,,,,DWT,mdp.39015067403892,0.0,,0.0,33.0,19.0,0.0,28.5,,1.1368683772161603e-13,256.3413461538462,4359.0,256.3413461538461,,0.0,256.3413461538462,,,84.0,0.0,28.5,1.1368683772161603e-13,1.1368683772161603e-13,,5.684341886080802e-14,2.1562099685043786e-14,1.4468873027792355e-27,0.9834092670890454,0.7015916894963183,0.0013064437750437256,0.2658730158730156,0.0027846812317310356,0.9999999997234787,0.4742280246116003,6.6959667625959335e-09,6.6959667625959335e-09,6.081912306383589e-09,,2.859275438170267e-12,0.9999999933040264,1.3612963731558036e-13,,,,,,0.0,1.0,1.0,1.4238426238064856e-13,1.4238426238064856e-13,0.8422684098792016,0.2753648338168761,177,1.4489577056204048,0.6959392929114467,718,0,0.28951900311606277,0.3459225095698168,179,0.0,0.36937063714858176,0.6709051362844369,750,321.27350757052267,0.6632353170120308,456.0,286.4836849938999,0.5926239478141915,560,bior,0.672619891330026,0.76736776154697,0.2989557476048908,5,421.25,2.1562099685043774e-14,0.0001547883299646835,1.4468873027792348e-27,0.9834092670890454,0.7015916894963183,0.0023385730438224973,0.44824561403508767,0.005143794076820371,0.9999999997234786,0.9919828214562016,0.9855281704452468,0.9855281704452468,0.9855281704451335,,6.125805465799743e-13,0.9999999999667601,7.585973278963461e-14,,,,,1.0,,0.0,1.0,0.75,1.4238426238064856e-13,1.4238426238064856e-13,0.0,2.2595701998213302,0.6447065287087514,177,1.5234128911566485,0.7042511620782057,1529,956.0083681642122,0.49894739614035,853.0,317.27198124267295,0.5259412033112651,1366,0.5943810304597339,0.7715092316736338,0.3524805091760961,5,1025.75,,,,,,,,,,,,,1.4477608846615117e-19,0.03641360043841643,1.4468873027792348e-27,0.9879657430373705,0.2168871205334573,0.0018082848661138556,0.33910612005592383,1.0,0.005143794076820371,0.9999999999999541,0.0008499884728391221,0.0007982210227401261,0.0007982210227401261,0.0007982210227337863,,0.0,4.786380409530668e-19,0.020163910573049823,7.054128794466933e-19,,,,,0.4782608695652174,,0.0,1.0,0.9302325581395349,4.770970844811595e-19,4.770970844811595e-19,0.9302325581395349,0.5814294660167882,0.18110015290550946,68,1.6507511943068123,0.8012899892945223,1503,1014.6982310026957,0.5258419481295815,785.5,130.11330362826226,0.5793929366816132,1264,1104.4,1082.5,563.6960149978129,300,0.520820561188399,0.7876173146100969,0.3991404127850916,6,949.5
db26,1.0,smooth,1.269357231417691e-26,316.21156012749475,4964842.293232417,0.57421875,46.958360256265884,206,smoothed,7.811227393061734e-14,-2.1114654469300877e-10,6.190826218568298,43968.90005859375,0.9906239595565526,0.0001496656645132028,0.9999999999999997,362.4000000000001,,,,[],[],11,426.60000000000014,32.2000000000001,728.4,"[9, 31, 53, 64, 80, 102, 131, 148, 158, 175, 192]","[310.99999999999994, 417.80000000000007, 589.6000000000005, 432.1999999999998, 728.4, 370.9999999999999, 587.0000000000001, 32.2000000000001, 448.20000000000016, 368.0, 407.1999999999999]","[1, 1, 1, 60, 1, 94, 120, 144, 144, 165, 186]","[20, 40, 75, 75, 205, 120, 205, 149, 205, 186, 205]",30736475.840000004,728.4,-728.4,0.0,,,,DWT,mdp.39015067403892,7.450580596923828e-09,,0.0,15.0,11.0,0.0,33.0,,0.0,168.4000000000002,987.7999999999975,168.40000000000006,,0.0,168.4000000000002,,,28.000000000000114,0.0,33.0,0.0,0.0,,1.1368683772161603e-13,1.2276480381131618e-13,3.236111570420907e-26,0.9661927048472616,0.08148289839189213,0.06358691963530946,0.4200167278221457,0.1286891165173891,,0.9999996648089,4.406097391567225e-09,4.406097391567225e-09,3.6787565615428943e-09,,1.2251610931599486e-12,0.9999999955939026,0.0,,,,,,1.5893391424973748e-13,0.0,1.0,0.0,0.0,0.8999999009875986,0.33832967744660125,350,0.8717328696578086,0.4425507636276757,302,0,0.24999997274126146,0.3557007787942541,355,0.0,0.23713833817344585,0.4183762093977764,283,35.557465226494045,0.9627280238715995,322.5,319.5176191806546,0.8123388547030954,120,db,0.573477938514061,0.8443824841957417,0.34525069778143475,3,90.75,8.034836879144266e-14,0.999999999970514,8.185934812331955e-27,0.9529695353889355,0.7424046469491317,0.00016657309204944873,0.34467516447368435,0.0012534205854311624,0.9999999997234468,2.0315811925353255e-05,4.745570603148508e-11,4.745570603148508e-11,3.9622027880881205e-11,,1.2251610931599486e-12,0.003126132840347795,0.0,,,,,0.0,,7.374542113937972e-14,0.0,1.0,0.0,0.0,1.0,0.301569161204761,0.08604450842080714,1423,1.7814387651581551,0.8235326928218762,60,963.7865427572643,0.49487078471841495,741.5,115.14497639919082,0.5531219751684318,1165,0.49117026184683504,0.8233619396015222,0.4091722348267588,4,874.75,,,,,,,,,,,,,5.394893223840145e-19,0.9999999999715835,8.185934812331955e-27,0.965885973860281,0.22950386750312282,0.001300379887843508,0.2607531541739955,0.9999999999999997,0.0012534205854311624,0.9999999999999541,9.960751159770586e-05,3.843648489765261e-14,3.843648489765261e-14,3.2091408523615694e-14,,0.0,9.572760819061336e-19,0.004567040150618456,0.0,,,,,0.13043478260869565,,2.3332883504384434e-21,0.7209302325581395,1.0,0.0,0.0,1.0,0.42658033862811345,0.13286867808967343,1497,1.8997363379068792,0.9221496947049256,32,1035.9114344382922,0.5159292362437886,764.5,62.660562459123604,0.5793431227947915,1265,1009.0473684210526,935.5,610.6543869996938,760,0.4758535102197843,0.8532293215616218,0.41093374637766444,5,950.0
db8,1.0,reflect,4.196801286525703e-27,321.01821467866876,5193055.412203019,0.5272727272727272,98.59642123800062,206,smoothed,4.3046472535369164e-14,-1.9997952183104e-10,6.294213834487314,32130.4495500648,0.9813148338082918,0.00014966566451320268,0.9999999999999997,362.3999999999999,,,,[],[],11,426.59999999999997,32.19999999999996,728.3999999999999,"[9, 31, 53, 64, 80, 102, 131, 148, 158, 175, 192]","[311.0, 417.79999999999995, 589.6000000000001, 432.19999999999993, 728.3999999999999, 370.99999999999994, 587.0, 32.19999999999996, 448.2, 367.9999999999999, 407.1999999999998]","[1, 1, 1, 60, 1, 94, 120, 144, 144, 165, 186]","[20, 40, 75, 75, 205, 120, 205, 149, 205, 186, 205]",30736475.83999999,728.3999999999999,-728.3999999999999,0.0,,,,DWT,mdp.39015067403892,7.450580596923828e-09,,0.0,15.0,11.0,0.0,33.0,,1.1368683772161603e-13,168.40000000000003,987.7999999999993,168.39999999999998,,0.0,168.40000000000003,,,27.99999999999997,0.0,33.0,1.1368683772161603e-13,1.1368683772161603e-13,,5.684341886080802e-14,4.573014989592116e-14,7.494468563205581e-27,0.9844551701068509,0.23060961552865497,0.1615256917399916,0.09754527794674564,0.030514817895334546,,0.9999996646849938,4.4059199552998455e-09,4.4059199552998455e-09,3.67866784340914e-09,,6.125805465799743e-13,0.9999999955940747,7.585973278963461e-14,,,,,,1.5893391424973748e-13,0.0,1.0,1.7477015598164352e-13,1.7477015598164352e-13,0.8999999009501815,0.33832967743253534,580,0.8379647940352797,0.4254077968162333,381,0,0.24999997273089775,0.35570077877950856,581,0.0,0.21495008188823195,0.37923012011817436,445,100.17443120211198,0.8949953551340546,496.75,480.93274477233683,0.687146524527195,351,db,0.573477938514061,0.8443824841957417,0.34525069778143475,3,264.0,3.604212037680617e-14,0.9999999999705134,2.17305701033636e-27,0.9707071788560754,0.7781198818452748,0.0004231347275960171,0.08004784688995215,0.0002972116208873601,0.9999999997236151,2.0315811922799742e-05,4.745387416349445e-11,4.745387416349445e-11,3.962102868015904e-11,,6.125805465799743e-13,0.0031261328403482946,7.585973278963461e-14,,,,,0.0,,7.374542113937972e-14,0.0,1.0,1.4238426238064856e-13,1.4238426238064856e-13,1.0,0.3015691612045477,0.08604450842074628,1461,1.7038338388850274,0.7876570875751935,709,531.7442994522837,0.7213080191549875,1085.0,954.699539170507,0.5763248691162779,996,0.49117026184683504,0.8233619396015222,0.4091722348267588,4,748.0,,,,,,,,,,,,,2.4200042131330894e-19,0.9999999999715827,2.17305701033636e-27,0.9787521540670713,0.24054472584248202,0.00136037479337788,0.06055768071733436,0.9999999999999997,0.0002972116208873601,0.9999999999999541,9.960751159770391e-05,3.8434858594393884e-14,3.8434858594393884e-14,3.2090649582094954e-14,,0.0,4.786380409530668e-19,0.004567040150618464,7.054128794466933e-19,,,,,0.13043478260869565,,2.3332883504384434e-21,0.7209302325581395,1.0,4.770970844811595e-19,4.770970844811595e-19,1.0,0.42658033862811345,0.13286867808967343,1583,1.8325457996849175,0.8895347822709672,533,742.4621202458749,0.6530550839972548,1058.0,797.4848771266542,0.5793312803163844,1266,1009.0473684210526,935.5,610.6543869996938,760,0.4758535102197843,0.8532293215616218,0.41093374637766444,5,950.75
bior5.5,1.0,zero,2.2171531473069423e-20,253.78944181702684,4816983.43759013,0.5324074074074074,83.99242187785934,206,smoothed,1.233281006983754e-10,,6.241722491811109,32307.166796531776,0.9799301671090683,0.00014966566451293746,0.9999999999999996,362.4000000000248,,,,[],[],11,426.60000000038343,32.200000000052114,728.4000000006076,"[9, 31, 53, 64, 80, 102, 131, 148, 158, 175, 192]","[311.0000000003758, 417.800000000337, 589.600000000416, 432.2000000007008, 728.4000000006076, 371.00000000047, 587.0000000001746, 32.200000000052114, 448.20000000030427, 368.00000000039205, 407.2000000003869]","[1, 1, 1, 60, 1, 94, 120, 144, 144, 165, 186]","[20, 40, 75, 75, 204, 120, 204, 149, 204, 186, 204]",30736475.84000888,728.4000000004494,-728.4000000004494,0.0,,,,DWT,mdp.39015067403892,8.884817361831665e-06,,0.0,15.0,11.0,0.0,33.0,,4.4940406951354817e-10,168.4000000003835,987.799999995781,168.4000000003834,,0.0,168.4000000003835,,,28.000000000052125,0.0,33.0,6.076561476220377e-10,4.4940406951354817e-10,,2.4840574042173102e-11,2.708857254541321e-10,6.488719152730703e-20,0.729025303916304,0.15489588964551965,0.0001325712099041476,0.13281531045399,0.031980304591741046,,0.9999997101585757,4.804914975213834e-09,4.804914975213834e-09,4.077603718190796e-09,,2.676976988554488e-10,0.9999999951950689,4.0547027176059697e-10,,,,,,1.8952869274281195e-10,0.0,1.0,6.908664265954368e-10,6.908664265954368e-10,0.8999999154590321,0.3383296828867301,310,0.5808476588770525,0.29487769009821996,933,0,0.24999997677379227,0.35570078453175213,312,0.0,0.1498356257269064,0.2643505963954109,933,359.1127956506145,0.623571493028706,622.0,466.49638262730593,0.48578993938647036,936,bior,0.8100315533562081,0.7923003667562746,0.1952878026237719,6,703.5,1.5580884699008677e-10,0.9999999999686724,1.5690042985262486e-20,0.7226177871476827,0.7599867561606369,3.4728520389298856e-07,0.10899122807017583,0.0003114853313817764,,2.0315812846671832e-05,5.175115891375981e-11,5.175115891375981e-11,4.3917813830063324e-11,,2.676976988554488e-10,0.003126132839100959,4.0547027176059697e-10,,,,,0.0,,8.794141470871032e-11,0.0,1.0,5.628449891907037e-10,5.628449891907037e-10,1.0,0.3015691618133232,0.08604450859444372,1265,1.1572853094094975,0.5349958167866575,1799,377.59502115361636,0.8020990455169725,1532.0,1485.4667101827677,0.4995820175173961,1542,0.5943810304597339,0.7715092316736338,0.3524805091760961,5,1157.75,,,,,,,,,,,,,1.046159499545047e-15,0.9999999999698086,1.5690042985262486e-20,0.7987979889590361,0.23493912720884394,0.0012615093000495517,0.08245388535606402,0.9999999999999997,0.0003114853313817764,,9.960751159840268e-05,4.191558124894135e-14,4.191558124894135e-14,3.5570721715338927e-14,,0.0,2.0916482389649021e-16,0.004567040150598948,3.770431840642576e-15,,,,,0.13043478260869565,,2.7824463578978444e-18,0.7209302325581395,1.0,1.885964774954023e-15,1.885964774954023e-15,1.0,0.42658033862810985,0.1328686780896723,1669,1.3304852598957895,0.6458299247853025,1778,77.07463914933368,0.9639838134816198,1723.5,1721.776617348419,0.5793049908529594,1267,1104.4,1082.5,563.6960149978129,300,0.520820561188399,0.7876173146100969,0.3991404127850916,6,951.75
db17,1.0,periodic,7.597098141777864e-27,318.4409213744826,5370447.681809451,0.5378151260504201,106.1682969704471,206,smoothed,6.092214111826588e-14,-1.9609924795105418e-10,6.387579462207158,31874.62550248514,0.9816103561323772,0.00014966566451320284,1.0,362.39999999999986,,,,[],[],11,426.59999999999997,32.200000000000045,728.3999999999999,"[9, 31, 53, 64, 80, 102, 131, 148, 158, 175, 192]","[311.0, 417.7999999999998, 589.5999999999999, 432.1999999999998, 728.3999999999999, 371.0000000000001, 587.0000000000001, 32.200000000000045, 448.20000000000005, 368.00000000000006, 407.20000000000005]","[1, 1, 1, 60, 1, 94, 120, 144, 144, 165, 186]","[20, 40, 75, 75, 204, 120, 204, 149, 204, 186, 204]",30736475.83999999,728.3999999999999,-728.3999999999999,0.0,,,,DWT,mdp.39015067403892,7.450580596923828e-09,,0.0,15.0,11.0,0.0,33.0,,1.1368683772161603e-13,168.40000000000003,987.7999999999993,168.4,,0.0,168.40000000000003,,,28.000000000000057,0.0,33.0,1.1368683772161603e-13,1.1368683772161603e-13,,1.1368683772161603e-13,8.500048988525202e-14,1.7445776159827122e-26,0.9746629687055717,0.3652805761800714,0.23765444868649652,0.16996083993709732,0.028393311670876036,,0.9999996647593375,4.4059199552998455e-09,4.4059199552998455e-09,3.6786974161203912e-09,,1.2251610931599486e-12,0.9999999955940747,7.585973278963461e-14,,,,,,1.5893391424973748e-13,0.0,1.0,1.7477015598164352e-13,1.7477015598164352e-13,0.8999999009727997,0.33832967744103803,380,0.9656069542998418,0.4902076196316126,225,0,0.24999997273714658,0.35570077878839945,382,0.0,0.25370744931145683,0.4476086058310401,231,88.37231844116498,0.9073665425145021,304.5,285.24915095203676,0.7940920762886976,156,db,0.573477938514061,0.8443824841957417,0.34525069778143475,3,117.75,5.862833775379904e-14,0.9999999999705145,4.5793322194251696e-27,0.9611963830929943,0.8103730225681646,0.0006225625739390972,0.1394736842105264,0.0002765483383517517,0.9999999997236735,2.0315811924354055e-05,4.745387416349445e-11,4.745387416349445e-11,3.962136174706643e-11,,1.2251610931599486e-12,0.0031261328403482946,7.585973278963461e-14,,,,,0.0,,7.374542113937972e-14,0.0,1.0,1.4238426238064856e-13,1.4238426238064856e-13,1.0,0.30156916120485455,0.08604450842083383,1383,1.7381157153270408,0.8035050900849916,363,721.2489168102785,0.6219869408751161,873.0,575.0618556701031,0.5822198855318976,966,0.49117026184683504,0.8233619396015222,0.4091722348267588,4,725.5,,,,,,,,,,,,,3.936528231132777e-19,0.9999999999715838,4.5793322194251696e-27,0.9718534015679315,0.2505153268690848,0.0014070094150226452,0.10551442874538536,1.0,0.0002765483383517517,0.9999999999999541,9.960751159770499e-05,3.8434858594393884e-14,3.8434858594393884e-14,3.209086642252945e-14,,0.0,9.572760819061336e-19,0.004567040150618464,7.054128794466933e-19,,,,,0.13043478260869565,,2.3332883504384434e-21,0.7209302325581395,1.0,4.770970844811595e-19,4.770970844811595e-19,1.0,0.42658033862811345,0.13286867808967343,1536,1.851389599907764,0.8986817382331426,258,903.6824663564078,0.57771847366523,897.0,441.7926421404682,0.5792797975802786,1268,1009.0473684210526,935.5,610.6543869996938,760,0.4758535102197843,0.8532293215616218,0.41093374637766444,5,952.25
db30,1.0,zero,1.9513263351546948e-26,316.568493410144,5927372.943452608,0.5909090909090909,183.35737875512189,206,raw,9.14047694060323e-14,-2.0661816702017027e-10,6.3695356037456445,69849.2547922406,0.8339126077412482,5.6189438836900665e-06,0.9999999999999999,327.0000000000001,,,,[],[],13,661.1538461538462,87.00000000000006,939.9999999999998,"[8, 32, 51, 63, 81, 100, 111, 133, 152, 162, 175, 192, 204]","[878.0, 638.0000000000002, 787.0, 792.0000000000002, 939.9999999999998, 787.9999999999998, 636.9999999999999, 675.0000000000002, 770.9999999999999, 195.9999999999999, 834.0, 572.0000000000002, 87.00000000000006]","[0, 13, 42, 42, 76, 99, 107, 107, 107, 161, 164, 187, 203]","[76, 42, 61, 76, 205, 164, 119, 142, 164, 164, 205, 205, 205]",37754613.0,940.9999999999998,-940.9999999999998,0.0,,,,DWT,mdp.39015067403892,0.0,,0.0,33.0,19.0,0.0,28.5,,2.2737367544323206e-13,256.3413461538462,4359.0,256.3413461538462,,0.0,256.3413461538462,,,84.00000000000006,0.0,28.5,2.2737367544323206e-13,2.2737367544323206e-13,,1.1368683772161603e-13,9.714366743429573e-14,1.3011999763549784e-26,0.9542867000076498,0.8041397746336099,0.0002154119781853465,0.2532467532467534,0.0009804335394830326,0.999999999723515,0.47422802461166635,6.6959667625959335e-09,6.6959667625959335e-09,6.082000342865356e-09,,5.718550876340534e-12,0.9999999933040264,2.7225927463116073e-13,,,,,,0.0,1.0,1.0,2.847685247612971e-13,2.847685247612971e-13,0.8422684098808025,0.2753648338173995,110,1.476440487914417,0.70913936631783,666,0,0.28951900311634887,0.34592250957015863,110,0.0,0.37660863414116175,0.6840518482056118,703,332.03149950971016,0.6519585959017713,397.25,189.5214105793451,0.617776991871221,492,db,0.540986235965534,0.9305070477545101,0.3421575204977732,3,369.75,9.714366743429573e-14,0.0001547883299646835,1.3011999763549784e-26,0.9542867000076498,0.80413977463361,0.0012486688059071861,0.43875598086124434,0.0033438146943610336,0.9999999997235149,0.9919828214562026,0.9855281704452468,0.9855281704452468,0.9855281704451347,,1.2251610931599486e-12,0.9999999999667601,1.5171946557926922e-13,,,,,1.0,,0.0,1.0,0.75,2.847685247612971e-13,2.847685247612971e-13,0.0,2.2595701998217317,0.6447065287088659,110,1.5521525963350151,0.7175371010952261,1452,948.9373003523468,0.5026534065239272,781.0,204.50704225352115,0.5466621330313557,1224,0.49117026184683504,0.8233619396015222,0.4091722348267588,4,919.0,,,,,,,,,,,,,6.522593066457855e-19,0.03641360043841644,1.3011999763549784e-26,0.966841392621391,0.24858840667271354,0.001553419396239767,0.33192703656781614,0.9999999999999999,0.0033438146943610336,0.9999999999999541,0.0008499884728391229,0.0007982210227401261,0.0007982210227401261,0.0007982210227337874,,0.0,9.572760819061336e-19,0.020163910573049823,1.4108257588933865e-18,,,,,0.4782608695652174,,0.0,1.0,0.9302325581395349,9.54194168962319e-19,9.54194168962319e-19,0.9302325581395349,0.5814294660167882,0.18110015290550946,83,1.6502081692436887,0.8010263998762516,1506,1006.2129496284572,0.5298070328838985,794.5,157.3291378225299,0.579272675320454,1269,1009.0473684210526,935.5,610.6543869996938,760,0.4758535102197843,0.8532293215616218,0.41093374637766444,5,953.0
rbio4.4,1.0,constant,4.00196408302032e-20,253.4490606025949,6026556.441616767,0.6308411214953271,290.4337986898382,206,raw,1.5609614571794777e-10,2.786203488109099e-10,6.351967808284253,67187.88900906191,0.7562578922645761,5.618943883699145e-06,1.0,327.0000000002369,,,,[],[],13,661.1538461533281,86.99999999992451,939.9999999992374,"[8, 32, 51, 63, 81, 100, 111, 133, 152, 162, 175, 192, 204]","[877.9999999995562, 637.999999999377, 786.9999999993614, 791.9999999993106, 939.9999999992374, 787.9999999993794, 636.9999999994692, 674.9999999997368, 770.999999999358, 195.99999999973352, 833.9999999992726, 571.9999999995513, 86.99999999992451]","[0, 13, 39, 39, 76, 99, 107, 107, 107, 161, 99, 187, 203]","[76, 39, 61, 76, 205, 164, 119, 142, 164, 164, 205, 205, 205]",37754612.99998245,940.9999999994957,-940.9999999994957,0.0,,,,DWT,mdp.39015067403892,1.755356788635254e-05,,0.0,33.0,19.0,0.0,28.5,,5.043148121330887e-10,256.3413461533281,4359.000000006734,256.3413461533759,,0.0,256.3413461533281,,,83.99999999992451,0.0,19.5,7.626113074366003e-10,5.043148121330887e-10,,2.369233698118478e-10,1.9721184036059924e-10,2.832054699812229e-20,0.7213617034078952,0.7980709825840624,0.00032703135594831865,0.5527369826435248,0.0007649613896136145,0.9999999997308285,0.474228024523908,6.29478451543058e-09,6.29478451543058e-09,5.717837436036629e-09,,1.1917460026293674e-08,0.9999999937051477,9.131576071129131e-10,,,,,,1.737442122043786e-10,1.0,0.0,6.31616587920557e-10,6.31616587920557e-10,0.7422684164567955,0.2426715958330381,627,1.4534168065794928,0.6980810142028626,703,0,0.20618567090033801,0.2463543461656253,627,0.0,0.38415770766363555,0.6977635829539784,660,36.03123644839294,0.9622314083350179,654.25,652.8033767147379,0.6382173813163559,441,rbio,0.5136782423812899,1.0,0.3404252303330971,4,331.75,1.9721184036059922e-10,0.00015478833002774417,2.832054699812229e-20,0.7213617034078951,0.7980709825840625,0.0013601728273368427,0.6638465322183966,0.0031288522870787467,0.9999999997308284,0.9919828214548645,0.985528170439441,0.985528170439441,0.9855281704398646,,2.553235718145333e-09,0.9999999999687514,5.08867087552869e-10,,,,,1.0,,1.737442122043786e-10,1.0,0.25,6.31616587920557e-10,6.31616587920557e-10,0.0,2.2095702016870296,0.6304403973731736,624,1.49936919000313,0.6931361160021743,1584,678.8225099390856,0.6442230031765799,1104.0,895.3043478260869,0.532803325487661,1319,0.3888041033402703,1.0,0.4278371276618108,3,990.0,,,,,,,,,,,,,1.3241548487238904e-15,0.03641360043847717,2.832054699812229e-20,0.7978868758350821,0.24671232568080834,0.0015794937281176545,0.502212213136209,1.0,0.0031288522870787467,0.9999999999999554,0.0008499884728381107,0.0007982210227354237,0.0007982210227354237,0.0007982210227295189,,0.0,1.9949633546923827e-15,0.020163910573080975,4.7319095953284194e-15,,,,,0.4782608695652174,,5.497227353632973e-18,1.0,0.7906976744186046,2.116402666758423e-15,2.116402666758423e-15,0.9302325581395349,0.5674759776447107,0.17675400427451537,640,1.615938541506353,0.7843916037074031,1602,680.2367235014588,0.6821323721955801,1121.0,914.6119536128456,0.5791502982473228,1270,818.67,599.5,715.6978453131971,300,0.38607403914171184,1.0,0.42974817260080167,3,953.25
bior5.5,1.0,constant,2.2171531473069423e-20,253.78944181702684,4816983.43759013,0.5324074074074074,83.99242187785934,206,smoothed,1.233281006983754e-10,,6.241722491811109,32307.166796531776,0.9799301671090683,0.00014966566451293746,0.9999999999999996,362.4000000000248,,,,[],[],11,426.60000000038343,32.200000000052114,728.4000000006076,"[9, 31, 53, 64, 80, 102, 131, 148, 158, 175, 192]","[311.0000000003758, 417.800000000337, 589.600000000416, 432.2000000007008, 728.4000000006076, 371.00000000047, 587.0000000001746, 32.200000000052114, 448.20000000030427, 368.00000000039205, 407.2000000003869]","[1, 1, 1, 60, 1, 94, 120, 144, 144, 165, 186]","[20, 40, 75, 75, 204, 120, 204, 149, 204, 186, 204]",30736475.84000888,728.4000000004494,-728.4000000004494,0.0,,,,DWT,mdp.39015067403892,8.884817361831665e-06,,0.0,15.0,11.0,0.0,33.0,,4.4940406951354817e-10,168.4000000003835,987.799999995781,168.4000000003834,,0.0,168.4000000003835,,,28.000000000052125,0.0,33.0,6.076561476220377e-10,4.4940406951354817e-10,,2.4840574042173102e-11,2.708857254541321e-10,6.488719152730703e-20,0.729025303916304,0.15489588964551965,0.0001325712099041476,0.13281531045399,0.031980304591741046,,0.9999997101585757,4.804914975213834e-09,4.804914975213834e-09,4.077603718190796e-09,,2.676976988554488e-10,0.9999999951950689,4.0547027176059697e-10,,,,,,1.8952869274281195e-10,0.0,1.0,6.908664265954368e-10,6.908664265954368e-10,0.8999999154590321,0.3383296828867301,312,0.5808476588770525,0.29487769009821996,935,0,0.24999997677379227,0.35570078453175213,310,0.0,0.1498356257269064,0.2643505963954109,932,359.40355683641565,0.6232667119115141,622.25,466.55855550850936,0.48550652157420565,937,bior,0.8100315533562081,0.7923003667562746,0.1952878026237719,6,704.25,1.5580884699008677e-10,0.9999999999686724,1.5690042985262486e-20,0.7226177871476827,0.7599867561606369,3.4728520389298856e-07,0.10899122807017583,0.0003114853313817764,,2.0315812846671832e-05,5.175115891375981e-11,5.175115891375981e-11,4.3917813830063324e-11,,2.676976988554488e-10,0.003126132839100959,4.0547027176059697e-10,,,,,0.0,,8.794141470871032e-11,0.0,1.0,5.628449891907037e-10,5.628449891907037e-10,1.0,0.3015691618133232,0.08604450859444372,1264,1.1572853094094975,0.5349958167866575,1798,377.59502115361636,0.8020990455169725,1531.0,1484.4363161332462,0.49984407202473363,1540,0.5943810304597339,0.7715092316736338,0.3524805091760961,5,1156.25,,,,,,,,,,,,,1.046159499545047e-15,0.9999999999698086,1.5690042985262486e-20,0.7987979889590361,0.23493912720884394,0.0012615093000495517,0.08245388535606402,0.9999999999999997,0.0003114853313817764,,9.960751159840268e-05,4.191558124894135e-14,4.191558124894135e-14,3.5570721715338927e-14,,0.0,2.0916482389649021e-16,0.004567040150598948,3.770431840642576e-15,,,,,0.13043478260869565,,2.7824463578978444e-18,0.7209302325581395,1.0,1.885964774954023e-15,1.885964774954023e-15,1.0,0.42658033862810985,0.1328686780896723,1670,1.3304852598957895,0.6458299247853025,1779,77.07463914933368,0.9639838134816198,1724.5,1722.7776167004931,0.5790713459931464,1271,1104.4,1082.5,563.6960149978129,300,0.520820561188399,0.7876173146100969,0.3991404127850916,6,954.75
coif10,1.0,antisymmetric,1.6360393102159544e-26,315.10946139699723,6050690.252274781,0.5227272727272727,92.54163923535283,206,smoothed,8.709322367933265e-14,-2.1052688481404447e-10,6.59930305256683,116238.92958325047,0.9951454436518334,0.0001496656645132026,0.9999999999999996,362.4,,,,[],[],11,426.6,32.19999999999993,728.4000000000001,"[9, 31, 53, 64, 80, 102, 131, 148, 158, 175, 192]","[310.99999999999966, 417.80000000000007, 589.6000000000001, 432.2000000000003, 728.4000000000001, 370.99999999999994, 587.0000000000002, 32.19999999999993, 448.19999999999993, 367.9999999999998, 407.19999999999965]","[0, 0, 0, 60, 0, 94, 120, 144, 144, 165, 186]","[20, 40, 75, 75, 203, 120, 203, 149, 203, 186, 203]",30736475.840000007,728.4000000000001,-728.4000000000001,0.0,,,,DWT,mdp.39015067403892,1.1175870895385742e-08,,0.0,33.0,11.0,0.0,33.0,,1.1368683772161603e-13,168.4000000000001,987.7999999999984,168.39999999999998,,0.0,168.4000000000001,,,27.999999999999943,0.0,15.0,1.1368683772161603e-13,1.1368683772161603e-13,,0.0,1.4249469242631275e-13,4.309243214987139e-26,0.962005376724538,0.6706715428842306,0.5295838626711908,0.06632262621902181,0.7280124363105287,,0.9999996646602125,4.4059791007223055e-09,4.4059791007223055e-09,3.67866784340914e-09,,0.0,0.9999999955939887,7.585973278963461e-14,,,,,,2.3840087137460624e-13,1.0,0.0,1.7477015598164352e-13,1.7477015598164352e-13,0.8999999009424731,0.3383296774296376,599,1.4950649538242966,0.7589964311517131,42,0,0.2499999727287909,0.35570077877651096,599,0.0,0.42237083497280753,0.7451764664339059,40,322.1624848840514,0.6623034749643066,320.0,76.70414268836464,0.6634368527861365,411,coif,0.5556920286951962,0.9053407607371553,0.33941335169221604,4,309.25,9.16959546082e-14,0.9999999999705127,1.0780820004389628e-26,0.948902541570464,0.8835129019969892,0.0013873045275752897,0.054425837320574266,0.007090776584810941,0.9999999997234561,2.0315811922300142e-05,4.745454029730922e-11,4.745454029730922e-11,3.962102868015904e-11,,0.0,0.0031261328403480726,7.585973278963461e-14,,,,,0.0,,1.1061813170906958e-13,1.0,0.0,1.4238426238064856e-13,1.4238426238064856e-13,1.0,0.30156916120426,0.08604450842066419,1543,1.7363982736472785,0.802711142294609,382,820.9509729575817,0.5697321944666762,962.5,612.3906493506494,0.5326386339209692,1321,0.4784248188775415,0.776734912893196,0.43208215291776214,2,991.25,,,,,,,,,,,,,6.156813033172836e-19,0.9999999999715822,1.0780820004389628e-26,0.9629359385038203,0.2731254832933582,0.0015858382612327665,0.041174155299442905,0.9999999999999997,0.007090776584810941,0.9999999999999541,9.960751159770347e-05,3.8435400695480126e-14,3.8435400695480126e-14,3.2090649582094954e-14,,0.0,0.0,0.00456704015061846,7.054128794466933e-19,,,,,0.13043478260869565,,3.499932525657665e-21,1.0,0.7209302325581395,4.770970844811595e-19,4.770970844811595e-19,1.0,0.42658033862811345,0.13286867808967343,1576,1.8344231966247455,0.8904460882139855,486,770.7463914933368,0.6398381348161978,1031.0,742.9059165858389,0.5790312169408092,1272,986.6382352941176,846.0,585.0035688138154,340,0.4652856568234462,0.8173890317607586,0.42908333069536003,4,955.0
db26,1.0,constant,1.269357231417691e-26,316.21156012749475,4964842.293232417,0.57421875,46.958360256265884,206,smoothed,7.811227393061734e-14,-2.1114654469300877e-10,6.190826218568298,43968.90005859375,0.9906239595565526,0.0001496656645132028,0.9999999999999997,362.4000000000001,,,,[],[],11,426.60000000000014,32.2000000000001,728.4,"[9, 31, 53, 64, 80, 102, 131, 148, 158, 175, 192]","[310.99999999999994, 417.80000000000007, 589.6000000000005, 432.1999999999998, 728.4, 370.9999999999999, 587.0000000000001, 32.2000000000001, 448.20000000000016, 368.0, 407.1999999999999]","[1, 1, 1, 60, 1, 94, 120, 144, 144, 165, 186]","[20, 40, 75, 75, 205, 120, 205, 149, 205, 186, 205]",30736475.840000004,728.4,-728.4,0.0,,,,DWT,mdp.39015067403892,7.450580596923828e-09,,0.0,15.0,11.0,0.0,33.0,,0.0,168.4000000000002,987.7999999999975,168.40000000000006,,0.0,168.4000000000002,,,28.000000000000114,0.0,33.0,0.0,0.0,,1.1368683772161603e-13,1.2276480381131618e-13,3.236111570420907e-26,0.9661927048472616,0.08148289839189213,0.06358691963530946,0.4200167278221457,0.1286891165173891,,0.9999996648089,4.406097391567225e-09,4.406097391567225e-09,3.6787565615428943e-09,,1.2251610931599486e-12,0.9999999955939026,0.0,,,,,,1.5893391424973748e-13,0.0,1.0,0.0,0.0,0.8999999009875986,0.33832967744660125,351,0.8717328696578086,0.4425507636276757,301,0,0.24999997274126146,0.3557007787942541,354,0.0,0.23713833817344585,0.4183762093977764,282,36.08323710533743,0.9621769003088706,322.0,318.92280548875124,0.8123253474290684,121,db,0.573477938514061,0.8443824841957417,0.34525069778143475,3,91.5,8.034836879144266e-14,0.999999999970514,8.185934812331955e-27,0.9529695353889355,0.7424046469491317,0.00016657309204944873,0.34467516447368435,0.0012534205854311624,0.9999999997234468,2.0315811925353255e-05,4.745570603148508e-11,4.745570603148508e-11,3.9622027880881205e-11,,1.2251610931599486e-12,0.003126132840347795,0.0,,,,,0.0,,7.374542113937972e-14,0.0,1.0,0.0,0.0,1.0,0.301569161204761,0.08604450842080714,1424,1.7814387651581551,0.8235326928218762,62,963.0794359760778,0.4952413857567727,743.0,118.82637954239569,0.5529141939266045,1168,0.49117026184683504,0.8233619396015222,0.4091722348267588,4,877.0,,,,,,,,,,,,,5.394893223840145e-19,0.9999999999715835,8.185934812331955e-27,0.965885973860281,0.22950386750312282,0.001300379887843508,0.2607531541739955,0.9999999999999997,0.0012534205854311624,0.9999999999999541,9.960751159770586e-05,3.843648489765261e-14,3.843648489765261e-14,3.2091408523615694e-14,,0.0,9.572760819061336e-19,0.004567040150618456,0.0,,,,,0.13043478260869565,,2.3332883504384434e-21,0.7209302325581395,1.0,0.0,0.0,1.0,0.42658033862811345,0.13286867808967343,1498,1.8997363379068792,0.9221496947049256,31,1037.3256480006653,0.5152683887847358,764.5,60.74296926095487,0.5790126990652651,1273,1009.0473684210526,935.5,610.6543869996938,760,0.4758535102197843,0.8532293215616218,0.41093374637766444,5,956.0
bior1.1,,,,13.165043942863448,93166.10559659397,0.7330097087378641,55.45805957934157,206,smoothed,141.9956263742145,-24474.472427827226,7.245336461882035,90447.61084362336,1.0,7.48384326284766e-05,0.9999999999999996,512.5109950040097,,,,[],[],11,603.3035057083624,45.53767670841367,1030.1131588325625,"[9, 31, 53, 64, 80, 102, 131, 148, 158, 175, 192]","[439.8204178980325, 590.8584263594793, 833.820316375177, 611.2231016576517, 1030.1131588325625, 524.6732316404184, 830.1433611130068, 45.53767670841367, 633.8505186556213, 520.430590953299, 575.8677625983244]","[1, 1, 1, 60, 1, 94, 120, 144, 144, 165, 186]","[20, 40, 75, 75, 203, 120, 203, 149, 203, 186, 203]",61472951.68000001,1030.1131588325625,-1030.1131588325625,0.0,,,,SWT,mdp.39015067403892,30736475.84000001,,0.0,33.0,11.0,0.0,33.0,,301.7131588325625,345.1035057083625,955.9385627919874,345.1035057083624,,0.0,345.1035057083625,,,41.33767670841368,0.0,33.0,301.7131588325625,301.7131588325625,,150.11099500400974,0.0,,0.974873532398331,0.31271082574441667,0.1334831755018577,0.9999999999999999,0.3580760373945932,0.0,0.050484481420759904,0.6001921211814045,0.6001921211814045,0.599685044414429,,0.36805466921013896,0.28725695778006183,0.4329659795654868,,,,,,0.4926403719031324,0.9999999999999999,0.9999999999999999,0.4044529857118969,0.4044529857118969,2.2074063139735687,0.7086188756083707,24,1.9453147352494504,0.7415507564769426,8,0,0.5326918478720409,0.8782498631679723,9,0.0,0.5532526131421821,0.7323317788345466,7,8.04155872120988,0.924136238479152,12.0,9.50943396226415,0.9054643456546704,7,bior,0.37456811101670917,0.7330437326379493,0.5178892024969188,1,5.5,0.0,0.8337394077110778,,0.8504414375543863,0.40517550706317107,0.022763663100316495,0.9142857142857143,0.052711359921510936,0.27744234801864565,0.03173613876738996,0.20089469534791177,0.20089469534791177,0.20055574329915504,,0.32002779472386017,0.232542170573751,0.10700266378309935,,,,,0.25,,0.11706650296210916,0.9999999999999998,1.0,0.1319516671076832,0.1319516671076832,0.9999999999999998,1.1313246146931935,0.371260940056719,123,1.872132038818047,0.9629166004277324,13,77.78174593052023,0.6331049720258479,68.0,23.51470588235294,0.656175127522358,89,0.5170065075921908,0.6634325577032603,0.4390656773744883,2,67.25,,,0.9999999999999999,0.75,1.0,0.6468773340982591,0.9999999999999996,1.0,False,False,0.0,0.0,0.001204652999963545,0.4994505765363641,,0.1547082520664147,0.34211598366749935,1.966581676106729e-05,0.9378974428358815,0.9999999999999997,0.005007574043357523,0.9389339787859055,0.00027832784497603866,0.0016038923579601632,0.0016038923579601632,0.0016038923579538285,,0.0,0.0012639780297200355,0.004419633082629085,0.0018720931323659136,,,,,0.13043478260869565,,9.625700987734434e-06,1.0,1.0,0.001266166526516438,0.001266166526516438,1.0,0.45799004610259136,0.14265198485139338,1021,1.566824943108935,0.7605514060629553,1668,457.49808742769625,0.7862158469964036,1344.5,1266.6626998884344,0.5789724094795101,1274,1104.4,1082.5,563.6960149978129,300,0.520820561188399,0.7876173146100969,0.3991404127850916,6,957.0
db31,1.0,zero,1.5206818058039265e-26,317.651408969963,5907594.6268867655,0.5827067669172933,190.8247932976519,206,raw,8.676554620410353e-14,-2.0662271893457108e-10,6.390860474442581,69870.01650743399,0.8325889361952742,5.618943883690067e-06,1.0,327.0000000000001,,,,[],[],13,661.1538461538462,86.99999999999977,940.0,"[8, 32, 51, 63, 81, 100, 111, 133, 152, 162, 175, 192, 204]","[877.9999999999998, 638.0, 786.9999999999999, 791.9999999999998, 940.0, 787.9999999999998, 636.9999999999999, 675.0000000000002, 770.9999999999998, 195.9999999999999, 833.9999999999999, 572.0, 86.99999999999977]","[0, 13, 39, 39, 76, 99, 107, 107, 107, 161, 164, 187, 203]","[76, 39, 61, 76, 205, 164, 119, 142, 164, 164, 205, 205, 205]",37754613.0,941.0,-941.0,0.0,,,,DWT,mdp.39015067403892,0.0,,0.0,33.0,19.0,0.0,28.5,,0.0,256.3413461538462,4359.0,256.341346153846,,0.0,256.3413461538462,,,83.99999999999977,0.0,24.0,0.0,0.0,,1.1368683772161603e-13,9.12819284334168e-14,9.96447391795821e-27,0.9582829035834602,0.8115064477046627,0.00019315380591736973,0.19172932330827097,0.0009821144701675606,0.999999999723515,0.4742280246113362,6.6959667625959335e-09,6.6959667625959335e-09,6.0818682881427056e-09,,5.718550876340534e-12,0.9999999933040264,0.0,,,,,,0.0,1.0,0.5,0.0,0.0,0.7922684098804139,0.25901821375013917,439,1.4579041179061751,0.7002362850293687,700,0,0.24785233644957355,0.2961384272002637,439,0.0,0.3703367428245107,0.6726599191366363,747,165.37306310279192,0.8266529736868009,581.25,546.2191402548315,0.6086881220635263,506,db,0.540986235965534,0.9305070477545101,0.3421575204977732,3,380.25,9.128192843341679e-14,0.0001547883299646835,9.964473917958208e-27,0.9582829035834602,0.8115064477046628,0.001226433637002878,0.39252077562326915,0.0033454916484668877,0.9999999997235149,0.9919828214561976,0.9855281704452468,0.9855281704452468,0.9855281704451329,,1.2251610931599486e-12,0.9999999999667601,0.0,,,,,1.0,,0.0,1.0,0.5,0.0,0.0,0.0,2.23457019982154,0.6375734627748592,441,1.5397291261180264,0.7117939152602187,1486,738.9265863399422,0.6127219149161729,963.5,680.1515308770108,0.5538714396383799,1159,0.49117026184683504,0.8233619396015222,0.4091722348267588,4,870.25,,,,,,,,,,,,,6.129013750643179e-19,0.036413600438416446,9.964473917958208e-27,0.9697400795548976,0.2508657091753117,0.0015482198781781016,0.29694924634004205,1.0,0.0033454916484668877,0.9999999999999541,0.0008499884728391191,0.0007982210227401261,0.0007982210227401261,0.0007982210227337859,,0.0,9.572760819061336e-19,0.020163910573049823,0.0,,,,,0.4782608695652174,,0.0,1.0,0.8604651162790697,0.0,0.0,0.9302325581395349,0.5744527218307418,0.17892707859001003,269,1.6390929875865938,0.7956309872775891,1539,898.0256121069153,0.5803618635014414,904.0,457.95464601769913,0.5789659784796927,1275,1009.0473684210526,935.5,610.6543869996938,760,0.4758535102197843,0.8532293215616218,0.41093374637766444,5,957.5
db28,1.0,zero,1.1801864625793177e-26,316.5278924552287,4962907.071146366,0.5615384615384615,47.042419839983936,206,smoothed,8.091046710724538e-14,-1.9864974110106498e-10,6.19324025200824,44445.14404733727,0.9907581780732001,0.0001496656645132028,0.9999999999999997,362.40000000000003,,,,[],[],11,426.59999999999997,32.2000000000001,728.4,"[9, 31, 53, 64, 80, 102, 131, 148, 158, 175, 192]","[310.9999999999999, 417.79999999999984, 589.6000000000001, 432.20000000000005, 728.4, 371.0000000000002, 586.9999999999999, 32.2000000000001, 448.20000000000016, 368.0, 407.2000000000002]","[0, 0, 0, 60, 0, 94, 120, 144, 144, 165, 186]","[20, 40, 75, 75, 203, 120, 203, 149, 203, 186, 203]",30736475.839999996,728.4,-728.4,0.0,,,,DWT,mdp.39015067403892,0.0,,0.0,33.0,11.0,0.0,33.0,,0.0,168.40000000000003,987.7999999999993,168.40000000000006,,0.0,168.40000000000003,,,28.000000000000114,0.0,15.0,0.0,0.0,,5.684341886080802e-14,1.289120422708134e-13,2.97514442928226e-26,0.9673945819707831,0.08496491003087747,0.06275640964660865,0.3329160371249733,0.13263852860760994,,0.9999996648089,4.4059199552998455e-09,4.4059199552998455e-09,3.6787565615428943e-09,,6.125805465799743e-13,0.9999999955940747,0.0,,,,,,0.0,1.0,0.0,0.0,0.0,0.8999999009871925,0.3383296774464486,358,0.8405192353142849,0.4267046045632092,371,0,0.24999997274118194,0.35570077879414097,361,0.0,0.2258100667687117,0.3983900726733326,349,9.069178573608527,0.9904935235077479,359.75,359.5787949702762,0.8066985437245239,130,db,0.573477938514061,0.8443824841957417,0.34525069778143475,3,98.25,8.388393441557874e-14,0.999999999970514,7.554903406648245e-27,0.9541368732924063,0.743238574403482,0.00016439747766854658,0.2731983805668018,0.001291887509038992,0.9999999997236351,2.0315811925353255e-05,4.745387416349445e-11,4.745387416349445e-11,3.9622027880881205e-11,,6.125805465799743e-13,0.0031261328403482946,0.0,,,,,0.0,,0.0,1.0,0.0,0.0,0.0,1.0,0.301569161204417,0.086044508420709,1489,1.7539797170269886,0.8108387825443724,214,901.5611460128481,0.5274836760938951,851.5,374.21726365237816,0.540602425049044,1262,0.49117026184683504,0.8233619396015222,0.4091722348267588,4,947.5,,,,,,,,,,,,,5.632284465442121e-19,0.9999999999715835,7.554903406648245e-27,0.9667327142886866,0.22976166434851827,0.0012998711376596259,0.20667964155990148,0.9999999999999997,0.0012918875090389922,0.9999999999999541,9.960751159770586e-05,3.8434858594393884e-14,3.8434858594393884e-14,3.2091408523615694e-14,,0.0,4.786380409530668e-19,0.004567040150618464,0.0,,,,,0.13043478260869565,,0.0,1.0,0.7209302325581395,0.0,0.0,1.0,0.42658033862811345,0.13286867808967343,1508,1.8787590079353338,0.9119671035510929,88,1004.0916292848975,0.5307983040724777,798.0,166.29573934837092,0.5789505539053977,1276,1009.0473684210526,935.5,610.6543869996938,760,0.4758535102197843,0.8532293215616218,0.41093374637766444,5,958.25
rbio4.4,1.0,zero,4.0020908870036907e-20,253.4489229966677,6026716.183678077,0.6308411214953271,290.4337986898382,206,raw,1.560961457179478e-10,3.100739662992799e-10,6.351516616087412,67531.14809044269,0.7574666559608776,5.618943883699146e-06,1.0,327.0000000002369,,,,[],[],13,661.153846153329,86.99999999992451,939.9999999992374,"[8, 32, 51, 63, 81, 100, 111, 133, 152, 162, 175, 192, 204]","[877.9999999995667, 637.999999999377, 786.9999999993614, 791.9999999993106, 939.9999999992374, 787.9999999993794, 636.9999999994692, 674.9999999997368, 770.999999999358, 195.99999999973352, 833.9999999992726, 571.9999999995513, 86.99999999992451]","[0, 13, 39, 39, 76, 99, 107, 107, 107, 161, 99, 187, 203]","[76, 39, 61, 76, 205, 164, 119, 142, 164, 164, 205, 205, 205]",37754612.99998243,940.9999999994957,-940.9999999994957,0.0,,,,DWT,mdp.39015067403892,1.7568469047546387e-05,,0.0,33.0,19.0,0.0,28.5,,5.043148121330887e-10,256.341346153329,4359.000000006723,256.3413461533768,,0.0,256.341346153329,,,83.99999999992451,0.0,19.5,7.626113074366003e-10,5.043148121330887e-10,,2.369233698118478e-10,1.9721184036059927e-10,2.832144434707325e-20,0.7213611956108713,0.7979151183139539,0.0003272111268761038,0.5527369826435248,0.0007927526735832227,0.9999999997313026,0.474228024523908,6.295488807284282e-09,6.295488807284282e-09,5.718497709649882e-09,,1.1917460026293674e-08,0.9999999937044977,9.131576071129131e-10,,,,,,1.7389170304665737e-10,1.0,0.0,6.31616587920557e-10,6.31616587920557e-10,0.7422684164571651,0.24267159583315895,626,1.4533497761654657,0.6980488192680067,704,0,0.20618567090046858,0.24635434616578128,626,0.0,0.38414165753716545,0.6977344303597984,662,37.107950630558946,0.9611027771168146,654.5,652.9634939783305,0.6375220384535855,444,rbio,0.5136782423812899,1.0,0.3404252303330971,4,334.0,1.9721184036059924e-10,0.00015478833002774417,2.832144434707325e-20,0.7213611956108713,0.797915118313954,0.001360352412475068,0.6638465322183966,0.003156577825192109,0.9999999997313025,0.9919828214548645,0.9855281704394512,0.9855281704394512,0.9855281704398742,,2.553235718145333e-09,0.9999999999687482,5.08867087552869e-10,,,,,1.0,,1.7389170304665737e-10,1.0,0.25,6.31616587920557e-10,6.31616587920557e-10,0.0,2.209570201687111,0.6304403973731967,623,1.4993021331978655,0.6931051166366662,1585,680.2367235014588,0.6434818010998644,1104.0,894.4338768115942,0.5324327244493032,1322,0.3888041033402703,1.0,0.4278371276618108,3,992.25,,,,,,,,,,,,,1.3241548487238908e-15,0.036413600438477176,2.832144434707325e-20,0.7978865074993431,0.24666414245223825,0.0015795357226792352,0.502212213136209,1.0,0.003156577825192109,0.9999999999999555,0.0008499884728381107,0.0007982210227354319,0.0007982210227354319,0.0007982210227295266,,0.0,1.9949633546923827e-15,0.020163910573080923,4.7319095953284194e-15,,,,,0.4782608695652174,,5.50189393033385e-18,1.0,0.7906976744186046,2.116402666758423e-15,2.116402666758423e-15,0.9302325581395349,0.5674759776447107,0.17675400427451537,641,1.6159253401031508,0.784385195623455,1603,680.2367235014588,0.6821323721955801,1122.0,915.795900178253,0.5789166533875096,1277,818.67,599.5,715.6978453131971,300,0.38607403914171184,1.0,0.42974817260080167,3,958.5
db19,1.0,antireflect,9.360612013086917e-27,317.53435629651113,5686562.21320376,0.5330578512396694,107.65609114740776,206,smoothed,6.66521853890497e-14,-2.005205113064794e-10,6.465680047062592,96594.1834980707,0.9945669429257528,0.0001496656645132029,0.9999999999999997,362.4,,,,[],[],11,426.59999999999997,32.200000000000045,728.3999999999997,"[9, 31, 53, 64, 80, 102, 131, 148, 158, 175, 192]","[311.0000000000002, 417.7999999999999, 589.6000000000001, 432.2, 728.3999999999997, 371.0, 587.0, 32.200000000000045, 448.20000000000016, 367.9999999999999, 407.1999999999996]","[1, 1, 1, 60, 1, 94, 120, 144, 144, 165, 186]","[20, 40, 75, 75, 205, 120, 205, 149, 205, 186, 205]",30736475.839999996,728.3999999999997,-728.3999999999997,0.0,,,,DWT,mdp.39015067403892,0.0,,0.0,15.0,11.0,0.0,33.0,,2.2737367544323206e-13,168.40000000000003,987.7999999999993,168.40000000000003,,0.0,168.40000000000003,,,28.000000000000057,0.0,33.0,2.2737367544323206e-13,2.2737367544323206e-13,,0.0,9.758859452727341e-14,2.2606875243631623e-26,0.9712185536626875,0.477933177000996,0.37331654028252687,0.13728319832748564,0.5651018284458069,,0.9999996647593375,4.4059199552998455e-09,4.4059199552998455e-09,3.6787269888316428e-09,,0.0,0.9999999955940747,1.5171946557926922e-13,,,,,,0.0,0.0,1.0,3.4954031196328703e-13,3.4954031196328703e-13,0.8999999009722244,0.33832967744082176,420,1.2893100015487204,0.6545412540910203,92,0,0.24999997273706911,0.3557007787882892,407,0.0,0.36069332824565725,0.6363606517142407,92,185.69396866888272,0.8053522340997037,252.75,150.50559378319664,0.7702075635907324,194,db,0.573477938514061,0.8443824841957417,0.34525069778143475,3,146.25,6.586834809968024e-14,0.9999999999705149,5.827311407730631e-27,0.9578509527189952,0.8373528567469786,0.0009779446902713682,0.11265767725097889,0.005504041707699914,0.9999999997236069,2.0315811924354055e-05,4.745387416349445e-11,4.745387416349445e-11,3.962169481397382e-11,,0.0,0.0031261328403482946,1.5171946557926922e-13,,,,,0.0,,0.0,0.0,1.0,2.847685247612971e-13,2.847685247612971e-13,1.0,0.30156916120430005,0.08604450842067562,1526,1.7411406598141108,0.8049034770112199,326,848.5281374238571,0.5552787539707248,926.0,537.231101511879,0.5349769031908131,1298,0.49117026184683504,0.8233619396015222,0.4091722348267588,4,974.5,,,,,,,,,,,,,4.422649895368567e-19,0.9999999999715842,5.827311407730631e-27,0.9694267595993475,0.2588557599658822,0.0014901127069569134,0.08522762215828739,0.9999999999999997,0.005504041707699914,0.9999999999999541,9.960751159770499e-05,3.8434858594393884e-14,3.8434858594393884e-14,3.20911916831812e-14,,0.0,0.0,0.004567040150618464,1.4108257588933865e-18,,,,,0.13043478260869565,,0.0,0.7209302325581395,1.0,9.54194168962319e-19,9.54194168962319e-19,1.0,0.42658033862811345,0.13286867808967343,1542,1.8481216576338801,0.8970954486465067,285,888.8332239514903,0.584657371985285,913.5,481.0837438423645,0.5788941065533901,1278,1009.0473684210526,935.5,610.6543869996938,760,0.4758535102197843,0.8532293215616218,0.41093374637766444,5,959.75
db24,1.0,constant,1.1711781305723181e-26,316.56116920043434,4963906.571396928,0.5595238095238095,48.546398802260725,206,smoothed,7.512437274201446e-14,-2.023933687311802e-10,6.191993221046912,43439.78223230033,0.9899289035893172,0.00014966566451320263,1.0,362.4,,,,[],[],11,426.59999999999985,32.20000000000002,728.4,"[9, 31, 53, 64, 80, 102, 131, 148, 158, 175, 192]","[310.99999999999994, 417.80000000000007, 589.5999999999998, 432.1999999999995, 728.4, 371.0000000000002, 586.9999999999999, 32.20000000000002, 448.2, 368.0, 407.20000000000005]","[0, 0, 0, 60, 0, 94, 120, 144, 144, 165, 186]","[20, 40, 75, 75, 203, 120, 203, 149, 203, 186, 203]",30736475.839999992,728.4,-728.4,0.0,,,,DWT,mdp.39015067403892,3.725290298461914e-09,,0.0,33.0,11.0,0.0,33.0,,0.0,168.39999999999992,987.8000000000002,168.39999999999998,,0.0,168.39999999999992,,,28.00000000000003,0.0,15.0,0.0,0.0,,0.0,1.162008034223614e-13,2.9487806479566156e-26,0.9675210140654551,0.0831661875071237,0.06318535004977181,0.31907742591964505,0.12430123049739361,,0.9999996647345563,4.405801664454926e-09,4.405801664454926e-09,3.67866784340914e-09,,0.0,0.9999999955941608,0.0,,,,,,7.946695712486874e-14,1.0,0.0,0.0,0.0,0.8999999009645684,0.3383296774379437,512,0.8310398397845712,0.42189222008578287,413,0,0.2499999727349223,0.3557007787852347,512,0.0,0.22246445829135797,0.3924875138392543,389,64.83054835492293,0.932043450361716,456.5,449.5265118083772,0.7267659599816966,273,db,0.573477938514061,0.8443824841957417,0.34525069778143475,3,205.5,7.657310380295829e-14,0.9999999999705129,7.491154484402818e-27,0.9542596720157012,0.7428077877632185,0.00016552113532753722,0.2618421052631581,0.0012106829646219871,0.9999999997235787,2.0315811923854454e-05,4.74525418958649e-11,4.74525418958649e-11,3.962102868015904e-11,,0.0,0.003126132840348572,0.0,,,,,0.0,,3.687271056968986e-14,1.0,0.0,0.0,0.0,1.0,0.30156916120412774,0.08604450842062646,1606,1.7492635728304142,0.8086585791010076,248,960.2510088513316,0.4967237899102036,927.0,429.65264293419636,0.505437366653215,1509,0.49117026184683504,0.8233619396015222,0.4091722348267588,4,1132.75,,,,,,,,,,,,,5.141407660773626e-19,0.9999999999715824,7.491154484402818e-27,0.9668217875923644,0.2296284927682818,0.0013001338960995635,0.1980884086823745,1.0,0.0012106829646219871,0.9999999999999541,9.960751159770467e-05,3.8433882812438647e-14,3.8433882812438647e-14,3.2090649582094954e-14,,0.0,0.0,0.004567040150618468,0.0,,,,,0.13043478260869565,,1.1666441752192217e-21,1.0,0.7209302325581395,0.0,0.0,1.0,0.42658033862811345,0.13286867808967343,1510,1.8752770225378645,0.9102769154406832,97,999.1418818165916,0.5331112701791627,803.5,182.28998133167394,0.5788219902297682,1279,1009.0473684210526,935.5,610.6543869996938,760,0.4758535102197843,0.8532293215616218,0.41093374637766444,5,960.5
haar,,,,13.165043942863448,93166.10559659397,0.7330097087378641,55.45805957934157,206,smoothed,141.9956263742145,-24474.472427827226,7.245336461882035,90447.61084362336,1.0,7.48384326284766e-05,0.9999999999999996,512.5109950040097,,,,[],[],11,603.3035057083624,45.53767670841367,1030.1131588325625,"[9, 31, 53, 64, 80, 102, 131, 148, 158, 175, 192]","[439.8204178980325, 590.8584263594793, 833.820316375177, 611.2231016576517, 1030.1131588325625, 524.6732316404184, 830.1433611130068, 45.53767670841367, 633.8505186556213, 520.430590953299, 575.8677625983244]","[1, 1, 1, 60, 1, 94, 120, 144, 144, 165, 186]","[20, 40, 75, 75, 203, 120, 203, 149, 203, 186, 203]",61472951.68000001,1030.1131588325625,-1030.1131588325625,0.0,,,,SWT,mdp.39015067403892,30736475.84000001,,0.0,33.0,11.0,0.0,33.0,,301.7131588325625,345.1035057083625,955.9385627919874,345.1035057083624,,0.0,345.1035057083625,,,41.33767670841368,0.0,33.0,301.7131588325625,301.7131588325625,,150.11099500400974,0.0,,0.974873532398331,0.31271082574441667,0.1334831755018577,0.9999999999999999,0.3580760373945932,0.0,0.050484481420759904,0.6001921211814045,0.6001921211814045,0.599685044414429,,0.36805466921013896,0.28725695778006183,0.4329659795654868,,,,,,0.4926403719031324,0.9999999999999999,0.9999999999999999,0.4044529857118969,0.4044529857118969,2.2074063139735687,0.7086188756083707,26,1.9453147352494504,0.7415507564769426,6,0,0.5326918478720409,0.8782498631679723,7,0.0,0.5532526131421821,0.7323317788345466,5,10.03327796219494,0.9053464343189157,11.0,7.299465240641711,0.9007864247066277,9,haar,0.12999150382327954,,,7,8.5,0.0,0.8337394077110778,,0.8504414375543863,0.40517550706317107,0.022763663100316495,0.9142857142857143,0.052711359921510936,0.27744234801864565,0.03173613876738996,0.20089469534791177,0.20089469534791177,0.20055574329915504,,0.32002779472386017,0.232542170573751,0.10700266378309935,,,,,0.25,,0.11706650296210916,0.9999999999999998,1.0,0.1319516671076832,0.1319516671076832,0.9999999999999998,1.1313246146931935,0.371260940056719,125,1.872132038818047,0.9629166004277324,12,79.90306627407988,0.6230987439901893,68.5,21.897810218978105,0.6499927682215096,93,0.42776572668112794,0.7,0.4905639913232105,1,70.0,,,0.9999999999999999,0.75,1.0,0.6468773340982591,0.9999999999999996,1.0,False,False,0.0,0.0,0.001204652999963545,0.4994505765363641,,0.1547082520664147,0.34211598366749935,1.966581676106729e-05,0.9378974428358815,0.9999999999999997,0.005007574043357523,0.9389339787859055,0.00027832784497603866,0.0016038923579601632,0.0016038923579601632,0.0016038923579538285,,0.0,0.0012639780297200355,0.004419633082629085,0.0018720931323659136,,,,,0.13043478260869565,,9.625700987734434e-06,1.0,1.0,0.001266166526516438,0.001266166526516438,1.0,0.45799004610259136,0.14265198485139338,1022,1.566824943108935,0.7605514060629553,1669,457.49808742769625,0.7862158469964036,1345.5,1267.7205499814197,0.5787387646196971,1280,327.0,268.5,438.5491630604859,20,0.1542089129922188,0.6127574170194295,0.7082265357996179,2,960.5
rbio5.5,1.0,antisymmetric,2.1697217035435855e-20,253.88335841026804,5176443.4484905,0.5324074074074074,82.19320708534555,206,smoothed,1.212861785114848e-10,,6.1808830840727795,44917.58476227689,0.988658096774839,0.0001496656645129435,1.0,362.40000000002476,,,,[],[],11,426.60000000037684,32.20000000005214,728.4000000005344,"[9, 31, 53, 64, 80, 102, 131, 148, 158, 175, 192]","[311.00000000037573, 417.80000000033715, 589.6000000004158, 432.200000000701, 728.4000000005344, 371.00000000047, 587.0000000001749, 32.20000000005214, 448.20000000030427, 368.0000000003919, 407.20000000038704]","[1, 1, 1, 60, 1, 94, 120, 144, 144, 165, 186]","[20, 40, 75, 75, 204, 120, 204, 149, 204, 186, 204]",30736475.840008877,728.4000000004494,-728.4000000004494,0.0,,,,DWT,mdp.39015067403892,8.881092071533203e-06,,0.0,15.0,11.0,0.0,33.0,,4.4940406951354817e-10,168.4000000003769,987.7999999958538,168.40000000037676,,0.0,168.4000000003769,,,28.000000000052154,0.0,33.0,5.34441824129317e-10,4.4940406951354817e-10,,2.4783730623312294e-11,2.6639990842641693e-10,6.349906305872362e-20,0.7293821318312512,0.06714088080897913,0.15439658656150645,0.13281531045399,0.13655640078153033,,0.9999997101833569,4.798054106208494e-09,4.798054106208494e-09,4.070713276469215e-09,,2.670851183088688e-10,0.9999999952019513,3.566166038440723e-10,,,,,,1.894492257856871e-10,0.0,1.0,6.908664265954368e-10,6.908664265954368e-10,0.8999999154389511,0.3383296828791812,313,0.6561466973581216,0.3331045921001002,862,0,0.24999997677058441,0.35570078452718795,313,0.0,0.17432733010052245,0.30756059152504633,850,313.53947119940096,0.67134227337589,584.5,458.3823358930592,0.5293294176103769,793,rbio,0.7685897546424816,0.816051598246696,0.21717169227625407,5,596.0,1.532288428819248e-10,0.9999999999687144,1.5354386681952486e-20,0.7229643606384184,0.7389697927748218,0.00040445923427228356,0.10899122807017583,0.0013300472366583529,,2.0315812847171433e-05,5.1677329082622236e-11,5.1677329082622236e-11,4.384348439856467e-11,,2.670851183088688e-10,0.0031261328391224974,3.566166038440723e-10,,,,,0.0,,8.790454199814063e-11,0.0,1.0,5.628449891907037e-10,5.628449891907037e-10,1.0,0.301569161788516,0.08604450858736566,1270,1.147594252546915,0.5305157850783411,1814,384.66608896548183,0.7983930351333952,1542.0,1494.0207522697795,0.4951084672522322,1561,0.3888041033402703,1.0,0.4278371276618108,3,1171.5,,,,,,,,,,,,,1.0288363766366884e-15,0.999999999969849,1.5354386681952486e-20,0.7990493795676568,0.2284420310497104,0.0013560076772446425,0.08245388535606402,1.0,0.001330047236658353,,9.960751159840311e-05,4.18556248688029e-14,4.18556248688029e-14,3.551065691498323e-14,,0.0,2.0868618585553715e-16,0.004567040150599285,3.3161459462789052e-15,,,,,0.13043478260869565,,2.781279713722625e-18,0.7209302325581395,1.0,1.885964774954023e-15,1.885964774954023e-15,1.0,0.42658033862810973,0.13286867808967226,1674,1.3278422201321156,0.6445469686915899,1781,75.66042558696059,0.9646446609406726,1727.5,1725.8431259044862,0.5787008351432334,1281,818.67,599.5,715.6978453131971,300,0.38607403914171184,1.0,0.42974817260080167,3,961.5
sym17,1.0,periodization,1.0217760072305478e-20,257.1538417363853,4960231.151983185,0.529126213592233,93.43498001159247,206,smoothed,7.956740661329222e-11,,6.196581348373958,31688.237398447265,0.9825937136244294,0.00014966566451285462,1.0,362.4000000000136,,,,[],[],11,426.60000000026935,32.200000000107735,728.4000000004996,"[9, 31, 53, 64, 80, 102, 131, 148, 158, 175, 192]","[311.00000000033083, 417.800000000222, 589.6000000003214, 432.2000000004491, 728.4000000004996, 371.0000000003158, 587.0000000000578, 32.200000000107735, 448.2000000001661, 368.00000000024136, 407.20000000025107]","[0, 0, 0, 60, 0, 94, 120, 144, 144, 165, 186]","[20, 40, 75, 75, 203, 120, 203, 149, 203, 186, 203]",30736475.840004936,728.4000000003673,-728.4000000003673,0.0,,,,DWT,mdp.39015067403892,4.939734935760498e-06,,0.0,33.0,11.0,0.0,33.0,,3.673221726785414e-10,168.40000000026942,987.7999999970361,168.40000000026936,,0.0,168.40000000026942,,,28.000000000107747,0.0,15.0,4.996536517865025e-10,3.673221726785414e-10,,1.3642420526593924e-11,1.747496102134099e-10,2.99032882939883e-20,0.7418080483370867,0.0897841209995041,0.06160802589778858,0.11027684467067218,0.026847626163112162,,0.9999997586554693,4.686210112336963e-09,4.686210112336963e-09,3.9589580006500985e-09,,1.4701933117919382e-10,0.9999999953137899,3.334035256104441e-10,,,,,,1.0537318514757595e-10,1.0,0.0,5.646823739766902e-10,5.646823739766902e-10,0.89999992977172,0.338329688267183,300,0.5756306908368369,0.2922292030784236,937,0,0.24999998075131646,0.35570079019098655,300,0.0,0.14718923803470194,0.2596816522685797,936,367.48367310671097,0.6147969883577453,618.25,454.4277890329901,0.48336809585602153,939,sym,1.0,1.0,0.0,7,706.0,1.0051645081535263e-10,0.9999999999680975,7.230762810255536e-21,0.7350331845129623,0.7443927555928976,0.00016138915719953514,0.09049565661727149,0.00026149349854506093,,2.0315813831939256e-05,5.047273710090394e-11,5.047273710090394e-11,4.263994712871977e-11,,1.4701933117919382e-10,0.0031261328394721066,3.334035256104441e-10,,,,,0.0,,4.889321421540875e-11,1.0,0.0,4.6004355175187557e-10,4.6004355175187557e-10,1.0,0.30156916165563674,0.0860445085494522,1272,1.1495998431497367,0.531442939837822,1811,381.1305550595491,0.8002460403251839,1541.5,1494.3833927992214,0.49616599710179526,1559,0.7763846615972358,0.5622554397616224,0.28785410495344815,6,1170.75,,,,,,,,,,,,,6.749054492889232e-16,0.9999999999692544,7.230762810255536e-21,0.8078036237907724,0.23011846309413336,0.0012991676657552198,0.06846164253822229,1.0,0.00026149349854506093,,9.960751159914807e-05,4.088005975400044e-14,4.088005975400044e-14,3.4535742321484264e-14,,0.0,1.1487312982873604e-16,0.004567040150604755,3.1002896051682173e-15,,,,,0.13043478260869565,,1.546970176340688e-18,1.0,0.7209302325581395,1.541500679958626e-15,1.541500679958626e-15,1.0,0.42658033862811146,0.13286867808967281,1666,1.3278802440598911,0.6445654258599296,1780,80.61017305526642,0.9623316948339876,1723.0,1721.1143354614046,0.5785957539590498,1282,1409.1368421052632,1454.5,398.32527672708756,380,0.6645304607900322,0.5565550872278735,0.3678621512786154,7,963.25
sym11,1.0,antireflect,4.953940915285842e-24,290.29789051713016,5317155.322434554,0.5265486725663717,99.98267099784225,206,smoothed,1.789136260934188e-12,,6.339931887437829,69593.9464722193,0.9918103557290899,0.00014966566451319528,0.9999999999999999,362.4000000000003,,,,[],[],11,426.60000000000616,32.20000000000206,728.4000000000103,"[9, 31, 53, 64, 80, 102, 131, 148, 158, 175, 192]","[311.0000000000073, 417.8000000000058, 589.6000000000078, 432.20000000000994, 728.4000000000103, 371.0000000000075, 587.0000000000023, 32.20000000000206, 448.20000000000414, 368.00000000000557, 407.2000000000057]","[1, 1, 1, 60, 1, 94, 120, 144, 144, 165, 186]","[20, 40, 75, 75, 203, 120, 203, 149, 203, 186, 203]",30736475.84000013,728.4000000000079,-728.4000000000079,0.0,,,,DWT,mdp.39015067403892,1.341104507446289e-07,,0.0,33.0,11.0,0.0,33.0,,7.958078640513122e-12,168.40000000000623,987.7999999999311,168.40000000000623,,0.0,168.40000000000623,,,28.000000000002075,0.0,33.0,1.0345502232667059e-11,7.958078640513122e-12,,3.410605131648481e-13,3.881644836070351e-12,1.4493413874950266e-23,0.8677359745020007,0.2965535208000117,0.21478377296337445,0.09257175820250703,0.3411933591125535,,0.9999996665188058,4.412366806347967e-09,4.412366806347967e-09,3.685173839884452e-09,,3.675483279479846e-12,0.9999999955876224,6.90323568385675e-12,,,,,,2.860810456495275e-12,1.0,1.0,1.2233910918715047e-11,1.2233910918715047e-11,0.9999999015140385,0.3759218681631162,54,0.9498162785100821,0.4821912009875636,233,0,0.3333333062211869,0.47426771819551794,54,0.0,0.25897691222633273,0.45690536457898856,223,100.5418652436221,0.8946102041471466,141.0,87.31110454170621,0.873405731004391,62,sym,1.0,1.0,0.0,7,48.25,2.2422568606890488e-12,0.9999999999704621,3.5049397447048856e-24,0.8573422279591476,0.7939131757094158,0.0005626502650191156,0.07596646483465347,0.0033231930678947062,,2.0315811960103236e-05,4.752320759138229e-11,4.752320759138229e-11,3.969108375301289e-11,,3.675483279479846e-12,0.003126132840328144,6.90323568385675e-12,,,,,0.0,,1.327417580508835e-12,1.0,1.0,9.9668983666454e-12,9.9668983666454e-12,1.0,0.4015691612141132,0.11457677215928379,1010,1.2433591129155366,0.5747864582440732,1693,482.95393155041194,0.7468794908016709,1351.5,1265.2090270070291,0.5192730787341688,1415,0.7763846615972358,0.5622554397616224,0.28785410495344815,6,1062.75,,,,,,,,,,,,,1.505536020928998e-17,0.9999999999715332,3.5049397447048856e-24,0.8965217332067185,0.24542699865331213,0.0013929993963137178,0.057470039500325476,0.9999999999999999,0.0033231930678947062,,9.96075115977321e-05,3.849112868714588e-14,3.849112868714588e-14,3.2147353355715946e-14,,0.0,2.871828245718401e-18,0.004567040150618149,6.41925720296491e-17,,,,,0.13043478260869565,,4.199919030789198e-20,1.0,1.0,3.339679591368116e-17,3.339679591368116e-17,1.0,0.4544873153722994,0.14156097535167123,1263,1.385640331967592,0.6726027099647868,1711,316.7838379715733,0.851970169172162,1487.0,1453.256893073302,0.5785551780440249,1283,1409.1368421052632,1454.5,398.32527672708756,380,0.6645304607900322,0.5565550872278735,0.3678621512786154,7,964.0
db1,,,,13.165043942863448,93166.10559659397,0.7330097087378641,55.45805957934157,206,smoothed,141.9956263742145,-24474.472427827226,7.245336461882035,90447.61084362336,1.0,7.48384326284766e-05,0.9999999999999996,512.5109950040097,,,,[],[],11,603.3035057083624,45.53767670841367,1030.1131588325625,"[9, 31, 53, 64, 80, 102, 131, 148, 158, 175, 192]","[439.8204178980325, 590.8584263594793, 833.820316375177, 611.2231016576517, 1030.1131588325625, 524.6732316404184, 830.1433611130068, 45.53767670841367, 633.8505186556213, 520.430590953299, 575.8677625983244]","[1, 1, 1, 60, 1, 94, 120, 144, 144, 165, 186]","[20, 40, 75, 75, 203, 120, 203, 149, 203, 186, 203]",61472951.68000001,1030.1131588325625,-1030.1131588325625,0.0,,,,SWT,mdp.39015067403892,30736475.84000001,,0.0,33.0,11.0,0.0,33.0,,301.7131588325625,345.1035057083625,955.9385627919874,345.1035057083624,,0.0,345.1035057083625,,,41.33767670841368,0.0,33.0,301.7131588325625,301.7131588325625,,150.11099500400974,0.0,,0.974873532398331,0.31271082574441667,0.1334831755018577,0.9999999999999999,0.3580760373945932,0.0,0.050484481420759904,0.6001921211814045,0.6001921211814045,0.599685044414429,,0.36805466921013896,0.28725695778006183,0.4329659795654868,,,,,,0.4926403719031324,0.9999999999999999,0.9999999999999999,0.4044529857118969,0.4044529857118969,2.2074063139735687,0.7086188756083707,23,1.9453147352494504,0.7415507564769426,9,0,0.5326918478720409,0.8782498631679723,10,0.0,0.5532526131421821,0.7323317788345466,8,7.047458170621991,0.9335145455601699,12.5,10.537702831689469,0.9077950086291415,6,db,0.9817779367705585,0.7465271631990054,0.08879729530090745,4,5.5,0.0,0.8337394077110778,,0.8504414375543863,0.40517550706317107,0.022763663100316495,0.9142857142857143,0.052711359921510936,0.27744234801864565,0.03173613876738996,0.20089469534791177,0.20089469534791177,0.20055574329915504,,0.32002779472386017,0.232542170573751,0.10700266378309935,,,,,0.25,,0.11706650296210916,0.9999999999999998,1.0,0.1319516671076832,0.1319516671076832,0.9999999999999998,1.1313246146931935,0.371260940056719,122,1.872132038818047,0.9629166004277324,11,78.48885271170677,0.6297695626806284,66.5,20.18045112781955,0.6580451586988048,88,0.9080317387829661,0.7281573716544635,0.1459305713555847,6,67.5,,,0.9999999999999999,0.75,1.0,0.6468773340982591,0.9999999999999996,1.0,False,False,0.0,0.0,0.001204652999963545,0.4994505765363641,,0.1547082520664147,0.34211598366749935,1.966581676106729e-05,0.9378974428358815,0.9999999999999997,0.005007574043357523,0.9389339787859055,0.00027832784497603866,0.0016038923579601632,0.0016038923579601632,0.0016038923579538285,,0.0,0.0012639780297200355,0.004419633082629085,0.0018720931323659136,,,,,0.13043478260869565,,9.625700987734434e-06,1.0,1.0,0.001266166526516438,0.001266166526516438,1.0,0.45799004610259136,0.14265198485139338,1024,1.566824943108935,0.7605514060629553,1670,456.7909806465097,0.7865462707259301,1347.0,1269.547141796585,0.5785535091947407,1284,1009.0473684210526,935.5,610.6543869996938,760,0.4758535102197843,0.8532293215616218,0.41093374637766444,5,964.25
db15,1.0,smooth,1.029044159618655e-26,319.3474523470899,61991728.90122367,0.6068376068376068,305.47156735446185,206,raw,7.029975307383756e-14,-2.0227453045862655e-10,4.162252219850123,1102171.0675255004,0.9882608965718365,5.618943883690066e-06,1.0,327.0,,,,[],[],13,661.1538461538462,87.00000000000017,939.9999999999998,"[8, 32, 51, 63, 81, 100, 111, 133, 152, 162, 175, 192, 204]","[877.9999999999999, 637.9999999999999, 787.0, 792.0000000000001, 939.9999999999998, 788.0, 637.0000000000001, 675.0, 770.9999999999999, 195.9999999999999, 834.0, 571.9999999999998, 87.00000000000017]","[0, 13, 39, 39, 76, 99, 107, 107, 107, 161, 99, 187, 203]","[76, 39, 61, 76, 205, 164, 119, 142, 164, 164, 205, 205, 205]",37754613.0,940.9999999999998,-940.9999999999998,0.0,,,,DWT,mdp.39015067403892,0.0,,0.0,33.0,19.0,0.0,28.5,,2.2737367544323206e-13,256.3413461538462,4359.0,256.34134615384613,,0.0,256.3413461538462,,,84.00000000000017,0.0,19.5,2.2737367544323206e-13,2.2737367544323206e-13,,0.0,7.047711315055719e-14,6.48532039039756e-27,0.9645416876104783,0.0416340931027287,0.0633092596697716,0.3727106227106223,0.08456030134745358,0.9999999997235806,0.4742280246117984,6.6959667625959335e-09,6.6959667625959335e-09,6.0819563246244724e-09,,0.0,0.9999999933040264,2.7225927463116073e-13,,,,,,0.0,1.0,0.0,2.847685247612971e-13,2.847685247612971e-13,0.7422684098779697,0.24267159368220678,871,1.2141050584652207,0.5831387711532369,845,0,0.20618566978254635,0.2463543448300677,871,0.0,0.3158444955205882,0.5736831058032655,871,13.0,0.9863731656184487,864.5,864.3511450381678,0.5400943396226415,736,db,0.540986235965534,0.9305070477545101,0.3421575204977732,3,552.75,7.047711315055717e-14,0.0001547883299646835,6.485320390397559e-27,0.9645416876104783,0.04163409310272881,0.0642773103023834,0.5285425101214574,0.08672595756166361,0.9999999997235804,0.9919828214562046,0.9855281704452468,0.9855281704452468,0.9855281704451341,,0.0,0.9999999999667601,1.5171946557926922e-13,,,,,1.0,,0.0,1.0,0.25,2.847685247612971e-13,2.847685247612971e-13,0.0,2.2095701998211195,0.6304403968407871,875,1.2778345377305342,0.5907239352931665,1676,566.3925317304246,0.7031485682754588,1275.5,1149.7451979615837,0.5173237600287147,1433,0.49117026184683504,0.8233619396015222,0.4091722348267588,4,1075.75,,,,,,,,,,,,,4.732099803527689e-19,0.03641360043841643,6.485320390397559e-27,0.9742799522452116,0.012870589410138772,0.01629216778504372,0.3998522111091451,1.0,0.0867259575616636,0.9999999999999541,0.0008499884728391244,0.0007982210227401261,0.0007982210227401261,0.0007982210227337869,,0.0,0.0,0.020163910573049823,1.4108257588933865e-18,,,,,0.4782608695652174,,0.0,1.0,0.7906976744186046,9.54194168962319e-19,9.54194168962319e-19,0.9302325581395349,0.5674759776446953,0.17675400427451057,782,1.6047046975445485,0.7789385913219293,1629,598.9194436650057,0.7201311010911189,1205.5,1056.7216922438822,0.5784066720408865,1285,1009.0473684210526,935.5,610.6543869996938,760,0.4758535102197843,0.8532293215616218,0.41093374637766444,5,965.0
coif5,1.0,antireflect,7.02818582579339e-27,318.77896638489983,5436496.147769456,0.5213675213675214,92.49156016439541,206,smoothed,5.786525519803584e-14,-2.0456325522388885e-10,6.4082910715212735,81467.05914194051,0.9931065618445651,0.00014966566451320274,0.9999999999999997,362.4,,,,[],[],11,426.59999999999997,32.200000000000045,728.4000000000001,"[9, 31, 53, 64, 80, 102, 131, 148, 158, 175, 192]","[310.9999999999999, 417.79999999999995, 589.6, 432.19999999999993, 728.4000000000001, 371.0000000000001, 587.0, 32.200000000000045, 448.20000000000005, 368.0, 407.19999999999993]","[0, 0, 0, 60, 0, 94, 120, 144, 144, 165, 186]","[20, 40, 75, 75, 203, 120, 203, 149, 203, 186, 203]",30736475.84,728.4000000000001,-728.4000000000001,0.0,,,,DWT,mdp.39015067403892,3.725290298461914e-09,,0.0,33.0,11.0,0.0,33.0,,1.1368683772161603e-13,168.40000000000003,987.7999999999993,168.4,,0.0,168.40000000000003,,,28.000000000000057,0.0,15.0,1.1368683772161603e-13,1.1368683772161603e-13,,0.0,7.828493970376733e-14,1.5780797573288973e-26,0.9759473412755567,0.3951550855802354,0.2659994697120144,0.05698251672782269,0.43965510526512097,,0.9999996647593375,4.4059199552998455e-09,4.4059199552998455e-09,3.6786974161203912e-09,,0.0,0.9999999955940747,7.585973278963461e-14,,,,,,7.946695712486874e-14,1.0,0.0,1.7477015598164352e-13,1.7477015598164352e-13,0.8999999009721474,0.33832967744079284,423,1.1148007312086599,0.5659485056273562,153,0,0.2499999727370379,0.3557007787882448,423,0.0,0.3048199312229755,0.5377848573800954,152,156.1737814103251,0.836295826613915,287.75,224.17720350715274,0.7673355443342111,199,coif,0.5556920286951962,0.9053407607371553,0.33941335169221604,4,150.25,5.476590936009718e-14,0.9999999999705138,4.1767321934938394e-27,0.9624438457110768,0.8175278445954971,0.0006968155464609068,0.0467611336032393,0.004282201745900894,0.9999999997235459,2.0315811924354055e-05,4.745387416349445e-11,4.745387416349445e-11,3.962136174706643e-11,,0.0,0.0031261328403482946,7.585973278963461e-14,,,,,0.0,,3.687271056968986e-14,1.0,0.0,1.4238426238064856e-13,1.4238426238064856e-13,1.0,0.3015691612042235,0.08604450842065378,1575,1.7069959715178702,0.7891188945444348,674,637.1032098490793,0.6660884644396858,1124.5,944.0195642507781,0.5383639387187946,1283,0.4784248188775415,0.776734912893196,0.43208215291776214,2,962.75,,,,,,,,,,,,,3.6771901875336997e-19,0.9999999999715831,4.1767321934938394e-27,0.9727582612735186,0.25272713862607915,0.0014243728842825833,0.03537566478981746,0.9999999999999997,0.004282201745900894,0.9999999999999541,9.960751159770499e-05,3.8434858594393884e-14,3.8434858594393884e-14,3.209086642252945e-14,,0.0,0.0,0.004567040150618464,7.054128794466933e-19,,,,,0.13043478260869565,,1.1666441752192217e-21,1.0,0.7209302325581395,4.770970844811595e-19,4.770970844811595e-19,1.0,0.42658033862811345,0.13286867808967343,1601,1.826593859125036,0.8866456549427801,618,695.0859659063763,0.6751934738755251,1109.5,891.7692654348806,0.5783677649751457,1286,986.6382352941176,846.0,585.0035688138154,340,0.4652856568234462,0.8173890317607586,0.42908333069536003,4,965.5
rbio2.8,1.0,zero,5.0851658896169224e-27,320.18434749087277,4877324.720718512,0.5540540540540541,86.16928740950759,206,smoothed,4.8410035419383517e-14,-2.1325072818712027e-10,6.230993629481031,35705.637037234,0.978933893576161,0.00014966566451320263,0.9999999999999999,362.4000000000001,,,,[],[],11,426.60000000000014,32.20000000000002,728.4000000000001,"[9, 31, 53, 64, 80, 102, 131, 148, 158, 175, 192]","[311.0000000000001, 417.79999999999995, 589.6000000000001, 432.20000000000016, 728.4000000000001, 371.00000000000017, 587.0000000000002, 32.20000000000002, 448.20000000000016, 368.0000000000002, 407.2000000000002]","[0, 0, 0, 60, 0, 94, 120, 144, 144, 165, 186]","[20, 40, 75, 75, 203, 120, 203, 149, 203, 186, 203]",30736475.84000001,728.4000000000001,-728.4000000000001,0.0,,,,DWT,mdp.39015067403892,1.4901161193847656e-08,,0.0,33.0,11.0,0.0,33.0,,1.1368683772161603e-13,168.4000000000002,987.7999999999975,168.40000000000015,,0.0,168.4000000000002,,,28.00000000000003,0.0,15.0,1.1368683772161603e-13,1.1368683772161603e-13,,1.1368683772161603e-13,5.751314626512704e-14,1.0094356102335084e-26,0.9812869643649766,0.13942053504260296,0.0260283269117315,0.28150576650468756,0.0601632523540766,,0.9999996647345563,4.406097391567225e-09,4.406097391567225e-09,3.6788452796766485e-09,,1.2251610931599486e-12,0.9999999955939026,7.585973278963461e-14,,,,,,3.1786782849947497e-13,1.0,0.0,1.7477015598164352e-13,1.7477015598164352e-13,0.8999999009655096,0.3383296774382975,437,0.808164217139676,0.41027900160759145,476,0,0.24999997273512226,0.3557007787855192,438,0.0,0.21262926359687617,0.3751355685289317,468,20.1886932051912,0.9788378477933006,454.75,454.0796609106,0.7510803494731703,231,rbio,0.7685897546424816,0.816051598246696,0.21717169227625407,5,174.5,4.2819075132469244e-14,0.9999999999705129,2.8017226275010994e-27,0.9676300201548205,0.7562804724352505,6.81841315702523e-05,0.231009957325747,0.0005859847439149968,0.999999999723415,2.0315811923854454e-05,4.745570603148508e-11,4.745570603148508e-11,3.9622916059300906e-11,,1.2251610931599486e-12,0.003126132840347795,7.585973278963461e-14,,,,,0.0,,1.4749084227875944e-13,1.0,0.0,1.4238426238064856e-13,1.4238426238064856e-13,1.0,0.3015691612048926,0.08604450842084468,1370,1.7513907170846998,0.8096419263089016,236,801.8590898655449,0.579738422502335,803.0,402.640099626401,0.579439441859134,982,0.3888041033402703,1.0,0.4278371276618108,3,737.25,,,,,,,,,,,,,2.8750345745396525e-19,0.9999999999715824,2.8017226275010994e-27,0.9765201056865418,0.23379338215924655,0.0012773724090480159,0.17476331696329006,0.9999999999999999,0.0005859847439149972,0.9999999999999541,9.960751159770467e-05,3.843648489765261e-14,3.843648489765261e-14,3.209227588535368e-14,,0.0,9.572760819061336e-19,0.004567040150618456,7.054128794466933e-19,,,,,0.13043478260869565,,4.666576700876887e-21,1.0,0.7209302325581395,4.770970844811595e-19,4.770970844811595e-19,1.0,0.42658033862811345,0.13286867808967343,1512,1.8735871613704105,0.9094566411065205,99,999.1418818165916,0.5331112701791627,805.5,185.83240223463685,0.5783547005101422,1287,818.67,599.5,715.6978453131971,300,0.38607403914171184,1.0,0.42974817260080167,3,966.0
rbio2.8,1.0,periodization,4.87198310904324e-27,320.37034100298706,4877520.981839664,0.5242718446601942,118.9361424690605,206,smoothed,4.71192478553481e-14,-2.1278956374715152e-10,6.2320243912172755,30039.469862021782,0.9720073137045734,0.00014966566451320263,0.9999999999999999,362.4000000000001,,,,[],[],11,426.6,32.200000000000045,728.4000000000001,"[9, 31, 53, 64, 80, 102, 131, 148, 158, 175, 192]","[311.0000000000001, 417.79999999999995, 589.6000000000001, 432.20000000000005, 728.4000000000001, 371.00000000000017, 587.0000000000002, 32.200000000000045, 448.20000000000005, 368.0000000000002, 407.2000000000002]","[1, 1, 1, 60, 1, 94, 120, 144, 144, 165, 186]","[20, 40, 75, 75, 205, 120, 205, 149, 205, 186, 205]",30736475.840000004,728.4000000000001,-728.4000000000001,0.0,,,,DWT,mdp.39015067403892,7.450580596923828e-09,,0.0,15.0,11.0,0.0,33.0,,1.1368683772161603e-13,168.4000000000001,987.7999999999984,168.40000000000012,,0.0,168.4000000000001,,,28.000000000000057,0.0,33.0,1.1368683772161603e-13,1.1368683772161603e-13,,1.1368683772161603e-13,5.467746679061662e-14,9.470455450686107e-27,0.9819936305123632,0.14090730995766423,0.026112553328268007,0.07693226515562712,0.013174671551123986,,0.9999996647593375,4.4059791007223055e-09,4.4059791007223055e-09,3.678815706965397e-09,,1.2251610931599486e-12,0.9999999955939887,7.585973278963461e-14,,,,,,1.5893391424973748e-13,0.0,1.0,1.7477015598164352e-13,1.7477015598164352e-13,0.8999999009728278,0.3383296774410486,378,0.7087488846331009,0.359809032138212,783,0,0.24999997273715913,0.35570077878841727,378,0.0,0.17701720435787158,0.31230625772231585,829,247.81848195806543,0.7402321992053822,592.0,514.5080254777071,0.55984356291506,715,rbio,0.7685897546424816,0.816051598246696,0.21717169227625407,5,537.5,4.1188142651615496e-14,0.9999999999705129,2.6508603758401254e-27,0.9683163783213916,0.7566365489073184,6.84047721472012e-05,0.06313234542667362,0.00012832013285476052,0.999999999723422,2.0315811924354055e-05,4.745454029730922e-11,4.745454029730922e-11,3.962258299239352e-11,,1.2251610931599486e-12,0.0031261328403480726,7.585973278963461e-14,,,,,0.0,,7.374542113937972e-14,0.0,1.0,1.4238426238064856e-13,1.4238426238064856e-13,1.0,0.3015691612048552,0.08604450842083403,1381,1.6846465699369142,0.7787870980062092,897,342.239682094289,0.820629097434859,1139.0,1087.5829675153643,0.6118344648599872,818,0.3888041033402703,1.0,0.4278371276618108,3,614.25,,,,,,,,,,,,,2.765527602315522e-19,0.9999999999715824,2.6508603758401254e-27,0.9770179625678048,0.23390345815055702,0.0012774240040986278,0.04776079015018275,0.9999999999999999,0.00012832013285476052,0.9999999999999541,9.960751159770499e-05,3.8435400695480126e-14,3.8435400695480126e-14,3.209195062470194e-14,,0.0,9.572760819061336e-19,0.00456704015061846,7.054128794466933e-19,,,,,0.13043478260869565,,2.3332883504384434e-21,0.7209302325581395,1.0,4.770970844811595e-19,4.770970844811595e-19,1.0,0.42658033862811345,0.13286867808967343,1610,1.822956862722682,0.8848802230482843,669,665.3874810965413,0.689071270515635,1139.5,945.2303641948223,0.5782973175008082,1288,818.67,599.5,715.6978453131971,300,0.38607403914171184,1.0,0.42974817260080167,3,966.75
rbio1.1,,,,13.165043942863448,93166.10559659397,0.7330097087378641,55.45805957934157,206,smoothed,141.9956263742145,-24474.472427827226,7.245336461882035,90447.61084362336,1.0,7.48384326284766e-05,0.9999999999999996,512.5109950040097,,,,[],[],11,603.3035057083624,45.53767670841367,1030.1131588325625,"[9, 31, 53, 64, 80, 102, 131, 148, 158, 175, 192]","[439.8204178980325, 590.8584263594793, 833.820316375177, 611.2231016576517, 1030.1131588325625, 524.6732316404184, 830.1433611130068, 45.53767670841367, 633.8505186556213, 520.430590953299, 575.8677625983244]","[1, 1, 1, 60, 1, 94, 120, 144, 144, 165, 186]","[20, 40, 75, 75, 203, 120, 203, 149, 203, 186, 203]",61472951.68000001,1030.1131588325625,-1030.1131588325625,0.0,,,,SWT,mdp.39015067403892,30736475.84000001,,0.0,33.0,11.0,0.0,33.0,,301.7131588325625,345.1035057083625,955.9385627919874,345.1035057083624,,0.0,345.1035057083625,,,41.33767670841368,0.0,33.0,301.7131588325625,301.7131588325625,,150.11099500400974,0.0,,0.974873532398331,0.31271082574441667,0.1334831755018577,0.9999999999999999,0.3580760373945932,0.0,0.050484481420759904,0.6001921211814045,0.6001921211814045,0.599685044414429,,0.36805466921013896,0.28725695778006183,0.4329659795654868,,,,,,0.4926403719031324,0.9999999999999999,0.9999999999999999,0.4044529857118969,0.4044529857118969,2.2074063139735687,0.7086188756083707,25,1.9453147352494504,0.7415507564769426,7,0,0.5326918478720409,0.8782498631679723,8,0.0,0.5532526131421821,0.7323317788345466,6,9.03696114115064,0.9147456496117864,11.5,8.429503261414954,0.9031275417870253,8,rbio,0.5815916171056358,0.9358444144197099,0.312132543700142,2,6.5,0.0,0.8337394077110778,,0.8504414375543863,0.40517550706317107,0.022763663100316495,0.9142857142857143,0.052711359921510936,0.27744234801864565,0.03173613876738996,0.20089469534791177,0.20089469534791177,0.20055574329915504,,0.32002779472386017,0.232542170573751,0.10700266378309935,,,,,0.25,,0.11706650296210916,0.9999999999999998,1.0,0.1319516671076832,0.1319516671076832,0.9999999999999998,1.1313246146931935,0.371260940056719,124,1.872132038818047,0.9629166004277324,14,77.78174593052023,0.6331049720258479,69.0,25.159420289855078,0.6538166369563202,90,0.6261605206073753,0.9968249595590992,0.26264014770710753,4,68.5,,,0.9999999999999999,0.75,1.0,0.6468773340982591,0.9999999999999996,1.0,False,False,0.0,0.0,0.001204652999963545,0.4994505765363641,,0.1547082520664147,0.34211598366749935,1.966581676106729e-05,0.9378974428358815,0.9999999999999997,0.005007574043357523,0.9389339787859055,0.00027832784497603866,0.0016038923579601632,0.0016038923579601632,0.0016038923579538285,,0.0,0.0012639780297200355,0.004419633082629085,0.0018720931323659136,,,,,0.13043478260869565,,9.625700987734434e-06,1.0,1.0,0.001266166526516438,0.001266166526516438,1.0,0.45799004610259136,0.14265198485139338,1023,1.566824943108935,0.7605514060629553,1671,458.2051942088828,0.7858854232668772,1347.0,1269.0668151447662,0.5782230854652143,1289,818.67,599.5,715.6978453131971,300,0.38607403914171184,1.0,0.42974817260080167,3,967.5
sym5,1.0,reflect,1.142485922062136e-22,276.6688901693355,5017429.176166004,0.5327102803738317,89.02499437131749,206,smoothed,8.236043993513446e-12,,6.230931924118191,32466.576279745957,0.981411812091919,0.0001496656645132569,1.0,362.4000000000002,,,,[],[],11,426.5999999999838,32.19999999998117,728.3999999999647,"[9, 31, 53, 64, 80, 102, 131, 148, 158, 175, 192]","[310.9999999999694, 417.79999999998347, 589.5999999999702, 432.1999999999873, 728.3999999999647, 370.99999999998374, 587.0000000000042, 32.19999999998117, 448.1999999999971, 367.9999999999925, 407.19999999998817]","[1, 1, 1, 60, 1, 94, 120, 144, 144, 165, 186]","[20, 40, 75, 75, 205, 120, 205, 149, 205, 186, 205]",30736475.83999993,728.3999999999681,-728.3999999999681,0.0,,,,DWT,mdp.39015067403892,6.705522537231445e-08,,0.0,15.0,11.0,0.0,33.0,,3.183231456205249e-11,168.3999999999839,987.8000000001766,168.39999999998705,,0.0,168.3999999999839,,,27.999999999981185,0.0,33.0,3.524291969370097e-11,3.183231456205249e-11,,2.2737367544323206e-13,1.8044598090891072e-11,3.3435510241592193e-22,0.8159537749025436,0.1393315309766108,0.08615483670580713,0.13489573982663977,0.03330226088973643,,0.9999996483045918,4.389122655321255e-09,4.389122655321255e-09,3.6652122597897437e-09,,2.4503221863198973e-12,0.9999999956108505,2.351651716478673e-11,,,,,,1.4304052282476373e-12,0.0,1.0,4.893564367486018e-11,4.893564367486018e-11,0.899999896063113,0.33832967559537924,643,0.6695946490746991,0.33993168501875504,851,0,0.24999997137368069,0.3557007768484557,643,0.0,0.17280544904562606,0.3048755814511538,856,121.54937268451862,0.8725897560958924,748.25,733.4426687200261,0.5441303078173383,766,sym,1.0,1.0,0.0,7,576.25,1.0388036627313885e-11,0.9999999999708897,8.084907206101774e-23,0.8070481312211862,0.7562591563278175,0.0002256922906064562,0.1106984751598622,0.0003243610685209298,,2.0315811590065902e-05,4.7272907810480547e-11,4.7272907810480547e-11,3.9476033553143e-11,,2.4503221863198973e-12,0.0031261328404007527,2.351651716478673e-11,,,,,0.0,,6.637087902544174e-13,0.0,1.0,3.98675934665816e-11,3.98675934665816e-11,1.0,0.3015691612331463,0.08604450842890611,1307,1.2068804375276603,0.5579229081966003,1712,286.37824638055173,0.8499065794651196,1509.5,1482.3345478635313,0.529382010906564,1340,0.7763846615972358,0.5622554397616224,0.28785410495344815,6,1006.5,,,,,,,,,,,,,6.974920493428559e-17,0.9999999999719453,8.084907206101774e-23,0.8600403982894205,0.23378679258694782,0.0013142044439784866,0.083745449441541,1.0,0.0003243610685209298,,9.960751159745216e-05,3.828838288089109e-14,3.828838288089109e-14,3.197333890703202e-14,,0.0,1.9145521638122673e-18,0.004567040150619285,2.1867799262847492e-16,,,,,0.13043478260869565,,2.099959515394599e-20,0.7209302325581395,1.0,1.3358718365472467e-16,1.3358718365472467e-16,1.0,0.42658033862811384,0.13286867808967354,1349,1.367202661684724,0.6636528932543531,1727,267.28636328851496,0.8750998302390117,1538.0,1514.7743823146943,0.5782041207269826,1290,1409.1368421052632,1454.5,398.32527672708756,380,0.6645304607900322,0.5565550872278735,0.3678621512786154,7,969.25
bior6.8,1.0,constant,1.8264472184837584e-21,266.85572120567986,5994691.178388617,0.6171171171171171,260.420916526791,206,raw,3.316164171741706e-11,-1.4080303590729168e-10,6.312037069099308,66366.19469291707,0.7982590011529856,5.618943883691979e-06,0.9999999999999998,327.00000000005787,,,,[],[],13,661.1538461537402,86.99999999998568,939.9999999998471,"[8, 32, 51, 63, 81, 100, 111, 133, 152, 162, 175, 192, 204]","[877.9999999999238, 637.9999999998583, 786.9999999998557, 791.9999999998657, 939.9999999998471, 787.9999999998794, 636.9999999998915, 674.9999999999445, 770.9999999998718, 195.99999999993548, 833.9999999998461, 571.9999999999187, 86.99999999998568]","[0, 13, 39, 39, 76, 99, 107, 107, 107, 161, 99, 187, 203]","[76, 39, 61, 76, 205, 164, 119, 142, 164, 164, 205, 205, 205]",37754612.99999651,940.9999999999046,-940.9999999999046,0.0,,,,DWT,mdp.39015067403892,3.4868717193603516e-06,,0.0,33.0,19.0,0.0,28.5,,9.538325684843585e-11,256.34134615374023,4359.000000001377,256.34134615374984,,0.0,256.34134615374023,,,83.99999999998568,0.0,19.5,1.5290879673557356e-10,9.538325684843585e-11,,5.786660040030256e-11,4.1881961782214954e-11,1.2925141950880589e-21,0.7708353161526241,0.784276915307339,0.00029117074486266633,0.44980694980694996,0.0006984345551760938,0.999999999724507,0.4742280245949599,6.613916761639578e-09,6.613916761639578e-09,6.00738942456792e-09,,2.9107423960573323e-09,0.9999999933860494,1.830943621894556e-10,,,,,,3.4512857093229705e-11,1.0,0.0,1.1946039613736414e-10,1.1946039613736414e-10,0.7422684114540385,0.24267159419747475,678,1.434987386364893,0.6892293012624736,742,0,0.2061856700486252,0.24635434514798352,678,0.0,0.3757385982916676,0.6824715614652167,710,30.63766744820282,0.967885044603561,702.0,701.0149865364536,0.6160179939998938,495,bior,0.672619891330026,0.76736776154697,0.2989557476048908,5,372.5,4.188196178221495e-11,0.00015478832997795067,1.2925141950880589e-21,0.7708353161526241,0.784276915307339,0.0013243492774558684,0.5864864864864867,0.0030624828352111793,0.9999999997245069,0.9919828214559478,0.9855281704440594,0.9855281704440594,0.9855281704440549,,6.236069964184139e-10,0.9999999999671673,1.0203134060205854e-10,,,,,1.0,,3.4512857093229705e-11,1.0,0.25,1.1946039613736414e-10,1.1946039613736414e-10,0.0,2.20957020024788,0.6304403969625516,680,1.4911678461140119,0.6893447564843163,1600,650.5382386916237,0.659047044710889,1140.0,954.3859649122807,0.5307813839906647,1329,0.5943810304597339,0.7715092316736338,0.3524805091760961,5,998.0,,,,,,,,,,,,,2.8121132416078073e-16,0.036413600438429235,1.2925141950880589e-21,0.8337730643377353,0.24244808541558918,0.0015711166748359497,0.4436879038421457,0.9999999999999998,0.0030624828352111793,0.9999999999999544,0.0008499884728389302,0.0007982210227391644,0.0007982210227391644,0.0007982210227329129,,0.0,4.872535256902221e-16,0.020163910573056193,9.487803228558024e-16,,,,,0.4782608695652174,,1.0919789480051914e-18,1.0,0.7906976744186046,4.002844538796928e-16,4.002844538796928e-16,0.9302325581395349,0.5674759776446984,0.17675400427451152,690,1.611897674450307,0.7824301292397506,1614,653.36666581637,0.6946884739175841,1152.0,966.7187499999999,0.5781853584541192,1291,1104.4,1082.5,563.6960149978129,300,0.520820561188399,0.7876173146100969,0.3991404127850916,6,969.75
coif17,1.0,constant,3.5532516235838974e-26,313.9655328370388,5969683.115046618,0.565359477124183,117.15539432253907,206,raw,1.328904623883362e-13,-2.1685864215470745e-10,6.331353737141348,66496.09039792388,0.8501407727070417,5.618943883690064e-06,1.0,327.0,,,,[],[],13,661.1538461538462,86.99999999999991,939.9999999999994,"[8, 32, 51, 63, 81, 100, 111, 133, 152, 162, 175, 192, 204]","[878.0000000000002, 638.0000000000001, 787.0000000000006, 792.0000000000002, 939.9999999999994, 788.0, 637.0, 674.9999999999997, 771.0000000000005, 195.99999999999994, 834.0000000000005, 571.9999999999999, 86.99999999999991]","[0, 13, 39, 39, 76, 99, 107, 107, 107, 161, 99, 187, 203]","[76, 39, 61, 76, 205, 164, 119, 142, 164, 164, 205, 205, 205]",37754613.00000001,940.9999999999995,-940.9999999999995,0.0,,,,DWT,mdp.39015067403892,7.450580596923828e-09,,0.0,33.0,19.0,0.0,28.5,,4.547473508864641e-13,256.3413461538462,4359.0,256.34134615384625,,0.0,256.3413461538462,,,83.99999999999991,0.0,19.5,5.684341886080801e-13,4.547473508864641e-13,,0.0,1.4956156024698868e-13,2.4348283836528976e-26,0.944681186211472,0.7909498551019145,0.00026302710684870023,0.06162464985994376,0.0007089513007484338,0.9999999997233607,0.47422802461150126,6.6959667625959335e-09,6.6959667625959335e-09,6.082044361106239e-09,,0.0,0.9999999933040264,6.806481865779018e-13,,,,,,7.374542113937972e-14,1.0,0.0,5.695370495225942e-13,5.695370495225942e-13,0.7422684098782619,0.24267159368230232,870,1.3873485931849308,0.6663482275691446,810,0,0.20618566978261654,0.2463543448301516,870,0.0,0.3497784586630547,0.6353189476301013,818,32.49615361854384,0.9659369458925117,842.0,841.0583909655959,0.5416686825898618,731,coif,0.5507900112560971,0.8749445204262634,0.351963635992853,2,548.75,1.4956156024698868e-13,0.0001547883299646835,2.4348283836528976e-26,0.944681186211472,0.7909498551019145,0.0012962347253134823,0.29473684210526324,0.0030729747013125554,0.9999999997233606,0.9919828214562001,0.9855281704452468,0.9855281704452468,0.9855281704451354,,0.0,0.9999999999667601,3.7929866394817307e-13,,,,,1.0,,7.374542113937972e-14,1.0,0.25,5.695370495225942e-13,5.695370495225942e-13,0.0,2.2095701998213824,0.6304403968408622,806,1.4821021197515059,0.6851538057821527,1613,570.6351724175438,0.7009249620453124,1209.5,1074.8887970235635,0.5335075543979182,1312,0.4784248188775415,0.776734912893196,0.43208215291776214,2,984.5,,,,,,,,,,,,,1.00421285467263e-18,0.036413600438416426,2.4348283836528976e-26,0.9598739354329892,0.2445109301145873,0.0015645423095910047,0.22297388716005961,1.0,0.0030729747013125554,0.9999999999999541,0.000849988472839121,0.0007982210227401261,0.0007982210227401261,0.0007982210227337879,,0.0,0.0,0.020163910573049823,3.5270643972334666e-18,,,,,0.4782608695652174,,2.3332883504384434e-21,1.0,0.7906976744186046,1.908388337924638e-18,1.908388337924638e-18,0.9302325581395349,0.5674759776446953,0.17675400427451057,841,1.600304922347938,0.7768028995033505,1640,564.9783181680515,0.7359914401083871,1240.5,1111.8419991938733,0.5781592714560627,1292,986.6382352941176,846.0,585.0035688138154,340,0.4652856568234462,0.8173890317607586,0.42908333069536003,4,970.0
bior4.4,1.0,periodization,4.043389919583701e-20,253.40433622820302,5900373.289059127,0.6310679611650486,302.82212760871914,206,raw,1.5769438680591306e-10,1.1705414211123188e-11,6.34243896159076,61506.35926831753,0.7521921575817938,5.618943883699189e-06,1.0,327.00000000023704,,,,[],[],13,661.1538461533166,86.99999999990754,939.9999999992372,"[8, 32, 51, 63, 81, 100, 111, 133, 152, 162, 175, 192, 204]","[877.9999999994222, 637.9999999993772, 786.9999999993615, 791.9999999993106, 939.9999999992372, 787.9999999993792, 636.9999999994692, 674.9999999997368, 770.9999999993579, 195.99999999973352, 833.9999999992726, 571.9999999995512, 86.99999999990754]","[0, 13, 39, 39, 76, 99, 107, 107, 107, 161, 99, 187, 203]","[76, 39, 61, 76, 205, 164, 119, 142, 164, 164, 205, 205, 205]",37754612.9999825,940.9999999994955,-940.9999999994955,0.0,,,,DWT,mdp.39015067403892,1.7501413822174072e-05,,0.0,33.0,19.0,0.0,28.5,,5.045421858085319e-10,256.34134615331664,4359.000000006883,256.34134615336427,,0.0,256.34134615331664,,,83.99999999990754,0.0,19.5,7.628386811120436e-10,5.045421858085319e-10,,2.370370566495694e-10,1.9923124570290705e-10,2.861370364820788e-20,0.7211966603412865,0.7947792440627486,0.00018502703836171082,0.5544382801664359,0.00030496771436501523,0.9999999997268056,0.47422802450419704,6.285892830777584e-09,6.285892830777584e-09,5.708813696655524e-09,,1.1923178577170013e-08,0.9999999937140327,9.134298663875442e-10,,,,,,1.7322799425640296e-10,1.0,0.0,6.319013564453183e-10,6.319013564453183e-10,0.742268416450134,0.24267159583086023,629,1.452097430858139,0.6974473135758245,706,0,0.20618567089770562,0.24635434616248006,629,0.0,0.38386302240615433,0.6972283323602722,664,36.59690332983562,0.9616384661112835,657.0,655.5115072656114,0.6364796104141324,448,bior,0.672619891330026,0.76736776154697,0.2989557476048908,5,337.25,1.9923124570290705e-10,0.00015478833002802173,2.861370364820788e-20,0.7211966603412865,0.7947792440627486,0.0012183152682944955,0.6651251916198266,0.002669946819128526,0.9999999997268055,0.9919828214545638,0.9855281704393122,0.9855281704393122,0.9855281704397341,,2.554460879238493e-09,0.9999999999687954,5.090188070184483e-10,,,,,1.0,,1.7322799425640296e-10,1.0,0.25,6.319013564453183e-10,6.319013564453183e-10,0.0,2.2095702016873884,0.630440397373276,619,1.4978812676953757,0.6924482716098884,1586,683.7722574073914,0.6416287959080758,1102.5,890.4616780045351,0.5318993036144153,1327,0.5943810304597339,0.7715092316736338,0.3524805091760961,5,996.5,,,,,,,,,,,,,1.3377138995935868e-15,0.03641360043847747,2.861370364820788e-20,0.7977671601670566,0.24569473140179207,0.0015463214619838214,0.5031795426870521,1.0,0.002669946819128526,0.9999999999999547,0.0008499884728378833,0.0007982210227353195,0.0007982210227353195,0.0007982210227294131,,0.0,1.995920630774289e-15,0.020163910573081666,4.733320421087313e-15,,,,,0.4782608695652174,,5.480894335179903e-18,1.0,0.7906976744186046,2.117356860927386e-15,2.117356860927386e-15,0.9302325581395349,0.5674759776447109,0.17675400427451543,634,1.61554469846612,0.7842004286311224,1605,686.6006845321376,0.6791585586298423,1119.5,908.950424296561,0.5780138587541734,1293,1104.4,1082.5,563.6960149978129,300,0.520820561188399,0.7876173146100969,0.3991404127850916,6,971.25
bior6.8,1.0,zero,1.8265398341239227e-21,266.8555009888497,5995103.251935891,0.6171171171171171,260.420916526791,206,raw,3.3160296515150335e-11,-1.354668599617326e-10,6.310742294755035,66959.74955478842,0.8000537157234149,5.618943883691979e-06,0.9999999999999998,327.00000000005787,,,,[],[],13,661.1538461537405,86.99999999998568,939.9999999998471,"[8, 32, 51, 63, 81, 100, 111, 133, 152, 162, 175, 192, 204]","[877.9999999999261, 637.9999999998583, 786.9999999998557, 791.9999999998657, 939.9999999998471, 787.9999999998794, 636.9999999998915, 674.9999999999445, 770.9999999998718, 195.99999999993548, 833.9999999998461, 571.9999999999187, 86.99999999998568]","[0, 13, 39, 39, 76, 99, 107, 107, 107, 161, 99, 187, 203]","[76, 39, 61, 76, 205, 164, 119, 142, 164, 164, 205, 205, 205]",37754612.999996506,940.9999999999046,-940.9999999999046,0.0,,,,DWT,mdp.39015067403892,3.4943222999572754e-06,,0.0,33.0,19.0,0.0,28.5,,9.538325684843585e-11,256.34134615374046,4359.000000001373,256.34134615375,,0.0,256.34134615374046,,,83.99999999998568,0.0,19.5,1.5290879673557356e-10,9.538325684843585e-11,,5.786660040030256e-11,4.1880262095813214e-11,1.2925797360476832e-21,0.7708345035026662,0.7838296357232983,0.0002916344852407599,0.44980694980694996,0.0007464905356659726,0.9999999997245875,0.4742280245949599,6.614092834603004e-09,6.614092834603004e-09,6.00752147929057e-09,,2.9107423960573323e-09,0.9999999933858327,1.830943621894556e-10,,,,,,3.458660251436909e-11,1.0,0.0,1.1946039613736414e-10,1.1946039613736414e-10,0.7422684114541123,0.24267159419749887,677,1.4347827132453146,0.6891309960700137,745,0,0.20618567004865362,0.24635434514801746,677,0.0,0.3756886517275361,0.6823808411884934,712,32.643273937111964,0.9657827317221048,702.75,701.6330145183656,0.6145737557981593,498,bior,0.672619891330026,0.76736776154697,0.2989557476048908,5,374.75,4.1880262095813214e-11,0.00015478832997795067,1.2925797360476834e-21,0.7708345035026662,0.7838296357232984,0.0013248125385678102,0.5864864864864867,0.003110425129640763,0.9999999997245874,0.9919828214559478,0.9855281704440619,0.9855281704440619,0.9855281704440568,,6.236069964184139e-10,0.9999999999671663,1.0203134060205854e-10,,,,,1.0,,3.4586602514369084e-11,1.0,0.25,1.1946039613736414e-10,1.1946039613736414e-10,0.0,2.209570200247918,0.6304403969625625,676,1.4909631272803763,0.6892501180069054,1601,654.0737725975565,0.6571940395191004,1138.5,950.6157224418096,0.5302479631557766,1334,0.5943810304597339,0.7715092316736338,0.3524805091760961,5,1001.75,,,,,,,,,,,,,2.8119991182374226e-16,0.036413600438429235,1.2925797360476834e-21,0.833772474873818,0.242309815275694,0.0015712250047761978,0.4436879038421457,0.9999999999999998,0.0031104251296407625,0.9999999999999544,0.0008499884728389302,0.0007982210227391665,0.0007982210227391665,0.0007982210227329144,,0.0,4.872535256902221e-16,0.020163910573056176,9.487803228558024e-16,,,,,0.4782608695652174,,1.09431223635563e-18,1.0,0.7906976744186046,4.002844538796928e-16,4.002844538796928e-16,0.9302325581395349,0.5674759776446984,0.17675400427451152,691,1.611847416784751,0.7824057337012623,1615,653.36666581637,0.6946884739175841,1153.0,967.8794449262792,0.5779517135943061,1294,1104.4,1082.5,563.6960149978129,300,0.520820561188399,0.7876173146100969,0.3991404127850916,6,972.0
db25,1.0,antisymmetric,1.0180012557721217e-26,317.1699156051362,5776312.258251423,0.5275590551181102,100.64159465748313,206,smoothed,6.964008657765253e-14,-2.0671000466876478e-10,6.520623489644862,102811.44790556225,0.9948006442700675,0.00014966566451320274,0.9999999999999997,362.4,,,,[],[],11,426.6,32.20000000000002,728.3999999999999,"[9, 31, 53, 64, 80, 102, 131, 148, 158, 175, 192]","[310.9999999999998, 417.79999999999995, 589.6, 432.1999999999997, 728.3999999999999, 371.0, 587.0000000000002, 32.20000000000002, 448.2000000000002, 368.00000000000017, 407.2000000000001]","[0, 0, 0, 60, 0, 94, 120, 144, 144, 165, 186]","[20, 40, 75, 75, 203, 120, 203, 149, 203, 186, 203]",30736475.840000004,728.3999999999999,-728.3999999999999,0.0,,,,DWT,mdp.39015067403892,7.450580596923828e-09,,0.0,33.0,11.0,0.0,33.0,,1.1368683772161603e-13,168.4000000000001,987.7999999999984,168.40000000000003,,0.0,168.4000000000001,,,28.00000000000003,0.0,15.0,1.1368683772161603e-13,1.1368683772161603e-13,,0.0,1.0415259491622807e-13,2.500493259321278e-26,0.969833893002231,0.5571838217484696,0.41183320947296176,0.09951205915794084,0.6166605668223879,,0.9999996647345563,4.4059791007223055e-09,4.4059791007223055e-09,3.6787269888316428e-09,,0.0,0.9999999955939887,7.585973278963461e-14,,,,,,1.5893391424973748e-13,1.0,0.0,1.7477015598164352e-13,1.7477015598164352e-13,0.8999999009647541,0.3383296774380135,493,1.352877901804217,0.6868126342115393,71,0,0.24999997273498453,0.35570077878532325,497,0.0,0.37928907860058514,0.6691685882306537,67,245.962056694388,0.7421781376369099,282.0,121.02746199554709,0.7232903266800902,277,db,0.573477938514061,0.8443824841957417,0.34525069778143475,3,208.5,6.964361308816455e-14,0.9999999999705138,6.407173490601971e-27,0.9565060840624892,0.8563330599404213,0.0010788434398773137,0.08166183174471608,0.006006219248341696,0.9999999997235136,2.0315811923854454e-05,4.745454029730922e-11,4.745454029730922e-11,3.962169481397382e-11,,0.0,0.0031261328403480726,7.585973278963461e-14,,,,,0.0,,7.374542113937972e-14,1.0,0.0,1.4238426238064856e-13,1.4238426238064856e-13,1.0,0.3015691612042422,0.08604450842065912,1548,1.7376768224054462,0.8033021964034066,370,832.971788237753,0.5634319768145948,959.0,597.2471324296141,0.5304057158706097,1331,0.49117026184683504,0.8233619396015222,0.4091722348267588,4,999.25,,,,,,,,,,,,,4.676135458435083e-19,0.9999999999715831,6.407173490601971e-27,0.9684512454324783,0.26472322059775066,0.0015137070800526767,0.061778690192477115,0.9999999999999997,0.006006219248341696,0.9999999999999541,9.960751159770467e-05,3.8435400695480126e-14,3.8435400695480126e-14,3.20911916831812e-14,,0.0,0.0,0.00456704015061846,7.054128794466933e-19,,,,,0.13043478260869565,,2.3332883504384434e-21,1.0,0.7209302325581395,4.770970844811595e-19,4.770970844811595e-19,1.0,0.42658033862811345,0.13286867808967343,1560,1.8413031748661728,0.8937856936678134,367,843.5783899555512,0.6058044906749761,963.5,594.2086144265699,0.5777854229075815,1295,1009.0473684210526,935.5,610.6543869996938,760,0.4758535102197843,0.8532293215616218,0.41093374637766444,5,972.5
db2,1.0,zero,3.0307921095935173e-27,322.43183726315215,4954605.649585191,0.5288461538461539,97.38420696534702,206,smoothed,3.6833535143195e-14,-2.1108050862750412e-10,6.203617000794669,32502.657958579883,0.9779922879037322,0.0001496656645132027,0.9999999999999999,362.40000000000003,,,,[],[],11,426.6,32.200000000000045,728.4,"[9, 31, 53, 64, 80, 102, 131, 148, 158, 175, 192]","[311.00000000000006, 417.79999999999995, 589.6, 432.19999999999993, 728.4, 371.00000000000017, 587.0000000000001, 32.200000000000045, 448.2000000000001, 368.0, 407.2000000000001]","[0, 0, 0, 60, 0, 94, 120, 144, 144, 165, 186]","[20, 40, 75, 75, 203, 120, 203, 149, 203, 186, 203]",30736475.840000007,728.4,-728.4,0.0,,,,DWT,mdp.39015067403892,1.1175870895385742e-08,,0.0,33.0,11.0,0.0,33.0,,0.0,168.4000000000001,987.7999999999984,168.40000000000003,,0.0,168.4000000000001,,,28.000000000000057,0.0,15.0,0.0,0.0,,5.684341886080802e-14,3.208119670618995e-14,4.082026510620376e-27,0.9898261059759563,0.09993237462823384,0.05919381413022403,0.10835311892941973,0.033601480243660733,,0.9999996647593375,4.4059791007223055e-09,4.4059791007223055e-09,3.6787269888316428e-09,,6.125805465799743e-13,0.9999999955939887,0.0,,,,,,2.3840087137460624e-13,1.0,0.0,0.0,0.0,0.8999999009724267,0.3383296774408978,401,0.7302405976340446,0.3707196841639501,713,0,0.24999997273707183,0.3557007787882931,401,0.0,0.18441527055821813,0.32535844876664605,754,192.69730148603534,0.798011214375225,567.25,518.3821106589776,0.6017047686131891,578,db,0.573477938514061,0.8443824841957417,0.34525069778143475,3,434.25,2.819196619440226e-14,0.9999999999705136,1.347911708187764e-27,0.9759237662213021,0.7468232205631908,0.00015506485777928,0.08891700404858327,0.00032727543849966423,0.9999999997234478,2.0315811924354055e-05,4.745454029730922e-11,4.745454029730922e-11,3.962169481397382e-11,,6.125805465799743e-13,0.0031261328403480726,0.0,,,,,0.0,,1.1061813170906958e-13,1.0,0.0,0.0,0.0,1.0,0.3015691612044722,0.08604450842072474,1478,1.694741114118641,0.7834536559117506,797,481.5397179880389,0.7476206928783864,1137.5,1035.5745054945055,0.5757233443427572,1000,0.49117026184683504,0.8233619396015222,0.4091722348267588,4,751.0,,,,,,,,,,,,,1.892915185169379e-19,0.999999999971583,1.347911708187764e-27,0.9825360588022075,0.2308698068698026,0.0012976887784481562,0.06726736259275856,0.9999999999999999,0.00032727543849966423,0.9999999999999541,9.960751159770499e-05,3.8435400695480126e-14,3.8435400695480126e-14,3.20911916831812e-14,,0.0,4.786380409530668e-19,0.00456704015061846,0.0,,,,,0.13043478260869565,,3.499932525657665e-21,1.0,0.7209302325581395,0.0,0.0,1.0,0.42658033862811345,0.13286867808967343,1588,1.8326432383094096,0.889582079885923,529,748.8260812765539,0.6500812704315169,1058.5,793.6249409541805,0.5777275511036088,1296,1009.0473684210526,935.5,610.6543869996938,760,0.4758535102197843,0.8532293215616218,0.41093374637766444,5,973.25
sym18,1.0,zero,1.0929727917592969e-19,246.86130523399333,4961592.756417594,0.5625,57.920199192230534,206,smoothed,2.573276219939906e-10,,6.194880827381905,41488.927444478904,0.9889306188433213,0.00014966566451191812,1.0,362.4000000000351,,,,[],[],11,426.60000000091696,32.200000000384506,728.4000000017136,"[9, 31, 53, 64, 80, 102, 131, 148, 158, 175, 192]","[311.00000000113084, 417.8000000008378, 589.6000000011571, 432.2000000013552, 728.4000000017136, 371.0000000010346, 587.0000000002642, 32.200000000384506, 448.20000000058474, 368.00000000078984, 407.2000000008346]","[1, 1, 1, 60, 1, 94, 120, 144, 144, 165, 186]","[20, 40, 75, 75, 203, 120, 203, 149, 203, 186, 203]",30736475.840016574,728.4000000012501,-728.4000000012501,0.0,,,,DWT,mdp.39015067403892,1.6577541828155518e-05,,0.0,33.0,11.0,0.0,33.0,,1.2501004675868899e-09,168.40000000091703,987.7999999899121,168.40000000091703,,0.0,168.40000000091703,,,28.000000000384517,0.0,33.0,1.7136017049779184e-09,1.2501004675868899e-09,,3.512923285597935e-11,5.65263904109851e-10,3.198693745204178e-19,0.7027024524789283,0.0873312826134663,0.06219236507600867,0.33952082883660717,0.10812311661586302,,0.9999999999752189,5.360053910421765e-09,5.360053910421765e-09,4.632860944647458e-09,,3.7857477778642416e-10,0.9999999946399193,1.1434337523381625e-09,,,,,,3.536279592056659e-10,1.0,1.0,1.9217726351741525e-09,1.9217726351741525e-09,1.0000000036249432,0.37592190654884206,15,0.6754408736826617,0.34289962537599816,843,0,0.3333333346406074,0.47426775863076237,14,0.0,0.18569572088373396,0.3276175096913272,729,447.8507005688391,0.5305548212066675,400.25,28.43873751975197,0.555502777479644,728,sym,1.0,1.0,0.0,7,547.75,3.2511956688626564e-10,0.9999999999615972,7.734599118487097e-20,0.6970513947029662,0.7438053108961886,0.0001629198994383479,0.27861842105263174,0.0010531095697512557,,2.03158187345176e-05,5.773026501287859e-11,5.773026501287859e-11,4.989814117450919e-11,,3.7857477778642416e-10,0.0031261328373654584,1.1434337523381625e-09,,,,,0.0,,1.6408356203511988e-10,1.0,1.0,1.5656573491376116e-09,1.5656573491376116e-09,1.0,0.4015691626832197,0.11457677257845313,968,1.2020835645545616,0.5557053850383963,1721,532.4514062334703,0.7209374181166298,1344.5,1239.0687988099664,0.508136423943011,1489,0.7763846615972358,0.5622554397616224,0.28785410495344815,6,1118.25,,,,,,,,,,,,,2.1829756779323212e-15,0.9999999999629898,7.734599118487097e-20,0.7802531460073425,0.22993686289753848,0.0012995256176985,0.2107800027059939,1.0,0.0010531095697512557,,9.960751160285669e-05,4.67582786725651e-14,4.67582786725651e-14,4.0414503341135166e-14,,0.0,2.957983093089953e-16,0.004567040150571795,1.0632688331900008e-14,,,,,0.13043478260869565,,5.191566579725536e-18,1.0,1.0,5.2461595409548295e-15,5.2461595409548295e-15,1.0,0.45448731537229276,0.14156097535166914,1302,1.3685033267612197,0.6642842481846511,1721,296.2777413171634,0.8615524573284283,1511.5,1482.462454515382,0.5776220230567375,1297,1409.1368421052632,1454.5,398.32527672708756,380,0.6645304607900322,0.5565550872278735,0.3678621512786154,7,974.5
rbio2.8,1.0,constant,5.0851658896169224e-27,320.18434749087277,4877324.720718512,0.5540540540540541,86.16928740950759,206,smoothed,4.8410035419383517e-14,-2.1325072818712027e-10,6.230993629481031,35705.637037234,0.978933893576161,0.00014966566451320263,0.9999999999999999,362.4000000000001,,,,[],[],11,426.60000000000014,32.20000000000002,728.4000000000001,"[9, 31, 53, 64, 80, 102, 131, 148, 158, 175, 192]","[311.0000000000001, 417.79999999999995, 589.6000000000001, 432.20000000000016, 728.4000000000001, 371.00000000000017, 587.0000000000002, 32.20000000000002, 448.20000000000016, 368.0000000000002, 407.2000000000002]","[0, 0, 0, 60, 0, 94, 120, 144, 144, 165, 186]","[20, 40, 75, 75, 203, 120, 203, 149, 203, 186, 203]",30736475.84000001,728.4000000000001,-728.4000000000001,0.0,,,,DWT,mdp.39015067403892,1.4901161193847656e-08,,0.0,33.0,11.0,0.0,33.0,,1.1368683772161603e-13,168.4000000000002,987.7999999999975,168.40000000000015,,0.0,168.4000000000002,,,28.00000000000003,0.0,15.0,1.1368683772161603e-13,1.1368683772161603e-13,,1.1368683772161603e-13,5.751314626512704e-14,1.0094356102335084e-26,0.9812869643649766,0.13942053504260296,0.0260283269117315,0.28150576650468756,0.0601632523540766,,0.9999996647345563,4.406097391567225e-09,4.406097391567225e-09,3.6788452796766485e-09,,1.2251610931599486e-12,0.9999999955939026,7.585973278963461e-14,,,,,,3.1786782849947497e-13,1.0,0.0,1.7477015598164352e-13,1.7477015598164352e-13,0.8999999009655096,0.3383296774382975,436,0.808164217139676,0.41027900160759145,475,0,0.24999997273512226,0.3557007787855192,437,0.0,0.21262926359687617,0.3751355685289317,469,20.645822822062577,0.9783586762871461,454.25,453.5472989348432,0.7511028182274305,230,rbio,0.7685897546424816,0.816051598246696,0.21717169227625407,5,173.75,4.2819075132469244e-14,0.9999999999705129,2.8017226275010994e-27,0.9676300201548205,0.7562804724352505,6.81841315702523e-05,0.231009957325747,0.0005859847439149968,0.999999999723415,2.0315811923854454e-05,4.745570603148508e-11,4.745570603148508e-11,3.9622916059300906e-11,,1.2251610931599486e-12,0.003126132840347795,7.585973278963461e-14,,,,,0.0,,1.4749084227875944e-13,1.0,0.0,1.4238426238064856e-13,1.4238426238064856e-13,1.0,0.3015691612048926,0.08604450842084468,1371,1.7513907170846998,0.8096419263089016,235,803.273303427918,0.5789972204256195,803.0,401.2266500622665,0.5790688408207763,983,0.3888041033402703,1.0,0.4278371276618108,3,738.0,,,,,,,,,,,,,2.8750345745396525e-19,0.9999999999715824,2.8017226275010994e-27,0.9765201056865418,0.23379338215924655,0.0012773724090480159,0.17476331696329006,0.9999999999999999,0.0005859847439149972,0.9999999999999541,9.960751159770467e-05,3.843648489765261e-14,3.843648489765261e-14,3.209227588535368e-14,,0.0,9.572760819061336e-19,0.004567040150618456,7.054128794466933e-19,,,,,0.13043478260869565,,4.666576700876887e-21,1.0,0.7209302325581395,4.770970844811595e-19,4.770970844811595e-19,1.0,0.42658033862811345,0.13286867808967343,1515,1.8735871613704105,0.9094566411065205,101,999.8489885977782,0.5327808464496364,808.0,189.375,0.5776053764958462,1298,818.67,599.5,715.6978453131971,300,0.38607403914171184,1.0,0.42974817260080167,3,974.25
db2,1.0,antireflect,3.0307576447966873e-27,322.4318866494369,4954337.163153406,0.5288461538461539,102.98779987276133,206,smoothed,3.68206005060149e-14,-2.1108050862750412e-10,6.205222478324915,32885.98786986347,0.9781953005103641,0.0001496656645132027,0.9999999999999999,362.40000000000003,,,,[],[],11,426.6,32.200000000000045,728.4,"[9, 31, 53, 64, 80, 102, 131, 148, 158, 175, 192]","[311.00000000000006, 417.79999999999995, 589.6, 432.19999999999993, 728.4, 371.00000000000017, 587.0000000000001, 32.200000000000045, 448.2000000000001, 368.0, 407.2000000000001]","[0, 0, 0, 60, 0, 94, 120, 144, 144, 165, 186]","[20, 40, 75, 75, 203, 120, 203, 149, 203, 186, 203]",30736475.840000007,728.4,-728.4,0.0,,,,DWT,mdp.39015067403892,1.1175870895385742e-08,,0.0,33.0,11.0,0.0,33.0,,0.0,168.4000000000001,987.7999999999984,168.40000000000003,,0.0,168.4000000000001,,,28.000000000000057,0.0,15.0,0.0,0.0,,5.684341886080802e-14,3.205278112009058e-14,4.081925645957932e-27,0.9898262936148431,0.10224812193891733,0.05907859186967042,0.10835311892941973,0.03678037136239355,,0.9999996647593375,4.4059791007223055e-09,4.4059791007223055e-09,3.6787269888316428e-09,,6.125805465799743e-13,0.9999999955939887,0.0,,,,,,2.3840087137460624e-13,1.0,0.0,0.0,0.0,0.8999999009724267,0.3383296774408978,395,0.7326125291899347,0.3719238375896937,703,0,0.24999997273707183,0.3557007787882931,405,0.0,0.18518378538789665,0.3267143169226914,736,184.99977477463767,0.806079900655516,559.75,514.0098438914758,0.6096699293633974,537,db,0.573477938514061,0.8443824841957417,0.34525069778143475,3,403.5,2.8175623055923964e-14,0.9999999999705136,1.3478873186154039e-27,0.9759239484678732,0.7473778325116677,0.00015476302010065967,0.08891700404858327,0.0003582375561588182,0.9999999997234478,2.0315811924354055e-05,4.745454029730922e-11,4.745454029730922e-11,3.962169481397382e-11,,6.125805465799743e-13,0.0031261328403480726,0.0,,,,,0.0,,1.1061813170906958e-13,1.0,0.0,0.0,0.0,1.0,0.3015691612044722,0.08604450842072474,1480,1.6950307633690465,0.7835875564599062,787,490.0249993622774,0.7431734804180936,1133.5,1027.5782973092191,0.5745479561419609,1011,0.49117026184683504,0.8233619396015222,0.4091722348267588,4,759.25,,,,,,,,,,,,,1.8918178450695237e-19,0.999999999971583,1.3478873186154039e-27,0.9825361909966127,0.23104125728792962,0.0012976181960987064,0.06726736259275856,0.9999999999999999,0.0003582375561588186,0.9999999999999541,9.960751159770499e-05,3.8435400695480126e-14,3.8435400695480126e-14,3.20911916831812e-14,,0.0,4.786380409530668e-19,0.00456704015061846,0.0,,,,,0.13043478260869565,,3.499932525657665e-21,1.0,0.7209302325581395,0.0,0.0,1.0,0.42658033862811345,0.13286867808967343,1587,1.8327413923910052,0.8896297247904139,520,754.4829355260462,0.6474378805953056,1053.5,783.3317513051732,0.5775740804845687,1299,1009.0473684210526,935.5,610.6543869996938,760,0.4758535102197843,0.8532293215616218,0.41093374637766444,5,975.5
sym12,1.0,antireflect,2.2190645350535626e-23,283.7856994163516,5360414.624559706,0.5307017543859649,99.59857731760005,206,smoothed,3.830640227889285e-12,,6.3558456121173155,73318.15907300908,0.99213204872986,0.00014966566451318975,0.9999999999999999,362.40000000000055,,,,[],[],11,426.6000000000126,32.20000000000351,728.4000000000198,"[9, 31, 53, 64, 80, 102, 131, 148, 158, 175, 192]","[311.00000000001455, 417.8000000000107, 589.6000000000142, 432.2000000000222, 728.4000000000198, 371.0000000000151, 587.0000000000044, 32.20000000000351, 448.20000000000937, 368.00000000001234, 407.20000000001227]","[1, 1, 1, 60, 1, 94, 120, 144, 144, 165, 186]","[20, 40, 75, 75, 203, 120, 203, 149, 203, 186, 203]",30736475.84000027,728.400000000016,-728.400000000016,0.0,,,,DWT,mdp.39015067403892,2.7567148208618164e-07,,0.0,33.0,11.0,0.0,33.0,,1.602984411874786e-11,168.40000000001265,987.7999999998601,168.4000000000126,,0.0,168.40000000001265,,,28.000000000003524,0.0,33.0,1.978150976356119e-11,1.602984411874786e-11,,5.684341886080801e-13,8.366543093168318e-12,6.493834709372984e-23,0.8429934716914487,0.3195075419153551,0.23334871327598042,0.12109920819748504,0.3720776340215498,,0.9999996677826493,4.4190502390859276e-09,4.4190502390859276e-09,3.6917981272047703e-09,,6.125805465799743e-12,0.9999999955809121,1.3199593505396421e-11,,,,,,5.8805548272402866e-12,1.0,1.0,2.4642591993411734e-11,2.4642591993411734e-11,0.9999999019066805,0.37592186831071894,48,0.9794949475006609,0.4972581074704973,220,0,0.33333330633066255,0.4742677183512803,48,0.0,0.26986093844431225,0.4761077325602203,206,95.43409593361623,0.899964260027656,130.5,78.32925248451679,0.8815859035987337,56,sym,1.0,1.0,0.0,7,43.75,4.82173254070689e-12,0.9999999999704237,1.5702773150005276e-23,0.8333107685093981,0.7994105692797019,0.0006112832154642734,0.09937673130193916,0.0036240031673394433,,2.0315811985749388e-05,4.759520555452923e-11,4.759520555452923e-11,3.9762415582345056e-11,,6.125805465799743e-12,0.003126132840307161,1.3199593505396421e-11,,,,,0.0,,2.7285805821570494e-12,1.0,1.0,2.0076180995671447e-11,2.0076180995671447e-11,1.0,0.4015691612232926,0.11457677216190289,1004,1.2411976811335068,0.5737872604211562,1696,489.31789258109086,0.7435440814564513,1350.0,1261.3214814814817,0.5179984558225653,1429,0.7763846615972358,0.5622554397616224,0.28785410495344815,6,1073.25,,,,,,,,,,,,,3.237493505132561e-17,0.9999999999714962,1.5702773150005276e-23,0.879090269524102,0.24712643990917205,0.0014043718264184731,0.07518034024311226,0.9999999999999999,0.003624003167339443,,9.96075115977515e-05,3.85494587640256e-14,3.85494587640256e-14,3.220524975172667e-14,,0.0,4.786380409530668e-18,0.00456704015061782,1.2274184102372463e-16,,,,,0.13043478260869565,,8.633166896622241e-20,1.0,1.0,6.727068891184349e-17,6.727068891184349e-17,1.0,0.4544873153722994,0.14156097535167123,1266,1.383241304937886,0.6714381999225828,1715,317.49094475275984,0.8516397454426357,1490.5,1456.6856759476686,0.577572209169916,1300,1409.1368421052632,1454.5,398.32527672708756,380,0.6645304607900322,0.5565550872278735,0.3678621512786154,7,976.75
sym18,1.0,smooth,1.0929727917592969e-19,246.86130523399333,4961592.756417594,0.5625,57.920199192230534,206,smoothed,2.573276219939906e-10,,6.194880827381905,41488.927444478904,0.9889306188433213,0.00014966566451191812,1.0,362.4000000000351,,,,[],[],11,426.60000000091696,32.200000000384506,728.4000000017136,"[9, 31, 53, 64, 80, 102, 131, 148, 158, 175, 192]","[311.00000000113084, 417.8000000008378, 589.6000000011571, 432.2000000013552, 728.4000000017136, 371.0000000010346, 587.0000000002642, 32.200000000384506, 448.20000000058474, 368.00000000078984, 407.2000000008346]","[1, 1, 1, 60, 1, 94, 120, 144, 144, 165, 186]","[20, 40, 75, 75, 203, 120, 203, 149, 203, 186, 203]",30736475.840016574,728.4000000012501,-728.4000000012501,0.0,,,,DWT,mdp.39015067403892,1.6577541828155518e-05,,0.0,33.0,11.0,0.0,33.0,,1.2501004675868899e-09,168.40000000091703,987.7999999899121,168.40000000091703,,0.0,168.40000000091703,,,28.000000000384517,0.0,33.0,1.7136017049779184e-09,1.2501004675868899e-09,,3.512923285597935e-11,5.65263904109851e-10,3.198693745204178e-19,0.7027024524789283,0.0873312826134663,0.06219236507600867,0.33952082883660717,0.10812311661586302,,0.9999999999752189,5.360053910421765e-09,5.360053910421765e-09,4.632860944647458e-09,,3.7857477778642416e-10,0.9999999946399193,1.1434337523381625e-09,,,,,,3.536279592056659e-10,1.0,1.0,1.9217726351741525e-09,1.9217726351741525e-09,1.0000000036249432,0.37592190654884206,14,0.6754408736826617,0.34289962537599816,845,0,0.3333333346406074,0.47426775863076237,15,0.0,0.18569572088373396,0.3276175096913272,730,448.7545728643516,0.5296073659702814,401.0,28.439685170752057,0.5546359681004447,732,sym,1.0,1.0,0.0,7,550.75,3.2511956688626564e-10,0.9999999999615972,7.734599118487097e-20,0.6970513947029662,0.7438053108961886,0.0001629198994383479,0.27861842105263174,0.0010531095697512557,,2.03158187345176e-05,5.773026501287859e-11,5.773026501287859e-11,4.989814117450919e-11,,3.7857477778642416e-10,0.0031261328373654584,1.1434337523381625e-09,,,,,0.0,,1.6408356203511988e-10,1.0,1.0,1.5656573491376116e-09,1.5656573491376116e-09,1.0,0.4015691626832197,0.11457677257845313,970,1.2020835645545616,0.5557053850383963,1723,532.4514062334703,0.7209374181166298,1346.5,1241.225399183067,0.5076123149283358,1496,0.7763846615972358,0.5622554397616224,0.28785410495344815,6,1123.5,,,,,,,,,,,,,2.1829756779323212e-15,0.9999999999629898,7.734599118487097e-20,0.7802531460073425,0.22993686289753848,0.0012995256176985,0.2107800027059939,1.0,0.0010531095697512557,,9.960751160285669e-05,4.67582786725651e-14,4.67582786725651e-14,4.0414503341135166e-14,,0.0,2.957983093089953e-16,0.004567040150571795,1.0632688331900008e-14,,,,,0.13043478260869565,,5.191566579725536e-18,1.0,1.0,5.2461595409548295e-15,5.2461595409548295e-15,1.0,0.45448731537229276,0.14156097535166914,1304,1.3685033267612197,0.6642842481846511,1722,295.57063453597686,0.8618828810579547,1513.0,1484.1295439524126,0.5774367676317811,1301,1409.1368421052632,1454.5,398.32527672708756,380,0.6645304607900322,0.5565550872278735,0.3678621512786154,7,977.5
rbio2.6,1.0,antisymmetric,3.3917036325758705e-27,321.94321977701225,4954155.60927638,0.5275229357798165,110.03484446428081,206,smoothed,3.8390003150533575e-14,-2.1014019413456738e-10,6.285440241273247,44470.168286388296,0.9807406905956668,0.00014966566451320274,0.9999999999999999,362.40000000000003,,,,[],[],11,426.6,32.20000000000002,728.4000000000001,"[9, 31, 53, 64, 80, 102, 131, 148, 158, 175, 192]","[311.00000000000017, 417.79999999999995, 589.6000000000001, 432.20000000000016, 728.4000000000001, 371.0, 587.0000000000001, 32.20000000000002, 448.20000000000005, 368.0000000000001, 407.20000000000016]","[1, 1, 1, 60, 1, 94, 120, 144, 144, 165, 186]","[20, 40, 75, 75, 204, 120, 204, 149, 204, 186, 204]",30736475.84,728.4000000000001,-728.4000000000001,0.0,,,,DWT,mdp.39015067403892,3.725290298461914e-09,,0.0,15.0,11.0,0.0,33.0,,1.1368683772161603e-13,168.4000000000001,987.7999999999984,168.4000000000001,,0.0,168.4000000000001,,,28.00000000000003,0.0,33.0,1.1368683772161603e-13,1.1368683772161603e-13,,5.684341886080802e-14,3.5500538900147625e-14,5.138270048538243e-27,0.9879696464008286,0.21795454904049805,0.059000677138620075,0.09926395602350105,0.1328460504547989,,0.9999996647345563,4.4059791007223055e-09,4.4059791007223055e-09,3.6787861342541454e-09,,6.125805465799743e-13,0.9999999955939887,7.585973278963461e-14,,,,,,7.946695712486874e-14,0.0,1.0,1.7477015598164352e-13,1.7477015598164352e-13,0.8999999009650385,0.3383296774381204,468,0.8241034035213868,0.4183708143065882,431,0,0.24999997273503388,0.35570077878539347,466,0.0,0.21386212557975465,0.3773106707375423,453,17.01959654829299,0.9821597520458145,454.5,454.0106497522833,0.752872328853096,221,rbio,0.7685897546424816,0.816051598246696,0.21717169227625407,5,167.0,3.015859052462282e-14,0.9999999999705138,1.6033165999946357e-27,0.9741206570798633,0.7750890455140739,0.00015455891369415826,0.08145823273780778,0.0012939087534319335,0.9999999997234619,2.0315811923854454e-05,4.745454029730922e-11,4.745454029730922e-11,3.962224992548613e-11,,6.125805465799743e-13,0.0031261328403480726,7.585973278963461e-14,,,,,0.0,,3.687271056968986e-14,0.0,1.0,1.4238426238064856e-13,1.4238426238064856e-13,1.0,0.3015691612045302,0.0860445084207413,1470,1.7051950529388458,0.7882863566228716,685,555.0788232314399,0.7090781848891825,1077.5,934.524361948956,0.5721753607884068,1025,0.3888041033402703,1.0,0.4278371276618108,3,769.5,,,,,,,,,,,,,2.0249617771852712e-19,0.9999999999715831,1.6033165999946357e-27,0.9812281552360298,0.23960778577531233,0.0012975704674328405,0.06162466376786041,0.9999999999999999,0.0012939087534319335,0.9999999999999541,9.960751159770467e-05,3.8435400695480126e-14,3.8435400695480126e-14,3.209173378426744e-14,,0.0,4.786380409530668e-19,0.00456704015061846,7.054128794466933e-19,,,,,0.13043478260869565,,1.1666441752192217e-21,0.7209302325581395,1.0,4.770970844811595e-19,4.770970844811595e-19,1.0,0.42658033862811345,0.13286867808967343,1582,1.8343570002629639,0.890413955884046,487,774.2819253992695,0.6381860161685656,1034.5,744.7404543257612,0.5773874006076474,1302,818.67,599.5,715.6978453131971,300,0.38607403914171184,1.0,0.42974817260080167,3,977.25
db36,1.0,smooth,1.814424503302019e-26,314.66000971966264,4962449.146315093,0.5688405797101449,38.804239542553326,206,smoothed,9.222396309410521e-14,-1.9960617603231904e-10,6.193811751768504,45897.334475950425,0.9915051770778095,0.00014966566451320276,0.9999999999999999,362.39999999999975,,,,[],[],11,426.59999999999985,32.19999999999993,728.3999999999999,"[9, 31, 53, 64, 80, 102, 131, 148, 158, 175, 192]","[310.9999999999998, 417.79999999999984, 589.5999999999999, 432.1999999999997, 728.3999999999999, 371.00000000000006, 587.0, 32.19999999999993, 448.1999999999997, 367.9999999999999, 407.2000000000003]","[1, 1, 1, 60, 1, 94, 120, 144, 144, 165, 186]","[20, 40, 75, 75, 205, 120, 205, 149, 205, 186, 205]",30736475.839999996,728.3999999999999,-728.3999999999999,0.0,,,,DWT,mdp.39015067403892,0.0,,0.0,15.0,11.0,0.0,33.0,,1.1368683772161603e-13,168.39999999999992,987.8000000000002,168.39999999999992,,0.0,168.39999999999992,,,27.999999999999943,0.0,33.0,1.1368683772161603e-13,1.1368683772161603e-13,,2.2737367544323206e-13,1.5376620824572993e-13,4.831305259170194e-26,0.9602977242282331,0.08578924360637327,0.06255988897376819,0.3830741654857872,0.1446813020002972,,0.9999996646602125,4.405801664454926e-09,4.405801664454926e-09,3.678608697986637e-09,,2.4503221863198973e-12,0.9999999955941608,7.585973278963461e-14,,,,,,0.0,0.0,1.0,1.7477015598164352e-13,1.7477015598164352e-13,0.8999999009435408,0.33832967743003894,589,0.8614553878214904,0.4373332163799534,324,0,0.2499999727289551,0.35570077877674455,590,0.0,0.23377176061351615,0.4124366554268078,298,161.14253524959406,0.8310874892561907,450.25,406.71765072429065,0.679563660770653,369,db,0.573477938514061,0.8443824841957417,0.34525069778143475,3,277.5,9.817873287125389e-14,0.999999999970514,1.2043191750340278e-26,0.9472439631302219,0.7434359989015658,0.00016388266964962673,0.3143592677345538,0.001409183054183536,0.9999999997236206,2.0315811922300142e-05,4.74525418958649e-11,4.74525418958649e-11,3.962036254634427e-11,,2.4503221863198973e-12,0.003126132840348572,7.585973278963461e-14,,,,,0.0,,0.0,0.0,1.0,1.4238426238064856e-13,1.4238426238064856e-13,1.0,0.30156916120542865,0.08604450842099765,1321,1.7664536988598676,0.8166053191494798,130,842.1641763931781,0.5586141633159444,725.5,236.70572019297032,0.589186536584597,919,0.49117026184683504,0.8233619396015222,0.4091722348267588,4,690.25,,,,,,,,,,,,,6.592091272782007e-19,0.9999999999715833,1.2043191750340278e-26,0.96173287175266,0.22982269533214195,0.0012997507538836273,0.23781861606066135,0.9999999999999999,0.001409183054183536,0.9999999999999541,9.960751159770347e-05,3.8433882812438647e-14,3.8433882812438647e-14,3.209010748100871e-14,,0.0,1.9145521638122673e-18,0.004567040150618468,7.054128794466933e-19,,,,,0.13043478260869565,,0.0,0.7209302325581395,1.0,4.770970844811595e-19,4.770970844811595e-19,1.0,0.42658033862811345,0.13286867808967343,1509,1.8882920657320033,0.9165945385068768,56,1027.4261530640536,0.5198943209981058,782.5,107.9923322683706,0.5771200576953146,1303,1009.0473684210526,935.5,610.6543869996938,760,0.4758535102197843,0.8532293215616218,0.41093374637766444,5,978.5
sym18,1.0,constant,1.0929727917592969e-19,246.86130523399333,4961592.756417594,0.5625,57.920199192230534,206,smoothed,2.573276219939906e-10,,6.194880827381905,41488.927444478904,0.9889306188433213,0.00014966566451191812,1.0,362.4000000000351,,,,[],[],11,426.60000000091696,32.200000000384506,728.4000000017136,"[9, 31, 53, 64, 80, 102, 131, 148, 158, 175, 192]","[311.00000000113084, 417.8000000008378, 589.6000000011571, 432.2000000013552, 728.4000000017136, 371.0000000010346, 587.0000000002642, 32.200000000384506, 448.20000000058474, 368.00000000078984, 407.2000000008346]","[1, 1, 1, 60, 1, 94, 120, 144, 144, 165, 186]","[20, 40, 75, 75, 203, 120, 203, 149, 203, 186, 203]",30736475.840016574,728.4000000012501,-728.4000000012501,0.0,,,,DWT,mdp.39015067403892,1.6577541828155518e-05,,0.0,33.0,11.0,0.0,33.0,,1.2501004675868899e-09,168.40000000091703,987.7999999899121,168.40000000091703,,0.0,168.40000000091703,,,28.000000000384517,0.0,33.0,1.7136017049779184e-09,1.2501004675868899e-09,,3.512923285597935e-11,5.65263904109851e-10,3.198693745204178e-19,0.7027024524789283,0.0873312826134663,0.06219236507600867,0.33952082883660717,0.10812311661586302,,0.9999999999752189,5.360053910421765e-09,5.360053910421765e-09,4.632860944647458e-09,,3.7857477778642416e-10,0.9999999946399193,1.1434337523381625e-09,,,,,,3.536279592056659e-10,1.0,1.0,1.9217726351741525e-09,1.9217726351741525e-09,1.0000000036249432,0.37592190654884206,13,0.6754408736826617,0.34289962537599816,844,0,0.3333333346406074,0.47426775863076237,13,0.0,0.18569572088373396,0.3276175096913272,728,448.79728163169614,0.5295625978703395,399.5,25.57469302809573,0.5553997475724863,729,sym,1.0,1.0,0.0,7,548.5,3.2511956688626564e-10,0.9999999999615972,7.734599118487097e-20,0.6970513947029662,0.7438053108961886,0.0001629198994383479,0.27861842105263174,0.0010531095697512557,,2.03158187345176e-05,5.773026501287859e-11,5.773026501287859e-11,4.989814117450919e-11,,3.7857477778642416e-10,0.0031261328373654584,1.1434337523381625e-09,,,,,0.0,,1.6408356203511988e-10,1.0,1.0,1.5656573491376116e-09,1.5656573491376116e-09,1.0,0.4015691626832197,0.11457677257845313,969,1.2020835645545616,0.5557053850383963,1722,532.4514062334703,0.7209374181166298,1345.5,1240.1471571906354,0.5078743694356733,1493,0.7763846615972358,0.5622554397616224,0.28785410495344815,6,1121.25,,,,,,,,,,,,,2.1829756779323212e-15,0.9999999999629898,7.734599118487097e-20,0.7802531460073425,0.22993686289753848,0.0012995256176985,0.2107800027059939,1.0,0.0010531095697512557,,9.960751160285669e-05,4.67582786725651e-14,4.67582786725651e-14,4.0414503341135166e-14,,0.0,2.957983093089953e-16,0.004567040150571795,1.0632688331900008e-14,,,,,0.13043478260869565,,5.191566579725536e-18,1.0,1.0,5.2461595409548295e-15,5.2461595409548295e-15,1.0,0.45448731537229276,0.14156097535166914,1303,1.3685033267612197,0.6642842481846511,1723,296.98484809834997,0.8612220335989018,1513.0,1483.8526107072043,0.5771063439022546,1304,1409.1368421052632,1454.5,398.32527672708756,380,0.6645304607900322,0.5565550872278735,0.3678621512786154,7,979.75
db2,1.0,antisymmetric,3.0307921095935173e-27,322.43183726315215,4954605.649585191,0.5288461538461539,97.38420696534702,206,smoothed,3.6833535143195e-14,-2.1108050862750412e-10,6.203617000794669,32502.657958579883,0.9779922879037322,0.0001496656645132027,0.9999999999999999,362.40000000000003,,,,[],[],11,426.6,32.200000000000045,728.4,"[9, 31, 53, 64, 80, 102, 131, 148, 158, 175, 192]","[311.00000000000006, 417.79999999999995, 589.6, 432.19999999999993, 728.4, 371.00000000000017, 587.0000000000001, 32.200000000000045, 448.2000000000001, 368.0, 407.2000000000001]","[0, 0, 0, 60, 0, 94, 120, 144, 144, 165, 186]","[20, 40, 75, 75, 203, 120, 203, 149, 203, 186, 203]",30736475.840000007,728.4,-728.4,0.0,,,,DWT,mdp.39015067403892,1.1175870895385742e-08,,0.0,33.0,11.0,0.0,33.0,,0.0,168.4000000000001,987.7999999999984,168.40000000000003,,0.0,168.4000000000001,,,28.000000000000057,0.0,15.0,0.0,0.0,,5.684341886080802e-14,3.208119670618995e-14,4.082026510620376e-27,0.9898261059759563,0.09993237462823384,0.05919381413022403,0.10835311892941973,0.033601480243660733,,0.9999996647593375,4.4059791007223055e-09,4.4059791007223055e-09,3.6787269888316428e-09,,6.125805465799743e-13,0.9999999955939887,0.0,,,,,,2.3840087137460624e-13,1.0,0.0,0.0,0.0,0.8999999009724267,0.3383296774408978,398,0.7302405976340446,0.3707196841639501,716,0,0.24999997273707183,0.3557007787882931,403,0.0,0.18441527055821813,0.32535844876664605,752,193.1171923988126,0.7975710771500917,567.25,518.1086974480568,0.6014847000006224,579,db,0.573477938514061,0.8443824841957417,0.34525069778143475,3,435.0,2.819196619440226e-14,0.9999999999705136,1.347911708187764e-27,0.9759237662213021,0.7468232205631908,0.00015506485777928,0.08891700404858327,0.00032727543849966423,0.9999999997234478,2.0315811924354055e-05,4.745454029730922e-11,4.745454029730922e-11,3.962169481397382e-11,,6.125805465799743e-13,0.0031261328403480726,0.0,,,,,0.0,,1.1061813170906958e-13,1.0,0.0,0.0,0.0,1.0,0.3015691612044722,0.08604450842072474,1479,1.694741114118641,0.7834536559117506,796,482.95393155041194,0.7468794908016709,1137.5,1034.974945054945,0.5753527433043994,1004,0.49117026184683504,0.8233619396015222,0.4091722348267588,4,754.0,,,,,,,,,,,,,1.892915185169379e-19,0.999999999971583,1.347911708187764e-27,0.9825360588022075,0.2308698068698026,0.0012976887784481562,0.06726736259275856,0.9999999999999999,0.00032727543849966423,0.9999999999999541,9.960751159770499e-05,3.8435400695480126e-14,3.8435400695480126e-14,3.20911916831812e-14,,0.0,4.786380409530668e-19,0.00456704015061846,0.0,,,,,0.13043478260869565,,3.499932525657665e-21,1.0,0.7209302325581395,0.0,0.0,1.0,0.42658033862811345,0.13286867808967343,1591,1.8326432383094096,0.889582079885923,530,750.240294838927,0.649420422972464,1060.5,795.1249410655352,0.5769298376544563,1305,1009.0473684210526,935.5,610.6543869996938,760,0.4758535102197843,0.8532293215616218,0.41093374637766444,5,980.0
db12,1.0,antisymmetric,7.793272722689943e-27,318.3301999976625,5282199.366200048,0.5263157894736842,91.81170978264102,206,smoothed,6.075614660778792e-14,-2.126330667096004e-10,6.346407291441144,68456.06865215176,0.9918295351251035,0.00014966566451320268,0.9999999999999999,362.40000000000003,,,,[],[],11,426.59999999999997,32.19999999999993,728.4000000000002,"[9, 31, 53, 64, 80, 102, 131, 148, 158, 175, 192]","[310.9999999999999, 417.79999999999984, 589.6000000000001, 432.1999999999998, 728.4000000000002, 371.0000000000001, 587.0000000000001, 32.19999999999993, 448.20000000000005, 367.99999999999994, 407.2000000000002]","[0, 0, 0, 60, 0, 94, 120, 144, 144, 165, 186]","[20, 40, 75, 75, 203, 120, 203, 149, 203, 186, 203]",30736475.84000001,728.4000000000002,-728.4000000000002,0.0,,,,DWT,mdp.39015067403892,1.4901161193847656e-08,,0.0,33.0,11.0,0.0,33.0,,2.2737367544323206e-13,168.40000000000003,987.7999999999993,168.40000000000003,,0.0,168.40000000000003,,,27.999999999999943,0.0,15.0,2.2737367544323206e-13,2.2737367544323206e-13,,5.684341886080802e-14,8.46358231969767e-14,1.801990062024858e-26,0.9742422924792807,0.3058936698358987,0.19978225400252286,0.09097208810933019,0.33175712784037464,,0.9999996646602125,4.4059199552998455e-09,4.4059199552998455e-09,3.6787269888316428e-09,,6.125805465799743e-13,0.9999999955940747,1.5171946557926922e-13,,,,,,3.1786782849947497e-13,1.0,0.0,3.4954031196328703e-13,3.4954031196328703e-13,0.8999999009429521,0.3383296774298177,595,1.0064750237866866,0.5109550251602026,203,0,0.24999997272888622,0.3557007787766466,593,0.0,0.2718067760382132,0.47954071671162535,201,226.32425116780274,0.7627628394467476,398.0,301.4716566028321,0.6727860318827029,385,db,0.573477938514061,0.8443824841957417,0.34525069778143475,3,289.5,5.841860080999432e-14,0.9999999999705134,4.718158342789365e-27,0.9607877961464355,0.7961501029561663,0.0005233520978319149,0.07465373961218841,0.0032312850119105003,0.9999999997234243,2.0315811922300142e-05,4.745387416349445e-11,4.745387416349445e-11,3.962169481397382e-11,,6.125805465799743e-13,0.0031261328403482946,1.5171946557926922e-13,,,,,0.0,,1.4749084227875944e-13,1.0,0.0,2.847685247612971e-13,2.847685247612971e-13,1.0,0.30156916120467947,0.08604450842078389,1434,1.7059634149450411,0.7886415589707715,681,532.4514062334703,0.7209374181166298,1057.5,923.4553191489363,0.583346067548881,959,0.49117026184683504,0.8233619396015222,0.4091722348267588,4,720.25,,,,,,,,,,,,,3.9224456998513013e-19,0.9999999999715827,4.718158342789365e-27,0.971557028868012,0.24611851298658322,0.0013838098313070585,0.05647693852409408,0.9999999999999999,0.0032312850119105003,0.9999999999999541,9.960751159770347e-05,3.8434858594393884e-14,3.8434858594393884e-14,3.20911916831812e-14,,0.0,4.786380409530668e-19,0.004567040150618464,1.4108257588933865e-18,,,,,0.13043478260869565,,4.666576700876887e-21,1.0,0.7209302325581395,9.54194168962319e-19,9.54194168962319e-19,1.0,0.42658033862811345,0.13286867808967343,1598,1.8305686681356106,0.8885750642205172,567,729.0270914033305,0.6593331348582567,1082.5,837.0124711316398,0.5767460066814648,1306,1009.0473684210526,935.5,610.6543869996938,760,0.4758535102197843,0.8532293215616218,0.41093374637766444,5,980.75
rbio2.8,1.0,smooth,5.0851658896169224e-27,320.18434749087277,4877324.720718512,0.5540540540540541,86.16928740950759,206,smoothed,4.8410035419383517e-14,-2.1325072818712027e-10,6.230993629481031,35705.637037234,0.978933893576161,0.00014966566451320263,0.9999999999999999,362.4000000000001,,,,[],[],11,426.60000000000014,32.20000000000002,728.4000000000001,"[9, 31, 53, 64, 80, 102, 131, 148, 158, 175, 192]","[311.0000000000001, 417.79999999999995, 589.6000000000001, 432.20000000000016, 728.4000000000001, 371.00000000000017, 587.0000000000002, 32.20000000000002, 448.20000000000016, 368.0000000000002, 407.2000000000002]","[0, 0, 0, 60, 0, 94, 120, 144, 144, 165, 186]","[20, 40, 75, 75, 203, 120, 203, 149, 203, 186, 203]",30736475.84000001,728.4000000000001,-728.4000000000001,0.0,,,,DWT,mdp.39015067403892,1.4901161193847656e-08,,0.0,33.0,11.0,0.0,33.0,,1.1368683772161603e-13,168.4000000000002,987.7999999999975,168.40000000000015,,0.0,168.4000000000002,,,28.00000000000003,0.0,15.0,1.1368683772161603e-13,1.1368683772161603e-13,,1.1368683772161603e-13,5.751314626512704e-14,1.0094356102335084e-26,0.9812869643649766,0.13942053504260296,0.0260283269117315,0.28150576650468756,0.0601632523540766,,0.9999996647345563,4.406097391567225e-09,4.406097391567225e-09,3.6788452796766485e-09,,1.2251610931599486e-12,0.9999999955939026,7.585973278963461e-14,,,,,,3.1786782849947497e-13,1.0,0.0,1.7477015598164352e-13,1.7477015598164352e-13,0.8999999009655096,0.3383296774382975,438,0.808164217139676,0.41027900160759145,477,0,0.24999997273512226,0.3557007787855192,436,0.0,0.21262926359687617,0.3751355685289317,470,21.2818388929779,0.9776919927746562,455.25,454.5052392168518,0.7502453674565106,232,rbio,0.7685897546424816,0.816051598246696,0.21717169227625407,5,175.25,4.2819075132469244e-14,0.9999999999705129,2.8017226275010994e-27,0.9676300201548205,0.7562804724352505,6.81841315702523e-05,0.231009957325747,0.0005859847439149968,0.999999999723415,2.0315811923854454e-05,4.745570603148508e-11,4.745570603148508e-11,3.9622916059300906e-11,,1.2251610931599486e-12,0.003126132840347795,7.585973278963461e-14,,,,,0.0,,1.4749084227875944e-13,1.0,0.0,1.4238426238064856e-13,1.4238426238064856e-13,1.0,0.3015691612048926,0.08604450842084468,1372,1.7513907170846998,0.8096419263089016,234,804.6875169902911,0.578256018348904,803.0,399.810709838107,0.5786982397824185,984,0.3888041033402703,1.0,0.4278371276618108,3,738.75,,,,,,,,,,,,,2.8750345745396525e-19,0.9999999999715824,2.8017226275010994e-27,0.9765201056865418,0.23379338215924655,0.0012773724090480159,0.17476331696329006,0.9999999999999999,0.0005859847439149972,0.9999999999999541,9.960751159770467e-05,3.843648489765261e-14,3.843648489765261e-14,3.209227588535368e-14,,0.0,9.572760819061336e-19,0.004567040150618456,7.054128794466933e-19,,,,,0.13043478260869565,,4.666576700876887e-21,1.0,0.7209302325581395,4.770970844811595e-19,4.770970844811595e-19,1.0,0.42658033862811345,0.13286867808967343,1518,1.8735871613704105,0.9094566411065205,100,1002.6774157225244,0.5314591515315307,809.0,187.6390605686032,0.5767108841769804,1307,818.67,599.5,715.6978453131971,300,0.38607403914171184,1.0,0.42974817260080167,3,981.0
sym11,1.0,smooth,3.427461121219497e-23,284.1220670970532,11971746.093825758,0.6327433628318584,311.4500491689537,206,raw,4.596754476520817e-12,-2.3543567095899635e-10,5.700195860677477,253871.4245268069,0.947492177318757,5.618943883689803e-06,0.9999999999999998,326.9999999999979,,,,[],[],13,661.1538461538605,87.00000000000459,940.0000000000208,"[8, 32, 51, 63, 81, 100, 111, 133, 152, 162, 175, 192, 204]","[878.000000000004, 638.0000000000197, 787.0000000000213, 792.0000000000193, 940.0000000000208, 788.0000000000155, 637.0000000000156, 675.0000000000084, 771.0000000000153, 196.00000000000966, 834.0000000000215, 572.0000000000094, 87.00000000000459]","[0, 13, 42, 42, 76, 99, 107, 107, 107, 161, 164, 187, 203]","[76, 42, 61, 76, 205, 164, 119, 142, 164, 164, 205, 205, 205]",37754613.00000049,941.0000000000122,-941.0000000000122,0.0,,,,DWT,mdp.39015067403892,4.917383193969727e-07,,0.0,33.0,19.0,0.0,28.5,,1.2164491636212915e-11,256.3413461538605,4358.999999999813,256.34134615386034,,0.0,256.3413461538605,,,84.00000000000459,0.0,28.5,2.0804691303055733e-11,1.2164491636212915e-11,,2.1032064978498966e-12,5.789731185063012e-12,2.4254187546508028e-23,0.8345520414011014,0.5729164705995068,0.007017644027867821,0.5670037926675093,0.015879419912180292,0.9999999997230807,0.4742280246169325,6.70705935929175e-09,6.70705935929175e-09,6.0929608848453335e-09,,1.0579319121229988e-10,0.9999999932928662,2.4911723628751206e-11,,,,,,4.867197795199061e-12,1.0,1.0,1.52351160747294e-11,1.52351160747294e-11,0.8422684099575166,0.27536483384247984,66,1.4238515670771932,0.683880729547088,767,0,0.28951900313191004,0.3459225095887514,66,0.0,0.3746711710421295,0.6805327435075862,718,391.08939728234344,0.5900530426809818,404.25,121.21370460104951,0.5831554521581009,584,sym,0.8243425715244881,0.7368036147090654,0.2019191155201387,6,439.5,5.7897311850630125e-12,0.00015478832996290715,2.425418754650803e-23,0.8345520414011014,0.5729164705995069,0.00804387088854147,0.6745691662785281,0.01820755452654781,0.9999999997230806,0.9919828214562829,0.9855281704454073,0.9855281704454073,0.9855281704452934,,2.266548022345905e-11,0.9999999999667047,1.3882331100503132e-11,,,,,1.0,,4.867197795199062e-12,1.0,0.75,1.52351160747294e-11,1.52351160747294e-11,0.0,2.259570199847871,0.6447065287163242,66,1.4683685202966734,0.6788049666514565,1625,1102.3794718698275,0.42223298120030006,845.5,126.84801892371378,0.4895494046462716,1589,0.7763846615972358,0.5622554397616224,0.28785410495344815,6,1193.25,,,,,,,,,,,,,3.8874443884763775e-17,0.03641360043841468,2.425418754650803e-23,0.8799906394486663,0.17710900153866524,0.003142423559571173,0.5103240846616849,0.9999999999999998,0.018207554526547806,0.999999999999954,0.0008499884728391836,0.0007982210227402561,0.0007982210227402561,0.0007982210227339159,,0.0,1.7709607515263474e-17,0.020163910573048956,1.2909055693874488e-16,,,,,0.4782608695652174,,1.5399703112893729e-19,1.0,0.9302325581395349,5.1049388039484055e-17,5.1049388039484055e-17,0.9302325581395349,0.581429466016788,0.1811001529055094,196,1.640456832025117,0.7962930100580738,1535,946.8159800087872,0.5575626261641182,865.5,347.61409589832465,0.5765616869138348,1308,1409.1368421052632,1454.5,398.32527672708756,380,0.6645304607900322,0.5565550872278735,0.3678621512786154,7,982.75
bior6.8,1.0,symmetric,1.8406785381925376e-21,266.8220129826321,6282014.718162193,0.6126126126126126,283.9262732449776,206,raw,3.34524468535915e-11,-1.5936885145890114e-10,6.4093909891266385,62330.99795266864,0.7786233126204515,5.618943883691987e-06,1.0,327.00000000005787,,,,[],[],13,661.1538461537386,86.99999999998278,939.9999999998471,"[8, 32, 51, 63, 81, 100, 111, 133, 152, 162, 175, 192, 204]","[877.9999999999054, 637.9999999998583, 786.9999999998557, 791.9999999998657, 939.9999999998471, 787.9999999998794, 636.9999999998915, 674.9999999999445, 770.9999999998718, 195.99999999993548, 833.9999999998461, 571.9999999999187, 86.99999999998278]","[0, 13, 39, 39, 76, 99, 107, 107, 107, 161, 99, 187, 203]","[76, 39, 61, 76, 205, 164, 119, 142, 164, 164, 205, 205, 205]",37754612.999996506,940.9999999999046,-940.9999999999046,0.0,,,,DWT,mdp.39015067403892,3.4943222999572754e-06,,0.0,33.0,19.0,0.0,28.5,,9.538325684843585e-11,256.34134615373864,4359.000000001397,256.3413461537482,,0.0,256.34134615373864,,,83.99999999998278,0.0,19.5,1.5290879673557356e-10,9.538325684843585e-11,,5.786660040030256e-11,4.224939911690946e-11,1.3025852192561275e-21,0.7707109251784099,0.8179078109511656,0.000614519641804176,0.4160231660231657,0.00037173293367673114,0.9999999997242273,0.4742280245915922,6.612684250895599e-09,6.612684250895599e-09,6.006112895582299e-09,,2.9107423960573323e-09,0.9999999933872412,1.830943621894556e-10,,,,,,3.458660251436909e-11,1.0,0.0,1.1946039613736414e-10,1.1946039613736414e-10,0.7422684114525385,0.24267159419698436,679,1.4382456798886336,0.6907942706761524,737,0,0.2061856700481382,0.24635434514740165,680,0.0,0.3757035193118374,0.6824078458761125,711,27.801378862687127,0.9708580934353385,701.75,700.9348886299034,0.6176355456694512,493,bior,0.672619891330026,0.76736776154697,0.2989557476048908,5,371.0,4.2249399116909454e-11,0.0001547883299780617,1.3025852192561275e-21,0.7707109251784098,0.8179078109511656,0.0016473639999566997,0.5610953058321477,0.002736554091923057,0.9999999997242272,0.9919828214558966,0.9855281704440415,0.9855281704440415,0.9855281704440364,,6.236069964184139e-10,0.9999999999671733,1.0203134060205854e-10,,,,,1.0,,3.4586602514369084e-11,1.0,0.25,1.1946039613736414e-10,1.1946039613736414e-10,0.0,2.209570200247888,0.6304403969625538,678,1.4977833229535946,0.6924029932099096,1587,642.7600640985717,0.6631236561328241,1132.5,950.098013245033,0.5347850985066636,1300,0.5943810304597339,0.7715092316736338,0.3524805091760961,5,976.25,,,,,,,,,,,,,2.836784373292815e-16,0.03641360043842928,1.3025852192561275e-21,0.8336828360786488,0.2528445998360882,0.0016466511081948735,0.42447900477937,1.0,0.002736554091923057,0.9999999999999543,0.0008499884728388913,0.00079822102273915,0.00079822102273915,0.0007982210227328979,,0.0,4.872535256902221e-16,0.020163910573056283,9.487803228558024e-16,,,,,0.4782608695652174,,1.09431223635563e-18,1.0,0.7906976744186046,4.002844538796928e-16,4.002844538796928e-16,0.9302325581395349,0.5674759776446984,0.17675400427451152,688,1.6092656307993587,0.7811525107614695,1620,659.0235200658623,0.6920450840813728,1154.0,965.8232235701907,0.5763963738163873,1309,1104.4,1082.5,563.6960149978129,300,0.520820561188399,0.7876173146100969,0.3991404127850916,6,983.25
db34,1.0,antireflect,1.5745902049722802e-26,315.27572328739996,6531632.519071479,0.5257352941176471,126.84309245809841,206,smoothed,8.25811910763415e-14,-2.0807124911925763e-10,6.643114741295953,133597.53329416158,0.9962115863184268,0.00014966566451320284,0.9999999999999999,362.4000000000001,,,,[],[],11,426.59999999999997,32.19999999999999,728.4000000000001,"[9, 31, 53, 64, 80, 102, 131, 148, 158, 175, 192]","[310.99999999999983, 417.7999999999999, 589.6000000000006, 432.1999999999999, 728.4000000000001, 370.99999999999994, 586.9999999999998, 32.19999999999999, 448.2000000000001, 368.0, 407.2000000000002]","[1, 1, 1, 60, 1, 94, 120, 144, 144, 165, 186]","[20, 40, 75, 75, 204, 120, 204, 149, 204, 186, 204]",30736475.840000004,728.4000000000001,-728.4000000000001,0.0,,,,DWT,mdp.39015067403892,7.450580596923828e-09,,0.0,15.0,11.0,0.0,33.0,,1.1368683772161603e-13,168.40000000000003,987.7999999999993,168.40000000000003,,0.0,168.40000000000003,,,28.0,0.0,33.0,1.1368683772161603e-13,1.1368683772161603e-13,,1.1368683772161603e-13,1.3258238880864884e-13,4.1294062849048614e-26,0.9626370742940527,0.7338657006594674,0.7359825801322093,0.0869846751564865,0.8719644461744152,,0.999999664709775,4.4059199552998455e-09,4.4059199552998455e-09,3.6787269888316428e-09,,1.2251610931599486e-12,0.9999999955940747,7.585973278963461e-14,,,,,,1.5893391424973748e-13,0.0,1.0,1.7477015598164352e-13,1.7477015598164352e-13,0.8999999009579398,0.33832967743545184,529,1.6960860335046706,0.8610483732251267,19,0,0.24999997273301883,0.35570077878252643,529,0.0,0.48449063948810916,0.8547726141585889,19,294.44863728670913,0.6913536296785019,274.0,36.68248175182482,0.7020709448182866,327,db,0.573477938514061,0.8443824841957417,0.34525069778143475,3,246.0,8.599492313569085e-14,0.9999999999705145,1.034596544649963e-26,0.9495160855858991,0.898647642654739,0.001927989196052784,0.07138157894736874,0.008492856398244148,0.9999999997234931,2.0315811923354854e-05,4.745387416349445e-11,4.745387416349445e-11,3.962169481397382e-11,,1.2251610931599486e-12,0.0031261328403482946,7.585973278963461e-14,,,,,0.0,,7.374542113937972e-14,0.0,1.0,1.4238426238064856e-13,1.4238426238064856e-13,1.0,0.30156916120485433,0.08604450842083378,1386,1.7519472412957577,0.8098991991891807,230,817.415439051649,0.5715851996584649,808.0,394.5297029702971,0.5740525579005112,1015,0.49117026184683504,0.8233619396015222,0.4091722348267588,4,762.25,,,,,,,,,,,,,5.774024228340066e-19,0.9999999999715838,1.034596544649963e-26,0.9633809788995193,0.27780417372031657,0.0017122730866893678,0.054001488296577194,0.9999999999999999,0.008492856398244148,0.9999999999999541,9.960751159770423e-05,3.8434858594393884e-14,3.8434858594393884e-14,3.20911916831812e-14,,0.0,9.572760819061336e-19,0.004567040150618464,7.054128794466933e-19,,,,,0.13043478260869565,,2.3332883504384434e-21,0.7209302325581395,1.0,4.770970844811595e-19,4.770970844811595e-19,1.0,0.42658033862811345,0.13286867808967343,1562,1.8427845486125998,0.8945047662679178,348,858.4276323604687,0.5988655923549211,955.0,569.1895287958115,0.5763019550559652,1310,1009.0473684210526,935.5,610.6543869996938,760,0.4758535102197843,0.8532293215616218,0.41093374637766444,5,983.75
sym6,1.0,smooth,2.1822001153631845e-21,263.85845299848194,4963036.09601399,0.5462962962962963,80.20622723094759,206,smoothed,3.661085242950241e-11,,6.1930792453204875,35409.95371742419,0.9857414197886544,0.00014966566451296595,1.0,362.40000000000214,,,,[],[],11,426.600000000107,32.20000000007499,728.400000000235,"[9, 31, 53, 64, 80, 102, 131, 148, 158, 175, 192]","[311.000000000152, 417.800000000116, 589.6000000001685, 432.2000000001012, 728.400000000235, 371.0000000001097, 587.0000000000173, 32.20000000007499, 448.20000000005007, 368.0000000000667, 407.20000000008605]","[1, 1, 1, 60, 1, 94, 120, 144, 144, 165, 186]","[20, 40, 75, 75, 203, 120, 203, 149, 203, 186, 203]",30736475.840001326,728.4000000001687,-728.4000000001687,0.0,,,,DWT,mdp.39015067403892,1.3299286365509033e-06,,0.0,33.0,11.0,0.0,33.0,,1.687112671788782e-10,168.40000000010707,987.7999999988215,168.40000000010707,,0.0,168.40000000010707,,,28.000000000075005,0.0,33.0,2.3499069357058033e-10,1.687112671788782e-10,,2.1600499167107046e-12,8.03800776980461e-11,6.386421312473622e-21,0.7672816347888498,0.084732673330493,0.06281178129729668,0.2282178573998131,0.057711199822737695,,0.9999997301074767,4.517290785791699e-09,4.517290785791699e-09,3.79009781940449e-09,,2.3278060770039025e-11,0.9999999954826663,1.5680206767617476e-10,,,,,,2.8369703693578143e-11,1.0,1.0,2.59358911476759e-10,2.59358911476759e-10,0.9999999208289483,0.3759218754240139,30,0.6485128311003391,0.32922912352549044,878,0,0.3333333115951658,0.47426772584163274,30,0.0,0.17153644953136724,0.30263672285666154,868,486.7233985198027,0.4898077583649867,451.5,58.00658130088521,0.5082686590567072,885,sym,1.0,1.0,0.0,7,665.5,4.624009935681456e-11,0.99999999996887,1.5442685014805247e-21,0.7597747179197669,0.743182954669708,0.00016454252993904333,0.18728070175438605,0.0005621019696562782,,2.0315813251958748e-05,4.8653359119299466e-11,4.8653359119299466e-11,4.082123528093007e-11,,2.3278060770039025e-11,0.0031261328400000177,1.5680206767617476e-10,,,,,0.0,,1.316355767337928e-11,1.0,1.0,2.1129824537288247e-10,2.1129824537288247e-10,1.0,0.40156916138655513,0.11457677220848538,988,1.2026757008458335,0.55597912085464,1719,516.8950570473662,0.7290906409604999,1353.5,1254.8001477650535,0.5098545447989082,1477,0.7763846615972358,0.5622554397616224,0.28785410495344815,6,1109.25,,,,,,,,,,,,,3.104735073555622e-16,0.9999999999699991,1.5442685014805247e-21,0.8257501468446377,0.22974447029664496,0.001299905056983719,0.14168132413295456,1.0,0.0005621019696562782,,9.960751159870929e-05,3.9406412161158144e-14,3.9406412161158144e-14,3.306274524994546e-14,,0.0,1.818824555621654e-17,0.004567040150613015,1.458088421816315e-15,,,,,0.13043478260869565,,4.164919705532622e-19,1.0,1.0,7.080120733700406e-16,7.080120733700406e-16,1.0,0.4544873153722991,0.14156097535167111,1286,1.367869646215641,0.6639766537516839,1724,309.7127701597078,0.8552744064674263,1505.0,1473.1322259136214,0.5760016892150215,1311,1409.1368421052632,1454.5,398.32527672708756,380,0.6645304607900322,0.5565550872278735,0.3678621512786154,7,985.0
sym6,1.0,zero,2.1822001153631845e-21,263.85845299848194,4963036.09601399,0.5462962962962963,80.20622723094759,206,smoothed,3.661085242950241e-11,,6.1930792453204875,35409.95371742419,0.9857414197886544,0.00014966566451296595,1.0,362.40000000000214,,,,[],[],11,426.600000000107,32.20000000007499,728.400000000235,"[9, 31, 53, 64, 80, 102, 131, 148, 158, 175, 192]","[311.000000000152, 417.800000000116, 589.6000000001685, 432.2000000001012, 728.400000000235, 371.0000000001097, 587.0000000000173, 32.20000000007499, 448.20000000005007, 368.0000000000667, 407.20000000008605]","[1, 1, 1, 60, 1, 94, 120, 144, 144, 165, 186]","[20, 40, 75, 75, 203, 120, 203, 149, 203, 186, 203]",30736475.840001326,728.4000000001687,-728.4000000001687,0.0,,,,DWT,mdp.39015067403892,1.3299286365509033e-06,,0.0,33.0,11.0,0.0,33.0,,1.687112671788782e-10,168.40000000010707,987.7999999988215,168.40000000010707,,0.0,168.40000000010707,,,28.000000000075005,0.0,33.0,2.3499069357058033e-10,1.687112671788782e-10,,2.1600499167107046e-12,8.03800776980461e-11,6.386421312473622e-21,0.7672816347888498,0.084732673330493,0.06281178129729668,0.2282178573998131,0.057711199822737695,,0.9999997301074767,4.517290785791699e-09,4.517290785791699e-09,3.79009781940449e-09,,2.3278060770039025e-11,0.9999999954826663,1.5680206767617476e-10,,,,,,2.8369703693578143e-11,1.0,1.0,2.59358911476759e-10,2.59358911476759e-10,0.9999999208289483,0.3759218754240139,31,0.6485128311003391,0.32922912352549044,877,0,0.3333333115951658,0.47426772584163274,31,0.0,0.17153644953136724,0.30263672285666154,867,485.5687386972106,0.4910180936087939,451.5,59.87147173386539,0.5088738266786108,881,sym,1.0,1.0,0.0,7,662.5,4.624009935681456e-11,0.99999999996887,1.5442685014805247e-21,0.7597747179197669,0.743182954669708,0.00016454252993904333,0.18728070175438605,0.0005621019696562782,,2.0315813251958748e-05,4.8653359119299466e-11,4.8653359119299466e-11,4.082123528093007e-11,,2.3278060770039025e-11,0.0031261328400000177,1.5680206767617476e-10,,,,,0.0,,1.316355767337928e-11,1.0,1.0,2.1129824537288247e-10,2.1129824537288247e-10,1.0,0.40156916138655513,0.11457677220848538,987,1.2026757008458335,0.55597912085464,1720,518.3092706097393,0.7283494388837845,1353.5,1254.2593276690063,0.5094839437605505,1483,0.7763846615972358,0.5622554397616224,0.28785410495344815,6,1113.75,,,,,,,,,,,,,3.104735073555622e-16,0.9999999999699991,1.5442685014805247e-21,0.8257501468446377,0.22974447029664496,0.001299905056983719,0.14168132413295456,1.0,0.0005621019696562782,,9.960751159870929e-05,3.9406412161158144e-14,3.9406412161158144e-14,3.306274524994546e-14,,0.0,1.818824555621654e-17,0.004567040150613015,1.458088421816315e-15,,,,,0.13043478260869565,,4.164919705532622e-19,1.0,1.0,7.080120733700406e-16,7.080120733700406e-16,1.0,0.4544873153722991,0.14156097535167111,1287,1.367869646215641,0.6639766537516839,1725,309.7127701597078,0.8552744064674263,1506.0,1474.1533864541832,0.5757680443552085,1312,1409.1368421052632,1454.5,398.32527672708756,380,0.6645304607900322,0.5565550872278735,0.3678621512786154,7,985.75
sym10,1.0,smooth,3.246685080669032e-24,292.1329970892143,4962852.5418300675,0.5580357142857143,66.15749390413853,206,smoothed,1.421016486788573e-12,,6.193308300203067,37826.42313775531,0.9871350785295964,0.00014966566451319628,1.0,362.4000000000002,,,,[],[],11,426.6000000000049,32.20000000000192,728.4000000000091,"[9, 31, 53, 64, 80, 102, 131, 148, 158, 175, 192]","[311.0000000000061, 417.8000000000044, 589.600000000006, 432.2000000000079, 728.4000000000091, 371.0000000000058, 587.0000000000014, 32.20000000000192, 448.2000000000031, 368.00000000000443, 407.2000000000046]","[1, 1, 1, 60, 1, 94, 120, 144, 144, 165, 186]","[20, 40, 75, 75, 203, 120, 203, 149, 203, 186, 203]",30736475.8400001,728.4000000000066,-728.4000000000066,0.0,,,,DWT,mdp.39015067403892,1.043081283569336e-07,,0.0,33.0,11.0,0.0,33.0,,6.59383658785373e-12,168.40000000000498,987.7999999999447,168.40000000000498,,0.0,168.40000000000498,,,28.000000000001933,0.0,33.0,9.094947017729282e-12,6.59383658785373e-12,,2.2737367544323206e-13,3.072937255682251e-12,9.496959541806816e-24,0.8747083020665322,0.08506306302349037,0.06273300812479392,0.30885572446116405,0.0777505783133379,,0.9999996663948996,4.4110656070538505e-09,4.4110656070538505e-09,3.68387264058939e-09,,2.4503221863198973e-12,0.999999995588913,6.068778623170769e-12,,,,,,2.225074799496325e-12,1.0,1.0,1.0136669046935325e-11,1.0136669046935325e-11,0.9999999014741543,0.37592186814812284,59,0.753365537924784,0.3824594731987819,662,0,0.3333333062100695,0.4742677181797001,59,0.0,0.20130152514177024,0.3551503720718734,578,325.7038532163843,0.6585913488297859,339.5,107.70354184954773,0.6513606639327126,453,sym,1.0,1.0,0.0,7,341.5,1.7771311395969965e-12,0.999999999970469,2.2967724683492456e-24,0.8641141866579236,0.7432620816411805,0.00016433617474854848,0.2534539473684213,0.0007572837394834936,,2.0315811957549723e-05,4.750921878127201e-11,4.750921878127201e-11,3.967703943175138e-11,,2.4503221863198973e-12,0.0031261328403321964,6.068778623170769e-12,,,,,0.0,,1.032435895951316e-12,1.0,1.0,8.258287218077616e-12,8.258287218077616e-12,1.0,0.40156916121224107,0.11457677215874963,1014,1.2918662133375545,0.5972105706036013,1673,465.98336880193483,0.7557739157222564,1343.5,1262.6885001860812,0.5258167272531618,1367,0.7763846615972358,0.5622554397616224,0.28785410495344815,6,1026.75,,,,,,,,,,,,,1.1932330285102493e-17,0.9999999999715399,2.2967724683492456e-24,0.9014338423678258,0.22976893127766304,0.0012998568024575352,0.1917426116705648,1.0,0.0007572837394834936,,9.960751159773015e-05,3.847985298455203e-14,3.847985298455203e-14,3.21360776531221e-14,,0.0,1.9145521638122673e-18,0.004567040150618211,5.643303035573547e-17,,,,,0.13043478260869565,,3.266603690613821e-20,1.0,1.0,2.7671630899907247e-17,2.7671630899907247e-17,1.0,0.45448731537229947,0.14156097535167125,1079,1.433394657616237,0.6957831039694921,1690,432.04224330498056,0.7981111012593549,1384.5,1317.0892018779343,0.5755742422184624,1313,1409.1368421052632,1454.5,398.32527672708756,380,0.6645304607900322,0.5565550872278735,0.3678621512786154,7,986.5
sym3,1.0,constant,7.599343258235303e-19,238.43963812445043,4963439.454805213,0.5380952380952381,87.47514009728278,206,smoothed,7.21250200879615e-10,,6.192575958646743,33280.452281300364,0.9847184360955027,0.00014966566451191663,0.9999999999999997,362.4000000001372,,,,[],[],11,426.60000000214933,32.200000000260815,728.4000000033286,"[9, 31, 53, 64, 80, 102, 131, 148, 158, 175, 192]","[311.0000000021572, 417.8000000017416, 589.6000000021629, 432.20000000416474, 728.4000000033286, 371.000000002655, 587.0000000009553, 32.200000000260815, 448.20000000174093, 368.000000002295, 407.2000000021809]","[1, 1, 1, 60, 1, 94, 120, 144, 144, 165, 186]","[20, 40, 75, 75, 204, 120, 204, 149, 204, 186, 204]",30736475.840050936,728.4000000024633,-728.4000000024633,0.0,,,,DWT,mdp.39015067403892,5.093961954116821e-05,,0.0,15.0,11.0,0.0,33.0,,2.463366399751976e-09,168.4000000021494,987.799999976356,168.40000000214937,,0.0,168.4000000021494,,,28.000000000260826,0.0,33.0,3.3286369216511957e-09,2.463366399751976e-09,,1.3722001312999055e-10,1.5844368271856816e-09,2.2240235294574347e-18,0.6707050619074988,0.08400673058805681,0.06298488468814548,0.1718849249175173,0.04005159903668069,,0.999999892127247,6.6423266693508e-09,6.6423266693508e-09,5.915104131797778e-09,,1.478769439444058e-09,0.9999999933576464,2.221097116347712e-09,,,,,,1.0866311717254552e-09,0.0,1.0,3.786919739810252e-09,3.786919739810252e-09,0.8999999739849412,0.3383297048879014,297,0.5606934548396106,0.2846460483906186,940,0,0.24999999308708232,0.3557008077423546,296,0.0,0.1470904575317623,0.2595073767267141,937,370.66112106163314,0.6114663301240743,617.5,450.630733611052,0.48209584850019227,941,sym,1.0,1.0,0.0,7,707.5,9.11293793836934e-10,0.9999999999615867,5.377798480243429e-19,0.6659735364966748,0.7430090943711306,0.00016499599375240765,0.14105263157894746,0.000390099023682605,,2.031581654354797e-05,7.154105086115692e-11,7.154105086115692e-11,6.37085384447289e-11,,1.478769439444058e-09,0.0031261328333569427,2.221097116347712e-09,,,,,0.0,,5.041974443299391e-10,0.0,1.0,3.0851821972638927e-09,3.0851821972638927e-09,1.0,0.3015691645597836,0.08604450937807104,1254,1.1277482595833623,0.5213412771768318,1826,404.4650788387052,0.7880162060593788,1540.0,1486.8857142857141,0.4904441617298991,1584,0.7763846615972358,0.5622554397616224,0.28785410495344815,6,1189.5,,,,,,,,,,,,,6.118771030759317e-15,0.9999999999629798,5.377798480243429e-19,0.7577105052747123,0.22969072385110112,0.0013000110959033263,0.10670893171231427,0.9999999999999997,0.000390099023682605,,9.960751160119927e-05,5.79441009063153e-14,5.79441009063153e-14,5.160010873445087e-14,,0.0,1.1554322308607034e-15,0.004567040150509079,2.0653783697319734e-14,,,,,0.13043478260869565,,1.5952692451947636e-17,0.7209302325581395,1.0,1.0337739626537764e-14,1.0337739626537764e-14,1.0,0.4265803386280924,0.13286867808966688,1683,1.312961282921624,0.637323623308463,1794,78.48885271170677,0.963322966022567,1738.5,1736.7282139775668,0.5754698942262367,1314,1409.1368421052632,1454.5,398.32527672708756,380,0.6645304607900322,0.5565550872278735,0.3678621512786154,7,987.25
db10,1.0,antireflect,4.3517550130735814e-27,320.86075435962135,5251271.293564817,0.5223214285714286,94.73795053098965,206,smoothed,4.144257752503693e-14,-2.067447102405145e-10,6.321684420790464,64603.88472657172,0.9913117113025879,0.00014966566451320274,0.9999999999999999,362.4,,,,[],[],11,426.59999999999997,32.20000000000002,728.4000000000001,"[9, 31, 53, 64, 80, 102, 131, 148, 158, 175, 192]","[310.9999999999999, 417.7999999999999, 589.6000000000001, 432.20000000000016, 728.4000000000001, 371.0000000000001, 587.0, 32.20000000000002, 448.2, 368.0, 407.20000000000016]","[1, 1, 1, 60, 1, 94, 120, 144, 144, 165, 186]","[20, 40, 75, 75, 204, 120, 204, 149, 204, 186, 204]",30736475.839999996,728.4000000000001,-728.4000000000001,0.0,,,,DWT,mdp.39015067403892,0.0,,0.0,15.0,11.0,0.0,33.0,,1.1368683772161603e-13,168.40000000000003,987.7999999999993,168.40000000000006,,0.0,168.40000000000003,,,28.00000000000003,0.0,33.0,1.1368683772161603e-13,1.1368683772161603e-13,,0.0,4.220661721959921e-14,7.947956085549084e-27,0.983856913340996,0.27023330079111224,0.18650932091645825,0.06353488945761823,0.2998116080458279,,0.9999996647345563,4.4059199552998455e-09,4.4059199552998455e-09,3.6787565615428943e-09,,0.0,0.9999999955940747,7.585973278963461e-14,,,,,,0.0,0.0,1.0,1.7477015598164352e-13,1.7477015598164352e-13,0.899999900964691,0.33832967743798975,507,0.964024057859774,0.4894040339774769,226,0,0.24999997273497107,0.3557007787853041,507,0.0,0.25770657607886505,0.4546641478017597,225,162.52461352053726,0.829638769894615,366.25,312.1586647172604,0.7228644583225696,278,db,0.573477938514061,0.8443824841957417,0.34525069778143475,3,209.25,3.4015571205498605e-14,0.9999999999705138,2.2827125276692543e-27,0.9701261146315198,0.7876095913605836,0.0004885821558785779,0.05213815789473725,0.002920138481369411,0.9999999997235131,2.0315811923854454e-05,4.745387416349445e-11,4.745387416349445e-11,3.9622027880881205e-11,,0.0,0.0031261328403482946,7.585973278963461e-14,,,,,0.0,,0.0,0.0,1.0,1.4238426238064856e-13,1.4238426238064856e-13,1.0,0.3015691612042051,0.08604450842064854,1586,1.698148073968155,0.785028642868407,755,587.605735166021,0.692030537124727,1170.5,1023.0072618539086,0.539280467723789,1272,0.49117026184683504,0.8233619396015222,0.4091722348267588,4,955.0,,,,,,,,,,,,,2.283934040751065e-19,0.9999999999715831,2.2827125276692543e-27,0.9783306732182369,0.2434783349520082,0.0013756791558906733,0.039443483387131384,0.9999999999999999,0.002920138481369411,0.9999999999999541,9.960751159770467e-05,3.8434858594393884e-14,3.8434858594393884e-14,3.2091408523615694e-14,,0.0,0.0,0.004567040150618464,7.054128794466933e-19,,,,,0.13043478260869565,,0.0,0.7209302325581395,1.0,4.770970844811595e-19,4.770970844811595e-19,1.0,0.42658033862811345,0.13286867808967343,1612,1.8263708597237482,0.8865374089584751,622,700.035713374682,0.6728805077688402,1117.0,897.6401074306176,0.5754589454732051,1315,1009.0473684210526,935.5,610.6543869996938,760,0.4758535102197843,0.8532293215616218,0.41093374637766444,5,987.5
sym6,1.0,constant,2.1822001153631845e-21,263.85845299848194,4963036.09601399,0.5462962962962963,80.20622723094759,206,smoothed,3.661085242950241e-11,,6.1930792453204875,35409.95371742419,0.9857414197886544,0.00014966566451296595,1.0,362.40000000000214,,,,[],[],11,426.600000000107,32.20000000007499,728.400000000235,"[9, 31, 53, 64, 80, 102, 131, 148, 158, 175, 192]","[311.000000000152, 417.800000000116, 589.6000000001685, 432.2000000001012, 728.400000000235, 371.0000000001097, 587.0000000000173, 32.20000000007499, 448.20000000005007, 368.0000000000667, 407.20000000008605]","[1, 1, 1, 60, 1, 94, 120, 144, 144, 165, 186]","[20, 40, 75, 75, 203, 120, 203, 149, 203, 186, 203]",30736475.840001326,728.4000000001687,-728.4000000001687,0.0,,,,DWT,mdp.39015067403892,1.3299286365509033e-06,,0.0,33.0,11.0,0.0,33.0,,1.687112671788782e-10,168.40000000010707,987.7999999988215,168.40000000010707,,0.0,168.40000000010707,,,28.000000000075005,0.0,33.0,2.3499069357058033e-10,1.687112671788782e-10,,2.1600499167107046e-12,8.03800776980461e-11,6.386421312473622e-21,0.7672816347888498,0.084732673330493,0.06281178129729668,0.2282178573998131,0.057711199822737695,,0.9999997301074767,4.517290785791699e-09,4.517290785791699e-09,3.79009781940449e-09,,2.3278060770039025e-11,0.9999999954826663,1.5680206767617476e-10,,,,,,2.8369703693578143e-11,1.0,1.0,2.59358911476759e-10,2.59358911476759e-10,0.9999999208289483,0.3759218754240139,29,0.6485128311003391,0.32922912352549044,876,0,0.3333333115951658,0.47426772584163274,29,0.0,0.17153644953136724,0.30263672285666154,866,486.1460685843299,0.49041292601223285,450.0,56.13105150693669,0.5093574064023428,879,sym,1.0,1.0,0.0,7,661.0,4.624009935681456e-11,0.99999999996887,1.5442685014805247e-21,0.7597747179197669,0.743182954669708,0.00016454252993904333,0.18728070175438605,0.0005621019696562782,,2.0315813251958748e-05,4.8653359119299466e-11,4.8653359119299466e-11,4.082123528093007e-11,,2.3278060770039025e-11,0.0031261328400000177,1.5680206767617476e-10,,,,,0.0,,1.316355767337928e-11,1.0,1.0,2.1129824537288247e-10,2.1129824537288247e-10,1.0,0.40156916138655513,0.11457677220848538,986,1.2026757008458335,0.55597912085464,1718,517.6021638285528,0.7287200399221422,1352.0,1252.9201183431953,0.5100623260407356,1475,0.7763846615972358,0.5622554397616224,0.28785410495344815,6,1107.75,,,,,,,,,,,,,3.104735073555622e-16,0.9999999999699991,1.5442685014805247e-21,0.8257501468446377,0.22974447029664496,0.001299905056983719,0.14168132413295456,1.0,0.0005621019696562782,,9.960751159870929e-05,3.9406412161158144e-14,3.9406412161158144e-14,3.306274524994546e-14,,0.0,1.818824555621654e-17,0.004567040150613015,1.458088421816315e-15,,,,,0.13043478260869565,,4.164919705532622e-19,1.0,1.0,7.080120733700406e-16,7.080120733700406e-16,1.0,0.4544873153722991,0.14156097535167111,1285,1.367869646215641,0.6639766537516839,1726,311.8340905032675,0.8542831352788469,1505.5,1473.2049153105281,0.5753892311908253,1316,1409.1368421052632,1454.5,398.32527672708756,380,0.6645304607900322,0.5565550872278735,0.3678621512786154,7,988.75
sym10,1.0,zero,3.246685080669032e-24,292.1329970892143,4962852.5418300675,0.5580357142857143,66.15749390413853,206,smoothed,1.421016486788573e-12,,6.193308300203067,37826.42313775531,0.9871350785295964,0.00014966566451319628,1.0,362.4000000000002,,,,[],[],11,426.6000000000049,32.20000000000192,728.4000000000091,"[9, 31, 53, 64, 80, 102, 131, 148, 158, 175, 192]","[311.0000000000061, 417.8000000000044, 589.600000000006, 432.2000000000079, 728.4000000000091, 371.0000000000058, 587.0000000000014, 32.20000000000192, 448.2000000000031, 368.00000000000443, 407.2000000000046]","[1, 1, 1, 60, 1, 94, 120, 144, 144, 165, 186]","[20, 40, 75, 75, 203, 120, 203, 149, 203, 186, 203]",30736475.8400001,728.4000000000066,-728.4000000000066,0.0,,,,DWT,mdp.39015067403892,1.043081283569336e-07,,0.0,33.0,11.0,0.0,33.0,,6.59383658785373e-12,168.40000000000498,987.7999999999447,168.40000000000498,,0.0,168.40000000000498,,,28.000000000001933,0.0,33.0,9.094947017729282e-12,6.59383658785373e-12,,2.2737367544323206e-13,3.072937255682251e-12,9.496959541806816e-24,0.8747083020665322,0.08506306302349037,0.06273300812479392,0.30885572446116405,0.0777505783133379,,0.9999996663948996,4.4110656070538505e-09,4.4110656070538505e-09,3.68387264058939e-09,,2.4503221863198973e-12,0.999999995588913,6.068778623170769e-12,,,,,,2.225074799496325e-12,1.0,1.0,1.0136669046935325e-11,1.0136669046935325e-11,0.9999999014741543,0.37592186814812284,57,0.753365537924784,0.3824594731987819,661,0,0.3333333062100695,0.4742677181797001,58,0.0,0.20130152514177024,0.3551503720718734,579,326.48060177188677,0.6577771469896365,338.75,105.1933593870568,0.6513466447736442,454,sym,1.0,1.0,0.0,7,342.25,1.7771311395969965e-12,0.999999999970469,2.2967724683492456e-24,0.8641141866579236,0.7432620816411805,0.00016433617474854848,0.2534539473684213,0.0007572837394834936,,2.0315811957549723e-05,4.750921878127201e-11,4.750921878127201e-11,3.967703943175138e-11,,2.4503221863198973e-12,0.0031261328403321964,6.068778623170769e-12,,,,,0.0,,1.032435895951316e-12,1.0,1.0,8.258287218077616e-12,8.258287218077616e-12,1.0,0.40156916121224107,0.11457677215874963,1013,1.2918662133375545,0.5972105706036013,1674,467.39758236430794,0.7550327136455409,1343.5,1262.1972459992558,0.525446126214804,1368,0.7763846615972358,0.5622554397616224,0.28785410495344815,6,1027.5,,,,,,,,,,,,,1.1932330285102493e-17,0.9999999999715399,2.2967724683492456e-24,0.9014338423678258,0.22976893127766304,0.0012998568024575352,0.1917426116705648,1.0,0.0007572837394834936,,9.960751159773015e-05,3.847985298455203e-14,3.847985298455203e-14,3.21360776531221e-14,,0.0,1.9145521638122673e-18,0.004567040150618211,5.643303035573547e-17,,,,,0.13043478260869565,,3.266603690613821e-20,1.0,1.0,2.7671630899907247e-17,2.7671630899907247e-17,1.0,0.45448731537229947,0.14156097535167125,1080,1.433394657616237,0.6957831039694921,1691,432.04224330498056,0.7981111012593549,1385.5,1318.1378563695416,0.5753405973586494,1317,1409.1368421052632,1454.5,398.32527672708756,380,0.6645304607900322,0.5565550872278735,0.3678621512786154,7,989.5
db19,1.0,smooth,9.55693330872439e-27,319.6686069147818,124032020.66168651,0.6115702479338843,288.0885233477925,206,raw,6.504721249228574e-14,-2.0271084810730447e-10,4.041730833406538,2047884.9007711615,0.9938364335531636,5.618943883690066e-06,1.0,327.0000000000001,,,,[],[],13,661.1538461538462,86.99999999999991,939.9999999999998,"[8, 32, 51, 63, 81, 100, 111, 133, 152, 162, 175, 192, 204]","[878.0, 638.0000000000001, 787.0, 792.0, 939.9999999999998, 787.9999999999998, 637.0, 675.0, 770.9999999999999, 196.0, 834.0, 571.9999999999999, 86.99999999999991]","[0, 13, 42, 42, 76, 99, 107, 107, 107, 161, 164, 187, 203]","[76, 42, 61, 76, 205, 164, 119, 142, 164, 164, 205, 205, 205]",37754613.0,940.9999999999998,-940.9999999999998,0.0,,,,DWT,mdp.39015067403892,0.0,,0.0,33.0,19.0,0.0,28.5,,2.2737367544323206e-13,256.3413461538462,4359.0,256.3413461538461,,0.0,256.3413461538462,,,83.99999999999991,0.0,28.5,2.2737367544323206e-13,2.2737367544323206e-13,,1.1368683772161603e-13,6.38404370001661e-14,5.966241356149389e-27,0.9657268206710954,0.0,0.1331283212144115,0.40820543093270334,0.1611281275736201,0.999999999723574,0.47422802461150126,6.6959667625959335e-09,6.6959667625959335e-09,6.081912306383589e-09,,5.718550876340534e-12,0.9999999933040264,2.7225927463116073e-13,,,,,,0.0,1.0,1.0,2.847685247612971e-13,2.847685247612971e-13,0.8422684098807266,0.2753648338173747,124,1.2737336763018412,0.6117785982327555,835,0,0.2895190031163278,0.34592250957013343,123,0.0,0.33352358751443356,0.6057944661297898,836,411.07379710541835,0.5691050344806936,479.5,215.18826224725288,0.5332422447036591,753,db,0.540986235965534,0.9305070477545101,0.3421575204977732,3,565.5,6.384043700016609e-14,0.0001547883299646835,5.966241356149389e-27,0.9657268206710954,0.0,0.13402421528158867,0.555219660722053,0.1631126472379085,0.9999999997235739,0.9919828214562001,0.9855281704452468,0.9855281704452468,0.9855281704451335,,1.2251610931599486e-12,0.9999999999667601,1.5171946557926922e-13,,,,,1.0,,0.0,1.0,0.75,2.847685247612971e-13,2.847685247612971e-13,0.0,2.259570199821731,0.6447065287088657,122,1.3338275596158744,0.6166086780046987,1664,1090.3586565896562,0.4285331988523814,893.0,227.33258678611423,0.4802519243737798,1628,0.49117026184683504,0.8233619396015222,0.4091722348267588,4,1222.0,,,,,,,,,,,,,4.286488277978217e-19,0.03641360043841643,5.966241356149389e-27,0.9751396005719565,0.0,0.03260192885523585,0.4200339702855046,1.0,0.16311264723790844,0.9999999999999541,0.000849988472839121,0.0007982210227401261,0.0007982210227401261,0.0007982210227337863,,0.0,9.572760819061336e-19,0.020163910573049823,1.4108257588933865e-18,,,,,0.4782608695652174,,0.0,1.0,0.9302325581395349,9.54194168962319e-19,9.54194168962319e-19,0.9302325581395349,0.5814294660167882,0.18110015290550946,60,1.6455674519116639,0.7987737525032726,1516,1029.547473407613,0.5189030498095266,788.0,115.43147208121829,0.575339375372053,1318,1009.0473684210526,935.5,610.6543869996938,760,0.4758535102197843,0.8532293215616218,0.41093374637766444,5,989.75
sym3,1.0,smooth,7.599343258235303e-19,238.43963812445043,4963439.454805213,0.5380952380952381,87.47514009728278,206,smoothed,7.21250200879615e-10,,6.192575958646743,33280.452281300364,0.9847184360955027,0.00014966566451191663,0.9999999999999997,362.4000000001372,,,,[],[],11,426.60000000214933,32.200000000260815,728.4000000033286,"[9, 31, 53, 64, 80, 102, 131, 148, 158, 175, 192]","[311.0000000021572, 417.8000000017416, 589.6000000021629, 432.20000000416474, 728.4000000033286, 371.000000002655, 587.0000000009553, 32.200000000260815, 448.20000000174093, 368.000000002295, 407.2000000021809]","[1, 1, 1, 60, 1, 94, 120, 144, 144, 165, 186]","[20, 40, 75, 75, 204, 120, 204, 149, 204, 186, 204]",30736475.840050936,728.4000000024633,-728.4000000024633,0.0,,,,DWT,mdp.39015067403892,5.093961954116821e-05,,0.0,15.0,11.0,0.0,33.0,,2.463366399751976e-09,168.4000000021494,987.799999976356,168.40000000214937,,0.0,168.4000000021494,,,28.000000000260826,0.0,33.0,3.3286369216511957e-09,2.463366399751976e-09,,1.3722001312999055e-10,1.5844368271856816e-09,2.2240235294574347e-18,0.6707050619074988,0.08400673058805681,0.06298488468814548,0.1718849249175173,0.04005159903668069,,0.999999892127247,6.6423266693508e-09,6.6423266693508e-09,5.915104131797778e-09,,1.478769439444058e-09,0.9999999933576464,2.221097116347712e-09,,,,,,1.0866311717254552e-09,0.0,1.0,3.786919739810252e-09,3.786919739810252e-09,0.8999999739849412,0.3383297048879014,298,0.5606934548396106,0.2846460483906186,941,0,0.24999999308708232,0.3557008077423546,298,0.0,0.1470904575317623,0.2595073767267141,938,370.37222268055325,0.6117691586157723,618.75,452.47810608543216,0.48159212647769745,943,sym,1.0,1.0,0.0,7,709.0,9.11293793836934e-10,0.9999999999615867,5.377798480243429e-19,0.6659735364966748,0.7430090943711306,0.00016499599375240765,0.14105263157894746,0.000390099023682605,,2.031581654354797e-05,7.154105086115692e-11,7.154105086115692e-11,6.37085384447289e-11,,1.478769439444058e-09,0.0031261328333569427,2.221097116347712e-09,,,,,0.0,,5.041974443299391e-10,0.0,1.0,3.0851821972638927e-09,3.0851821972638927e-09,1.0,0.3015691645597836,0.08604450937807104,1252,1.1277482595833623,0.5213412771768318,1827,406.5863991822648,0.7869044029443056,1539.5,1485.809678467035,0.49001928742603124,1586,0.7763846615972358,0.5622554397616224,0.28785410495344815,6,1191.0,,,,,,,,,,,,,6.118771030759317e-15,0.9999999999629798,5.377798480243429e-19,0.7577105052747123,0.22969072385110112,0.0013000110959033263,0.10670893171231427,0.9999999999999997,0.000390099023682605,,9.960751160119927e-05,5.79441009063153e-14,5.79441009063153e-14,5.160010873445087e-14,,0.0,1.1554322308607034e-15,0.004567040150509079,2.0653783697319734e-14,,,,,0.13043478260869565,,1.5952692451947636e-17,0.7209302325581395,1.0,1.0337739626537764e-14,1.0337739626537764e-14,1.0,0.4265803386280924,0.13286867808966688,1682,1.312961282921624,0.637323623308463,1795,79.90306627407988,0.962662118563514,1738.5,1736.6637906241015,0.5751394704967103,1319,1409.1368421052632,1454.5,398.32527672708756,380,0.6645304607900322,0.5565550872278735,0.3678621512786154,7,991.0
sym10,1.0,constant,3.246685080669032e-24,292.1329970892143,4962852.5418300675,0.5580357142857143,66.15749390413853,206,smoothed,1.421016486788573e-12,,6.193308300203067,37826.42313775531,0.9871350785295964,0.00014966566451319628,1.0,362.4000000000002,,,,[],[],11,426.6000000000049,32.20000000000192,728.4000000000091,"[9, 31, 53, 64, 80, 102, 131, 148, 158, 175, 192]","[311.0000000000061, 417.8000000000044, 589.600000000006, 432.2000000000079, 728.4000000000091, 371.0000000000058, 587.0000000000014, 32.20000000000192, 448.2000000000031, 368.00000000000443, 407.2000000000046]","[1, 1, 1, 60, 1, 94, 120, 144, 144, 165, 186]","[20, 40, 75, 75, 203, 120, 203, 149, 203, 186, 203]",30736475.8400001,728.4000000000066,-728.4000000000066,0.0,,,,DWT,mdp.39015067403892,1.043081283569336e-07,,0.0,33.0,11.0,0.0,33.0,,6.59383658785373e-12,168.40000000000498,987.7999999999447,168.40000000000498,,0.0,168.40000000000498,,,28.000000000001933,0.0,33.0,9.094947017729282e-12,6.59383658785373e-12,,2.2737367544323206e-13,3.072937255682251e-12,9.496959541806816e-24,0.8747083020665322,0.08506306302349037,0.06273300812479392,0.30885572446116405,0.0777505783133379,,0.9999996663948996,4.4110656070538505e-09,4.4110656070538505e-09,3.68387264058939e-09,,2.4503221863198973e-12,0.999999995588913,6.068778623170769e-12,,,,,,2.225074799496325e-12,1.0,1.0,1.0136669046935325e-11,1.0136669046935325e-11,0.9999999014741543,0.37592186814812284,58,0.753365537924784,0.3824594731987819,660,0,0.3333333062100695,0.4742677181797001,57,0.0,0.20130152514177024,0.3551503720718734,580,326.39789112880817,0.6578638457769306,338.75,105.19525600231412,0.6513899941672913,452,sym,1.0,1.0,0.0,7,340.75,1.7771311395969965e-12,0.999999999970469,2.2967724683492456e-24,0.8641141866579236,0.7432620816411805,0.00016433617474854848,0.2534539473684213,0.0007572837394834936,,2.0315811957549723e-05,4.750921878127201e-11,4.750921878127201e-11,3.967703943175138e-11,,2.4503221863198973e-12,0.0031261328403321964,6.068778623170769e-12,,,,,0.0,,1.032435895951316e-12,1.0,1.0,8.258287218077616e-12,8.258287218077616e-12,1.0,0.40156916121224107,0.11457677215874963,1015,1.2918662133375545,0.5972105706036013,1672,464.5691552395617,0.7565151177989718,1343.5,1263.1782657238557,0.5261873282915195,1363,0.7763846615972358,0.5622554397616224,0.28785410495344815,6,1023.75,,,,,,,,,,,,,1.1932330285102493e-17,0.9999999999715399,2.2967724683492456e-24,0.9014338423678258,0.22976893127766304,0.0012998568024575352,0.1917426116705648,1.0,0.0007572837394834936,,9.960751159773015e-05,3.847985298455203e-14,3.847985298455203e-14,3.21360776531221e-14,,0.0,1.9145521638122673e-18,0.004567040150618211,5.643303035573547e-17,,,,,0.13043478260869565,,3.266603690613821e-20,1.0,1.0,2.7671630899907247e-17,2.7671630899907247e-17,1.0,0.45448731537229947,0.14156097535167125,1064,1.433394657616237,0.6957831039694921,1689,441.9417382415922,0.793485169045985,1376.5,1305.554667635307,0.5751304349902822,1320,1409.1368421052632,1454.5,398.32527672708756,380,0.6645304607900322,0.5565550872278735,0.3678621512786154,7,991.75
sym3,1.0,zero,7.599343258235303e-19,238.43963812445043,4963439.454805213,0.5380952380952381,87.47514009728278,206,smoothed,7.21250200879615e-10,,6.192575958646743,33280.452281300364,0.9847184360955027,0.00014966566451191663,0.9999999999999997,362.4000000001372,,,,[],[],11,426.60000000214933,32.200000000260815,728.4000000033286,"[9, 31, 53, 64, 80, 102, 131, 148, 158, 175, 192]","[311.0000000021572, 417.8000000017416, 589.6000000021629, 432.20000000416474, 728.4000000033286, 371.000000002655, 587.0000000009553, 32.200000000260815, 448.20000000174093, 368.000000002295, 407.2000000021809]","[1, 1, 1, 60, 1, 94, 120, 144, 144, 165, 186]","[20, 40, 75, 75, 204, 120, 204, 149, 204, 186, 204]",30736475.840050936,728.4000000024633,-728.4000000024633,0.0,,,,DWT,mdp.39015067403892,5.093961954116821e-05,,0.0,15.0,11.0,0.0,33.0,,2.463366399751976e-09,168.4000000021494,987.799999976356,168.40000000214937,,0.0,168.4000000021494,,,28.000000000260826,0.0,33.0,3.3286369216511957e-09,2.463366399751976e-09,,1.3722001312999055e-10,1.5844368271856816e-09,2.2240235294574347e-18,0.6707050619074988,0.08400673058805681,0.06298488468814548,0.1718849249175173,0.04005159903668069,,0.999999892127247,6.6423266693508e-09,6.6423266693508e-09,5.915104131797778e-09,,1.478769439444058e-09,0.9999999933576464,2.221097116347712e-09,,,,,,1.0866311717254552e-09,0.0,1.0,3.786919739810252e-09,3.786919739810252e-09,0.8999999739849412,0.3383297048879014,296,0.5606934548396106,0.2846460483906186,939,0,0.24999999308708232,0.3557008077423546,297,0.0,0.1470904575317623,0.2595073767267141,939,370.9477726041767,0.6111658568090391,617.75,450.68862527997635,0.48181458458900595,942,sym,1.0,1.0,0.0,7,708.25,9.11293793836934e-10,0.9999999999615867,5.377798480243429e-19,0.6659735364966748,0.7430090943711306,0.00016499599375240765,0.14105263157894746,0.000390099023682605,,2.031581654354797e-05,7.154105086115692e-11,7.154105086115692e-11,6.37085384447289e-11,,1.478769439444058e-09,0.0031261328333569427,2.221097116347712e-09,,,,,0.0,,5.041974443299391e-10,0.0,1.0,3.0851821972638927e-09,3.0851821972638927e-09,1.0,0.3015691645597836,0.08604450937807104,1253,1.1277482595833623,0.5213412771768318,1825,404.4650788387052,0.7880162060593788,1539.0,1485.8512020792723,0.4907062162372366,1583,0.7763846615972358,0.5622554397616224,0.28785410495344815,6,1188.75,,,,,,,,,,,,,6.118771030759317e-15,0.9999999999629798,5.377798480243429e-19,0.7577105052747123,0.22969072385110112,0.0013000110959033263,0.10670893171231427,0.9999999999999997,0.000390099023682605,,9.960751160119927e-05,5.79441009063153e-14,5.79441009063153e-14,5.160010873445087e-14,,0.0,1.1554322308607034e-15,0.004567040150509079,2.0653783697319734e-14,,,,,0.13043478260869565,,1.5952692451947636e-17,0.7209302325581395,1.0,1.0337739626537764e-14,1.0337739626537764e-14,1.0,0.4265803386280924,0.13286867808966688,1681,1.312961282921624,0.637323623308463,1796,81.31727983645297,0.9620012711044612,1738.5,1736.5982168536095,0.5748090467671838,1321,1409.1368421052632,1454.5,398.32527672708756,380,0.6645304607900322,0.5565550872278735,0.3678621512786154,7,992.5
rbio2.6,1.0,periodic,3.39346612399154e-27,321.940963561351,4967547.452855821,0.5275229357798165,117.38664927434495,206,smoothed,3.8439585926390616e-14,-2.1014019413456738e-10,6.291375876630713,31317.53006638886,0.9693171375882556,0.00014966566451320274,0.9999999999999999,362.40000000000003,,,,[],[],11,426.6,32.20000000000002,728.4000000000001,"[9, 31, 53, 64, 80, 102, 131, 148, 158, 175, 192]","[311.00000000000017, 417.79999999999995, 589.6000000000001, 432.20000000000016, 728.4000000000001, 371.0, 587.0000000000001, 32.20000000000002, 448.20000000000005, 368.0000000000001, 407.20000000000016]","[1, 1, 1, 60, 1, 94, 120, 144, 144, 165, 186]","[20, 40, 75, 75, 204, 120, 204, 149, 204, 186, 204]",30736475.84,728.4000000000001,-728.4000000000001,0.0,,,,DWT,mdp.39015067403892,3.725290298461914e-09,,0.0,15.0,11.0,0.0,33.0,,1.1368683772161603e-13,168.4000000000001,987.7999999999984,168.4000000000001,,0.0,168.4000000000001,,,28.00000000000003,0.0,33.0,1.1368683772161603e-13,1.1368683772161603e-13,,5.684341886080802e-14,3.5609465313528527e-14,5.143428155303725e-27,0.9879610741059627,0.22651613358920442,0.06474785207012486,0.09926395602350105,0.023773411991868443,,0.9999996647345563,4.4059791007223055e-09,4.4059791007223055e-09,3.6787861342541454e-09,,6.125805465799743e-13,0.9999999955939887,7.585973278963461e-14,,,,,,7.946695712486874e-14,0.0,1.0,1.7477015598164352e-13,1.7477015598164352e-13,0.8999999009650385,0.3383296774381204,471,0.7876235844994005,0.3998511825167296,558,0,0.24999997273503388,0.35570077878539347,468,0.0,0.2003232039686711,0.3534243487425059,587,60.64651680022522,0.9364292276727199,521.0,515.7572481200006,0.6951538171906576,338,rbio,0.7685897546424816,0.816051598246696,0.21717169227625407,5,254.75,3.0221239222122917e-14,0.9999999999705138,1.604563855625628e-27,0.9741123311332911,0.7771395097709903,0.00016961428521365283,0.08145823273780778,0.0002315509250738969,0.9999999997234619,2.0315811923854454e-05,4.745454029730922e-11,4.745454029730922e-11,3.962224992548613e-11,,6.125805465799743e-13,0.0031261328403480726,7.585973278963461e-14,,,,,0.0,,3.687271056968986e-14,0.0,1.0,1.4238426238064856e-13,1.4238426238064856e-13,1.0,0.3015691612045302,0.0860445084207413,1468,1.7057978740537771,0.7885650318744598,682,555.7859300126264,0.7087075838508248,1075.0,931.3265116279069,0.5726451965375717,1021,0.3888041033402703,1.0,0.4278371276618108,3,766.5,,,,,,,,,,,,,2.0291682475680486e-19,0.9999999999715831,1.604563855625628e-27,0.9812221159259497,0.24024165771977432,0.0013010910467672087,0.06162466376786041,0.9999999999999999,0.00023155092507389733,0.9999999999999541,9.960751159770467e-05,3.8435400695480126e-14,3.8435400695480126e-14,3.209173378426744e-14,,0.0,4.786380409530668e-19,0.00456704015061846,7.054128794466933e-19,,,,,0.13043478260869565,,1.1666441752192217e-21,0.7209302325581395,1.0,4.770970844811595e-19,4.770970844811595e-19,1.0,0.42658033862811345,0.13286867808967343,1592,1.8342471298074707,0.8903606237426491,489,779.938779648762,0.6355426263323543,1040.5,748.1864488226813,0.5746638365306631,1322,818.67,599.5,715.6978453131971,300,0.38607403914171184,1.0,0.42974817260080167,3,992.25
sym12,1.0,smooth,1.0883757007580846e-22,279.10400409763406,14073420.815464318,0.6403508771929824,310.594397473289,206,raw,8.190190704709997e-12,-2.607443150286658e-10,5.533950016886051,302352.2343999077,0.956570941152124,5.6189438836895955e-06,1.0,326.99999999999727,,,,[],[],13,661.1538461538726,87.00000000000895,940.000000000039,"[8, 32, 51, 63, 81, 100, 111, 133, 152, 162, 175, 192, 204]","[878.0000000000103, 638.0000000000323, 787.0000000000321, 792.0000000000368, 940.000000000039, 788.0000000000314, 637.0000000000279, 675.0000000000133, 771.0000000000341, 196.00000000001393, 834.0000000000379, 572.0000000000239, 87.00000000000895]","[0, 13, 42, 42, 76, 99, 107, 107, 107, 161, 164, 187, 203]","[76, 42, 61, 76, 205, 164, 119, 142, 164, 164, 205, 205, 205]",37754613.00000091,941.0000000000261,-941.0000000000261,0.0,,,,DWT,mdp.39015067403892,9.08970832824707e-07,,0.0,33.0,19.0,0.0,28.5,,2.6147972675971687e-11,256.34134615387256,4358.999999999656,256.34134615387245,,0.0,256.34134615387256,,,84.00000000000895,0.0,28.5,3.89945853385143e-11,2.6147972675971687e-11,,2.7284841053187847e-12,1.0330100201408358e-11,7.701987450489461e-23,0.8160342528994077,0.5154868712346353,0.009382832078617922,0.6240601503759398,0.019804571575583258,0.9999999997226994,0.47422802462200053,6.7163912263533094e-09,6.7163912263533094e-09,6.102336770153507e-09,,1.3724522103217282e-10,0.9999999932835478,4.669246559924407e-11,,,,,,8.996941379004325e-12,1.0,1.0,3.274838034754917e-11,3.274838034754917e-11,0.8422684099984764,0.2753648338558709,56,1.4096012920690593,0.677036274202059,785,0,0.28951900314159157,0.34592250960031906,56,0.0,0.37309608473715167,0.6776718407020504,732,406.1652988624213,0.5742502108360363,407.25,104.29080726499605,0.5736817091916031,619,sym,0.8243425715244881,0.7368036147090654,0.2019191155201387,6,465.75,1.0330100201408357e-11,0.00015478832996140834,7.70198745048946e-23,0.8160342528994077,0.5154868712346353,0.01040661456604201,0.7174515235457064,0.022123420456434874,0.9999999997226992,0.9919828214563602,0.9855281704455423,0.9855281704455423,0.9855281704454291,,2.940386623583877e-11,0.9999999999666586,2.601988834684467e-11,,,,,1.0,,8.996941379004325e-12,1.0,0.75,3.274838034754917e-11,3.274838034754917e-11,0.0,2.259570199866502,0.6447065287216399,56,1.448443708632007,0.669594022034612,1646,1124.2997820866105,0.4107443490112104,851.0,108.31492361927144,0.4823637887613704,1618,0.7763846615972358,0.5622554397616224,0.28785410495344815,6,1215.0,,,,,,,,,,,,,6.936019786888698e-17,0.03641360043841329,7.70198745048946e-23,0.8665585731014427,0.1593554553862312,0.0036949324466913993,0.5427653832185659,1.0,0.022123420456434874,0.999999999999954,0.0008499884728392421,0.0007982210227403655,0.0007982210227403655,0.0007982210227340257,,0.0,2.297462596574721e-17,0.02016391057304823,2.419566176502158e-16,,,,,0.4782608695652174,,2.846611787534901e-19,1.0,0.9302325581395349,1.0973232943066667e-16,1.0973232943066667e-16,0.9302325581395349,0.5814294660167878,0.18110015290550932,205,1.6383399393788332,0.7952654506707304,1544,946.8159800087872,0.5575626261641182,874.5,361.94396798170385,0.5744588831755171,1323,1409.1368421052632,1454.5,398.32527672708756,380,0.6645304607900322,0.5565550872278735,0.3678621512786154,7,994.0
db21,1.0,reflect,1.0212424784428939e-26,317.1561100331756,5755430.44637861,0.5284552845528455,99.78869299854496,206,smoothed,6.765677554337069e-14,-2.019260536556549e-10,6.497264628283441,30196.134806197195,0.9812518303930325,0.0001496656645132027,0.9999999999999999,362.4000000000001,,,,[],[],11,426.59999999999997,32.20000000000002,728.3999999999999,"[9, 31, 53, 64, 80, 102, 131, 148, 158, 175, 192]","[311.0, 417.79999999999995, 589.6, 432.19999999999993, 728.3999999999999, 371.00000000000034, 586.9999999999999, 32.20000000000002, 448.1999999999999, 367.9999999999999, 407.19999999999965]","[1, 1, 1, 60, 1, 94, 120, 144, 144, 165, 186]","[20, 40, 75, 75, 205, 120, 205, 149, 205, 186, 205]",30736475.839999996,728.3999999999999,-728.3999999999999,0.0,,,,DWT,mdp.39015067403892,0.0,,0.0,15.0,11.0,0.0,33.0,,1.1368683772161603e-13,168.40000000000003,987.7999999999993,168.39999999999998,,0.0,168.40000000000003,,,28.00000000000003,0.0,33.0,1.1368683772161603e-13,1.1368683772161603e-13,,1.1368683772161603e-13,9.979553838099116e-14,2.5099790204648022e-26,0.9697814399341698,0.5234909052427817,0.4028716781492182,0.1056682442498936,0.01447386784391616,,0.9999996647345563,4.4059199552998455e-09,4.4059199552998455e-09,3.67866784340914e-09,,1.2251610931599486e-12,0.9999999955940747,7.585973278963461e-14,,,,,,0.0,0.0,1.0,1.7477015598164352e-13,1.7477015598164352e-13,0.8999999009652769,0.3383296774382101,456,1.0931070004940557,0.5549352957005012,163,0,0.24999997273506577,0.3557007787854389,455,0.0,0.28804087648858273,0.5081820636221389,178,164.65924409721632,0.8274012116381381,313.0,247.77419013810666,0.7496544842257776,234,db,0.573477938514061,0.8443824841957417,0.34525069778143475,3,176.25,6.713766518816051e-14,0.9999999999705136,6.430110528430798e-27,0.956455138376526,0.8482637451292249,0.0010553677000450443,0.08671373555840839,0.00014097418956111408,0.9999999997235857,2.0315811923854454e-05,4.745387416349445e-11,4.745387416349445e-11,3.962102868015904e-11,,1.2251610931599486e-12,0.0031261328403482946,7.585973278963461e-14,,,,,0.0,,0.0,0.0,1.0,1.4238426238064856e-13,1.4238426238064856e-13,1.0,0.3015691612048174,0.08604450842082324,1411,1.733274523220347,0.8012670788493151,410,707.8138879677341,0.6290283606039129,910.5,635.3761669412411,0.5759135513711389,998,0.49117026184683504,0.8233619396015222,0.4091722348267588,4,749.5,,,,,,,,,,,,,4.507876643123974e-19,0.999999999971583,6.430110528430798e-27,0.9684142914606853,0.26222870636635376,0.00150821746430952,0.06560054911873714,0.9999999999999999,0.00014097418956111408,0.9999999999999541,9.960751159770467e-05,3.8434858594393884e-14,3.8434858594393884e-14,3.2090649582094954e-14,,0.0,9.572760819061336e-19,0.004567040150618464,7.054128794466933e-19,,,,,0.13043478260869565,,0.0,0.7209302325581395,1.0,4.770970844811595e-19,4.770970844811595e-19,1.0,0.42658033862811345,0.13286867808967343,1585,1.8392136461065187,0.8927714169656499,440,809.6372644585969,0.6216648296922445,1012.5,688.7901234567901,0.5742669942853745,1324,1009.0473684210526,935.5,610.6543869996938,760,0.4758535102197843,0.8532293215616218,0.41093374637766444,5,994.25
db31,1.0,smooth,1.2166460052614475e-26,316.39575639750433,4962342.909147294,0.5827067669172933,45.732199341132684,206,smoothed,7.932812982554661e-14,-2.0395571898035346e-10,6.193944353047866,45069.11912261858,0.9906599074591429,0.00014966566451320274,1.0,362.4,,,,[],[],11,426.6,32.19999999999999,728.4000000000002,"[9, 31, 53, 64, 80, 102, 131, 148, 158, 175, 192]","[310.9999999999999, 417.8000000000002, 589.6000000000005, 432.1999999999998, 728.4000000000002, 371.0000000000002, 586.9999999999998, 32.19999999999999, 448.20000000000005, 368.0, 407.1999999999997]","[1, 1, 1, 60, 1, 94, 120, 144, 144, 165, 186]","[20, 40, 75, 75, 204, 120, 204, 149, 204, 186, 204]",30736475.839999996,728.4000000000002,-728.4000000000002,0.0,,,,DWT,mdp.39015067403892,0.0,,0.0,15.0,11.0,0.0,33.0,,2.2737367544323206e-13,168.4000000000001,987.7999999999984,168.40000000000003,,0.0,168.4000000000001,,,28.0,0.0,33.0,2.2737367544323206e-13,2.2737367544323206e-13,,0.0,1.25435868904657e-13,3.081846914243715e-26,0.966892542529829,0.08598050823031908,0.06251429677550614,0.47832077495703484,0.13781304999698032,,0.999999664709775,4.4059791007223055e-09,4.4059791007223055e-09,3.6787269888316428e-09,,0.0,0.9999999955939887,1.5171946557926922e-13,,,,,,0.0,0.0,1.0,3.4954031196328703e-13,3.4954031196328703e-13,0.899999900957348,0.3383296774352294,553,0.9008364580024537,0.45732572014765194,264,0,0.24999997273294158,0.35570077878241657,544,0.0,0.24736016749854217,0.4364102828381364,241,171.1928736834568,0.8205525433087455,400.5,345.30953295465497,0.7003706112770143,331,db,0.573477938514061,0.8443824841957417,0.34525069778143475,3,249.0,8.188462380840162e-14,0.9999999999705138,7.812915272745208e-27,0.9536492613252645,0.7434818059916881,0.00016376323575533857,0.39252077562326915,0.0013422868886035749,0.9999999997235551,2.0315811923354854e-05,4.745454029730922e-11,4.745454029730922e-11,3.962169481397382e-11,,0.0,0.0031261328403480726,1.5171946557926922e-13,,,,,0.0,,0.0,0.0,1.0,2.847685247612971e-13,2.847685247612971e-13,1.0,0.30156916120430005,0.08604450842067562,1522,1.8015575662942303,0.8328333158912686,40,1047.9322497184635,0.4507692611538452,781.0,77.95134443021767,0.5207200603463147,1403,0.49117026184683504,0.8233619396015222,0.4091722348267588,4,1053.25,,,,,,,,,,,,,5.498043193226519e-19,0.9999999999715831,7.812915272745208e-27,0.966379019985841,0.2298368559443975,0.001299722825213816,0.29694924634004205,1.0,0.0013422868886035749,0.9999999999999541,9.960751159770423e-05,3.8435400695480126e-14,3.8435400695480126e-14,3.20911916831812e-14,,0.0,0.0,0.00456704015061846,1.4108257588933865e-18,,,,,0.13043478260869565,,0.0,0.7209302325581395,1.0,9.54194168962319e-19,9.54194168962319e-19,1.0,0.42658033862811345,0.13286867808967343,1514,1.914712314659225,0.9294191731659733,22,1055.003317530329,0.5070077955465753,768.0,43.369791666666664,0.574064645436839,1325,1009.0473684210526,935.5,610.6543869996938,760,0.4758535102197843,0.8532293215616218,0.41093374637766444,5,995.0
db29,1.0,antireflect,1.2165192513975503e-26,316.39620888221367,6218629.019688376,0.5305343511450382,113.19032510516278,206,smoothed,7.559864277195146e-14,-2.030638324157511e-10,6.58573277501305,122081.37031817183,0.9956368549427047,0.00014966566451320274,0.9999999999999997,362.4,,,,[],[],11,426.59999999999997,32.20000000000016,728.3999999999997,"[9, 31, 53, 64, 80, 102, 131, 148, 158, 175, 192]","[311.0000000000001, 417.8, 589.6, 432.19999999999976, 728.3999999999997, 371.0, 586.9999999999999, 32.20000000000016, 448.1999999999998, 368.0000000000001, 407.20000000000005]","[1, 1, 1, 60, 1, 94, 120, 144, 144, 165, 186]","[20, 40, 75, 75, 204, 120, 204, 149, 204, 186, 204]",30736475.839999996,728.3999999999997,-728.3999999999997,0.0,,,,DWT,mdp.39015067403892,0.0,,0.0,15.0,11.0,0.0,33.0,,2.2737367544323206e-13,168.40000000000003,987.7999999999993,168.4,,0.0,168.40000000000003,,,28.00000000000017,0.0,33.0,2.2737367544323206e-13,2.2737367544323206e-13,,0.0,1.1724270824600508e-13,3.081475956429619e-26,0.9668942617060662,0.6510977194215151,0.6016556030840636,0.11994931811778493,0.7764628243894918,,0.9999996648584625,4.4059199552998455e-09,4.4059199552998455e-09,3.6786974161203912e-09,,0.0,0.9999999955940747,1.5171946557926922e-13,,,,,,0.0,0.0,1.0,3.4954031196328703e-13,3.4954031196328703e-13,0.8999999010019529,0.3383296774519974,327,1.565078075279375,0.7945398429494863,34,0,0.24999997274532706,0.35570077880003864,325,0.0,0.4451513895312913,0.7853675301715066,32,169.1675697841246,0.8226755033709385,179.5,59.88311556146764,0.8172601835512974,111,db,0.573477938514061,0.8443824841957417,0.34525069778143475,3,84.0,7.717235221382886e-14,0.9999999999705138,7.812018278472837e-27,0.9536509310962795,0.8788250518504228,0.0015761045625323378,0.09843310566492619,0.007562679069137151,0.9999999997235686,2.0315811926352456e-05,4.745387416349445e-11,4.745387416349445e-11,3.962136174706643e-11,,0.0,0.0031261328403482946,1.5171946557926922e-13,,,,,0.0,,0.0,0.0,1.0,2.847685247612971e-13,2.847685247612971e-13,1.0,0.30156916120430055,0.08604450842067576,1519,1.7547894506384754,0.8112131103711707,202,931.2596308226831,0.5119184324828705,860.5,356.581057524695,0.530461312677494,1330,0.49117026184683504,0.8233619396015222,0.4091722348267588,4,998.5,,,,,,,,,,,,,5.1816434644349805e-19,0.9999999999715831,7.812018278472837e-27,0.9663802311712402,0.2716763009056491,0.0016299876533973573,0.07446646994849354,0.9999999999999997,0.00756267906913715,0.9999999999999541,9.960751159770662e-05,3.8434858594393884e-14,3.8434858594393884e-14,3.209086642252945e-14,,0.0,0.0,0.004567040150618464,1.4108257588933865e-18,,,,,0.13043478260869565,,0.0,0.7209302325581395,1.0,9.54194168962319e-19,9.54194168962319e-19,1.0,0.42658033862811345,0.13286867808967343,1558,1.849292942580776,0.8976640012580668,275,907.2180002623405,0.576066355017598,916.5,467.48499727223134,0.5738976634901074,1326,1009.0473684210526,935.5,610.6543869996938,760,0.4758535102197843,0.8532293215616218,0.41093374637766444,5,995.75
dmey,1.0,antisymmetric,0.5879249773805564,61.77857335724589,7144042.970367623,0.6052631578947368,295.062881693131,206,raw,0.6170381886162793,-24.568689472092558,6.738097706378117,145597.12697912037,0.8970189816382539,5.598813728756802e-06,0.9999975782197809,326.98012087522227,,,,[],[],13,662.3574490897346,87.23262841996004,940.8351365651408,"[8, 32, 51, 63, 81, 100, 111, 133, 152, 162, 175, 192, 204]","[880.1769485273801, 638.8086380268594, 793.88036756672, 787.7532306423487, 940.8351365651408, 789.6678941089613, 638.721977086629, 677.1222546861662, 772.2644605331104, 196.3898736968727, 835.0339839098307, 572.7594443965689, 87.23262841996004]","[0, 13, 39, 61, 76, 99, 107, 107, 107, 161, 164, 187, 203]","[76, 39, 76, 76, 164, 164, 119, 142, 164, 164, 205, 205, 205]",37826601.85146771,941.7984508668359,-941.7984508668359,0.0,,,,DWT,mdp.39015067403892,71988.85146771371,,0.0,28.5,19.0,0.0,28.5,,0.7984508668358785,257.5449490897346,4343.353161833451,257.5449490897345,,0.0,257.5449490897346,,,84.23262841996004,0.0,24.0,0.8351365651408287,0.7984508668358785,,0.019879124777730794,0.7796384562268768,0.41605464407901493,0.014054213398943527,0.9314594923031422,0.001584631191671269,0.3609022556390976,0.007113208286683224,0.629703817148141,0.7444656891908029,0.9320425366703683,0.9320425366703683,0.9320425366286387,,0.9999379760825257,0.0679574633296759,0.9999999999998639,,,,,,0.7125415395168937,0.0,0.5,0.9999999999999998,0.9999999999999998,2.902396479212533,0.9488874505974522,6,1.3575666255318135,0.6520438476485813,821,0,0.7350858565074281,0.8782937959011643,7,0.0,0.3925638397841963,0.7130320332550271,592,414.81763061213616,0.565180680700067,356.5,12.802825818837391,0.5957454766183773,555,dmey,1.0,0.5967959140315767,0.12096122579052698,7,418.0,0.779638456226877,1.5062559522660557e-05,0.41605464407901493,0.014054213398943305,0.9314594923031423,0.0026164729594712697,0.5196675900277009,0.009462081132864134,0.6297038171481409,0.9961035119981236,0.9990165311671348,0.9990165311671348,0.9990165311671272,,0.214229991191996,0.9953731833817492,0.5572609630463032,,,,,1.0,,0.7125415395168937,0.75,0.5,0.9999999999999998,0.9999999999999998,0.0,3.3626487702183274,0.9594398156276059,3,1.4225327480774843,0.6576157696599518,1648,1163.1906550518706,0.39036129190153535,825.5,5.989097516656572,0.4788546501436398,1631,1.0,0.16047866370298075,0.25185640088910577,7,1225.0,,,,,,,,,,,,,5.234787324010402e-06,0.03627894174275562,0.41605464407901493,0.28483418961288853,0.2879474916873922,0.0018732695593702713,0.39313816946642083,0.999998109840998,0.009462081132864132,0.9999386988986979,0.0008531056145780808,0.0008091458175997688,0.0008091458175997688,0.0008091458175934291,,0.0,1.6738798492704501e-07,0.020091520413046137,5.181919921018266e-06,,,,,0.4782608695652174,,2.2544652232929477e-08,0.9302325581395349,0.8604651162790697,3.3507711913111097e-06,3.3507711913111097e-06,0.9302325581395349,0.5674545762573444,0.1767473382991031,984,1.5373437575331397,0.746240964273853,1680,492.1463197058371,0.7700250842496088,1332.0,1241.081081081081,0.5737975888537763,1327,1640.65,1604.0,395.57969121943455,20,0.7737090308889414,0.5527188516912812,0.2925880228703567,9,997.5
db32,1.0,zero,1.7773480407566315e-26,316.97406767062836,5890409.393529126,0.5783582089552238,189.37184423745137,206,raw,9.280171022148297e-14,-2.0608315054460294e-10,6.409505770766137,69882.38073624416,0.8332717300181114,5.618943883690066e-06,1.0,327.0,,,,[],[],13,661.1538461538462,86.99999999999994,939.9999999999999,"[8, 32, 51, 63, 81, 100, 111, 133, 152, 162, 175, 192, 204]","[878.0, 637.9999999999995, 787.0000000000001, 792.0000000000002, 939.9999999999999, 788.0000000000002, 636.9999999999998, 674.9999999999998, 771.0000000000001, 195.9999999999999, 834.0000000000001, 571.9999999999999, 86.99999999999994]","[0, 13, 42, 42, 76, 99, 107, 107, 107, 161, 99, 187, 203]","[76, 42, 61, 76, 205, 164, 119, 142, 164, 164, 205, 205, 205]",37754613.0,940.9999999999999,-940.9999999999999,0.0,,,,DWT,mdp.39015067403892,0.0,,0.0,33.0,19.0,0.0,28.5,,1.1368683772161603e-13,256.3413461538462,4359.0,256.34134615384613,,0.0,256.3413461538462,,,83.99999999999994,0.0,24.0,1.1368683772161603e-13,1.1368683772161603e-13,,0.0,9.890872638995073e-14,1.1780814150790783e-26,0.9557833608463537,0.8179474622496313,0.00017381384423426484,0.15911513859275006,0.0009831155151873933,0.9999999997235232,0.47422802461153424,6.6959667625959335e-09,6.6959667625959335e-09,6.0819563246244724e-09,,0.0,0.9999999933040264,1.3612963731558036e-13,,,,,,0.0,1.0,0.5,1.4238426238064856e-13,1.4238426238064856e-13,0.7922684098777654,0.25901821374927325,532,1.4465699560873588,0.6947924487245999,726,0,0.24785233644915589,0.29613842719976463,532,0.0,0.3667503613464723,0.6661458069893748,766,124.62744481052317,0.8693632653977744,639.0,620.8970354296172,0.5997759723215288,541,db,0.540986235965534,0.9305070477545101,0.3421575204977732,3,406.5,9.890872638995073e-14,0.0001547883299646835,1.1780814150790783e-26,0.9557833608463537,0.8179474622496314,0.001207113662772767,0.3680086410054987,0.0033464903253139495,0.999999999723523,0.9919828214562006,0.9855281704452468,0.9855281704452468,0.9855281704451341,,0.0,0.9999999999667601,7.585973278963461e-14,,,,,1.0,,0.0,1.0,0.5,1.4238426238064856e-13,1.4238426238064856e-13,0.0,2.2345701998210235,0.6375734627747118,530,1.5316357933847677,0.708052487696116,1505,689.4291116568838,0.6386639876012139,1017.5,783.931203931204,0.552691532584674,1171,0.49117026184683504,0.8233619396015222,0.4091722348267588,4,879.25,,,,,,,,,,,,,6.641105797242201e-19,0.03641360043841643,1.1780814150790783e-26,0.9679270107924228,0.2528568574726572,0.0015437020552916333,0.27840536190647347,1.0,0.0033464903253139495,0.9999999999999541,0.0008499884728391214,0.0007982210227401261,0.0007982210227401261,0.0007982210227337869,,0.0,0.0,0.020163910573049823,7.054128794466933e-19,,,,,0.4782608695652174,,0.0,1.0,0.8604651162790697,4.770970844811595e-19,4.770970844811595e-19,0.9302325581395349,0.5744527218307418,0.17892707859001003,260,1.6315813072636496,0.7919847477556583,1556,916.4103884177656,0.5717708465337543,908.0,445.5506607929515,0.5737358905565968,1328,1009.0473684210526,935.5,610.6543869996938,760,0.4758535102197843,0.8532293215616218,0.41093374637766444,5,997.25
coif15,1.0,smooth,2.3099516932806549e-26,313.6113697641467,4961013.154469083,0.5578231292517006,31.642748349106387,206,smoothed,1.0508961554257692e-13,-1.9893870994991437e-10,6.19560458377566,46850.06150400296,0.9920297111726939,0.00014966566451320295,0.9999999999999997,362.40000000000003,,,,[],[],11,426.6,32.20000000000013,728.3999999999994,"[9, 31, 53, 64, 80, 102, 131, 148, 158, 175, 192]","[310.9999999999998, 417.80000000000007, 589.5999999999998, 432.20000000000016, 728.3999999999994, 371.0000000000001, 587.0000000000001, 32.20000000000013, 448.20000000000016, 368.00000000000006, 407.1999999999997]","[0, 0, 0, 60, 0, 94, 120, 144, 144, 165, 186]","[20, 40, 75, 75, 203, 120, 203, 149, 203, 186, 203]",30736475.839999996,728.3999999999994,-728.3999999999994,0.0,,,,DWT,mdp.39015067403892,0.0,,0.0,33.0,11.0,0.0,33.0,,5.684341886080801e-13,168.4000000000001,987.7999999999984,168.4,,0.0,168.4000000000001,,,28.000000000000142,0.0,15.0,5.684341886080801e-13,5.684341886080801e-13,,5.684341886080802e-14,1.82030244552571e-13,6.281514961405513e-26,0.956313508064259,0.08837523177554035,0.061943626075364515,0.3073954813956663,0.15258210858726956,,0.9999996648336812,4.4059791007223055e-09,4.4059791007223055e-09,3.6786974161203912e-09,,6.125805465799743e-13,0.9999999955939887,3.7929866394817307e-13,,,,,,0.0,1.0,0.0,8.738507799082175e-13,8.738507799082175e-13,0.8999999009951408,0.33832967744943654,337,0.8329385697572368,0.42285614427468693,407,0,0.24999997274342206,0.3557007787973282,335,0.0,0.22380142227118313,0.3948462801454072,370,33.87599937025229,0.9644905666978487,362.25,359.96670476033796,0.7923867927828866,161,coif,0.5556920286951962,0.9053407607371553,0.33941335169221604,4,121.75,1.144347079443235e-13,0.9999999999705151,1.5549870265286016e-26,0.9433742442939064,0.7440553324232427,0.00016226829963310123,0.2522556390977443,0.0014861362098630463,0.9999999997236307,2.0315811925852856e-05,4.745454029730922e-11,4.745454029730922e-11,3.962136174706643e-11,,6.125805465799743e-13,0.0031261328403480726,3.7929866394817307e-13,,,,,0.0,,0.0,1.0,0.0,7.119213119032428e-13,7.119213119032428e-13,1.0,0.30156916120489163,0.08604450842084442,1378,1.7396300569414658,0.8042051477305144,347,729.0270914033305,0.6179103294531811,862.5,554.3953623188406,0.5829331521479743,963,0.4784248188775415,0.776734912893196,0.43208215291776214,2,722.75,,,,,,,,,,,,,7.683578892104502e-19,0.9999999999715845,1.5549870265286016e-26,0.9589259318121948,0.2300141535067147,0.001299373246247177,0.190836069240306,0.9999999999999997,0.0014861362098630463,0.9999999999999541,9.960751159770619e-05,3.8435400695480126e-14,3.8435400695480126e-14,3.209086642252945e-14,,0.0,4.786380409530668e-19,0.00456704015061846,3.5270643972334666e-18,,,,,0.13043478260869565,,0.0,1.0,0.7209302325581395,2.3854854224057974e-18,2.3854854224057974e-18,1.0,0.42658033862811345,0.13286867808967343,1534,1.8679412046353223,0.906716041173945,126,995.6063479106589,0.5347633888267949,830.0,232.87228915662655,0.5734564607685376,1329,986.6382352941176,846.0,585.0035688138154,340,0.4652856568234462,0.8173890317607586,0.42908333069536003,4,997.75
db20,1.0,periodization,1.6167774705721056e-26,315.160896254916,4964165.754910416,0.5339805825242718,105.3844492866854,206,smoothed,8.748507128818276e-14,-2.0520563026593707e-10,6.191669931568326,31688.23739843529,0.983299375044384,0.00014966566451320274,0.9999999999999999,362.40000000000003,,,,[],[],11,426.6,32.200000000000074,728.4000000000001,"[9, 31, 53, 64, 80, 102, 131, 148, 158, 175, 192]","[311.00000000000034, 417.80000000000007, 589.6000000000001, 432.1999999999997, 728.4000000000001, 370.99999999999994, 587.0000000000003, 32.200000000000074, 448.19999999999976, 367.99999999999966, 407.20000000000016]","[0, 0, 0, 60, 0, 94, 120, 144, 144, 165, 186]","[20, 40, 75, 75, 203, 120, 203, 149, 203, 186, 203]",30736475.840000007,728.4000000000001,-728.4000000000001,0.0,,,,DWT,mdp.39015067403892,1.1175870895385742e-08,,0.0,33.0,11.0,0.0,33.0,,1.1368683772161603e-13,168.4000000000001,987.7999999999984,168.40000000000003,,0.0,168.4000000000001,,,28.000000000000085,0.0,15.0,1.1368683772161603e-13,1.1368683772161603e-13,,5.684341886080802e-14,1.4335552673593255e-13,4.252871521769629e-26,0.9622007989867107,0.08269987345008753,0.0632965799176044,0.14362142418571724,0.026847626163012846,,0.9999996647841187,4.4059791007223055e-09,4.4059791007223055e-09,3.6787269888316428e-09,,6.125805465799743e-13,0.9999999955939887,7.585973278963461e-14,,,,,,2.3840087137460624e-13,1.0,0.0,1.7477015598164352e-13,1.7477015598164352e-13,0.899999900979969,0.3383296774437331,366,0.7185063262154074,0.3647625716611593,747,0,0.2499999727391724,0.35570077879128176,366,0.0,0.18266661467189657,0.3222733465141152,769,226.49944812294797,0.7625791948396772,562.0,493.6102719777994,0.586740331172459,627,db,0.573477938514061,0.8443824841957417,0.34525069778143475,3,471.0,9.219106086009211e-14,0.9999999999705138,1.0644510472635522e-26,0.9490923478404659,0.7426961074660714,0.0001658125144841213,0.11785896780786931,0.0002614934985440934,0.9999999997235363,2.0315811924853655e-05,4.745454029730922e-11,4.745454029730922e-11,3.962169481397382e-11,,6.125805465799743e-13,0.0031261328403480726,7.585973278963461e-14,,,,,0.0,,1.1061813170906958e-13,1.0,0.0,1.4238426238064856e-13,1.4238426238064856e-13,1.0,0.3015691612045672,0.08604450842075186,1453,1.688134553097719,0.7803995408367546,861,418.60721446243616,0.7806041852922242,1157.0,1081.2731201382887,0.5871050276565943,938,0.49117026184683504,0.8233619396015222,0.4091722348267588,4,704.5,,,,,,,,,,,,,6.190056338588865e-19,0.9999999999715831,1.0644510472635522e-26,0.963073616413445,0.22959396838831664,0.001300202032806506,0.08916249492626177,0.9999999999999999,0.0002614934985440934,0.9999999999999541,9.960751159770543e-05,3.8435400695480126e-14,3.8435400695480126e-14,3.20911916831812e-14,,0.0,4.786380409530668e-19,0.00456704015061846,7.054128794466933e-19,,,,,0.13043478260869565,,3.499932525657665e-21,1.0,0.7209302325581395,4.770970844811595e-19,4.770970844811595e-19,1.0,0.42658033862811345,0.13286867808967343,1614,1.8290608504200072,0.8878431554717241,592,722.6631303726516,0.6623069484239945,1103.0,866.26291931097,0.5734431938381654,1330,1009.0473684210526,935.5,610.6543869996938,760,0.4758535102197843,0.8532293215616218,0.41093374637766444,5,998.75
sym17,1.0,zero,1.0160664122260509e-20,257.1781777897436,4959894.003794929,0.5504201680672269,56.950648130240715,206,smoothed,7.925739460635438e-11,,6.197002560233198,41103.89925006328,0.9885564223621237,0.0001496656645128517,0.9999999999999997,362.40000000001373,,,,[],[],11,426.60000000026935,32.20000000010771,728.4000000004994,"[9, 31, 53, 64, 80, 102, 131, 148, 158, 175, 192]","[311.00000000033094, 417.800000000222, 589.6000000003214, 432.200000000449, 728.4000000004994, 371.0000000003158, 587.0000000000578, 32.20000000010771, 448.2000000001662, 368.00000000024147, 407.2000000002512]","[1, 1, 1, 60, 1, 94, 120, 144, 144, 165, 186]","[20, 40, 75, 75, 203, 120, 203, 149, 203, 186, 203]",30736475.84000492,728.4000000003675,-728.4000000003675,0.0,,,,DWT,mdp.39015067403892,4.92483377456665e-06,,0.0,33.0,11.0,0.0,33.0,,3.675495463539846e-10,168.40000000026942,987.7999999970361,168.40000000026936,,0.0,168.40000000026942,,,28.00000000010772,0.0,33.0,4.994262781110592e-10,3.675495463539846e-10,,1.375610736431554e-11,1.7406855725828452e-10,2.973619130639994e-20,0.7419005110519084,0.09039167869613088,0.061463337109851995,0.25654466405599635,0.1049301419179296,,0.999999758630688,4.686210112336963e-09,4.686210112336963e-09,3.9589580006500985e-09,,1.4824449227235377e-10,0.9999999953137899,3.3325180614486485e-10,,,,,,1.0505531731907647e-10,1.0,1.0,5.650319142886534e-10,5.650319142886534e-10,0.9999999297648035,0.37592187878319755,21,0.6656577369759274,0.337933041264126,855,0,0.33333331408270594,0.474267729380913,22,0.0,0.1793186190008408,0.3163665760242589,800,465.8858944705953,0.5116500057960217,424.5,41.887806483233206,0.5333407261684511,783,sym,1.0,1.0,0.0,7,589.0,1.0012474526623123e-10,0.9999999999680773,7.190357935333992e-21,0.7351229900592671,0.7445382631603182,0.0001610101286362753,0.2105263157894741,0.0010220102792793237,,2.0315813831439655e-05,5.047273710090394e-11,5.047273710090394e-11,4.263994712871977e-11,,1.4824449227235377e-10,0.0031261328394721066,3.3325180614486485e-10,,,,,0.0,,4.8745723373129994e-11,1.0,1.0,4.6032832027663677e-10,4.6032832027663677e-10,1.0,0.4015691616562135,0.11457677228542501,979,1.1980427611279996,0.5538373816064933,1729,530.3300858899106,0.722049221231703,1354.0,1250.1410635155096,0.506202807680841,1502,0.7763846615972358,0.5622554397616224,0.28785410495344815,6,1128.0,,,,,,,,,,,,,6.722753901545795e-16,0.9999999999692348,7.190357935333992e-21,0.8078687651577452,0.23016344469495068,0.0012990790329290409,0.1592670622571857,0.9999999999999997,0.0010220102792793237,,9.960751159914763e-05,4.088005975400044e-14,4.088005975400044e-14,3.4535742321484264e-14,,0.0,1.158304059106422e-16,0.004567040150604755,3.0988787794093236e-15,,,,,0.13043478260869565,,1.542303599639811e-18,1.0,1.0,1.5424548741275884e-15,1.5424548741275884e-15,1.0,0.45448731537229753,0.14156097535167064,1290,1.3645681499639435,0.662374076752011,1734,313.9554108468271,0.8532918640902677,1512.0,1479.404761904762,0.5733749040077507,1331,1409.1368421052632,1454.5,398.32527672708756,380,0.6645304607900322,0.5565550872278735,0.3678621512786154,7,1000.0
sym3,1.0,reflect,8.21068822141099e-19,238.10360312956504,4971514.120251372,0.5333333333333333,94.81057174705933,206,smoothed,7.414715357343025e-10,,6.209625976181427,32254.584705338464,0.9808130138838634,0.00014966566451201052,1.0,362.4000000001372,,,,[],[],11,426.6000000022057,32.200000000260815,728.4000000039489,"[9, 31, 53, 64, 80, 102, 131, 148, 158, 175, 192]","[311.0000000021572, 417.8000000017416, 589.6000000021629, 432.20000000416474, 728.4000000039489, 371.000000002655, 587.0000000009553, 32.200000000260815, 448.20000000174093, 368.000000002295, 407.2000000021809]","[1, 1, 1, 60, 1, 94, 120, 144, 144, 165, 186]","[20, 40, 75, 75, 205, 120, 205, 149, 205, 186, 205]",30736475.840050787,728.4000000024633,-728.4000000024633,0.0,,,,DWT,mdp.39015067403892,5.0790607929229736e-05,,0.0,15.0,11.0,0.0,33.0,,2.463366399751976e-09,168.4000000022058,987.7999999757358,168.40000000220576,,0.0,168.4000000022058,,,28.000000000260826,0.0,33.0,3.948912308260333e-09,2.463366399751976e-09,,1.3722001312999055e-10,1.6288602674110993e-09,2.4029397251657466e-18,0.6694283262164344,0.1085997451330806,0.06645016671277279,0.13917548025037796,0.03154425006591732,,0.999999892127247,6.700998928430948e-09,6.700998928430948e-09,5.973776390920595e-09,,1.478769439444058e-09,0.9999999932989743,2.634987818447958e-09,,,,,,1.0834524934404604e-09,0.0,1.0,3.786919739810252e-09,3.786919739810252e-09,0.8999999742137662,0.3383297049739217,294,0.5574698442679635,0.2830095248984154,942,0,0.24999999313108703,0.3557008078049646,294,0.0,0.14502828142963478,0.25586913996008986,941,373.83452221537806,0.6081399138203585,617.75,448.07929004154835,0.4803016130946656,944,sym,1.0,1.0,0.0,7,709.75,9.368438012429745e-10,0.9999999999622384,5.81042665705062e-19,0.6647334912909499,0.7488990201211507,0.00017407368999836667,0.11421052631578965,0.0003072381989604107,,2.031581654354797e-05,7.217293429562233e-11,7.217293429562233e-11,6.434042187919431e-11,,1.478769439444058e-09,0.003126132833173534,2.634987818447958e-09,,,,,0.0,,5.027225359071515e-10,0.0,1.0,3.0851821972638927e-09,3.0851821972638927e-09,1.0,0.3015691647664685,0.08604450943704292,1250,1.1191837477557691,0.5173820305128263,1832,411.5361466505707,0.7843101956758015,1541.0,1486.0480207657367,0.4883291020307729,1592,0.7763846615972358,0.5622554397616224,0.28785410495344815,6,1195.5,,,,,,,,,,,,,6.2903234392241334e-15,0.9999999999636079,5.81042665705062e-19,0.7568110258646666,0.23151151086326602,0.0013021338432407676,0.08640238127452321,1.0,0.0003072381989604111,,9.960751160119927e-05,5.84559527519457e-14,5.84559527519457e-14,5.2111960580081274e-14,,0.0,1.1554322308607034e-15,0.004567040150506209,2.4502516367580894e-14,,,,,0.13043478260869565,,1.5906026684938867e-17,0.7209302325581395,1.0,1.0337739626537764e-14,1.0337739626537764e-14,1.0,0.4265803386280933,0.13286867808966715,1679,1.305177285650531,0.6335451986061009,1801,86.2670273047588,0.9596883049977762,1740.0,1737.8614942528732,0.5733020964241218,1332,1409.1368421052632,1454.5,398.32527672708756,380,0.6645304607900322,0.5565550872278735,0.3678621512786154,7,1000.75
db33,1.0,constant,2.0225060971055982e-26,316.41289407331476,5883343.498204105,0.5777777777777777,182.60966798934848,206,raw,1.013299476688949e-13,-2.1060542199080872e-10,6.423378265999482,67145.51958608936,0.8297078764170656,5.618943883690062e-06,0.9999999999999999,327.0000000000001,,,,[],[],13,661.1538461538462,87.00000000000017,939.9999999999999,"[8, 32, 51, 63, 81, 100, 111, 133, 152, 162, 175, 192, 204]","[878.0000000000002, 638.0000000000001, 787.0000000000002, 792.0000000000002, 939.9999999999999, 787.9999999999999, 637.0, 674.9999999999998, 771.0, 196.00000000000006, 834.0, 571.9999999999998, 87.00000000000017]","[0, 13, 42, 42, 76, 99, 107, 107, 107, 161, 99, 187, 203]","[76, 42, 61, 76, 205, 164, 119, 142, 164, 164, 205, 205, 205]",37754613.0,940.9999999999999,-940.9999999999999,0.0,,,,DWT,mdp.39015067403892,0.0,,0.0,33.0,19.0,0.0,28.5,,1.1368683772161603e-13,256.3413461538462,4359.0,256.3413461538462,,0.0,256.3413461538462,,,84.00000000000017,0.0,24.0,1.1368683772161603e-13,1.1368683772161603e-13,,1.1368683772161603e-13,1.0968430235996811e-13,1.3515714891559103e-26,0.9537125032287849,0.8227397134438421,0.00016586200895807947,0.1547619047619042,0.0007615310341493917,0.999999999723455,0.4742280246117984,6.6959667625959335e-09,6.6959667625959335e-09,6.082000342865356e-09,,5.718550876340534e-12,0.9999999933040264,1.3612963731558036e-13,,,,,,0.0,1.0,0.5,1.4238426238064856e-13,1.4238426238064856e-13,0.7922684098807171,0.2590182137502383,343,1.4458896638715073,0.6944657020695136,727,0,0.24785233644965815,0.29613842720036476,343,0.0,0.3665176892751504,0.6657231938414405,767,233.82044393080773,0.7549051950410821,545.0,470.0241745819151,0.5918131845226375,563,db,0.540986235965534,0.9305070477545101,0.3421575204977732,3,423.0,1.0968430235996811e-13,0.0001547883299646835,1.3515714891559103e-26,0.9537125032287849,0.8227397134438422,0.0011991700455549418,0.36473684210526297,0.0031254300468083907,0.9999999997234549,0.9919828214562046,0.9855281704452468,0.9855281704452468,0.9855281704451347,,1.2251610931599486e-12,0.9999999999667601,7.585973278963461e-14,,,,,1.0,,0.0,1.0,0.5,1.4238426238064856e-13,1.4238426238064856e-13,0.0,2.2345701998216376,0.637573462774887,384,1.5313882889312025,0.7079380700618326,1509,795.4951288348659,0.5830738318475546,946.5,612.2091917591125,0.5435023247288088,1245,0.49117026184683504,0.8233619396015222,0.4091722348267588,4,934.75,,,,,,,,,,,,,7.364618703079971e-19,0.03641360043841641,1.3515714891559103e-26,0.9664248931441791,0.2543383139635851,0.0015418445033487276,0.27593018536057357,0.9999999999999999,0.0031254300468083907,0.9999999999999541,0.0008499884728391244,0.0007982210227401261,0.0007982210227401261,0.0007982210227337874,,0.0,9.572760819061336e-19,0.020163910573049823,7.054128794466933e-19,,,,,0.4782608695652174,,0.0,1.0,0.8604651162790697,4.770970844811595e-19,4.770970844811595e-19,0.9302325581395349,0.5744527218307418,0.17892707859001003,284,1.6303413414144339,0.7913828567950639,1562,903.6824663564078,0.57771847366523,923.0,480.6153846153846,0.5732050312251384,1333,1009.0473684210526,935.5,610.6543869996938,760,0.4758535102197843,0.8532293215616218,0.41093374637766444,5,1001.0
sym17,1.0,smooth,1.0160664122260509e-20,257.1781777897436,4959894.003794929,0.5504201680672269,56.950648130240715,206,smoothed,7.925739460635438e-11,,6.197002560233198,41103.89925006328,0.9885564223621237,0.0001496656645128517,0.9999999999999997,362.40000000001373,,,,[],[],11,426.60000000026935,32.20000000010771,728.4000000004994,"[9, 31, 53, 64, 80, 102, 131, 148, 158, 175, 192]","[311.00000000033094, 417.800000000222, 589.6000000003214, 432.200000000449, 728.4000000004994, 371.0000000003158, 587.0000000000578, 32.20000000010771, 448.2000000001662, 368.00000000024147, 407.2000000002512]","[1, 1, 1, 60, 1, 94, 120, 144, 144, 165, 186]","[20, 40, 75, 75, 203, 120, 203, 149, 203, 186, 203]",30736475.84000492,728.4000000003675,-728.4000000003675,0.0,,,,DWT,mdp.39015067403892,4.92483377456665e-06,,0.0,33.0,11.0,0.0,33.0,,3.675495463539846e-10,168.40000000026942,987.7999999970361,168.40000000026936,,0.0,168.40000000026942,,,28.00000000010772,0.0,33.0,4.994262781110592e-10,3.675495463539846e-10,,1.375610736431554e-11,1.7406855725828452e-10,2.973619130639994e-20,0.7419005110519084,0.09039167869613088,0.061463337109851995,0.25654466405599635,0.1049301419179296,,0.999999758630688,4.686210112336963e-09,4.686210112336963e-09,3.9589580006500985e-09,,1.4824449227235377e-10,0.9999999953137899,3.3325180614486485e-10,,,,,,1.0505531731907647e-10,1.0,1.0,5.650319142886534e-10,5.650319142886534e-10,0.9999999297648035,0.37592187878319755,22,0.6656577369759274,0.337933041264126,857,0,0.33333331408270594,0.474267729380913,20,0.0,0.1793186190008408,0.3163665760242589,799,466.52366856712996,0.5109814794893817,424.5,40.869301881188605,0.5330064630151311,784,sym,1.0,1.0,0.0,7,589.75,1.0012474526623123e-10,0.9999999999680773,7.190357935333992e-21,0.7351229900592671,0.7445382631603182,0.0001610101286362753,0.2105263157894741,0.0010220102792793237,,2.0315813831439655e-05,5.047273710090394e-11,5.047273710090394e-11,4.263994712871977e-11,,1.4824449227235377e-10,0.0031261328394721066,3.3325180614486485e-10,,,,,0.0,,4.8745723373129994e-11,1.0,1.0,4.6032832027663677e-10,4.6032832027663677e-10,1.0,0.4015691616562135,0.11457677228542501,980,1.1980427611279996,0.5538373816064933,1731,531.0371926710972,0.7216786201933453,1355.5,1251.4791589819254,0.5056244254006559,1507,0.7763846615972358,0.5622554397616224,0.28785410495344815,6,1131.75,,,,,,,,,,,,,6.722753901545795e-16,0.9999999999692348,7.190357935333992e-21,0.8078687651577452,0.23016344469495068,0.0012990790329290409,0.1592670622571857,0.9999999999999997,0.0010220102792793237,,9.960751159914763e-05,4.088005975400044e-14,4.088005975400044e-14,3.4535742321484264e-14,,0.0,1.158304059106422e-16,0.004567040150604755,3.0988787794093236e-15,,,,,0.13043478260869565,,1.542303599639811e-18,1.0,1.0,1.5424548741275884e-15,1.5424548741275884e-15,1.0,0.45448731537229753,0.14156097535167064,1292,1.3645681499639435,0.662374076752011,1735,313.2483040656405,0.8536222878197941,1513.5,1481.0835811034028,0.5731896485827943,1334,1409.1368421052632,1454.5,398.32527672708756,380,0.6645304607900322,0.5565550872278735,0.3678621512786154,7,1002.25
sym17,1.0,constant,1.0160664122260509e-20,257.1781777897436,4959894.003794929,0.5504201680672269,56.950648130240715,206,smoothed,7.925739460635438e-11,,6.197002560233198,41103.89925006328,0.9885564223621237,0.0001496656645128517,0.9999999999999997,362.40000000001373,,,,[],[],11,426.60000000026935,32.20000000010771,728.4000000004994,"[9, 31, 53, 64, 80, 102, 131, 148, 158, 175, 192]","[311.00000000033094, 417.800000000222, 589.6000000003214, 432.200000000449, 728.4000000004994, 371.0000000003158, 587.0000000000578, 32.20000000010771, 448.2000000001662, 368.00000000024147, 407.2000000002512]","[1, 1, 1, 60, 1, 94, 120, 144, 144, 165, 186]","[20, 40, 75, 75, 203, 120, 203, 149, 203, 186, 203]",30736475.84000492,728.4000000003675,-728.4000000003675,0.0,,,,DWT,mdp.39015067403892,4.92483377456665e-06,,0.0,33.0,11.0,0.0,33.0,,3.675495463539846e-10,168.40000000026942,987.7999999970361,168.40000000026936,,0.0,168.40000000026942,,,28.00000000010772,0.0,33.0,4.994262781110592e-10,3.675495463539846e-10,,1.375610736431554e-11,1.7406855725828452e-10,2.973619130639994e-20,0.7419005110519084,0.09039167869613088,0.061463337109851995,0.25654466405599635,0.1049301419179296,,0.999999758630688,4.686210112336963e-09,4.686210112336963e-09,3.9589580006500985e-09,,1.4824449227235377e-10,0.9999999953137899,3.3325180614486485e-10,,,,,,1.0505531731907647e-10,1.0,1.0,5.650319142886534e-10,5.650319142886534e-10,0.9999999297648035,0.37592187878319755,20,0.6656577369759274,0.337933041264126,856,0,0.33333331408270594,0.474267729380913,21,0.0,0.1793186190008408,0.3163665760242589,801,467.03925602315985,0.5104410314222643,424.5,39.985720551866514,0.5327362389815724,785,sym,1.0,1.0,0.0,7,590.5,1.0012474526623123e-10,0.9999999999680773,7.190357935333992e-21,0.7351229900592671,0.7445382631603182,0.0001610101286362753,0.2105263157894741,0.0010220102792793237,,2.0315813831439655e-05,5.047273710090394e-11,5.047273710090394e-11,4.263994712871977e-11,,1.4824449227235377e-10,0.0031261328394721066,3.3325180614486485e-10,,,,,0.0,,4.8745723373129994e-11,1.0,1.0,4.6032832027663677e-10,4.6032832027663677e-10,1.0,0.4015691616562135,0.11457677228542501,978,1.1980427611279996,0.5538373816064933,1730,531.7442994522837,0.7213080191549875,1354.0,1249.586410635155,0.5058322066424833,1505,0.7763846615972358,0.5622554397616224,0.28785410495344815,6,1130.25,,,,,,,,,,,,,6.722753901545795e-16,0.9999999999692348,7.190357935333992e-21,0.8078687651577452,0.23016344469495068,0.0012990790329290409,0.1592670622571857,0.9999999999999997,0.0010220102792793237,,9.960751159914763e-05,4.088005975400044e-14,4.088005975400044e-14,3.4535742321484264e-14,,0.0,1.158304059106422e-16,0.004567040150604755,3.0988787794093236e-15,,,,,0.13043478260869565,,1.542303599639811e-18,1.0,1.0,1.5424548741275884e-15,1.5424548741275884e-15,1.0,0.45448731537229753,0.14156097535167064,1293,1.3645681499639435,0.662374076752011,1736,313.2483040656405,0.8536222878197941,1514.5,1482.1049851436119,0.5729560037229812,1335,1409.1368421052632,1454.5,398.32527672708756,380,0.6645304607900322,0.5565550872278735,0.3678621512786154,7,1003.0
sym7,1.0,antisymmetric,2.520888165754699e-21,263.23186294762473,5028971.9487056425,0.536697247706422,95.04278790437377,206,smoothed,3.964061010402005e-11,,6.25039420463259,45498.0126597214,0.987823167973968,0.00014966566451342307,0.9999999999999999,362.4000000000008,,,,[],[],11,426.59999999995557,32.19999999993033,728.3999999998125,"[9, 31, 53, 64, 80, 102, 131, 148, 158, 175, 192]","[310.99999999992644, 417.79999999992253, 589.5999999998764, 432.2000000000452, 728.3999999998125, 370.99999999997056, 587.0000000000175, 32.19999999993033, 448.2000000000134, 368.00000000001705, 407.19999999997924]","[1, 1, 1, 60, 1, 94, 120, 144, 144, 165, 186]","[20, 40, 75, 75, 205, 120, 205, 149, 205, 186, 205]",30736475.840000432,728.399999999896,-728.399999999896,0.0,,,,DWT,mdp.39015067403892,4.3585896492004395e-07,,0.0,15.0,11.0,0.0,33.0,,1.0402345651527867e-10,168.39999999995564,987.8000000004877,168.3999999999726,,0.0,168.39999999995564,,,27.99999999993034,0.0,33.0,1.8746959540294483e-10,1.0402345651527867e-10,,7.958078640513122e-13,8.703603092361836e-11,7.377625643219056e-21,0.7649009604728665,0.16740400344159687,0.09110847378992895,0.16228215217120132,0.14136979267696756,,0.9999996039709471,4.359727380358721e-09,4.359727380358721e-09,3.6501893224740224e-09,,8.57612765211964e-12,0.9999999956402726,1.2509269937010748e-10,,,,,,9.297633983609643e-12,0.0,1.0,1.5991469272320382e-10,1.5991469272320382e-10,0.8999998828577628,0.33832967063119884,657,0.7096575928648612,0.3602703541049266,781,0,0.24999996770363828,0.3557007716267074,657,0.0,0.18958076894851394,0.33447178595551347,695,58.47791605954052,0.9387023940675676,697.5,694.0349298066191,0.6037851592979347,572,sym,1.0,1.0,0.0,7,430.75,5.006825074141462e-11,0.999999999972043,1.7839465925309856e-21,0.7574624587790622,0.7629823979269938,0.00023866890043007147,0.1331723804925159,0.001376929246969406,,2.0315810689341962e-05,4.6956327715008683e-11,4.6956327715008683e-11,3.931421854730388e-11,,8.57612765211964e-12,0.003126132840492679,1.2509269937010748e-10,,,,,0.0,,4.314107136653714e-12,0.0,1.0,1.3028160007829345e-10,1.3028160007829345e-10,1.0,0.3015691613245253,0.08604450845497862,1285,1.189907732583577,0.5500766786879305,1742,323.1477990022522,0.8306353254705177,1513.5,1479.0023125206476,0.5186981658799129,1420,0.7763846615972358,0.5622554397616224,0.28785410495344815,6,1066.5,,,,,,,,,,,,,3.3617716291852694e-16,0.9999999999730571,1.7839465925309856e-21,0.8240729261448182,0.2358651873754365,0.0013172389213619256,0.1007473756204858,0.9999999999999999,0.0013769292469694061,,9.960751159677084e-05,3.803196906709827e-14,3.803196906709827e-14,3.1842258864378525e-14,,0.0,6.700932573342936e-18,0.004567040150620724,1.1632258382075973e-15,,,,,0.13043478260869565,,1.3649736850064894e-19,0.7209302325581395,1.0,4.3654383230026085e-16,4.3654383230026085e-16,1.0,0.42658033862811473,0.13286867808967381,1337,1.3538846907741895,0.6571882262560002,1744,287.79245994292484,0.8655175420827455,1540.5,1513.6176566049983,0.5728288644993167,1336,1409.1368421052632,1454.5,398.32527672708756,380,0.6645304607900322,0.5565550872278735,0.3678621512786154,7,1003.75
db33,1.0,zero,1.787747218786817e-26,316.9487313577661,5885696.175549645,0.5777777777777777,182.60966798934848,206,raw,9.562146112674459e-14,-2.0975288173019906e-10,6.414638451240515,69886.71248285321,0.8363591964574997,5.618943883690064e-06,1.0,327.00000000000006,,,,[],[],13,661.1538461538462,87.00000000000017,939.9999999999999,"[8, 32, 51, 63, 81, 100, 111, 133, 152, 162, 175, 192, 204]","[877.9999999999997, 638.0, 787.0000000000002, 792.0, 939.9999999999999, 787.9999999999999, 637.0, 674.9999999999998, 771.0, 196.00000000000006, 834.0, 571.9999999999998, 87.00000000000017]","[0, 13, 42, 42, 76, 99, 107, 107, 107, 161, 99, 187, 203]","[76, 42, 61, 76, 205, 164, 119, 142, 164, 164, 205, 205, 205]",37754613.0,940.9999999999999,-940.9999999999999,0.0,,,,DWT,mdp.39015067403892,0.0,,0.0,33.0,19.0,0.0,28.5,,1.1368683772161603e-13,256.3413461538462,4359.0,256.3413461538461,,0.0,256.3413461538462,,,84.00000000000017,0.0,24.0,1.1368683772161603e-13,1.1368683772161603e-13,,5.684341886080802e-14,1.0247153057821739e-13,1.1854405620459924e-26,0.9556898641160317,0.8197205458743939,0.00016850967098096579,0.1547619047619042,0.0009834662263750254,0.9999999997234679,0.4742280246117984,6.6959667625959335e-09,6.6959667625959335e-09,6.081912306383589e-09,,2.859275438170267e-12,0.9999999933040264,1.3612963731558036e-13,,,,,,0.0,1.0,0.5,1.4238426238064856e-13,1.4238426238064856e-13,0.7922684098792611,0.25901821374976225,464,1.445656594527036,0.6943537580740737,728,0,0.2478523364494125,0.2961384272000712,464,0.0,0.366415536296657,0.6655376486164951,768,164.77863939236784,0.8272760593371407,606.0,572.5692492407655,0.5960279667754886,553,db,0.540986235965534,0.9305070477545101,0.3421575204977732,3,415.5,1.0247153057821738e-13,0.0001547883299646835,1.1854405620459922e-26,0.9556898641160317,0.819720545874394,0.0012018149712735326,0.36473684210526297,0.0033468402068239263,0.9999999997234678,0.9919828214562046,0.9855281704452468,0.9855281704452468,0.9855281704451335,,6.125805465799743e-13,0.9999999999667601,7.585973278963461e-14,,,,,1.0,,0.0,1.0,0.5,1.4238426238064856e-13,1.4238426238064856e-13,0.0,2.2345701998213308,0.6375734627747995,473,1.5311550082056948,0.7078302278458564,1511,733.9768388716363,0.615316122184677,992.0,720.4667338709677,0.5476999898135125,1214,0.49117026184683504,0.8233619396015222,0.4091722348267588,4,911.5,,,,,,,,,,,,,6.880325939010606e-19,0.036413600438416426,1.1854405620459922e-26,0.9678591919875575,0.2534049811286199,0.0015424629982702081,0.27593018536057357,1.0,0.0033468402068239263,0.9999999999999541,0.0008499884728391244,0.0007982210227401261,0.0007982210227401261,0.0007982210227337863,,0.0,4.786380409530668e-19,0.020163910573049823,7.054128794466933e-19,,,,,0.4782608695652174,,0.0,1.0,0.8604651162790697,4.770970844811595e-19,4.770970844811595e-19,0.9302325581395349,0.5744527218307418,0.17892707859001003,258,1.630824127614445,0.7916172057086814,1559,919.9459223236984,0.5701187278861223,908.5,442.73197578425976,0.5727930088028743,1337,1009.0473684210526,935.5,610.6543869996938,760,0.4758535102197843,0.8532293215616218,0.41093374637766444,5,1004.0
sym7,1.0,reflect,2.880211308404813e-21,262.6531552304635,5098627.770960127,0.536697247706422,95.54947628068332,206,smoothed,4.058188089779876e-11,,6.264849330608706,32048.427960397974,0.9826905121957388,0.00014966566451343093,1.0,362.4000000000008,,,,[],[],11,426.5999999999644,32.19999999993033,728.3999999999102,"[9, 31, 53, 64, 80, 102, 131, 148, 158, 175, 192]","[310.99999999992633, 417.79999999992253, 589.5999999998764, 432.2000000000452, 728.3999999999102, 370.99999999997056, 587.0000000000175, 32.19999999993033, 448.2000000000134, 368.00000000001705, 407.19999999997924]","[1, 1, 1, 60, 1, 94, 120, 144, 144, 165, 186]","[20, 40, 75, 75, 205, 120, 205, 149, 205, 186, 205]",30736475.840000406,728.399999999896,-728.399999999896,0.0,,,,DWT,mdp.39015067403892,4.0978193283081055e-07,,0.0,15.0,11.0,0.0,33.0,,1.0402345651527867e-10,168.39999999996445,987.8000000003904,168.3999999999726,,0.0,168.39999999996445,,,27.99999999993034,0.0,33.0,8.981260180007666e-11,1.0402345651527867e-10,,7.958078640513122e-13,8.910387101151774e-11,8.429220627807786e-21,0.7627022109127317,0.18825413586272746,0.12100160934812186,0.16228215217120132,0.029834626511199825,,0.9999996039709471,4.368894920839995e-09,4.368894920839995e-09,3.6501893224740224e-09,,8.57612765211964e-12,0.9999999956310675,5.992918890381134e-11,,,,,,8.741365283735563e-12,0.0,1.0,1.5991469272320382e-10,1.5991469272320382e-10,0.8999998828258009,0.3383296706191837,658,0.6890959106527552,0.34983184882290247,824,0,0.24999996769892244,0.35570077161999764,658,0.0,0.18058210498501232,0.31859570725945485,791,87.35893390680391,0.908428790454084,732.75,724.9885632806167,0.5701735147238973,683,sym,1.0,1.0,0.0,7,514.0,5.125756271933089e-11,0.9999999999720977,2.0382274412384528e-21,0.755326896289725,0.7679759188153632,0.00031697733319485785,0.1331723804925159,0.00029058661711097453,,2.0315810689341962e-05,4.705502654189786e-11,4.705502654189786e-11,3.931421854730388e-11,,8.57612765211964e-12,0.0031261328404639244,5.992918890381134e-11,,,,,0.0,,4.055998162665885e-12,0.0,1.0,1.3028160007829345e-10,1.3028160007829345e-10,1.0,0.3015691612918594,0.0860445084456583,1296,1.1907277726989716,0.550455771058469,1740,313.9554108468271,0.8354531389691682,1518.0,1485.5335968379447,0.5199278273462193,1410,0.7763846615972358,0.5622554397616224,0.28785410495344815,6,1059.0,,,,,,,,,,,,,3.441626531371856e-16,0.9999999999731095,2.0382274412384528e-21,0.8225238741593289,0.23740886353782037,0.0013355507278651054,0.1007473756204858,1.0,0.00029058661711097496,,9.960751159677084e-05,3.81119831874277e-14,3.81119831874277e-14,3.1842258864378525e-14,,0.0,6.700932573342936e-18,0.004567040150620274,5.572761747628877e-16,,,,,0.13043478260869565,,1.283308592741144e-19,0.7209302325581395,1.0,4.3654383230026085e-16,4.3654383230026085e-16,1.0,0.4265803386281143,0.13286867808967368,1345,1.3533017165154118,0.6569052451264478,1746,283.5498192558056,0.8675000844599039,1545.5,1519.4888385635716,0.5726519113888304,1338,1409.1368421052632,1454.5,398.32527672708756,380,0.6645304607900322,0.5565550872278735,0.3678621512786154,7,1005.25
db5,1.0,smooth,2.7923072037952213e-27,322.7877667749604,4964658.835402167,0.5420560747663551,80.4881838225422,206,smoothed,3.132769125019958e-14,-2.0715060777831753e-10,6.191054986663582,34732.59343523452,0.9864408072361072,0.00014966566451320268,1.0,362.4,,,,[],[],11,426.60000000000014,32.20000000000002,728.4000000000001,"[9, 31, 53, 64, 80, 102, 131, 148, 158, 175, 192]","[311.0000000000001, 417.8, 589.6000000000001, 432.20000000000005, 728.4000000000001, 371.00000000000017, 587.0, 32.20000000000002, 448.2000000000001, 368.0, 407.19999999999993]","[0, 0, 0, 60, 0, 94, 120, 144, 144, 165, 186]","[20, 40, 75, 75, 203, 120, 203, 149, 203, 186, 203]",30736475.839999996,728.4000000000001,-728.4000000000001,0.0,,,,DWT,mdp.39015067403892,0.0,,0.0,33.0,11.0,0.0,33.0,,1.1368683772161603e-13,168.4000000000002,987.7999999999975,168.40000000000006,,0.0,168.4000000000002,,,28.00000000000003,0.0,15.0,1.1368683772161603e-13,1.1368683772161603e-13,,0.0,1.998562888989103e-14,3.3840766680693015e-27,0.991178429151058,0.08181287442172996,0.06350818781345516,0.19909184618270787,0.052093963802660674,,0.9999996647345563,4.406097391567225e-09,4.406097391567225e-09,3.6787565615428943e-09,,0.0,0.9999999955939026,7.585973278963461e-14,,,,,,0.0,1.0,0.0,1.7477015598164352e-13,1.7477015598164352e-13,0.8999999009647114,0.33832967743799747,504,0.7678419126023808,0.38980866340500364,599,0,0.24999997273498628,0.35570077878532574,492,0.0,0.19824075733880456,0.3497503492787857,598,58.23157791668251,0.938960610150228,548.25,543.6010738085675,0.6821375377795165,361,db,0.573477938514061,0.8443824841957417,0.34525069778143475,3,271.5,2.1235236915478046e-14,0.9999999999705134,1.1791439973104267e-27,0.9772372266983704,0.7424836748499802,0.0001663668451816311,0.1633792424987702,0.0005073905888392486,0.999999999723507,2.0315811923854454e-05,4.745570603148508e-11,4.745570603148508e-11,3.9622027880881205e-11,,0.0,0.003126132840347795,7.585973278963461e-14,,,,,0.0,,0.0,1.0,0.0,1.4238426238064856e-13,1.4238426238064856e-13,1.0,0.30156916120420596,0.08604450842064879,1583,1.72322200998221,0.7966199512249785,510,758.7255762131655,0.6023450858421564,1046.5,771.4572384137603,0.526932500992357,1358,0.49117026184683504,0.8233619396015222,0.4091722348267588,4,1019.5,,,,,,,,,,,,,1.4258140826644113e-19,0.9999999999715827,1.1791439973104267e-27,0.9834887907264773,0.22952829785786255,0.0013003316586477239,0.12359942693627127,1.0,0.000507390588839249,0.9999999999999541,9.960751159770467e-05,3.843648489765261e-14,3.843648489765261e-14,3.2091408523615694e-14,,0.0,0.0,0.004567040150618456,7.054128794466933e-19,,,,,0.13043478260869565,,0.0,1.0,0.7209302325581395,4.770970844811595e-19,4.770970844811595e-19,1.0,0.42658033862811345,0.13286867808967343,1557,1.855150316195642,0.9005072249112357,242,929.84541726031,0.5654927956727523,899.5,418.89271817676484,0.5725828464345071,1339,1009.0473684210526,935.5,610.6543869996938,760,0.4758535102197843,0.8532293215616218,0.41093374637766444,5,1005.5
sym18,1.0,reflect,1.119368173593047e-19,246.75766919566257,5580600.375741941,0.5166666666666667,95.00897149520824,206,smoothed,2.5950146831808354e-10,,6.454400423616933,30472.524519866784,0.9786451332037471,0.00014966566451193037,0.9999999999999999,362.4000000000351,,,,[],[],11,426.60000000094186,32.200000000384506,728.4000000019867,"[9, 31, 53, 64, 80, 102, 131, 148, 158, 175, 192]","[311.00000000113204, 417.8000000008377, 589.6000000011571, 432.2000000013552, 728.4000000019867, 371.0000000010346, 587.0000000002642, 32.200000000384506, 448.20000000058474, 368.00000000078984, 407.2000000008351]","[0, 0, 0, 60, 0, 94, 120, 144, 144, 165, 186]","[20, 40, 75, 75, 203, 120, 203, 149, 203, 186, 203]",30736475.840016503,728.4000000012501,-728.4000000012501,0.0,,,,DWT,mdp.39015067403892,1.650676131248474e-05,,0.0,33.0,11.0,0.0,33.0,,1.2501004675868899e-09,168.40000000094193,987.7999999896383,168.400000000942,,0.0,168.40000000094193,,,28.000000000384517,0.0,15.0,1.98667748918524e-09,1.2501004675868899e-09,,3.512923285597935e-11,5.700395399880729e-10,3.275942460519195e-19,0.7023086963790242,0.46166340232791014,0.3278425013763617,0.02469242391539027,0.016765921712478912,,0.9999999999752189,5.3859596054591685e-09,5.3859596054591685e-09,4.6588257851262045e-09,,3.7857477778642416e-10,0.9999999946140243,1.3256488304988648e-09,,,,,,3.521180870202934e-10,1.0,0.0,1.9217726351741525e-09,1.9217726351741525e-09,0.9000000037256812,0.33832971606809703,293,0.83272150810171,0.42274594904774154,408,0,0.2500000013266563,0.35570081946564736,293,0.0,0.21903899232588642,0.3864440647829196,411,67.27245597815894,0.9294837987650325,351.25,341.5881239538849,0.780648607977904,186,sym,1.0,1.0,0.0,7,141.25,3.278662594305164e-10,0.999999999961682,7.921390318328605e-20,0.6966689542594755,0.8334563126848996,0.0008588203277134648,0.02026315789473737,0.0001632985910297144,,2.03158187345176e-05,5.800931957011812e-11,5.800931957011812e-11,5.017780635441227e-11,,3.7857477778642416e-10,0.003126132837284523,1.3256488304988648e-09,,,,,0.0,,1.6338298053429576e-10,1.0,0.0,1.5656573491376116e-09,1.5656573491376116e-09,1.0,0.30156916277418777,0.08604450886860013,1256,1.1433295217431632,0.5285442633445238,1818,397.39401102683973,0.7917222164429562,1537.0,1485.6265452179568,0.4930833304437003,1566,0.7763846615972358,0.5622554397616224,0.28785410495344815,6,1176.0,,,,,,,,,,,,,2.201418010014275e-15,0.9999999999630718,7.921390318328605e-20,0.779975738939519,0.25765119863155006,0.001462256418688099,0.0153294547422545,0.9999999999999999,0.00016329859102971397,,9.960751160285669e-05,4.698422640531108e-14,4.698422640531108e-14,4.064099317496739e-14,,0.0,2.957983093089953e-16,0.004567040150570529,1.2327090068330966e-14,,,,,0.13043478260869565,,5.169400340396371e-18,1.0,0.7209302325581395,5.2461595409548295e-15,5.2461595409548295e-15,1.0,0.4265803386281072,0.13286867808967148,1675,1.3037392722110663,0.6328471735024462,1803,90.50966799187809,0.9577057626206177,1739.0,1736.6446233467511,0.5725444700953556,1340,1409.1368421052632,1454.5,398.32527672708756,380,0.6645304607900322,0.5565550872278735,0.3678621512786154,7,1006.75
sym5,1.0,periodic,2.3037911676184636e-21,265.84736137928616,6029396.463561804,0.6121495327102804,282.35096024956357,206,raw,3.817167078647923e-11,-2.2561619240583287e-10,6.317716858070295,62583.21127475701,0.7713779371814771,5.618943883691695e-06,1.0,327.0000000000802,,,,[],[],13,661.1538461537676,86.99999999999395,939.9999999999015,"[8, 32, 51, 63, 81, 100, 111, 133, 152, 162, 175, 192, 204]","[877.9999999999795, 637.9999999998365, 786.9999999998358, 791.9999999999402, 939.9999999999015, 787.9999999999354, 636.9999999998969, 674.9999999999363, 770.9999999999488, 195.99999999990348, 833.9999999998744, 571.9999999999959, 86.99999999999395]","[0, 13, 39, 39, 76, 99, 107, 107, 107, 161, 99, 187, 203]","[76, 39, 61, 76, 205, 164, 119, 142, 164, 164, 205, 205, 205]",37754612.99999757,940.9999999999696,-940.9999999999696,0.0,,,,DWT,mdp.39015067403892,2.428889274597168e-06,,0.0,33.0,19.0,0.0,28.5,,3.035438567167148e-11,256.34134615376763,4359.00000000102,256.3413461537737,,0.0,256.34134615376763,,,83.99999999999395,0.0,19.5,9.845280146691948e-11,3.035438567167148e-11,,8.020606401260011e-11,4.8212220429276665e-11,1.6303143813386238e-21,0.7671142401117446,0.7862389974721722,0.0003302274670777481,0.4125500667556743,0.0003921528801115959,0.9999999997232287,0.47422802460456775,6.6351335537323695e-09,6.6351335537323695e-09,6.0258770857389655e-09,,4.034437643258247e-09,0.9999999933648123,1.1788826591529258e-10,,,,,,2.4041007291437787e-11,1.0,0.0,3.801659805563317e-11,3.801659805563317e-11,0.7422684119560099,0.24267159436158545,657,1.4187300442947413,0.6814208448106157,772,0,0.20618567012649364,0.24635434524102212,662,0.0,0.37082821055727766,0.6735525949291054,741,57.45142876088171,0.9397783765609207,708.0,704.5343938633989,0.5988200058905233,545,sym,0.8243425715244881,0.7368036147090654,0.2019191155201387,6,410.25,4.8212220429276665e-11,0.00015478832997595227,1.6303143813386238e-21,0.7671142401117444,0.7862389974721722,0.001363365635351095,0.5584849975405806,0.002756925730879061,0.9999999997232286,0.9919828214560944,0.9855281704443664,0.9855281704443664,0.9855281704443226,,8.643511512243438e-10,0.9999999999670619,6.569452859582357e-11,,,,,1.0,,2.4041007291437787e-11,1.0,0.25,3.801659805563317e-11,3.801659805563317e-11,0.0,2.209570200312526,0.6304403969809965,665,1.47861293133214,0.6835408057784684,1615,671.7514421272201,0.6479290135601572,1140.0,942.0833333333333,0.5252223684152988,1369,0.7763846615972358,0.5622554397616224,0.28785410495344815,6,1028.25,,,,,,,,,,,,,3.237150737625099e-16,0.03641360043842734,1.6303143813386238e-21,0.8310739439616933,0.24305463528975635,0.001580240340972676,0.42250425814674847,1.0,0.002756925730879061,0.9999999999999541,0.000849988472839041,0.0007982210227394131,0.0007982210227394131,0.0007982210227331295,,0.0,6.753582757847775e-16,0.02016391057305454,6.108875536008364e-16,,,,,0.4782608695652174,,7.606520022429326e-19,1.0,0.7906976744186046,1.273849215564696e-16,1.273849215564696e-16,0.9302325581395349,0.5674759776446976,0.1767540042745113,702,1.6019903578749415,0.7776210255904599,1637,661.1448404094219,0.6910538128927934,1169.5,982.6199230440358,0.5722792428949949,1341,1409.1368421052632,1454.5,398.32527672708756,380,0.6645304607900322,0.5565550872278735,0.3678621512786154,7,1007.5
db8,1.0,periodization,7.864792425924657e-27,318.2905260939264,4964577.867369697,0.5339805825242718,91.9147857045446,206,smoothed,5.888734477580054e-14,-1.9918722227174661e-10,6.191155957492235,31688.237398435293,0.9845519075114119,0.00014966566451320274,0.9999999999999999,362.3999999999999,,,,[],[],11,426.59999999999997,32.19999999999996,728.3999999999997,"[9, 31, 53, 64, 80, 102, 131, 148, 158, 175, 192]","[310.9999999999999, 417.8000000000001, 589.6000000000001, 432.1999999999997, 728.3999999999997, 371.0000000000002, 587.0, 32.19999999999996, 448.2, 367.9999999999999, 407.19999999999993]","[0, 0, 0, 60, 0, 94, 120, 144, 144, 165, 186]","[20, 40, 75, 75, 203, 120, 203, 149, 203, 186, 203]",30736475.83999999,728.3999999999997,-728.3999999999997,0.0,,,,DWT,mdp.39015067403892,7.450580596923828e-09,,0.0,33.0,11.0,0.0,33.0,,2.2737367544323206e-13,168.40000000000003,987.7999999999993,168.39999999999998,,0.0,168.40000000000003,,,27.99999999999997,0.0,15.0,2.2737367544323206e-13,2.2737367544323206e-13,,5.684341886080802e-14,8.053032733960517e-14,1.8229210158916766e-26,0.9740915549380287,0.08195851515509754,0.0634734399877578,0.14362142418571724,0.026847626163012877,,0.9999996646849938,4.4059199552998455e-09,4.4059199552998455e-09,3.67866784340914e-09,,6.125805465799743e-13,0.9999999955940747,1.5171946557926922e-13,,,,,,1.5893391424973748e-13,1.0,0.0,3.4954031196328703e-13,3.4954031196328703e-13,0.8999999009502893,0.33832967743257586,578,0.7253585306737611,0.3682412156599427,725,0,0.24999997273093316,0.35570077877955897,578,0.0,0.1842846514899564,0.3251280013785293,757,95.01052573267869,0.9004082539489742,659.5,649.295636270971,0.60455423179629,568,db,0.573477938514061,0.8443824841957417,0.34525069778143475,3,426.75,5.6057337273693647e-14,0.9999999999705138,4.768770420552298e-27,0.9606413904599175,0.7425185552061132,0.0001662758193417004,0.11785896780786931,0.0002614934985440938,0.999999999723627,2.0315811922799742e-05,4.745387416349445e-11,4.745387416349445e-11,3.962102868015904e-11,,6.125805465799743e-13,0.0031261328403482946,1.5171946557926922e-13,,,,,0.0,,7.374542113937972e-14,1.0,0.0,2.847685247612971e-13,2.847685247612971e-13,1.0,0.30156916120464256,0.08604450842077335,1439,1.694975434191865,0.7835619786027455,790,458.91230099006935,0.7594799261058337,1114.5,1020.017945266936,0.5876802146252439,932,0.49117026184683504,0.8233619396015222,0.4091722348267588,4,700.0,,,,,,,,,,,,,3.763901539673578e-19,0.9999999999715831,4.768770420552298e-27,0.9714508320133097,0.2295390806252729,0.001300310372976325,0.08916249492626177,0.9999999999999999,0.0002614934985440938,0.9999999999999541,9.960751159770391e-05,3.8434858594393884e-14,3.8434858594393884e-14,3.2090649582094954e-14,,0.0,4.786380409530668e-19,0.004567040150618464,1.4108257588933865e-18,,,,,0.13043478260869565,,2.3332883504384434e-21,1.0,0.7209302325581395,9.54194168962319e-19,9.54194168962319e-19,1.0,0.42658033862811345,0.13286867808967343,1602,1.8340597900684892,0.8902696872902264,497,781.352993211135,0.6348817788733014,1049.5,758.6412577417818,0.572230609062819,1342,1009.0473684210526,935.5,610.6543869996938,760,0.4758535102197843,0.8532293215616218,0.41093374637766444,5,1007.75
db31,1.0,zero,1.2166460052614475e-26,316.39575639750433,4962342.909147294,0.5827067669172933,45.732199341132684,206,smoothed,7.932812982554661e-14,-2.0395571898035346e-10,6.193944353047866,45069.11912261858,0.9906599074591429,0.00014966566451320274,1.0,362.4,,,,[],[],11,426.6,32.19999999999999,728.4000000000002,"[9, 31, 53, 64, 80, 102, 131, 148, 158, 175, 192]","[310.9999999999999, 417.8000000000002, 589.6000000000005, 432.1999999999998, 728.4000000000002, 371.0000000000002, 586.9999999999998, 32.19999999999999, 448.20000000000005, 368.0, 407.1999999999997]","[1, 1, 1, 60, 1, 94, 120, 144, 144, 165, 186]","[20, 40, 75, 75, 204, 120, 204, 149, 204, 186, 204]",30736475.839999996,728.4000000000002,-728.4000000000002,0.0,,,,DWT,mdp.39015067403892,0.0,,0.0,15.0,11.0,0.0,33.0,,2.2737367544323206e-13,168.4000000000001,987.7999999999984,168.40000000000003,,0.0,168.4000000000001,,,28.0,0.0,33.0,2.2737367544323206e-13,2.2737367544323206e-13,,0.0,1.25435868904657e-13,3.081846914243715e-26,0.966892542529829,0.08598050823031908,0.06251429677550614,0.47832077495703484,0.13781304999698032,,0.999999664709775,4.4059791007223055e-09,4.4059791007223055e-09,3.6787269888316428e-09,,0.0,0.9999999955939887,1.5171946557926922e-13,,,,,,0.0,0.0,1.0,3.4954031196328703e-13,3.4954031196328703e-13,0.899999900957348,0.3383296774352294,550,0.9008364580024537,0.45732572014765194,263,0,0.24999997273294158,0.35570077878241657,543,0.0,0.24736016749854217,0.4364102828381364,242,169.98137152837268,0.8218224617103012,399.5,344.9966578234085,0.7015296794924671,329,db,0.573477938514061,0.8443824841957417,0.34525069778143475,3,247.5,8.188462380840162e-14,0.9999999999705138,7.812915272745208e-27,0.9536492613252645,0.7434818059916881,0.00016376323575533857,0.39252077562326915,0.0013422868886035749,0.9999999997235551,2.0315811923354854e-05,4.745454029730922e-11,4.745454029730922e-11,3.962169481397382e-11,,0.0,0.0031261328403480726,1.5171946557926922e-13,,,,,0.0,,0.0,0.0,1.0,2.847685247612971e-13,2.847685247612971e-13,1.0,0.30156916120430005,0.08604450842067562,1523,1.8015575662942303,0.8328333158912686,39,1049.3464632808366,0.4500280590771296,781.0,76.05249679897568,0.5203494593079568,1407,0.49117026184683504,0.8233619396015222,0.4091722348267588,4,1056.25,,,,,,,,,,,,,5.498043193226519e-19,0.9999999999715831,7.812915272745208e-27,0.966379019985841,0.2298368559443975,0.001299722825213816,0.29694924634004205,1.0,0.0013422868886035749,0.9999999999999541,9.960751159770423e-05,3.8435400695480126e-14,3.8435400695480126e-14,3.20911916831812e-14,,0.0,0.0,0.00456704015061846,1.4108257588933865e-18,,,,,0.13043478260869565,,0.0,0.7209302325581395,1.0,9.54194168962319e-19,9.54194168962319e-19,1.0,0.42658033862811345,0.13286867808967343,1521,1.914712314659225,0.9294191731659733,21,1060.6601717798212,0.5043644057103639,771.0,41.42801556420234,0.572042015939294,1343,1009.0473684210526,935.5,610.6543869996938,760,0.4758535102197843,0.8532293215616218,0.41093374637766444,5,1008.5
coif7,1.0,zero,1.2798663138555456e-26,316.17575265681467,4961651.651272689,0.5650406504065041,54.714037107450274,206,smoothed,8.19366149901999e-14,-2.1311281628300154e-10,6.194807294082393,42537.19802762906,0.9896505185151782,0.00014966566451320274,0.9999999999999997,362.4,,,,[],[],11,426.6,32.20000000000016,728.3999999999999,"[9, 31, 53, 64, 80, 102, 131, 148, 158, 175, 192]","[311.00000000000034, 417.8000000000003, 589.6000000000001, 432.1999999999997, 728.3999999999999, 371.00000000000017, 586.9999999999999, 32.20000000000016, 448.2, 367.9999999999999, 407.19999999999993]","[0, 0, 0, 60, 0, 94, 120, 144, 144, 165, 186]","[20, 40, 75, 75, 203, 120, 203, 149, 203, 186, 203]",30736475.840000004,728.3999999999999,-728.3999999999999,0.0,,,,DWT,mdp.39015067403892,7.450580596923828e-09,,0.0,33.0,11.0,0.0,33.0,,1.1368683772161603e-13,168.4000000000001,987.7999999999984,168.40000000000003,,0.0,168.4000000000001,,,28.00000000000017,0.0,15.0,1.1368683772161603e-13,1.1368683772161603e-13,,0.0,1.3116634543469685e-13,3.2668674474367063e-26,0.9660566574816007,0.08722521788357644,0.06221764009007146,0.3569725142535263,0.1168162499944885,,0.9999996648584625,4.4059791007223055e-09,4.4059791007223055e-09,3.6787269888316428e-09,,0.0,0.9999999955939887,7.585973278963461e-14,,,,,,1.5893391424973748e-13,1.0,0.0,1.7477015598164352e-13,1.7477015598164352e-13,0.8999999010019261,0.3383296774519873,330,0.8438709291750296,0.42840615182516,353,0,0.24999997274531005,0.35570077880001444,330,0.0,0.22704118281477068,0.4005620945768605,337,10.847426730181986,0.988629531729369,337.5,337.24463191172237,0.8174279734118544,110,coif,0.5556920286951962,0.9053407607371553,0.33941335169221604,4,83.5,8.518049006818954e-14,0.9999999999705138,8.260304038364146e-27,0.9528373977157115,0.7437799088299798,0.00016298611018213246,0.29293966623876794,0.0011377799181345675,0.9999999997234171,2.0315811926352456e-05,4.745454029730922e-11,4.745454029730922e-11,3.962169481397382e-11,,0.0,0.0031261328403480726,7.585973278963461e-14,,,,,0.0,,7.374542113937972e-14,1.0,0.0,1.4238426238064856e-13,1.4238426238064856e-13,1.0,0.30156916120424293,0.08604450842065933,1544,1.7613048644428153,0.8142250894411673,163,976.5144648186222,0.4881999660279758,853.5,294.8705330990041,0.5204364610014093,1406,0.4784248188775415,0.776734912893196,0.43208215291776214,2,1055.0,,,,,,,,,,,,,5.719340113363955e-19,0.9999999999715831,8.260304038364146e-27,0.9657901264542287,0.22992901020903303,0.0012995411005562946,0.2216142902871326,0.9999999999999997,0.0011377799181345675,0.9999999999999541,9.960751159770662e-05,3.8435400695480126e-14,3.8435400695480126e-14,3.20911916831812e-14,,0.0,0.0,0.00456704015061846,7.054128794466933e-19,,,,,0.13043478260869565,,2.3332883504384434e-21,1.0,0.7209302325581395,4.770970844811595e-19,4.770970844811595e-19,1.0,0.42658033862811345,0.13286867808967343,1530,1.8841891796008952,0.9146029594031265,72,1030.9616869699862,0.5182422023504738,801.0,137.52808988764048,0.5719715684649566,1344,986.6382352941176,846.0,585.0035688138154,340,0.4652856568234462,0.8173890317607586,0.42908333069536003,4,1009.0
sym4,1.0,constant,8.745136676994437e-22,267.82973272826655,4962135.312587141,0.5377358490566038,86.1131894109055,206,smoothed,2.3034502029624438e-11,,6.194203483736721,34023.24887148583,0.9843605449666777,0.00014966566451305038,0.9999999999999999,362.40000000000043,,,,[],[],11,426.60000000005965,32.200000000051915,728.4000000001405,"[9, 31, 53, 64, 80, 102, 131, 148, 158, 175, 192]","[311.00000000009607, 417.80000000005856, 589.6000000000942, 432.2000000000566, 728.4000000001405, 371.0000000000598, 586.9999999999983, 32.200000000051915, 448.2000000000209, 368.00000000003445, 407.2000000000452]","[1, 1, 1, 60, 1, 94, 120, 144, 144, 165, 186]","[20, 40, 75, 75, 203, 120, 203, 149, 203, 186, 203]",30736475.840000536,728.4000000001009,-728.4000000001009,0.0,,,,DWT,mdp.39015067403892,5.401670932769775e-07,,0.0,33.0,11.0,0.0,33.0,,1.0095391189679503e-10,168.40000000005972,987.7999999993426,168.4000000000597,,0.0,168.40000000005972,,,28.000000000051926,0.0,33.0,1.405169314239174e-10,1.0095391189679503e-10,,4.547473508864641e-13,5.0554737541113055e-11,2.559346608529813e-21,0.7823701661840566,0.08635427938844906,0.06242520570008389,0.1694162875841484,0.046211487461924695,,0.999999709985107,4.468022648882663e-09,4.468022648882663e-09,3.740800109748373e-09,,4.9006443726397945e-12,0.9999999955319613,9.376262972798838e-11,,,,,,1.1522708783105968e-11,1.0,1.0,1.5519589851169945e-10,1.5519589851169945e-10,0.9999999146817377,0.37592187311314273,40,0.630062952288296,0.31986271296406144,888,0,0.33333330988454096,0.4742677234077501,41,0.0,0.16382534662417392,0.2890322503389024,887,489.01601882419624,0.48740459242746725,464.0,77.453685693495,0.5005157134045093,903,sym,1.0,1.0,0.0,7,679.0,2.9086145092342644e-11,0.9999999999694562,6.188629812494628e-22,0.7744296391763806,0.7435713226454865,0.00016352985165697036,0.1390268123138035,0.0004500957908149419,,2.031581284317463e-05,4.812272802467987e-11,4.812272802467987e-11,4.0290215608251856e-11,,4.9006443726397945e-12,0.003126132840154172,9.376262972798838e-11,,,,,0.0,,5.34654303260503e-12,1.0,1.0,1.2643722499401594e-10,1.2643722499401594e-10,1.0,0.40156916130747056,0.11457677218592076,994,1.1923159729958102,0.5511899724763212,1738,526.0874452027914,0.7242728274618493,1366.0,1264.6939970717422,0.5041699567078639,1518,0.7763846615972358,0.5622554397616224,0.28785410495344815,6,1140.0,,,,,,,,,,,,,1.9529537366665584e-16,0.999999999970564,6.188629812494628e-22,0.8363802431228282,0.22986452874835567,0.0012996682501916971,0.10517636186795276,0.9999999999999999,0.00045009579081494236,,9.960751159840007e-05,3.897663441998489e-14,3.897663441998489e-14,3.263264224812046e-14,,0.0,3.8291043276245345e-18,0.004567040150615426,8.718903189961129e-16,,,,,0.13043478260869565,,1.6916340540678717e-19,1.0,1.0,4.2366221101926964e-16,4.2366221101926964e-16,1.0,0.45448731537229936,0.14156097535167123,1278,1.359660827427647,0.6599920167322241,1737,324.5620125646253,0.8483355081473714,1507.5,1472.5611940298506,0.5719481279054615,1345,1409.1368421052632,1454.5,398.32527672708756,380,0.6645304607900322,0.5565550872278735,0.3678621512786154,7,1010.5
bior3.1,1.0,reflect,7.50811769520643e-27,318.4920880236118,5146825.2115264265,0.5288461538461539,66.04646036859204,206,smoothed,6.794996065278627e-14,-1.8957238001604573e-10,6.139848978741201,36916.08378715559,0.9930233604723856,0.00014966566451320284,1.0,362.39999999999986,,,,[],[],11,426.59999999999997,32.20000000000002,728.3999999999999,"[9, 31, 53, 64, 80, 102, 131, 148, 158, 175, 192]","[310.99999999999983, 417.79999999999995, 589.5999999999999, 432.19999999999976, 728.3999999999999, 371.0, 586.9999999999999, 32.20000000000002, 448.20000000000005, 367.9999999999999, 407.19999999999993]","[1, 1, 1, 60, 1, 94, 120, 144, 144, 165, 186]","[20, 40, 75, 75, 204, 120, 204, 149, 204, 186, 204]",30736475.83999999,728.3999999999999,-728.3999999999999,0.0,,,,DWT,mdp.39015067403892,7.450580596923828e-09,,0.0,15.0,11.0,0.0,33.0,,1.1368683772161603e-13,168.40000000000003,987.7999999999993,168.39999999999995,,0.0,168.40000000000003,,,28.00000000000003,0.0,33.0,1.1368683772161603e-13,1.1368683772161603e-13,,1.1368683772161603e-13,1.0043962499924359e-13,1.7185366015768857e-26,0.9748573719318121,0.007953120608224035,0.1416857758366393,0.10835311892941973,0.07020128567670474,,0.9999996647345563,4.4059199552998455e-09,4.4059199552998455e-09,3.6786382706978885e-09,,1.2251610931599486e-12,0.9999999955940747,7.585973278963461e-14,,,,,,1.5893391424973748e-13,0.0,1.0,1.7477015598164352e-13,1.7477015598164352e-13,0.8999999009653475,0.3383296774382366,447,0.7311556332239988,0.37118421832708165,710,0,0.24999997273507654,0.3557007787854542,451,0.0,0.18615009614041436,0.32841915061956484,726,155.4531011806026,0.8370512566241063,583.5,552.4638650933073,0.61270801824916,529,bior,0.8100315533562081,0.7923003667562746,0.1952878026237719,6,398.25,6.750810966033503e-14,0.9999999999705145,4.5163637634952784e-27,0.9613851996118431,0.7247945678444163,0.00037116183510529043,0.08891700404858327,0.0006837542985154122,0.9999999997237718,2.0315811923854454e-05,4.745387416349445e-11,4.745387416349445e-11,3.9620695613251655e-11,,1.2251610931599486e-12,0.0031261328403482946,7.585973278963461e-14,,,,,0.0,,7.374542113937972e-14,0.0,1.0,1.4238426238064856e-13,1.4238426238064856e-13,1.0,0.3015691612048542,0.08604450842083375,1392,1.6752542878263896,0.7744451854299795,954,309.7127701597078,0.8376767451993146,1173.0,1132.1125319693094,0.611448435492739,821,0.5943810304597339,0.7715092316736338,0.3524805091760961,5,617.0,,,,,,,,,,,,,4.532749685387356e-19,0.9999999999715838,4.5163637634952784e-27,0.9719903615514845,0.2240599613015968,0.0013482213442907376,0.06726736259275856,1.0,0.0006837542985154124,0.9999999999999541,9.960751159770467e-05,3.8434858594393884e-14,3.8434858594393884e-14,3.209043274166046e-14,,0.0,9.572760819061336e-19,0.004567040150618464,7.054128794466933e-19,,,,,0.13043478260869565,,2.3332883504384434e-21,0.7209302325581395,1.0,4.770970844811595e-19,4.770970844811595e-19,1.0,0.42658033862811345,0.13286867808967343,1632,1.823078755001801,0.8849393906947275,666,683.0651506262049,0.6808106772774744,1149.0,945.9634464751958,0.5719473947135035,1346,1104.4,1082.5,563.6960149978129,300,0.520820561188399,0.7876173146100969,0.3991404127850916,6,1011.0
db17,1.0,smooth,1.1452553379010537e-26,318.8827692220594,89576021.69550678,0.5966386554621849,308.73510560177596,206,raw,7.425559627808446e-14,-2.004116872456079e-10,4.071728732228623,1528674.2334064483,0.9915245085880771,5.618943883690066e-06,1.0,327.0000000000001,,,,[],[],13,661.153846153846,87.00000000000011,939.9999999999998,"[8, 32, 51, 63, 81, 100, 111, 133, 152, 162, 175, 192, 204]","[877.9999999999999, 637.9999999999999, 786.9999999999998, 791.9999999999998, 939.9999999999998, 788.0, 636.9999999999999, 674.9999999999998, 771.0, 196.0000000000001, 834.0000000000001, 571.9999999999998, 87.00000000000011]","[0, 13, 39, 39, 76, 99, 107, 107, 107, 161, 99, 187, 203]","[76, 39, 61, 76, 205, 164, 119, 142, 164, 164, 205, 205, 205]",37754613.0,940.9999999999998,-940.9999999999998,0.0,,,,DWT,mdp.39015067403892,0.0,,0.0,33.0,19.0,0.0,28.5,,2.2737367544323206e-13,256.34134615384596,4359.000000000002,256.3413461538461,,0.0,256.34134615384596,,,84.00000000000011,0.0,19.5,2.2737367544323206e-13,2.2737367544323206e-13,,1.1368683772161603e-13,7.547538966849998e-14,7.307707638405053e-27,0.9628269016800072,0.010362769208845268,0.09435214134584985,0.2962184873949578,0.1190912758791536,0.9999999997236086,0.47422802461173236,6.695790689632508e-09,6.695790689632508e-09,6.081912306383589e-09,,5.718550876340534e-12,0.9999999933041348,2.7225927463116073e-13,,,,,,0.0,1.0,0.0,2.847685247612971e-13,2.847685247612971e-13,0.7422684098807445,0.24267159368311395,736,1.1961775014844624,0.574528104823624,846,0,0.2061856697829934,0.24635434483060187,737,0.0,0.3103564469040622,0.5637149068326341,880,74.3432355138426,0.9220720801741692,799.75,794.6055045045497,0.5418798556007114,729,db,0.540986235965534,0.9305070477545101,0.3421575204977732,3,547.5,7.547538966849998e-14,0.0001547883299646835,7.307707638405053e-27,0.9628269016800072,0.01036276920884538,0.09528810979813175,0.47105263157894744,0.1211752421473329,0.9999999997236085,0.9919828214562036,0.9855281704452442,0.9855281704452442,0.9855281704451335,,1.2251610931599486e-12,0.9999999999667607,1.5171946557926922e-13,,,,,1.0,,0.0,1.0,0.25,2.847685247612971e-13,2.847685247612971e-13,0.0,2.2095701998217305,0.6304403968409615,734,1.2674591663904604,0.5859275551616498,1678,667.5088014401009,0.6501526197903036,1206.0,1021.2703150912108,0.5090385740460952,1487,0.49117026184683504,0.8233619396015222,0.4091722348267588,4,1116.25,,,,,,,,,,,,,5.067702984066693e-19,0.03641360043841643,7.307707638405053e-27,0.973036114818984,0.003203503131675889,0.023543797524343053,0.3563600518004523,1.0,0.12117524214733287,0.9999999999999541,0.0008499884728391236,0.000798221022740124,0.000798221022740124,0.0007982210227337863,,0.0,9.572760819061336e-19,0.02016391057304983,1.4108257588933865e-18,,,,,0.4782608695652174,,0.0,1.0,0.7906976744186046,9.54194168962319e-19,9.54194168962319e-19,0.9302325581395349,0.5674759776446953,0.17675400427451057,740,1.5991335169300205,0.7762342884140356,1645,639.9316369738256,0.7009665247785861,1192.5,1020.7966457023059,0.5718617670621903,1347,1009.0473684210526,935.5,610.6543869996938,760,0.4758535102197843,0.8532293215616218,0.41093374637766444,5,1011.5
sym3,1.0,antisymmetric,7.468944248433924e-19,238.51480656564686,4964667.894286412,0.5285714285714286,91.20437171144616,206,smoothed,7.106558879661515e-10,,6.201983505206165,34487.12098861161,0.9831958537836982,0.00014966566451193926,0.9999999999999993,362.4000000001372,,,,[],[],11,426.6000000021064,32.200000000260815,728.4000000028561,"[9, 31, 53, 64, 80, 102, 131, 148, 158, 175, 192]","[311.0000000021572, 417.8000000017416, 589.6000000021629, 432.20000000416474, 728.4000000028561, 371.000000002655, 587.0000000009553, 32.200000000260815, 448.20000000174093, 368.000000002295, 407.2000000021809]","[1, 1, 1, 60, 1, 94, 120, 144, 144, 165, 186]","[20, 40, 75, 75, 204, 120, 204, 149, 204, 186, 204]",30736475.840050936,728.4000000024633,-728.4000000024633,0.0,,,,DWT,mdp.39015067403892,5.093961954116821e-05,,0.0,15.0,11.0,0.0,33.0,,2.463366399751976e-09,168.40000000210648,987.7999999768281,168.40000000210642,,0.0,168.40000000210648,,,28.000000000260826,0.0,33.0,2.8561544240801595e-09,2.463366399751976e-09,,1.3722001312999055e-10,1.5611626056853379e-09,2.185860959774025e-18,0.670990657851903,0.0975762139565173,0.06351207547777322,0.10646603558323861,0.050058301681094874,,0.999999892127247,6.597671875393632e-09,6.597671875393632e-09,5.870419765096882e-09,,1.478769439444058e-09,0.9999999934022958,1.9058240668739902e-09,,,,,,1.0866311717254552e-09,0.0,1.0,3.786919739810252e-09,3.786919739810252e-09,0.8999999738094313,0.33832970482192337,299,0.5457482748023693,0.2770588607689903,951,0,0.2499999930533642,0.3557008076943803,299,0.0,0.1412290408730985,0.24916625136401918,945,374.7083310167167,0.6072239716805905,623.5,454.61318262449595,0.4768300151904001,946,sym,1.0,1.0,0.0,7,711.25,8.979076956715028e-10,0.9999999999617437,5.28551950639733e-19,0.6662509250619915,0.7462589297811022,0.00016637702935582972,0.08736842105263184,0.00048756342025496266,,2.031581654354797e-05,7.106004673573807e-11,7.106004673573807e-11,6.32272567635539e-11,,1.478769439444058e-09,0.0031261328334964977,1.9058240668739902e-09,,,,,0.0,,5.041974443299391e-10,0.0,1.0,3.0851821972638927e-09,3.0851821972638927e-09,1.0,0.3015691644017839,0.08604450933299014,1255,1.108105602489474,0.5122607684290217,1844,416.4858941188765,0.7817159884072974,1549.5,1493.5269441755404,0.48480453508415183,1603,0.7763846615972358,0.5622554397616224,0.28785410495344815,6,1203.75,,,,,,,,,,,,,6.028891707292535e-15,0.9999999999631313,5.28551950639733e-19,0.7579117118935779,0.23069536437753385,0.001300334040136163,0.06609583083673215,0.9999999999999994,0.0004875634202549631,,9.960751160119927e-05,5.755454706574126e-14,5.755454706574126e-14,5.121033805344233e-14,,0.0,1.1554322308607034e-15,0.004567040150511262,1.7722087770339277e-14,,,,,0.13043478260869565,,1.5952692451947636e-17,0.7209302325581395,1.0,1.0337739626537764e-14,1.0337739626537764e-14,1.0,0.42658033862809164,0.13286867808966663,1684,1.2973782340367175,0.6297594663857076,1807,86.97413408594535,0.9593578812682498,1745.5,1743.3331423660843,0.5718518378303866,1348,1409.1368421052632,1454.5,398.32527672708756,380,0.6645304607900322,0.5565550872278735,0.3678621512786154,7,1012.75
sym10,1.0,antisymmetric,3.2358929120488593e-24,292.14745733516844,5193977.255265797,0.53125,89.92305205440172,206,smoothed,1.4183433284380192e-12,,6.30568368314749,60208.91202624817,0.9903528095188812,0.0001496656645131963,1.0,362.4000000000002,,,,[],[],11,426.6000000000049,32.20000000000192,728.4000000000087,"[9, 31, 53, 64, 80, 102, 131, 148, 158, 175, 192]","[311.0000000000062, 417.8000000000044, 589.600000000006, 432.2000000000079, 728.4000000000087, 371.0000000000058, 587.0000000000014, 32.20000000000192, 448.2000000000031, 368.00000000000443, 407.2000000000046]","[1, 1, 1, 60, 1, 94, 120, 144, 144, 165, 186]","[20, 40, 75, 75, 203, 120, 203, 149, 203, 186, 203]",30736475.8400001,728.4000000000066,-728.4000000000066,0.0,,,,DWT,mdp.39015067403892,1.043081283569336e-07,,0.0,33.0,11.0,0.0,33.0,,6.59383658785373e-12,168.40000000000498,987.7999999999447,168.40000000000495,,0.0,168.40000000000498,,,28.000000000001933,0.0,33.0,8.753886504564434e-12,6.59383658785373e-12,,2.2737367544323206e-13,3.0670647012217146e-12,9.46537518486808e-24,0.8747632425114031,0.2471537718238087,0.1619213051825883,0.1248650982085045,0.2633648313323983,,0.9999996663948996,4.4110656070538505e-09,4.4110656070538505e-09,3.6838430678781384e-09,,2.4503221863198973e-12,0.999999995588913,5.8411994248018655e-12,,,,,,2.225074799496325e-12,1.0,1.0,1.0136669046935325e-11,1.0136669046935325e-11,0.9999999014740316,0.3759218681480767,61,0.8846874558273217,0.44912739071304536,276,0,0.33333330621004803,0.47426771817966956,62,0.0,0.23886689272311004,0.42142584745207046,267,121.29990381969256,0.8728512538577646,166.5,100.27329074554885,0.8491614759854861,84,sym,1.0,1.0,0.0,7,64.75,1.7737535576448172e-12,0.9999999999704692,2.2891352152185623e-24,0.8641675482391338,0.7820821391763876,0.0004241710815311915,0.10246710526315811,0.002565150107515334,,2.0315811957549723e-05,4.750921878127201e-11,4.750921878127201e-11,3.9676706364843994e-11,,2.4503221863198973e-12,0.0031261328403321964,5.8411994248018655e-12,,,,,0.0,,1.032435895951316e-12,1.0,1.0,8.258287218077616e-12,8.258287218077616e-12,1.0,0.4015691612121272,0.11457677215871714,1016,1.251766586212382,0.5786731083268024,1689,475.88286373854646,0.7505855011852482,1352.5,1268.7792975970426,0.52086402941862,1399,0.7763846615972358,0.5622554397616224,0.28785410495344815,6,1050.75,,,,,,,,,,,,,1.1909651923038822e-17,0.9999999999715401,2.2891352152185623e-24,0.901472548733823,0.24176960150196222,0.001360617136533779,0.07751826545798962,1.0,0.002565150107515334,,9.960751159773015e-05,3.847985298455203e-14,3.847985298455203e-14,3.213575239247035e-14,,0.0,1.9145521638122673e-18,0.004567040150618211,5.431679171739538e-17,,,,,0.13043478260869565,,3.266603690613821e-20,1.0,1.0,2.7671630899907247e-17,2.7671630899907247e-17,1.0,0.45448731537229947,0.14156097535167125,1068,1.3944820047772057,0.6768945402147937,1702,448.3056992722711,0.7905113554802472,1385.0,1312.4447653429604,0.5716575468990022,1349,1409.1368421052632,1454.5,398.32527672708756,380,0.6645304607900322,0.5565550872278735,0.3678621512786154,7,1013.5
db3,1.0,constant,2.74630914564819e-27,322.8599045107112,4963439.45480013,0.5380952380952381,87.47514009812444,206,smoothed,3.239911036328441e-14,-1.9926107430734465e-10,6.1925759586479545,33280.45228117914,0.9847184360955904,0.00014966566451320274,0.9999999999999999,362.4,,,,[],[],11,426.59999999999997,32.200000000000045,728.3999999999999,"[9, 31, 53, 64, 80, 102, 131, 148, 158, 175, 192]","[311.0, 417.79999999999984, 589.5999999999999, 432.2, 728.3999999999999, 371.00000000000006, 586.9999999999999, 32.200000000000045, 448.20000000000005, 367.9999999999999, 407.20000000000005]","[1, 1, 1, 60, 1, 94, 120, 144, 144, 165, 186]","[20, 40, 75, 75, 205, 120, 205, 149, 205, 186, 205]",30736475.839999996,728.3999999999999,-728.3999999999999,0.0,,,,DWT,mdp.39015067403892,0.0,,0.0,15.0,11.0,0.0,33.0,,1.1368683772161603e-13,168.40000000000003,987.7999999999993,168.39999999999998,,0.0,168.40000000000003,,,28.000000000000057,0.0,33.0,1.1368683772161603e-13,1.1368683772161603e-13,,0.0,2.2339386605122206e-14,3.2494587670582915e-27,0.9914525101941263,0.08400673058980425,0.06298488468596401,0.1718849249175173,0.04005159903567539,,0.9999996647593375,4.4059199552998455e-09,4.4059199552998455e-09,3.67866784340914e-09,,0.0,0.9999999955940747,7.585973278963461e-14,,,,,,0.0,0.0,1.0,1.7477015598164352e-13,1.7477015598164352e-13,0.8999999009720988,0.3383296774407745,426,0.7531419233356436,0.3823459512580281,663,0,0.24999997273702879,0.3557007787882318,429,0.0,0.19291152134615858,0.3403481346442265,661,135.39663954470953,0.8580748013158181,544.75,519.5091868471966,0.6435290149136743,470,db,0.573477938514061,0.8443824841957417,0.34525069778143475,3,353.25,2.25889935527628e-14,0.9999999999705138,1.1465927255547077e-27,0.9775034312744746,0.743009094371549,0.00016499599374669325,0.14105263157894746,0.00039009902367281336,0.9999999997236259,2.0315811924354055e-05,4.745387416349445e-11,4.745387416349445e-11,3.962102868015904e-11,,0.0,0.0031261328403482946,7.585973278963461e-14,,,,,0.0,,0.0,0.0,1.0,1.4238426238064856e-13,1.4238426238064856e-13,1.0,0.30156916120420496,0.0860445084206485,1588,1.714666196068992,0.7926647254776542,596,701.4499269370551,0.6323637699491325,1092.0,866.7106227106227,0.5300183629619877,1336,0.49117026184683504,0.8233619396015222,0.4091722348267588,4,1003.0,,,,,,,,,,,,,1.5167104209357364e-19,0.9999999999715831,1.1465927255547077e-27,0.983681884924947,0.2296907238512305,0.0013000110959019901,0.10670893171231427,0.9999999999999999,0.0003900990236728138,0.9999999999999541,9.960751159770499e-05,3.8434858594393884e-14,3.8434858594393884e-14,3.2090649582094954e-14,,0.0,0.0,0.004567040150618464,7.054128794466933e-19,,,,,0.13043478260869565,,0.0,0.7209302325581395,1.0,4.770970844811595e-19,4.770970844811595e-19,1.0,0.42658033862811345,0.13286867808967343,1567,1.8485441107143858,0.8973005113025407,279,910.7535341682732,0.5744142363699658,923.0,473.6652221018418,0.5715529125775063,1350,1009.0473684210526,935.5,610.6543869996938,760,0.4758535102197843,0.8532293215616218,0.41093374637766444,5,1013.75
sym16,1.0,antisymmetric,2.6382220981481748e-20,253.03428520510772,5504996.742167923,0.5254237288135594,100.44080010763714,206,smoothed,1.3115188762413904e-10,1.3539181553562044e-09,6.411463277129356,84377.22204286186,0.9926768024898773,0.00014966566451372448,0.9999999999999999,362.39999999997946,,,,[],[],11,426.59999999955124,32.199999999853475,728.3999999992874,"[9, 31, 53, 64, 80, 102, 131, 148, 158, 175, 192]","[310.99999999947204, 417.79999999958574, 589.5999999994539, 432.1999999992778, 728.3999999992874, 370.99999999947283, 586.9999999998331, 32.199999999853475, 448.19999999967763, 367.99999999957896, 407.19999999957065]","[0, 0, 0, 60, 0, 94, 120, 144, 144, 165, 186]","[20, 40, 75, 75, 205, 120, 205, 149, 205, 186, 205]",30736475.839990843,728.3999999994121,-728.3999999994121,0.0,,,,DWT,mdp.39015067403892,9.153038263320923e-06,,0.0,15.0,11.0,0.0,33.0,,5.878746378584765e-10,168.3999999995513,987.8000000049351,168.39999999961603,,0.0,168.3999999995513,,,27.999999999853486,0.0,15.0,7.125890988390893e-10,5.878746378584765e-10,,2.0520474208751693e-11,2.8807348943364485e-10,7.721019398144743e-20,0.7261561521509969,0.3997306878340562,0.29539683360629143,0.08484453826089242,0.46378860157598056,,0.9999995369624646,3.939025990401977e-09,3.939025990401977e-09,3.2791700871137073e-09,,2.2114157731537072e-10,0.9999999960609579,4.754888051254298e-10,,,,,,1.952503136558025e-10,0.0,0.0,9.037364765810785e-10,9.037364765810785e-10,0.7999998632738199,0.30073747275055107,947,1.0027107080319433,0.5090440030228233,206,0,0.16666662890666648,0.23713382466033253,947,0.0,0.2814166876737559,0.4964952017337193,187,433.37079966236763,0.5457329144000339,571.75,324.8362944247187,0.4732071280595557,949,sym,1.0,1.0,0.0,7,713.5,1.6569433750458686e-10,0.9999999999741351,1.8669805696748315e-20,0.7198310882906153,0.8186236825004961,0.0007738252495579786,0.069625334522748,0.004517259860317049,0.9999999997470352,2.0315809328042e-05,4.24251189734548e-11,4.24251189734548e-11,3.5318248325921786e-11,,2.2114157731537072e-10,0.0031261328418078493,4.754888051254298e-10,,,,,0.0,,9.059624986972798e-11,0.0,0.0,7.362690207703337e-10,7.362690207703337e-10,1.0,0.20156916188787383,0.05751224487990645,1635,1.5712544445433854,0.7263676019244348,1403,164.04877323527901,0.9140205591010068,1519.0,1510.1415404871625,0.5589494829048011,1101,0.7763846615972358,0.5622554397616224,0.28785410495344815,6,827.25,,,,,,,,,,,,,1.11253441989899e-15,0.9999999999750733,1.8669805696748315e-20,0.796776628582529,0.2530659013727663,0.0014423809931438172,0.0526728568185314,0.9999999999999999,0.004517259860317049,0.999999999999958,9.960751159574107e-05,3.436194471323484e-14,3.436194471323484e-14,2.860559011885755e-14,,0.0,1.7278833278405712e-16,0.004567040150641299,4.421527928371874e-15,,,,,0.13043478260869565,,2.866444738513628e-18,0.7209302325581395,0.7209302325581395,2.4670690238520755e-15,2.4670690238520755e-15,1.0,0.39867336188393804,0.1241763808276789,1706,1.7281961649965174,0.8388824986617059,1087,437.6990975544729,0.7954677114231434,1396.5,1327.9069101324742,0.5714488089825998,1351,1409.1368421052632,1454.5,398.32527672708756,380,0.6645304607900322,0.5565550872278735,0.3678621512786154,7,1015.0
sym4,1.0,smooth,8.745136676994437e-22,267.82973272826655,4962135.312587141,0.5377358490566038,86.1131894109055,206,smoothed,2.3034502029624438e-11,,6.194203483736721,34023.24887148583,0.9843605449666777,0.00014966566451305038,0.9999999999999999,362.40000000000043,,,,[],[],11,426.60000000005965,32.200000000051915,728.4000000001405,"[9, 31, 53, 64, 80, 102, 131, 148, 158, 175, 192]","[311.00000000009607, 417.80000000005856, 589.6000000000942, 432.2000000000566, 728.4000000001405, 371.0000000000598, 586.9999999999983, 32.200000000051915, 448.2000000000209, 368.00000000003445, 407.2000000000452]","[1, 1, 1, 60, 1, 94, 120, 144, 144, 165, 186]","[20, 40, 75, 75, 203, 120, 203, 149, 203, 186, 203]",30736475.840000536,728.4000000001009,-728.4000000001009,0.0,,,,DWT,mdp.39015067403892,5.401670932769775e-07,,0.0,33.0,11.0,0.0,33.0,,1.0095391189679503e-10,168.40000000005972,987.7999999993426,168.4000000000597,,0.0,168.40000000005972,,,28.000000000051926,0.0,33.0,1.405169314239174e-10,1.0095391189679503e-10,,4.547473508864641e-13,5.0554737541113055e-11,2.559346608529813e-21,0.7823701661840566,0.08635427938844906,0.06242520570008389,0.1694162875841484,0.046211487461924695,,0.999999709985107,4.468022648882663e-09,4.468022648882663e-09,3.740800109748373e-09,,4.9006443726397945e-12,0.9999999955319613,9.376262972798838e-11,,,,,,1.1522708783105968e-11,1.0,1.0,1.5519589851169945e-10,1.5519589851169945e-10,0.9999999146817377,0.37592187311314273,41,0.630062952288296,0.31986271296406144,887,0,0.33333330988454096,0.4742677234077501,39,0.0,0.16382534662417392,0.2890322503389024,889,489.5943899460722,0.48679833338986145,464.0,76.50593617451952,0.5002125838857063,904,sym,1.0,1.0,0.0,7,679.75,2.9086145092342644e-11,0.9999999999694562,6.188629812494628e-22,0.7744296391763806,0.7435713226454865,0.00016352985165697036,0.1390268123138035,0.0004500957908149419,,2.031581284317463e-05,4.812272802467987e-11,4.812272802467987e-11,4.0290215608251856e-11,,4.9006443726397945e-12,0.003126132840154172,9.376262972798838e-11,,,,,0.0,,5.34654303260503e-12,1.0,1.0,1.2643722499401594e-10,1.2643722499401594e-10,1.0,0.40156916130747056,0.11457677218592076,993,1.1923159729958102,0.5511899724763212,1736,525.3803384216048,0.724643428500207,1364.5,1263.3550751190912,0.5047483389880489,1511,0.7763846615972358,0.5622554397616224,0.28785410495344815,6,1134.75,,,,,,,,,,,,,1.9529537366665584e-16,0.999999999970564,6.188629812494628e-22,0.8363802431228282,0.22986452874835567,0.0012996682501916971,0.10517636186795276,0.9999999999999999,0.00045009579081494236,,9.960751159840007e-05,3.897663441998489e-14,3.897663441998489e-14,3.263264224812046e-14,,0.0,3.8291043276245345e-18,0.004567040150615426,8.718903189961129e-16,,,,,0.13043478260869565,,1.6916340540678717e-19,1.0,1.0,4.2366221101926964e-16,4.2366221101926964e-16,1.0,0.45448731537229936,0.14156097535167123,1273,1.359660827427647,0.6599920167322241,1738,328.8046532517446,0.8463529657702128,1505.5,1469.5941547658583,0.5714241464365082,1352,1409.1368421052632,1454.5,398.32527672708756,380,0.6645304607900322,0.5565550872278735,0.3678621512786154,7,1015.75
db10,1.0,smooth,6.083526806502163e-27,321.6302382078276,19882706.356826514,0.6026785714285714,287.6703559356237,206,raw,5.1091816861390696e-14,-2.109709074105154e-10,4.915600505184024,398502.1033241676,0.9659769313317929,5.618943883690066e-06,0.9999999999999999,327.0,,,,[],[],13,661.1538461538462,87.00000000000006,940.0000000000002,"[8, 32, 51, 63, 81, 100, 111, 133, 152, 162, 175, 192, 204]","[878.0000000000002, 638.0, 787.0000000000001, 792.0, 940.0000000000002, 788.0, 637.0, 675.0000000000001, 771.0000000000001, 196.00000000000006, 833.9999999999998, 571.9999999999999, 87.00000000000006]","[0, 13, 42, 42, 76, 99, 107, 107, 107, 161, 99, 187, 203]","[76, 42, 61, 76, 205, 164, 119, 142, 164, 164, 205, 205, 205]",37754613.0,941.0000000000002,-941.0000000000002,0.0,,,,DWT,mdp.39015067403892,0.0,,0.0,33.0,19.0,0.0,28.5,,2.2737367544323206e-13,256.3413461538462,4359.0,256.3413461538462,,0.0,256.3413461538462,,,84.00000000000006,0.0,24.0,2.2737367544323206e-13,2.2737367544323206e-13,,0.0,4.6207552510300796e-14,3.5082289198306775e-27,0.9729656842340141,0.3018781342302711,0.015920500636154182,0.3415178571428569,0.02758915312304282,0.9999999997234496,0.47422802461166635,6.6959667625959335e-09,6.6959667625959335e-09,6.082000342865356e-09,,0.0,0.9999999933040264,2.7225927463116073e-13,,,,,,0.0,1.0,0.5,2.847685247612971e-13,2.847685247612971e-13,0.7922684098779433,0.2590182137493315,491,1.2903215319693746,0.6197458014847217,831,0,0.24785233644920568,0.29613842719982414,491,0.0,0.33248391613622935,0.6039060624573437,838,198.34040603635626,0.7920960104440711,662.75,618.2373897890594,0.5486947557461446,707,db,0.540986235965534,0.9305070477545101,0.3421575204977732,3,531.0,4.620755251030078e-14,0.0001547883299646835,3.508228919830677e-27,0.9729656842340141,0.30187813423027127,0.01693752657746285,0.5050986842105263,0.0298895860149133,0.9999999997234493,0.9919828214562026,0.9855281704452468,0.9855281704452468,0.9855281704451347,,0.0,0.9999999999667601,1.5171946557926922e-13,,,,,1.0,,0.0,1.0,0.5,2.847685247612971e-13,2.847685247612971e-13,0.0,2.2345701998211185,0.6375734627747389,495,1.3572289854228343,0.627426809723622,1661,824.4865068635144,0.5678791892748877,1078.0,762.704081632653,0.5014448357275906,1535,0.49117026184683504,0.8233619396015222,0.4091722348267588,4,1152.25,,,,,,,,,,,,,3.102549755242934e-19,0.03641360043841643,3.508228919830677e-27,0.9803903839280106,0.09332134383208024,0.005222134471046165,0.38211652202485646,0.9999999999999999,0.0298895860149133,0.9999999999999541,0.0008499884728391229,0.0007982210227401261,0.0007982210227401261,0.0007982210227337874,,0.0,0.0,0.020163910573049823,1.4108257588933865e-18,,,,,0.4782608695652174,,0.0,1.0,0.8604651162790697,9.54194168962319e-19,9.54194168962319e-19,0.9302325581395349,0.5744527218307418,0.17892707859001003,526,1.6132324928557842,0.7830780625137194,1610,766.5037508062176,0.6418206771933563,1068.0,792.940074906367,0.5713776283163043,1353,1009.0473684210526,935.5,610.6543869996938,760,0.4758535102197843,0.8532293215616218,0.41093374637766444,5,1016.0
db5,1.0,zero,2.7923072037952213e-27,322.7877667749604,4964658.835402167,0.5420560747663551,80.4881838225422,206,smoothed,3.132769125019958e-14,-2.0715060777831753e-10,6.191054986663582,34732.59343523452,0.9864408072361072,0.00014966566451320268,1.0,362.4,,,,[],[],11,426.60000000000014,32.20000000000002,728.4000000000001,"[9, 31, 53, 64, 80, 102, 131, 148, 158, 175, 192]","[311.0000000000001, 417.8, 589.6000000000001, 432.20000000000005, 728.4000000000001, 371.00000000000017, 587.0, 32.20000000000002, 448.2000000000001, 368.0, 407.19999999999993]","[0, 0, 0, 60, 0, 94, 120, 144, 144, 165, 186]","[20, 40, 75, 75, 203, 120, 203, 149, 203, 186, 203]",30736475.839999996,728.4000000000001,-728.4000000000001,0.0,,,,DWT,mdp.39015067403892,0.0,,0.0,33.0,11.0,0.0,33.0,,1.1368683772161603e-13,168.4000000000002,987.7999999999975,168.40000000000006,,0.0,168.4000000000002,,,28.00000000000003,0.0,15.0,1.1368683772161603e-13,1.1368683772161603e-13,,0.0,1.998562888989103e-14,3.3840766680693015e-27,0.991178429151058,0.08181287442172996,0.06350818781345516,0.19909184618270787,0.052093963802660674,,0.9999996647345563,4.406097391567225e-09,4.406097391567225e-09,3.6787565615428943e-09,,0.0,0.9999999955939026,7.585973278963461e-14,,,,,,0.0,1.0,0.0,1.7477015598164352e-13,1.7477015598164352e-13,0.8999999009647114,0.33832967743799747,506,0.7678419126023808,0.38980866340500364,600,0,0.24999997273498628,0.35570077878532574,496,0.0,0.19824075733880456,0.3497503492787857,596,56.17532079718519,0.9411160159358646,549.5,545.1869602924114,0.6825601044039911,358,db,0.573477938514061,0.8443824841957417,0.34525069778143475,3,269.25,2.1235236915478046e-14,0.9999999999705134,1.1791439973104267e-27,0.9772372266983704,0.7424836748499802,0.0001663668451816311,0.1633792424987702,0.0005073905888392486,0.999999999723507,2.0315811923854454e-05,4.745570603148508e-11,4.745570603148508e-11,3.9622027880881205e-11,,0.0,0.003126132840347795,7.585973278963461e-14,,,,,0.0,,0.0,1.0,0.0,1.4238426238064856e-13,1.4238426238064856e-13,1.0,0.30156916120420596,0.08604450842064879,1581,1.72322200998221,0.7966199512249785,511,756.6042558696058,0.6034568889572296,1046.0,772.3623326959848,0.5276194298035624,1353,0.49117026184683504,0.8233619396015222,0.4091722348267588,4,1015.75,,,,,,,,,,,,,1.4258140826644113e-19,0.9999999999715827,1.1791439973104267e-27,0.9834887907264773,0.22952829785786255,0.0013003316586477239,0.12359942693627127,1.0,0.000507390588839249,0.9999999999999541,9.960751159770467e-05,3.843648489765261e-14,3.843648489765261e-14,3.2091408523615694e-14,,0.0,0.0,0.004567040150618456,7.054128794466933e-19,,,,,0.13043478260869565,,0.0,1.0,0.7209302325581395,4.770970844811595e-19,4.770970844811595e-19,1.0,0.42658033862811345,0.13286867808967343,1561,1.855150316195642,0.9005072249112357,240,934.0880579474293,0.5635102532955938,900.5,416.035535813437,0.5713579303861147,1354,1009.0473684210526,935.5,610.6543869996938,760,0.4758535102197843,0.8532293215616218,0.41093374637766444,5,1016.75
db32,1.0,constant,1.816732878805258e-26,316.8788817083382,5888204.623950744,0.5746268656716418,184.46287561237787,206,raw,9.676833229004663e-14,-2.0705492875805737e-10,6.417882512730251,67186.97727095072,0.8266198991750069,5.618943883690066e-06,0.9999999999999999,326.99999999999994,,,,[],[],13,661.1538461538462,86.99999999999994,939.9999999999999,"[8, 32, 51, 63, 81, 100, 111, 133, 152, 162, 175, 192, 204]","[877.9999999999999, 637.9999999999998, 787.0000000000002, 792.0000000000002, 939.9999999999999, 788.0000000000002, 636.9999999999998, 674.9999999999998, 771.0000000000001, 195.9999999999999, 834.0000000000001, 571.9999999999999, 86.99999999999994]","[0, 13, 42, 42, 76, 99, 107, 107, 107, 161, 99, 187, 203]","[76, 42, 61, 76, 205, 164, 119, 142, 164, 164, 205, 205, 205]",37754613.0,940.9999999999999,-940.9999999999999,0.0,,,,DWT,mdp.39015067403892,0.0,,0.0,33.0,19.0,0.0,28.5,,1.1368683772161603e-13,256.3413461538462,4359.0,256.34134615384613,,0.0,256.3413461538462,,,83.99999999999994,0.0,24.0,1.1368683772161603e-13,1.1368683772161603e-13,,5.684341886080802e-14,1.0392062218995878e-13,1.2059527343916858e-26,0.9554321030964564,0.8208412063818786,0.00017133263503107206,0.13113006396588472,0.0007648875725636709,0.9999999997235085,0.47422802461153424,6.6959667625959335e-09,6.6959667625959335e-09,6.0819563246244724e-09,,2.859275438170267e-12,0.9999999933040264,1.3612963731558036e-13,,,,,,0.0,1.0,0.5,1.4238426238064856e-13,1.4238426238064856e-13,0.792268409879195,0.25901821374974066,471,1.4365235118711426,0.6899671075452215,738,0,0.2478523364493942,0.29613842720004935,471,0.0,0.36354244917192835,0.6603191263109504,782,167.81835418094172,0.8240897754916754,615.5,581.3893972254662,0.589455789213343,569,db,0.540986235965534,0.9305070477545101,0.3421575204977732,3,427.5,1.0392062218995878e-13,0.0001547883299646835,1.2059527343916856e-26,0.9554321030964564,0.8208412063818787,0.0012046350178483007,0.34697564807541253,0.00312877864465784,0.9999999997235084,0.9919828214562006,0.9855281704452468,0.9855281704452468,0.9855281704451341,,6.125805465799743e-13,0.9999999999667601,7.585973278963461e-14,,,,,1.0,,0.0,1.0,0.5,1.4238426238064856e-13,1.4238426238064856e-13,0.0,2.2345701998213294,0.6375734627747991,479,1.5243703896341891,0.7046937994087749,1526,740.3407999023152,0.6119807128394574,1002.5,729.1311720698255,0.5432807128138587,1247,0.49117026184683504,0.8233619396015222,0.4091722348267588,4,936.25,,,,,,,,,,,,,6.977623427864417e-19,0.03641360043841643,1.2059527343916856e-26,0.967672222408747,0.2537514174308207,0.0015431224438162863,0.2624935126828314,0.9999999999999999,0.0031287786446578397,0.9999999999999541,0.0008499884728391214,0.0007982210227401261,0.0007982210227401261,0.0007982210227337869,,0.0,4.786380409530668e-19,0.020163910573049823,7.054128794466933e-19,,,,,0.4782608695652174,,0.0,1.0,0.8604651162790697,4.770970844811595e-19,4.770970844811595e-19,0.9302325581395349,0.5744527218307418,0.17892707859001003,297,1.6254236000450688,0.7889957393767625,1571,900.8540392316615,0.5790401685833357,934.0,499.55781584582445,0.5712957852262472,1355,1009.0473684210526,935.5,610.6543869996938,760,0.4758535102197843,0.8532293215616218,0.41093374637766444,5,1017.5
sym10,1.0,symmetric,3.275468547212737e-24,292.09466440783876,5194083.458627658,0.53125,92.333461580409,206,smoothed,1.4272078664521136e-12,,6.305554750909238,32463.7873058276,0.981296704590821,0.0001496656645131963,1.0,362.4000000000002,,,,[],[],11,426.6000000000049,32.20000000000192,728.4000000000093,"[9, 31, 53, 64, 80, 102, 131, 148, 158, 175, 192]","[311.0000000000062, 417.8000000000044, 589.600000000006, 432.2000000000079, 728.4000000000093, 371.0000000000058, 587.0000000000014, 32.20000000000192, 448.2000000000031, 368.00000000000443, 407.2000000000046]","[1, 1, 1, 60, 1, 94, 120, 144, 144, 165, 186]","[20, 40, 75, 75, 203, 120, 203, 149, 203, 186, 203]",30736475.840000097,728.4000000000066,-728.4000000000066,0.0,,,,DWT,mdp.39015067403892,1.0058283805847168e-07,,0.0,33.0,11.0,0.0,33.0,,6.59383658785373e-12,168.40000000000498,987.7999999999447,168.400000000005,,0.0,168.40000000000498,,,28.000000000001933,0.0,33.0,9.322320693172514e-12,6.59383658785373e-12,,2.2737367544323206e-13,3.0865388495618173e-12,9.581197225005283e-24,0.874562660382805,0.24696779943966277,0.16196688287286753,0.1248650982085045,0.03327913239347651,,0.9999996663948996,4.4110656070538505e-09,4.4110656070538505e-09,3.683902213300641e-09,,2.4503221863198973e-12,0.999999995588913,6.220498088750038e-12,,,,,,2.1456078423714562e-12,1.0,1.0,1.0136669046935325e-11,1.0136669046935325e-11,0.9999999014741994,0.37592186814813977,56,0.7924626296276664,0.4023078102191856,540,0,0.33333330621007795,0.47426771817971214,56,0.0,0.20594879618577186,0.3633494159650264,542,280.0160709673643,0.7064821059042303,298.5,101.49410482512631,0.696794512071612,333,sym,1.0,1.0,0.0,7,251.5,1.7849540552152699e-12,0.9999999999704692,2.3171415552037575e-24,0.8639727303855537,0.7820375995559125,0.000424290477420186,0.10246710526315811,0.00032413579901790753,,2.0315811957549723e-05,4.750921878127201e-11,4.750921878127201e-11,3.967737249865877e-11,,2.4503221863198973e-12,0.0031261328403321964,6.220498088750038e-12,,,,,0.0,,9.955631853816263e-13,1.0,1.0,8.258287218077616e-12,8.258287218077616e-12,1.0,0.40156916121229863,0.11457677215876605,1011,1.250731079664545,0.5781944090234901,1690,480.1255044256658,0.7483618949551019,1350.5,1265.1536467974825,0.5202763353182218,1408,0.7763846615972358,0.5622554397616224,0.28785410495344815,6,1057.5,,,,,,,,,,,,,1.1984856297882221e-17,0.9999999999715401,2.3171415552037575e-24,0.9013312356210466,0.24175583270997236,0.0013606450563163534,0.07751826545798962,1.0,0.00032413579901790753,,9.960751159773015e-05,3.847985298455203e-14,3.847985298455203e-14,3.2136294493556594e-14,,0.0,1.9145521638122673e-18,0.004567040150618211,5.784385611462886e-17,,,,,0.13043478260869565,,3.1499392730918986e-20,1.0,1.0,2.7671630899907247e-17,2.7671630899907247e-17,1.0,0.45448731537229947,0.14156097535167125,1066,1.3934939407500375,0.6764149247424666,1703,450.4270196158308,0.7895200842916679,1384.5,1311.2300469483569,0.571278733734619,1356,1409.1368421052632,1454.5,398.32527672708756,380,0.6645304607900322,0.5565550872278735,0.3678621512786154,7,1018.75
sym16,1.0,symmetric,2.715384800504159e-20,252.90908491557042,5505598.545121265,0.5296610169491526,100.44080010763714,206,smoothed,1.330657525914009e-10,1.2671076188191957e-09,6.410762456409547,31786.021653698364,0.9798584740207792,0.00014966566451373188,0.9999999999999996,362.39999999997946,,,,[],[],11,426.5999999995418,32.199999999853475,728.399999999184,"[9, 31, 53, 64, 80, 102, 131, 148, 158, 175, 192]","[310.9999999994719, 417.79999999958574, 589.5999999994539, 432.1999999992778, 728.399999999184, 370.99999999947283, 586.9999999998331, 32.199999999853475, 448.19999999967763, 367.99999999957896, 407.19999999957065]","[0, 0, 0, 60, 0, 94, 120, 144, 144, 165, 186]","[20, 40, 75, 75, 205, 120, 205, 149, 205, 186, 205]",30736475.839990888,728.3999999994121,-728.3999999994121,0.0,,,,DWT,mdp.39015067403892,9.10833477973938e-06,,0.0,15.0,11.0,0.0,33.0,,5.878746378584765e-10,168.39999999954188,987.8000000050388,168.399999999616,,0.0,168.39999999954188,,,27.999999999853486,0.0,15.0,8.159304343280382e-10,5.878746378584765e-10,,2.0520474208751693e-11,2.922779826871142e-10,7.94684373608303e-20,0.7256804645570951,0.3987198211812407,0.2956551002763459,0.11395040004097406,0.027658534707996514,,0.9999995369624646,3.9292078502736455e-09,3.9292078502736455e-09,3.2791405144024557e-09,,2.2114157731537072e-10,0.9999999960707653,5.444453022312076e-10,,,,,,1.942967101703041e-10,0.0,0.0,9.037364765810785e-10,9.037364765810785e-10,0.7999998633068254,0.30073747276295854,943,0.8392393134503221,0.42605482936487027,378,0,0.16666662891151182,0.23713382466722652,943,0.0,0.2230949030079901,0.39359978894757724,382,325.0523034836086,0.6592743150066995,661.5,541.6975430444608,0.4829390442958026,940,sym,1.0,1.0,0.0,7,706.75,1.6811253909410095e-10,0.9999999999741866,1.9215860072732307e-20,0.719369070878265,0.81838158409823,0.0007745018081654882,0.09351025869759183,0.0002693916758778948,0.9999999997457268,2.0315809328042e-05,4.2319425741510486e-11,4.2319425741510486e-11,3.53179152590144e-11,,2.2114157731537072e-10,0.0031261328418384915,5.444453022312076e-10,,,,,0.0,,9.01537773428917e-11,0.0,0.0,7.362690207703337e-10,7.362690207703337e-10,1.0,0.20156916192208263,0.05751224488966699,1631,1.578711345570525,0.7298148165596465,1376,180.31222920256963,0.905496735218779,1503.5,1492.6877286331892,0.5587494158274189,1103,0.7763846615972358,0.5622554397616224,0.28785410495344815,6,828.75,,,,,,,,,,,,,1.1287711395304885e-15,0.9999999999751227,1.9215860072732307e-20,0.7964414995504798,0.2529910600852492,0.0014425392010132814,0.07074224491995568,0.9999999999999997,0.0002693916758778948,0.9999999999999578,9.960751159574107e-05,3.427640116182573e-14,3.427640116182573e-14,2.860537327842305e-14,,0.0,1.7278833278405712e-16,0.004567040150641779,5.062748235788918e-15,,,,,0.13043478260869565,,2.852445008410997e-18,0.7209302325581395,0.7209302325581395,2.4670690238520755e-15,2.4670690238520755e-15,1.0,0.39867336188393854,0.12417638082767907,1702,1.7334863540042726,0.841450405629158,1060,453.96255352176354,0.7878679656440357,1381.0,1306.3866763215062,0.5712704314201487,1357,1409.1368421052632,1454.5,398.32527672708756,380,0.6645304607900322,0.5565550872278735,0.3678621512786154,7,1019.5
sym9,1.0,constant,3.520974996704593e-25,304.0051630580358,6009263.976685619,0.5990990990990991,249.81731500826425,206,raw,4.693678024457027e-13,-1.8523438338746881e-10,6.283530271753857,66070.89439122756,0.7941175975220586,5.618943883690058e-06,0.9999999999999999,326.9999999999997,,,,[],[],13,661.1538461538463,87.00000000000009,940.0000000000002,"[8, 32, 51, 63, 81, 100, 111, 133, 152, 162, 175, 192, 204]","[877.9999999999991, 638.0000000000013, 787.0000000000013, 792.0, 940.0000000000002, 787.9999999999994, 637.0000000000002, 675.0, 770.9999999999993, 196.00000000000102, 834.0000000000007, 571.9999999999991, 87.00000000000009]","[0, 13, 42, 42, 76, 99, 107, 107, 107, 161, 164, 187, 203]","[76, 42, 61, 76, 205, 164, 119, 142, 164, 164, 205, 205, 205]",37754613.0,940.9999999999995,-940.9999999999995,0.0,,,,DWT,mdp.39015067403892,0.0,,0.0,33.0,19.0,0.0,28.5,,4.547473508864641e-13,256.3413461538463,4358.999999999998,256.34134615384625,,0.0,256.3413461538463,,,84.00000000000009,0.0,28.5,2.2737367544323206e-13,4.547473508864641e-13,,2.8421709430404007e-13,5.747065169083245e-13,2.483706278056254e-25,0.9079251668096454,0.7744292468580826,0.00030757071772392246,0.3146718146718145,0.0006745261577418527,0.9999999997238374,0.47422802461169933,6.696054799077647e-09,6.696054799077647e-09,6.082044361106239e-09,,1.4296377190851335e-11,0.9999999933039181,2.7225927463116073e-13,,,,,,0.0,1.0,1.0,5.695370495225942e-13,5.695370495225942e-13,0.8422684098852271,0.2753648338188461,87,1.4582620450952204,0.7004081986703893,698,0,0.28951900311712325,0.3459225095710839,87,0.0,0.37475104061742753,0.6806778143467681,716,358.0325869712607,0.624703787241865,397.0,154.93175740320734,0.6042806147949367,522,sym,0.8243425715244881,0.7368036147090654,0.2019191155201387,6,393.0,5.747065169083246e-13,0.00015478832996457248,2.483706278056254e-25,0.9079251668096453,0.7744292468580826,0.001340732301282166,0.4849217638691323,0.003038630997886306,0.9999999997238372,0.9919828214562032,0.9855281704452481,0.9855281704452481,0.9855281704451354,,3.062902732899872e-12,0.9999999999667596,1.5171946557926922e-13,,,,,1.0,,0.0,1.0,0.75,5.695370495225942e-13,5.695370495225942e-13,0.0,2.259570199822765,0.6447065287091608,86,1.5278706840009737,0.7063119335270651,1518,1012.576910659136,0.46929931307173167,802.0,162.77805486284288,0.5244819416511699,1375,0.7763846615972358,0.5622554397616224,0.28785410495344815,6,1032.75,,,,,,,,,,,,,3.858796812432242e-18,0.036413600438416384,2.483706278056254e-25,0.9332125826899218,0.23940381837836025,0.0015749477151422377,0.3668523075910439,0.9999999999999999,0.003038630997886306,0.9999999999999543,0.0008499884728391233,0.0007982210227401272,0.0007982210227401272,0.0007982210227337879,,0.0,2.3931902047653343e-18,0.020163910573049813,1.4108257588933865e-18,,,,,0.4782608695652174,,0.0,1.0,0.9302325581395349,1.908388337924638e-18,1.908388337924638e-18,0.9302325581395349,0.5814294660167882,0.18110015290550946,98,1.639297388227783,0.7957302052506883,1537,1017.5266581274419,0.5245202532114757,817.5,184.2519877675841,0.5712554537085416,1358,1409.1368421052632,1454.5,398.32527672708756,380,0.6645304607900322,0.5565550872278735,0.3678621512786154,7,1020.25
sym4,1.0,zero,8.745136676994437e-22,267.82973272826655,4962135.312587141,0.5377358490566038,86.1131894109055,206,smoothed,2.3034502029624438e-11,,6.194203483736721,34023.24887148583,0.9843605449666777,0.00014966566451305038,0.9999999999999999,362.40000000000043,,,,[],[],11,426.60000000005965,32.200000000051915,728.4000000001405,"[9, 31, 53, 64, 80, 102, 131, 148, 158, 175, 192]","[311.00000000009607, 417.80000000005856, 589.6000000000942, 432.2000000000566, 728.4000000001405, 371.0000000000598, 586.9999999999983, 32.200000000051915, 448.2000000000209, 368.00000000003445, 407.2000000000452]","[1, 1, 1, 60, 1, 94, 120, 144, 144, 165, 186]","[20, 40, 75, 75, 203, 120, 203, 149, 203, 186, 203]",30736475.840000536,728.4000000001009,-728.4000000001009,0.0,,,,DWT,mdp.39015067403892,5.401670932769775e-07,,0.0,33.0,11.0,0.0,33.0,,1.0095391189679503e-10,168.40000000005972,987.7999999993426,168.4000000000597,,0.0,168.40000000005972,,,28.000000000051926,0.0,33.0,1.405169314239174e-10,1.0095391189679503e-10,,4.547473508864641e-13,5.0554737541113055e-11,2.559346608529813e-21,0.7823701661840566,0.08635427938844906,0.06242520570008389,0.1694162875841484,0.046211487461924695,,0.999999709985107,4.468022648882663e-09,4.468022648882663e-09,3.740800109748373e-09,,4.9006443726397945e-12,0.9999999955319613,9.376262972798838e-11,,,,,,1.1522708783105968e-11,1.0,1.0,1.5519589851169945e-10,1.5519589851169945e-10,0.9999999146817377,0.37592187311314273,39,0.630062952288296,0.31986271296406144,889,0,0.33333330988454096,0.4742677234077501,40,0.0,0.16382534662417392,0.2890322503389024,888,490.17071855970073,0.48619421534622564,464.0,75.62578756781373,0.4999105248638885,906,sym,1.0,1.0,0.0,7,681.25,2.9086145092342644e-11,0.9999999999694562,6.188629812494628e-22,0.7744296391763806,0.7435713226454865,0.00016352985165697036,0.1390268123138035,0.0004500957908149419,,2.031581284317463e-05,4.812272802467987e-11,4.812272802467987e-11,4.0290215608251856e-11,,4.9006443726397945e-12,0.003126132840154172,9.376262972798838e-11,,,,,0.0,,5.34654303260503e-12,1.0,1.0,1.2643722499401594e-10,1.2643722499401594e-10,1.0,0.40156916130747056,0.11457677218592076,995,1.1923159729958102,0.5511899724763212,1737,524.6732316404183,0.7250140295385648,1366.0,1265.2379209370424,0.5045405577462216,1515,0.7763846615972358,0.5622554397616224,0.28785410495344815,6,1137.75,,,,,,,,,,,,,1.9529537366665584e-16,0.999999999970564,6.188629812494628e-22,0.8363802431228282,0.22986452874835567,0.0012996682501916971,0.10517636186795276,0.9999999999999999,0.00045009579081494236,,9.960751159840007e-05,3.897663441998489e-14,3.897663441998489e-14,3.263264224812046e-14,,0.0,3.8291043276245345e-18,0.004567040150615426,8.718903189961129e-16,,,,,0.13043478260869565,,1.6916340540678717e-19,1.0,1.0,4.2366221101926964e-16,4.2366221101926964e-16,1.0,0.45448731537229936,0.14156097535167123,1275,1.359660827427647,0.6599920167322241,1739,328.09754647055803,0.8466833894997392,1507.0,1471.2840079628402,0.5712388910115518,1359,1409.1368421052632,1454.5,398.32527672708756,380,0.6645304607900322,0.5565550872278735,0.3678621512786154,7,1021.0
sym3,1.0,symmetric,7.904052430866116e-19,238.26890061800768,4964667.894286412,0.5285714285714286,91.20437171144616,206,smoothed,7.318444642103025e-10,,6.201983505206165,32586.119638679498,0.9821428407722278,0.00014966566451189405,0.9999999999999997,362.4000000001372,,,,[],[],11,426.6000000021923,32.200000000260815,728.4000000038011,"[9, 31, 53, 64, 80, 102, 131, 148, 158, 175, 192]","[311.0000000021572, 417.8000000017416, 589.6000000021629, 432.20000000416474, 728.4000000038011, 371.000000002655, 587.0000000009553, 32.200000000260815, 448.20000000174093, 368.000000002295, 407.2000000021809]","[1, 1, 1, 60, 1, 94, 120, 144, 144, 165, 186]","[20, 40, 75, 75, 205, 120, 205, 149, 205, 186, 205]",30736475.840050936,728.4000000024633,-728.4000000024633,0.0,,,,DWT,mdp.39015067403892,5.093961954116821e-05,,0.0,15.0,11.0,0.0,33.0,,2.463366399751976e-09,168.40000000219237,987.7999999758831,168.40000000219231,,0.0,168.40000000219237,,,28.000000000260826,0.0,33.0,3.801119419222232e-09,2.463366399751976e-09,,1.3722001312999055e-10,1.6077109397596115e-09,2.3131997053456544e-18,0.6700563596247109,0.0975762139565173,0.06351207547777322,0.10646603558323861,0.034293614057937766,,0.999999892127247,6.687040608730429e-09,6.687040608730429e-09,5.959788498498673e-09,,1.478769439444058e-09,0.999999993312911,2.536370165821433e-09,,,,,,1.0866311717254552e-09,0.0,1.0,3.786919739810252e-09,3.786919739810252e-09,0.8999999741604437,0.3383297049538766,295,0.5388818208307556,0.2735729827502519,952,0,0.24999999312080315,0.35570080779033264,295,0.0,0.13884347147255555,0.244957461293455,951,379.03067158212934,0.6026932163709335,623.25,450.36900386115354,0.47469566478924036,948,sym,1.0,1.0,0.0,7,712.75,9.246798293536675e-10,0.99999999996143,5.593430867442491e-19,0.6653434764448223,0.7462589297811022,0.00016637702935582972,0.08736842105263184,0.0003340167604868314,,2.031581654354797e-05,7.202261009808808e-11,7.202261009808808e-11,6.418976461475268e-11,,1.478769439444058e-09,0.0031261328332170546,2.536370165821433e-09,,,,,0.0,,5.041974443299391e-10,0.0,1.0,3.0851821972638927e-09,3.0851821972638927e-09,1.0,0.3015691647177835,0.08604450942315199,1251,1.107499714663203,0.5119806754823115,1846,420.72853480599576,0.7794923821771511,1548.5,1491.343881175331,0.4839547864764162,1609,0.7763846615972358,0.5622554397616224,0.28785410495344815,6,1208.25,,,,,,,,,,,,,6.208649933579059e-15,0.9999999999628288,5.593430867442491e-19,0.7572534848039123,0.23069536437753385,0.001300334040136163,0.06609583083673215,0.9999999999999997,0.0003340167604868314,,9.960751160119927e-05,5.833419684797558e-14,5.833419684797558e-14,5.1989879415459406e-14,,0.0,1.1554322308607034e-15,0.0045670401505068904,2.358547962430019e-14,,,,,0.13043478260869565,,1.5952692451947636e-17,0.7209302325581395,1.0,1.0337739626537764e-14,1.0337739626537764e-14,1.0,0.4265803386280931,0.13286867808966707,1680,1.2969218791189203,0.6295379474624093,1809,91.21677477306463,0.9573753388910913,1744.5,1742.115219260533,0.5710942115016204,1360,1409.1368421052632,1454.5,398.32527672708756,380,0.6645304607900322,0.5565550872278735,0.3678621512786154,7,1021.75
rbio4.4,1.0,symmetric,8.747120242834057e-21,257.8287477762317,5016562.243307383,0.5280373831775701,93.69855222607221,206,smoothed,7.650677502527472e-11,6.020437037756053e-10,6.201257068458488,34688.26934193861,0.9812852792573747,0.00014966566451344776,0.999999999999999,362.39999999998673,,,,[],[],11,426.5999999997463,32.19999999993479,728.399999999531,"[9, 31, 53, 64, 80, 102, 131, 148, 158, 175, 192]","[310.99999999972204, 417.7999999997863, 589.5999999997192, 432.19999999956804, 728.399999999531, 370.9999999997033, 586.9999999999089, 32.19999999993479, 448.1999999998187, 367.9999999997578, 407.199999999759]","[0, 0, 0, 60, 0, 94, 120, 144, 144, 165, 186]","[20, 40, 75, 75, 205, 120, 205, 149, 205, 186, 205]",30736475.839994766,728.3999999996884,-728.3999999996884,0.0,,,,DWT,mdp.39015067403892,5.230307579040527e-06,,0.0,15.0,11.0,0.0,33.0,,3.1161562219494954e-10,168.39999999974634,987.8000000027896,168.39999999978892,,0.0,168.39999999974634,,,27.9999999999348,0.0,15.0,4.689582056016661e-10,3.1161562219494954e-10,,1.3244516594568267e-11,1.680258313244607e-10,2.5599314279393666e-20,0.7443722950444294,0.09652839864105933,0.08578278824490573,0.10279768664860611,0.05172639147820408,,0.9999996078616024,4.14195393486164e-09,4.14195393486164e-09,3.459060889656095e-09,,1.4273126735313402e-10,0.9999999958580138,3.1292139775724274e-10,,,,,,1.1157160780331571e-10,0.0,0.0,4.790449975456849e-10,4.790449975456849e-10,0.7999998842856085,0.3007374806493427,924,0.5995886017707719,0.3043918645401839,915,0,0.16666663474899163,0.23713383297281188,924,0.0,0.15445822288931865,0.27250610888351995,913,5.830951894845301,0.99388789109555,919.0,918.9722435028583,0.5152877610614018,853,rbio,0.7685897546424816,0.816051598246696,0.21717169227625407,5,641.0,9.664928970541824e-11,0.9999999999722144,6.190040686923969e-21,0.7375237405912414,0.746007982326227,0.00022471766779283333,0.08435809149040846,0.0005038104669876356,0.9999999997357031,2.0315810768445353e-05,4.4610815042034346e-11,4.4610815042034346e-11,3.725580954849761e-11,,1.4273126735313402e-10,0.0031261328411734124,3.1292139775724274e-10,,,,,0.0,,5.176928563984456e-11,0.0,0.0,3.902752631853577e-10,3.902752631853577e-10,1.0,0.20156916161158156,0.05751224480107401,1647,1.5495753550496536,0.7163456807122767,1458,133.64318164425748,0.9299564037503891,1552.5,1546.7478260869566,0.5581385792336852,1107,0.3888041033402703,1.0,0.4278371276618108,3,831.0,,,,,,,,,,,,,6.489398676831083e-16,0.9999999999732223,6.190040686923969e-21,0.8096101739888085,0.23061778753090367,0.0013139765361562185,0.06381846069417613,0.9999999999999992,0.000503810466987636,0.9999999999999561,9.960751159683058e-05,3.613223002046917e-14,3.613223002046917e-14,3.017486434331307e-14,,0.0,1.115226635420646e-16,0.004567040150631373,2.9098281277176098e-15,,,,,0.13043478260869565,,1.6379684220077873e-18,0.7209302325581395,0.7209302325581395,1.307723108562858e-15,1.307723108562858e-15,1.0,0.39867336188393365,0.12417638082767754,1709,1.7274608948832295,0.8385255917073223,1093,435.57777721091327,0.7964589826117228,1401.0,1333.2883654532477,0.5708930427077306,1361,818.67,599.5,715.6978453131971,300,0.38607403914171184,1.0,0.42974817260080167,3,1021.5
coif8,1.0,antireflect,1.5433718244664196e-26,315.36269306665673,5905756.551128653,0.5158730158730159,97.4641051831982,206,smoothed,8.891161808956823e-14,-2.1635813141074362e-10,6.5480120208312815,109881.66340252473,0.9947408279617219,0.00014966566451320268,0.9999999999999999,362.40000000000015,,,,[],[],11,426.6,32.20000000000002,728.4000000000001,"[9, 31, 53, 64, 80, 102, 131, 148, 158, 175, 192]","[310.9999999999998, 417.8000000000002, 589.6000000000001, 432.2, 728.4000000000001, 371.0000000000002, 586.9999999999998, 32.20000000000002, 448.20000000000016, 368.0, 407.2]","[1, 1, 1, 60, 1, 94, 120, 144, 144, 165, 186]","[20, 40, 75, 75, 205, 120, 205, 149, 205, 186, 205]",30736475.840000007,728.4000000000001,-728.4000000000001,0.0,,,,DWT,mdp.39015067403892,1.1175870895385742e-08,,0.0,15.0,11.0,0.0,33.0,,1.1368683772161603e-13,168.4000000000001,987.7999999999984,168.40000000000003,,0.0,168.4000000000001,,,28.00000000000003,0.0,33.0,1.1368683772161603e-13,1.1368683772161603e-13,,1.7053025658242404e-13,1.464894502387827e-13,4.0380425833497055e-26,0.9629675083944028,0.5966891503772668,0.4673848585522939,0.019240849804200363,0.6752926865428701,,0.9999996647345563,4.4059791007223055e-09,4.4059791007223055e-09,3.6787269888316428e-09,,1.837741639739923e-12,0.9999999955939887,7.585973278963461e-14,,,,,,2.3840087137460624e-13,0.0,1.0,1.7477015598164352e-13,1.7477015598164352e-13,0.8999999009657128,0.3383296774383739,433,1.3876309240402942,0.704455626766108,63,0,0.2499999727351443,0.35570077878555056,434,0.0,0.38879643623874016,0.6859421402453895,58,215.36171123639102,0.7742539714503238,247.0,106.02202035158636,0.757672059100424,209,coif,0.5556920286951962,0.9053407607371553,0.33941335169221604,4,157.75,9.399352749260588e-14,0.9999999999705134,1.0125043514453838e-26,0.9498370237603505,0.8657944235291661,0.0012243672364169388,0.015789473684211075,0.0065772908961541695,0.9999999997233682,2.0315811923854454e-05,4.745454029730922e-11,4.745454029730922e-11,3.962169481397382e-11,,1.837741639739923e-12,0.0031261328403480726,7.585973278963461e-14,,,,,0.0,,1.1061813170906958e-13,0.0,1.0,1.4238426238064856e-13,1.4238426238064856e-13,1.0,0.3015691612051795,0.08604450842092655,1334,1.7123583153516775,0.7915978264862241,613,509.8239892355008,0.7327966513440771,973.5,840.0020544427324,0.6112882627789569,823,0.4784248188775415,0.776734912893196,0.43208215291776214,2,617.75,,,,,,,,,,,,,6.311080762210794e-19,0.9999999999715827,1.0125043514453838e-26,0.96361377467058,0.2676480669660937,0.0015477366667747852,0.011945029669289342,0.9999999999999999,0.0065772908961541695,0.9999999999999541,9.960751159770467e-05,3.8435400695480126e-14,3.8435400695480126e-14,3.20911916831812e-14,,0.0,1.4359141228592004e-18,0.00456704015061846,7.054128794466933e-19,,,,,0.13043478260869565,,3.499932525657665e-21,0.7209302325581395,1.0,4.770970844811595e-19,4.770970844811595e-19,1.0,0.42658033862811345,0.13286867808967343,1642,1.820175094836416,0.8835299270330559,702,664.6803743153547,0.6894016942451613,1172.0,983.5187713310579,0.570869071421646,1362,986.6382352941176,846.0,585.0035688138154,340,0.4652856568234462,0.8173890317607586,0.42908333069536003,4,1022.5
bior4.4,1.0,symmetric,8.748911214058433e-21,257.82785865011806,4922421.7700517,0.5280373831775701,85.62516561141496,206,smoothed,7.65110520786356e-11,6.021902310103952e-10,6.2221541391506685,32223.100176899614,0.9831110726785446,0.00014966566451344776,0.9999999999999992,362.3999999999867,,,,[],[],11,426.5999999997462,32.19999999993473,728.3999999995308,"[9, 31, 53, 64, 80, 102, 131, 148, 158, 175, 192]","[310.99999999972215, 417.79999999978634, 589.5999999997193, 432.1999999995678, 728.3999999995308, 370.99999999970333, 586.9999999999089, 32.19999999993473, 448.19999999981854, 367.99999999975773, 407.1999999997589]","[0, 0, 0, 60, 0, 94, 120, 144, 144, 165, 186]","[20, 40, 75, 75, 205, 120, 205, 149, 205, 186, 205]",30736475.839994766,728.3999999996881,-728.3999999996881,0.0,,,,DWT,mdp.39015067403892,5.230307579040527e-06,,0.0,15.0,11.0,0.0,33.0,,3.1184299587039277e-10,168.39999999974629,987.8000000027905,168.39999999978892,,0.0,168.39999999974629,,,27.999999999934744,0.0,15.0,4.691855792771094e-10,3.1184299587039277e-10,,1.3301360013429075e-11,1.6803522741159756e-10,2.5604555735157427e-20,0.7443689168872124,0.12667041828624387,0.04538194539413629,0.10279768664860611,0.03128315411466058,,0.9999996078120399,4.141894789439181e-09,4.141894789439181e-09,3.459060889656095e-09,,1.4334384789971398e-10,0.9999999958580998,3.1307311722282203e-10,,,,,,1.1157160780331571e-10,0.0,0.0,4.793945378576481e-10,4.793945378576481e-10,0.799999884271269,0.3007374806439521,925,0.5862798683282346,0.29763544826529453,932,0,0.16666663474498067,0.23713383296710505,928,0.0,0.15007173164269924,0.264767151132307,930,2.9860788111948193,0.9968699383530453,928.75,928.742794529158,0.5116687217970677,868,bior,0.8100315533562081,0.7923003667562746,0.1952878026237719,6,652.5,9.665469383654172e-11,0.9999999999722144,6.191308096753423e-21,0.7375204595145939,0.7532268719560755,0.0001188831132389503,0.08435809149040846,0.0003046951475436754,0.9999999997357052,2.0315810767446152e-05,4.461014890821957e-11,4.461014890821957e-11,3.725580954849761e-11,,1.4334384789971398e-10,0.00312613284117369,3.1307311722282203e-10,,,,,0.0,,5.176928563984456e-11,0.0,0.0,3.90560031710119e-10,3.90560031710119e-10,1.0,0.20156916161207705,0.05751224480121538,1646,1.5530502678135374,0.7179520812923765,1451,137.88582233137677,0.9277327975202427,1548.5,1542.360994510817,0.558074994147962,1109,0.5943810304597339,0.7715092316736338,0.3524805091760961,5,833.0,,,,,,,,,,,,,6.489761530624101e-16,0.9999999999732223,6.191308096753423e-21,0.8096077940264703,0.23284940487858163,0.0012892279641836173,0.06381846069417613,0.9999999999999993,0.00030469514754367585,0.9999999999999561,9.960751159682982e-05,3.6131687919382927e-14,3.6131687919382927e-14,3.017486434331307e-14,,0.0,1.1200130158301764e-16,0.004567040150631378,2.911238953476503e-15,,,,,0.13043478260869565,,1.6379684220077873e-18,0.7209302325581395,0.7209302325581395,1.3086773027318203e-15,1.3086773027318203e-15,1.0,0.39867336188393365,0.12417638082767754,1708,1.728483255165902,0.8390218549011841,1085,440.5275246792191,0.7941460165050378,1396.5,1327.017543859649,0.5707879615235469,1363,1104.4,1082.5,563.6960149978129,300,0.520820561188399,0.7876173146100969,0.3991404127850916,6,1023.75
db31,1.0,symmetric,1.1241516871655685e-26,316.73914957626386,6342275.124533503,0.5300751879699248,113.8701345935061,206,smoothed,7.257247661502413e-14,-2.0622001883907646e-10,6.600020250626691,32157.644482016083,0.9827965801260488,0.00014966566451320263,0.9999999999999999,362.4,,,,[],[],11,426.6,32.19999999999999,728.4000000000002,"[9, 31, 53, 64, 80, 102, 131, 148, 158, 175, 192]","[310.9999999999998, 417.8000000000002, 589.6000000000004, 432.1999999999998, 728.4000000000002, 371.0000000000002, 586.9999999999998, 32.19999999999999, 448.1999999999998, 368.0000000000001, 407.2]","[1, 1, 1, 60, 1, 94, 120, 144, 144, 165, 186]","[20, 40, 75, 75, 204, 120, 204, 149, 204, 186, 204]",30736475.839999996,728.4000000000002,-728.4000000000002,0.0,,,,DWT,mdp.39015067403892,0.0,,0.0,15.0,11.0,0.0,33.0,,2.2737367544323206e-13,168.4000000000001,987.7999999999984,168.40000000000003,,0.0,168.4000000000001,,,28.0,0.0,33.0,2.2737367544323206e-13,2.2737367544323206e-13,,0.0,1.1059464508150635e-13,2.8111530750013786e-26,0.9681972349995519,0.6717060322788566,0.6547189315144442,0.11679533389917732,0.030740340937262047,,0.999999664709775,4.4059791007223055e-09,4.4059791007223055e-09,3.6787269888316428e-09,,0.0,0.9999999955939887,1.5171946557926922e-13,,,,,,0.0,0.0,1.0,3.4954031196328703e-13,3.4954031196328703e-13,0.899999900957348,0.3383296774352294,552,1.3031450928309904,0.6615648853259313,89,0,0.24999997273294158,0.35570077878241657,541,0.0,0.3488796962327718,0.6155182075154617,106,259.36203782872053,0.7281320358189513,322.0,164.40648604247494,0.6953029151841088,337,db,0.573477938514061,0.8443824841957417,0.34525069778143475,3,253.5,7.334873877401291e-14,0.9999999999705129,7.158364231791512e-27,0.9549164598952963,0.8837606579486792,0.0017151099230967091,0.09584487534626057,0.0002994081953210867,0.9999999997235209,2.0315811923354854e-05,4.745454029730922e-11,4.745454029730922e-11,3.962169481397382e-11,,0.0,0.0031261328403480726,1.5171946557926922e-13,,,,,0.0,,0.0,0.0,1.0,2.847685247612971e-13,2.847685247612971e-13,1.0,0.30156916120430005,0.08604450842067562,1524,1.7541454731702826,0.8109154091485018,211,928.4312036979369,0.5134008366363014,867.5,370.67896253602305,0.5293681332028467,1341,0.49117026184683504,0.8233619396015222,0.4091722348267588,4,1006.75,,,,,,,,,,,,,4.924911603573056e-19,0.9999999999715824,7.158364231791512e-27,0.9672981953650294,0.27320207353204196,0.0016624929555173113,0.07250842571182403,0.9999999999999999,0.0002994081953210867,0.9999999999999541,9.960751159770423e-05,3.8435400695480126e-14,3.8435400695480126e-14,3.20911916831812e-14,,0.0,0.0,0.00456704015061846,1.4108257588933865e-18,,,,,0.13043478260869565,,0.0,0.7209302325581395,1.0,9.54194168962319e-19,9.54194168962319e-19,1.0,0.42658033862811345,0.13286867808967343,1573,1.8469343340171118,0.8965191107153572,298,901.5611460128481,0.5787097448538093,935.5,501.07322287546765,0.5707801060717645,1364,1009.0473684210526,935.5,610.6543869996938,760,0.4758535102197843,0.8532293215616218,0.41093374637766444,5,1024.25
sym9,1.0,zero,3.549789404977007e-25,303.9697665801613,6009691.164742596,0.5990990990990991,249.81731500826425,206,raw,4.716098062235865e-13,-1.846749420053602e-10,6.2822883847172,66604.17003489977,0.7958026041526431,5.618943883690058e-06,0.9999999999999999,326.9999999999997,,,,[],[],13,661.1538461538463,87.00000000000009,940.0000000000002,"[8, 32, 51, 63, 81, 100, 111, 133, 152, 162, 175, 192, 204]","[877.9999999999991, 638.0000000000013, 787.0000000000013, 792.0, 940.0000000000002, 787.9999999999994, 637.0000000000002, 675.0, 770.9999999999993, 196.00000000000102, 834.0000000000007, 571.9999999999991, 87.00000000000009]","[0, 13, 42, 42, 76, 99, 107, 107, 107, 161, 164, 187, 203]","[76, 42, 61, 76, 205, 164, 119, 142, 164, 164, 205, 205, 205]",37754613.0,940.9999999999995,-940.9999999999995,0.0,,,,DWT,mdp.39015067403892,0.0,,0.0,33.0,19.0,0.0,28.5,,4.547473508864641e-13,256.3413461538463,4358.999999999998,256.34134615384625,,0.0,256.3413461538463,,,84.00000000000009,0.0,28.5,2.2737367544323206e-13,4.547473508864641e-13,,2.8421709430404007e-13,5.775393275778942e-13,2.50409726132684e-25,0.9077945457929183,0.7740002371857498,0.00030805146770743967,0.3146718146718145,0.0007177017520706442,0.9999999997238458,0.47422802461169933,6.696054799077647e-09,6.696054799077647e-09,6.082044361106239e-09,,1.4296377190851335e-11,0.9999999933039181,2.7225927463116073e-13,,,,,,0.0,1.0,1.0,5.695370495225942e-13,5.695370495225942e-13,0.8422684098852271,0.2753648338188461,86,1.4579866782617452,0.7002759390477401,699,0,0.28951900311712325,0.3459225095710839,85,0.0,0.3746865438243355,0.6805606658097503,717,359.4758916348448,0.6231908892716511,396.75,152.5673567765581,0.6036551930634986,525,sym,0.8243425715244881,0.7368036147090654,0.2019191155201387,6,395.25,5.775393275778943e-13,0.00015478832996457248,2.50409726132684e-25,0.9077945457929183,0.77400023718575,0.0013412125544204538,0.4849217638691323,0.0030817044516871107,0.9999999997238457,0.9919828214562032,0.9855281704452481,0.9855281704452481,0.9855281704451354,,3.062902732899872e-12,0.9999999999667596,1.5171946557926922e-13,,,,,1.0,,0.0,1.0,0.75,5.695370495225942e-13,5.695370495225942e-13,0.0,2.259570199822765,0.6447065287091608,87,1.5275952760628648,0.7061846165261492,1519,1012.576910659136,0.46929931307173167,803.0,164.57409713574097,0.5242198871438324,1379,0.7763846615972358,0.5622554397616224,0.28785410495344815,6,1035.75,,,,,,,,,,,,,3.877817374163063e-18,0.036413600438416384,2.50409726132684e-25,0.9331178354060947,0.23927119612255782,0.0015750600185332057,0.3668523075910439,0.9999999999999999,0.0030817044516871107,0.9999999999999543,0.0008499884728391233,0.0007982210227401272,0.0007982210227401272,0.0007982210227337879,,0.0,2.3931902047653343e-18,0.020163910573049813,1.4108257588933865e-18,,,,,0.4782608695652174,,0.0,1.0,0.9302325581395349,1.908388337924638e-18,1.908388337924638e-18,0.9302325581395349,0.5814294660167882,0.18110015290550946,94,1.6391915142628013,0.7956788130429714,1538,1021.0621920333746,0.5228681345638437,816.0,177.171568627451,0.5707798616744453,1365,1409.1368421052632,1454.5,398.32527672708756,380,0.6645304607900322,0.5565550872278735,0.3678621512786154,7,1025.5
db3,1.0,smooth,2.74630914564819e-27,322.8599045107112,4963439.45480013,0.5380952380952381,87.47514009812444,206,smoothed,3.239911036328441e-14,-1.9926107430734465e-10,6.1925759586479545,33280.45228117914,0.9847184360955904,0.00014966566451320274,0.9999999999999999,362.4,,,,[],[],11,426.59999999999997,32.200000000000045,728.3999999999999,"[9, 31, 53, 64, 80, 102, 131, 148, 158, 175, 192]","[311.0, 417.79999999999984, 589.5999999999999, 432.2, 728.3999999999999, 371.00000000000006, 586.9999999999999, 32.200000000000045, 448.20000000000005, 367.9999999999999, 407.20000000000005]","[1, 1, 1, 60, 1, 94, 120, 144, 144, 165, 186]","[20, 40, 75, 75, 205, 120, 205, 149, 205, 186, 205]",30736475.839999996,728.3999999999999,-728.3999999999999,0.0,,,,DWT,mdp.39015067403892,0.0,,0.0,15.0,11.0,0.0,33.0,,1.1368683772161603e-13,168.40000000000003,987.7999999999993,168.39999999999998,,0.0,168.40000000000003,,,28.000000000000057,0.0,33.0,1.1368683772161603e-13,1.1368683772161603e-13,,0.0,2.2339386605122206e-14,3.2494587670582915e-27,0.9914525101941263,0.08400673058980425,0.06298488468596401,0.1718849249175173,0.04005159903567539,,0.9999996647593375,4.4059199552998455e-09,4.4059199552998455e-09,3.67866784340914e-09,,0.0,0.9999999955940747,7.585973278963461e-14,,,,,,0.0,0.0,1.0,1.7477015598164352e-13,1.7477015598164352e-13,0.8999999009720988,0.3383296774407745,429,0.7531419233356436,0.3823459512580281,665,0,0.24999997273702879,0.3557007787882318,427,0.0,0.19291152134615858,0.3403481346442265,660,135.40648679685427,0.8580644792485804,545.25,520.0320493066256,0.6432617993727179,471,db,0.573477938514061,0.8443824841957417,0.34525069778143475,3,354.0,2.25889935527628e-14,0.9999999999705138,1.1465927255547077e-27,0.9775034312744746,0.743009094371549,0.00016499599374669325,0.14105263157894746,0.00039009902367281336,0.9999999997236259,2.0315811924354055e-05,4.745387416349445e-11,4.745387416349445e-11,3.962102868015904e-11,,0.0,0.0031261328403482946,7.585973278963461e-14,,,,,0.0,,0.0,0.0,1.0,1.4238426238064856e-13,1.4238426238064856e-13,1.0,0.30156916120420496,0.0860445084206485,1591,1.714666196068992,0.7926647254776542,598,702.1570337182417,0.6319931689107747,1094.5,869.2718136135222,0.5291779261744649,1343,0.49117026184683504,0.8233619396015222,0.4091722348267588,4,1008.25,,,,,,,,,,,,,1.5167104209357364e-19,0.9999999999715831,1.1465927255547077e-27,0.983681884924947,0.2296907238512305,0.0013000110959019901,0.10670893171231427,0.9999999999999999,0.0003900990236728138,0.9999999999999541,9.960751159770499e-05,3.8434858594393884e-14,3.8434858594393884e-14,3.2090649582094954e-14,,0.0,0.0,0.004567040150618464,7.054128794466933e-19,,,,,0.13043478260869565,,0.0,0.7209302325581395,1.0,4.770970844811595e-19,4.770970844811595e-19,1.0,0.42658033862811345,0.13286867808967343,1571,1.8485441107143858,0.8973005113025407,280,912.8748545118328,0.5734229651813865,925.5,475.2890329551594,0.5704731648336838,1366,1009.0473684210526,935.5,610.6543869996938,760,0.4758535102197843,0.8532293215616218,0.41093374637766444,5,1025.75
sym10,1.0,periodic,3.2822728209976585e-24,292.0856519767205,5212352.838715342,0.5267857142857143,94.69975147575813,206,smoothed,1.4272208010892938e-12,,6.306014497873371,32618.23075303949,0.9806264067119778,0.00014966566451319634,1.0,362.4000000000002,,,,[],[],11,426.6000000000049,32.20000000000192,728.4000000000092,"[9, 31, 53, 64, 80, 102, 131, 148, 158, 175, 192]","[311.0000000000061, 417.8000000000044, 589.600000000006, 432.2000000000079, 728.4000000000092, 371.0000000000058, 587.0000000000014, 32.20000000000192, 448.2000000000031, 368.00000000000443, 407.2000000000047]","[1, 1, 1, 60, 1, 94, 120, 144, 144, 165, 186]","[20, 40, 75, 75, 203, 120, 203, 149, 203, 186, 203]",30736475.840000097,728.4000000000066,-728.4000000000066,0.0,,,,DWT,mdp.39015067403892,1.0058283805847168e-07,,0.0,33.0,11.0,0.0,33.0,,6.59383658785373e-12,168.40000000000498,987.7999999999447,168.40000000000498,,0.0,168.40000000000498,,,28.000000000001933,0.0,33.0,9.208633855450898e-12,6.59383658785373e-12,,2.2737367544323206e-13,3.0865672651479165e-12,9.601110610303037e-24,0.8745284184358438,0.2476309403281084,0.16980727636546067,0.09419999383306135,0.03455990618189382,,0.9999996663948996,4.4110656070538505e-09,4.4110656070538505e-09,3.68387264058939e-09,,2.4503221863198973e-12,0.999999995588913,6.144638355960404e-12,,,,,,2.1456078423714562e-12,1.0,1.0,1.0136669046935325e-11,1.0136669046935325e-11,0.9999999014741525,0.3759218681481222,60,0.7849401194151987,0.3984888735302073,562,0,0.33333330621006924,0.4742677181796997,60,0.0,0.20296093359249356,0.3580780176934281,567,291.28036322416244,0.6946746716727856,312.25,108.47057221635974,0.6836842960041077,357,sym,1.0,1.0,0.0,7,269.5,1.7849703983537483e-12,0.9999999999704694,2.321956709886273e-24,0.8639394724744128,0.7821964190689736,0.00044482927053103203,0.07730263157894768,0.0003366104221649703,,2.0315811957549723e-05,4.750921878127201e-11,4.750921878127201e-11,3.967703943175138e-11,,2.4503221863198973e-12,0.0031261328403321964,6.144638355960404e-12,,,,,0.0,,9.955631853816263e-13,1.0,1.0,8.258287218077616e-12,8.258287218077616e-12,1.0,0.4015691612122606,0.1145767721587552,1012,1.2407400044465213,0.5735756832837061,1697,484.36814511278504,0.7461382887249555,1354.5,1267.8951642672573,0.5181163141737986,1427,0.7763846615972358,0.5622554397616224,0.28785410495344815,6,1071.75,,,,,,,,,,,,,1.1984966031892208e-17,0.9999999999715402,2.321956709886273e-24,0.9013071116567312,0.24180492950998875,0.0013654478903404278,0.0584808744225605,1.0,0.0003366104221649707,,9.960751159773015e-05,3.847985298455203e-14,3.847985298455203e-14,3.21360776531221e-14,,0.0,1.9145521638122673e-18,0.004567040150618211,5.713844323518216e-17,,,,,0.13043478260869565,,3.1499392730918986e-20,1.0,1.0,2.7671630899907247e-17,2.7671630899907247e-17,1.0,0.45448731537229947,0.14156097535167125,1086,1.3858964496235555,0.6727270318580635,1710,441.23463146040564,0.7938155927755114,1398.0,1328.3690987124462,0.5702722823690641,1367,1409.1368421052632,1454.5,398.32527672708756,380,0.6645304607900322,0.5565550872278735,0.3678621512786154,7,1027.0
rbio4.4,1.0,antireflect,8.343047273629523e-21,258.034151698423,5040466.4248700915,0.5233644859813084,101.1745314148513,206,smoothed,7.435321109453724e-11,6.447106404260527e-10,6.224443703884107,41674.59454850127,0.9828824787070006,0.00014966566451345343,0.9999999999999992,362.39999999998673,,,,[],[],11,426.5999999997606,32.19999999993479,728.3999999996884,"[9, 31, 53, 64, 80, 102, 131, 148, 158, 175, 192]","[310.99999999972204, 417.7999999997863, 589.5999999997192, 432.19999999956804, 728.3999999996884, 370.9999999997033, 586.9999999999089, 32.19999999993479, 448.1999999998187, 367.9999999997578, 407.199999999759]","[0, 0, 0, 60, 0, 94, 120, 144, 144, 165, 186]","[20, 40, 75, 75, 205, 120, 205, 149, 205, 186, 205]",30736475.839994747,728.3999999996884,-728.3999999996884,0.0,,,,DWT,mdp.39015067403892,5.248934030532837e-06,,0.0,15.0,11.0,0.0,33.0,,3.1161562219494954e-10,168.39999999976067,987.8000000026323,168.39999999978892,,0.0,168.39999999976067,,,27.9999999999348,0.0,15.0,3.1161562219494954e-10,3.1161562219494954e-10,,1.3244516594568267e-11,1.6329475302343773e-10,2.4416754467939702e-20,0.7451527093540631,0.1299728957574073,0.09604138424928642,0.07069963347057168,0.10966282299056566,,0.9999996078616024,4.1568585813215165e-09,4.1568585813215165e-09,3.459060889656095e-09,,1.4273126735313402e-10,0.9999999958431307,2.0793152757638848e-10,,,,,,1.1196894258894006e-10,0.0,0.0,4.790449975456849e-10,4.790449975456849e-10,0.7999998842348133,0.30073748063024763,934,0.6322437482492281,0.32096983299064197,884,0,0.16666663474151944,0.2371338329621804,933,0.0,0.16450420656931272,0.29022994301376387,886,28.01636426566921,0.9706327418598856,909.25,908.6025220650697,0.5087702493366514,882,rbio,0.7685897546424816,0.816051598246696,0.21717169227625407,5,662.75,9.392822431704853e-11,0.999999999972254,5.904091897788713e-21,0.7382817275652984,0.7540178017162583,0.0002515912145275444,0.05801770782095417,0.0010681061733320341,0.9999999997363461,2.0315810768445353e-05,4.477129778024391e-11,4.477129778024391e-11,3.725580954849761e-11,,1.4273126735313402e-10,0.003126132841126894,2.0793152757638848e-10,,,,,0.0,,5.195364919269301e-11,0.0,0.0,3.902752631853577e-10,3.902752631853577e-10,1.0,0.20156916155925184,0.057512244786143155,1657,1.5437380585166796,0.713647185189096,1473,130.10764773832474,0.9318094089421778,1565.0,1559.5916932907348,0.5557894004878604,1141,0.3888041033402703,1.0,0.4278371276618108,3,856.5,,,,,,,,,,,,,6.306696060136454e-16,0.9999999999732602,5.904091897788713e-21,0.8101599875545555,0.23309390959663695,0.0013202607021200337,0.0438914719468107,0.9999999999999993,0.0010681061733320341,0.9999999999999563,9.960751159683058e-05,3.626222586095018e-14,3.626222586095018e-14,3.017486434331307e-14,,0.0,1.115226635420646e-16,0.004567040150630646,1.9335367025633862e-15,,,,,0.13043478260869565,,1.6438016428838835e-18,0.7209302325581395,0.7209302325581395,1.307723108562858e-15,1.307723108562858e-15,1.0,0.3986733618839329,0.12417638082767729,1718,1.7212869089221294,0.8355286814753404,1131,415.0716805565034,0.806041270767989,1424.5,1364.02808002808,0.5701935325802562,1368,818.67,599.5,715.6978453131971,300,0.38607403914171184,1.0,0.42974817260080167,3,1026.75
db7,1.0,reflect,3.498804903436168e-27,321.80820147745527,5165021.549504386,0.5229357798165137,97.82247063826289,206,smoothed,3.935578939331429e-14,-1.984489017559103e-10,6.279793028027012,32327.418459215438,0.9808740289589286,0.0001496656645132028,0.9999999999999999,362.4,,,,[],[],11,426.59999999999997,32.20000000000002,728.3999999999997,"[9, 31, 53, 64, 80, 102, 131, 148, 158, 175, 192]","[310.99999999999983, 417.8000000000002, 589.6, 432.2, 728.3999999999997, 371.0000000000001, 586.9999999999999, 32.20000000000002, 448.1999999999999, 367.9999999999999, 407.20000000000005]","[1, 1, 1, 60, 1, 94, 120, 144, 144, 165, 186]","[20, 40, 75, 75, 204, 120, 204, 149, 204, 186, 204]",30736475.83999999,728.3999999999997,-728.3999999999997,0.0,,,,DWT,mdp.39015067403892,7.450580596923828e-09,,0.0,15.0,11.0,0.0,33.0,,2.2737367544323206e-13,168.40000000000003,987.7999999999993,168.39999999999998,,0.0,168.40000000000003,,,28.00000000000003,0.0,33.0,2.2737367544323206e-13,2.2737367544323206e-13,,0.0,3.7622235995567305e-14,5.45171259067207e-27,0.9874566561331037,0.20980898571653084,0.14949482295190503,0.0677548579496513,0.03214824825788778,,0.9999996647345563,4.4059199552998455e-09,4.4059199552998455e-09,3.67866784340914e-09,,0.0,0.9999999955940747,1.5171946557926922e-13,,,,,,1.5893391424973748e-13,0.0,1.0,3.4954031196328703e-13,3.4954031196328703e-13,0.8999999009648517,0.3383296774380502,491,0.8120871404971071,0.4122705437277887,467,0,0.24999997273501234,0.3557007787853628,481,0.0,0.2066662244298738,0.36461515355766627,532,27.95681193078591,0.9706951656910001,492.75,491.60046359534323,0.727092865864368,271,db,0.573477938514061,0.8443824841957417,0.34525069778143475,3,204.0,3.1378878197668254e-14,0.999999999970514,1.679108551081191e-27,0.9736224089878518,0.7731382166279923,0.00039161851285300956,0.05560115886045397,0.0003131210878003282,0.9999999997236381,2.0315811923854454e-05,4.745387416349445e-11,4.745387416349445e-11,3.962102868015904e-11,,0.0,0.0031261328403482946,1.5171946557926922e-13,,,,,0.0,,7.374542113937972e-14,0.0,1.0,2.847685247612971e-13,2.847685247612971e-13,1.0,0.3015691612043366,0.08604450842068605,1509,1.6933040748230543,0.7827893339805501,813,492.1463197058371,0.7420616773030204,1161.0,1056.6899224806202,0.5667855556326422,1049,0.49117026184683504,0.8233619396015222,0.4091722348267588,4,787.75,,,,,,,,,,,,,2.106896504641115e-19,0.9999999999715835,1.679108551081191e-27,0.980866745911765,0.23900471469267243,0.0013530049762878087,0.04206330784154799,0.9999999999999999,0.0003131210878003282,0.9999999999999541,9.960751159770467e-05,3.8434858594393884e-14,3.8434858594393884e-14,3.2090649582094954e-14,,0.0,0.0,0.004567040150618464,1.4108257588933865e-18,,,,,0.13043478260869565,,2.3332883504384434e-21,0.7209302325581395,1.0,9.54194168962319e-19,9.54194168962319e-19,1.0,0.42658033862811345,0.13286867808967343,1633,1.825649478944735,0.8861872440161832,635,705.6925676241744,0.6702371179326287,1134.0,914.4223985890653,0.570165287938277,1369,1009.0473684210526,935.5,610.6543869996938,760,0.4758535102197843,0.8532293215616218,0.41093374637766444,5,1028.0
sym10,1.0,periodization,3.2672048733896293e-24,292.10563506041245,4964536.4561643535,0.529126213592233,95.59184462789345,206,smoothed,1.4278353297088583e-12,,6.191207600426672,31688.23739843551,0.9841318921571192,0.00014966566451319637,1.0,362.4000000000001,,,,[],[],11,426.60000000000497,32.20000000000198,728.4000000000091,"[9, 31, 53, 64, 80, 102, 131, 148, 158, 175, 192]","[311.0000000000059, 417.80000000000456, 589.6000000000062, 432.20000000000766, 728.4000000000091, 371.000000000006, 587.0000000000013, 32.20000000000198, 448.2000000000034, 368.0000000000043, 407.2000000000047]","[1, 1, 1, 60, 1, 94, 120, 144, 144, 165, 186]","[20, 40, 75, 75, 203, 120, 203, 149, 203, 186, 203]",30736475.84000009,728.4000000000065,-728.4000000000065,0.0,,,,DWT,mdp.39015067403892,9.313225746154785e-08,,0.0,33.0,11.0,0.0,33.0,,6.480149750132114e-12,168.40000000000504,987.7999999999438,168.40000000000504,,0.0,168.40000000000504,,,28.00000000000199,0.0,33.0,9.094947017729282e-12,6.480149750132114e-12,,1.1368683772161603e-13,3.0879172984466187e-12,9.557012760062206e-24,0.8746043424216053,0.0820330051334908,0.06345566816718477,0.11027684467067218,0.026847626163014685,,0.999999666444462,4.4111247524763106e-09,4.4111247524763106e-09,3.6839317860118926e-09,,1.2251610931599486e-12,0.9999999955888269,6.068778623170769e-12,,,,,,1.9866739281217185e-12,1.0,1.0,9.961898890953681e-12,9.961898890953681e-12,0.9999999014882315,0.3759218681534148,55,0.652356730437702,0.33118054769024136,869,0,0.33333330621405627,0.4742677181853725,55,0.0,0.16531678379415085,0.2916635491602406,884,474.3327769966285,0.5027958312404313,465.75,103.50465180514291,0.50729414203531,889,sym,1.0,1.0,0.0,7,668.5,1.7857468659259401e-12,0.9999999999704696,2.311293632418479e-24,0.8640132145771847,0.7425363952493114,0.00016622926405767085,0.09049565661727149,0.00026149349854411117,,2.0315811958604435e-05,4.7509884915086786e-11,4.7509884915086786e-11,3.967770556556616e-11,,1.2251610931599486e-12,0.003126132840331919,6.068778623170769e-12,,,,,0.0,,9.218177642422465e-13,1.0,1.0,8.11590295569697e-12,8.11590295569697e-12,1.0,0.40156916121151703,0.11457677215854305,1018,1.226062101040998,0.5667903064563096,1706,486.4894654563447,0.7450264856098823,1362.0,1275.1160058737153,0.5155950038112305,1445,0.7763846615972358,0.5622554397616224,0.28785410495344815,6,1085.25,,,,,,,,,,,,,1.1990179528702109e-17,0.9999999999715404,2.311293632418479e-24,0.9013606012414581,0.22954459562161247,0.0013002994863920484,0.06846164253822229,1.0,0.0002614934985441116,,9.96075115977309e-05,3.8480395085638275e-14,3.8480395085638275e-14,3.213651133399109e-14,,0.0,9.572760819061336e-19,0.004567040150618208,5.643303035573547e-17,,,,,0.13043478260869565,,2.9166104380480543e-20,1.0,1.0,2.7194533815426088e-17,2.7194533815426088e-17,1.0,0.45448731537229947,0.14156097535167125,1098,1.3837280627050457,0.671674476671848,1713,434.8706704297267,0.7967894063412492,1405.5,1338.2241195304161,0.5700068527033348,1370,1409.1368421052632,1454.5,398.32527672708756,380,0.6645304607900322,0.5565550872278735,0.3678621512786154,7,1029.25
coif14,1.0,reflect,1.9256110014132377e-26,314.4017131575766,6725003.79380544,0.5138888888888888,93.79077560415058,206,smoothed,1.008384314560511e-13,-2.1368355973550077e-10,6.727158914996578,30575.19503800878,0.9809926705813258,0.0001496656645132026,0.9999999999999997,362.4000000000001,,,,[],[],11,426.59999999999997,32.200000000000045,728.4,"[9, 31, 53, 64, 80, 102, 131, 148, 158, 175, 192]","[311.00000000000006, 417.79999999999984, 589.6, 432.20000000000005, 728.4, 371.00000000000017, 587.0000000000001, 32.200000000000045, 448.2, 367.9999999999998, 407.20000000000005]","[0, 0, 0, 60, 0, 94, 120, 144, 144, 165, 186]","[20, 40, 75, 75, 203, 120, 203, 149, 203, 186, 203]",30736475.840000004,728.4,-728.4,0.0,,,,DWT,mdp.39015067403892,7.450580596923828e-09,,0.0,33.0,11.0,0.0,33.0,,0.0,168.40000000000003,987.7999999999993,168.40000000000003,,0.0,168.40000000000003,,,28.000000000000057,0.0,15.0,0.0,0.0,,1.1368683772161603e-13,1.726909885879111e-13,5.156703625958927e-26,0.9593163489407963,0.8550913581720985,0.8189688049959993,0.005611914526224893,0.017617351221813064,,0.9999996647593375,4.4059199552998455e-09,4.4059199552998455e-09,3.6787269888316428e-09,,1.2251610931599486e-12,0.9999999955940747,0.0,,,,,,1.5893391424973748e-13,1.0,0.0,0.0,0.0,0.8999999009727007,0.3383296774410008,388,1.421911597247794,0.7218588228984336,57,0,0.24999997273711358,0.3557007787883525,391,0.0,0.3795151111224436,0.6695673707743123,66,189.4104889739038,0.8014565105095348,225.5,105.73551979506715,0.7825416724455431,182,coif,0.5556920286951962,0.9053407607371553,0.33941335169221604,4,137.5,1.0906326309779315e-13,0.9999999999705127,1.2830021034310499e-26,0.9462907903406459,0.9276806886214947,0.0021453809513438575,0.004605263157894668,0.00017159143896374124,0.9999999997234085,2.0315811924354055e-05,4.745387416349445e-11,4.745387416349445e-11,3.962169481397382e-11,,1.2251610931599486e-12,0.0031261328403482946,0.0,,,,,0.0,,7.374542113937972e-14,1.0,0.0,0.0,0.0,1.0,0.30156916120475974,0.08604450842080678,1427,1.7345982507100999,0.8018790184149739,394,730.4413049657036,0.6171691273764657,910.5,617.5046677649643,0.5699839347574153,1035,0.4784248188775415,0.776734912893196,0.43208215291776214,2,776.75,,,,,,,,,,,,,7.322919779285476e-19,0.9999999999715822,1.2830021034310499e-26,0.9610414781691993,0.28677932812182577,0.0017631084260995424,0.0034839669868759193,0.9999999999999997,0.00017159143896374124,0.9999999999999541,9.960751159770499e-05,3.8434858594393884e-14,3.8434858594393884e-14,3.20911916831812e-14,,0.0,9.572760819061336e-19,0.004567040150618464,0.0,,,,,0.13043478260869565,,2.3332883504384434e-21,1.0,0.7209302325581395,0.0,0.0,1.0,0.42658033862811345,0.13286867808967343,1641,1.8223583285372744,0.8845896889855669,677,681.6509370638319,0.6814715247365272,1159.0,958.5478861087144,0.5699413698448991,1371,986.6382352941176,846.0,585.0035688138154,340,0.4652856568234462,0.8173890317607586,0.42908333069536003,4,1029.25
coif8,1.0,periodic,1.5976874826506484e-26,315.2124804159178,5671013.085672947,0.5198412698412699,92.35090624041464,206,smoothed,9.203748874142548e-14,-2.181838265613583e-10,6.503209591223986,31019.187584464373,0.9788678117277427,0.0001496656645132028,1.0,362.40000000000015,,,,[],[],11,426.60000000000014,32.20000000000002,728.4000000000001,"[9, 31, 53, 64, 80, 102, 131, 148, 158, 175, 192]","[311.0000000000002, 417.8000000000001, 589.6000000000001, 432.2, 728.4000000000001, 371.0000000000002, 586.9999999999998, 32.20000000000002, 448.20000000000016, 368.0, 407.19999999999993]","[1, 1, 1, 60, 1, 94, 120, 144, 144, 165, 186]","[20, 40, 75, 75, 204, 120, 204, 149, 204, 186, 204]",30736475.84000001,728.4000000000001,-728.4000000000001,0.0,,,,DWT,mdp.39015067403892,1.4901161193847656e-08,,0.0,15.0,11.0,0.0,33.0,,1.1368683772161603e-13,168.4000000000002,987.7999999999975,168.4000000000001,,0.0,168.4000000000002,,,28.00000000000003,0.0,33.0,1.1368683772161603e-13,1.1368683772161603e-13,,1.7053025658242404e-13,1.5335655021279738e-13,4.197002769743235e-26,0.9623967885129417,0.5320659439352079,0.36664355643069524,0.04649872036014982,0.0212993074719401,,0.9999996647345563,4.406097391567225e-09,4.406097391567225e-09,3.6787861342541454e-09,,1.837741639739923e-12,0.9999999955939026,7.585973278963461e-14,,,,,,3.1786782849947497e-13,0.0,1.0,1.7477015598164352e-13,1.7477015598164352e-13,0.8999999009657982,0.338329677438406,432,1.0539120344235986,0.535037271009003,178,0,0.24999997273516836,0.3557007787855848,432,0.0,0.2755577595301555,0.4861584667851062,195,141.90930202069208,0.8512481110894213,309.25,260.148857544371,0.7635433427564506,202,coif,0.5556920286951962,0.9053407607371553,0.33941335169221604,4,152.5,9.794311929152527e-14,0.999999999970514,1.0509417077462528e-26,0.9492827050726449,0.8503174315981803,0.000960464058094646,0.03815789473684256,0.0002074533664014242,0.9999999997233406,2.0315811923854454e-05,4.745570603148508e-11,4.745570603148508e-11,3.962224992548613e-11,,1.837741639739923e-12,0.003126132840347795,7.585973278963461e-14,,,,,0.0,,1.4749084227875944e-13,0.0,1.0,1.4238426238064856e-13,1.4238426238064856e-13,1.0,0.30156916120519867,0.08604450842093202,1331,1.7105547099935419,0.7907640465065673,622,501.3387078612622,0.7372438638043699,976.5,847.8054275473631,0.6127257054870906,815,0.4784248188775415,0.776734912893196,0.43208215291776214,2,611.75,,,,,,,,,,,,,6.576271286342432e-19,0.9999999999715835,1.0509417077462528e-26,0.9632116939690919,0.2628635744119688,0.0014860249996350868,0.02886715503411519,1.0,0.00020745336640142463,0.9999999999999541,9.960751159770467e-05,3.843648489765261e-14,3.843648489765261e-14,3.209173378426744e-14,,0.0,1.4359141228592004e-18,0.004567040150618456,7.054128794466933e-19,,,,,0.13043478260869565,,4.666576700876887e-21,0.7209302325581395,1.0,4.770970844811595e-19,4.770970844811595e-19,1.0,0.42658033862811345,0.13286867808967343,1643,1.8217316594389208,0.8842854979743213,683,678.8225099390856,0.6827932196546329,1163.0,964.8916595012896,0.5696676378646996,1372,986.6382352941176,846.0,585.0035688138154,340,0.4652856568234462,0.8173890317607586,0.42908333069536003,4,1030.0
bior4.4,1.0,antireflect,8.344995225859506e-21,258.0331378168867,4945225.252301201,0.5233644859813084,89.0141886837401,206,smoothed,7.435837933699305e-11,6.448201750296618e-10,6.244743444060075,39572.24158665547,0.985315326055306,0.00014966566451345343,0.9999999999999992,362.3999999999867,,,,[],[],11,426.5999999997605,32.19999999993473,728.3999999996881,"[9, 31, 53, 64, 80, 102, 131, 148, 158, 175, 192]","[310.99999999972215, 417.79999999978634, 589.5999999997193, 432.1999999995678, 728.3999999996881, 370.99999999970333, 586.9999999999089, 32.19999999993473, 448.19999999981854, 367.99999999975773, 407.1999999997589]","[0, 0, 0, 60, 0, 94, 120, 144, 144, 165, 186]","[20, 40, 75, 75, 205, 120, 205, 149, 205, 186, 205]",30736475.83999475,728.3999999996881,-728.3999999996881,0.0,,,,DWT,mdp.39015067403892,5.245208740234375e-06,,0.0,15.0,11.0,0.0,33.0,,3.1184299587039277e-10,168.39999999976055,987.8000000026332,168.39999999978892,,0.0,168.39999999976055,,,27.999999999934744,0.0,15.0,3.1184299587039277e-10,3.1184299587039277e-10,,1.3301360013429075e-11,1.6330610692818517e-10,2.4422455344259997e-20,0.7451488571994852,0.15925332343979526,0.055168170924469434,0.07069963347057168,0.09222835998068843,,0.9999996078120399,4.156740290476597e-09,4.156740290476597e-09,3.459060889656095e-09,,1.4334384789971398e-10,0.9999999958432167,2.0808324704196775e-10,,,,,,1.1188947563181518e-10,0.0,0.0,4.793945378576481e-10,4.793945378576481e-10,0.7999998842203988,0.3007374806248289,935,0.6194712589313193,0.31448565062490674,897,0,0.16666663473749196,0.2371338329564501,935,0.0,0.16035690645404518,0.28291298315469837,898,21.654483754332883,0.9773013797124394,916.25,915.8661578305903,0.5084358051602029,884,bior,0.8100315533562081,0.7923003667562746,0.1952878026237719,6,664.5,9.393475448105459e-11,0.999999999972254,5.9054703977724e-21,0.738277986112898,0.7610303436176331,0.000144519232356374,0.05801770782095417,0.0008982960493378624,0.9999999997363478,2.0315810767446152e-05,4.4770021023765594e-11,4.4770021023765594e-11,3.725580954849761e-11,,1.4334384789971398e-10,0.0031261328411271716,2.0808324704196775e-10,,,,,0.0,,5.191677648212332e-11,0.0,0.0,3.90560031710119e-10,3.90560031710119e-10,1.0,0.20156916155972854,0.05751224478627917,1656,1.5471206245552462,0.7152108952491166,1463,136.47160876900367,0.9284739995969582,1559.5,1553.5286950945815,0.555562995605607,1142,0.5943810304597339,0.7715092316736338,0.3524805091760961,5,857.75,,,,,,,,,,,,,6.307134520033982e-16,0.9999999999732602,5.9054703977724e-21,0.8101572736539797,0.23526173747056928,0.0012952227675042352,0.0438914719468107,0.9999999999999993,0.0008982960493378626,0.9999999999999563,9.960751159682982e-05,3.6261141658777696e-14,3.6261141658777696e-14,3.017486434331307e-14,,0.0,1.1200130158301764e-16,0.00456704015063065,1.9349475283222795e-15,,,,,0.13043478260869565,,1.642634998708664e-18,0.7209302325581395,0.7209302325581395,1.3086773027318203e-15,1.3086773027318203e-15,1.0,0.3986733618839329,0.12417638082767729,1719,1.7222887515018446,0.8360149851852777,1120,423.556961930742,0.802076186013672,1419.5,1356.3085593518845,0.5693792145021631,1373,1104.4,1082.5,563.6960149978129,300,0.520820561188399,0.7876173146100969,0.3991404127850916,6,1031.25
sym10,1.0,smooth,2.5587635653179913e-23,285.3914908876006,10260838.09239541,0.6205357142857143,299.66534044182504,206,raw,3.95363138128912e-12,-2.1999913002456674e-10,5.896570444015001,213080.668423263,0.9340175358598014,5.618943883689841e-06,1.0,326.99999999999795,,,,[],[],13,661.1538461538582,87.00000000000395,940.0000000000172,"[8, 32, 51, 63, 81, 100, 111, 133, 152, 162, 175, 192, 204]","[878.0000000000034, 638.0000000000175, 787.000000000018, 792.0000000000163, 940.0000000000172, 788.0000000000127, 637.0000000000134, 675.0000000000073, 771.0000000000128, 196.00000000000887, 834.0000000000183, 572.0000000000077, 87.00000000000395]","[0, 13, 42, 42, 76, 99, 107, 107, 107, 161, 164, 187, 203]","[76, 42, 61, 76, 205, 164, 119, 142, 164, 164, 205, 205, 205]",37754613.0000004,941.0000000000098,-941.0000000000098,0.0,,,,DWT,mdp.39015067403892,4.023313522338867e-07,,0.0,33.0,19.0,0.0,28.5,,9.777068044058979e-12,256.34134615385824,4358.999999999844,256.34134615385824,,0.0,256.34134615385824,,,84.00000000000395,0.0,28.5,1.716671249596402e-11,9.777068044058979e-12,,2.0463630789890885e-12,4.977133996784098e-12,1.8106708423521816e-23,0.8392365025716956,0.6407540380797907,0.005092218023904246,0.47544642857142866,0.012576878048907383,0.9999999997233134,0.4742280246161896,6.705298629657493e-09,6.705298629657493e-09,6.091332209932646e-09,,1.0293391577412962e-10,0.9999999932947081,2.0555575234652634e-11,,,,,,3.982252741526505e-12,1.0,1.0,1.2245046564735777e-11,1.2245046564735777e-11,0.8422684099514237,0.2753648338404879,75,1.4216743521338175,0.6828350058366361,769,0,0.2895190031303991,0.3459225095869461,75,0.0,0.3716382581280021,0.6750239221575747,736,391.3867439417607,0.5897413585516136,413.75,136.39888724923546,0.5780205744540039,601,sym,0.8243425715244881,0.7368036147090654,0.2019191155201387,6,452.25,4.977133996784097e-12,0.00015478832996307368,1.8106708423521816e-23,0.8392365025716956,0.6407540380797908,0.00612043477278852,0.6057565789473687,0.01491282548843358,0.9999999997233133,0.9919828214562716,0.9855281704453818,0.9855281704453818,0.9855281704452697,,2.2052899676879078e-11,0.9999999999667138,1.1454819651234826e-11,,,,,1.0,,3.982252741526505e-12,1.0,0.75,1.2245046564735777e-11,1.2245046564735777e-11,0.0,2.259570199844692,0.644706528715417,75,1.4752933361334355,0.6820062062028132,1619,1091.7728701520293,0.42779199677566593,847.0,143.35891381345925,0.49193583067294827,1575,0.7763846615972358,0.5622554397616224,0.28785410495344815,6,1182.75,,,,,,,,,,,,,3.3418359174274456e-17,0.036413600438414934,1.8106708423521816e-23,0.8833885610330205,0.1980800234237101,0.0026926432647887432,0.4582660861665734,1.0,0.014912825488433581,0.9999999999999541,0.000849988472839175,0.0007982210227402355,0.0007982210227402355,0.0007982210227338968,,0.0,1.7230969474310408e-17,0.020163910573049098,1.065173447964507e-16,,,,,0.4782608695652174,,1.2599757092367595e-19,1.0,0.9302325581395349,4.103034926537971e-17,4.103034926537971e-17,0.9302325581395349,0.581429466016788,0.1811001529055094,198,1.6306151147575707,0.7915157489231738,1561,963.7865427572643,0.549632456655484,879.5,351.4246731097214,0.5693255741221346,1374,1409.1368421052632,1454.5,398.32527672708756,380,0.6645304607900322,0.5565550872278735,0.3678621512786154,7,1032.25
db31,1.0,antireflect,1.0797339297052696e-26,316.9142312533013,6427760.602797396,0.5263157894736842,116.43506597710623,206,smoothed,7.272068599937943e-14,-2.0512773701852926e-10,6.607158534996667,129728.04971238963,0.9958314756132062,0.0001496656645132028,1.0,362.4,,,,[],[],11,426.6,32.20000000000002,728.4000000000002,"[9, 31, 53, 64, 80, 102, 131, 148, 158, 175, 192]","[310.9999999999998, 417.8000000000001, 589.6000000000004, 432.1999999999998, 728.4000000000002, 371.0000000000002, 586.9999999999998, 32.20000000000002, 448.20000000000005, 368.0000000000001, 407.2000000000001]","[0, 0, 0, 60, 0, 94, 120, 144, 144, 165, 186]","[20, 40, 75, 75, 203, 120, 203, 149, 203, 186, 203]",30736475.839999996,728.4000000000002,-728.4000000000002,0.0,,,,DWT,mdp.39015067403892,0.0,,0.0,33.0,11.0,0.0,33.0,,2.2737367544323206e-13,168.4000000000001,987.7999999999984,168.40000000000006,,0.0,168.4000000000001,,,28.00000000000003,0.0,15.0,2.2737367544323206e-13,2.2737367544323206e-13,,0.0,1.1092024033889498e-13,2.681160081431767e-26,0.9688624425800937,0.6820023226480727,0.6914054410880923,0.09097208810933019,0.8398754632119632,,0.9999996647345563,4.4059791007223055e-09,4.4059791007223055e-09,3.6787565615428943e-09,,0.0,0.9999999955939887,1.5171946557926922e-13,,,,,,0.0,1.0,0.0,3.4954031196328703e-13,3.4954031196328703e-13,0.8999999009647913,0.3383296774380275,492,1.6403603679446892,0.832758243638857,27,0,0.24999997273500915,0.3557007787853583,490,0.0,0.4675882510910948,0.8249522264398405,27,267.8917691904699,0.7191910176200524,259.0,51.185317118626074,0.7238512740091876,276,db,0.573477938514061,0.8443824841957417,0.34525069778143475,3,207.75,7.353600390240995e-14,0.999999999970514,6.84403476830674e-27,0.9555625509201153,0.8862265771089475,0.0018112143636205254,0.07465373961218841,0.008180312549166964,0.9999999997235375,2.0315811923854454e-05,4.745454029730922e-11,4.745454029730922e-11,3.9622027880881205e-11,,0.0,0.0031261328403480726,1.5171946557926922e-13,,,,,0.0,,0.0,1.0,0.0,2.847685247612971e-13,2.847685247612971e-13,1.0,0.30156916120430033,0.08604450842067571,1520,1.7504900470334865,0.8092255599161147,239,905.8037866999674,0.5252600698637487,879.5,413.0528709494031,0.5321530957285201,1324,0.49117026184683504,0.8233619396015222,0.4091722348267588,4,994.0,,,,,,,,,,,,,4.937485292217229e-19,0.9999999999715835,6.84403476830674e-27,0.9677668440652195,0.27396437746771546,0.0016849662174232736,0.05647693852409408,1.0,0.008180312549166962,0.9999999999999541,9.960751159770467e-05,3.8435400695480126e-14,3.8435400695480126e-14,3.2091408523615694e-14,,0.0,0.0,0.00456704015061846,1.4108257588933865e-18,,,,,0.13043478260869565,,0.0,1.0,0.7209302325581395,9.54194168962319e-19,9.54194168962319e-19,1.0,0.42658033862811345,0.13286867808967343,1584,1.8443476787024624,0.8952635241578358,331,886.004796826744,0.5859790669033906,957.5,547.5759791122715,0.5692745801806673,1375,1009.0473684210526,935.5,610.6543869996938,760,0.4758535102197843,0.8532293215616218,0.41093374637766444,5,1032.5
sym16,1.0,antireflect,2.6164770843838133e-20,253.0702293878913,5549620.47223996,0.5296610169491526,104.30729994610947,206,smoothed,1.3037329791794727e-10,1.4169858619688725e-09,6.4251448173225265,87752.72888661755,0.9929850787183887,0.00014966566451373822,0.9999999999999996,362.39999999997946,,,,[],[],11,426.59999999956256,32.199999999853475,728.3999999994121,"[9, 31, 53, 64, 80, 102, 131, 148, 158, 175, 192]","[310.9999999994724, 417.79999999958574, 589.5999999994539, 432.1999999992778, 728.3999999994121, 370.99999999947283, 586.9999999998331, 32.199999999853475, 448.19999999967763, 367.99999999957896, 407.19999999957065]","[0, 0, 0, 60, 0, 94, 120, 144, 144, 165, 186]","[20, 40, 75, 75, 205, 120, 205, 149, 205, 186, 205]",30736475.83999081,728.3999999994121,-728.3999999994121,0.0,,,,DWT,mdp.39015067403892,9.18656587600708e-06,,0.0,15.0,11.0,0.0,33.0,,5.878746378584765e-10,168.39999999956262,987.8000000048105,168.39999999961606,,0.0,168.39999999956262,,,27.999999999853486,0.0,15.0,5.878746378584765e-10,5.878746378584765e-10,,2.0520474208751693e-11,2.863630369080482e-10,7.657380448407842e-20,0.726292718942386,0.41946499697975037,0.3145473248212557,0.11395040004097406,0.4917811177115097,,0.9999995369624646,3.950795929471482e-09,3.950795929471482e-09,3.2791996598249584e-09,,2.2114157731537072e-10,0.9999999960491719,3.9227067825520054e-10,,,,,,1.9596551626992632e-10,0.0,0.0,9.037364765810785e-10,9.037364765810785e-10,0.7999998632337463,0.3007374727354865,948,1.045074399452837,0.5305506877435258,185,0,0.1666666289007732,0.23713382465194754,948,0.0,0.29514807982603414,0.5207210938550627,166,446.0705288030881,0.5324208293468677,561.75,295.4382902721682,0.4717921756797232,950,sym,1.0,1.0,0.0,7,714.25,1.6471057590316837e-10,0.9999999999742306,1.8515923580657022e-20,0.7199637304624511,0.8233499683075202,0.0008239921164896964,0.09351025869759183,0.004789904485688654,0.9999999997479857,2.0315809328042e-05,4.2551961954018225e-11,4.2551961954018225e-11,3.5318581392829174e-11,,2.2114157731537072e-10,0.00312613284177099,3.9227067825520054e-10,,,,,0.0,,9.092810426485519e-11,0.0,0.0,7.362690207703337e-10,7.362690207703337e-10,1.0,0.20156916184648846,0.057512244868098264,1642,1.5833852837036646,0.7319755087665019,1364,196.5756851698602,0.8969729113365512,1503.0,1490.1450432468398,0.5546185311399737,1151,0.7763846615972358,0.5622554397616224,0.28785410495344815,6,864.75,,,,,,,,,,,,,1.1059290726129205e-15,0.9999999999751652,1.8515923580657022e-20,0.7968728419317838,0.2545269655997948,0.0014541121174645364,0.07074224491995568,0.9999999999999997,0.004789904485688654,0.9999999999999583,9.960751159574107e-05,3.4464618658969215e-14,3.4464618658969215e-14,2.8605915379509295e-14,,0.0,1.7278833278405712e-16,0.0045670401506407235,3.6476899996188515e-15,,,,,0.13043478260869565,,2.876944536090601e-18,0.7209302325581395,0.7209302325581395,2.4670690238520755e-15,2.4670690238520755e-15,1.0,0.3986733618839374,0.12417638082767872,1707,1.7363271037724908,0.8428293319986886,1046,467.39758236430794,0.7815899147830336,1376.5,1297.146385760988,0.5691828078588066,1376,1409.1368421052632,1454.5,398.32527672708756,380,0.6645304607900322,0.5565550872278735,0.3678621512786154,7,1033.75
rbio4.4,1.0,antisymmetric,8.456232847203499e-21,257.97562941235026,5016715.2448004875,0.5280373831775701,97.8091678315857,206,smoothed,7.50034252612891e-11,6.090743021013467e-10,6.200959286851253,38238.542839010624,0.9830952492430141,0.00014966566451344402,0.9999999999999993,362.39999999998673,,,,[],[],11,426.5999999997562,32.19999999993479,728.3999999996402,"[9, 31, 53, 64, 80, 102, 131, 148, 158, 175, 192]","[310.99999999972204, 417.7999999997863, 589.5999999997192, 432.19999999956804, 728.3999999996402, 370.9999999997033, 586.9999999999089, 32.19999999993479, 448.1999999998187, 367.9999999997578, 407.199999999759]","[0, 0, 0, 60, 0, 94, 120, 144, 144, 165, 186]","[20, 40, 75, 75, 205, 120, 205, 149, 205, 186, 205]",30736475.839994762,728.3999999996884,-728.3999999996884,0.0,,,,DWT,mdp.39015067403892,5.234032869338989e-06,,0.0,15.0,11.0,0.0,33.0,,3.1161562219494954e-10,168.3999999997563,987.8000000026805,168.39999999978892,,0.0,168.3999999997563,,,27.9999999999348,0.0,15.0,3.5981884138891473e-10,3.1161562219494954e-10,,1.3244516594568267e-11,1.6472318247075114e-10,2.474800332828403e-20,0.744930359026005,0.09609887724126803,0.08584844958125858,0.10279768664860611,0.08116821836597168,,0.9999996078616024,4.1523043837921106e-09,4.1523043837921106e-09,3.459060889656095e-09,,1.4273126735313402e-10,0.9999999958476903,2.400960542791935e-10,,,,,,1.1165107476044058e-10,0.0,0.0,4.790449975456849e-10,4.790449975456849e-10,0.7999998842502841,0.3007374806360635,929,0.6115182408821144,0.31044815894216005,904,0,0.16666663474379423,0.23713383296541699,929,0.0,0.15869194157540467,0.2799755344904653,901,15.348724159790395,0.9839111906081862,915.75,915.5570026858425,0.5120027651154139,865,rbio,0.7685897546424816,0.816051598246696,0.21717169227625407,5,650.0,9.474978119721519e-11,0.9999999999721887,5.984189504354113e-21,0.7380657670808932,0.7459051137190384,0.00022488967505292896,0.08435809149040846,0.0007905712505916018,0.999999999735809,2.0315810768445353e-05,4.472228143370671e-11,4.472228143370671e-11,3.725580954849761e-11,,1.4273126735313402e-10,0.0031261328411411604,2.400960542791935e-10,,,,,0.0,,5.180615835041425e-11,0.0,0.0,3.902752631853577e-10,3.902752631853577e-10,1.0,0.20156916157523808,0.05751224479070439,1655,1.5499639269563867,0.7165253117357874,1457,140.0071426749364,0.9266209944051695,1556.0,1549.7011568123394,0.555553683785394,1143,0.3888041033402703,1.0,0.4278371276618108,3,858.0,,,,,,,,,,,,,6.361858494825263e-16,0.9999999999731972,5.984189504354113e-21,0.8100033384193391,0.23058598715991804,0.001314016758691044,0.06381846069417613,0.9999999999999994,0.000790571250591602,0.9999999999999561,9.960751159683058e-05,3.6222435641219963e-14,3.6222435641219963e-14,3.017486434331307e-14,,0.0,1.115226635420646e-16,0.0045670401506308685,2.232631763448784e-15,,,,,0.13043478260869565,,1.6391350661830064e-18,0.7209302325581395,0.7209302325581395,1.307723108562858e-15,1.307723108562858e-15,1.0,0.3986733618839331,0.12417638082767736,1716,1.7277956177807567,0.8386880693162444,1091,441.9417382415922,0.793485169045985,1403.5,1333.9194869967937,0.568822023775329,1377,818.67,599.5,715.6978453131971,300,0.38607403914171184,1.0,0.42974817260080167,3,1033.5
bior4.4,1.0,periodic,4.043315139945719e-20,253.40441654863983,5945122.073763184,0.6214953271028038,288.87202965275407,206,raw,1.5769479357713065e-10,1.1711742482378337e-11,6.3849145346841985,61015.48273729944,0.7538267546798464,5.61894388369919e-06,1.0,327.00000000023704,,,,[],[],13,661.1538461533166,86.99999999990757,939.9999999992373,"[8, 32, 51, 63, 81, 100, 111, 133, 152, 162, 175, 192, 204]","[877.9999999994222, 637.9999999993772, 786.9999999993615, 791.9999999993106, 939.9999999992373, 787.9999999993793, 636.9999999994692, 674.9999999997368, 770.9999999993579, 195.99999999973352, 833.9999999992729, 571.9999999995513, 86.99999999990757]","[0, 13, 39, 39, 76, 99, 107, 107, 107, 161, 99, 187, 203]","[76, 39, 61, 76, 205, 164, 119, 142, 164, 164, 205, 205, 205]",37754612.999982506,940.9999999994956,-940.9999999994956,0.0,,,,DWT,mdp.39015067403892,1.749396324157715e-05,,0.0,33.0,19.0,0.0,28.5,,5.044284989708103e-10,256.34134615331664,4359.000000006883,256.3413461533644,,0.0,256.34134615331664,,,83.99999999990757,0.0,19.5,7.627249942743219e-10,5.044284989708103e-10,,2.370370566495694e-10,1.9923175966539748e-10,2.8613174457973375e-20,0.721196956741882,0.8094524237941463,0.000235386539657472,0.48264352469959954,0.00026522487926604587,0.9999999997268058,0.4742280245042301,6.285892830777584e-09,6.285892830777584e-09,5.7089017331372906e-09,,1.1923178577170013e-08,0.9999999937140327,9.132937367502286e-10,,,,,,1.7315424883526358e-10,1.0,0.0,6.317589721829378e-10,6.317589721829378e-10,0.7422684164500084,0.24267159583081918,630,1.430725578994069,0.6871823407496365,750,0,0.20618567089767453,0.24635434616244292,630,0.0,0.3767241895725736,0.6842617369316304,701,58.653644388051454,0.9385181924653548,677.75,674.0281741731659,0.6140442115366607,499,bior,0.672619891330026,0.76736776154697,0.2989557476048908,5,375.5,1.9923175966539748e-10,0.00015478833002802173,2.8613174457973375e-20,0.7211969567418819,0.8094524237941464,0.001268622724080476,0.6111657648794886,0.002630298003677087,0.9999999997268056,0.9919828214545645,0.9855281704393122,0.9855281704393122,0.9855281704397353,,2.554460879238493e-09,0.9999999999687954,5.089429472856586e-10,,,,,1.0,,1.7315424883526358e-10,1.0,0.25,6.317589721829378e-10,6.317589721829378e-10,0.0,2.2095702016872574,0.6304403973732385,621,1.483643558907009,0.6858663902186095,1611,700.035713374682,0.6331049720258479,1116.0,896.4435483870968,0.5240996558242448,1380,0.5943810304597339,0.7715092316736338,0.3524805091760961,5,1036.25,,,,,,,,,,,,,1.3377173505320424e-15,0.036413600438477474,2.8613174457973375e-20,0.797767375164245,0.2502307368144238,0.0015580854618941146,0.4623582356414787,1.0,0.002630298003677087,0.9999999999999547,0.0008499884728378836,0.0007982210227353195,0.0007982210227353195,0.0007982210227294142,,0.0,1.995920630774289e-15,0.020163910573081666,4.732615008207866e-15,,,,,0.4782608695652174,,5.478561046829464e-18,1.0,0.7906976744186046,2.1168797638429046e-15,2.1168797638429046e-15,0.9302325581395349,0.5674759776447109,0.17675400427451543,635,1.601474329826294,0.7773705407742122,1638,709.2281015301072,0.6685849992849966,1136.5,915.2045754509459,0.5687551164649283,1378,1104.4,1082.5,563.6960149978129,300,0.520820561188399,0.7876173146100969,0.3991404127850916,6,1035.0
sym10,1.0,antireflect,3.2034077310250922e-24,292.1912765488737,5248236.985253579,0.5223214285714286,96.86530940587667,206,smoothed,1.4078015991362387e-12,,6.3265760442817385,64665.93336774577,0.9909263323692563,0.0001496656645131962,1.0,362.4000000000002,,,,[],[],11,426.6000000000049,32.20000000000192,728.4000000000087,"[9, 31, 53, 64, 80, 102, 131, 148, 158, 175, 192]","[311.0000000000061, 417.8000000000044, 589.600000000006, 432.2000000000079, 728.4000000000087, 371.0000000000058, 587.0000000000014, 32.20000000000192, 448.2000000000031, 368.00000000000443, 407.2000000000046]","[1, 1, 1, 60, 1, 94, 120, 144, 144, 165, 186]","[20, 40, 75, 75, 203, 120, 203, 149, 203, 186, 203]",30736475.8400001,728.4000000000066,-728.4000000000066,0.0,,,,DWT,mdp.39015067403892,1.043081283569336e-07,,0.0,33.0,11.0,0.0,33.0,,6.59383658785373e-12,168.40000000000498,987.7999999999447,168.40000000000495,,0.0,168.40000000000498,,,28.000000000001933,0.0,33.0,8.753886504564434e-12,6.59383658785373e-12,,2.2737367544323206e-13,3.0439059985507273e-12,9.370304065356819e-24,0.8749297297967853,0.27728899838350296,0.18520713271829442,0.06353488945761823,0.30032616709418697,,0.9999996663948996,4.4110656070538505e-09,4.4110656070538505e-09,3.6838430678781384e-09,,2.4503221863198973e-12,0.999999995588913,5.8411994248018655e-12,,,,,,2.225074799496325e-12,1.0,1.0,1.0136669046935325e-11,1.0136669046935325e-11,0.9999999014740316,0.3759218681480767,62,0.9017503260506051,0.4577896615873307,262,0,0.33333330621004803,0.47426771817966956,61,0.0,0.24304098820763317,0.42879008159459814,251,112.67356980824444,0.8818935326957605,159.0,99.19815030414127,0.857613433014547,73,sym,1.0,1.0,0.0,7,56.5,1.7604338997850132e-12,0.9999999999704683,2.266146550084954e-24,0.8643292510578904,0.7892994018902239,0.000485170927345375,0.05213815789473725,0.002925150240880138,,2.0315811957549723e-05,4.750921878127201e-11,4.750921878127201e-11,3.9676706364843994e-11,,2.4503221863198973e-12,0.0031261328403321964,5.8411994248018655e-12,,,,,0.0,,1.032435895951316e-12,1.0,1.0,8.258287218077616e-12,8.258287218077616e-12,1.0,0.4015691612121272,0.11457677215871714,1017,1.2355151602894343,0.5711603154010618,1700,482.95393155041194,0.7468794908016709,1358.5,1272.6536621273463,0.5174386971828061,1431,0.7763846615972358,0.5622554397616224,0.28785410495344815,6,1074.75,,,,,,,,,,,,,1.1820218704900637e-17,0.9999999999715394,2.266146550084954e-24,0.9015898415190751,0.24400071591162864,0.0013748814671280113,0.039443483387131384,1.0,0.002925150240880138,,9.960751159773015e-05,3.847985298455203e-14,3.847985298455203e-14,3.213575239247035e-14,,0.0,1.9145521638122673e-18,0.004567040150618211,5.431679171739538e-17,,,,,0.13043478260869565,,3.266603690613821e-20,1.0,1.0,2.7671630899907247e-17,2.7671630899907247e-17,1.0,0.45448731537229947,0.14156097535167125,1107,1.3805891570434898,0.6701508226574701,1719,432.7493500861671,0.7977806775298284,1413.0,1346.7324840764331,0.5687501518490263,1379,1409.1368421052632,1454.5,398.32527672708756,380,0.6645304607900322,0.5565550872278735,0.3678621512786154,7,1036.0
sym4,1.0,symmetric,8.881790532029915e-22,267.762393476797,4961819.167125599,0.5330188679245284,87.31602633177438,206,smoothed,2.3039175745192177e-11,,6.198826039479767,33495.799559526444,0.9836788281586095,0.00014966566451305103,0.9999999999999993,362.40000000000043,,,,[],[],11,426.60000000005823,32.200000000051915,728.400000000125,"[9, 31, 53, 64, 80, 102, 131, 148, 158, 175, 192]","[311.00000000009607, 417.80000000005856, 589.6000000000942, 432.2000000000566, 728.400000000125, 371.0000000000598, 586.9999999999983, 32.200000000051915, 448.2000000000209, 368.00000000003445, 407.2000000000452]","[1, 1, 1, 60, 1, 94, 120, 144, 144, 165, 186]","[20, 40, 75, 75, 203, 120, 203, 149, 203, 186, 203]",30736475.840000536,728.4000000001009,-728.4000000001009,0.0,,,,DWT,mdp.39015067403892,5.401670932769775e-07,,0.0,33.0,11.0,0.0,33.0,,1.0095391189679503e-10,168.4000000000583,987.7999999993581,168.4000000000583,,0.0,168.4000000000583,,,28.000000000051926,0.0,33.0,1.2505552149377763e-10,1.0095391189679503e-10,,4.547473508864641e-13,5.056500503955695e-11,2.5993397210023804e-21,0.7821143165640192,0.09302187256790873,0.062289530334664424,0.13701542258368044,0.04183743815344538,,0.999999709985107,4.466544013321168e-09,4.466544013321168e-09,3.7393510468970535e-09,,4.9006443726397945e-12,0.9999999955334238,8.344570606859807e-11,,,,,,1.1522708783105968e-11,1.0,1.0,1.5519589851169945e-10,1.5519589851169945e-10,0.9999999146759886,0.3759218731109815,42,0.6184654356997178,0.31397502649369274,898,0,0.33333330988343585,0.47426772340617773,42,0.0,0.15946836860775473,0.2813453619134398,900,494.78985438264596,0.4813523538965976,470.5,80.25079259254005,0.4940828855436866,917,sym,1.0,1.0,0.0,7,689.5,2.9092050413046125e-11,0.9999999999694609,6.285335128999678e-22,0.774181142093598,0.7451681837658043,0.00016317443476836376,0.11243793445878897,0.00040749293834918543,,2.031581284317463e-05,4.810674081312527e-11,4.810674081312527e-11,4.027456146360464e-11,,4.9006443726397945e-12,0.0031261328401586685,8.344570606859807e-11,,,,,0.0,,5.34654303260503e-12,1.0,1.0,1.2643722499401594e-10,1.2643722499401594e-10,1.0,0.4015691613023,0.11457677218444548,996,1.1823125353148662,0.5465655317534697,1753,535.2798333582165,0.7194550139631989,1374.5,1270.2713714077847,0.49953358664616965,1543,0.7763846615972358,0.5622554397616224,0.28785410495344815,6,1158.75,,,,,,,,,,,,,1.953350242222639e-16,0.9999999999705682,6.285335128999678e-22,0.8361999932348503,0.23035817571633244,0.001299585138768542,0.08506138266070706,0.9999999999999994,0.00040749293834918543,,9.960751159840007e-05,3.896373241413231e-14,3.896373241413231e-14,3.261995708270238e-14,,0.0,3.8291043276245345e-18,0.004567040150615497,7.759541673913627e-16,,,,,0.13043478260869565,,1.6916340540678717e-19,1.0,1.0,4.2366221101926964e-16,4.2366221101926964e-16,1.0,0.4544873153722993,0.1415609753516712,1281,1.3517364265992535,0.6561454388367495,1749,330.92597359530424,0.8453616945816336,1515.0,1478.8574257425744,0.5687088846739943,1380,1409.1368421052632,1454.5,398.32527672708756,380,0.6645304607900322,0.5565550872278735,0.3678621512786154,7,1036.75
sym4,1.0,periodization,8.709110872422983e-22,267.84766054819124,4963967.639517191,0.5339805825242718,96.30746098064448,206,smoothed,2.295389226968081e-11,,6.191917045412041,31688.23739843665,0.9840142002919083,0.00014966566451304786,0.9999999999999996,362.4000000000005,,,,[],[],11,426.6000000000597,32.20000000005194,728.4000000001414,"[9, 31, 53, 64, 80, 102, 131, 148, 158, 175, 192]","[311.00000000009595, 417.80000000005856, 589.6000000000943, 432.20000000005666, 728.4000000001414, 371.0000000000597, 586.9999999999982, 32.20000000005194, 448.2000000000211, 368.00000000003445, 407.20000000004524]","[1, 1, 1, 60, 1, 94, 120, 144, 144, 165, 186]","[20, 40, 75, 75, 203, 120, 203, 149, 203, 186, 203]",30736475.84000053,728.4000000001009,-728.4000000001009,0.0,,,,DWT,mdp.39015067403892,5.327165126800537e-07,,0.0,33.0,11.0,0.0,33.0,,1.0095391189679503e-10,168.40000000005978,987.7999999993417,168.40000000005978,,0.0,168.40000000005978,,,28.000000000051955,0.0,33.0,1.4142642612569034e-10,1.0095391189679503e-10,,5.115907697472721e-13,5.0377649189717154e-11,2.5488032978140863e-21,0.7824382813741684,0.08305631146197892,0.06321155773117171,0.14362142418571724,0.026847626163024125,,0.9999997100098882,4.468081794305123e-09,4.468081794305123e-09,3.740888827882128e-09,,5.513224919219769e-12,0.9999999955318752,9.436950759030545e-11,,,,,,1.1363774868856231e-11,1.0,1.0,1.5519589851169945e-10,1.5519589851169945e-10,0.9999999146897214,0.375921873116144,36,0.6107845235756862,0.31007567424467003,906,0,0.3333333098867045,0.4742677234108284,36,0.0,0.15702502870949117,0.27703464904946506,906,502.2947341949744,0.4734856035692092,471.0,69.2484076433121,0.4898874558726549,929,sym,1.0,1.0,0.0,7,698.5,2.8984293262166287e-11,0.9999999999694387,6.163135567692482e-22,0.7744957968905625,0.7427814729026949,0.00016558978929837368,0.11785896780786931,0.0002614934985442031,,2.031581284367423e-05,4.812339415849465e-11,4.812339415849465e-11,4.029121480897402e-11,,5.513224919219769e-12,0.0031261328401538946,9.436950759030545e-11,,,,,0.0,,5.27279761146565e-12,1.0,1.0,1.2643722499401594e-10,1.2643722499401594e-10,1.0,0.4015691613080441,0.1145767721860844,991,1.1834191940024263,0.5470771236346087,1750,536.6940469205896,0.7187138118864834,1370.5,1265.4140824516599,0.500211203637162,1538,0.7763846615972358,0.5622554397616224,0.28785410495344815,6,1155.0,,,,,,,,,,,,,1.9461150197551996e-16,0.999999999970547,6.163135567692482e-22,0.836428231294104,0.22962035790235955,0.0013001499502866447,0.08916249492626177,0.9999999999999997,0.00026149349854420354,,9.960751159840051e-05,3.897717652107113e-14,3.897717652107113e-14,3.26334011896412e-14,,0.0,4.307742368577601e-18,0.004567040150615422,8.775336220316865e-16,,,,,0.13043478260869565,,1.6683011705634872e-19,1.0,1.0,4.2366221101926964e-16,4.2366221101926964e-16,1.0,0.45448731537229936,0.14156097535167123,1269,1.353086788063872,0.6568009168562473,1747,337.9970414071697,0.8420574572863693,1508.0,1470.121352785146,0.5686922800450538,1381,1409.1368421052632,1454.5,398.32527672708756,380,0.6645304607900322,0.5565550872278735,0.3678621512786154,7,1037.5
sym4,1.0,antisymmetric,8.79674576980278e-22,267.80417833413696,4961834.010157032,0.5330188679245284,87.31602633177438,206,smoothed,2.303012149916611e-11,,6.198807496060225,34746.61780880445,0.9845291468230951,0.00014966566451304973,0.9999999999999997,362.40000000000043,,,,[],[],11,426.6000000000611,32.200000000051915,728.400000000156,"[9, 31, 53, 64, 80, 102, 131, 148, 158, 175, 192]","[311.00000000009607, 417.80000000005856, 589.6000000000942, 432.2000000000566, 728.400000000156, 371.0000000000598, 586.9999999999983, 32.200000000051915, 448.2000000000209, 368.00000000003445, 407.2000000000452]","[1, 1, 1, 60, 1, 94, 120, 144, 144, 165, 186]","[20, 40, 75, 75, 203, 120, 203, 149, 203, 186, 203]",30736475.840000536,728.4000000001009,-728.4000000001009,0.0,,,,DWT,mdp.39015067403892,5.401670932769775e-07,,0.0,33.0,11.0,0.0,33.0,,1.0095391189679503e-10,168.40000000006114,987.7999999993272,168.40000000006108,,0.0,168.40000000006114,,,28.000000000051926,0.0,33.0,1.559783413540572e-10,1.0095391189679503e-10,,4.547473508864641e-13,5.05451141292874e-11,2.574450523840181e-21,0.782273074489604,0.09299512546424238,0.0622959002939348,0.13701542258368044,0.05221026559721134,,0.999999709985107,4.469501284444159e-09,4.469501284444159e-09,3.742249172599693e-09,,4.9006443726397945e-12,0.9999999955304988,1.0407955338737868e-10,,,,,,1.1522708783105968e-11,1.0,1.0,1.5519589851169945e-10,1.5519589851169945e-10,0.9999999146874868,0.375921873115304,37,0.6226996328603711,0.3161245923205874,895,0,0.33333330988564597,0.47426772340932233,37,0.0,0.16096996978274544,0.2839945927904832,897,495.9445533524892,0.48014197761793587,466.5,71.06537698258424,0.495574133463056,912,sym,1.0,1.0,0.0,7,685.75,2.908061021611133e-11,0.9999999999694518,6.225151823917383e-22,0.774335337676811,0.7451617779445767,0.0001631911215935469,0.11243793445878897,0.0005085233580069716,,2.031581284317463e-05,4.8138715236234475e-11,4.8138715236234475e-11,4.030586975289907e-11,,4.9006443726397945e-12,0.0031261328401495647,1.0407955338737868e-10,,,,,0.0,,5.34654303260503e-12,1.0,1.0,1.2643722499401594e-10,1.2643722499401594e-10,1.0,0.401569161312641,0.114576772187396,990,1.1824422702654498,0.5466255062950014,1752,538.8153672641492,0.7176020087714102,1371.0,1265.1203501094092,0.4995242748259567,1544,0.7763846615972358,0.5622554397616224,0.28785410495344815,6,1159.5,,,,,,,,,,,,,1.9525821041527407e-16,0.9999999999705595,6.225151823917383e-22,0.8363118405703988,0.23035619544755004,0.0012995890408503883,0.08506138266070706,0.9999999999999997,0.0005085233580069716,,9.960751159840007e-05,3.898953642583747e-14,3.898953642583747e-14,3.264532741353854e-14,,0.0,3.8291043276245345e-18,0.004567040150615354,9.678264706008632e-16,,,,,0.13043478260869565,,1.6916340540678717e-19,1.0,1.0,4.2366221101926964e-16,4.2366221101926964e-16,1.0,0.4544873153722994,0.14156097535167123,1271,1.351842958985093,0.6561971506480772,1748,337.28993462598316,0.8423878810158957,1509.5,1471.8171579993377,0.5685070246200974,1382,1409.1368421052632,1454.5,398.32527672708756,380,0.6645304607900322,0.5565550872278735,0.3678621512786154,7,1038.25
db18,1.0,antireflect,7.315482457457703e-27,318.6049690103635,5619042.771980785,0.5333333333333333,108.15649936815483,206,smoothed,6.098250275843968e-14,-1.990868581103204e-10,6.450987876457362,92741.80358479355,0.9942517729248991,0.0001496656645132028,0.9999999999999997,362.4000000000001,,,,[],[],11,426.59999999999997,32.19999999999999,728.3999999999999,"[9, 31, 53, 64, 80, 102, 131, 148, 158, 175, 192]","[310.9999999999999, 417.80000000000007, 589.5999999999999, 432.20000000000016, 728.3999999999999, 370.99999999999994, 586.9999999999999, 32.19999999999999, 448.1999999999999, 368.0000000000001, 407.1999999999999]","[0, 0, 0, 60, 0, 94, 120, 144, 144, 165, 186]","[20, 40, 75, 75, 203, 120, 203, 149, 203, 186, 203]",30736475.839999992,728.3999999999999,-728.3999999999999,0.0,,,,DWT,mdp.39015067403892,3.725290298461914e-09,,0.0,33.0,11.0,0.0,33.0,,1.1368683772161603e-13,168.40000000000003,987.7999999999993,168.39999999999998,,0.0,168.40000000000003,,,28.0,0.0,15.0,1.1368683772161603e-13,1.1368683772161603e-13,,1.1368683772161603e-13,8.513309595371576e-14,1.6621599795821055e-26,0.9752862534079143,0.4567411304440142,0.34434024305474004,0.13917548025037796,0.5331546833579256,,0.999999664709775,4.4059199552998455e-09,4.4059199552998455e-09,3.67866784340914e-09,,1.2251610931599486e-12,0.9999999955940747,7.585973278963461e-14,,,,,,7.946695712486874e-14,1.0,0.0,1.7477015598164352e-13,1.7477015598164352e-13,0.8999999009578824,0.3383296774354303,532,1.2546445042374725,0.6369426951280573,110,0,0.24999997273300728,0.35570077878251,532,0.0,0.34981397007357967,0.6171665194293742,105,245.09368956924752,0.7430883757135771,319.75,178.77800407331975,0.7039603304144405,325,db,0.573477938514061,0.8443824841957417,0.34525069778143475,3,244.5,5.870460573336438e-14,0.999999999970514,4.380042313714884e-27,0.9618017560079609,0.8322774488305119,0.0009020380186939625,0.11421052631578965,0.005192879346945843,0.9999999997236285,2.0315811923354854e-05,4.745387416349445e-11,4.745387416349445e-11,3.962102868015904e-11,,1.2251610931599486e-12,0.0031261328403482946,7.585973278963461e-14,,,,,0.0,,3.687271056968986e-14,1.0,0.0,1.4238426238064856e-13,1.4238426238064856e-13,1.0,0.3015691612048357,0.08604450842082845,1406,1.7414321591750967,0.805038232838029,320,767.9179643685906,0.597527272343506,863.0,521.3441483198146,0.5726105963394679,1022,0.49117026184683504,0.8233619396015222,0.4091722348267588,4,767.5,,,,,,,,,,,,,3.9416491515987677e-19,0.9999999999715835,4.380042313714884e-27,0.9722925149727478,0.25728676959011904,0.0014723625332763732,0.08640238127452321,0.9999999999999997,0.005192879346945843,0.9999999999999541,9.960751159770423e-05,3.8434858594393884e-14,3.8434858594393884e-14,3.2090649582094954e-14,,0.0,9.572760819061336e-19,0.004567040150618464,7.054128794466933e-19,,,,,0.13043478260869565,,1.1666441752192217e-21,1.0,0.7209302325581395,4.770970844811595e-19,4.770970844811595e-19,1.0,0.42658033862811345,0.13286867808967343,1577,1.8493931792853906,0.8977126570871491,273,922.067242667258,0.569127456697543,925.0,465.42810810810806,0.5684422330216687,1383,1009.0473684210526,935.5,610.6543869996938,760,0.4758535102197843,0.8532293215616218,0.41093374637766444,5,1038.5
coif10,1.0,zero,1.783770747117004e-26,316.95840209403974,5970313.28938894,0.5757575757575758,176.77946821191063,206,raw,8.813661774519397e-14,-2.138701438170216e-10,6.323723927034351,69849.25479224058,0.8333367773134397,5.618943883690064e-06,0.9999999999999999,327.0,,,,[],[],13,661.1538461538463,87.0000000000002,939.9999999999999,"[8, 32, 51, 63, 81, 100, 111, 133, 152, 162, 175, 192, 204]","[878.0000000000002, 637.9999999999998, 787.0000000000003, 792.0, 939.9999999999999, 788.0000000000001, 637.0000000000002, 675.0000000000005, 771.0000000000001, 195.99999999999994, 833.9999999999999, 572.0000000000003, 87.0000000000002]","[0, 13, 42, 42, 76, 99, 107, 107, 107, 161, 99, 187, 203]","[76, 39, 61, 76, 205, 164, 119, 142, 164, 164, 205, 205, 205]",37754613.00000001,940.9999999999999,-940.9999999999999,0.0,,,,DWT,mdp.39015067403892,7.450580596923828e-09,,0.0,33.0,19.0,0.0,28.5,,1.1368683772161603e-13,256.3413461538463,4358.999999999998,256.34134615384625,,0.0,256.3413461538463,,,84.0000000000002,0.0,24.0,1.1368683772161603e-13,1.1368683772161603e-13,,0.0,9.301430111211517e-14,1.1826265473860853e-26,0.9557255513222289,0.7883141384567234,0.0002637362940549809,0.13961038961038985,0.0009804335394830316,0.9999999997234058,0.4742280246118314,6.696054799077647e-09,6.696054799077647e-09,6.082044361106239e-09,,0.0,0.9999999933039181,1.3612963731558036e-13,,,,,,7.374542113937972e-14,1.0,0.5,1.4238426238064856e-13,1.4238426238064856e-13,0.7922684098779165,0.25901821374932266,496,1.423960597318066,0.6839330971410106,765,0,0.2478523364491998,0.2961384271998171,496,0.0,0.3606117811182974,0.654996017075457,791,163.15840973319968,0.8289744132775685,637.0,605.72377682005,0.5806297642907758,594,coif,0.5507900112560971,0.8749445204262634,0.351963635992853,2,446.0,9.301430111211517e-14,0.0001547883299646835,1.1826265473860853e-26,0.9557255513222289,0.7883141384567235,0.001296943179589358,0.3533492822966511,0.0033438146943610323,0.9999999997234057,0.9919828214562052,0.9855281704452481,0.9855281704452481,0.9855281704451354,,0.0,0.9999999999667596,7.585973278963461e-14,,,,,1.0,,7.374542113937972e-14,1.0,0.5,1.4238426238064856e-13,1.4238426238064856e-13,0.0,2.234570199821062,0.6375734627747228,510,1.510964546796278,0.6984964772960096,1558,741.0479066835018,0.6116101118010997,1034.0,768.4526112185687,0.5348406953135478,1299,0.4784248188775415,0.776734912893196,0.43208215291776214,2,974.75,,,,,,,,,,,,,6.245331801227811e-19,0.036413600438416426,1.1826265473860853e-26,0.9678850780657651,0.24369613569459067,0.0015647079760097817,0.26731528517484443,0.9999999999999999,0.0033438146943610323,0.9999999999999541,0.0008499884728391248,0.0007982210227401272,0.0007982210227401272,0.0007982210227337879,,0.0,0.0,0.020163910573049813,7.054128794466933e-19,,,,,0.4782608695652174,,2.3332883504384434e-21,1.0,0.8604651162790697,4.770970844811595e-19,4.770970844811595e-19,0.9302325581395349,0.5744527218307418,0.17892707859001003,307,1.6225491887539478,0.7876004733908077,1583,902.2682527940347,0.5783793211242829,945.0,514.2656084656085,0.5683952680387769,1384,986.6382352941176,846.0,585.0035688138154,340,0.4652856568234462,0.8173890317607586,0.42908333069536003,4,1039.0
sym8,1.0,antireflect,8.62563834243229e-22,267.8894862924393,5142256.270999781,0.5227272727272727,95.56310370791834,206,smoothed,2.3406191763631756e-11,,6.2908840114318885,55447.602266718466,0.9892984045650215,0.0001496656645132213,0.9999999999999997,362.3999999999955,,,,[],[],11,426.599999999944,32.19999999999675,728.3999999999395,"[9, 31, 53, 64, 80, 102, 131, 148, 158, 175, 192]","[310.9999999999404, 417.79999999996954, 589.599999999957, 432.19999999985555, 728.3999999999395, 370.9999999999228, 586.9999999999827, 32.19999999999675, 448.19999999995343, 367.99999999992883, 407.1999999999375]","[1, 1, 1, 60, 1, 94, 120, 144, 144, 165, 186]","[20, 40, 75, 75, 204, 120, 204, 149, 204, 186, 204]",30736475.839998547,728.3999999999355,-728.3999999999355,0.0,,,,DWT,mdp.39015067403892,1.4491379261016846e-06,,0.0,15.0,11.0,0.0,33.0,,6.446043698815629e-11,168.39999999994404,987.800000000615,168.39999999994953,,0.0,168.39999999994404,,,27.99999999999676,0.0,33.0,6.048139766789973e-11,6.446043698815629e-11,,4.490630090003833e-12,5.137128782326457e-11,2.5243742300836457e-21,0.7825971946459991,0.2258066652285835,0.13972499274486344,0.06632262621902181,0.22388008239271162,,0.9999996618847132,4.347661714176917e-09,4.347661714176917e-09,3.6261762809378693e-09,,4.839386317981797e-11,0.9999999956523168,4.035737784408561e-11,,,,,,3.0912646321573936e-11,0.0,1.0,9.909467844159187e-11,9.909467844159187e-11,0.8999999001874919,0.3383296771458236,633,0.7684052292344276,0.39009464115616305,598,0,0.24999997251469858,0.3557007784718997,633,0.0,0.20547593732607872,0.36251516495853636,543,42.5,0.9554507337526206,601.75,599.3928967449428,0.6623427672955975,414,sym,1.0,1.0,0.0,7,312.25,2.95557815196547e-11,0.9999999999706426,6.104064878247742e-22,0.7746501433557227,0.7769695950190434,0.00036602534313007564,0.054425837320574266,0.0021805721535210886,,2.0315811865956324e-05,4.682637610997631e-11,4.682637610997631e-11,3.905570311601991e-11,,4.839386317981797e-11,0.003126132840530371,4.035737784408561e-11,,,,,0.0,,1.4343484411609355e-11,0.0,1.0,8.073187676982773e-11,8.073187676982773e-11,1.0,0.3015691612874776,0.08604450844440807,1297,1.176100459984218,0.5436937815563154,1763,329.51176003293114,0.8272999161252982,1530.0,1494.5169934640523,0.512706561836234,1464,0.7763846615972358,0.5622554397616224,0.28785410495344815,6,1099.5,,,,,,,,,,,,,1.9844869017759928e-16,0.9999999999717073,6.104064878247742e-22,0.8365401880734086,0.24018913098401384,0.0013470202163427707,0.041174155299442905,0.9999999999999997,0.0021805721535210886,,9.960751159766087e-05,3.792669303614993e-14,3.792669303614993e-14,3.1632791004654326e-14,,0.0,3.781240523529228e-17,0.004567040150621313,3.7527965186564083e-16,,,,,0.13043478260869565,,4.538245841602772e-19,0.7209302325581395,1.0,2.705140469008174e-16,2.705140469008174e-16,1.0,0.42658033862811473,0.13286867808967381,1338,1.3400340794169214,0.650465010628797,1760,298.3990616607231,0.860561186139849,1549.0,1520.2582311168496,0.5683647052194571,1385,1409.1368421052632,1454.5,398.32527672708756,380,0.6645304607900322,0.5565550872278735,0.3678621512786154,7,1040.5
coif7,1.0,smooth,1.2798663138555456e-26,316.17575265681467,4961651.651272689,0.5650406504065041,54.714037107450274,206,smoothed,8.19366149901999e-14,-2.1311281628300154e-10,6.194807294082393,42537.19802762906,0.9896505185151782,0.00014966566451320274,0.9999999999999997,362.4,,,,[],[],11,426.6,32.20000000000016,728.3999999999999,"[9, 31, 53, 64, 80, 102, 131, 148, 158, 175, 192]","[311.00000000000034, 417.8000000000003, 589.6000000000001, 432.1999999999997, 728.3999999999999, 371.00000000000017, 586.9999999999999, 32.20000000000016, 448.2, 367.9999999999999, 407.19999999999993]","[0, 0, 0, 60, 0, 94, 120, 144, 144, 165, 186]","[20, 40, 75, 75, 203, 120, 203, 149, 203, 186, 203]",30736475.840000004,728.3999999999999,-728.3999999999999,0.0,,,,DWT,mdp.39015067403892,7.450580596923828e-09,,0.0,33.0,11.0,0.0,33.0,,1.1368683772161603e-13,168.4000000000001,987.7999999999984,168.40000000000003,,0.0,168.4000000000001,,,28.00000000000017,0.0,15.0,1.1368683772161603e-13,1.1368683772161603e-13,,0.0,1.3116634543469685e-13,3.2668674474367063e-26,0.9660566574816007,0.08722521788357644,0.06221764009007146,0.3569725142535263,0.1168162499944885,,0.9999996648584625,4.4059791007223055e-09,4.4059791007223055e-09,3.6787269888316428e-09,,0.0,0.9999999955939887,7.585973278963461e-14,,,,,,1.5893391424973748e-13,1.0,0.0,1.7477015598164352e-13,1.7477015598164352e-13,0.8999999010019261,0.3383296774519873,329,0.8438709291750296,0.42840615182516,354,0,0.24999997274531005,0.35570077880001444,329,0.0,0.22704118281477068,0.4005620945768605,339,11.814539065631521,0.9876157871429438,337.75,337.44627987923315,0.8167900738649729,113,coif,0.5556920286951962,0.9053407607371553,0.33941335169221604,4,85.75,8.518049006818954e-14,0.9999999999705138,8.260304038364146e-27,0.9528373977157115,0.7437799088299798,0.00016298611018213246,0.29293966623876794,0.0011377799181345675,0.9999999997234171,2.0315811926352456e-05,4.745454029730922e-11,4.745454029730922e-11,3.962169481397382e-11,,0.0,0.0031261328403480726,7.585973278963461e-14,,,,,0.0,,7.374542113937972e-14,1.0,0.0,1.4238426238064856e-13,1.4238426238064856e-13,1.0,0.30156916120424293,0.08604450842065933,1546,1.7613048644428153,0.8142250894411673,164,977.2215715998087,0.48782936498961804,855.0,296.54269005847954,0.5198580787212241,1411,0.4784248188775415,0.776734912893196,0.43208215291776214,2,1058.75,,,,,,,,,,,,,5.719340113363955e-19,0.9999999999715831,8.260304038364146e-27,0.9657901264542287,0.22992901020903303,0.0012995411005562946,0.2216142902871326,0.9999999999999997,0.0011377799181345675,0.9999999999999541,9.960751159770662e-05,3.8435400695480126e-14,3.8435400695480126e-14,3.20911916831812e-14,,0.0,0.0,0.00456704015061846,7.054128794466933e-19,,,,,0.13043478260869565,,2.3332883504384434e-21,1.0,0.7209302325581395,4.770970844811595e-19,4.770970844811595e-19,1.0,0.42658033862811345,0.13286867808967343,1543,1.8841891796008952,0.9146029594031265,73,1039.4469683442248,0.5142771175961567,808.0,139.40470297029705,0.5683535120691063,1386,986.6382352941176,846.0,585.0035688138154,340,0.4652856568234462,0.8173890317607586,0.42908333069536003,4,1040.5
coif10,1.0,constant,1.5551389437902307e-26,317.5541004974525,5968101.593922926,0.5757575757575758,176.77946821191063,206,raw,8.373884110396034e-14,-2.1257628990412343e-10,6.330099262798824,67954.77286357897,0.8286707211203682,5.618943883690064e-06,0.9999999999999998,327.0000000000001,,,,[],[],13,661.1538461538463,87.0000000000002,939.9999999999999,"[8, 32, 51, 63, 81, 100, 111, 133, 152, 162, 175, 192, 204]","[878.0000000000001, 637.9999999999999, 787.0000000000003, 792.0000000000001, 939.9999999999999, 788.0000000000001, 637.0000000000002, 675.0000000000005, 771.0000000000001, 195.99999999999994, 833.9999999999999, 572.0000000000003, 87.0000000000002]","[0, 13, 42, 42, 76, 99, 107, 107, 107, 161, 99, 187, 203]","[76, 42, 61, 76, 205, 164, 119, 142, 164, 164, 205, 205, 205]",37754613.00000001,940.9999999999999,-940.9999999999999,0.0,,,,DWT,mdp.39015067403892,7.450580596923828e-09,,0.0,33.0,19.0,0.0,28.5,,1.1368683772161603e-13,256.3413461538463,4358.999999999998,256.34134615384625,,0.0,256.3413461538463,,,84.0000000000002,0.0,24.0,1.1368683772161603e-13,1.1368683772161603e-13,,1.1368683772161603e-13,8.745763402949754e-14,1.0208315442513711e-26,0.9579238132903372,0.7905164971468426,0.00026124729057872687,0.13961038961038985,0.0008270506048118255,0.9999999997234253,0.4742280246118314,6.696054799077647e-09,6.696054799077647e-09,6.082044361106239e-09,,5.718550876340534e-12,0.9999999933039181,1.3612963731558036e-13,,,,,,7.374542113937972e-14,1.0,0.5,1.4238426238064856e-13,1.4238426238064856e-13,0.7922684098807757,0.25901821375025746,322,1.42631813616839,0.6850654310346375,760,0,0.24785233644967636,0.29613842720038647,321,0.0,0.3611423747083091,0.6559597589894501,788,261.50127469415264,0.7258896491675548,547.75,454.25226225959926,0.5758641117955174,611,coif,0.5507900112560971,0.8749445204262634,0.351963635992853,2,458.75,8.745763402949753e-14,0.0001547883299646835,1.020831544251371e-26,0.9579238132903372,0.7905164971468427,0.0012944567484470515,0.3533492822966511,0.0031907946177853553,0.9999999997234252,0.9919828214562052,0.9855281704452481,0.9855281704452481,0.9855281704451354,,1.2251610931599486e-12,0.9999999999667596,7.585973278963461e-14,,,,,1.0,,7.374542113937972e-14,1.0,0.5,1.4238426238064856e-13,1.4238426238064856e-13,0.0,2.234570199821675,0.6375734627748977,342,1.5133222320760074,0.6995864001972156,1552,855.5992052357225,0.5515727435871476,947.0,560.4899683210137,0.5276207533449364,1352,0.4784248188775415,0.776734912893196,0.43208215291776214,2,1014.5,,,,,,,,,,,,,5.872236167277092e-19,0.036413600438416426,1.020831544251371e-26,0.9694796097562803,0.24437696364884526,0.001564126543789089,0.26731528517484443,0.9999999999999998,0.0031907946177853553,0.9999999999999541,0.0008499884728391248,0.0007982210227401272,0.0007982210227401272,0.0007982210227337879,,0.0,9.572760819061336e-19,0.020163910573049813,7.054128794466933e-19,,,,,0.4782608695652174,,2.3332883504384434e-21,1.0,0.8604651162790697,4.770970844811595e-19,4.770970844811595e-19,0.9302325581395349,0.5744527218307418,0.17892707859001003,282,1.623784822998644,0.7882002617502645,1579,917.1174951989522,0.571440422804228,930.5,478.5362708221387,0.5683136693460392,1387,986.6382352941176,846.0,585.0035688138154,340,0.4652856568234462,0.8173890317607586,0.42908333069536003,4,1041.25
sym2,1.0,antireflect,1.8352276909887675e-20,256.83489293358735,6010503.792321689,0.6201923076923077,288.0192455291816,206,raw,1.0552587929693305e-10,7.107792122974344e-11,6.2889645850519456,64807.21223742857,0.7845326022161933,5.618943883695902e-06,0.9999999999999999,327.0000000002138,,,,[],[],13,661.1538461535349,86.99999999989039,939.9999999995771,"[8, 32, 51, 63, 81, 100, 111, 133, 152, 162, 175, 192, 204]","[877.9999999998394, 637.9999999995182, 786.9999999995146, 791.999999999663, 939.9999999995771, 787.9999999996799, 636.9999999996461, 674.9999999998039, 770.9999999996909, 195.99999999975142, 833.9999999995441, 571.9999999998348, 86.99999999989039]","[0, 13, 39, 39, 76, 99, 107, 107, 107, 161, 99, 187, 203]","[76, 39, 61, 76, 205, 164, 119, 142, 164, 164, 205, 205, 205]",37754612.9999899,940.9999999997748,-940.9999999997748,0.0,,,,DWT,mdp.39015067403892,1.0102987289428711e-05,,0.0,33.0,19.0,0.0,28.5,,2.2521362552652135e-10,256.3413461535349,4359.000000004045,256.3413461535614,,0.0,256.3413461535349,,,83.99999999989039,0.0,19.5,4.2291503632441163e-10,2.2521362552652135e-10,,2.1378809833549894e-10,1.3331543140108653e-10,1.2987285560307593e-20,0.7338561912241646,0.7763065294921314,0.0003089659846019866,0.4728708791208792,0.0005722146633386035,0.9999999997277005,0.4742280244842715,6.4549228756662125e-09,6.4549228756662125e-09,5.861468956039305e-09,,1.0753734922958374e-08,0.9999999935450026,5.064022508139589e-10,,,,,,9.999879106499889e-11,1.0,0.0,2.820632237760648e-10,2.820632237760648e-10,0.7422684155420705,0.24267159553398485,646,1.4179986999176273,0.6810695776295868,777,0,0.20618567072707095,0.24635434595860267,646,0.0,0.37298934754326646,0.6774779689526256,733,65.4446330878247,0.9313997556731397,700.5,695.9870950777994,0.5985615130566957,548,sym,0.8243425715244881,0.7368036147090654,0.2019191155201387,6,412.5,1.3331543140108653e-10,0.00015478833000520664,1.2987285560307593e-20,0.7338561912241645,0.7763065294921314,0.0013421261261805822,0.6038208502024294,0.0029365615418433834,0.9999999997277004,0.9919828214542601,0.9855281704417584,0.9855281704417584,0.9855281704419432,,2.3039154356872834e-09,0.9999999999679564,2.8219820597744075e-10,,,,,1.0,,9.999879106499889e-11,1.0,0.25,2.820632237760648e-10,2.820632237760648e-10,0.0,2.2095702012737757,0.6304403972552629,646,1.4718874436714402,0.6804317126835595,1622,690.1362184380704,0.6382933865628562,1134.0,923.9964726631393,0.5219768819606734,1391,0.7763846615972358,0.5622554397616224,0.28785410495344815,6,1044.75,,,,,,,,,,,,,8.951302040317797e-16,0.03641360043845548,1.2987285560307593e-20,0.8069498797303559,0.23998415368024875,0.0015752736500503693,0.4568016714715404,0.9999999999999999,0.002936561541843383,0.9999999999999548,0.0008499884728376535,0.0007982210227373008,0.0007982210227373008,0.0007982210227312024,,0.0,1.8001576720244846e-15,0.020163910573068537,2.6241359115416993e-15,,,,,0.4782608695652174,,3.1639390031945296e-18,1.0,0.7906976744186046,9.451293243571767e-16,9.451293243571767e-16,0.9302325581395349,0.5674759776447043,0.17675400427451335,654,1.5997690148402355,0.7765427650127072,1643,699.3286065934955,0.6732109314983665,1148.5,935.5872877666521,0.5682643442538562,1388,1409.1368421052632,1454.5,398.32527672708756,380,0.6645304607900322,0.5565550872278735,0.3678621512786154,7,1042.75
sym2,1.0,reflect,1.83729060576428e-20,256.83001392400604,6011311.125776122,0.6201923076923077,289.9217559793566,206,raw,1.059582583485894e-10,-2.0681834032823908e-10,6.292897530767876,62761.37556374831,0.7768479959313072,5.618943883695842e-06,1.0,327.0000000002138,,,,[],[],13,661.1538461535404,87.00000000000925,939.9999999995771,"[8, 32, 51, 63, 81, 100, 111, 133, 152, 162, 175, 192, 204]","[877.9999999997929, 637.9999999995182, 786.9999999995146, 791.999999999663, 939.9999999995771, 787.9999999996799, 636.9999999996461, 674.9999999998039, 770.9999999996909, 195.99999999975142, 833.9999999995441, 571.9999999998348, 87.00000000000925]","[0, 13, 39, 39, 76, 99, 107, 107, 107, 161, 99, 187, 203]","[76, 39, 61, 76, 205, 164, 119, 142, 164, 164, 205, 205, 205]",37754612.999989994,940.9999999997748,-940.9999999997748,0.0,,,,DWT,mdp.39015067403892,1.0006129741668701e-05,,0.0,33.0,19.0,0.0,28.5,,2.2521362552652135e-10,256.34134615354037,4359.0000000039745,256.34134615356686,,0.0,256.34134615354037,,,84.00000000000925,0.0,19.5,4.2291503632441163e-10,2.2521362552652135e-10,,2.1378809833549894e-10,1.338617498341387e-10,1.300188411124032e-20,0.7338381865742558,0.7776651649421282,0.00030987454358104055,0.4728708791208792,0.00040657759490335963,0.9999999997235121,0.4742280246223472,6.459148626788428e-09,6.459148626788428e-09,5.865694707164116e-09,,1.0753734922958374e-08,0.9999999935407768,5.064022508139589e-10,,,,,,9.904010059018696e-11,1.0,0.0,2.820632237760648e-10,2.820632237760648e-10,0.742268415584704,0.24267159554792314,638,1.4186014143032846,0.681359063390113,773,0,0.20618567073920163,0.24635434597309663,638,0.0,0.37313633532914015,0.6777449497318099,730,67.83988502348747,0.9288890094093423,694.75,689.8549552717277,0.6003197667591784,539,sym,0.8243425715244881,0.7368036147090654,0.2019191155201387,6,405.75,1.338617498341387e-10,0.00015478833000476255,1.300188411124032e-20,0.7338381865742558,0.7776651649421282,0.0013430337461826007,0.6038208502024294,0.0027713163211148624,0.999999999723512,0.9919828214563655,0.9855281704418195,0.9855281704418195,0.9855281704420045,,2.3039154356872834e-09,0.9999999999679354,2.8219820597744075e-10,,,,,1.0,,9.904010059018696e-11,1.0,0.25,2.820632237760648e-10,2.820632237760648e-10,0.0,2.2095702012739724,0.630440397255319,640,1.4724903143266912,0.680710410836902,1621,693.6717523440032,0.6364403813710675,1130.5,917.6824413976116,0.5219675701404604,1392,0.7763846615972358,0.5622554397616224,0.28785410495344815,6,1045.5,,,,,,,,,,,,,8.987983925175753e-16,0.036413600438455075,1.300188411124032e-20,0.8069368198743094,0.24040415656086447,0.0015754858897960593,0.4568016714715404,1.0,0.0027713163211148624,0.9999999999999541,0.0008499884728392461,0.0007982210227373503,0.0007982210227373503,0.000798221022731252,,0.0,1.8001576720244846e-15,0.02016391057306821,2.6241359115416993e-15,,,,,0.4782608695652174,,3.13360625463883e-18,1.0,0.7906976744186046,9.451293243571767e-16,9.451293243571767e-16,0.9302325581395349,0.5674759776447046,0.17675400427451346,648,1.5999051883984963,0.7766088649249274,1642,702.8641404994282,0.6715588128507345,1145.0,929.2716157205241,0.568256041939386,1389,1409.1368421052632,1454.5,398.32527672708756,380,0.6645304607900322,0.5565550872278735,0.3678621512786154,7,1043.5
bior4.4,1.0,antisymmetric,8.458048427702039e-21,257.9746970681588,4922527.790490085,0.5280373831775701,85.62516561141496,206,smoothed,7.50077712993816e-11,6.09238437473307e-10,6.221708827043244,36200.45960106171,0.9851201313378908,0.00014966566451344402,0.9999999999999993,362.3999999999867,,,,[],[],11,426.5999999997561,32.19999999993473,728.3999999996399,"[9, 31, 53, 64, 80, 102, 131, 148, 158, 175, 192]","[310.99999999972215, 417.79999999978634, 589.5999999997193, 432.1999999995678, 728.3999999996399, 370.99999999970333, 586.9999999999089, 32.19999999993473, 448.19999999981854, 367.99999999975773, 407.1999999997589]","[0, 0, 0, 60, 0, 94, 120, 144, 144, 165, 186]","[20, 40, 75, 75, 205, 120, 205, 149, 205, 186, 205]",30736475.839994766,728.3999999996881,-728.3999999996881,0.0,,,,DWT,mdp.39015067403892,5.230307579040527e-06,,0.0,15.0,11.0,0.0,33.0,,3.1184299587039277e-10,168.39999999975618,987.8000000026814,168.39999999978892,,0.0,168.39999999975618,,,27.999999999934744,0.0,15.0,3.6004621506435797e-10,3.1184299587039277e-10,,1.3301360013429075e-11,1.6473273010768053e-10,2.4753316805541018e-20,0.744926816665466,0.12602809829374623,0.04542744458191429,0.10279768664860611,0.06426673347359926,,0.9999996078120399,4.15218609294719e-09,4.15218609294719e-09,3.459060889656095e-09,,1.4334384789971398e-10,0.9999999958477763,2.402477737447728e-10,,,,,,1.1157160780331571e-10,0.0,0.0,4.793945378576481e-10,4.793945378576481e-10,0.7999998842358693,0.30073748063064465,933,0.5995096295354119,0.30435177287416965,916,0,0.16666663473976678,0.23713383295968674,934,0.0,0.15477811140400927,0.27307047880040897,911,11.73314393786536,0.9877011069833697,923.5,923.3880898688626,0.5098358784392739,876,bior,0.8100315533562081,0.7923003667562746,0.1952878026237719,6,658.5,9.475527249174388e-11,0.9999999999721887,5.9854743293354946e-21,0.7380623265197541,0.7530730389618877,0.00011900230348180804,0.08435809149040846,0.0006259522862086205,0.9999999997358114,2.0315810767446152e-05,4.472100467722839e-11,4.472100467722839e-11,3.725580954849761e-11,,1.4334384789971398e-10,0.003126132841141438,2.402477737447728e-10,,,,,0.0,,5.176928563984456e-11,0.0,0.0,3.90560031710119e-10,3.90560031710119e-10,1.0,0.20156916157571478,0.057512244790840404,1654,1.5534270339695917,0.7181262546926236,1450,144.2497833620557,0.9243973881750233,1552.0,1545.2963917525776,0.5554900986996709,1145,0.5943810304597339,0.7715092316736338,0.3524805091760961,5,860.0,,,,,,,,,,,,,6.362227201098814e-16,0.9999999999731972,5.9854743293354946e-21,0.8100008427733021,0.232801849590154,0.001289255835877472,0.06381846069417613,0.9999999999999994,0.000625952286208621,0.9999999999999561,9.960751159682982e-05,3.6221459859264726e-14,3.6221459859264726e-14,3.017486434331307e-14,,0.0,1.1200130158301764e-16,0.004567040150630873,2.2340425892076774e-15,,,,,0.13043478260869565,,1.6379684220077873e-18,0.7209302325581395,0.7209302325581395,1.3086773027318203e-15,1.3086773027318203e-15,1.0,0.3986733618839331,0.12417638082767736,1717,1.7288238235610924,0.839187169969062,1084,447.59859249108456,0.7908417792097736,1400.5,1328.973937879329,0.5682012634366624,1390,1104.4,1082.5,563.6960149978129,300,0.520820561188399,0.7876173146100969,0.3991404127850916,6,1044.0
coif10,1.0,periodic,1.794228993979534e-26,314.70862003834753,5796418.742769764,0.5189393939393939,98.33876418445581,206,smoothed,9.127326726136794e-14,-2.1206432165854531e-10,6.574265577631239,30176.216155946036,0.978414085531883,0.0001496656645132026,0.9999999999999997,362.4,,,,[],[],11,426.6,32.19999999999993,728.4000000000001,"[9, 31, 53, 64, 80, 102, 131, 148, 158, 175, 192]","[310.9999999999999, 417.8000000000001, 589.6000000000001, 432.2000000000003, 728.4000000000001, 370.99999999999994, 587.0000000000002, 32.19999999999993, 448.20000000000005, 367.9999999999998, 407.2]","[0, 0, 0, 60, 0, 94, 120, 144, 144, 165, 186]","[20, 40, 75, 75, 203, 120, 203, 149, 203, 186, 203]",30736475.840000004,728.4000000000001,-728.4000000000001,0.0,,,,DWT,mdp.39015067403892,7.450580596923828e-09,,0.0,33.0,11.0,0.0,33.0,,1.1368683772161603e-13,168.4000000000001,987.7999999999984,168.40000000000003,,0.0,168.4000000000001,,,27.999999999999943,0.0,15.0,1.1368683772161603e-13,1.1368683772161603e-13,,0.0,1.5167766266742615e-13,4.772201088595186e-26,0.9604824148996324,0.6345573873410436,0.4204620052843094,0.0403037497792518,0.014308685794415965,,0.9999996646602125,4.4059791007223055e-09,4.4059791007223055e-09,3.6787269888316428e-09,,0.0,0.9999999955939887,7.585973278963461e-14,,,,,,1.5893391424973748e-13,1.0,0.0,1.7477015598164352e-13,1.7477015598164352e-13,0.899999900942451,0.33832967742962927,600,1.1256441194819686,0.5714533453869811,148,0,0.2499999727287892,0.3557007787765085,600,0.0,0.29573060615697216,0.5217488279620378,162,256.9844353263442,0.73062428162857,377.5,245.95814526056625,0.6674609877744527,402,coif,0.5556920286951962,0.9053407607371553,0.33941335169221604,4,302.5,9.697751219309978e-14,0.9999999999705127,1.1900274953700727e-26,0.9474233462110064,0.8748637104029847,0.0011014475415888451,0.03307416267942598,0.00013936533104385706,0.9999999997234329,2.0315811922300142e-05,4.745454029730922e-11,4.745454029730922e-11,3.962169481397382e-11,,0.0,0.0031261328403480726,7.585973278963461e-14,,,,,0.0,,7.374542113937972e-14,1.0,0.0,1.4238426238064856e-13,1.4238426238064856e-13,1.0,0.3015691612042417,0.08604450842065899,1561,1.7197219977836347,0.7950019475488621,547,717.0062761231592,0.6242105471052625,1054.0,810.1204933586338,0.5358998228188786,1293,0.4784248188775415,0.776734912893196,0.43208215291776214,2,970.25,,,,,,,,,,,,,6.511436775442661e-19,0.9999999999715822,1.1900274953700727e-26,0.9618629890959078,0.2704517083786175,0.0015189928701279684,0.025021217451200006,0.9999999999999997,0.0001393653310438575,0.9999999999999541,9.960751159770347e-05,3.8435400695480126e-14,3.8435400695480126e-14,3.20911916831812e-14,,0.0,0.0,0.00456704015061846,7.054128794466933e-19,,,,,0.13043478260869565,,2.3332883504384434e-21,1.0,0.7209302325581395,4.770970844811595e-19,4.770970844811595e-19,1.0,0.42658033862811345,0.13286867808967343,1645,1.823167377186271,0.8849824087276631,664,693.6717523440032,0.675854321334578,1154.5,946.1065396275444,0.5681841700130834,1391,986.6382352941176,846.0,585.0035688138154,340,0.4652856568234462,0.8173890317607586,0.42908333069536003,4,1044.25
db36,1.0,zero,1.814424503302019e-26,314.66000971966264,4962449.146315093,0.5688405797101449,38.804239542553326,206,smoothed,9.222396309410521e-14,-1.9960617603231904e-10,6.193811751768504,45897.334475950425,0.9915051770778095,0.00014966566451320276,0.9999999999999999,362.39999999999975,,,,[],[],11,426.59999999999985,32.19999999999993,728.3999999999999,"[9, 31, 53, 64, 80, 102, 131, 148, 158, 175, 192]","[310.9999999999998, 417.79999999999984, 589.5999999999999, 432.1999999999997, 728.3999999999999, 371.00000000000006, 587.0, 32.19999999999993, 448.1999999999997, 367.9999999999999, 407.2000000000003]","[1, 1, 1, 60, 1, 94, 120, 144, 144, 165, 186]","[20, 40, 75, 75, 205, 120, 205, 149, 205, 186, 205]",30736475.839999996,728.3999999999999,-728.3999999999999,0.0,,,,DWT,mdp.39015067403892,0.0,,0.0,15.0,11.0,0.0,33.0,,1.1368683772161603e-13,168.39999999999992,987.8000000000002,168.39999999999992,,0.0,168.39999999999992,,,27.999999999999943,0.0,33.0,1.1368683772161603e-13,1.1368683772161603e-13,,2.2737367544323206e-13,1.5376620824572993e-13,4.831305259170194e-26,0.9602977242282331,0.08578924360637327,0.06255988897376819,0.3830741654857872,0.1446813020002972,,0.9999996646602125,4.405801664454926e-09,4.405801664454926e-09,3.678608697986637e-09,,2.4503221863198973e-12,0.9999999955941608,7.585973278963461e-14,,,,,,0.0,0.0,1.0,1.7477015598164352e-13,1.7477015598164352e-13,0.8999999009435408,0.33832967743003894,591,0.8614553878214904,0.4373332163799534,323,0,0.2499999727289551,0.35570077877674455,589,0.0,0.23377176061351615,0.4124366554268078,299,161.38050274635617,0.8308380474356853,450.5,406.905301616077,0.6793079126067316,371,db,0.573477938514061,0.8443824841957417,0.34525069778143475,3,279.0,9.817873287125389e-14,0.999999999970514,1.2043191750340278e-26,0.9472439631302219,0.7434359989015658,0.00016388266964962673,0.3143592677345538,0.001409183054183536,0.9999999997236206,2.0315811922300142e-05,4.74525418958649e-11,4.74525418958649e-11,3.962036254634427e-11,,2.4503221863198973e-12,0.003126132840348572,7.585973278963461e-14,,,,,0.0,,0.0,0.0,1.0,1.4238426238064856e-13,1.4238426238064856e-13,1.0,0.30156916120542865,0.08604450842099765,1322,1.7664536988598676,0.8166053191494798,131,842.1641763931781,0.5586141633159444,726.5,238.37852718513423,0.5889244820772594,921,0.49117026184683504,0.8233619396015222,0.4091722348267588,4,691.75,,,,,,,,,,,,,6.592091272782007e-19,0.9999999999715833,1.2043191750340278e-26,0.96173287175266,0.22982269533214195,0.0012997507538836273,0.23781861606066135,0.9999999999999999,0.001409183054183536,0.9999999999999541,9.960751159770347e-05,3.8433882812438647e-14,3.8433882812438647e-14,3.209010748100871e-14,,0.0,1.9145521638122673e-18,0.004567040150618468,7.054128794466933e-19,,,,,0.13043478260869565,,0.0,0.7209302325581395,1.0,4.770970844811595e-19,4.770970844811595e-19,1.0,0.42658033862811345,0.13286867808967343,1541,1.8882920657320033,0.9165945385068768,55,1050.7606768432097,0.5089903379237337,798.0,106.2092731829574,0.5680465708310257,1392,1009.0473684210526,935.5,610.6543869996938,760,0.4758535102197843,0.8532293215616218,0.41093374637766444,5,1045.25
db5,1.0,constant,2.7923072037952213e-27,322.7877667749604,4964658.835402167,0.5420560747663551,80.4881838225422,206,smoothed,3.132769125019958e-14,-2.0715060777831753e-10,6.191054986663582,34732.59343523452,0.9864408072361072,0.00014966566451320268,1.0,362.4,,,,[],[],11,426.60000000000014,32.20000000000002,728.4000000000001,"[9, 31, 53, 64, 80, 102, 131, 148, 158, 175, 192]","[311.0000000000001, 417.8, 589.6000000000001, 432.20000000000005, 728.4000000000001, 371.00000000000017, 587.0, 32.20000000000002, 448.2000000000001, 368.0, 407.19999999999993]","[0, 0, 0, 60, 0, 94, 120, 144, 144, 165, 186]","[20, 40, 75, 75, 203, 120, 203, 149, 203, 186, 203]",30736475.839999996,728.4000000000001,-728.4000000000001,0.0,,,,DWT,mdp.39015067403892,0.0,,0.0,33.0,11.0,0.0,33.0,,1.1368683772161603e-13,168.4000000000002,987.7999999999975,168.40000000000006,,0.0,168.4000000000002,,,28.00000000000003,0.0,15.0,1.1368683772161603e-13,1.1368683772161603e-13,,0.0,1.998562888989103e-14,3.3840766680693015e-27,0.991178429151058,0.08181287442172996,0.06350818781345516,0.19909184618270787,0.052093963802660674,,0.9999996647345563,4.406097391567225e-09,4.406097391567225e-09,3.6787565615428943e-09,,0.0,0.9999999955939026,7.585973278963461e-14,,,,,,0.0,1.0,0.0,1.7477015598164352e-13,1.7477015598164352e-13,0.8999999009647114,0.33832967743799747,505,0.7678419126023808,0.38980866340500364,601,0,0.24999997273498628,0.35570077878532574,493,0.0,0.19824075733880456,0.3497503492787857,597,57.96550698475775,0.9392395104981575,549.0,544.4005632536416,0.681883906192475,363,db,0.573477938514061,0.8443824841957417,0.34525069778143475,3,273.0,2.1235236915478046e-14,0.9999999999705134,1.1791439973104267e-27,0.9772372266983704,0.7424836748499802,0.0001663668451816311,0.1633792424987702,0.0005073905888392486,0.999999999723507,2.0315811923854454e-05,4.745570603148508e-11,4.745570603148508e-11,3.9622027880881205e-11,,0.0,0.003126132840347795,7.585973278963461e-14,,,,,0.0,,0.0,1.0,0.0,1.4238426238064856e-13,1.4238426238064856e-13,1.0,0.30156916120420596,0.08604450842064879,1584,1.72322200998221,0.7966199512249785,509,760.1397897755386,0.6016038837654409,1046.5,770.4309603440038,0.5265618999539993,1360,0.49117026184683504,0.8233619396015222,0.4091722348267588,4,1021.0,,,,,,,,,,,,,1.4258140826644113e-19,0.9999999999715827,1.1791439973104267e-27,0.9834887907264773,0.22952829785786255,0.0013003316586477239,0.12359942693627127,1.0,0.000507390588839249,0.9999999999999541,9.960751159770467e-05,3.843648489765261e-14,3.843648489765261e-14,3.2091408523615694e-14,,0.0,0.0,0.004567040150618456,7.054128794466933e-19,,,,,0.13043478260869565,,0.0,1.0,0.7209302325581395,4.770970844811595e-19,4.770970844811595e-19,1.0,0.42658033862811345,0.13286867808967343,1574,1.855150316195642,0.9005072249112357,241,942.5733393216678,0.5595451685412767,907.5,417.9988980716253,0.5677398739902645,1393,1009.0473684210526,935.5,610.6543869996938,760,0.4758535102197843,0.8532293215616218,0.41093374637766444,5,1046.0
db37,1.0,symmetric,1.6260950675039256e-26,315.1359394179126,6648491.340572953,0.5251798561151079,112.66592274693514,206,smoothed,9.473328270704444e-14,-2.05872163761001e-10,6.669062245211461,31988.062864509415,0.9837118435375515,0.0001496656645132028,1.0,362.39999999999986,,,,[],[],11,426.6,32.2000000000001,728.3999999999996,"[9, 31, 53, 64, 80, 102, 131, 148, 158, 175, 192]","[311.0000000000002, 417.8000000000002, 589.6000000000003, 432.2000000000003, 728.3999999999996, 371.0000000000001, 586.9999999999998, 32.2000000000001, 448.2000000000002, 368.0, 407.20000000000005]","[0, 0, 0, 60, 0, 94, 120, 144, 144, 165, 186]","[20, 40, 75, 75, 203, 120, 203, 149, 203, 186, 203]",30736475.840000004,728.3999999999996,-728.3999999999996,0.0,,,,DWT,mdp.39015067403892,7.450580596923828e-09,,0.0,33.0,11.0,0.0,33.0,,3.410605131648481e-13,168.4000000000001,987.7999999999984,168.40000000000015,,0.0,168.4000000000001,,,28.000000000000114,0.0,15.0,3.410605131648481e-13,3.410605131648481e-13,,1.1368683772161603e-13,1.59278831949008e-13,4.280140397716933e-26,0.9621059776585059,0.7712924856996018,0.7861331128407558,0.08316938074836913,0.029334028823534298,,0.9999996648089,4.4059791007223055e-09,4.4059791007223055e-09,3.6788452796766485e-09,,1.2251610931599486e-12,0.9999999955939887,2.275791983689038e-13,,,,,,1.5893391424973748e-13,1.0,0.0,5.243104679449306e-13,5.243104679449306e-13,0.8999999009879209,0.33832967744672243,338,1.4009777496940916,0.7112313812325102,61,0,0.24999997274136262,0.35570077879439804,338,0.0,0.3760049979672753,0.663374581165816,70,157.370846516543,0.8350410413872715,201.75,109.30061721382863,0.8117815269829439,125,db,0.573477938514061,0.8443824841957417,0.34525069778143475,3,94.5,1.0134930173604164e-13,0.999999999970514,1.0710447958272075e-26,0.9490002514619721,0.9076112036100168,0.0020593641604181095,0.06825066262779245,0.000285710840015602,0.9999999997235263,2.0315811925353255e-05,4.745454029730922e-11,4.745454029730922e-11,3.9622916059300906e-11,,1.2251610931599486e-12,0.0031261328403480726,2.275791983689038e-13,,,,,0.0,,7.374542113937972e-14,1.0,0.0,4.2715278714194565e-13,4.2715278714194565e-13,1.0,0.30156916120504534,0.08604450842088827,1341,1.7516499840301192,0.8097617815685361,232,784.1814203358812,0.5890034484612783,786.5,395.56516211061665,0.5883958542096748,927,0.49117026184683504,0.8233619396015222,0.4091722348267588,4,696.25,,,,,,,,,,,,,6.804975252153891e-19,0.9999999999715835,1.0710447958272075e-26,0.9630068133680297,0.2805751314645738,0.001742994081119763,0.051632892035715194,1.0,0.00028571084001560243,0.9999999999999541,9.960751159770586e-05,3.8435400695480126e-14,3.8435400695480126e-14,3.209227588535368e-14,,0.0,9.572760819061336e-19,0.00456704015061846,2.11623863834008e-18,,,,,0.13043478260869565,,2.3332883504384434e-21,1.0,0.7209302325581395,1.4312912534434783e-18,1.4312912534434783e-18,1.0,0.42658033862811345,0.13286867808967343,1607,1.8397305919354134,0.8930223472809691,430,832.2646814565664,0.6110912703473989,1018.5,678.4585174275896,0.5675783454540733,1394,1009.0473684210526,935.5,610.6543869996938,760,0.4758535102197843,0.8532293215616218,0.41093374637766444,5,1046.75
db21,1.0,antireflect,1.0616704510089097e-26,316.98750144241285,5759160.5893811155,0.524390243902439,102.23174549462236,206,smoothed,7.051101881444585e-14,-2.017224831618596e-10,6.4930564236653385,101332.47540813363,0.9948481712993893,0.00014966566451320274,0.9999999999999999,362.4000000000001,,,,[],[],11,426.59999999999997,32.20000000000002,728.3999999999999,"[9, 31, 53, 64, 80, 102, 131, 148, 158, 175, 192]","[310.99999999999994, 417.79999999999995, 589.6, 432.19999999999993, 728.3999999999999, 371.00000000000034, 586.9999999999999, 32.20000000000002, 448.1999999999999, 367.9999999999999, 407.1999999999998]","[1, 1, 1, 60, 1, 94, 120, 144, 144, 165, 186]","[20, 40, 75, 75, 204, 120, 204, 149, 204, 186, 204]",30736475.83999999,728.3999999999999,-728.3999999999999,0.0,,,,DWT,mdp.39015067403892,7.450580596923828e-09,,0.0,15.0,11.0,0.0,33.0,,1.1368683772161603e-13,168.40000000000003,987.7999999999993,168.39999999999998,,0.0,168.40000000000003,,,28.00000000000003,0.0,33.0,1.1368683772161603e-13,1.1368683772161603e-13,,1.1368683772161603e-13,1.0606591104691904e-13,2.6282955109473265e-26,0.9691408262810581,0.5174209738089345,0.40447248719599044,0.07774554758282357,0.6043956941930048,,0.9999996647345563,4.4059199552998455e-09,4.4059199552998455e-09,3.67866784340914e-09,,1.2251610931599486e-12,0.9999999955940747,7.585973278963461e-14,,,,,,1.5893391424973748e-13,0.0,1.0,1.7477015598164352e-13,1.7477015598164352e-13,0.8999999009653564,0.33832967743823994,445,1.3152877229814606,0.6677293084337217,85,0,0.249999972735079,0.3557007787854577,445,0.0,0.36759650415170253,0.6485397223386831,84,208.13517242407636,0.7818289597231904,264.75,142.02603788344416,0.752156618226375,227,db,0.573477938514061,0.8443824841957417,0.34525069778143475,3,171.0,7.074405107903588e-14,0.9999999999705138,6.716205632124655e-27,0.9558329345054956,0.846810021536795,0.0010595611994979335,0.06379974326059085,0.005886760476322831,0.9999999997235888,2.0315811923854454e-05,4.745387416349445e-11,4.745387416349445e-11,3.962102868015904e-11,,1.2251610931599486e-12,0.0031261328403482946,7.585973278963461e-14,,,,,0.0,,7.374542113937972e-14,0.0,1.0,1.4238426238064856e-13,1.4238426238064856e-13,1.0,0.3015691612048543,0.08604450842083376,1387,1.7253091534468201,0.7975848066616813,492,632.86056916196,0.6683120706698322,939.5,726.3480574773815,0.5879558256913102,930,0.49117026184683504,0.8233619396015222,0.4091722348267588,4,698.5,,,,,,,,,,,,,4.750023025158656e-19,0.9999999999715831,6.716205632124655e-27,0.9679629695505978,0.26177930833508567,0.001509198080928207,0.04826568898891559,0.9999999999999999,0.00588676047632283,0.9999999999999541,9.960751159770467e-05,3.8434858594393884e-14,3.8434858594393884e-14,3.2090649582094954e-14,,0.0,9.572760819061336e-19,0.004567040150618464,7.054128794466933e-19,,,,,0.13043478260869565,,2.3332883504384434e-21,0.7209302325581395,1.0,4.770970844811595e-19,4.770970844811595e-19,1.0,0.42658033862811345,0.13286867808967343,1620,1.8340830147159175,0.8902809607501841,496,794.7880220536795,0.6286037280122994,1058.0,759.4706994328923,0.5671056023239067,1395,1009.0473684210526,935.5,610.6543869996938,760,0.4758535102197843,0.8532293215616218,0.41093374637766444,5,1047.5
db12,1.0,periodic,7.989889601828008e-27,318.2219909563867,5295807.0886531025,0.5350877192982456,101.9863550132785,206,smoothed,6.275885959783989e-14,-2.1254078497179353e-10,6.336565752078394,32440.087957869553,0.9810952258550916,0.00014966566451320268,0.9999999999999999,362.40000000000003,,,,[],[],11,426.59999999999997,32.19999999999993,728.4000000000002,"[9, 31, 53, 64, 80, 102, 131, 148, 158, 175, 192]","[310.9999999999999, 417.79999999999984, 589.6000000000001, 432.1999999999998, 728.4000000000002, 371.0000000000001, 587.0000000000001, 32.19999999999993, 448.20000000000005, 367.99999999999994, 407.2000000000002]","[1, 1, 1, 60, 1, 94, 120, 144, 144, 165, 186]","[20, 40, 75, 75, 205, 120, 205, 149, 205, 186, 205]",30736475.84000001,728.4000000000002,-728.4000000000002,0.0,,,,DWT,mdp.39015067403892,1.4901161193847656e-08,,0.0,15.0,11.0,0.0,33.0,,2.2737367544323206e-13,168.40000000000003,987.7999999999993,168.40000000000003,,0.0,168.40000000000003,,,27.999999999999943,0.0,33.0,2.2737367544323206e-13,2.2737367544323206e-13,,5.684341886080802e-14,8.903550311136262e-14,1.8595319510504724e-26,0.9738311616530413,0.29169819348514464,0.20562207440463218,0.1512263282856399,0.03308259764748883,,0.9999996646602125,4.4059199552998455e-09,4.4059199552998455e-09,3.6787269888316428e-09,,6.125805465799743e-13,0.9999999955940747,1.5171946557926922e-13,,,,,,3.1786782849947497e-13,0.0,1.0,3.4954031196328703e-13,3.4954031196328703e-13,0.8999999009429521,0.3383296774298177,593,0.9066824013099914,0.4602935176977093,256,0,0.24999997272888622,0.3557007787766466,595,0.0,0.2364943364965766,0.41724001614244,285,187.14945008379442,0.8038265722392092,432.25,370.98748608477626,0.6753671645263132,378,db,0.573477938514061,0.8443824841957417,0.34525069778143475,3,284.25,6.094906341771576e-14,0.9999999999705134,4.857297465665521e-27,0.9603884802868006,0.7927503448037431,0.000538650164587969,0.12409972299168995,0.000322221568016561,0.9999999997234257,2.0315811922300142e-05,4.745387416349445e-11,4.745387416349445e-11,3.962169481397382e-11,,6.125805465799743e-13,0.0031261328403482946,1.5171946557926922e-13,,,,,0.0,,1.4749084227875944e-13,0.0,1.0,2.847685247612971e-13,2.847685247612971e-13,1.0,0.30156916120467947,0.08604450842078389,1433,1.722646363360671,0.7963538383382368,518,647.002704785691,0.6609000499026777,975.5,760.9369554074833,0.5748158530435821,1007,0.49117026184683504,0.8233619396015222,0.4091722348267588,4,756.25,,,,,,,,,,,,,4.092350525312192e-19,0.9999999999715827,4.857297465665521e-27,0.9712673810453455,0.2450675259705902,0.0013873871629994322,0.09388374196213045,0.9999999999999999,0.00032222156801656144,0.9999999999999541,9.960751159770347e-05,3.8434858594393884e-14,3.8434858594393884e-14,3.20911916831812e-14,,0.0,4.786380409530668e-19,0.004567040150618464,1.4108257588933865e-18,,,,,0.13043478260869565,,4.666576700876887e-21,0.7209302325581395,1.0,9.54194168962319e-19,9.54194168962319e-19,1.0,0.42658033862811345,0.13286867808967343,1593,1.8436702705975172,0.8949347039606845,338,887.4190103891171,0.5853182194443378,965.5,557.6737441740031,0.5670749975726361,1396,1009.0473684210526,935.5,610.6543869996938,760,0.4758535102197843,0.8532293215616218,0.41093374637766444,5,1048.25
db3,1.0,antireflect,2.7502151559555948e-27,322.853732031831,4971503.709501994,0.5285714285714286,91.20437171266838,206,smoothed,3.2528456735085395e-14,-1.9924346617017408e-10,6.209638979658343,35575.238764873706,0.9826717006582512,0.00014966566451320274,0.9999999999999999,362.4,,,,[],[],11,426.59999999999997,32.200000000000045,728.3999999999999,"[9, 31, 53, 64, 80, 102, 131, 148, 158, 175, 192]","[311.0, 417.79999999999984, 589.5999999999999, 432.2, 728.3999999999999, 371.00000000000006, 586.9999999999999, 32.200000000000045, 448.20000000000005, 367.9999999999999, 407.20000000000005]","[1, 1, 1, 60, 1, 94, 120, 144, 144, 165, 186]","[20, 40, 75, 75, 205, 120, 205, 149, 205, 186, 205]",30736475.839999996,728.3999999999999,-728.3999999999999,0.0,,,,DWT,mdp.39015067403892,0.0,,0.0,15.0,11.0,0.0,33.0,,1.1368683772161603e-13,168.40000000000003,987.7999999999993,168.39999999999998,,0.0,168.40000000000003,,,28.000000000000057,0.0,33.0,1.1368683772161603e-13,1.1368683772161603e-13,,0.0,2.262354246611591e-14,3.260890095468489e-27,0.9914290583983054,0.10861850140100072,0.06644569888894465,0.10646603558323861,0.05908188119648492,,0.9999996647593375,4.4059199552998455e-09,4.4059199552998455e-09,3.67866784340914e-09,,0.0,0.9999999955940747,7.585973278963461e-14,,,,,,0.0,0.0,1.0,1.7477015598164352e-13,1.7477015598164352e-13,0.8999999009720988,0.3383296774407745,431,0.7486087018958522,0.3800445804141588,680,0,0.24999997273702879,0.3557007787882318,426,0.0,0.19029159649542818,0.33572587813185306,691,148.46099375481316,0.8443805096909716,557.0,527.330922772742,0.6302615336714816,495,db,0.573477938514061,0.8443824841957417,0.34525069778143475,3,372.0,2.275242493754567e-14,0.9999999999705138,1.1493568770888997e-27,0.9774806534300258,0.7489035121701102,0.00017406198603104055,0.08736842105263184,0.0005754522847133381,0.9999999997236262,2.0315811924354055e-05,4.745387416349445e-11,4.745387416349445e-11,3.962102868015904e-11,,0.0,0.0031261328403482946,7.585973278963461e-14,,,,,0.0,,0.0,0.0,1.0,1.4238426238064856e-13,1.4238426238064856e-13,1.0,0.30156916120420496,0.0860445084206485,1590,1.6962047283516357,0.7841302630419674,776,575.5849198858497,0.6983307547768083,1183.0,1042.975486052409,0.5391548952081107,1274,0.49117026184683504,0.8233619396015222,0.4091722348267588,4,956.5,,,,,,,,,,,,,1.5276838219342865e-19,0.9999999999715831,1.1493568770888997e-27,0.9836653627836635,0.23151289951649368,0.0013021311063607481,0.06609583083673215,0.9999999999999999,0.0005754522847133381,0.9999999999999541,9.960751159770499e-05,3.8434858594393884e-14,3.8434858594393884e-14,3.2090649582094954e-14,,0.0,0.0,0.004567040150618464,7.054128794466933e-19,,,,,0.13043478260869565,,0.0,0.7209302325581395,1.0,4.770970844811595e-19,4.770970844811595e-19,1.0,0.42658033862811345,0.13286867808967343,1622,1.83327524622166,0.8898888624071095,507,788.4240610230005,0.6315775415780371,1064.5,772.5260685767965,0.5670738175179906,1397,1009.0473684210526,935.5,610.6543869996938,760,0.4758535102197843,0.8532293215616218,0.41093374637766444,5,1049.0
rbio3.3,1.0,periodization,2.4898418614635376e-27,323.28568109830644,4841723.587724581,0.5339805825242718,157.91525211740452,206,smoothed,2.9452483059611585e-14,-2.0390997779173898e-10,6.287378992414864,30257.535129207445,0.9346073715459253,0.00014966566451320268,1.0,362.4000000000001,,,,[],[],11,426.59999999999997,32.200000000000045,728.4,"[9, 31, 53, 64, 80, 102, 131, 148, 158, 175, 192]","[310.9999999999999, 417.79999999999995, 589.6, 432.2, 728.4, 371.0000000000001, 587.0, 32.200000000000045, 448.19999999999976, 368.0, 407.1999999999999]","[0, 0, 0, 60, 0, 94, 120, 144, 144, 165, 186]","[20, 40, 75, 75, 203, 120, 203, 149, 203, 186, 203]",30736475.839999996,728.4,-728.4,0.0,,,,DWT,mdp.39015067403892,0.0,,0.0,33.0,11.0,0.0,33.0,,0.0,168.40000000000003,987.7999999999993,168.39999999999998,,0.0,168.40000000000003,,,28.000000000000057,0.0,15.0,0.0,0.0,,1.1368683772161603e-13,1.5866059160027802e-14,2.4988817021618865e-27,0.9930702112493031,0.2207510115618992,0.010749927200581502,0.14362142418571724,0.014983050497706547,,0.9999996647593375,4.4059199552998455e-09,4.4059199552998455e-09,3.67866784340914e-09,,1.2251610931599486e-12,0.9999999955940747,0.0,,,,,,0.0,1.0,0.0,0.0,0.0,0.8999999009726035,0.33832967744096426,393,0.7750343860041965,0.39346005101138676,586,0,0.24999997273709543,0.3557007787883267,394,0.0,0.19759651781360338,0.3486137363946187,603,116.2554658213253,0.878138924715592,494.0,473.51512910375374,0.6801596091083201,367,rbio,0.7685897546424816,0.816051598246696,0.21717169227625407,5,276.5,1.8865878833942473e-14,0.9999999999705134,9.650994930086644e-28,0.9790746432738007,0.7757587867767244,2.816064409751659e-05,0.11785896780786931,0.00014593358346540793,0.9999999997235558,2.0315811924354055e-05,4.745387416349445e-11,4.745387416349445e-11,3.962102868015904e-11,,1.2251610931599486e-12,0.0031261328403482946,0.0,,,,,0.0,,0.0,1.0,0.0,0.0,0.0,1.0,0.30156916120472266,0.08604450842079621,1430,1.7225402201118074,0.7963047698901536,520,643.4671708797582,0.6627530550944664,975.0,762.6666666666666,0.575873382893145,999,0.3888041033402703,1.0,0.4278371276618108,3,750.0,,,,,,,,,,,,,1.2667264241195808e-19,0.9999999999715827,9.650994930086644e-28,0.9848215795390513,0.23981482678810284,0.001268013233639863,0.08916249492626177,1.0,0.00014593358346540837,0.9999999999999541,9.960751159770499e-05,3.8434858594393884e-14,3.8434858594393884e-14,3.2090649582094954e-14,,0.0,9.572760819061336e-19,0.004567040150618464,0.0,,,,,0.13043478260869565,,0.0,1.0,0.7209302325581395,0.0,0.0,1.0,0.42658033862811345,0.13286867808967343,1586,1.8471577391296492,0.8966275536356778,295,912.8748545118328,0.5734229651813865,940.5,497.46943115364166,0.5669684919364877,1398,818.67,599.5,715.6978453131971,300,0.38607403914171184,1.0,0.42974817260080167,3,1049.25
rbio4.4,1.0,periodization,4.043469228946329e-20,253.40425104403468,6026495.392173321,0.6213592233009708,300.83202867392055,206,raw,1.5769538065253914e-10,1.2475908990234864e-11,6.350693419677084,65630.95729905365,0.7406471228930777,5.618943883699189e-06,1.0,327.0000000002369,,,,[],[],13,661.1538461533166,86.99999999990757,939.9999999992373,"[8, 32, 51, 63, 81, 100, 111, 133, 152, 162, 175, 192, 204]","[877.9999999994224, 637.999999999377, 786.9999999993615, 791.9999999993106, 939.9999999992373, 787.9999999993794, 636.9999999994692, 674.9999999997369, 770.999999999358, 195.99999999973352, 833.9999999992727, 571.9999999995512, 86.99999999990757]","[0, 13, 39, 39, 76, 99, 107, 107, 107, 161, 99, 187, 203]","[76, 39, 61, 76, 205, 164, 119, 142, 164, 164, 205, 205, 205]",37754612.9999825,940.9999999994956,-940.9999999994956,0.0,,,,DWT,mdp.39015067403892,1.7501413822174072e-05,,0.0,33.0,19.0,0.0,28.5,,5.044284989708103e-10,256.34134615331664,4359.000000006883,256.3413461533643,,0.0,256.34134615331664,,,83.99999999990757,0.0,19.5,7.627249942743219e-10,5.044284989708103e-10,,2.369233698118478e-10,1.992325014453612e-10,2.861426489377338e-20,0.7211963459924207,0.7976307452495477,0.00032696265197017357,0.48162274618585255,0.0006389075322762503,0.9999999997268173,0.4742280245042301,6.285892830777584e-09,6.285892830777584e-09,5.708857714896407e-09,,1.1917460026293674e-08,0.9999999937140327,9.132937367502286e-10,,,,,,1.7322799425640296e-10,1.0,0.0,6.317589721829378e-10,6.317589721829378e-10,0.7422684164471729,0.24267159582989217,632,1.4246013229839594,0.6842408398481596,764,0,0.20618567089720047,0.2463543461618765,632,0.0,0.37517696344226464,0.6814514378622969,714,65.06150935845248,0.9318013528737396,685.5,680.9649200429808,0.6066239468771213,513,rbio,0.5136782423812899,1.0,0.3404252303330971,4,385.75,1.9923250144536119e-10,0.00015478833002802173,2.861426489377338e-20,0.7211963459924206,0.7976307452495478,0.0013601041943628472,0.6103985692386303,0.0030030966354231653,0.9999999997268172,0.9919828214545645,0.9855281704393122,0.9855281704393122,0.9855281704397347,,2.553235718145333e-09,0.9999999999687954,5.089429472856586e-10,,,,,1.0,,1.7322799425640296e-10,1.0,0.25,6.317589721829378e-10,6.317589721829378e-10,0.0,2.209570201686682,0.6304403973730743,626,1.4776203351165342,0.6830819432846741,1617,700.7428201558686,0.6327343709874902,1121.5,902.5786892554615,0.5224730555147095,1389,0.3888041033402703,1.0,0.4278371276618108,3,1042.5,,,,,,,,,,,,,1.337722331123136e-15,0.03641360043847747,2.861426489377338e-20,0.7977669321509075,0.24657623255247788,0.0015794776788405182,0.46177783791097265,1.0,0.0030030966354231653,0.9999999999999547,0.0008499884728378836,0.0007982210227353195,0.0007982210227353195,0.0007982210227294136,,0.0,1.9949633546923827e-15,0.020163910573081666,4.732615008207866e-15,,,,,0.4782608695652174,,5.480894335179903e-18,1.0,0.7906976744186046,2.1168797638429046e-15,2.1168797638429046e-15,0.9302325581395349,0.5674759776447109,0.17675400427451543,633,1.5995744683562878,0.776448330339222,1644,714.8849557795995,0.6659416094487853,1138.5,914.0553359683794,0.5669661318271964,1399,818.67,599.5,715.6978453131971,300,0.38607403914171184,1.0,0.42974817260080167,3,1050.0
db16,1.0,zero,1.191320889608544e-26,318.71150489724556,5922872.745500545,0.5635593220338984,208.40960725577096,206,raw,7.176136707518876e-14,-2.1650092829617336e-10,6.37437517608009,68426.53867423156,0.810979713995576,5.618943883690062e-06,0.9999999999999999,327.0,,,,[],[],13,661.1538461538462,86.99999999999986,940.0000000000002,"[8, 32, 51, 63, 81, 100, 111, 133, 152, 162, 175, 192, 204]","[878.0, 638.0, 787.0000000000001, 792.0000000000001, 940.0000000000002, 788.0000000000002, 636.9999999999999, 675.0, 771.0000000000002, 196.00000000000017, 834.0, 571.9999999999999, 86.99999999999986]","[0, 13, 39, 39, 76, 99, 107, 107, 107, 161, 164, 187, 203]","[76, 39, 61, 76, 205, 164, 119, 142, 164, 164, 205, 205, 205]",37754613.0,941.0000000000002,-941.0000000000002,0.0,,,,DWT,mdp.39015067403892,0.0,,0.0,33.0,19.0,0.0,28.5,,2.2737367544323206e-13,256.3413461538462,4359.0,256.34134615384613,,0.0,256.3413461538462,,,83.99999999999986,0.0,24.0,2.2737367544323206e-13,2.2737367544323206e-13,,0.0,7.232388779860365e-14,7.633697985087629e-27,0.9621948975490996,0.8058116040996939,0.00021034753395301987,0.048123486682809025,0.0008652461787155342,0.9999999997233662,0.4742280246114352,6.6959667625959335e-09,6.6959667625959335e-09,6.0819563246244724e-09,,0.0,0.9999999933040264,2.7225927463116073e-13,,,,,,0.0,1.0,0.5,2.847685247612971e-13,2.847685247612971e-13,0.7922684098778607,0.25901821374930445,511,1.399923407380261,0.6723879534118281,800,0,0.24785233644918275,0.2961384271997967,511,0.0,0.3521506977209637,0.6396277562044156,810,169.79006645462704,0.8220229911377075,658.0,625.1502093254858,0.5661477639126693,645,db,0.540986235965534,0.9305070477545101,0.3421575204977732,3,484.5,7.232388779860365e-14,0.0001547883299646835,7.633697985087629e-27,0.9621948975490996,0.805811604099694,0.0012436095956739072,0.284589652096343,0.0032288998323982206,0.9999999997233661,0.9919828214561991,0.9855281704452468,0.9855281704452468,0.9855281704451341,,0.0,0.9999999999667601,1.5171946557926922e-13,,,,,1.0,,0.0,1.0,0.5,2.847685247612971e-13,2.847685247612971e-13,0.0,2.2345701998211176,0.6375734627747387,507,1.4960184025369976,0.6915870967043861,1591,766.5037508062176,0.5982684744202214,1049.0,768.958055290753,0.5242390590130457,1378,0.49117026184683504,0.8233619396015222,0.4091722348267588,4,1034.5,,,,,,,,,,,,,4.856099234811312e-19,0.03641360043841641,7.633697985087629e-27,0.9725776841906563,0.2491052290415507,0.0015522363400147883,0.21529734973135023,0.9999999999999999,0.0032288998323982206,0.9999999999999541,0.0008499884728391203,0.0007982210227401261,0.0007982210227401261,0.0007982210227337869,,0.0,0.0,0.020163910573049823,1.4108257588933865e-18,,,,,0.4782608695652174,,0.0,1.0,0.8604651162790697,9.54194168962319e-19,9.54194168962319e-19,0.9302325581395349,0.5744527218307418,0.17892707859001003,531,1.6072099231621824,0.7801546511468488,1627,774.9890321804561,0.6378555924390392,1079.0,800.6830398517146,0.5668249924812019,1400,1009.0473684210526,935.5,610.6543869996938,760,0.4758535102197843,0.8532293215616218,0.41093374637766444,5,1051.25
coif4,1.0,periodization,1.1588556660028254e-26,316.6071052573854,4963792.290643297,0.529126213592233,98.13613635358809,206,smoothed,7.370873109606067e-14,-2.0125123789682711e-10,6.192135778513129,31688.237398435296,0.9839499030222825,0.0001496656645132028,0.9999999999999997,362.4,,,,[],[],11,426.60000000000014,32.19999999999999,728.3999999999997,"[9, 31, 53, 64, 80, 102, 131, 148, 158, 175, 192]","[311.0000000000002, 417.80000000000007, 589.6000000000001, 432.20000000000005, 728.3999999999997, 371.0, 587.0000000000001, 32.19999999999999, 448.20000000000016, 368.00000000000034, 407.20000000000044]","[1, 1, 1, 60, 1, 94, 120, 144, 144, 165, 186]","[20, 40, 75, 75, 204, 120, 204, 149, 204, 186, 204]",30736475.839999996,728.3999999999997,-728.3999999999997,0.0,,,,DWT,mdp.39015067403892,0.0,,0.0,15.0,11.0,0.0,33.0,,2.2737367544323206e-13,168.4000000000002,987.7999999999975,168.40000000000015,,0.0,168.4000000000002,,,28.0,0.0,33.0,2.2737367544323206e-13,2.2737367544323206e-13,,0.0,1.1309083701848366e-13,2.912717727423638e-26,0.9676955441123516,0.08337181297542806,0.06313630590745292,0.11027684467067218,0.026847626163012905,,0.999999664709775,4.406097391567225e-09,4.406097391567225e-09,3.6788452796766485e-09,,0.0,0.9999999955939026,1.5171946557926922e-13,,,,,,0.0,0.0,1.0,3.4954031196328703e-13,3.4954031196328703e-13,0.8999999009574114,0.3383296774352532,541,0.7087211742423596,0.35979496446334297,784,0,0.24999997273296398,0.35570077878244843,538,0.0,0.17876116197557584,0.3153830709574319,809,148.73466307488647,0.8440936445755907,668.0,643.2141108412851,0.5719420004848603,676,coif,0.5556920286951962,0.9053407607371553,0.33941335169221604,4,508.0,7.478441602352447e-14,0.999999999970514,7.403952565656676e-27,0.9544291864652648,0.7428570342164506,0.0001653926586773105,0.09049565661727149,0.0002614934985440938,0.9999999997235959,2.0315811923354854e-05,4.745570603148508e-11,4.745570603148508e-11,3.9622916059300906e-11,,0.0,0.003126132840347795,1.5171946557926922e-13,,,,,0.0,,0.0,0.0,1.0,2.847685247612971e-13,2.847685247612971e-13,1.0,0.301569161204301,0.08604450842067589,1518,1.6804715852436638,0.7768570645668518,924,420.0214280248092,0.7798629832155088,1221.0,1148.7567567567567,0.5699629381486349,1037,0.4784248188775415,0.776734912893196,0.43208215291776214,2,778.25,,,,,,,,,,,,,5.021308401436068e-19,0.9999999999715835,7.403952565656676e-27,0.9669447466235219,0.22964371661086416,0.0013001038528529288,0.06846164253822229,0.9999999999999997,0.0002614934985440938,0.9999999999999541,9.960751159770423e-05,3.843648489765261e-14,3.843648489765261e-14,3.209227588535368e-14,,0.0,0.0,0.004567040150618456,1.4108257588933865e-18,,,,,0.13043478260869565,,0.0,0.7209302325581395,1.0,9.54194168962319e-19,9.54194168962319e-19,1.0,0.42658033862811345,0.13286867808967343,1650,1.8231280126121348,0.8849633007971058,665,696.5001794687494,0.6745326264164723,1157.5,947.9481641468682,0.5668223879745913,1401,986.6382352941176,846.0,585.0035688138154,340,0.4652856568234462,0.8173890317607586,0.42908333069536003,4,1051.75
sym4,1.0,antireflect,1.752222001138644e-20,257.03590117761286,5998802.942230545,0.6320754716981132,290.26756392883385,206,raw,1.0478470363509588e-10,-2.0329005153977817e-10,6.378373015854147,71542.16686485877,0.7826122079087036,5.618943883685308e-06,1.0,326.999999999936,,,,[],[],13,661.1538461540887,87.00000000007418,940.0000000002987,"[8, 32, 51, 63, 81, 100, 111, 133, 152, 162, 175, 192, 204]","[878.0000000000564, 638.0000000004583, 787.000000000462, 792.0000000002874, 940.0000000002987, 788.0000000001833, 637.0000000002992, 675.0000000001833, 771.000000000165, 196.00000000026546, 834.000000000385, 572.0000000000346, 87.00000000007418]","[0, 13, 42, 42, 76, 99, 107, 107, 107, 161, 164, 187, 203]","[76, 42, 61, 76, 205, 164, 119, 142, 164, 164, 205, 205, 205]",37754613.000007346,941.0000000001068,-941.0000000001068,0.0,,,,DWT,mdp.39015067403892,7.3462724685668945e-06,,0.0,33.0,19.0,0.0,28.5,,1.0675194062059745e-10,256.3413461540887,4358.999999996848,256.3413461540887,,0.0,256.3413461540887,,,84.00000000007418,0.0,28.5,2.986553226946853e-10,1.0675194062059745e-10,,6.400568963726982e-11,1.3237894309380117e-10,1.2399882335818082e-20,0.7345979571506569,0.8071926571913858,0.0002957980521268714,0.5619946091644202,0.0011174967745078888,0.9999999997235652,0.4742280246977738,6.883748578089394e-09,6.883748578089394e-09,6.269782158474125e-09,,3.219544143379721e-09,0.9999999931162514,3.576125572280296e-10,,,,,,7.27129852434284e-11,1.0,1.0,1.3369882237542902e-10,1.3369882237542902e-10,0.8422684118570559,0.2753648344635008,38,1.4697478442168617,0.7059248668852254,672,0,0.2895190034807143,0.345922510005509,38,0.0,0.38814981477363025,0.7050146335122167,622,352.1983342758263,0.630819356105004,342.5,71.77798766296857,0.6359023405262965,449,sym,0.8243425715244881,0.7368036147090654,0.2019191155201387,6,338.25,1.3237894309380117e-10,0.00015478832993165437,1.2399882335818082e-20,0.7345979571506568,0.8071926571913858,0.0013289718024930997,0.6708043694141012,0.0034805536788130686,0.9999999997235651,0.9919828214575156,0.9855281704479644,0.9855281704479644,0.9855281704478522,,6.897656954490511e-10,0.999999999965828,1.9928351803837013e-10,,,,,1.0,,7.27129852434284e-11,1.0,0.75,1.3369882237542902e-10,1.3369882237542902e-10,0.0,2.2595702003576648,0.6447065288617798,37,1.5147799944526186,0.7002603021011065,1543,1064.9028124669405,0.4418748362332596,790.0,72.26708860759493,0.5139143573199841,1455,0.7763846615972358,0.5622554397616224,0.28785410495344815,6,1092.75,,,,,,,,,,,,,8.888422675133754e-16,0.03641360043838461,1.2399882335818082e-20,0.8074879271941686,0.2495321620181598,0.0015721976156880305,0.5074759460128713,1.0,0.003480553678813068,0.9999999999999541,0.0008499884728401161,0.0007982210227423271,0.0007982210227423271,0.0007982210227359884,,0.0,5.389464341131534e-16,0.020163910573035237,1.853119634306463e-15,,,,,0.4782608695652174,,2.3006223135323053e-18,1.0,0.9302325581395349,4.479941623278088e-16,4.479941623278088e-16,0.9302325581395349,0.5814294660167847,0.18110015290550835,209,1.6253516161415962,0.7889607977202355,1572,963.7865427572643,0.549632456655484,890.5,368.94778214486246,0.5667554806641906,1402,1409.1368421052632,1454.5,398.32527672708756,380,0.6645304607900322,0.5565550872278735,0.3678621512786154,7,1053.25
coif15,1.0,symmetric,1.9692296482813417e-26,314.3044350845519,6834097.538472558,0.5238095238095238,97.93619870128373,206,smoothed,1.0140755549197545e-13,-2.0029613523320263e-10,6.751565096376136,31055.767477187957,0.9822068094545666,0.0001496656645132029,0.9999999999999996,362.4000000000001,,,,[],[],11,426.59999999999997,32.20000000000013,728.3999999999994,"[9, 31, 53, 64, 80, 102, 131, 148, 158, 175, 192]","[311.00000000000017, 417.79999999999995, 589.6, 432.20000000000016, 728.3999999999994, 371.0000000000001, 587.0000000000001, 32.20000000000013, 448.19999999999993, 367.99999999999994, 407.19999999999993]","[1, 1, 1, 60, 1, 94, 120, 144, 144, 165, 186]","[20, 40, 75, 75, 205, 120, 205, 149, 205, 186, 205]",30736475.839999992,728.3999999999994,-728.3999999999994,0.0,,,,DWT,mdp.39015067403892,3.725290298461914e-09,,0.0,15.0,11.0,0.0,33.0,,5.684341886080801e-13,168.40000000000003,987.7999999999993,168.40000000000006,,0.0,168.40000000000003,,,28.000000000000142,0.0,33.0,5.684341886080801e-13,5.684341886080801e-13,,1.1368683772161603e-13,1.739412743762834e-13,5.284357942746726e-26,0.9589467493762304,0.8902949333259035,0.865786917141321,0.07375659091609926,0.02160265843068429,,0.9999996648336812,4.4059199552998455e-09,4.4059199552998455e-09,3.6787565615428943e-09,,1.2251610931599486e-12,0.9999999955940747,3.7929866394817307e-13,,,,,,7.946695712486874e-14,0.0,1.0,8.738507799082175e-13,8.738507799082175e-13,0.8999999009955121,0.3383296774495761,331,1.491552674598116,0.7572133598603552,43,0,0.249999972743482,0.3557007787974135,331,0.0,0.4014839784557733,0.708326398565755,51,164.0,0.8280922431865828,189.0,81.78963380281691,0.8149895178197064,118,coif,0.5556920286951962,0.9053407607371553,0.33941335169221604,4,89.5,1.0978236119083778e-13,0.9999999999705149,1.313869546210523e-26,0.9459318122285075,0.9361117999605119,0.0022680262650135825,0.06052631578947404,0.00021040797784480049,0.9999999997236103,2.0315811925852856e-05,4.745387416349445e-11,4.745387416349445e-11,3.9622027880881205e-11,,1.2251610931599486e-12,0.0031261328403482946,3.7929866394817307e-13,,,,,0.0,,3.687271056968986e-14,0.0,1.0,7.119213119032428e-13,7.119213119032428e-13,1.0,0.30156916120521626,0.08604450842093704,1330,1.7610436898374264,0.8141043522986512,165,823.7794000823278,0.5682497903132454,747.5,293.5785953177257,0.5882391509218219,928,0.4784248188775415,0.776734912893196,0.43208215291776214,2,696.5,,,,,,,,,,,,,7.371202743679097e-19,0.9999999999715842,1.313869546210523e-26,0.960781089742201,0.2893856866186449,0.0017917880608866107,0.04578928039894109,0.9999999999999997,0.00021040797784480092,0.9999999999999541,9.960751159770619e-05,3.8434858594393884e-14,3.8434858594393884e-14,3.2091408523615694e-14,,0.0,9.572760819061336e-19,0.004567040150618464,3.5270643972334666e-18,,,,,0.13043478260869565,,1.1666441752192217e-21,0.7209302325581395,1.0,2.3854854224057974e-18,2.3854854224057974e-18,1.0,0.42658033862811345,0.13286867808967343,1609,1.8404572665272576,0.893375081889266,421,840.0428560496184,0.6074566093226081,1015.0,667.3783251231528,0.5665787719510237,1403,986.6382352941176,846.0,585.0035688138154,340,0.4652856568234462,0.8173890317607586,0.42908333069536003,4,1053.25
db34,1.0,zero,1.8623121896708046e-26,316.7712676092535,5889061.455444855,0.5625,164.2021188670908,206,raw,9.219809381974505e-14,-2.0564350222685138e-10,6.410972832537379,69883.36080774221,0.8406174051008608,5.618943883690064e-06,1.0,327.0000000000002,,,,[],[],13,661.1538461538462,86.99999999999991,940.0000000000001,"[8, 32, 51, 63, 81, 100, 111, 133, 152, 162, 175, 192, 204]","[878.0000000000002, 638.0000000000001, 786.9999999999995, 792.0000000000002, 940.0000000000001, 788.0000000000002, 637.0, 674.9999999999999, 771.0, 196.00000000000028, 834.0000000000002, 571.9999999999998, 86.99999999999991]","[0, 13, 42, 42, 76, 99, 107, 107, 107, 161, 99, 187, 203]","[76, 42, 61, 76, 205, 164, 119, 142, 164, 164, 205, 205, 205]",37754613.0,941.0000000000001,-941.0000000000001,0.0,,,,DWT,mdp.39015067403892,0.0,,0.0,33.0,19.0,0.0,28.5,,1.1368683772161603e-13,256.3413461538462,4359.0,256.3413461538462,,0.0,256.3413461538462,,,83.99999999999991,0.0,24.0,1.1368683772161603e-13,1.1368683772161603e-13,,2.2737367544323206e-13,9.814604659429736e-14,1.2382076728432237e-26,0.9550349827081949,0.8184542584969505,0.00017229689824007938,0.040178571428571286,0.0009831948647131316,0.9999999997235298,0.47422802461150126,6.6959667625959335e-09,6.6959667625959335e-09,6.082000342865356e-09,,1.1437101752681067e-11,0.9999999933040264,1.3612963731558036e-13,,,,,,0.0,1.0,0.5,1.4238426238064856e-13,1.4238426238064856e-13,0.7922684098834872,0.2590182137511439,264,1.3987989737292672,0.671847884121356,803,0,0.2478523364501099,0.2961384272009045,264,0.0,0.35185291301503724,0.6390868759377673,813,314.10507795958983,0.6707493941723377,536.0,397.96639615956104,0.5544522652203407,690,db,0.540986235965534,0.9305070477545101,0.3421575204977732,3,518.25,9.814604659429736e-14,0.0001547883299646835,1.2382076728432237e-26,0.9550349827081948,0.8184542584969506,0.0012055982845110955,0.27861842105263174,0.0033465694871224697,0.9999999997235297,0.9919828214562001,0.9855281704452468,0.9855281704452468,0.9855281704451347,,2.4503221863198973e-12,0.9999999999667601,7.585973278963461e-14,,,,,1.0,,0.0,1.0,0.5,1.4238426238064856e-13,1.4238426238064856e-13,0.0,2.2345701998222487,0.6375734627750614,266,1.4956833506199803,0.6914322071775312,1592,937.623591853362,0.5085830231376509,929.0,455.83638320775026,0.5108428742522636,1472,0.49117026184683504,0.8233619396015222,0.4091722348267588,4,1105.0,,,,,,,,,,,,,6.5898965925823e-19,0.036413600438416426,1.2382076728432237e-26,0.9673841670935847,0.2530135263449141,0.0015433476960926668,0.2107800027059939,1.0,0.0033465694871224697,0.9999999999999541,0.000849988472839121,0.0007982210227401261,0.0007982210227401261,0.0007982210227337874,,0.0,1.9145521638122673e-18,0.020163910573049823,7.054128794466933e-19,,,,,0.4782608695652174,,0.0,1.0,0.8604651162790697,4.770970844811595e-19,4.770970844811595e-19,0.9302325581395349,0.5744527218307418,0.17892707859001003,542,1.6042836462854073,0.7787342091230292,1630,769.3321779309637,0.6404989822752507,1086.0,813.4990791896869,0.5665111733806161,1404,1009.0473684210526,935.5,610.6543869996938,760,0.4758535102197843,0.8532293215616218,0.41093374637766444,5,1054.25
sym4,1.0,periodic,8.71348142237061e-22,267.8454816465297,4963561.93302838,0.5283018867924528,89.81279909723419,206,smoothed,2.295219462170174e-11,,6.206193587738655,33610.415764174184,0.9802135518374502,0.00014966566451304783,0.9999999999999993,362.40000000000043,,,,[],[],11,426.6000000000597,32.200000000051915,728.4000000001414,"[9, 31, 53, 64, 80, 102, 131, 148, 158, 175, 192]","[311.00000000009607, 417.80000000005856, 589.6000000000942, 432.2000000000566, 728.4000000001414, 371.0000000000598, 586.9999999999983, 32.200000000051915, 448.2000000000209, 368.00000000003445, 407.2000000000452]","[1, 1, 1, 60, 1, 94, 120, 144, 144, 165, 186]","[20, 40, 75, 75, 203, 120, 203, 149, 203, 186, 203]",30736475.840000536,728.4000000001009,-728.4000000001009,0.0,,,,DWT,mdp.39015067403892,5.401670932769775e-07,,0.0,33.0,11.0,0.0,33.0,,1.0095391189679503e-10,168.40000000005978,987.7999999993417,168.40000000005978,,0.0,168.40000000005978,,,28.000000000051926,0.0,33.0,1.4142642612569034e-10,1.0095391189679503e-10,,4.547473508864641e-13,5.037391969490071e-11,2.5500823828100937e-21,0.7824300028271096,0.10364885410170468,0.06303744681446267,0.10461455758321175,0.04278793125166858,,0.999999709985107,4.468081794305123e-09,4.468081794305123e-09,3.740888827882128e-09,,4.9006443726397945e-12,0.9999999955318752,9.436950759030545e-11,,,,,,1.1522708783105968e-11,1.0,1.0,1.5519589851169945e-10,1.5519589851169945e-10,0.9999999146820602,0.37592187311326397,38,0.6117621477034138,0.310571982597063,903,0,0.3333333098846016,0.47426772340783635,38,0.0,0.1566455418040759,0.276365131441192,908,500.8555180887997,0.4749942158398326,471.75,72.9390343109771,0.49024868024696033,928,sym,1.0,1.0,0.0,7,697.75,2.898214825449247e-11,0.9999999999694387,6.166228458236086e-22,0.7744877562501523,0.7477133020987481,0.0001651336861576314,0.08584905660377379,0.0004167506568561129,,2.031581284317463e-05,4.812339415849465e-11,4.812339415849465e-11,4.029121480897402e-11,,4.9006443726397945e-12,0.0031261328401538946,9.436950759030545e-11,,,,,0.0,,5.34654303260503e-12,1.0,1.0,1.2643722499401594e-10,1.2643722499401594e-10,1.0,0.40156916130777454,0.1145767721860075,992,1.1731381945463224,0.5423243702239496,1769,549.4219689819474,0.7120429931960444,1380.5,1271.1684172401306,0.4942552492185672,1563,0.7763846615972358,0.5622554397616224,0.28785410495344815,6,1173.75,,,,,,,,,,,,,1.9459709958311472e-16,0.9999999999705468,6.166228458236086e-22,0.8364223989337521,0.23114496295300194,0.0013000432941812435,0.06494640345346092,0.9999999999999994,0.0004167506568561129,,9.960751159840007e-05,3.897717652107113e-14,3.897717652107113e-14,3.26334011896412e-14,,0.0,3.8291043276245345e-18,0.004567040150615422,8.775336220316865e-16,,,,,0.13043478260869565,,1.6916340540678717e-19,1.0,1.0,4.2366221101926964e-16,4.2366221101926964e-16,1.0,0.45448731537229936,0.14156097535167123,1276,1.3442212041191335,0.6524974799187673,1756,339.4112549695428,0.8413966098273165,1516.0,1478.005277044855,0.5664926974370228,1405,1409.1368421052632,1454.5,398.32527672708756,380,0.6645304607900322,0.5565550872278735,0.3678621512786154,7,1055.5
sym20,1.0,smooth,2.1651868518596993e-18,233.89244493080628,4962629.300775873,0.569672131147541,58.399557048851875,206,smoothed,1.2175457837191488e-09,1.4860690388446593e-08,6.193586902642459,42204.85293182373,0.9893698368221595,0.00014966566451735488,1.0,362.39999999983047,,,,[],[],11,426.5999999958552,32.19999999896049,728.3999999932977,"[9, 31, 53, 64, 80, 102, 131, 148, 158, 175, 192]","[310.9999999954266, 417.79999999600017, 589.5999999950928, 432.19999999360647, 728.3999999932977, 370.9999999952437, 586.999999997963, 32.19999999896049, 448.1999999967386, 367.9999999960296, 407.19999999604823]","[0, 0, 0, 60, 0, 94, 120, 144, 144, 165, 186]","[20, 40, 75, 75, 205, 120, 205, 149, 205, 186, 205]",30736475.83991029,728.3999999949415,-728.3999999949415,0.0,,,,DWT,mdp.39015067403892,8.970499038696289e-05,,0.0,15.0,11.0,0.0,33.0,,5.058495844423305e-09,168.3999999958553,987.8000000455913,168.39999999646454,,0.0,168.3999999958553,,,27.999999998960504,0.0,15.0,6.7022938310401514e-09,5.058495844423305e-09,,1.695070750429295e-10,2.6747287053848096e-09,6.336635084508944e-18,0.6534283974741697,0.0854649203136848,0.06263720313851691,0.38878607848895874,0.11406016746006714,,0.9999987583605737,9.333147664160587e-11,9.333147664160587e-11,5.914542250308867e-14,,1.8267151899014834e-09,0.9999999999066578,4.472234686880119e-09,,,,,,1.9135643275668393e-09,0.0,0.0,7.776398090403228e-09,7.776398090403228e-09,0.7999996347343339,0.3007373868375521,952,0.6672465993926318,0.3387396556528754,854,0,0.16666656518493866,0.2371337339968498,950,0.0,0.18633953850716087,0.32875337822657785,719,109.810063291121,0.8848951118541708,868.75,857.4798739559429,0.48712784942813364,934,sym,1.0,1.0,0.0,7,702.25,1.5383718729181366e-09,0.9999999999993343,1.5322295857545205e-18,0.6491933641779952,0.7433583248079958,0.00016408520280511343,0.31904659188956025,0.0011109359186008212,0.9999999999506075,2.0315793510139457e-05,1.0051959264956167e-12,1.0051959264956167e-12,6.661338147750939e-16,,1.8267151899014834e-09,0.0031261328538300104,4.472234686880119e-09,,,,,0.0,,8.878948705181318e-10,0.0,0.0,6.3353877546269585e-09,6.3353877546269585e-09,1.0,0.20156916729314886,0.05751224642215377,1620,1.5893402350770167,0.7347283943756149,1340,197.9898987322333,0.8962317092598358,1480.0,1466.7567567567567,0.5602751837703791,1093,0.7763846615972358,0.5622554397616224,0.28785410495344815,6,821.25,,,,,,,,,,,,,1.0329210309788188e-14,0.9999999999993585,1.5322295857545205e-18,0.7455388365097443,0.22979868348772212,0.0012997981146572095,0.24136466371373272,1.0,0.0011109359186008212,0.9999999999999918,9.960751158377538e-05,8.142358315366138e-16,8.142358315366138e-16,5.421010862427522e-19,,0.0,1.4272986381220454e-15,0.0045670401508293955,4.1586910894900355e-14,,,,,0.13043478260869565,,2.809279173927886e-17,0.7209302325581395,0.7209302325581395,2.1228434773989188e-14,2.1228434773989188e-14,1.0,0.3986733618840265,0.12417638082770646,1697,1.7598627825597772,0.854253769472092,932,540.9366876077089,0.7472258469122856,1314.5,1203.1981742107264,0.5664867552318438,1406,1409.1368421052632,1454.5,398.32527672708756,380,0.6645304607900322,0.5565550872278735,0.3678621512786154,7,1056.25
db16,1.0,constant,1.2464890728365828e-26,318.51490771176833,5921654.78359356,0.5635593220338984,208.43685718637357,206,raw,7.386540138981818e-14,-2.171008928186808e-10,6.378562872732859,66743.1264133142,0.8061848026215522,5.618943883690062e-06,0.9999999999999999,327.0,,,,[],[],13,661.1538461538462,86.99999999999986,940.0000000000002,"[8, 32, 51, 63, 81, 100, 111, 133, 152, 162, 175, 192, 204]","[878.0000000000001, 638.0, 787.0000000000001, 792.0000000000001, 940.0000000000002, 788.0000000000002, 636.9999999999999, 675.0, 771.0000000000002, 196.00000000000017, 834.0, 571.9999999999999, 86.99999999999986]","[0, 13, 39, 39, 76, 99, 107, 107, 107, 161, 164, 187, 203]","[76, 39, 61, 76, 205, 164, 119, 142, 164, 164, 205, 205, 205]",37754613.0,941.0000000000002,-941.0000000000002,0.0,,,,DWT,mdp.39015067403892,0.0,,0.0,33.0,19.0,0.0,28.5,,2.2737367544323206e-13,256.3413461538462,4359.0,256.34134615384613,,0.0,256.3413461538462,,,83.99999999999986,0.0,24.0,2.2737367544323206e-13,2.2737367544323206e-13,,0.0,7.498237165773837e-14,8.024104579814942e-27,0.9614694094272651,0.8072582432188762,0.00020897686088025026,0.048123486682809025,0.0007289520769167327,0.9999999997233571,0.4742280246114352,6.6959667625959335e-09,6.6959667625959335e-09,6.0819563246244724e-09,,0.0,0.9999999933040264,2.7225927463116073e-13,,,,,,0.0,1.0,0.5,2.847685247612971e-13,2.847685247612971e-13,0.7922684098778607,0.25901821374930445,513,1.4001562310894928,0.6724997794278307,799,0,0.24785233644918275,0.2961384271997967,510,0.0,0.3522236334987724,0.6397602328634389,809,168.92873250772547,0.822925856910141,657.75,625.2187824934033,0.5667302240525547,641,db,0.540986235965534,0.9305070477545101,0.3421575204977732,3,481.5,7.498237165773836e-14,0.0001547883299646835,8.024104579814942e-27,0.9614694094272651,0.8072582432188763,0.0012422403391635932,0.284589652096343,0.0030929281616333313,0.999999999723357,0.9919828214561991,0.9855281704452468,0.9855281704452468,0.9855281704451341,,0.0,0.9999999999667601,1.5171946557926922e-13,,,,,1.0,,0.0,1.0,0.5,2.847685247612971e-13,2.847685247612971e-13,0.0,2.2345701998211176,0.6375734627747387,504,1.4962513559269244,0.6916947875979833,1590,767.9179643685906,0.597527272343506,1047.0,765.3868194842407,0.524392566989363,1376,0.49117026184683504,0.8233619396015222,0.4091722348267588,4,1033.0,,,,,,,,,,,,,5.034599891054402e-19,0.03641360043841641,8.024104579814942e-27,0.9720514439981133,0.2495524370083893,0.00155191615022954,0.21529734973135023,0.9999999999999999,0.0030929281616333313,0.9999999999999541,0.0008499884728391203,0.0007982210227401261,0.0007982210227401261,0.0007982210227337869,,0.0,0.0,0.020163910573049823,1.4108257588933865e-18,,,,,0.4782608695652174,,0.0,1.0,0.8604651162790697,9.54194168962319e-19,9.54194168962319e-19,0.9302325581395349,0.5744527218307418,0.17892707859001003,529,1.6070632342668771,0.7800834469921862,1628,777.1103525240158,0.6368643212504599,1078.5,798.5275846082521,0.5664461793168187,1407,1009.0473684210526,935.5,610.6543869996938,760,0.4758535102197843,0.8532293215616218,0.41093374637766444,5,1056.5
coif11,1.0,constant,3.0878650472596965e-26,314.57520935278626,5968618.792546304,0.5666666666666667,162.16577413740038,206,raw,1.21050957822819e-13,-2.2538371169389675e-10,6.329969598189396,67888.05216049384,0.8326375736416333,5.618943883690062e-06,0.9999999999999998,327.0000000000001,,,,[],[],13,661.1538461538463,86.99999999999989,940.0000000000002,"[8, 32, 51, 63, 81, 100, 111, 133, 152, 162, 175, 192, 204]","[878.0000000000003, 638.0, 787.0000000000002, 792.0000000000003, 940.0000000000002, 787.9999999999998, 637.0000000000003, 675.0000000000005, 771.0000000000002, 196.0, 834.0, 572.0000000000001, 86.99999999999989]","[0, 13, 39, 39, 76, 99, 107, 107, 107, 161, 164, 187, 203]","[76, 39, 61, 76, 205, 164, 119, 142, 164, 164, 205, 205, 205]",37754613.00000001,941.0000000000002,-941.0000000000002,0.0,,,,DWT,mdp.39015067403892,7.450580596923828e-09,,0.0,33.0,19.0,0.0,28.5,,2.2737367544323206e-13,256.3413461538463,4358.999999999998,256.34134615384625,,0.0,256.3413461538463,,,83.99999999999989,0.0,24.0,2.2737367544323206e-13,2.2737367544323206e-13,,1.1368683772161603e-13,1.3460214082652988e-13,2.105490026173343e-26,0.946931030578585,0.7904717045288653,0.00026182933688269724,0.07142857142857123,0.0008216486967293594,0.9999999997232323,0.47422802461146824,6.696054799077647e-09,6.696054799077647e-09,6.082044361106239e-09,,5.718550876340534e-12,0.9999999933039181,2.7225927463116073e-13,,,,,,7.374542113937972e-14,1.0,0.5,2.847685247612971e-13,2.847685247612971e-13,0.7922684098807918,0.25901821375026274,319,1.3924254732194785,0.6687866702426155,806,0,0.2478523364496812,0.29613842720039224,315,0.0,0.35123934803662504,0.6379724292166127,814,284.6571036645084,0.7016172917562805,563.5,455.6537582463466,0.5554732161087482,687,coif,0.5507900112560971,0.8749445204262634,0.351963635992853,2,515.75,1.3460214082652985e-13,0.0001547883299646835,2.105490026173343e-26,0.946931030578585,0.7904717045288654,0.001295038193218127,0.3021052631578948,0.0031854054889999027,0.9999999997232322,0.9919828214561996,0.9855281704452481,0.9855281704452481,0.9855281704451354,,1.2251610931599486e-12,0.9999999999667596,1.5171946557926922e-13,,,,,1.0,,7.374542113937972e-14,1.0,0.5,2.847685247612971e-13,2.847685247612971e-13,0.0,2.234570199821768,0.6375734627749243,299,1.4862046935552735,0.6870503647423577,1605,923.481456229631,0.5159950439048056,952.0,504.09138655462186,0.5085216309670778,1488,0.4784248188775415,0.776734912893196,0.43208215291776214,2,1116.5,,,,,,,,,,,,,9.037696575325642e-19,0.03641360043841641,2.105490026173343e-26,0.961505882941582,0.2443631166462657,0.001564262510041564,0.2285482343390611,0.9999999999999998,0.0031854054889999027,0.9999999999999541,0.0008499884728391206,0.0007982210227401272,0.0007982210227401272,0.0007982210227337879,,0.0,9.572760819061336e-19,0.020163910573049813,1.4108257588933865e-18,,,,,0.4782608695652174,,2.3332883504384434e-21,1.0,0.8604651162790697,9.54194168962319e-19,9.54194168962319e-19,0.9302325581395349,0.5744527218307418,0.17892707859001003,544,1.6034847554058338,0.7783464200567248,1631,768.6250711497771,0.640829406004777,1087.5,815.8749425287356,0.5663259179556595,1408,986.6382352941176,846.0,585.0035688138154,340,0.4652856568234462,0.8173890317607586,0.42908333069536003,4,1057.0
rbio2.4,1.0,antireflect,3.7127439929272475e-27,321.55044870156195,4907601.052684735,0.5233644859813084,127.22625323333774,206,smoothed,3.795025889817292e-14,-2.1017290130487295e-10,6.272708700558565,39167.98521475845,0.9745089437873508,0.00014966566451320276,0.9999999999999999,362.40000000000003,,,,[],[],11,426.6,32.19999999999999,728.4000000000001,"[9, 31, 53, 64, 80, 102, 131, 148, 158, 175, 192]","[311.00000000000017, 417.79999999999995, 589.6, 432.2000000000002, 728.4000000000001, 371.0, 587.0, 32.19999999999999, 448.2, 368.0000000000001, 407.20000000000016]","[0, 0, 0, 60, 0, 94, 120, 144, 144, 165, 186]","[20, 40, 75, 75, 203, 120, 203, 149, 203, 186, 203]",30736475.840000004,728.4000000000001,-728.4000000000001,0.0,,,,DWT,mdp.39015067403892,7.450580596923828e-09,,0.0,33.0,11.0,0.0,33.0,,1.1368683772161603e-13,168.4000000000001,987.7999999999984,168.4000000000001,,0.0,168.4000000000001,,,28.0,0.0,15.0,1.1368683772161603e-13,1.1368683772161603e-13,,5.684341886080802e-14,3.453448237373161e-14,6.0778266557362516e-27,0.986477346913937,0.19959052300123997,0.03902156231371346,0.07069963347057168,0.08887592920895072,,0.999999664709775,4.4059791007223055e-09,4.4059791007223055e-09,3.6787861342541454e-09,,6.125805465799743e-13,0.9999999955939887,7.585973278963461e-14,,,,,,1.5893391424973748e-13,1.0,0.0,1.7477015598164352e-13,1.7477015598164352e-13,0.8999999009576438,0.3383296774353406,537,0.7750226758776583,0.3934541061564638,587,0,0.24999997273297536,0.3557007787824646,536,0.0,0.19780928498692107,0.34898911527322,602,34.044089061098404,0.964314372053356,565.5,563.9699785813067,0.6857735382279359,354,rbio,0.7685897546424816,0.816051598246696,0.21717169227625407,5,266.75,2.9602966032702895e-14,0.999999999970514,1.830506017011924e-27,0.9726712428924342,0.7706909368704732,0.00010222137396298904,0.05801770782095417,0.0008656436708442926,0.9999999997234614,2.0315811923354854e-05,4.745454029730922e-11,4.745454029730922e-11,3.962224992548613e-11,,6.125805465799743e-13,0.0031261328403480726,7.585973278963461e-14,,,,,0.0,,7.374542113937972e-14,1.0,0.0,1.4238426238064856e-13,1.4238426238064856e-13,1.0,0.3015691612045485,0.08604450842074651,1455,1.6925526653349459,0.7824419685300744,823,446.89148570989806,0.765780143757915,1139.0,1051.3301141352065,0.5844099880215152,954,0.3888041033402703,1.0,0.4278371276618108,3,716.25,,,,,,,,,,,,,1.9876550483549822e-19,0.9999999999715833,1.830506017011924e-27,0.9801768079043345,0.2382481728640068,0.0012853317484779053,0.0438914719468107,0.9999999999999999,0.0008656436708442924,0.9999999999999541,9.960751159770423e-05,3.8435400695480126e-14,3.8435400695480126e-14,3.209173378426744e-14,,0.0,4.786380409530668e-19,0.00456704015061846,7.054128794466933e-19,,,,,0.13043478260869565,,2.3332883504384434e-21,1.0,0.7209302325581395,4.770970844811595e-19,4.770970844811595e-19,1.0,0.42658033862811345,0.13286867808967343,1646,1.8257756832873615,0.8862485047783749,631,717.7133829043457,0.6646199145306796,1138.5,912.2758014931928,0.5663052843681435,1409,818.67,599.5,715.6978453131971,300,0.38607403914171184,1.0,0.42974817260080167,3,1057.5
sym17,1.0,symmetric,1.0175506029489054e-20,257.1718385827969,5540007.531167887,0.5294117647058824,93.43498001159247,206,smoothed,7.954009834810835e-11,,6.426168326223755,31482.75793737246,0.9793957913342023,0.0001496656645128519,0.9999999999999999,362.40000000001373,,,,[],[],11,426.60000000027026,32.20000000010771,728.4000000005097,"[9, 31, 53, 64, 80, 102, 131, 148, 158, 175, 192]","[311.00000000033083, 417.800000000222, 589.6000000003214, 432.200000000449, 728.4000000005097, 371.0000000003158, 587.0000000000578, 32.20000000010771, 448.2000000001662, 368.00000000024147, 407.2000000002512]","[1, 1, 1, 60, 1, 94, 120, 144, 144, 165, 186]","[20, 40, 75, 75, 203, 120, 203, 149, 203, 186, 203]",30736475.840004936,728.4000000003675,-728.4000000003675,0.0,,,,DWT,mdp.39015067403892,4.939734935760498e-06,,0.0,33.0,11.0,0.0,33.0,,3.675495463539846e-10,168.40000000027032,987.7999999970261,168.4000000002703,,0.0,168.40000000027032,,,28.00000000010772,0.0,33.0,5.097717803437263e-10,3.675495463539846e-10,,1.375610736431554e-11,1.7468961777993436e-10,2.977962762694461e-20,0.7418764257873226,0.42094131037612514,0.3104218843156432,0.11223829052449849,0.02514361921070538,,0.999999758630688,4.6871564390963205e-09,4.6871564390963205e-09,3.959933900121395e-09,,1.4824449227235377e-10,0.9999999953128436,3.4015504182872156e-10,,,,,,1.0537318514757595e-10,1.0,1.0,5.650319142886534e-10,5.650319142886534e-10,0.9999999297688013,0.37592187878470046,19,0.8657602167647661,0.439518639693039,310,0,0.33333331408346784,0.474267729381997,19,0.0,0.23008879005556923,0.40593889857641424,315,169.46459807287184,0.8223641529634467,165.75,35.82188970676964,0.8243110072993334,105,sym,1.0,1.0,0.0,7,80.5,1.0048194634852548e-10,0.9999999999680784,7.200861051661755e-21,0.7350995969505076,0.8237035392889258,0.0008131850608086358,0.092105263157895,0.0002448966219041689,,2.0315813831439655e-05,5.048295115273049e-11,5.048295115273049e-11,4.2650438736302476e-11,,1.4824449227235377e-10,0.003126132839469109,3.4015504182872156e-10,,,,,0.0,,4.889321421540875e-11,1.0,1.0,4.6032832027663677e-10,4.6032832027663677e-10,1.0,0.4015691616597466,0.11457677228643308,977,1.1902581842776596,0.5502386873030884,1741,540.2295808265224,0.7168608066946948,1359.0,1251.6239882266373,0.5022983278756492,1529,0.7763846615972358,0.5622554397616224,0.28785410495344815,6,1148.25,,,,,,,,,,,,,6.746737732548259e-16,0.9999999999692362,7.200861051661755e-21,0.8078517967282324,0.25463626705420106,0.001451584973126262,0.06967933973751878,0.9999999999999999,0.0002448966219041689,,9.960751159914763e-05,4.088829969051133e-14,4.088829969051133e-14,3.45443075186469e-14,,0.0,1.158304059106422e-16,0.004567040150604709,3.1630713514389727e-15,,,,,0.13043478260869565,,1.546970176340688e-18,1.0,1.0,1.5424548741275884e-15,1.5424548741275884e-15,1.0,0.4544873153722976,0.14156097535167067,1289,1.3407246985851433,0.6508002435989864,1759,332.34018715767735,0.8447008471225806,1524.0,1487.76312335958,0.5662756572061501,1410,1409.1368421052632,1454.5,398.32527672708756,380,0.6645304607900322,0.5565550872278735,0.3678621512786154,7,1059.25
db38,1.0,reflect,1.781607889644825e-26,314.7392774699256,6771909.772231538,0.5285714285714286,119.88022364538904,206,smoothed,9.170657760690126e-14,-2.0059529592941816e-10,6.698317257361756,31199.389258691834,0.9817618673653435,0.00014966566451320274,0.9999999999999997,362.3999999999999,,,,[],[],11,426.6,32.19999999999999,728.4000000000005,"[9, 31, 53, 64, 80, 102, 131, 148, 158, 175, 192]","[310.9999999999999, 417.8000000000003, 589.6000000000004, 432.19999999999993, 728.4000000000005, 370.99999999999966, 586.9999999999999, 32.19999999999999, 448.20000000000033, 368.0000000000002, 407.2000000000001]","[1, 1, 1, 60, 1, 94, 120, 144, 144, 165, 186]","[20, 40, 75, 75, 205, 120, 205, 149, 205, 186, 205]",30736475.839999992,728.4000000000005,-728.4000000000005,0.0,,,,DWT,mdp.39015067403892,3.725290298461914e-09,,0.0,15.0,11.0,0.0,33.0,,5.684341886080801e-13,168.4000000000001,987.7999999999984,168.40000000000012,,0.0,168.4000000000001,,,28.0,0.0,33.0,5.684341886080801e-13,5.684341886080801e-13,,5.684341886080802e-14,1.526295848017551e-13,4.7352641690289595e-26,0.9605988951403448,0.8134900340518817,0.8390987342136642,0.10646603558323861,0.02279368994750609,,0.999999664709775,4.4059791007223055e-09,4.4059791007223055e-09,3.678815706965397e-09,,6.125805465799743e-13,0.9999999955939887,3.7929866394817307e-13,,,,,,7.946695712486874e-14,0.0,1.0,8.738507799082175e-13,8.738507799082175e-13,0.8999999009580442,0.3383296774354911,521,1.4543576114293235,0.738330621602487,50,0,0.24999997273311306,0.35570077878266054,518,0.0,0.39177819841954126,0.6912027757383176,57,269.06318960422664,0.717963113622404,286.5,96.63295192024046,0.7088243241067995,311,db,0.573477938514061,0.8443824841957417,0.34525069778143475,3,234.0,9.752500733212242e-14,0.9999999999705138,1.1810959662228385e-26,0.947536479074032,0.9177173427404108,0.002198113566349492,0.08736842105263184,0.00022200851922298329,0.9999999997236058,2.0315811923354854e-05,4.745454029730922e-11,4.745454029730922e-11,3.962258299239352e-11,,6.125805465799743e-13,0.0031261328403480726,3.7929866394817307e-13,,,,,0.0,,3.687271056968986e-14,0.0,1.0,7.119213119032428e-13,7.119213119032428e-13,1.0,0.30156916120490973,0.08604450842084958,1366,1.7635157873071672,0.8152471662566673,144,864.0844866099611,0.5471255311268548,755.0,260.53509933774836,0.5757116125235952,1001,0.49117026184683504,0.8233619396015222,0.4091722348267588,4,751.75,,,,,,,,,,,,,6.548197668787806e-19,0.9999999999715831,1.1810959662228385e-26,0.9619450511694688,0.2836993010471343,0.001775439530276921,0.06609583083673215,0.9999999999999997,0.00022200851922298329,0.9999999999999541,9.960751159770423e-05,3.8435400695480126e-14,3.8435400695480126e-14,3.209195062470194e-14,,0.0,4.786380409530668e-19,0.00456704015061846,3.5270643972334666e-18,,,,,0.13043478260869565,,1.1666441752192217e-21,0.7209302325581395,1.0,2.3854854224057974e-18,2.3854854224057974e-18,1.0,0.42658033862811345,0.13286867808967343,1590,1.8464315367242254,0.896275048231063,303,910.0464273870866,0.5747446600994922,946.5,509.0015847860539,0.5662274702366621,1411,1009.0473684210526,935.5,610.6543869996938,760,0.4758535102197843,0.8532293215616218,0.41093374637766444,5,1059.5
coif2,1.0,symmetric,4.762146496038268e-27,320.46937122941193,4992489.459573172,0.5277777777777778,89.23395860035224,206,smoothed,4.447790571663345e-14,-2.1002004579884265e-10,6.2289933512587226,33095.231894753226,0.9821848348814608,0.00014966566451320268,0.9999999999999999,362.40000000000003,,,,[],[],11,426.59999999999997,32.19999999999999,728.4,"[9, 31, 53, 64, 80, 102, 131, 148, 158, 175, 192]","[311.00000000000006, 417.8, 589.6, 432.20000000000005, 728.4, 371.00000000000017, 587.0, 32.19999999999999, 448.2, 368.0, 407.20000000000005]","[1, 1, 1, 60, 1, 94, 120, 144, 144, 165, 186]","[20, 40, 75, 75, 205, 120, 205, 149, 205, 186, 205]",30736475.839999996,728.4,-728.4,0.0,,,,DWT,mdp.39015067403892,0.0,,0.0,15.0,11.0,0.0,33.0,,0.0,168.40000000000003,987.7999999999993,168.40000000000006,,0.0,168.40000000000003,,,28.0,0.0,33.0,0.0,0.0,,5.684341886080802e-14,4.887480809091824e-14,9.149007657180883e-27,0.9823698872311432,0.13653532561010556,0.07545183579701478,0.10101446147204873,0.038515597215608696,,0.999999664709775,4.4059199552998455e-09,4.4059199552998455e-09,3.6787565615428943e-09,,6.125805465799743e-13,0.9999999955940747,0.0,,,,,,0.0,0.0,1.0,0.0,0.0,0.899999900957455,0.3383296774352696,539,0.7512275365173238,0.381374078591739,667,0,0.24999997273292154,0.35570077878238804,552,0.0,0.19055530104656718,0.3361911243309969,686,76.21460927320081,0.9201104724599573,611.0,603.877671101735,0.6398246282635216,481,coif,0.5556920286951962,0.9053407607371553,0.33941335169221604,4,361.75,3.785076103506996e-14,0.9999999999705134,2.573132715528377e-27,0.9686818222762449,0.755589476652706,0.00019765457521136076,0.08289473684210552,0.0003751385021257469,0.9999999997234638,2.0315811923354854e-05,4.745387416349445e-11,4.745387416349445e-11,3.9622027880881205e-11,,6.125805465799743e-13,0.0031261328403482946,0.0,,,,,0.0,,0.0,0.0,1.0,0.0,0.0,1.0,0.3015691612044164,0.08604450842070882,1501,1.692410608997949,0.7823762979945346,825,478.0041840821061,0.749473698070175,1163.0,1064.767841788478,0.5699674570015445,1036,0.4784248188775415,0.776734912893196,0.43208215291776214,2,777.5,,,,,,,,,,,,,2.5414431841837164e-19,0.9999999999715827,2.573132715528377e-27,0.9772830410596199,0.23357977061307156,0.001307648046398058,0.06271140576376699,0.9999999999999999,0.00037513850212574735,0.9999999999999541,9.960751159770423e-05,3.8434858594393884e-14,3.8434858594393884e-14,3.2091408523615694e-14,,0.0,4.786380409530668e-19,0.004567040150618464,0.0,,,,,0.13043478260869565,,0.0,0.7209302325581395,1.0,0.0,0.0,1.0,0.42658033862811345,0.13286867808967343,1640,1.8290481516633201,0.8878369913770714,593,740.3407999023152,0.654046355185834,1116.5,871.0434393193013,0.5661586916116086,1412,986.6382352941176,846.0,585.0035688138154,340,0.4652856568234462,0.8173890317607586,0.42908333069536003,4,1060.0
sym2,1.0,symmetric,1.8386774985741726e-20,256.82673685573013,6009142.134047863,0.6153846153846154,287.2158740041654,206,raw,1.0603748731286324e-10,-1.2413792226072777e-10,6.287551234022775,63316.12635932368,0.7788219597244548,5.618943883695883e-06,1.0,327.0000000002138,,,,[],[],13,661.1538461535333,86.99999999994985,939.9999999995771,"[8, 32, 51, 63, 81, 100, 111, 133, 152, 162, 175, 192, 204]","[877.9999999997599, 637.9999999995182, 786.9999999995146, 791.999999999663, 939.9999999995771, 787.9999999996799, 636.9999999996461, 674.9999999998039, 770.9999999996909, 195.99999999975142, 833.9999999995441, 571.9999999998348, 86.99999999994985]","[0, 13, 39, 39, 76, 99, 107, 107, 107, 161, 99, 187, 203]","[76, 39, 61, 76, 205, 164, 119, 142, 164, 164, 205, 205, 205]",37754612.99998994,940.9999999997748,-940.9999999997748,0.0,,,,DWT,mdp.39015067403892,1.0058283805847168e-05,,0.0,33.0,19.0,0.0,28.5,,2.2521362552652135e-10,256.3413461535333,4359.000000004067,256.3413461535598,,0.0,256.3413461535333,,,83.99999999994985,0.0,19.5,4.2291503632441163e-10,2.2521362552652135e-10,,2.1378809833549894e-10,1.3396185700503104e-10,1.3011698683109106e-20,0.7338260934504257,0.7758182876118169,0.0003074335981459378,0.43681318681318704,0.00045149188189085753,0.9999999997247583,0.4742280245533424,6.453690364922232e-09,6.453690364922232e-09,5.860236445294568e-09,,1.0753734922958374e-08,0.9999999935463029,5.064022508139589e-10,,,,,,9.955631853816262e-11,1.0,0.0,2.820632237760648e-10,2.820632237760648e-10,0.7422684155621113,0.24267159554053686,644,1.40326438808336,0.6739926377577731,794,0,0.2061856707325902,0.24635434596519717,644,0.0,0.3684020616517733,0.669145867381244,759,77.8219120813669,0.9184256686778125,710.25,703.9082262639746,0.5869644066659503,573,sym,0.8243425715244881,0.7368036147090654,0.2019191155201387,6,431.25,1.3396185700503104e-10,0.0001547883300050401,1.3011698683109106e-20,0.7338260934504257,0.775818287611817,0.0013405953234144475,0.5767206477732796,0.002816124354348165,0.9999999997247582,0.9919828214553134,0.9855281704417406,0.9855281704417406,0.9855281704419254,,2.3039154356872834e-09,0.9999999999679628,2.8219820597744075e-10,,,,,1.0,,9.955631853816262e-11,1.0,0.25,2.820632237760648e-10,2.820632237760648e-10,0.0,2.2095702012738574,0.6304403972552862,645,1.4607362428180157,0.6752766780864523,1633,698.6214998123089,0.6338461741025634,1139.0,924.7453906935909,0.5184430031938394,1424,0.7763846615972358,0.5622554397616224,0.28785410495344815,6,1069.5,,,,,,,,,,,,,8.994705499067398e-16,0.03641360043845535,1.3011698683109106e-20,0.8069280480038663,0.23983322062740536,0.0015749156839532544,0.43629986574107826,1.0,0.002816124354348165,0.9999999999999544,0.0008499884728384501,0.0007982210227372863,0.0007982210227372863,0.000798221022731188,,0.0,1.8001576720244846e-15,0.020163910573068638,2.6241359115416993e-15,,,,,0.4782608695652174,,3.1499392730918987e-18,1.0,0.7906976744186046,9.451293243571767e-16,9.451293243571767e-16,0.9302325581395349,0.5674759776447045,0.17675400427451343,651,1.5914313731276883,0.7724955961470237,1650,706.399674405361,0.6699066942031023,1150.5,933.6375488917862,0.566144935886598,1413,1409.1368421052632,1454.5,398.32527672708756,380,0.6645304607900322,0.5565550872278735,0.3678621512786154,7,1061.5
coif12,1.0,zero,2.0884410828633427e-26,316.2735701898823,5971705.43655232,0.5652173913043478,155.19161117920635,206,raw,1.0132132457744149e-13,-2.067627180579763e-10,6.322249715953354,69854.92829762654,0.8411546785117187,5.618943883690062e-06,1.0,327.0000000000001,,,,[],[],13,661.1538461538462,86.99999999999977,940.0000000000002,"[8, 32, 51, 63, 81, 100, 111, 133, 152, 162, 175, 192, 204]","[878.0000000000001, 638.0000000000002, 786.9999999999998, 792.0000000000002, 940.0000000000002, 787.9999999999999, 637.0, 675.0, 770.9999999999999, 196.0000000000001, 833.9999999999997, 572.0000000000001, 86.99999999999977]","[0, 13, 39, 39, 76, 99, 107, 107, 107, 161, 164, 187, 203]","[76, 39, 61, 76, 205, 164, 119, 142, 164, 164, 205, 205, 205]",37754613.00000001,941.0000000000002,-941.0000000000002,0.0,,,,DWT,mdp.39015067403892,7.450580596923828e-09,,0.0,33.0,19.0,0.0,28.5,,2.2737367544323206e-13,256.3413461538462,4359.0,256.3413461538461,,0.0,256.3413461538462,,,83.99999999999977,0.0,24.0,2.2737367544323206e-13,2.2737367544323206e-13,,1.1368683772161603e-13,1.0967340693431591e-13,1.3982314510340673e-26,0.9531983665575364,0.7878048724815262,0.0002653029921752042,0.06055900621117971,0.0009808928834824679,0.999999999723513,0.4742280246113362,6.6959667625959335e-09,6.6959667625959335e-09,6.081912306383589e-09,,5.718550876340534e-12,0.9999999933040264,2.7225927463116073e-13,,,,,,7.374542113937972e-14,1.0,0.5,2.847685247612971e-13,2.847685247612971e-13,0.792268409880714,0.25901821375023726,346,1.3905700671986756,0.6678955124474828,809,0,0.24785233644965354,0.2961384272003592,344,0.0,0.35035105510619036,0.6363589812875775,817,270.22089729207346,0.7167495835512857,579.0,484.4237007040161,0.5549156722787876,689,coif,0.5507900112560971,0.8749445204262634,0.351963635992853,2,517.25,1.0967340693431591e-13,0.0001547883299646835,1.3982314510340673e-26,0.9531983665575363,0.7878048724815263,0.0012985082585592672,0.2939359267734553,0.003344272951690109,0.9999999997235128,0.9919828214561976,0.9855281704452468,0.9855281704452468,0.9855281704451335,,1.2251610931599486e-12,0.9999999999667601,1.5171946557926922e-13,,,,,1.0,,7.374542113937972e-14,1.0,0.5,2.847685247612971e-13,2.847685247612971e-13,0.0,2.2345701998217664,0.6375734627749238,302,1.4854292265830504,0.6866918778741478,1607,922.7743494484445,0.5163656449431633,954.5,508.44840230487165,0.5080517952179129,1491,0.4784248188775415,0.776734912893196,0.43208215291776214,2,1118.75,,,,,,,,,,,,,7.363887143013399e-19,0.03641360043841641,1.3982314510340673e-26,0.9660519588772649,0.243538703340987,0.001565073957325552,0.2223679798579941,1.0,0.003344272951690109,0.9999999999999541,0.0008499884728391191,0.0007982210227401261,0.0007982210227401261,0.0007982210227337863,,0.0,9.572760819061336e-19,0.020163910573049823,1.4108257588933865e-18,,,,,0.4782608695652174,,2.3332883504384434e-21,1.0,0.8604651162790697,9.54194168962319e-19,9.54194168962319e-19,0.9302325581395349,0.5744527218307418,0.17892707859001003,546,1.6033920452308956,0.7783014176751788,1632,767.9179643685906,0.6411598297343035,1089.0,818.2479338842975,0.5661406625307032,1414,986.6382352941176,846.0,585.0035688138154,340,0.4652856568234462,0.8173890317607586,0.42908333069536003,4,1061.5
sym20,1.0,constant,2.1651868518596993e-18,233.89244493080628,4962629.300775873,0.569672131147541,58.399557048851875,206,smoothed,1.2175457837191488e-09,1.4860690388446593e-08,6.193586902642459,42204.85293182373,0.9893698368221595,0.00014966566451735488,1.0,362.39999999983047,,,,[],[],11,426.5999999958552,32.19999999896049,728.3999999932977,"[9, 31, 53, 64, 80, 102, 131, 148, 158, 175, 192]","[310.9999999954266, 417.79999999600017, 589.5999999950928, 432.19999999360647, 728.3999999932977, 370.9999999952437, 586.999999997963, 32.19999999896049, 448.1999999967386, 367.9999999960296, 407.19999999604823]","[0, 0, 0, 60, 0, 94, 120, 144, 144, 165, 186]","[20, 40, 75, 75, 205, 120, 205, 149, 205, 186, 205]",30736475.83991029,728.3999999949415,-728.3999999949415,0.0,,,,DWT,mdp.39015067403892,8.970499038696289e-05,,0.0,15.0,11.0,0.0,33.0,,5.058495844423305e-09,168.3999999958553,987.8000000455913,168.39999999646454,,0.0,168.3999999958553,,,27.999999998960504,0.0,15.0,6.7022938310401514e-09,5.058495844423305e-09,,1.695070750429295e-10,2.6747287053848096e-09,6.336635084508944e-18,0.6534283974741697,0.0854649203136848,0.06263720313851691,0.38878607848895874,0.11406016746006714,,0.9999987583605737,9.333147664160587e-11,9.333147664160587e-11,5.914542250308867e-14,,1.8267151899014834e-09,0.9999999999066578,4.472234686880119e-09,,,,,,1.9135643275668393e-09,0.0,0.0,7.776398090403228e-09,7.776398090403228e-09,0.7999996347343339,0.3007373868375521,951,0.6672465993926318,0.3387396556528754,853,0,0.16666656518493866,0.2371337339968498,951,0.0,0.18633953850716087,0.32875337822657785,718,110.30676920902603,0.8843744557557379,868.25,856.8723258312372,0.4871295758862547,933,sym,1.0,1.0,0.0,7,701.5,1.5383718729181366e-09,0.9999999999993343,1.5322295857545205e-18,0.6491933641779952,0.7433583248079958,0.00016408520280511343,0.31904659188956025,0.0011109359186008212,0.9999999999506075,2.0315793510139457e-05,1.0051959264956167e-12,1.0051959264956167e-12,6.661338147750939e-16,,1.8267151899014834e-09,0.0031261328538300104,4.472234686880119e-09,,,,,0.0,,8.878948705181318e-10,0.0,0.0,6.3353877546269585e-09,6.3353877546269585e-09,1.0,0.20156916729314886,0.05751224642215377,1622,1.5893402350770167,0.7347283943756149,1342,197.9898987322333,0.8962317092598358,1482.0,1468.7746288798921,0.559751074755704,1098,0.7763846615972358,0.5622554397616224,0.28785410495344815,6,825.0,,,,,,,,,,,,,1.0329210309788188e-14,0.9999999999993585,1.5322295857545205e-18,0.7455388365097443,0.22979868348772212,0.0012997981146572095,0.24136466371373272,1.0,0.0011109359186008212,0.9999999999999918,9.960751158377538e-05,8.142358315366138e-16,8.142358315366138e-16,5.421010862427522e-19,,0.0,1.4272986381220454e-15,0.0045670401508293955,4.1586910894900355e-14,,,,,0.13043478260869565,,2.809279173927886e-17,0.7209302325581395,0.7209302325581395,2.1228434773989188e-14,2.1228434773989188e-14,1.0,0.3986733618840265,0.12417638082770646,1698,1.7598627825597772,0.854253769472092,930,543.0580079512685,0.7462345757237063,1314.0,1201.7808219178082,0.5661079420674606,1415,1409.1368421052632,1454.5,398.32527672708756,380,0.6645304607900322,0.5565550872278735,0.3678621512786154,7,1063.0
db33,1.0,antisymmetric,1.2935725806126672e-26,316.12949072831975,6486764.868737328,0.5333333333333333,116.88221899359742,206,smoothed,7.884954824988296e-14,-2.0536459199860278e-10,6.6241590805524595,131328.9631537117,0.9958158959602317,0.00014966566451320282,0.9999999999999997,362.4,,,,[],[],11,426.59999999999997,32.19999999999985,728.3999999999997,"[9, 31, 53, 64, 80, 102, 131, 148, 158, 175, 192]","[310.99999999999983, 417.8, 589.6, 432.1999999999998, 728.3999999999997, 371.0000000000001, 586.9999999999999, 32.19999999999985, 448.20000000000016, 368.0000000000001, 407.19999999999993]","[1, 1, 1, 60, 1, 94, 120, 144, 144, 165, 186]","[20, 40, 75, 75, 205, 120, 205, 149, 205, 186, 205]",30736475.839999996,728.3999999999997,-728.3999999999997,0.0,,,,DWT,mdp.39015067403892,0.0,,0.0,15.0,11.0,0.0,33.0,,2.2737367544323206e-13,168.40000000000003,987.7999999999993,168.4,,0.0,168.40000000000003,,,27.999999999999858,0.0,33.0,2.2737367544323206e-13,2.2737367544323206e-13,,0.0,1.2438449221898029e-13,3.306980202971796e-26,0.9658808893141602,0.7065239786098005,0.7167274093481182,0.13917548025037796,0.8531515717823527,,0.9999996645858688,4.4059199552998455e-09,4.4059199552998455e-09,3.6786974161203912e-09,,0.0,0.9999999955940747,1.5171946557926922e-13,,,,,,0.0,0.0,1.0,3.4954031196328703e-13,3.4954031196328703e-13,0.8999999009201748,0.3383296774212552,626,1.6880850483805852,0.8569865301999491,20,0,0.2499999727226109,0.355700778767718,626,0.0,0.4830656184721335,0.852258491408264,20,349.8742631289132,0.6332554893826906,323.0,38.76160990712074,0.6473405329513033,464,db,0.573477938514061,0.8443824841957417,0.34525069778143475,3,348.75,8.1279927684705e-14,0.9999999999705143,8.357298657689446e-27,0.9526666807263775,0.8920994127720053,0.001877548109209112,0.11421052631578965,0.008309620669596065,0.9999999997235339,2.0315811920856852e-05,4.745387416349445e-11,4.745387416349445e-11,3.962136174706643e-11,,0.0,0.0031261328403482946,1.5171946557926922e-13,,,,,0.0,,0.0,0.0,1.0,2.847685247612971e-13,2.847685247612971e-13,1.0,0.30156916120429894,0.0860445084206753,1527,1.7675965475511801,0.817133641132055,124,992.0708140047262,0.4800467431841058,825.5,229.37371290127194,0.523697375784925,1381,0.49117026184683504,0.8233619396015222,0.4091722348267588,4,1036.75,,,,,,,,,,,,,5.457441609531882e-19,0.9999999999715837,8.357298657689446e-27,0.9656662951486101,0.2757798813218749,0.0017004778382150967,0.08640238127452321,0.9999999999999997,0.008309620669596065,0.9999999999999541,9.960751159770228e-05,3.8434858594393884e-14,3.8434858594393884e-14,3.209086642252945e-14,,0.0,0.0,0.004567040150618464,1.4108257588933865e-18,,,,,0.13043478260869565,,0.0,0.7209302325581395,1.0,9.54194168962319e-19,9.54194168962319e-19,1.0,0.42658033862811345,0.13286867808967343,1578,1.8560247574383155,0.9009316868267546,228,954.5941546018391,0.5539279651393275,903.0,398.4318936877077,0.5659826741584488,1416,1009.0473684210526,935.5,610.6543869996938,760,0.4758535102197843,0.8532293215616218,0.41093374637766444,5,1063.25
sym13,1.0,constant,4.284725919517113e-22,273.15256200163157,5987524.705559498,0.5956521739130435,229.30160097711146,206,raw,1.629714270762033e-11,-1.4815204618901977e-10,6.306837879549742,66957.47001673406,0.8019389645953606,5.618943883691011e-06,1.0,327.00000000002217,,,,[],[],13,661.1538461537922,86.99999999999301,939.9999999999184,"[8, 32, 51, 63, 81, 100, 111, 133, 152, 162, 175, 192, 204]","[877.999999999952, 637.9999999999355, 786.9999999999309, 791.9999999999286, 939.9999999999184, 787.9999999999344, 636.9999999999446, 674.9999999999707, 770.9999999999382, 195.99999999997192, 833.9999999999245, 571.999999999956, 86.99999999999301]","[0, 13, 39, 39, 76, 99, 107, 107, 107, 161, 99, 187, 203]","[76, 39, 61, 76, 205, 164, 119, 142, 164, 164, 205, 205, 205]",37754612.99999811,940.9999999999479,-940.9999999999479,0.0,,,,DWT,mdp.39015067403892,1.8924474716186523e-06,,0.0,33.0,19.0,0.0,28.5,,5.206857167650014e-11,256.3413461537922,4359.000000000702,256.3413461537973,,0.0,256.3413461537922,,,83.99999999999301,0.0,19.5,8.162714948412031e-11,5.206857167650014e-11,,2.2168933355715126e-11,2.0573374703475043e-11,3.032147809609389e-22,0.7940720842246407,0.7824808561335037,0.00028310572141877045,0.28881987577639745,0.0007463059774333592,0.9999999997243963,0.4742280246034782,6.654149433782341e-09,6.654149433782341e-09,6.044144655705595e-09,,1.1151174208864043e-09,0.9999999933458505,9.77410795925867e-11,,,,,,1.873133696940245e-11,1.0,0.0,6.521199217033705e-11,6.521199217033705e-11,0.7422684105015813,0.24267159388608564,695,1.3836517040597085,0.6645725992027682,813,0,0.20618566988864878,0.2463543449568408,695,0.0,0.35830027844729545,0.6507975268368119,800,64.59295627233669,0.9322924986663137,750.75,746.5876081566249,0.5726714065658612,626,sym,0.8243425715244881,0.7368036147090654,0.2019191155201387,6,471.0,2.057337470347504e-11,0.00015478832997128933,3.032147809609389e-22,0.7940720842246406,0.7824808561335038,0.0013162925890479783,0.465491990846682,0.0031102410080176652,0.9999999997243961,0.9919828214560777,0.9855281704446416,0.9855281704446416,0.9855281704445868,,2.3890641316619e-10,0.9999999999669678,5.446728814295765e-11,,,,,1.0,,1.873133696940245e-11,1.0,0.25,6.521199217033705e-11,6.521199217033705e-11,0.0,2.2095702000026054,0.6304403968925691,696,1.4558291540328618,0.6730082037946654,1640,667.5088014401009,0.6501526197903036,1168.0,977.2602739726027,0.5189966453249212,1416,0.7763846615972358,0.5622554397616224,0.28785410495344815,6,1063.5,,,,,,,,,,,,,1.3813741516943237e-16,0.03641360043842276,3.032147809609389e-22,0.8506280905418538,0.24189285919447975,0.0015692326820911985,0.3521533239603985,1.0,0.0031102410080176652,0.9999999999999543,0.0008499884728390284,0.0007982210227396359,0.0007982210227396359,0.0007982210227333436,,0.0,1.8666883597169608e-16,0.02016391057305307,5.064864474427258e-16,,,,,0.4782608695652174,,5.926552410113646e-19,1.0,0.7906976744186046,2.1851046469237103e-16,2.1851046469237103e-16,0.9302325581395349,0.5674759776446969,0.17675400427451107,716,1.5851374063822727,0.769440446125962,1662,668.9230150024739,0.6874191518680028,1189.0,1000.8343145500421,0.5659058376162445,1417,1409.1368421052632,1454.5,398.32527672708756,380,0.6645304607900322,0.5565550872278735,0.3678621512786154,7,1064.5
sym20,1.0,zero,2.1651868518596993e-18,233.89244493080628,4962629.300775873,0.569672131147541,58.399557048851875,206,smoothed,1.2175457837191488e-09,1.4860690388446593e-08,6.193586902642459,42204.85293182373,0.9893698368221595,0.00014966566451735488,1.0,362.39999999983047,,,,[],[],11,426.5999999958552,32.19999999896049,728.3999999932977,"[9, 31, 53, 64, 80, 102, 131, 148, 158, 175, 192]","[310.9999999954266, 417.79999999600017, 589.5999999950928, 432.19999999360647, 728.3999999932977, 370.9999999952437, 586.999999997963, 32.19999999896049, 448.1999999967386, 367.9999999960296, 407.19999999604823]","[0, 0, 0, 60, 0, 94, 120, 144, 144, 165, 186]","[20, 40, 75, 75, 205, 120, 205, 149, 205, 186, 205]",30736475.83991029,728.3999999949415,-728.3999999949415,0.0,,,,DWT,mdp.39015067403892,8.970499038696289e-05,,0.0,15.0,11.0,0.0,33.0,,5.058495844423305e-09,168.3999999958553,987.8000000455913,168.39999999646454,,0.0,168.3999999958553,,,27.999999998960504,0.0,15.0,6.7022938310401514e-09,5.058495844423305e-09,,1.695070750429295e-10,2.6747287053848096e-09,6.336635084508944e-18,0.6534283974741697,0.0854649203136848,0.06263720313851691,0.38878607848895874,0.11406016746006714,,0.9999987583605737,9.333147664160587e-11,9.333147664160587e-11,5.914542250308867e-14,,1.8267151899014834e-09,0.9999999999066578,4.472234686880119e-09,,,,,,1.9135643275668393e-09,0.0,0.0,7.776398090403228e-09,7.776398090403228e-09,0.7999996347343339,0.3007373868375521,950,0.6672465993926318,0.3387396556528754,852,0,0.16666656518493866,0.2371337339968498,952,0.0,0.18633953850716087,0.32875337822657785,717,110.81027329028056,0.8838466736999155,867.75,856.2632044962611,0.48712773936568105,935,sym,1.0,1.0,0.0,7,703.0,1.5383718729181366e-09,0.9999999999993343,1.5322295857545205e-18,0.6491933641779952,0.7433583248079958,0.00016408520280511343,0.31904659188956025,0.0011109359186008212,0.9999999999506075,2.0315793510139457e-05,1.0051959264956167e-12,1.0051959264956167e-12,6.661338147750939e-16,,1.8267151899014834e-09,0.0031261328538300104,4.472234686880119e-09,,,,,0.0,,8.878948705181318e-10,0.0,0.0,6.3353877546269585e-09,6.3353877546269585e-09,1.0,0.20156916729314886,0.05751224642215377,1621,1.5893402350770167,0.7347283943756149,1341,197.9898987322333,0.8962317092598358,1481.0,1467.765698852127,0.5600131292630416,1096,0.7763846615972358,0.5622554397616224,0.28785410495344815,6,823.5,,,,,,,,,,,,,1.0329210309788188e-14,0.9999999999993585,1.5322295857545205e-18,0.7455388365097443,0.22979868348772212,0.0012997981146572095,0.24136466371373272,1.0,0.0011109359186008212,0.9999999999999918,9.960751158377538e-05,8.142358315366138e-16,8.142358315366138e-16,5.421010862427522e-19,,0.0,1.4272986381220454e-15,0.0045670401508293955,4.1586910894900355e-14,,,,,0.13043478260869565,,2.809279173927886e-17,0.7209302325581395,0.7209302325581395,2.1228434773989188e-14,2.1228434773989188e-14,1.0,0.3986733618840265,0.12417638082770646,1699,1.7598627825597772,0.854253769472092,931,543.0580079512685,0.7462345757237063,1315.0,1202.8661596958175,0.5658742972076476,1418,1409.1368421052632,1454.5,398.32527672708756,380,0.6645304607900322,0.5565550872278735,0.3678621512786154,7,1065.25
db11,1.0,smooth,6.20029449551782e-27,321.5476692917224,25524144.31629118,0.6017699115044248,279.1918306441835,206,raw,5.326268013478397e-14,-2.1084334278498602e-10,4.680648524138822,501531.31040689535,0.9727114316302764,5.618943883690062e-06,1.0,327.0,,,,[],[],13,661.1538461538462,87.0,940.0,"[8, 32, 51, 63, 81, 100, 111, 133, 152, 162, 175, 192, 204]","[878.0000000000002, 638.0, 787.0, 792.0, 940.0, 787.9999999999999, 637.0000000000001, 675.0, 771.0000000000002, 196.0, 834.0000000000002, 571.9999999999999, 87.0]","[0, 13, 42, 42, 76, 99, 107, 107, 107, 161, 99, 187, 203]","[76, 42, 61, 76, 205, 164, 119, 142, 164, 164, 205, 205, 205]",37754613.0,941.0,-941.0,0.0,,,,DWT,mdp.39015067403892,0.0,,0.0,33.0,19.0,0.0,28.5,,0.0,256.3413461538462,4359.0,256.34134615384613,,0.0,256.3413461538462,,,84.0,0.0,24.0,0.0,0.0,,0.0,4.895047591823999e-14,3.590861468476237e-27,0.9726609862408987,0.2207140110637542,0.022269276454502992,0.3347029077117576,0.035930706505059196,0.9999999997234514,0.4742280246116003,6.6959667625959335e-09,6.6959667625959335e-09,6.0819563246244724e-09,,0.0,0.9999999933040264,0.0,,,,,,0.0,1.0,0.5,0.0,0.0,0.7922684098776603,0.25901821374923895,558,1.2533416810797897,0.6019842538700182,840,0,0.24785233644912635,0.2961384271997293,559,0.0,0.3232847359624341,0.5871971619452476,857,167.57585347139565,0.8243439691075517,703.5,673.5865566424101,0.5434612927298765,725,db,0.540986235965534,0.9305070477545101,0.3421575204977732,3,544.5,4.8950475918239987e-14,0.0001547883299646835,3.590861468476237e-27,0.9726609862408987,0.2207140110637542,0.02327974106646074,0.4999767116907316,0.0382114057793637,0.9999999997234513,0.9919828214562016,0.9855281704452468,0.9855281704452468,0.9855281704451341,,0.0,0.9999999999667601,0.0,,,,,1.0,,0.0,1.0,0.5,0.0,0.0,0.0,2.234570199820929,0.6375734627746849,562,1.3209151511860693,0.6106394632929769,1667,781.352993211135,0.5904858526147092,1114.5,840.604755495738,0.5031831778796816,1525,0.49117026184683504,0.8233619396015222,0.4091722348267588,4,1144.75,,,,,,,,,,,,,3.2867200020019414e-19,0.03641360043841641,3.590861468476237e-27,0.9801693681377601,0.06823060625956642,0.006705211074980151,0.37824165482295524,1.0,0.038211405779363695,0.9999999999999541,0.0008499884728391221,0.0007982210227401261,0.0007982210227401261,0.0007982210227337869,,0.0,0.0,0.020163910573049823,0.0,,,,,0.4782608695652174,,0.0,1.0,0.8604651162790697,0.0,0.0,0.9302325581395349,0.5744527218307418,0.17892707859001003,549,1.6030748339223635,0.7781474403544932,1634,767.2108575874041,0.6414902534638298,1091.5,821.8653229500687,0.5657217622459336,1419,1009.0473684210526,935.5,610.6543869996938,760,0.4758535102197843,0.8532293215616218,0.41093374637766444,5,1065.5
sym2,1.0,periodic,1.8392233671357338e-20,256.825447708934,6008933.362859666,0.6153846153846154,287.2158740041654,206,raw,1.0610709290707508e-10,-1.201357903015486e-10,6.28617712639481,63382.34952181424,0.7794322699870694,5.618943883695883e-06,1.0,327.0000000002138,,,,[],[],13,661.1538461535341,86.99999999995701,939.9999999995771,"[8, 32, 51, 63, 81, 100, 111, 133, 152, 162, 175, 192, 204]","[877.9999999997639, 637.9999999995182, 786.9999999995146, 791.999999999663, 939.9999999995771, 787.9999999996799, 636.9999999996461, 674.9999999998039, 770.9999999996909, 195.99999999975142, 833.9999999995441, 571.9999999998348, 86.99999999995701]","[0, 13, 39, 39, 76, 99, 107, 107, 107, 161, 99, 187, 203]","[76, 39, 61, 76, 205, 164, 119, 142, 164, 164, 205, 205, 205]",37754612.99998995,940.9999999997748,-940.9999999997748,0.0,,,,DWT,mdp.39015067403892,1.0050833225250244e-05,,0.0,33.0,19.0,0.0,28.5,,2.2521362552652135e-10,256.3413461535341,4359.000000004056,256.3413461535607,,0.0,256.3413461535341,,,83.99999999995701,0.0,19.5,4.2291503632441163e-10,2.2521362552652135e-10,,2.1378809833549894e-10,1.3404980488089553e-10,1.3015561610503451e-20,0.7338213362068995,0.7753436023579872,0.0003071986506944697,0.43681318681318704,0.0004568535075956677,0.9999999997248186,0.4742280245616626,6.454306620294222e-09,6.454306620294222e-09,5.860940737148704e-09,,1.0753734922958374e-08,0.9999999935456527,5.064022508139589e-10,,,,,,9.948257311702324e-11,1.0,0.0,2.820632237760648e-10,2.820632237760648e-10,0.7422684155648265,0.24267159554142453,641,1.403026218286936,0.6738782439979875,795,0,0.20618567073338462,0.24635434596614636,641,0.0,0.36834277217440403,0.6690381771349329,760,80.0931749068962,0.9160448900347,709.25,702.5215007561827,0.5862981263590691,574,sym,0.8243425715244881,0.7368036147090654,0.2019191155201387,6,432.0,1.3404980488089553e-10,0.0001547883300050401,1.3015561610503451e-20,0.7338213362068995,0.7753436023579873,0.0013403606187763427,0.5767206477732796,0.002821473296052005,0.9999999997248185,0.9919828214554403,0.9855281704417496,0.9855281704417496,0.9855281704419356,,2.3039154356872834e-09,0.9999999999679596,2.8219820597744075e-10,,,,,1.0,,9.948257311702324e-11,1.0,0.25,2.820632237760648e-10,2.820632237760648e-10,0.0,2.2095702012738654,0.6304403972552884,644,1.460498068069398,0.6751665734362517,1634,700.035713374682,0.6331049720258479,1139.0,923.8770851624232,0.5180724021554817,1428,0.7763846615972358,0.5622554397616224,0.28785410495344815,6,1072.5,,,,,,,,,,,,,9.00061065192475e-16,0.03641360043845535,1.3015561610503451e-20,0.8069245972888596,0.23968647841337382,0.0015748608001333818,0.43629986574107826,1.0,0.002821473296052005,0.9999999999999544,0.0008499884728385461,0.0007982210227372935,0.0007982210227372935,0.0007982210227311963,,0.0,1.8001576720244846e-15,0.020163910573068586,2.6241359115416993e-15,,,,,0.4782608695652174,,3.14760598474146e-18,1.0,0.7906976744186046,9.451293243571767e-16,9.451293243571767e-16,0.9302325581395349,0.5674759776447045,0.17675400427451343,652,1.5913580437264399,0.772460001373357,1652,707.1067811865476,0.6695762704735759,1152.0,934.9861111111111,0.5656292567321151,1420,1409.1368421052632,1454.5,398.32527672708756,380,0.6645304607900322,0.5565550872278735,0.3678621512786154,7,1066.75
db23,1.0,zero,1.5411584904272168e-26,317.5933194364642,5916714.786125563,0.572,203.09374829892147,206,raw,8.65240996434083e-14,-2.1578194786542629e-10,6.381009456215958,69434.38528000002,0.8228593792313853,5.618943883690064e-06,0.9999999999999998,327.0000000000001,,,,[],[],13,661.1538461538462,87.00000000000003,939.9999999999998,"[8, 32, 51, 63, 81, 100, 111, 133, 152, 162, 175, 192, 204]","[878.0000000000002, 637.9999999999998, 787.0000000000005, 792.0000000000001, 939.9999999999998, 788.0, 637.0000000000003, 675.0000000000001, 771.0000000000001, 195.99999999999994, 834.0000000000002, 572.0000000000001, 87.00000000000003]","[0, 13, 42, 42, 76, 99, 107, 107, 107, 161, 99, 187, 203]","[76, 42, 61, 76, 205, 164, 119, 142, 164, 164, 205, 205, 205]",37754613.0,940.9999999999999,-940.9999999999999,0.0,,,,DWT,mdp.39015067403892,0.0,,0.0,33.0,19.0,0.0,28.5,,1.1368683772161603e-13,256.3413461538462,4359.0,256.34134615384625,,0.0,256.3413461538462,,,84.00000000000003,0.0,24.0,2.2737367544323206e-13,1.1368683772161603e-13,,1.1368683772161603e-13,9.097685651515537e-14,1.0109380497209508e-26,0.9580685400540232,0.8081034150802755,0.00020341747394860753,0.11142857142857093,0.0009468444604158986,0.9999999997233769,0.4742280246116333,6.6959667625959335e-09,6.6959667625959335e-09,6.082044361106239e-09,,5.718550876340534e-12,0.9999999933040264,2.7225927463116073e-13,,,,,,0.0,1.0,0.5,1.4238426238064856e-13,1.4238426238064856e-13,0.7922684098807489,0.2590182137502487,334,1.423944706554499,0.6839254647534552,766,0,0.24785233644965937,0.2961384272003662,341,0.0,0.3598438485275878,0.6536011852517782,795,256.0559834619505,0.7315975016122112,559.0,471.14762833908793,0.5728218116027513,624,db,0.540986235965534,0.9305070477545101,0.3421575204977732,3,468.75,9.097685651515537e-14,0.0001547883299646835,1.0109380497209507e-26,0.9580685400540232,0.8081034150802756,0.0012366866977441078,0.33216842105263145,0.0033103050769972956,0.9999999997233768,0.9919828214562021,0.9855281704452468,0.9855281704452468,0.9855281704451354,,1.2251610931599486e-12,0.9999999999667601,1.5171946557926922e-13,,,,,1.0,,0.0,1.0,0.5,1.4238426238064856e-13,1.4238426238064856e-13,0.0,2.2345701998216745,0.6375734627748976,343,1.513749101761643,0.699783735715321,1551,854.1849916733494,0.552313945663863,947.0,561.7666314677931,0.5279913543832941,1350,0.49117026184683504,0.8233619396015222,0.4091722348267588,4,1013.5,,,,,,,,,,,,,6.1085300687792145e-19,0.036413600438416426,1.0109380497209507e-26,0.9695845887872199,0.24981370990275095,0.0015506174751894312,0.251291570829387,0.9999999999999998,0.0033103050769972956,0.9999999999999541,0.0008499884728391225,0.0007982210227401261,0.0007982210227401261,0.0007982210227337879,,0.0,9.572760819061336e-19,0.020163910573049823,1.4108257588933865e-18,,,,,0.4782608695652174,,0.0,1.0,0.8604651162790697,4.770970844811595e-19,4.770970844811595e-19,0.9302325581395349,0.5744527218307418,0.17892707859001003,277,1.6201977474553624,0.7864590619052559,1588,927.0169901355638,0.5668144905908581,932.5,471.716890080429,0.5655334135197281,1421,1009.0473684210526,935.5,610.6543869996938,760,0.4758535102197843,0.8532293215616218,0.41093374637766444,5,1067.0
sym13,1.0,zero,4.284385967339086e-22,273.1529065865945,5987853.156457843,0.5956521739130435,229.30160097711146,206,raw,1.6293727963404783e-11,-1.4539924819946154e-10,6.305200213415567,67760.9984877086,0.8043120328961734,5.618943883691011e-06,1.0,327.00000000002217,,,,[],[],13,661.1538461537923,86.99999999999301,939.9999999999184,"[8, 32, 51, 63, 81, 100, 111, 133, 152, 162, 175, 192, 204]","[877.9999999999532, 637.9999999999357, 786.9999999999309, 791.9999999999286, 939.9999999999184, 787.9999999999344, 636.9999999999446, 674.9999999999707, 770.9999999999382, 195.99999999997192, 833.9999999999245, 571.999999999956, 86.99999999999301]","[0, 13, 39, 39, 76, 99, 107, 107, 107, 161, 99, 187, 203]","[76, 39, 61, 76, 205, 164, 119, 142, 164, 164, 205, 205, 205]",37754612.99999811,940.9999999999479,-940.9999999999479,0.0,,,,DWT,mdp.39015067403892,1.8924474716186523e-06,,0.0,33.0,19.0,0.0,28.5,,5.206857167650014e-11,256.3413461537923,4359.0000000007,256.3413461537974,,0.0,256.3413461537923,,,83.99999999999301,0.0,19.5,8.162714948412031e-11,5.206857167650014e-11,,2.2168933355715126e-11,2.056906011491677e-11,3.031907236937918e-22,0.7940733558211641,0.7819151246370996,0.00028347535432724424,0.28881987577639745,0.0008113620506031947,0.9999999997244378,0.4742280246034782,6.654237470264053e-09,6.654237470264053e-09,6.044232692187362e-09,,1.1151174208864043e-09,0.9999999933457422,9.77410795925867e-11,,,,,,1.873133696940245e-11,1.0,0.0,6.521199217033705e-11,6.521199217033705e-11,0.7422684105016064,0.24267159388609383,694,1.3833958085151579,0.6644496917061291,814,0,0.20618566988866177,0.24635434495685632,694,0.0,0.3582378991730748,0.6506842244481992,801,65.74382100243338,0.9310861415068833,750.75,746.4378502811322,0.572068227986146,628,sym,0.8243425715244881,0.7368036147090654,0.2019191155201387,6,472.5,2.056906011491677e-11,0.00015478832997128933,3.031907236937918e-22,0.7940733558211641,0.7819151246370997,0.0013166618399484365,0.465491990846682,0.003175143177998312,0.9999999997244376,0.9919828214560777,0.9855281704446428,0.9855281704446428,0.9855281704445882,,2.3890641316619e-10,0.9999999999669672,5.446728814295765e-11,,,,,1.0,,1.873133696940245e-11,1.0,0.25,6.521199217033705e-11,6.521199217033705e-11,0.0,2.2095702000026067,0.6304403968925696,695,1.4555731967360317,0.6728898785364368,1641,668.9230150024739,0.6494114177135881,1168.0,976.4511986301369,0.5186260442865634,1422,0.7763846615972358,0.5622554397616224,0.28785410495344815,6,1068.0,,,,,,,,,,,,,1.3810844539079617e-16,0.03641360043842276,3.031907236937918e-22,0.8506290129073333,0.24171797132581319,0.0015693190284884074,0.3521533239603985,1.0,0.003175143177998312,0.9999999999999543,0.0008499884728390284,0.000798221022739637,0.000798221022739637,0.0007982210227333447,,0.0,1.8666883597169608e-16,0.02016391057305306,5.064864474427258e-16,,,,,0.4782608695652174,,5.926552410113646e-19,1.0,0.7906976744186046,2.1851046469237103e-16,2.1851046469237103e-16,0.9302325581395349,0.5674759776446969,0.17675400427451107,714,1.585076519908418,0.7694108912650286,1663,671.0443353460336,0.6864278806794235,1188.5,999.0593184686578,0.5655270244518613,1422,1409.1368421052632,1454.5,398.32527672708756,380,0.6645304607900322,0.5565550872278735,0.3678621512786154,7,1068.25
db5,1.0,antisymmetric,2.793582401277933e-27,322.78578388135224,5012737.902327778,0.5280373831775701,93.92060842035507,206,smoothed,3.1366495161739877e-14,-2.0715060777831753e-10,6.230522180862086,41739.891795820084,0.9872519649708804,0.00014966566451320268,1.0,362.4,,,,[],[],11,426.60000000000014,32.20000000000002,728.4000000000001,"[9, 31, 53, 64, 80, 102, 131, 148, 158, 175, 192]","[311.0000000000001, 417.8, 589.6000000000001, 432.20000000000005, 728.4000000000001, 371.00000000000017, 587.0, 32.20000000000002, 448.2000000000001, 368.0, 407.19999999999993]","[0, 0, 0, 60, 0, 94, 120, 144, 144, 165, 186]","[20, 40, 75, 75, 203, 120, 203, 149, 203, 186, 203]",30736475.839999996,728.4000000000001,-728.4000000000001,0.0,,,,DWT,mdp.39015067403892,0.0,,0.0,33.0,11.0,0.0,33.0,,1.1368683772161603e-13,168.4000000000002,987.7999999999975,168.40000000000006,,0.0,168.4000000000002,,,28.00000000000003,0.0,15.0,1.1368683772161603e-13,1.1368683772161603e-13,,0.0,2.0070875648189143e-14,3.387808660579688e-27,0.9911708953195236,0.1387405156397282,0.08414155367722788,0.10279768664860611,0.11020432218869611,,0.9999996647345563,4.406097391567225e-09,4.406097391567225e-09,3.6787565615428943e-09,,0.0,0.9999999955939026,7.585973278963461e-14,,,,,,0.0,1.0,0.0,1.7477015598164352e-13,1.7477015598164352e-13,0.8999999009647114,0.33832967743799747,503,0.791344375385119,0.4017401084768348,545,0,0.24999997273498628,0.35570077878532574,495,0.0,0.2038649962105432,0.3596730288338081,555,29.905406423142512,0.9686526138122196,524.5,523.2220478710032,0.7094311287090448,309,db,0.573477938514061,0.8443824841957417,0.34525069778143475,3,232.5,2.1284266330912913e-14,0.9999999999705134,1.180046411487766e-27,0.9772299093720512,0.7561176105874615,0.00022041826913844808,0.08435809149040846,0.001073380327513048,0.999999999723507,2.0315811923854454e-05,4.745570603148508e-11,4.745570603148508e-11,3.9622027880881205e-11,,0.0,0.003126132840347795,7.585973278963461e-14,,,,,0.0,,0.0,1.0,0.0,1.4238426238064856e-13,1.4238426238064856e-13,1.0,0.30156916120420596,0.08604450842064879,1585,1.6986795486592627,0.7852743357275135,748,591.8483758531403,0.6898069308945806,1166.5,1016.356622374625,0.5392168826380659,1273,0.49117026184683504,0.8233619396015222,0.4091722348267588,4,955.75,,,,,,,,,,,,,1.4291061029639774e-19,0.9999999999715827,1.180046411487766e-27,0.9834834830293624,0.2337430357287792,0.0013129711558483837,0.06381846069417613,1.0,0.001073380327513048,0.9999999999999541,9.960751159770467e-05,3.843648489765261e-14,3.843648489765261e-14,3.2091408523615694e-14,,0.0,0.0,0.004567040150618456,7.054128794466933e-19,,,,,0.13043478260869565,,0.0,1.0,0.7209302325581395,4.770970844811595e-19,4.770970844811595e-19,1.0,0.42658033862811345,0.13286867808967343,1627,1.8335748296600634,0.8900342829956143,503,794.7880220536795,0.6286037280122994,1065.0,768.4328638497653,0.5654700883052151,1423,1009.0473684210526,935.5,610.6543869996938,760,0.4758535102197843,0.8532293215616218,0.41093374637766444,5,1068.5
db14,1.0,smooth,9.448179402988319e-27,319.7183111574311,50639206.5687889,0.5862068965517241,283.0602228609067,206,raw,6.055997127722308e-14,-2.1128809812865089e-10,4.240221668396444,921774.4197523901,0.9858255258048072,5.618943883690066e-06,1.0,326.99999999999994,,,,[],[],13,661.1538461538462,87.00000000000006,940.0,"[8, 32, 51, 63, 81, 100, 111, 133, 152, 162, 175, 192, 204]","[878.0, 637.9999999999999, 787.0, 791.9999999999999, 940.0, 788.0, 637.0, 675.0, 771.0000000000002, 196.0000000000001, 834.0000000000002, 572.0000000000001, 87.00000000000006]","[0, 13, 39, 39, 76, 99, 107, 107, 107, 161, 99, 187, 203]","[76, 39, 61, 76, 205, 164, 119, 142, 164, 164, 205, 205, 205]",37754613.0,941.0,-941.0,0.0,,,,DWT,mdp.39015067403892,0.0,,0.0,33.0,19.0,0.0,28.5,,0.0,256.3413461538462,4359.0,256.3413461538462,,0.0,256.3413461538462,,,84.00000000000006,0.0,19.5,0.0,0.0,,5.684341886080802e-14,5.817072987640697e-14,5.889279891193741e-27,0.965910240578961,0.06856862626515192,0.05053332917486884,0.217980295566502,0.06995484809837704,0.9999999997234447,0.47422802461166635,6.6959667625959335e-09,6.6959667625959335e-09,6.082000342865356e-09,,2.859275438170267e-12,0.9999999933040264,0.0,,,,,,0.0,1.0,0.0,0.0,0.0,0.7422684098791229,0.2426715936825838,845,1.1542711794227338,0.5544003564214225,863,0,0.20618566978270714,0.24635434483025984,844,0.0,0.2966184174259205,0.5387618823841729,897,24.757153848265084,0.9740491049808542,862.25,861.7269065069607,0.5351115545868632,747,db,0.540986235965534,0.9305070477545101,0.3421575204977732,3,561.0,5.817072987640695e-14,0.0001547883299646835,5.8892798911937405e-27,0.965910240578961,0.06856862626515203,0.05151458346912186,0.412250453720508,0.07215505644162054,0.9999999997234446,0.9919828214562026,0.9855281704452468,0.9855281704452468,0.9855281704451347,,6.125805465799743e-13,0.9999999999667601,0.0,,,,,1.0,,0.0,1.0,0.25,0.0,0.0,0.0,2.2095701998212354,0.6304403968408202,853,1.2333963896677496,0.5701808391991992,1702,600.3336572273788,0.6853597184342879,1277.5,1136.4430528375733,0.5079052260934542,1492,0.49117026184683504,0.8233619396015222,0.4091722348267588,4,1120.0,,,,,,,,,,,,,3.905802708336833e-19,0.03641360043841643,5.8892798911937405e-27,0.9752726460688108,0.021197018340197465,0.0133077052441369,0.3118751137217211,1.0,0.07215505644162054,0.9999999999999541,0.0008499884728391229,0.0007982210227401261,0.0007982210227401261,0.0007982210227337874,,0.0,4.786380409530668e-19,0.020163910573049823,0.0,,,,,0.4782608695652174,,0.0,1.0,0.7906976744186046,0.0,0.0,0.9302325581395349,0.5674759776446953,0.17675400427451057,736,1.5669520976302969,0.7606131280507463,1667,658.3164132846757,0.6923755078108992,1201.5,1021.150228880566,0.565463454840029,1424,1009.0473684210526,935.5,610.6543869996938,760,0.4758535102197843,0.8532293215616218,0.41093374637766444,5,1069.25
sym6,1.0,antisymmetric,2.1622046342377688e-21,263.89843080412624,5022572.461231817,0.5277777777777778,89.86529274990768,206,smoothed,3.650984153621729e-11,,6.231065257355954,42624.351901125665,0.9863715187998666,0.00014966566451296654,1.0,362.40000000000214,,,,[],[],11,426.60000000010876,32.20000000007499,728.4000000002538,"[9, 31, 53, 64, 80, 102, 131, 148, 158, 175, 192]","[311.000000000152, 417.800000000116, 589.6000000001685, 432.2000000001012, 728.4000000002538, 371.0000000001097, 587.0000000000173, 32.20000000007499, 448.20000000005007, 368.0000000000667, 407.20000000008605]","[1, 1, 1, 60, 1, 94, 120, 144, 144, 165, 186]","[20, 40, 75, 75, 203, 120, 203, 149, 203, 186, 203]",30736475.84000133,728.4000000001687,-728.4000000001687,0.0,,,,DWT,mdp.39015067403892,1.3336539268493652e-06,,0.0,33.0,11.0,0.0,33.0,,1.687112671788782e-10,168.40000000010883,987.7999999988024,168.40000000010878,,0.0,168.40000000010883,,,28.000000000075005,0.0,33.0,2.538627086323686e-10,1.687112671788782e-10,,2.1600499167107046e-12,8.015817091433407e-11,6.327902544350744e-21,0.7674335269789293,0.13952385138032788,0.08836210255538768,0.10101446147204873,0.11753900255374952,,0.9999997301074767,4.519124293887953e-09,4.519124293887953e-09,3.791872182079575e-09,,2.3278060770039025e-11,0.9999999954808596,1.693947833192541e-10,,,,,,2.844917065070301e-11,1.0,1.0,2.59358911476759e-10,2.59358911476759e-10,0.9999999208360135,0.3759218754266699,27,0.6618244787895821,0.33598701926977914,859,0,0.33333331159652474,0.47426772584356625,27,0.0,0.17341042071722876,0.30594291521383304,854,478.9163984106899,0.497991196634497,441.75,52.349731700919044,0.5174704410845441,840,sym,1.0,1.0,0.0,7,631.75,4.6112470340724794e-11,0.9999999999688742,1.530118375013898e-21,0.7599222450731264,0.7563052162728492,0.00023147447190488188,0.08289473684210552,0.0011448194639832516,,2.0315813251958748e-05,4.867306557798656e-11,4.867306557798656e-11,4.084027560580239e-11,,2.3278060770039025e-11,0.003126132839994411,1.693947833192541e-10,,,,,0.0,,1.3200430383948969e-11,1.0,1.0,2.1129824537288247e-10,2.1129824537288247e-10,1.0,0.4015691613928847,0.11457677221029133,983,1.1678375149431846,0.5398739447404947,1777,561.4427842621187,0.7057427755439629,1380.0,1265.7905797101448,0.4912361676461953,1578,0.7763846615972358,0.5622554397616224,0.28785410495344815,6,1185.0,,,,,,,,,,,,,3.09616557893582e-16,0.9999999999700031,1.530118375013898e-21,0.8258571571667266,0.23380103136571248,0.0013155565612583855,0.06271140576376699,1.0,0.0011448194639832518,,9.960751159870929e-05,3.942245835331093e-14,3.942245835331093e-14,3.307814092079475e-14,,0.0,1.818824555621654e-17,0.004567040150612926,1.575186959804466e-15,,,,,0.13043478260869565,,4.176586147284814e-19,1.0,1.0,7.080120733700406e-16,7.080120733700406e-16,1.0,0.4544873153722991,0.14156097535167111,1283,1.3386150783456225,0.6497762143055525,1761,337.9970414071697,0.8420574572863693,1522.0,1484.4697766097242,0.5654212520076707,1425,1409.1368421052632,1454.5,398.32527672708756,380,0.6645304607900322,0.5565550872278735,0.3678621512786154,7,1070.5
coif11,1.0,zero,3.168368685579688e-26,314.46343534544246,5971076.164769617,0.5666666666666667,162.16577413740038,206,raw,1.2389657800244075e-13,-2.252716901907121e-10,6.322915996744233,69886.71248285324,0.837443743118661,5.618943883690062e-06,0.9999999999999999,327.0000000000002,,,,[],[],13,661.1538461538463,86.99999999999989,940.0000000000002,"[8, 32, 51, 63, 81, 100, 111, 133, 152, 162, 175, 192, 204]","[878.0000000000002, 638.0000000000003, 787.0000000000001, 792.0000000000003, 940.0000000000002, 787.9999999999998, 637.0000000000003, 675.0000000000005, 771.0000000000002, 196.0, 834.0, 572.0000000000001, 86.99999999999989]","[0, 13, 39, 39, 76, 99, 107, 107, 107, 161, 164, 187, 203]","[76, 39, 61, 76, 205, 164, 119, 142, 164, 164, 205, 205, 205]",37754613.00000001,941.0000000000002,-941.0000000000002,0.0,,,,DWT,mdp.39015067403892,7.450580596923828e-09,,0.0,33.0,19.0,0.0,28.5,,2.2737367544323206e-13,256.3413461538463,4358.999999999998,256.3413461538463,,0.0,256.3413461538463,,,83.99999999999989,0.0,24.0,2.2737367544323206e-13,2.2737367544323206e-13,,2.2737367544323206e-13,1.3819763129175303e-13,2.1624597312835404e-26,0.9465185591870902,0.7880350390710303,0.0002645948206937665,0.07142857142857123,0.0009834662263750278,0.999999999723234,0.47422802461146824,6.696054799077647e-09,6.696054799077647e-09,6.082088379347123e-09,,1.1437101752681067e-11,0.9999999933039181,2.7225927463116073e-13,,,,,,7.374542113937972e-14,1.0,0.5,2.847685247612971e-13,2.847685247612971e-13,0.7922684098836644,0.2590182137512019,261,1.3910257674094295,0.6681143868019388,808,0,0.24785233645016141,0.29613842720096606,261,0.0,0.3509037788071416,0.6373629191554517,815,317.84417041479094,0.666830010047389,536.25,394.96604415724534,0.5523615459041976,697,coif,0.5507900112560971,0.8749445204262634,0.351963635992853,2,523.25,1.3819763129175303e-13,0.0001547883299646835,2.1624597312835404e-26,0.9465185591870902,0.7880350390710305,0.0012978008189585037,0.3021052631578948,0.0033468402068239284,0.9999999997232338,0.9919828214561996,0.9855281704452481,0.9855281704452481,0.985528170445136,,2.4503221863198973e-12,0.9999999999667596,1.5171946557926922e-13,,,,,1.0,,7.374542113937972e-14,1.0,0.5,2.847685247612971e-13,2.847685247612971e-13,0.0,2.234570199822381,0.6375734627750992,260,1.4848048331914605,0.6864032300793353,1608,953.179941039466,0.5004298002937809,934.0,447.62312633832977,0.5054559902936411,1508,0.4784248188775415,0.776734912893196,0.43208215291776214,2,1131.5,,,,,,,,,,,,,9.279111397293753e-19,0.03641360043841641,2.1624597312835404e-26,0.9612066926199956,0.2436098560778109,0.00156490852818051,0.2285482343390611,0.9999999999999999,0.0033468402068239284,0.9999999999999541,0.0008499884728391206,0.0007982210227401272,0.0007982210227401272,0.0007982210227337884,,0.0,1.9145521638122673e-18,0.020163910573049813,1.4108257588933865e-18,,,,,0.4782608695652174,,2.3332883504384434e-21,1.0,0.8604651162790697,9.54194168962319e-19,9.54194168962319e-19,0.9302325581395349,0.5744527218307418,0.17892707859001003,548,1.6029935078248536,0.7781079639100552,1635,768.6250711497771,0.640829406004777,1091.5,820.870361887311,0.5653913385164072,1426,986.6382352941176,846.0,585.0035688138154,340,0.4652856568234462,0.8173890317607586,0.42908333069536003,4,1070.5
db4,1.0,periodic,2.944290256327444e-27,322.5575925251113,5018809.028748396,0.5471698113207547,93.83696610379968,206,smoothed,3.2627622286799515e-14,-2.0797370492431398e-10,6.2129613801324375,32867.23587165912,0.9855057127354363,0.00014966566451320268,0.9999999999999999,362.4,,,,[],[],11,426.59999999999997,32.19999999999999,728.4000000000001,"[9, 31, 53, 64, 80, 102, 131, 148, 158, 175, 192]","[310.99999999999994, 417.8000000000001, 589.6, 432.19999999999993, 728.4000000000001, 371.00000000000006, 587.0000000000001, 32.19999999999999, 448.20000000000016, 368.0, 407.20000000000016]","[0, 0, 0, 60, 0, 94, 120, 144, 144, 165, 186]","[20, 40, 75, 75, 203, 120, 203, 149, 203, 186, 203]",30736475.840000004,728.4000000000001,-728.4000000000001,0.0,,,,DWT,mdp.39015067403892,7.450580596923828e-09,,0.0,33.0,11.0,0.0,33.0,,1.1368683772161603e-13,168.40000000000003,987.7999999999993,168.40000000000006,,0.0,168.40000000000003,,,28.0,0.0,15.0,1.1368683772161603e-13,1.1368683772161603e-13,,0.0,2.2841395292877828e-14,3.8288702168694656e-27,0.9903039021392314,0.11341074533961178,0.08674700716565867,0.23421801758508504,0.03662486416403613,,0.999999664709775,4.4059199552998455e-09,4.4059199552998455e-09,3.6787565615428943e-09,,0.0,0.9999999955940747,7.585973278963461e-14,,,,,,1.5893391424973748e-13,1.0,0.0,1.7477015598164352e-13,1.7477015598164352e-13,0.8999999009573362,0.33832967743522496,554,0.8025983702358294,0.4074534000004168,493,0,0.24999997273291918,0.35570077878238465,556,0.0,0.20875779091337804,0.36830524291146743,501,33.65511352924941,0.9647221032188161,526.0,524.38241547359,0.7066797098903306,316,db,0.573477938514061,0.8443824841957417,0.34525069778143475,3,237.75,2.2877722332545904e-14,0.9999999999705134,1.2866972690034679e-27,0.9763878316075286,0.750051234866843,0.000227243547768834,0.19220456802383332,0.0003567229298339293,0.9999999997234945,2.0315811923354854e-05,4.745387416349445e-11,4.745387416349445e-11,3.9622027880881205e-11,,0.0,0.0031261328403482946,7.585973278963461e-14,,,,,0.0,,7.374542113937972e-14,1.0,0.0,1.4238426238064856e-13,1.4238426238064856e-13,1.0,0.3015691612042419,0.08604450842065903,1552,1.7379964544338486,0.8034499575446878,365,839.3357492684319,0.5600965674693753,958.5,591.0067814293167,0.5288690384516688,1345,0.49117026184683504,0.8233619396015222,0.4091722348267588,4,1009.75,,,,,,,,,,,,,1.5360967626998443e-19,0.9999999999715827,1.2866972690034679e-27,0.9828726733529503,0.23186770171069296,0.0013145671931740867,0.1454063202824446,0.9999999999999999,0.00035672292983392976,0.9999999999999541,9.960751159770423e-05,3.8434858594393884e-14,3.8434858594393884e-14,3.2091408523615694e-14,,0.0,0.0,0.004567040150618464,7.054128794466933e-19,,,,,0.13043478260869565,,2.3332883504384434e-21,1.0,0.7209302325581395,4.770970844811595e-19,4.770970844811595e-19,1.0,0.42658033862811345,0.13286867808967343,1569,1.8646199557400716,0.9051038760573009,162,994.8992411294723,0.5350938125563214,865.5,293.6776429809359,0.5653272801099364,1427,1009.0473684210526,935.5,610.6543869996938,760,0.4758535102197843,0.8532293215616218,0.41093374637766444,5,1071.5
coif12,1.0,constant,2.2459988162828247e-26,315.95769723816863,5969002.700601822,0.5652173913043478,155.19161117920635,206,raw,1.0658141036401505e-13,-2.0669821410024562e-10,6.329981304278935,67762.97200561856,0.8362299591915308,5.618943883690066e-06,1.0,327.00000000000006,,,,[],[],13,661.1538461538462,86.99999999999977,940.0000000000002,"[8, 32, 51, 63, 81, 100, 111, 133, 152, 162, 175, 192, 204]","[877.9999999999999, 637.9999999999998, 787.0, 792.0000000000002, 940.0000000000002, 787.9999999999999, 637.0, 675.0, 770.9999999999999, 196.0000000000001, 833.9999999999997, 572.0000000000001, 86.99999999999977]","[0, 13, 39, 39, 76, 99, 107, 107, 107, 161, 164, 187, 203]","[76, 39, 61, 76, 205, 164, 119, 142, 164, 164, 205, 205, 205]",37754613.0,941.0000000000002,-941.0000000000002,0.0,,,,DWT,mdp.39015067403892,0.0,,0.0,33.0,19.0,0.0,28.5,,2.2737367544323206e-13,256.3413461538462,4359.0,256.3413461538461,,0.0,256.3413461538462,,,83.99999999999977,0.0,24.0,2.2737367544323206e-13,2.2737367544323206e-13,,5.684341886080802e-14,1.163196165821527e-13,1.5097297360564225e-26,0.9520327238555781,0.7904757483955689,0.00026226138030794693,0.06055900621117971,0.0008115218325277817,0.9999999997235139,0.4742280246113362,6.6959667625959335e-09,6.6959667625959335e-09,6.081912306383589e-09,,2.859275438170267e-12,0.9999999933040264,2.7225927463116073e-13,,,,,,0.0,1.0,0.5,2.847685247612971e-13,2.847685247612971e-13,0.7922684098792475,0.2590182137497578,466,1.3911368503082087,0.6681677402944052,807,0,0.24785233644940913,0.2961384272000672,465,0.0,0.3505176576748491,0.6366615893126609,816,199.79739738044637,0.7905687658485887,638.5,591.6190111784003,0.5606407770542734,674,coif,0.5507900112560971,0.8749445204262634,0.351963635992853,2,506.0,1.163196165821527e-13,0.0001547883299646835,1.5097297360564225e-26,0.9520327238555781,0.790475748395569,0.0012954697901353743,0.2939359267734553,0.0031753025819267096,0.9999999997235138,0.9919828214561976,0.9855281704452468,0.9855281704452468,0.9855281704451335,,6.125805465799743e-13,0.9999999999667601,1.5171946557926922e-13,,,,,1.0,,0.0,1.0,0.5,2.847685247612971e-13,2.847685247612971e-13,0.0,2.234570199821423,0.6375734627748258,458,1.4859961715367813,0.6869539681090521,1606,811.7585848021565,0.5745500079653267,1032.0,712.7403100775194,0.5168347524103363,1437,0.4784248188775415,0.776734912893196,0.43208215291776214,2,1078.25,,,,,,,,,,,,,7.810138783621123e-19,0.03641360043841643,1.5097297360564225e-26,0.9652064480805287,0.2443643667503053,0.0015643634355607828,0.2223679798579941,1.0,0.0031753025819267096,0.9999999999999541,0.0008499884728391191,0.0007982210227401261,0.0007982210227401261,0.0007982210227337863,,0.0,4.786380409530668e-19,0.020163910573049823,1.4108257588933865e-18,,,,,0.4782608695652174,,0.0,1.0,0.8604651162790697,9.54194168962319e-19,9.54194168962319e-19,0.9302325581395349,0.5744527218307418,0.17892707859001003,535,1.6032296270487252,0.7782225783783172,1633,776.4032457428292,0.6371947449799864,1084.0,805.9547970479705,0.56532634445261,1428,986.6382352941176,846.0,585.0035688138154,340,0.4652856568234462,0.8173890317607586,0.42908333069536003,4,1072.0
bior4.4,1.0,constant,4.0016546911479475e-20,253.44939636866965,5899603.605160062,0.616822429906542,277.37514828619106,206,raw,1.56090415673677e-10,2.7691826589185366e-10,6.342776788820867,63166.28292539394,0.7680253795154213,5.618943883699145e-06,1.0,327.00000000023704,,,,[],[],13,661.1538461533281,86.99999999992451,939.9999999992373,"[8, 32, 51, 63, 81, 100, 111, 133, 152, 162, 175, 192, 204]","[877.999999999556, 637.9999999993772, 786.9999999993615, 791.9999999993106, 939.9999999992373, 787.9999999993793, 636.9999999994692, 674.9999999997368, 770.9999999993579, 195.99999999973352, 833.9999999992729, 571.9999999995513, 86.99999999992451]","[0, 13, 39, 39, 76, 99, 107, 107, 107, 161, 99, 187, 203]","[76, 39, 61, 76, 205, 164, 119, 142, 164, 164, 205, 205, 205]",37754612.99998245,940.9999999994956,-940.9999999994956,0.0,,,,DWT,mdp.39015067403892,1.755356788635254e-05,,0.0,33.0,19.0,0.0,28.5,,5.044284989708103e-10,256.3413461533281,4359.000000006734,256.341346153376,,0.0,256.3413461533281,,,83.99999999992451,0.0,19.5,7.627249942743219e-10,5.044284989708103e-10,,2.370370566495694e-10,1.9720460035025337e-10,2.831835753636623e-20,0.7213629424607247,0.7948959464237646,0.0001841608495351626,0.4475967957276365,0.0004393601084019485,0.9999999997308029,0.474228024523908,6.29478451543058e-09,6.29478451543058e-09,5.717881454277513e-09,,1.1923178577170013e-08,0.9999999937051477,9.132937367502286e-10,,,,,,1.737442122043786e-10,1.0,0.0,6.317589721829378e-10,6.317589721829378e-10,0.7422684164597931,0.24267159583401812,625,1.4095722813989826,0.6770223402789765,786,0,0.20618567090085338,0.24635434616624105,625,0.0,0.3705599006872588,0.6730652511832649,745,82.82662615367114,0.913179637155481,695.25,687.9298313216776,0.5922030261249103,561,bior,0.672619891330026,0.76736776154697,0.2989557476048908,5,422.0,1.9720460035025334e-10,0.00015478833002774417,2.831835753636623e-20,0.7213629424607246,0.7948959464237647,0.0012174499746563008,0.5848253812100342,0.002804021281002678,0.9999999997308028,0.9919828214548645,0.985528170439441,0.985528170439441,0.9855281704398653,,2.554460879238493e-09,0.9999999999687514,5.089429472856586e-10,,,,,1.0,,1.737442122043786e-10,1.0,0.25,6.317589721829378e-10,6.317589721829378e-10,0.0,2.209570201687737,0.6304403973733754,616,1.465972661122551,0.6776973965256252,1627,714.8849557795995,0.6253223502203357,1121.5,893.6531431119037,0.5187670451311321,1419,0.5943810304597339,0.7715092316736338,0.3524805091760961,5,1065.5,,,,,,,,,,,,,1.324106236557467e-15,0.03641360043847717,2.831835753636623e-20,0.797887774594662,0.24573080828157723,0.001546119119922927,0.44243124689411334,1.0,0.002804021281002678,0.9999999999999554,0.0008499884728381107,0.0007982210227354237,0.0007982210227354237,0.0007982210227295194,,0.0,1.995920630774289e-15,0.020163910573080975,4.732615008207866e-15,,,,,0.4782608695652174,,5.497227353632973e-18,1.0,0.7906976744186046,2.1168797638429046e-15,2.1168797638429046e-15,0.9302325581395349,0.5674759776447107,0.17675400427451537,639,1.5913893158591192,0.7724751811575342,1651,715.5920625607861,0.6656111857192588,1145.0,921.3877729257641,0.565282228373648,1429,1104.4,1082.5,563.6960149978129,300,0.520820561188399,0.7876173146100969,0.3991404127850916,6,1073.25
sym6,1.0,periodization,2.1832830420675213e-21,263.8562983270072,4964737.342421298,0.529126213592233,94.85858270399041,206,smoothed,3.643688394969531e-11,,6.1909570879756775,31688.237398438494,0.9843051676745889,0.00014966566451296202,1.0,362.40000000000214,,,,[],[],11,426.6000000001086,32.20000000007491,728.4000000002521,"[9, 31, 53, 64, 80, 102, 131, 148, 158, 175, 192]","[311.00000000015166, 417.8000000001158, 589.6000000001683, 432.2000000001015, 728.4000000002521, 371.0000000001098, 587.0000000000172, 32.20000000007491, 448.2000000000501, 368.00000000006673, 407.20000000008594]","[1, 1, 1, 60, 1, 94, 120, 144, 144, 165, 186]","[20, 40, 75, 75, 203, 120, 203, 149, 203, 186, 203]",30736475.840001315,728.4000000001688,-728.4000000001688,0.0,,,,DWT,mdp.39015067403892,1.3187527656555176e-06,,0.0,33.0,11.0,0.0,33.0,,1.688249540165998e-10,168.40000000010866,987.7999999988042,168.40000000010855,,0.0,168.40000000010866,,,28.00000000007492,0.0,33.0,2.5215740606654435e-10,1.688249540165998e-10,,2.1600499167107046e-12,7.999789331608745e-11,6.38959060539074e-21,0.767273448302275,0.08167166495665565,0.0635418794832852,0.11027684467067218,0.026847626163039425,,0.999999730033133,4.518946857620574e-09,4.518946857620574e-09,3.791635600389565e-09,,2.3278060770039025e-11,0.9999999954810317,1.6825688732740958e-10,,,,,,2.8131302822203534e-11,1.0,1.0,2.595336816327406e-10,2.595336816327406e-10,0.9999999208129611,0.3759218754180039,33,0.5878206295588193,0.2984176432276467,931,0,0.33333331159020224,0.47426772583457055,33,0.0,0.14994449480798933,0.2645426709195681,931,518.4605417322839,0.4565403126495976,482.0,63.74066390041493,0.4756496112514235,947,sym,1.0,1.0,0.0,7,712.0,4.6020287164423186e-11,0.9999999999688429,1.5450348521236694e-21,0.7597667666942314,0.7424498557643628,0.00016645510430240767,0.09049565661727149,0.0002614934985443523,,2.0315813250404435e-05,4.867123370999593e-11,4.867123370999593e-11,4.083772209284575e-11,,2.3278060770039025e-11,0.0031261328399949107,1.6825688732740958e-10,,,,,0.0,,1.3052939541670209e-11,1.0,1.0,2.1144062963526312e-10,2.1144062963526312e-10,1.0,0.4015691613922968,0.1145767722101236,984,1.1634710755016568,0.537855404613461,1790,569.9280656363574,0.7012955630836701,1387.0,1269.9062725306414,0.4871781798646862,1593,0.7763846615972358,0.5622554397616224,0.28785410495344815,6,1196.25,,,,,,,,,,,,,3.089976051996295e-16,0.9999999999699728,1.5450348521236694e-21,0.8257443793422751,0.2295178431671807,0.0013003522973437714,0.06846164253822229,1.0,0.0002614934985443523,,9.96075115987082e-05,3.94208320500522e-14,3.94208320500522e-14,3.307608093666703e-14,,0.0,1.818824555621654e-17,0.004567040150612935,1.5646057666127657e-15,,,,,0.13043478260869565,,4.1299203802760447e-19,1.0,1.0,7.084891704545218e-16,7.084891704545218e-16,1.0,0.4544873153722991,0.14156097535167111,1284,1.338344979743326,0.6496451059308386,1762,337.9970414071697,0.8420574572863693,1523.0,1485.4944189100459,0.5651876071478575,1430,1409.1368421052632,1454.5,398.32527672708756,380,0.6645304607900322,0.5565550872278735,0.3678621512786154,7,1074.25
db24,1.0,zero,8.143771090252286e-27,320.3635368908647,5902612.570921283,0.5674603174603174,191.43417807700766,206,raw,6.17585809892456e-14,-2.051876446529405e-10,6.396254632396996,69525.6724930713,0.8226594347929139,5.618943883690066e-06,1.0,327.0,,,,[],[],13,661.1538461538462,87.00000000000014,939.9999999999999,"[8, 32, 51, 63, 81, 100, 111, 133, 152, 162, 175, 192, 204]","[878.0, 638.0000000000002, 787.0, 792.0, 939.9999999999999, 788.0, 636.9999999999999, 674.9999999999999, 770.9999999999998, 196.0000000000001, 834.0000000000002, 571.9999999999999, 87.00000000000014]","[0, 13, 42, 42, 76, 99, 107, 107, 107, 161, 99, 187, 203]","[76, 42, 61, 76, 205, 164, 119, 142, 164, 164, 205, 205, 205]",37754613.0,941.0,-941.0,0.0,,,,DWT,mdp.39015067403892,0.0,,0.0,33.0,19.0,0.0,28.5,,0.0,256.3413461538462,4359.0,256.34134615384613,,0.0,256.3413461538462,,,84.00000000000014,0.0,24.0,1.1368683772161603e-13,0.0,,0.0,5.968519404206159e-14,4.966194196302754e-27,0.9682912696072844,0.8133698586818511,0.00018754708708671266,0.07738095238095216,0.0009542353467722125,0.9999999997235367,0.4742280246117654,6.6959667625959335e-09,6.6959667625959335e-09,6.0819563246244724e-09,,0.0,0.9999999933040264,1.3612963731558036e-13,,,,,,0.0,1.0,0.5,0.0,0.0,0.7922684098777779,0.25901821374927736,531,1.4190875396293618,0.6815925510304937,771,0,0.24785233644915144,0.2961384271997593,533,0.0,0.35752298285344286,0.6493856885533125,802,147.4819197958403,0.845406792666834,659.25,634.5870804902369,0.5771845284088888,607,db,0.540986235965534,0.9305070477545101,0.3421575204977732,3,456.0,5.968519404206159e-14,0.0001547883299646835,4.9661941963027536e-27,0.9682912696072844,0.8133698586818512,0.0012208327126009232,0.3065789473684211,0.0033176784787295652,0.9999999997235366,0.9919828214562042,0.9855281704452468,0.9855281704452468,0.9855281704451341,,0.0,0.9999999999667601,7.585973278963461e-14,,,,,1.0,,0.0,1.0,0.5,0.0,0.0,0.0,2.2345701998209675,0.6375734627746958,535,1.5122751941888788,0.69910237012695,1553,719.8347032479054,0.6227281429518315,1044.0,795.8381226053639,0.5377791658155384,1285,0.49117026184683504,0.8233619396015222,0.4091722348267588,4,964.75,,,,,,,,,,,,,4.0074895575900697e-19,0.03641360043841643,4.9661941963027536e-27,0.9769997497064931,0.25144175625121556,0.0015469101463872024,0.23193265941202626,1.0,0.0033176784787295652,0.9999999999999541,0.0008499884728391241,0.0007982210227401261,0.0007982210227401261,0.0007982210227337869,,0.0,0.0,0.020163910573049823,7.054128794466933e-19,,,,,0.4782608695652174,,0.0,1.0,0.8604651162790697,0.0,0.0,0.9302325581395349,0.5744527218307418,0.17892707859001003,306,1.6177183983105063,0.7852555627609931,1595,911.4606409494597,0.5740838126404394,950.5,513.4876380852182,0.5649624670678832,1431,1009.0473684210526,935.5,610.6543869996938,760,0.4758535102197843,0.8532293215616218,0.41093374637766444,5,1074.5
sym2,1.0,constant,1.8321709091259977e-20,256.84213263642613,6009151.850217774,0.6153846153846154,287.2158740041654,206,raw,1.0547588261268625e-10,-6.785438887112045e-11,6.283046294545553,63506.10082214521,0.7810176859823614,5.618943883695873e-06,0.9999999999999998,327.0000000002138,,,,[],[],13,661.1538461535376,86.99999999994982,939.9999999995771,"[8, 32, 51, 63, 81, 100, 111, 133, 152, 162, 175, 192, 204]","[877.999999999816, 637.9999999995182, 786.9999999995146, 791.999999999663, 939.9999999995771, 787.9999999996799, 636.9999999996461, 674.9999999998039, 770.9999999996909, 195.99999999975142, 833.9999999995441, 571.9999999998348, 86.99999999994982]","[0, 13, 39, 39, 76, 99, 107, 107, 107, 161, 99, 187, 203]","[76, 39, 61, 76, 205, 164, 119, 142, 164, 164, 205, 205, 205]",37754612.999989934,940.9999999997748,-940.9999999997748,0.0,,,,DWT,mdp.39015067403892,1.0065734386444092e-05,,0.0,33.0,19.0,0.0,28.5,,2.2521362552652135e-10,256.34134615353764,4359.000000004011,256.34134615356413,,0.0,256.34134615353764,,,83.99999999994982,0.0,19.5,4.2291503632441163e-10,2.2521362552652135e-10,,2.1378809833549894e-10,1.332522597231551e-10,1.2965653747765656e-20,0.7338829073666281,0.7742620570111624,0.00030744453255397665,0.43681318681318704,0.00046687278375078575,0.9999999997256065,0.47422802455330937,6.45703575122732e-09,6.45703575122732e-09,5.86358183160171e-09,,1.0753734922958374e-08,0.9999999935429439,5.064022508139589e-10,,,,,,9.9630063959302e-11,1.0,0.0,2.820632237760648e-10,2.820632237760648e-10,0.7422684155634697,0.24267159554098094,643,1.4025265189608285,0.673638236719424,796,0,0.20618567073315003,0.24635434596586608,643,0.0,0.3682165585457676,0.6688089294276031,761,79.52515325354614,0.9166403005728028,710.75,704.130919168441,0.5858096681061079,575,sym,0.8243425715244881,0.7368036147090654,0.2019191155201387,6,432.75,1.3325225972315515e-10,0.0001547883300050401,1.2965653747765656e-20,0.733882907366628,0.7742620570111625,0.0013406062465220006,0.5767206477732796,0.002831468869599841,0.9999999997256064,0.9919828214553128,0.985528170441789,0.985528170441789,0.9855281704419738,,2.3039154356872834e-09,0.9999999999679462,2.8219820597744075e-10,,,,,1.0,,9.9630063959302e-11,1.0,0.25,2.820632237760648e-10,2.820632237760648e-10,0.0,2.2095702012739293,0.6304403972553067,642,1.4599983591351906,0.6749355654149469,1636,702.8641404994282,0.631622567872417,1139.0,922.1352063213345,0.5173312000787662,1432,0.7763846615972358,0.5622554397616224,0.28785410495344815,6,1075.5,,,,,,,,,,,,,8.947060455051824e-16,0.03641360043845528,1.2965653747765656e-20,0.806969258556185,0.23935213400834301,0.0015749182382354034,0.43629986574107826,0.9999999999999998,0.002831468869599841,0.9999999999999545,0.0008499884728384498,0.0007982210227373255,0.0007982210227373255,0.0007982210227312273,,0.0,1.8001576720244846e-15,0.020163910573068378,2.6241359115416993e-15,,,,,0.4782608695652174,,3.1522725614423376e-18,1.0,0.7906976744186046,9.451293243571767e-16,9.451293243571767e-16,0.9302325581395349,0.5674759776447045,0.17675400427451343,649,1.59122169523279,0.7723938165458712,1654,710.6423150924803,0.6679241518259438,1151.5,932.215371254885,0.5649200198382056,1432,1409.1368421052632,1454.5,398.32527672708756,380,0.6645304607900322,0.5565550872278735,0.3678621512786154,7,1075.75
sym2,1.0,zero,1.83231614658604e-20,256.84178838181947,6009087.898825168,0.6153846153846154,287.2158740041654,206,raw,1.0547581362795461e-10,-5.3512305794403203e-11,6.282919077848129,63654.66286055272,0.7816472772852062,5.618943883695874e-06,0.9999999999999997,327.0000000002138,,,,[],[],13,661.1538461535382,86.99999999994982,939.9999999995771,"[8, 32, 51, 63, 81, 100, 111, 133, 152, 162, 175, 192, 204]","[877.9999999998233, 637.9999999995182, 786.9999999995146, 791.999999999663, 939.9999999995771, 787.9999999996799, 636.9999999996461, 674.9999999998039, 770.9999999996909, 195.99999999975142, 833.9999999995441, 571.9999999998348, 86.99999999994982]","[0, 13, 39, 39, 76, 99, 107, 107, 107, 161, 99, 187, 203]","[76, 39, 61, 76, 205, 164, 119, 142, 164, 164, 205, 205, 205]",37754612.999989934,940.9999999997748,-940.9999999997748,0.0,,,,DWT,mdp.39015067403892,1.0065734386444092e-05,,0.0,33.0,19.0,0.0,28.5,,2.2521362552652135e-10,256.3413461535382,4359.000000004004,256.3413461535647,,0.0,256.3413461535382,,,83.99999999994982,0.0,19.5,4.2291503632441163e-10,2.2521362552652135e-10,,2.1378809833549894e-10,1.332521725597499e-10,1.296668154420346e-20,0.7338816369891941,0.774218110023984,0.00030737256277289543,0.43681318681318704,0.0004789008116178973,0.9999999997258227,0.47422802455330937,6.457475933635884e-09,6.457475933635884e-09,5.8640220140105445e-09,,1.0753734922958374e-08,0.9999999935425105,5.064022508139589e-10,,,,,,9.9630063959302e-11,1.0,0.0,2.820632237760648e-10,2.820632237760648e-10,0.7422684155636491,0.2426715955410396,642,1.4025085584671215,0.6736296102334732,797,0,0.20618567073322397,0.24635434596595443,642,0.0,0.36821240088247886,0.6688013776696266,762,80.66132902450839,0.9154493406451694,710.75,703.9395749774544,0.5852141881422912,579,sym,0.8243425715244881,0.7368036147090654,0.2019191155201387,6,435.75,1.332521725597499e-10,0.0001547883300050401,1.296668154420346e-20,0.7338816369891941,0.7742181100239841,0.001340534351120209,0.5767206477732796,0.002843468442754607,0.9999999997258225,0.9919828214553128,0.9855281704417953,0.9855281704417953,0.9855281704419802,,2.3039154356872834e-09,0.999999999967944,2.8219820597744075e-10,,,,,1.0,,9.9630063959302e-11,1.0,0.25,2.820632237760648e-10,2.820632237760648e-10,0.0,2.2095702012739338,0.630440397255308,641,1.4599803872967885,0.6749272573008743,1637,704.2783540618013,0.6308813657957015,1139.0,921.2616330114134,0.5169605990404085,1436,0.7763846615972358,0.5622554397616224,0.28785410495344815,6,1078.5,,,,,,,,,,,,,8.947054602571291e-16,0.03641360043845529,1.296668154420346e-20,0.8069683370749844,0.23933854842053184,0.001574901426065378,0.43629986574107826,0.9999999999999997,0.002843468442754607,0.9999999999999545,0.0008499884728384498,0.0007982210227373307,0.0007982210227373307,0.0007982210227312324,,0.0,1.8001576720244846e-15,0.020163910573068343,2.6241359115416993e-15,,,,,0.4782608695652174,,3.1522725614423376e-18,1.0,0.7906976744186046,9.451293243571767e-16,9.451293243571767e-16,0.9302325581395349,0.5674759776447045,0.17675400427451343,653,1.5912191409733407,0.7723925766845683,1655,708.5209947489207,0.6689154230145231,1154.0,936.494800693241,0.5648315432829625,1433,1409.1368421052632,1454.5,398.32527672708756,380,0.6645304607900322,0.5565550872278735,0.3678621512786154,7,1076.5
sym6,1.0,symmetric,2.2384174720149955e-21,263.7479878719,5022559.752340753,0.5277777777777778,89.86529274990768,206,smoothed,3.671158738386103e-11,,6.231081024202635,33270.92347682755,0.9818615267906148,0.0001496656645129654,1.0,362.40000000000214,,,,[],[],11,426.6000000001053,32.20000000007499,728.4000000002161,"[9, 31, 53, 64, 80, 102, 131, 148, 158, 175, 192]","[311.000000000152, 417.800000000116, 589.6000000001685, 432.2000000001012, 728.4000000002161, 371.0000000001097, 587.0000000000173, 32.20000000007499, 448.20000000005007, 368.0000000000667, 407.20000000008605]","[1, 1, 1, 60, 1, 94, 120, 144, 144, 165, 186]","[20, 40, 75, 75, 203, 120, 203, 149, 203, 186, 203]",30736475.84000132,728.4000000001687,-728.4000000001687,0.0,,,,DWT,mdp.39015067403892,1.3224780559539795e-06,,0.0,33.0,11.0,0.0,33.0,,1.687112671788782e-10,168.40000000010536,987.7999999988406,168.40000000010534,,0.0,168.40000000010536,,,28.000000000075005,0.0,33.0,2.1611867850879207e-10,1.687112671788782e-10,,2.1600499167107046e-12,8.060137828258801e-11,6.550947008942457e-21,0.7668619321630171,0.13954659354402119,0.08835664847285629,0.10101446147204873,0.039972578248009795,,0.9999997301074767,4.515516423117904e-09,4.515516423117904e-09,3.788293884018154e-09,,2.3278060770039025e-11,0.9999999954844728,1.442093520330954e-10,,,,,,2.8210769779328405e-11,1.0,1.0,2.59358911476759e-10,2.59358911476759e-10,0.99999992082187,0.37592187542135297,32,0.6304635962184528,0.32006610701217536,886,0,0.3333333115938077,0.4742677258397004,32,0.0,0.16225031628293635,0.28625347053919115,892,494.7952438467182,0.4813467045631884,460.5,61.7763056329083,0.4993211510237326,908,sym,1.0,1.0,0.0,7,682.75,4.6367379719283474e-11,0.9999999999688665,1.5840516255400636e-21,0.7593670765945995,0.756310662927439,0.0002314601843218891,0.08289473684210552,0.0003893293682068542,,2.0315813251958748e-05,4.8634263283275914e-11,4.8634263283275914e-11,4.0801750866847897e-11,,2.3278060770039025e-11,0.00312613284000568,1.442093520330954e-10,,,,,0.0,,1.30898122522399e-11,1.0,1.0,2.1129824537288247e-10,2.1129824537288247e-10,1.0,0.40156916138020743,0.11457677220667423,989,1.167204934001335,0.5395815119627546,1779,558.6143571373725,0.7072251796973938,1384.0,1271.2651734104045,0.49092915169356066,1581,0.7763846615972358,0.5622554397616224,0.28785410495344815,6,1187.25,,,,,,,,,,,,,3.1132811582532937e-16,0.9999999999699954,1.5840516255400636e-21,0.825454460060818,0.23380271512173212,0.0013155532202203143,0.06271140576376699,1.0,0.0003893293682068551,,9.960751159870929e-05,3.93909080700916e-14,3.93909080700916e-14,3.304691589822717e-14,,0.0,1.818824555621654e-17,0.004567040150613103,1.340989883828164e-15,,,,,0.13043478260869565,,4.1415868220282374e-19,1.0,1.0,7.080120733700406e-16,7.080120733700406e-16,1.0,0.454487315372299,0.1415609753516711,1288,1.3380721042512551,0.6495126496279903,1764,336.5828278447966,0.8427183047454221,1526.0,1488.880733944954,0.5648170962979446,1434,1409.1368421052632,1454.5,398.32527672708756,380,0.6645304607900322,0.5565550872278735,0.3678621512786154,7,1077.25
sym6,1.0,periodic,2.1839630431031824e-21,263.8549458925709,4989171.856112003,0.5277777777777778,89.86529274990768,206,smoothed,3.644395249442187e-11,,6.232335425847423,33055.80132993074,0.9807706856320075,0.00014966566451296202,1.0,362.40000000000214,,,,[],[],11,426.6000000001086,32.20000000007499,728.400000000252,"[9, 31, 53, 64, 80, 102, 131, 148, 158, 175, 192]","[311.000000000152, 417.800000000116, 589.6000000001685, 432.2000000001012, 728.400000000252, 371.0000000001097, 587.0000000000173, 32.20000000007499, 448.20000000005007, 368.0000000000667, 407.20000000008605]","[1, 1, 1, 60, 1, 94, 120, 144, 144, 165, 186]","[20, 40, 75, 75, 203, 120, 203, 149, 203, 186, 203]",30736475.840001315,728.4000000001687,-728.4000000001687,0.0,,,,DWT,mdp.39015067403892,1.3187527656555176e-06,,0.0,33.0,11.0,0.0,33.0,,1.687112671788782e-10,168.40000000010866,987.7999999988042,168.4000000001086,,0.0,168.40000000010866,,,28.000000000075005,0.0,33.0,2.5204371922882274e-10,1.687112671788782e-10,,2.1600499167107046e-12,8.001342191874389e-11,6.3915806961857344e-21,0.7672683098454448,0.1413559475715356,0.07402807010474113,0.10101446147204873,0.038188606107867874,,0.9999997301074767,4.518946857620574e-09,4.518946857620574e-09,3.791694745812067e-09,,2.3278060770039025e-11,0.9999999954810317,1.6818102759461993e-10,,,,,,2.8131302822203534e-11,1.0,1.0,2.59358911476759e-10,2.59358911476759e-10,0.999999920835174,0.37592187542635425,28,0.6237342218013759,0.3166498198780411,894,0,0.3333333115963671,0.4742677258433419,28,0.0,0.16026505645452166,0.2827509348965811,899,501.43286356866025,0.474389031898679,462.25,54.30393529019991,0.4949251239157965,913,sym,1.0,1.0,0.0,7,686.5,4.60292183933164e-11,0.9999999999688429,1.545516065883503e-21,0.7597617759049854,0.75674399576909,0.00019392486075001992,0.08289473684210552,0.0003719536377270556,,2.0315813251958748e-05,4.867123370999593e-11,4.867123370999593e-11,4.083838822666053e-11,,2.3278060770039025e-11,0.0031261328399949107,1.6818102759461993e-10,,,,,0.0,,1.3052939541670209e-11,1.0,1.0,2.1129824537288247e-10,2.1129824537288247e-10,1.0,0.4015691613922026,0.11457677221009673,985,1.167632702054306,0.5397792627827415,1778,560.7356774809322,0.7061133765823207,1381.5,1267.7017734346723,0.49102838640436786,1579,0.7763846615972358,0.5622554397616224,0.28785410495344815,6,1185.75,,,,,,,,,,,,,3.090575728467159e-16,0.9999999999699728,1.545516065883503e-21,0.8257407592225037,0.23393667382401626,0.0013067758822247135,0.06271140576376699,1.0,0.000371953637727056,,9.960751159870929e-05,3.94208320500522e-14,3.94208320500522e-14,3.307662303775327e-14,,0.0,1.818824555621654e-17,0.004567040150612935,1.5639003537333191e-15,,,,,0.13043478260869565,,4.1299203802760447e-19,1.0,1.0,7.080120733700406e-16,7.080120733700406e-16,1.0,0.4544873153722991,0.14156097535167111,1282,1.3382995241382123,0.6496230413571702,1763,340.1183617507294,0.84106618609779,1522.5,1484.5096880131362,0.5648087939834745,1435,1409.1368421052632,1454.5,398.32527672708756,380,0.6645304607900322,0.5565550872278735,0.3678621512786154,7,1078.0
db17,1.0,reflect,7.394724684213715e-27,318.5581786499366,5553444.539803502,0.5336134453781513,111.83875232542842,206,smoothed,6.166803852898492e-14,-1.9719745836255284e-10,6.435233492694294,30627.187820002924,0.9825120777095611,0.00014966566451320282,1.0,362.39999999999986,,,,[],[],11,426.59999999999997,32.200000000000045,728.3999999999999,"[9, 31, 53, 64, 80, 102, 131, 148, 158, 175, 192]","[310.9999999999999, 417.7999999999998, 589.5999999999999, 432.1999999999998, 728.3999999999999, 371.0000000000001, 587.0000000000001, 32.200000000000045, 448.20000000000005, 368.00000000000006, 407.19999999999993]","[1, 1, 1, 60, 1, 94, 120, 144, 144, 165, 186]","[20, 40, 75, 75, 204, 120, 204, 149, 204, 186, 204]",30736475.839999996,728.3999999999999,-728.3999999999999,0.0,,,,DWT,mdp.39015067403892,0.0,,0.0,15.0,11.0,0.0,33.0,,1.1368683772161603e-13,168.40000000000003,987.7999999999993,168.39999999999998,,0.0,168.40000000000003,,,28.000000000000057,0.0,33.0,1.1368683772161603e-13,1.1368683772161603e-13,,1.1368683772161603e-13,8.663912201698242e-14,1.6853510069146832e-26,0.9751084775093799,0.43401694331371554,0.3161884420510978,0.14109956523079792,0.01804851870458516,,0.9999996647593375,4.4059199552998455e-09,4.4059199552998455e-09,3.67866784340914e-09,,1.2251610931599486e-12,0.9999999955940747,7.585973278963461e-14,,,,,,0.0,0.0,1.0,1.7477015598164352e-13,1.7477015598164352e-13,0.8999999009727114,0.33832967744100484,386,1.023827012762214,0.5197640723337857,194,0,0.2499999727371309,0.35570077878837714,388,0.0,0.2692088495442376,0.47495727125436416,209,107.27651187468764,0.8875508261271619,294.25,264.77228568649264,0.7895563354954468,165,db,0.573477938514061,0.8443824841957417,0.34525069778143475,3,124.5,5.957079207271359e-14,0.9999999999705143,4.436119360476686e-27,0.9616290889851669,0.8268350995535664,0.0008282912077644156,0.11578947368421069,0.00017579097201906408,0.9999999997236569,2.0315811924354055e-05,4.745387416349445e-11,4.745387416349445e-11,3.962102868015904e-11,,1.2251610931599486e-12,0.0031261328403482946,7.585973278963461e-14,,,,,0.0,,0.0,0.0,1.0,1.4238426238064856e-13,1.4238426238064856e-13,1.0,0.3015691612048176,0.08604450842082328,1409,1.7371952545148923,0.8030795747172499,375,731.1484117468901,0.6167985263381079,892.0,592.3486547085201,0.5746466426239806,1009,0.49117026184683504,0.8233619396015222,0.4091722348267588,4,757.75,,,,,,,,,,,,,3.9998081768910856e-19,0.9999999999715837,4.436119360476686e-27,0.9721672691905132,0.2556043444968836,0.001455117425894072,0.08759688424145212,1.0,0.00017579097201906408,0.9999999999999541,9.960751159770499e-05,3.8434858594393884e-14,3.8434858594393884e-14,3.2090649582094954e-14,,0.0,9.572760819061336e-19,0.004567040150618464,7.054128794466933e-19,,,,,0.13043478260869565,,0.0,0.7209302325581395,1.0,4.770970844811595e-19,4.770970844811595e-19,1.0,0.42658033862811345,0.13286867808967343,1594,1.846939162552542,0.8965214545313825,296,917.8246019801387,0.5711099990747015,945.0,499.2846560846561,0.5647606070139862,1436,1009.0473684210526,935.5,610.6543869996938,760,0.4758535102197843,0.8532293215616218,0.41093374637766444,5,1078.25
bior4.4,1.0,zero,4.001776417011565e-20,253.44926426315098,5899748.577812029,0.616822429906542,277.37514828619106,206,raw,1.56090415673677e-10,3.083685527111498e-10,6.341961463144588,63499.32632245889,0.7692392039627406,5.618943883699146e-06,1.0,327.00000000023704,,,,[],[],13,661.153846153329,86.99999999992451,939.9999999992373,"[8, 32, 51, 63, 81, 100, 111, 133, 152, 162, 175, 192, 204]","[877.9999999995666, 637.9999999993772, 786.9999999993615, 791.9999999993106, 939.9999999992373, 787.9999999993793, 636.9999999994692, 674.9999999997368, 770.9999999993579, 195.99999999973352, 833.9999999992729, 571.9999999995513, 86.99999999992451]","[0, 13, 39, 39, 76, 99, 107, 107, 107, 161, 99, 187, 203]","[76, 39, 61, 76, 205, 164, 119, 142, 164, 164, 205, 205, 205]",37754612.99998243,940.9999999994956,-940.9999999994956,0.0,,,,DWT,mdp.39015067403892,1.7568469047546387e-05,,0.0,33.0,19.0,0.0,28.5,,5.044284989708103e-10,256.341346153329,4359.000000006723,256.3413461533768,,0.0,256.341346153329,,,83.99999999992451,0.0,19.5,7.627249942743219e-10,5.044284989708103e-10,,2.370370566495694e-10,1.9720460035025337e-10,2.831921894917927e-20,0.7213624549614536,0.7946142923031398,0.00018432399922744717,0.4475967957276365,0.000466324299953133,0.999999999731277,0.474228024523908,6.295488807284282e-09,6.295488807284282e-09,5.718497709649882e-09,,1.1923178577170013e-08,0.9999999937044977,9.132937367502286e-10,,,,,,1.7389170304665737e-10,1.0,0.0,6.317589721829378e-10,6.317589721829378e-10,0.7422684164601495,0.24267159583413464,624,1.4094420290907639,0.676959779654239,787,0,0.20618567090098022,0.24635434616639262,624,0.0,0.3705280239024865,0.6730073518905733,746,83.95782671476594,0.9119938923325305,695.25,687.7273056641744,0.5916101537134351,564,bior,0.672619891330026,0.76736776154697,0.2989557476048908,5,424.25,1.9720460035025334e-10,0.00015478833002774417,2.831921894917928e-20,0.7213624549614535,0.79461429230314,0.0012176129557367307,0.5848253812100342,0.0028309216833506197,0.9999999997312768,0.9919828214548645,0.9855281704394512,0.9855281704394512,0.9855281704398742,,2.554460879238493e-09,0.9999999999687482,5.089429472856586e-10,,,,,1.0,,1.7389170304665737e-10,1.0,0.25,6.317589721829378e-10,6.317589721829378e-10,0.0,2.2095702016878183,0.6304403973733985,615,1.4658423832143448,0.6776371709828456,1628,716.2991693419726,0.6245811481436202,1121.5,892.7507802050825,0.5183964440927744,1425,0.5943810304597339,0.7715092316736338,0.3524805091760961,5,1070.0,,,,,,,,,,,,,1.324106236557467e-15,0.036413600438477176,2.831921894917928e-20,0.7978874209821044,0.24564373890472566,0.001546157231757159,0.44243124689411334,1.0,0.0028309216833506197,0.9999999999999555,0.0008499884728381107,0.0007982210227354319,0.0007982210227354319,0.0007982210227295266,,0.0,1.995920630774289e-15,0.020163910573080923,4.732615008207866e-15,,,,,0.4782608695652174,,5.50189393033385e-18,1.0,0.7906976744186046,2.1168797638429046e-15,2.1168797638429046e-15,0.9302325581395349,0.5674759776447107,0.17675400427451537,638,1.5913563482200153,0.7724591783587624,1653,717.7133829043457,0.6646199145306796,1145.5,920.6582278481013,0.5646697703494519,1437,1104.4,1082.5,563.6960149978129,300,0.520820561188399,0.7876173146100969,0.3991404127850916,6,1079.25
rbio4.4,1.0,zero,8.562251602752228e-21,257.9215188876646,5011441.783319828,0.5420560747663551,88.18521434373623,206,smoothed,7.575501391236737e-11,6.055942192128171e-10,6.18372825714379,35914.454764887596,0.9841644369842084,0.00014966566451344587,1.0,362.39999999998673,,,,[],[],11,426.5999999997524,32.19999999993479,728.3999999995983,"[9, 31, 53, 64, 80, 102, 131, 148, 158, 175, 192]","[310.99999999972204, 417.7999999997863, 589.5999999997192, 432.19999999956804, 728.3999999995983, 370.9999999997033, 586.9999999999089, 32.19999999993479, 448.1999999998187, 367.9999999997578, 407.199999999759]","[0, 0, 0, 60, 0, 94, 120, 144, 144, 165, 186]","[20, 40, 75, 75, 205, 120, 205, 149, 205, 186, 205]",30736475.839994766,728.3999999996884,-728.3999999996884,0.0,,,,DWT,mdp.39015067403892,5.230307579040527e-06,,0.0,15.0,11.0,0.0,33.0,,3.1161562219494954e-10,168.39999999975248,987.8000000027223,168.39999999978892,,0.0,168.39999999975248,,,27.9999999999348,0.0,15.0,4.0165559767046943e-10,3.1161562219494954e-10,,1.3244516594568267e-11,1.6637431746036524e-10,2.5058277781482672e-20,0.7447247708010288,0.07124477000300103,0.08358531788888791,0.19909184618270787,0.06189494299530311,,0.9999996078616024,4.148341640487302e-09,4.148341640487302e-09,3.459060889656095e-09,,1.4273126735313402e-10,0.9999999958516477,2.6801243594577906e-10,,,,,,1.1157160780331571e-10,0.0,0.0,4.790449975456849e-10,4.790449975456849e-10,0.7999998842638035,0.3007374806411457,928,0.6286446221476785,0.3191426723315993,892,0,0.1666666347457833,0.23713383296824705,927,0.0,0.16579166400532902,0.29250136637782365,880,24.45914961727002,0.9743614783886059,906.75,906.2537729026892,0.5119448901376992,867,rbio,0.7685897546424816,0.816051598246696,0.21717169227625407,5,651.5,9.569942649706019e-11,0.9999999999722013,6.059215395926287e-21,0.7378660869947802,0.739952657343736,0.0002189611468921787,0.1633792424987702,0.0006028512572305847,0.9999999997357566,2.0315810768445353e-05,4.4679648869561106e-11,4.4679648869561106e-11,3.725580954849761e-11,,1.4273126735313402e-10,0.003126132841153484,2.6801243594577906e-10,,,,,0.0,,5.176928563984456e-11,0.0,0.0,3.902752631853577e-10,3.902752631853577e-10,1.0,0.2015691615891584,0.057512244794676176,1653,1.5783982988592553,0.7296700997127061,1379,193.74725804511402,0.8984553154899821,1516.0,1503.6193931398418,0.5519530246213014,1180,0.3888041033402703,1.0,0.4278371276618108,3,885.75,,,,,,,,,,,,,6.425621270227507e-16,0.9999999999732094,6.059215395926287e-21,0.8098584984367114,0.2287458696917833,0.0013126304193570109,0.12359942693627127,1.0,0.0006028512572305847,0.9999999999999561,9.960751159683058e-05,3.6187958012134924e-14,3.6187958012134924e-14,3.017486434331307e-14,,0.0,1.115226635420646e-16,0.004567040150631062,2.4922237030851674e-15,,,,,0.13043478260869565,,1.6379684220077873e-18,0.7209302325581395,0.7209302325581395,1.307723108562858e-15,1.307723108562858e-15,1.0,0.3986733618839333,0.12417638082767743,1711,1.750625260386943,0.8497697902579582,970,523.9661248592317,0.7551560164209198,1340.5,1238.0977247295787,0.5643770736310206,1438,818.67,599.5,715.6978453131971,300,0.38607403914171184,1.0,0.42974817260080167,3,1079.25
sym2,1.0,constant,1.7864459400614454e-21,264.72749995766213,4954605.6495850105,0.5288461538461539,97.38420696526629,206,smoothed,3.2693588936418e-11,1.1954488510146278e-10,6.203617000794697,32502.657958575164,0.9779922879037423,0.000149665664513374,0.9999999999999993,362.39999999999554,,,,[],[],11,426.5999999998867,32.199999999946556,728.3999999997943,"[9, 31, 53, 64, 80, 102, 131, 148, 158, 175, 192]","[310.9999999998529, 417.799999999899, 589.5999999998551, 432.1999999998291, 728.3999999997943, 370.9999999998706, 586.9999999999744, 32.199999999946556, 448.1999999999313, 367.99999999990325, 407.19999999989716]","[0, 0, 0, 60, 0, 94, 120, 144, 144, 165, 186]","[20, 40, 75, 75, 205, 120, 205, 149, 205, 186, 205]",30736475.83999804,728.3999999998398,-728.3999999998398,0.0,,,,DWT,mdp.39015067403892,1.955777406692505e-06,,0.0,15.0,11.0,0.0,33.0,,1.6018475434975699e-10,168.39999999988675,987.8000000012453,168.39999999990542,,0.0,168.39999999988675,,,27.999999999946567,0.0,15.0,2.056594894384034e-10,1.6018475434975699e-10,,4.433786671143025e-12,7.17743985041275e-11,5.2282072803688175e-21,0.7705835030075892,0.09993237462827484,0.059193814130146495,0.10835311892941973,0.0336014802436216,,0.9999996181210371,4.288043128337412e-09,4.288043128337412e-09,3.5802794330756657e-09,,4.7781282633238e-11,0.9999999957119354,1.3723025661644903e-10,,,,,,4.1720152490556085e-11,0.0,0.0,2.4625114977813574e-10,2.4625114977813574e-10,0.7999998871510549,0.3007374817265267,917,0.598695035874513,0.3039382298505843,920,0,0.16666663555904765,0.2371338341253622,920,0.0,0.15309489871583232,0.2701008360614325,919,1.4142135623730951,0.9985175958465691,919.0,918.9983660121034,0.5176026134369114,837,sym,1.0,1.0,0.0,7,629.5,4.129056897323965e-11,0.9999999999717026,1.2642066417487687e-21,0.7629816979417399,0.7468232205632006,0.00015506485777907683,0.08891700404858327,0.000327275438499283,0.9999999997284309,2.0315810976834214e-05,4.618422311253312e-11,4.618422311253312e-11,3.856132080315433e-11,,4.7781282633238e-11,0.0031261328407167777,1.3723025661644903e-10,,,,,0.0,,1.9358173049087176e-11,0.0,0.0,2.0061942569433383e-10,2.0061942569433383e-10,1.0,0.20156916138536302,0.05751224473652874,1662,1.566975873165637,0.7243896818987443,1417,173.24116139070415,0.9092027456023564,1539.5,1529.7525170509905,0.5511684587550566,1188,0.7763846615972358,0.5622554397616224,0.28785410495344815,6,892.5,,,,,,,,,,,,,2.772404892754452e-16,0.9999999999727289,1.2642066417487687e-21,0.8280763624413554,0.23086980686980563,0.0012976887784481087,0.06726736259275856,0.9999999999999994,0.000327275438499283,0.9999999999999549,9.960751159698833e-05,3.740660125400863e-14,3.740660125400863e-14,3.123250356257268e-14,,0.0,3.7333767194339215e-17,0.004567040150624229,1.2760918989190683e-15,,,,,0.13043478260869565,,6.124881919900914e-19,0.7209302325581395,0.7209302325581395,6.722297920339537e-16,6.722297920339537e-16,1.0,0.39867336188393016,0.12417638082767644,1720,1.7399674204932438,0.8445963756066296,1021,494.26764004939673,0.7690338130610296,1370.5,1281.3717621306093,0.564306626156683,1439,1409.1368421052632,1454.5,398.32527672708756,380,0.6645304607900322,0.5565550872278735,0.3678621512786154,7,1081.0
bior4.4,1.0,smooth,8.564059646519632e-21,257.9206019086109,4916597.061186336,0.5420560747663551,81.47621099740415,206,smoothed,7.575944618137443e-11,6.057055301732658e-10,6.204628927514126,33654.01638274761,0.9861582492315843,0.00014966566451344587,1.0,362.3999999999867,,,,[],[],11,426.5999999997523,32.19999999993473,728.3999999995981,"[9, 31, 53, 64, 80, 102, 131, 148, 158, 175, 192]","[310.99999999972215, 417.79999999978634, 589.5999999997193, 432.1999999995678, 728.3999999995981, 370.99999999970333, 586.9999999999089, 32.19999999993473, 448.19999999981854, 367.99999999975773, 407.1999999997589]","[0, 0, 0, 60, 0, 94, 120, 144, 144, 165, 186]","[20, 40, 75, 75, 205, 120, 205, 149, 205, 186, 205]",30736475.839994766,728.3999999996881,-728.3999999996881,0.0,,,,DWT,mdp.39015067403892,5.230307579040527e-06,,0.0,15.0,11.0,0.0,33.0,,3.1184299587039277e-10,168.39999999975237,987.8000000027232,168.39999999978892,,0.0,168.39999999975237,,,27.999999999934744,0.0,15.0,4.0188297134591267e-10,3.1184299587039277e-10,,1.3301360013429075e-11,1.6638405453453533e-10,2.5063569201744935e-20,0.7447212868189922,0.10139198183857814,0.04288224320035268,0.19909184618270787,0.04314950392073118,,0.9999996078120399,4.148223349642382e-09,4.148223349642382e-09,3.459060889656095e-09,,1.4334384789971398e-10,0.9999999958517337,2.6816415541135835e-10,,,,,,1.1157160780331571e-10,0.0,0.0,4.793945378576481e-10,4.793945378576481e-10,0.7999998842494287,0.3007374806357419,931,0.6158664247021516,0.3126555921329107,900,0,0.16666663474176252,0.23713383296252627,930,0.0,0.16160526601824945,0.28511542729114686,893,19.841034919244173,0.9792022694766832,913.5,913.1764161600665,0.5108275498326813,874,bior,0.8100315533562081,0.7923003667562746,0.1952878026237719,6,657.0,9.570502674584543e-11,0.9999999999722013,6.060494887417665e-21,0.737862703134478,0.7471727904818107,0.00011233486202613142,0.1633792424987702,0.0004202723425961118,0.9999999997357583,2.0315810767446152e-05,4.4678316601931556e-11,4.4678316601931556e-11,3.725580954849761e-11,,1.4334384789971398e-10,0.0031261328411537614,2.6816415541135835e-10,,,,,0.0,,5.176928563984456e-11,0.0,0.0,3.90560031710119e-10,3.90560031710119e-10,1.0,0.20156916158965352,0.057512244794817445,1648,1.581879990403827,0.7312796340224761,1369,197.28279195104676,0.8966023102981935,1508.5,1495.5996022538948,0.5529919308304385,1167,0.5943810304597339,0.7715092316736338,0.3524805091760961,5,876.5,,,,,,,,,,,,,6.425997292101726e-16,0.9999999999732094,6.060494887417665e-21,0.8098560439192033,0.23097787145239337,0.0012876967075244076,0.12359942693627127,1.0,0.0004202723425961118,0.9999999999999561,9.960751159682982e-05,3.618687380996244e-14,3.618687380996244e-14,3.017486434331307e-14,,0.0,1.1200130158301764e-16,0.004567040150631066,2.4936345288440606e-15,,,,,0.13043478260869565,,1.6379684220077873e-18,0.7209302325581395,0.7209302325581395,1.3086773027318203e-15,1.3086773027318203e-15,1.0,0.3986733618839333,0.12417638082767743,1710,1.7516542901349732,0.8502692908723612,962,528.9158723275375,0.7528430503142348,1336.0,1231.3023952095807,0.564271992446837,1440,1104.4,1082.5,563.6960149978129,300,0.520820561188399,0.7876173146100969,0.3991404127850916,6,1081.5
sym2,1.0,antisymmetric,1.7864459400614454e-21,264.72749995766213,4954605.6495850105,0.5288461538461539,97.38420696526629,206,smoothed,3.2693588936418e-11,1.1954488510146278e-10,6.203617000794697,32502.657958575164,0.9779922879037423,0.000149665664513374,0.9999999999999993,362.39999999999554,,,,[],[],11,426.5999999998867,32.199999999946556,728.3999999997943,"[9, 31, 53, 64, 80, 102, 131, 148, 158, 175, 192]","[310.9999999998529, 417.799999999899, 589.5999999998551, 432.1999999998291, 728.3999999997943, 370.9999999998706, 586.9999999999744, 32.199999999946556, 448.1999999999313, 367.99999999990325, 407.19999999989716]","[0, 0, 0, 60, 0, 94, 120, 144, 144, 165, 186]","[20, 40, 75, 75, 205, 120, 205, 149, 205, 186, 205]",30736475.83999804,728.3999999998398,-728.3999999998398,0.0,,,,DWT,mdp.39015067403892,1.955777406692505e-06,,0.0,15.0,11.0,0.0,33.0,,1.6018475434975699e-10,168.39999999988675,987.8000000012453,168.39999999990542,,0.0,168.39999999988675,,,27.999999999946567,0.0,15.0,2.056594894384034e-10,1.6018475434975699e-10,,4.433786671143025e-12,7.17743985041275e-11,5.2282072803688175e-21,0.7705835030075892,0.09993237462827484,0.059193814130146495,0.10835311892941973,0.0336014802436216,,0.9999996181210371,4.288043128337412e-09,4.288043128337412e-09,3.5802794330756657e-09,,4.7781282633238e-11,0.9999999957119354,1.3723025661644903e-10,,,,,,4.1720152490556085e-11,0.0,0.0,2.4625114977813574e-10,2.4625114977813574e-10,0.7999998871510549,0.3007374817265267,918,0.598695035874513,0.3039382298505843,922,0,0.16666663555904765,0.2371338341253622,922,0.0,0.15309489871583232,0.2701008360614325,915,3.4034296427770228,0.9964324636868165,919.25,919.2405383318406,0.5164290201033663,849,sym,1.0,1.0,0.0,7,638.5,4.129056897323965e-11,0.9999999999717026,1.2642066417487687e-21,0.7629816979417399,0.7468232205632006,0.00015506485777907683,0.08891700404858327,0.000327275438499283,0.9999999997284309,2.0315810976834214e-05,4.618422311253312e-11,4.618422311253312e-11,3.856132080315433e-11,,4.7781282633238e-11,0.0031261328407167777,1.3723025661644903e-10,,,,,0.0,,1.9358173049087176e-11,0.0,0.0,2.0061942569433383e-10,2.0061942569433383e-10,1.0,0.20156916138536302,0.05751224473652874,1661,1.566975873165637,0.7243896818987443,1421,169.7056274847714,0.9110557507941449,1541.0,1531.6554185593773,0.5517018795899447,1183,0.7763846615972358,0.5622554397616224,0.28785410495344815,6,888.75,,,,,,,,,,,,,2.772404892754452e-16,0.9999999999727289,1.2642066417487687e-21,0.8280763624413554,0.23086980686980563,0.0012976887784481087,0.06726736259275856,0.9999999999999994,0.000327275438499283,0.9999999999999549,9.960751159698833e-05,3.740660125400863e-14,3.740660125400863e-14,3.123250356257268e-14,,0.0,3.7333767194339215e-17,0.004567040150624229,1.2760918989190683e-15,,,,,0.13043478260869565,,6.124881919900914e-19,0.7209302325581395,0.7209302325581395,6.722297920339537e-16,6.722297920339537e-16,1.0,0.39867336188393016,0.12417638082767644,1721,1.7399674204932438,0.8445963756066296,1022,494.26764004939673,0.7690338130610296,1371.5,1282.4367480860371,0.5640729812968699,1441,1409.1368421052632,1454.5,398.32527672708756,380,0.6645304607900322,0.5565550872278735,0.3678621512786154,7,1082.5
rbio5.5,1.0,antireflect,2.1475383901957508e-20,253.92798938063254,5242767.262401644,0.5370370370370371,79.15943156014296,206,smoothed,1.200607425450985e-10,,6.191987149959897,49923.656800067474,0.9904507135858704,0.00014966566451292325,0.9999999999999999,362.40000000002476,,,,[],[],11,426.60000000037456,32.20000000005214,728.4000000005102,"[9, 31, 53, 64, 80, 102, 131, 148, 158, 175, 192]","[311.00000000037573, 417.80000000033715, 589.6000000004158, 432.200000000701, 728.4000000005102, 371.00000000047, 587.0000000001749, 32.20000000005214, 448.20000000030427, 368.0000000003919, 407.20000000038704]","[1, 1, 1, 60, 1, 94, 120, 144, 144, 165, 186]","[20, 40, 75, 75, 203, 120, 203, 149, 203, 186, 203]",30736475.840008914,728.4000000004494,-728.4000000004494,0.0,,,,DWT,mdp.39015067403892,8.918344974517822e-06,,0.0,33.0,11.0,0.0,33.0,,4.4940406951354817e-10,168.40000000037463,987.7999999958784,168.40000000037458,,0.0,168.40000000037463,,,28.000000000052154,0.0,33.0,5.102265276946127e-10,4.4940406951354817e-10,,2.4783730623312294e-11,2.637077972579883e-10,6.284984628726567e-20,0.729551703315348,0.08315743054655353,0.18285977450204555,0.16461615943593128,0.17807092253482015,,0.9999997101833569,4.795688289310101e-09,4.795688289310101e-09,4.068436177702856e-09,,2.670851183088688e-10,0.9999999952042741,3.404584807598801e-10,,,,,,1.902438953569358e-10,1.0,1.0,6.908664265954368e-10,6.908664265954368e-10,0.9999999154303282,0.3759218733945543,34,0.7078144573809213,0.3593346534513456,785,0,0.33333331010224704,0.47426772371750303,34,0.0,0.1911794272283438,0.3372922518337401,683,406.284793381851,0.5741249545263616,384.0,64.97562870804529,0.5858046156279606,628,rbio,0.7685897546424816,0.816051598246696,0.21717169227625407,5,472.25,1.5168048327847655e-10,0.9999999999685738,1.5197402867783754e-20,0.7231290590230204,0.7428056905072088,0.0004790217583264825,0.13508771929824614,0.0017343949978994677,,2.0315812847171433e-05,5.165179395305586e-11,5.165179395305586e-11,4.3819003980871685e-11,,2.670851183088688e-10,0.003126132839129714,3.404584807598801e-10,,,,,0.0,,8.827326910383752e-11,1.0,1.0,5.628449891907037e-10,5.628449891907037e-10,1.0,0.40156916178060226,0.11457677232091594,976,1.1602486373011145,0.536365719275605,1796,579.827560572969,0.6961071485466619,1386.0,1264.7157287157288,0.48484602710351965,1602,0.3888041033402703,1.0,0.4278371276618108,3,1202.25,,,,,,,,,,,,,1.0184401049284314e-15,0.9999999999697136,1.5197402867783754e-20,0.7991688452170809,0.22962784443133055,0.0013734435326776115,0.10219636494836098,0.9999999999999999,0.0017343949978994677,,9.960751159840311e-05,4.183513344774292e-14,4.183513344774292e-14,3.5490707595009496e-14,,0.0,2.0868618585553715e-16,0.004567040150599399,3.1658930029567592e-15,,,,,0.13043478260869565,,2.792946155474817e-18,1.0,1.0,1.885964774954023e-15,1.885964774954023e-15,1.0,0.45448731537229575,0.1415609753516701,1295,1.336574255081671,0.6487855797041883,1768,334.46150750123695,0.8437095759340014,1531.5,1494.9787789748611,0.5640276851632624,1442,818.67,599.5,715.6978453131971,300,0.38607403914171184,1.0,0.42974817260080167,3,1082.25
rbio4.4,1.0,smooth,8.562251602752228e-21,257.9215188876646,5011441.783319828,0.5420560747663551,88.18521434373623,206,smoothed,7.575501391236737e-11,6.055942192128171e-10,6.18372825714379,35914.454764887596,0.9841644369842084,0.00014966566451344587,1.0,362.39999999998673,,,,[],[],11,426.5999999997524,32.19999999993479,728.3999999995983,"[9, 31, 53, 64, 80, 102, 131, 148, 158, 175, 192]","[310.99999999972204, 417.7999999997863, 589.5999999997192, 432.19999999956804, 728.3999999995983, 370.9999999997033, 586.9999999999089, 32.19999999993479, 448.1999999998187, 367.9999999997578, 407.199999999759]","[0, 0, 0, 60, 0, 94, 120, 144, 144, 165, 186]","[20, 40, 75, 75, 205, 120, 205, 149, 205, 186, 205]",30736475.839994766,728.3999999996884,-728.3999999996884,0.0,,,,DWT,mdp.39015067403892,5.230307579040527e-06,,0.0,15.0,11.0,0.0,33.0,,3.1161562219494954e-10,168.39999999975248,987.8000000027223,168.39999999978892,,0.0,168.39999999975248,,,27.9999999999348,0.0,15.0,4.0165559767046943e-10,3.1161562219494954e-10,,1.3244516594568267e-11,1.6637431746036524e-10,2.5058277781482672e-20,0.7447247708010288,0.07124477000300103,0.08358531788888791,0.19909184618270787,0.06189494299530311,,0.9999996078616024,4.148341640487302e-09,4.148341640487302e-09,3.459060889656095e-09,,1.4273126735313402e-10,0.9999999958516477,2.6801243594577906e-10,,,,,,1.1157160780331571e-10,0.0,0.0,4.790449975456849e-10,4.790449975456849e-10,0.7999998842638035,0.3007374806411457,926,0.6286446221476785,0.3191426723315993,890,0,0.1666666347457833,0.23713383296824705,926,0.0,0.16579166400532902,0.29250136637782365,881,23.66960075708925,0.9751890977389002,905.75,905.2853161004275,0.5128828088275214,863,rbio,0.7685897546424816,0.816051598246696,0.21717169227625407,5,648.5,9.569942649706019e-11,0.9999999999722013,6.059215395926287e-21,0.7378660869947802,0.739952657343736,0.0002189611468921787,0.1633792424987702,0.0006028512572305847,0.9999999997357566,2.0315810768445353e-05,4.4679648869561106e-11,4.4679648869561106e-11,3.725580954849761e-11,,1.4273126735313402e-10,0.003126132841153484,2.6801243594577906e-10,,,,,0.0,,5.176928563984456e-11,0.0,0.0,3.902752631853577e-10,3.902752631853577e-10,1.0,0.2015691615891584,0.057512244794676176,1652,1.5783982988592553,0.7296700997127061,1377,194.45436482630058,0.8980847144516244,1514.5,1502.0165070980522,0.5521608058631288,1179,0.3888041033402703,1.0,0.4278371276618108,3,885.0,,,,,,,,,,,,,6.425621270227507e-16,0.9999999999732094,6.059215395926287e-21,0.8098584984367114,0.2287458696917833,0.0013126304193570109,0.12359942693627127,1.0,0.0006028512572305847,0.9999999999999561,9.960751159683058e-05,3.6187958012134924e-14,3.6187958012134924e-14,3.017486434331307e-14,,0.0,1.115226635420646e-16,0.004567040150631062,2.4922237030851674e-15,,,,,0.13043478260869565,,1.6379684220077873e-18,0.7209302325581395,0.7209302325581395,1.307723108562858e-15,1.307723108562858e-15,1.0,0.3986733618839333,0.12417638082767743,1712,1.750625260386943,0.8497697902579582,968,526.0874452027914,0.7541647452323404,1340.0,1236.7283582089551,0.5639982604666376,1443,818.67,599.5,715.6978453131971,300,0.38607403914171184,1.0,0.42974817260080167,3,1083.0
sym2,1.0,zero,1.7864459400614454e-21,264.72749995766213,4954605.6495850105,0.5288461538461539,97.38420696526629,206,smoothed,3.2693588936418e-11,1.1954488510146278e-10,6.203617000794697,32502.657958575164,0.9779922879037423,0.000149665664513374,0.9999999999999993,362.39999999999554,,,,[],[],11,426.5999999998867,32.199999999946556,728.3999999997943,"[9, 31, 53, 64, 80, 102, 131, 148, 158, 175, 192]","[310.9999999998529, 417.799999999899, 589.5999999998551, 432.1999999998291, 728.3999999997943, 370.9999999998706, 586.9999999999744, 32.199999999946556, 448.1999999999313, 367.99999999990325, 407.19999999989716]","[0, 0, 0, 60, 0, 94, 120, 144, 144, 165, 186]","[20, 40, 75, 75, 205, 120, 205, 149, 205, 186, 205]",30736475.83999804,728.3999999998398,-728.3999999998398,0.0,,,,DWT,mdp.39015067403892,1.955777406692505e-06,,0.0,15.0,11.0,0.0,33.0,,1.6018475434975699e-10,168.39999999988675,987.8000000012453,168.39999999990542,,0.0,168.39999999988675,,,27.999999999946567,0.0,15.0,2.056594894384034e-10,1.6018475434975699e-10,,4.433786671143025e-12,7.17743985041275e-11,5.2282072803688175e-21,0.7705835030075892,0.09993237462827484,0.059193814130146495,0.10835311892941973,0.0336014802436216,,0.9999996181210371,4.288043128337412e-09,4.288043128337412e-09,3.5802794330756657e-09,,4.7781282633238e-11,0.9999999957119354,1.3723025661644903e-10,,,,,,4.1720152490556085e-11,0.0,0.0,2.4625114977813574e-10,2.4625114977813574e-10,0.7999998871510549,0.3007374817265267,919,0.598695035874513,0.3039382298505843,921,0,0.16666663555904765,0.2371338341253622,921,0.0,0.15309489871583232,0.2701008360614325,920,0.9574271077563381,0.9989964076438613,920.25,920.2492525879117,0.5171868830672137,843,sym,1.0,1.0,0.0,7,634.0,4.129056897323965e-11,0.9999999999717026,1.2642066417487687e-21,0.7629816979417399,0.7468232205632006,0.00015506485777907683,0.08891700404858327,0.000327275438499283,0.9999999997284309,2.0315810976834214e-05,4.618422311253312e-11,4.618422311253312e-11,3.856132080315433e-11,,4.7781282633238e-11,0.0031261328407167777,1.3723025661644903e-10,,,,,0.0,,1.9358173049087176e-11,0.0,0.0,2.0061942569433383e-10,2.0061942569433383e-10,1.0,0.20156916138536302,0.05751224473652874,1664,1.566975873165637,0.7243896818987443,1418,173.9482681718907,0.9088321445639986,1541.0,1531.1823491239454,0.5505900764748715,1194,0.7763846615972358,0.5622554397616224,0.28785410495344815,6,897.0,,,,,,,,,,,,,2.772404892754452e-16,0.9999999999727289,1.2642066417487687e-21,0.8280763624413554,0.23086980686980563,0.0012976887784481087,0.06726736259275856,0.9999999999999994,0.000327275438499283,0.9999999999999549,9.960751159698833e-05,3.740660125400863e-14,3.740660125400863e-14,3.123250356257268e-14,,0.0,3.7333767194339215e-17,0.004567040150624229,1.2760918989190683e-15,,,,,0.13043478260869565,,6.124881919900914e-19,0.7209302325581395,0.7209302325581395,6.722297920339537e-16,6.722297920339537e-16,1.0,0.39867336188393016,0.12417638082767644,1722,1.7399674204932438,0.8445963756066296,1023,494.26764004939673,0.7690338130610296,1372.5,1283.5016393442622,0.5638393364370569,1444,1409.1368421052632,1454.5,398.32527672708756,380,0.6645304607900322,0.5565550872278735,0.3678621512786154,7,1084.75
sym2,1.0,smooth,1.7864459400614454e-21,264.72749995766213,4954605.6495850105,0.5288461538461539,97.38420696526629,206,smoothed,3.2693588936418e-11,1.1954488510146278e-10,6.203617000794697,32502.657958575164,0.9779922879037423,0.000149665664513374,0.9999999999999993,362.39999999999554,,,,[],[],11,426.5999999998867,32.199999999946556,728.3999999997943,"[9, 31, 53, 64, 80, 102, 131, 148, 158, 175, 192]","[310.9999999998529, 417.799999999899, 589.5999999998551, 432.1999999998291, 728.3999999997943, 370.9999999998706, 586.9999999999744, 32.199999999946556, 448.1999999999313, 367.99999999990325, 407.19999999989716]","[0, 0, 0, 60, 0, 94, 120, 144, 144, 165, 186]","[20, 40, 75, 75, 205, 120, 205, 149, 205, 186, 205]",30736475.83999804,728.3999999998398,-728.3999999998398,0.0,,,,DWT,mdp.39015067403892,1.955777406692505e-06,,0.0,15.0,11.0,0.0,33.0,,1.6018475434975699e-10,168.39999999988675,987.8000000012453,168.39999999990542,,0.0,168.39999999988675,,,27.999999999946567,0.0,15.0,2.056594894384034e-10,1.6018475434975699e-10,,4.433786671143025e-12,7.17743985041275e-11,5.2282072803688175e-21,0.7705835030075892,0.09993237462827484,0.059193814130146495,0.10835311892941973,0.0336014802436216,,0.9999996181210371,4.288043128337412e-09,4.288043128337412e-09,3.5802794330756657e-09,,4.7781282633238e-11,0.9999999957119354,1.3723025661644903e-10,,,,,,4.1720152490556085e-11,0.0,0.0,2.4625114977813574e-10,2.4625114977813574e-10,0.7999998871510549,0.3007374817265267,920,0.598695035874513,0.3039382298505843,917,0,0.16666663555904765,0.2371338341253622,917,0.0,0.15309489871583232,0.2701008360614325,916,1.7320508075688772,0.9981844331157559,917.5,917.4975512399333,0.5182221955935173,834,sym,1.0,1.0,0.0,7,627.25,4.129056897323965e-11,0.9999999999717026,1.2642066417487687e-21,0.7629816979417399,0.7468232205632006,0.00015506485777907683,0.08891700404858327,0.000327275438499283,0.9999999997284309,2.0315810976834214e-05,4.618422311253312e-11,4.618422311253312e-11,3.856132080315433e-11,,4.7781282633238e-11,0.0031261328407167777,1.3723025661644903e-10,,,,,0.0,,1.9358173049087176e-11,0.0,0.0,2.0061942569433383e-10,2.0061942569433383e-10,1.0,0.20156916138536302,0.05751224473652874,1663,1.566975873165637,0.7243896818987443,1416,174.65537495307723,0.9084615435256409,1539.5,1529.5927249106853,0.5507978577166989,1190,0.7763846615972358,0.5622554397616224,0.28785410495344815,6,894.0,,,,,,,,,,,,,2.772404892754452e-16,0.9999999999727289,1.2642066417487687e-21,0.8280763624413554,0.23086980686980563,0.0012976887784481087,0.06726736259275856,0.9999999999999994,0.000327275438499283,0.9999999999999549,9.960751159698833e-05,3.740660125400863e-14,3.740660125400863e-14,3.123250356257268e-14,,0.0,3.7333767194339215e-17,0.004567040150624229,1.2760918989190683e-15,,,,,0.13043478260869565,,6.124881919900914e-19,0.7209302325581395,0.7209302325581395,6.722297920339537e-16,6.722297920339537e-16,1.0,0.39867336188393016,0.12417638082767644,1723,1.7399674204932438,0.8445963756066296,1024,494.26764004939673,0.7690338130610296,1373.5,1284.5664361121223,0.5636056915772438,1445,1409.1368421052632,1454.5,398.32527672708756,380,0.6645304607900322,0.5565550872278735,0.3678621512786154,7,1085.5
sym17,1.0,antireflect,1.0010471922623528e-20,257.2428532238481,5565180.727220937,0.5252100840336135,106.95738100528327,206,smoothed,7.831253660653107e-11,,6.443956423720852,89750.73466423343,0.9929943631147207,0.0001496656645128456,1.0,362.40000000001373,,,,[],[],11,426.6000000002679,32.20000000010771,728.4000000004837,"[9, 31, 53, 64, 80, 102, 131, 148, 158, 175, 192]","[311.0000000003312, 417.800000000222, 589.6000000003214, 432.200000000449, 728.4000000004837, 371.0000000003158, 587.0000000000578, 32.20000000010771, 448.2000000001662, 368.00000000024147, 407.2000000002512]","[1, 1, 1, 60, 1, 94, 120, 144, 144, 165, 186]","[20, 40, 75, 75, 203, 120, 203, 149, 203, 186, 203]",30736475.8400049,728.4000000003675,-728.4000000003675,0.0,,,,DWT,mdp.39015067403892,4.902482032775879e-06,,0.0,33.0,11.0,0.0,33.0,,3.675495463539846e-10,168.400000000268,987.7999999970516,168.40000000026797,,0.0,168.400000000268,,,28.00000000010772,0.0,33.0,4.837374945054762e-10,3.675495463539846e-10,,1.375610736431554e-11,1.7199283658117358e-10,2.9296638867061535e-20,0.7421462397299124,0.4465989344568332,0.3212250840725498,0.08337701581819908,0.5083502468993991,,0.999999758630688,4.684731476775467e-09,4.684731476775467e-09,3.9575089377987795e-09,,1.4824449227235377e-10,0.9999999953152524,3.2278316301989524e-10,,,,,,1.0457851557632727e-10,1.0,1.0,5.650319142886534e-10,5.650319142886534e-10,0.9999999297587401,0.3759218787809182,24,1.0658906582412762,0.5411184333721967,175,0,0.3333333140815485,0.47426772937926615,24,0.0,0.3002425030212696,0.5297090351635313,157,82.31241299666371,0.9137186446575852,95.0,41.921230808353734,0.9070689659346627,39,sym,1.0,1.0,0.0,7,31.0,9.893090079124365e-11,0.9999999999680349,7.084071989732873e-21,0.735361657052914,0.8298484346404343,0.0008414852583627334,0.06842105263157933,0.004951286334976294,,2.0315813831439655e-05,5.045674988934934e-11,5.045674988934934e-11,4.2624292984072554e-11,,1.4824449227235377e-10,0.0031261328394766585,3.2278316301989524e-10,,,,,0.0,,4.8524487109711856e-11,1.0,1.0,4.6032832027663677e-10,4.6032832027663677e-10,1.0,0.40156916165085654,0.11457677228389655,982,1.185910889787859,0.5482289976030007,1748,541.6437943888955,0.7161196046179793,1365.0,1257.535531135531,0.5003553997932664,1537,0.7763846615972358,0.5622554397616224,0.28785410495344815,6,1154.25,,,,,,,,,,,,,6.642594670371515e-16,0.9999999999691941,7.084071989732873e-21,0.8080418846905266,0.25653587430257785,0.0014582027500797223,0.05176179523358554,1.0,0.004951286334976294,,9.960751159914763e-05,4.0867049327930616e-14,4.0867049327930616e-14,3.4523057156066184e-14,,0.0,1.158304059106422e-16,0.004567040150604827,3.0015318020456798e-15,,,,,0.13043478260869565,,1.5353037345884955e-18,1.0,1.0,1.5424548741275884e-15,1.5424548741275884e-15,1.0,0.45448731537229753,0.14156097535167064,1291,1.3365074019588281,0.6487531285763187,1769,337.9970414071697,0.8420574572863693,1530.0,1492.6660130718953,0.563552093129166,1446,1409.1368421052632,1454.5,398.32527672708756,380,0.6645304607900322,0.5565550872278735,0.3678621512786154,7,1086.25
db31,1.0,constant,1.2166460052614475e-26,316.39575639750433,4962342.909147294,0.5827067669172933,45.732199341132684,206,smoothed,7.932812982554661e-14,-2.0395571898035346e-10,6.193944353047866,45069.11912261858,0.9906599074591429,0.00014966566451320274,1.0,362.4,,,,[],[],11,426.6,32.19999999999999,728.4000000000002,"[9, 31, 53, 64, 80, 102, 131, 148, 158, 175, 192]","[310.9999999999999, 417.8000000000002, 589.6000000000005, 432.1999999999998, 728.4000000000002, 371.0000000000002, 586.9999999999998, 32.19999999999999, 448.20000000000005, 368.0, 407.1999999999997]","[1, 1, 1, 60, 1, 94, 120, 144, 144, 165, 186]","[20, 40, 75, 75, 204, 120, 204, 149, 204, 186, 204]",30736475.839999996,728.4000000000002,-728.4000000000002,0.0,,,,DWT,mdp.39015067403892,0.0,,0.0,15.0,11.0,0.0,33.0,,2.2737367544323206e-13,168.4000000000001,987.7999999999984,168.40000000000003,,0.0,168.4000000000001,,,28.0,0.0,33.0,2.2737367544323206e-13,2.2737367544323206e-13,,0.0,1.25435868904657e-13,3.081846914243715e-26,0.966892542529829,0.08598050823031908,0.06251429677550614,0.47832077495703484,0.13781304999698032,,0.999999664709775,4.4059791007223055e-09,4.4059791007223055e-09,3.6787269888316428e-09,,0.0,0.9999999955939887,1.5171946557926922e-13,,,,,,0.0,0.0,1.0,3.4954031196328703e-13,3.4954031196328703e-13,0.899999900957348,0.3383296774352294,551,0.9008364580024537,0.45732572014765194,265,0,0.24999997273294158,0.35570077878241657,542,0.0,0.24736016749854217,0.4364102828381364,243,169.15352986759297,0.8226902202645776,400.25,346.3589788121618,0.7015704770085991,328,db,0.573477938514061,0.8443824841957417,0.34525069778143475,3,246.75,8.188462380840162e-14,0.9999999999705138,7.812915272745208e-27,0.9536492613252645,0.7434818059916881,0.00016376323575533857,0.39252077562326915,0.0013422868886035749,0.9999999997235551,2.0315811923354854e-05,4.745454029730922e-11,4.745454029730922e-11,3.962169481397382e-11,,0.0,0.0031261328403480726,1.5171946557926922e-13,,,,,0.0,,0.0,0.0,1.0,2.847685247612971e-13,2.847685247612971e-13,1.0,0.30156916120430005,0.08604450842067562,1525,1.8015575662942303,0.8328333158912686,38,1051.4677836243961,0.44891625596205653,781.5,74.15227127319258,0.5196625304967515,1412,0.49117026184683504,0.8233619396015222,0.4091722348267588,4,1060.0,,,,,,,,,,,,,5.498043193226519e-19,0.9999999999715831,7.812915272745208e-27,0.966379019985841,0.2298368559443975,0.001299722825213816,0.29694924634004205,1.0,0.0013422868886035749,0.9999999999999541,9.960751159770423e-05,3.8435400695480126e-14,3.8435400695480126e-14,3.20911916831812e-14,,0.0,0.0,0.00456704015061846,1.4108257588933865e-18,,,,,0.13043478260869565,,0.0,0.7209302325581395,1.0,9.54194168962319e-19,9.54194168962319e-19,1.0,0.42658033862811345,0.13286867808967343,1551,1.914712314659225,0.9294191731659733,20,1082.5804819966042,0.4941212700950447,785.5,39.490770210057285,0.5635325976643448,1447,1009.0473684210526,935.5,610.6543869996938,760,0.4758535102197843,0.8532293215616218,0.41093374637766444,5,1086.5
db32,1.0,reflect,1.7368469262328988e-26,314.84978329846905,6498874.153073615,0.5298507462686567,118.62501113394163,206,smoothed,9.065024890385989e-14,-2.0132233657932412e-10,6.6231183718259965,31513.659581939333,0.983082744429569,0.00014966566451320276,0.9999999999999999,362.4,,,,[],[],11,426.59999999999997,32.19999999999993,728.3999999999999,"[9, 31, 53, 64, 80, 102, 131, 148, 158, 175, 192]","[310.9999999999999, 417.79999999999984, 589.5999999999999, 432.2000000000003, 728.3999999999999, 371.00000000000006, 586.9999999999995, 32.19999999999993, 448.19999999999976, 368.0000000000002, 407.20000000000005]","[1, 1, 1, 60, 1, 94, 120, 144, 144, 165, 186]","[20, 40, 75, 75, 204, 120, 204, 149, 204, 186, 204]",30736475.84,728.3999999999999,-728.3999999999999,0.0,,,,DWT,mdp.39015067403892,3.725290298461914e-09,,0.0,15.0,11.0,0.0,33.0,,1.1368683772161603e-13,168.40000000000003,987.7999999999993,168.39999999999995,,0.0,168.40000000000003,,,27.999999999999943,0.0,33.0,1.1368683772161603e-13,1.1368683772161603e-13,,0.0,1.5030897860363989e-13,4.604266749040413e-26,0.9610187524097349,0.7050228561156464,0.7219241677304233,0.1152536475833654,0.025399881403078896,,0.9999996646602125,4.4059199552998455e-09,4.4059199552998455e-09,3.6786382706978885e-09,,0.0,0.9999999955940747,7.585973278963461e-14,,,,,,7.946695712486874e-14,0.0,1.0,1.7477015598164352e-13,1.7477015598164352e-13,0.8999999009423921,0.3383296774296072,604,1.3463461749634984,0.6834966864002537,74,0,0.24999997272877253,0.3557007787764848,605,0.0,0.3612313293203428,0.6373098312185445,91,301.4570173894337,0.6840073192982875,343.5,143.82774278678443,0.6619722131082633,415,db,0.573477938514061,0.8443824841957417,0.34525069778143475,3,312.0,9.619031768972901e-14,0.999999999970514,1.1494201446172386e-26,0.947944270598652,0.8917399001138046,0.0018911616026341615,0.09457973291437557,0.0002473925929379374,0.9999999997235948,2.0315811922300142e-05,4.745387416349445e-11,4.745387416349445e-11,3.9620695613251655e-11,,0.0,0.0031261328403482946,7.585973278963461e-14,,,,,0.0,,3.687271056968986e-14,0.0,1.0,1.4238426238064856e-13,1.4238426238064856e-13,1.0,0.3015691612042227,0.08604450842065356,1577,1.7535129433009569,0.8106229999808312,219,960.2510088513316,0.4967237899102036,898.0,384.5913140311804,0.5130369473660032,1462,0.49117026184683504,0.8233619396015222,0.4091722348267588,4,1097.5,,,,,,,,,,,,,6.45858156063298e-19,0.9999999999715833,1.1494201446172386e-26,0.9622408469019901,0.2756687430823549,0.0017036612457822051,0.07155132199912367,0.9999999999999999,0.0002473925929379378,0.9999999999999541,9.960751159770347e-05,3.8434858594393884e-14,3.8434858594393884e-14,3.209043274166046e-14,,0.0,0.0,0.004567040150618464,7.054128794466933e-19,,,,,0.13043478260869565,,1.1666441752192217e-21,0.7209302325581395,1.0,4.770970844811595e-19,4.770970844811595e-19,1.0,0.42658033862811345,0.13286867808967343,1604,1.8447501961335437,0.895458909864146,328,902.2682527940347,0.5783793211242829,966.0,544.6293995859213,0.5634887259827022,1448,1009.0473684210526,935.5,610.6543869996938,760,0.4758535102197843,0.8532293215616218,0.41093374637766444,5,1087.25
rbio4.4,1.0,constant,8.562251602752228e-21,257.9215188876646,5011441.783319828,0.5420560747663551,88.18521434373623,206,smoothed,7.575501391236737e-11,6.055942192128171e-10,6.18372825714379,35914.454764887596,0.9841644369842084,0.00014966566451344587,1.0,362.39999999998673,,,,[],[],11,426.5999999997524,32.19999999993479,728.3999999995983,"[9, 31, 53, 64, 80, 102, 131, 148, 158, 175, 192]","[310.99999999972204, 417.7999999997863, 589.5999999997192, 432.19999999956804, 728.3999999995983, 370.9999999997033, 586.9999999999089, 32.19999999993479, 448.1999999998187, 367.9999999997578, 407.199999999759]","[0, 0, 0, 60, 0, 94, 120, 144, 144, 165, 186]","[20, 40, 75, 75, 205, 120, 205, 149, 205, 186, 205]",30736475.839994766,728.3999999996884,-728.3999999996884,0.0,,,,DWT,mdp.39015067403892,5.230307579040527e-06,,0.0,15.0,11.0,0.0,33.0,,3.1161562219494954e-10,168.39999999975248,987.8000000027223,168.39999999978892,,0.0,168.39999999975248,,,27.9999999999348,0.0,15.0,4.0165559767046943e-10,3.1161562219494954e-10,,1.3244516594568267e-11,1.6637431746036524e-10,2.5058277781482672e-20,0.7447247708010288,0.07124477000300103,0.08358531788888791,0.19909184618270787,0.06189494299530311,,0.9999996078616024,4.148341640487302e-09,4.148341640487302e-09,3.459060889656095e-09,,1.4273126735313402e-10,0.9999999958516477,2.6801243594577906e-10,,,,,,1.1157160780331571e-10,0.0,0.0,4.790449975456849e-10,4.790449975456849e-10,0.7999998842638035,0.3007374806411457,927,0.6286446221476785,0.3191426723315993,891,0,0.1666666347457833,0.23713383296824705,925,0.0,0.16579166400532902,0.29250136637782365,882,23.11384866265244,0.9757716471041379,906.25,905.807144835087,0.5129120290028026,862,rbio,0.7685897546424816,0.816051598246696,0.21717169227625407,5,647.75,9.569942649706019e-11,0.9999999999722013,6.059215395926287e-21,0.7378660869947802,0.739952657343736,0.0002189611468921787,0.1633792424987702,0.0006028512572305847,0.9999999997357566,2.0315810768445353e-05,4.4679648869561106e-11,4.4679648869561106e-11,3.725580954849761e-11,,1.4273126735313402e-10,0.003126132841153484,2.6801243594577906e-10,,,,,0.0,,5.176928563984456e-11,0.0,0.0,3.902752631853577e-10,3.902752631853577e-10,1.0,0.2015691615891584,0.057512244794676176,1651,1.5783982988592553,0.7296700997127061,1378,193.04015126392747,0.8988259165283399,1514.5,1502.1974248927038,0.5525314069014865,1174,0.3888041033402703,1.0,0.4278371276618108,3,881.25,,,,,,,,,,,,,6.425621270227507e-16,0.9999999999732094,6.059215395926287e-21,0.8098584984367114,0.2287458696917833,0.0013126304193570109,0.12359942693627127,1.0,0.0006028512572305847,0.9999999999999561,9.960751159683058e-05,3.6187958012134924e-14,3.6187958012134924e-14,3.017486434331307e-14,,0.0,1.115226635420646e-16,0.004567040150631062,2.4922237030851674e-15,,,,,0.13043478260869565,,1.6379684220077873e-18,0.7209302325581395,0.7209302325581395,1.307723108562858e-15,1.307723108562858e-15,1.0,0.3986733618839333,0.12417638082767743,1714,1.750625260386943,0.8497697902579582,969,526.794551983978,0.753834321502814,1341.5,1238.0663436451734,0.5634825813121547,1449,818.67,599.5,715.6978453131971,300,0.38607403914171184,1.0,0.42974817260080167,3,1087.5
sym17,1.0,antisymmetric,1.0163415816009862e-20,257.1770018000583,5538339.111087665,0.5252100840336135,99.97264407312788,206,smoothed,7.897861868275744e-11,,6.428104204121311,87191.20324588649,0.9930159214782123,0.0001496656645128515,0.9999999999999999,362.40000000001373,,,,[],[],11,426.6000000002683,32.20000000010771,728.4000000004892,"[9, 31, 53, 64, 80, 102, 131, 148, 158, 175, 192]","[311.00000000033094, 417.800000000222, 589.6000000003214, 432.200000000449, 728.4000000004892, 371.0000000003158, 587.0000000000578, 32.20000000010771, 448.2000000001662, 368.00000000024147, 407.2000000002512]","[1, 1, 1, 60, 1, 94, 120, 144, 144, 165, 186]","[20, 40, 75, 75, 203, 120, 203, 149, 203, 186, 203]",30736475.840004902,728.4000000003675,-728.4000000003675,0.0,,,,DWT,mdp.39015067403892,4.906207323074341e-06,,0.0,33.0,11.0,0.0,33.0,,3.675495463539846e-10,168.4000000002684,987.799999997047,168.40000000026845,,0.0,168.4000000002684,,,28.00000000010772,0.0,33.0,4.891944627161138e-10,3.675495463539846e-10,,1.375610736431554e-11,1.734561256029468e-10,2.974424441237191e-20,0.7418960429815395,0.42373362851862184,0.30970587370788843,0.08337701581819908,0.4871244790832234,,0.999999758630688,4.685145494732686e-09,4.685145494732686e-09,3.958011673890053e-09,,1.4824449227235377e-10,0.9999999953148223,3.264244301937977e-10,,,,,,1.0465798253345213e-10,1.0,1.0,5.650319142886534e-10,5.650319142886534e-10,0.9999999297607846,0.3759218787816868,23,1.0400579749147847,0.5280040102150448,186,0,0.3333333140819336,0.4742677293798141,23,0.0,0.2922624343261327,0.5156300342009654,170,89.72736483370053,0.9059461584552405,100.5,40.72688581508652,0.9003001232527774,45,sym,1.0,1.0,0.0,7,35.5,9.977250705032152e-11,0.999999999968076,7.192305216037394e-21,0.7351186503910973,0.8243722879898884,0.0008113093904418692,0.06842105263157933,0.004744549238302063,,2.0315813831439655e-05,5.046124629259907e-11,5.046124629259907e-11,4.2629622054590754e-11,,1.4824449227235377e-10,0.0031261328394753263,3.264244301937977e-10,,,,,0.0,,4.8561359820281546e-11,1.0,1.0,4.6032832027663677e-10,4.6032832027663677e-10,1.0,0.4015691616526992,0.1145767722844223,981,1.1829292296931304,0.5468506204087258,1751,544.4722215136416,0.7146372004645485,1366.0,1257.4897510980966,0.49935214320921345,1546,0.7763846615972358,0.5622554397616224,0.28785410495344815,6,1161.0,,,,,,,,,,,,,6.699103296153651e-16,0.9999999999692336,7.192305216037394e-21,0.8078656173352731,0.25484300123062265,0.0014511463624733948,0.05176179523358554,0.9999999999999999,0.004744549238302063,,9.960751159914763e-05,4.0870735615317066e-14,4.0870735615317066e-14,3.4527502384973374e-14,,0.0,1.158304059106422e-16,0.004567040150604805,3.0353916202591214e-15,,,,,0.13043478260869565,,1.536470378763715e-18,1.0,1.0,1.5424548741275884e-15,1.5424548741275884e-15,1.0,0.45448731537229753,0.14156097535167064,1294,1.3354689819772372,0.6482490698551729,1770,336.5828278447966,0.8427183047454221,1532.0,1495.0261096605743,0.5634152271390662,1450,1409.1368421052632,1454.5,398.32527672708756,380,0.6645304607900322,0.5565550872278735,0.3678621512786154,7,1089.25
sym19,1.0,antisymmetric,1.3865965309353389e-19,245.82789764923848,5597979.539584469,0.5330578512396694,97.8445404970977,206,smoothed,3.148630439439338e-10,,6.4599464709189425,92011.81329796328,0.9933415630730448,0.00014966566451259049,0.9999999999999997,362.400000000048,,,,[],[],11,426.60000000098336,32.20000000009253,728.4000000012844,"[9, 31, 53, 64, 80, 102, 131, 148, 158, 175, 192]","[311.00000000095815, 417.8000000010076, 589.6000000011203, 432.2000000016077, 728.4000000012844, 371.0000000011701, 587.0000000006531, 32.20000000009253, 448.20000000090107, 368.00000000102864, 407.2000000009931]","[1, 1, 1, 60, 1, 94, 120, 144, 144, 165, 186]","[20, 40, 75, 75, 203, 120, 203, 149, 203, 186, 203]",30736475.84002484,728.4000000010955,-728.4000000010955,0.0,,,,DWT,mdp.39015067403892,2.4843961000442505e-05,,0.0,33.0,11.0,0.0,33.0,,1.095486368285492e-09,168.40000000098343,987.7999999891817,168.40000000098337,,0.0,168.40000000098343,,,28.00000000009254,0.0,33.0,1.284433892578818e-09,1.095486368285492e-09,,4.803268893738277e-11,6.916611670108699e-10,4.058012878384473e-19,0.6987761103807693,0.469663043483014,0.33530085422926037,0.13728319832748564,0.5271009954737854,,0.999999745397504,5.4291357638548414e-09,5.4291357638548414e-09,4.701883652708272e-09,,5.176305618600784e-10,0.9999999945708373,8.570632610572919e-10,,,,,,5.299651370657496e-10,1.0,1.0,1.684085223039117e-09,1.684085223039117e-09,0.99999992719868,0.3759218778185356,25,1.0875012928126053,0.5520894580575163,167,0,0.3333333134001106,0.47426772840971404,25,0.0,0.3097320289408537,0.546451127200601,147,76.64637412602548,0.9196578887567867,91.0,43.107747418697755,0.9121350240429635,35,sym,1.0,1.0,0.0,7,28.0,3.978165706940998e-10,0.9999999999662641,9.812475123012803e-20,0.6932378867631991,0.8353721938122054,0.0008783583223738207,0.11265767725097889,0.005133916963668224,,2.031581356259915e-05,5.847433648398237e-11,5.847433648398237e-11,5.0641491000646965e-11,,5.176305618600784e-10,0.00312613283714952,8.570632610572919e-10,,,,,0.0,,2.4590410678926165e-10,1.0,1.0,1.3720147522999295e-09,1.3720147522999295e-09,1.0,0.40156916257202546,0.1145767725467269,973,1.1811846459202922,0.546044125231682,1758,555.0788232314399,0.7090781848891825,1365.5,1252.6796045404615,0.4967036626751992,1558,0.7763846615972358,0.5622554397616224,0.28785410495344815,6,1170.0,,,,,,,,,,,,,2.6710908433495133e-15,0.9999999999674876,9.812475123012803e-20,0.777486979212753,0.25824346611020854,0.001466825223924634,0.08522762215828739,0.9999999999999997,0.005133916963668224,,9.960751159894434e-05,4.7360878240032545e-14,4.7360878240032545e-14,4.1016669227733615e-14,,0.0,4.044491446053415e-16,0.004567040150568417,7.96975471198874e-15,,,,,0.13043478260869565,,7.78035000453699e-18,1.0,1.0,4.597307506060452e-15,4.597307506060452e-15,1.0,0.454487315372289,0.14156097535166798,1305,1.3324919488337474,0.6468039902672232,1772,330.2188668141177,0.84569211831116,1538.5,1503.0614234644133,0.5633834423331501,1451,1409.1368421052632,1454.5,398.32527672708756,380,0.6645304607900322,0.5565550872278735,0.3678621512786154,7,1090.0
bior4.4,1.0,constant,8.564059646519632e-21,257.9206019086109,4916597.061186336,0.5420560747663551,81.47621099740415,206,smoothed,7.575944618137443e-11,6.057055301732658e-10,6.204628927514126,33654.01638274761,0.9861582492315843,0.00014966566451344587,1.0,362.3999999999867,,,,[],[],11,426.5999999997523,32.19999999993473,728.3999999995981,"[9, 31, 53, 64, 80, 102, 131, 148, 158, 175, 192]","[310.99999999972215, 417.79999999978634, 589.5999999997193, 432.1999999995678, 728.3999999995981, 370.99999999970333, 586.9999999999089, 32.19999999993473, 448.19999999981854, 367.99999999975773, 407.1999999997589]","[0, 0, 0, 60, 0, 94, 120, 144, 144, 165, 186]","[20, 40, 75, 75, 205, 120, 205, 149, 205, 186, 205]",30736475.839994766,728.3999999996881,-728.3999999996881,0.0,,,,DWT,mdp.39015067403892,5.230307579040527e-06,,0.0,15.0,11.0,0.0,33.0,,3.1184299587039277e-10,168.39999999975237,987.8000000027232,168.39999999978892,,0.0,168.39999999975237,,,27.999999999934744,0.0,15.0,4.0188297134591267e-10,3.1184299587039277e-10,,1.3301360013429075e-11,1.6638405453453533e-10,2.5063569201744935e-20,0.7447212868189922,0.10139198183857814,0.04288224320035268,0.19909184618270787,0.04314950392073118,,0.9999996078120399,4.148223349642382e-09,4.148223349642382e-09,3.459060889656095e-09,,1.4334384789971398e-10,0.9999999958517337,2.6816415541135835e-10,,,,,,1.1157160780331571e-10,0.0,0.0,4.793945378576481e-10,4.793945378576481e-10,0.7999998842494287,0.3007374806357419,932,0.6158664247021516,0.3126555921329107,901,0,0.16666663474176252,0.23713383296252627,932,0.0,0.16160526601824945,0.28511542729114686,895,19.782146833277054,0.9792639970301079,915.0,914.6789539052085,0.510072250087381,875,bior,0.8100315533562081,0.7923003667562746,0.1952878026237719,6,657.75,9.570502674584543e-11,0.9999999999722013,6.060494887417665e-21,0.737862703134478,0.7471727904818107,0.00011233486202613142,0.1633792424987702,0.0004202723425961118,0.9999999997357583,2.0315810767446152e-05,4.4678316601931556e-11,4.4678316601931556e-11,3.725580954849761e-11,,1.4334384789971398e-10,0.0031261328411537614,2.6816415541135835e-10,,,,,0.0,,5.176928563984456e-11,0.0,0.0,3.90560031710119e-10,3.90560031710119e-10,1.0,0.20156916158965352,0.057512244794817445,1649,1.581879990403827,0.7312796340224761,1368,198.69700551341987,0.895861108221478,1508.5,1495.4139874047066,0.5526213297920808,1172,0.5943810304597339,0.7715092316736338,0.3524805091760961,5,880.25,,,,,,,,,,,,,6.425997292101726e-16,0.9999999999732094,6.060494887417665e-21,0.8098560439192033,0.23097787145239337,0.0012876967075244076,0.12359942693627127,1.0,0.0004202723425961118,0.9999999999999561,9.960751159682982e-05,3.618687380996244e-14,3.618687380996244e-14,3.017486434331307e-14,,0.0,1.1200130158301764e-16,0.004567040150631066,2.4936345288440606e-15,,,,,0.13043478260869565,,1.6379684220077873e-18,0.7209302325581395,0.7209302325581395,1.3086773027318203e-15,1.3086773027318203e-15,1.0,0.3986733618839333,0.12417638082767743,1713,1.7516542901349732,0.8502692908723612,961,531.7442994522837,0.7515213553961291,1337.0,1231.2587883320866,0.563377500127971,1452,1104.4,1082.5,563.6960149978129,300,0.520820561188399,0.7876173146100969,0.3991404127850916,6,1090.5
sym2,1.0,periodic,1.7864459400614454e-21,264.72749995766213,4954605.6495850105,0.5288461538461539,97.38420696526629,206,smoothed,3.2693588936418e-11,1.1954488510146278e-10,6.203617000794697,32502.657958575164,0.9779922879037423,0.000149665664513374,0.9999999999999993,362.39999999999554,,,,[],[],11,426.5999999998867,32.199999999946556,728.3999999997943,"[9, 31, 53, 64, 80, 102, 131, 148, 158, 175, 192]","[310.9999999998529, 417.799999999899, 589.5999999998551, 432.1999999998291, 728.3999999997943, 370.9999999998706, 586.9999999999744, 32.199999999946556, 448.1999999999313, 367.99999999990325, 407.19999999989716]","[0, 0, 0, 60, 0, 94, 120, 144, 144, 165, 186]","[20, 40, 75, 75, 205, 120, 205, 149, 205, 186, 205]",30736475.83999804,728.3999999998398,-728.3999999998398,0.0,,,,DWT,mdp.39015067403892,1.955777406692505e-06,,0.0,15.0,11.0,0.0,33.0,,1.6018475434975699e-10,168.39999999988675,987.8000000012453,168.39999999990542,,0.0,168.39999999988675,,,27.999999999946567,0.0,15.0,2.056594894384034e-10,1.6018475434975699e-10,,4.433786671143025e-12,7.17743985041275e-11,5.2282072803688175e-21,0.7705835030075892,0.09993237462827484,0.059193814130146495,0.10835311892941973,0.0336014802436216,,0.9999996181210371,4.288043128337412e-09,4.288043128337412e-09,3.5802794330756657e-09,,4.7781282633238e-11,0.9999999957119354,1.3723025661644903e-10,,,,,,4.1720152490556085e-11,0.0,0.0,2.4625114977813574e-10,2.4625114977813574e-10,0.7999998871510549,0.3007374817265267,921,0.598695035874513,0.3039382298505843,919,0,0.16666663555904765,0.2371338341253622,919,0.0,0.15309489871583232,0.2701008360614325,918,1.2583057392117916,0.9986810212377235,919.25,919.248709182528,0.5175532988788198,838,sym,1.0,1.0,0.0,7,630.25,4.129056897323965e-11,0.9999999999717026,1.2642066417487687e-21,0.7629816979417399,0.7468232205632006,0.00015506485777907683,0.08891700404858327,0.000327275438499283,0.9999999997284309,2.0315810976834214e-05,4.618422311253312e-11,4.618422311253312e-11,3.856132080315433e-11,,4.7781282633238e-11,0.0031261328407167777,1.3723025661644903e-10,,,,,0.0,,1.9358173049087176e-11,0.0,0.0,2.0061942569433383e-10,2.0061942569433383e-10,1.0,0.20156916138536302,0.05751224473652874,1659,1.566975873165637,0.7243896818987443,1420,168.99852070358486,0.9114263518325028,1539.5,1530.2240987333548,0.5522802618701298,1176,0.7763846615972358,0.5622554397616224,0.28785410495344815,6,883.5,,,,,,,,,,,,,2.772404892754452e-16,0.9999999999727289,1.2642066417487687e-21,0.8280763624413554,0.23086980686980563,0.0012976887784481087,0.06726736259275856,0.9999999999999994,0.000327275438499283,0.9999999999999549,9.960751159698833e-05,3.740660125400863e-14,3.740660125400863e-14,3.123250356257268e-14,,0.0,3.7333767194339215e-17,0.004567040150624229,1.2760918989190683e-15,,,,,0.13043478260869565,,6.124881919900914e-19,0.7209302325581395,0.7209302325581395,6.722297920339537e-16,6.722297920339537e-16,1.0,0.39867336188393016,0.12417638082767644,1724,1.7399674204932438,0.8445963756066296,1025,494.26764004939673,0.7690338130610296,1374.5,1285.6311385958531,0.5633720467174307,1453,1409.1368421052632,1454.5,398.32527672708756,380,0.6645304607900322,0.5565550872278735,0.3678621512786154,7,1091.5
sym2,1.0,symmetric,1.7864459400614454e-21,264.72749995766213,4954605.6495850105,0.5288461538461539,97.38420696526629,206,smoothed,3.2693588936418e-11,1.1954488510146278e-10,6.203617000794697,32502.657958575164,0.9779922879037423,0.000149665664513374,0.9999999999999993,362.39999999999554,,,,[],[],11,426.5999999998867,32.199999999946556,728.3999999997943,"[9, 31, 53, 64, 80, 102, 131, 148, 158, 175, 192]","[310.9999999998529, 417.799999999899, 589.5999999998551, 432.1999999998291, 728.3999999997943, 370.9999999998706, 586.9999999999744, 32.199999999946556, 448.1999999999313, 367.99999999990325, 407.19999999989716]","[0, 0, 0, 60, 0, 94, 120, 144, 144, 165, 186]","[20, 40, 75, 75, 205, 120, 205, 149, 205, 186, 205]",30736475.83999804,728.3999999998398,-728.3999999998398,0.0,,,,DWT,mdp.39015067403892,1.955777406692505e-06,,0.0,15.0,11.0,0.0,33.0,,1.6018475434975699e-10,168.39999999988675,987.8000000012453,168.39999999990542,,0.0,168.39999999988675,,,27.999999999946567,0.0,15.0,2.056594894384034e-10,1.6018475434975699e-10,,4.433786671143025e-12,7.17743985041275e-11,5.2282072803688175e-21,0.7705835030075892,0.09993237462827484,0.059193814130146495,0.10835311892941973,0.0336014802436216,,0.9999996181210371,4.288043128337412e-09,4.288043128337412e-09,3.5802794330756657e-09,,4.7781282633238e-11,0.9999999957119354,1.3723025661644903e-10,,,,,,4.1720152490556085e-11,0.0,0.0,2.4625114977813574e-10,2.4625114977813574e-10,0.7999998871510549,0.3007374817265267,922,0.598695035874513,0.3039382298505843,918,0,0.16666663555904765,0.2371338341253622,918,0.0,0.15309489871583232,0.2701008360614325,917,2.217355782608345,0.9976757276911862,918.75,918.7459947028099,0.5173127066128886,841,sym,1.0,1.0,0.0,7,632.5,4.129056897323965e-11,0.9999999999717026,1.2642066417487687e-21,0.7629816979417399,0.7468232205632006,0.00015506485777907683,0.08891700404858327,0.000327275438499283,0.9999999997284309,2.0315810976834214e-05,4.618422311253312e-11,4.618422311253312e-11,3.856132080315433e-11,,4.7781282633238e-11,0.0031261328407167777,1.3723025661644903e-10,,,,,0.0,,1.9358173049087176e-11,0.0,0.0,2.0061942569433383e-10,2.0061942569433383e-10,1.0,0.20156916138536302,0.05751224473652874,1660,1.566975873165637,0.7243896818987443,1419,170.41273426595797,0.9106851497557872,1539.5,1530.0682039623255,0.551909660831772,1182,0.7763846615972358,0.5622554397616224,0.28785410495344815,6,888.0,,,,,,,,,,,,,2.772404892754452e-16,0.9999999999727289,1.2642066417487687e-21,0.8280763624413554,0.23086980686980563,0.0012976887784481087,0.06726736259275856,0.9999999999999994,0.000327275438499283,0.9999999999999549,9.960751159698833e-05,3.740660125400863e-14,3.740660125400863e-14,3.123250356257268e-14,,0.0,3.7333767194339215e-17,0.004567040150624229,1.2760918989190683e-15,,,,,0.13043478260869565,,6.124881919900914e-19,0.7209302325581395,0.7209302325581395,6.722297920339537e-16,6.722297920339537e-16,1.0,0.39867336188393016,0.12417638082767644,1725,1.7399674204932438,0.8445963756066296,1026,494.26764004939673,0.7690338130610296,1375.5,1286.6957470010905,0.5631384018576175,1454,1409.1368421052632,1454.5,398.32527672708756,380,0.6645304607900322,0.5565550872278735,0.3678621512786154,7,1092.25
sym15,1.0,symmetric,1.4873870112115398e-21,265.52315889607263,5440959.309093831,0.5213675213675214,91.4502933700679,206,smoothed,3.133989292460612e-11,8.51786641214579e-11,6.3952734590512295,31803.042911554272,0.9812235325871299,0.0001496656645133215,1.0,362.39999999999554,,,,[],[],11,426.599999999893,32.199999999967304,728.3999999998103,"[9, 31, 53, 64, 80, 102, 131, 148, 158, 175, 192]","[310.9999999998771, 417.7999999999042, 589.5999999998747, 432.19999999982906, 728.3999999998103, 370.99999999987665, 586.9999999999598, 32.199999999967304, 448.1999999999233, 367.9999999999002, 407.1999999998999]","[0, 0, 0, 60, 0, 94, 120, 144, 144, 165, 186]","[20, 40, 75, 75, 205, 120, 205, 149, 205, 186, 205]",30736475.83999788,728.3999999998648,-728.3999999998648,0.0,,,,DWT,mdp.39015067403892,2.115964889526367e-06,,0.0,15.0,11.0,0.0,33.0,,1.3517365005100146e-10,168.39999999989305,987.8000000011762,168.39999999991022,,0.0,168.39999999989305,,,27.999999999967315,0.0,15.0,1.8962964531965554e-10,1.3517365005100146e-10,,4.433786671143025e-12,6.880051798158767e-11,4.352981522975094e-21,0.7736065398342431,0.37637842847909025,0.2679148571436666,0.05698251672782269,0.027799689164862716,,0.9999996362113449,4.294608270230453e-09,4.294608270230453e-09,3.5852772212771556e-09,,4.7781282633238e-11,0.9999999957053971,1.2653403429311054e-10,,,,,,4.513723164692544e-11,0.0,0.0,2.0780171546217415e-10,2.0780171546217415e-10,0.7999998925612971,0.3007374837603553,910,0.8202234490896386,0.41640108612909643,443,0,0.16666663706052434,0.23713383626166817,910,0.0,0.21466886163121232,0.378733971473278,447,268.47284158116753,0.7185819270637657,677.5,597.7040686865537,0.5042071060895348,897,sym,1.0,1.0,0.0,7,674.5,3.9580150577230384e-11,0.9999999999713383,1.052572741186044e-21,0.7659178595528382,0.8130309125111093,0.0007018331193956049,0.0467611336032393,0.00027076650777315856,0.9999999997279129,2.0315811344373547e-05,4.625499983035297e-11,4.625499983035297e-11,3.861516661984865e-11,,4.7781282633238e-11,0.003126132840696294,1.2653403429311054e-10,,,,,0.0,,2.0943699603583838e-11,0.0,0.0,1.6929488797059114e-10,1.6929488797059114e-10,1.0,0.20156916136843647,0.05751224473169921,1666,1.5852298484858012,0.7328282236797661,1358,217.78888860545663,0.8858548801858194,1512.0,1496.314814814815,0.54670102499857,1223,0.7763846615972358,0.5622554397616224,0.28785410495344815,6,918.75,,,,,,,,,,,,,2.6575609357039547e-16,0.9999999999723775,1.052572741186044e-21,0.8302061371475974,0.2513369758496107,0.0014255462039552138,0.03537566478981746,1.0,0.00027076650777315856,0.9999999999999549,9.960751159726632e-05,3.7463847128715866e-14,3.7463847128715866e-14,3.1276088489906595e-14,,0.0,3.7333767194339215e-17,0.004567040150623909,1.1766286829170846e-15,,,,,0.13043478260869565,,6.626538915245179e-19,0.7209302325581395,0.7209302325581395,5.672684334480985e-16,5.672684334480985e-16,1.0,0.39867336188393,0.1241763808276764,1727,1.738763515826073,0.8440119890793347,1036,488.61078579990436,0.771677202897241,1381.5,1295.09373868983,0.5630582276168448,1455,1409.1368421052632,1454.5,398.32527672708756,380,0.6645304607900322,0.5565550872278735,0.3678621512786154,7,1093.0
db9,1.0,antireflect,3.964723003515925e-27,321.2652702363798,5221467.2982671335,0.527027027027027,93.73548522912029,206,smoothed,4.067512238568439e-14,-2.0266794908963043e-10,6.307933262028904,61372.95075456932,0.9906361935145647,0.00014966566451320276,0.9999999999999997,362.4000000000001,,,,[],[],11,426.59999999999997,32.19999999999999,728.3999999999999,"[9, 31, 53, 64, 80, 102, 131, 148, 158, 175, 192]","[311.00000000000006, 417.80000000000007, 589.5999999999999, 432.19999999999993, 728.3999999999999, 371.00000000000006, 587.0, 32.19999999999999, 448.20000000000005, 367.9999999999999, 407.19999999999993]","[1, 1, 1, 60, 1, 94, 120, 144, 144, 165, 186]","[20, 40, 75, 75, 205, 120, 205, 149, 205, 186, 205]",30736475.839999996,728.3999999999999,-728.3999999999999,0.0,,,,DWT,mdp.39015067403892,0.0,,0.0,15.0,11.0,0.0,33.0,,1.1368683772161603e-13,168.40000000000003,987.7999999999993,168.39999999999998,,0.0,168.40000000000003,,,28.0,0.0,33.0,1.1368683772161603e-13,1.1368683772161603e-13,,1.1368683772161603e-13,4.052062577770319e-14,6.81526834068418e-27,0.9853938361773686,0.2503985735395985,0.17371879109750926,0.0958575670425443,0.27301801066017484,,0.999999664709775,4.4059199552998455e-09,4.4059199552998455e-09,3.67866784340914e-09,,1.2251610931599486e-12,0.9999999955940747,7.585973278963461e-14,,,,,,0.0,0.0,1.0,1.7477015598164352e-13,1.7477015598164352e-13,0.8999999009578427,0.33832967743541537,533,0.9508452151060749,0.48271355903110025,232,0,0.24999997273300065,0.35570077878250056,534,0.0,0.25405525407389096,0.4482222275644068,229,174.9418951156831,0.8166227514510659,382.0,321.9059707814947,0.708101732119663,313,db,0.573477938514061,0.8443824841957417,0.34525069778143475,3,235.5,3.304587832245355e-14,0.999999999970514,2.0088230499655937e-27,0.9716188697946688,0.7828592558305721,0.0004550759235730595,0.07866287339971545,0.0026591712183266646,0.9999999997235746,2.0315811923354854e-05,4.745387416349445e-11,4.745387416349445e-11,3.962102868015904e-11,,1.2251610931599486e-12,0.0031261328403482946,7.585973278963461e-14,,,,,0.0,,0.0,0.0,1.0,1.4238426238064856e-13,1.4238426238064856e-13,1.0,0.30156916120481725,0.08604450842082319,1415,1.7071573054816844,0.7891934768406452,671,526.0874452027914,0.7242728274618493,1043.0,910.3211888782358,0.5888135625778848,923,0.49117026184683504,0.8233619396015222,0.4091722348267588,4,693.25,,,,,,,,,,,,,2.218825194826331e-19,0.9999999999715833,2.0088230499655937e-27,0.9794134583677565,0.2420098360942016,0.001367843988962072,0.059509922586637454,0.9999999999999997,0.0026591712183266646,0.9999999999999541,9.960751159770423e-05,3.8434858594393884e-14,3.8434858594393884e-14,3.2090649582094954e-14,,0.0,9.572760819061336e-19,0.004567040150618464,7.054128794466933e-19,,,,,0.13043478260869565,,0.0,0.7209302325581395,1.0,4.770970844811595e-19,4.770970844811595e-19,1.0,0.42658033862811345,0.13286867808967343,1634,1.8342045525756778,0.8903399563581729,492,807.5159441150373,0.6226561008808237,1063.0,756.2822201317027,0.5629635644591033,1456,1009.0473684210526,935.5,610.6543869996938,760,0.4758535102197843,0.8532293215616218,0.41093374637766444,5,1093.25
bior4.4,1.0,zero,8.564059646519632e-21,257.9206019086109,4916597.061186336,0.5420560747663551,81.47621099740415,206,smoothed,7.575944618137443e-11,6.057055301732658e-10,6.204628927514126,33654.01638274761,0.9861582492315843,0.00014966566451344587,1.0,362.3999999999867,,,,[],[],11,426.5999999997523,32.19999999993473,728.3999999995981,"[9, 31, 53, 64, 80, 102, 131, 148, 158, 175, 192]","[310.99999999972215, 417.79999999978634, 589.5999999997193, 432.1999999995678, 728.3999999995981, 370.99999999970333, 586.9999999999089, 32.19999999993473, 448.19999999981854, 367.99999999975773, 407.1999999997589]","[0, 0, 0, 60, 0, 94, 120, 144, 144, 165, 186]","[20, 40, 75, 75, 205, 120, 205, 149, 205, 186, 205]",30736475.839994766,728.3999999996881,-728.3999999996881,0.0,,,,DWT,mdp.39015067403892,5.230307579040527e-06,,0.0,15.0,11.0,0.0,33.0,,3.1184299587039277e-10,168.39999999975237,987.8000000027232,168.39999999978892,,0.0,168.39999999975237,,,27.999999999934744,0.0,15.0,4.0188297134591267e-10,3.1184299587039277e-10,,1.3301360013429075e-11,1.6638405453453533e-10,2.5063569201744935e-20,0.7447212868189922,0.10139198183857814,0.04288224320035268,0.19909184618270787,0.04314950392073118,,0.9999996078120399,4.148223349642382e-09,4.148223349642382e-09,3.459060889656095e-09,,1.4334384789971398e-10,0.9999999958517337,2.6816415541135835e-10,,,,,,1.1157160780331571e-10,0.0,0.0,4.793945378576481e-10,4.793945378576481e-10,0.7999998842494287,0.3007374806357419,930,0.6158664247021516,0.3126555921329107,899,0,0.16666663474176252,0.23713383296252627,931,0.0,0.16160526601824945,0.28511542729114686,894,19.739976359323904,0.9793082008812118,913.5,913.1798882534295,0.5108805155349456,873,bior,0.8100315533562081,0.7923003667562746,0.1952878026237719,6,656.25,9.570502674584543e-11,0.9999999999722013,6.060494887417665e-21,0.737862703134478,0.7471727904818107,0.00011233486202613142,0.1633792424987702,0.0004202723425961118,0.9999999997357583,2.0315810767446152e-05,4.4678316601931556e-11,4.4678316601931556e-11,3.725580954849761e-11,,1.4334384789971398e-10,0.0031261328411537614,2.6816415541135835e-10,,,,,0.0,,5.176928563984456e-11,0.0,0.0,3.90560031710119e-10,3.90560031710119e-10,1.0,0.20156916158965352,0.057512244794817445,1650,1.581879990403827,0.7312796340224761,1370,197.9898987322333,0.8962317092598358,1510.0,1497.0198675496688,0.5524135485502533,1175,0.5943810304597339,0.7715092316736338,0.3524805091760961,5,882.5,,,,,,,,,,,,,6.425997292101726e-16,0.9999999999732094,6.060494887417665e-21,0.8098560439192033,0.23097787145239337,0.0012876967075244076,0.12359942693627127,1.0,0.0004202723425961118,0.9999999999999561,9.960751159682982e-05,3.618687380996244e-14,3.618687380996244e-14,3.017486434331307e-14,,0.0,1.1200130158301764e-16,0.004567040150631066,2.4936345288440606e-15,,,,,0.13043478260869565,,1.6379684220077873e-18,0.7209302325581395,0.7209302325581395,1.3086773027318203e-15,1.3086773027318203e-15,1.0,0.3986733618839333,0.12417638082767743,1715,1.7516542901349732,0.8502692908723612,963,531.7442994522837,0.7515213553961291,1339.0,1233.416728902166,0.562910210408345,1457,1104.4,1082.5,563.6960149978129,300,0.520820561188399,0.7876173146100969,0.3991404127850916,6,1094.25
db28,1.0,symmetric,1.2145838615844498e-26,316.403123679774,6053077.412559594,0.5269230769230769,104.12503407317723,206,smoothed,8.139336022863574e-14,-1.985891229239205e-10,6.557746200244237,31416.174331365663,0.9846370356983282,0.00014966566451320274,0.9999999999999999,362.4,,,,[],[],11,426.59999999999997,32.2000000000001,728.4,"[9, 31, 53, 64, 80, 102, 131, 148, 158, 175, 192]","[310.99999999999966, 417.8, 589.6000000000001, 432.20000000000005, 728.4, 371.0000000000002, 586.9999999999999, 32.2000000000001, 448.20000000000016, 367.99999999999994, 407.2]","[0, 0, 0, 60, 0, 94, 120, 144, 144, 165, 186]","[20, 40, 75, 75, 203, 120, 203, 149, 203, 186, 203]",30736475.839999996,728.4,-728.4,0.0,,,,DWT,mdp.39015067403892,0.0,,0.0,33.0,11.0,0.0,33.0,,0.0,168.40000000000003,987.7999999999993,168.40000000000003,,0.0,168.40000000000003,,,28.000000000000114,0.0,15.0,0.0,0.0,,0.0,1.2997289081852326e-13,3.075811845274211e-26,0.9669205338770489,0.6107297703003665,0.5306083241402169,0.09514353550615193,0.02459145245419151,,0.9999996648089,4.4059199552998455e-09,4.4059199552998455e-09,3.6787269888316428e-09,,0.0,0.9999999955940747,0.0,,,,,,0.0,1.0,0.0,0.0,0.0,0.8999999009868773,0.33832967744633013,363,1.1987153627306972,0.608549267342571,126,0,0.24999997274112842,0.3557007787940648,363,0.0,0.3182848023254437,0.5615405342363614,134,134.56225325105106,0.8589494200722735,246.5,191.3066766551175,0.8002818379187364,142,db,0.573477938514061,0.8443824841957417,0.34525069778143475,3,107.25,8.449407825210147e-14,0.9999999999705138,7.798322178616164e-27,0.9536764482647107,0.8691570942046097,0.0013899882196861811,0.07807692307692343,0.0002395185666502755,0.999999999723636,2.0315811925353255e-05,4.745387416349445e-11,4.745387416349445e-11,3.962169481397382e-11,,0.0,0.0031261328403482946,0.0,,,,,0.0,,0.0,1.0,0.0,0.0,0.0,1.0,0.3015691612041106,0.08604450842062157,1612,1.7388059867090377,0.803824192296705,355,888.8332239514903,0.5341544947843342,983.5,581.860701576004,0.50934663942571,1484,0.49117026184683504,0.8233619396015222,0.4091722348267588,4,1114.0,,,,,,,,,,,,,5.673251829170043e-19,0.9999999999715831,7.798322178616164e-27,0.9663987403090527,0.26868758891456895,0.0015864658213679101,0.05906664030057368,0.9999999999999999,0.0002395185666502755,0.9999999999999541,9.960751159770586e-05,3.8434858594393884e-14,3.8434858594393884e-14,3.20911916831812e-14,,0.0,0.0,0.004567040150618464,0.0,,,,,0.13043478260869565,,0.0,1.0,0.7209302325581395,0.0,0.0,1.0,0.42658033862811345,0.13286867808967343,1628,1.838698735091746,0.8925214743680387,449,833.6788950189396,0.6104304228883459,1038.5,703.8728935965336,0.5625750245282851,1458,1009.0473684210526,935.5,610.6543869996938,760,0.4758535102197843,0.8532293215616218,0.41093374637766444,5,1094.75
sym2,1.0,periodization,1.7868587363973618e-21,264.7264965438037,4956290.072035224,0.529126213592233,104.0343832718804,206,smoothed,3.2697783263608936e-11,1.2068728238934155e-10,6.20150866742502,31688.23739843052,0.979538214051818,0.00014966566451337396,0.9999999999999996,362.39999999999554,,,,[],[],11,426.5999999998867,32.19999999994661,728.3999999997943,"[9, 31, 53, 64, 80, 102, 131, 148, 158, 175, 192]","[310.9999999998528, 417.799999999899, 589.599999999855, 432.19999999982906, 728.3999999997943, 370.9999999998706, 586.9999999999744, 32.19999999994661, 448.1999999999313, 367.99999999990337, 407.1999999998973]","[0, 0, 0, 60, 0, 94, 120, 144, 144, 165, 186]","[20, 40, 75, 75, 205, 120, 205, 149, 205, 186, 205]",30736475.839998037,728.3999999998398,-728.3999999998398,0.0,,,,DWT,mdp.39015067403892,1.959502696990967e-06,,0.0,15.0,11.0,0.0,33.0,,1.6018475434975699e-10,168.39999999988675,987.8000000012453,168.39999999990542,,0.0,168.39999999988675,,,27.999999999946624,0.0,15.0,2.056594894384034e-10,1.6018475434975699e-10,,4.433786671143025e-12,7.178361285345663e-11,5.229415369982263e-21,0.7705796906240413,0.09689130601231835,0.0599166922329638,0.11027684467067218,0.02684762616297329,,0.9999996181705997,4.288043128337412e-09,4.288043128337412e-09,3.5802794330756657e-09,,4.7781282633238e-11,0.9999999957119354,1.3723025661644903e-10,,,,,,4.179961944768095e-11,0.0,0.0,2.4625114977813574e-10,2.4625114977813574e-10,0.7999998871659634,0.30073748173213116,916,0.5956016018520591,0.3023677928090096,926,0,0.16666663556318448,0.2371338341312481,916,0.0,0.15207316568210755,0.2682982224606169,924,5.259911279353167,0.9944864661642,920.5,920.4774658176173,0.5148008850737142,856,sym,1.0,1.0,0.0,7,643.75,4.12958685784122e-11,0.9999999999717022,1.2644987637698165e-21,0.7629779951174405,0.746094897147789,0.0001569585183220268,0.09049565661727149,0.0002614934985437083,0.9999999997284481,2.0315810977833415e-05,4.618422311253312e-11,4.618422311253312e-11,3.856132080315433e-11,,4.7781282633238e-11,0.0031261328407167777,1.3723025661644903e-10,,,,,0.0,,1.9395045759656865e-11,0.0,0.0,2.0061942569433383e-10,2.0061942569433383e-10,1.0,0.20156916138538175,0.05751224473653408,1658,1.5672155848451248,0.7245004970492679,1413,173.24116139070415,0.9092027456023564,1535.5,1525.7271247150766,0.5522166767844067,1177,0.7763846615972358,0.5622554397616224,0.28785410495344815,6,884.25,,,,,,,,,,,,,2.772760728279982e-16,0.9999999999727285,1.2644987637698165e-21,0.8280736765600659,0.23064465601532624,0.0012981315959611263,0.06846164253822229,0.9999999999999997,0.0002614934985437083,0.9999999999999549,9.960751159698899e-05,3.740660125400863e-14,3.740660125400863e-14,3.123250356257268e-14,,0.0,3.7333767194339215e-17,0.004567040150624229,1.2760918989190683e-15,,,,,0.13043478260869565,,6.136548361653107e-19,0.7209302325581395,0.7209302325581395,6.722297920339537e-16,6.722297920339537e-16,1.0,0.39867336188393016,0.12417638082767644,1726,1.74030485414819,0.8447601690424253,1018,500.63160108007565,0.7660599994952917,1372.0,1280.661807580175,0.5624692520840944,1459,1409.1368421052632,1454.5,398.32527672708756,380,0.6645304607900322,0.5565550872278735,0.3678621512786154,7,1096.0
sym8,1.0,antireflect,4.187277384739706e-21,263.25247515322826,6155382.581908835,0.6272727272727273,290.86250211417854,206,raw,5.121369563599304e-11,7.710054808634406e-12,6.439501400782824,87716.42716565594,0.8308961585943013,5.618943883691147e-06,1.0,327.0000000000262,,,,[],[],13,661.153846153764,86.99999999993702,939.9999999998781,"[8, 32, 51, 63, 81, 100, 111, 133, 152, 162, 175, 192, 204]","[877.9999999998635, 637.999999999993, 787.0000000000201, 791.9999999998688, 939.9999999998781, 787.999999999852, 636.9999999999462, 675.0000000000032, 770.9999999997867, 196.00000000004457, 833.9999999999262, 571.9999999998117, 86.99999999993702]","[0, 13, 42, 42, 76, 99, 107, 107, 107, 161, 164, 187, 203]","[76, 42, 61, 76, 205, 164, 119, 142, 164, 164, 205, 205, 205]",37754612.99999726,940.9999999998511,-940.9999999998511,0.0,,,,DWT,mdp.39015067403892,2.7418136596679688e-06,,0.0,33.0,19.0,0.0,28.5,,1.48929757415317e-10,256.341346153764,4359.000000001068,256.3413461537715,,0.0,256.341346153764,,,83.99999999993702,0.0,28.5,1.2187229003757238e-10,1.48929757415317e-10,,2.6204816094832495e-11,6.469104509092336e-11,2.9631939456386664e-21,0.757538522484114,0.8283094477000252,0.00047201004580261683,0.5259740259740263,0.0024270133624147983,0.9999999997267455,0.4742280245384353,6.632316386317559e-09,6.632316386317559e-09,6.024160374344512e-09,,1.318125976996493e-09,0.9999999933676295,1.4593097120230215e-10,,,,,,2.7138314979291736e-11,1.0,1.0,1.8652338371864962e-10,1.8652338371864962e-10,0.8422684106521903,0.27536483406959117,54,1.4802742580080643,0.710980739076889,660,0,0.28951900325492497,0.34592250973573185,54,0.0,0.38934012741972746,0.7071766539538408,613,336.8534547841242,0.6469041354464107,345.25,99.54332032504766,0.6425034304066435,428,sym,0.8243425715244881,0.7368036147090654,0.2019191155201387,6,322.5,6.469104509092337e-11,0.00015478832997223302,2.963193945638667e-21,0.757538522484114,0.8283094477000252,0.0015050016846942602,0.6437320574162682,0.0047869723425853945,0.9999999997267454,0.9919828214550861,0.9855281704443256,0.9855281704443256,0.9855281704442977,,2.8239963197336817e-10,0.9999999999670759,8.13216335504883e-11,,,,,1.0,,2.7138314979291736e-11,1.0,0.75,1.8652338371864962e-10,1.8652338371864962e-10,0.0,2.2595702000899878,0.6447065287854055,52,1.5288843864954667,0.7067805531402327,1517,1035.9114344382922,0.4570694788059265,784.5,100.55321861057999,0.522952978396674,1384,0.7763846615972358,0.5622554397616224,0.28785410495344815,6,1039.5,,,,,,,,,,,,,4.343601320769183e-16,0.03641360043842367,2.963193945638667e-21,0.8241280997273861,0.2560601183165234,0.0016133608088185498,0.48699523991094845,1.0,0.0047869723425853945,0.9999999999999547,0.0008499884728382782,0.00079822102273938,0.00079822102273938,0.0007982210227331094,,0.0,2.2065213687936384e-16,0.02016391057305476,7.562026067668552e-16,,,,,0.4782608695652174,,8.586501129613472e-19,1.0,0.9302325581395349,6.249971806703189e-16,6.249971806703189e-16,0.9302325581395349,0.5814294660167906,0.18110015290551018,34,1.6309505644320252,0.7916785793163787,1558,1077.6307345282985,0.49643423620172966,796.0,66.54773869346734,0.5622358096896498,1460,1409.1368421052632,1454.5,398.32527672708756,380,0.6645304607900322,0.5565550872278735,0.3678621512786154,7,1096.75
coif16,1.0,constant,3.823385169369036e-26,313.64731195629753,5969662.761985667,0.5633333333333334,123.18682525238243,206,raw,1.3452884976448208e-13,-2.2768964491604333e-10,6.3309565392315115,66816.71963888893,0.8477880627686377,5.6189438836900605e-06,1.0,327.00000000000017,,,,[],[],13,661.1538461538462,87.00000000000011,940.0000000000002,"[8, 32, 51, 63, 81, 100, 111, 133, 152, 162, 175, 192, 204]","[878.0, 638.0000000000002, 787.0, 792.0000000000001, 940.0000000000002, 788.0000000000002, 637.0000000000001, 675.0000000000003, 771.0000000000002, 196.00000000000017, 834.0000000000001, 571.9999999999999, 87.00000000000011]","[0, 13, 39, 39, 76, 99, 107, 107, 107, 161, 164, 187, 203]","[76, 39, 61, 76, 205, 164, 119, 142, 164, 164, 205, 205, 205]",37754613.000000015,941.0000000000002,-941.0000000000002,0.0,,,,DWT,mdp.39015067403892,1.4901161193847656e-08,,0.0,33.0,19.0,0.0,28.5,,2.2737367544323206e-13,256.3413461538462,4359.0,256.34134615384625,,0.0,256.3413461538462,,,84.00000000000011,0.0,24.0,2.2737367544323206e-13,2.2737367544323206e-13,,1.7053025658242404e-13,1.5163169112090507e-13,2.625992767833652e-26,0.9435068791198569,0.7908126431493613,0.00026300420186913285,0.04642857142857143,0.000734910405016778,0.9999999997231975,0.47422802461173236,6.6959667625959335e-09,6.6959667625959335e-09,6.082044361106239e-09,,8.5778263145108e-12,0.9999999933040264,2.7225927463116073e-13,,,,,,1.4749084227875944e-13,1.0,0.5,2.847685247612971e-13,2.847685247612971e-13,0.7922684098823389,0.2590182137507685,269,1.380507343770289,0.6630623523073693,815,0,0.24785233644994198,0.2961384272007039,269,0.0,0.34771825100350306,0.6315768962551576,823,317.55944325432995,0.6671284661904298,544.0,404.98106740766013,0.5484489291119864,708,coif,0.5507900112560971,0.8749445204262634,0.351963635992853,2,531.5,1.5163169112090507e-13,0.0001547883299646835,2.625992767833652e-26,0.9435068791198569,0.7908126431493614,0.0012962118440057405,0.28331578947368447,0.0030988723941132116,0.9999999997231974,0.9919828214562036,0.9855281704452468,0.9855281704452468,0.9855281704451354,,1.837741639739923e-12,0.9999999999667601,1.5171946557926922e-13,,,,,1.0,,1.4749084227875944e-13,1.0,0.5,2.847685247612971e-13,2.847685247612971e-13,0.0,2.234570199822112,0.6375734627750224,269,1.4767708561040305,0.6826892417490696,1618,953.8870478206526,0.5000591992554232,943.5,461.3057763645999,0.5027811719547557,1527,0.4784248188775415,0.776734912893196,0.43208215291776214,2,1145.75,,,,,,,,,,,,,1.018112495937461e-18,0.036413600438416405,2.625992767833652e-26,0.9590221398330369,0.24446851298545424,0.0015645369589784956,0.21433364903260743,1.0,0.0030988723941132116,0.9999999999999541,0.0008499884728391236,0.0007982210227401261,0.0007982210227401261,0.0007982210227337879,,0.0,1.4359141228592004e-18,0.020163910573049823,1.4108257588933865e-18,,,,,0.4782608695652174,,4.666576700876887e-21,1.0,0.8604651162790697,9.54194168962319e-19,9.54194168962319e-19,0.9302325581395349,0.5744527218307418,0.17892707859001003,550,1.5963268975742333,0.7748719292642687,1647,775.6961389616426,0.6375251687095127,1098.5,824.6244879380973,0.5621037058500835,1461,986.6382352941176,846.0,585.0035688138154,340,0.4652856568234462,0.8173890317607586,0.42908333069536003,4,1096.75
sym16,1.0,periodization,1.7271915309537388e-19,247.09838747026413,5979529.691427106,0.6213592233009708,297.856744934058,206,raw,3.253290489016742e-10,2.0513857185479646e-10,6.313977009615271,63117.30860581643,0.7630534668755321,5.618943883708841e-06,1.0,327.00000000055877,,,,[],[],13,661.153846152798,86.99999999984902,939.999999998507,"[8, 32, 51, 63, 81, 100, 111, 133, 152, 162, 175, 192, 204]","[877.9999999990063, 637.9999999985914, 786.9999999985334, 791.9999999987457, 939.999999998507, 787.9999999988313, 636.9999999988871, 674.9999999993937, 770.9999999988867, 195.99999999932783, 833.9999999985188, 571.9999999992957, 86.99999999984902]","[0, 13, 39, 39, 76, 99, 107, 107, 107, 161, 99, 187, 203]","[76, 39, 61, 76, 205, 164, 119, 142, 164, 164, 205, 205, 205]",37754612.99996529,940.9999999991176,-940.9999999991176,0.0,,,,DWT,mdp.39015067403892,3.4712255001068115e-05,,0.0,33.0,19.0,0.0,28.5,,8.824372343951836e-10,256.341346152798,4359.000000013626,256.3413461528913,,0.0,256.341346152798,,,83.99999999984902,0.0,19.5,1.4930492397979833e-09,8.824372343951836e-10,,5.587708074017428e-10,4.1104054953147774e-10,1.2222750871784452e-19,0.6979262818275958,0.7849470674391613,0.0002741082720528819,0.48162274618585255,0.00043539500071383745,0.9999999997297211,0.47422802443621576,5.884270401203665e-09,5.884270401203665e-09,5.342537914264392e-09,,2.8106677557213727e-08,0.9999999941156957,1.787790526865517e-09,,,,,,3.435799170883701e-10,1.0,0.0,1.105186644598594e-09,1.105186644598594e-09,0.7422684250831347,0.2426715986532679,598,1.4041896134419918,0.6744370266308038,792,0,0.2061856723426176,0.24635434788888685,607,0.0,0.37065069985826726,0.6732301739575012,742,97.21239632886332,0.8981002134917575,684.75,674.5337062712058,0.5901664589471366,567,sym,0.8243425715244881,0.7368036147090654,0.2019191155201387,6,426.75,4.1104054953147785e-10,0.00015478833009496817,1.2222750871784452e-19,0.6979262818275956,0.7849470674391614,0.0013073044383611258,0.6103985692386303,0.002800065553572073,0.999999999729721,0.9919828214535272,0.9855281704335,0.9855281704335,0.9855281704344334,,6.021666772881147e-09,0.9999999999707894,9.962658707262713e-10,,,,,1.0,,3.435799170883701e-10,1.0,0.25,1.105186644598594e-09,1.105186644598594e-09,0.0,2.2095702039347143,0.6304403980144889,610,1.4572088454664287,0.6736460146606751,1639,727.6128778409574,0.6186515315298966,1124.5,889.0973766118275,0.5146454722639,1449,0.7763846615972358,0.5622554397616224,0.28785410495344815,6,1088.25,,,,,,,,,,,,,2.759881636361324e-15,0.03641360043854203,1.2222750871784452e-19,0.7808877542870125,0.24265525344275707,0.001567130874273215,0.46177783791097265,1.0,0.002800065553572073,0.9999999999999551,0.0008499884728370991,0.0007982210227306119,0.0007982210227306119,0.0007982210227251199,,0.0,4.705011942568647e-15,0.020163910573112863,9.264187345773422e-15,,,,,0.4782608695652174,,1.087079042469271e-17,1.0,0.7906976744186046,3.703227569742759e-15,3.703227569742759e-15,0.9302325581395349,0.5674759776447262,0.1767540042745202,624,1.587399086248086,0.7705382865768521,1660,732.5626253092632,0.6576810162106246,1142.0,907.0402802101577,0.5620180781987703,1462,1409.1368421052632,1454.5,398.32527672708756,380,0.6645304607900322,0.5565550872278735,0.3678621512786154,7,1098.25
sym16,1.0,zero,2.670464705751717e-20,252.98153031764073,4962518.867005617,0.559322033898305,62.015115127712825,206,smoothed,1.3205703628781944e-10,1.310438846314189e-09,6.193724732081837,40699.804607851984,0.9886362581503138,0.0001496656645137282,0.9999999999999997,362.39999999997946,,,,[],[],11,426.5999999995465,32.199999999853475,728.3999999992358,"[9, 31, 53, 64, 80, 102, 131, 148, 158, 175, 192]","[310.99999999947227, 417.79999999958574, 589.5999999994539, 432.1999999992778, 728.3999999992358, 370.99999999947283, 586.9999999998331, 32.199999999853475, 448.19999999967763, 367.99999999957896, 407.19999999957076]","[0, 0, 0, 60, 0, 94, 120, 144, 144, 165, 186]","[20, 40, 75, 75, 205, 120, 205, 149, 205, 186, 205]",30736475.839990865,728.3999999994121,-728.3999999994121,0.0,,,,DWT,mdp.39015067403892,9.130686521530151e-06,,0.0,15.0,11.0,0.0,33.0,,5.878746378584765e-10,168.3999999995466,987.8000000049869,168.39999999961606,,0.0,168.3999999995466,,,27.999999999853486,0.0,15.0,7.64202923164703e-10,5.878746378584765e-10,,2.0520474208751693e-11,2.9006197426143063e-10,7.81538060236855e-20,0.7259557145515435,0.08566372605687322,0.06258980994786043,0.3176914325015456,0.1015790523435429,,0.9999995369624646,3.934116920337811e-09,3.934116920337811e-09,3.2791996598249584e-09,,2.2114157731537072e-10,0.9999999960658617,5.099291238119238e-10,,,,,,1.947735119130533e-10,0.0,0.0,9.037364765810785e-10,9.037364765810785e-10,0.799999863290317,0.3007374727567527,946,0.6774083907583469,0.34389847056654005,840,0,0.1666666289090897,0.2371338246637803,946,0.0,0.18478281938448965,0.3260069043723002,746,96.31026251997585,0.8990458464151196,869.5,861.1180853242768,0.49381013494760173,918,sym,1.0,1.0,0.0,7,690.25,1.6683800854444604e-10,0.9999999999741611,1.8897975737940288e-20,0.7196364108127403,0.7434059379651349,0.00016396105100856435,0.26070472792149857,0.0009893709639290434,0.9999999997463799,2.0315809328042e-05,4.237227235748264e-11,4.237227235748264e-11,3.5318581392829174e-11,,2.2114157731537072e-10,0.0031261328418231704,5.099291238119238e-10,,,,,0.0,,9.037501360630984e-11,0.0,0.0,7.362690207703337e-10,7.362690207703337e-10,1.0,0.2015691619049594,0.05751224488478135,1634,1.6082444354907388,0.743467525563756,1263,262.33661582020915,0.8625070147692824,1448.5,1424.744218156714,0.5516675535062345,1184,0.7763846615972358,0.5622554397616224,0.28785410495344815,6,889.5,,,,,,,,,,,,,1.1202134596057621e-15,0.999999999975098,1.8897975737940288e-20,0.7966354172926988,0.22981340241998147,0.001299769082743338,0.19722796162992548,0.9999999999999997,0.0009893709639290434,0.9999999999999579,9.960751159574107e-05,3.431911872742166e-14,3.431911872742166e-14,2.8605915379509295e-14,,0.0,1.7278833278405712e-16,0.00456704015064154,4.741785375640673e-15,,,,,0.13043478260869565,,2.8594448734623127e-18,0.7209302325581395,0.7209302325581395,2.4670690238520755e-15,2.4670690238520755e-15,1.0,0.3986733618839383,0.124176380827679,1703,1.7728247691570365,0.8605456383724898,868,590.4341622907672,0.7240961858454359,1285.5,1149.905873201089,0.5616976256329983,1463,1409.1368421052632,1454.5,398.32527672708756,380,0.6645304607900322,0.5565550872278735,0.3678621512786154,7,1099.0
sym16,1.0,constant,2.670464705751717e-20,252.98153031764073,4962518.867005617,0.559322033898305,62.015115127712825,206,smoothed,1.3205703628781944e-10,1.310438846314189e-09,6.193724732081837,40699.804607851984,0.9886362581503138,0.0001496656645137282,0.9999999999999997,362.39999999997946,,,,[],[],11,426.5999999995465,32.199999999853475,728.3999999992358,"[9, 31, 53, 64, 80, 102, 131, 148, 158, 175, 192]","[310.99999999947227, 417.79999999958574, 589.5999999994539, 432.1999999992778, 728.3999999992358, 370.99999999947283, 586.9999999998331, 32.199999999853475, 448.19999999967763, 367.99999999957896, 407.19999999957076]","[0, 0, 0, 60, 0, 94, 120, 144, 144, 165, 186]","[20, 40, 75, 75, 205, 120, 205, 149, 205, 186, 205]",30736475.839990865,728.3999999994121,-728.3999999994121,0.0,,,,DWT,mdp.39015067403892,9.130686521530151e-06,,0.0,15.0,11.0,0.0,33.0,,5.878746378584765e-10,168.3999999995466,987.8000000049869,168.39999999961606,,0.0,168.3999999995466,,,27.999999999853486,0.0,15.0,7.64202923164703e-10,5.878746378584765e-10,,2.0520474208751693e-11,2.9006197426143063e-10,7.81538060236855e-20,0.7259557145515435,0.08566372605687322,0.06258980994786043,0.3176914325015456,0.1015790523435429,,0.9999995369624646,3.934116920337811e-09,3.934116920337811e-09,3.2791996598249584e-09,,2.2114157731537072e-10,0.9999999960658617,5.099291238119238e-10,,,,,,1.947735119130533e-10,0.0,0.0,9.037364765810785e-10,9.037364765810785e-10,0.799999863290317,0.3007374727567527,945,0.6774083907583469,0.34389847056654005,841,0,0.1666666289090897,0.2371338246637803,945,0.0,0.18478281938448965,0.3260069043723002,745,96.11104688501386,0.8992546678354152,869.0,860.6324813035548,0.4941766001650871,916,sym,1.0,1.0,0.0,7,688.75,1.6683800854444604e-10,0.9999999999741611,1.8897975737940288e-20,0.7196364108127403,0.7434059379651349,0.00016396105100856435,0.26070472792149857,0.0009893709639290434,0.9999999997463799,2.0315809328042e-05,4.237227235748264e-11,4.237227235748264e-11,3.5318581392829174e-11,,2.2114157731537072e-10,0.0031261328418231704,5.099291238119238e-10,,,,,0.0,,9.037501360630984e-11,0.0,0.0,7.362690207703337e-10,7.362690207703337e-10,1.0,0.2015691619049594,0.05751224488478135,1632,1.6082444354907388,0.743467525563756,1261,262.33661582020915,0.8625070147692824,1446.5,1422.7113722779122,0.5521916625209096,1178,0.7763846615972358,0.5622554397616224,0.28785410495344815,6,885.0,,,,,,,,,,,,,1.1202134596057621e-15,0.999999999975098,1.8897975737940288e-20,0.7966354172926988,0.22981340241998147,0.001299769082743338,0.19722796162992548,0.9999999999999997,0.0009893709639290434,0.9999999999999579,9.960751159574107e-05,3.431911872742166e-14,3.431911872742166e-14,2.8605915379509295e-14,,0.0,1.7278833278405712e-16,0.00456704015064154,4.741785375640673e-15,,,,,0.13043478260869565,,2.8594448734623127e-18,0.7209302325581395,0.7209302325581395,2.4670690238520755e-15,2.4670690238520755e-15,1.0,0.3986733618839383,0.124176380827679,1704,1.7728247691570365,0.8605456383724898,867,591.8483758531403,0.723435338386383,1285.5,1149.2555425904318,0.5613672019034719,1464,1409.1368421052632,1454.5,398.32527672708756,380,0.6645304607900322,0.5565550872278735,0.3678621512786154,7,1099.75
sym16,1.0,smooth,2.670464705751717e-20,252.98153031764073,4962518.867005617,0.559322033898305,62.015115127712825,206,smoothed,1.3205703628781944e-10,1.310438846314189e-09,6.193724732081837,40699.804607851984,0.9886362581503138,0.0001496656645137282,0.9999999999999997,362.39999999997946,,,,[],[],11,426.5999999995465,32.199999999853475,728.3999999992358,"[9, 31, 53, 64, 80, 102, 131, 148, 158, 175, 192]","[310.99999999947227, 417.79999999958574, 589.5999999994539, 432.1999999992778, 728.3999999992358, 370.99999999947283, 586.9999999998331, 32.199999999853475, 448.19999999967763, 367.99999999957896, 407.19999999957076]","[0, 0, 0, 60, 0, 94, 120, 144, 144, 165, 186]","[20, 40, 75, 75, 205, 120, 205, 149, 205, 186, 205]",30736475.839990865,728.3999999994121,-728.3999999994121,0.0,,,,DWT,mdp.39015067403892,9.130686521530151e-06,,0.0,15.0,11.0,0.0,33.0,,5.878746378584765e-10,168.3999999995466,987.8000000049869,168.39999999961606,,0.0,168.3999999995466,,,27.999999999853486,0.0,15.0,7.64202923164703e-10,5.878746378584765e-10,,2.0520474208751693e-11,2.9006197426143063e-10,7.81538060236855e-20,0.7259557145515435,0.08566372605687322,0.06258980994786043,0.3176914325015456,0.1015790523435429,,0.9999995369624646,3.934116920337811e-09,3.934116920337811e-09,3.2791996598249584e-09,,2.2114157731537072e-10,0.9999999960658617,5.099291238119238e-10,,,,,,1.947735119130533e-10,0.0,0.0,9.037364765810785e-10,9.037364765810785e-10,0.799999863290317,0.3007374727567527,944,0.6774083907583469,0.34389847056654005,842,0,0.1666666289090897,0.2371338246637803,944,0.0,0.18478281938448965,0.3260069043723002,747,94.62689892414313,0.9008103784862231,869.25,861.1446066736186,0.49482342823682224,914,sym,1.0,1.0,0.0,7,687.25,1.6683800854444604e-10,0.9999999999741611,1.8897975737940288e-20,0.7196364108127403,0.7434059379651349,0.00016396105100856435,0.26070472792149857,0.0009893709639290434,0.9999999997463799,2.0315809328042e-05,4.237227235748264e-11,4.237227235748264e-11,3.5318581392829174e-11,,2.2114157731537072e-10,0.0031261328418231704,5.099291238119238e-10,,,,,0.0,,9.037501360630984e-11,0.0,0.0,7.362690207703337e-10,7.362690207703337e-10,1.0,0.2015691619049594,0.05751224488478135,1633,1.6082444354907388,0.743467525563756,1262,262.33661582020915,0.8625070147692824,1447.5,1423.7278065630396,0.551929608013572,1181,0.7763846615972358,0.5622554397616224,0.28785410495344815,6,887.25,,,,,,,,,,,,,1.1202134596057621e-15,0.999999999975098,1.8897975737940288e-20,0.7966354172926988,0.22981340241998147,0.001299769082743338,0.19722796162992548,0.9999999999999997,0.0009893709639290434,0.9999999999999579,9.960751159574107e-05,3.431911872742166e-14,3.431911872742166e-14,2.8605915379509295e-14,,0.0,1.7278833278405712e-16,0.00456704015064154,4.741785375640673e-15,,,,,0.13043478260869565,,2.8594448734623127e-18,0.7209302325581395,0.7209302325581395,2.4670690238520755e-15,2.4670690238520755e-15,1.0,0.3986733618839383,0.124176380827679,1705,1.7728247691570365,0.8605456383724898,869,591.1412690719537,0.7237657621159095,1287.0,1151.2393162393162,0.5611819464785155,1465,1409.1368421052632,1454.5,398.32527672708756,380,0.6645304607900322,0.5565550872278735,0.3678621512786154,7,1100.5
sym2,1.0,antireflect,1.7763869391342094e-21,264.75202302877875,4954337.163153224,0.5288461538461539,102.98779987275864,206,smoothed,3.24726135948332e-11,1.1954488510146278e-10,6.205222478324945,32885.98786985887,0.9781953005103745,0.0001496656645133756,0.9999999999999997,362.39999999999554,,,,[],[],11,426.5999999998908,32.199999999946556,728.3999999998398,"[9, 31, 53, 64, 80, 102, 131, 148, 158, 175, 192]","[310.9999999998529, 417.799999999899, 589.5999999998551, 432.1999999998291, 728.3999999998398, 370.9999999998706, 586.9999999999744, 32.199999999946556, 448.1999999999313, 367.99999999990325, 407.19999999989716]","[0, 0, 0, 60, 0, 94, 120, 144, 144, 165, 186]","[20, 40, 75, 75, 205, 120, 205, 149, 205, 186, 205]",30736475.83999804,728.3999999998398,-728.3999999998398,0.0,,,,DWT,mdp.39015067403892,1.955777406692505e-06,,0.0,15.0,11.0,0.0,33.0,,1.6018475434975699e-10,168.3999999998909,987.8000000011998,168.39999999990542,,0.0,168.3999999998909,,,27.999999999946567,0.0,15.0,1.6018475434975699e-10,1.6018475434975699e-10,,4.433786671143025e-12,7.128894663120587e-11,5.198768611745809e-21,0.7706766762800924,0.10224812193896088,0.059078591869592086,0.10835311892941973,0.036780371362355416,,0.9999996181210371,4.292360744176979e-09,4.292360744176979e-09,3.5802794330756657e-09,,4.7781282633238e-11,0.9999999957076339,1.0688636350059516e-10,,,,,,4.1720152490556085e-11,0.0,0.0,2.4625114977813574e-10,2.4625114977813574e-10,0.7999998871363228,0.3007374817209886,923,0.6011227588104288,0.3051707067670365,913,0,0.16666663555688016,0.23713383412227831,923,0.0,0.1538766972073871,0.2714801401922152,914,5.5,0.9942348008385744,918.25,918.2252905490889,0.5158542976939203,851,sym,1.0,1.0,0.0,7,640.0,4.10113627954766e-11,0.9999999999717137,1.2570882266250943e-21,0.7630721936259116,0.7473778325116781,0.00015476302010045454,0.08891700404858327,0.00035823755615844695,0.9999999997284309,2.0315810976834214e-05,4.623068594611368e-11,4.623068594611368e-11,3.856132080315433e-11,,4.7781282633238e-11,0.003126132840703344,1.0688636350059516e-10,,,,,0.0,,1.9358173049087176e-11,0.0,0.0,2.0061942569433383e-10,2.0061942569433383e-10,1.0,0.20156916137021222,0.05751224473220587,1665,1.5673197104785228,0.724548632783676,1412,178.89801564019652,0.9062379372954945,1538.5,1528.0987975300618,0.5499481091089632,1198,0.7763846615972358,0.5622554397616224,0.28785410495344815,6,900.0,,,,,,,,,,,,,2.753657934488529e-16,0.9999999999727396,1.2570882266250943e-21,0.8281420044068537,0.23104125728793284,0.0012976181960986585,0.06726736259275856,0.9999999999999997,0.00035823755615844695,0.9999999999999549,9.960751159698833e-05,3.744422306939388e-14,3.744422306939388e-14,3.123250356257268e-14,,0.0,3.7333767194339215e-17,0.004567040150624018,9.93926747140391e-16,,,,,0.13043478260869565,,6.124881919900914e-19,0.7209302325581395,0.7209302325581395,6.722297920339537e-16,6.722297920339537e-16,1.0,0.39867336188392993,0.12417638082767637,1731,1.7401048804374983,0.8446630999425805,1020,502.7529214236353,0.7650687283067125,1375.5,1283.620501635769,0.5611558594804591,1466,1409.1368421052632,1454.5,398.32527672708756,380,0.6645304607900322,0.5565550872278735,0.3678621512786154,7,1101.25
sym14,1.0,constant,3.4268541926855225e-21,264.12283620586084,6011678.791097813,0.5905172413793104,230.34477236200334,206,raw,4.560627172567656e-11,-5.222433598567916e-11,6.281617443235379,67137.6551002693,0.8064724356085547,5.6189438836927355e-06,1.0,327.0000000000741,,,,[],[],13,661.1538461536968,86.99999999997888,939.9999999997809,"[8, 32, 51, 63, 81, 100, 111, 133, 152, 162, 175, 192, 204]","[877.9999999998804, 637.9999999998067, 786.9999999997985, 791.9999999998113, 939.9999999997809, 787.9999999998262, 636.9999999998422, 674.9999999999168, 770.9999999998319, 195.9999999999108, 833.9999999997879, 571.999999999888, 86.99999999997888]","[0, 13, 39, 39, 76, 99, 107, 107, 107, 161, 99, 187, 203]","[76, 39, 61, 76, 205, 164, 119, 142, 164, 164, 205, 205, 205]",37754612.99999491,940.9999999998647,-940.9999999998647,0.0,,,,DWT,mdp.39015067403892,5.088746547698975e-06,,0.0,33.0,19.0,0.0,28.5,,1.3528733688872308e-10,256.3413461536968,4359.000000001941,256.34134615371056,,0.0,256.3413461536968,,,83.99999999997888,0.0,19.5,2.190745362895541e-10,1.3528733688872308e-10,,7.412381819449365e-11,5.760596769781632e-11,2.425068142701833e-21,0.7607503518084224,0.7737684605613273,0.0003102883077171295,0.25030788177339924,0.0007608943018076837,0.9999999997258421,0.4742280245870689,6.580286825625278e-09,6.580286825625278e-09,5.97697282011746e-09,,3.728495171374028e-09,0.9999999934196386,2.623218111071234e-10,,,,,,5.036812263819635e-11,1.0,0.0,1.694372722329718e-10,1.694372722329718e-10,0.7422684119155714,0.2426715943483648,668,1.343917095857277,0.6454879323217061,822,0,0.20618567012702607,0.24635434524165828,659,0.0,0.3482372345670152,0.6325195503358809,821,91.29622117042962,0.9043016549576209,742.5,734.075810936179,0.5629998840825841,663,sym,0.8243425715244881,0.7368036147090654,0.2019191155201387,6,498.75,5.7605967697816325e-11,0.00015478832998322423,2.4250681427018335e-21,0.7607503518084224,0.7737684605613274,0.0013434470827019573,0.4365471869328497,0.0031247948207847446,0.999999999725842,0.9919828214558275,0.9855281704435725,0.9855281704435725,0.9855281704436147,,7.988050327402866e-10,0.9999999999673341,1.461817050856259e-10,,,,,1.0,,5.036812263819635e-11,1.0,0.25,1.694372722329718e-10,1.694372722329718e-10,0.0,2.2095702003850954,0.6304403970017023,661,1.4199213940151356,0.6564085794466602,1649,698.6214998123089,0.6338461741025634,1155.0,943.7134199134199,0.5142501310764389,1452,0.7763846615972358,0.5622554397616224,0.28785410495344815,6,1090.5,,,,,,,,,,,,,3.86788244068002e-16,0.03641360043843429,2.4250681427018335e-21,0.8264578328149047,0.23919954566627313,0.0015755825452659228,0.33025604299730826,1.0,0.0031247948207847446,0.9999999999999545,0.0008499884728388391,0.0007982210227387702,0.0007982210227387702,0.0007982210227325563,,0.0,6.241440054027993e-16,0.0201639105730588,1.3593306186937781e-15,,,,,0.4782608695652174,,1.5936359433494568e-18,1.0,0.7906976744186046,5.677455305325797e-16,5.677455305325797e-16,0.9302325581395349,0.5674759776446997,0.17675400427451193,680,1.5605386790534617,0.7574999949992621,1674,702.8641404994282,0.6715588128507345,1177.0,967.1367884451997,0.5607794064253673,1467,1409.1368421052632,1454.5,398.32527672708756,380,0.6645304607900322,0.5565550872278735,0.3678621512786154,7,1102.0
sym8,1.0,periodic,4.237744464198701e-21,263.20044481628,6125504.9831258375,0.6272727272727273,285.3621825716152,206,raw,5.172148793395509e-11,-1.4825696227061563e-10,6.426962392158764,61610.9591560338,0.7608873987076962,5.618943883691142e-06,0.9999999999999999,327.0000000000262,,,,[],[],13,661.1538461537631,86.99999999996314,939.9999999998781,"[8, 32, 51, 63, 81, 100, 111, 133, 152, 162, 175, 192, 204]","[877.9999999998245, 637.999999999993, 787.0000000000201, 791.9999999998688, 939.9999999998781, 787.999999999852, 636.9999999999462, 675.0000000000032, 770.9999999997867, 196.00000000004457, 833.9999999999262, 571.9999999998117, 86.99999999996314]","[0, 13, 42, 42, 76, 99, 107, 107, 107, 161, 164, 187, 203]","[76, 42, 61, 76, 205, 164, 119, 142, 164, 164, 205, 205, 205]",37754612.999997295,940.9999999998511,-940.9999999998511,0.0,,,,DWT,mdp.39015067403892,2.7045607566833496e-06,,0.0,33.0,19.0,0.0,28.5,,1.48929757415317e-10,256.3413461537631,4359.0000000010805,256.34134615377053,,0.0,256.3413461537631,,,83.99999999996314,0.0,28.5,1.2187229003757238e-10,1.48929757415317e-10,,2.6204816094832495e-11,6.533264946901679e-11,2.9989077927957823e-21,0.7573465187616836,0.823977849235429,0.0004383863175924031,0.5259740259740263,0.0003134364347584236,0.9999999997243947,0.47422802456877766,6.631612094463857e-09,6.631612094463857e-09,6.023412064249493e-09,,1.318125976996493e-09,0.9999999933683879,1.4593097120230215e-10,,,,,,2.6769587873594837e-11,1.0,1.0,1.8652338371864962e-10,1.8652338371864962e-10,0.8422684106608408,0.2753648340724193,53,1.4771310139063925,0.7094710282902453,665,0,0.28951900325730623,0.345922509738577,53,0.0,0.38850627706415214,0.7056620926157584,618,340.31198920990136,0.6432788373061831,347.25,97.90068757521583,0.6396425633071796,435,sym,0.8243425715244881,0.7368036147090654,0.2019191155201387,6,327.75,6.533264946901679e-11,0.000154788329972122,2.9989077927957827e-21,0.7573465187616835,0.8239778492354292,0.0014714127059162372,0.6437320574162682,0.002678395505065298,0.9999999997243946,0.9919828214555486,0.9855281704443155,0.9855281704443155,0.9855281704442869,,2.8239963197336817e-10,0.9999999999670797,8.13216335504883e-11,,,,,1.0,,2.6769587873594837e-11,1.0,0.75,1.8652338371864962e-10,1.8652338371864962e-10,0.0,2.259570200089935,0.6447065287853904,53,1.5257431598045654,0.7053284106775687,1525,1040.861181906598,0.4544752715374225,789.0,102.43979721166033,0.5204766294794031,1405,0.7763846615972358,0.5622554397616224,0.28785410495344815,6,1055.25,,,,,,,,,,,,,4.386681064189326e-16,0.036413600438423635,2.9989077927957827e-21,0.8239888278732785,0.2547210660837812,0.0016055062922830181,0.48699523991094845,0.9999999999999999,0.002678395505065298,0.9999999999999543,0.0008499884728386281,0.0007982210227393718,0.0007982210227393718,0.0007982210227331007,,0.0,2.2065213687936384e-16,0.02016391057305482,7.562026067668552e-16,,,,,0.4782608695652174,,8.46983671209155e-19,1.0,0.9302325581395349,6.249971806703189e-16,6.249971806703189e-16,0.9302325581395349,0.5814294660167907,0.18110015290551024,31,1.6293501172099136,0.790901707343246,1564,1083.9946955589774,0.4934604226359919,797.5,60.79498432601881,0.5603984356170613,1468,1409.1368421052632,1454.5,398.32527672708756,380,0.6645304607900322,0.5565550872278735,0.3678621512786154,7,1102.75
sym14,1.0,zero,3.427532003297509e-21,264.1219772831182,6012498.08018946,0.5905172413793104,230.34477236200334,206,raw,4.560775489740655e-11,-4.3242853761066105e-11,6.279355518531454,68000.63254309252,0.8089559632678848,5.6189438836927355e-06,1.0,327.0000000000742,,,,[],[],13,661.1538461536971,86.99999999997888,939.9999999997809,"[8, 32, 51, 63, 81, 100, 111, 133, 152, 162, 175, 192, 204]","[877.9999999998835, 637.9999999998067, 786.9999999997985, 791.9999999998113, 939.9999999997809, 787.9999999998262, 636.9999999998422, 674.9999999999168, 770.9999999998319, 195.9999999999108, 833.9999999997879, 571.999999999888, 86.99999999997888]","[0, 13, 39, 39, 76, 99, 107, 107, 107, 161, 99, 187, 203]","[76, 39, 61, 76, 205, 164, 119, 142, 164, 164, 205, 205, 205]",37754612.99999491,940.9999999998647,-940.9999999998647,0.0,,,,DWT,mdp.39015067403892,5.088746547698975e-06,,0.0,33.0,19.0,0.0,28.5,,1.3528733688872308e-10,256.34134615369715,4359.000000001937,256.3413461537108,,0.0,256.34134615369715,,,83.99999999997888,0.0,19.5,2.190745362895541e-10,1.3528733688872308e-10,,7.418066161335446e-11,5.76078417110285e-11,2.4255478063728334e-21,0.7607471821890516,0.7729870790447891,0.0003112103213616395,0.25030788177339924,0.0008307635419058409,0.9999999997259774,0.4742280245870689,6.580550935070417e-09,6.580550935070417e-09,5.977148893080994e-09,,3.731354446812198e-09,0.9999999934194219,2.623218111071234e-10,,,,,,5.036812263819635e-11,1.0,0.0,1.694372722329718e-10,1.694372722329718e-10,0.7422684119171039,0.24267159434886582,667,1.3435529120303016,0.6453130135962996,823,0,0.206185670127305,0.24635434524199154,658,0.0,0.3481480145817616,0.6323574959104724,822,92.44998647917694,0.9030922573593533,742.5,733.8615962629115,0.5623951852834502,665,sym,0.8243425715244881,0.7368036147090654,0.2019191155201387,6,500.25,5.76078417110285e-11,0.00015478832998322423,2.4255478063728337e-21,0.7607471821890516,0.7729870790447892,0.0013443681434643117,0.4365471869328497,0.0031944987711819816,0.9999999997259773,0.9919828214558275,0.9855281704435764,0.9855281704435764,0.9855281704436174,,7.994176132868665e-10,0.999999999967333,1.461817050856259e-10,,,,,1.0,,5.036812263819635e-11,1.0,0.25,1.694372722329718e-10,1.694372722329718e-10,0.0,2.209570200385404,0.6304403970017903,656,1.4195571435958387,0.6562401918856999,1650,702.8641404994282,0.631622567872417,1153.0,938.7684301821336,0.5136624369760407,1457,0.7763846615972358,0.5622554397616224,0.28785410495344815,6,1094.25,,,,,,,,,,,,,3.8680082690114703e-16,0.03641360043843429,2.4255478063728337e-21,0.8264555336992365,0.23895799265232323,0.0015757979280269156,0.33025604299730826,1.0,0.0031944987711819816,0.9999999999999546,0.0008499884728388391,0.0007982210227387733,0.0007982210227387733,0.0007982210227325583,,0.0,6.246226434437523e-16,0.020163910573058785,1.3593306186937781e-15,,,,,0.4782608695652174,,1.5936359433494568e-18,1.0,0.7906976744186046,5.677455305325797e-16,5.677455305325797e-16,0.9302325581395349,0.5674759776446997,0.17675400427451193,677,1.5604445123486255,0.7574542856045512,1675,705.6925676241744,0.6702371179326287,1176.0,964.2644557823129,0.5603522038261275,1469,1409.1368421052632,1454.5,398.32527672708756,380,0.6645304607900322,0.5565550872278735,0.3678621512786154,7,1103.5
db14,1.0,antireflect,7.810871788249019e-27,318.32040365119263,5350724.544217474,0.5387931034482759,115.12708614995744,206,smoothed,5.504119274704755e-14,-2.0746402373816916e-10,6.3838081588839595,75760.18084777867,0.9927855217314301,0.00014966566451320268,0.9999999999999999,362.4,,,,[],[],11,426.60000000000014,32.20000000000002,728.4000000000002,"[9, 31, 53, 64, 80, 102, 131, 148, 158, 175, 192]","[311.00000000000006, 417.8000000000002, 589.6000000000003, 432.1999999999999, 728.4000000000002, 371.0000000000003, 587.0, 32.20000000000002, 448.2000000000001, 368.0, 407.20000000000016]","[1, 1, 1, 60, 1, 94, 120, 144, 144, 165, 186]","[20, 40, 75, 75, 204, 120, 204, 149, 204, 186, 204]",30736475.84,728.4000000000002,-728.4000000000002,0.0,,,,DWT,mdp.39015067403892,3.725290298461914e-09,,0.0,15.0,11.0,0.0,33.0,,2.2737367544323206e-13,168.4000000000002,987.7999999999975,168.4000000000001,,0.0,168.4000000000002,,,28.00000000000003,0.0,33.0,2.2737367544323206e-13,2.2737367544323206e-13,,0.0,7.208087007207126e-14,1.8071406039406603e-26,0.9742050721142281,0.3598408329485788,0.229190168076674,0.17667855042908134,0.39232891393230057,,0.9999996647345563,4.406097391567225e-09,4.406097391567225e-09,3.6787861342541454e-09,,0.0,0.9999999955939026,1.5171946557926922e-13,,,,,,7.946695712486874e-14,0.0,1.0,3.4954031196328703e-13,3.4954031196328703e-13,0.8999999009648678,0.33832967743805625,483,1.1066415295257377,0.5618063411397571,155,0,0.2499999727350308,0.3557007787853891,473,0.0,0.3046062196429908,0.5374078123125323,153,187.10781205853843,0.8038702179679891,316.0,232.93572705852486,0.736316660346678,253,db,0.573477938514061,0.8443824841957417,0.34525069778143475,3,190.5,5.1197657459004446e-14,0.9999999999705134,4.730612606920016e-27,0.9607516454101775,0.8090702264561219,0.0006003894383124831,0.14498638838475547,0.0038212488382119566,0.9999999997235023,2.0315811923854454e-05,4.745570603148508e-11,4.745570603148508e-11,3.962224992548613e-11,,0.0,0.003126132840347795,1.5171946557926922e-13,,,,,0.0,,3.687271056968986e-14,0.0,1.0,2.847685247612971e-13,2.847685247612971e-13,1.0,0.30156916120431937,0.08604450842068113,1513,1.7408093499630812,0.8047503173859142,332,835.0931085813127,0.5623201736995216,922.5,544.5159891598915,0.5394148038308929,1270,0.49117026184683504,0.8233619396015222,0.4091722348267588,4,953.5,,,,,,,,,,,,,3.43760426573201e-19,0.9999999999715827,4.730612606920016e-27,0.9715308065635574,0.2501125859278601,0.0014018244029514306,0.10968489169026671,0.9999999999999999,0.0038212488382119566,0.9999999999999541,9.960751159770467e-05,3.843648489765261e-14,3.843648489765261e-14,3.209173378426744e-14,,0.0,0.0,0.004567040150618456,1.4108257588933865e-18,,,,,0.13043478260869565,,1.1666441752192217e-21,0.7209302325581395,1.0,9.54194168962319e-19,9.54194168962319e-19,1.0,0.42658033862811345,0.13286867808967343,1603,1.854078145306388,0.8999867831854715,250,956.7154749453988,0.5529366939507483,926.5,432.54182406907717,0.5599963843585517,1470,1009.0473684210526,935.5,610.6543869996938,760,0.4758535102197843,0.8532293215616218,0.41093374637766444,5,1103.75
db16,1.0,smooth,1.1965795474559815e-26,318.6923767146642,74952065.09824046,0.597457627118644,300.8081518753155,206,raw,7.350538732163876e-14,-2.159836753890005e-10,4.107612792783954,1304203.558744644,0.9900754436098637,5.618943883690062e-06,0.9999999999999998,327.0,,,,[],[],13,661.1538461538462,86.99999999999991,940.0000000000002,"[8, 32, 51, 63, 81, 100, 111, 133, 152, 162, 175, 192, 204]","[878.0, 638.0, 787.0000000000001, 792.0000000000001, 940.0000000000002, 788.0000000000002, 636.9999999999999, 675.0, 771.0000000000002, 196.00000000000017, 834.0, 571.9999999999999, 86.99999999999991]","[0, 13, 39, 39, 76, 99, 107, 107, 107, 161, 164, 187, 203]","[76, 39, 61, 76, 205, 164, 119, 142, 164, 164, 205, 205, 205]",37754613.0,941.0000000000002,-941.0000000000002,0.0,,,,DWT,mdp.39015067403892,0.0,,0.0,33.0,19.0,0.0,28.5,,2.2737367544323206e-13,256.3413461538462,4359.0,256.3413461538462,,0.0,256.3413461538462,,,83.99999999999991,0.0,24.0,2.2737367544323206e-13,2.2737367544323206e-13,,0.0,7.452748763675938e-14,7.670911730092933e-27,0.9621243102249658,0.022758912019266275,0.07789459582635305,0.3023607748184016,0.10091745732413748,0.999999999723374,0.47422802461150126,6.6959667625959335e-09,6.6959667625959335e-09,6.082000342865356e-09,,0.0,0.9999999933040264,2.7225927463116073e-13,,,,,,0.0,1.0,0.5,2.847685247612971e-13,2.847685247612971e-13,0.7922684098778938,0.2590182137493153,503,1.1889126328041768,0.5710387637939716,850,0,0.2478523364491919,0.29613842719980765,503,0.0,0.30825700624207164,0.5599015947233468,884,210.6133898877277,0.7792312474971408,685.0,636.5539060598686,0.5306009486961595,760,db,0.540986235965534,0.9305070477545101,0.3421575204977732,3,570.75,7.452748763675936e-14,0.0001547883299646835,7.670911730092933e-27,0.9621243102249658,0.022758912019266275,0.07884757281375271,0.4756690454950936,0.103044417405178,0.9999999997233738,0.9919828214562001,0.9855281704452468,0.9855281704452468,0.9855281704451347,,0.0,0.9999999999667601,1.5171946557926922e-13,,,,,1.0,,0.0,1.0,0.5,2.847685247612971e-13,2.847685247612971e-13,0.0,2.234570199821118,0.6375734627747388,501,1.2596096500999592,0.5822988403191884,1683,835.8002153624992,0.5619495726611639,1092.0,772.1456043956043,0.4948112643180033,1562,0.49117026184683504,0.8233619396015222,0.4091722348267588,4,1172.5,,,,,,,,,,,,,5.004057258275102e-19,0.03641360043841641,7.670911730092933e-27,0.9725264829567212,0.007035594874102075,0.019699308221759314,0.35985245454274434,0.9999999999999998,0.10304441740517799,0.9999999999999541,0.000849988472839121,0.0007982210227401261,0.0007982210227401261,0.0007982210227337874,,0.0,0.0,0.020163910573049823,1.4108257588933865e-18,,,,,0.4782608695652174,,0.0,1.0,0.8604651162790697,9.54194168962319e-19,9.54194168962319e-19,0.9302325581395349,0.5744527218307418,0.17892707859001003,509,1.592966170232639,0.7732406009424384,1649,806.1017305526642,0.6233169483398766,1079.0,777.887859128823,0.5595556704316205,1471,1009.0473684210526,935.5,610.6543869996938,760,0.4758535102197843,0.8532293215616218,0.41093374637766444,5,1104.5
dmey,1.0,antireflect,0.6050153544825797,61.654128502476,7091735.52580307,0.6203007518796992,294.4925796145485,206,raw,0.6146272597788871,-24.781306261814528,6.7344661809262885,143587.5499858953,0.8942438637565092,5.5966436805550725e-06,0.9999975817629807,326.9801206576158,,,,[],[],13,662.4452066756264,87.29312740297578,940.8351365651408,"[8, 32, 51, 63, 81, 100, 111, 133, 152, 162, 175, 192, 204]","[880.7922975189588, 638.7272377927975, 793.8803675124925, 787.7532306423487, 940.8351365651408, 789.6678941089613, 638.721977086629, 677.1222546861662, 772.2644605331111, 196.3898736995066, 835.0724737513339, 573.2673554827201, 87.29312740297578]","[0, 13, 39, 61, 76, 99, 107, 107, 107, 161, 164, 187, 203]","[76, 39, 76, 76, 205, 164, 119, 142, 164, 164, 205, 205, 205]",37828231.96374987,941.7984508668359,-941.7984508668359,0.0,,,,DWT,mdp.39015067403892,73618.96374987066,,0.0,33.0,19.0,0.0,28.5,,0.7984508668358785,257.6327066756264,4342.212313216856,257.6327066756263,,0.0,257.6327066756264,,,84.29312740297578,0.0,24.0,0.8351365651408287,0.7984508668358785,,0.019879342384172105,0.7765922058139607,0.4281489265741026,0.013594983711906927,0.9302049824337497,0.001525765306491426,0.4736842105263157,0.006950506910647214,0.6264992837652934,0.8147455968753463,1.0,1.0,1.0,,0.9999489218835577,0.0,0.9999999999998639,,,,,,0.7286762977667102,1.0,0.5,0.9999999999999998,0.9999999999999998,3.05873628888767,1.0,1,1.4067429822668172,0.6756634183243628,788,0,0.8369475680437898,1.0,1,0.0,0.4071501081303084,0.7395257535685159,443,381.7166270066492,0.5998777494689211,308.25,1.9964798348296178,0.6383822709608756,440,dmey,1.0,0.5967959140315767,0.12096122579052698,7,331.75,0.7765922058139608,0.0,0.4281489265741026,0.013594983711906816,0.9302049824337497,0.0025576679109741585,0.604432132963989,0.009299764659565671,0.6264992837652933,0.9971751677620742,0.9999999999999999,0.9999999999999999,1.0,,0.21423233625630475,0.9950358310525398,0.5572609630463032,,,,,1.0,,0.7286762977667102,1.0,0.5,0.9999999999999998,0.9999999999999998,0.0,3.396755264389551,0.9691711704955774,2,1.460497805643695,0.6751664521207454,1635,1154.705373677632,0.3948085043618281,818.5,3.9951130116065974,0.4829126379251488,1616,1.0,0.16047866370298075,0.25185640088910577,7,1213.75,,,,,,,,,,,,,5.2143336471555305e-06,0.03626442541829936,0.4281489265741026,0.2845010826857669,0.28755967775326663,0.0018595184647375433,0.45726411821734014,0.9999981126064063,0.009299764659565673,0.9999381684005869,0.0008539162803821788,0.0008099423706777472,0.0008099423706777472,0.0008099423706714075,,0.0,1.6738981723627014e-07,0.020086242272311493,5.181919921018266e-06,,,,,0.4782608695652174,,2.305515231388073e-08,1.0,0.8604651162790697,3.3507711913111097e-06,3.3507711913111097e-06,0.9302325581395349,0.5744296417267012,0.17891988973802517,607,1.5697805611440674,0.7619860905580494,1666,748.8260812765539,0.6500812704315169,1136.5,889.8037835459745,0.5595032520381884,1472,1640.65,1604.0,395.57969121943455,20,0.7737090308889414,0.5527188516912812,0.2925880228703567,9,1106.25
sym19,1.0,antireflect,1.3905469902033964e-19,245.81554204856286,5610929.433080972,0.5289256198347108,99.33326857502095,206,smoothed,3.143403035169373e-10,,6.467872609423524,93536.12639791952,0.9936553299859755,0.00014966566451253395,0.9999999999999993,362.400000000048,,,,[],[],11,426.6000000009789,32.20000000009253,728.4000000012358,"[9, 31, 53, 64, 80, 102, 131, 148, 158, 175, 192]","[311.00000000095827, 417.8000000010074, 589.6000000011203, 432.2000000016077, 728.4000000012358, 371.0000000011701, 587.0000000006531, 32.20000000009253, 448.20000000090107, 368.00000000102864, 407.20000000099327]","[1, 1, 1, 60, 1, 94, 120, 144, 144, 165, 186]","[20, 40, 75, 75, 203, 120, 203, 149, 203, 186, 203]",30736475.84002509,728.4000000010955,-728.4000000010955,0.0,,,,DWT,mdp.39015067403892,2.5093555450439453e-05,,0.0,33.0,11.0,0.0,33.0,,1.095486368285492e-09,168.400000000979,987.7999999892309,168.40000000097893,,0.0,168.400000000979,,,28.00000000009254,0.0,33.0,1.2357759260339662e-09,1.095486368285492e-09,,4.803268893738277e-11,6.905127795142499e-10,4.069574291107495e-19,0.6987291663522985,0.48109573785605575,0.34085836412901904,0.10889896948410026,0.5397418701694056,,0.999999745397504,5.424522420902975e-09,5.424522420902975e-09,4.697270309753051e-09,,5.176305618600784e-10,0.9999999945754829,8.245952954233282e-10,,,,,,5.352894231931158e-10,1.0,1.0,1.684085223039117e-09,1.684085223039117e-09,0.9999999271832789,0.37592187781274594,26,1.0896708868724727,0.5531908912389143,165,0,0.3333333133970824,0.47426772840540554,26,0.0,0.3099034440973418,0.5467535499297015,146,75.1681448487323,0.9212073953367585,90.75,44.52706785625422,0.9130408045866183,34,sym,1.0,1.0,0.0,7,27.25,3.9715607909563833e-10,0.9999999999658717,9.84043118863266e-20,0.693192291799535,0.8381102770535506,0.0008929168449977752,0.0893649412788172,0.005257037962476271,,2.031581356259915e-05,5.84246540036304e-11,5.84246540036304e-11,5.059180852029499e-11,,5.176305618600784e-10,0.003126132837164064,8.245952954233282e-10,,,,,0.0,,2.483745783974309e-10,1.0,1.0,1.3720147522999295e-09,1.3720147522999295e-09,1.0,0.40156916255698927,0.11457677254243673,974,1.1732657638344208,0.5423833436118672,1768,561.4427842621187,0.7057427755439629,1371.0,1256.0408460977387,0.49359465821223303,1564,0.7763846615972358,0.5622554397616224,0.28785410495344815,6,1174.5,,,,,,,,,,,,,2.6666560530699592e-15,0.9999999999671093,9.84043118863266e-20,0.7774539064418344,0.25908990571159923,0.001470229619081702,0.0676062354147497,0.9999999999999994,0.0052570379624762706,,9.960751159894434e-05,4.732065433943333e-14,4.732065433943333e-14,4.09764453271344e-14,,0.0,4.044491446053415e-16,0.004567040150568644,7.667837999585555e-15,,,,,0.13043478260869565,,7.858515164276677e-18,1.0,1.0,4.597307506060452e-15,4.597307506060452e-15,1.0,0.45448731537228887,0.14156097535166795,1306,1.3258977208714646,0.643603090657684,1786,339.4112549695428,0.8413966098273165,1546.0,1508.7425614489005,0.5594833516426302,1473,1409.1368421052632,1454.5,398.32527672708756,380,0.6645304607900322,0.5565550872278735,0.3678621512786154,7,1106.5
bior5.5,1.0,antireflect,2.1472336418582853e-20,253.92860571379558,4893841.43246315,0.5277777777777778,112.1905758205618,206,smoothed,1.200543491185995e-10,,6.296522262720129,42590.26722093664,0.9822259774704115,0.00014966566451292334,1.0,362.4000000000248,,,,[],[],11,426.60000000037456,32.200000000052114,728.4000000005102,"[9, 31, 53, 64, 80, 102, 131, 148, 158, 175, 192]","[311.0000000003758, 417.800000000337, 589.600000000416, 432.2000000007008, 728.4000000005102, 371.00000000047, 587.0000000001746, 32.200000000052114, 448.20000000030427, 368.00000000039205, 407.2000000003869]","[1, 1, 1, 60, 1, 94, 120, 144, 144, 165, 186]","[20, 40, 75, 75, 203, 120, 203, 149, 203, 186, 203]",30736475.840008914,728.4000000004494,-728.4000000004494,0.0,,,,DWT,mdp.39015067403892,8.918344974517822e-06,,0.0,33.0,11.0,0.0,33.0,,4.4940406951354817e-10,168.40000000037463,987.7999999958784,168.40000000037452,,0.0,168.40000000037463,,,28.000000000052125,0.0,33.0,5.102265276946127e-10,4.4940406951354817e-10,,2.4840574042173102e-11,2.6369375179551236e-10,6.284092752347893e-20,0.7295540450195122,0.23393930178793707,0.033116554244031066,0.10101446147204873,0.11725634397702925,,0.9999997101585757,4.795688289310101e-09,4.795688289310101e-09,4.068377032280353e-09,,2.676976988554488e-10,0.9999999952042741,3.404584807598801e-10,,,,,,1.902438953569358e-10,1.0,1.0,6.908664265954368e-10,6.908664265954368e-10,0.9999999154231823,0.37592187339186806,35,0.6585686772864305,0.3343341534761497,861,0,0.33333331010022804,0.4742677237146304,35,0.0,0.17355438668060744,0.3061969101372377,852,474.3074776274704,0.502822350495314,445.75,67.25174988654959,0.5177895819562524,836,bior,0.8100315533562081,0.7923003667562746,0.1952878026237719,6,628.5,1.5167240507317637e-10,0.9999999999685745,1.519524626675546e-20,0.7231313334319229,0.778917327998211,8.67525407755147e-05,0.08289473684210552,0.0011420663945062226,,2.0315812846671832e-05,5.165179395305586e-11,5.165179395305586e-11,4.381833784705691e-11,,2.676976988554488e-10,0.003126132839129714,3.404584807598801e-10,,,,,0.0,,8.827326910383752e-11,1.0,1.0,5.628449891907037e-10,5.628449891907037e-10,1.0,0.4015691617809082,0.11457677232100323,975,1.1569955616593657,0.5348618707035409,1801,584.0702012600883,0.6938835423165155,1388.0,1265.1116714697407,0.48321011497377137,1614,0.5943810304597339,0.7715092316736338,0.3524805091760961,5,1211.75,,,,,,,,,,,,,1.0183858648042194e-15,0.9999999999697141,1.519524626675546e-20,0.7991704949827253,0.2407912450109388,0.0012817144844086599,0.06271140576376699,1.0,0.0011420663945062228,,9.960751159840268e-05,4.183513344774292e-14,4.183513344774292e-14,3.54902739141405e-14,,0.0,2.0916482389649021e-16,0.004567040150599399,3.1658930029567592e-15,,,,,0.13043478260869565,,2.792946155474817e-18,1.0,1.0,1.885964774954023e-15,1.885964774954023e-15,1.0,0.45448731537229575,0.1415609753516701,1296,1.3260801655915326,0.6436916510223799,1785,345.77521600022175,0.8384227962615787,1540.5,1501.6942551119766,0.5592814915887332,1474,1104.4,1082.5,563.6960149978129,300,0.520820561188399,0.7876173146100969,0.3991404127850916,6,1107.0
db28,1.0,antireflect,1.1528674626942495e-26,316.62960491954584,6131403.9491818,0.5269230769230769,108.19538471023893,206,smoothed,7.641136914143429e-14,-1.9891908120683905e-10,6.572802756728116,118583.90033518359,0.9955544907151286,0.0001496656645132028,0.9999999999999997,362.4,,,,[],[],11,426.59999999999997,32.2000000000001,728.4,"[9, 31, 53, 64, 80, 102, 131, 148, 158, 175, 192]","[310.99999999999966, 417.80000000000007, 589.6000000000001, 432.20000000000005, 728.4, 371.0000000000002, 586.9999999999999, 32.2000000000001, 448.20000000000016, 367.9999999999999, 407.2]","[0, 0, 0, 60, 0, 94, 120, 144, 144, 165, 186]","[20, 40, 75, 75, 203, 120, 203, 149, 203, 186, 203]",30736475.84,728.4,-728.4,0.0,,,,DWT,mdp.39015067403892,3.725290298461914e-09,,0.0,33.0,11.0,0.0,33.0,,0.0,168.40000000000003,987.7999999999993,168.40000000000003,,0.0,168.40000000000003,,,28.000000000000114,0.0,15.0,0.0,0.0,,0.0,1.1902815423924878e-13,2.8951926536987657e-26,0.967781029618785,0.6324474085287582,0.5642225390223132,0.09514353550615193,0.7474588882507052,,0.9999996648089,4.4059199552998455e-09,4.4059199552998455e-09,3.6787269888316428e-09,,0.0,0.9999999955940747,0.0,,,,,,7.946695712486874e-14,1.0,0.0,0.0,0.0,0.8999999009869171,0.33832967744634507,362,1.5160445610495854,0.7696471035323529,39,0,0.24999997274113506,0.35570077879407425,362,0.0,0.42957905727526197,0.7578937214616089,36,187.35416550835836,0.8036119858402953,199.75,67.8614059683557,0.7971152172388059,146,db,0.573477938514061,0.8443824841957417,0.34525069778143475,3,110.25,7.819924608154784e-14,0.999999999970514,7.361576073891985e-27,0.9545122153123109,0.8743583791628586,0.0014780444385097797,0.07807692307692343,0.007280183302605303,0.9999999997236311,2.0315811925353255e-05,4.745387416349445e-11,4.745387416349445e-11,3.962169481397382e-11,,0.0,0.0031261328403482946,0.0,,,,,0.0,,3.687271056968986e-14,1.0,0.0,0.0,0.0,1.0,0.301569161204129,0.08604450842062683,1600,1.7447683834205123,0.806580519775094,289,927.0169901355638,0.5141420387130169,944.5,489.57120169401804,0.509560537176215,1482,0.49117026184683504,0.8233619396015222,0.4091722348267588,4,1112.5,,,,,,,,,,,,,5.250593000709202e-19,0.9999999999715835,7.361576073891985e-27,0.9670049724427203,0.2702954923925569,0.0016070570704016219,0.05906664030057368,0.9999999999999997,0.007280183302605303,0.9999999999999541,9.960751159770586e-05,3.8434858594393884e-14,3.8434858594393884e-14,3.20911916831812e-14,,0.0,0.0,0.004567040150618464,0.0,,,,,0.13043478260869565,,1.1666441752192217e-21,1.0,0.7209302325581395,0.0,0.0,1.0,0.42658033862811345,0.13286867808967343,1626,1.8426929876298397,0.8944603217149477,355,898.7327188881019,0.5800314397719151,990.5,582.766279656739,0.5585904862410978,1475,1009.0473684210526,935.5,610.6543869996938,760,0.4758535102197843,0.8532293215616218,0.41093374637766444,5,1107.5
db30,1.0,symmetric,1.185074336654192e-26,316.50994280873357,6234765.471214297,0.5303030303030303,106.27858132540534,206,smoothed,7.567625059503204e-14,-2.0274255607688503e-10,6.588866000132646,31829.13470887045,0.9829593515217394,0.00014966566451320284,0.9999999999999997,362.4000000000001,,,,[],[],11,426.59999999999997,32.200000000000045,728.3999999999999,"[9, 31, 53, 64, 80, 102, 131, 148, 158, 175, 192]","[311.0000000000002, 417.79999999999995, 589.6, 432.1999999999997, 728.3999999999999, 370.9999999999999, 587.0, 32.200000000000045, 448.2000000000001, 368.0, 407.2]","[0, 0, 0, 60, 0, 94, 120, 144, 144, 165, 186]","[20, 40, 75, 75, 203, 120, 203, 149, 203, 186, 203]",30736475.839999996,728.3999999999999,-728.3999999999999,0.0,,,,DWT,mdp.39015067403892,0.0,,0.0,33.0,11.0,0.0,33.0,,1.1368683772161603e-13,168.40000000000003,987.7999999999993,168.40000000000003,,0.0,168.40000000000003,,,28.000000000000057,0.0,15.0,1.1368683772161603e-13,1.1368683772161603e-13,,1.1368683772161603e-13,1.174132017626013e-13,2.9894492798536137e-26,0.9673263838525182,0.6556170960604132,0.6085806398904667,0.1183603790985618,0.028016064094965196,,0.9999996647593375,4.4059199552998455e-09,4.4059199552998455e-09,3.6787269888316428e-09,,1.2251610931599486e-12,0.9999999955940747,7.585973278963461e-14,,,,,,0.0,1.0,0.0,1.7477015598164352e-13,1.7477015598164352e-13,0.8999999009727291,0.3383296774410115,384,1.2710452755643966,0.6452688396700914,107,0,0.2499999727371358,0.35570077878838413,385,0.0,0.3397000804281489,0.5993228807975313,111,159.06890540475428,0.8332611054457503,246.75,169.80543043628398,0.7873066533518059,172,db,0.573477938514061,0.8443824841957417,0.34525069778143475,3,129.75,7.727041104469858e-14,0.9999999999705145,7.589493240160431e-27,0.9540706350332382,0.8799074239520923,0.0015942454757895705,0.09712918660287087,0.00027287398040877226,0.9999999997235735,2.0315811924354055e-05,4.745387416349445e-11,4.745387416349445e-11,3.962169481397382e-11,,1.2251610931599486e-12,0.0031261328403482946,7.585973278963461e-14,,,,,0.0,,0.0,1.0,0.0,1.4238426238064856e-13,1.4238426238064856e-13,1.0,0.30156916120481775,0.08604450842082334,1407,1.7521540398478026,0.8099947990895354,229,832.971788237753,0.5634319768145948,818.0,393.8911980440098,0.5673554014052009,1046,0.49117026184683504,0.8233619396015222,0.4091722348267588,4,785.5,,,,,,,,,,,,,5.188227505034111e-19,0.9999999999715838,7.589493240160431e-27,0.9666846676932851,0.27201090089021474,0.0016342297622179388,0.07348003099592876,0.9999999999999997,0.0002728739804087727,0.9999999999999541,9.960751159770499e-05,3.8434858594393884e-14,3.8434858594393884e-14,3.20911916831812e-14,,0.0,9.572760819061336e-19,0.004567040150618464,7.054128794466933e-19,,,,,0.13043478260869565,,0.0,1.0,0.7209302325581395,4.770970844811595e-19,4.770970844811595e-19,1.0,0.42658033862811345,0.13286867808967343,1618,1.846334527924179,0.8962279592568924,307,927.0169901355638,0.5668144905908581,962.5,516.078961038961,0.5585240677253356,1476,1009.0473684210526,935.5,610.6543869996938,760,0.4758535102197843,0.8532293215616218,0.41093374637766444,5,1108.25
sym15,1.0,antireflect,1.4305451522765033e-21,265.69238304257533,5501204.282988119,0.5256410256410257,95.00746960495024,206,smoothed,3.0650394843538045e-11,1.2519789649385716e-10,6.406948965910846,84234.11729748087,0.993158401887305,0.00014966566451332316,1.0,362.39999999999554,,,,[],[],11,426.5999999998978,32.199999999967304,728.3999999998648,"[9, 31, 53, 64, 80, 102, 131, 148, 158, 175, 192]","[310.9999999998769, 417.7999999999042, 589.5999999998747, 432.19999999982906, 728.3999999998648, 370.99999999987665, 586.9999999999598, 32.199999999967304, 448.1999999999233, 367.9999999999002, 407.1999999998999]","[0, 0, 0, 60, 0, 94, 120, 144, 144, 165, 186]","[20, 40, 75, 75, 205, 120, 205, 149, 205, 186, 205]",30736475.83999786,728.3999999998648,-728.3999999998648,0.0,,,,DWT,mdp.39015067403892,2.1345913410186768e-06,,0.0,15.0,11.0,0.0,33.0,,1.3517365005100146e-10,168.3999999998979,987.8000000011225,168.3999999999102,,0.0,168.3999999998979,,,27.999999999967315,0.0,15.0,1.3517365005100146e-10,1.3517365005100146e-10,,4.433786671143025e-12,6.728578727711257e-11,4.186628158340884e-21,0.7742494922377676,0.39321922699645084,0.2937692812683605,0.0863371465573067,0.46260185775362433,,0.9999996362113449,4.299635631139538e-09,4.299635631139538e-09,3.585247648565904e-09,,4.7781282633238e-11,0.9999999957003214,9.019722228687555e-11,,,,,,4.5534566432549786e-11,0.0,0.0,2.0780171546217415e-10,2.0780171546217415e-10,0.7999998925437969,0.30073748375377657,915,1.0276195512196244,0.5216894222303351,190,0,0.16666663705794182,0.23713383625799375,915,0.0,0.28716814355439946,0.5066423265233947,180,421.48546831415194,0.5581913330040336,550.0,307.5856984887578,0.490835708430738,926,sym,1.0,1.0,0.0,7,696.25,3.870895778979399e-11,0.9999999999713496,1.0123476779588046e-21,0.7665423349639041,0.8170642144333566,0.0007695616930442123,0.07085020242915013,0.004505701080702819,0.999999999728516,2.0315811344373547e-05,4.630917871395468e-11,4.630917871395468e-11,3.8614833552941263e-11,,4.7781282633238e-11,0.0031261328406804734,9.019722228687555e-11,,,,,0.0,,2.112806315643229e-11,0.0,0.0,1.6929488797059114e-10,1.6929488797059114e-10,1.0,0.20156916135038475,0.057512244726548645,1671,1.5989846503399079,0.7391868643648632,1296,265.1650429449553,0.8610246106158514,1483.5,1459.8018200202225,0.5417544436727055,1251,0.7763846615972358,0.5622554397616224,0.28785410495344815,6,939.75,,,,,,,,,,,,,2.5990657585610483e-16,0.9999999999723888,1.0123476779588046e-21,0.8306591067423672,0.2525838139368553,0.0014413839942365608,0.0535994921057838,1.0,0.004505701080702819,0.9999999999999549,9.960751159726632e-05,3.750764889648428e-14,3.750764889648428e-14,3.12756548090376e-14,,0.0,3.7333767194339215e-17,0.004567040150623661,8.387359136621184e-16,,,,,0.13043478260869565,,6.684871124006141e-19,0.7209302325581395,0.7209302325581395,5.672684334480985e-16,5.672684334480985e-16,1.0,0.3986733618839297,0.1241763808276763,1733,1.7486501402772594,0.848811048579017,977,534.5727265770299,0.7501996604780234,1355.0,1249.550553505535,0.5585110451922828,1477,1409.1368421052632,1454.5,398.32527672708756,380,0.6645304607900322,0.5565550872278735,0.3678621512786154,7,1109.5
db34,1.0,constant,1.7076158002725902e-26,317.1478908225256,5886434.175989816,0.5661764705882353,164.2021188670908,206,raw,8.943870455465727e-14,-2.0740476003311675e-10,6.42019853251728,67098.01508806298,0.8339958804705663,5.618943883690064e-06,1.0,327.0000000000001,,,,[],[],13,661.1538461538462,86.99999999999991,940.0000000000001,"[8, 32, 51, 63, 81, 100, 111, 133, 152, 162, 175, 192, 204]","[877.9999999999999, 638.0000000000001, 786.9999999999997, 792.0000000000002, 940.0000000000001, 788.0000000000002, 637.0, 674.9999999999999, 771.0, 196.00000000000028, 834.0000000000002, 571.9999999999998, 86.99999999999991]","[0, 13, 42, 42, 76, 99, 107, 107, 107, 161, 99, 187, 203]","[76, 42, 61, 76, 205, 164, 119, 142, 164, 164, 205, 205, 205]",37754613.0,941.0000000000001,-941.0000000000001,0.0,,,,DWT,mdp.39015067403892,0.0,,0.0,33.0,19.0,0.0,28.5,,1.1368683772161603e-13,256.3413461538462,4359.0,256.34134615384613,,0.0,256.3413461538462,,,83.99999999999991,0.0,24.0,1.1368683772161603e-13,1.1368683772161603e-13,,1.1368683772161603e-13,9.465951038559609e-14,1.1287342643172887e-26,0.9564248076284894,0.8216412750359683,0.00016934020379585349,0.0677521008403359,0.0007576849276190878,0.9999999997235033,0.47422802461150126,6.6959667625959335e-09,6.6959667625959335e-09,6.0819563246244724e-09,,5.718550876340534e-12,0.9999999933040264,1.3612963731558036e-13,,,,,,0.0,1.0,0.5,1.4238426238064856e-13,1.4238426238064856e-13,0.7922684098806148,0.25901821375020484,422,1.4121641063935875,0.6782672026011125,782,0,0.24785233644962973,0.2961384272003308,421,0.0,0.3558431510449758,0.6463345315986215,805,214.97984401644106,0.7746542515550933,607.5,550.5112241204669,0.5689308993624522,634,db,0.540986235965534,0.9305070477545101,0.3421575204977732,3,476.25,9.465951038559608e-14,0.0001547883299646835,1.1287342643172887e-26,0.9564248076284892,0.8216412750359684,0.0012026446457498222,0.29934210526315796,0.0031215930390144867,0.9999999997235032,0.9919828214562001,0.9855281704452468,0.9855281704452468,0.9855281704451341,,1.2251610931599486e-12,0.9999999999667601,7.585973278963461e-14,,,,,1.0,,0.0,1.0,0.5,1.4238426238064856e-13,1.4238426238064856e-13,0.0,2.234570199821636,0.6375734627748866,425,1.5063087601272407,0.6963441762415212,1565,806.1017305526642,0.5775148162721886,995.0,668.4673366834172,0.5280131733352558,1349,0.49117026184683504,0.8233619396015222,0.4091722348267588,4,1012.75,,,,,,,,,,,,,6.355797371279887e-19,0.036413600438416426,1.1287342643172887e-26,0.9683922907439175,0.2539987473083156,0.0015426570110723297,0.22645785414693553,1.0,0.0031215930390144867,0.9999999999999541,0.000849988472839121,0.0007982210227401261,0.0007982210227401261,0.0007982210227337869,,0.0,9.572760819061336e-19,0.020163910573049823,7.054128794466933e-19,,,,,0.4782608695652174,,0.0,1.0,0.8604651162790697,4.770970844811595e-19,4.770970844811595e-19,0.9302325581395349,0.5744527218307418,0.17892707859001003,294,1.611561935611931,0.7822671584836877,1616,934.7951647286159,0.5631798295660673,955.0,497.4910994764398,0.5584590736615382,1478,1009.0473684210526,935.5,610.6543869996938,760,0.4758535102197843,0.8532293215616218,0.41093374637766444,5,1109.75
sym18,1.0,antisymmetric,1.0864471151731225e-19,246.8873128316352,5561069.450837971,0.525,97.36919030799329,206,smoothed,2.5686148353929414e-10,,6.439830362389012,89138.15640201746,0.9932072687900053,0.00014966566451192189,0.9999999999999999,362.4000000000351,,,,[],[],11,426.6000000009148,32.200000000384506,728.4000000016904,"[9, 31, 53, 64, 80, 102, 131, 148, 158, 175, 192]","[311.00000000112993, 417.8000000008378, 589.6000000011571, 432.2000000013552, 728.4000000016904, 371.0000000010346, 587.0000000002642, 32.200000000384506, 448.20000000058474, 368.00000000078984, 407.20000000083485]","[1, 1, 1, 60, 1, 94, 120, 144, 144, 165, 186]","[20, 40, 75, 75, 203, 120, 203, 149, 203, 186, 203]",30736475.84001661,728.4000000012501,-728.4000000012501,0.0,,,,DWT,mdp.39015067403892,1.6614794731140137e-05,,0.0,33.0,11.0,0.0,33.0,,1.2501004675868899e-09,168.40000000091487,987.7999999899357,168.40000000091484,,0.0,168.40000000091487,,,28.000000000384517,0.0,33.0,1.6904095900827087e-09,1.2501004675868899e-09,,3.512923285597935e-11,5.642398632180017e-10,3.179595702371598e-19,0.7028012660806471,0.44064748683273613,0.31946070977826335,0.0819339520828841,0.5032702373828799,,0.9999999999752189,5.357806384368292e-09,5.357806384368292e-09,4.630583845881098e-09,,3.7857477778642416e-10,0.999999994642156,1.127958366849077e-09,,,,,,3.544226287769146e-10,1.0,1.0,1.9217726351741525e-09,1.9217726351741525e-09,1.0000000036166898,0.3759219065457394,16,1.0358165339094656,0.525850766921004,188,0,0.3333333346390061,0.4742677586284841,16,0.0,0.2925876646745216,0.5162038285582512,169,94.13952411182032,0.901321253551551,97.25,29.360748527203416,0.8996910250986266,46,sym,1.0,1.0,0.0,7,36.25,3.245305928617851e-10,0.9999999999616234,7.688419109916409e-20,0.6971473686260965,0.8284230874327184,0.0008368632813363663,0.06723684210526354,0.004901807492673953,,2.03158187345176e-05,5.770611766209299e-11,5.770611766209299e-11,4.9873605245664976e-11,,3.7857477778642416e-10,0.0031261328373725084,1.127958366849077e-09,,,,,0.0,,1.6445228914081678e-10,1.0,1.0,1.5656573491376116e-09,1.5656573491376116e-09,1.0,0.401569162675648,0.11457677257629276,971,1.1617738564577065,0.537070805447377,1792,580.5346673541555,0.6957365475083042,1381.5,1259.52370611654,0.4858399718673596,1600,0.7763846615972358,0.5622554397616224,0.28785410495344815,6,1201.5,,,,,,,,,,,,,2.179021083680463e-15,0.9999999999630149,7.688419109916409e-20,0.7803227616692219,0.25609524842819803,0.0014571219373756398,0.050865918008388855,0.9999999999999999,0.004901807492673953,,9.960751160285669e-05,4.6738654613243114e-14,4.6738654613243114e-14,4.039466244137868e-14,,0.0,2.957983093089953e-16,0.004567040150571905,1.0488784104492882e-14,,,,,0.13043478260869565,,5.203233021477728e-18,1.0,1.0,5.2461595409548295e-15,5.2461595409548295e-15,1.0,0.45448731537229276,0.14156097535166914,1301,1.31927693237365,0.6403892983170624,1789,345.0681092190352,0.8387532199911051,1545.0,1506.4653721682848,0.5583953015843376,1479,1409.1368421052632,1454.5,398.32527672708756,380,0.6645304607900322,0.5565550872278735,0.3678621512786154,7,1111.0
db24,1.0,antireflect,1.1632797564943395e-26,316.5905570372088,5785935.902436376,0.5317460317460317,115.92261881605697,206,smoothed,7.501658409884697e-14,-2.0181112336814568e-10,6.520211770814397,103631.24429407451,0.9949963076166579,0.0001496656645132026,1.0,362.4,,,,[],[],11,426.59999999999997,32.20000000000002,728.4,"[9, 31, 53, 64, 80, 102, 131, 148, 158, 175, 192]","[311.00000000000017, 417.8000000000002, 589.5999999999998, 432.1999999999995, 728.4, 371.0000000000002, 586.9999999999999, 32.20000000000002, 448.2, 368.0, 407.20000000000016]","[0, 0, 0, 60, 0, 94, 120, 144, 144, 165, 186]","[20, 40, 75, 75, 203, 120, 203, 149, 203, 186, 203]",30736475.83999999,728.4,-728.4,0.0,,,,DWT,mdp.39015067403892,7.450580596923828e-09,,0.0,33.0,11.0,0.0,33.0,,0.0,168.40000000000003,987.7999999999993,168.4,,0.0,168.40000000000003,,,28.00000000000003,0.0,15.0,0.0,0.0,,0.0,1.1596400687153332e-13,2.9256652691208703e-26,0.9676326705913056,0.5565899568351057,0.4159632432716236,0.12827233202799818,0.6234590017524576,,0.9999996647345563,4.4059199552998455e-09,4.4059199552998455e-09,3.6786974161203912e-09,,0.0,0.9999999955940747,0.0,,,,,,1.5893391424973748e-13,1.0,0.0,0.0,0.0,0.8999999009646448,0.33832967743797243,508,1.367548735920365,0.6942605452255003,68,0,0.2499999727349439,0.35570077878526546,508,0.0,0.3845596006398011,0.6784672155605872,62,255.77789844576748,0.7318889953398664,286.5,115.03534214201312,0.7157872649655307,298,db,0.573477938514061,0.8443824841957417,0.34525069778143475,3,224.25,7.643691098230591e-14,0.9999999999705127,7.43526035943372e-27,0.9543681197864794,0.8561908317382279,0.001089662528206446,0.10526315789473706,0.006072435401818142,0.9999999997235874,2.0315811923854454e-05,4.745387416349445e-11,4.745387416349445e-11,3.962136174706643e-11,,0.0,0.0031261328403482946,0.0,,,,,0.0,,7.374542113937972e-14,1.0,0.0,0.0,0.0,1.0,0.3015691612041469,0.08604450842063192,1595,1.7457953562043387,0.8070552740460016,280,929.84541726031,0.512659634559586,937.5,476.3733333333334,0.5106537166508622,1473,0.49117026184683504,0.8233619396015222,0.4091722348267588,4,1105.75,,,,,,,,,,,,,5.1322631599415e-19,0.9999999999715822,7.43526035943372e-27,0.9669004512865829,0.2646792527661839,0.0015162370381303586,0.07963353112859284,1.0,0.006072435401818141,0.9999999999999541,9.960751159770467e-05,3.8434858594393884e-14,3.8434858594393884e-14,3.209086642252945e-14,,0.0,0.0,0.004567040150618464,0.0,,,,,0.13043478260869565,,2.3332883504384434e-21,1.0,0.7209302325581395,0.0,0.0,1.0,0.42658033862811345,0.13286867808967343,1616,1.8475204022777278,0.8968035937021904,291,936.9164850721754,0.5621885583774882,953.5,493.1893025694809,0.5583139053569683,1480,1009.0473684210526,935.5,610.6543869996938,760,0.4758535102197843,0.8532293215616218,0.41093374637766444,5,1111.25
db28,1.0,antisymmetric,1.203071087674467e-26,316.4444858433517,6052401.919573718,0.5269230769230769,103.6979437749159,206,smoothed,7.872020187808197e-14,-1.984768349672099e-10,6.558478093403395,114643.31550096246,0.9955777202704046,0.00014966566451320274,0.9999999999999997,362.4,,,,[],[],11,426.59999999999997,32.2000000000001,728.4,"[9, 31, 53, 64, 80, 102, 131, 148, 158, 175, 192]","[310.9999999999999, 417.79999999999995, 589.6000000000001, 432.20000000000005, 728.4, 371.0000000000002, 586.9999999999999, 32.2000000000001, 448.2000000000003, 367.99999999999994, 407.20000000000005]","[1, 1, 1, 60, 1, 94, 120, 144, 144, 165, 186]","[20, 40, 75, 75, 205, 120, 205, 149, 205, 186, 205]",30736475.839999996,728.4,-728.4,0.0,,,,DWT,mdp.39015067403892,0.0,,0.0,15.0,11.0,0.0,33.0,,0.0,168.40000000000003,987.7999999999993,168.40000000000003,,0.0,168.40000000000003,,,28.000000000000114,0.0,33.0,0.0,0.0,,0.0,1.2410033635798658e-13,3.0421185651443795e-26,0.9670776858145048,0.611785455965907,0.5303184330336035,0.09514353550615193,0.7147802744421117,,0.9999996648089,4.4059199552998455e-09,4.4059199552998455e-09,3.6787269888316428e-09,,0.0,0.9999999955940747,0.0,,,,,,0.0,0.0,1.0,0.0,0.0,0.8999999009868773,0.33832967744633013,364,1.4752680799678008,0.7489461944936964,47,0,0.24999997274112842,0.3557007787940648,364,0.0,0.41701505496605773,0.7357274209744008,42,184.4747046797112,0.8066302885956905,204.25,79.08166409861326,0.7962658780504659,149,db,0.573477938514061,0.8443824841957417,0.34525069778143475,3,112.5,8.111649629992213e-14,0.9999999999705138,7.716850167122092e-27,0.9538290840122476,0.8694099265759325,0.0013892288173080953,0.07807692307692343,0.006961896501362781,0.9999999997236377,2.0315811925353255e-05,4.745387416349445e-11,4.745387416349445e-11,3.962169481397382e-11,,0.0,0.0031261328403482946,0.0,,,,,0.0,,0.0,0.0,1.0,0.0,0.0,1.0,0.3015691612041106,0.08604450842062157,1611,1.741712555815917,0.8051678560421431,319,913.5819612930194,0.5211834584418138,965.0,532.5481865284974,0.5077091296401941,1495,0.49117026184683504,0.8233619396015222,0.4091722348267588,4,1122.25,,,,,,,,,,,,,5.446468208533332e-19,0.9999999999715831,7.716850167122092e-27,0.966509456201919,0.26876574845638623,0.001586288241139133,0.05906664030057368,0.9999999999999997,0.00696189650136278,0.9999999999999541,9.960751159770586e-05,3.8434858594393884e-14,3.8434858594393884e-14,3.20911916831812e-14,,0.0,0.0,0.004567040150618464,0.0,,,,,0.13043478260869565,,0.0,0.7209302325581395,1.0,0.0,0.0,1.0,0.42658033862811345,0.13286867808967343,1630,1.8414931067821452,0.8938778883870666,366,893.7829714197961,0.5823444058785999,998.0,597.7755511022044,0.557994632845842,1481,1009.0473684210526,935.5,610.6543869996938,760,0.4758535102197843,0.8532293215616218,0.41093374637766444,5,1112.0
sym18,1.0,symmetric,1.100164475020196e-19,246.83282257038482,5561777.920631808,0.525,97.36984190567644,206,smoothed,2.578585802271422e-10,,6.439010044613945,31301.175410022006,0.980008351782261,0.00014966566451191443,1.0,362.4000000000351,,,,[],[],11,426.6000000009192,32.200000000384506,728.4000000017367,"[9, 31, 53, 64, 80, 102, 131, 148, 158, 175, 192]","[311.0000000011317, 417.8000000008378, 589.6000000011571, 432.2000000013552, 728.4000000017367, 371.0000000010346, 587.0000000002642, 32.200000000384506, 448.20000000058474, 368.00000000078984, 407.2000000008344]","[1, 1, 1, 60, 1, 94, 120, 144, 144, 165, 186]","[20, 40, 75, 75, 203, 120, 203, 149, 203, 186, 203]",30736475.840016536,728.4000000012501,-728.4000000012501,0.0,,,,DWT,mdp.39015067403892,1.65402889251709e-05,,0.0,33.0,11.0,0.0,33.0,,1.2501004675868899e-09,168.40000000091925,987.7999999898875,168.40000000091916,,0.0,168.40000000091925,,,28.000000000384517,0.0,33.0,1.7366801330354065e-09,1.2501004675868899e-09,,3.512923285597935e-11,5.664303449755061e-10,3.2197409229398915e-19,0.7025942350796721,0.43946425714204995,0.31976475304271146,0.0819339520828841,0.023637785550142495,,0.9999999999752189,5.362360581897698e-09,5.362360581897698e-09,4.6350788979913145e-09,,3.7857477778642416e-10,0.9999999946375965,1.1588332780944583e-09,,,,,,3.528332896344172e-10,1.0,1.0,1.9217726351741525e-09,1.9217726351741525e-09,1.0000000036331338,0.37592190655192104,12,0.8433997413633237,0.4281669449154053,356,0,0.3333333346422002,0.47426775863302867,12,0.0,0.22391356906627008,0.39504413744417205,367,201.83388384180358,0.7884340840232666,186.75,23.228742869842208,0.7963396835210672,148,sym,1.0,1.0,0.0,7,112.75,3.257904418253737e-10,0.9999999999615716,7.785492231291617e-20,0.6969462872260914,0.8281397087923894,0.0008376597568845827,0.06723684210526354,0.00023022993555599095,,2.03158187345176e-05,5.7755134008630193e-11,5.7755134008630193e-11,4.99219554583874e-11,,3.7857477778642416e-10,0.003126132837358242,1.1588332780944583e-09,,,,,0.0,,1.6371483492942296e-10,1.0,1.0,1.5656573491376116e-09,1.5656573491376116e-09,1.0,0.40156916269075354,0.11457677258060271,967,1.1596432855128285,0.5360858741312968,1797,586.8986283848344,0.6924011381630847,1382.0,1257.3798842257597,0.4840412399410811,1608,0.7763846615972358,0.5622554397616224,0.28785410495344815,6,1207.5,,,,,,,,,,,,,2.1874801858862195e-15,0.9999999999629651,7.785492231291617e-20,0.7801769052293013,0.25600764594053776,0.0014573081868714925,0.050865918008388855,1.0,0.00023022993555599095,,9.960751160285669e-05,4.677844483297333e-14,4.677844483297333e-14,4.0433910560022657e-14,,0.0,2.957983093089953e-16,0.0045670401505716815,1.0775887146427687e-14,,,,,0.13043478260869565,,5.179900137973344e-18,1.0,1.0,5.2461595409548295e-15,5.2461595409548295e-15,1.0,0.45448731537229287,0.1415609753516692,1298,1.3172770793677535,0.6394185510601699,1790,347.8965363437814,0.8374315250729993,1544.0,1504.8056994818653,0.5579680989850978,1482,1409.1368421052632,1454.5,398.32527672708756,380,0.6645304607900322,0.5565550872278735,0.3678621512786154,7,1113.25
sym8,1.0,constant,4.2018655823303586e-21,263.2373709164177,5950665.127651232,0.6272727272727273,266.91791409681736,206,raw,5.12293853508925e-11,-7.582878770158706e-11,6.345303415881234,65787.46522886679,0.7812999752218683,5.618943883691119e-06,1.0,327.0000000000262,,,,[],[],13,661.1538461537677,86.99999999998118,939.9999999998781,"[8, 32, 51, 63, 81, 100, 111, 133, 152, 162, 175, 192, 204]","[877.9999999998691, 637.999999999993, 787.0000000000201, 791.9999999998688, 939.9999999998781, 787.999999999852, 636.9999999999462, 675.0000000000032, 770.9999999997867, 196.00000000004457, 833.9999999999262, 571.9999999998117, 86.99999999998118]","[0, 13, 42, 42, 76, 99, 107, 107, 107, 161, 164, 187, 203]","[76, 42, 61, 76, 205, 164, 119, 142, 164, 164, 205, 205, 205]",37754612.999997295,940.9999999998511,-940.9999999998511,0.0,,,,DWT,mdp.39015067403892,2.7045607566833496e-06,,0.0,33.0,19.0,0.0,28.5,,1.48929757415317e-10,256.34134615376774,4359.000000001019,256.34134615377536,,0.0,256.34134615376774,,,83.99999999998118,0.0,28.5,1.2187229003757238e-10,1.48929757415317e-10,,2.6204816094832495e-11,6.471086931789752e-11,2.9735175202270017e-21,0.7574827844308514,0.7957687693257516,0.00024162459575896697,0.5259740259740263,0.0006515788833252479,0.9999999997254864,0.4742280245897433,6.635221590214083e-09,6.635221590214083e-09,6.027153614724586e-09,,1.318125976996493e-09,0.9999999933647039,1.4593097120230215e-10,,,,,,2.6769587873594837e-11,1.0,1.0,1.8652338371864962e-10,1.8652338371864962e-10,0.8422684106685767,0.27536483407494844,49,1.4631451094718146,0.7027535510269876,685,0,0.2895190032596598,0.3459225097413891,49,0.0,0.38501484787498885,0.6993204467446471,651,357.64926953651116,0.6251055874879339,358.5,91.29860633801788,0.6246597119829607,479,sym,0.8243425715244881,0.7368036147090654,0.2019191155201387,6,360.75,6.471086931789754e-11,0.00015478832997201097,2.973517520227002e-21,0.7574827844308514,0.7957687693257517,0.0012748543332791722,0.6437320574162682,0.003015738009849801,0.9999999997254863,0.9919828214558684,0.9855281704443677,0.9855281704443677,0.985528170444341,,2.8239963197336817e-10,0.9999999999670613,8.13216335504883e-11,,,,,1.0,,2.6769587873594837e-11,1.0,0.75,1.8652338371864962e-10,1.8652338371864962e-10,0.0,2.2595702000900695,0.6447065287854288,50,1.5117570370670728,0.6988628337824111,1554,1063.4885989045674,0.4426160383099751,802.0,96.88279301745636,0.5111403042702916,1470,0.7763846615972358,0.5622554397616224,0.28785410495344815,6,1104.0,,,,,,,,,,,,,4.344932394310307e-16,0.03641360043842348,2.973517520227002e-21,0.8240876695631998,0.24600062910297765,0.0015595426743273237,0.48699523991094845,1.0,0.003015738009849801,0.9999999999999545,0.00084998847283887,0.0007982210227394141,0.0007982210227394141,0.0007982210227331445,,0.0,2.2065213687936384e-16,0.020163910573054535,7.562026067668552e-16,,,,,0.4782608695652174,,8.46983671209155e-19,1.0,0.9302325581395349,6.249971806703189e-16,6.249971806703189e-16,0.9302325581395349,0.5814294660167907,0.18110015290551024,27,1.6251611589264008,0.7888683480158516,1573,1093.1870837144024,0.48916491415214836,800.0,53.088750000000005,0.5576665692256069,1483,1409.1368421052632,1454.5,398.32527672708756,380,0.6645304607900322,0.5565550872278735,0.3678621512786154,7,1114.0
sym8,1.0,zero,4.201070766153328e-21,263.2381924965572,5950814.599300259,0.6272727272727273,266.91791409681736,206,raw,5.120568909557856e-11,-6.958300603195217e-11,6.344444507553324,66260.55144627484,0.7828693589591376,5.61894388369112e-06,1.0,327.0000000000262,,,,[],[],13,661.1538461537677,86.99999999998118,939.9999999998781,"[8, 32, 51, 63, 81, 100, 111, 133, 152, 162, 175, 192, 204]","[877.9999999998698, 637.999999999993, 787.0000000000201, 791.9999999998688, 939.9999999998781, 787.999999999852, 636.9999999999462, 675.0000000000032, 770.9999999997867, 196.00000000004457, 833.9999999999262, 571.9999999998117, 86.99999999998118]","[0, 13, 42, 42, 76, 99, 107, 107, 107, 161, 164, 187, 203]","[76, 42, 61, 76, 205, 164, 119, 142, 164, 164, 205, 205, 205]",37754612.999997295,940.9999999998511,-940.9999999998511,0.0,,,,DWT,mdp.39015067403892,2.7045607566833496e-06,,0.0,33.0,19.0,0.0,28.5,,1.48929757415317e-10,256.34134615376774,4359.000000001019,256.3413461537754,,0.0,256.34134615376774,,,83.99999999998118,0.0,28.5,1.2187229003757238e-10,1.48929757415317e-10,,2.6204816094832495e-11,6.46809286882053e-11,2.972955055670527e-21,0.7574858162475626,0.795472059585297,0.00024179280854402048,0.5259740259740263,0.000689881361317113,0.9999999997255805,0.4742280245897433,6.635221590214083e-09,6.635221590214083e-09,6.027197632965469e-09,,1.318125976996493e-09,0.9999999933647039,1.4593097120230215e-10,,,,,,2.6769587873594837e-11,1.0,1.0,1.8652338371864962e-10,1.8652338371864962e-10,0.8422684106685899,0.2753648340749527,48,1.4630139787892318,0.7026905685160684,686,0,0.28951900325966345,0.3459225097413935,48,0.0,0.38498294697087604,0.699262503642871,653,359.0760133082316,0.6236100489431535,358.75,89.57405841356068,0.6237809154569017,483,sym,0.8243425715244881,0.7368036147090654,0.2019191155201387,6,363.75,6.468092868820531e-11,0.00015478832997201097,2.9729550556705273e-21,0.7574858162475626,0.7954720595852971,0.001275022372219769,0.6437320574162682,0.003053949875647761,0.9999999997255804,0.9919828214558684,0.9855281704443677,0.9855281704443677,0.9855281704443417,,2.8239963197336817e-10,0.9999999999670613,8.13216335504883e-11,,,,,1.0,,2.6769587873594837e-11,1.0,0.75,1.8652338371864962e-10,1.8652338371864962e-10,0.0,2.2595702000900695,0.6447065287854288,51,1.5116258700526903,0.6988021972190465,1555,1063.4885989045674,0.4426160383099751,803.0,98.76089663760897,0.510878249762954,1471,0.7763846615972358,0.5622554397616224,0.28785410495344815,6,1104.75,,,,,,,,,,,,,4.342922067247373e-16,0.03641360043842349,2.9729550556705273e-21,0.8240898687223065,0.24590890549478095,0.0015595819689020786,0.48699523991094845,1.0,0.003053949875647761,0.9999999999999545,0.00084998847283887,0.0007982210227394141,0.0007982210227394141,0.000798221022733145,,0.0,2.2065213687936384e-16,0.020163910573054535,7.562026067668552e-16,,,,,0.4782608695652174,,8.46983671209155e-19,1.0,0.9302325581395349,6.249971806703189e-16,6.249971806703189e-16,0.9302325581395349,0.5814294660167907,0.18110015290551024,29,1.6251319210113726,0.7888541556598498,1574,1092.479976933216,0.48949533788167476,801.5,56.95071740486588,0.5574813138006505,1484,1409.1368421052632,1454.5,398.32527672708756,380,0.6645304607900322,0.5565550872278735,0.3678621512786154,7,1114.75
sym6,1.0,smooth,4.301488935066117e-20,253.1356043677364,6628653.815630793,0.6296296296296297,302.4257886223186,206,raw,1.6643613348363043e-10,-3.8452285820818287e-10,6.353735689842369,103111.54049952672,0.8568731557793428,5.618943883682601e-06,1.0,326.9999999999182,,,,[],[],13,661.153846154223,87.00000000013071,940.0000000004978,"[8, 32, 51, 63, 81, 100, 111, 133, 152, 162, 175, 192, 204]","[878.00000000002, 638.0000000007017, 787.0000000007396, 792.0000000004613, 940.0000000004978, 788.0000000002924, 637.0000000004586, 675.0000000002909, 771.0000000002309, 196.00000000041115, 834.0000000006195, 572.0000000000441, 87.00000000013071]","[0, 13, 42, 42, 76, 99, 107, 107, 107, 161, 164, 187, 203]","[76, 42, 61, 76, 205, 164, 119, 142, 164, 164, 205, 205, 205]",37754613.00001201,941.000000000176,-941.000000000176,0.0,,,,DWT,mdp.39015067403892,1.2010335922241211e-05,,0.0,33.0,19.0,0.0,28.5,,1.7598722479306161e-10,256.34134615422295,4358.9999999951015,256.34134615422295,,0.0,256.34134615422295,,,84.00000000013071,0.0,28.5,4.978346623829566e-10,1.7598722479306161e-10,,8.179767974070273e-11,2.1027659428955748e-10,3.044018318479972e-20,0.7202049789382504,0.7986816969772267,0.0010046212321284513,0.5436507936507938,0.0036734478767905185,0.9999999997208338,0.474228024763444,6.987719662992243e-09,6.987719662992243e-09,6.373753243440818e-09,,4.114497355527014e-09,0.999999993012233,5.961116818049264e-10,,,,,,1.188776188766801e-10,1.0,1.0,2.2041083816524396e-10,2.2041083816524396e-10,0.842268412542815,0.2753648346876977,28,1.4508958430300778,0.696870186872824,709,0,0.28951900361626487,0.3459225101674673,28,0.0,0.3834019423257875,0.696390851079831,665,380.89762404089635,0.6007362431437145,357.5,53.804830035804464,0.612999148825526,500,sym,0.8243425715244881,0.7368036147090654,0.2019191155201387,6,376.5,2.1027659428955745e-10,0.0001547883299128361,3.044018318479972e-20,0.7202049789382503,0.7986816969772268,0.002037062428303348,0.6570175438596493,0.0060304581661236555,0.9999999997208336,0.991982821458517,0.9855281704494689,0.9855281704494689,0.9855281704493569,,8.815034065285831e-10,0.9999999999653116,3.321897698858099e-10,,,,,1.0,,1.188776188766801e-10,1.0,0.75,2.2041083816524396e-10,2.2041083816524396e-10,0.0,2.259570200579149,0.6447065289249743,28,1.4977480043264146,0.6923866659329259,1588,1103.0865786510142,0.4218623801619422,808.0,55.02970297029704,0.4991911481522499,1548,0.7763846615972358,0.5622554397616224,0.28785410495344815,6,1162.5,,,,,,,,,,,,,1.411876545508334e-15,0.0364136004383665,3.044018318479972e-20,0.7970478339689163,0.24690111937404155,0.0017377789977787656,0.4970459567942995,1.0,0.0060304581661236555,0.9999999999999537,0.0008499884728408736,0.0007982210227435459,0.0007982210227435459,0.0007982210227372071,,0.0,6.887601409314632e-16,0.020163910573027157,3.08900299909707e-15,,,,,0.4782608695652174,,3.761260820906771e-18,1.0,0.9302325581395349,7.385462867768349e-16,7.385462867768349e-16,0.9302325581395349,0.5814294660167827,0.18110015290550774,217,1.6147027956829212,0.7837917611865899,1607,982.878425849301,0.5407110159582705,912.0,382.36732456140356,0.5572713958296025,1485,1409.1368421052632,1454.5,398.32527672708756,380,0.6645304607900322,0.5565550872278735,0.3678621512786154,7,1115.5
sym18,1.0,antireflect,1.0805528735321526e-19,246.91093851641554,5580594.44165062,0.5208333333333334,104.06032331321526,206,smoothed,2.551583518367433e-10,,6.454407286864582,91199.55553841776,0.9932735627911028,0.000149665664511906,0.9999999999999996,362.4000000000351,,,,[],[],11,426.600000000914,32.200000000384506,728.4000000016825,"[9, 31, 53, 64, 80, 102, 131, 148, 158, 175, 192]","[311.0000000011298, 417.8000000008378, 589.6000000011571, 432.2000000013552, 728.4000000016825, 371.0000000010346, 587.0000000002642, 32.200000000384506, 448.20000000058474, 368.00000000078984, 407.2000000008343]","[1, 1, 1, 60, 1, 94, 120, 144, 144, 165, 186]","[20, 40, 75, 75, 203, 120, 203, 149, 203, 186, 203]",30736475.84001664,728.4000000012501,-728.4000000012501,0.0,,,,DWT,mdp.39015067403892,1.6644597053527832e-05,,0.0,33.0,11.0,0.0,33.0,,1.2501004675868899e-09,168.40000000091408,987.7999999899448,168.40000000091408,,0.0,168.40000000091408,,,28.000000000384517,0.0,33.0,1.6825651982799172e-09,1.2501004675868899e-09,,3.512923285597935e-11,5.604983214291943e-10,3.1623456168305353e-19,0.7028910298119371,0.4616733019041951,0.32783995473215394,0.053313187999137174,0.5203650771383367,,0.9999999999752189,5.356978348453854e-09,5.356978348453854e-09,4.62978538267731e-09,,3.7857477778642416e-10,0.9999999946430163,1.1227240452865922e-09,,,,,,3.5505836443391354e-10,1.0,1.0,1.9217726351741525e-09,1.9217726351741525e-09,1.0000000036140841,0.3759219065447599,17,1.0459625524284757,0.5310015744672779,184,0,0.33333333463848996,0.4742677586277497,17,0.0,0.29515465030660837,0.5207326859610787,165,91.2628986317368,0.9043365842434625,95.75,30.97354957766342,0.901984853966595,42,sym,1.0,1.0,0.0,7,33.25,3.223786564082156e-10,0.999999999961513,7.646707553129428e-20,0.6972345527515291,0.8334586835926697,0.0008588136564923634,0.043750000000000455,0.0050683097162807274,,2.03158187345176e-05,5.769723587789599e-11,5.769723587789599e-11,4.98649455060729e-11,,3.7857477778642416e-10,0.003126132837375173,1.1227240452865922e-09,,,,,0.0,,1.647472708253743e-10,1.0,1.0,1.5656573491376116e-09,1.5656573491376116e-09,1.0,0.4015691626731718,0.11457677257558622,972,1.1550268042471785,0.5339517433812426,1805,589.0199487283941,0.6912893350480115,1388.5,1263.5649981994957,0.4817819840858506,1621,0.7763846615972358,0.5622554397616224,0.28785410495344815,6,1217.25,,,,,,,,,,,,,2.16457216882865e-15,0.9999999999629087,7.646707553129428e-20,0.7803860015618866,0.2576519315640619,0.0014622548586759058,0.03309768637532168,0.9999999999999997,0.0050683097162807274,,9.960751160285669e-05,4.673139045868746e-14,4.673139045868746e-14,4.0387723547474774e-14,,0.0,2.957983093089953e-16,0.004567040150571947,1.044011061581106e-14,,,,,0.13043478260869565,,5.212566174879482e-18,1.0,1.0,5.2461595409548295e-15,5.2461595409548295e-15,1.0,0.45448731537229276,0.14156097535166914,1300,1.313055092574015,0.6373691593865949,1793,348.6036431249679,0.8371011013434729,1546.5,1507.2098286453281,0.557218774970802,1486,1409.1368421052632,1454.5,398.32527672708756,380,0.6645304607900322,0.5565550872278735,0.3678621512786154,7,1116.25
coif17,1.0,zero,3.18121563006918e-26,314.44586139276447,5973602.640583239,0.5588235294117647,115.94415662067811,206,raw,1.2661285181026153e-13,-2.1274881856214997e-10,6.320241782321462,68925.49241744628,0.8554431940490441,5.618943883690066e-06,1.0,326.99999999999983,,,,[],[],13,661.1538461538462,86.99999999999991,939.9999999999994,"[8, 32, 51, 63, 81, 100, 111, 133, 152, 162, 175, 192, 204]","[878.0, 638.0, 787.0000000000008, 792.0000000000002, 939.9999999999994, 788.0, 637.0, 674.9999999999997, 771.0000000000005, 195.99999999999994, 834.0000000000005, 571.9999999999999, 86.99999999999991]","[0, 13, 42, 42, 76, 99, 107, 107, 107, 161, 99, 187, 203]","[76, 39, 61, 76, 205, 164, 119, 142, 164, 164, 205, 205, 205]",37754613.0,940.9999999999995,-940.9999999999995,0.0,,,,DWT,mdp.39015067403892,0.0,,0.0,33.0,19.0,0.0,28.5,,4.547473508864641e-13,256.3413461538462,4359.0,256.3413461538462,,0.0,256.3413461538462,,,83.99999999999991,0.0,24.0,5.684341886080801e-13,4.547473508864641e-13,,1.7053025658242404e-13,1.4162969037219333e-13,2.171551079878548e-26,0.9464537073231603,0.7871112321390016,0.0002674380724792894,0.012605042016806678,0.000905642969121196,0.9999999997234227,0.47422802461150126,6.6959667625959335e-09,6.6959667625959335e-09,6.082000342865356e-09,,8.5778263145108e-12,0.9999999933040264,6.806481865779018e-13,,,,,,0.0,1.0,0.5,5.695370495225942e-13,5.695370495225942e-13,0.7922684098825008,0.25901821375082146,268,1.3669658333834194,0.6565583190101684,819,0,0.24785233644998822,0.2961384272007591,268,0.0,0.34341788278051666,0.6237659366429148,827,320.4460433000643,0.6641026799789682,545.5,404.331292593529,0.5461498724842431,715,coif,0.5507900112560971,0.8749445204262634,0.351963635992853,2,536.75,1.4162969037219333e-13,0.0001547883299646835,2.171551079878548e-26,0.9464537073231603,0.7871112321390016,0.0013006411323017307,0.2578947368421055,0.0032692010560939123,0.9999999997234226,0.9919828214562001,0.9855281704452468,0.9855281704452468,0.9855281704451347,,1.837741639739923e-12,0.9999999999667601,3.7929866394817307e-13,,,,,1.0,,0.0,1.0,0.5,5.695370495225942e-13,5.695370495225942e-13,0.0,2.2345701998222642,0.6375734627750659,263,1.4665901725772288,0.6779828629031764,1626,963.7865427572643,0.49487078471841495,944.5,452.76654314452094,0.499924910178914,1539,0.4784248188775415,0.776734912893196,0.43208215291776214,2,1154.75,,,,,,,,,,,,,9.509552818263314e-19,0.03641360043841643,2.171551079878548e-26,0.9611596516604897,0.24332427426660042,0.0015655727129498028,0.1951021512650523,1.0,0.0032692010560939123,0.9999999999999541,0.000849988472839121,0.0007982210227401261,0.0007982210227401261,0.0007982210227337874,,0.0,1.4359141228592004e-18,0.020163910573049823,3.5270643972334666e-18,,,,,0.4782608695652174,,0.0,1.0,0.8604651162790697,1.908388337924638e-18,1.908388337924638e-18,0.9302325581395349,0.5744527218307418,0.17892707859001003,514,1.589413335546034,0.7715160219278581,1659,809.6372644585969,0.6216648296922445,1086.5,784.8375517717441,0.5569772746592063,1487,986.6382352941176,846.0,585.0035688138154,340,0.4652856568234462,0.8173890317607586,0.42908333069536003,4,1116.25
sym20,1.0,periodization,1.1056684838720414e-17,229.0355431627572,5981425.481219135,0.6213592233009708,294.6702165079562,206,raw,2.6394821192629358e-09,3.3030527701373383e-09,6.311975818874243,63117.308605189115,0.764824638081122,5.618943883842107e-06,0.9999999999999998,327.0000000038835,,,,[],[],13,661.1538461451993,86.99999999882661,939.999999987313,"[8, 32, 51, 63, 81, 100, 111, 133, 152, 162, 175, 192, 204]","[877.9999999908541, 637.9999999891548, 786.9999999883188, 791.9999999892991, 939.999999987313, 787.9999999899765, 636.9999999909523, 674.9999999949174, 770.9999999910281, 195.99999999500426, 833.9999999880442, 571.9999999939002, 86.99999999882661]","[0, 13, 39, 39, 76, 99, 107, 107, 107, 161, 99, 187, 203]","[76, 39, 61, 76, 205, 164, 119, 142, 164, 164, 205, 205, 205]",37754612.99970683,940.9999999923449,-940.9999999923449,0.0,,,,DWT,mdp.39015067403892,0.0002931728959083557,,0.0,33.0,19.0,0.0,28.5,,7.655103217985015e-09,256.3413461451993,4359.00000011241,256.34134614599213,,0.0,256.3413461451993,,,83.99999999882661,0.0,19.5,1.2686996342381462e-08,7.655103217985015e-09,,3.883485533151543e-09,3.3350131018546082e-09,7.824442321356789e-18,0.6312702971051735,0.7842557564271755,0.00027624176079720365,0.48162274618585255,0.00043539500066304784,0.9999999997764124,0.474228023248507,0.0,0.0,0.0,,1.9534283866035445e-07,1.0,1.5191523005869506e-08,,,,,,2.9018085764134526e-09,1.0,0.0,9.587444307400971e-09,9.587444307400971e-09,0.7422685175276148,0.24267162887636376,588,1.3638514347427655,0.6550624627961369,820,0,0.20618568798829712,0.24635436658262602,588,0.0,0.3622325549488859,0.6579399042671716,785,124.6632129646379,0.8693257725737549,695.25,678.5689826725352,0.5702760938340472,632,sym,0.8243425715244881,0.7368036147090654,0.2019191155201387,6,475.5,3.3350131018546086e-09,0.0001547883310200615,7.82444232135679e-18,0.6312702971051734,0.7842557564271756,0.0013094357221886703,0.6103985692386303,0.0028000655535214036,0.9999999997764123,0.9919828214354166,0.9855281703483438,0.9855281703483438,0.985528170357117,,4.1850890361797266e-08,1.0,8.465642740392063e-09,,,,,1.0,,2.9018085764134526e-09,1.0,0.25,9.587444307400971e-09,9.587444307400971e-09,0.0,2.209570230190915,0.6304404055059774,589,1.4168706656650218,0.6549982730233495,1651,750.9474016201135,0.6064216972640915,1120.0,868.2491071428572,0.5097098004140164,1479,0.7763846615972358,0.5622554397616224,0.28785410495344815,6,1110.75,,,,,,,,,,,,,2.239253871016948e-14,0.0364136004394335,7.82444232135679e-18,0.7325381574034967,0.24244154444787097,0.00156762925810846,0.46177783791097265,0.9999999999999998,0.0028000655535214036,0.9999999999999629,0.0008499884728233991,0.0007982210226616404,0.0007982210226616404,0.0007982210226624982,,0.0,3.270007231987258e-14,0.020163910573569886,7.872125569473319e-14,,,,,0.4782608695652174,,9.18125633014023e-17,1.0,0.7906976744186046,3.212533218353887e-14,3.212533218353887e-14,0.9302325581395349,0.5674759776449507,0.17675400427459012,613,1.5582827228127074,0.7564049328492317,1676,751.6545084013001,0.6487595755134112,1144.5,897.6740934906072,0.5569732457006309,1488,1409.1368421052632,1454.5,398.32527672708756,380,0.6645304607900322,0.5565550872278735,0.3678621512786154,7,1117.75
bior3.7,1.0,smooth,3.0982734787288225e-27,322.33620124779685,5134972.0376434615,0.5454545454545454,56.349162616060646,206,smoothed,3.7609882845608844e-14,-2.036882884581819e-10,6.13958612172247,40265.71677489096,0.9940316261914894,0.00014966566451320274,0.9999999999999999,362.4000000000001,,,,[],[],11,426.60000000000014,32.2000000000001,728.3999999999999,"[9, 31, 53, 64, 80, 102, 131, 148, 158, 175, 192]","[311.0000000000001, 417.8000000000002, 589.6, 432.19999999999993, 728.3999999999999, 371.0000000000001, 587.0, 32.2000000000001, 448.2000000000001, 368.0, 407.20000000000005]","[1, 1, 1, 60, 1, 94, 120, 144, 144, 165, 186]","[20, 40, 75, 75, 205, 120, 205, 149, 205, 186, 205]",30736475.839999992,728.3999999999999,-728.3999999999999,0.0,,,,DWT,mdp.39015067403892,3.725290298461914e-09,,0.0,15.0,11.0,0.0,33.0,,1.1368683772161603e-13,168.4000000000002,987.7999999999975,168.40000000000006,,0.0,168.4000000000002,,,28.000000000000114,0.0,33.0,1.1368683772161603e-13,1.1368683772161603e-13,,1.1368683772161603e-13,3.378672386352927e-14,4.279517462114603e-27,0.9894627452664655,0.007573974576745801,0.1365989285034217,0.22243588485764182,0.09797923423300445,,0.9999996648089,4.406097391567225e-09,4.406097391567225e-09,3.6787565615428943e-09,,1.2251610931599486e-12,0.9999999955939026,7.585973278963461e-14,,,,,,7.946695712486874e-14,0.0,1.0,1.7477015598164352e-13,1.7477015598164352e-13,0.8999999009876668,0.3383296774466269,348,0.7939301463362316,0.40305282129151887,527,0,0.24999997274129032,0.3557007787942952,350,0.0,0.20772153820533046,0.3664770126754352,517,99.96832831785608,0.8952113958932326,435.5,418.3017358576575,0.719356222055631,284,bior,0.8100315533562081,0.7923003667562746,0.1952878026237719,6,214.5,2.9172894985151107e-14,0.9999999999705138,1.3956659933393225e-27,0.9755708476737073,0.7247037639305759,0.00035783626604270224,0.18253588516746408,0.0009543090546886678,0.9999999997235591,2.0315811925353255e-05,4.745570603148508e-11,4.745570603148508e-11,3.9622027880881205e-11,,1.2251610931599486e-12,0.003126132840347795,7.585973278963461e-14,,,,,0.0,,3.687271056968986e-14,0.0,1.0,1.4238426238064856e-13,1.4238426238064856e-13,1.0,0.30156916120483745,0.08604450842082896,1399,1.7212693862719814,0.7957172822735652,531,613.7686860699232,0.678318298705491,965.0,769.8124352331606,0.5862765497720327,940,0.5943810304597339,0.7715092316736338,0.3524805091760961,5,706.25,,,,,,,,,,,,,1.958778452412762e-19,0.9999999999715831,1.3956659933393225e-27,0.9822800657420198,0.2240318905594531,0.0013451052655543412,0.1380917823889005,0.9999999999999999,0.0009543090546886678,0.9999999999999541,9.960751159770586e-05,3.843648489765261e-14,3.843648489765261e-14,3.2091408523615694e-14,,0.0,9.572760819061336e-19,0.004567040150618456,7.054128794466933e-19,,,,,0.13043478260869565,,1.1666441752192217e-21,0.7209302325581395,1.0,4.770970844811595e-19,4.770970844811595e-19,1.0,0.42658033862811345,0.13286867808967343,1608,1.8576749739266076,0.9017327172647743,216,984.2926394116741,0.5400501684992176,912.0,380.8421052631579,0.5569409721000761,1489,1104.4,1082.5,563.6960149978129,300,0.520820561188399,0.7876173146100969,0.3991404127850916,6,1118.25
sym14,1.0,antisymmetric,6.159589737547054e-22,269.35188087512023,5403314.419297104,0.5258620689655172,97.5965226525589,206,smoothed,2.0201644025353704e-11,4.83314277485905e-11,6.380016074474032,77131.87511597299,0.9919087396979136,0.00014966566451327557,0.9999999999999999,362.39999999999657,,,,[],[],11,426.59999999993215,32.199999999980236,728.3999999998961,"[9, 31, 53, 64, 80, 102, 131, 148, 158, 175, 192]","[310.9999999999221, 417.79999999993817, 589.5999999999189, 432.1999999998869, 728.3999999998961, 370.99999999991917, 586.9999999999735, 32.199999999980236, 448.19999999994985, 367.9999999999348, 407.19999999993405]","[0, 0, 0, 60, 0, 94, 120, 144, 144, 165, 186]","[20, 40, 75, 75, 205, 120, 205, 149, 205, 186, 205]",30736475.839998554,728.3999999999126,-728.3999999999126,0.0,,,,DWT,mdp.39015067403892,1.4416873455047607e-06,,0.0,15.0,11.0,0.0,33.0,,8.742517820792273e-11,168.39999999993222,987.8000000007451,168.39999999994166,,0.0,168.39999999993222,,,27.999999999980247,0.0,15.0,1.0390976967755705e-10,8.742517820792273e-11,,3.410605131648481e-12,4.433134531086945e-11,1.8026605309539107e-21,0.788153435473728,0.3543711149931809,0.251759369241227,0.08785548947952124,0.40370414607157845,,0.9999996474868108,4.335359466305273e-09,4.335359466305273e-09,3.617984639921226e-09,,3.6754832794798456e-11,0.9999999956646191,6.933579576972603e-11,,,,,,3.07537124073242e-11,0.0,0.0,1.3439824994988387e-10,1.3439824994988387e-10,0.7999998958871452,0.3007374850106144,908,0.9725811576351799,0.4937481985396445,222,0,0.16666663798714781,0.2371338375800711,908,0.0,0.2694062221862239,0.47530549001320793,208,400.1445572123488,0.5805612607837014,561.5,347.37781901937063,0.4959934186518088,910,sym,1.0,1.0,0.0,7,684.25,2.5506779857084707e-11,0.9999999999710192,4.358925593371e-22,0.7800467104357379,0.8077602515210904,0.0006595120006983802,0.0720961887477316,0.003932042590731833,0.9999999997273575,2.0315811573412557e-05,4.6693870991987296e-11,4.6693870991987296e-11,3.896738487441098e-11,,3.6754832794798456e-11,0.0031261328405688404,6.933579576972603e-11,,,,,0.0,,1.4269738990469975e-11,0.0,0.0,1.0949349777071875e-10,1.0949349777071875e-10,1.0,0.20156916130744057,0.0575122447142957,1679,1.6026492004476234,0.7408809314735464,1281,281.4284989122459,0.8525007867336237,1480.0,1453.2425675675674,0.538409722507273,1281,0.7763846615972358,0.5622554397616224,0.28785410495344815,6,962.25,,,,,,,,,,,,,1.7126216235969695e-16,0.9999999999720703,4.358925593371e-22,0.8404546429263398,0.24970762575532168,0.0014156497456911407,0.05454210386350611,0.9999999999999999,0.003932042590731833,0.9999999999999548,9.960751159743958e-05,3.781935702107386e-14,3.781935702107386e-14,3.156134208148753e-14,,0.0,2.871828245718401e-17,0.004567040150621915,6.447473718142777e-16,,,,,0.13043478260869565,,4.514912958098388e-19,0.7209302325581395,0.7209302325581395,3.668876579660116e-16,3.668876579660116e-16,1.0,0.39867336188392904,0.1241763808276761,1737,1.7532240820796086,0.8510312824885718,956,552.2503961066936,0.7419390672398628,1346.5,1233.2506498329,0.5563667298816136,1490,1409.1368421052632,1454.5,398.32527672708756,380,0.6645304607900322,0.5565550872278735,0.3678621512786154,7,1119.25
sym6,1.0,constant,4.291430648598715e-20,253.14577148326148,5951940.895506917,0.6296296296296297,272.2891077397078,206,raw,1.6588465229281974e-10,-2.729835248830039e-10,6.343726790293079,65161.54312774296,0.7734314001854401,5.618943883682622e-06,0.9999999999999998,326.9999999999182,,,,[],[],13,661.1538461542253,87.00000000005076,940.0000000004978,"[8, 32, 51, 63, 81, 100, 111, 133, 152, 162, 175, 192, 204]","[878.00000000013, 638.0000000007017, 787.0000000007396, 792.0000000004613, 940.0000000004978, 788.0000000002924, 637.0000000004586, 675.0000000002909, 771.0000000002309, 196.00000000041115, 834.0000000006195, 572.0000000000441, 87.00000000005076]","[0, 13, 42, 42, 76, 99, 107, 107, 107, 161, 164, 187, 203]","[76, 42, 61, 76, 205, 164, 119, 142, 164, 164, 205, 205, 205]",37754613.00001198,941.000000000176,-941.000000000176,0.0,,,,DWT,mdp.39015067403892,1.1980533599853516e-05,,0.0,33.0,19.0,0.0,28.5,,1.7598722479306161e-10,256.34134615422533,4358.9999999950705,256.3413461542253,,0.0,256.34134615422533,,,84.00000000005076,0.0,28.5,4.978346623829566e-10,1.7598722479306161e-10,,8.179767974070273e-11,2.0957978823739724e-10,3.036900408955385e-20,0.7202424978962603,0.7952241242759197,0.00024306032263750267,0.5436507936507938,0.0006009023541414806,0.9999999997225149,0.47422802467056807,6.9895684291082126e-09,6.9895684291082126e-09,6.375557991317039e-09,,4.114497355527014e-09,0.9999999930103909,5.961116818049264e-10,,,,,,1.1858263719212258e-10,1.0,1.0,2.2041083816524396e-10,2.2041083816524396e-10,0.8422684125155345,0.27536483467877876,31,1.4475797693908887,0.6952774654740227,721,0,0.2895190036088056,0.3459225101585548,31,0.0,0.38249517230398095,0.6947438423469359,668,383.68248591771817,0.5978171007151801,362.75,59.34709509447837,0.6087880052842147,504,sym,0.8243425715244881,0.7368036147090654,0.2019191155201387,6,379.5,2.095797882373972e-10,0.00015478832991300262,3.036900408955385e-20,0.7202424978962602,0.7952241242759198,0.001276288576363481,0.6570175438596493,0.00296518136615986,0.9999999997225147,0.9919828214571007,0.9855281704494958,0.9855281704494958,0.985528170449383,,8.815034065285831e-10,0.9999999999653025,3.321897698858099e-10,,,,,1.0,,1.1858263719212258e-10,1.0,0.75,2.2041083816524396e-10,2.2041083816524396e-10,0.0,2.259570200578596,0.6447065289248165,31,1.4944352317050749,0.6908552203334941,1595,1105.9150057757604,0.4203799760085113,813.0,60.817958179581794,0.49713967353884686,1554,0.7763846615972358,0.5622554397616224,0.28785410495344815,6,1167.0,,,,,,,,,,,,,1.407197926258592e-15,0.03641360043836664,3.036900408955385e-20,0.7970750487269431,0.2458322598102119,0.0015598780607079612,0.4970459567942995,0.9999999999999998,0.00296518136615986,0.999999999999954,0.0008499884728398023,0.0007982210227435676,0.0007982210227435676,0.0007982210227372282,,0.0,6.887601409314632e-16,0.020163910573027015,3.08900299909707e-15,,,,,0.4782608695652174,,3.751927667505017e-18,1.0,0.9302325581395349,7.385462867768349e-16,7.385462867768349e-16,0.9302325581395349,0.5814294660167825,0.18110015290550766,220,1.6128696335673014,0.7829019272388296,1611,983.5855326304876,0.5403805922287441,915.5,387.13271436373566,0.5562884269554935,1491,1409.1368421052632,1454.5,398.32527672708756,380,0.6645304607900322,0.5565550872278735,0.3678621512786154,7,1120.0
sym14,1.0,symmetric,6.378055701810625e-22,269.2005156647533,5403748.881478269,0.5301724137931034,97.5965226525589,206,smoothed,2.0588023195651896e-11,3.7797809326631216e-11,6.3795031202712424,31985.079597898355,0.9797037122171044,0.00014966566451327684,1.0,362.39999999999657,,,,[],[],11,426.5999999999304,32.199999999980236,728.3999999998766,"[9, 31, 53, 64, 80, 102, 131, 148, 158, 175, 192]","[310.9999999999219, 417.79999999993817, 589.5999999999189, 432.1999999998869, 728.3999999998766, 370.99999999991917, 586.9999999999735, 32.199999999980236, 448.19999999994985, 367.9999999999348, 407.19999999993405]","[0, 0, 0, 60, 0, 94, 120, 144, 144, 165, 186]","[20, 40, 75, 75, 205, 120, 205, 149, 205, 186, 205]",30736475.83999856,728.3999999999126,-728.3999999999126,0.0,,,,DWT,mdp.39015067403892,1.4379620552062988e-06,,0.0,15.0,11.0,0.0,33.0,,8.742517820792273e-11,168.39999999993046,987.8000000007642,168.3999999999416,,0.0,168.39999999993046,,,27.999999999980247,0.0,15.0,1.233502189279534e-10,8.742517820792273e-11,,3.410605131648481e-12,4.5180166226967844e-11,1.866596772474156e-21,0.7875783365423598,0.3536312277675833,0.2519458208034384,0.1174631764627077,0.02930928909032915,,0.9999996474868108,4.3335259582090185e-09,4.3335259582090185e-09,3.617925494498723e-09,,3.6754832794798456e-11,0.9999999956664257,8.230781007675355e-11,,,,,,3.0674245450199333e-11,0.0,0.0,1.3439824994988387e-10,1.3439824994988387e-10,0.7999998958933769,0.3007374850129571,904,0.8340445124456954,0.4234175958366751,399,0,0.16666663798806225,0.23713383758137213,904,0.0,0.21998969295879983,0.3881213580039738,404,290.1256911524153,0.6958850197563781,652.75,556.0264350799005,0.5058303505490486,893,sym,1.0,1.0,0.0,7,671.5,2.599497664199528e-11,0.9999999999710281,4.513526575642629e-22,0.7794881385420782,0.8075830515761963,0.0006600004315488308,0.09639292196007268,0.0002854698772075839,0.9999999997271988,2.0315811573412557e-05,4.66741645333002e-11,4.66741645333002e-11,3.896682976289867e-11,,3.6754832794798456e-11,0.0031261328405745026,8.230781007675355e-11,,,,,0.0,,1.4232866279900286e-11,0.0,0.0,1.0949349777071875e-10,1.0949349777071875e-10,1.0,0.201569161313899,0.05751224471613843,1672,1.6104857657540181,0.7445036592683336,1248,299.8132752230961,0.8428651597363228,1460.0,1429.2164383561646,0.5388329991553731,1277,0.7763846615972358,0.5622554397616224,0.28785410495344815,6,959.25,,,,,,,,,,,,,1.745401001279807e-16,0.9999999999720789,4.513526575642629e-22,0.8400494771186277,0.2496528469054833,0.0014157639613752995,0.07292303313909282,1.0,0.0002854698772075839,0.9999999999999548,9.960751159743958e-05,3.7803419249138326e-14,3.7803419249138326e-14,3.156079998040129e-14,,0.0,2.871828245718401e-17,0.004567040150622002,7.653729741996623e-16,,,,,0.13043478260869565,,4.503246516346196e-19,0.7209302325581395,0.7209302325581395,3.668876579660116e-16,3.668876579660116e-16,1.0,0.3986733618839291,0.12417638082767612,1734,1.7588473929027315,0.8537608898847683,935,564.9783181680515,0.7359914401083871,1334.5,1214.904458598726,0.5561966546336328,1492,1409.1368421052632,1454.5,398.32527672708756,380,0.6645304607900322,0.5565550872278735,0.3678621512786154,7,1120.75
sym16,1.0,constant,1.7153252805266104e-19,247.12832758544232,6008827.624960088,0.5847457627118644,225.13685102316697,206,raw,3.2274475648653564e-10,6.630321837727368e-10,6.284811903083652,67466.14660836243,0.8097831504011057,5.618943883708783e-06,0.9999999999999999,327.00000000055877,,,,[],[],13,661.1538461528152,86.99999999985292,939.9999999985068,"[8, 32, 51, 63, 81, 100, 111, 133, 152, 162, 175, 192, 204]","[877.9999999992277, 637.9999999985912, 786.9999999985333, 791.9999999987457, 939.9999999985068, 787.9999999988316, 636.9999999988871, 674.9999999993935, 770.9999999988867, 195.9999999993277, 833.9999999985183, 571.9999999992956, 86.99999999985292]","[0, 13, 39, 39, 76, 99, 107, 107, 107, 161, 99, 187, 203]","[76, 39, 61, 76, 205, 164, 119, 142, 164, 164, 205, 205, 205]",37754612.99996517,940.9999999991174,-940.9999999991174,0.0,,,,DWT,mdp.39015067403892,3.4831464290618896e-05,,0.0,33.0,19.0,0.0,28.5,,8.825509212329052e-10,256.34134615281516,4359.000000013402,256.34134615290856,,0.0,256.34134615281516,,,83.99999999985292,0.0,19.5,1.493162926635705e-09,8.825509212329052e-10,,5.587708074017428e-10,4.077752512304184e-10,1.2138777426396784e-19,0.6980367676307133,0.7748719861899358,0.0003070796551077508,0.2070217917675543,0.0007874899587857837,0.9999999997366223,0.474228024440739,5.897563909942302e-09,5.897563909942302e-09,5.355919459492959e-09,,2.8106677557213727e-08,0.9999999941023684,1.7879266565028326e-09,,,,,,3.447598438266002e-10,1.0,0.0,1.105329028860975e-09,1.105329028860975e-09,0.7422684250905337,0.24267159865568685,596,1.2895353062084673,0.6193681745892008,832,0,0.20618567234534807,0.24635434789214927,605,0.0,0.3351281394183118,0.608708888678526,833,133.99626860476377,0.8595426953828472,716.5,697.6969501626032,0.5542472386767485,691,sym,0.8243425715244881,0.7368036147090654,0.2019191155201387,6,519.75,4.077752512304184e-10,0.0001547883300946351,1.2138777426396781e-19,0.6980367676307133,0.7748719861899359,0.0013402417461691176,0.4040142729705621,0.00315132756040205,0.9999999997366222,0.9919828214535963,0.9855281704336925,0.9855281704336925,0.985528170434627,,6.021666772881147e-09,0.9999999999707233,9.96341730459061e-10,,,,,1.0,,3.447598438266002e-10,1.0,0.25,1.105329028860975e-09,1.105329028860975e-09,0.0,2.20957020393556,0.6304403980147302,606,1.369840851274876,0.6332570880636793,1659,744.5834405894345,0.609757106609311,1132.5,887.7298013245032,0.5081018237449071,1490,0.7763846615972358,0.5622554397616224,0.28785410495344815,6,1119.0,,,,,,,,,,,,,2.7379571891781743e-15,0.036413600438541645,1.2138777426396781e-19,0.7809678962887299,0.23954068496368355,0.0015748330027161026,0.3056442902384715,0.9999999999999999,0.00315132756040205,0.9999999999999564,0.0008499884728371512,0.0007982210227307678,0.0007982210227307678,0.0007982210227252767,,0.0,4.705011942568647e-15,0.020163910573111826,9.26489275865287e-15,,,,,0.4782608695652174,,1.0908123038299723e-17,1.0,0.7906976744186046,3.703704666827241e-15,3.703704666827241e-15,0.9302325581395349,0.5674759776447259,0.1767540042745201,626,1.523580824007533,0.7395603082819454,1681,745.9976541518076,0.6514029653496226,1153.5,912.2722149978326,0.5561921368804188,1493,1409.1368421052632,1454.5,398.32527672708756,380,0.6645304607900322,0.5565550872278735,0.3678621512786154,7,1121.5
coif15,1.0,constant,2.3099516932806549e-26,313.6113697641467,4961013.154469083,0.5578231292517006,31.642748349106387,206,smoothed,1.0508961554257692e-13,-1.9893870994991437e-10,6.19560458377566,46850.06150400296,0.9920297111726939,0.00014966566451320295,0.9999999999999997,362.40000000000003,,,,[],[],11,426.6,32.20000000000013,728.3999999999994,"[9, 31, 53, 64, 80, 102, 131, 148, 158, 175, 192]","[310.9999999999998, 417.80000000000007, 589.5999999999998, 432.20000000000016, 728.3999999999994, 371.0000000000001, 587.0000000000001, 32.20000000000013, 448.20000000000016, 368.00000000000006, 407.1999999999997]","[0, 0, 0, 60, 0, 94, 120, 144, 144, 165, 186]","[20, 40, 75, 75, 203, 120, 203, 149, 203, 186, 203]",30736475.839999996,728.3999999999994,-728.3999999999994,0.0,,,,DWT,mdp.39015067403892,0.0,,0.0,33.0,11.0,0.0,33.0,,5.684341886080801e-13,168.4000000000001,987.7999999999984,168.4,,0.0,168.4000000000001,,,28.000000000000142,0.0,15.0,5.684341886080801e-13,5.684341886080801e-13,,5.684341886080802e-14,1.82030244552571e-13,6.281514961405513e-26,0.956313508064259,0.08837523177554035,0.061943626075364515,0.3073954813956663,0.15258210858726956,,0.9999996648336812,4.4059791007223055e-09,4.4059791007223055e-09,3.6786974161203912e-09,,6.125805465799743e-13,0.9999999955939887,3.7929866394817307e-13,,,,,,0.0,1.0,0.0,8.738507799082175e-13,8.738507799082175e-13,0.8999999009951408,0.33832967744943654,335,0.8329385697572368,0.42285614427468693,405,0,0.24999997274342206,0.3557007787973282,337,0.0,0.22380142227118313,0.3948462801454072,369,32.91909273759936,0.9654936134826002,361.5,359.33749226669374,0.7932813979362686,158,coif,0.5556920286951962,0.9053407607371553,0.33941335169221604,4,119.5,1.144347079443235e-13,0.9999999999705151,1.5549870265286016e-26,0.9433742442939064,0.7440553324232427,0.00016226829963310123,0.2522556390977443,0.0014861362098630463,0.9999999997236307,2.0315811925852856e-05,4.745454029730922e-11,4.745454029730922e-11,3.962136174706643e-11,,6.125805465799743e-13,0.0031261328403480726,3.7929866394817307e-13,,,,,0.0,,0.0,1.0,0.0,7.119213119032428e-13,7.119213119032428e-13,1.0,0.30156916120489163,0.08604450842084442,1377,1.7396300569414658,0.8042051477305144,346,729.0270914033305,0.6179103294531811,861.5,553.037724898433,0.5831952066553118,960,0.4784248188775415,0.776734912893196,0.43208215291776214,2,720.5,,,,,,,,,,,,,7.683578892104502e-19,0.9999999999715845,1.5549870265286016e-26,0.9589259318121948,0.2300141535067147,0.001299373246247177,0.190836069240306,0.9999999999999997,0.0014861362098630463,0.9999999999999541,9.960751159770619e-05,3.8435400695480126e-14,3.8435400695480126e-14,3.209086642252945e-14,,0.0,4.786380409530668e-19,0.00456704015061846,3.5270643972334666e-18,,,,,0.13043478260869565,,0.0,1.0,0.7209302325581395,2.3854854224057974e-18,2.3854854224057974e-18,1.0,0.42658033862811345,0.13286867808967343,1596,1.8679412046353223,0.906716041173945,127,1038.7398615630384,0.514607541325683,861.5,235.27800348229832,0.5560187239338695,1494,986.6382352941176,846.0,585.0035688138154,340,0.4652856568234462,0.8173890317607586,0.42908333069536003,4,1121.5
sym6,1.0,zero,4.290976795567085e-20,253.14623080861676,5951968.251922373,0.6296296296296297,272.2891077397078,206,raw,1.6583946729360393e-10,-2.86825563509412e-10,6.343214782406134,65500.51950448589,0.7746101077394144,5.61894388368262e-06,0.9999999999999999,326.9999999999182,,,,[],[],13,661.1538461542245,87.00000000005076,940.0000000004978,"[8, 32, 51, 63, 81, 100, 111, 133, 152, 162, 175, 192, 204]","[878.0000000001203, 638.0000000007017, 787.0000000007396, 792.0000000004613, 940.0000000004978, 788.0000000002924, 637.0000000004586, 675.0000000002909, 771.0000000002309, 196.00000000041115, 834.0000000006195, 572.0000000000441, 87.00000000005076]","[0, 13, 42, 42, 76, 99, 107, 107, 107, 161, 164, 187, 203]","[76, 42, 61, 76, 205, 164, 119, 142, 164, 164, 205, 205, 205]",37754613.00001198,941.000000000176,-941.000000000176,0.0,,,,DWT,mdp.39015067403892,1.1980533599853516e-05,,0.0,33.0,19.0,0.0,28.5,,1.7598722479306161e-10,256.34134615422454,4358.999999995081,256.34134615422454,,0.0,256.34134615422454,,,84.00000000005076,0.0,28.5,4.978346623829566e-10,1.7598722479306161e-10,,8.179767974070273e-11,2.0952269620697974e-10,3.0365792324978373e-20,0.7202441929108074,0.7950472512356782,0.00024309110906999964,0.5436507936507938,0.0006283468975084236,0.9999999997223062,0.47422802467056807,6.9889521737362225e-09,6.9889521737362225e-09,6.374985754185554e-09,,4.114497355527014e-09,0.999999993011041,5.961116818049264e-10,,,,,,1.1858263719212258e-10,1.0,1.0,2.2041083816524396e-10,2.2041083816524396e-10,0.8422684125153181,0.27536483467870804,32,1.4475033430899586,0.695240757662868,723,0,0.28951900360870936,0.3459225101584398,32,0.0,0.38247670946696083,0.6947103074339206,669,383.9939235630342,0.5974906461603415,364.0,61.18275986789445,0.6079696417384517,507,sym,0.8243425715244881,0.7368036147090654,0.2019191155201387,6,381.75,2.0952269620697974e-10,0.00015478832991300262,3.0365792324978373e-20,0.7202441929108073,0.7950472512356783,0.0012763193309788326,0.6570175438596493,0.0029925609839549974,0.9999999997223061,0.9919828214571007,0.9855281704494868,0.9855281704494868,0.9855281704493748,,8.815034065285831e-10,0.9999999999653058,3.321897698858099e-10,,,,,1.0,,1.1858263719212258e-10,1.0,0.75,2.2041083816524396e-10,2.2041083816524396e-10,0.0,2.25957020057859,0.6447065289248147,32,1.4943587794180078,0.6908198775762396,1596,1105.9150057757604,0.4203799760085113,814.0,62.74201474201474,0.49687761903150934,1556,0.7763846615972358,0.5622554397616224,0.28785410495344815,6,1168.5,,,,,,,,,,,,,1.4068145887837094e-15,0.03641360043836663,3.0365792324978373e-20,0.7970762782229953,0.24577758201831057,0.0015598852524310685,0.4970459567942995,0.9999999999999999,0.0029925609839549974,0.9999999999999539,0.0008499884728398023,0.0007982210227435603,0.0007982210227435603,0.0007982210227372216,,0.0,6.887601409314632e-16,0.020163910573027063,3.08900299909707e-15,,,,,0.4782608695652174,,3.751927667505017e-18,1.0,0.9302325581395349,7.385462867768349e-16,7.385462867768349e-16,0.9302325581395349,0.5814294660167825,0.18110015290550766,219,1.6128539878119614,0.7828943326436101,1612,984.9997461928607,0.5397197447696913,915.5,385.6122337520481,0.5559580032259671,1495,1409.1368421052632,1454.5,398.32527672708756,380,0.6645304607900322,0.5565550872278735,0.3678621512786154,7,1123.0
sym18,1.0,periodization,1.098660945863017e-19,246.83876187335912,4963380.274295074,0.529126213592233,97.71021788832255,206,smoothed,2.5775031916640056e-10,,6.192649795380351,31688.23739847533,0.9838315205770836,0.00014966566451192,0.9999999999999997,362.40000000003533,,,,[],[],11,426.6000000009207,32.200000000384534,728.4000000017539,"[9, 31, 53, 64, 80, 102, 131, 148, 158, 175, 192]","[311.0000000011297, 417.8000000008378, 589.6000000011569, 432.2000000013551, 728.4000000017539, 371.00000000103466, 587.0000000002645, 32.200000000384534, 448.20000000058513, 368.0000000007902, 407.2000000008349]","[1, 1, 1, 60, 1, 94, 120, 144, 144, 165, 186]","[20, 40, 75, 75, 203, 120, 203, 149, 203, 186, 203]",30736475.84001653,728.4000000012501,-728.4000000012501,0.0,,,,DWT,mdp.39015067403892,1.6532838344573975e-05,,0.0,33.0,11.0,0.0,33.0,,1.2501004675868899e-09,168.40000000092078,987.7999999898711,168.40000000092067,,0.0,168.40000000092078,,,28.000000000384546,0.0,33.0,1.7539605323690921e-09,1.2501004675868899e-09,,3.5356606531422585e-11,5.661925105894402e-10,3.215340695030241e-19,0.7026168009439503,0.08411323299251997,0.06295948708382854,0.11027684467067218,0.026847626163344886,,1.0000000000000002,5.363957508304113e-09,5.363957508304113e-09,4.63664625168764e-09,,3.8102509997274405e-10,0.9999999946360479,1.1703639574784827e-09,,,,,,3.526743557201675e-10,1.0,1.0,1.9217726351741525e-09,1.9217726351741525e-09,1.0000000036481331,0.37592190655755964,10,0.549956229108009,0.2791951039417437,947,0,0.33333333464568476,0.4742677586379865,10,0.0,0.14097342748864405,0.2487152801727596,946,540.6886812205338,0.43324037607910504,478.25,19.7909042809946,0.4659650517712087,954,sym,1.0,1.0,0.0,7,717.25,3.2565365209692046e-10,0.99999999996161,7.77485226339742e-20,0.6969682045986589,0.7430346012585981,0.0001649294618696561,0.09049565661727149,0.00026149349854732735,,2.03158187350172e-05,5.7772397976663115e-11,5.7772397976663115e-11,4.9938941870664166e-11,,3.8102509997274405e-10,0.0031261328373534125,1.1703639574784827e-09,,,,,0.0,,1.6364108950828358e-10,1.0,1.0,1.5656573491376116e-09,1.5656573491376116e-09,1.0,0.40156916269772036,0.1145767725825905,965,1.1260835482519358,0.5205717058436184,1828,610.2331521639906,0.6801713038972796,1396.5,1263.1722162549231,0.4741265324517845,1644,0.7763846615972358,0.5622554397616224,0.28785410495344815,6,1234.5,,,,,,,,,,,,,2.1865617279383817e-15,0.9999999999630023,7.77485226339742e-20,0.7801928032185486,0.22969860894361208,0.001299995537949729,0.06846164253822229,0.9999999999999997,0.00026149349854732735,,9.960751160285712e-05,4.6792322620781146e-14,4.6792322620781146e-14,4.0447571507395974e-14,,0.0,2.977128614728076e-16,0.004567040150571606,1.0883109904103584e-14,,,,,0.13043478260869565,,5.1775668496229054e-18,1.0,1.0,5.2461595409548295e-15,5.2461595409548295e-15,1.0,0.45448731537229287,0.1415609753516692,1297,1.3111042385755192,0.6364221967038107,1797,353.5533905932738,0.834788135236788,1547.0,1506.5992243051066,0.5559454694875529,1496,1409.1368421052632,1454.5,398.32527672708756,380,0.6645304607900322,0.5565550872278735,0.3678621512786154,7,1123.75
sym15,1.0,antisymmetric,1.4430092090142272e-21,265.65470771557466,5441373.276806279,0.5341880341880342,97.77408332704817,206,smoothed,3.083367434083432e-11,1.085685319418126e-10,6.394786920710692,80221.84001574953,0.9923983331478626,0.00014966566451331977,1.0,362.39999999999554,,,,[],[],11,426.59999999989543,32.199999999967304,728.3999999998377,"[9, 31, 53, 64, 80, 102, 131, 148, 158, 175, 192]","[310.9999999998771, 417.7999999999042, 589.5999999998747, 432.19999999982906, 728.3999999998377, 370.99999999987665, 586.9999999999598, 32.199999999967304, 448.1999999999233, 367.9999999999002, 407.1999999998999]","[0, 0, 0, 60, 0, 94, 120, 144, 144, 165, 186]","[20, 40, 75, 75, 205, 120, 205, 149, 205, 186, 205]",30736475.83999787,728.3999999998648,-728.3999999998648,0.0,,,,DWT,mdp.39015067403892,2.127140760421753e-06,,0.0,15.0,11.0,0.0,33.0,,1.3517365005100146e-10,168.3999999998955,987.8000000011489,168.39999999991022,,0.0,168.3999999998955,,,27.999999999967315,0.0,15.0,1.6223111742874607e-10,1.3517365005100146e-10,,4.433786671143025e-12,6.768842666027862e-11,4.223105462464272e-21,0.7741063481147257,0.37567664360050007,0.26809251340475715,0.14504640621627476,0.4293287104166994,,0.9999996362113449,4.297151523396225e-09,4.297151523396225e-09,3.5852772212771556e-09,,4.7781282633238e-11,0.9999999957028163,1.0825183869080858e-10,,,,,,4.537563251830005e-11,0.0,0.0,2.0780171546217415e-10,2.0780171546217415e-10,0.7999998925525108,0.30073748375705234,914,1.0160984340449601,0.5158405212872136,199,0,0.16666663705922946,0.23713383625982581,914,0.0,0.2846072316886637,0.5021241848882592,184,417.1805164833724,0.5627038611285404,552.75,316.2532329775523,0.491650672702635,923,sym,1.0,1.0,0.0,7,694.0,3.8940534614318485e-11,0.999999999971326,1.0211680698273367e-21,0.7664033044779952,0.8128628379214807,0.0007022985099649472,0.11902834008097182,0.0041816235756050955,0.9999999997282655,2.0315811344373547e-05,4.628236682790998e-11,4.628236682790998e-11,3.861516661984865e-11,,4.7781282633238e-11,0.0031261328406881894,1.0825183869080858e-10,,,,,0.0,,2.105431773529291e-11,0.0,0.0,1.6929488797059114e-10,1.6929488797059114e-10,1.0,0.20156916135936306,0.05751224472911036,1670,1.6159085362595367,0.7470105255633243,1234,308.2985565973347,0.83841794727603,1452.0,1419.2699724517909,0.5387058289839269,1279,0.7763846615972358,0.5622554397616224,0.28785410495344815,6,960.75,,,,,,,,,,,,,2.614614701995961e-16,0.999999999972366,1.0211680698273367e-21,0.830558259564485,0.251285017973933,0.0014256550318522015,0.09004714673771647,1.0,0.0041816235756050955,0.9999999999999549,9.960751159726632e-05,3.748607327325182e-14,3.748607327325182e-14,3.1276088489906595e-14,,0.0,3.7333767194339215e-17,0.004567040150623782,1.0066241789704314e-15,,,,,0.13043478260869565,,6.661538240501756e-19,0.7209302325581395,0.7209302325581395,5.672684334480985e-16,5.672684334480985e-16,1.0,0.3986733618839299,0.12417638082767636,1732,1.762381800358604,0.8554765241500931,917,576.2920266670362,0.7307046604359644,1324.5,1199.1272178180445,0.5558897133955523,1497,1409.1368421052632,1454.5,398.32527672708756,380,0.6645304607900322,0.5565550872278735,0.3678621512786154,7,1124.5
sym16,1.0,zero,1.7153696534213116e-19,247.12821524142058,6009740.389634557,0.5847457627118644,225.13685102316697,206,raw,3.227333740058171e-10,7.220399824201355e-10,6.282236927422149,68426.53867415775,0.812473598845263,5.618943883708787e-06,1.0,327.00000000055877,,,,[],[],13,661.153846152817,86.99999999985292,939.9999999985068,"[8, 32, 51, 63, 81, 100, 111, 133, 152, 162, 175, 192, 204]","[877.99999999925, 637.9999999985912, 786.9999999985333, 791.9999999987457, 939.9999999985068, 787.9999999988316, 636.9999999988871, 674.9999999993935, 770.9999999988867, 195.9999999993277, 833.9999999985183, 571.9999999992956, 86.99999999985292]","[0, 13, 39, 39, 76, 99, 107, 107, 107, 161, 99, 187, 203]","[76, 39, 61, 76, 205, 164, 119, 142, 164, 164, 205, 205, 205]",37754612.999965146,940.9999999991174,-940.9999999991174,0.0,,,,DWT,mdp.39015067403892,3.485381603240967e-05,,0.0,33.0,19.0,0.0,28.5,,8.825509212329052e-10,256.341346152817,4359.000000013379,256.34134615291026,,0.0,256.341346152817,,,83.99999999985292,0.0,19.5,1.493162926635705e-09,8.825509212329052e-10,,5.587708074017428e-10,4.077608692685574e-10,1.2139091438381679e-19,0.6980363530558398,0.7739824612716472,0.0003081068645417195,0.2070217917675543,0.0008652461787095585,0.9999999997375117,0.474228024440739,5.898972493649708e-09,5.898972493649708e-09,5.357240006719463e-09,,2.8106677557213727e-08,0.9999999941009597,1.7879266565028326e-09,,,,,,3.4498108009001833e-10,1.0,0.0,1.105329028860975e-09,1.105329028860975e-09,0.7422684250911814,0.24267159865589863,595,1.2891219110974368,0.6191696195174083,833,0,0.20618567234559393,0.24635434789244304,604,0.0,0.3350267449104456,0.6085247210991981,834,135.15053335694486,0.8583327742589677,716.5,697.3716659539698,0.5536422781148088,694,sym,0.8243425715244881,0.7368036147090654,0.2019191155201387,6,522.0,4.077608692685575e-10,0.0001547883300946351,1.2139091438381676e-19,0.6980363530558397,0.7739824612716473,0.0013412678940032438,0.4040142729705621,0.003228899832392259,0.9999999997375116,0.9919828214535963,0.9855281704337129,0.9855281704337129,0.9855281704346461,,6.021666772881147e-09,0.9999999999707163,9.96341730459061e-10,,,,,1.0,,3.4498108009001833e-10,1.0,0.25,1.105329028860975e-09,1.105329028860975e-09,0.0,2.209570203935685,0.6304403980147658,605,1.369427382053872,0.6330659473814217,1660,745.9976541518076,0.6090159045325956,1132.5,886.7991169977926,0.5077312227065494,1494,0.7763846615972358,0.5622554397616224,0.28785410495344815,6,1122.0,,,,,,,,,,,,,2.737860623249387e-15,0.036413600438541666,1.2139091438381676e-19,0.7809675955726261,0.23926570095081862,0.0015750729592561425,0.3056442902384715,1.0,0.003228899832392259,0.9999999999999565,0.0008499884728371512,0.0007982210227307843,0.0007982210227307843,0.0007982210227252922,,0.0,4.705011942568647e-15,0.020163910573111718,9.26489275865287e-15,,,,,0.4782608695652174,,1.091512290335104e-17,1.0,0.7906976744186046,3.703704666827241e-15,3.703704666827241e-15,0.9302325581395349,0.5674759776447259,0.1767540042745201,625,1.5234743004585043,0.739508600760088,1682,747.4118677141807,0.6507421178905697,1153.5,911.3567403554399,0.5558617131508923,1498,1409.1368421052632,1454.5,398.32527672708756,380,0.6645304607900322,0.5565550872278735,0.3678621512786154,7,1125.25
sym18,1.0,periodic,1.09858831920328e-19,246.83904897194256,5576962.1232748125,0.5208333333333334,99.19969517114984,206,smoothed,2.5773688900477897e-10,,6.445072734808136,31314.560086298912,0.9792370746531469,0.00014966566451192007,0.9999999999999999,362.4000000000351,,,,[],[],11,426.60000000092055,32.200000000384506,728.4000000017539,"[9, 31, 53, 64, 80, 102, 131, 148, 158, 175, 192]","[311.0000000011296, 417.8000000008378, 589.6000000011571, 432.2000000013552, 728.4000000017539, 371.0000000010346, 587.0000000002642, 32.200000000384506, 448.20000000058474, 368.00000000078984, 407.20000000083496]","[1, 1, 1, 60, 1, 94, 120, 144, 144, 165, 186]","[20, 40, 75, 75, 203, 120, 203, 149, 203, 186, 203]",30736475.840016533,728.4000000012501,-728.4000000012501,0.0,,,,DWT,mdp.39015067403892,1.6536563634872437e-05,,0.0,33.0,11.0,0.0,33.0,,1.2501004675868899e-09,168.4000000009206,987.799999989873,168.4000000009206,,0.0,168.4000000009206,,,28.000000000384517,0.0,33.0,1.7539605323690921e-09,1.2501004675868899e-09,,3.512923285597935e-11,5.661630064055522e-10,3.2151281458730577e-19,0.702617891750009,0.4482091061033133,0.32628112760063543,0.053313187999137174,0.02374878244157029,,0.9999999999752189,5.363780072036734e-09,5.363780072036734e-09,4.636587106265137e-09,,3.7857477778642416e-10,0.9999999946362199,1.1703639574784827e-09,,,,,,3.527538226772924e-10,1.0,1.0,1.9217726351741525e-09,1.9217726351741525e-09,1.0000000036394752,0.3759219065543049,11,0.8396406402481116,0.4262585700829365,373,0,0.33333333464340204,0.47426775863473863,11,0.0,0.22202429949440408,0.3917109545936212,393,214.92944578783676,0.7747070798869635,197.0,21.385379504250608,0.7841040640524964,179,sym,1.0,1.0,0.0,7,136.0,3.2563668285471354e-10,0.9999999999616107,7.774338309062598e-20,0.6969692640574279,0.8302340641217325,0.0008547301333911214,0.043750000000000455,0.0002313110354376243,,2.03158187345176e-05,5.777045508637002e-11,5.777045508637002e-11,4.993827573684939e-11,,3.7857477778642416e-10,0.003126132837353912,1.1703639574784827e-09,,,,,0.0,,1.6367796221885327e-10,1.0,1.0,1.5656573491376116e-09,1.5656573491376116e-09,1.0,0.4015691626965124,0.11457677258224583,966,1.1513184800623677,0.5322374401666146,1809,596.0910165402596,0.6875833246644342,1387.5,1259.455135135135,0.48019103340139946,1629,0.7763846615972358,0.5622554397616224,0.28785410495344815,6,1223.25,,,,,,,,,,,,,2.1864477900312747e-15,0.9999999999630028,7.774338309062598e-20,0.7801935717077488,0.2566550861875584,0.0014612999591556229,0.03309768637532168,0.9999999999999999,0.0002313110354376243,,9.960751160285669e-05,4.6790804737739666e-14,4.6790804737739666e-14,4.044702940630973e-14,,0.0,2.957983093089953e-16,0.004567040150571615,1.0883109904103584e-14,,,,,0.13043478260869565,,5.178733493798126e-18,1.0,1.0,5.2461595409548295e-15,5.2461595409548295e-15,1.0,0.45448731537229287,0.1415609753516692,1299,1.3105059350512114,0.6361317746061373,1798,352.8462838120872,0.8351185589663144,1548.5,1508.2996448175654,0.5557602140625965,1499,1409.1368421052632,1454.5,398.32527672708756,380,0.6645304607900322,0.5565550872278735,0.3678621512786154,7,1126.0
coif15,1.0,constant,2.657148524777772e-26,315.22763416310016,5969596.168690292,0.5748299319727891,134.12368927201535,206,raw,1.0752132733243553e-13,-2.1093049529241928e-10,6.330608374852809,67108.51513836828,0.8452479207913202,5.618943883690066e-06,0.9999999999999999,327.0000000000001,,,,[],[],13,661.1538461538462,87.0000000000002,939.9999999999994,"[8, 32, 51, 63, 81, 100, 111, 133, 152, 162, 175, 192, 204]","[878.0, 638.0000000000002, 787.0, 792.0000000000009, 939.9999999999994, 787.9999999999995, 637.0000000000001, 675.0000000000002, 771.0000000000001, 196.00000000000017, 834.0000000000002, 572.0, 87.0000000000002]","[0, 13, 42, 42, 76, 99, 107, 107, 107, 161, 164, 187, 203]","[76, 42, 61, 76, 205, 164, 119, 142, 164, 164, 205, 205, 205]",37754613.0,940.9999999999995,-940.9999999999995,0.0,,,,DWT,mdp.39015067403892,0.0,,0.0,33.0,19.0,0.0,28.5,,4.547473508864641e-13,256.3413461538462,4359.0,256.34134615384625,,0.0,256.3413461538462,,,84.0000000000002,0.0,28.5,5.684341886080801e-13,4.547473508864641e-13,,1.1368683772161603e-13,1.1750721797824148e-13,1.8006864945074768e-26,0.9493386258303881,0.7906923698220648,0.0002629292589367851,0.13265306122448944,0.0007585350431602586,0.9999999997234501,0.4742280246118314,6.6959667625959335e-09,6.6959667625959335e-09,6.082044361106239e-09,,5.718550876340534e-12,0.9999999933040264,6.806481865779018e-13,,,,,,0.0,1.0,1.0,5.695370495225942e-13,5.695370495225942e-13,0.8422684098811833,0.275364833817524,101,1.418445463435209,0.681284159660048,774,0,0.2895190031164478,0.3459225095702768,101,0.0,0.3592131901128259,0.6524556909239912,796,395.00970452213784,0.5859437059516375,443.0,178.96890517393862,0.5607915594747706,673,coif,0.5507900112560971,0.8749445204262634,0.351963635992853,2,505.25,1.1750721797824148e-13,0.0001547883299646835,1.8006864945074768e-26,0.9493386258303881,0.7906923698220649,0.0012961369785253734,0.34812030075187966,0.0031224411434368398,0.99999999972345,0.9919828214562052,0.9855281704452468,0.9855281704452468,0.9855281704451354,,1.2251610931599486e-12,0.9999999999667601,3.7929866394817307e-13,,,,,1.0,,0.0,1.0,0.75,5.695370495225942e-13,5.695370495225942e-13,0.0,2.2595701998219604,0.6447065287089312,102,1.5061409620450592,0.6962666056793598,1566,1035.2043276571055,0.45744007984428436,834.0,191.52517985611513,0.5101665808026453,1474,0.4784248188775415,0.776734912893196,0.43208215291776214,2,1106.0,,,,,,,,,,,,,7.889878830877253e-19,0.03641360043841643,1.8006864945074768e-26,0.9632522566598325,0.24443133219208849,0.0015645194522791294,0.26335946366098867,0.9999999999999999,0.0031224411434368398,0.9999999999999541,0.0008499884728391248,0.0007982210227401261,0.0007982210227401261,0.0007982210227337879,,0.0,9.572760819061336e-19,0.020163910573049823,3.5270643972334666e-18,,,,,0.4782608695652174,,0.0,1.0,0.9302325581395349,1.908388337924638e-18,1.908388337924638e-18,0.9302325581395349,0.5814294660167882,0.18110015290550946,85,1.61846612187136,0.7856185147346995,1590,1064.195705685754,0.5027122870627317,837.5,161.37313432835822,0.5556785734379079,1500,986.6382352941176,846.0,585.0035688138154,340,0.4652856568234462,0.8173890317607586,0.42908333069536003,4,1126.0
coif4,1.0,zero,7.176949291888405e-27,318.68799996472535,4962290.199595169,0.5526315789473685,61.35199077851484,206,smoothed,5.6722695580460443e-14,-2.0096799779878475e-10,6.194010145256625,38875.894712219146,0.9879381526431603,0.00014966566451320274,0.9999999999999997,362.4,,,,[],[],11,426.59999999999985,32.19999999999993,728.4,"[9, 31, 53, 64, 80, 102, 131, 148, 158, 175, 192]","[310.9999999999999, 417.80000000000007, 589.5999999999999, 432.1999999999997, 728.4, 371.0, 587.0, 32.19999999999993, 448.1999999999999, 367.9999999999999, 407.2000000000001]","[0, 0, 0, 60, 0, 94, 120, 144, 144, 165, 186]","[20, 40, 75, 75, 203, 120, 203, 149, 203, 186, 203]",30736475.83999999,728.4,-728.4,0.0,,,,DWT,mdp.39015067403892,7.450580596923828e-09,,0.0,33.0,11.0,0.0,33.0,,0.0,168.39999999999992,987.8000000000002,168.39999999999998,,0.0,168.39999999999992,,,27.999999999999943,0.0,15.0,0.0,0.0,,0.0,7.577489626498958e-14,1.6216168681539256e-26,0.9756017222861871,0.08607540717946525,0.06249167621435435,0.27173480863825933,0.08645367131292787,,0.9999996646602125,4.405801664454926e-09,4.405801664454926e-09,3.67866784340914e-09,,0.0,0.9999999955941608,0.0,,,,,,1.5893391424973748e-13,1.0,0.0,0.0,0.0,0.899999900942305,0.33832967742957437,612,0.8029199670491197,0.4076166643675821,488,0,0.2499999727287336,0.3557007787764294,616,0.0,0.21176532651875288,0.3736113497008523,476,76.38498979948002,0.9199318765204612,548.0,540.001690696473,0.6727541982183018,386,coif,0.5556920286951962,0.9053407607371553,0.33941335169221604,4,290.5,5.332226546118182e-14,0.9999999999705138,4.2820070726355355e-27,0.9621081590268438,0.7435045338993711,0.0001637039786496861,0.222991689750693,0.0008420510936919894,0.9999999997236001,2.0315811922300142e-05,4.74525418958649e-11,4.74525418958649e-11,3.962102868015904e-11,,0.0,0.003126132840348572,0.0,,,,,0.0,,7.374542113937972e-14,1.0,0.0,0.0,0.0,1.0,0.3015691612041457,0.08604450842063158,1599,1.7386325105734808,0.8037439968547679,357,878.2266222336921,0.5397135103597002,978.0,583.6840490797546,0.5135674470037495,1459,0.4784248188775415,0.776734912893196,0.43208215291776214,2,1094.75,,,,,,,,,,,,,3.5802584787131703e-19,0.9999999999715831,4.2820070726355355e-27,0.9725147675207908,0.22984388195472077,0.0012997089684091995,0.1686973488382033,0.9999999999999997,0.0008420510936919894,0.9999999999999541,9.960751159770347e-05,3.8433882812438647e-14,3.8433882812438647e-14,3.2090649582094954e-14,,0.0,0.0,0.004567040150618468,0.0,,,,,0.13043478260869565,,2.3332883504384434e-21,1.0,0.7209302325581395,0.0,0.0,1.0,0.42658033862811345,0.13286867808967343,1600,1.8668964159382542,0.9062088910190482,141,1031.6687937511729,0.5179117786209473,870.5,259.16140149339464,0.555568038843184,1501,986.6382352941176,846.0,585.0035688138154,340,0.4652856568234462,0.8173890317607586,0.42908333069536003,4,1126.75
coif15,1.0,antisymmetric,2.132242010212459e-26,313.95903378518364,6832961.302327548,0.5204081632653061,97.93619860804273,206,smoothed,1.0108850110819967e-13,-1.9819048624469856e-10,6.752687797348448,141163.98371552594,0.9960527694224935,0.000149665664513203,0.9999999999999997,362.4000000000001,,,,[],[],11,426.59999999999997,32.20000000000013,728.3999999999994,"[9, 31, 53, 64, 80, 102, 131, 148, 158, 175, 192]","[311.0000000000003, 417.7999999999999, 589.5999999999997, 432.20000000000016, 728.3999999999994, 371.0000000000001, 587.0000000000001, 32.20000000000013, 448.2000000000002, 367.99999999999983, 407.20000000000005]","[1, 1, 1, 60, 1, 94, 120, 144, 144, 165, 186]","[20, 40, 75, 75, 204, 120, 204, 149, 204, 186, 204]",30736475.839999996,728.3999999999994,-728.3999999999994,0.0,,,,DWT,mdp.39015067403892,0.0,,0.0,15.0,11.0,0.0,33.0,,5.684341886080801e-13,168.40000000000003,987.7999999999993,168.40000000000003,,0.0,168.40000000000003,,,28.000000000000142,0.0,33.0,5.684341886080801e-13,5.684341886080801e-13,,1.1368683772161603e-13,1.7324035658583223e-13,5.761429864606339e-26,0.957634427227182,0.8919143217685024,0.8652992958627321,0.05039270186814249,0.9347117594854628,,0.9999996648336812,4.4059199552998455e-09,4.4059199552998455e-09,3.6787269888316428e-09,,1.2251610931599486e-12,0.9999999955940747,3.7929866394817307e-13,,,,,,0.0,0.0,1.0,8.738507799082175e-13,8.738507799082175e-13,0.8999999009954635,0.33832967744955783,333,1.8472292496934206,0.9377789268954624,6,0,0.2499999727434729,0.35570077879740053,334,0.0,0.5285646437445993,0.9325310861789372,8,188.5070732536757,0.8024034871554762,170.25,13.437984701005083,0.8119721838293104,123,coif,0.5556920286951962,0.9053407607371553,0.33941335169221604,4,93.25,1.0937923044170668e-13,0.9999999999705156,1.4292278875518028e-26,0.9446572032388132,0.9364996368265408,0.0022667488861974746,0.041353383458646975,0.009104009666779784,0.999999999723642,2.0315811925852856e-05,4.745387416349445e-11,4.745387416349445e-11,3.962169481397382e-11,,1.2251610931599486e-12,0.0031261328403482946,3.7929866394817307e-13,,,,,0.0,,0.0,0.0,1.0,7.119213119032428e-13,7.119213119032428e-13,1.0,0.3015691612051977,0.08604450842093175,1333,1.7563604719304722,0.8119393701901344,190,808.2230508962239,0.5764030131571154,761.5,332.5935653315824,0.5886469992410315,924,0.4784248188775415,0.776734912893196,0.43208215291776214,2,693.5,,,,,,,,,,,,,7.3441350212160055e-19,0.9999999999715848,1.4292278875518028e-26,0.9598565391396938,0.289505580885309,0.0017914893559721338,0.031284601514804555,0.9999999999999997,0.009104009666779784,0.9999999999999541,9.960751159770619e-05,3.8434858594393884e-14,3.8434858594393884e-14,3.20911916831812e-14,,0.0,9.572760819061336e-19,0.004567040150618464,3.5270643972334666e-18,,,,,0.13043478260869565,,0.0,0.7209302325581395,1.0,2.3854854224057974e-18,2.3854854224057974e-18,1.0,0.42658033862811345,0.13286867808967343,1655,1.8377179030685475,0.8920453693777295,461,844.2854967367377,0.6054740669454497,1058.0,721.1294896030246,0.5555407717904819,1502,986.6382352941176,846.0,585.0035688138154,340,0.4652856568234462,0.8173890317607586,0.42908333069536003,4,1127.5
db36,1.0,antireflect,1.733786667679371e-26,314.857442152171,6614468.385669475,0.532608695652174,118.40742009766355,206,smoothed,9.34236506925594e-14,-1.9948149798665366e-10,6.669933198303295,136510.83643194294,0.9962689662633326,0.0001496656645132029,0.9999999999999999,362.39999999999975,,,,[],[],11,426.59999999999997,32.19999999999996,728.3999999999999,"[9, 31, 53, 64, 80, 102, 131, 148, 158, 175, 192]","[310.9999999999999, 417.79999999999984, 589.6, 432.1999999999997, 728.3999999999999, 371.00000000000006, 587.0, 32.19999999999996, 448.19999999999965, 368.0, 407.2000000000001]","[0, 0, 0, 60, 0, 94, 120, 144, 144, 165, 186]","[20, 40, 75, 75, 203, 120, 203, 149, 203, 186, 203]",30736475.84,728.3999999999999,-728.3999999999999,0.0,,,,DWT,mdp.39015067403892,3.725290298461914e-09,,0.0,33.0,11.0,0.0,33.0,,1.1368683772161603e-13,168.40000000000003,987.7999999999993,168.39999999999995,,0.0,168.40000000000003,,,27.99999999999997,0.0,15.0,1.1368683772161603e-13,1.1368683772161603e-13,,2.2737367544323206e-13,1.5640175385644662e-13,4.5953105974196196e-26,0.9610478515572128,0.7725487519768611,0.7715319959476956,0.1341979560619005,0.8961239839466144,,0.9999996646849938,4.4059199552998455e-09,4.4059199552998455e-09,3.6786382706978885e-09,,2.4503221863198973e-12,0.9999999955940747,7.585973278963461e-14,,,,,,7.946695712486874e-14,1.0,0.0,1.7477015598164352e-13,1.7477015598164352e-13,0.8999999009510518,0.3383296774328625,567,1.760797860900059,0.8939004883929456,14,0,0.24999997273104183,0.35570077877971357,571,0.0,0.5050643627843487,0.8910702302765856,13,320.72249167569566,0.6638129018074469,291.25,26.338900079398293,0.6792597003796144,372,db,0.573477938514061,0.8443824841957417,0.34525069778143475,3,279.75,9.969455896511503e-14,0.9999999999705149,1.1472545030264519e-26,0.947972533502692,0.9079120742121858,0.0020211148915086925,0.1101258581235702,0.00872816815418494,0.9999999997236225,2.0315811922799742e-05,4.745387416349445e-11,4.745387416349445e-11,3.9620695613251655e-11,,2.4503221863198973e-12,0.0031261328403482946,7.585973278963461e-14,,,,,0.0,,3.687271056968986e-14,1.0,0.0,1.4238426238064856e-13,1.4238426238064856e-13,1.0,0.301569161205448,0.08604450842100317,1318,1.771291725045198,0.8188418668267132,77,877.5195154525055,0.5400841113980579,697.5,145.49964157706094,0.5872590368311044,936,0.49117026184683504,0.8233619396015222,0.4091722348267588,4,703.0,,,,,,,,,,,,,6.693869567043565e-19,0.9999999999715842,1.1472545030264519e-26,0.96226134768707,0.2806681413441584,0.001734049792664123,0.08331225403398995,0.9999999999999999,0.00872816815418494,0.9999999999999541,9.960751159770391e-05,3.8434858594393884e-14,3.8434858594393884e-14,3.209043274166046e-14,,0.0,1.9145521638122673e-18,0.004567040150618464,7.054128794466933e-19,,,,,0.13043478260869565,,1.1666441752192217e-21,1.0,0.7209302325581395,4.770970844811595e-19,4.770970844811595e-19,1.0,0.42658033862811345,0.13286867808967343,1617,1.85537407304738,0.9006158385690372,236,976.5144648186222,0.5436848295240083,926.5,411.88559093362113,0.5553704521451817,1503,1009.0473684210526,935.5,610.6543869996938,760,0.4758535102197843,0.8532293215616218,0.41093374637766444,5,1128.5
sym8,1.0,reflect,4.280352984266542e-21,263.1569966176705,6173446.284126526,0.6227272727272727,288.3098194878007,206,raw,5.1905694413582604e-11,-1.5903411921522678e-10,6.447884049460775,60793.66874047209,0.7560146245671351,5.618943883691091e-06,1.0,327.0000000000262,,,,[],[],13,661.1538461537717,87.0000000000253,939.9999999998781,"[8, 32, 51, 63, 81, 100, 111, 133, 152, 162, 175, 192, 204]","[877.9999999998747, 637.999999999993, 787.0000000000201, 791.9999999998688, 939.9999999998781, 787.999999999852, 636.9999999999462, 675.0000000000032, 770.9999999997867, 196.00000000004457, 833.9999999999262, 571.9999999998117, 87.0000000000253]","[0, 13, 42, 42, 76, 99, 107, 107, 107, 161, 164, 187, 203]","[76, 42, 61, 76, 205, 164, 119, 142, 164, 164, 205, 205, 205]",37754612.99999734,940.9999999998511,-940.9999999998511,0.0,,,,DWT,mdp.39015067403892,2.6598572731018066e-06,,0.0,33.0,19.0,0.0,28.5,,1.48929757415317e-10,256.3413461537717,4359.000000000968,256.34134615377917,,0.0,256.3413461537717,,,84.0000000000253,0.0,28.5,1.2187229003757238e-10,1.48929757415317e-10,,2.6204816094832495e-11,6.55653975517989e-11,3.0290604029647566e-21,0.7571861850726238,0.8312052323055953,0.0004923386210087174,0.49188311688311653,0.00024726615331052053,0.9999999997242323,0.4742280246409851,6.638302867074031e-09,6.638302867074031e-09,6.030102836863776e-09,,1.318125976996493e-09,0.99999999336167,1.4593097120230215e-10,,,,,,2.632711534675856e-11,1.0,1.0,1.8652338371864962e-10,1.8652338371864962e-10,0.8422684106849446,0.2753648340802996,46,1.4670126496308096,0.7046111436627954,677,0,0.28951900326439955,0.34592250974705224,46,0.0,0.3851267673531815,0.6995237313190502,650,356.6841506618052,0.6261172424928667,354.75,86.03292595591314,0.6271309482904586,471,sym,0.8243425715244881,0.7368036147090654,0.2019191155201387,6,354.75,6.556539755179891e-11,0.00015478832997184444,3.029060402964757e-21,0.7571861850726238,0.8312052323055954,0.0015253092507356055,0.6181100478468897,0.002612381762689738,0.9999999997242321,0.9919828214566497,0.9855281704444122,0.9855281704444122,0.9855281704443837,,2.8239963197336817e-10,0.9999999999670464,8.13216335504883e-11,,,,,1.0,,2.632711534675856e-11,1.0,0.75,1.8652338371864962e-10,1.8652338371864962e-10,0.0,2.2595702000901148,0.6447065287854418,49,1.5190123900739256,0.7022168757601472,1535,1050.7606768432097,0.44928685700041415,792.0,94.96843434343435,0.5170962586888863,1435,0.7763846615972358,0.5622554397616224,0.28785410495344815,6,1077.75,,,,,,,,,,,,,4.4023086503313955e-16,0.036413600438423295,3.029060402964757e-21,0.823872528200186,0.2569553090580758,0.001618109572224614,0.46761171449305655,1.0,0.002612381762689738,0.9999999999999543,0.000849988472839461,0.0007982210227394502,0.0007982210227394502,0.0007982210227331791,,0.0,2.2065213687936384e-16,0.0201639105730543,7.562026067668552e-16,,,,,0.4782608695652174,,8.329839411065243e-19,1.0,0.9302325581395349,6.249971806703189e-16,6.249971806703189e-16,0.9302325581395349,0.5814294660167907,0.18110015290551024,32,1.6226239448690691,0.7876367607046634,1582,1096.0155108391486,0.4878432192340427,807.0,62.731102850061966,0.5553702077478625,1504,1409.1368421052632,1454.5,398.32527672708756,380,0.6645304607900322,0.5565550872278735,0.3678621512786154,7,1129.75
db38,1.0,smooth,1.9618587770659564e-26,314.32072132439555,4960680.567225826,0.5571428571428572,40.23818181380633,206,smoothed,9.85274429465401e-14,-2.0123962496398955e-10,6.19601996610494,46163.536408163265,0.9913217544925665,0.0001496656645132028,0.9999999999999997,362.3999999999999,,,,[],[],11,426.6,32.19999999999996,728.4000000000005,"[9, 31, 53, 64, 80, 102, 131, 148, 158, 175, 192]","[311.0000000000002, 417.7999999999997, 589.6000000000004, 432.19999999999993, 728.4000000000005, 370.99999999999966, 586.9999999999999, 32.19999999999996, 448.2000000000002, 368.0000000000001, 407.20000000000005]","[1, 1, 1, 60, 1, 94, 120, 144, 144, 165, 186]","[20, 40, 75, 75, 204, 120, 204, 149, 204, 186, 204]",30736475.839999992,728.4000000000005,-728.4000000000005,0.0,,,,DWT,mdp.39015067403892,3.725290298461914e-09,,0.0,15.0,11.0,0.0,33.0,,5.684341886080801e-13,168.4000000000001,987.7999999999984,168.4000000000001,,0.0,168.4000000000001,,,27.99999999999997,0.0,33.0,5.684341886080801e-13,5.684341886080801e-13,,5.684341886080802e-14,1.676140705381568e-13,5.262786353605594e-26,0.9590086275258222,0.08897438093447457,0.061800894639199896,0.30272270358607545,0.14688887029380004,,0.9999996646849938,4.4059791007223055e-09,4.4059791007223055e-09,3.6787861342541454e-09,,6.125805465799743e-13,0.9999999955939887,3.7929866394817307e-13,,,,,,7.946695712486874e-14,0.0,1.0,8.738507799082175e-13,8.738507799082175e-13,0.8999999009506009,0.338329677432693,577,0.830637443854331,0.4216879366035295,417,0,0.2499999727310455,0.3557007787797188,570,0.0,0.22277078242564857,0.3930279525179542,384,100.8265837961398,0.8943117570271071,487.0,471.15714816152155,0.6919147883668031,345,db,0.573477938514061,0.8443824841957417,0.34525069778143475,3,259.5,1.0614328902300586e-13,0.999999999970514,1.308653429668353e-26,0.9459919121405547,0.7441988261804985,0.00016189439857308826,0.24842105263157924,0.0014306845736414592,0.9999999997235961,2.0315811922799742e-05,4.745454029730922e-11,4.745454029730922e-11,3.962224992548613e-11,,6.125805465799743e-13,0.0031261328403480726,3.7929866394817307e-13,,,,,0.0,,3.687271056968986e-14,0.0,1.0,7.119213119032428e-13,7.119213119032428e-13,1.0,0.30156916120490945,0.0860445084208495,1367,1.7397162023365818,0.8042449714677102,343,724.0773439350247,0.6205045367216852,855.0,548.3988304093567,0.5861956645872577,941,0.49117026184683504,0.8233619396015222,0.4091722348267588,4,706.75,,,,,,,,,,,,,7.126861681444707e-19,0.9999999999715835,1.308653429668353e-26,0.9608246838250476,0.23005851256668028,0.0012992858124470032,0.18793513346347898,0.9999999999999997,0.0014306845736414594,0.9999999999999541,9.960751159770391e-05,3.8435400695480126e-14,3.8435400695480126e-14,3.209173378426744e-14,,0.0,4.786380409530668e-19,0.00456704015061846,3.5270643972334666e-18,,,,,0.13043478260869565,,1.1666441752192217e-21,0.7209302325581395,1.0,2.3854854224057974e-18,2.3854854224057974e-18,1.0,0.42658033862811345,0.13286867808967343,1599,1.867920036690897,0.9067057660567617,129,1039.4469683442248,0.5142771175961567,864.0,238.73958333333337,0.5552693999195737,1505,1009.0473684210526,935.5,610.6543869996938,760,0.4758535102197843,0.8532293215616218,0.41093374637766444,5,1130.0
sym19,1.0,smooth,3.9337607198295915e-19,243.5237130744255,43632951.99704626,0.628099173553719,309.01011956655054,206,raw,5.104250829984186e-10,-9.200035624041609e-09,4.755773107300062,857324.2618026893,0.985371657790068,5.618943883663913e-06,1.0,327.0000000000859,,,,[],[],13,661.1538461553566,87.00000000038514,940.0000000026114,"[8, 32, 51, 63, 81, 100, 111, 133, 152, 162, 175, 192, 204]","[878.0000000007202, 638.0000000014224, 787.0000000017461, 792.0000000023359, 940.0000000026114, 788.0000000020118, 637.0000000015009, 675.0000000008179, 771.0000000018094, 196.00000000050403, 834.0000000022467, 572.000000001525, 87.00000000038514]","[0, 13, 39, 39, 76, 99, 107, 107, 107, 161, 164, 187, 203]","[76, 39, 61, 76, 205, 164, 119, 142, 164, 164, 205, 205, 205]",37754613.00006133,941.0000000017775,-941.0000000017775,0.0,,,,DWT,mdp.39015067403892,6.133317947387695e-05,,0.0,33.0,19.0,0.0,28.5,,1.7774937077774666e-09,256.34134615535663,4358.999999980364,256.3413461553567,,0.0,256.34134615535663,,,84.00000000038514,0.0,24.0,2.61138666246552e-09,1.7774937077774666e-09,,8.589040589868091e-11,6.449125998182197e-10,2.7837895555784144e-19,0.6847349240402938,0.2466657859473167,0.04264861256150093,0.5321723730814641,0.06473677015485625,0.9999999995879675,0.47422802505900924,7.865619458632557e-09,7.865619458632557e-09,7.251697057861094e-09,,4.320365187075274e-09,0.9999999921343602,3.126897769138881e-09,,,,,,6.070723068193738e-10,1.0,0.5,2.22617794232144e-09,2.22617794232144e-09,0.7922684153974027,0.25901821555382154,228,1.1942618110017742,0.5736079921972943,847,0,0.247852337723583,0.29613842872247303,228,0.0,0.32136980825228895,0.583718989326364,860,361.17158895276725,0.6214134287706843,540.75,359.8624512198029,0.5272947646998076,770,sym,0.8243425715244881,0.7368036147090654,0.2019191155201387,6,579.0,6.449125998182196e-10,0.00015478832978316204,2.783789555578415e-19,0.6847349240402938,0.2466657859473167,0.043638015548355356,0.6483906046107004,0.0669493229080497,0.9999999995879674,0.9919828214630239,0.9855281704621738,0.9855281704621738,0.9855281704620624,,9.256092058823412e-10,0.9999999999609538,1.742498062177907e-09,,,,,1.0,,6.070723068193738e-10,1.0,0.5,2.22617794232144e-09,2.22617794232144e-09,0.0,2.234570202363368,0.6375734635001002,227,1.242175262707108,0.5742391818688685,1694,1037.3256480006653,0.45632827672921106,960.5,400.35190005205624,0.4764607840669116,1636,0.7763846615972358,0.5622554397616224,0.28785410495344815,6,1228.5,,,,,,,,,,,,,4.330186993290887e-15,0.03641360043824149,2.783789555578415e-19,0.7713192686661299,0.0762532294056148,0.01146583224806427,0.4905195172596559,1.0,0.0669493229080497,0.9999999999999317,0.0008499884728442829,0.000798221022753836,0.000798221022753836,0.0007982210227474978,,0.0,7.232220798800841e-16,0.020163910572958976,1.6203333840890547e-14,,,,,0.4782608695652174,,1.9207629700809267e-17,1.0,0.8604651162790697,7.459412915862928e-15,7.459412915862928e-15,0.9302325581395349,0.5744527218307217,0.17892707859000376,592,1.5405627082250462,0.74780347289075,1679,768.6250711497771,0.640829406004777,1135.5,875.3571114046674,0.5551109646846315,1506,1409.1368421052632,1454.5,398.32527672708756,380,0.6645304607900322,0.5565550872278735,0.3678621512786154,7,1131.25
rbio5.5,1.0,antireflect,6.904097551683644e-20,251.080723277252,6517679.316942579,0.6018518518518519,240.7778521850323,206,raw,2.059669943372817e-10,-1.8769309443038903e-09,6.180896289670484,84559.68665659393,0.8744075711500274,5.618943883679051e-06,1.0,327.00000000002444,,,,[],[],13,661.1538461545085,87.0000000002148,940.0000000010601,"[8, 32, 51, 63, 81, 100, 111, 133, 152, 162, 175, 192, 204]","[878.0000000006203, 638.0000000005967, 787.0000000006743, 792.0000000010036, 940.0000000010601, 788.0000000008608, 637.000000000589, 675.0000000002702, 771.0000000008935, 196.00000000019367, 834.0000000009229, 572.0000000007105, 87.0000000002148]","[0, 13, 39, 39, 76, 99, 107, 107, 107, 161, 164, 187, 203]","[76, 39, 61, 76, 205, 164, 119, 142, 164, 164, 205, 205, 205]",37754613.00002372,941.0000000007682,-941.0000000007682,0.0,,,,DWT,mdp.39015067403892,2.372264862060547e-05,,0.0,33.0,19.0,0.0,28.5,,7.681819624849595e-10,256.3413461545085,4358.999999991389,256.3413461545085,,0.0,256.3413461545085,,,84.0000000002148,0.0,24.0,1.0601297617540695e-09,7.681819624849595e-10,,2.4442670110147446e-11,2.6022452279358557e-10,4.885796510126493e-20,0.7126220025120628,0.7389743546463743,0.0008797324681665821,0.33531746031746035,0.002171434190109115,0.9999999996983403,0.4742280248611238,7.208867305054865e-09,7.208867305054865e-09,6.594900885639237e-09,,1.2294884384132148e-09,0.9999999927910853,1.269408867967787e-09,,,,,,2.3480542090778503e-10,1.0,0.5,9.620904609060423e-10,9.620904609060423e-10,0.792268411909358,0.25901821441346673,236,1.3324958028249394,0.6400022466000126,824,0,0.24785233694356068,0.2961384277904884,236,0.0,0.34874562301159223,0.6334429600073356,820,338.331198679637,0.6453551376523721,529.0,366.7140715120184,0.5454239000630834,718,rbio,0.5136782423812899,1.0,0.3404252303330971,4,539.5,2.602245227935855e-10,0.00015478832988824465,4.8857965101264934e-20,0.7126220025120626,0.7389743546463743,0.0019123027343127662,0.5004385964912282,0.004531997794072563,0.9999999996983402,0.9919828214600064,0.9855281704526694,0.9855281704526694,0.9855281704525574,,2.63409635029389e-10,0.9999999999642138,7.073920082633428e-10,,,,,1.0,,2.3480542090778503e-10,1.0,0.5,9.620904609060423e-10,9.620904609060423e-10,0.0,2.234570200815117,0.6375734630583493,238,1.4000512043680713,0.6472228857776019,1652,999.8489885977782,0.47597013176217073,945.0,416.05925925925925,0.49034355644712313,1585,0.3888041033402703,1.0,0.4278371276618108,3,1189.5,,,,,,,,,,,,,1.7472458194392961e-15,0.036413600438342755,4.8857965101264934e-20,0.7915474448454166,0.22844344128760244,0.001708604931907551,0.3785910792405179,1.0,0.004531997794072563,0.9999999999999499,0.0008499884728420003,0.000798221022746138,0.000798221022746138,0.0007982210227397993,,0.0,2.0581435760981875e-16,0.02016391057300998,6.577975100840415e-15,,,,,0.4782608695652174,,7.429190107796005e-18,1.0,0.8604651162790697,3.2237449998391947e-15,3.2237449998391947e-15,0.9302325581395349,0.5744527218307329,0.17892707859000725,577,1.5541778009623246,0.754412365588404,1677,777.8174593052023,0.6365338975209335,1127.0,858.5882874889086,0.5549491917511209,1507,818.67,599.5,715.6978453131971,300,0.38607403914171184,1.0,0.42974817260080167,3,1131.0
sym20,1.0,constant,1.0954331085150318e-17,229.07593383889565,6004643.938299443,0.5778688524590164,214.76166963595256,206,raw,2.617105186286122e-09,9.227933467511694e-09,6.289608999851804,67957.00852538177,0.8160450818750588,5.618943883841593e-06,0.9999999999999999,327.0000000038833,,,,[],[],13,661.1538461453554,86.99999999887132,939.9999999873131,"[8, 32, 51, 63, 81, 100, 111, 133, 152, 162, 175, 192, 204]","[877.9999999928397, 637.9999999891548, 786.9999999883185, 791.9999999892995, 939.9999999873131, 787.9999999899765, 636.9999999909522, 674.9999999949177, 770.9999999910285, 195.99999999500437, 833.999999988044, 571.9999999938998, 86.99999999887132]","[0, 13, 39, 39, 76, 99, 107, 107, 107, 161, 99, 187, 203]","[76, 39, 61, 76, 205, 164, 119, 142, 164, 164, 205, 205, 205]",37754612.999704875,940.9999999923449,-940.9999999923449,0.0,,,,DWT,mdp.39015067403892,0.00029512494802474976,,0.0,33.0,19.0,0.0,28.5,,7.655103217985015e-09,256.3413461453554,4359.00000011038,256.34134614614834,,0.0,256.3413461453554,,,83.99999999887132,0.0,19.5,1.2686882655543741e-08,7.655103217985015e-09,,3.88331500289496e-09,3.3067394588240877e-09,7.752010027866742e-18,0.6314193478441257,0.7765291424786378,0.0003023714071586454,0.15544496487119452,0.0008272316106916165,0.9999999998657114,0.47422802330044217,1.2087408939171168e-10,1.2087408939171168e-10,1.209621259477023e-10,,1.9533426083403995e-07,0.9999999998790785,1.5191386876232192e-08,,,,,,2.92112987675197e-09,1.0,0.0,9.587444307400971e-09,9.587444307400971e-09,0.7422685175968513,0.24267162889899943,587,1.2297762451804346,0.5906656952031003,842,0,0.20618568801365805,0.24635436661292773,587,0.0,0.32056538267303236,0.5822578735835208,863,153.52605642040052,0.8390712196851148,719.75,695.2227036335121,0.5423081465301884,728,sym,0.8243425715244881,0.7368036147090654,0.2019191155201387,6,547.5,3.3067394588240877e-09,0.00015478833101645328,7.752010027866744e-18,0.6314193478441257,0.7765291424786378,0.0013355383640975206,0.3652502157031927,0.0031909751954594338,0.9999999998657113,0.9919828214362085,0.9855281703500931,0.9855281703500931,0.9855281703588676,,4.184905262015753e-08,0.9999999999993998,8.465566880659274e-09,,,,,1.0,,2.9211298767519704e-09,1.0,0.25,9.587444307400971e-09,9.587444307400971e-09,0.0,2.209570230201131,0.6304404055088921,588,1.3152068629249154,0.6080006063785243,1670,765.0895372438445,0.5990096764969368,1129.0,869.7608503100089,0.5036452994644014,1523,0.7763846615972358,0.5622554397616224,0.28785410495344815,6,1143.75,,,,,,,,,,,,,2.2202698782498322e-14,0.036413600439430066,7.752010027866744e-18,0.732646272873901,0.24005297132783435,0.0015737331540872288,0.27631856200829125,0.9999999999999999,0.0031909751954594338,0.9999999999999777,0.0008499884728239981,0.0007982210226630572,0.0007982210226630572,0.000798221022663916,,0.0,3.269863640574972e-14,0.020163910573560494,7.872055028185375e-14,,,,,0.4782608695652174,,9.242388484921717e-17,1.0,0.7906976744186046,3.212533218353887e-14,3.212533218353887e-14,0.9302325581395349,0.5674759776449475,0.17675400427458912,616,1.4831290109786284,0.7199246218498139,1684,755.1900423072327,0.6471074568657791,1150.0,902.0382608695653,0.5548621396478428,1508,1409.1368421052632,1454.5,398.32527672708756,380,0.6645304607900322,0.5565550872278735,0.3678621512786154,7,1132.75
sym8,1.0,antisymmetric,4.1826334360417685e-21,263.25729441963125,6125063.342511248,0.6227272727272727,292.07300532811746,206,raw,5.084693399875134e-11,-1.9858559249651314e-11,6.425669584513293,84821.6662888207,0.8270301191484514,5.6189438836911e-06,1.0,327.0000000000262,,,,[],[],13,661.1538461537704,86.99999999999699,939.9999999998781,"[8, 32, 51, 63, 81, 100, 111, 133, 152, 162, 175, 192, 204]","[877.999999999886, 637.999999999993, 787.0000000000201, 791.9999999998688, 939.9999999998781, 787.999999999852, 636.9999999999462, 675.0000000000032, 770.9999999997867, 196.00000000004457, 833.9999999999262, 571.9999999998117, 86.99999999999699]","[0, 13, 42, 42, 76, 99, 107, 107, 107, 161, 164, 187, 203]","[76, 42, 61, 76, 205, 164, 119, 142, 164, 164, 205, 205, 205]",37754612.9999973,940.9999999998511,-940.9999999998511,0.0,,,,DWT,mdp.39015067403892,2.6971101760864258e-06,,0.0,33.0,19.0,0.0,28.5,,1.48929757415317e-10,256.34134615377036,4359.000000000986,256.34134615377786,,0.0,256.34134615377036,,,83.99999999999699,0.0,28.5,1.2187229003757238e-10,1.48929757415317e-10,,2.6204816094832495e-11,6.422763539937153e-11,2.9599075800359498e-21,0.7575563066681696,0.8235312490471658,0.0004378893029527927,0.49188311688311653,0.002192644846282233,0.9999999997263299,0.47422802460810054,6.637246429293477e-09,6.637246429293477e-09,6.029090417323457e-09,,1.318125976996493e-09,0.9999999933627536,1.4593097120230215e-10,,,,,,2.6695842452455458e-11,1.0,1.0,1.8652338371864962e-10,1.8652338371864962e-10,0.8422684106748677,0.2753648340770051,47,1.464148657777521,0.7032355586767393,684,0,0.28951900326151975,0.34592250974361144,47,0.0,0.38445015081728057,0.6982947611097904,656,359.8708101527547,0.6227769285610538,358.5,87.83569973802256,0.6234953825195206,484,sym,0.8243425715244881,0.7368036147090654,0.2019191155201387,6,364.5,6.422763539937154e-11,0.00015478832997184444,2.95990758003595e-21,0.7575563066681695,0.8235312490471659,0.001470916204931044,0.6181100478468897,0.004553158272184344,0.9999999997263298,0.9919828214561482,0.985528170444397,0.985528170444397,0.985528170444369,,2.8239963197336817e-10,0.9999999999670517,8.13216335504883e-11,,,,,1.0,,2.6695842452455458e-11,1.0,0.75,1.8652338371864962e-10,1.8652338371864962e-10,0.0,2.2595702000901374,0.6447065287854482,48,1.5161465854833716,0.7008920568453917,1539,1054.2962107491423,0.4474338518086256,793.5,93.09640831758034,0.5157766743319858,1444,0.7763846615972358,0.5622554397616224,0.28785410495344815,6,1084.5,,,,,,,,,,,,,4.312486242237793e-16,0.03641360043842335,2.95990758003595e-21,0.8241409996662823,0.2545830059694551,0.0016053901894617958,0.46761171449305655,1.0,0.004553158272184344,0.9999999999999546,0.0008499884728390818,0.0007982210227394378,0.0007982210227394378,0.0007982210227331672,,0.0,2.2065213687936384e-16,0.020163910573054382,7.562026067668552e-16,,,,,0.4782608695652174,,8.446503828587165e-19,1.0,0.9302325581395349,6.249971806703189e-16,6.249971806703189e-16,0.9302325581395349,0.5814294660167907,0.18110015290551024,33,1.622368827116833,0.7875129241739596,1584,1096.7226176203353,0.4875127955045162,808.5,64.65306122448979,0.5548545285933796,1509,1409.1368421052632,1454.5,398.32527672708756,380,0.6645304607900322,0.5565550872278735,0.3678621512786154,7,1133.5
sym15,1.0,smooth,1.4608277696491787e-21,265.60140858243125,4961314.304158769,0.5470085470085471,58.34868734770404,206,smoothed,3.107503662428412e-11,9.739116180125512e-11,6.195228513185391,40275.83033384009,0.9889013706047054,0.00014966566451332064,1.0,362.39999999999554,,,,[],[],11,426.5999999998942,32.199999999967304,728.399999999824,"[9, 31, 53, 64, 80, 102, 131, 148, 158, 175, 192]","[310.9999999998772, 417.7999999999042, 589.5999999998747, 432.19999999982906, 728.399999999824, 370.99999999987665, 586.9999999999598, 32.199999999967304, 448.1999999999233, 367.9999999999002, 407.19999999989983]","[0, 0, 0, 60, 0, 94, 120, 144, 144, 165, 186]","[20, 40, 75, 75, 205, 120, 205, 149, 205, 186, 205]",30736475.839997873,728.3999999998648,-728.3999999998648,0.0,,,,DWT,mdp.39015067403892,2.123415470123291e-06,,0.0,15.0,11.0,0.0,33.0,,1.3517365005100146e-10,168.39999999989425,987.8000000011625,168.39999999991022,,0.0,168.39999999989425,,,27.999999999967315,0.0,15.0,1.7598722479306161e-10,1.3517365005100146e-10,,4.433786671143025e-12,6.821866578883036e-11,4.275253255835186e-21,0.7739038427012339,0.08783278602862987,0.06207286593221652,0.2331102957047276,0.09806310429316879,,0.9999996362113449,4.2958503241021086e-09,4.2958503241021086e-09,3.5852772212771556e-09,,4.7781282633238e-11,0.9999999957041067,1.174308663583544e-10,,,,,,4.529616556117518e-11,0.0,0.0,2.0780171546217415e-10,2.0780171546217415e-10,0.799999892556925,0.30073748375871173,911,0.6717644916207877,0.34103324434862203,847,0,0.16666663705987844,0.2371338362607492,913,0.0,0.1792832706754565,0.3163042120113508,802,53.76104537674095,0.943646702959391,868.25,865.706157164568,0.5167656994880813,848,sym,1.0,1.0,0.0,7,637.75,3.92455000468182e-11,0.9999999999713323,1.0337776632077797e-21,0.7662066186103631,0.7439254188997555,0.00016260685798276408,0.19129554655870495,0.0009551259416388331,0.9999999997280969,2.0315811344373547e-05,4.6268322506648474e-11,4.6268322506648474e-11,3.861516661984865e-11,,4.7781282633238e-11,0.0031261328406922417,1.174308663583544e-10,,,,,0.0,,2.1017445024723217e-11,0.0,0.0,1.6929488797059114e-10,1.6929488797059114e-10,1.0,0.20156916136392775,0.05751224473041277,1668,1.6086682529396366,0.7436634500781327,1258,289.9137802864845,0.848053574273331,1463.0,1434.274777853725,0.5406410429018647,1261,0.7763846615972358,0.5622554397616224,0.28785410495344815,6,947.25,,,,,,,,,,,,,2.635091234003334e-16,0.9999999999723718,1.0337776632077797e-21,0.8304155914687049,0.22997399258341794,0.0012994524154345836,0.14471862868561597,1.0,0.0009551259416388331,0.9999999999999549,9.960751159726632e-05,3.747468915044072e-14,3.747468915044072e-14,3.1276088489906595e-14,,0.0,3.7333767194339215e-17,0.0045670401506238455,1.0919791373834813e-15,,,,,0.13043478260869565,,6.649871798749564e-19,0.7209302325581395,0.7209302325581395,5.672684334480985e-16,5.672684334480985e-16,1.0,0.39867336188392993,0.12417638082767637,1728,1.7721555792232446,0.8602208073520832,872,605.2834046956847,0.717157287525381,1300.0,1159.0892307692307,0.5548403260056811,1510,1409.1368421052632,1454.5,398.32527672708756,380,0.6645304607900322,0.5565550872278735,0.3678621512786154,7,1134.25
sym20,1.0,zero,1.0953383402302002e-17,229.07630957268762,6005789.303418584,0.5778688524590164,214.76166963595256,206,raw,2.616898163106509e-09,9.78935215683626e-09,6.286369882866498,69086.29068066337,0.8190611210467416,5.618943883841613e-06,0.9999999999999999,327.0000000038833,,,,[],[],13,661.1538461453691,86.99999999887132,939.9999999873131,"[8, 32, 51, 63, 81, 100, 111, 133, 152, 162, 175, 192, 204]","[877.9999999930162, 637.9999999891553, 786.9999999883185, 791.9999999892995, 939.9999999873131, 787.9999999899765, 636.9999999909522, 674.9999999949177, 770.9999999910285, 195.99999999500437, 833.999999988044, 571.9999999938998, 86.99999999887132]","[0, 13, 39, 39, 76, 99, 107, 107, 107, 161, 99, 187, 203]","[76, 39, 61, 76, 205, 164, 119, 142, 164, 164, 205, 205, 205]",37754612.999704696,940.9999999923449,-940.9999999923449,0.0,,,,DWT,mdp.39015067403892,0.00029530376195907593,,0.0,33.0,19.0,0.0,28.5,,7.655103217985015e-09,256.34134614536913,4359.000000110202,256.3413461461619,,0.0,256.34134614536913,,,83.99999999887132,0.0,19.5,1.2686882655543741e-08,7.655103217985015e-09,,3.88331500289496e-09,3.30647788144503e-09,7.751339384731435e-18,0.6314207343868801,0.7754101900493939,0.000303660381073423,0.15544496487119452,0.0009186616784206266,0.9999999998741731,0.47422802330044217,1.3152650367896392e-10,1.3152650367896392e-10,1.3148248551884558e-10,,1.9533426083403995e-07,0.9999999998684599,1.5191386876232192e-08,,,,,,2.922899766859315e-09,1.0,0.0,9.587444307400971e-09,9.587444307400971e-09,0.7422685176019747,0.2426716289006744,586,1.2292548174088203,0.5904152516785763,843,0,0.20618568801557274,0.24635436661521543,586,0.0,0.3204372768184517,0.5820251889378496,864,154.678968619956,0.8378627163312831,719.75,694.8526328385035,0.5417038948532726,730,sym,0.8243425715244881,0.7368036147090654,0.2019191155201387,6,549.0,3.3064778814450304e-09,0.0001547883310165643,7.751339384731436e-18,0.63142073438688,0.775410190049394,0.0013368260058842436,0.3652502157031927,0.003282188967025371,0.999999999874173,0.9919828214362085,0.9855281703502473,0.9855281703502473,0.9855281703590199,,4.184905262015753e-08,0.9999999999993471,8.465566880659274e-09,,,,,1.0,,2.9228997668593155e-09,1.0,0.25,9.587444307400971e-09,9.587444307400971e-09,0.0,2.209570230202128,0.6304404055091766,587,1.314685347968772,0.6077595177570237,1671,766.5037508062176,0.5982684744202214,1129.0,868.8015943312666,0.5032746984260437,1524,0.7763846615972358,0.5622554397616224,0.28785410495344815,6,1144.5,,,,,,,,,,,,,2.22009424530905e-14,0.0364136004394302,7.751339384731436e-18,0.7326472786167989,0.239707063053797,0.0015740342589160626,0.27631856200829125,0.9999999999999999,0.003282188967025371,0.9999999999999791,0.0008499884728239981,0.000798221022663182,0.000798221022663182,0.0007982210226640393,,0.0,3.269863640574972e-14,0.02016391057355967,7.872055028185375e-14,,,,,0.4782608695652174,,9.247988376962771e-17,1.0,0.7906976744186046,3.212533218353887e-14,3.212533218353887e-14,0.9302325581395349,0.5674759776449472,0.176754004274589,617,1.4829932963483898,0.7198587447055259,1685,755.1900423072327,0.6471074568657791,1151.0,903.2536924413554,0.5546284947880298,1511,1409.1368421052632,1454.5,398.32527672708756,380,0.6645304607900322,0.5565550872278735,0.3678621512786154,7,1135.0
rbio5.5,1.0,smooth,7.015033124242559e-20,251.01149520792802,7073121.462959201,0.5972222222222222,240.7778521850323,206,raw,2.0908149429695323e-10,-2.7315901765803973e-09,6.167708049440095,109258.72417157436,0.9043928561387636,5.618943883679145e-06,1.0,327.00000000002444,,,,[],[],13,661.1538461544812,87.0000000001641,940.0000000010601,"[8, 32, 51, 63, 81, 100, 111, 133, 152, 162, 175, 192, 204]","[878.0000000003167, 638.0000000005967, 787.0000000006743, 792.0000000010036, 940.0000000010601, 788.0000000008608, 637.000000000589, 675.0000000002702, 771.0000000008935, 196.00000000019367, 834.0000000009229, 572.0000000007105, 87.0000000001641]","[0, 13, 39, 39, 76, 99, 107, 107, 107, 161, 164, 187, 203]","[76, 39, 61, 76, 205, 164, 119, 142, 164, 164, 205, 205, 205]",37754613.00002392,941.0000000007682,-941.0000000007682,0.0,,,,DWT,mdp.39015067403892,2.3916363716125488e-05,,0.0,33.0,19.0,0.0,28.5,,7.681819624849595e-10,256.34134615448124,4358.999999991744,256.34134615448124,,0.0,256.34134615448124,,,84.0000000001641,0.0,24.0,1.0601297617540695e-09,7.681819624849595e-10,,2.4442670110147446e-11,2.641597475256597e-10,4.9643018669873993e-20,0.7123665352637898,0.7344184792302697,0.0015048173650421878,0.3005952380952379,0.004171142289873518,0.999999999685459,0.4742280248022386,7.187738549443787e-09,7.187738549443787e-09,6.573772130015184e-09,,1.2294884384132148e-09,0.9999999928122141,1.269408867967787e-09,,,,,,2.367228018574089e-10,1.0,0.5,9.620904609060423e-10,9.620904609060423e-10,0.7922684118841996,0.25901821440524164,238,1.317288121563406,0.6326979457892152,826,0,0.2478523369352919,0.29613842778060867,242,0.0,0.34413202652422903,0.6250630692720829,826,338.331198679637,0.6453551376523721,533.0,371.9124439093794,0.543327464004383,726,rbio,0.5136782423812899,1.0,0.3404252303330971,4,545.5,2.6415974752565967e-10,0.00015478832988891078,4.9643018669873993e-20,0.7123665352637898,0.7344184792302698,0.0025367416187919607,0.47434210526315795,0.006526975183251402,0.9999999996854589,0.9919828214591085,0.9855281704523635,0.9855281704523635,0.9855281704522516,,2.63409635029389e-10,0.9999999999643188,7.073920082633428e-10,,,,,1.0,,2.367228018574089e-10,1.0,0.5,9.620904609060423e-10,9.620904609060423e-10,0.0,2.234570200815584,0.6375734630584824,236,1.3882916002137666,0.6417865953672188,1653,1001.9703089413379,0.47485832864709754,944.5,413.03123345685543,0.4899186821432553,1587,0.3888041033402703,1.0,0.4278371276618108,3,1191.0,,,,,,,,,,,,,1.7736684059344387e-15,0.03641360043834338,4.9643018669873993e-20,0.7913621390769642,0.2270350570160934,0.001854625017126091,0.35884859964822086,1.0,0.006526975183251401,0.9999999999999478,0.0008499884728413211,0.0007982210227458903,0.0007982210227458903,0.0007982210227395516,,0.0,2.0581435760981875e-16,0.02016391057301162,6.577975100840415e-15,,,,,0.4782608695652174,,7.489855604907404e-18,1.0,0.8604651162790697,3.2237449998391947e-15,3.2237449998391947e-15,0.9302325581395349,0.5744527218307333,0.17892707859000737,575,1.54633643452686,0.7506060933598587,1678,779.938779648762,0.6355426263323543,1126.5,856.502441189525,0.5545703785867379,1512,818.67,599.5,715.6978453131971,300,0.38607403914171184,1.0,0.42974817260080167,3,1134.75
db12,1.0,smooth,7.80398265830488e-27,320.5486295120262,32480026.841199324,0.6140350877192983,302.68987443133835,206,raw,6.022798225626724e-14,-2.1449730880363241e-10,4.4921348681039035,622401.3306952718,0.9781536054401719,5.618943883690066e-06,1.0,327.00000000000006,,,,[],[],13,661.1538461538462,87.0,940.0000000000001,"[8, 32, 51, 63, 81, 100, 111, 133, 152, 162, 175, 192, 204]","[878.0, 638.0, 787.0, 792.0000000000002, 940.0000000000001, 787.9999999999999, 636.9999999999999, 674.9999999999998, 771.0, 196.0000000000001, 834.0000000000002, 572.0000000000002, 87.0]","[0, 13, 42, 42, 76, 99, 107, 107, 107, 161, 164, 187, 203]","[76, 42, 61, 76, 205, 164, 119, 142, 164, 164, 205, 205, 205]",37754613.0,941.0000000000001,-941.0000000000001,0.0,,,,DWT,mdp.39015067403892,0.0,,0.0,33.0,19.0,0.0,28.5,,1.1368683772161603e-13,256.3413461538462,4359.0,256.34134615384613,,0.0,256.3413461538462,,,84.0,0.0,28.5,1.1368683772161603e-13,1.1368683772161603e-13,,5.684341886080802e-14,5.775125598879764e-14,4.725737402400397e-27,0.9689743032822881,0.15559199962583037,0.030097305245517555,0.4266917293233084,0.04571670559278704,0.9999999997233964,0.4742280246116003,6.6959667625959335e-09,6.6959667625959335e-09,6.0819563246244724e-09,,2.859275438170267e-12,0.9999999933040264,1.3612963731558036e-13,,,,,,0.0,1.0,1.0,1.4238426238064856e-13,1.4238426238064856e-13,0.8422684098792147,0.27536483381688037,169,1.2631926082608609,0.606715687555297,837,0,0.28951900311606643,0.3459225095698212,169,0.0,0.32838400534914813,0.5964592030464417,844,387.7012380686964,0.5936045722550352,504.75,281.414735303737,0.5322582609702848,755,db,0.540986235965534,0.9305070477545101,0.3421575204977732,3,567.0,5.775125598879763e-14,0.0001547883299646835,4.725737402400397e-27,0.9689743032822881,0.15559199962583037,0.031099679750573452,0.5691135734072024,0.04797425412350046,0.9999999997233963,0.9919828214562016,0.9855281704452468,0.9855281704452468,0.9855281704451341,,6.125805465799743e-13,0.9999999999667601,7.585973278963461e-14,,,,,1.0,,0.0,1.0,0.75,1.4238426238064856e-13,1.4238426238064856e-13,0.0,2.2595701998213302,0.6447065287087514,179,1.321611989058221,0.6109616010955987,1666,1051.4677836243961,0.44891625596205653,922.5,323.2672086720867,0.4827128449621604,1617,0.49117026184683504,0.8233619396015222,0.4091722348267588,4,1213.75,,,,,,,,,,,,,3.8776376457738893e-19,0.03641360043841643,4.725737402400397e-27,0.977495195133964,0.048099060011836364,0.008533841772778957,0.43054497290445726,1.0,0.04797425412350046,0.9999999999999541,0.0008499884728391221,0.0007982210227401261,0.0007982210227401261,0.0007982210227337869,,0.0,4.786380409530668e-19,0.020163910573049823,7.054128794466933e-19,,,,,0.4782608695652174,,0.0,1.0,0.9302325581395349,4.770970844811595e-19,4.770970844811595e-19,0.9302325581395349,0.5814294660167882,0.18110015290550946,108,1.6171453389153756,0.7849773943985088,1598,1053.589103967956,0.5076686430056281,853.0,202.3259085580305,0.5545352560822533,1513,1009.0473684210526,935.5,610.6543869996938,760,0.4758535102197843,0.8532293215616218,0.41093374637766444,5,1136.0
sym15,1.0,constant,1.4608277696491787e-21,265.60140858243125,4961314.304158769,0.5470085470085471,58.34868734770404,206,smoothed,3.107503662428412e-11,9.739116180125512e-11,6.195228513185391,40275.83033384009,0.9889013706047054,0.00014966566451332064,1.0,362.39999999999554,,,,[],[],11,426.5999999998942,32.199999999967304,728.399999999824,"[9, 31, 53, 64, 80, 102, 131, 148, 158, 175, 192]","[310.9999999998772, 417.7999999999042, 589.5999999998747, 432.19999999982906, 728.399999999824, 370.99999999987665, 586.9999999999598, 32.199999999967304, 448.1999999999233, 367.9999999999002, 407.19999999989983]","[0, 0, 0, 60, 0, 94, 120, 144, 144, 165, 186]","[20, 40, 75, 75, 205, 120, 205, 149, 205, 186, 205]",30736475.839997873,728.3999999998648,-728.3999999998648,0.0,,,,DWT,mdp.39015067403892,2.123415470123291e-06,,0.0,15.0,11.0,0.0,33.0,,1.3517365005100146e-10,168.39999999989425,987.8000000011625,168.39999999991022,,0.0,168.39999999989425,,,27.999999999967315,0.0,15.0,1.7598722479306161e-10,1.3517365005100146e-10,,4.433786671143025e-12,6.821866578883036e-11,4.275253255835186e-21,0.7739038427012339,0.08783278602862987,0.06207286593221652,0.2331102957047276,0.09806310429316879,,0.9999996362113449,4.2958503241021086e-09,4.2958503241021086e-09,3.5852772212771556e-09,,4.7781282633238e-11,0.9999999957041067,1.174308663583544e-10,,,,,,4.529616556117518e-11,0.0,0.0,2.0780171546217415e-10,2.0780171546217415e-10,0.799999892556925,0.30073748375871173,913,0.6717644916207877,0.34103324434862203,846,0,0.16666663705987844,0.2371338362607492,911,0.0,0.1792832706754565,0.3163042120113508,804,53.08169803865233,0.9443588070873665,868.5,866.0259417807584,0.5169907242984002,845,sym,1.0,1.0,0.0,7,635.5,3.92455000468182e-11,0.9999999999713323,1.0337776632077797e-21,0.7662066186103631,0.7439254188997555,0.00016260685798276408,0.19129554655870495,0.0009551259416388331,0.9999999997280969,2.0315811344373547e-05,4.6268322506648474e-11,4.6268322506648474e-11,3.861516661984865e-11,,4.7781282633238e-11,0.0031261328406922417,1.174308663583544e-10,,,,,0.0,,2.1017445024723217e-11,0.0,0.0,1.6929488797059114e-10,1.6929488797059114e-10,1.0,0.20156916136392775,0.05751224473041277,1667,1.6086682529396366,0.7436634500781327,1259,288.4995667241114,0.8487947763500464,1463.0,1434.5543403964457,0.5410116439402224,1258,0.7763846615972358,0.5622554397616224,0.28785410495344815,6,945.0,,,,,,,,,,,,,2.635091234003334e-16,0.9999999999723718,1.0337776632077797e-21,0.8304155914687049,0.22997399258341794,0.0012994524154345836,0.14471862868561597,1.0,0.0009551259416388331,0.9999999999999549,9.960751159726632e-05,3.747468915044072e-14,3.747468915044072e-14,3.1276088489906595e-14,,0.0,3.7333767194339215e-17,0.0045670401506238455,1.0919791373834813e-15,,,,,0.13043478260869565,,6.649871798749564e-19,0.7209302325581395,0.7209302325581395,5.672684334480985e-16,5.672684334480985e-16,1.0,0.39867336188392993,0.12417638082767637,1729,1.7721555792232446,0.8602208073520832,870,607.4047250392443,0.7161660163368018,1299.5,1157.5452096960369,0.5544615128412981,1514,1409.1368421052632,1454.5,398.32527672708756,380,0.6645304607900322,0.5565550872278735,0.3678621512786154,7,1137.25
sym15,1.0,zero,1.4608277696491787e-21,265.60140858243125,4961314.304158769,0.5470085470085471,58.34868734770404,206,smoothed,3.107503662428412e-11,9.739116180125512e-11,6.195228513185391,40275.83033384009,0.9889013706047054,0.00014966566451332064,1.0,362.39999999999554,,,,[],[],11,426.5999999998942,32.199999999967304,728.399999999824,"[9, 31, 53, 64, 80, 102, 131, 148, 158, 175, 192]","[310.9999999998772, 417.7999999999042, 589.5999999998747, 432.19999999982906, 728.399999999824, 370.99999999987665, 586.9999999999598, 32.199999999967304, 448.1999999999233, 367.9999999999002, 407.19999999989983]","[0, 0, 0, 60, 0, 94, 120, 144, 144, 165, 186]","[20, 40, 75, 75, 205, 120, 205, 149, 205, 186, 205]",30736475.839997873,728.3999999998648,-728.3999999998648,0.0,,,,DWT,mdp.39015067403892,2.123415470123291e-06,,0.0,15.0,11.0,0.0,33.0,,1.3517365005100146e-10,168.39999999989425,987.8000000011625,168.39999999991022,,0.0,168.39999999989425,,,27.999999999967315,0.0,15.0,1.7598722479306161e-10,1.3517365005100146e-10,,4.433786671143025e-12,6.821866578883036e-11,4.275253255835186e-21,0.7739038427012339,0.08783278602862987,0.06207286593221652,0.2331102957047276,0.09806310429316879,,0.9999996362113449,4.2958503241021086e-09,4.2958503241021086e-09,3.5852772212771556e-09,,4.7781282633238e-11,0.9999999957041067,1.174308663583544e-10,,,,,,4.529616556117518e-11,0.0,0.0,2.0780171546217415e-10,2.0780171546217415e-10,0.799999892556925,0.30073748375871173,912,0.6717644916207877,0.34103324434862203,848,0,0.16666663705987844,0.2371338362607492,912,0.0,0.1792832706754565,0.3163042120113508,803,53.2126238155321,0.9442215683275345,868.75,866.2587920212026,0.5167910776648155,847,sym,1.0,1.0,0.0,7,637.0,3.92455000468182e-11,0.9999999999713323,1.0337776632077797e-21,0.7662066186103631,0.7439254188997555,0.00016260685798276408,0.19129554655870495,0.0009551259416388331,0.9999999997280969,2.0315811344373547e-05,4.6268322506648474e-11,4.6268322506648474e-11,3.861516661984865e-11,,4.7781282633238e-11,0.0031261328406922417,1.174308663583544e-10,,,,,0.0,,2.1017445024723217e-11,0.0,0.0,1.6929488797059114e-10,1.6929488797059114e-10,1.0,0.20156916136392775,0.05751224473041277,1669,1.6086682529396366,0.7436634500781327,1257,291.3279938488576,0.8473123721966155,1463.0,1433.9938482570062,0.5402704418635069,1264,0.7763846615972358,0.5622554397616224,0.28785410495344815,6,949.5,,,,,,,,,,,,,2.635091234003334e-16,0.9999999999723718,1.0337776632077797e-21,0.8304155914687049,0.22997399258341794,0.0012994524154345836,0.14471862868561597,1.0,0.0009551259416388331,0.9999999999999549,9.960751159726632e-05,3.747468915044072e-14,3.747468915044072e-14,3.1276088489906595e-14,,0.0,3.7333767194339215e-17,0.0045670401506238455,1.0919791373834813e-15,,,,,0.13043478260869565,,6.649871798749564e-19,0.7209302325581395,0.7209302325581395,5.672684334480985e-16,5.672684334480985e-16,1.0,0.39867336188392993,0.12417638082767637,1730,1.7721555792232446,0.8602208073520832,871,607.4047250392443,0.7161660163368018,1300.5,1158.6543637062668,0.5542278679814849,1515,1409.1368421052632,1454.5,398.32527672708756,380,0.6645304607900322,0.5565550872278735,0.3678621512786154,7,1138.0
sym14,1.0,antireflect,6.103240339465193e-22,269.391794018726,5459420.806721648,0.5301724137931034,100.86331065901119,206,smoothed,2.0082477213013456e-11,5.962632609853515e-11,6.39078387928525,80972.9700055531,0.99260897775828,0.00014966566451327795,0.9999999999999996,362.39999999999657,,,,[],[],11,426.59999999993363,32.199999999980236,728.3999999999126,"[9, 31, 53, 64, 80, 102, 131, 148, 158, 175, 192]","[310.9999999999217, 417.79999999993817, 589.5999999999189, 432.1999999998869, 728.3999999999126, 370.99999999991917, 586.9999999999735, 32.199999999980236, 448.19999999994985, 367.9999999999348, 407.19999999993405]","[0, 0, 0, 60, 0, 94, 120, 144, 144, 165, 186]","[20, 40, 75, 75, 205, 120, 205, 149, 205, 186, 205]",30736475.83999855,728.3999999999126,-728.3999999999126,0.0,,,,DWT,mdp.39015067403892,1.4454126358032227e-06,,0.0,15.0,11.0,0.0,33.0,,8.742517820792273e-11,168.3999999999337,987.8000000007287,168.3999999999416,,0.0,168.3999999999337,,,27.999999999980247,0.0,15.0,8.742517820792273e-11,8.742517820792273e-11,,3.410605131648481e-12,4.406955251613596e-11,1.786169318066691e-21,0.7883050819860248,0.3699026403890678,0.27583769881481,0.1174631764627077,0.43555770633722374,,0.9999996474868108,4.336897247289228e-09,4.336897247289228e-09,3.617925494498723e-09,,3.6754832794798456e-11,0.9999999956630705,5.8336134515229e-11,,,,,,3.083317936444907e-11,0.0,0.0,1.3439824994988387e-10,1.3439824994988387e-10,0.7999998958818159,0.300737485008611,909,1.0170615719267473,0.5163294754380774,198,0,0.16666663798636014,0.23713383757895037,909,0.0,0.2838666148619863,0.500817536360028,186,413.9891302920887,0.5660491296728629,550.5,316.7797649463464,0.4945025522578151,915,sym,1.0,1.0,0.0,7,688.0,2.5356210522284252e-11,0.9999999999710358,4.319049028052292e-22,0.7801939989715364,0.8114799879201744,0.0007225878947888722,0.09639292196007268,0.004242293443614461,0.9999999997275277,2.0315811573412557e-05,4.671035780390298e-11,4.671035780390298e-11,3.896682976289867e-11,,3.6754832794798456e-11,0.0031261328405639555,5.8336134515229e-11,,,,,0.0,,1.4306611701039665e-11,0.0,0.0,1.0949349777071875e-10,1.0949349777071875e-10,1.0,0.20156916130196648,0.05751224471273382,1680,1.614471773341807,0.7463463313975037,1241,310.41987694089437,0.8373061441609568,1460.5,1427.5111263266006,0.5359224641140214,1292,0.7763846615972358,0.5622554397616224,0.28785410495344815,6,970.5,,,,,,,,,,,,,1.7025118292570052e-16,0.9999999999720862,4.319049028052292e-22,0.8405614801647524,0.25085752950820106,0.001430399543724636,0.07292303313909282,0.9999999999999997,0.004242293443614461,0.9999999999999548,9.960751159743958e-05,3.783280112801268e-14,3.783280112801268e-14,3.156079998040129e-14,,0.0,2.871828245718401e-17,0.004567040150621838,5.424625042945071e-16,,,,,0.13043478260869565,,4.526579399850581e-19,0.7209302325581395,0.7209302325581395,3.668876579660116e-16,3.668876579660116e-16,1.0,0.39867336188392893,0.12417638082767607,1739,1.761346983249505,0.8549742142967781,922,577.7062402294093,0.7300438129769116,1330.5,1205.0792934986848,0.5541574205071473,1516,1409.1368421052632,1454.5,398.32527672708756,380,0.6645304607900322,0.5565550872278735,0.3678621512786154,7,1138.75
bior6.8,1.0,symmetric,2.9630157668552823e-22,272.53005911783595,5169526.728731107,0.527027027027027,83.82363371357945,206,smoothed,1.3719286763809524e-11,-6.669136354287557e-11,6.280289332858129,33003.64721568488,0.9839683014823003,0.00014966566451325597,0.9999999999999997,362.3999999999973,,,,[],[],11,426.59999999995523,32.19999999998433,728.3999999999193,"[9, 31, 53, 64, 80, 102, 131, 148, 158, 175, 192]","[310.9999999999477, 417.7999999999639, 589.5999999999475, 432.19999999992024, 728.3999999999193, 370.9999999999459, 586.9999999999909, 32.19999999998433, 448.1999999999722, 367.9999999999585, 407.19999999995684]","[0, 0, 0, 60, 0, 94, 120, 144, 144, 165, 186]","[20, 40, 75, 75, 205, 120, 205, 149, 205, 186, 205]",30736475.839999147,728.3999999999394,-728.3999999999394,0.0,,,,DWT,mdp.39015067403892,8.493661880493164e-07,,0.0,15.0,11.0,0.0,33.0,,6.059508450562134e-11,168.3999999999553,987.8000000004913,168.39999999996257,,0.0,168.3999999999553,,,27.99999999998434,0.0,15.0,8.071765478234738e-11,6.059508450562134e-11,,2.6716406864579767e-12,3.009051440641239e-11,8.671513036176779e-22,0.8002286468558737,0.21052485782080374,0.15142824257110488,0.0958575670425443,0.0377561007235988,,0.9999996510553099,4.359372507823962e-09,4.359372507823962e-09,3.639750155402271e-09,,2.8791285689258795e-11,0.9999999956406168,5.386041028064057e-11,,,,,,1.8118466224470075e-11,0.0,0.0,9.3152493138216e-11,9.3152493138216e-11,0.799999896932096,0.30073748540343437,890,0.7145592054249629,0.3627587452818378,764,0,0.16666663827845807,0.23713383799454826,890,0.0,0.18511363072057374,0.3265905451023598,738,80.95060222135473,0.9151461192648274,820.5,814.480637417608,0.5275416130915331,806,bior,0.8100315533562081,0.7923003667562746,0.1952878026237719,6,606.0,1.731620899560372e-11,0.9999999999708833,2.0968181871269736e-22,0.7917749076556825,0.773309665050184,0.00039668332313232916,0.07866287339971545,0.00036774107362976937,0.9999999997256239,2.031581164596563e-05,4.6952497445573727e-11,4.6952497445573727e-11,3.9201863977211815e-11,,2.8791285689258795e-11,0.0031261328404937894,5.386041028064057e-11,,,,,0.0,,8.406978009889287e-12,0.0,0.0,7.58908118488857e-11,7.58908118488857e-11,1.0,0.20156916127955843,0.057512244706340296,1684,1.593530364456115,0.7366654289783926,1318,258.8010819142764,0.864360019961071,1501.0,1478.688874083944,0.5388361944669087,1276,0.5943810304597339,0.7715092316736338,0.3524805091760961,5,958.25,,,,,,,,,,,,,1.162675732913344e-16,0.9999999999719392,2.0968181871269736e-22,0.8489618101389477,0.23905771554083788,0.0013541893420391806,0.059509922586637454,0.9999999999999997,0.00036774107362976937,0.9999999999999545,9.960751159749444e-05,3.802882488079806e-14,3.802882488079806e-14,3.175118588188974e-14,,0.0,2.249598792479414e-17,0.00456704015062074,5.008431444071522e-16,,,,,0.13043478260869565,,2.6599487194998257e-19,0.7209302325581395,0.7209302325581395,2.54292746028458e-16,2.54292746028458e-16,1.0,0.3986733618839285,0.12417638082767593,1744,1.7535341039804777,0.8511817700038833,951,560.7356774809322,0.7379739824855458,1347.5,1230.830426716141,0.554150542644642,1517,1104.4,1082.5,563.6960149978129,300,0.520820561188399,0.7876173146100969,0.3991404127850916,6,1139.25
rbio3.5,1.0,symmetric,3.0277553780506033e-27,322.4361909002747,4875058.294344112,0.5462962962962963,136.00378195072605,206,smoothed,3.563061388544583e-14,-2.038909485690969e-10,6.294642870379688,30691.896795425346,0.9626941893315035,0.0001496656645132027,0.9999999999999999,362.40000000000003,,,,[],[],11,426.59999999999997,32.200000000000045,728.4,"[9, 31, 53, 64, 80, 102, 131, 148, 158, 175, 192]","[310.9999999999999, 417.8, 589.6, 432.19999999999993, 728.4, 371.0000000000001, 587.0000000000001, 32.200000000000045, 448.2, 367.9999999999999, 407.20000000000005]","[0, 0, 0, 60, 0, 94, 120, 144, 144, 165, 186]","[20, 40, 75, 75, 203, 120, 203, 149, 203, 186, 203]",30736475.839999996,728.4,-728.4,0.0,,,,DWT,mdp.39015067403892,0.0,,0.0,33.0,11.0,0.0,33.0,,0.0,168.40000000000003,987.7999999999993,168.4,,0.0,168.40000000000003,,,28.000000000000057,0.0,15.0,0.0,0.0,,5.684341886080802e-14,2.94385471989485e-14,4.073139213140679e-27,0.9898426472409582,0.2312284586424539,0.0250556789887039,0.2282178573998131,0.018585139461843148,,0.9999996647593375,4.4059199552998455e-09,4.4059199552998455e-09,3.6786974161203912e-09,,6.125805465799743e-13,0.9999999955940747,0.0,,,,,,0.0,1.0,0.0,0.0,0.0,0.899999900972306,0.3383296774408524,409,0.8207688559048251,0.4166779716417917,442,0,0.2499999727370468,0.35570077878825745,420,0.0,0.21327568310482886,0.3762760274926789,461,23.166067138525406,0.9757169107562627,433.0,432.0783154372478,0.7609192520238337,203,rbio,0.7685897546424816,0.816051598246696,0.21717169227625407,5,153.5,2.6672054315921587e-14,0.9999999999705136,1.3457627158675544e-27,0.9759398321278995,0.7782680922236533,6.563617087419413e-05,0.18728070175438605,0.00018101761061849794,0.9999999997235561,2.0315811924354055e-05,4.745387416349445e-11,4.745387416349445e-11,3.962136174706643e-11,,6.125805465799743e-13,0.0031261328403482946,0.0,,,,,0.0,,0.0,1.0,0.0,0.0,0.0,1.0,0.3015691612044165,0.08604450842070885,1498,1.74971545110059,0.8088674757164535,243,887.4190103891171,0.5348956968610497,870.5,418.1665709362435,0.5393293997932083,1271,0.3888041033402703,1.0,0.4278371276618108,3,954.0,,,,,,,,,,,,,1.7908625558828612e-19,0.999999999971583,1.3457627158675544e-27,0.9825477123710624,0.2405905429789746,0.001276776588628725,0.14168132413295456,0.9999999999999999,0.00018101761061849794,0.9999999999999541,9.960751159770499e-05,3.8434858594393884e-14,3.8434858594393884e-14,3.209086642252945e-14,,0.0,4.786380409530668e-19,0.004567040150618464,0.0,,,,,0.13043478260869565,,0.0,1.0,0.7209302325581395,0.0,0.0,1.0,0.42658033862811345,0.13286867808967343,1605,1.867207223895325,0.9063597600933538,137,1038.0327547818517,0.5149379650552095,871.0,252.45120551090704,0.5539643096304085,1518,818.67,599.5,715.6978453131971,300,0.38607403914171184,1.0,0.42974817260080167,3,1139.25
sym3,1.0,antireflect,7.369625355518807e-19,238.5729446374987,4971503.709507128,0.5285714285714286,91.20437171144616,206,smoothed,7.013724681942981e-10,,6.209638979657229,35575.23876499462,0.9826717006581953,0.0001496656645118228,0.9999999999999999,362.4000000001372,,,,[],[],11,426.60000000209294,32.200000000260815,728.4000000027083,"[9, 31, 53, 64, 80, 102, 131, 148, 158, 175, 192]","[311.0000000021572, 417.8000000017416, 589.6000000021629, 432.20000000416474, 728.4000000027083, 371.000000002655, 587.0000000009553, 32.200000000260815, 448.20000000174093, 368.000000002295, 407.2000000021809]","[1, 1, 1, 60, 1, 94, 120, 144, 144, 165, 186]","[20, 40, 75, 75, 203, 120, 203, 149, 203, 186, 203]",30736475.840051085,728.4000000024633,-728.4000000024633,0.0,,,,DWT,mdp.39015067403892,5.108863115310669e-05,,0.0,33.0,11.0,0.0,33.0,,2.463366399751976e-09,168.400000002093,987.7999999769763,168.40000000209298,,0.0,168.400000002093,,,28.000000000260826,0.0,33.0,2.7083615350420587e-09,2.463366399751976e-09,,1.3722001312999055e-10,1.5407682327972006e-09,2.1567942960200175e-18,0.6712115483914975,0.1086185013993942,0.0664456988911481,0.10646603558323861,0.059081881197487626,,0.999999892127247,6.583654410270653e-09,6.583654410270653e-09,5.85643187267496e-09,,1.478769439444058e-09,0.9999999934163187,1.8072064142474653e-09,,,,,,1.08980985001045e-09,1.0,1.0,3.786919739810252e-09,3.786919739810252e-09,0.9999999737561163,0.3759218953204957,18,0.5564781963546908,0.2825060971207742,943,0,0.33333332637641094,0.47426774687243667,18,0.0,0.14454623814336207,0.25501868513937287,943,534.0489990004038,0.4402002106914006,480.5,35.32570239334027,0.4682657237943376,952,sym,1.0,1.0,0.0,7,715.75,8.861779337329999e-10,0.9999999999609355,5.215234881263308e-19,0.6664654677089398,0.7489035121697254,0.00017406198603681284,0.08736842105263184,0.0005754522847231042,,2.031581654354797e-05,7.090905640438905e-11,7.090905640438905e-11,6.307654398796103e-11,,1.478769439444058e-09,0.0031261328335403515,1.8072064142474653e-09,,,,,0.0,,5.056723527527267e-10,1.0,1.0,3.0851821972638927e-09,3.0851821972638927e-09,1.0,0.40156916435309864,0.11457677305490739,964,1.109595617292321,0.5129495801507225,1842,620.8397538817887,0.6746122883219137,1403.0,1265.6364932287954,0.4696436703664076,1655,0.7763846615972358,0.5622554397616224,0.28785410495344815,6,1242.75,,,,,,,,,,,,,5.950133651402759e-15,0.9999999999623521,5.215234881263308e-19,0.7580673325859653,0.23151289951637474,0.0013021311063620977,0.06609583083673215,0.9999999999999999,0.0005754522847231042,,9.960751160119927e-05,5.743235748090214e-14,5.743235748090214e-14,5.108825688882046e-14,,0.0,1.1554322308607034e-15,0.004567040150511948,1.6805051027058577e-14,,,,,0.13043478260869565,,1.5999358218956406e-17,1.0,1.0,1.0337739626537764e-14,1.0337739626537764e-14,1.0,0.45448731537227754,0.14156097535166443,1307,1.2979164281002369,0.6300207107918199,1806,352.8462838120872,0.8351185589663144,1556.5,1516.5062640539672,0.5538910551840918,1519,1409.1368421052632,1454.5,398.32527672708756,380,0.6645304607900322,0.5565550872278735,0.3678621512786154,7,1141.0
sym8,1.0,periodization,4.2387983146749305e-21,263.1993649386439,6000569.834498844,0.6262135922330098,298.5261683008915,206,raw,5.172892460928673e-11,-1.4567258511388867e-10,6.291837948945701,63117.30860589408,0.7724503772299288,5.618943883691139e-06,1.0,327.00000000002643,,,,[],[],13,661.1538461537631,86.99999999996314,939.9999999998777,"[8, 32, 51, 63, 81, 100, 111, 133, 152, 162, 175, 192, 204]","[877.9999999998247, 637.999999999993, 787.0000000000201, 791.999999999869, 939.9999999998777, 787.9999999998523, 636.999999999946, 675.0000000000032, 770.9999999997868, 196.00000000004474, 833.9999999999263, 571.999999999812, 86.99999999996314]","[0, 13, 42, 42, 76, 99, 107, 107, 107, 161, 164, 187, 203]","[76, 42, 61, 76, 205, 164, 119, 142, 164, 164, 205, 205, 205]",37754612.9999973,940.9999999998506,-940.9999999998506,0.0,,,,DWT,mdp.39015067403892,2.6971101760864258e-06,,0.0,33.0,19.0,0.0,28.5,,1.4938450476620346e-10,256.3413461537631,4359.0000000010805,256.34134615377064,,0.0,256.3413461537631,,,83.99999999996314,0.0,28.5,1.2232703738845885e-10,1.4938450476620346e-10,,2.6432189770275727e-11,6.534204583731616e-11,2.9996535671746045e-21,0.757342533768734,0.7772991325761212,0.00029778648184766363,0.5180305131761447,0.0004353950007201241,0.9999999997244337,0.47422802456877766,6.631612094463857e-09,6.631612094463857e-09,6.02350010073126e-09,,1.3295630787491743e-09,0.9999999933683879,1.4647548975156446e-10,,,,,,2.6695842452455458e-11,1.0,1.0,1.870929207681722e-10,1.870929207681722e-10,0.8422684106670488,0.2753648340744489,51,1.4505903429703466,0.6967234541595577,711,0,0.2895190032584008,0.34592250973988486,51,0.0,0.3816756700991679,0.6932553422250805,675,370.9501314193055,0.6111633842564932,372.0,95.0036679941312,0.6106131386691271,502,sym,0.8243425715244881,0.7368036147090654,0.2019191155201387,6,378.0,6.534204583731617e-11,0.000154788329972122,2.999653567174605e-21,0.7573425337687338,0.7772991325761213,0.0013309581772126347,0.6377618804292289,0.002800065553578345,0.9999999997244335,0.9919828214555486,0.9855281704443155,0.9855281704443155,0.9855281704442882,,2.8484995415968806e-10,0.9999999999670797,8.162507248164684e-11,,,,,1.0,,2.6695842452455458e-11,1.0,0.75,1.870929207681722e-10,1.870929207681722e-10,0.0,2.259570200091503,0.6447065287858378,46,1.4999917804393976,0.6934239303175089,1583,1086.8231226837236,0.43038620404417005,814.5,89.40208717004298,0.5017497057956699,1533,0.7763846615972358,0.5622554397616224,0.28785410495344815,6,1151.25,,,,,,,,,,,,,4.3873119718783e-16,0.036413600438423614,2.999653567174605e-21,0.8239859373180869,0.24029100284614144,0.0015726621136765958,0.4824786902990126,1.0,0.002800065553578345,0.9999999999999543,0.0008499884728386281,0.0007982210227393718,0.0007982210227393718,0.0007982210227331016,,0.0,2.225666890431761e-16,0.02016391057305482,7.59024258284642e-16,,,,,0.4782608695652174,,8.446503828587165e-19,1.0,0.9302325581395349,6.269055690082436e-16,6.269055690082436e-16,0.9302325581395349,0.5814294660167907,0.18110015290551024,30,1.6203589773433065,0.7865373243930435,1587,1100.9652583074544,0.48553025312735776,808.5,58.886827458256036,0.5538632574048004,1520,1409.1368421052632,1454.5,398.32527672708756,380,0.6645304607900322,0.5565550872278735,0.3678621512786154,7,1141.75
rbio6.8,1.0,symmetric,2.965161218532824e-22,272.52691562914544,5139986.281908342,0.527027027027027,94.97125064949687,206,smoothed,1.372232209200112e-11,-6.930978013753296e-11,6.292646887334856,32394.91445916893,0.980329545086608,0.000149665664513256,0.9999999999999996,362.39999999999736,,,,[],[],11,426.59999999995523,32.199999999984385,728.399999999919,"[9, 31, 53, 64, 80, 102, 131, 148, 158, 175, 192]","[310.9999999999477, 417.7999999999639, 589.5999999999474, 432.19999999992024, 728.399999999919, 370.9999999999459, 586.9999999999909, 32.199999999984385, 448.19999999997225, 367.99999999995856, 407.1999999999566]","[0, 0, 0, 60, 0, 94, 120, 144, 144, 165, 186]","[20, 40, 75, 75, 205, 120, 205, 149, 205, 186, 205]",30736475.839999147,728.3999999999392,-728.3999999999392,0.0,,,,DWT,mdp.39015067403892,8.493661880493164e-07,,0.0,15.0,11.0,0.0,33.0,,6.082245818106458e-11,168.3999999999553,987.8000000004913,168.39999999996252,,0.0,168.3999999999553,,,27.999999999984396,0.0,15.0,8.094502845779061e-11,6.082245818106458e-11,,2.6147972675971687e-12,3.0097182597283714e-11,8.677791914311764e-22,0.8002167034444233,0.2283494445913937,0.1387508158644571,0.0958575670425443,0.03270798134546156,,0.9999996511048723,4.359372507823962e-09,4.359372507823962e-09,3.6396910099797684e-09,,2.817870514267882e-11,0.9999999956406168,5.401212974621984e-11,,,,,,1.8118466224470075e-11,0.0,0.0,9.350203345017927e-11,9.350203345017927e-11,0.7999998969468562,0.30073748540898304,884,0.7151063716588107,0.3630365239948462,758,0,0.1666666382826032,0.23713383800044596,884,0.0,0.18512607318833962,0.3266124969830196,737,79.27326157034287,0.9169043379765798,815.75,809.9532308378627,0.5309102402671159,788,rbio,0.7685897546424816,0.816051598246696,0.21717169227625407,5,592.25,1.732004418543329e-11,0.9999999999708835,2.0983364507973916e-22,0.7917633074707635,0.7775785802094607,0.00036347337715809534,0.07866287339971545,0.0003185728384479214,0.9999999997255845,2.031581164690932e-05,4.6952497445573727e-11,4.6952497445573727e-11,3.920119784339704e-11,,2.817870514267882e-11,0.0031261328404937894,5.401212974621984e-11,,,,,0.0,,8.406978009889287e-12,0.0,0.0,7.617558037364698e-11,7.617558037364698e-11,1.0,0.20156916127944197,0.057512244706307065,1685,1.5956215896577275,0.7376321713415116,1308,266.5792565073284,0.860283408539136,1496.5,1472.7564316739056,0.5379771340389601,1284,0.3888041033402703,1.0,0.4278371276618108,3,963.75,,,,,,,,,,,,,1.1629332420567767e-16,0.9999999999719393,2.0983364507973916e-22,0.8489533958267604,0.2403773901187421,0.0013464234593214422,0.059509922586637454,0.9999999999999997,0.0003185728384479218,0.9999999999999545,9.96075115974952e-05,3.802882488079806e-14,3.802882488079806e-14,3.17506437808035e-14,,0.0,2.2017349883841074e-17,0.00456704015062074,5.022539701660457e-16,,,,,0.13043478260869565,,2.6599487194998257e-19,0.7209302325581395,0.7209302325581395,2.5524694019742034e-16,2.5524694019742034e-16,1.0,0.3986733618839285,0.12417638082767593,1745,1.7541653424466856,0.8514881790288015,945,565.685424949238,0.7356610163788607,1345.0,1226.0408921933085,0.5535781717408322,1521,818.67,599.5,715.6978453131971,300,0.38607403914171184,1.0,0.42974817260080167,3,1141.5
coif15,1.0,zero,2.994701340237469e-26,314.7082572989692,5973031.129589537,0.5748299319727891,134.12368927201535,206,raw,1.1410936920283256e-13,-2.1276713724205667e-10,6.320846515091657,69425.37891619233,0.8504329305263234,5.618943883690066e-06,0.9999999999999998,327.0000000000002,,,,[],[],13,661.1538461538462,87.0000000000002,939.9999999999994,"[8, 32, 51, 63, 81, 100, 111, 133, 152, 162, 175, 192, 204]","[878.0, 637.9999999999995, 787.0000000000001, 792.0000000000008, 939.9999999999994, 787.9999999999995, 637.0000000000001, 675.0000000000002, 771.0000000000001, 196.00000000000017, 834.0000000000002, 572.0, 87.0000000000002]","[0, 13, 42, 42, 76, 99, 107, 107, 107, 161, 164, 187, 203]","[76, 42, 61, 76, 205, 164, 119, 142, 164, 164, 205, 205, 205]",37754613.00000001,940.9999999999995,-940.9999999999995,0.0,,,,DWT,mdp.39015067403892,7.450580596923828e-09,,0.0,33.0,19.0,0.0,28.5,,4.547473508864641e-13,256.3413461538462,4359.0,256.3413461538462,,0.0,256.3413461538462,,,84.0000000000002,0.0,28.5,5.684341886080801e-13,4.547473508864641e-13,,2.2737367544323206e-13,1.2583132317651572e-13,2.039561218149382e-26,0.9474220076205803,0.7873201369748942,0.0002667949039816824,0.13265306122448944,0.0009461152782101254,0.9999999997234225,0.4742280246118314,6.6959667625959335e-09,6.6959667625959335e-09,6.082000342865356e-09,,1.1437101752681067e-11,0.9999999933040264,6.806481865779018e-13,,,,,,7.374542113937972e-14,1.0,1.0,5.695370495225942e-13,5.695370495225942e-13,0.8422684098840663,0.27536483381846655,91,1.4156863410022726,0.6799589438117278,779,0,0.28951900311692685,0.34592250957084925,91,0.0,0.35857601446571297,0.6512983590427582,797,402.48022725760495,0.578112969331651,439.5,163.15593058329037,0.5587105727161399,681,coif,0.5507900112560971,0.8749445204262634,0.351963635992853,2,511.25,1.2583132317651572e-13,0.0001547883299646835,2.039561218149382e-26,0.9474220076205803,0.7873201369748943,0.0012999986285055498,0.34812030075187966,0.00330957761981828,0.9999999997234224,0.9919828214562052,0.9855281704452468,0.9855281704452468,0.9855281704451347,,2.4503221863198973e-12,0.9999999999667601,3.7929866394817307e-13,,,,,1.0,,7.374542113937972e-14,1.0,0.75,5.695370495225942e-13,5.695370495225942e-13,0.0,2.259570199822609,0.6447065287091164,91,1.5033816601111236,0.6949910213615565,1575,1049.3464632808366,0.4500280590771296,833.0,172.05882352941174,0.5067226249264054,1499,0.4784248188775415,0.776734912893196,0.43208215291776214,2,1124.75,,,,,,,,,,,,,8.448790721736759e-19,0.03641360043841643,2.039561218149382e-26,0.9618620181357193,0.24338885423383866,0.0015654224685281253,0.26335946366098867,0.9999999999999998,0.00330957761981828,0.9999999999999541,0.0008499884728391248,0.0007982210227401261,0.0007982210227401261,0.0007982210227337874,,0.0,1.9145521638122673e-18,0.020163910573049823,3.5270643972334666e-18,,,,,0.4782608695652174,,2.3332883504384434e-21,1.0,0.9302325581395349,1.908388337924638e-18,1.908388337924638e-18,0.9302325581395349,0.5814294660167882,0.18110015290550946,81,1.6171860458764444,0.7849971539361735,1597,1071.973880278806,0.49907762603794115,839.0,154.17997616209774,0.5535107756357931,1522,986.6382352941176,846.0,585.0035688138154,340,0.4652856568234462,0.8173890317607586,0.42908333069536003,4,1142.5
sym4,1.0,smooth,1.7556492960366795e-20,257.0274148016339,6095489.342612932,0.6226415094339622,296.8234094059269,206,raw,1.0520099570333479e-10,-1.467578281928175e-10,6.379438826768402,77403.54006193453,0.8035039603727111,5.618943883685305e-06,1.0,326.999999999936,,,,[],[],13,661.1538461540866,87.00000000009169,940.0000000002987,"[8, 32, 51, 63, 81, 100, 111, 133, 152, 162, 175, 192, 204]","[878.0000000000135, 638.0000000004583, 787.000000000462, 792.0000000002874, 940.0000000002987, 788.0000000001833, 637.0000000002992, 675.0000000001833, 771.000000000165, 196.00000000026546, 834.000000000385, 572.0000000000346, 87.00000000009169]","[0, 13, 42, 42, 76, 99, 107, 107, 107, 161, 164, 187, 203]","[76, 42, 61, 76, 205, 164, 119, 142, 164, 164, 205, 205, 205]",37754613.00000732,941.0000000001068,-941.0000000001068,0.0,,,,DWT,mdp.39015067403892,7.316470146179199e-06,,0.0,33.0,19.0,0.0,28.5,,1.0675194062059745e-10,256.34134615408664,4358.999999996873,256.3413461540867,,0.0,256.34134615408664,,,84.00000000009169,0.0,28.5,2.986553226946853e-10,1.0675194062059745e-10,,6.400568963726982e-11,1.3290493534421458e-10,1.2424136143936749e-20,0.734566640502073,0.807560841396226,0.0004046072396286235,0.4912398921832882,0.0015920511149685383,0.9999999997244173,0.4742280247181121,6.882163921418563e-09,6.882163921418563e-09,6.2682415200432045e-09,,3.219544143379721e-09,0.9999999931177683,3.576125572280296e-10,,,,,,7.241800355887088e-11,1.0,1.0,1.3369882237542902e-10,1.3369882237542902e-10,0.8422684118623553,0.27536483446523335,37,1.4418554858681123,0.6925280727127205,735,0,0.2895190034821185,0.34592251000718677,37,0.0,0.37942050403668837,0.6891591787991737,691,390.7019324241947,0.5904591903310328,375.0,70.34602613679327,0.5986887146623717,546,sym,0.8243425715244881,0.7368036147090654,0.2019191155201387,6,411.0,1.3290493534421458e-10,0.00015478832993165437,1.2424136143936749e-20,0.734566640502073,0.8075608413962261,0.0014376685379354263,0.6176266137040713,0.00395398536580139,0.9999999997244172,0.9919828214578257,0.9855281704479414,0.9855281704479414,0.98552817044783,,6.897656954490511e-10,0.9999999999658356,1.9928351803837013e-10,,,,,1.0,,7.241800355887088e-11,1.0,0.75,1.3369882237542902e-10,1.3369882237542902e-10,0.0,2.259570200357593,0.6447065288617593,38,1.4939179153248916,0.6906160726513253,1597,1102.3794718698275,0.42223298120030006,817.5,74.2336391437309,0.49688693085172236,1555,0.7763846615972358,0.5622554397616224,0.28785410495344815,6,1167.75,,,,,,,,,,,,,8.923739783249704e-16,0.03641360043838459,1.2424136143936749e-20,0.8074652113444054,0.2496459809433398,0.0015976154859821,0.46724598759837943,1.0,0.00395398536580139,0.9999999999999543,0.0008499884728403507,0.0007982210227423086,0.0007982210227423086,0.0007982210227359703,,0.0,5.389464341131534e-16,0.020163910573035355,1.853119634306463e-15,,,,,0.4782608695652174,,2.2912891601305515e-18,1.0,0.9302325581395349,4.479941623278088e-16,4.479941623278088e-16,0.9302325581395349,0.5814294660167848,0.1811001529055084,208,1.6095049943384738,0.7812687000505377,1619,997.7276682542185,0.5337721176382156,913.5,368.63929939792007,0.5534514793798555,1523,1409.1368421052632,1454.5,398.32527672708756,380,0.6645304607900322,0.5565550872278735,0.3678621512786154,7,1144.0
sym6,1.0,antireflect,4.289819759745082e-20,253.147402015212,6067172.38794199,0.625,289.0056040190223,206,raw,1.6551869475885606e-10,-3.7966207976164596e-10,6.402189509114292,78884.57132810669,0.8088457583108628,5.618943883682607e-06,1.0,326.9999999999182,,,,[],[],13,661.1538461542254,87.00000000009146,940.0000000004978,"[8, 32, 51, 63, 81, 100, 111, 133, 152, 162, 175, 192, 204]","[878.0000000000921, 638.0000000007017, 787.0000000007396, 792.0000000004613, 940.0000000004978, 788.0000000002924, 637.0000000004586, 675.0000000002909, 771.0000000002309, 196.00000000041115, 834.0000000006195, 572.0000000000441, 87.00000000009146]","[0, 13, 42, 42, 76, 99, 107, 107, 107, 161, 164, 187, 203]","[76, 42, 61, 76, 205, 164, 119, 142, 164, 164, 205, 205, 205]",37754613.00001201,941.000000000176,-941.000000000176,0.0,,,,DWT,mdp.39015067403892,1.2010335922241211e-05,,0.0,33.0,19.0,0.0,28.5,,1.7598722479306161e-10,256.34134615422545,4358.999999995069,256.3413461542255,,0.0,256.34134615422545,,,84.00000000009146,0.0,28.5,4.978346623829566e-10,1.7598722479306161e-10,,8.179767974070273e-11,2.0911739454428746e-10,3.035760437335817e-20,0.720248514928292,0.8154200608666458,0.00037273983306385853,0.5089285714285714,0.001711959844900727,0.999999999720907,0.474228024717848,6.989656465589926e-09,6.989656465589926e-09,6.3757340642805726e-09,,4.114497355527014e-09,0.9999999930102825,5.961116818049264e-10,,,,,,1.188776188766801e-10,1.0,1.0,2.2041083816524396e-10,2.2041083816524396e-10,0.8422684125299174,0.275364834683481,29,1.4443017217673169,0.6937030080992977,733,0,0.2895190036127904,0.34592251016331593,29,0.0,0.3808352308539372,0.691728813179044,682,392.2850791622508,0.5887997073770956,368.25,55.71337189807917,0.6013967090344597,536,sym,0.8243425715244881,0.7368036147090654,0.2019191155201387,6,403.5,2.0911739454428743e-10,0.0001547883299129471,3.035760437335817e-20,0.720248514928292,0.8154200608666459,0.001405834065680521,0.6309210526315789,0.004073610427583183,0.9999999997209069,0.9919828214578218,0.9855281704494969,0.9855281704494969,0.9855281704493856,,8.815034065285831e-10,0.999999999965302,3.321897698858099e-10,,,,,1.0,,1.188776188766801e-10,1.0,0.75,2.2041083816524396e-10,2.2041083816524396e-10,0.0,2.259570200578961,0.6447065289249206,29,1.4946063580968751,0.6909343295237781,1594,1106.6221125569468,0.42000937497015367,811.5,56.96364756623537,0.4973474547806743,1553,0.7763846615972358,0.5622554397616224,0.28785410495344815,6,1166.25,,,,,,,,,,,,,1.4040932402030736e-15,0.03641360043836654,3.035760437335817e-20,0.7970794132423634,0.25207554717979785,0.0015901712468946744,0.4773034772020025,1.0,0.004073610427583183,0.9999999999999537,0.0008499884728403477,0.0007982210227435685,0.0007982210227435685,0.0007982210227372303,,0.0,6.887601409314632e-16,0.020163910573027004,3.08900299909707e-15,,,,,0.4782608695652174,,3.761260820906771e-18,1.0,0.9302325581395349,7.385462867768349e-16,7.385462867768349e-16,0.9302325581395349,0.5814294660167825,0.18110015290550766,221,1.6085554223420904,0.7808077689681064,1622,990.6566004423531,0.5370763549334798,921.5,388.99837221920774,0.553234439148983,1524,1409.1368421052632,1454.5,398.32527672708756,380,0.6645304607900322,0.5565550872278735,0.3678621512786154,7,1144.75
coif7,1.0,constant,1.2798663138555456e-26,316.17575265681467,4961651.651272689,0.5650406504065041,54.714037107450274,206,smoothed,8.19366149901999e-14,-2.1311281628300154e-10,6.194807294082393,42537.19802762906,0.9896505185151782,0.00014966566451320274,0.9999999999999997,362.4,,,,[],[],11,426.6,32.20000000000016,728.3999999999999,"[9, 31, 53, 64, 80, 102, 131, 148, 158, 175, 192]","[311.00000000000034, 417.8000000000003, 589.6000000000001, 432.1999999999997, 728.3999999999999, 371.00000000000017, 586.9999999999999, 32.20000000000016, 448.2, 367.9999999999999, 407.19999999999993]","[0, 0, 0, 60, 0, 94, 120, 144, 144, 165, 186]","[20, 40, 75, 75, 203, 120, 203, 149, 203, 186, 203]",30736475.840000004,728.3999999999999,-728.3999999999999,0.0,,,,DWT,mdp.39015067403892,7.450580596923828e-09,,0.0,33.0,11.0,0.0,33.0,,1.1368683772161603e-13,168.4000000000001,987.7999999999984,168.40000000000003,,0.0,168.4000000000001,,,28.00000000000017,0.0,15.0,1.1368683772161603e-13,1.1368683772161603e-13,,0.0,1.3116634543469685e-13,3.2668674474367063e-26,0.9660566574816007,0.08722521788357644,0.06221764009007146,0.3569725142535263,0.1168162499944885,,0.9999996648584625,4.4059791007223055e-09,4.4059791007223055e-09,3.6787269888316428e-09,,0.0,0.9999999955939887,7.585973278963461e-14,,,,,,1.5893391424973748e-13,1.0,0.0,1.7477015598164352e-13,1.7477015598164352e-13,0.8999999010019261,0.3383296774519873,328,0.8438709291750296,0.42840615182516,355,0,0.24999997274531005,0.35570077880001444,328,0.0,0.22704118281477068,0.4005620945768605,338,12.737739202856996,0.9866480721144056,337.25,336.8976468271972,0.8165682708580414,114,coif,0.5556920286951962,0.9053407607371553,0.33941335169221604,4,86.5,8.518049006818954e-14,0.9999999999705138,8.260304038364146e-27,0.9528373977157115,0.7437799088299798,0.00016298611018213246,0.29293966623876794,0.0011377799181345675,0.9999999997234171,2.0315811926352456e-05,4.745454029730922e-11,4.745454029730922e-11,3.962169481397382e-11,,0.0,0.0031261328403480726,7.585973278963461e-14,,,,,0.0,,7.374542113937972e-14,1.0,0.0,1.4238426238064856e-13,1.4238426238064856e-13,1.0,0.30156916120424293,0.08604450842065933,1545,1.7613048644428153,0.8142250894411673,162,977.9286783809953,0.4874587639512603,853.5,293.25131810193324,0.5200658599630515,1409,0.4784248188775415,0.776734912893196,0.43208215291776214,2,1057.25,,,,,,,,,,,,,5.719340113363955e-19,0.9999999999715831,8.260304038364146e-27,0.9657901264542287,0.22992901020903303,0.0012995411005562946,0.2216142902871326,0.9999999999999997,0.0011377799181345675,0.9999999999999541,9.960751159770662e-05,3.8435400695480126e-14,3.8435400695480126e-14,3.20911916831812e-14,,0.0,0.0,0.00456704015061846,7.054128794466933e-19,,,,,0.13043478260869565,,2.3332883504384434e-21,1.0,0.7209302325581395,4.770970844811595e-19,4.770970844811595e-19,1.0,0.42658033862811345,0.13286867808967343,1597,1.8841891796008952,0.9146029594031265,74,1076.9236277471118,0.4967646599312562,835.5,141.4458408138839,0.5531720495917962,1525,986.6382352941176,846.0,585.0035688138154,340,0.4652856568234462,0.8173890317607586,0.42908333069536003,4,1144.75
coif7,1.0,smooth,1.3220117821302587e-26,318.2594392113655,73662802.04382333,0.6016260162601627,284.2486174528117,206,raw,7.856929777764747e-14,-2.1646207049031137e-10,4.410580896810219,1314392.8400898115,0.9904013942802308,5.618943883690062e-06,1.0,327.0,,,,[],[],13,661.1538461538462,87.00000000000006,939.9999999999998,"[8, 32, 51, 63, 81, 100, 111, 133, 152, 162, 175, 192, 204]","[878.0000000000002, 638.0000000000003, 787.0000000000002, 792.0000000000003, 939.9999999999998, 788.0, 637.0000000000002, 675.0000000000001, 771.0000000000003, 196.00000000000017, 834.0000000000001, 572.0, 87.00000000000006]","[0, 13, 42, 42, 76, 99, 107, 107, 107, 161, 164, 187, 203]","[76, 42, 61, 76, 205, 164, 119, 142, 164, 164, 205, 205, 205]",37754613.0,940.9999999999998,-940.9999999999998,0.0,,,,DWT,mdp.39015067403892,0.0,,0.0,33.0,19.0,0.0,28.5,,2.2737367544323206e-13,256.3413461538462,4359.0,256.3413461538463,,0.0,256.3413461538462,,,84.00000000000006,0.0,28.5,2.2737367544323206e-13,2.2737367544323206e-13,,0.0,8.092582635100878e-14,8.558553278950996e-27,0.960526672825542,0.127419193670533,0.07644368168669799,0.33362369337979125,0.10174241207892709,0.9999999997233667,0.47422802461166635,6.6959667625959335e-09,6.6959667625959335e-09,6.082088379347123e-09,,0.0,0.9999999933040264,2.7225927463116073e-13,,,,,,0.0,1.0,1.0,2.847685247612971e-13,2.847685247612971e-13,0.8422684098779697,0.27536483381647336,195,1.252393883446799,0.6015290234571716,841,0,0.28951900311587964,0.34592250956959797,194,0.0,0.3249694566706174,0.5902571988367838,850,375.8732055715952,0.6060029291702357,520.0,316.24614475698934,0.5304647769540907,761,coif,0.5507900112560971,0.8749445204262634,0.351963635992853,2,571.25,8.092582635100877e-14,0.0001547883299646835,8.558553278950996e-27,0.9605266728255419,0.12741919367053312,0.07739815816404698,0.4991655969191275,0.1038674205640364,0.9999999997233666,0.9919828214562026,0.9855281704452468,0.9855281704452468,0.985528170445136,,0.0,0.9999999999667601,1.5171946557926922e-13,,,,,1.0,,0.0,1.0,0.75,2.847685247612971e-13,2.847685247612971e-13,0.0,2.2595701998211193,0.6447065287086913,198,1.319984322994241,0.6102091552395296,1668,1039.4469683442248,0.455216473614138,933.0,353.98070739549837,0.48311138146115706,1615,0.4784248188775415,0.776734912893196,0.43208215291776214,2,1211.75,,,,,,,,,,,,,5.433665907368355e-19,0.03641360043841641,8.558553278950996e-27,0.9713676204097218,0.03938983660957665,0.01936037409076978,0.377628031455528,1.0,0.10386742056403638,0.9999999999999541,0.0008499884728391229,0.0007982210227401261,0.0007982210227401261,0.0007982210227337884,,0.0,0.0,0.020163910573049823,1.4108257588933865e-18,,,,,0.4782608695652174,,0.0,1.0,0.9302325581395349,9.54194168962319e-19,9.54194168962319e-19,0.9302325581395349,0.5814294660167882,0.18110015290550946,112,1.6157179385353388,0.7842845209726507,1604,1055.003317530329,0.5070077955465753,858.0,209.3799533799534,0.5530366080536615,1526,986.6382352941176,846.0,585.0035688138154,340,0.4652856568234462,0.8173890317607586,0.42908333069536003,4,1145.5
db5,1.0,periodic,2.700646161914784e-27,322.9327218750161,5070363.768925824,0.5327102803738317,92.33496008906285,206,smoothed,3.029292027579166e-14,-2.0716903748052628e-10,6.233812264526008,32870.05616744288,0.9843467822982392,0.00014966566451320268,1.0,362.4,,,,[],[],11,426.60000000000014,32.20000000000002,728.4000000000001,"[9, 31, 53, 64, 80, 102, 131, 148, 158, 175, 192]","[311.0000000000001, 417.8, 589.6000000000001, 432.20000000000005, 728.4000000000001, 371.00000000000017, 587.0, 32.20000000000002, 448.2000000000001, 368.0, 407.19999999999993]","[0, 0, 0, 60, 0, 94, 120, 144, 144, 165, 186]","[20, 40, 75, 75, 203, 120, 203, 149, 203, 186, 203]",30736475.839999996,728.4000000000001,-728.4000000000001,0.0,,,,DWT,mdp.39015067403892,0.0,,0.0,33.0,11.0,0.0,33.0,,1.1368683772161603e-13,168.4000000000002,987.7999999999975,168.40000000000006,,0.0,168.4000000000002,,,28.00000000000003,0.0,15.0,1.1368683772161603e-13,1.1368683772161603e-13,,0.0,1.7712382001941338e-14,3.1158214947099154e-27,0.9917291734266834,0.14348614568008305,0.10887197514264726,0.13489573982663977,0.036648252407309886,,0.9999996647345563,4.406097391567225e-09,4.406097391567225e-09,3.6787565615428943e-09,,0.0,0.9999999955939026,7.585973278963461e-14,,,,,,0.0,1.0,0.0,1.7477015598164352e-13,1.7477015598164352e-13,0.8999999009647114,0.33832967743799747,502,0.7898341613609605,0.4009734213495099,556,0,0.24999997273498628,0.35570077878532574,494,0.0,0.20223304092619732,0.3567938180278695,572,38.7986254052039,0.9593305813362643,531.0,528.8811224998623,0.7013634038756793,330,db,0.573477938514061,0.8443824841957417,0.34525069778143475,3,248.25,1.9927785837215073e-14,0.9999999999705134,1.114278574641384e-27,0.9777721438338038,0.7572541694474412,0.00028520239132595344,0.1106984751598622,0.0003569507292498376,0.9999999997235067,2.0315811923854454e-05,4.745570603148508e-11,4.745570603148508e-11,3.9622027880881205e-11,,0.0,0.003126132840347795,7.585973278963461e-14,,,,,0.0,,0.0,1.0,0.0,1.4238426238064856e-13,1.4238426238064856e-13,1.0,0.30156916120420596,0.08604450842064879,1582,1.7098551424558734,0.7904406468201034,663,649.8311319104372,0.6594176457492468,1122.5,934.4017817371936,0.5355526383882503,1294,0.49117026184683504,0.8233619396015222,0.4091722348267588,4,971.5,,,,,,,,,,,,,1.338026874676007e-19,0.9999999999715827,1.114278574641384e-27,0.983876798314573,0.23409438678117653,0.0013281204094867402,0.083745449441541,1.0,0.0003569507292498376,0.9999999999999541,9.960751159770467e-05,3.843648489765261e-14,3.843648489765261e-14,3.2091408523615694e-14,,0.0,0.0,0.004567040150618456,7.054128794466933e-19,,,,,0.13043478260869565,,0.0,1.0,0.7209302325581395,4.770970844811595e-19,4.770970844811595e-19,1.0,0.42658033862811345,0.13286867808967343,1647,1.8416782926438482,0.8939677793274174,362,908.6322138247135,0.5754055075585451,1004.5,593.543056246889,0.5530064920970296,1527,1009.0473684210526,935.5,610.6543869996938,760,0.4758535102197843,0.8532293215616218,0.41093374637766444,5,1146.5
bior6.8,1.0,antisymmetric,2.935900832113183e-22,272.5699849220929,5169577.700624716,0.527027027027027,83.82363371357945,206,smoothed,1.3564847195879142e-11,-8.446126020811783e-11,6.280755471793769,56436.532028522626,0.990677721243687,0.00014966566451325592,0.9999999999999993,362.3999999999973,,,,[],[],11,426.59999999995597,32.19999999998433,728.3999999999277,"[9, 31, 53, 64, 80, 102, 131, 148, 158, 175, 192]","[310.9999999999477, 417.7999999999639, 589.5999999999475, 432.19999999992024, 728.3999999999277, 370.9999999999459, 586.9999999999909, 32.19999999998433, 448.1999999999722, 367.9999999999585, 407.19999999995684]","[0, 0, 0, 60, 0, 94, 120, 144, 144, 165, 186]","[20, 40, 75, 75, 205, 120, 205, 149, 205, 186, 205]",30736475.839999154,728.3999999999394,-728.3999999999394,0.0,,,,DWT,mdp.39015067403892,8.419156074523926e-07,,0.0,15.0,11.0,0.0,33.0,,6.059508450562134e-11,168.39999999995604,987.8000000004831,168.39999999996257,,0.0,168.39999999995604,,,27.99999999998434,0.0,15.0,7.23048287909478e-11,6.059508450562134e-11,,2.6716406864579767e-12,2.97512323083859e-11,8.592158477569883e-22,0.8003803414712117,0.21119721851491205,0.1514501174076366,0.0958575670425443,0.23208111222188166,,0.9999996510553099,4.36014139831594e-09,4.36014139831594e-09,3.639750155402271e-09,,2.8791285689258795e-11,0.9999999956398425,4.824679005420761e-11,,,,,,1.7959532310220337e-11,0.0,0.0,9.3152493138216e-11,9.3152493138216e-11,0.799999896929284,0.3007374854023772,894,0.7927273445586971,0.40244219748270277,538,0,0.16666663827804065,0.23713383799395435,894,0.0,0.21299519381256254,0.375781168467441,462,229.5822292774421,0.7593477680529956,697.0,638.9393923709954,0.5143699007979863,859,bior,0.8100315533562081,0.7923003667562746,0.1952878026237719,6,645.75,1.712107192217297e-11,0.9999999999708828,2.0776298638589053e-22,0.7919222429121501,0.7734706926687493,0.0003967406267284156,0.07866287339971545,0.002260449456962112,0.9999999997253561,2.031581164596563e-05,4.6960824118258415e-11,4.6960824118258415e-11,3.9201863977211815e-11,,2.8791285689258795e-11,0.0031261328404914024,4.824679005420761e-11,,,,,0.0,,8.333232588749908e-12,0.0,0.0,7.58908118488857e-11,7.58908118488857e-11,1.0,0.20156916127671853,0.057512244705530007,1694,1.5944563914242433,0.7370935174974053,1313,269.4076836320746,0.8588010043857051,1503.5,1479.362820086465,0.5354015504108819,1297,0.5943810304597339,0.7715092316736338,0.3524805091760961,5,974.0,,,,,,,,,,,,,1.1495734921210748e-16,0.9999999999719388,2.0776298638589053e-22,0.8490686812666732,0.2391074949453546,0.0013542027420310643,0.059509922586637454,0.9999999999999994,0.002260449456962112,0.9999999999999545,9.960751159749444e-05,3.803554693426747e-14,3.803554693426747e-14,3.175118588188974e-14,,0.0,2.249598792479414e-17,0.004567040150620702,4.486425913280969e-16,,,,,0.13043478260869565,,2.636615835995441e-19,0.7209302325581395,0.7209302325581395,2.54292746028458e-16,2.54292746028458e-16,1.0,0.3986733618839285,0.12417638082767593,1747,1.7543802064126996,0.8515924759971277,943,568.5138520739843,0.734339321460755,1345.0,1224.8483271375464,0.5529173242817793,1528,1104.4,1082.5,563.6960149978129,300,0.520820561188399,0.7876173146100969,0.3991404127850916,6,1147.5
db11,1.0,constant,6.136440804286093e-27,319.36823325131274,4965107.20285384,0.5530973451327433,69.50976272652085,206,smoothed,5.157996467913549e-14,-2.0712382919896342e-10,6.190495911615627,38363.44974234475,0.9882950951934071,0.00014966566451320274,0.9999999999999999,362.4000000000001,,,,[],[],11,426.6,32.19999999999999,728.4000000000002,"[9, 31, 53, 64, 80, 102, 131, 148, 158, 175, 192]","[311.0000000000001, 417.79999999999984, 589.6, 432.2, 728.4000000000002, 371.0, 586.9999999999998, 32.19999999999999, 448.2000000000001, 368.0, 407.2000000000003]","[1, 1, 1, 60, 1, 94, 120, 144, 144, 165, 186]","[20, 40, 75, 75, 204, 120, 204, 149, 204, 186, 204]",30736475.839999996,728.4000000000002,-728.4000000000002,0.0,,,,DWT,mdp.39015067403892,0.0,,0.0,15.0,11.0,0.0,33.0,,2.2737367544323206e-13,168.4000000000001,987.7999999999984,168.40000000000003,,0.0,168.4000000000001,,,28.0,0.0,33.0,2.2737367544323206e-13,2.2737367544323206e-13,,1.1368683772161603e-13,6.447703682929274e-14,1.3171016902796038e-26,0.9781862094034659,0.08100646230173322,0.06370060689026626,0.2749341488246115,0.08220405051470143,,0.999999664709775,4.4059791007223055e-09,4.4059791007223055e-09,3.6787269888316428e-09,,1.2251610931599486e-12,0.9999999955939887,1.5171946557926922e-13,,,,,,0.0,0.0,1.0,3.4954031196328703e-13,3.4954031196328703e-13,0.8999999009579607,0.3383296774354597,527,0.8021205399738238,0.40721082093210886,499,0,0.24999997273304367,0.3557007787825618,526,0.0,0.21143306827640618,0.37302515623654414,482,21.91650823770368,0.9770267209248389,508.5,507.7836438485823,0.7220039265001552,281,db,0.573477938514061,0.8443824841957417,0.34525069778143475,3,211.5,4.682433574683034e-14,0.9999999999705138,3.545674368419844e-27,0.9646183738516269,0.7422905424667174,0.00016687090860815893,0.22561714019562182,0.0008006601638843882,0.9999999997235074,2.0315811923354854e-05,4.745454029730922e-11,4.745454029730922e-11,3.962169481397382e-11,,1.2251610931599486e-12,0.0031261328403480726,1.5171946557926922e-13,,,,,0.0,,0.0,0.0,1.0,2.847685247612971e-13,2.847685247612971e-13,1.0,0.3015691612049126,0.0860445084208504,1359,1.7405668510230126,0.8046382137262055,337,722.6631303726516,0.6212457387984006,848.0,540.0742924528302,0.588400647176978,926,0.49117026184683504,0.8233619396015222,0.4091722348267588,4,695.5,,,,,,,,,,,,,3.143962913386424e-19,0.9999999999715831,3.545674368419844e-27,0.9743355773906728,0.2294685937206632,0.0013004495298859292,0.17068355079066508,0.9999999999999999,0.0008006601638843886,0.9999999999999541,9.960751159770423e-05,3.8435400695480126e-14,3.8435400695480126e-14,3.20911916831812e-14,,0.0,9.572760819061336e-19,0.00456704015061846,1.4108257588933865e-18,,,,,0.13043478260869565,,0.0,0.7209302325581395,1.0,9.54194168962319e-19,9.54194168962319e-19,1.0,0.42658033862811345,0.13286867808967343,1606,1.8685795524329545,0.907025901134486,121,1050.053570062023,0.5093207616532602,863.5,225.04458598726112,0.552908044378032,1529,1009.0473684210526,935.5,610.6543869996938,760,0.4758535102197843,0.8532293215616218,0.41093374637766444,5,1148.0
bior6.8,1.0,antireflect,2.876547333529444e-22,272.6586834951835,5228869.632200832,0.5225225225225225,88.55885200897143,206,smoothed,1.3419112112983254e-11,-8.444569488131244e-11,6.3024865677234985,61237.30584086227,0.9911524870191294,0.00014966566451325714,0.9999999999999999,362.3999999999973,,,,[],[],11,426.59999999995705,32.19999999998433,728.3999999999394,"[9, 31, 53, 64, 80, 102, 131, 148, 158, 175, 192]","[310.9999999999477, 417.7999999999639, 589.5999999999475, 432.19999999992024, 728.3999999999394, 370.9999999999459, 586.9999999999909, 32.19999999998433, 448.1999999999722, 367.9999999999585, 407.19999999995684]","[0, 0, 0, 60, 0, 94, 120, 144, 144, 165, 186]","[20, 40, 75, 75, 205, 120, 205, 149, 205, 186, 205]",30736475.839999154,728.3999999999394,-728.3999999999394,0.0,,,,DWT,mdp.39015067403892,8.419156074523926e-07,,0.0,15.0,11.0,0.0,33.0,,6.059508450562134e-11,168.39999999995712,987.8000000004713,168.39999999996257,,0.0,168.39999999995712,,,27.99999999998434,0.0,15.0,6.059508450562134e-11,6.059508450562134e-11,,2.6716406864579767e-12,2.943107274472233e-11,8.418454549211362e-22,0.8007173439731383,0.24254223955034374,0.1768955387772454,0.0649162004655208,0.2718931299796124,,0.9999996510553099,4.361265161342676e-09,4.361265161342676e-09,3.639750155402271e-09,,2.8791285689258795e-11,0.9999999956387241,4.0433237576875246e-11,,,,,,1.7959532310220337e-11,0.0,0.0,9.3152493138216e-11,9.3152493138216e-11,0.7999998969254923,0.3007374854009519,895,0.8248730277345602,0.4187615277867165,426,0,0.16666663827748363,0.23713383799316182,895,0.0,0.22242349325361316,0.39241524042559406,391,281.24411104945824,0.7051948521494149,651.75,560.255518172175,0.5110093757602421,870,bior,0.8100315533562081,0.7923003667562746,0.1952878026237719,6,654.0,1.6936933116596208e-11,0.9999999999708913,2.035627398105324e-22,0.7922495607272281,0.7809776961795845,0.0004633977716309535,0.05327169274537713,0.0026482149802287813,0.9999999997253564,2.031581164596563e-05,4.69728700380756e-11,4.69728700380756e-11,3.9201863977211815e-11,,2.8791285689258795e-11,0.003126132840487905,4.0433237576875246e-11,,,,,0.0,,8.333232588749908e-12,0.0,0.0,7.58908118488857e-11,7.58908118488857e-11,1.0,0.20156916127281724,0.057512244704416876,1696,1.588438246388678,0.7343114183964622,1347,246.7802666341051,0.8706602376131525,1521.5,1501.486690765692,0.5366141858925302,1288,0.5943810304597339,0.7715092316736338,0.3524805091760961,5,967.25,,,,,,,,,,,,,1.1372097166095815e-16,0.9999999999719471,2.035627398105324e-22,0.8493061045749886,0.2414281786131849,0.0013697899871899098,0.04030102352386228,0.9999999999999999,0.0026482149802287813,0.9999999999999545,9.960751159749444e-05,3.804541317403709e-14,3.804541317403709e-14,3.175118588188974e-14,,0.0,2.249598792479414e-17,0.0045670401506206475,3.759850647450875e-16,,,,,0.13043478260869565,,2.636615835995441e-19,0.7209302325581395,0.7209302325581395,2.54292746028458e-16,2.54292746028458e-16,1.0,0.3986733618839284,0.1241763808276759,1754,1.7481623424383828,0.8485742669692631,980,547.3006486383878,0.7442520333465478,1367.0,1257.43964886613,0.552733493308788,1530,1104.4,1082.5,563.6960149978129,300,0.520820561188399,0.7876173146100969,0.3991404127850916,6,1149.0
sym4,1.0,antisymmetric,1.753122636036327e-20,257.033669495337,5963497.939685558,0.6226415094339622,285.9018395316219,206,raw,1.0518488776849983e-10,-1.7993906372977155e-10,6.36390959983835,68235.49303418692,0.7753091417075576,5.618943883685312e-06,1.0,326.999999999936,,,,[],[],13,661.1538461540838,87.00000000004925,940.0000000002987,"[8, 32, 51, 63, 81, 100, 111, 133, 152, 162, 175, 192, 204]","[878.0000000000183, 638.0000000004583, 787.000000000462, 792.0000000002874, 940.0000000002987, 788.0000000001833, 637.0000000002992, 675.0000000001833, 771.000000000165, 196.00000000026546, 834.000000000385, 572.0000000000346, 87.00000000004925]","[0, 13, 42, 42, 76, 99, 107, 107, 107, 161, 164, 187, 203]","[76, 42, 61, 76, 205, 164, 119, 142, 164, 164, 205, 205, 205]",37754613.00000733,941.0000000001068,-941.0000000001068,0.0,,,,DWT,mdp.39015067403892,7.331371307373047e-06,,0.0,33.0,19.0,0.0,28.5,,1.0675194062059745e-10,256.3413461540838,4358.999999996911,256.3413461540838,,0.0,256.3413461540838,,,84.00000000004925,0.0,28.5,2.986553226946853e-10,1.0675194062059745e-10,,6.400568963726982e-11,1.3288458268909626e-10,1.2406255824719168e-20,0.7345897217378308,0.8021962725101734,0.0002560664184485625,0.4912398921832882,0.0008497785511373246,0.9999999997239172,0.4742280246688182,6.879963009375742e-09,6.879963009375742e-09,6.2659965897581485e-09,,3.219544143379721e-09,0.9999999931200437,3.576125572280296e-10,,,,,,7.256549440114964e-11,1.0,1.0,1.3369882237542902e-10,1.3369882237542902e-10,0.8422684118467846,0.27536483446014276,39,1.4388158707302119,0.6910681352683163,736,0,0.28951900347765874,0.3459225100018582,39,0.0,0.37864146640721,0.6877441763750215,692,390.12519358106914,0.5910637383846236,376.5,73.95651931089178,0.5982048251671546,549,sym,0.8243425715244881,0.7368036147090654,0.2019191155201387,6,413.25,1.3288458268909626e-10,0.00015478832993165437,1.2406255824719168e-20,0.7345897217378308,0.8021962725101736,0.001289281230641775,0.6176266137040713,0.003213468796595344,0.9999999997239171,0.9919828214570741,0.9855281704479095,0.9855281704479095,0.9855281704477974,,6.897656954490511e-10,0.9999999999658469,1.9928351803837013e-10,,,,,1.0,,7.256549440114964e-11,1.0,0.75,1.3369882237542902e-10,1.3369882237542902e-10,0.0,2.259570200357418,0.6447065288617093,43,1.4908790793417845,0.6892112638927206,1602,1102.3794718698275,0.42223298120030006,822.5,83.75197568389058,0.4955766583150347,1560,0.7763846615972358,0.5622554397616224,0.28785410495344815,6,1171.5,,,,,,,,,,,,,8.922373229045351e-16,0.03641360043838464,1.2406255824719168e-20,0.8074819535536626,0.24798760055483407,0.0015629162899599943,0.46724598759837943,1.0,0.0032134687965953436,0.9999999999999543,0.0008499884728397822,0.0007982210227422828,0.0007982210227422828,0.0007982210227359441,,0.0,5.389464341131534e-16,0.020163910573035532,1.853119634306463e-15,,,,,0.4782608695652174,,2.2959557368314286e-18,1.0,0.9302325581395349,4.479941623278088e-16,4.479941623278088e-16,0.9302325581395349,0.5814294660167847,0.18110015290550835,211,1.6083722932440818,0.7807188763999903,1623,998.4347750354051,0.5334416939086892,917.0,373.4492911668484,0.5524685105057465,1531,1409.1368421052632,1454.5,398.32527672708756,380,0.6645304607900322,0.5565550872278735,0.3678621512786154,7,1150.0
sym7,1.0,antireflect,2.5828815731211324e-21,263.12635380313674,5097477.429698528,0.5321100917431193,95.54947628068332,206,smoothed,3.953512382627062e-11,-2.0176107451509418e-10,6.266263111205503,50708.997736037956,0.9888289240346562,0.00014966566451341765,1.0,362.4000000000008,,,,[],[],11,426.59999999996313,32.19999999993033,728.399999999896,"[9, 31, 53, 64, 80, 102, 131, 148, 158, 175, 192]","[310.99999999992644, 417.79999999992253, 589.5999999998764, 432.2000000000452, 728.399999999896, 370.99999999997056, 587.0000000000175, 32.19999999993033, 448.2000000000134, 368.00000000001705, 407.19999999997924]","[0, 0, 0, 60, 0, 94, 120, 144, 144, 165, 186]","[20, 40, 75, 75, 205, 120, 205, 149, 205, 186, 205]",30736475.84000043,728.399999999896,-728.399999999896,0.0,,,,DWT,mdp.39015067403892,4.3213367462158203e-07,,0.0,15.0,11.0,0.0,33.0,,1.0402345651527867e-10,168.3999999999632,987.800000000404,168.3999999999726,,0.0,168.3999999999632,,,27.99999999993034,0.0,15.0,1.0402345651527867e-10,1.0402345651527867e-10,,7.958078640513122e-13,8.680429234711596e-11,7.559055527704918e-21,0.7645000876692841,0.1902933787379784,0.12050793479001334,0.13077305409735157,0.18458362413479248,,0.9999996039709471,4.367593721545878e-09,4.367593721545878e-09,3.6501893224740224e-09,,8.57612765211964e-12,0.9999999956323579,6.941165550251566e-11,,,,,,9.218167026484775e-12,0.0,0.0,1.5991469272320382e-10,1.5991469272320382e-10,0.799999882830645,0.30073748010239004,939,0.7402433806844652,0.37579777566588385,694,0,0.1666666343663098,0.23713383242833092,939,0.0,0.1986654399308892,0.35049960431043575,592,175.89580248923886,0.8156228485437748,791.0,760.4509488727361,0.49324119366392094,919,sym,1.0,1.0,0.0,7,691.0,4.9934966999411364e-11,0.9999999999720055,1.8278172325436e-21,0.7570731061498007,0.7684643090897436,0.00031568409713181365,0.10731530661516214,0.001797828134073596,0.9999999997235882,2.0315810689341962e-05,4.704103773178758e-11,4.704103773178758e-11,3.931421854730388e-11,,8.57612765211964e-12,0.0031261328404679767,6.941165550251566e-11,,,,,0.0,,4.277234426084024e-12,0.0,0.0,1.3028160007829345e-10,1.3028160007829345e-10,1.0,0.20156916129670485,0.057512244711232556,1681,1.58227911407903,0.7314641429718924,1367,222.03152929257593,0.883631273955673,1524.0,1507.8261154855643,0.5424445677954466,1249,0.7763846615972358,0.5622554397616224,0.28785410495344815,6,938.25,,,,,,,,,,,,,3.352822454890919e-16,0.9999999999730207,1.8278172325436e-21,0.8237905052526999,0.23755984246458467,0.0013352483148590818,0.08118601969417333,1.0,0.001797828134073596,0.9999999999999541,9.960751159677084e-05,3.81005990646166e-14,3.81005990646166e-14,3.1842258864378525e-14,,0.0,6.700932573342936e-18,0.004567040150620336,6.454527846937244e-16,,,,,0.13043478260869565,,1.3533072432542974e-19,0.7209302325581395,0.7209302325581395,4.3654383230026085e-16,4.3654383230026085e-16,1.0,0.39867336188392827,0.12417638082767586,1756,1.7469153876645285,0.8479689835196199,983,546.5935418572012,0.7445824570760742,1369.5,1260.4220518437387,0.5523145930240184,1532,1409.1368421052632,1454.5,398.32527672708756,380,0.6645304607900322,0.5565550872278735,0.3678621512786154,7,1150.75
rbio6.8,1.0,antisymmetric,2.9375092493439203e-22,272.5676063149952,5139647.2532072645,0.527027027027027,94.97125064949687,206,smoothed,1.3566778768364703e-11,-8.741927182154766e-11,6.292329362781791,55910.388252458884,0.988861644058882,0.00014966566451325592,0.9999999999999996,362.39999999999736,,,,[],[],11,426.59999999995586,32.199999999984385,728.3999999999274,"[9, 31, 53, 64, 80, 102, 131, 148, 158, 175, 192]","[310.9999999999477, 417.7999999999639, 589.5999999999474, 432.19999999992024, 728.3999999999274, 370.9999999999459, 586.9999999999909, 32.199999999984385, 448.19999999997225, 367.99999999995856, 407.1999999999566]","[0, 0, 0, 60, 0, 94, 120, 144, 144, 165, 186]","[20, 40, 75, 75, 205, 120, 205, 149, 205, 186, 205]",30736475.839999154,728.3999999999392,-728.3999999999392,0.0,,,,DWT,mdp.39015067403892,8.419156074523926e-07,,0.0,15.0,11.0,0.0,33.0,,6.082245818106458e-11,168.39999999995592,987.800000000484,168.39999999996252,,0.0,168.39999999995592,,,27.999999999984396,0.0,15.0,7.253220246639103e-11,6.082245818106458e-11,,2.6147972675971687e-12,2.975547570257674e-11,8.596865670879211e-22,0.8003713041607445,0.22789144588634597,0.1386053200452793,0.0958575670425443,0.2277178895051753,,0.9999996511048723,4.360023107471021e-09,4.360023107471021e-09,3.6396910099797684e-09,,2.817870514267882e-11,0.9999999956399285,4.8398509519786876e-11,,,,,,1.7959532310220337e-11,0.0,0.0,9.350203345017927e-11,9.350203345017927e-11,0.7999998969440163,0.30073748540791545,888,0.7929013480902738,0.4025305334838489,537,0,0.16666663828217324,0.2371338379998342,888,0.0,0.2129205038099779,0.37564939508823136,466,225.02055461668385,0.7641293976764321,694.75,638.9396268405662,0.5179399608927233,835,rbio,0.7685897546424816,0.816051598246696,0.21717169227625407,5,627.5,1.712351249751906e-11,0.9999999999708828,2.0787680863944512e-22,0.7919134653134693,0.7774688914048857,0.00036309223448567597,0.07866287339971545,0.0022179520545403493,0.9999999997253115,2.031581164690932e-05,4.6959547361780096e-11,4.6959547361780096e-11,3.920119784339704e-11,,2.817870514267882e-11,0.00312613284049168,4.8398509519786876e-11,,,,,0.0,,8.333232588749908e-12,0.0,0.0,7.617558037364698e-11,7.617558037364698e-11,1.0,0.20156916127660146,0.0575122447054966,1695,1.596416401075996,0.7379996008599291,1301,278.6000717874997,0.8539831908870547,1498.0,1472.092790387183,0.5344339434519131,1301,0.3888041033402703,1.0,0.4278371276618108,3,976.5,,,,,,,,,,,,,1.1497373615759864e-16,0.9999999999719388,2.0787680863944512e-22,0.8490623143461395,0.24034348138046147,0.001346334332127588,0.059509922586637454,0.9999999999999997,0.0022179520545403493,0.9999999999999545,9.96075115974952e-05,3.803446273209499e-14,3.803446273209499e-14,3.17506437808035e-14,,0.0,2.2017349883841074e-17,0.0045670401506207065,4.500534170869904e-16,,,,,0.13043478260869565,,2.636615835995441e-19,0.7209302325581395,0.7209302325581395,2.5524694019742034e-16,2.5524694019742034e-16,1.0,0.3986733618839285,0.12417638082767593,1749,1.7549734463120128,0.8518804401641137,942,570.6351724175438,0.7333480502721759,1345.5,1224.494983277592,0.5523048662575832,1533,818.67,599.5,715.6978453131971,300,0.38607403914171184,1.0,0.42974817260080167,3,1150.5
rbio6.8,1.0,antireflect,2.878058081113094e-22,272.65640320207234,5197129.688506046,0.5225225225225225,98.75638527243264,206,smoothed,1.3421041369942443e-11,-8.751488422842817e-11,6.312923904614961,60598.79534748195,0.9893480767703453,0.00014966566451325708,0.9999999999999996,362.39999999999736,,,,[],[],11,426.59999999995705,32.199999999984385,728.3999999999392,"[9, 31, 53, 64, 80, 102, 131, 148, 158, 175, 192]","[310.9999999999478, 417.7999999999639, 589.5999999999474, 432.19999999992024, 728.3999999999392, 370.9999999999459, 586.9999999999909, 32.199999999984385, 448.19999999997225, 367.99999999995856, 407.1999999999566]","[0, 0, 0, 60, 0, 94, 120, 144, 144, 165, 186]","[20, 40, 75, 75, 205, 120, 205, 149, 205, 186, 205]",30736475.83999916,728.3999999999392,-728.3999999999392,0.0,,,,DWT,mdp.39015067403892,8.344650268554688e-07,,0.0,15.0,11.0,0.0,33.0,,6.082245818106458e-11,168.39999999995712,987.8000000004713,168.39999999996255,,0.0,168.39999999995712,,,27.999999999984396,0.0,15.0,6.082245818106458e-11,6.082245818106458e-11,,2.6147972675971687e-12,2.943531105202607e-11,8.422875902565417e-22,0.8007086801980987,0.2575970966764958,0.16327418726966858,0.0649162004655208,0.26659806878851533,,0.9999996511048723,4.361265161342676e-09,4.361265161342676e-09,3.63972058269102e-09,,2.817870514267882e-11,0.9999999956387241,4.058495704245451e-11,,,,,,1.78005983959706e-11,0.0,0.0,9.350203345017927e-11,9.350203345017927e-11,0.7999998969401819,0.300737485406474,889,0.8234665578023864,0.41804750820093767,432,0,0.16666663828161793,0.2371338379990441,889,0.0,0.22187060477539067,0.3914397955122151,394,275.25624425251465,0.7114714420833179,651.0,563.1736789705321,0.5145407524881999,857,rbio,0.7685897546424816,0.816051598246696,0.21717169227625407,5,644.0,1.693937076623456e-11,0.9999999999708911,2.0366965031312905e-22,0.7922411459294149,0.7845832724902014,0.00042771510841149545,0.05327169274537713,0.002596641553682319,0.9999999997253101,2.031581164690932e-05,4.69728700380756e-11,4.69728700380756e-11,3.920153091030443e-11,,2.817870514267882e-11,0.003126132840487905,4.058495704245451e-11,,,,,0.0,,8.259487167610529e-12,0.0,0.0,7.617558037364698e-11,7.617558037364698e-11,1.0,0.20156916127266403,0.05751224470437317,1697,1.590197514963052,0.7351247021392365,1332,258.0939751330898,0.8647306209994288,1514.5,1492.5084186200065,0.535483759137031,1295,0.3888041033402703,1.0,0.4278371276618108,3,972.0,,,,,,,,,,,,,1.137373389621415e-16,0.9999999999719467,2.0366965031312905e-22,0.8493000008157564,0.2425427913937821,0.0013614458791376455,0.04030102352386228,0.9999999999999997,0.002596641553682319,0.9999999999999545,9.96075115974952e-05,3.804541317403709e-14,3.804541317403709e-14,3.1750860621238e-14,,0.0,2.2017349883841074e-17,0.0045670401506206475,3.773958905039809e-16,,,,,0.13043478260869565,,2.613282952491057e-19,0.7209302325581395,0.7209302325581395,2.5524694019742034e-16,2.5524694019742034e-16,1.0,0.3986733618839284,0.1241763808276759,1755,1.7486911851484974,0.8488309721414221,976,550.8361825443205,0.7425999146989156,1365.5,1254.3976565360672,0.5522579012746914,1534,818.67,599.5,715.6978453131971,300,0.38607403914171184,1.0,0.42974817260080167,3,1151.25
coif15,1.0,zero,2.3099516932806549e-26,313.6113697641467,4961013.154469083,0.5578231292517006,31.642748349106387,206,smoothed,1.0508961554257692e-13,-1.9893870994991437e-10,6.19560458377566,46850.06150400296,0.9920297111726939,0.00014966566451320295,0.9999999999999997,362.40000000000003,,,,[],[],11,426.6,32.20000000000013,728.3999999999994,"[9, 31, 53, 64, 80, 102, 131, 148, 158, 175, 192]","[310.9999999999998, 417.80000000000007, 589.5999999999998, 432.20000000000016, 728.3999999999994, 371.0000000000001, 587.0000000000001, 32.20000000000013, 448.20000000000016, 368.00000000000006, 407.1999999999997]","[0, 0, 0, 60, 0, 94, 120, 144, 144, 165, 186]","[20, 40, 75, 75, 203, 120, 203, 149, 203, 186, 203]",30736475.839999996,728.3999999999994,-728.3999999999994,0.0,,,,DWT,mdp.39015067403892,0.0,,0.0,33.0,11.0,0.0,33.0,,5.684341886080801e-13,168.4000000000001,987.7999999999984,168.4,,0.0,168.4000000000001,,,28.000000000000142,0.0,15.0,5.684341886080801e-13,5.684341886080801e-13,,5.684341886080802e-14,1.82030244552571e-13,6.281514961405513e-26,0.956313508064259,0.08837523177554035,0.061943626075364515,0.3073954813956663,0.15258210858726956,,0.9999996648336812,4.4059791007223055e-09,4.4059791007223055e-09,3.6786974161203912e-09,,6.125805465799743e-13,0.9999999955939887,3.7929866394817307e-13,,,,,,0.0,1.0,0.0,8.738507799082175e-13,8.738507799082175e-13,0.8999999009951408,0.33832967744943654,336,0.8329385697572368,0.42285614427468693,406,0,0.24999997274342206,0.3557007787973282,336,0.0,0.22380142227118313,0.3948462801454072,368,33.28162656281491,0.9651135989907601,361.5,359.29779559118236,0.7930913906903485,160,coif,0.5556920286951962,0.9053407607371553,0.33941335169221604,4,121.0,1.144347079443235e-13,0.9999999999705151,1.5549870265286016e-26,0.9433742442939064,0.7440553324232427,0.00016226829963310123,0.2522556390977443,0.0014861362098630463,0.9999999997236307,2.0315811925852856e-05,4.745454029730922e-11,4.745454029730922e-11,3.962136174706643e-11,,6.125805465799743e-13,0.0031261328403480726,3.7929866394817307e-13,,,,,0.0,,0.0,1.0,0.0,7.119213119032428e-13,7.119213119032428e-13,1.0,0.30156916120489163,0.08604450842084442,1376,1.7396300569414658,0.8042051477305144,348,726.9057710597708,0.6190221325682543,862.0,555.508120649652,0.5836200809591796,957,0.4784248188775415,0.776734912893196,0.43208215291776214,2,718.25,,,,,,,,,,,,,7.683578892104502e-19,0.9999999999715845,1.5549870265286016e-26,0.9589259318121948,0.2300141535067147,0.001299373246247177,0.190836069240306,0.9999999999999997,0.0014861362098630463,0.9999999999999541,9.960751159770619e-05,3.8435400695480126e-14,3.8435400695480126e-14,3.209086642252945e-14,,0.0,4.786380409530668e-19,0.00456704015061846,3.5270643972334666e-18,,,,,0.13043478260869565,,0.0,1.0,0.7209302325581395,2.3854854224057974e-18,2.3854854224057974e-18,1.0,0.42658033862811345,0.13286867808967343,1611,1.8679412046353223,0.906716041173945,128,1048.63935649965,0.509981609112313,869.5,237.15698677400806,0.5518365989486799,1535,986.6382352941176,846.0,585.0035688138154,340,0.4652856568234462,0.8173890317607586,0.42908333069536003,4,1152.25
sym14,1.0,constant,6.247046516167804e-22,269.2906513448515,4962452.894751303,0.5560344827586207,66.14098608649613,206,smoothed,2.0393218936628152e-11,4.3167869278901064e-11,6.1938070732134705,39831.123923897045,0.9882078348425049,0.00014966566451327622,0.9999999999999997,362.39999999999657,,,,[],[],11,426.59999999993124,32.199999999980236,728.3999999998864,"[9, 31, 53, 64, 80, 102, 131, 148, 158, 175, 192]","[310.99999999992195, 417.79999999993817, 589.5999999999189, 432.1999999998869, 728.3999999998864, 370.99999999991917, 586.9999999999735, 32.199999999980236, 448.19999999994985, 367.9999999999348, 407.19999999993405]","[0, 0, 0, 60, 0, 94, 120, 144, 144, 165, 186]","[20, 40, 75, 75, 205, 120, 205, 149, 205, 186, 205]",30736475.83999856,728.3999999999126,-728.3999999999126,0.0,,,,DWT,mdp.39015067403892,1.4379620552062988e-06,,0.0,15.0,11.0,0.0,33.0,,8.742517820792273e-11,168.3999999999313,987.8000000007551,168.3999999999416,,0.0,168.3999999999313,,,27.999999999980247,0.0,15.0,1.1357315088389441e-10,8.742517820792273e-11,,3.410605131648481e-12,4.475220855658725e-11,1.8282556287501642e-21,0.7879207992071753,0.08578249523959029,0.06256149763343398,0.29510929836182714,0.0943752280920193,,0.9999996474868108,4.3344131395459155e-09,4.3344131395459155e-09,3.617925494498723e-09,,3.6754832794798456e-11,0.9999999956655654,7.578387305684498e-11,,,,,,3.0674245450199333e-11,0.0,0.0,1.3439824994988387e-10,1.3439824994988387e-10,0.7999998958902171,0.3007374850117693,905,0.7027182865557815,0.35674749129566363,796,0,0.16666663798759473,0.23713383758070694,905,0.0,0.18939275979697123,0.33414008692801583,698,99.60923651951158,0.8955878023904491,826.0,816.5113429784443,0.5148798550736313,855,sym,1.0,1.0,0.0,7,643.0,2.5748838081086625e-11,0.9999999999710238,4.420815800967676e-22,0.7798207596073593,0.7434343826954999,0.00016388688371465963,0.24217332123411983,0.0009192063544030482,0.9999999997272797,2.0315811573412557e-05,4.6683712451311976e-11,4.6683712451311976e-11,3.896682976289867e-11,,3.6754832794798456e-11,0.0031261328405717825,7.578387305684498e-11,,,,,0.0,,1.4232866279900286e-11,0.0,0.0,1.0949349777071875e-10,1.0949349777071875e-10,1.0,0.2015691613106414,0.057512244715208966,1674,1.6369286014793756,0.7567277896379322,1162,362.03867196751236,0.8102522683608426,1418.0,1371.7827926657264,0.5335328427758091,1311,0.7763846615972358,0.5622554397616224,0.28785410495344815,6,984.75,,,,,,,,,,,,,1.728874327815923e-16,0.9999999999720746,4.420815800967676e-22,0.8402907471934495,0.2298221957049584,0.0012997517393093438,0.1832086087926136,0.9999999999999997,0.000919206354403048,0.9999999999999548,9.960751159743958e-05,3.781111708456297e-14,3.781111708456297e-14,3.156079998040129e-14,,0.0,2.871828245718401e-17,0.004567040150621961,7.047074665672467e-16,,,,,0.13043478260869565,,4.503246516346196e-19,0.7209302325581395,0.7209302325581395,3.668876579660116e-16,3.668876579660116e-16,1.0,0.39867336188392904,0.1241763808276761,1735,1.7933865480886144,0.8705265171849864,839,633.5676759431466,0.703940338344324,1287.0,1131.052836052836,0.5512692345927228,1536,1409.1368421052632,1454.5,398.32527672708756,380,0.6645304607900322,0.5565550872278735,0.3678621512786154,7,1153.75
sym14,1.0,smooth,6.247046516167804e-22,269.2906513448515,4962452.894751303,0.5560344827586207,66.14098608649613,206,smoothed,2.0393218936628152e-11,4.3167869278901064e-11,6.1938070732134705,39831.123923897045,0.9882078348425049,0.00014966566451327622,0.9999999999999997,362.39999999999657,,,,[],[],11,426.59999999993124,32.199999999980236,728.3999999998864,"[9, 31, 53, 64, 80, 102, 131, 148, 158, 175, 192]","[310.99999999992195, 417.79999999993817, 589.5999999999189, 432.1999999998869, 728.3999999998864, 370.99999999991917, 586.9999999999735, 32.199999999980236, 448.19999999994985, 367.9999999999348, 407.19999999993405]","[0, 0, 0, 60, 0, 94, 120, 144, 144, 165, 186]","[20, 40, 75, 75, 205, 120, 205, 149, 205, 186, 205]",30736475.83999856,728.3999999999126,-728.3999999999126,0.0,,,,DWT,mdp.39015067403892,1.4379620552062988e-06,,0.0,15.0,11.0,0.0,33.0,,8.742517820792273e-11,168.3999999999313,987.8000000007551,168.3999999999416,,0.0,168.3999999999313,,,27.999999999980247,0.0,15.0,1.1357315088389441e-10,8.742517820792273e-11,,3.410605131648481e-12,4.475220855658725e-11,1.8282556287501642e-21,0.7879207992071753,0.08578249523959029,0.06256149763343398,0.29510929836182714,0.0943752280920193,,0.9999996474868108,4.3344131395459155e-09,4.3344131395459155e-09,3.617925494498723e-09,,3.6754832794798456e-11,0.9999999956655654,7.578387305684498e-11,,,,,,3.0674245450199333e-11,0.0,0.0,1.3439824994988387e-10,1.3439824994988387e-10,0.7999998958902171,0.3007374850117693,906,0.7027182865557815,0.35674749129566363,797,0,0.16666663798759473,0.23713383758070694,906,0.0,0.18939275979697123,0.33414008692801583,696,100.89722493706158,0.894237709709579,826.25,816.4944498192993,0.5140737814795275,860,sym,1.0,1.0,0.0,7,646.75,2.5748838081086625e-11,0.9999999999710238,4.420815800967676e-22,0.7798207596073593,0.7434343826954999,0.00016388688371465963,0.24217332123411983,0.0009192063544030482,0.9999999997272797,2.0315811573412557e-05,4.6683712451311976e-11,4.6683712451311976e-11,3.896682976289867e-11,,3.6754832794798456e-11,0.0031261328405717825,7.578387305684498e-11,,,,,0.0,,1.4232866279900286e-11,0.0,0.0,1.0949349777071875e-10,1.0949349777071875e-10,1.0,0.2015691613106414,0.057512244715208966,1673,1.6369286014793756,0.7567277896379322,1160,362.74577874869885,0.8098816673224849,1416.5,1370.0529474055772,0.5337406240176366,1308,0.7763846615972358,0.5622554397616224,0.28785410495344815,6,982.5,,,,,,,,,,,,,1.728874327815923e-16,0.9999999999720746,4.420815800967676e-22,0.8402907471934495,0.2298221957049584,0.0012997517393093438,0.1832086087926136,0.9999999999999997,0.000919206354403048,0.9999999999999548,9.960751159743958e-05,3.781111708456297e-14,3.781111708456297e-14,3.156079998040129e-14,,0.0,2.871828245718401e-17,0.004567040150621961,7.047074665672467e-16,,,,,0.13043478260869565,,4.503246516346196e-19,0.7209302325581395,0.7209302325581395,3.668876579660116e-16,3.668876579660116e-16,1.0,0.39867336188392904,0.1241763808276761,1736,1.7933865480886144,0.8705265171849864,838,634.9818895055197,0.7032794908852712,1287.0,1130.3558663558663,0.5509388108631963,1537,1409.1368421052632,1454.5,398.32527672708756,380,0.6645304607900322,0.5565550872278735,0.3678621512786154,7,1154.5
bior1.3,,,,12.999085692425696,93166.10559659397,0.7330097087378641,55.45805957934157,206,smoothed,142.5934062088923,,7.226663072300448,92028.20750624473,1.0,7.686119029677939e-05,0.999519909615284,515.0035464076923,,,,[],[],11,619.7662372230783,41.63091174235802,1056.258432066935,"[9, 31, 53, 64, 80, 102, 131, 148, 158, 175, 200]","[444.18680227185945, 598.4067912486456, 849.853962638582, 651.4044444985773, 1056.258432066935, 545.3384273205953, 832.3177144651556, 41.63091174235802, 653.8086075546115, 541.6614720584251, 602.5610435881165]","[1, 1, 1, 60, 1, 94, 120, 144, 144, 170, 186]","[20, 39, 75, 75, 204, 120, 204, 149, 204, 186, 204]",62124157.504999995,1051.1319079033326,-1051.1319079033326,0.0,,,,SWT,mdp.39015067403892,31387681.665,,0.0,10.5,11.0,0.0,33.0,,322.7319079033326,361.56623722307836,1137.0286094538624,361.56623722307836,,0.0,361.56623722307836,,,37.430911742358035,0.0,28.5,327.85843206693505,322.7319079033326,,152.6035464076923,0.18358350602100815,,0.9529909928573738,0.25907475972179794,0.1334831755018577,0.9999999999999999,0.5324876407254933,,0.040989102362046836,0.6700524546617324,0.6700524546617324,0.6696339818315923,,0.3944246635926526,0.3685773655482307,0.5508191718396078,,,,,,0.6304906647050812,0.55,0.909090909090909,0.49401855616326995,0.49401855616326995,2.4308908442723163,0.7803616062391845,11,2.04476900631577,0.7794625599541496,3,0,0.5461445253746751,0.9004293131128667,3,0.0,0.5946453448307292,0.7871226864746059,4,3.8622100754188224,0.9635640558922752,5.25,3.9699248120300754,0.9570178770027413,3,bior,0.37456811101670917,0.7330437326379493,0.5178892024969188,1,2.5,0.018861770875877933,0.8568289143313157,,0.8317967263272128,0.37920029554577744,0.022763663100316495,0.9142857142857143,0.07838599837136573,,0.025767043731140485,0.22427815860265868,0.22427815860265868,0.22394912498734396,,0.3296093154903125,0.27662434742758985,0.13612875244560443,,,,,0.25,,0.14982397196182823,0.6186440677966101,0.9237288135593221,0.16117218655991897,0.16117218655991897,0.9999999999999998,1.1742811021993689,0.3853577481045156,113,1.7596860247344759,0.905080864823656,30,58.68986283848344,0.7231610243467762,71.5,47.41258741258741,0.69294843670169,71,0.5170065075921908,0.6634325577032603,0.4390656773744883,2,53.75,,,0.9996252974752784,0.75,1.0,0.6959173863430239,0.999625297475278,1.0,False,False,0.0,0.0,0.0012097244045521942,0.5129816154257608,,0.15426402443694742,0.34012183526535933,1.966581676106729e-05,0.9378974428358815,0.9996252974752781,0.005135241147852128,,0.00022597852264437564,0.0017533203456003676,0.0017533203456003676,0.0017533203455940348,,0.0,0.0012849660340438923,0.005257446915263551,0.0020343213449347335,,,,,0.13043478260869565,,9.829638244092343e-06,0.6511627906976745,0.9302325581395349,0.0013543736057357665,0.0013543736057357665,1.0,0.4167942612035684,0.12982056955456334,1691,1.1939497597359274,0.5795543225996203,1884,136.47160876900367,0.9362282202014002,1787.5,1782.2903496503495,0.5504739231848123,1538,1104.4,1082.5,563.6960149978129,300,0.520820561188399,0.7876173146100969,0.3991404127850916,6,1155.0
sym14,1.0,zero,6.247046516167804e-22,269.2906513448515,4962452.894751303,0.5560344827586207,66.14098608649613,206,smoothed,2.0393218936628152e-11,4.3167869278901064e-11,6.1938070732134705,39831.123923897045,0.9882078348425049,0.00014966566451327622,0.9999999999999997,362.39999999999657,,,,[],[],11,426.59999999993124,32.199999999980236,728.3999999998864,"[9, 31, 53, 64, 80, 102, 131, 148, 158, 175, 192]","[310.99999999992195, 417.79999999993817, 589.5999999999189, 432.1999999998869, 728.3999999998864, 370.99999999991917, 586.9999999999735, 32.199999999980236, 448.19999999994985, 367.9999999999348, 407.19999999993405]","[0, 0, 0, 60, 0, 94, 120, 144, 144, 165, 186]","[20, 40, 75, 75, 205, 120, 205, 149, 205, 186, 205]",30736475.83999856,728.3999999999126,-728.3999999999126,0.0,,,,DWT,mdp.39015067403892,1.4379620552062988e-06,,0.0,15.0,11.0,0.0,33.0,,8.742517820792273e-11,168.3999999999313,987.8000000007551,168.3999999999416,,0.0,168.3999999999313,,,27.999999999980247,0.0,15.0,1.1357315088389441e-10,8.742517820792273e-11,,3.410605131648481e-12,4.475220855658725e-11,1.8282556287501642e-21,0.7879207992071753,0.08578249523959029,0.06256149763343398,0.29510929836182714,0.0943752280920193,,0.9999996474868108,4.3344131395459155e-09,4.3344131395459155e-09,3.617925494498723e-09,,3.6754832794798456e-11,0.9999999956655654,7.578387305684498e-11,,,,,,3.0674245450199333e-11,0.0,0.0,1.3439824994988387e-10,1.3439824994988387e-10,0.7999998958902171,0.3007374850117693,907,0.7027182865557815,0.35674749129566363,798,0,0.16666663798759473,0.23713383758070694,907,0.0,0.18939275979697123,0.33414008692801583,697,100.89722493706158,0.894237709709579,827.25,817.5069561902416,0.5135496724648525,861,sym,1.0,1.0,0.0,7,647.5,2.5748838081086625e-11,0.9999999999710238,4.420815800967676e-22,0.7798207596073593,0.7434343826954999,0.00016388688371465963,0.24217332123411983,0.0009192063544030482,0.9999999997272797,2.0315811573412557e-05,4.6683712451311976e-11,4.6683712451311976e-11,3.896682976289867e-11,,3.6754832794798456e-11,0.0031261328405717825,7.578387305684498e-11,,,,,0.0,,1.4232866279900286e-11,0.0,0.0,1.0949349777071875e-10,1.0949349777071875e-10,1.0,0.2015691613106414,0.057512244715208966,1675,1.6369286014793756,0.7567277896379322,1161,363.4528855298854,0.8095110662841272,1418.0,1371.4210155148096,0.5331622417374514,1316,0.7763846615972358,0.5622554397616224,0.28785410495344815,6,988.5,,,,,,,,,,,,,1.728874327815923e-16,0.9999999999720746,4.420815800967676e-22,0.8402907471934495,0.2298221957049584,0.0012997517393093438,0.1832086087926136,0.9999999999999997,0.000919206354403048,0.9999999999999548,9.960751159743958e-05,3.781111708456297e-14,3.781111708456297e-14,3.156079998040129e-14,,0.0,2.871828245718401e-17,0.004567040150621961,7.047074665672467e-16,,,,,0.13043478260869565,,4.503246516346196e-19,0.7209302325581395,0.7209302325581395,3.668876579660116e-16,3.668876579660116e-16,1.0,0.39867336188392904,0.1241763808276761,1738,1.7933865480886144,0.8705265171849864,837,637.1032098490793,0.702288219696692,1287.5,1129.8687378640777,0.5503263528390001,1539,1409.1368421052632,1454.5,398.32527672708756,380,0.6645304607900322,0.5565550872278735,0.3678621512786154,7,1156.0
db11,1.0,smooth,6.136440804286093e-27,319.36823325131274,4965107.20285384,0.5530973451327433,69.50976272652085,206,smoothed,5.157996467913549e-14,-2.0712382919896342e-10,6.190495911615627,38363.44974234475,0.9882950951934071,0.00014966566451320274,0.9999999999999999,362.4000000000001,,,,[],[],11,426.6,32.19999999999999,728.4000000000002,"[9, 31, 53, 64, 80, 102, 131, 148, 158, 175, 192]","[311.0000000000001, 417.79999999999984, 589.6, 432.2, 728.4000000000002, 371.0, 586.9999999999998, 32.19999999999999, 448.2000000000001, 368.0, 407.2000000000003]","[1, 1, 1, 60, 1, 94, 120, 144, 144, 165, 186]","[20, 40, 75, 75, 204, 120, 204, 149, 204, 186, 204]",30736475.839999996,728.4000000000002,-728.4000000000002,0.0,,,,DWT,mdp.39015067403892,0.0,,0.0,15.0,11.0,0.0,33.0,,2.2737367544323206e-13,168.4000000000001,987.7999999999984,168.40000000000003,,0.0,168.4000000000001,,,28.0,0.0,33.0,2.2737367544323206e-13,2.2737367544323206e-13,,1.1368683772161603e-13,6.447703682929274e-14,1.3171016902796038e-26,0.9781862094034659,0.08100646230173322,0.06370060689026626,0.2749341488246115,0.08220405051470143,,0.999999664709775,4.4059791007223055e-09,4.4059791007223055e-09,3.6787269888316428e-09,,1.2251610931599486e-12,0.9999999955939887,1.5171946557926922e-13,,,,,,0.0,0.0,1.0,3.4954031196328703e-13,3.4954031196328703e-13,0.8999999009579607,0.3383296774354597,526,0.8021205399738238,0.40721082093210886,501,0,0.24999997273304367,0.3557007787825618,528,0.0,0.21143306827640618,0.37302515623654414,483,21.517434791350013,0.9774450369063417,509.5,508.80995293219894,0.7216889754762317,282,db,0.573477938514061,0.8443824841957417,0.34525069778143475,3,212.25,4.682433574683034e-14,0.9999999999705138,3.545674368419844e-27,0.9646183738516269,0.7422905424667174,0.00016687090860815893,0.22561714019562182,0.0008006601638843882,0.9999999997235074,2.0315811923354854e-05,4.745454029730922e-11,4.745454029730922e-11,3.962169481397382e-11,,1.2251610931599486e-12,0.0031261328403480726,1.5171946557926922e-13,,,,,0.0,,0.0,0.0,1.0,2.847685247612971e-13,2.847685247612971e-13,1.0,0.3015691612049126,0.0860445084208504,1363,1.7405668510230126,0.8046382137262055,339,724.0773439350247,0.6205045367216852,851.0,542.957696827262,0.5872438826166078,937,0.49117026184683504,0.8233619396015222,0.4091722348267588,4,703.75,,,,,,,,,,,,,3.143962913386424e-19,0.9999999999715831,3.545674368419844e-27,0.9743355773906728,0.2294685937206632,0.0013004495298859292,0.17068355079066508,0.9999999999999999,0.0008006601638843886,0.9999999999999541,9.960751159770423e-05,3.8435400695480126e-14,3.8435400695480126e-14,3.20911916831812e-14,,0.0,9.572760819061336e-19,0.00456704015061846,1.4108257588933865e-18,,,,,0.13043478260869565,,0.0,0.7209302325581395,1.0,9.54194168962319e-19,9.54194168962319e-19,1.0,0.42658033862811345,0.13286867808967343,1615,1.8685795524329545,0.907025901134486,119,1057.831744655075,0.5056861006284696,867.0,221.66666666666669,0.550272956856291,1540,1009.0473684210526,935.5,610.6543869996938,760,0.4758535102197843,0.8532293215616218,0.41093374637766444,5,1156.25
sym17,1.0,antireflect,7.673141764209835e-20,250.62206024824079,6644212.355485224,0.6176470588235294,301.6447153593565,206,raw,2.1468855603742869e-10,-9.214274902605142e-10,6.577977218420182,121469.628659502,0.8682217961155037,5.618943883677668e-06,1.0,326.99999999988177,,,,[],[],13,661.1538461545346,87.00000000025614,940.000000000939,"[8, 32, 51, 63, 81, 100, 111, 133, 152, 162, 175, 192, 204]","[878.0000000004161, 638.0000000009595, 787.0000000009569, 792.0000000009038, 940.000000000939, 788.0000000007157, 637.0000000007324, 675.00000000038, 771.0000000007661, 196.00000000046282, 834.0000000009978, 572.0000000004625, 87.00000000025614]","[0, 13, 42, 42, 76, 99, 107, 107, 107, 161, 164, 187, 203]","[76, 42, 61, 76, 205, 164, 119, 142, 164, 164, 205, 205, 205]",37754613.00002209,941.0000000005585,-941.0000000005585,0.0,,,,DWT,mdp.39015067403892,2.209097146987915e-05,,0.0,33.0,19.0,0.0,28.5,,5.585434337262996e-10,256.34134615453456,4358.999999991051,256.34134615453456,,0.0,256.34134615453456,,,84.00000000025614,0.0,28.5,9.390532795805484e-10,5.585434337262996e-10,,1.1823431123048067e-10,2.712443673108894e-10,5.43002311799946e-20,0.710929432098786,0.8761458961023921,0.001022130541334079,0.4537815126050422,0.00515977371306757,0.9999999997127416,0.47422802490914656,7.229027659367103e-09,7.229027659367103e-09,6.615061239963854e-09,,5.947292911394155e-09,0.9999999927709317,1.1244308042266938e-09,,,,,,2.1865517367826085e-10,1.0,1.0,6.995338810761264e-10,6.995338810761264e-10,0.8422684141051476,0.2753648351984748,19,1.4487181870748487,0.6958242513428854,720,0,0.2895190039535534,0.34592251057046564,19,0.0,0.380879843130576,0.6918098445403058,680,393.51450629762894,0.5875109996880199,359.5,36.99502883276994,0.6053383090683286,519,sym,0.8243425715244881,0.7368036147090654,0.2019191155201387,6,390.75,2.7124436731088935e-10,0.00015478832987864122,5.430023117999459e-20,0.710929432098786,0.8761458961023922,0.0020545536419977004,0.5894736842105266,0.0075132678005269925,0.9999999997127414,0.9919828214607388,0.9855281704529611,0.9855281704529611,0.9855281704528491,,1.2741675368863465e-09,0.9999999999641138,6.266013928423819e-10,,,,,1.0,,2.1865517367826085e-10,1.0,0.75,6.995338810761264e-10,6.995338810761264e-10,0.0,2.259570201167436,0.6447065290928259,19,1.5044991014013216,0.69550759787981,1570,1096.7226176203353,0.4251977895071618,794.5,37.545626179987416,0.5043965886739163,1516,0.7763846615972358,0.5622554397616224,0.28785410495344815,6,1138.5,,,,,,,,,,,,,1.8212372213910754e-15,0.0364136004383335,5.430023117999459e-20,0.7903197216706757,0.27084807790308163,0.0017418691795046443,0.44594777432011923,1.0,0.0075132678005269925,0.9999999999999524,0.0008499884728425543,0.0007982210227463743,0.0007982210227463743,0.0007982210227400355,,0.0,9.955671251823792e-16,0.02016391057300842,5.826710384229687e-15,,,,,0.4782608695652174,,6.9181999590499846e-18,1.0,0.9302325581395349,2.3439779760559363e-15,2.3439779760559363e-15,0.9302325581395349,0.5814294660167785,0.1811001529055064,227,1.6027953035234386,0.7780117536979368,1636,996.3134546918454,0.5344329650972686,931.5,398.6816961889425,0.5495762956327465,1541,1409.1368421052632,1454.5,398.32527672708756,380,0.6645304607900322,0.5565550872278735,0.3678621512786154,7,1157.5
bior6.8,1.0,zero,2.942122163576038e-22,272.56079172589307,4977184.611616627,0.5540540540540541,66.79020319946106,206,smoothed,1.3633728450408896e-11,-7.588769612721332e-11,6.188028963558047,37545.20131629573,0.988410605140141,0.00014966566451325592,0.9999999999999999,362.3999999999973,,,,[],[],11,426.5999999999556,32.19999999998433,728.3999999999235,"[9, 31, 53, 64, 80, 102, 131, 148, 158, 175, 192]","[310.9999999999478, 417.7999999999639, 589.5999999999475, 432.19999999992024, 728.3999999999235, 370.9999999999459, 586.9999999999909, 32.19999999998433, 448.1999999999722, 367.9999999999585, 407.19999999995684]","[0, 0, 0, 60, 0, 94, 120, 144, 144, 165, 186]","[20, 40, 75, 75, 205, 120, 205, 149, 205, 186, 205]",30736475.839999147,728.3999999999394,-728.3999999999394,0.0,,,,DWT,mdp.39015067403892,8.493661880493164e-07,,0.0,15.0,11.0,0.0,33.0,,6.059508450562134e-11,168.3999999999557,987.8000000004868,168.39999999996257,,0.0,168.3999999999557,,,27.99999999998434,0.0,15.0,7.651124178664759e-11,6.059508450562134e-11,,2.6716406864579767e-12,2.9902554776227084e-11,8.61036582407017e-22,0.8003454127230697,0.07744812640334091,0.0688836857148719,0.28150576650468756,0.0754184525795588,,0.9999996510553099,4.359786525781181e-09,4.359786525781181e-09,3.639750155402271e-09,,2.8791285689258795e-11,0.9999999956401866,5.105360016742409e-11,,,,,,1.8118466224470075e-11,0.0,0.0,9.3152493138216e-11,9.3152493138216e-11,0.7999998969307259,0.3007374854029193,891,0.6961428413356174,0.3534093490680821,813,0,0.1666666382782573,0.23713383799426263,892,0.0,0.18622877770791876,0.32855796619959937,721,81.10230165250141,0.9149871051860572,829.25,822.9799809643812,0.5228761521737414,822,bior,0.8100315533562081,0.7923003667562746,0.1952878026237719,6,618.0,1.7208104582282676e-11,0.9999999999708828,2.0820324899541738e-22,0.791888317936935,0.7414383356664168,0.00018044856689231905,0.231009957325747,0.0007345690416004171,0.9999999997254854,2.031581164596563e-05,4.695699384882346e-11,4.695699384882346e-11,3.9201863977211815e-11,,2.8791285689258795e-11,0.0031261328404924016,5.105360016742409e-11,,,,,0.0,,8.406978009889287e-12,0.0,0.0,7.58908118488857e-11,7.58908118488857e-11,1.0,0.20156916127815702,0.05751224470594044,1689,1.638640193312376,0.7575190331310071,1156,376.8879143724298,0.8024696465553303,1422.5,1372.5722319859403,0.5284622865900341,1347,0.5943810304597339,0.7715092316736338,0.3524805091760961,5,1011.5,,,,,,,,,,,,,1.1554171939328364e-16,0.9999999999719388,2.0820324899541738e-22,0.8490440734406428,0.22920514607471268,0.0013036245576892903,0.17476331696329006,0.9999999999999999,0.0007345690416004176,0.9999999999999545,9.960751159749444e-05,3.803251116818451e-14,3.803251116818451e-14,3.175118588188974e-14,,0.0,2.249598792479414e-17,0.0045670401506207195,4.747428678676245e-16,,,,,0.13043478260869565,,2.6599487194998257e-19,0.7209302325581395,0.7209302325581395,2.54292746028458e-16,2.54292746028458e-16,1.0,0.3986733618839285,0.12417638082767593,1741,1.7948799837741065,0.8712514447625446,832,642.7600640985717,0.6996448298604805,1286.5,1125.93237465993,0.5492383027807075,1542,1104.4,1082.5,563.6960149978129,300,0.520820561188399,0.7876173146100969,0.3991404127850916,6,1158.0
rbio6.8,1.0,smooth,2.944090987611955e-22,272.5578864643113,4948514.947551809,0.5540540540540541,70.2838004340519,206,smoothed,1.3636522332039797e-11,-7.849334515708756e-11,6.199614612865018,37004.314141359144,0.9857569487047118,0.00014966566451325597,0.9999999999999999,362.39999999999736,,,,[],[],11,426.59999999995557,32.199999999984385,728.3999999999232,"[9, 31, 53, 64, 80, 102, 131, 148, 158, 175, 192]","[310.9999999999478, 417.7999999999639, 589.5999999999474, 432.19999999992024, 728.3999999999232, 370.9999999999459, 586.9999999999909, 32.199999999984385, 448.19999999997225, 367.99999999995856, 407.1999999999566]","[0, 0, 0, 60, 0, 94, 120, 144, 144, 165, 186]","[20, 40, 75, 75, 205, 120, 205, 149, 205, 186, 205]",30736475.83999915,728.3999999999392,-728.3999999999392,0.0,,,,DWT,mdp.39015067403892,8.456408977508545e-07,,0.0,15.0,11.0,0.0,33.0,,6.082245818106458e-11,168.39999999995564,987.8000000004877,168.39999999996255,,0.0,168.39999999995564,,,27.999999999984396,0.0,15.0,7.673861546209082e-11,6.082245818106458e-11,,2.6147972675971687e-12,2.990869254282455e-11,8.61612778381047e-22,0.8003343744347671,0.09415931402178587,0.0565799596721823,0.28150576650468756,0.07093296531120324,,0.9999996511048723,4.359727380358721e-09,4.359727380358721e-09,3.63972058269102e-09,,2.817870514267882e-11,0.9999999956402726,5.120531963300336e-11,,,,,,1.8038999267345204e-11,0.0,0.0,9.350203345017927e-11,9.350203345017927e-11,0.7999998969454628,0.30073748540845924,885,0.6965457542431731,0.3536138950031048,810,0,0.16666663828239558,0.23713383800015056,885,0.0,0.1862160542820764,0.32853551863285213,724,76.64202502543888,0.9196624475624331,826.0,820.400004742202,0.5269171776596233,808,rbio,0.7685897546424816,0.816051598246696,0.21717169227625407,5,607.25,1.7211634700193985e-11,0.9999999999708833,2.083425760209789e-22,0.7918775968639793,0.7454405963118981,0.0001482175718635541,0.231009957325747,0.0006908807932854441,0.9999999997254461,2.031581164690932e-05,4.6956327715008683e-11,4.6956327715008683e-11,3.920153091030443e-11,,2.817870514267882e-11,0.003126132840492679,5.120531963300336e-11,,,,,0.0,,8.370105299319597e-12,0.0,0.0,7.617558037364698e-11,7.617558037364698e-11,1.0,0.20156916127802196,0.0575122447059019,1692,1.6406013001944881,0.758425623726836,1147,385.3731957466684,0.7980224340950375,1419.5,1367.1884466361394,0.5270248438819003,1357,0.3888041033402703,1.0,0.4278371276618108,3,1018.5,,,,,,,,,,,,,1.1556542193944048e-16,0.9999999999719392,2.083425760209789e-22,0.8490362968012649,0.23044238819148574,0.0012960875948931573,0.17476331696329006,0.9999999999999999,0.0006908807932854443,0.9999999999999545,9.96075115974952e-05,3.803196906709827e-14,3.803196906709827e-14,3.1750860621238e-14,,0.0,2.2017349883841074e-17,0.004567040150620724,4.761536936265179e-16,,,,,0.13043478260869565,,2.6482822777476334e-19,0.7209302325581395,0.7209302325581395,2.5524694019742034e-16,2.5524694019742034e-16,1.0,0.3986733618839285,0.12417638082767593,1742,1.7954726950681419,0.8715391523396103,827,647.002704785691,0.697662287483322,1284.5,1121.5523550019464,0.5487143213117545,1543,818.67,599.5,715.6978453131971,300,0.38607403914171184,1.0,0.42974817260080167,3,1158.0
rbio6.8,1.0,zero,2.944090987611955e-22,272.5578864643113,4948514.947551809,0.5540540540540541,70.2838004340519,206,smoothed,1.3636522332039797e-11,-7.849334515708756e-11,6.199614612865018,37004.314141359144,0.9857569487047118,0.00014966566451325597,0.9999999999999999,362.39999999999736,,,,[],[],11,426.59999999995557,32.199999999984385,728.3999999999232,"[9, 31, 53, 64, 80, 102, 131, 148, 158, 175, 192]","[310.9999999999478, 417.7999999999639, 589.5999999999474, 432.19999999992024, 728.3999999999232, 370.9999999999459, 586.9999999999909, 32.199999999984385, 448.19999999997225, 367.99999999995856, 407.1999999999566]","[0, 0, 0, 60, 0, 94, 120, 144, 144, 165, 186]","[20, 40, 75, 75, 205, 120, 205, 149, 205, 186, 205]",30736475.83999915,728.3999999999392,-728.3999999999392,0.0,,,,DWT,mdp.39015067403892,8.456408977508545e-07,,0.0,15.0,11.0,0.0,33.0,,6.082245818106458e-11,168.39999999995564,987.8000000004877,168.39999999996255,,0.0,168.39999999995564,,,27.999999999984396,0.0,15.0,7.673861546209082e-11,6.082245818106458e-11,,2.6147972675971687e-12,2.990869254282455e-11,8.61612778381047e-22,0.8003343744347671,0.09415931402178587,0.0565799596721823,0.28150576650468756,0.07093296531120324,,0.9999996511048723,4.359727380358721e-09,4.359727380358721e-09,3.63972058269102e-09,,2.817870514267882e-11,0.9999999956402726,5.120531963300336e-11,,,,,,1.8038999267345204e-11,0.0,0.0,9.350203345017927e-11,9.350203345017927e-11,0.7999998969454628,0.30073748540845924,886,0.6965457542431731,0.3536138950031048,811,0,0.16666663828239558,0.23713383800015056,886,0.0,0.1862160542820764,0.32853551863285213,723,77.5306391048081,0.9187309862633039,826.5,820.7640449793233,0.5261893925027211,811,rbio,0.7685897546424816,0.816051598246696,0.21717169227625407,5,609.5,1.7211634700193985e-11,0.9999999999708833,2.083425760209789e-22,0.7918775968639793,0.7454405963118981,0.0001482175718635541,0.231009957325747,0.0006908807932854441,0.9999999997254461,2.031581164690932e-05,4.6956327715008683e-11,4.6956327715008683e-11,3.920153091030443e-11,,2.817870514267882e-11,0.003126132840492679,5.120531963300336e-11,,,,,0.0,,8.370105299319597e-12,0.0,0.0,7.617558037364698e-11,7.617558037364698e-11,1.0,0.20156916127802196,0.0575122447059019,1691,1.6406013001944881,0.758425623726836,1148,383.9589821842953,0.7987636361717529,1419.5,1367.5716801690735,0.527395444920258,1355,0.3888041033402703,1.0,0.4278371276618108,3,1017.0,,,,,,,,,,,,,1.1556542193944048e-16,0.9999999999719392,2.083425760209789e-22,0.8490362968012649,0.23044238819148574,0.0012960875948931573,0.17476331696329006,0.9999999999999999,0.0006908807932854443,0.9999999999999545,9.96075115974952e-05,3.803196906709827e-14,3.803196906709827e-14,3.1750860621238e-14,,0.0,2.2017349883841074e-17,0.004567040150620724,4.761536936265179e-16,,,,,0.13043478260869565,,2.6482822777476334e-19,0.7209302325581395,0.7209302325581395,2.5524694019742034e-16,2.5524694019742034e-16,1.0,0.3986733618839285,0.12417638082767593,1743,1.7954726950681419,0.8715391523396103,829,646.2955980045044,0.6979927112128483,1286.0,1123.5979782270608,0.5485290658867981,1544,818.67,599.5,715.6978453131971,300,0.38607403914171184,1.0,0.42974817260080167,3,1158.75
sym6,1.0,reflect,4.301119050876831e-20,253.13597783276632,6073351.275173622,0.6203703703703703,284.7377379720631,206,raw,1.6653523005061288e-10,-1.666498052758955e-10,6.409239589854996,61513.26360177416,0.7550812675757214,5.618943883682637e-06,0.9999999999999998,326.9999999999182,,,,[],[],13,661.1538461542251,87.00000000000995,940.0000000004978,"[8, 32, 51, 63, 81, 100, 111, 133, 152, 162, 175, 192, 204]","[878.0000000001678, 638.0000000007017, 787.0000000007396, 792.0000000004613, 940.0000000004978, 788.0000000002924, 637.0000000004586, 675.0000000002909, 771.0000000002309, 196.00000000041115, 834.0000000006195, 572.0000000000441, 87.00000000000995]","[0, 13, 42, 42, 76, 99, 107, 107, 107, 161, 164, 187, 203]","[76, 42, 61, 76, 205, 164, 119, 142, 164, 164, 205, 205, 205]",37754613.00001195,941.000000000176,-941.000000000176,0.0,,,,DWT,mdp.39015067403892,1.195073127746582e-05,,0.0,33.0,19.0,0.0,28.5,,1.7598722479306161e-10,256.3413461542251,4358.999999995074,256.3413461542251,,0.0,256.3413461542251,,,84.00000000000995,0.0,28.5,4.978346623829566e-10,1.7598722479306161e-10,,8.179767974070273e-11,2.1040180452115243e-10,3.043756563935354e-20,0.7202063571087591,0.8178555100977051,0.00037969344491288665,0.474206349206349,0.00030552670989382176,0.9999999997241175,0.4742280246231561,6.989392356144787e-09,6.989392356144787e-09,6.3754259365943885e-09,,4.114497355527014e-09,0.9999999930106076,5.961116818049264e-10,,,,,,1.1828765550756506e-10,1.0,1.0,2.2041083816524396e-10,2.2041083816524396e-10,0.8422684125011264,0.2753648346740683,36,1.4310461663558294,0.6873363199451606,749,0,0.2895190036048077,0.345922510153778,36,0.0,0.3766191795627674,0.6840710023473003,702,398.5451668255431,0.5822377706231204,380.75,68.59278585871763,0.591564377974034,565,sym,0.8243425715244881,0.7368036147090654,0.2019191155201387,6,425.25,2.1040180452115243e-10,0.00015478832991311364,3.043756563935354e-20,0.7202063571087591,0.8178555100977052,0.0014127804911145889,0.6048245614035088,0.0026705044922412935,0.9999999997241173,0.9919828214563778,0.9855281704494931,0.9855281704494931,0.9855281704493812,,8.815034065285831e-10,0.9999999999653035,3.321897698858099e-10,,,,,1.0,,1.1828765550756506e-10,1.0,0.75,2.2041083816524396e-10,2.2041083816524396e-10,0.0,2.25957020057823,0.644706528924712,35,1.484802422369707,0.6864021155922312,1609,1112.9860735876257,0.4166739656249341,822.0,68.50973236009733,0.4929281777810205,1567,0.7763846615972358,0.5622554397616224,0.28785410495344815,6,1176.75,,,,,,,,,,,,,1.4127172543368361e-15,0.03641360043836674,3.043756563935354e-20,0.7970488336389207,0.25282843176899406,0.0015917956134404777,0.4575609976097055,0.9999999999999998,0.0026705044922412935,0.9999999999999543,0.0008499884728392555,0.0007982210227435655,0.0007982210227435655,0.0007982210227372267,,0.0,6.887601409314632e-16,0.020163910573027032,3.08900299909707e-15,,,,,0.4782608695652174,,3.742594514103263e-18,1.0,0.9302325581395349,7.385462867768349e-16,7.385462867768349e-16,0.9302325581395349,0.5814294660167822,0.1811001529055076,222,1.6004560948468405,0.7768762800409172,1639,1001.9703089413379,0.5317895752610571,930.5,391.0349274583557,0.5484882455744537,1545,1409.1368421052632,1454.5,398.32527672708756,380,0.6645304607900322,0.5565550872278735,0.3678621512786154,7,1160.5
bior3.7,1.0,constant,3.0982734787288225e-27,322.33620124779685,5134972.0376434615,0.5454545454545454,56.349162616060646,206,smoothed,3.7609882845608844e-14,-2.036882884581819e-10,6.13958612172247,40265.71677489096,0.9940316261914894,0.00014966566451320274,0.9999999999999999,362.4000000000001,,,,[],[],11,426.60000000000014,32.2000000000001,728.3999999999999,"[9, 31, 53, 64, 80, 102, 131, 148, 158, 175, 192]","[311.0000000000001, 417.8000000000002, 589.6, 432.19999999999993, 728.3999999999999, 371.0000000000001, 587.0, 32.2000000000001, 448.2000000000001, 368.0, 407.20000000000005]","[1, 1, 1, 60, 1, 94, 120, 144, 144, 165, 186]","[20, 40, 75, 75, 205, 120, 205, 149, 205, 186, 205]",30736475.839999992,728.3999999999999,-728.3999999999999,0.0,,,,DWT,mdp.39015067403892,3.725290298461914e-09,,0.0,15.0,11.0,0.0,33.0,,1.1368683772161603e-13,168.4000000000002,987.7999999999975,168.40000000000006,,0.0,168.4000000000002,,,28.000000000000114,0.0,33.0,1.1368683772161603e-13,1.1368683772161603e-13,,1.1368683772161603e-13,3.378672386352927e-14,4.279517462114603e-27,0.9894627452664655,0.007573974576745801,0.1365989285034217,0.22243588485764182,0.09797923423300445,,0.9999996648089,4.406097391567225e-09,4.406097391567225e-09,3.6787565615428943e-09,,1.2251610931599486e-12,0.9999999955939026,7.585973278963461e-14,,,,,,7.946695712486874e-14,0.0,1.0,1.7477015598164352e-13,1.7477015598164352e-13,0.8999999009876668,0.3383296774466269,344,0.7939301463362316,0.40305282129151887,529,0,0.24999997274129032,0.3557007787942952,347,0.0,0.20772153820533046,0.3664770126754352,519,103.14512429905093,0.8918814210701772,434.75,416.40803535680243,0.7180843164051096,287,bior,0.8100315533562081,0.7923003667562746,0.1952878026237719,6,216.75,2.9172894985151107e-14,0.9999999999705138,1.3956659933393225e-27,0.9755708476737073,0.7247037639305759,0.00035783626604270224,0.18253588516746408,0.0009543090546886678,0.9999999997235591,2.0315811925353255e-05,4.745570603148508e-11,4.745570603148508e-11,3.9622027880881205e-11,,1.2251610931599486e-12,0.003126132840347795,7.585973278963461e-14,,,,,0.0,,3.687271056968986e-14,0.0,1.0,1.4238426238064856e-13,1.4238426238064856e-13,1.0,0.30156916120483745,0.08604450842082896,1402,1.7212693862719814,0.7957172822735652,530,616.5971131946694,0.6768358945520601,966.0,769.2132505175983,0.5852732931879797,949,0.5943810304597339,0.7715092316736338,0.3524805091760961,5,713.0,,,,,,,,,,,,,1.958778452412762e-19,0.9999999999715831,1.3956659933393225e-27,0.9822800657420198,0.2240318905594531,0.0013451052655543412,0.1380917823889005,0.9999999999999999,0.0009543090546886678,0.9999999999999541,9.960751159770586e-05,3.843648489765261e-14,3.843648489765261e-14,3.2091408523615694e-14,,0.0,9.572760819061336e-19,0.004567040150618456,7.054128794466933e-19,,,,,0.13043478260869565,,1.1666441752192217e-21,0.7209302325581395,1.0,4.770970844811595e-19,4.770970844811595e-19,1.0,0.42658033862811345,0.13286867808967343,1639,1.8576749739266076,0.9017327172647743,214,1007.6271631908302,0.5291461854248457,926.5,378.57096600107934,0.5481011300956005,1546,1104.4,1082.5,563.6960149978129,300,0.520820561188399,0.7876173146100969,0.3991404127850916,6,1161.0
sym6,1.0,antisymmetric,4.2936819035569146e-20,253.14349380170012,6029988.484283531,0.6203703703703703,287.80522431411134,206,raw,1.660791374974597e-10,-3.3157299149466e-10,6.396133148727959,76077.97596396465,0.8025099258266833,5.618943883682614e-06,1.0,326.9999999999182,,,,[],[],13,661.15384615422,87.00000000006659,940.0000000004978,"[8, 32, 51, 63, 81, 100, 111, 133, 152, 162, 175, 192, 204]","[878.0000000000457, 638.0000000007017, 787.0000000007396, 792.0000000004613, 940.0000000004978, 788.0000000002924, 637.0000000004586, 675.0000000002909, 771.0000000002309, 196.00000000041115, 834.0000000006195, 572.0000000000441, 87.00000000006659]","[0, 13, 42, 42, 76, 99, 107, 107, 107, 161, 164, 187, 203]","[76, 42, 61, 76, 205, 164, 119, 142, 164, 164, 205, 205, 205]",37754613.00001199,941.000000000176,-941.000000000176,0.0,,,,DWT,mdp.39015067403892,1.198798418045044e-05,,0.0,33.0,19.0,0.0,28.5,,1.7598722479306161e-10,256.34134615422,4358.99999999514,256.34134615422005,,0.0,256.34134615422,,,84.00000000006659,0.0,28.5,4.978346623829566e-10,1.7598722479306161e-10,,8.179767974070273e-11,2.0982552366755675e-10,3.038493546033075e-20,0.720234092735657,0.8133278921683847,0.00033089371686531447,0.474206349206349,0.0014847294729061892,0.9999999997216318,0.47422802468895836,6.98543071446771e-09,6.98543071446771e-09,6.371508313155762e-09,,4.114497355527014e-09,0.9999999930145084,5.961116818049264e-10,,,,,,1.1865638261326196e-10,1.0,1.0,2.2041083816524396e-10,2.2041083816524396e-10,0.8422684125194496,0.27536483468005873,30,1.4292462800073218,0.686471828436649,754,0,0.28951900360966026,0.345922510159576,30,0.0,0.37619799465395243,0.683305984529883,705,404.35164152010066,0.5761513191613201,379.75,57.62744938612896,0.5890452612578089,571,sym,0.8243425715244881,0.7368036147090654,0.2019191155201387,6,429.75,2.0982552366755672e-10,0.0001547883299129471,3.038493546033075e-20,0.7202340927356569,0.8133278921683849,0.0013640311965831963,0.6048245614035088,0.0038469176146085256,0.9999999997216317,0.9919828214573813,0.9855281704494359,0.9855281704494359,0.9855281704493244,,8.815034065285831e-10,0.9999999999653228,3.321897698858099e-10,,,,,1.0,,1.1865638261326196e-10,1.0,0.75,2.2041083816524396e-10,2.2041083816524396e-10,0.0,2.2595702005786737,0.6447065289248387,30,1.4830014453816993,0.6855695506690622,1612,1118.6429278371181,0.41370915731807223,821.0,58.90377588306943,0.4917078281349271,1576,0.7763846615972358,0.5622554397616224,0.28785410495344815,6,1183.5,,,,,,,,,,,,,1.408847886832734e-15,0.03641360043836659,3.038493546033075e-20,0.7970689519581594,0.2514287828987645,0.0015803959771930416,0.4575609976097055,1.0,0.0038469176146085256,0.9999999999999538,0.0008499884728400144,0.000798221022743519,0.000798221022743519,0.0007982210227371808,,0.0,6.887601409314632e-16,0.020163910573027334,3.08900299909707e-15,,,,,0.4782608695652174,,3.754260955855455e-18,1.0,0.9302325581395349,7.385462867768349e-16,7.385462867768349e-16,0.9302325581395349,0.5814294660167826,0.1811001529055077,218,1.6002332068340919,0.7767680881256455,1641,1006.2129496284572,0.5298070328838985,929.5,384.8714362560516,0.5477306192456877,1547,1409.1368421052632,1454.5,398.32527672708756,380,0.6645304607900322,0.5565550872278735,0.3678621512786154,7,1162.0
rbio6.8,1.0,constant,2.944090987611955e-22,272.5578864643113,4948514.947551809,0.5540540540540541,70.2838004340519,206,smoothed,1.3636522332039797e-11,-7.849334515708756e-11,6.199614612865018,37004.314141359144,0.9857569487047118,0.00014966566451325597,0.9999999999999999,362.39999999999736,,,,[],[],11,426.59999999995557,32.199999999984385,728.3999999999232,"[9, 31, 53, 64, 80, 102, 131, 148, 158, 175, 192]","[310.9999999999478, 417.7999999999639, 589.5999999999474, 432.19999999992024, 728.3999999999232, 370.9999999999459, 586.9999999999909, 32.199999999984385, 448.19999999997225, 367.99999999995856, 407.1999999999566]","[0, 0, 0, 60, 0, 94, 120, 144, 144, 165, 186]","[20, 40, 75, 75, 205, 120, 205, 149, 205, 186, 205]",30736475.83999915,728.3999999999392,-728.3999999999392,0.0,,,,DWT,mdp.39015067403892,8.456408977508545e-07,,0.0,15.0,11.0,0.0,33.0,,6.082245818106458e-11,168.39999999995564,987.8000000004877,168.39999999996255,,0.0,168.39999999995564,,,27.999999999984396,0.0,15.0,7.673861546209082e-11,6.082245818106458e-11,,2.6147972675971687e-12,2.990869254282455e-11,8.61612778381047e-22,0.8003343744347671,0.09415931402178587,0.0565799596721823,0.28150576650468756,0.07093296531120324,,0.9999996511048723,4.359727380358721e-09,4.359727380358721e-09,3.63972058269102e-09,,2.817870514267882e-11,0.9999999956402726,5.120531963300336e-11,,,,,,1.8038999267345204e-11,0.0,0.0,9.350203345017927e-11,9.350203345017927e-11,0.7999998969454628,0.30073748540845924,887,0.6965457542431731,0.3536138950031048,809,0,0.16666663828239558,0.23713383800015056,887,0.0,0.1862160542820764,0.32853551863285213,725,77.30459236035075,0.9189679325363199,827.0,821.3222281336288,0.5260458111318916,812,rbio,0.7685897546424816,0.816051598246696,0.21717169227625407,5,610.25,1.7211634700193985e-11,0.9999999999708833,2.083425760209789e-22,0.7918775968639793,0.7454405963118981,0.0001482175718635541,0.231009957325747,0.0006908807932854441,0.9999999997254461,2.031581164690932e-05,4.6956327715008683e-11,4.6956327715008683e-11,3.920153091030443e-11,,2.817870514267882e-11,0.003126132840492679,5.120531963300336e-11,,,,,0.0,,8.370105299319597e-12,0.0,0.0,7.617558037364698e-11,7.617558037364698e-11,1.0,0.20156916127802196,0.0575122447059019,1690,1.6406013001944881,0.758425623726836,1149,382.54476862192223,0.7995048382484684,1419.5,1367.9535047551956,0.5277660459586158,1351,0.3888041033402703,1.0,0.4278371276618108,3,1014.0,,,,,,,,,,,,,1.1556542193944048e-16,0.9999999999719392,2.083425760209789e-22,0.8490362968012649,0.23044238819148574,0.0012960875948931573,0.17476331696329006,0.9999999999999999,0.0006908807932854443,0.9999999999999545,9.96075115974952e-05,3.803196906709827e-14,3.803196906709827e-14,3.1750860621238e-14,,0.0,2.2017349883841074e-17,0.004567040150620724,4.761536936265179e-16,,,,,0.13043478260869565,,2.6482822777476334e-19,0.7209302325581395,0.7209302325581395,2.5524694019742034e-16,2.5524694019742034e-16,1.0,0.3986733618839285,0.12417638082767593,1746,1.7954726950681419,0.8715391523396103,828,649.1240251292506,0.6966710162947427,1287.0,1123.3006993006993,0.5476345735679321,1548,818.67,599.5,715.6978453131971,300,0.38607403914171184,1.0,0.42974817260080167,3,1161.75
sym13,1.0,symmetric,1.012199816434714e-22,277.19473620033517,5357547.623624951,0.5260869565217391,96.50617662346801,206,smoothed,8.299277123141223e-12,-1.1483045625486763e-10,6.362659499631342,32163.201824137905,0.9794116403147372,0.0001496656645132284,0.9999999999999997,362.3999999999987,,,,[],[],11,426.59999999997217,32.199999999993906,728.3999999999496,"[9, 31, 53, 64, 80, 102, 131, 148, 158, 175, 192]","[310.99999999997067, 417.79999999997483, 589.5999999999686, 432.1999999999551, 728.3999999999496, 370.9999999999681, 586.9999999999874, 32.199999999993906, 448.1999999999787, 367.9999999999734, 407.19999999997367]","[0, 0, 0, 60, 0, 94, 120, 144, 144, 165, 186]","[20, 40, 75, 75, 205, 120, 205, 149, 205, 186, 205]",30736475.839999408,728.3999999999667,-728.3999999999667,0.0,,,,DWT,mdp.39015067403892,5.885958671569824e-07,,0.0,15.0,11.0,0.0,33.0,,3.3310243452433497e-11,168.39999999997224,987.8000000003049,168.39999999997676,,0.0,168.39999999997224,,,27.999999999993918,0.0,15.0,5.03632691106759e-11,3.3310243452433497e-11,,1.2505552149377763e-12,1.8183512419468866e-11,2.9622557526414465e-22,0.817951681090888,0.3293359209419297,0.2321183258537346,0.08940023836560029,0.030786427050019757,,0.9999996594065889,4.37699784371699e-09,4.37699784371699e-09,3.6545069383167297e-09,,1.3476772024759434e-11,0.9999999956229807,3.360586162580813e-11,,,,,,1.2555779225729262e-11,0.0,0.0,5.1207655702621546e-11,5.1207655702621546e-11,0.7999998994063201,0.3007374863335494,878,0.819572798224068,0.416070771594179,444,0,0.1666666389666771,0.23713383897374857,878,0.0,0.21422751333147946,0.37795531362280704,449,249.1350035623256,0.7388521975237676,662.25,591.9499478341447,0.5223349037933304,825,sym,1.0,1.0,0.0,7,620.5,1.0467932783621403e-11,0.9999999999706919,7.162916452336417e-23,0.8089886221212874,0.8017644255994955,0.0006080600771440389,0.07336384439359267,0.00029985706997339833,0.9999999997248984,2.031581181560771e-05,4.714234558278463e-11,4.714234558278463e-11,3.936084791433814e-11,,1.3476772024759434e-11,0.003126132840438667,3.360586162580813e-11,,,,,0.0,,5.825888270010998e-12,0.0,0.0,4.171858887753003e-11,4.171858887753003e-11,1.0,0.2015691612469994,0.05751224469705046,1698,1.616044896580826,0.747073562915369,1233,328.8046532517446,0.8276705171636559,1465.5,1428.6141248720573,0.5297943780786833,1338,0.7763846615972358,0.5622554397616224,0.28785410495344815,6,1005.0,,,,,,,,,,,,,7.02856579311014e-17,0.9999999999717547,7.162916452336417e-23,0.8614479531123929,0.24785410120703608,0.0014036181210617283,0.05550110886918874,0.9999999999999997,0.00029985706997339833,0.9999999999999544,9.960751159762281e-05,3.8182564748856507e-14,3.8182564748856507e-14,3.187988067976377e-14,,0.0,1.053003690096747e-17,0.004567040150619878,3.124979055948851e-16,,,,,0.13043478260869565,,1.8432977968463706e-19,0.7209302325581395,0.7209302325581395,1.3978944575297972e-16,1.3978944575297972e-16,1.0,0.3986733618839281,0.1241763808276758,1758,1.7638180178986576,0.8561736775074634,897,608.8189386016174,0.7155051688777488,1327.5,1187.8915254237288,0.5475890330370052,1549,1409.1368421052632,1454.5,398.32527672708756,380,0.6645304607900322,0.5565550872278735,0.3678621512786154,7,1163.5
sym8,1.0,symmetric,4.25536354893371e-21,263.18242577721514,6125282.120822532,0.6181818181818182,285.3621825716152,206,raw,5.166295438916942e-11,-1.1883283247124836e-10,6.425440077184023,61634.40696051376,0.7614579858468514,5.618943883691141e-06,1.0,327.0000000000262,,,,[],[],13,661.1538461537655,86.99999999996535,939.9999999998781,"[8, 32, 51, 63, 81, 100, 111, 133, 152, 162, 175, 192, 204]","[877.9999999998537, 637.999999999993, 787.0000000000201, 791.9999999998688, 939.9999999998781, 787.999999999852, 636.9999999999462, 675.0000000000032, 770.9999999997867, 196.00000000004457, 833.9999999999262, 571.9999999998117, 86.99999999996535]","[0, 13, 42, 42, 76, 99, 107, 107, 107, 161, 164, 187, 203]","[76, 42, 61, 76, 205, 164, 119, 142, 164, 164, 205, 205, 205]",37754612.9999973,940.9999999998511,-940.9999999998511,0.0,,,,DWT,mdp.39015067403892,2.6971101760864258e-06,,0.0,33.0,19.0,0.0,28.5,,1.48929757415317e-10,256.34134615376547,4359.00000000105,256.341346153773,,0.0,256.34134615376547,,,83.99999999996535,0.0,28.5,1.2187229003757238e-10,1.48929757415317e-10,,2.6204816094832495e-11,6.525869131968971e-11,3.0113762238209146e-21,0.7572800244282234,0.8234519657780585,0.00043813551224592697,0.45779220779220764,0.00031533483928175104,0.9999999997248382,0.474228024571353,6.633460860579826e-09,6.633460860579826e-09,6.025304848607481e-09,,1.318125976996493e-09,0.9999999933665459,1.4593097120230215e-10,,,,,,2.6695842452455458e-11,1.0,1.0,1.8652338371864962e-10,1.8652338371864962e-10,0.8422684106623326,0.275364834072907,52,1.4495560822641949,0.6962266952398644,715,0,0.28951900325782703,0.3459225097391993,52,0.0,0.37990970851751427,0.690047743741458,688,375.1509696109021,0.6067599899256791,376.75,96.82035132608372,0.6059219236840137,518,sym,0.8243425715244881,0.7368036147090654,0.2019191155201387,6,390.0,6.525869131968972e-11,0.000154788329972122,3.011376223820915e-21,0.7572800244282234,0.8234519657780586,0.001471162159771933,0.592488038277512,0.002680289418531968,0.9999999997248381,0.9919828214555879,0.9855281704443422,0.9855281704443422,0.9855281704443142,,2.8239963197336817e-10,0.9999999999670706,8.13216335504883e-11,,,,,1.0,,2.6695842452455458e-11,1.0,0.75,1.8652338371864962e-10,1.8652338371864962e-10,0.0,2.2595702000899296,0.6447065287853889,54,1.5049433461127713,0.6957129656143892,1569,1071.2667734976194,0.43853942688804015,811.5,104.40665434380776,0.5066124807396175,1500,0.7763846615972358,0.5622554397616224,0.28785410495344815,6,1126.5,,,,,,,,,,,,,4.3817152344574493e-16,0.03641360043842363,3.011376223820915e-21,0.8239405955317833,0.2545584966712399,0.0016054477040524453,0.44822818907516515,1.0,0.002680289418531968,0.9999999999999544,0.0008499884728386579,0.0007982210227393935,0.0007982210227393935,0.0007982210227331228,,0.0,2.2065213687936384e-16,0.020163910573054677,7.562026067668552e-16,,,,,0.4782608695652174,,8.446503828587165e-19,1.0,0.9302325581395349,6.249971806703189e-16,6.249971806703189e-16,0.9302325581395349,0.5814294660167907,0.18110015290551024,28,1.6137338010357039,0.7833214021687239,1609,1117.9358210559317,0.4776000836187235,818.5,55.042150274893096,0.5475617240523525,1550,1409.1368421052632,1454.5,398.32527672708756,380,0.6645304607900322,0.5565550872278735,0.3678621512786154,7,1164.25
db20,1.0,zero,7.798663591327442e-27,318.32719687534586,4963479.1476031,0.5655737704918032,58.96072057823381,206,smoothed,5.853354478567427e-14,-2.0442352255400955e-10,6.1925264367924,42204.852932007525,0.9897414608648769,0.0001496656645132028,1.0,362.40000000000015,,,,[],[],11,426.59999999999997,32.200000000000045,728.4000000000002,"[9, 31, 53, 64, 80, 102, 131, 148, 158, 175, 192]","[311.0, 417.7999999999999, 589.5999999999999, 432.20000000000005, 728.4000000000002, 371.0000000000001, 586.9999999999999, 32.200000000000045, 448.1999999999998, 367.9999999999999, 407.20000000000005]","[1, 1, 1, 60, 1, 94, 120, 144, 144, 165, 186]","[20, 40, 75, 75, 205, 120, 205, 149, 205, 186, 205]",30736475.839999996,728.4000000000002,-728.4000000000002,0.0,,,,DWT,mdp.39015067403892,0.0,,0.0,15.0,11.0,0.0,33.0,,2.2737367544323206e-13,168.40000000000003,987.7999999999993,168.39999999999998,,0.0,168.40000000000003,,,28.000000000000057,0.0,33.0,2.2737367544323206e-13,2.2737367544323206e-13,,1.7053025658242404e-13,7.975307831890148e-14,1.8035677534532364e-26,0.9742308823776408,0.08393530006420613,0.06300191904578452,0.3606345072590432,0.11406016746159135,,0.9999996647593375,4.4059199552998455e-09,4.4059199552998455e-09,3.67866784340914e-09,,1.837741639739923e-12,0.9999999955940747,1.5171946557926922e-13,,,,,,0.0,0.0,1.0,3.4954031196328703e-13,3.4954031196328703e-13,0.8999999009731254,0.3383296774411605,373,0.8478850088698575,0.4304439710884233,342,0,0.24999997273721733,0.3557007787885001,374,0.0,0.22798039660119226,0.4022191218918187,328,22.954665466232928,0.9759385058005944,354.25,353.1223375286268,0.8023036344516599,138,db,0.573477938514061,0.8443824841957417,0.34525069778143475,3,104.25,5.5610304848141995e-14,0.999999999970514,4.721973278399423e-27,0.9607767139452137,0.7429919870547015,0.00016504061716928788,0.2959447799827437,0.0011109359186156668,0.999999999723548,2.0315811924354055e-05,4.745387416349445e-11,4.745387416349445e-11,3.962102868015904e-11,,1.837741639739923e-12,0.0031261328403482946,1.5171946557926922e-13,,,,,0.0,,0.0,0.0,1.0,2.847685247612971e-13,2.847685247612971e-13,1.0,0.30156916120521876,0.08604450842093775,1327,1.7668668284441975,0.8167963028227454,126,849.2352442050436,0.5549081529323671,726.5,230.14728148657952,0.5870714768854708,939,0.49117026184683504,0.8233619396015222,0.4091722348267588,4,705.25,,,,,,,,,,,,,3.7338860926928756e-19,0.9999999999715835,4.721973278399423e-27,0.971548990280571,0.22968543536685038,0.0013000215307357775,0.22388771456645318,1.0,0.0011109359186156668,0.9999999999999541,9.960751159770499e-05,3.8434858594393884e-14,3.8434858594393884e-14,3.2090649582094954e-14,,0.0,1.4359141228592004e-18,0.004567040150618464,1.4108257588933865e-18,,,,,0.13043478260869565,,0.0,0.7209302325581395,1.0,9.54194168962319e-19,9.54194168962319e-19,1.0,0.42658033862811345,0.13286867808967343,1613,1.88842158280262,0.9166574072980586,51,1104.5007922133873,0.4838781344797256,832.0,98.87379807692308,0.5475465438753768,1551,1009.0473684210526,935.5,610.6543869996938,760,0.4758535102197843,0.8532293215616218,0.41093374637766444,5,1164.5
db11,1.0,zero,6.136440804286093e-27,319.36823325131274,4965107.20285384,0.5530973451327433,69.50976272652085,206,smoothed,5.157996467913549e-14,-2.0712382919896342e-10,6.190495911615627,38363.44974234475,0.9882950951934071,0.00014966566451320274,0.9999999999999999,362.4000000000001,,,,[],[],11,426.6,32.19999999999999,728.4000000000002,"[9, 31, 53, 64, 80, 102, 131, 148, 158, 175, 192]","[311.0000000000001, 417.79999999999984, 589.6, 432.2, 728.4000000000002, 371.0, 586.9999999999998, 32.19999999999999, 448.2000000000001, 368.0, 407.2000000000003]","[1, 1, 1, 60, 1, 94, 120, 144, 144, 165, 186]","[20, 40, 75, 75, 204, 120, 204, 149, 204, 186, 204]",30736475.839999996,728.4000000000002,-728.4000000000002,0.0,,,,DWT,mdp.39015067403892,0.0,,0.0,15.0,11.0,0.0,33.0,,2.2737367544323206e-13,168.4000000000001,987.7999999999984,168.40000000000003,,0.0,168.4000000000001,,,28.0,0.0,33.0,2.2737367544323206e-13,2.2737367544323206e-13,,1.1368683772161603e-13,6.447703682929274e-14,1.3171016902796038e-26,0.9781862094034659,0.08100646230173322,0.06370060689026626,0.2749341488246115,0.08220405051470143,,0.999999664709775,4.4059791007223055e-09,4.4059791007223055e-09,3.6787269888316428e-09,,1.2251610931599486e-12,0.9999999955939887,1.5171946557926922e-13,,,,,,0.0,0.0,1.0,3.4954031196328703e-13,3.4954031196328703e-13,0.8999999009579607,0.3383296774354597,528,0.8021205399738238,0.40721082093210886,500,0,0.24999997273304367,0.3557007787825618,527,0.0,0.21143306827640618,0.37302515623654414,484,21.51549828999242,0.9774470667819786,509.75,509.06204876445656,0.7215589631603814,283,db,0.573477938514061,0.8443824841957417,0.34525069778143475,3,213.0,4.682433574683034e-14,0.9999999999705138,3.545674368419844e-27,0.9646183738516269,0.7422905424667174,0.00016687090860815893,0.22561714019562182,0.0008006601638843882,0.9999999997235074,2.0315811923354854e-05,4.745454029730922e-11,4.745454029730922e-11,3.962169481397382e-11,,1.2251610931599486e-12,0.0031261328403480726,1.5171946557926922e-13,,,,,0.0,,0.0,0.0,1.0,2.847685247612971e-13,2.847685247612971e-13,1.0,0.3015691612049126,0.0860445084208504,1362,1.7405668510230126,0.8046382137262055,338,724.0773439350247,0.6205045367216852,850.0,541.5952941176471,0.5875059371239453,934,0.49117026184683504,0.8233619396015222,0.4091722348267588,4,701.5,,,,,,,,,,,,,3.143962913386424e-19,0.9999999999715831,3.545674368419844e-27,0.9743355773906728,0.2294685937206632,0.0013004495298859292,0.17068355079066508,0.9999999999999999,0.0008006601638843886,0.9999999999999541,9.960751159770423e-05,3.8435400695480126e-14,3.8435400695480126e-14,3.20911916831812e-14,,0.0,9.572760819061336e-19,0.00456704015061846,1.4108257588933865e-18,,,,,0.13043478260869565,,0.0,0.7209302325581395,1.0,9.54194168962319e-19,9.54194168962319e-19,1.0,0.42658033862811345,0.13286867808967343,1625,1.8685795524329545,0.907025901134486,120,1064.195705685754,0.5027122870627317,872.5,223.49570200573066,0.5475010033444501,1552,1009.0473684210526,935.5,610.6543869996938,760,0.4758535102197843,0.8532293215616218,0.41093374637766444,5,1165.25
db21,1.0,zero,1.123717813667697e-26,318.965219813094,5958999.404788501,0.5650406504065041,196.3707901840598,206,raw,7.126931191912915e-14,-2.039430846423358e-10,6.33573028546728,69215.25923722652,0.8233031264090892,5.618943883690066e-06,1.0,327.0000000000001,,,,[],[],13,661.1538461538462,87.00000000000003,939.9999999999999,"[8, 32, 51, 63, 81, 100, 111, 133, 152, 162, 175, 192, 204]","[878.0, 638.0, 786.9999999999999, 792.0000000000003, 939.9999999999999, 787.9999999999999, 637.0, 674.9999999999999, 770.9999999999997, 196.00000000000006, 834.0, 572.0, 87.00000000000003]","[0, 13, 42, 42, 76, 99, 107, 107, 107, 161, 164, 187, 203]","[76, 42, 61, 76, 205, 164, 119, 142, 164, 164, 205, 205, 205]",37754613.0,940.9999999999999,-940.9999999999999,0.0,,,,DWT,mdp.39015067403892,0.0,,0.0,33.0,19.0,0.0,28.5,,1.1368683772161603e-13,256.3413461538462,4359.0,256.34134615384613,,0.0,256.3413461538462,,,84.00000000000003,0.0,28.5,1.1368683772161603e-13,1.1368683772161603e-13,,1.1368683772161603e-13,7.170216757232547e-14,7.155293855626572e-27,0.9631311630268248,0.7924617330004958,0.0002510038457893134,0.059233449477351985,0.0009291033592763214,0.9999999997235555,0.4742280246116333,6.6959667625959335e-09,6.6959667625959335e-09,6.0819563246244724e-09,,5.718550876340534e-12,0.9999999933040264,1.3612963731558036e-13,,,,,,0.0,1.0,1.0,1.4238426238064856e-13,1.4238426238064856e-13,0.8422684098806543,0.27536483381735105,137,1.3983000872633322,0.6716082672622861,805,0,0.28951900311630746,0.34592250957010917,138,0.0,0.35200080655417065,0.639355501878892,812,387.41278588434153,0.5939069330352814,473.0,235.02577347207787,0.5490499025763409,705,db,0.540986235965534,0.9305070477545101,0.3421575204977732,3,529.5,7.170216757232546e-14,0.0001547883299646835,7.15529385562657e-27,0.9631311630268248,0.7924617330004959,0.0012842238900473413,0.29293966623876794,0.0032926059459907446,0.9999999997235554,0.9919828214562021,0.9855281704452468,0.9855281704452468,0.9855281704451341,,1.2251610931599486e-12,0.9999999999667601,7.585973278963461e-14,,,,,1.0,,0.0,1.0,0.75,1.4238426238064856e-13,1.4238426238064856e-13,0.0,2.2595701998216366,0.6447065287088388,145,1.493291021523703,0.6903262689542781,1599,1028.13325984524,0.4611460902278617,872.0,265.88876146788994,0.502061514715608,1531,0.49117026184683504,0.8233619396015222,0.4091722348267588,4,1149.25,,,,,,,,,,,,,4.814354588512659e-19,0.03641360043841643,7.15529385562657e-27,0.9732568138833985,0.24497830572483276,0.001561733670935245,0.2216142902871326,1.0,0.0032926059459907446,0.9999999999999541,0.0008499884728391225,0.0007982210227401261,0.0007982210227401261,0.0007982210227337869,,0.0,9.572760819061336e-19,0.020163910573049823,7.054128794466933e-19,,,,,0.4782608695652174,,0.0,1.0,0.9302325581395349,4.770970844811595e-19,4.770970844811595e-19,0.9302325581395349,0.5814294660167882,0.18110015290550946,119,1.608110946652679,0.7805920163327982,1625,1064.9028124669405,0.5023818633332053,872.0,221.76032110091745,0.5474526139095933,1553,1009.0473684210526,935.5,610.6543869996938,760,0.4758535102197843,0.8532293215616218,0.41093374637766444,5,1166.0
bior6.8,1.0,smooth,2.942122163576038e-22,272.56079172589307,4977184.611616627,0.5540540540540541,66.79020319946106,206,smoothed,1.3633728450408896e-11,-7.588769612721332e-11,6.188028963558047,37545.20131629573,0.988410605140141,0.00014966566451325592,0.9999999999999999,362.3999999999973,,,,[],[],11,426.5999999999556,32.19999999998433,728.3999999999235,"[9, 31, 53, 64, 80, 102, 131, 148, 158, 175, 192]","[310.9999999999478, 417.7999999999639, 589.5999999999475, 432.19999999992024, 728.3999999999235, 370.9999999999459, 586.9999999999909, 32.19999999998433, 448.1999999999722, 367.9999999999585, 407.19999999995684]","[0, 0, 0, 60, 0, 94, 120, 144, 144, 165, 186]","[20, 40, 75, 75, 205, 120, 205, 149, 205, 186, 205]",30736475.839999147,728.3999999999394,-728.3999999999394,0.0,,,,DWT,mdp.39015067403892,8.493661880493164e-07,,0.0,15.0,11.0,0.0,33.0,,6.059508450562134e-11,168.3999999999557,987.8000000004868,168.39999999996257,,0.0,168.3999999999557,,,27.99999999998434,0.0,15.0,7.651124178664759e-11,6.059508450562134e-11,,2.6716406864579767e-12,2.9902554776227084e-11,8.61036582407017e-22,0.8003454127230697,0.07744812640334091,0.0688836857148719,0.28150576650468756,0.0754184525795588,,0.9999996510553099,4.359786525781181e-09,4.359786525781181e-09,3.639750155402271e-09,,2.8791285689258795e-11,0.9999999956401866,5.105360016742409e-11,,,,,,1.8118466224470075e-11,0.0,0.0,9.3152493138216e-11,9.3152493138216e-11,0.7999998969307259,0.3007374854029193,892,0.6961428413356174,0.3534093490680821,812,0,0.1666666382782573,0.23713383799426263,893,0.0,0.18622877770791876,0.32855796619959937,722,81.24192267542664,0.9148407519125507,829.75,823.4746762056953,0.5225409210296506,823,bior,0.8100315533562081,0.7923003667562746,0.1952878026237719,6,618.75,1.7208104582282676e-11,0.9999999999708828,2.0820324899541738e-22,0.791888317936935,0.7414383356664168,0.00018044856689231905,0.231009957325747,0.0007345690416004171,0.9999999997254854,2.031581164596563e-05,4.695699384882346e-11,4.695699384882346e-11,3.9201863977211815e-11,,2.8791285689258795e-11,0.0031261328404924016,5.105360016742409e-11,,,,,0.0,,8.406978009889287e-12,0.0,0.0,7.58908118488857e-11,7.58908118488857e-11,1.0,0.20156916127815702,0.05751224470594044,1687,1.638640193312376,0.7575190331310071,1157,374.7665940288702,0.8035814496704035,1422.0,1372.6153305203939,0.5291492154012395,1344,0.5943810304597339,0.7715092316736338,0.3524805091760961,5,1009.25,,,,,,,,,,,,,1.1554171939328364e-16,0.9999999999719388,2.0820324899541738e-22,0.8490440734406428,0.22920514607471268,0.0013036245576892903,0.17476331696329006,0.9999999999999999,0.0007345690416004176,0.9999999999999545,9.960751159749444e-05,3.803251116818451e-14,3.803251116818451e-14,3.175118588188974e-14,,0.0,2.249598792479414e-17,0.0045670401506207195,4.747428678676245e-16,,,,,0.13043478260869565,,2.6599487194998257e-19,0.7209302325581395,0.7209302325581395,2.54292746028458e-16,2.54292746028458e-16,1.0,0.3986733618839285,0.12417638082767593,1748,1.7948799837741065,0.8712514447625446,833,647.002704785691,0.697662287483322,1290.5,1128.3099573808602,0.547312452152876,1554,1104.4,1082.5,563.6960149978129,300,0.520820561188399,0.7876173146100969,0.3991404127850916,6,1167.0
db19,1.0,zero,9.023772235979414e-27,317.69351749253843,4964559.442604116,0.5537190082644629,55.373129847031024,206,smoothed,6.565621832618209e-14,-2.001596666190158e-10,6.19117893447509,41855.665126698994,0.9897250504087812,0.0001496656645132029,0.9999999999999997,362.4,,,,[],[],11,426.59999999999997,32.200000000000045,728.3999999999997,"[9, 31, 53, 64, 80, 102, 131, 148, 158, 175, 192]","[311.00000000000017, 417.7999999999999, 589.6000000000001, 432.2, 728.3999999999997, 371.0, 587.0, 32.200000000000045, 448.20000000000016, 367.9999999999999, 407.1999999999998]","[1, 1, 1, 60, 1, 94, 120, 144, 144, 165, 186]","[20, 40, 75, 75, 205, 120, 205, 149, 205, 186, 205]",30736475.839999992,728.3999999999997,-728.3999999999997,0.0,,,,DWT,mdp.39015067403892,3.725290298461914e-09,,0.0,15.0,11.0,0.0,33.0,,2.2737367544323206e-13,168.40000000000003,987.7999999999993,168.40000000000003,,0.0,168.40000000000003,,,28.000000000000057,0.0,33.0,2.2737367544323206e-13,2.2737367544323206e-13,,0.0,9.540059439762184e-14,2.1621080068837798e-26,0.9718232727624642,0.0819916572484945,0.06346553290982343,0.27920434254441334,0.11116441114205933,,0.9999996647593375,4.4059199552998455e-09,4.4059199552998455e-09,3.6787269888316428e-09,,0.0,0.9999999955940747,1.5171946557926922e-13,,,,,,7.946695712486874e-14,0.0,1.0,3.4954031196328703e-13,3.4954031196328703e-13,0.8999999009722641,0.3383296774408367,411,0.8119700602112551,0.4122111058291927,469,0,0.24999997273707575,0.35570077878829864,398,0.0,0.2153784595153358,0.37998589419164974,444,32.15068687705858,0.9662990703594774,430.5,428.71989184922074,0.7575206043621286,210,db,0.573477938514061,0.8443824841957417,0.34525069778143475,3,158.25,6.460992643685214e-14,0.9999999999705149,5.588941277241341e-27,0.9584382935646664,0.7425264926010573,0.00016625510586118974,0.22912135711178816,0.0010827315087982808,0.9999999997236123,2.0315811924354055e-05,4.745387416349445e-11,4.745387416349445e-11,3.962169481397382e-11,,0.0,0.0031261328403482946,1.5171946557926922e-13,,,,,0.0,,3.687271056968986e-14,0.0,1.0,2.847685247612971e-13,2.847685247612971e-13,1.0,0.30156916120431854,0.0860445084206809,1517,1.7384909853211123,0.8036785718317669,359,818.829652614022,0.5708439975817494,938.0,580.6002132196162,0.5396148709082751,1269,0.49117026184683504,0.8233619396015222,0.4091722348267588,4,952.75,,,,,,,,,,,,,4.338154707679728e-19,0.9999999999715842,5.588941277241341e-27,0.9698527932591859,0.2295415343583483,0.0013003055292930366,0.17333455587597635,0.9999999999999997,0.0010827315087982808,0.9999999999999541,9.960751159770499e-05,3.8434858594393884e-14,3.8434858594393884e-14,3.20911916831812e-14,,0.0,0.0,0.004567040150618464,1.4108257588933865e-18,,,,,0.13043478260869565,,1.1666441752192217e-21,0.7209302325581395,1.0,9.54194168962319e-19,9.54194168962319e-19,1.0,0.42658033862811345,0.13286867808967343,1629,1.8670995108446986,0.906307475176353,139,1053.589103967956,0.5076686430056281,884.0,256.14366515837105,0.5472922654280477,1555,1009.0473684210526,935.5,610.6543869996938,760,0.4758535102197843,0.8532293215616218,0.41093374637766444,5,1167.5
coif4,1.0,constant,7.176949291888405e-27,318.68799996472535,4962290.199595169,0.5526315789473685,61.35199077851484,206,smoothed,5.6722695580460443e-14,-2.0096799779878475e-10,6.194010145256625,38875.894712219146,0.9879381526431603,0.00014966566451320274,0.9999999999999997,362.4,,,,[],[],11,426.59999999999985,32.19999999999993,728.4,"[9, 31, 53, 64, 80, 102, 131, 148, 158, 175, 192]","[310.9999999999999, 417.80000000000007, 589.5999999999999, 432.1999999999997, 728.4, 371.0, 587.0, 32.19999999999993, 448.1999999999999, 367.9999999999999, 407.2000000000001]","[0, 0, 0, 60, 0, 94, 120, 144, 144, 165, 186]","[20, 40, 75, 75, 203, 120, 203, 149, 203, 186, 203]",30736475.83999999,728.4,-728.4,0.0,,,,DWT,mdp.39015067403892,7.450580596923828e-09,,0.0,33.0,11.0,0.0,33.0,,0.0,168.39999999999992,987.8000000000002,168.39999999999998,,0.0,168.39999999999992,,,27.999999999999943,0.0,15.0,0.0,0.0,,0.0,7.577489626498958e-14,1.6216168681539256e-26,0.9756017222861871,0.08607540717946525,0.06249167621435435,0.27173480863825933,0.08645367131292787,,0.9999996646602125,4.405801664454926e-09,4.405801664454926e-09,3.67866784340914e-09,,0.0,0.9999999955941608,0.0,,,,,,1.5893391424973748e-13,1.0,0.0,0.0,0.0,0.899999900942305,0.33832967742957437,611,0.8029199670491197,0.4076166643675821,487,0,0.2499999727287336,0.3557007787764294,617,0.0,0.21176532651875288,0.3736113497008523,474,77.29758512829923,0.9189752776432922,547.25,539.0472713684769,0.6726689805407237,388,coif,0.5556920286951962,0.9053407607371553,0.33941335169221604,4,292.0,5.332226546118182e-14,0.9999999999705138,4.2820070726355355e-27,0.9621081590268438,0.7435045338993711,0.0001637039786496861,0.222991689750693,0.0008420510936919894,0.9999999997236001,2.0315811922300142e-05,4.74525418958649e-11,4.74525418958649e-11,3.962102868015904e-11,,0.0,0.003126132840348572,0.0,,,,,0.0,,7.374542113937972e-14,1.0,0.0,0.0,0.0,1.0,0.3015691612041457,0.08604450842063158,1598,1.7386325105734808,0.8037439968547679,356,878.2266222336921,0.5397135103597002,977.0,582.2804503582396,0.513829501511087,1456,0.4784248188775415,0.776734912893196,0.43208215291776214,2,1092.5,,,,,,,,,,,,,3.5802584787131703e-19,0.9999999999715831,4.2820070726355355e-27,0.9725147675207908,0.22984388195472077,0.0012997089684091995,0.1686973488382033,0.9999999999999997,0.0008420510936919894,0.9999999999999541,9.960751159770347e-05,3.8433882812438647e-14,3.8433882812438647e-14,3.2090649582094954e-14,,0.0,0.0,0.004567040150618468,0.0,,,,,0.13043478260869565,,2.3332883504384434e-21,1.0,0.7209302325581395,0.0,0.0,1.0,0.42658033862811345,0.13286867808967343,1631,1.8668964159382542,0.9062088910190482,143,1052.1748904055828,0.5083294904646809,887.0,262.94588500563697,0.5469217545781349,1556,986.6382352941176,846.0,585.0035688138154,340,0.4652856568234462,0.8173890317607586,0.42908333069536003,4,1168.0
sym8,1.0,smooth,4.210589870309406e-21,263.2283630553776,7898460.072753472,0.6227272727272727,296.79426673804585,206,raw,5.1451429955817536e-11,1.2123946290529076e-10,6.189795245441146,147128.0285435298,0.9021998690861055,5.6189438836911185e-06,0.9999999999999999,327.0000000000262,,,,[],[],13,661.1538461537712,86.99999999997408,939.9999999998781,"[8, 32, 51, 63, 81, 100, 111, 133, 152, 162, 175, 192, 204]","[877.9999999999201, 637.999999999993, 787.0000000000201, 791.9999999998688, 939.9999999998781, 787.999999999852, 636.9999999999462, 675.0000000000032, 770.9999999997867, 196.00000000004457, 833.9999999999262, 571.9999999998117, 86.99999999997408]","[0, 13, 42, 42, 76, 99, 107, 107, 107, 161, 164, 187, 203]","[76, 42, 61, 76, 205, 164, 119, 142, 164, 164, 205, 205, 205]",37754612.99999726,940.9999999998511,-940.9999999998511,0.0,,,,DWT,mdp.39015067403892,2.7418136596679688e-06,,0.0,33.0,19.0,0.0,28.5,,1.48929757415317e-10,256.34134615377116,4359.000000000975,256.3413461537788,,0.0,256.34134615377116,,,83.99999999997408,0.0,28.5,1.2187229003757238e-10,1.48929757415317e-10,,2.6204816094832495e-11,6.499142652844146e-11,2.979691404089085e-21,0.7574495433843335,0.7420484974521097,0.002433639031692,0.49188311688311653,0.00723715466542105,0.9999999997284565,0.4742280245814891,6.6378626846654674e-09,6.6378626846654674e-09,6.029794709177592e-09,,1.318125976996493e-09,0.9999999933621034,1.4593097120230215e-10,,,,,,2.7138314979291736e-11,1.0,1.0,1.8652338371864962e-10,1.8652338371864962e-10,0.8422684106673616,0.27536483407455115,50,1.4263589028027959,0.6850850113871989,759,0,0.2895190032594462,0.34592250974113387,50,0.0,0.3751314939012651,0.681368849411746,715,397.04617699540523,0.5838090387888835,393.5,93.64145392426687,0.5856676221198086,577,sym,0.8243425715244881,0.7368036147090654,0.2019191155201387,6,434.25,6.499142652844147e-11,0.00015478832997201097,2.9796914040890855e-21,0.7574495433843333,0.7420484974521098,0.003464603367335114,0.6181100478468897,0.009585734291583494,0.9999999997284564,0.9919828214557425,0.9855281704444059,0.9855281704444059,0.9855281704443792,,2.8239963197336817e-10,0.9999999999670485,8.13216335504883e-11,,,,,1.0,,2.7138314979291736e-11,1.0,0.75,1.8652338371864962e-10,1.8652338371864962e-10,0.0,2.259570200090244,0.6447065287854786,47,1.4783510257055832,0.6834197306957197,1616,1109.450539681693,0.41852697081672274,831.5,91.34335538184004,0.4913651625572083,1577,0.7763846615972358,0.5622554397616224,0.28785410495344815,6,1184.25,,,,,,,,,,,,,4.363770066024486e-16,0.036413600438423475,2.9796914040890855e-21,0.8240635578318103,0.22939376893718344,0.002071598134849686,0.46761171449305655,0.9999999999999999,0.009585734291583494,0.9999999999999549,0.0008499884728387748,0.0007982210227394451,0.0007982210227394451,0.0007982210227331755,,0.0,2.2065213687936384e-16,0.020163910573054333,7.562026067668552e-16,,,,,0.4782608695652174,,8.586501129613472e-19,1.0,0.9302325581395349,6.249971806703189e-16,6.249971806703189e-16,0.9302325581395349,0.5814294660167905,0.18110015290551015,35,1.6119738778804678,0.7824671190937931,1613,1115.814500712372,0.47859135480730286,824.0,68.5133495145631,0.5467723129176701,1557,1409.1368421052632,1454.5,398.32527672708756,380,0.6645304607900322,0.5565550872278735,0.3678621512786154,7,1169.5
bior6.8,1.0,constant,2.942122163576038e-22,272.56079172589307,4977184.611616627,0.5540540540540541,66.79020319946106,206,smoothed,1.3633728450408896e-11,-7.588769612721332e-11,6.188028963558047,37545.20131629573,0.988410605140141,0.00014966566451325592,0.9999999999999999,362.3999999999973,,,,[],[],11,426.5999999999556,32.19999999998433,728.3999999999235,"[9, 31, 53, 64, 80, 102, 131, 148, 158, 175, 192]","[310.9999999999478, 417.7999999999639, 589.5999999999475, 432.19999999992024, 728.3999999999235, 370.9999999999459, 586.9999999999909, 32.19999999998433, 448.1999999999722, 367.9999999999585, 407.19999999995684]","[0, 0, 0, 60, 0, 94, 120, 144, 144, 165, 186]","[20, 40, 75, 75, 205, 120, 205, 149, 205, 186, 205]",30736475.839999147,728.3999999999394,-728.3999999999394,0.0,,,,DWT,mdp.39015067403892,8.493661880493164e-07,,0.0,15.0,11.0,0.0,33.0,,6.059508450562134e-11,168.3999999999557,987.8000000004868,168.39999999996257,,0.0,168.3999999999557,,,27.99999999998434,0.0,15.0,7.651124178664759e-11,6.059508450562134e-11,,2.6716406864579767e-12,2.9902554776227084e-11,8.61036582407017e-22,0.8003454127230697,0.07744812640334091,0.0688836857148719,0.28150576650468756,0.0754184525795588,,0.9999996510553099,4.359786525781181e-09,4.359786525781181e-09,3.639750155402271e-09,,2.8791285689258795e-11,0.9999999956401866,5.105360016742409e-11,,,,,,1.8118466224470075e-11,0.0,0.0,9.3152493138216e-11,9.3152493138216e-11,0.7999998969307259,0.3007374854029193,893,0.6961428413356174,0.3534093490680821,814,0,0.1666666382782573,0.23713383799426263,891,0.0,0.18622877770791876,0.32855796619959937,720,81.74146234724864,0.9143171254221713,829.5,823.1222613086095,0.5224101350381296,824,bior,0.8100315533562081,0.7923003667562746,0.1952878026237719,6,619.5,1.7208104582282676e-11,0.9999999999708828,2.0820324899541738e-22,0.791888317936935,0.7414383356664168,0.00018044856689231905,0.231009957325747,0.0007345690416004171,0.9999999997254854,2.031581164596563e-05,4.695699384882346e-11,4.695699384882346e-11,3.9201863977211815e-11,,2.8791285689258795e-11,0.0031261328404924016,5.105360016742409e-11,,,,,0.0,,8.406978009889287e-12,0.0,0.0,7.58908118488857e-11,7.58908118488857e-11,1.0,0.20156916127815702,0.05751224470594044,1688,1.638640193312376,0.7575190331310071,1155,376.8879143724298,0.8024696465553303,1421.5,1371.5371086880057,0.5287243410973717,1346,0.5943810304597339,0.7715092316736338,0.3524805091760961,5,1010.75,,,,,,,,,,,,,1.1554171939328364e-16,0.9999999999719388,2.0820324899541738e-22,0.8490440734406428,0.22920514607471268,0.0013036245576892903,0.17476331696329006,0.9999999999999999,0.0007345690416004176,0.9999999999999545,9.960751159749444e-05,3.803251116818451e-14,3.803251116818451e-14,3.175118588188974e-14,,0.0,2.249598792479414e-17,0.0045670401506207195,4.747428678676245e-16,,,,,0.13043478260869565,,2.6599487194998257e-19,0.7209302325581395,0.7209302325581395,2.54292746028458e-16,2.54292746028458e-16,1.0,0.3986733618839285,0.12417638082767593,1750,1.7948799837741065,0.8712514447625446,831,649.8311319104372,0.6963405925652162,1290.5,1126.8888027896164,0.546651604693823,1558,1104.4,1082.5,563.6960149978129,300,0.520820561188399,0.7876173146100969,0.3991404127850916,6,1170.0
db21,1.0,constant,1.1869737358851861e-26,318.72738137408203,5957325.595051971,0.5650406504065041,196.3707903858395,206,raw,7.07519264319252e-14,-2.0474755224597916e-10,6.341322046632849,67150.34534963964,0.8178176762790077,5.618943883690066e-06,1.0,327.0000000000001,,,,[],[],13,661.1538461538462,87.00000000000003,939.9999999999999,"[8, 32, 51, 63, 81, 100, 111, 133, 152, 162, 175, 192, 204]","[878.0, 638.0000000000001, 786.9999999999999, 792.0000000000003, 939.9999999999999, 787.9999999999999, 637.0, 674.9999999999999, 770.9999999999997, 196.00000000000006, 834.0, 572.0, 87.00000000000003]","[0, 13, 42, 42, 76, 99, 107, 107, 107, 161, 164, 187, 203]","[76, 42, 61, 76, 205, 164, 119, 142, 164, 164, 205, 205, 205]",37754613.0,940.9999999999999,-940.9999999999999,0.0,,,,DWT,mdp.39015067403892,0.0,,0.0,33.0,19.0,0.0,28.5,,1.1368683772161603e-13,256.3413461538462,4359.0,256.34134615384613,,0.0,256.3413461538462,,,84.00000000000003,0.0,28.5,1.1368683772161603e-13,1.1368683772161603e-13,,1.1368683772161603e-13,7.104844203319398e-14,7.602934646826568e-27,0.9622534853428845,0.7943934059744413,0.00024912016952518537,0.059233449477351985,0.0007619217424291453,0.9999999997235433,0.4742280246116333,6.6959667625959335e-09,6.6959667625959335e-09,6.0819563246244724e-09,,5.718550876340534e-12,0.9999999933040264,1.3612963731558036e-13,,,,,,0.0,1.0,1.0,1.4238426238064856e-13,1.4238426238064856e-13,0.8422684098806543,0.27536483381735105,136,1.398671502655065,0.6717866593327352,804,0,0.28951900311630746,0.34592250957010917,136,0.0,0.35211142280378077,0.6395564193383653,811,387.7012380686964,0.5936045722550352,471.75,232.79216238068736,0.5495538584545616,704,db,0.540986235965534,0.9305070477545101,0.3421575204977732,3,528.75,7.104844203319398e-14,0.0001547883299646835,7.602934646826568e-27,0.9622534853428845,0.7943934059744414,0.0012823421605239256,0.29293966623876794,0.0031258198307893455,0.9999999997235431,0.9919828214562021,0.9855281704452468,0.9855281704452468,0.9855281704451341,,1.2251610931599486e-12,0.9999999999667601,7.585973278963461e-14,,,,,1.0,,0.0,1.0,0.75,1.4238426238064856e-13,1.4238426238064856e-13,0.0,2.2595701998216366,0.6447065287088388,146,1.4936625960894643,0.6904980423594101,1598,1026.719046282867,0.46188729230457704,872.0,267.5550458715596,0.5024321157539657,1528,0.49117026184683504,0.8233619396015222,0.4091722348267588,4,1147.0,,,,,,,,,,,,,4.770460984518457e-19,0.03641360043841643,7.602934646826568e-27,0.9726201814431324,0.24557545502891318,0.0015612936433966067,0.2216142902871326,1.0,0.0031258198307893455,0.9999999999999541,0.0008499884728391225,0.0007982210227401261,0.0007982210227401261,0.0007982210227337869,,0.0,9.572760819061336e-19,0.020163910573049823,7.054128794466933e-19,,,,,0.4782608695652174,,0.0,1.0,0.9302325581395349,4.770970844811595e-19,4.770970844811595e-19,0.9302325581395349,0.5814294660167882,0.18110015290550946,104,1.6079606073807096,0.7805190402513376,1626,1076.2165209659254,0.4970950836607825,865.0,195.4959537572254,0.5464447380920734,1559,1009.0473684210526,935.5,610.6543869996938,760,0.4758535102197843,0.8532293215616218,0.41093374637766444,5,1170.5
sym13,1.0,antisymmetric,9.632080342159063e-23,277.4101977782259,5356018.755624856,0.5260869565217391,103.41127197060668,206,smoothed,8.092305682076734e-12,-1.062365972970727e-10,6.364475711812129,73444.4789076705,0.9915767653797224,0.00014966566451322762,0.9999999999999997,362.3999999999987,,,,[],[],11,426.59999999997325,32.199999999993906,728.3999999999613,"[9, 31, 53, 64, 80, 102, 131, 148, 158, 175, 192]","[310.9999999999707, 417.79999999997483, 589.5999999999686, 432.1999999999551, 728.3999999999613, 370.9999999999681, 586.9999999999874, 32.199999999993906, 448.1999999999787, 367.9999999999734, 407.19999999997367]","[0, 0, 0, 60, 0, 94, 120, 144, 144, 165, 186]","[20, 40, 75, 75, 205, 120, 205, 149, 205, 186, 205]",30736475.839999408,728.3999999999667,-728.3999999999667,0.0,,,,DWT,mdp.39015067403892,5.885958671569824e-07,,0.0,15.0,11.0,0.0,33.0,,3.3310243452433497e-11,168.39999999997332,987.800000000293,168.39999999997679,,0.0,168.39999999997332,,,27.999999999993918,0.0,15.0,3.865352482534945e-11,3.3310243452433497e-11,,1.2505552149377763e-12,1.7728825154430795e-11,2.8188764198008454e-22,0.8187703085872294,0.33195563276850526,0.2314622047012135,0.08940023836560029,0.3731251833744828,,0.9999996594065889,4.3781216067437275e-09,4.3781216067437275e-09,3.6545365110279812e-09,,1.3476772024759434e-11,0.9999999956218623,2.5792309148475767e-11,,,,,,1.2555779225729262e-11,0.0,0.0,5.1207655702621546e-11,5.1207655702621546e-11,0.7999998994025372,0.3007374863321273,882,0.9579812725885489,0.48633630608823436,230,0,0.16666663896612258,0.23713383897295956,882,0.0,0.26353050968782293,0.46493914292008576,218,379.92806336638694,0.6017525541232842,553.0,357.0613787201059,0.5110439919463381,869,sym,1.0,1.0,0.0,7,653.5,1.0206420777117504e-11,0.9999999999706866,6.816218160920762e-23,0.8097837241218169,0.8023918357983034,0.0006063412939452095,0.07336384439359267,0.0036342062051623342,0.999999999725028,2.031581181560771e-05,4.715439150260181e-11,4.715439150260181e-11,3.936106995894306e-11,,1.3476772024759434e-11,0.0031261328404351696,2.5792309148475767e-11,,,,,0.0,,5.825888270010998e-12,0.0,0.0,4.171858887753003e-11,4.171858887753003e-11,1.0,0.20156916124309815,0.05751224469593735,1702,1.6181685431429955,0.7480552931921265,1224,337.9970414071697,0.8228527036650054,1463.0,1423.9562542720437,0.5280406075977019,1348,0.7763846615972358,0.5622554397616224,0.28785410495344815,6,1012.5,,,,,,,,,,,,,6.852976745931999e-17,0.9999999999717496,6.816218160920762e-23,0.8620246884403153,0.24804805617179695,0.0014032161972299434,0.05550110886918874,0.9999999999999997,0.003634206205162334,0.9999999999999544,9.960751159762281e-05,3.8192430988626125e-14,3.8192430988626125e-14,3.188020594041552e-14,,0.0,1.053003690096747e-17,0.004567040150619823,2.398403790118757e-16,,,,,0.13043478260869565,,1.8432977968463706e-19,0.7209302325581395,0.7209302325581395,1.3978944575297972e-16,1.3978944575297972e-16,1.0,0.39867336188392805,0.12417638082767579,1762,1.7655945752699496,0.8570360349856426,890,616.5971131946694,0.7118705078529581,1326.0,1182.6395173453996,0.5461221698143295,1560,1409.1368421052632,1454.5,398.32527672708756,380,0.6645304607900322,0.5565550872278735,0.3678621512786154,7,1171.75
bior3.7,1.0,zero,3.0982734787288225e-27,322.33620124779685,5134972.0376434615,0.5454545454545454,56.349162616060646,206,smoothed,3.7609882845608844e-14,-2.036882884581819e-10,6.13958612172247,40265.71677489096,0.9940316261914894,0.00014966566451320274,0.9999999999999999,362.4000000000001,,,,[],[],11,426.60000000000014,32.2000000000001,728.3999999999999,"[9, 31, 53, 64, 80, 102, 131, 148, 158, 175, 192]","[311.0000000000001, 417.8000000000002, 589.6, 432.19999999999993, 728.3999999999999, 371.0000000000001, 587.0, 32.2000000000001, 448.2000000000001, 368.0, 407.20000000000005]","[1, 1, 1, 60, 1, 94, 120, 144, 144, 165, 186]","[20, 40, 75, 75, 205, 120, 205, 149, 205, 186, 205]",30736475.839999992,728.3999999999999,-728.3999999999999,0.0,,,,DWT,mdp.39015067403892,3.725290298461914e-09,,0.0,15.0,11.0,0.0,33.0,,1.1368683772161603e-13,168.4000000000002,987.7999999999975,168.40000000000006,,0.0,168.4000000000002,,,28.000000000000114,0.0,33.0,1.1368683772161603e-13,1.1368683772161603e-13,,1.1368683772161603e-13,3.378672386352927e-14,4.279517462114603e-27,0.9894627452664655,0.007573974576745801,0.1365989285034217,0.22243588485764182,0.09797923423300445,,0.9999996648089,4.406097391567225e-09,4.406097391567225e-09,3.6787565615428943e-09,,1.2251610931599486e-12,0.9999999955939026,7.585973278963461e-14,,,,,,7.946695712486874e-14,0.0,1.0,1.7477015598164352e-13,1.7477015598164352e-13,0.8999999009876668,0.3383296774466269,347,0.7939301463362316,0.40305282129151887,528,0,0.24999997274129032,0.3557007787942952,349,0.0,0.20772153820533046,0.3664770126754352,518,101.1220384815628,0.8940020560989907,435.5,417.9022985156078,0.71875155215851,285,bior,0.8100315533562081,0.7923003667562746,0.1952878026237719,6,215.25,2.9172894985151107e-14,0.9999999999705138,1.3956659933393225e-27,0.9755708476737073,0.7247037639305759,0.00035783626604270224,0.18253588516746408,0.0009543090546886678,0.9999999997235591,2.0315811925353255e-05,4.745570603148508e-11,4.745570603148508e-11,3.9622027880881205e-11,,1.2251610931599486e-12,0.003126132840347795,7.585973278963461e-14,,,,,0.0,,3.687271056968986e-14,0.0,1.0,1.4238426238064856e-13,1.4238426238064856e-13,1.0,0.30156916120483745,0.08604450842082896,1400,1.7212693862719814,0.7957172822735652,532,613.7686860699232,0.678318298705491,966.0,771.0144927536232,0.5860144952646952,942,0.5943810304597339,0.7715092316736338,0.3524805091760961,5,707.75,,,,,,,,,,,,,1.958778452412762e-19,0.9999999999715831,1.3956659933393225e-27,0.9822800657420198,0.2240318905594531,0.0013451052655543412,0.1380917823889005,0.9999999999999999,0.0009543090546886678,0.9999999999999541,9.960751159770586e-05,3.843648489765261e-14,3.843648489765261e-14,3.2091408523615694e-14,,0.0,9.572760819061336e-19,0.004567040150618456,7.054128794466933e-19,,,,,0.13043478260869565,,1.1666441752192217e-21,0.7209302325581395,1.0,4.770970844811595e-19,4.770970844811595e-19,1.0,0.42658033862811345,0.13286867808967343,1648,1.8576749739266076,0.9017327172647743,215,1013.2840174403226,0.5265027955886343,931.5,380.3757380568975,0.5456112108784293,1561,1104.4,1082.5,563.6960149978129,300,0.520820561188399,0.7876173146100969,0.3991404127850916,6,1172.25
coif10,1.0,zero,1.586569306730483e-26,315.2428082593844,4961313.399282667,0.571969696969697,43.95439910362883,206,smoothed,8.52996206570256e-14,-2.1088613078035274e-10,6.1952296431110465,44872.55568411387,0.9907918986566892,0.00014966566451320252,0.9999999999999997,362.4,,,,[],[],11,426.6,32.19999999999993,728.4000000000001,"[9, 31, 53, 64, 80, 102, 131, 148, 158, 175, 192]","[310.9999999999999, 417.8, 589.6000000000001, 432.2000000000003, 728.4000000000001, 370.99999999999994, 587.0000000000002, 32.19999999999993, 448.19999999999993, 367.9999999999998, 407.1999999999998]","[0, 0, 0, 60, 0, 94, 120, 144, 144, 165, 186]","[20, 40, 75, 75, 203, 120, 203, 149, 203, 186, 203]",30736475.840000004,728.4000000000001,-728.4000000000001,0.0,,,,DWT,mdp.39015067403892,7.450580596923828e-09,,0.0,33.0,11.0,0.0,33.0,,1.1368683772161603e-13,168.4000000000001,987.7999999999984,168.4,,0.0,168.4000000000001,,,27.999999999999943,0.0,15.0,1.1368683772161603e-13,1.1368683772161603e-13,,0.0,1.385543978205333e-13,4.1644643199534704e-26,0.9625120165123351,0.08783441583798451,0.06207247760022792,0.40456801993603253,0.13618298213497115,,0.9999996646602125,4.4059791007223055e-09,4.4059791007223055e-09,3.6786974161203912e-09,,0.0,0.9999999955939887,7.585973278963461e-14,,,,,,1.5893391424973748e-13,1.0,0.0,1.7477015598164352e-13,1.7477015598164352e-13,0.8999999009424421,0.33832967742962594,602,0.8687610574549501,0.4410420700754304,305,0,0.24999997272878674,0.355700778776505,602,0.0,0.2361671302888129,0.4166627358344559,288,176.51699634879355,0.814971701940468,449.25,397.09446444864136,0.6720298761274668,390,coif,0.5556920286951962,0.9053407607371553,0.33941335169221604,4,293.5,8.942970607254419e-14,0.9999999999705123,1.0430737502631705e-26,0.9493946216809241,0.743925809232387,0.00016260584070341717,0.3319976076555028,0.0013264101721477898,0.9999999997234507,2.0315811922300142e-05,4.745454029730922e-11,4.745454029730922e-11,3.962136174706643e-11,,0.0,0.0031261328403480726,7.585973278963461e-14,,,,,0.0,,7.374542113937972e-14,1.0,0.0,1.4238426238064856e-13,1.4238426238064856e-13,1.0,0.3015691612042416,0.08604450842065894,1562,1.7750105875567206,0.8205610417533218,76,1050.7606768432097,0.44928685700041415,819.0,144.94749694749694,0.5100207869907731,1476,0.4784248188775415,0.776734912893196,0.43208215291776214,2,1107.5,,,,,,,,,,,,,6.004648539326268e-19,0.9999999999715816,1.0430737502631705e-26,0.9632928738198946,0.22997411324921513,0.001299452177551869,0.2511623473266015,0.9999999999999997,0.0013264101721477898,0.9999999999999541,9.960751159770347e-05,3.8435400695480126e-14,3.8435400695480126e-14,3.209086642252945e-14,,0.0,0.0,0.00456704015061846,7.054128794466933e-19,,,,,0.13043478260869565,,2.3332883504384434e-21,1.0,0.7209302325581395,4.770970844811595e-19,4.770970844811595e-19,1.0,0.42658033862811345,0.13286867808967343,1619,1.894608009996276,0.9196603566200838,44,1113.6931803688124,0.4795826259958821,831.5,85.67167769092002,0.5455156120633615,1562,986.6382352941176,846.0,585.0035688138154,340,0.4652856568234462,0.8173890317607586,0.42908333069536003,4,1172.5
sym13,1.0,antireflect,9.57095583939197e-23,277.4378456185615,5414153.626489557,0.5260869565217391,105.30332623113073,206,smoothed,8.047758791628473e-12,-9.969722825080725e-11,6.38099876234883,77686.44231102202,0.9919846772184954,0.00014966566451322876,0.9999999999999997,362.3999999999987,,,,[],[],11,426.59999999997376,32.199999999993906,728.3999999999667,"[9, 31, 53, 64, 80, 102, 131, 148, 158, 175, 192]","[310.99999999997067, 417.79999999997483, 589.5999999999686, 432.1999999999551, 728.3999999999667, 370.9999999999681, 586.9999999999874, 32.199999999993906, 448.1999999999787, 367.9999999999734, 407.19999999997356]","[0, 0, 0, 60, 0, 94, 120, 144, 144, 165, 186]","[20, 40, 75, 75, 205, 120, 205, 149, 205, 186, 205]",30736475.8399994,728.3999999999667,-728.3999999999667,0.0,,,,DWT,mdp.39015067403892,5.960464477539062e-07,,0.0,15.0,11.0,0.0,33.0,,3.3310243452433497e-11,168.39999999997383,987.8000000002876,168.39999999997676,,0.0,168.39999999997383,,,27.999999999993918,0.0,15.0,3.3310243452433497e-11,3.3310243452433497e-11,,1.2505552149377763e-12,1.763096187590456e-11,2.8009877249421493e-22,0.8188753541481816,0.35578854797522774,0.2564110678280812,0.08940023836560029,0.40830307946860667,,0.9999996594065889,4.378653915545866e-09,4.378653915545866e-09,3.6545069383167297e-09,,1.3476772024759434e-11,0.9999999956213461,2.222690170736294e-11,,,,,,1.2714713139979e-11,0.0,0.0,5.1207655702621546e-11,5.1207655702621546e-11,0.7999998994008864,0.30073748633150676,883,0.9965063475295355,0.5058942485811446,209,0,0.16666663896588196,0.23713383897261722,883,0.0,0.27553975540047554,0.486126702627581,196,392.9227023219707,0.588131339285146,542.75,329.17108906295863,0.5096055019276884,877,sym,1.0,1.0,0.0,7,659.5,1.0150135008198283e-11,0.9999999999706943,6.772962415338092e-23,0.8098857509118198,0.8080997208856371,0.0006716976486482785,0.07336384439359267,0.003976835794282058,0.9999999997251264,2.031581181560771e-05,4.716016466232986e-11,4.716016466232986e-11,3.936084791433814e-11,,1.3476772024759434e-11,0.0031261328404335598,2.222690170736294e-11,,,,,0.0,,5.899633691150378e-12,0.0,0.0,4.171858887753003e-11,4.171858887753003e-11,1.0,0.2015691612413549,0.05751224469543997,1703,1.6212534317736882,0.7494813914059848,1220,341.5325753131024,0.8209996984732167,1461.5,1421.5942524803284,0.5275071867628138,1354,0.7763846615972358,0.5622554397616224,0.28785410495344815,6,1017.0,,,,,,,,,,,,,6.815184352892991e-17,0.9999999999717571,6.772962415338092e-23,0.8620986946107816,0.2498125678948711,0.0014184992629078196,0.05550110886918874,0.9999999999999997,0.003976835794282057,0.9999999999999544,9.960751159762281e-05,3.8196984637750564e-14,3.8196984637750564e-14,3.187988067976377e-14,,0.0,1.053003690096747e-17,0.0045670401506197975,2.0668597367788115e-16,,,,,0.13043478260869565,,1.866630680350755e-19,0.7209302325581395,0.7209302325581395,1.3978944575297972e-16,1.3978944575297972e-16,1.0,0.398673361883928,0.12417638082767578,1764,1.7666659282022554,0.8575560796674934,886,620.8397538817887,0.7098879654757997,1325.0,1179.5501886792454,0.5453645434855634,1563,1409.1368421052632,1454.5,398.32527672708756,380,0.6645304607900322,0.5565550872278735,0.3678621512786154,7,1174.0
db20,1.0,smooth,7.798663591327442e-27,318.32719687534586,4963479.1476031,0.5655737704918032,58.96072057823381,206,smoothed,5.853354478567427e-14,-2.0442352255400955e-10,6.1925264367924,42204.852932007525,0.9897414608648769,0.0001496656645132028,1.0,362.40000000000015,,,,[],[],11,426.59999999999997,32.200000000000045,728.4000000000002,"[9, 31, 53, 64, 80, 102, 131, 148, 158, 175, 192]","[311.0, 417.7999999999999, 589.5999999999999, 432.20000000000005, 728.4000000000002, 371.0000000000001, 586.9999999999999, 32.200000000000045, 448.1999999999998, 367.9999999999999, 407.20000000000005]","[1, 1, 1, 60, 1, 94, 120, 144, 144, 165, 186]","[20, 40, 75, 75, 205, 120, 205, 149, 205, 186, 205]",30736475.839999996,728.4000000000002,-728.4000000000002,0.0,,,,DWT,mdp.39015067403892,0.0,,0.0,15.0,11.0,0.0,33.0,,2.2737367544323206e-13,168.40000000000003,987.7999999999993,168.39999999999998,,0.0,168.40000000000003,,,28.000000000000057,0.0,33.0,2.2737367544323206e-13,2.2737367544323206e-13,,1.7053025658242404e-13,7.975307831890148e-14,1.8035677534532364e-26,0.9742308823776408,0.08393530006420613,0.06300191904578452,0.3606345072590432,0.11406016746159135,,0.9999996647593375,4.4059199552998455e-09,4.4059199552998455e-09,3.67866784340914e-09,,1.837741639739923e-12,0.9999999955940747,1.5171946557926922e-13,,,,,,0.0,0.0,1.0,3.4954031196328703e-13,3.4954031196328703e-13,0.8999999009731254,0.3383296774411605,375,0.8478850088698575,0.4304439710884233,344,0,0.24999997273721733,0.3557007787885001,372,0.0,0.22798039660119226,0.4022191218918187,329,22.2560853101648,0.9766707701151313,355.0,353.9406695792023,0.802276684847922,139,db,0.573477938514061,0.8443824841957417,0.34525069778143475,3,105.0,5.5610304848141995e-14,0.999999999970514,4.721973278399423e-27,0.9607767139452137,0.7429919870547015,0.00016504061716928788,0.2959447799827437,0.0011109359186156668,0.999999999723548,2.0315811924354055e-05,4.745387416349445e-11,4.745387416349445e-11,3.962102868015904e-11,,1.837741639739923e-12,0.0031261328403482946,1.5171946557926922e-13,,,,,0.0,,0.0,0.0,1.0,2.847685247612971e-13,2.847685247612971e-13,1.0,0.30156916120521876,0.08604450842093775,1325,1.7668668284441975,0.8167963028227454,128,846.4068170802974,0.556390557085798,726.5,233.44803854094977,0.5878126789621863,931,0.49117026184683504,0.8233619396015222,0.4091722348267588,4,699.25,,,,,,,,,,,,,3.7338860926928756e-19,0.9999999999715835,4.721973278399423e-27,0.971548990280571,0.22968543536685038,0.0013000215307357775,0.22388771456645318,1.0,0.0011109359186156668,0.9999999999999541,9.960751159770499e-05,3.8434858594393884e-14,3.8434858594393884e-14,3.2090649582094954e-14,,0.0,1.4359141228592004e-18,0.004567040150618464,1.4108257588933865e-18,,,,,0.13043478260869565,,0.0,0.7209302325581395,1.0,9.54194168962319e-19,9.54194168962319e-19,1.0,0.42658033862811345,0.13286867808967343,1621,1.88842158280262,0.9166574072980586,52,1109.450539681693,0.48156516837304064,836.5,100.76748356246263,0.5453386589528755,1564,1009.0473684210526,935.5,610.6543869996938,760,0.4758535102197843,0.8532293215616218,0.41093374637766444,5,1174.25
db38,1.0,zero,1.9618587770659564e-26,314.32072132439555,4960680.567225826,0.5571428571428572,40.23818181380633,206,smoothed,9.85274429465401e-14,-2.0123962496398955e-10,6.19601996610494,46163.536408163265,0.9913217544925665,0.0001496656645132028,0.9999999999999997,362.3999999999999,,,,[],[],11,426.6,32.19999999999996,728.4000000000005,"[9, 31, 53, 64, 80, 102, 131, 148, 158, 175, 192]","[311.0000000000002, 417.7999999999997, 589.6000000000004, 432.19999999999993, 728.4000000000005, 370.99999999999966, 586.9999999999999, 32.19999999999996, 448.2000000000002, 368.0000000000001, 407.20000000000005]","[1, 1, 1, 60, 1, 94, 120, 144, 144, 165, 186]","[20, 40, 75, 75, 204, 120, 204, 149, 204, 186, 204]",30736475.839999992,728.4000000000005,-728.4000000000005,0.0,,,,DWT,mdp.39015067403892,3.725290298461914e-09,,0.0,15.0,11.0,0.0,33.0,,5.684341886080801e-13,168.4000000000001,987.7999999999984,168.4000000000001,,0.0,168.4000000000001,,,27.99999999999997,0.0,33.0,5.684341886080801e-13,5.684341886080801e-13,,5.684341886080802e-14,1.676140705381568e-13,5.262786353605594e-26,0.9590086275258222,0.08897438093447457,0.061800894639199896,0.30272270358607545,0.14688887029380004,,0.9999996646849938,4.4059791007223055e-09,4.4059791007223055e-09,3.6787861342541454e-09,,6.125805465799743e-13,0.9999999955939887,3.7929866394817307e-13,,,,,,7.946695712486874e-14,0.0,1.0,8.738507799082175e-13,8.738507799082175e-13,0.8999999009506009,0.338329677432693,575,0.830637443854331,0.4216879366035295,416,0,0.2499999727310455,0.3557007787797188,569,0.0,0.22277078242564857,0.3930279525179542,386,99.51381813597547,0.8956878216604031,486.5,471.0804085748036,0.6928648751907885,341,db,0.573477938514061,0.8443824841957417,0.34525069778143475,3,256.5,1.0614328902300586e-13,0.999999999970514,1.308653429668353e-26,0.9459919121405547,0.7441988261804985,0.00016189439857308826,0.24842105263157924,0.0014306845736414592,0.9999999997235961,2.0315811922799742e-05,4.745454029730922e-11,4.745454029730922e-11,3.962224992548613e-11,,6.125805465799743e-13,0.0031261328403480726,3.7929866394817307e-13,,,,,0.0,,3.687271056968986e-14,0.0,1.0,7.119213119032428e-13,7.119213119032428e-13,1.0,0.30156916120490945,0.0860445084208495,1369,1.7397162023365818,0.8042449714677102,345,724.0773439350247,0.6205045367216852,857.0,551.1143523920654,0.5856715555725827,947,0.49117026184683504,0.8233619396015222,0.4091722348267588,4,711.25,,,,,,,,,,,,,7.126861681444707e-19,0.9999999999715835,1.308653429668353e-26,0.9608246838250476,0.23005851256668028,0.0012992858124470032,0.18793513346347898,0.9999999999999997,0.0014306845736414594,0.9999999999999541,9.960751159770391e-05,3.8435400695480126e-14,3.8435400695480126e-14,3.209173378426744e-14,,0.0,4.786380409530668e-19,0.00456704015061846,3.5270643972334666e-18,,,,,0.13043478260869565,,1.1666441752192217e-21,0.7209302325581395,1.0,2.3854854224057974e-18,2.3854854224057974e-18,1.0,0.42658033862811345,0.13286867808967343,1635,1.867920036690897,0.9067057660567617,130,1064.195705685754,0.5027122870627317,882.5,240.84985835694047,0.5451645547463191,1565,1009.0473684210526,935.5,610.6543869996938,760,0.4758535102197843,0.8532293215616218,0.41093374637766444,5,1175.0
db19,1.0,smooth,9.023772235979414e-27,317.69351749253843,4964559.442604116,0.5537190082644629,55.373129847031024,206,smoothed,6.565621832618209e-14,-2.001596666190158e-10,6.19117893447509,41855.665126698994,0.9897250504087812,0.0001496656645132029,0.9999999999999997,362.4,,,,[],[],11,426.59999999999997,32.200000000000045,728.3999999999997,"[9, 31, 53, 64, 80, 102, 131, 148, 158, 175, 192]","[311.00000000000017, 417.7999999999999, 589.6000000000001, 432.2, 728.3999999999997, 371.0, 587.0, 32.200000000000045, 448.20000000000016, 367.9999999999999, 407.1999999999998]","[1, 1, 1, 60, 1, 94, 120, 144, 144, 165, 186]","[20, 40, 75, 75, 205, 120, 205, 149, 205, 186, 205]",30736475.839999992,728.3999999999997,-728.3999999999997,0.0,,,,DWT,mdp.39015067403892,3.725290298461914e-09,,0.0,15.0,11.0,0.0,33.0,,2.2737367544323206e-13,168.40000000000003,987.7999999999993,168.40000000000003,,0.0,168.40000000000003,,,28.000000000000057,0.0,33.0,2.2737367544323206e-13,2.2737367544323206e-13,,0.0,9.540059439762184e-14,2.1621080068837798e-26,0.9718232727624642,0.0819916572484945,0.06346553290982343,0.27920434254441334,0.11116441114205933,,0.9999996647593375,4.4059199552998455e-09,4.4059199552998455e-09,3.6787269888316428e-09,,0.0,0.9999999955940747,1.5171946557926922e-13,,,,,,7.946695712486874e-14,0.0,1.0,3.4954031196328703e-13,3.4954031196328703e-13,0.8999999009722641,0.3383296774408367,410,0.8119700602112551,0.4122111058291927,468,0,0.24999997273707575,0.35570077878829864,397,0.0,0.2153784595153358,0.37998589419164974,442,32.01431971269523,0.9664420128797744,429.25,427.4823415701103,0.7582472118906209,208,db,0.573477938514061,0.8443824841957417,0.34525069778143475,3,156.75,6.460992643685214e-14,0.9999999999705149,5.588941277241341e-27,0.9584382935646664,0.7425264926010573,0.00016625510586118974,0.22912135711178816,0.0010827315087982808,0.9999999997236123,2.0315811924354055e-05,4.745387416349445e-11,4.745387416349445e-11,3.962169481397382e-11,,0.0,0.0031261328403482946,1.5171946557926922e-13,,,,,0.0,,3.687271056968986e-14,0.0,1.0,2.847685247612971e-13,2.847685247612971e-13,1.0,0.30156916120431854,0.0860445084206809,1516,1.7384909853211123,0.8036785718317669,360,817.415439051649,0.5715851996584649,938.0,581.8336886993603,0.5399854719466328,1266,0.49117026184683504,0.8233619396015222,0.4091722348267588,4,950.5,,,,,,,,,,,,,4.338154707679728e-19,0.9999999999715842,5.588941277241341e-27,0.9698527932591859,0.2295415343583483,0.0013003055292930366,0.17333455587597635,0.9999999999999997,0.0010827315087982808,0.9999999999999541,9.960751159770499e-05,3.8434858594393884e-14,3.8434858594393884e-14,3.20911916831812e-14,,0.0,0.0,0.004567040150618464,1.4108257588933865e-18,,,,,0.13043478260869565,,1.1666441752192217e-21,0.7209302325581395,1.0,9.54194168962319e-19,9.54194168962319e-19,1.0,0.42658033862811345,0.13286867808967343,1637,1.8670995108446986,0.906307475176353,140,1058.5388514362617,0.5053556768989431,888.5,257.9403489026449,0.5450843805055463,1566,1009.0473684210526,935.5,610.6543869996938,760,0.4758535102197843,0.8532293215616218,0.41093374637766444,5,1175.75
db20,1.0,constant,7.798663591327442e-27,318.32719687534586,4963479.1476031,0.5655737704918032,58.96072057823381,206,smoothed,5.853354478567427e-14,-2.0442352255400955e-10,6.1925264367924,42204.852932007525,0.9897414608648769,0.0001496656645132028,1.0,362.40000000000015,,,,[],[],11,426.59999999999997,32.200000000000045,728.4000000000002,"[9, 31, 53, 64, 80, 102, 131, 148, 158, 175, 192]","[311.0, 417.7999999999999, 589.5999999999999, 432.20000000000005, 728.4000000000002, 371.0000000000001, 586.9999999999999, 32.200000000000045, 448.1999999999998, 367.9999999999999, 407.20000000000005]","[1, 1, 1, 60, 1, 94, 120, 144, 144, 165, 186]","[20, 40, 75, 75, 205, 120, 205, 149, 205, 186, 205]",30736475.839999996,728.4000000000002,-728.4000000000002,0.0,,,,DWT,mdp.39015067403892,0.0,,0.0,15.0,11.0,0.0,33.0,,2.2737367544323206e-13,168.40000000000003,987.7999999999993,168.39999999999998,,0.0,168.40000000000003,,,28.000000000000057,0.0,33.0,2.2737367544323206e-13,2.2737367544323206e-13,,1.7053025658242404e-13,7.975307831890148e-14,1.8035677534532364e-26,0.9742308823776408,0.08393530006420613,0.06300191904578452,0.3606345072590432,0.11406016746159135,,0.9999996647593375,4.4059199552998455e-09,4.4059199552998455e-09,3.67866784340914e-09,,1.837741639739923e-12,0.9999999955940747,1.5171946557926922e-13,,,,,,0.0,0.0,1.0,3.4954031196328703e-13,3.4954031196328703e-13,0.8999999009731254,0.3383296774411605,374,0.8478850088698575,0.4304439710884233,343,0,0.24999997273721733,0.3557007787885001,375,0.0,0.22798039660119226,0.4022191218918187,330,22.575798250929395,0.9763356412464053,355.5,354.4145491516433,0.8018470659062216,141,db,0.573477938514061,0.8443824841957417,0.34525069778143475,3,106.5,5.5610304848141995e-14,0.999999999970514,4.721973278399423e-27,0.9607767139452137,0.7429919870547015,0.00016504061716928788,0.2959447799827437,0.0011109359186156668,0.999999999723548,2.0315811924354055e-05,4.745387416349445e-11,4.745387416349445e-11,3.962102868015904e-11,,1.837741639739923e-12,0.0031261328403482946,1.5171946557926922e-13,,,,,0.0,,0.0,0.0,1.0,2.847685247612971e-13,2.847685247612971e-13,1.0,0.30156916120521876,0.08604450842093775,1326,1.7668668284441975,0.8167963028227454,127,847.8210306426705,0.5556493550090825,726.5,231.799036476256,0.5874420779238285,935,0.49117026184683504,0.8233619396015222,0.4091722348267588,4,702.25,,,,,,,,,,,,,3.7338860926928756e-19,0.9999999999715835,4.721973278399423e-27,0.971548990280571,0.22968543536685038,0.0013000215307357775,0.22388771456645318,1.0,0.0011109359186156668,0.9999999999999541,9.960751159770499e-05,3.8434858594393884e-14,3.8434858594393884e-14,3.2090649582094954e-14,,0.0,1.4359141228592004e-18,0.004567040150618464,1.4108257588933865e-18,,,,,0.13043478260869565,,0.0,0.7209302325581395,1.0,9.54194168962319e-19,9.54194168962319e-19,1.0,0.42658033862811345,0.13286867808967343,1623,1.88842158280262,0.9166574072980586,53,1110.1576464628797,0.4812347446435141,838.0,102.64797136038187,0.5448229797983926,1567,1009.0473684210526,935.5,610.6543869996938,760,0.4758535102197843,0.8532293215616218,0.41093374637766444,5,1176.5
coif10,1.0,smooth,1.586569306730483e-26,315.2428082593844,4961313.399282667,0.571969696969697,43.95439910362883,206,smoothed,8.52996206570256e-14,-2.1088613078035274e-10,6.1952296431110465,44872.55568411387,0.9907918986566892,0.00014966566451320252,0.9999999999999997,362.4,,,,[],[],11,426.6,32.19999999999993,728.4000000000001,"[9, 31, 53, 64, 80, 102, 131, 148, 158, 175, 192]","[310.9999999999999, 417.8, 589.6000000000001, 432.2000000000003, 728.4000000000001, 370.99999999999994, 587.0000000000002, 32.19999999999993, 448.19999999999993, 367.9999999999998, 407.1999999999998]","[0, 0, 0, 60, 0, 94, 120, 144, 144, 165, 186]","[20, 40, 75, 75, 203, 120, 203, 149, 203, 186, 203]",30736475.840000004,728.4000000000001,-728.4000000000001,0.0,,,,DWT,mdp.39015067403892,7.450580596923828e-09,,0.0,33.0,11.0,0.0,33.0,,1.1368683772161603e-13,168.4000000000001,987.7999999999984,168.4,,0.0,168.4000000000001,,,27.999999999999943,0.0,15.0,1.1368683772161603e-13,1.1368683772161603e-13,,0.0,1.385543978205333e-13,4.1644643199534704e-26,0.9625120165123351,0.08783441583798451,0.06207247760022792,0.40456801993603253,0.13618298213497115,,0.9999996646602125,4.4059791007223055e-09,4.4059791007223055e-09,3.6786974161203912e-09,,0.0,0.9999999955939887,7.585973278963461e-14,,,,,,1.5893391424973748e-13,1.0,0.0,1.7477015598164352e-13,1.7477015598164352e-13,0.8999999009424421,0.33832967742962594,601,0.8687610574549501,0.4410420700754304,304,0,0.24999997272878674,0.355700778776505,601,0.0,0.2361671302888129,0.4166627358344559,289,175.90977801134306,0.8156081991495356,448.75,396.92508809351534,0.6726101792393381,389,coif,0.5556920286951962,0.9053407607371553,0.33941335169221604,4,292.75,8.942970607254419e-14,0.9999999999705123,1.0430737502631705e-26,0.9493946216809241,0.743925809232387,0.00016260584070341717,0.3319976076555028,0.0013264101721477898,0.9999999997234507,2.0315811922300142e-05,4.745454029730922e-11,4.745454029730922e-11,3.962136174706643e-11,,0.0,0.0031261328403480726,7.585973278963461e-14,,,,,0.0,,7.374542113937972e-14,1.0,0.0,1.4238426238064856e-13,1.4238426238064856e-13,1.0,0.3015691612042416,0.08604450842065894,1563,1.7750105875567206,0.8205610417533218,75,1052.1748904055828,0.4485456549236987,819.0,143.13186813186812,0.5096501859524154,1480,0.4784248188775415,0.776734912893196,0.43208215291776214,2,1110.5,,,,,,,,,,,,,6.004648539326268e-19,0.9999999999715816,1.0430737502631705e-26,0.9632928738198946,0.22997411324921513,0.001299452177551869,0.2511623473266015,0.9999999999999997,0.0013264101721477898,0.9999999999999541,9.960751159770347e-05,3.8435400695480126e-14,3.8435400695480126e-14,3.209086642252945e-14,,0.0,0.0,0.00456704015061846,7.054128794466933e-19,,,,,0.13043478260869565,,2.3332883504384434e-21,1.0,0.7209302325581395,4.770970844811595e-19,4.770970844811595e-19,1.0,0.42658033862811345,0.13286867808967343,1624,1.894608009996276,0.9196603566200838,43,1117.9358210559317,0.4776000836187235,833.5,83.78164367126575,0.5440570511551561,1568,986.6382352941176,846.0,585.0035688138154,340,0.4652856568234462,0.8173890317607586,0.42908333069536003,4,1177.0
dmey,1.0,antisymmetric,0.3337710971973005,62.01291147867757,5975720.015242403,0.5225563909774437,98.9698946002884,206,smoothed,0.4533325686614371,,6.600672668453265,113178.31895926634,0.9947251531288225,0.0001490255536918958,0.9999974135643561,362.4927933664886,,,,[],[],11,427.51118342210845,32.198853096300326,728.9134978342621,"[9, 31, 53, 64, 80, 102, 131, 148, 158, 175, 192]","[312.20068689894003, 418.802211955903, 591.077099526049, 432.3103797089482, 728.9134978342621, 372.3067739886741, 589.0360942313794, 32.198853096300326, 449.6477405950542, 368.041364774612, 408.08831503307056]","[1, 1, 1, 60, 1, 94, 120, 144, 144, 165, 186]","[20, 40, 75, 75, 205, 120, 205, 149, 205, 186, 205]",30782317.005783197,729.0504934271131,-729.0504934271131,0.0,,,,DWT,mdp.39015067403892,45841.16578320041,,0.0,15.0,11.0,0.0,33.0,,0.6504934271131333,169.3111834221085,977.776982356806,169.31118342210846,,0.0,169.3111834221085,,,27.998853096300337,0.0,33.0,0.5134978342621253,0.6504934271131333,,0.09279336648864955,0.9959081539810902,0.9768143772335108,0.00038708254604491454,0.6726470824018682,0.497410020113551,0.06514884231948381,0.7026313020862164,,4.9562465243013776e-11,0.9480838726715142,0.9480838726715142,0.948083872633758,,0.9999998645719178,0.05191612732849582,0.3426413230928875,,,,,,0.977872236521175,0.0,1.0,0.9999999999998253,0.9999999999998253,2.539490261165073,0.9546500171788389,6,1.7772339310820502,0.9022445530293215,12,0,0.6847234307950397,0.9742267365946443,5,0.0,0.5587066943831095,0.9857098213710177,4,3.593976442141304,0.9962327290962879,6.75,5.714285714285714,0.9945786286990874,2,dmey,0.05454592478921323,0.2086207600700168,0.8992316246265456,1,1.75,0.5727935653077662,0.9955569155545267,0.23619852938889227,0.014918974118579231,0.8839860355794467,0.0013030215261549435,0.053462603878116854,0.006843566587732085,,9.992007221626409e-16,0.010211316682480043,0.010211316682480043,0.010211316674727244,,0.9999998645719178,0.00016229671130035817,0.3426413230928875,,,,,0.0,,0.45373324027901923,0.0,1.0,0.8146943714782666,0.8146943714782666,1.0,1.5333362959307755,0.43749555591184214,963,1.0879426431023111,0.5029397316557515,1856,631.4463555995869,0.6690532727465477,1409.5,1268.0581766583896,0.4651608082810307,1677,1.0,0.16047866370298075,0.25185640088910577,7,1259.5,,,,,,,,,,,,,3.845952532227657e-06,0.9957180414590268,0.23619852938889227,0.28546145260163913,0.2732717458301915,0.0015661293491906574,0.04044545133636457,0.9999979813301898,0.006843566587732084,,9.959214347805064e-05,8.270578041549197e-06,8.270578041549197e-06,8.270578035204988e-06,,0.0,7.813470062088353e-07,0.004520668618990964,3.1861910588407006e-06,,,,,0.13043478260869565,,1.4356016514554648e-08,0.7209302325581395,1.0,2.7298544296726874e-06,2.7298544296726874e-06,1.0,0.4265676746608793,0.1328647335933303,1688,1.168046292709192,0.5669805386834681,1907,154.8563850798539,0.9276372032337131,1797.5,1790.8294853963837,0.5438419661028379,1569,1640.65,1604.0,395.57969121943455,20,0.7737090308889414,0.5527188516912812,0.2925880228703567,9,1179.0
sym4,1.0,constant,1.7511477297204635e-20,257.03856461424357,5953281.0694954395,0.6132075471698113,275.9711157991923,206,raw,1.0493607708770346e-10,-1.798590166496643e-10,6.342076911336652,64445.08337914274,0.7637245422468364,5.61894388368532e-06,1.0,326.999999999936,,,,[],[],13,661.1538461540872,87.0000000000405,940.0000000002987,"[8, 32, 51, 63, 81, 100, 111, 133, 152, 162, 175, 192, 204]","[878.0000000000725, 638.0000000004583, 787.000000000462, 792.0000000002874, 940.0000000002987, 788.0000000001833, 637.0000000002992, 675.0000000001833, 771.000000000165, 196.00000000026546, 834.000000000385, 572.0000000000346, 87.0000000000405]","[0, 13, 42, 42, 76, 99, 107, 107, 107, 161, 164, 187, 203]","[76, 42, 61, 76, 205, 164, 119, 142, 164, 164, 205, 205, 205]",37754613.000007346,941.0000000001068,-941.0000000001068,0.0,,,,DWT,mdp.39015067403892,7.3462724685668945e-06,,0.0,33.0,19.0,0.0,28.5,,1.0675194062059745e-10,256.3413461540872,4358.999999996866,256.3413461540873,,0.0,256.3413461540872,,,84.0000000000405,0.0,28.5,2.986553226946853e-10,1.0675194062059745e-10,,6.400568963726982e-11,1.3257020607732794e-10,1.2392280079922666e-20,0.7346077858347968,0.7946541738620795,0.0002445685310538409,0.4204851752021561,0.0005428956256783955,0.9999999997239184,0.47422802465864905,6.882604103827127e-09,6.882604103827127e-09,6.268725720692922e-09,,3.219544143379721e-09,0.9999999931173349,3.576125572280296e-10,,,,,,7.27129852434284e-11,1.0,1.0,1.3369882237542902e-10,1.3369882237542902e-10,0.8422684118448566,0.27536483445951243,40,1.4066252709579172,0.6756068811840683,789,0,0.28951900347726545,0.34592251000138824,40,0.0,0.36881682486403167,0.6698992211713398,756,423.12360290266645,0.5564742107938507,406.25,76.05982938678703,0.5653178181851853,650,sym,0.8243425715244881,0.7368036147090654,0.2019191155201387,6,489.0,1.3257020607732796e-10,0.0001547883299317654,1.2392280079922666e-20,0.7346077858347967,0.7946541738620795,0.0012777952260774122,0.5644488579940417,0.0029073118642471934,0.9999999997239183,0.9919828214569191,0.9855281704479477,0.9855281704479477,0.9855281704478369,,6.897656954490511e-10,0.9999999999658334,1.9928351803837013e-10,,,,,1.0,,7.27129852434284e-11,1.0,0.75,1.3369882237542902e-10,1.3369882237542902e-10,0.0,2.259570200357474,0.6447065288617253,42,1.4657195604165898,0.6775803918269445,1629,1122.178461743051,0.41185615212628357,835.5,81.88868940754041,0.48698153518263865,1594,0.7763846615972358,0.5622554397616224,0.28785410495344815,6,1197.0,,,,,,,,,,,,,8.90126479488454e-16,0.03641360043838469,1.2392280079922666e-20,0.807495056530237,0.24565606772305446,0.001560230378805202,0.4270160291838876,1.0,0.0029073118642471934,0.9999999999999543,0.0008499884728396649,0.0007982210227423138,0.0007982210227423138,0.0007982210227359761,,0.0,5.389464341131534e-16,0.02016391057303532,1.853119634306463e-15,,,,,0.4782608695652174,,2.3006223135323053e-18,1.0,0.9302325581395349,4.479941623278088e-16,4.479941623278088e-16,0.9302325581395349,0.5814294660167846,0.18110015290550832,212,1.5909985995198233,0.772285523810981,1656,1021.0621920333746,0.5228681345638437,934.0,375.8800856531049,0.5432097682165014,1570,1409.1368421052632,1454.5,398.32527672708756,380,0.6645304607900322,0.5565550872278735,0.3678621512786154,7,1179.25
rbio3.3,1.0,symmetric,3.1395898143422268e-27,322.2786696279811,4836867.668481709,0.5471698113207547,132.8365986391519,206,smoothed,3.6553284670959554e-14,-2.037650492781045e-10,6.2798337582240205,31491.305401092883,0.9530003365915728,0.00014966566451320274,0.9999999999999999,362.40000000000003,,,,[],[],11,426.6,32.200000000000045,728.4,"[9, 31, 53, 64, 80, 102, 131, 148, 158, 175, 192]","[311.0, 417.8000000000001, 589.6, 432.19999999999993, 728.4, 371.0000000000001, 587.0000000000001, 32.200000000000045, 448.2, 367.9999999999999, 407.20000000000005]","[0, 0, 0, 60, 0, 94, 120, 144, 144, 165, 186]","[20, 40, 75, 75, 203, 120, 203, 149, 203, 186, 203]",30736475.839999996,728.4,-728.4,0.0,,,,DWT,mdp.39015067403892,0.0,,0.0,33.0,11.0,0.0,33.0,,0.0,168.4000000000001,987.7999999999984,168.40000000000003,,0.0,168.4000000000001,,,28.000000000000057,0.0,15.0,0.0,0.0,,5.684341886080802e-14,3.146552567403698e-14,4.4004338355833386e-27,0.989244158888554,0.20986773511813256,0.008665985794269804,0.23421801758508504,0.025214501903938383,,0.9999996647593375,4.4059791007223055e-09,4.4059791007223055e-09,3.6787269888316428e-09,,6.125805465799743e-13,0.9999999955939887,0.0,,,,,,0.0,1.0,0.0,0.0,0.0,0.8999999009723074,0.33832967744085296,407,0.8065863635849524,0.40947797606428515,483,0,0.24999997273705196,0.3557007787882648,418,0.0,0.20960148561285882,0.36979374870507553,492,43.688289811649376,0.9542051469479567,450.0,446.81451471868775,0.7412535168702048,244,rbio,0.7685897546424816,0.816051598246696,0.21717169227625407,5,184.25,2.7837864860706075e-14,0.9999999999705138,1.4249041682249539e-27,0.9753585429720663,0.7731522868678428,2.2701525057152458e-05,0.19220456802383332,0.0002455870130518697,0.999999999723558,2.0315811924354055e-05,4.745454029730922e-11,4.745454029730922e-11,3.962169481397382e-11,,6.125805465799743e-13,0.0031261328403480726,0.0,,,,,0.0,,0.0,1.0,0.0,0.0,0.0,1.0,0.3015691612044169,0.08604450842070896,1496,1.7487826818750294,0.8084362703519294,253,878.9337290148786,0.5393429093213424,874.5,432.8050314465409,0.5405047879940046,1263,0.3888041033402703,1.0,0.4278371276618108,3,948.0,,,,,,,,,,,,,1.8691394830058554e-19,0.9999999999715831,1.4249041682249539e-27,0.9821260683660368,0.239009064307772,0.0012667366619091372,0.1454063202824446,0.9999999999999999,0.0002455870130518697,0.9999999999999541,9.960751159770499e-05,3.8435400695480126e-14,3.8435400695480126e-14,3.20911916831812e-14,,0.0,4.786380409530668e-19,0.00456704015061846,0.0,,,,,0.13043478260869565,,0.0,1.0,0.7209302325581395,0.0,0.0,1.0,0.42658033862811345,0.13286867808967343,1644,1.8676743044141175,0.9065864853231727,135,1067.0241328105003,0.501390592144626,889.5,249.51096121416526,0.5428681932685747,1571,818.67,599.5,715.6978453131971,300,0.38607403914171184,1.0,0.42974817260080167,3,1179.0
sym4,1.0,zero,1.7511203207161443e-20,257.03863259064724,5953198.1732390765,0.6132075471698113,275.9711157991923,206,raw,1.0491117359958604e-10,-1.8734114267951737e-10,6.341904284275112,64635.40819688457,0.7644184148975758,5.618943883685319e-06,1.0,326.999999999936,,,,[],[],13,661.1538461540869,87.0000000000405,940.0000000002987,"[8, 32, 51, 63, 81, 100, 111, 133, 152, 162, 175, 192, 204]","[878.0000000000664, 638.0000000004583, 787.000000000462, 792.0000000002874, 940.0000000002987, 788.0000000001833, 637.0000000002992, 675.0000000001833, 771.000000000165, 196.00000000026546, 834.000000000385, 572.0000000000346, 87.0000000000405]","[0, 13, 42, 42, 76, 99, 107, 107, 107, 161, 164, 187, 203]","[76, 42, 61, 76, 205, 164, 119, 142, 164, 164, 205, 205, 205]",37754613.00000735,941.0000000001068,-941.0000000001068,0.0,,,,DWT,mdp.39015067403892,7.353723049163818e-06,,0.0,33.0,19.0,0.0,28.5,,1.0675194062059745e-10,256.34134615408686,4358.999999996871,256.34134615408686,,0.0,256.34134615408686,,,84.0000000000405,0.0,28.5,2.986553226946853e-10,1.0675194062059745e-10,,6.400568963726982e-11,1.3253874008804442e-10,1.2392086115658935e-20,0.7346080366831154,0.7945945398720942,0.00024447524105373624,0.4204851752021561,0.0005583048933226784,0.9999999997238056,0.47422802465864905,6.882339994381989e-09,6.882339994381989e-09,6.268373574765855e-09,,3.219544143379721e-09,0.99999999311766,3.576125572280296e-10,,,,,,7.278673066456779e-11,1.0,1.0,1.3369882237542902e-10,1.3369882237542902e-10,0.8422684118447918,0.2753648344594913,41,1.4066017215339186,0.6755955703159715,790,0,0.2895190034772253,0.3459225100013403,41,0.0,0.36881131646851084,0.6698892160153368,757,423.12360290266645,0.5564742107938507,407.25,77.87052982682631,0.5647937091705103,652,sym,0.8243425715244881,0.7368036147090654,0.2019191155201387,6,490.5,1.3253874008804444e-10,0.0001547883299317654,1.2392086115658935e-20,0.7346080366831154,0.7945945398720943,0.0012777020324906056,0.5644488579940417,0.0029226846781782723,0.9999999997238055,0.9919828214569191,0.9855281704479439,0.9855281704479439,0.9855281704478318,,6.897656954490511e-10,0.999999999965835,1.9928351803837013e-10,,,,,1.0,,7.278673066456777e-11,1.0,0.75,1.3369882237542902e-10,1.3369882237542902e-10,0.0,2.259570200357507,0.6447065288617349,40,1.465695996459313,0.6775694985593401,1630,1124.2997820866105,0.4107443490112104,835.0,78.08383233532933,0.4865566608787708,1596,0.7763846615972358,0.5622554397616224,0.28785410495344815,6,1198.5,,,,,,,,,,,,,8.899152049412286e-16,0.03641360043838468,1.2392086115658935e-20,0.8074952384856179,0.24563763272080533,0.0015602085862233728,0.4270160291838876,1.0,0.0029226846781782723,0.9999999999999541,0.0008499884728396649,0.0007982210227423106,0.0007982210227423106,0.000798221022735972,,0.0,5.389464341131534e-16,0.02016391057303535,1.853119634306463e-15,,,,,0.4782608695652174,,2.302955601882744e-18,1.0,0.9302325581395349,4.479941623278088e-16,4.479941623278088e-16,0.9302325581395349,0.5814294660167847,0.18110015290550835,210,1.5909956294212089,0.7722840820974781,1657,1023.1835123769342,0.5218768633752644,933.5,372.75843599357256,0.5428309550521182,1572,1409.1368421052632,1454.5,398.32527672708756,380,0.6645304607900322,0.5565550872278735,0.3678621512786154,7,1180.75
db28,1.0,constant,1.1801864625793177e-26,316.5278924552287,4962907.071146366,0.5615384615384615,47.042419839983936,206,smoothed,8.091046710724538e-14,-1.9864974110106498e-10,6.19324025200824,44445.14404733727,0.9907581780732001,0.0001496656645132028,0.9999999999999997,362.40000000000003,,,,[],[],11,426.59999999999997,32.2000000000001,728.4,"[9, 31, 53, 64, 80, 102, 131, 148, 158, 175, 192]","[310.9999999999999, 417.79999999999984, 589.6000000000001, 432.20000000000005, 728.4, 371.0000000000002, 586.9999999999999, 32.2000000000001, 448.20000000000016, 368.0, 407.2000000000002]","[0, 0, 0, 60, 0, 94, 120, 144, 144, 165, 186]","[20, 40, 75, 75, 203, 120, 203, 149, 203, 186, 203]",30736475.839999996,728.4,-728.4,0.0,,,,DWT,mdp.39015067403892,0.0,,0.0,33.0,11.0,0.0,33.0,,0.0,168.40000000000003,987.7999999999993,168.40000000000006,,0.0,168.40000000000003,,,28.000000000000114,0.0,15.0,0.0,0.0,,5.684341886080802e-14,1.289120422708134e-13,2.97514442928226e-26,0.9673945819707831,0.08496491003087747,0.06275640964660865,0.3329160371249733,0.13263852860760994,,0.9999996648089,4.4059199552998455e-09,4.4059199552998455e-09,3.6787565615428943e-09,,6.125805465799743e-13,0.9999999955940747,0.0,,,,,,0.0,1.0,0.0,0.0,0.0,0.8999999009871925,0.3383296774464486,359,0.8405192353142849,0.4267046045632092,370,0,0.24999997274118194,0.35570077879414097,359,0.0,0.2258100667687117,0.3983900726733326,347,9.394147114027968,0.9901528856247086,358.75,358.56502451461836,0.8070523337976793,129,db,0.573477938514061,0.8443824841957417,0.34525069778143475,3,97.5,8.388393441557874e-14,0.999999999970514,7.554903406648245e-27,0.9541368732924063,0.743238574403482,0.00016439747766854658,0.2731983805668018,0.001291887509038992,0.9999999997236351,2.0315811925353255e-05,4.745387416349445e-11,4.745387416349445e-11,3.9622027880881205e-11,,6.125805465799743e-13,0.0031261328403482946,0.0,,,,,0.0,,0.0,1.0,0.0,0.0,0.0,1.0,0.301569161204417,0.086044508420709,1491,1.7539797170269886,0.8108387825443724,213,903.6824663564078,0.5263718729788219,852.0,372.75,0.5399154962378386,1267,0.49117026184683504,0.8233619396015222,0.4091722348267588,4,951.25,,,,,,,,,,,,,5.632284465442121e-19,0.9999999999715835,7.554903406648245e-27,0.9667327142886866,0.22976166434851827,0.0012998711376596259,0.20667964155990148,0.9999999999999997,0.0012918875090389922,0.9999999999999541,9.960751159770586e-05,3.8434858594393884e-14,3.8434858594393884e-14,3.2091408523615694e-14,,0.0,4.786380409530668e-19,0.004567040150618464,0.0,,,,,0.13043478260869565,,0.0,1.0,0.7209302325581395,0.0,0.0,1.0,0.42658033862811345,0.13286867808967343,1636,1.8787590079353338,0.9119671035510929,87,1095.3084040579622,0.488173642963569,861.5,165.21416134648868,0.5428017747528125,1573,1009.0473684210526,935.5,610.6543869996938,760,0.4758535102197843,0.8532293215616218,0.41093374637766444,5,1181.0
sym13,1.0,constant,9.81639662042583e-23,277.3278777699396,4961907.129837076,0.5565217391304348,64.82248545023322,206,smoothed,8.196869289040655e-12,-1.1044445358270454e-10,6.1944883359816,39364.79134971515,0.9876483414709011,0.00014966566451322802,0.9999999999999999,362.3999999999987,,,,[],[],11,426.59999999997285,32.199999999993906,728.3999999999563,"[9, 31, 53, 64, 80, 102, 131, 148, 158, 175, 192]","[310.99999999997067, 417.79999999997483, 589.5999999999686, 432.1999999999551, 728.3999999999563, 370.9999999999681, 586.9999999999874, 32.199999999993906, 448.1999999999787, 367.9999999999734, 407.19999999997367]","[0, 0, 0, 60, 0, 94, 120, 144, 144, 165, 186]","[20, 40, 75, 75, 205, 120, 205, 149, 205, 186, 205]",30736475.839999408,728.3999999999667,-728.3999999999667,0.0,,,,DWT,mdp.39015067403892,5.885958671569824e-07,,0.0,15.0,11.0,0.0,33.0,,3.3310243452433497e-11,168.39999999997292,987.8000000002976,168.39999999997676,,0.0,168.39999999997292,,,27.999999999993918,0.0,15.0,4.3655745685100555e-11,3.3310243452433497e-11,,1.2505552149377763e-12,1.7958536752458115e-11,2.8728184154023163e-22,0.8184575408866402,0.08676515142346233,0.06232727996094309,0.29845625428166583,0.09050800971222026,,0.9999996594065889,4.377707588786509e-09,4.377707588786509e-09,3.6545069383167297e-09,,1.3476772024759434e-11,0.9999999956222925,2.913013739121969e-11,,,,,,1.2555779225729262e-11,0.0,0.0,5.1207655702621546e-11,5.1207655702621546e-11,0.7999998994041639,0.30073748633273883,879,0.7212064458271288,0.36613333561608785,741,0,0.16666663896636508,0.2371338389733046,881,0.0,0.19378774804041293,0.34189403568131294,656,110.3883296971801,0.8842889625815722,789.25,777.2048737824337,0.5284914414585009,797,sym,1.0,1.0,0.0,7,599.5,1.033853870857598e-11,0.9999999999706892,6.946652564122875e-23,0.8094799446549032,0.7436697248065781,0.00016327332416273942,0.24491990846681944,0.0008815399902475144,0.9999999997249645,2.031581181560771e-05,4.715000612165454e-11,4.715000612165454e-11,3.936084791433814e-11,,1.3476772024759434e-11,0.0031261328404365574,2.913013739121969e-11,,,,,0.0,,5.825888270010998e-12,0.0,0.0,4.171858887753003e-11,4.171858887753003e-11,1.0,0.20156916124476507,0.05751224469641296,1701,1.655925045125433,0.7655095635028834,1081,438.4062043356595,0.7702273562182078,1391.0,1321.9130122214235,0.5205958584026049,1404,0.7763846615972358,0.5622554397616224,0.28785410495344815,6,1054.5,,,,,,,,,,,,,6.941685719604283e-17,0.9999999999717522,6.946652564122875e-23,0.8618043389123933,0.22989494838087549,0.001299608263269839,0.18528645297159313,0.9999999999999999,0.0008815399902475146,0.9999999999999544,9.960751159762281e-05,3.8188744701239674e-14,3.8188744701239674e-14,3.187988067976377e-14,,0.0,1.053003690096747e-17,0.004567040150619844,2.708785457075302e-16,,,,,0.13043478260869565,,1.8432977968463706e-19,0.7209302325581395,0.7209302325581395,1.3978944575297972e-16,1.3978944575297972e-16,1.0,0.39867336188392805,0.12417638082767579,1759,1.807147078845752,0.8772060068507225,803,675.9940828143394,0.6841149145727385,1281.0,1102.6362217017954,0.5427583918658085,1574,1409.1368421052632,1454.5,398.32527672708756,380,0.6645304607900322,0.5565550872278735,0.3678621512786154,7,1182.25
sym17,1.0,antisymmetric,7.659162951277713e-20,250.6299793747058,6710040.154074524,0.6092436974789915,286.472733227819,206,raw,2.1466935241276197e-10,-7.962942531551821e-10,6.546918930521323,122485.05069109946,0.873632548398033,5.6189438836777845e-06,1.0,326.99999999988177,,,,[],[],13,661.1538461545134,87.0000000000959,940.000000000939,"[8, 32, 51, 63, 81, 100, 111, 133, 152, 162, 175, 192, 204]","[878.000000000302, 638.0000000009595, 787.0000000009569, 792.0000000009038, 940.000000000939, 788.0000000007157, 637.0000000007324, 675.00000000038, 771.0000000007661, 196.00000000046282, 834.0000000009978, 572.0000000004626, 87.0000000000959]","[0, 13, 42, 42, 76, 99, 107, 107, 107, 161, 164, 187, 203]","[76, 42, 61, 76, 205, 164, 119, 142, 164, 164, 205, 205, 205]",37754613.00002199,941.0000000005585,-941.0000000005585,0.0,,,,DWT,mdp.39015067403892,2.1986663341522217e-05,,0.0,33.0,19.0,0.0,28.5,,5.585434337262996e-10,256.3413461545134,4358.999999991325,256.3413461545134,,0.0,256.3413461545134,,,84.0000000000959,0.0,28.5,9.390532795805484e-10,5.585434337262996e-10,,1.1823431123048067e-10,2.7122010319796193e-10,5.420130784346561e-20,0.7109586554682443,0.8654168156615714,0.0010962119969597185,0.39075630252100796,0.005241985323946458,0.9999999997146276,0.4742280247229986,7.212652873768517e-09,7.212652873768517e-09,6.598686454355213e-09,,5.947292911394155e-09,0.9999999927872929,1.1244308042266938e-09,,,,,,2.1762273778230954e-10,1.0,1.0,6.995338810761264e-10,6.995338810761264e-10,0.8422684140422304,0.2753648351779051,26,1.4182310222154109,0.6811811628159727,776,0,0.28951900393522484,0.3459225105485664,26,0.0,0.3716837463696972,0.6751065445750721,735,421.50948981013465,0.5581661532388525,390.75,50.2687613452813,0.5742874791351495,616,sym,0.8243425715244881,0.7368036147090654,0.2019191155201387,6,463.5,2.7122010319796193e-10,0.00015478832987947388,5.420130784346561e-20,0.7109586554682443,0.8654168156615715,0.002128558535961208,0.5421052631578945,0.007595284923351407,0.9999999997146275,0.9919828214579003,0.9855281704527241,0.9855281704527241,0.9855281704526122,,1.2741675368863465e-09,0.999999999964195,6.266013928423819e-10,,,,,1.0,,2.1762273778230954e-10,1.0,0.75,6.995338810761264e-10,6.995338810761264e-10,0.0,2.259570201165895,0.6447065290923862,26,1.480274536078392,0.6843089409834779,1614,1122.8855685242374,0.41148555108792584,820.0,51.17560975609756,0.4908580795271914,1582,0.7763846615972358,0.5622554397616224,0.28785410495344815,6,1188.0,,,,,,,,,,,,,1.8210743029642504e-15,0.03641360043833428,5.420130784346561e-20,0.7903409191391216,0.2675313348492236,0.0017591746375594437,0.4101126853122522,1.0,0.0075952849233514065,0.9999999999999527,0.0008499884728404071,0.0007982210227461823,0.0007982210227461823,0.0007982210227398436,,0.0,9.955671251823792e-16,0.020163910573009685,5.826710384229687e-15,,,,,0.4782608695652174,,6.885533922143846e-18,1.0,0.9302325581395349,2.3439779760559363e-15,2.3439779760559363e-15,0.9302325581395349,0.5814294660167784,0.18110015290550638,228,1.5868570744525878,0.7702751890081148,1661,1013.2840174403226,0.5265027955886343,944.5,400.9613552143992,0.5425738277008592,1575,1409.1368421052632,1454.5,398.32527672708756,380,0.6645304607900322,0.5565550872278735,0.3678621512786154,7,1183.0
sym13,1.0,zero,9.81639662042583e-23,277.3278777699396,4961907.129837076,0.5565217391304348,64.82248545023322,206,smoothed,8.196869289040655e-12,-1.1044445358270454e-10,6.1944883359816,39364.79134971515,0.9876483414709011,0.00014966566451322802,0.9999999999999999,362.3999999999987,,,,[],[],11,426.59999999997285,32.199999999993906,728.3999999999563,"[9, 31, 53, 64, 80, 102, 131, 148, 158, 175, 192]","[310.99999999997067, 417.79999999997483, 589.5999999999686, 432.1999999999551, 728.3999999999563, 370.9999999999681, 586.9999999999874, 32.199999999993906, 448.1999999999787, 367.9999999999734, 407.19999999997367]","[0, 0, 0, 60, 0, 94, 120, 144, 144, 165, 186]","[20, 40, 75, 75, 205, 120, 205, 149, 205, 186, 205]",30736475.839999408,728.3999999999667,-728.3999999999667,0.0,,,,DWT,mdp.39015067403892,5.885958671569824e-07,,0.0,15.0,11.0,0.0,33.0,,3.3310243452433497e-11,168.39999999997292,987.8000000002976,168.39999999997676,,0.0,168.39999999997292,,,27.999999999993918,0.0,15.0,4.3655745685100555e-11,3.3310243452433497e-11,,1.2505552149377763e-12,1.7958536752458115e-11,2.8728184154023163e-22,0.8184575408866402,0.08676515142346233,0.06232727996094309,0.29845625428166583,0.09050800971222026,,0.9999996594065889,4.377707588786509e-09,4.377707588786509e-09,3.6545069383167297e-09,,1.3476772024759434e-11,0.9999999956222925,2.913013739121969e-11,,,,,,1.2555779225729262e-11,0.0,0.0,5.1207655702621546e-11,5.1207655702621546e-11,0.7999998994041639,0.30073748633273883,880,0.7212064458271288,0.36613333561608785,740,0,0.16666663896636508,0.2371338389733046,880,0.0,0.19378774804041293,0.34189403568131294,658,109.73149046650191,0.8849774733055535,789.5,777.6298500961852,0.5287046695668229,794,sym,1.0,1.0,0.0,7,597.25,1.033853870857598e-11,0.9999999999706892,6.946652564122875e-23,0.8094799446549032,0.7436697248065781,0.00016327332416273942,0.24491990846681944,0.0008815399902475144,0.9999999997249645,2.031581181560771e-05,4.715000612165454e-11,4.715000612165454e-11,3.936084791433814e-11,,1.3476772024759434e-11,0.0031261328404365574,2.913013739121969e-11,,,,,0.0,,5.825888270010998e-12,0.0,0.0,4.171858887753003e-11,4.171858887753003e-11,1.0,0.20156916124476507,0.05751224469641296,1700,1.655925045125433,0.7655095635028834,1080,438.4062043356595,0.7702273562182078,1390.0,1320.863309352518,0.5208579129099424,1400,0.7763846615972358,0.5622554397616224,0.28785410495344815,6,1051.5,,,,,,,,,,,,,6.941685719604283e-17,0.9999999999717522,6.946652564122875e-23,0.8618043389123933,0.22989494838087549,0.001299608263269839,0.18528645297159313,0.9999999999999999,0.0008815399902475146,0.9999999999999544,9.960751159762281e-05,3.8188744701239674e-14,3.8188744701239674e-14,3.187988067976377e-14,,0.0,1.053003690096747e-17,0.004567040150619844,2.708785457075302e-16,,,,,0.13043478260869565,,1.8432977968463706e-19,0.7209302325581395,0.7209302325581395,1.3978944575297972e-16,1.3978944575297972e-16,1.0,0.39867336188392805,0.12417638082767579,1760,1.807147078845752,0.8772060068507225,802,677.4082963767125,0.6834540671136857,1281.0,1101.889149102264,0.5424279681362821,1576,1409.1368421052632,1454.5,398.32527672708756,380,0.6645304607900322,0.5565550872278735,0.3678621512786154,7,1183.75
db28,1.0,smooth,1.1801864625793177e-26,316.5278924552287,4962907.071146366,0.5615384615384615,47.042419839983936,206,smoothed,8.091046710724538e-14,-1.9864974110106498e-10,6.19324025200824,44445.14404733727,0.9907581780732001,0.0001496656645132028,0.9999999999999997,362.40000000000003,,,,[],[],11,426.59999999999997,32.2000000000001,728.4,"[9, 31, 53, 64, 80, 102, 131, 148, 158, 175, 192]","[310.9999999999999, 417.79999999999984, 589.6000000000001, 432.20000000000005, 728.4, 371.0000000000002, 586.9999999999999, 32.2000000000001, 448.20000000000016, 368.0, 407.2000000000002]","[0, 0, 0, 60, 0, 94, 120, 144, 144, 165, 186]","[20, 40, 75, 75, 203, 120, 203, 149, 203, 186, 203]",30736475.839999996,728.4,-728.4,0.0,,,,DWT,mdp.39015067403892,0.0,,0.0,33.0,11.0,0.0,33.0,,0.0,168.40000000000003,987.7999999999993,168.40000000000006,,0.0,168.40000000000003,,,28.000000000000114,0.0,15.0,0.0,0.0,,5.684341886080802e-14,1.289120422708134e-13,2.97514442928226e-26,0.9673945819707831,0.08496491003087747,0.06275640964660865,0.3329160371249733,0.13263852860760994,,0.9999996648089,4.4059199552998455e-09,4.4059199552998455e-09,3.6787565615428943e-09,,6.125805465799743e-13,0.9999999955940747,0.0,,,,,,0.0,1.0,0.0,0.0,0.0,0.8999999009871925,0.3383296774464486,360,0.8405192353142849,0.4267046045632092,369,0,0.24999997274118194,0.35570077879414097,360,0.0,0.2258100667687117,0.3983900726733326,348,8.616843969807043,0.9909676687947515,359.25,359.09395973154363,0.8071976708753632,128,db,0.573477938514061,0.8443824841957417,0.34525069778143475,3,96.75,8.388393441557874e-14,0.999999999970514,7.554903406648245e-27,0.9541368732924063,0.743238574403482,0.00016439747766854658,0.2731983805668018,0.001291887509038992,0.9999999997236351,2.0315811925353255e-05,4.745387416349445e-11,4.745387416349445e-11,3.9622027880881205e-11,,6.125805465799743e-13,0.0031261328403482946,0.0,,,,,0.0,,0.0,1.0,0.0,0.0,0.0,1.0,0.301569161204417,0.086044508420709,1490,1.7539797170269886,0.8108387825443724,212,903.6824663564078,0.5263718729788219,851.0,371.186839012926,0.5401775507451763,1265,0.49117026184683504,0.8233619396015222,0.4091722348267588,4,949.75,,,,,,,,,,,,,5.632284465442121e-19,0.9999999999715835,7.554903406648245e-27,0.9667327142886866,0.22976166434851827,0.0012998711376596259,0.20667964155990148,0.9999999999999997,0.0012918875090389922,0.9999999999999541,9.960751159770586e-05,3.8434858594393884e-14,3.8434858594393884e-14,3.2091408523615694e-14,,0.0,4.786380409530668e-19,0.004567040150618464,0.0,,,,,0.13043478260869565,,0.0,1.0,0.7209302325581395,0.0,0.0,1.0,0.42658033862811345,0.13286867808967343,1638,1.8787590079353338,0.9119671035510929,89,1095.3084040579622,0.488173642963569,863.5,168.82686740011582,0.5423344850331864,1577,1009.0473684210526,935.5,610.6543869996938,760,0.4758535102197843,0.8532293215616218,0.41093374637766444,5,1184.0
sym5,1.0,antireflect,1.1419932619220173e-22,276.67076332786655,5016889.36260318,0.5373831775700935,93.16610931955603,206,smoothed,8.133778440421858e-12,-2.1236226110947225e-10,6.231602367757381,41819.312154035804,0.9856246312270853,0.0001496656645132555,0.9999999999999999,362.4000000000002,,,,[],[],11,426.59999999998405,32.19999999998117,728.3999999999681,"[9, 31, 53, 64, 80, 102, 131, 148, 158, 175, 192]","[310.9999999999694, 417.79999999998347, 589.5999999999702, 432.1999999999873, 728.3999999999681, 370.99999999998374, 587.0000000000042, 32.19999999998117, 448.1999999999971, 367.9999999999925, 407.19999999998817]","[0, 0, 0, 60, 0, 94, 120, 144, 144, 165, 186]","[20, 40, 75, 75, 205, 120, 205, 149, 205, 186, 205]",30736475.83999994,728.3999999999681,-728.3999999999681,0.0,,,,DWT,mdp.39015067403892,5.587935447692871e-08,,0.0,15.0,11.0,0.0,33.0,,3.183231456205249e-11,168.39999999998412,987.8000000001739,168.39999999998705,,0.0,168.39999999998412,,,27.999999999981185,0.0,15.0,3.183231456205249e-11,3.183231456205249e-11,,2.2737367544323206e-13,1.781993499532741e-11,3.342109205164109e-22,0.8159608918052116,0.14029858160495598,0.08592317308477229,0.1669937930046742,0.11086294199358723,,0.9999996483045918,4.389359237011095e-09,4.389359237011095e-09,3.6652122597897437e-09,,2.4503221863198973e-12,0.9999999956105924,2.1240725181097693e-11,,,,,,1.192004356873031e-12,0.0,0.0,4.893564367486018e-11,4.893564367486018e-11,0.7999998960618688,0.3007374850762969,901,0.7138301064326416,0.3623886051540041,770,0,0.16666663804015572,0.2371338376554909,902,0.0,0.1885770545015745,0.3327009620184697,700,100.28750337571144,0.8948768308430698,818.25,808.767346857538,0.5185862141636732,833,sym,1.0,1.0,0.0,7,626.5,1.025882232679172e-11,0.9999999999708802,8.081420816730084e-23,0.8070550436002282,0.756490760972585,0.0002250854216797576,0.13703885882931652,0.0010797952260201153,0.9999999997234285,2.0315811590065902e-05,4.7275516834588416e-11,4.7275516834588416e-11,3.9476033553143e-11,,2.4503221863198973e-12,0.0031261328403999755,2.1240725181097693e-11,,,,,0.0,,5.530906585453478e-13,0.0,0.0,3.98675934665816e-11,3.98675934665816e-11,1.0,0.20156916123195426,0.057512244692757744,1708,1.6178384108631167,0.7479026779404808,1228,339.4112549695428,0.8221115015882899,1468.0,1428.7629427792915,0.5263597340226565,1362,0.7763846615972358,0.5622554397616224,0.28785410495344815,6,1023.0,,,,,,,,,,,,,6.888161127333686e-17,0.9999999999719362,8.081420816730084e-23,0.8600454122539066,0.23385838987816127,0.0013140625324886746,0.10367243818890637,0.9999999999999999,0.0010797952260201153,0.9999999999999541,9.960751159745216e-05,3.8290442865018814e-14,3.8290442865018814e-14,3.197333890703202e-14,,0.0,1.9145521638122673e-18,0.004567040150619272,1.975156062450741e-16,,,,,0.13043478260869565,,1.7499662628288325e-20,0.7209302325581395,0.7209302325581395,1.3358718365472467e-16,1.3358718365472467e-16,1.0,0.39867336188392777,0.12417638082767571,1771,1.775514366915202,0.861851194149932,861,643.4671708797582,0.6993144061309541,1316.0,1158.686170212766,0.5421805675514584,1578,1409.1368421052632,1454.5,398.32527672708756,380,0.6645304607900322,0.5565550872278735,0.3678621512786154,7,1185.25
sym13,1.0,smooth,9.81639662042583e-23,277.3278777699396,4961907.129837076,0.5565217391304348,64.82248545023322,206,smoothed,8.196869289040655e-12,-1.1044445358270454e-10,6.1944883359816,39364.79134971515,0.9876483414709011,0.00014966566451322802,0.9999999999999999,362.3999999999987,,,,[],[],11,426.59999999997285,32.199999999993906,728.3999999999563,"[9, 31, 53, 64, 80, 102, 131, 148, 158, 175, 192]","[310.99999999997067, 417.79999999997483, 589.5999999999686, 432.1999999999551, 728.3999999999563, 370.9999999999681, 586.9999999999874, 32.199999999993906, 448.1999999999787, 367.9999999999734, 407.19999999997367]","[0, 0, 0, 60, 0, 94, 120, 144, 144, 165, 186]","[20, 40, 75, 75, 205, 120, 205, 149, 205, 186, 205]",30736475.839999408,728.3999999999667,-728.3999999999667,0.0,,,,DWT,mdp.39015067403892,5.885958671569824e-07,,0.0,15.0,11.0,0.0,33.0,,3.3310243452433497e-11,168.39999999997292,987.8000000002976,168.39999999997676,,0.0,168.39999999997292,,,27.999999999993918,0.0,15.0,4.3655745685100555e-11,3.3310243452433497e-11,,1.2505552149377763e-12,1.7958536752458115e-11,2.8728184154023163e-22,0.8184575408866402,0.08676515142346233,0.06232727996094309,0.29845625428166583,0.09050800971222026,,0.9999996594065889,4.377707588786509e-09,4.377707588786509e-09,3.6545069383167297e-09,,1.3476772024759434e-11,0.9999999956222925,2.913013739121969e-11,,,,,,1.2555779225729262e-11,0.0,0.0,5.1207655702621546e-11,5.1207655702621546e-11,0.7999998994041639,0.30073748633273883,881,0.7212064458271288,0.36613333561608785,739,0,0.16666663896636508,0.2371338389733046,879,0.0,0.19378774804041293,0.34189403568131294,657,110.28448062473099,0.8843978190516446,789.0,777.0037661240615,0.528676896947206,795,sym,1.0,1.0,0.0,7,598.0,1.033853870857598e-11,0.9999999999706892,6.946652564122875e-23,0.8094799446549032,0.7436697248065781,0.00016327332416273942,0.24491990846681944,0.0008815399902475144,0.9999999997249645,2.031581181560771e-05,4.715000612165454e-11,4.715000612165454e-11,3.936084791433814e-11,,1.3476772024759434e-11,0.0031261328404365574,2.913013739121969e-11,,,,,0.0,,5.825888270010998e-12,0.0,0.0,4.171858887753003e-11,4.171858887753003e-11,1.0,0.20156916124476507,0.05751224469641296,1699,1.655925045125433,0.7655095635028834,1079,438.4062043356595,0.7702273562182078,1389.0,1319.8135349172067,0.52111996741728,1397,0.7763846615972358,0.5622554397616224,0.28785410495344815,6,1049.25,,,,,,,,,,,,,6.941685719604283e-17,0.9999999999717522,6.946652564122875e-23,0.8618043389123933,0.22989494838087549,0.001299608263269839,0.18528645297159313,0.9999999999999999,0.0008815399902475146,0.9999999999999544,9.960751159762281e-05,3.8188744701239674e-14,3.8188744701239674e-14,3.187988067976377e-14,,0.0,1.053003690096747e-17,0.004567040150619844,2.708785457075302e-16,,,,,0.13043478260869565,,1.8432977968463706e-19,0.7209302325581395,0.7209302325581395,1.3978944575297972e-16,1.3978944575297972e-16,1.0,0.39867336188392805,0.12417638082767579,1761,1.807147078845752,0.8772060068507225,801,678.8225099390856,0.6827932196546329,1281.0,1101.1405152224825,0.5420975444067557,1579,1409.1368421052632,1454.5,398.32527672708756,380,0.6645304607900322,0.5565550872278735,0.3678621512786154,7,1186.0
dmey,1.0,antireflect,0.34169347316794396,61.91103191011,6044675.9086071765,0.5150375939849624,97.0701231771943,206,smoothed,0.4551951571530608,,6.616323502023965,116709.90810677702,0.9950376995966248,0.0001490592486760969,0.9999973797373035,362.49279337905546,,,,[],[],11,427.5610789177974,32.198853096300326,729.0504934271131,"[9, 31, 53, 64, 80, 102, 131, 148, 158, 175, 192]","[312.1342401858426, 418.80221171315276, 591.077099526049, 432.3103797089482, 729.0504934271131, 372.3067739886741, 589.0360942313794, 32.198853096300326, 449.647740595035, 368.0413645761387, 408.56661704713804]","[1, 1, 1, 60, 1, 94, 120, 144, 144, 165, 186]","[20, 40, 75, 75, 205, 120, 205, 149, 205, 186, 205]",30783354.321739372,729.0504934271131,-729.0504934271131,0.0,,,,DWT,mdp.39015067403892,46878.48173937574,,0.0,15.0,11.0,0.0,33.0,,0.6504934271131333,169.36107891779744,977.2281319042277,169.36107891779739,,0.0,169.36107891779744,,,27.998853096300337,0.0,33.0,0.6504934271131333,0.6504934271131333,,0.09279337905547891,1.0,1.0,0.0,0.6952219083140994,0.527002777777922,0.01350235073978956,0.7319181827745577,,4.9562465243013776e-11,1.0,1.0,1.0,,0.9999999999999999,0.0,0.4340542718150865,,,,,,1.0,0.0,1.0,0.9999999999998253,0.9999999999998253,2.6170271359223425,0.9837978268597712,4,1.8092805564517498,0.9185135948685007,7,0,0.7028378559886918,1.0,1,0.0,0.566806459943767,1.0,1,2.8722813232690143,0.9969892229315839,3.25,1.671641791044776,0.996791257168098,1,dmey,0.05454592478921323,0.2086207600700168,0.8992316246265456,1,1.0,0.5751469781807228,0.9957907963986206,0.24180492721436286,0.01454301544615999,0.8893926134594884,0.0013805430852223692,0.011080332409972526,0.007128818209091013,,9.992007221626409e-16,0.01077047820010546,0.01077047820010546,0.010770478192356991,,0.9999999999999999,0.0,0.4340542718150865,,,,,0.0,,0.4640005343573266,0.0,1.0,0.8146943714782666,0.8146943714782666,1.0,1.5845985820552835,0.4521218465858914,959,1.0777603364900974,0.49823260248156964,1861,637.8103166302659,0.6657178634013281,1410.0,1265.7439716312056,0.46336207635475213,1697,1.0,0.16047866370298075,0.25185640088910577,7,1274.5,,,,,,,,,,,,,3.86175423592393e-06,0.9959434407486931,0.24180492721436286,0.28518874715242803,0.27494311270339944,0.001584257151514724,0.008382476960904661,0.9999979549287403,0.007128818209091014,,9.959214347805064e-05,8.723466646726446e-06,8.723466646726446e-06,8.723466640382237e-06,,0.0,7.813471120251762e-07,0.004518129360154301,4.036231904036643e-06,,,,,0.13043478260869565,,1.4680871363754872e-08,0.7209302325581395,1.0,2.7298544296726874e-06,2.7298544296726874e-06,1.0,0.42656723781410855,0.13286459752692567,1689,1.1594477803379049,0.5628067407727354,1915,159.80613254815975,0.9253242371270282,1802.0,1794.9139844617096,0.5416340811803365,1580,1640.65,1604.0,395.57969121943455,20,0.7737090308889414,0.5527188516912812,0.2925880228703567,9,1187.25
db16,1.0,periodic,8.074845326014066e-27,318.1760566209116,5327113.682219022,0.5466101694915254,114.68479433759876,206,smoothed,6.165941543753151e-14,-2.117953146196787e-10,6.373518531367401,32040.520341654737,0.9807857793797268,0.0001496656645132026,0.9999999999999999,362.4000000000001,,,,[],[],11,426.60000000000014,32.19999999999999,728.4000000000003,"[9, 31, 53, 64, 80, 102, 131, 148, 158, 175, 192]","[311.00000000000017, 417.8000000000002, 589.6000000000003, 432.19999999999993, 728.4000000000003, 371.0000000000001, 587.0, 32.19999999999999, 448.2000000000003, 368.0, 407.19999999999993]","[1, 1, 1, 60, 1, 94, 120, 144, 144, 165, 186]","[20, 40, 75, 75, 205, 120, 205, 149, 205, 186, 205]",30736475.840000004,728.4000000000003,-728.4000000000003,0.0,,,,DWT,mdp.39015067403892,7.450580596923828e-09,,0.0,15.0,11.0,0.0,33.0,,3.410605131648481e-13,168.4000000000002,987.7999999999975,168.40000000000012,,0.0,168.4000000000002,,,28.0,0.0,33.0,3.410605131648481e-13,3.410605131648481e-13,,1.1368683772161603e-13,8.662017829291617e-14,1.8843950903426594e-26,0.9736566381467427,0.3449990324247486,0.21905745159266082,0.23037384716130066,0.029769049945809905,,0.999999664709775,4.406097391567225e-09,4.406097391567225e-09,3.678815706965397e-09,,1.2251610931599486e-12,0.9999999955939026,2.275791983689038e-13,,,,,,1.5893391424973748e-13,0.0,1.0,5.243104679449306e-13,5.243104679449306e-13,0.8999999009582026,0.33832967743555065,519,0.9702793837396206,0.49257966190344094,224,0,0.2499999727331123,0.35570077878265943,520,0.0,0.2568365741816214,0.4531292289913249,227,169.74588851181835,0.8220692992538592,372.5,314.47947002821337,0.7158040416604725,296,db,0.573477938514061,0.8443824841957417,0.34525069778143475,3,222.75,5.95598966470614e-14,0.9999999999705127,4.9174177615342e-27,0.960218972189873,0.805515676324745,0.0005738456471478416,0.18904995539696712,0.0002899479071780298,0.999999999723437,2.0315811923354854e-05,4.745570603148508e-11,4.745570603148508e-11,3.962258299239352e-11,,1.2251610931599486e-12,0.003126132840347795,2.275791983689038e-13,,,,,0.0,,7.374542113937972e-14,0.0,1.0,4.2715278714194565e-13,4.2715278714194565e-13,1.0,0.30156916120504523,0.08604450842088825,1343,1.7549121055020749,0.8112698118936049,199,808.9301576774104,0.5760324121187577,771.0,346.63683527885865,0.5859721809021461,943,0.49117026184683504,0.8233619396015222,0.4091722348267588,4,708.25,,,,,,,,,,,,,3.999076616824515e-19,0.9999999999715822,4.9174177615342e-27,0.971144426622137,0.24901374716689986,0.0013956173477147652,0.14301979732565268,0.9999999999999999,0.0002899479071780298,0.9999999999999541,9.960751159770423e-05,3.843648489765261e-14,3.843648489765261e-14,3.209195062470194e-14,,0.0,9.572760819061336e-19,0.004567040150618456,2.11623863834008e-18,,,,,0.13043478260869565,,2.3332883504384434e-21,0.7209302325581395,1.0,1.4312912534434783e-18,1.4312912534434783e-18,1.0,0.42658033862811345,0.13286867808967343,1652,1.8652152363151782,0.9053928307873048,156,1057.831744655075,0.5056861006284696,904.0,285.07964601769913,0.5416280970432068,1581,1009.0473684210526,935.5,610.6543869996938,760,0.4758535102197843,0.8532293215616218,0.41093374637766444,5,1187.0
coif16,1.0,zero,4.1593204370308426e-26,313.28156866842187,5973340.393598997,0.5633333333333334,123.18682525238243,206,raw,1.426345557306774e-13,-2.2889889983446505e-10,6.320519259283746,69193.10811111113,0.8530362029936586,5.6189438836900605e-06,0.9999999999999998,327.0000000000002,,,,[],[],13,661.1538461538463,87.00000000000011,940.0000000000002,"[8, 32, 51, 63, 81, 100, 111, 133, 152, 162, 175, 192, 204]","[878.0000000000003, 638.0000000000005, 787.0000000000001, 792.0000000000002, 940.0000000000002, 788.0000000000002, 637.0000000000001, 675.0000000000003, 771.0000000000002, 196.00000000000017, 834.0000000000001, 571.9999999999999, 87.00000000000011]","[0, 13, 42, 42, 76, 99, 107, 107, 107, 161, 164, 187, 203]","[76, 42, 61, 76, 205, 164, 119, 142, 164, 164, 205, 205, 205]",37754613.000000015,941.0000000000002,-941.0000000000002,0.0,,,,DWT,mdp.39015067403892,1.4901161193847656e-08,,0.0,33.0,19.0,0.0,28.5,,2.2737367544323206e-13,256.3413461538463,4358.999999999998,256.3413461538463,,0.0,256.3413461538463,,,84.00000000000011,0.0,28.5,2.2737367544323206e-13,2.2737367544323206e-13,,2.2737367544323206e-13,1.61873391233965e-13,2.863722807546103e-26,0.9421572035873697,0.787207086509935,0.00026714294430027713,0.04642857142857143,0.0009273099377195101,0.9999999997231793,0.47422802461173236,6.696054799077647e-09,6.696054799077647e-09,6.082088379347123e-09,,1.1437101752681067e-11,0.9999999933039181,2.7225927463116073e-13,,,,,,1.4749084227875944e-13,1.0,1.0,2.847685247612971e-13,2.847685247612971e-13,0.8422684098837804,0.27536483381837307,95,1.377973789315376,0.6618454775227808,816,0,0.28951900311685613,0.3459225095707647,95,0.0,0.34712341426640464,0.6304964665132301,824,418.59168649174103,0.5612246472832902,457.5,170.27280336512575,0.5408324494278086,734,coif,0.5507900112560971,0.8749445204262634,0.351963635992853,2,551.0,1.61873391233965e-13,0.0001547883299646835,2.863722807546103e-26,0.9421572035873697,0.7872070865099351,0.001300346309131627,0.28331578947368447,0.003290816767132327,0.9999999997231792,0.9919828214562036,0.9855281704452481,0.9855281704452481,0.985528170445136,,2.4503221863198973e-12,0.9999999999667596,1.5171946557926922e-13,,,,,1.0,,1.4749084227875944e-13,1.0,0.75,2.847685247612971e-13,2.847685247612971e-13,0.0,2.259570199822419,0.6447065287090621,96,1.4742371174465916,0.6815179319851428,1620,1077.6307345282985,0.43520401754282045,858.0,181.25874125874125,0.49275924147581274,1569,0.4784248188775415,0.776734912893196,0.43208215291776214,2,1177.25,,,,,,,,,,,,,1.0868791421950444e-18,0.036413600438416405,2.863722807546103e-26,0.9580431389497546,0.24335390628592668,0.0015655037708875883,0.21433364903260743,0.9999999999999998,0.003290816767132327,0.9999999999999541,0.0008499884728391236,0.0007982210227401272,0.0007982210227401272,0.0007982210227337884,,0.0,1.9145521638122673e-18,0.020163910573049813,1.4108257588933865e-18,,,,,0.4782608695652174,,4.666576700876887e-21,1.0,0.9302325581395349,9.54194168962319e-19,9.54194168962319e-19,0.9302325581395349,0.5814294660167882,0.18110015290550946,122,1.5952594548496624,0.7743537826336354,1648,1079.0449480906716,0.49577338874267685,885.0,227.1819209039548,0.5411109934367591,1582,986.6382352941176,846.0,585.0035688138154,340,0.4652856568234462,0.8173890317607586,0.42908333069536003,4,1187.5
sym4,1.0,reflect,1.7535065290657142e-20,257.0327185956717,6001740.933003047,0.6084905660377359,279.25585642609605,206,raw,1.0525061297155764e-10,-1.563370544938583e-10,6.382133520702245,62220.9030909403,0.7503086225726558,5.618943883685333e-06,1.0,326.999999999936,,,,[],[],13,661.153846154086,87.00000000000688,940.0000000002987,"[8, 32, 51, 63, 81, 100, 111, 133, 152, 162, 175, 192, 204]","[878.0000000000887, 638.0000000004583, 787.000000000462, 792.0000000002874, 940.0000000002987, 788.0000000001833, 637.0000000002992, 675.0000000001833, 771.000000000165, 196.00000000026546, 834.000000000385, 572.0000000000346, 87.00000000000688]","[0, 13, 42, 42, 76, 99, 107, 107, 107, 161, 164, 187, 203]","[76, 42, 61, 76, 205, 164, 119, 142, 164, 164, 205, 205, 205]",37754613.00000735,941.0000000001068,-941.0000000001068,0.0,,,,DWT,mdp.39015067403892,7.353723049163818e-06,,0.0,33.0,19.0,0.0,28.5,,1.0675194062059745e-10,256.34134615408595,4358.999999996882,256.341346154086,,0.0,256.34134615408595,,,84.00000000000688,0.0,28.5,2.986553226946853e-10,1.0675194062059745e-10,,6.400568963726982e-11,1.3296762762341727e-10,1.2408972505994008e-20,0.7345862127027929,0.8084917229719829,0.00029910441566485845,0.3851078167115905,0.00036281932371897205,0.9999999997242729,0.47422802461959035,6.881635702528286e-09,6.881635702528286e-09,6.267713301152603e-09,,3.219544143379721e-09,0.9999999931183101,3.576125572280296e-10,,,,,,7.278673066456779e-11,1.0,1.0,1.3369882237542902e-10,1.3369882237542902e-10,0.8422684118327787,0.27536483445556376,45,1.399335395659223,0.6721055293909091,801,0,0.28951900347385223,0.34592250999731006,45,0.0,0.36610595949787383,0.6649753498209506,771,427.9918223517828,0.551371255396454,415.5,85.12467435802009,0.5579183321007427,683,sym,0.8243425715244881,0.7368036147090654,0.2019191155201387,6,513.75,1.3296762762341727e-10,0.0001547883299318209,1.2408972505994008e-20,0.7345862127027928,0.8084917229719829,0.0013322747489723109,0.5378599801390271,0.0027276615688974293,0.9999999997242728,0.9919828214563234,0.9855281704479337,0.9855281704479337,0.9855281704478223,,6.897656954490511e-10,0.9999999999658382,1.9928351803837013e-10,,,,,1.0,,7.278673066456777e-11,1.0,0.75,1.3369882237542902e-10,1.3369882237542902e-10,0.0,2.2595702003573215,0.6447065288616819,45,1.4619452195939022,0.6758355701007487,1631,1121.4713549618643,0.4122267531646413,838.0,87.5835322195704,0.4865116994334737,1597,0.7763846615972358,0.5622554397616224,0.28785410495344815,6,1199.25,,,,,,,,,,,,,8.927949179872748e-16,0.03641360043838478,1.2408972505994008e-20,0.8074794082393859,0.24993374978032318,0.0015729699835503699,0.4069010499766419,1.0,0.0027276615688974293,0.9999999999999543,0.0008499884728392143,0.0007982210227423024,0.0007982210227423024,0.0007982210227359642,,0.0,5.389464341131534e-16,0.020163910573035397,1.853119634306463e-15,,,,,0.4782608695652174,,2.302955601882744e-18,1.0,0.9302325581395349,4.479941623278088e-16,4.479941623278088e-16,0.9302325581395349,0.5814294660167845,0.1811001529055083,213,1.5850165695752816,0.7693817908155104,1664,1026.0119395016804,0.5205551684571587,938.5,377.65796483750665,0.5410018832939999,1583,1409.1368421052632,1454.5,398.32527672708756,380,0.6645304607900322,0.5565550872278735,0.3678621512786154,7,1189.0
sym18,1.0,antireflect,1.032522805638217e-18,239.33279594028787,6650542.97933399,0.6041666666666666,291.9221026026779,206,raw,7.942181109109635e-10,-2.940991233879001e-09,6.597371539847208,122211.29839752386,0.8675336674831903,5.618943883645913e-06,1.0,326.9999999995372,,,,[],[],13,661.1538461562445,87.00000000076344,940.0000000032915,"[8, 32, 51, 63, 81, 100, 111, 133, 152, 162, 175, 192, 204]","[878.0000000012565, 638.0000000035848, 787.0000000037026, 792.0000000031231, 940.0000000032915, 788.0000000023256, 637.0000000026347, 675.0000000015084, 771.0000000023066, 196.00000000181808, 834.0000000036026, 572.00000000126, 87.00000000076344]","[0, 13, 42, 42, 76, 99, 107, 107, 107, 161, 164, 187, 203]","[76, 42, 61, 76, 205, 164, 119, 142, 164, 164, 205, 205, 205]",37754613.000078216,941.00000000176,-941.00000000176,0.0,,,,DWT,mdp.39015067403892,7.821619510650635e-05,,0.0,33.0,19.0,0.0,28.5,,1.7599859347683378e-09,256.3413461562445,4358.999999968821,256.3413461562444,,0.0,256.3413461562445,,,84.00000000076344,0.0,28.5,3.2914613257162273e-09,1.7599859347683378e-09,,4.6281911636469886e-10,1.003490014071726e-09,7.306815060805022e-19,0.6692694910381437,0.8828456612460249,0.0010292549149237375,0.35267857142857106,0.005219821517828095,0.999999999682303,0.47422802549846116,8.553184380809739e-09,8.553184380809739e-09,7.939129925737827e-09,,2.3280220617582314e-08,0.9999999914467547,3.941225259560683e-09,,,,,,7.741794311212083e-10,1.0,1.0,2.20425076591482e-09,2.20425076591482e-09,0.8422684257660782,0.2753648390108108,10,1.3866585100558884,0.6660167783052958,811,0,0.2895190061995701,0.3459225132540468,10,0.0,0.3638803501039106,0.6609328715522403,779,453.40820460154885,0.5247293452813954,402.5,19.75145337249636,0.5514107942339891,699,sym,0.8243425715244881,0.7368036147090654,0.2019191155201387,6,525.75,1.003490014071726e-09,0.00015478832965820644,7.306815060805023e-19,0.6692694910381436,0.882845661246025,0.002061670652693649,0.5134868421052631,0.007573173550161746,0.9999999996823029,0.9919828214697248,0.9855281704721242,0.9855281704721242,0.9855281704720108,,4.9876308102541506e-09,0.9999999999575403,2.1962909837255014e-09,,,,,1.0,,7.741794311212083e-10,1.0,0.75,2.20425076591482e-09,2.20425076591482e-09,0.0,2.2595702047053163,0.6447065301022632,11,1.452485803507281,0.6714626224840811,1644,1154.705373677632,0.3948085043618281,827.5,21.853776435045315,0.4805541473591111,1626,0.7763846615972358,0.5622554397616224,0.28785410495344815,6,1221.0,,,,,,,,,,,,,6.737811306610349e-15,0.036413600438121085,7.306815060805023e-19,0.7601012594446497,0.2729192152782922,0.0017435334360622584,0.38846231903666617,1.0,0.007573173550161745,0.9999999999999474,0.0008499884728493519,0.0007982210227618952,0.0007982210227618952,0.0007982210227555555,,0.0,3.89707092943987e-15,0.02016391057290557,2.0423113685740668e-14,,,,,0.4782608695652174,,2.4494861102902775e-17,1.0,0.9302325581395349,7.38593996485283e-15,7.38593996485283e-15,0.9302325581395349,0.581429466016754,0.1811001529054988,236,1.5627304071901156,0.7585638802299455,1672,1015.4053377838823,0.525511524400055,954.0,413.6184486373166,0.5398585659383452,1584,1409.1368421052632,1454.5,398.32527672708756,380,0.6645304607900322,0.5565550872278735,0.3678621512786154,7,1189.75
db38,1.0,constant,1.9618587770659564e-26,314.32072132439555,4960680.567225826,0.5571428571428572,40.23818181380633,206,smoothed,9.85274429465401e-14,-2.0123962496398955e-10,6.19601996610494,46163.536408163265,0.9913217544925665,0.0001496656645132028,0.9999999999999997,362.3999999999999,,,,[],[],11,426.6,32.19999999999996,728.4000000000005,"[9, 31, 53, 64, 80, 102, 131, 148, 158, 175, 192]","[311.0000000000002, 417.7999999999997, 589.6000000000004, 432.19999999999993, 728.4000000000005, 370.99999999999966, 586.9999999999999, 32.19999999999996, 448.2000000000002, 368.0000000000001, 407.20000000000005]","[1, 1, 1, 60, 1, 94, 120, 144, 144, 165, 186]","[20, 40, 75, 75, 204, 120, 204, 149, 204, 186, 204]",30736475.839999992,728.4000000000005,-728.4000000000005,0.0,,,,DWT,mdp.39015067403892,3.725290298461914e-09,,0.0,15.0,11.0,0.0,33.0,,5.684341886080801e-13,168.4000000000001,987.7999999999984,168.4000000000001,,0.0,168.4000000000001,,,27.99999999999997,0.0,33.0,5.684341886080801e-13,5.684341886080801e-13,,5.684341886080802e-14,1.676140705381568e-13,5.262786353605594e-26,0.9590086275258222,0.08897438093447457,0.061800894639199896,0.30272270358607545,0.14688887029380004,,0.9999996646849938,4.4059791007223055e-09,4.4059791007223055e-09,3.6787861342541454e-09,,6.125805465799743e-13,0.9999999955939887,3.7929866394817307e-13,,,,,,7.946695712486874e-14,0.0,1.0,8.738507799082175e-13,8.738507799082175e-13,0.8999999009506009,0.338329677432693,576,0.830637443854331,0.4216879366035295,418,0,0.2499999727310455,0.3557007787797188,568,0.0,0.22277078242564857,0.3930279525179542,385,99.40950658764986,0.8957971629060274,486.75,471.3411841816579,0.692788518559932,342,db,0.573477938514061,0.8443824841957417,0.34525069778143475,3,257.25,1.0614328902300586e-13,0.999999999970514,1.308653429668353e-26,0.9459919121405547,0.7441988261804985,0.00016189439857308826,0.24842105263157924,0.0014306845736414592,0.9999999997235961,2.0315811922799742e-05,4.745454029730922e-11,4.745454029730922e-11,3.962224992548613e-11,,6.125805465799743e-13,0.0031261328403480726,3.7929866394817307e-13,,,,,0.0,,3.687271056968986e-14,0.0,1.0,7.119213119032428e-13,7.119213119032428e-13,1.0,0.30156916120490945,0.0860445084208495,1368,1.7397162023365818,0.8042449714677102,344,724.0773439350247,0.6205045367216852,856.0,549.7570093457944,0.5859336100799202,945,0.49117026184683504,0.8233619396015222,0.4091722348267588,4,709.75,,,,,,,,,,,,,7.126861681444707e-19,0.9999999999715835,1.308653429668353e-26,0.9608246838250476,0.23005851256668028,0.0012992858124470032,0.18793513346347898,0.9999999999999997,0.0014306845736414594,0.9999999999999541,9.960751159770391e-05,3.8435400695480126e-14,3.8435400695480126e-14,3.209173378426744e-14,,0.0,4.786380409530668e-19,0.00456704015061846,3.5270643972334666e-18,,,,,0.13043478260869565,,1.1666441752192217e-21,0.7209302325581395,1.0,2.3854854224057974e-18,2.3854854224057974e-18,1.0,0.42658033862811345,0.13286867808967343,1654,1.867920036690897,0.9067057660567617,131,1076.9236277471118,0.4967646599312562,892.5,242.77198879551824,0.5398542925824505,1585,1009.0473684210526,935.5,610.6543869996938,760,0.4758535102197843,0.8532293215616218,0.41093374637766444,5,1190.0
sym18,1.0,antisymmetric,1.0312308316441732e-18,239.33823357818744,6702282.465671415,0.6041666666666666,292.00119892593347,206,raw,7.944438030835733e-10,-2.5035751305421153e-09,6.594204327898167,124249.53893600916,0.8735947140659672,5.618943883646196e-06,0.9999999999999998,326.9999999995372,,,,[],[],13,661.153846156188,87.00000000033293,940.0000000032915,"[8, 32, 51, 63, 81, 100, 111, 133, 152, 162, 175, 192, 204]","[878.000000000952, 638.0000000035852, 787.0000000037026, 792.0000000031231, 940.0000000032915, 788.0000000023256, 637.0000000026347, 675.0000000015084, 771.0000000023066, 196.00000000181808, 834.0000000036026, 572.0000000012598, 87.00000000033293]","[0, 13, 42, 42, 76, 99, 107, 107, 107, 161, 164, 187, 203]","[76, 42, 61, 76, 205, 164, 119, 142, 164, 164, 205, 205, 205]",37754613.00007788,941.00000000176,-941.00000000176,0.0,,,,DWT,mdp.39015067403892,7.788091897964478e-05,,0.0,33.0,19.0,0.0,28.5,,1.7599859347683378e-09,256.341346156188,4358.999999969556,256.34134615618785,,0.0,256.341346156188,,,84.00000000033293,0.0,28.5,3.2914613257162273e-09,1.7599859347683378e-09,,4.6281911636469886e-10,1.0037751800473206e-09,7.297672197328696e-19,0.6692895571530142,0.8817515483997197,0.0010874816298274683,0.35267857142857106,0.005384843580392482,0.9999999996888956,0.4742280249983576,8.509430249398464e-09,8.509430249398464e-09,7.895331776058801e-09,,2.3280220617582314e-08,0.9999999914905291,3.941225259560683e-09,,,,,,7.708608871699362e-10,1.0,1.0,2.20425076591482e-09,2.20425076591482e-09,0.8422684255968832,0.2753648389554955,17,1.3862186154868583,0.6658054954540856,812,0,0.28951900615032394,0.3459225131952066,17,0.0,0.36377400036052443,0.6607397035472492,780,449.9455522616042,0.5283589598934967,406.5,33.28877154146287,0.5511291654813395,700,sym,0.8243425715244881,0.7368036147090654,0.2019191155201387,6,526.5,1.0037751800473206e-09,0.00015478832966020484,7.297672197328696e-19,0.669289557153014,0.8817515483997198,0.002119837191483994,0.5134868421052631,0.007737805219939146,0.9999999996888955,0.9919828214620992,0.9855281704714909,0.9855281704714909,0.985528170471377,,4.9876308102541506e-09,0.9999999999577577,2.1962909837255014e-09,,,,,1.0,,7.708608871699362e-10,1.0,0.75,2.20425076591482e-09,2.20425076591482e-09,0.0,2.259570204700908,0.6447065301010053,12,1.45204572269308,0.6712591796573802,1645,1154.705373677632,0.3948085043618281,828.5,23.826191913095958,0.4802920928517736,1627,0.7763846615972358,0.5622554397616224,0.28785410495344815,6,1221.75,,,,,,,,,,,,,6.739726018772583e-15,0.03641360043812297,7.297672197328696e-19,0.7601158146052858,0.2725809858090347,0.0017571352202594701,0.38846231903666617,0.9999999999999998,0.007737805219939145,0.9999999999999484,0.0008499884728435833,0.0007982210227613823,0.0007982210227613823,0.0007982210227550421,,0.0,3.89707092943987e-15,0.02016391057290897,2.0423113685740668e-14,,,,,0.4782608695652174,,2.4389863127133046e-17,1.0,0.9302325581395349,7.38593996485283e-15,7.38593996485283e-15,0.9302325581395349,0.5814294660167535,0.18110015290549863,237,1.5626426791118786,0.7585212962044946,1673,1015.4053377838823,0.525511524400055,955.0,415.18429319371734,0.5396249210785322,1586,1409.1368421052632,1454.5,398.32527672708756,380,0.6645304607900322,0.5565550872278735,0.3678621512786154,7,1191.25
coif4,1.0,smooth,7.176949291888405e-27,318.68799996472535,4962290.199595169,0.5526315789473685,61.35199077851484,206,smoothed,5.6722695580460443e-14,-2.0096799779878475e-10,6.194010145256625,38875.894712219146,0.9879381526431603,0.00014966566451320274,0.9999999999999997,362.4,,,,[],[],11,426.59999999999985,32.19999999999993,728.4,"[9, 31, 53, 64, 80, 102, 131, 148, 158, 175, 192]","[310.9999999999999, 417.80000000000007, 589.5999999999999, 432.1999999999997, 728.4, 371.0, 587.0, 32.19999999999993, 448.1999999999999, 367.9999999999999, 407.2000000000001]","[0, 0, 0, 60, 0, 94, 120, 144, 144, 165, 186]","[20, 40, 75, 75, 203, 120, 203, 149, 203, 186, 203]",30736475.83999999,728.4,-728.4,0.0,,,,DWT,mdp.39015067403892,7.450580596923828e-09,,0.0,33.0,11.0,0.0,33.0,,0.0,168.39999999999992,987.8000000000002,168.39999999999998,,0.0,168.39999999999992,,,27.999999999999943,0.0,15.0,0.0,0.0,,0.0,7.577489626498958e-14,1.6216168681539256e-26,0.9756017222861871,0.08607540717946525,0.06249167621435435,0.27173480863825933,0.08645367131292787,,0.9999996646602125,4.405801664454926e-09,4.405801664454926e-09,3.67866784340914e-09,,0.0,0.9999999955941608,0.0,,,,,,1.5893391424973748e-13,1.0,0.0,0.0,0.0,0.899999900942305,0.33832967742957437,613,0.8029199670491197,0.4076166643675821,489,0,0.2499999727287336,0.3557007787764294,615,0.0,0.21176532651875288,0.3736113497008523,475,76.42861593234129,0.9198861468214452,548.0,539.9866482569336,0.6727313333687939,387,coif,0.5556920286951962,0.9053407607371553,0.33941335169221604,4,291.25,5.332226546118182e-14,0.9999999999705138,4.2820070726355355e-27,0.9621081590268438,0.7435045338993711,0.0001637039786496861,0.222991689750693,0.0008420510936919894,0.9999999997236001,2.0315811922300142e-05,4.74525418958649e-11,4.74525418958649e-11,3.962102868015904e-11,,0.0,0.003126132840348572,0.0,,,,,0.0,,7.374542113937972e-14,1.0,0.0,0.0,0.0,1.0,0.3015691612041457,0.08604450842063158,1597,1.7386325105734808,0.8037439968547679,358,876.1053018901324,0.5408253134747734,977.5,584.8859335038363,0.5142543758149548,1451,0.4784248188775415,0.776734912893196,0.43208215291776214,2,1088.75,,,,,,,,,,,,,3.5802584787131703e-19,0.9999999999715831,4.2820070726355355e-27,0.9725147675207908,0.22984388195472077,0.0012997089684091995,0.1686973488382033,0.9999999999999997,0.0008420510936919894,0.9999999999999541,9.960751159770347e-05,3.8433882812438647e-14,3.8433882812438647e-14,3.2090649582094954e-14,,0.0,0.0,0.004567040150618468,0.0,,,,,0.13043478260869565,,2.3332883504384434e-21,1.0,0.7209302325581395,0.0,0.0,1.0,0.42658033862811345,0.13286867808967343,1657,1.8668964159382542,0.9062088910190482,142,1071.2667734976194,0.49940804976746755,899.5,261.58310172317954,0.5395404734818646,1587,986.6382352941176,846.0,585.0035688138154,340,0.4652856568234462,0.8173890317607586,0.42908333069536003,4,1191.25
db10,1.0,smooth,4.457727561837695e-27,320.7562635160133,4965168.835741119,0.5580357142857143,71.64508409921432,206,smoothed,4.382039499331178e-14,-2.0669863598499252e-10,6.190419068682518,37826.423137755104,0.9878177286439338,0.00014966566451320274,0.9999999999999999,362.4,,,,[],[],11,426.59999999999997,32.20000000000002,728.4000000000001,"[9, 31, 53, 64, 80, 102, 131, 148, 158, 175, 192]","[310.9999999999998, 417.7999999999999, 589.6000000000001, 432.20000000000016, 728.4000000000001, 371.0000000000001, 587.0, 32.20000000000002, 448.2, 368.0, 407.20000000000016]","[0, 0, 0, 60, 0, 94, 120, 144, 144, 165, 186]","[20, 40, 75, 75, 203, 120, 203, 149, 203, 186, 203]",30736475.84,728.4000000000001,-728.4000000000001,0.0,,,,DWT,mdp.39015067403892,3.725290298461914e-09,,0.0,33.0,11.0,0.0,33.0,,1.1368683772161603e-13,168.40000000000003,987.7999999999993,168.40000000000003,,0.0,168.40000000000003,,,28.00000000000003,0.0,15.0,1.1368683772161603e-13,1.1368683772161603e-13,,0.0,4.7430349130866925e-14,8.258095309987906e-27,0.9834599094829028,0.08089562374289955,0.06372705694418367,0.30885572446116405,0.0777505783133362,,0.9999996647345563,4.4059199552998455e-09,4.4059199552998455e-09,3.6787269888316428e-09,,0.0,0.9999999955940747,7.585973278963461e-14,,,,,,7.946695712486874e-14,1.0,0.0,1.7477015598164352e-13,1.7477015598164352e-13,0.8999999009647218,0.33832967743800135,497,0.8170298071430976,0.41477977674477795,454,0,0.24999997273497523,0.35570077878531003,505,0.0,0.21638412756350486,0.38176016480999947,438,32.5832267687942,0.965845674246547,473.5,471.8083511705541,0.7347572186746362,256,db,0.573477938514061,0.8443824841957417,0.34525069778143475,3,192.75,3.701998482909039e-14,0.9999999999705138,2.3577057202610025e-27,0.9697405197630373,0.7422639970881274,0.00016694019750108165,0.2534539473684213,0.0007572837394834769,0.9999999997235137,2.0315811923854454e-05,4.745387416349445e-11,4.745387416349445e-11,3.962169481397382e-11,,0.0,0.0031261328403482946,7.585973278963461e-14,,,,,0.0,,3.687271056968986e-14,1.0,0.0,1.4238426238064856e-13,1.4238426238064856e-13,1.0,0.3015691612042235,0.08604450842065378,1569,1.7547442728243694,0.8111922253384465,204,965.2007563196373,0.4941295826416995,886.5,361.0558375634518,0.5147534705661327,1448,0.49117026184683504,0.8233619396015222,0.4091722348267588,4,1087.0,,,,,,,,,,,,,2.485661729107753e-19,0.9999999999715831,2.3577057202610025e-27,0.9780509780561427,0.22946038759335,0.0013004657325445092,0.1917426116705648,0.9999999999999999,0.0007572837394834771,0.9999999999999541,9.960751159770467e-05,3.8434858594393884e-14,3.8434858594393884e-14,3.20911916831812e-14,,0.0,0.0,0.004567040150618464,7.054128794466933e-19,,,,,0.13043478260869565,,1.1666441752192217e-21,1.0,0.7209302325581395,4.770970844811595e-19,4.770970844811595e-19,1.0,0.42658033862811345,0.13286867808967343,1651,1.8792109716521088,0.9121864909445566,86,1106.6221125569468,0.4828868632911464,868.5,163.48416810592977,0.5385228708979097,1588,1009.0473684210526,935.5,610.6543869996938,760,0.4758535102197843,0.8532293215616218,0.41093374637766444,5,1192.25
dmey,1.0,periodic,0.2402637371088844,63.44051646354586,5977007.463932773,0.518796992481203,92.98427052231327,206,smoothed,0.3855240552151813,,6.601799492001727,30189.889055082764,0.9792365562196226,0.00014908774219844065,0.9999987537462333,362.4927932674242,,,,[],[],11,427.4905169239833,32.198853096300326,729.823293432968,"[9, 31, 53, 64, 80, 102, 131, 148, 158, 175, 192]","[311.135491290164, 418.8022136177932, 591.0770995260491, 432.3103797089482, 729.823293432968, 372.3067739886741, 589.0360942313794, 32.198853096300326, 449.64774059506374, 368.04136830295465, 408.0163783735213]","[1, 1, 1, 60, 1, 94, 120, 144, 144, 165, 186]","[20, 40, 75, 75, 205, 120, 205, 149, 205, 186, 205]",30765975.10137748,729.0504934271131,-729.0504934271131,0.0,,,,DWT,mdp.39015067403892,29499.261377483606,,0.0,15.0,11.0,0.0,33.0,,0.6504934271131333,169.29051692398338,978.0043138361825,169.2905169239833,,0.0,169.29051692398338,,,27.998853096300337,0.0,33.0,1.4232934329679665,0.6504934271131333,,0.0927932674242129,0.8469423480389626,0.7031557696473577,0.005811143327405954,0.6742724172650518,0.4979625349928505,0.039325596529636686,0.014422072870022798,,4.9562465243013776e-11,0.9265804376763462,0.9265804376763462,0.9265804376229221,,0.9999987969910444,0.07341956232366342,0.9497199646856083,,,,,,0.629270835635993,0.0,1.0,0.9999999999998253,0.9999999999998253,2.660126973725638,1.0,1,1.2870793960853617,0.6534088473807526,94,0,0.7026792060550948,0.9997742723556434,2,0.0,0.39741312609589846,0.7011443132375836,52,44.701789673345296,0.9531427781201831,37.25,2.6146028349826156,0.9570483282634459,7,dmey,0.05454592478921323,0.2086207600700168,0.8992316246265456,1,5.5,0.48711633216789685,0.9959885732848534,0.17002652969993862,0.020187159706686608,0.8843752965887282,0.0013044689010612307,0.03227146814404469,0.00014046971110748306,,9.992007221626409e-16,0.009979714404637241,0.009979714404637241,0.009979714396882278,,0.9999987969910444,0.00022951930591524894,0.9497199646856083,,,,,0.0,,0.2919820039905821,0.0,1.0,0.8146943714782666,0.8146943714782666,1.0,1.755824634039729,0.5009765153225055,956,1.0148643431667554,0.4691567185599126,1893,662.559053971795,0.6527468270588077,1424.5,1270.4162864162865,0.45307676782709777,1743,1.0,0.16047866370298075,0.25185640088910577,7,1309.0,,,,,,,,,,,,,3.2706832001228332e-06,0.9961340453697858,0.17002652969993862,0.2892827846328627,0.2733920803505442,0.001566467806343811,0.024413964148634615,0.9999990273197553,0.0001404697111074835,,9.959214347805064e-05,8.082993543578757e-06,8.082993543578757e-06,8.082993537234331e-06,,0.0,7.81346172057603e-07,0.004521720368998906,8.831361122964928e-06,,,,,0.13043478260869565,,9.238244190934547e-09,0.7209302325581395,1.0,2.7298544296726874e-06,2.7298544296726874e-06,1.0,0.4265708517355639,0.13286572316944364,1687,1.1217274419658194,0.5444969375543005,1926,168.99852070358486,0.9210287286431846,1806.5,1798.5950733462498,0.5384349250692559,1589,1640.65,1604.0,395.57969121943455,20,0.7737090308889414,0.5527188516912812,0.2925880228703567,9,1194.0
dmey,1.0,reflect,0.2367079933341971,63.50526950485167,6042274.004731151,0.5150375939849624,95.29025981941467,206,smoothed,0.3779148193058479,,6.615942751288372,29488.069945477153,0.9788643009100677,0.0001490383375732803,0.9999987695172909,362.4927933079003,,,,[],[],11,427.4755158725957,32.198853096300326,729.7973161493054,"[9, 31, 53, 64, 80, 102, 131, 148, 158, 175, 192]","[311.2297055154597, 418.802214172433, 591.077099526049, 432.3103797089482, 729.7973161493054, 372.3067739886741, 589.0360942313794, 32.198853096300326, 449.6477405950759, 368.04136953207603, 407.78312808285125]","[0, 0, 0, 60, 0, 94, 120, 144, 144, 165, 186]","[20, 40, 75, 75, 203, 120, 203, 149, 203, 186, 203]",30765140.321394026,729.0504934271131,-729.0504934271131,0.0,,,,DWT,mdp.39015067403892,28664.481394030154,,0.0,33.0,11.0,0.0,33.0,,0.6504934271131333,169.27551587259575,978.1693254014463,169.2755158725957,,0.0,169.27551587259575,,,27.998853096300337,0.0,15.0,1.397316149305425,0.6504934271131333,,0.09279330790030826,0.8302259225898774,0.69274953115026,0.006057166867211139,0.6946727119065643,0.5259719890248806,0.01350235073978956,0.008602003867289154,,4.9562465243013776e-11,0.9109718845765508,0.9109718845765508,0.9109718845118049,,0.9999992331869862,0.08902811542344247,0.9323861216767421,,,,,,0.6114635186649684,1.0,0.0,0.9999999999998253,0.9999999999998253,2.6363131905903407,0.9910478772740894,3,1.2875158878959998,0.6536304402457674,93,0,0.6971493868888549,0.9919064275616816,4,0.0,0.39596881087798186,0.6985961502931106,54,43.439613257946945,0.9544658141950242,38.5,6.529497805948319,0.9570547100325226,6,dmey,0.05454592478921323,0.2086207600700168,0.8992316246265456,1,4.75,0.47750193058487234,0.9956456499771682,0.16751024995757258,0.02042611308847575,0.8892610831805697,0.0013778428180789275,0.011080332409972526,8.378275502234729e-05,,9.992007221626409e-16,0.009811602823740717,0.009811602823740717,0.009811602815984755,,0.9999992331869862,0.0002783137165658367,0.9323861216767421,,,,,0.0,,0.2837193994005564,1.0,0.0,0.8146943714782666,0.8146943714782666,1.0,1.742899725120772,0.4972887462221357,957,1.0044912010615632,0.4643613689705853,1897,664.6803743153547,0.6516350239437345,1427.0,1272.199719691661,0.4518657300012174,1749,1.0,0.16047866370298075,0.25185640088910577,7,1313.5,,,,,,,,,,,,,3.2061284733353233e-06,0.9958035579788164,0.16751024995757258,0.2894561119001976,0.27490245198309055,0.0015836257154395554,0.008382476960904661,0.9999990396288024,8.378275502234729e-05,,9.959214347805064e-05,7.946832851209108e-06,7.946832851209108e-06,7.946832844864791e-06,,0.0,7.813465128780424e-07,0.004522483795672382,8.67017526507812e-06,,,,,0.13043478260869565,,8.976817261149326e-09,1.0,0.7209302325581395,2.7298544296726874e-06,2.7298544296726874e-06,1.0,0.4265710301808055,0.13286577875049418,1685,1.114551004934006,0.541013428245189,1927,171.1198410471445,0.9200374574546054,1806.0,1797.8931339977855,0.5380561119048728,1590,1640.65,1604.0,395.57969121943455,20,0.7737090308889414,0.5527188516912812,0.2925880228703567,9,1194.75
db10,1.0,constant,4.457727561837695e-27,320.7562635160133,4965168.835741119,0.5580357142857143,71.64508409921432,206,smoothed,4.382039499331178e-14,-2.0669863598499252e-10,6.190419068682518,37826.423137755104,0.9878177286439338,0.00014966566451320274,0.9999999999999999,362.4,,,,[],[],11,426.59999999999997,32.20000000000002,728.4000000000001,"[9, 31, 53, 64, 80, 102, 131, 148, 158, 175, 192]","[310.9999999999998, 417.7999999999999, 589.6000000000001, 432.20000000000016, 728.4000000000001, 371.0000000000001, 587.0, 32.20000000000002, 448.2, 368.0, 407.20000000000016]","[0, 0, 0, 60, 0, 94, 120, 144, 144, 165, 186]","[20, 40, 75, 75, 203, 120, 203, 149, 203, 186, 203]",30736475.84,728.4000000000001,-728.4000000000001,0.0,,,,DWT,mdp.39015067403892,3.725290298461914e-09,,0.0,33.0,11.0,0.0,33.0,,1.1368683772161603e-13,168.40000000000003,987.7999999999993,168.40000000000003,,0.0,168.40000000000003,,,28.00000000000003,0.0,15.0,1.1368683772161603e-13,1.1368683772161603e-13,,0.0,4.7430349130866925e-14,8.258095309987906e-27,0.9834599094829028,0.08089562374289955,0.06372705694418367,0.30885572446116405,0.0777505783133362,,0.9999996647345563,4.4059199552998455e-09,4.4059199552998455e-09,3.6787269888316428e-09,,0.0,0.9999999955940747,7.585973278963461e-14,,,,,,7.946695712486874e-14,1.0,0.0,1.7477015598164352e-13,1.7477015598164352e-13,0.8999999009647218,0.33832967743800135,499,0.8170298071430976,0.41477977674477795,452,0,0.24999997273497523,0.35570077878531003,504,0.0,0.21638412756350486,0.38176016480999947,437,33.53605025441527,0.9648469074901307,473.0,471.2061306572426,0.7345198898037656,258,db,0.573477938514061,0.8443824841957417,0.34525069778143475,3,194.25,3.701998482909039e-14,0.9999999999705138,2.3577057202610025e-27,0.9697405197630373,0.7422639970881274,0.00016694019750108165,0.2534539473684213,0.0007572837394834769,0.9999999997235137,2.0315811923854454e-05,4.745387416349445e-11,4.745387416349445e-11,3.962169481397382e-11,,0.0,0.0031261328403482946,7.585973278963461e-14,,,,,0.0,,3.687271056968986e-14,1.0,0.0,1.4238426238064856e-13,1.4238426238064856e-13,1.0,0.3015691612042235,0.08604450842065378,1571,1.7547442728243694,0.8111922253384465,205,965.9078631008239,0.49375898160334175,888.0,362.6745495495495,0.5141750882859476,1453,0.49117026184683504,0.8233619396015222,0.4091722348267588,4,1090.75,,,,,,,,,,,,,2.485661729107753e-19,0.9999999999715831,2.3577057202610025e-27,0.9780509780561427,0.22946038759335,0.0013004657325445092,0.1917426116705648,0.9999999999999999,0.0007572837394834771,0.9999999999999541,9.960751159770467e-05,3.8434858594393884e-14,3.8434858594393884e-14,3.20911916831812e-14,,0.0,0.0,0.004567040150618464,7.054128794466933e-19,,,,,0.13043478260869565,,1.1666441752192217e-21,1.0,0.7209302325581395,4.770970844811595e-19,4.770970844811595e-19,1.0,0.42658033862811345,0.13286867808967343,1653,1.8792109716521088,0.9121864909445566,85,1108.7434329005066,0.48189559210256705,869.0,161.68584579976985,0.5379104128737134,1591,1009.0473684210526,935.5,610.6543869996938,760,0.4758535102197843,0.8532293215616218,0.41093374637766444,5,1194.5
dmey,1.0,periodization,0.24026373710888424,63.44051646354586,4964263.512780677,0.5242718446601942,91.95767664267078,206,smoothed,0.38552405521518474,,6.194514180069961,31759.64791902364,0.982677740303619,0.00014908774219844062,0.9999987537462331,362.4927932674242,,,,[],[],11,427.4905169239832,32.19885309630027,729.8232934329681,"[9, 31, 53, 64, 80, 102, 131, 148, 158, 175, 192]","[311.13549129016394, 418.80221361779314, 591.0770995260491, 432.31037970894783, 729.8232934329681, 372.30677398867397, 589.0360942313794, 32.19885309630027, 449.6477405950637, 368.0413683029543, 408.0163783735214]","[1, 1, 1, 60, 1, 94, 120, 144, 144, 165, 186]","[20, 40, 75, 75, 205, 120, 205, 149, 205, 186, 205]",30765975.10137748,729.0504934271132,-729.0504934271132,0.0,,,,DWT,mdp.39015067403892,29499.261377483606,,0.0,15.0,11.0,0.0,33.0,,0.650493427113247,169.29051692398326,978.0043138361834,169.2905169239832,,0.0,169.29051692398326,,,27.99885309630028,0.0,33.0,1.4232934329680802,0.650493427113247,,0.0927932674242129,0.8469423480389702,0.7031557696473573,0.005811143327405954,0.0868024290414865,0.06333853318400767,0.07693226515562712,0.027439821718330346,,0.0,0.9265804376762279,0.9265804376762279,0.9265804376228334,,0.9999987969910444,0.07341956232374947,0.9497199646856841,,,,,,0.629270835635993,0.0,1.0,1.0,1.0,2.660126973710823,0.9999999999944308,2,0.7962821680588789,0.40424686713475405,512,0,0.70267920605098,0.9997742723497889,3,0.0,0.2586317585875979,0.456296420145347,224,241.5662435026881,0.7467859082781048,185.25,4.763318196921032,0.7763017591704989,189,dmey,0.05454592478921323,0.2086207600700168,0.8992316246265456,1,142.0,0.4871163321679012,0.9959885732848532,0.1700265296999385,0.020187159706686608,0.7436786526426471,0.0001659224157868806,0.06313234542667362,0.0002672614307494209,,0.0,0.009979714404635909,0.009979714404635909,0.009979714396881278,,0.9999987969910444,0.00022951930591547098,0.9497199646856841,,,,,0.0,,0.2919820039905821,0.0,1.0,0.814694371478409,0.814694371478409,1.0,1.7558246340398227,0.5009765153225323,955,0.9563418155519875,0.4421026229042285,1905,671.7514421272201,0.6479290135601572,1430.0,1272.2202797202797,0.4492265612874161,1756,1.0,0.16047866370298075,0.25185640088910577,7,1318.75,,,,,,,,,,,,,3.2706832001228625e-06,0.9961340453697856,0.1700265296999385,0.2892827846328627,0.2298977082947778,0.0013002277323553226,0.04776079015018275,0.9999990273197553,0.00026726143074942135,,9.959214347804988e-05,8.082993543577781e-06,8.082993543577781e-06,8.082993537233464e-06,,0.0,7.81346172057603e-07,0.00452172036899891,8.831361122965633e-06,,,,,0.13043478260869565,,9.238244190934547e-09,0.7209302325581395,1.0,2.7298544296731643e-06,2.7298544296731643e-06,1.0,0.4265708517355639,0.13286572316944364,1686,1.109236582989418,0.5384337583847206,1930,172.5340546095176,0.9193766099955525,1808.0,1799.7676991150443,0.5372583984557202,1592,1640.65,1604.0,395.57969121943455,20,0.7737090308889414,0.5527188516912812,0.2925880228703567,9,1196.25
db10,1.0,zero,4.457727561837695e-27,320.7562635160133,4965168.835741119,0.5580357142857143,71.64508409921432,206,smoothed,4.382039499331178e-14,-2.0669863598499252e-10,6.190419068682518,37826.423137755104,0.9878177286439338,0.00014966566451320274,0.9999999999999999,362.4,,,,[],[],11,426.59999999999997,32.20000000000002,728.4000000000001,"[9, 31, 53, 64, 80, 102, 131, 148, 158, 175, 192]","[310.9999999999998, 417.7999999999999, 589.6000000000001, 432.20000000000016, 728.4000000000001, 371.0000000000001, 587.0, 32.20000000000002, 448.2, 368.0, 407.20000000000016]","[0, 0, 0, 60, 0, 94, 120, 144, 144, 165, 186]","[20, 40, 75, 75, 203, 120, 203, 149, 203, 186, 203]",30736475.84,728.4000000000001,-728.4000000000001,0.0,,,,DWT,mdp.39015067403892,3.725290298461914e-09,,0.0,33.0,11.0,0.0,33.0,,1.1368683772161603e-13,168.40000000000003,987.7999999999993,168.40000000000003,,0.0,168.40000000000003,,,28.00000000000003,0.0,15.0,1.1368683772161603e-13,1.1368683772161603e-13,,0.0,4.7430349130866925e-14,8.258095309987906e-27,0.9834599094829028,0.08089562374289955,0.06372705694418367,0.30885572446116405,0.0777505783133362,,0.9999996647345563,4.4059199552998455e-09,4.4059199552998455e-09,3.6787269888316428e-09,,0.0,0.9999999955940747,7.585973278963461e-14,,,,,,7.946695712486874e-14,1.0,0.0,1.7477015598164352e-13,1.7477015598164352e-13,0.8999999009647218,0.33832967743800135,500,0.8170298071430976,0.41477977674477795,453,0,0.24999997273497523,0.35570077878531003,502,0.0,0.21638412756350486,0.38176016480999947,436,33.360405672993046,0.9650310213071351,472.75,470.9697000880786,0.7347429739659366,257,db,0.573477938514061,0.8443824841957417,0.34525069778143475,3,193.5,3.701998482909039e-14,0.9999999999705138,2.3577057202610025e-27,0.9697405197630373,0.7422639970881274,0.00016694019750108165,0.2534539473684213,0.0007572837394834769,0.9999999997235137,2.0315811923854454e-05,4.745387416349445e-11,4.745387416349445e-11,3.962169481397382e-11,,0.0,0.0031261328403482946,7.585973278963461e-14,,,,,0.0,,3.687271056968986e-14,1.0,0.0,1.4238426238064856e-13,1.4238426238064856e-13,1.0,0.3015691612042235,0.08604450842065378,1570,1.7547442728243694,0.8111922253384465,206,964.4936495384508,0.4945001836800572,888.0,364.21171171171176,0.5145456893243053,1450,0.49117026184683504,0.8233619396015222,0.4091722348267588,4,1088.5,,,,,,,,,,,,,2.485661729107753e-19,0.9999999999715831,2.3577057202610025e-27,0.9780509780561427,0.22946038759335,0.0013004657325445092,0.1917426116705648,0.9999999999999999,0.0007572837394834771,0.9999999999999541,9.960751159770467e-05,3.8434858594393884e-14,3.8434858594393884e-14,3.20911916831812e-14,,0.0,0.0,0.004567040150618464,7.054128794466933e-19,,,,,0.13043478260869565,,1.1666441752192217e-21,1.0,0.7209302325581395,4.770970844811595e-19,4.770970844811595e-19,1.0,0.42658033862811345,0.13286867808967343,1656,1.8792109716521088,0.9121864909445566,84,1111.5718600252528,0.4805738971844613,870.0,159.88965517241382,0.5370159205548475,1593,1009.0473684210526,935.5,610.6543869996938,760,0.4758535102197843,0.8532293215616218,0.41093374637766444,5,1196.0
coif10,1.0,constant,1.586569306730483e-26,315.2428082593844,4961313.399282667,0.571969696969697,43.95439910362883,206,smoothed,8.52996206570256e-14,-2.1088613078035274e-10,6.1952296431110465,44872.55568411387,0.9907918986566892,0.00014966566451320252,0.9999999999999997,362.4,,,,[],[],11,426.6,32.19999999999993,728.4000000000001,"[9, 31, 53, 64, 80, 102, 131, 148, 158, 175, 192]","[310.9999999999999, 417.8, 589.6000000000001, 432.2000000000003, 728.4000000000001, 370.99999999999994, 587.0000000000002, 32.19999999999993, 448.19999999999993, 367.9999999999998, 407.1999999999998]","[0, 0, 0, 60, 0, 94, 120, 144, 144, 165, 186]","[20, 40, 75, 75, 203, 120, 203, 149, 203, 186, 203]",30736475.840000004,728.4000000000001,-728.4000000000001,0.0,,,,DWT,mdp.39015067403892,7.450580596923828e-09,,0.0,33.0,11.0,0.0,33.0,,1.1368683772161603e-13,168.4000000000001,987.7999999999984,168.4,,0.0,168.4000000000001,,,27.999999999999943,0.0,15.0,1.1368683772161603e-13,1.1368683772161603e-13,,0.0,1.385543978205333e-13,4.1644643199534704e-26,0.9625120165123351,0.08783441583798451,0.06207247760022792,0.40456801993603253,0.13618298213497115,,0.9999996646602125,4.4059791007223055e-09,4.4059791007223055e-09,3.6786974161203912e-09,,0.0,0.9999999955939887,7.585973278963461e-14,,,,,,1.5893391424973748e-13,1.0,0.0,1.7477015598164352e-13,1.7477015598164352e-13,0.8999999009424421,0.33832967742962594,603,0.8687610574549501,0.4410420700754304,306,0,0.24999997272878674,0.355700778776505,603,0.0,0.2361671302888129,0.4166627358344559,287,177.12777873614291,0.8143314688300389,449.75,397.25717757861156,0.6714477050649146,391,coif,0.5556920286951962,0.9053407607371553,0.33941335169221604,4,294.25,8.942970607254419e-14,0.9999999999705123,1.0430737502631705e-26,0.9493946216809241,0.743925809232387,0.00016260584070341717,0.3319976076555028,0.0013264101721477898,0.9999999997234507,2.0315811922300142e-05,4.745454029730922e-11,4.745454029730922e-11,3.962136174706643e-11,,0.0,0.0031261328403480726,7.585973278963461e-14,,,,,0.0,,7.374542113937972e-14,1.0,0.0,1.4238426238064856e-13,1.4238426238064856e-13,1.0,0.3015691612042416,0.08604450842065894,1564,1.7750105875567206,0.8205610417533218,74,1053.589103967956,0.4478044528469832,819.0,141.3137973137973,0.5092795849140577,1485,0.4784248188775415,0.776734912893196,0.43208215291776214,2,1114.25,,,,,,,,,,,,,6.004648539326268e-19,0.9999999999715816,1.0430737502631705e-26,0.9632928738198946,0.22997411324921513,0.001299452177551869,0.2511623473266015,0.9999999999999997,0.0013264101721477898,0.9999999999999541,9.960751159770347e-05,3.8435400695480126e-14,3.8435400695480126e-14,3.209086642252945e-14,,0.0,0.0,0.00456704015061846,7.054128794466933e-19,,,,,0.13043478260869565,,2.3332883504384434e-21,1.0,0.7209302325581395,4.770970844811595e-19,4.770970844811595e-19,1.0,0.42658033862811345,0.13286867808967343,1649,1.894608009996276,0.9196603566200838,42,1136.3205973667818,0.4690090666510365,845.5,81.91366055588409,0.5369578043535557,1594,986.6382352941176,846.0,585.0035688138154,340,0.4652856568234462,0.8173890317607586,0.42908333069536003,4,1196.5
sym17,1.0,smooth,7.707077367135224e-20,250.60289528201804,32461676.086916517,0.6092436974789915,294.92313759696293,206,raw,2.164675860351795e-10,-1.1412113480414585e-09,4.8893561399090295,661839.3108507866,0.9804098867992234,5.618943883677724e-06,1.0,326.99999999988177,,,,[],[],13,661.1538461545156,87.00000000022999,940.000000000939,"[8, 32, 51, 63, 81, 100, 111, 133, 152, 162, 175, 192, 204]","[878.0000000001976, 638.0000000009595, 787.0000000009569, 792.0000000009038, 940.000000000939, 788.0000000007157, 637.0000000007324, 675.00000000038, 771.0000000007661, 196.00000000046282, 834.0000000009977, 572.0000000004626, 87.00000000022999]","[0, 13, 42, 42, 76, 99, 107, 107, 107, 161, 164, 187, 203]","[76, 42, 61, 76, 205, 164, 119, 142, 164, 164, 205, 205, 205]",37754613.000022076,941.0000000005585,-941.0000000005585,0.0,,,,DWT,mdp.39015067403892,2.2076070308685303e-05,,0.0,33.0,19.0,0.0,28.5,,5.585434337262996e-10,256.3413461545156,4358.999999991298,256.34134615451575,,0.0,256.3413461545156,,,84.00000000022999,0.0,28.5,9.390532795805484e-10,5.585434337262996e-10,,1.1823431123048067e-10,2.73492202577193e-10,5.454038197711901e-20,0.7108587090346882,0.2928120225672377,0.030076653626927356,0.39075630252100796,0.048909722661063394,0.999999999709429,0.4742280248787712,7.214325566921061e-09,7.214325566921061e-09,6.6004912022314345e-09,,5.947292911394155e-09,0.9999999927856676,1.1244308042266938e-09,,,,,,2.185076828359821e-10,1.0,1.0,6.995338810761264e-10,6.995338810761264e-10,0.842268414090137,0.2753648351935673,20,1.1638259735565433,0.5589895564012457,860,0,0.2895190039485734,0.34592251056451545,20,0.0,0.30917667629923073,0.5615720343928293,883,491.70341670563977,0.4845876135161009,445.75,39.102483232708124,0.5086722134666458,851,sym,0.8243425715244881,0.7368036147090654,0.2019191155201387,6,639.75,2.73492202577193e-10,0.0001547883298790298,5.454038197711901e-20,0.7108587090346881,0.2928120225672378,0.03107904947500671,0.5421052631578945,0.051159717469487775,0.9999999997094289,0.9919828214602755,0.9855281704527483,0.9855281704527483,0.9855281704526382,,1.2741675368863465e-09,0.999999999964187,6.266013928423819e-10,,,,,1.0,,2.185076828359821e-10,1.0,0.75,6.995338810761264e-10,6.995338810761264e-10,0.0,2.2595702011670684,0.644706529092721,20,1.225813190157671,0.5666752386504281,1707,1192.8891398617056,0.3747960482905107,863.5,39.53676896352055,0.46111395705930147,1709,0.7763846615972358,0.5622554397616224,0.28785410495344815,6,1283.25,,,,,,,,,,,,,1.836330037124482e-15,0.03641360043833388,5.454038197711901e-20,0.790268421976376,0.09051868399093854,0.008529017546307457,0.4101126853122522,1.0,0.05115971746948777,0.9999999999999518,0.0008499884728422038,0.000798221022746202,0.000798221022746202,0.0007982210227398648,,0.0,9.955671251823792e-16,0.02016391057300956,5.826710384229687e-15,,,,,0.4782608695652174,,6.9135333823491075e-18,1.0,0.9302325581395349,2.3439779760559363e-15,2.3439779760559363e-15,0.9302325581395349,0.5814294660167789,0.18110015290550655,226,1.519117945198626,0.737393985382804,1683,1030.2545801887998,0.5185726260800001,954.5,398.48926139339966,0.5362722943484113,1595,1409.1368421052632,1454.5,398.32527672708756,380,0.6645304607900322,0.5565550872278735,0.3678621512786154,7,1198.0
sym18,1.0,smooth,1.0379838900646985e-18,239.30988633718084,37869404.73502621,0.5916666666666667,287.6488656619463,206,raw,8.018482792527781e-10,-4.033023476300571e-09,4.816395674647974,758231.0881491263,0.9829054103485847,5.6189438836460275e-06,1.0,326.9999999995372,,,,[],[],13,661.1538461561925,87.00000000078961,940.0000000032915,"[8, 32, 51, 63, 81, 100, 111, 133, 152, 162, 175, 192, 204]","[878.0000000005549, 638.0000000035848, 787.0000000037026, 792.0000000031231, 940.0000000032915, 788.0000000023256, 637.0000000026347, 675.0000000015084, 771.0000000023066, 196.00000000181808, 834.0000000036025, 572.00000000126, 87.00000000078961]","[0, 13, 42, 42, 76, 99, 107, 107, 107, 161, 164, 187, 203]","[76, 42, 61, 76, 205, 164, 119, 142, 164, 164, 205, 205, 205]",37754613.00007844,941.00000000176,-941.00000000176,0.0,,,,DWT,mdp.39015067403892,7.843971252441406e-05,,0.0,33.0,19.0,0.0,28.5,,1.7599859347683378e-09,256.34134615619246,4358.999999969497,256.3413461561925,,0.0,256.34134615619246,,,84.00000000078961,0.0,28.5,3.2914613257162273e-09,1.7599859347683378e-09,,4.6281911636469886e-10,1.0131308641463443e-09,7.345461310322577e-19,0.6691849494161985,0.2676078418559654,0.03616241706525626,0.2589285714285714,0.056713889835483304,0.999999999665844,0.4742280255288695,8.512863672185264e-09,8.512863672185264e-09,7.898941271811243e-09,,2.3280220617582314e-08,0.9999999914870619,3.941225259560683e-09,,,,,,7.763917937553897e-10,1.0,1.0,2.20425076591482e-09,2.20425076591482e-09,0.8422684257602114,0.2753648390088928,11,1.0796530837862286,0.5185610323926834,893,0,0.2895190061955782,0.3459225132492772,11,0.0,0.28607470878505625,0.5196108520336014,908,513.5895734922974,0.46164614937914317,455.75,21.73448536977482,0.49196039125141644,901,sym,0.8243425715244881,0.7368036147090654,0.2019191155201387,6,677.25,1.0131308641463445e-09,0.0001547883296590391,7.345461310322577e-19,0.6691849494161985,0.26760784185596553,0.03715852340187496,0.4430263157894738,0.058945422321197746,0.9999999996658439,0.9919828214701885,0.9855281704715406,0.9855281704715406,0.9855281704714292,,4.9876308102541506e-09,0.9999999999577405,2.1962909837255014e-09,,,,,1.0,,7.763917937553897e-10,1.0,0.75,2.20425076591482e-09,2.20425076591482e-09,0.0,2.2595702047061366,0.6447065301024972,10,1.1547292841920824,0.5338142042769334,1807,1270.6708857922258,0.33402993407116044,908.5,19.889928453494772,0.4289384471194377,1841,0.7763846615972358,0.5622554397616224,0.28785410495344815,6,1382.25,,,,,,,,,,,,,6.802543618568819e-15,0.03641360043812185,7.345461310322577e-19,0.7600399363187826,0.08272716898055235,0.009950654351686083,0.33515762413746464,1.0,0.05894542232119774,0.9999999999999446,0.0008499884728497026,0.0007982210227614226,0.0007982210227614226,0.0007982210227550844,,0.0,3.89707092943987e-15,0.0201639105729087,2.0423113685740668e-14,,,,,0.4782608695652174,,2.456485975341593e-17,1.0,0.9302325581395349,7.38593996485283e-15,7.38593996485283e-15,0.9302325581395349,0.5814294660167552,0.18110015290549916,235,1.4709281721722702,0.7140022211692945,1686,1026.0119395016804,0.5205551684571587,960.5,412.5039042165539,0.535861696378112,1596,1409.1368421052632,1454.5,398.32527672708756,380,0.6645304607900322,0.5565550872278735,0.3678621512786154,7,1198.75
bior6.8,,,,13.13735998198544,906413.582996997,0.7233009708737864,156.85837934205364,206,raw,147.4597631778172,,7.276256848909246,123790.5278995845,1.0,2.718511877932824e-06,0.9369640077397132,449.78217179258195,,,,[],[],14,985.3257423560115,52.05647600967876,1497.8650136135566,"[8, 27, 41, 52, 65, 79, 90, 100, 111, 133, 153, 175, 186, 199]","[1429.2215541826743, 1214.6001167624286, 658.4157888450414, 1263.4366818341427, 1011.1974754474053, 1497.8650136135566, 862.7252787930859, 1035.8261244441235, 822.406243542233, 1007.9045429384287, 1205.514289935267, 987.3754324501872, 52.05647600967876, 746.0153741859069]","[0, 13, 37, 42, 61, 0, 87, 92, 107, 126, 126, 164, 185, 188]","[42, 42, 42, 73, 73, 126, 92, 126, 126, 151, 164, 188, 188, 205]",75691106.4489886,1454.8969976358378,-1454.8969976358378,0.0,,,,SWT,mdp.39015067403892,37936493.4489886,,0.0,-11.5,18.0,0.0,11.0,,513.8969976358378,580.5132423560115,840.56039298416,580.5132423560113,,0.0,580.5132423560115,,,49.05647600967876,0.0,2.0,557.8650136135566,513.8969976358378,,122.78217179258195,0.1288226575134831,,0.847331261020027,0.4481866374057546,0.11750112321359601,0.8571428571428572,0.12453469466781669,,0.022995948470391533,0.34072271207055344,0.34072271207055344,0.34072271207055316,,0.21497411890552684,0.2044560279044219,0.23601398337519305,,,,,,0.22102674654429114,0.2457627118644068,0.56,0.3374304485372925,0.3374304485372925,1.339475971513547,0.45032075187795806,69,1.6015041280784392,0.9100899873352928,8,0,0.3108648570709842,0.5171920391174009,52,0.0,0.49583977341565977,0.8590963322553489,8,31.09528367239422,0.7066482672415639,34.25,14.098231827111984,0.691767529847197,40,bior,0.3321683876092137,0.4904554991310134,0.6203454789342464,1,30.25,0.172410125677052,0.010500216128666251,,0.8473312610200269,0.44818663740575465,0.2702359965790151,0.8571428571428572,0.594321601496703,,0.04352959114942685,0.5352678169522673,0.5352678169522673,0.5350706940891725,,0.2149741189055268,0.20445602790442188,0.39235832124886105,,,,,0.8333333333333333,,0.4792474672123592,0.24576271186440674,0.4745762711864407,0.42693220892419925,0.42693220892419925,0.6271186440677965,1.8418225874001812,0.6044213803315243,71,1.8833895440583428,0.9687068109740606,8,44.54772721475249,0.7898692112511675,39.5,14.379746835443036,0.8017742282670932,33,0.5170065075921908,0.6634325577032603,0.4390656773744883,2,25.25,,,0.947359182946083,0.6000000000000001,0.6607142857142858,,0.9508014611410056,1.0,False,False,0.0,0.0,0.0012510092783979527,0.017011445211942144,,0.15463414921052987,0.34541800016078045,0.00023346029887841096,0.8964957380598024,0.9508014611410058,0.007700730227098013,,0.00038175713139234,0.003740646103031234,0.003740646103031234,0.0037406461030249126,,0.0,0.0010338614275589148,0.003885835513790106,0.0034614839631596523,,,,,0.43478260869565216,,1.1880520862703767e-05,0.31007751937984496,0.5193798449612403,0.002156615173834341,0.002156615173834341,0.6589147286821706,0.3971820110631669,0.12371186384416984,1990,1.013084127874412,0.4917604620118542,1981,6.363961030678928,0.9970261864342622,1985.5,1985.489801057668,0.5346112240582526,1597,1104.4,1082.5,563.6960149978129,300,0.520820561188399,0.7876173146100969,0.3991404127850916,6,1199.25
db13,1.0,smooth,9.174705069563788e-27,319.8458713455379,40827792.64287494,0.5956521739130435,292.5188703793591,206,raw,6.460420116886737e-14,-2.118784037108441e-10,4.347568827812229,762156.3954813519,0.9825080013113118,5.618943883690062e-06,0.9999999999999999,327.00000000000006,,,,[],[],13,661.1538461538462,86.99999999999997,939.9999999999997,"[8, 32, 51, 63, 81, 100, 111, 133, 152, 162, 175, 192, 204]","[878.0, 638.0, 787.0000000000001, 792.0000000000002, 939.9999999999997, 788.0000000000002, 637.0, 675.0000000000002, 771.0000000000002, 195.99999999999994, 834.0, 572.0000000000002, 86.99999999999997]","[0, 13, 42, 42, 76, 99, 107, 107, 107, 161, 164, 187, 203]","[76, 42, 61, 76, 205, 164, 119, 142, 164, 164, 205, 205, 205]",37754613.0,940.9999999999998,-940.9999999999998,0.0,,,,DWT,mdp.39015067403892,0.0,,0.0,33.0,19.0,0.0,28.5,,2.2737367544323206e-13,256.3413461538462,4359.0,256.34134615384625,,0.0,256.3413461538462,,,83.99999999999997,0.0,28.5,3.410605131648481e-13,2.2737367544323206e-13,,5.684341886080802e-14,6.328068450728478e-14,5.695751344465507e-27,0.9663809665512875,0.1056516848103034,0.039491735183367384,0.28881987577639745,0.05703169448117265,0.9999999997234358,0.47422802461156727,6.6959667625959335e-09,6.6959667625959335e-09,6.082044361106239e-09,,2.859275438170267e-12,0.9999999933040264,4.083889119467411e-13,,,,,,0.0,1.0,1.0,2.847685247612971e-13,2.847685247612971e-13,0.8422684098794244,0.275364833816949,156,1.1907409179200292,0.5719168953266115,849,0,0.2895190031161173,0.3459225095698819,158,0.0,0.3071719945657534,0.5579308373502379,888,411.0939673602618,0.56908389165591,512.75,265.89817198953153,0.5158050485533219,823,db,0.540986235965534,0.9305070477545101,0.3421575204977732,3,618.0,6.328068450728478e-14,0.0001547883299646835,5.695751344465507e-27,0.9663809665512875,0.10565168481030351,0.04048440073812326,0.465491990846682,0.059262475136256564,0.9999999997234357,0.9919828214562011,0.9855281704452468,0.9855281704452468,0.9855281704451354,,6.125805465799743e-13,0.9999999999667601,2.275791983689038e-13,,,,,1.0,,0.0,1.0,0.75,2.847685247612971e-13,2.847685247612971e-13,0.0,2.259570199821463,0.6447065287087893,156,1.262844845486544,0.5837944231147512,1679,1076.9236277471118,0.4355746185811783,917.5,285.4757493188011,0.47735229880840885,1635,0.49117026184683504,0.8233619396015222,0.4091722348267588,4,1227.25,,,,,,,,,,,,,4.2489043795581826e-19,0.03641360043841641,5.695751344465507e-27,0.9756140919434666,0.03266071996158579,0.010728384413244361,0.3521533239603985,0.9999999999999999,0.059262475136256564,0.9999999999999541,0.0008499884728391218,0.0007982210227401261,0.0007982210227401261,0.0007982210227337879,,0.0,4.786380409530668e-19,0.020163910573049823,2.11623863834008e-18,,,,,0.4782608695652174,,0.0,1.0,0.9302325581395349,9.54194168962319e-19,9.54194168962319e-19,0.9302325581395349,0.5814294660167882,0.18110015290550946,71,1.5825534071236635,0.768186148842756,1665,1127.1282092113568,0.47330457513488,868.0,136.19239631336404,0.533848549249683,1598,1009.0473684210526,935.5,610.6543869996938,760,0.4758535102197843,0.8532293215616218,0.41093374637766444,5,1199.75
bior2.6,,,,13.320189043387495,717059.2588658945,0.7475728155339806,149.91498147156608,206,raw,148.82730295903056,,7.15413473191848,129453.36349635216,1.0,2.924398610905356e-06,0.9549437024635413,442.79661929150336,,,,[],[],13,962.701660778677,125.0446526995945,1520.202239746885,"[8, 27, 41, 52, 64, 82, 102, 116, 133, 153, 175, 186, 199]","[1334.5356101719321, 1161.868973040942, 592.8109802017478, 1248.9867381918154, 1137.069136185929, 1520.202239746885, 1076.2814311587294, 125.0446526995945, 1055.4590699478908, 1296.6902056311997, 1086.6794916187953, 133.01893893899123, 746.4741225883495]","[0, 13, 37, 13, 61, 0, 92, 114, 126, 126, 164, 182, 188]","[13, 42, 42, 76, 76, 126, 126, 119, 151, 164, 188, 188, 205]",76587810.91495514,1470.3249713825253,-1470.3249713825253,0.0,,,,SWT,mdp.39015067403892,38833197.91495514,,0.0,1.5,19.0,0.0,1.5,,529.3249713825253,557.889160778677,438.8784098771994,557.889160778677,,0.0,557.889160778677,,,122.0446526995945,0.0,-3.0,580.202239746885,529.3249713825253,,115.79661929150336,0.1742453188773081,,0.867871336881185,0.27831132869828024,0.047820683965637906,0.9999999999999999,0.3230409907509819,,0.13690770531623306,0.2951354759856468,0.2951354759856468,0.29513547598564677,,0.18812122581961496,0.10667585420230977,0.26730041827828555,,,,,,0.28850013957318615,0.4661016949152542,0.46,0.36222837865692953,0.36222837865692953,1.3877088655872334,0.46653625225753526,57,1.6502283492093368,0.9377785989438971,6,0,0.3209694434631408,0.5340032402606812,43,0.0,0.5219519330194425,0.9043384885840843,5,26.323310328806798,0.7516668836905019,27.75,9.816761790327424,0.7449372154301566,31,bior,0.3321683876092137,0.4904554991310134,0.6203454789342464,1,23.5,0.21556016273174444,0.012850385483345883,,0.8678713368811849,0.27831132869828024,0.21261521354652835,0.9999999999999999,0.686306647388709,,0.15504727060290582,0.5031328471410241,0.5031328471410241,0.5029220937666679,,0.18812122581961493,0.10667585420230974,0.41724220840512244,,,,,0.9166666666666666,,0.5243542024689258,0.4661016949152541,0.3898305084745763,0.4483803648280438,0.4483803648280438,0.4661016949152542,1.8422996349633909,0.604577930559875,70,1.895165621670414,0.9747637451995694,6,45.254833995939045,0.7865338019059479,38.0,11.052631578947368,0.80364425944354,32,0.5170065075921908,0.6634325577032603,0.4390656773744883,2,24.5,,,0.9623738719627037,0.8,0.49107142857142866,,0.9648343124982199,1.0,False,False,0.0,0.0,0.001262611120948135,0.01838870430447578,,0.15512353566965487,0.33237646726719033,0.00018368097488506165,0.9999999999999999,0.96483431249822,0.00815812574169394,,0.0013597738846751512,0.003535293122616838,0.003535293122616838,0.0035352931226105165,,0.0,0.0009750410534312016,0.002027452195818902,0.0036000837106884473,,,,,0.4782608695652174,,1.2161340599770929e-05,0.5116279069767442,0.441860465116279,0.0022213600593594396,0.0022213600593594396,0.5116279069767442,0.3967643755805069,0.12358178125601578,1991,1.0544465654464235,0.5118381740702059,1960,21.920310216782973,0.9897568643846808,1975.5,1975.378385218932,0.5333130116315927,1599,1104.4,1082.5,563.6960149978129,300,0.520820561188399,0.7876173146100969,0.3991404127850916,6,1200.75
dmey,1.0,symmetric,0.24074173172647118,63.43188494034787,5974842.852828441,0.5263157894736842,98.52392044845307,206,smoothed,0.38385480401697814,,6.598943561307539,30156.90896986946,0.9805032730426295,0.00014907203863460792,0.9999987810409755,362.49279332046706,,,,[],[],11,427.52216897130364,32.198853096300326,729.898645375365,"[9, 31, 53, 64, 80, 102, 131, 148, 158, 175, 192]","[311.1632588023627, 418.8022139296829, 591.0770995260491, 432.3103797089482, 729.898645375365, 372.3067739886741, 589.0360942313794, 32.198853096300326, 449.6477405950567, 368.0413693336027, 408.2614300969186]","[0, 0, 0, 60, 0, 94, 120, 144, 144, 165, 186]","[20, 40, 75, 75, 204, 120, 204, 149, 204, 186, 204]",30766176.83629086,729.0504934271131,-729.0504934271131,0.0,,,,DWT,mdp.39015067403892,29700.99629086256,,0.0,15.0,11.0,0.0,33.0,,0.6504934271131333,169.3221689713037,977.6561413156587,169.32216897130363,,0.0,169.3221689713037,,,27.998853096300337,0.0,15.0,1.4986453753650721,0.6504934271131333,,0.09279332046708078,0.8432752369724845,0.704554668529315,0.005778348606907069,0.6701530112316644,0.49703358158912553,0.09097208810933019,0.014148574515489058,,4.9562465243013776e-11,0.9595143066799645,0.9595143066799645,0.9595143066504915,,0.9999993686144557,0.04048569332003493,1.0,,,,,,0.6335741941470581,0.0,0.0,0.9999999999998253,0.9999999999998253,2.6005925040586995,0.9776196887385576,5,1.304823942833801,0.6624171835202759,88,0,0.6293835146784319,0.8954889229651259,6,0.0,0.4037022156506167,0.7122399693374492,49,39.70726214015097,0.9583781319285629,37.0,10.039191339102091,0.9597970324213045,4,dmey,0.05454592478921323,0.2086207600700168,0.8992316246265456,1,3.25,0.4850072043193589,0.9958795730033112,0.1703647903422706,0.020155307432004776,0.8833887158006586,0.001302035403075862,0.07465373961218841,0.00013780586138241457,,9.992007221626409e-16,0.010334427922785827,0.010334427922785827,0.01033442791503364,,0.9999993686144557,0.00012656365600965946,1.0,,,,,0.0,,0.2939787646392475,0.0,0.0,0.8146943714782666,0.8146943714782666,1.0,1.6822310821743451,0.47997860901172534,958,1.0308400856526618,0.4765420671256711,1890,659.0235200658623,0.6545998322505964,1424.0,1271.502808988764,0.45413429767666086,1736,1.0,0.16047866370298075,0.25185640088910577,7,1303.75,,,,,,,,,,,,,3.2565217184282585e-06,0.9960289979208242,0.1703647903422706,0.28925968026125815,0.2730870928920245,0.0015658987521224373,0.05647693852409408,0.9999990486228457,0.00013780586138241457,,9.959214347805064e-05,8.37029105137956e-06,8.37029105137956e-06,8.370291045035026e-06,,0.0,7.813466186939046e-07,0.004520109547425798,9.29891068035874e-06,,,,,0.13043478260869565,,9.301421243667614e-09,0.7209302325581395,0.7209302325581395,2.7298544296726874e-06,2.7298544296726874e-06,1.0,0.39866356195493885,0.12417332840473864,1986,1.1345563717202827,0.5507242194251646,1923,44.54772721475249,0.9791833050398353,1954.5,1953.992325402916,0.5329327740152447,1600,1640.65,1604.0,395.57969121943455,20,0.7737090308889414,0.5527188516912812,0.2925880228703567,9,1202.25
rbio6.8,,,,12.817116894587343,1045818.0451755562,0.6699029126213593,160.88250413847197,206,raw,146.75601794262366,,7.339255604681014,123077.48626595276,1.0,2.6782316068908675e-06,0.9145998157064498,428.81892752788286,,,,[],[],14,979.8776950482319,65.95779875785237,1516.7955758340297,"[8, 27, 41, 52, 65, 79, 90, 100, 111, 133, 153, 176, 186, 199]","[1502.1433734605066, 1187.7393123751424, 707.2396137531852, 1300.9231801177557, 1011.3009356206119, 1516.7955758340297, 825.019188092801, 1005.2182262315521, 780.5725819526654, 996.8431957063879, 1119.880521672852, 954.2541226335644, 65.95779875785237, 744.4001044663395]","[0, 13, 39, 42, 59, 0, 84, 92, 107, 126, 126, 164, 185, 188]","[42, 42, 42, 73, 73, 126, 92, 126, 126, 151, 164, 188, 188, 205]",75273129.10249448,1480.2586730595242,-1480.2586730595242,0.0,,,,SWT,mdp.39015067403892,37518516.10249448,,0.0,-11.5,18.0,0.0,6.5,,539.2586730595242,575.0651950482319,764.2877306752471,575.0651950482319,,0.0,575.0651950482319,,,62.95779875785237,0.0,2.0,576.7955758340297,539.2586730595242,,101.81892752788286,0.1054478482803366,,0.8113532974581881,0.535819683316063,0.1688005281904894,0.542857142857143,0.09953957495674486,,0.0446915732762144,0.3297449661685804,0.3297449661685804,0.32974496616858034,,0.13439011973196066,0.18588921514473153,0.26252890510516,,,,,,0.18957563768115646,0.2457627118644068,0.56,0.37819517015269744,0.37819517015269744,1.2842956481850392,0.4317695831981016,76,1.4991883409546647,0.8519467882169726,23,0,0.303254702964794,0.5045308745288304,56,0.0,0.45607158755014493,0.790193625273687,27,25.09315975852118,0.7632720777498002,45.5,35.8646818558072,0.6670133973654662,45,rbio,0.4644956314535345,0.6222068689729192,0.48819099729065013,2,34.25,0.15020482430825288,0.010040422254460557,,0.811353297458188,0.5358196833160631,0.3126569674536478,0.5428571428571431,0.5827392120256111,,0.06476924015170651,0.5275294769375675,0.5275294769375675,0.5273290717458652,,0.13439011973196063,0.18588921514473153,0.413447151674228,,,,,0.8333333333333333,,0.4582220410802046,0.24576271186440674,0.4745762711864407,0.4621903171762126,0.4621903171762126,0.5508474576271186,1.790534293581701,0.5875903665538226,81,1.7827010529347405,0.9169184661540294,28,37.476659402887016,0.8232233047033631,54.5,41.61467889908257,0.783073916502625,40,0.6261605206073753,0.9968249595590992,0.26264014770710753,4,31.0,,,0.928683037792049,0.6000000000000001,0.5803571428571429,,0.933346582882641,1.0,False,False,0.0,0.0,0.0012450388916301818,0.01674199429229666,,0.15377694068252423,0.3521456950771311,0.000270108312705127,0.6687863617913681,0.9333465828826412,0.007643136811331278,,0.0005680301300762991,0.003691195576243354,0.003691195576243354,0.0036911955762370325,,0.0,0.0008573448427376207,0.003532959733413392,0.0035789457790840976,,,,,0.43478260869565216,,1.1749623456705022e-05,0.31007751937984496,0.5193798449612403,0.002263047735815064,0.002263047735815064,0.5891472868217054,0.38307644141802244,0.11931834585297602,1995,0.917780608653747,0.4454992470211089,2000,3.5355339059327378,0.9983478813523678,1997.5,1997.4968710888613,0.5324683331995483,1601,818.67,599.5,715.6978453131971,300,0.38607403914171184,1.0,0.42974817260080167,3,1201.5
bior2.8,,,,13.270080645636105,717059.2588658945,0.7475728155339806,149.91498147156608,206,raw,149.04926231206238,,7.154062442480285,129733.9903796434,1.0,3.020219524720879e-06,0.9517354367909537,446.4936734079214,,,,[],[],13,963.2215531780807,132.55369167939708,1496.3552966065815,"[8, 27, 41, 52, 64, 82, 102, 116, 133, 153, 175, 186, 199]","[1329.0370608341457, 1151.932620853895, 585.2582649485955, 1258.7539095571922, 1153.947944233673, 1496.3552966065815, 1078.8206540268393, 133.9523250691622, 1044.6783241955413, 1308.6966060148306, 1092.9240765901015, 132.55369167939708, 754.9694167050951]","[0, 20, 37, 20, 61, 0, 92, 114, 126, 126, 172, 182, 188]","[20, 42, 42, 76, 76, 126, 126, 119, 151, 172, 188, 188, 205]",76523551.25919998,1448.9719348188128,-1448.9719348188128,0.0,,,,SWT,mdp.39015067403892,38768938.25919998,,0.0,6.0,19.0,0.0,1.5,,507.97193481881277,558.4090531780807,432.11980868495084,558.4090531780809,,0.0,558.4090531780807,,,129.55369167939708,0.0,-16.5,556.3552966065815,507.97193481881277,,119.49367340792139,0.18161767079554825,,0.8622418692068348,0.27821077205111266,0.047820683965637906,0.9999999999999999,0.3328781478133028,,0.14862697083573187,0.2961830525455771,0.2961830525455771,0.29618305254557725,,0.20233292903216332,0.10503062930710856,0.23389941182638552,,,,,,0.28366485975332256,0.5423728813559322,0.19,0.32790688464591666,0.32790688464591666,1.3462310812094747,0.45259176393191153,67,1.651875280611442,0.9387145039800475,5,0,0.30275746917404256,0.5037036167918837,57,0.0,0.5232091172314125,0.9065166969557781,3,33.7441352929167,0.6816591010102198,33.0,7.069603850425769,0.6851691731466193,42,bior,0.3321683876092137,0.4904554991310134,0.6203454789342464,1,31.75,0.2225636550173296,0.013944168321780082,,0.8622418692068348,0.27821077205111266,0.21261521354652835,0.9999999999999999,0.6908650486166747,,0.1665202329363929,0.5038712959705524,0.5038712959705524,0.5036608558199256,,0.20233292903216332,0.10503062930710855,0.39067648182013254,,,,,0.9166666666666666,,0.5211217625850652,0.5423728813559321,0.1610169491525424,0.4186951148555818,0.4186951148555818,0.4661016949152542,1.8106620402242595,0.5941955849347258,77,1.8949886066669697,0.97467269890486,7,49.49747468305833,0.7665213458346305,42.0,12.833333333333334,0.7842040691437303,39,0.5170065075921908,0.6634325577032603,0.4390656773744883,2,29.75,,,0.9596946767874508,0.8,0.49107142857142866,,0.9623303147391139,1.0,False,False,0.0,0.0,0.0012644941648652418,0.019029688902667045,,0.1549894083533523,0.3323687474117759,0.00018368097488506165,0.9999999999999999,0.962330314739114,0.0081807923855509,,0.0014603924540977143,0.0035400120524592456,0.0035400120524592456,0.0035400120524529243,,0.0,0.0010061713192569231,0.001996183500092635,0.0034521163543635687,,,,,0.4782608695652174,,1.2141216489411178e-05,0.5813953488372093,0.2325581395348837,0.002131750112477877,0.002131750112477877,0.5116279069767442,0.38273541288217827,0.11921212433584234,1996,1.0535625569754676,0.5114090681330595,1961,24.748737341529164,0.9884351694665752,1978.5,1978.3452110184483,0.5319512295931006,1602,1104.4,1082.5,563.6960149978129,300,0.520820561188399,0.7876173146100969,0.3991404127850916,6,1203.0
dmey,1.0,zero,0.2566748988222303,63.153564747446225,4964496.146035548,0.5639097744360902,42.45669096305388,206,smoothed,0.40796871665013257,,6.1950560315507195,45139.96448375349,0.9908694261138936,0.00014904890414132085,0.9999985211177655,362.4927933434779,,,,[],[],11,427.5150911357436,32.198853096300326,729.3886359342272,"[9, 31, 53, 64, 80, 102, 131, 148, 158, 175, 192]","[311.68197285065105, 418.80221294279295, 591.077099526049, 432.3103797089482, 729.3886359342272, 372.3067739886741, 589.0360942313794, 32.198853096300326, 449.64774059505555, 368.04136705410735, 408.1748725649947]","[0, 0, 0, 60, 0, 94, 120, 144, 144, 165, 186]","[20, 40, 75, 75, 205, 120, 205, 149, 205, 186, 205]",30774240.621244807,729.0504934271131,-729.0504934271131,0.0,,,,DWT,mdp.39015067403892,37764.78124481067,,0.0,15.0,11.0,0.0,33.0,,0.6504934271131333,169.31509113574367,977.7339975068189,169.31509113574361,,0.0,169.31509113574367,,,27.998853096300337,0.0,15.0,0.9886359342272044,0.6504934271131333,,0.09279334347792201,0.8962501253345926,0.7511846698226905,0.004720895278444659,0.08758399781820117,0.06343836887897394,0.34920454600779993,0.1384005587790659,,4.9562465243013776e-11,0.9521498380626774,0.9521498380626774,0.9521498380278782,,0.9999996165937993,0.047850161937300406,0.6596863744275534,,,,,,0.8055888297485116,0.0,0.0,0.9999999999998253,0.9999999999998253,2.5134973456143515,0.944878710843669,8,0.9929716019243927,0.5040997718311746,213,0,0.614131208075801,0.8737878912510968,9,0.0,0.32725473741710986,0.5773659274271096,121,98.91873769244464,0.8963115957102258,87.75,16.05971583053686,0.9021652318173771,40,dmey,0.05454592478921323,0.2086207600700168,0.8992316246265456,1,30.25,0.515475551280286,0.9957189937673818,0.18164015441102085,0.01912824291159132,0.7438658351474579,0.00016618394662534243,0.2865650969529089,0.0013480091720531478,,9.992007221626409e-16,0.010255109074087942,0.010255109074087942,0.010255109066335477,,0.9999996165937993,0.0001495859633072194,0.6596863744275534,,,,,0.0,,0.37379364747560273,0.0,0.0,0.8146943714782666,0.8146943714782666,1.0,1.5519219589857915,0.44279846631174796,961,1.061000653904894,0.4904848500467521,1870,642.7600640985717,0.6631236561328241,1415.5,1269.5655245496291,0.4606236729301437,1712,1.0,0.16047866370298075,0.25185640088910577,7,1285.75,,,,,,,,,,,,,3.4610977179582224e-06,0.99587424199862,0.18164015441102085,0.28851468855883056,0.22995557311143744,0.0013002888892695839,0.2167918104013927,0.9999988457571227,0.001348009172053148,,9.959214347805064e-05,8.306047355025742e-06,8.306047355025742e-06,8.306047348681533e-06,,0.0,7.813468124518486e-07,0.004520469749408804,6.134364672851512e-06,,,,,0.13043478260869565,,1.1826745981615723e-08,0.7209302325581395,0.7209302325581395,2.7298544296726874e-06,2.7298544296726874e-06,1.0,0.39866210322635914,0.12417287404873456,1987,1.183739613843393,0.5745982227820703,1900,61.518289963229634,0.9712531355312011,1943.5,1942.5263699511192,0.5315377827188716,1603,1640.65,1604.0,395.57969121943455,20,0.7737090308889414,0.5527188516912812,0.2925880228703567,9,1204.5
bior2.4,,,,13.360923094508664,717059.2588658945,0.7475728155339806,149.91498147156608,206,raw,149.22892044677076,,7.153025383993417,129124.64485973753,1.0,2.7357054510345796e-06,0.9589129524770027,423.57905901765406,,,,[],[],13,967.7036763564095,113.40225003279257,1553.7345691359658,"[8, 27, 41, 52, 64, 82, 102, 116, 133, 153, 175, 186, 199]","[1391.7076793531419, 1169.2342083223245, 613.7686860699234, 1237.3153330984417, 1112.2789668064393, 1553.7345691359658, 1074.1062491658217, 113.40225003279257, 1075.2221520548817, 1285.1444777196382, 1080.4370645661327, 136.80306507268486, 736.9930912351352]","[0, 13, 37, 42, 61, 0, 92, 114, 126, 126, 164, 182, 188]","[42, 42, 42, 77, 77, 126, 126, 119, 151, 164, 188, 188, 205]",76794700.04272461,1500.5910751124143,-1500.5910751124143,0.0,,,,SWT,mdp.39015067403892,39040087.04272461,,0.0,-7.5,19.0,0.0,1.5,,559.5910751124143,562.8911763564095,373.85220736667725,562.8911763564096,,0.0,562.8911763564095,,,110.40225003279257,0.0,-3.0,613.7345691359658,559.5910751124143,,96.57905901765406,0.18758499308205195,,0.8724476361508133,0.2767681944497292,0.047820683965637906,0.9999999999999999,0.31151801469193385,,0.11873754952077596,0.3052144736352537,0.3052144736352537,0.3052144736352539,,0.11424774318154676,0.09084673155287672,0.31426717387804215,,,,,,0.3040677116788387,0.3135593220338983,0.46,0.41087616206715344,0.41087616206715344,1.3819496540181504,0.4646000529234903,59,1.6529211481559702,0.9393088412431653,4,0,0.3162795603638317,0.5262005885675692,47,0.0,0.5231182972830273,0.9063593415181215,4,28.711205710198474,0.7291395687717125,28.5,7.431825795644891,0.7301358221217054,35,bior,0.3321683876092137,0.4904554991310134,0.6203454789342464,1,26.5,0.22823241528035104,0.010696478452215663,,0.8724476361508133,0.2767681944497293,0.21261521354652835,0.9999999999999999,0.6809670611764914,,0.13725899601453503,0.5102376491210008,0.5102376491210008,0.5100299093509508,,0.11424774318154673,0.0908467315528767,0.45459754946779274,,,,,0.9166666666666666,,0.5347613025425277,0.31355932203389825,0.3898305084745763,0.49045666869393334,0.49045666869393334,0.4661016949152542,1.8239645806327565,0.5985610107312294,73,1.8993986766078317,0.9769409841897934,5,48.08326112068523,0.7731921645250697,39.0,9.358974358974358,0.7946149501870632,35,0.5170065075921908,0.6634325577032603,0.4390656773744883,2,26.75,,,0.965688558641024,0.8,0.49107142857142866,,0.9679322458221213,1.0,False,False,0.0,0.0,0.001266018336534966,0.017126459931665217,,0.15523257026673243,0.33225799898469055,0.00018368097488506165,0.9999999999999999,0.9679322458221216,0.008131574656573713,,0.001203769647098821,0.00358069513389652,0.00358069513389652,0.0035806951338902,,0.0,0.0008132236331261985,0.0017266082071444254,0.0038081477003547638,,,,,0.4782608695652174,,1.2226131790924029e-05,0.37209302325581395,0.441860465116279,0.002348374497772206,0.002348374497772206,0.5116279069767442,0.3827284872085968,0.11920996716869159,1997,1.0553036538117655,0.5122542127376065,1958,27.577164466275352,0.9871134745484694,1977.5,1977.3077117572695,0.5315240269938608,1604,1104.4,1082.5,563.6960149978129,300,0.520820561188399,0.7876173146100969,0.3991404127850916,6,1204.5
dmey,1.0,smooth,0.2566748988222303,63.153564747446225,4964496.146035548,0.5639097744360902,42.45669096305388,206,smoothed,0.40796871665013257,,6.1950560315507195,45139.96448375349,0.9908694261138936,0.00014904890414132085,0.9999985211177655,362.4927933434779,,,,[],[],11,427.5150911357436,32.198853096300326,729.3886359342272,"[9, 31, 53, 64, 80, 102, 131, 148, 158, 175, 192]","[311.68197285065105, 418.80221294279295, 591.077099526049, 432.3103797089482, 729.3886359342272, 372.3067739886741, 589.0360942313794, 32.198853096300326, 449.64774059505555, 368.04136705410735, 408.1748725649947]","[0, 0, 0, 60, 0, 94, 120, 144, 144, 165, 186]","[20, 40, 75, 75, 205, 120, 205, 149, 205, 186, 205]",30774240.621244807,729.0504934271131,-729.0504934271131,0.0,,,,DWT,mdp.39015067403892,37764.78124481067,,0.0,15.0,11.0,0.0,33.0,,0.6504934271131333,169.31509113574367,977.7339975068189,169.31509113574361,,0.0,169.31509113574367,,,27.998853096300337,0.0,15.0,0.9886359342272044,0.6504934271131333,,0.09279334347792201,0.8962501253345926,0.7511846698226905,0.004720895278444659,0.08758399781820117,0.06343836887897394,0.34920454600779993,0.1384005587790659,,4.9562465243013776e-11,0.9521498380626774,0.9521498380626774,0.9521498380278782,,0.9999996165937993,0.047850161937300406,0.6596863744275534,,,,,,0.8055888297485116,0.0,0.0,0.9999999999998253,0.9999999999998253,2.5134973456143515,0.944878710843669,7,0.9929716019243927,0.5040997718311746,214,0,0.614131208075801,0.8737878912510968,8,0.0,0.32725473741710986,0.5773659274271096,122,99.98791593654371,0.8951908637981723,87.75,14.248730618171896,0.9016048658613502,43,dmey,0.05454592478921323,0.2086207600700168,0.8992316246265456,1,32.5,0.515475551280286,0.9957189937673818,0.18164015441102085,0.01912824291159132,0.7438658351474579,0.00016618394662534243,0.2865650969529089,0.0013480091720531478,,9.992007221626409e-16,0.010255109074087942,0.010255109074087942,0.010255109066335477,,0.9999996165937993,0.0001495859633072194,0.6596863744275534,,,,,0.0,,0.37379364747560273,0.0,0.0,0.8146943714782666,0.8146943714782666,1.0,1.5519219589857915,0.44279846631174796,960,1.061000653904894,0.4904848500467521,1871,644.1742776609448,0.6623824540561086,1415.5,1268.9226421759097,0.460253071891786,1714,1.0,0.16047866370298075,0.25185640088910577,7,1287.25,,,,,,,,,,,,,3.4610977179582224e-06,0.99587424199862,0.18164015441102085,0.28851468855883056,0.22995557311143744,0.0013002888892695839,0.2167918104013927,0.9999988457571227,0.001348009172053148,,9.959214347805064e-05,8.306047355025742e-06,8.306047355025742e-06,8.306047348681533e-06,,0.0,7.813468124518486e-07,0.004520469749408804,6.134364672851512e-06,,,,,0.13043478260869565,,1.1826745981615723e-08,0.7209302325581395,0.7209302325581395,2.7298544296726874e-06,2.7298544296726874e-06,1.0,0.39866210322635914,0.12417287404873456,1988,1.183739613843393,0.5745982227820703,1901,61.518289963229634,0.9712531355312011,1944.5,1943.5268706608383,0.5313041378590585,1605,1640.65,1604.0,395.57969121943455,20,0.7737090308889414,0.5527188516912812,0.2925880228703567,9,1206.0
dmey,1.0,constant,0.2566748988222303,63.153564747446225,4964496.146035548,0.5639097744360902,42.45669096305388,206,smoothed,0.40796871665013257,,6.1950560315507195,45139.96448375349,0.9908694261138936,0.00014904890414132085,0.9999985211177655,362.4927933434779,,,,[],[],11,427.5150911357436,32.198853096300326,729.3886359342272,"[9, 31, 53, 64, 80, 102, 131, 148, 158, 175, 192]","[311.68197285065105, 418.80221294279295, 591.077099526049, 432.3103797089482, 729.3886359342272, 372.3067739886741, 589.0360942313794, 32.198853096300326, 449.64774059505555, 368.04136705410735, 408.1748725649947]","[0, 0, 0, 60, 0, 94, 120, 144, 144, 165, 186]","[20, 40, 75, 75, 205, 120, 205, 149, 205, 186, 205]",30774240.621244807,729.0504934271131,-729.0504934271131,0.0,,,,DWT,mdp.39015067403892,37764.78124481067,,0.0,15.0,11.0,0.0,33.0,,0.6504934271131333,169.31509113574367,977.7339975068189,169.31509113574361,,0.0,169.31509113574367,,,27.998853096300337,0.0,15.0,0.9886359342272044,0.6504934271131333,,0.09279334347792201,0.8962501253345926,0.7511846698226905,0.004720895278444659,0.08758399781820117,0.06343836887897394,0.34920454600779993,0.1384005587790659,,4.9562465243013776e-11,0.9521498380626774,0.9521498380626774,0.9521498380278782,,0.9999996165937993,0.047850161937300406,0.6596863744275534,,,,,,0.8055888297485116,0.0,0.0,0.9999999999998253,0.9999999999998253,2.5134973456143515,0.944878710843669,9,0.9929716019243927,0.5040997718311746,212,0,0.614131208075801,0.8737878912510968,7,0.0,0.32725473741710986,0.5773659274271096,123,98.99957912368448,0.8962268562644817,87.75,14.991643110870802,0.902122862094505,41,dmey,0.05454592478921323,0.2086207600700168,0.8992316246265456,1,31.0,0.515475551280286,0.9957189937673818,0.18164015441102085,0.01912824291159132,0.7438658351474579,0.00016618394662534243,0.2865650969529089,0.0013480091720531478,,9.992007221626409e-16,0.010255109074087942,0.010255109074087942,0.010255109066335477,,0.9999996165937993,0.0001495859633072194,0.6596863744275534,,,,,0.0,,0.37379364747560273,0.0,0.0,0.8146943714782666,0.8146943714782666,1.0,1.5519219589857915,0.44279846631174796,962,1.061000653904894,0.4904848500467521,1869,641.3458505361986,0.6638648582095396,1415.5,1270.2069939950547,0.46099427396850146,1711,1.0,0.16047866370298075,0.25185640088910577,7,1285.0,,,,,,,,,,,,,3.4610977179582224e-06,0.99587424199862,0.18164015441102085,0.28851468855883056,0.22995557311143744,0.0013002888892695839,0.2167918104013927,0.9999988457571227,0.001348009172053148,,9.959214347805064e-05,8.306047355025742e-06,8.306047355025742e-06,8.306047348681533e-06,,0.0,7.813468124518486e-07,0.004520469749408804,6.134364672851512e-06,,,,,0.13043478260869565,,1.1826745981615723e-08,0.7209302325581395,0.7209302325581395,2.7298544296726874e-06,2.7298544296726874e-06,1.0,0.39866210322635914,0.12417287404873456,1989,1.183739613843393,0.5745982227820703,1899,63.63961030678928,0.9702618643426218,1944.0,1942.9583333333337,0.5309253246946755,1606,1640.65,1604.0,395.57969121943455,20,0.7737090308889414,0.5527188516912812,0.2925880228703567,9,1206.75
rbio2.2,,,,12.123216122299656,1468931.6179890009,0.6747572815533981,200.1050495691271,206,raw,148.22701377918048,,7.492940227092872,124513.73666668631,1.0,2.228914687286513e-06,0.842921278107388,448.3056992722712,,,,[],[],14,905.0461722915533,40.48186322292983,1601.4200826922336,"[8, 27, 41, 52, 65, 82, 98, 112, 122, 133, 147, 159, 176, 195]","[1601.4200826922336, 1033.6133373994357, 745.9976541518076, 1369.8426118536393, 941.159125759295, 1570.4841610153221, 898.3791654975087, 643.1136174891649, 43.84062043356594, 1157.3570241070818, 40.48186322292983, 1045.1038225937173, 874.5143116324627, 705.3390142335811]","[0, 13, 39, 42, 61, 42, 92, 110, 119, 126, 143, 126, 164, 188]","[126, 42, 42, 73, 73, 126, 126, 126, 123, 151, 148, 164, 188, 205]",72753716.43750001,1560.0543359928206,-1560.0543359928206,0.0,,,,SWT,mdp.39015067403892,34999103.437500015,,0.0,-7.0,18.0,0.0,-7.0,,619.0543359928206,500.23367229155326,283.35358791825456,500.23367229155326,,0.0,500.23367229155326,,,37.48186322292983,0.0,6.5,661.4200826922336,619.0543359928206,,121.30569927227123,0.15430678947489052,,0.733396465029003,0.749599327160429,0.3245019611559224,0.5714285714285716,0.14988621533251642,,0.004931591513642433,0.1789604013746049,0.1789604013746049,0.17896040137460478,,0.2092984678061945,0.06881693907619549,0.3810574596007933,,,,,,0.0,0.3220338983050848,0.65,0.506453573087487,0.506453573087487,1.099772233855475,0.3697343362454563,92,1.659436436791966,0.9430112974830588,2,0,0.27501416139242757,0.45754652441859334,69,0.0,0.507420604965007,0.8791613823822796,6,45.183883557451466,0.5737369475712126,42.25,5.780104712041885,0.5875760209554176,68,rbio,0.4644956314535345,0.6222068689729192,0.48819099729065013,2,51.5,0.1966192143879386,0.004911530073078041,,0.7333964650290029,0.7495993271604291,0.4414110135471703,0.5714285714285716,0.6060691421933344,,0.02584489183114476,0.42123969379232173,0.42123969379232173,0.4209942042549779,,0.20929846780619443,0.06881693907619549,0.5077196753414288,,,,,0.8333333333333333,,0.33148855820471385,0.32203389830508466,0.5508474576271187,0.5731232139483137,0.5731232139483137,0.3220338983050847,1.6597348994823922,0.5446666067580296,95,1.9179624308670518,0.9864891072771743,2,65.76093065034893,0.6898069308945806,48.5,3.917525773195876,0.7305166729944601,53,0.6261605206073753,0.9968249595590992,0.26264014770710753,4,40.75,,,0.8688249051737151,0.6000000000000001,0.33928571428571436,,0.8774026817719572,1.0,False,False,0.0,0.0,0.0012575184277447099,0.013736332858847906,,0.15191954646231687,0.36855781687628697,0.00038134056326879096,0.6894872141794075,0.8774026817719573,0.007759144857107339,,0.0002266612551616638,0.003011969054958763,0.003011969054958763,0.003011969054952439,,0.0,0.0010214291015516943,0.001307915978577157,0.004104030461277274,,,,,0.43478260869565216,,1.0960622365487278e-05,0.3798449612403101,0.5891472868217054,0.002597917443713347,0.002597917443713347,0.3798449612403101,0.35382136611790505,0.11020615096129077,2007,0.9099790783065348,0.4417123116004602,2003,2.8284271247461903,0.9986783050818943,2005.0,2004.998004987531,0.5308812086157135,1607,818.67,599.5,715.6978453131971,300,0.38607403914171184,1.0,0.42974817260080167,3,1206.0
rbio5.5,1.0,periodization,2.304619761675922e-20,253.62140592688436,5145493.707052278,0.5194174757281553,82.13933211680181,206,smoothed,1.2525310026064535e-10,,6.141726024410297,35890.843073398304,0.9880237139711202,0.0001496656645129481,0.9999999999999996,362.4000000000248,,,,[],[],11,426.6000000003969,32.200000000052114,728.4000000007557,"[9, 31, 53, 64, 80, 102, 131, 148, 158, 175, 192]","[311.0000000003758, 417.800000000337, 589.6000000004157, 432.2000000007008, 728.4000000007557, 371.00000000047, 587.0000000001749, 32.200000000052114, 448.2000000003044, 368.00000000039176, 407.20000000038686]","[0, 0, 0, 60, 0, 94, 120, 144, 144, 165, 186]","[20, 40, 75, 75, 204, 120, 204, 149, 204, 186, 204]",30736475.840008877,728.4000000004492,-728.4000000004492,0.0,,,,DWT,mdp.39015067403892,8.881092071533203e-06,,0.0,15.0,11.0,0.0,33.0,,4.4917669583810493e-10,168.40000000039697,987.7999999956328,168.4000000003968,,0.0,168.40000000039697,,,28.000000000052125,0.0,15.0,7.556764103355817e-10,4.4917669583810493e-10,,2.4840574042173102e-11,2.7511467985318506e-10,6.744698915990594e-20,0.7283868661893113,0.010660578905428458,0.1411143542030444,0.04358768564058205,0.061699135169813485,,0.9999997101585757,4.818932440336813e-09,4.818932440336813e-09,4.091562037901466e-09,,2.676976988554488e-10,0.9999999951810461,5.042396438527013e-10,,,,,,1.894492257856871e-10,0.0,0.0,6.905168862834735e-10,6.905168862834735e-10,0.7999999155138239,0.3007374923887129,674,0.5550343146745158,0.28177308479281155,945,0,0.16666664345095575,0.23713384535399487,674,0.0,0.14077837434047064,0.2483711536287665,947,157.0413958165171,0.8353863775508207,810.0,787.1650661427361,0.49316488688861787,920,rbio,0.7685897546424816,0.816051598246696,0.21717169227625407,5,691.25,1.5824111733356615e-10,0.9999999999687463,1.630901466549656e-20,0.7219976966715942,0.7254429929617444,0.0003696649318283624,0.0357690342360758,0.0006009441063704419,,2.0315812846671832e-05,5.190214924510883e-11,5.190214924510883e-11,4.406813802759757e-11,,2.676976988554488e-10,0.0031261328390571608,5.042396438527013e-10,,,,,0.0,,8.790454199814063e-11,0.0,0.0,5.625602206659426e-10,5.625602206659426e-10,1.0,0.20156916186268936,0.05751224487272075,1637,1.1106529383248176,0.5134383639664221,1841,144.2497833620557,0.9243973881750233,1739.0,1733.0172512938468,0.5064859058275535,1501,0.3888041033402703,1.0,0.4278371276618108,3,1126.5,,,,,,,,,,,,,1.0624906821091185e-15,0.9999999999698799,1.630901466549656e-20,0.7983482000214779,0.2242604127303756,0.0013478713053205616,0.027059937762143327,0.9999999999999997,0.0006009441063704415,,9.960751159840268e-05,4.203787925399771e-14,4.203787925399771e-14,3.56925860395263e-14,,0.0,2.0916482389649021e-16,0.004567040150598263,4.68887940968217e-15,,,,,0.13043478260869565,,2.781279713722625e-18,0.7209302325581395,0.7209302325581395,1.885010580785061e-15,1.885010580785061e-15,1.0,0.398673361883924,0.12417638082767453,1973,1.3028774147691045,0.6324288198808801,1804,119.50104602052653,0.9441583897100343,1888.5,1884.7190892242518,0.5308408770980078,1608,818.67,599.5,715.6978453131971,300,0.38607403914171184,1.0,0.42974817260080167,3,1206.75
bior5.5,1.0,periodization,2.3048986796809398e-20,253.6208803511559,4816674.525311083,0.5242718446601942,104.76811917918626,206,smoothed,1.2526488292877147e-10,,6.242805315104231,28450.788309790474,0.9756590992096547,0.00014966566451294827,0.9999999999999999,362.40000000002476,,,,[],[],11,426.60000000039685,32.200000000052086,728.4000000007557,"[9, 31, 53, 64, 80, 102, 131, 148, 158, 175, 192]","[311.00000000037573, 417.8000000003371, 589.6000000004158, 432.2000000007009, 728.4000000007557, 371.0000000004698, 587.0000000001747, 32.200000000052086, 448.20000000030444, 368.00000000039165, 407.200000000387]","[0, 0, 0, 60, 0, 94, 120, 144, 144, 165, 186]","[20, 40, 75, 75, 204, 120, 204, 149, 204, 186, 204]",30736475.840008885,728.4000000004492,-728.4000000004492,0.0,,,,DWT,mdp.39015067403892,8.888542652130127e-06,,0.0,15.0,11.0,0.0,33.0,,4.4917669583810493e-10,168.40000000039691,987.7999999956337,168.40000000039683,,0.0,168.40000000039691,,,28.000000000052097,0.0,15.0,7.556764103355817e-10,4.4917669583810493e-10,,2.4783730623312294e-11,2.751405647246319e-10,6.74551519732729e-20,0.7283848693101138,0.15645775836168171,0.0,0.07693226515562712,0.0,,0.9999997101337944,4.818873294914353e-09,4.818873294914353e-09,4.091591610612717e-09,,2.670851183088688e-10,0.9999999951811321,5.042396438527013e-10,,,,,,1.8960815969993682e-10,0.0,0.0,6.905168862834735e-10,6.905168862834735e-10,0.799999915506179,0.300737492385839,676,0.5460327069117021,0.27720325781029365,950,0,0.16666664344885262,0.23713384535100254,676,0.0,0.13739641330036617,0.24240445903527158,952,158.7734234687909,0.8335708349383744,813.5,790.2590100279459,0.49042273403103204,927,bior,0.8100315533562081,0.7923003667562746,0.1952878026237719,6,696.75,1.5825600493915936e-10,0.9999999999687474,1.6310988473988622e-20,0.7219957571781717,0.7603608172889558,0.0,0.06313234542667362,0.0,,2.031581284611672e-05,5.1901483111294056e-11,5.1901483111294056e-11,4.406847109450496e-11,,2.670851183088688e-10,0.003126132839057383,5.042396438527013e-10,,,,,0.0,,8.797828741928e-11,0.0,0.0,5.625602206659426e-10,5.625602206659426e-10,1.0,0.20156916186241958,0.057512244872643774,1639,1.1386308011601514,0.5263721145790276,1819,127.27922061357856,0.9332918130956087,1729.0,1724.3152111046845,0.5135536633612215,1460,0.5943810304597339,0.7715092316736338,0.3524805091760961,5,1096.25,,,,,,,,,,,,,1.0625906431210748e-15,0.9999999999698809,1.6310988473988622e-20,0.7983467931901855,0.23505476290156832,0.0012614280901564333,0.04776079015018275,0.9999999999999999,0.0,,9.960751159840235e-05,4.203733715291147e-14,4.203733715291147e-14,3.5692802879960794e-14,,0.0,2.0868618585553715e-16,0.004567040150598267,4.68887940968217e-15,,,,,0.13043478260869565,,2.783613002073063e-18,0.7209302325581395,0.7209302325581395,1.885010580785061e-15,1.885010580785061e-15,1.0,0.398673361883924,0.12417638082767453,1972,1.3162704874610114,0.6389299419827031,1791,127.9863273947651,0.9401933049557173,1881.5,1877.146957214988,0.5304938487395409,1609,1104.4,1082.5,563.6960149978129,300,0.520820561188399,0.7876173146100969,0.3991404127850916,6,1208.25
sym17,,,,12.623230064994386,34876.133832262865,0.6262135922330098,26.193266877345934,206,smoothed,143.97211970993803,,7.196383801500139,90447.61084363532,1.0,7.597312969476792e-05,0.9619900525847827,488.4075733952372,,,,[],[],11,627.7389633764152,276.38587876892973,970.5383860379279,"[9, 25, 53, 64, 80, 100, 110, 129, 154, 175, 192]","[363.15326301428706, 623.1854711766589, 823.963558026877, 636.0775773424105, 970.5383860379279, 539.611930533081, 276.38587876892973, 889.5654961672449, 676.8654029038353, 552.2893043874511, 553.492328781864]","[1, 1, 1, 59, 1, 94, 106, 115, 144, 165, 186]","[18, 37, 71, 71, 203, 115, 115, 203, 203, 203, 203]",61469529.65783159,1042.4684306408521,-1042.4684306408521,0.0,,,,SWT,mdp.39015067403892,30733053.81783159,,0.0,6.0,11.0,0.0,19.5,,314.06843064085217,369.53896337641527,1224.7285971405681,369.5389633764152,,0.0,369.53896337641527,,,272.18587876892974,0.0,19.5,242.13838603792794,314.06843064085217,,126.00757339523722,0.6069986894001856,,0.9034322899470786,0.1721028170722694,0.029471485285274615,0.18518518518518579,0.3580760373959131,,0.6115602570643783,0.7038850727373884,0.7038850727373884,0.7035095098535022,,0.1130520676655431,0.4079599759755312,0.1644250050683184,,,,,,0.49191598225583233,0.4599999999999999,0.7272727272727272,0.4571015502799065,0.4571015502799065,2.153096382039645,0.6911843676712673,33,1.6327003014187305,0.6223826518550162,29,0,0.4987779180793615,0.8223359153219679,15,0.0,0.4874984352500288,0.6452940081712047,26,7.7190241179396075,0.9271790177552868,25.75,23.54132172761247,0.8421272447267,19,sym,0.6803648884317847,1.0,0.22374457809775072,3,15.0,0.06236437275641932,0.8466918220485209,,0.7895709278623553,0.33708097595497355,0.005025943978165137,0.2857142857142862,0.052711359921705225,,0.38444608395709345,0.23560252168785298,0.23560252168785298,0.23527829146458956,,0.22737276087147837,0.29797287783303683,0.040635787487313585,,,,,0.25,,0.11689436570412567,0.5423728813559321,0.771186440677966,0.14912811557263272,0.14912811557263272,0.771186440677966,1.1139611881552303,0.3655628742890629,132,1.4410166817995376,0.7411757587750579,94,26.870057685088806,0.8732544448816566,113.0,109.80530973451326,0.6701177884785641,81,0.7190889370932755,0.9859759878661594,0.20084494767485936,5,62.0,,,0.9703338710491908,0.75,0.73,0.6743871066651319,0.9703338710491903,1.0,False,False,0.0,0.0,0.0012214210419595178,0.5070410211913359,,0.15325795541684573,0.33688828416203215,4.3419766357646015e-06,0.4824786902990126,0.9703338710491904,0.005007574043358489,,0.003371615269315737,0.001825686734132831,0.001825686734132831,0.0018256867341264983,,0.0,0.001061020242692151,0.005663191262676453,0.0015024389766020644,,,,,0.13043478260869565,,9.624629317633473e-06,0.5813953488372093,0.7906976744186046,0.0013180165407823065,0.0013180165407823065,0.7906976744186046,0.35482269706625,0.1105180395022975,2006,0.9960078731460547,0.48347148907900594,1988,12.727922061357855,0.9940523728685243,1997.0,1996.9594391587382,0.5304374013875333,1610,1409.1368421052632,1454.5,398.32527672708756,380,0.6645304607900322,0.5565550872278735,0.3678621512786154,7,1209.25
sym17,1.0,reflect,1.0443401290165777e-20,257.0589790805295,5567118.394812586,0.5210084033613446,97.57742003875029,206,smoothed,8.021132409838667e-11,,6.441713567607746,30544.268523361934,0.978829329131878,0.0001496656645128578,0.9999999999999993,362.40000000001373,,,,[],[],11,426.6000000002754,32.20000000010771,728.4000000005659,"[9, 31, 53, 64, 80, 102, 131, 148, 158, 175, 192]","[311.0000000003309, 417.8000000002221, 589.6000000003214, 432.200000000449, 728.4000000005659, 371.0000000003158, 587.0000000000578, 32.20000000010771, 448.2000000001662, 368.00000000024147, 407.2000000002513]","[0, 0, 0, 60, 0, 94, 120, 144, 144, 165, 186]","[20, 40, 75, 75, 204, 120, 204, 149, 204, 186, 204]",30736475.840004943,728.4000000003675,-728.4000000003675,0.0,,,,DWT,mdp.39015067403892,4.947185516357422e-06,,0.0,15.0,11.0,0.0,33.0,,3.675495463539846e-10,168.40000000027544,987.7999999969697,168.40000000027544,,0.0,168.40000000027544,,,28.00000000010772,0.0,15.0,5.659330781782046e-10,3.675495463539846e-10,,1.375610736431554e-11,1.7616420673311312e-10,3.056364980387701e-20,0.741447625939647,0.44336382968935617,0.3220566435618954,0.05451574111189966,0.017360882786007933,,0.999999758630688,4.692479527117704e-09,4.692479527117704e-09,3.9652865608579026e-09,,1.4824449227235377e-10,0.9999999953075097,3.776297498268011e-10,,,,,,1.0553211906182569e-10,0.0,0.0,5.650319142886534e-10,5.650319142886534e-10,0.7999999297897509,0.3007374977553466,667,0.8563294618014263,0.43473094846803123,330,0,0.16666664742082615,0.23713385100233947,667,0.0,0.22553496046642438,0.39790471069930955,354,187.89447392973892,0.8030456248115945,504.5,451.79042947346454,0.6371098145022334,486,sym,1.0,1.0,0.0,7,366.25,1.013300517290049e-10,0.9999999999681195,7.39044147708934e-21,0.7346831198370007,0.8290736403654547,0.0008436636220286852,0.044736842105263575,0.0001690934591372338,,2.0315813831439655e-05,5.054023866080115e-11,5.054023866080115e-11,4.270811482243175e-11,,1.4824449227235377e-10,0.0031261328394524557,3.776297498268011e-10,,,,,0.0,,4.896695963654813e-11,0.0,0.0,4.6032832027663677e-10,4.6032832027663677e-10,1.0,0.20156916167856417,0.057512244820185666,1645,1.1737308981425372,0.5425983682968459,1767,86.2670273047588,0.954786673320357,1706.0,1703.8188745603752,0.5303283471423588,1333,0.7763846615972358,0.5622554397616224,0.28785410495344815,6,1001.25,,,,,,,,,,,,,6.803682733910104e-16,0.9999999999692757,7.39044147708934e-21,0.8075497008154179,0.25629635764093267,0.0014587121431621287,0.03384425072965225,0.9999999999999994,0.0001690934591372338,,9.960751159914763e-05,4.093470354349371e-14,4.093470354349371e-14,3.4591036632281025e-14,,0.0,1.158304059106422e-16,0.004567040150604448,3.511545313885639e-15,,,,,0.13043478260869565,,1.5493034646911264e-18,0.7209302325581395,0.7209302325581395,1.5424548741275884e-15,1.5424548741275884e-15,1.0,0.3986733618839255,0.124176380827675,1971,1.3270126930475965,0.6441443085263474,1784,132.22896808188437,0.9382107625785587,1877.5,1872.8436750998671,0.530437156990214,1611,1409.1368421052632,1454.5,398.32527672708756,380,0.6645304607900322,0.5565550872278735,0.3678621512786154,7,1210.0
sym13,,,,12.962140695304878,34726.42599274481,0.6456310679611651,26.94115952836876,206,smoothed,142.99341921686405,,7.193343277032788,90447.61084362192,1.0,7.395968410459777e-05,0.98639857589334,498.7379637449288,,,,[],[],12,582.0227845053811,44.7997268079601,1027.9449653699266,"[9, 19, 31, 53, 64, 80, 100, 110, 129, 158, 175, 200]","[393.5863376541454, 44.7997268079601, 613.3250712632165, 877.0259572163674, 631.7240563214839, 1027.9449653699266, 514.6628040124886, 257.6710555309794, 824.4060137740182, 650.1150648019, 561.5008620842998, 587.5114992277877]","[1, 18, 1, 1, 59, 1, 94, 106, 122, 144, 170, 186]","[20, 20, 38, 74, 74, 203, 122, 122, 203, 203, 186, 203]",61476565.09633303,1052.6059542061632,-1052.6059542061632,0.0,,,,SWT,mdp.39015067403892,30740089.25633303,,0.0,15.5,10.0,0.0,24.5,,324.20595420616326,323.82278450538115,1303.8734140645747,323.82278450538115,,0.0,323.82278450538115,,,40.59972680796011,0.0,15.5,299.5449653699267,324.20595420616326,,136.3379637449288,0.30643105991523684,,0.9481195847881492,0.16336943900174372,0.02920434901885298,0.3333333333333338,0.3580760373944342,,0.048690896679412954,0.5098864341444003,0.5098864341444003,0.5092648225764667,,0.22234262636297664,0.4435007961566344,0.4231925678000448,,,,,,0.49340527676178003,0.6499999999999999,0.6464646464646464,0.5002997957146933,0.5002997957146933,1.9603055927364639,0.6292949042413343,58,1.6170772828030167,0.6164271830236703,32,0,0.4524822728346766,0.7460082142996233,28,0.0,0.469186367132588,0.621054611736328,33,13.671747023210555,0.8710212544980136,37.75,34.93184503197947,0.7574445895131577,30,sym,0.6803648884317847,1.0,0.22374457809775072,3,23.25,0.03148339721059807,0.8237086115472205,,0.827646111333445,0.3328515206748714,0.004980387675298986,0.40000000000000036,0.052711359921487566,,0.030608634777241947,0.17066781824433921,0.17066781824433921,0.17031604502938325,,0.2670834161923242,0.31723885009943675,0.10458727517866237,,,,,0.16666666666666669,,0.11724826788030837,0.7033898305084745,0.7033898305084746,0.16322142357779923,0.16322142357779923,0.8559322033898304,1.009576642441404,0.33130753849437733,158,1.4988994938569513,0.7709473344192154,73,60.10407640085654,0.7164902056563371,115.5,99.86147186147187,0.5858394424508101,129,0.7190889370932755,0.9859759878661594,0.20084494767485936,5,98.0,,,0.9893843157146471,0.5,0.83,0.6255728178943057,0.9893843157146466,1.0,False,False,0.0,0.0,0.0012131180081608555,0.4935722745346315,,0.15416513216465388,0.3365635837651522,4.302619968933911e-06,0.5652820998511706,0.9893843157146468,0.005007574043357407,,0.000268439567196568,0.0014107327147957695,0.0014107327147957695,0.0014107327147894347,,0.0,0.0011480051197166042,0.006029355077985774,0.0018586397579531198,,,,,0.08695652173913043,,9.626832596489676e-06,0.7286821705426356,0.7286821705426356,0.00136055957420463,0.00136055957420463,0.8682170542635659,0.3605796821941736,0.11231119060295326,2004,1.0330882360978606,0.5014706422737225,1971,23.33452377915607,0.989096016925628,1987.5,1987.3630188679247,0.5301788495843094,1612,1409.1368421052632,1454.5,398.32527672708756,380,0.6645304607900322,0.5565550872278735,0.3678621512786154,7,1210.75
rbio5.5,,,,9.818372877681774,762024.9016922304,0.6941747572815534,148.9804499381236,206,raw,162.37733582196395,,7.167563307368892,130989.65067350541,1.0,3.4339997146593564e-06,0.7210450879333805,425.1278476431454,,,,[],[],13,1173.7044123208848,183.83200885185772,1866.8702556698308,"[7, 22, 32, 47, 64, 81, 101, 111, 132, 148, 158, 175, 194]","[1248.6551535018014, 581.6475821776953, 1067.4603824879925, 1459.1986327615366, 1648.3864311082102, 1866.8702556698308, 1287.388726295619, 1044.8687820286927, 1324.2464694370697, 183.83200885185772, 1385.2025195230688, 1201.7128050252593, 958.6876113028667]","[1, 19, 19, 38, 60, 76, 98, 108, 125, 143, 150, 171, 187]","[38, 24, 38, 60, 76, 150, 150, 125, 150, 150, 187, 187, 205]",79983148.66259252,1602.11711503157,-1602.11711503157,0.0,,,,SWT,mdp.39015067403892,42228535.662592515,,0.0,-7.5,19.0,0.0,-3.0,,661.1171150315699,768.8919123208848,2304.157360171501,768.8919123208847,,0.0,768.8919123208848,,,180.83200885185772,0.0,-16.5,926.8702556698308,661.1171150315699,,98.1278476431454,0.6243079515384449,,0.4744570232932012,0.29699085584988394,0.06436757698000889,0.6857142857142858,0.3768943424942015,,0.22865641481032448,0.7203033315840899,0.7203033315840899,0.7203033315840897,,0.1202013818331171,0.5607348048974017,0.7528578571661262,,,,,,0.5439856055290666,0.3135593220338983,0.19,0.574062571674524,0.574062571674524,2.387883565597691,0.8027867207217732,4,1.384508124326108,0.7867772297567523,33,0,0.4819829873390359,0.8018846722994205,3,0.0,0.4699684541208296,0.8142714579543441,17,14.032699906527847,0.8676160386176618,14.25,5.94831013916501,0.8665910381767554,8,rbio,0.4644956314535345,0.6222068689729192,0.48819099729065013,2,6.5,0.6431048880552799,0.01866741351551804,,0.47445702329320116,0.29699085584988394,0.2262983209226171,0.6857142857142858,0.7112615386404353,,0.2448677023032002,0.8028385844864503,0.8028385844864503,0.8027549556263551,,0.1202013818331171,0.5607348048974017,0.8034337497102657,,,,,0.9166666666666666,,0.6951491596728321,0.31355932203389825,0.1610169491525424,0.6315993986621852,0.6315993986621852,0.38983050847457623,2.630479651072645,0.863230884729,6,1.6165529631533526,0.831461484241118,40,24.041630560342615,0.8865960822625348,23.0,10.434782608695652,0.8890527581123995,14,0.6261605206073753,0.9968249595590992,0.26264014770710753,4,11.5,,,0.7670471429757806,0.8,0.4107142857142858,,0.782280351445134,1.0,False,False,0.0,0.0,0.0013775659836769317,0.021797630870929237,,0.14575007282572827,0.3338105171573003,0.0001955019845878642,0.7722906237315654,0.7822803514451341,0.00828221390423255,,0.002147504470717595,0.005450510929656578,0.005450510929656578,0.005450510929650268,,0.0,0.0008262648816719766,0.010657172796622472,0.005751116215639376,,,,,0.4782608695652174,,1.3224653976400547e-05,0.37209302325581395,0.2325581395348837,0.0027744376957209095,0.0027744376957209095,0.4418604651162791,0.35542493265856034,0.11070562022227667,2005,0.8865468879551359,0.4303381083767551,2010,3.5355339059327378,0.9983478813523678,2007.5,2007.496886674969,0.5301318846014176,1613,818.67,599.5,715.6978453131971,300,0.38607403914171184,1.0,0.42974817260080167,3,1210.5
bior2.4,,,,13.07164265268616,27623.859695188235,0.6601941747572816,24.269453294173136,206,smoothed,142.96427255981376,,7.161505935555189,92597.77218668124,1.0,7.064738407172842e-05,0.9965757166363298,516.1393366749733,,,,[],[],11,608.6371398411135,58.07777353101889,1047.565438075723,"[10, 28, 53, 65, 81, 102, 131, 148, 158, 175, 192]","[599.5779368549856, 430.274476352014, 821.856953520977, 634.2482662200385, 1047.565438075723, 541.2747730374638, 832.2956173782434, 58.07777353101889, 641.4452874273029, 518.7710997262018, 569.6209161282793]","[1, 20, 1, 60, 1, 94, 120, 144, 144, 166, 186]","[40, 40, 75, 75, 204, 120, 204, 149, 204, 186, 204]",61645710.50646483,1032.1350422850178,-1032.1350422850178,0.0,,,,SWT,mdp.39015067403892,30909234.666464835,,0.0,10.5,11.0,0.0,15.0,,303.7350422850178,350.43713984111355,1014.6085382522497,350.4371398411135,,0.0,350.43713984111355,,,53.8777735310189,0.0,28.5,319.16543807572305,303.7350422850178,,153.7393366749733,0.29747986220049893,,0.9625580408810981,0.07192220913400808,0.016530643694873826,0.4444444444444448,0.5953364948732893,,0.08096314440616557,0.6228256348752272,0.6228256348752272,0.6223472642182541,,0.4064407780541891,0.3136033330564753,0.5116343798850451,,,,,,0.5292107677719002,0.55,0.909090909090909,0.4130686813556109,0.4130686813556109,2.2042696963476023,0.7076119624536625,27,1.6894292168066702,0.6440076204823416,22,0,0.49233861392964107,0.8117194247355616,17,0.0,0.4913584998502517,0.6504035149461344,22,4.08248290463863,0.9614860103335978,22.0,21.41675503711559,0.8769694202611386,13,bior,0.37456811101670917,0.7330437326379493,0.5178892024969188,1,10.0,0.030563731582571835,0.7858991523442693,,0.8399481955552236,0.28856488083270915,0.00281906691601172,0.48571428571428604,0.08763780029517981,,0.050895988501957895,0.20847052428285878,0.20847052428285878,0.20813478563128968,,0.33397536307360765,0.24682401699173068,0.12644467259449782,,,,,0.25,,0.1257567537017266,0.6186440677966101,0.9237288135593221,0.13476251396415884,0.13476251396415884,0.6949152542372881,1.0664172945591852,0.3499606409413768,141,1.52287155240608,0.7832771768901315,67,52.32590180780452,0.7531797084537523,104.0,90.83653846153847,0.6313068353589516,102,0.5170065075921908,0.6634325577032603,0.4390656773744883,2,77.0,,,0.9973274040418675,0.75,0.64,0.5452688995319336,0.9973274040418669,1.0,False,False,0.0,0.0,0.0012128707357007724,0.47141496856544407,,0.1544582407918007,0.33316364486501043,2.4354276006968885e-06,0.627384657015289,0.9973274040418671,0.00518124572023502,,0.0004463608790440201,0.0016523043857305045,0.0016523043857305045,0.0016523043857241705,,0.0,0.0012945297168652252,0.004691069961171129,0.001980382383791585,,,,,0.13043478260869565,,9.67980363812281e-06,0.6511627906976745,0.9302325581395349,0.0012746515430729654,0.0012746515430729654,0.7209302325581395,0.3606181681996581,0.11232317799245678,2003,1.053003659122686,0.5111377739149988,1962,28.991378028648448,0.9864526270894166,1982.5,1982.288020176545,0.5300253789652691,1614,1104.4,1082.5,563.6960149978129,300,0.520820561188399,0.7876173146100969,0.3991404127850916,6,1212.0
sym2,,,,10.473885353335774,985619.0534263669,0.6796116504854369,158.38534075968602,206,raw,160.75375555628776,,7.320911830378737,123196.58906350654,1.0,3.2806709345689618e-06,0.751493924222229,437.1797024001055,,,,[],[],13,1116.8954550256465,104.05121193123023,1792.1306662765305,"[7, 22, 32, 47, 64, 81, 101, 111, 132, 158, 175, 191, 201]","[1309.2747565635013, 487.08410134011933, 1017.9870841000579, 1412.703149462037, 1492.5264187847765, 1792.1306662765305, 1214.3366241707295, 921.7674830533049, 1369.4508516269675, 1298.9147048050784, 1125.9051559794302, 104.05121193123023, 973.508707239644]","[1, 19, 19, 41, 41, 76, 98, 108, 125, 125, 171, 187, 187]","[76, 24, 41, 60, 76, 125, 125, 125, 150, 171, 187, 193, 205]",77059655.25891699,1617.9109524883918,-1617.9109524883918,0.0,,,,SWT,mdp.39015067403892,39305042.25891699,,0.0,-7.5,19.0,0.0,-3.0,,676.9109524883918,712.0829550256465,1565.6409153334043,712.0829550256467,,0.0,712.0829550256465,,,101.05121193123023,0.0,-16.5,852.1306662765305,676.9109524883918,,110.1797024001055,0.570380937774088,,0.54810109210051,0.5103029759476903,0.1466479198113776,0.6000000000000002,0.10371463086142987,,0.10414349844580865,0.6058340065375465,0.6058340065375465,0.605834006537547,,0.16652945212184792,0.3809600843595712,0.6481745234218155,,,,,,0.3240045226524906,0.3135593220338983,0.19,0.5994485675289224,0.5994485675289224,2.028606163053213,0.6820006271393899,15,1.4269261189285065,0.8108821892717831,28,0,0.4236323228946803,0.7048055125250482,10,0.0,0.4673746088249667,0.8097773388868815,19,7.615773105863909,0.9281530839069443,18.0,15.685503685503685,0.8791708815761137,7,sym,0.5948329919317754,0.9644551827563462,0.29428035082085335,3,6.0,0.591875995420774,0.016917186121279182,,0.5481010921005098,0.5103029759476904,0.2943383309066795,0.6000000000000002,0.5846738746361775,,0.12297166734214507,0.7221478337282146,0.7221478337282146,0.7220299787215456,,0.1665294521218479,0.3809600843595712,0.720173120236078,,,,,0.9166666666666666,,0.5480892887913238,0.31355932203389825,0.1610169491525424,0.6535561827257196,0.6535561827257196,0.38983050847457623,2.34817803538096,0.7705894254519483,17,1.7101068767966734,0.8795802144451106,35,12.727922061357855,0.9399626317860479,26.0,22.884615384615387,0.9086605611760428,9,0.7190889370932755,0.9859759878661594,0.20084494767485936,5,8.0,,,0.7924747052796701,0.8,0.4107142857142858,,0.8060451594802387,1.0,False,False,0.0,0.0,0.0013637919619857706,0.020771953045662275,,0.14750471143138877,0.3501867465930181,0.0002542826106615812,0.710188066567447,0.8060451594802389,0.007652756918510096,,0.0010784689156835448,0.0049348706083054295,0.0049348706083054295,0.004934870608299119,,0.0,0.0009277449873082595,0.007240423480362842,0.0052873662335025514,,,,,0.4782608695652174,,1.2309107461247603e-05,0.37209302325581395,0.2325581395348837,0.0028407179613561483,0.0028407179613561483,0.4418604651162791,0.3527766904394506,0.1098807616644585,2011,0.8799184581494459,0.4271206068741915,2013,1.4142135623730951,0.9993391525409472,2012.0,2011.9995029821073,0.5295761183265484,1615,1409.1368421052632,1454.5,398.32527672708756,380,0.6645304607900322,0.5565550872278735,0.3678621512786154,7,1213.0
bior1.5,,,,12.963592344342567,93166.10559659397,0.7330097087378641,55.45805957934157,206,smoothed,142.67882324922286,,7.2230867922583,92314.7992473644,1.0,7.769132247915357e-05,0.9990906296508749,515.9001357091499,,,,[],[],11,623.7144844477461,40.962474863267516,1059.1619892871822,"[9, 31, 53, 64, 80, 102, 131, 146, 158, 175, 200]","[440.2988198296789, 598.1493601861199, 851.1234402816808, 661.8420035014979, 1059.1619892871822, 549.7401670334816, 829.8130096636712, 40.962474863267516, 660.9481763359045, 551.214042730517, 617.605845212206]","[1, 1, 1, 60, 1, 94, 119, 144, 144, 170, 186]","[20, 38, 75, 75, 204, 119, 204, 149, 204, 186, 204]",62242233.30234133,1054.1514748298682,-1054.1514748298682,0.0,,,,SWT,mdp.39015067403892,31505757.46234133,,0.0,6.0,11.0,0.0,28.5,,325.75147482986824,365.5144844477462,1180.4593289252089,365.5144844477461,,0.0,365.5144844477462,,,36.76247486326753,0.0,24.0,330.76198928718225,325.75147482986824,,153.50013570914996,0.20981583911112192,,0.9483109929729368,0.24880251688029809,0.1334831755018577,0.9999999999999999,0.5641117269026574,,0.03936446878441044,0.6868070173861209,0.6868070173861209,0.6864097943860824,,0.40391014694434163,0.3880803911544326,0.5639073306165003,,,,,,0.655485501377997,0.4599999999999999,0.8181818181818181,0.5068856032639637,0.5068856032639637,2.448080597553224,0.7858798398171137,10,2.063247957238512,0.7865067054527455,2,0,0.5375149795163836,0.8862017676763787,6,0.0,0.6024822179235247,0.7974962320778558,3,3.593976442141304,0.9660945618665915,5.25,3.6363636363636367,0.9582831299898995,2,bior,0.37456811101670917,0.7330437326379493,0.5178892024969188,1,1.75,0.02155693814340369,0.8663047614982595,,0.8278091979955393,0.37422558915225723,0.022763663100316495,0.9142857142857143,0.08304129058472437,,0.024745747776125926,0.22988620085349354,0.22988620085349354,0.22955954597024233,,0.3330558598617559,0.2871965499970667,0.13936334342790083,,,,,0.25,,0.15576351384326928,0.5423728813559321,0.847457627118644,0.16537002506196685,0.16537002506196685,0.9237288135593218,1.1617897657851117,0.3812585309218509,116,1.760185557418185,0.9053377955868854,29,61.518289963229634,0.709819386965898,72.5,46.4,0.6839191274452131,74,0.5170065075921908,0.6634325577032603,0.4390656773744883,2,56.0,,,0.9992902516347504,0.75,0.91,0.7160432403845752,0.9992902516347499,1.0,False,False,0.0,0.0,0.00121044905992722,0.5185347031826691,,0.15416901785644155,0.33973992103920914,1.966581676106729e-05,0.9378974428358815,0.99929025163475,0.005158389582001125,,0.00021702169571828373,0.0017891575720631063,0.0017891575720631063,0.0017891575720567726,,0.0,0.001292515575492833,0.0054583793143937,0.0020523375612392825,,,,,0.13043478260869565,,9.866615883461684e-06,0.5813953488372093,0.8604651162790697,0.001367045491117727,0.001367045491117727,0.9302325581395349,0.38903518723653524,0.12117434015999068,1992,1.195243183435682,0.58018216249827,1882,77.78174593052023,0.9636533897520934,1937.0,1935.4383066597834,0.5292566014181028,1616,1104.4,1082.5,563.6960149978129,300,0.520820561188399,0.7876173146100969,0.3991404127850916,6,1213.5
db2,,,,10.473885353334406,985619.0534269664,0.6796116504854369,158.3853407598122,206,raw,160.7537555563024,,7.320911830378753,123196.58906353096,1.0,3.2806709345663995e-06,0.7514939242222001,437.1797024000814,,,,[],[],13,1116.8954550259068,104.05121193130651,1792.1306662770487,"[7, 22, 32, 47, 64, 81, 101, 111, 132, 158, 175, 191, 201]","[1309.2747565637426, 487.08410134055396, 1017.98708410047, 1412.7031494621992, 1492.5264187850034, 1792.1306662770487, 1214.3366241709298, 921.7674830534332, 1369.4508516271983, 1298.9147048053096, 1125.9051559797551, 104.05121193130651, 973.5087072398387]","[1, 19, 19, 41, 41, 76, 98, 108, 125, 125, 171, 187, 187]","[76, 24, 41, 60, 76, 125, 125, 125, 150, 171, 187, 193, 205]",77059655.2589253,1617.9109524887672,-1617.9109524887672,0.0,,,,SWT,mdp.39015067403892,39305042.258925304,,0.0,-7.5,19.0,0.0,-3.0,,676.9109524887672,712.0829550259068,1565.6409153367877,712.0829550259068,,0.0,712.0829550259068,,,101.05121193130651,0.0,-16.5,852.1306662770487,676.9109524887672,,110.1797024000814,0.5703809377745742,,0.5481010921003562,0.5103029759477125,0.14664791981159822,0.6000000000000002,0.10371463086228583,,0.10414349844592771,0.6058340065380712,0.6058340065380712,0.6058340065380712,,0.16652945212175527,0.3809600843603948,0.6481745234225413,,,,,,0.3240045226531162,0.3135593220338983,0.19,0.5994485675295258,0.5994485675295258,2.0286061630550036,0.6820006271399919,14,1.4269261189290143,0.8108821892720717,27,0,0.4236323228950123,0.7048055125256005,9,0.0,0.4673746088251677,0.8097773388872298,18,7.615773105863909,0.9281530839069443,17.0,14.53846153846154,0.8838878627081892,5,db,0.9380878725805777,0.8243093411562624,0.09604568684671688,4,4.75,0.5918759954212358,0.016917186121249927,,0.5481010921003562,0.5103029759477126,0.2943383309068619,0.6000000000000002,0.5846738746365742,,0.12297166734226161,0.7221478337285844,0.7221478337285844,0.7220299787219152,,0.16652945212175524,0.3809600843603948,0.7201731202366554,,,,,0.9166666666666666,,0.5480892887917421,0.31355932203389825,0.1610169491525424,0.6535561827262414,0.6535561827262414,0.38983050847457623,2.3481780353823996,0.7705894254524208,16,1.7101068767969627,0.8795802144452594,34,12.727922061357855,0.9399626317860479,25.0,21.759999999999998,0.9110190517420805,8,0.9080317387829661,0.7281573716544635,0.1459305713555847,6,7.5,,,0.792474705279646,0.8,0.4107142857142858,,0.8060451594802162,1.0,False,False,0.0,0.0,0.0013637919619858949,0.020771953045645136,,0.1475047114313851,0.35018674659301974,0.0002542826106617384,0.710188066567447,0.8060451594802163,0.007652756918512069,,0.001078468915684567,0.004934870608307793,0.004934870608307793,0.00493487060830148,,0.0,0.0009277449873080566,0.007240423480378494,0.005287366233505767,,,,,0.4782608695652174,,1.2309107461250209e-05,0.37209302325581395,0.2325581395348837,0.0028407179613577234,0.0028407179613577234,0.4418604651162791,0.3527766904394629,0.10988076166446234,2010,0.8799184581494313,0.4271206068741844,2014,2.8284271247461903,0.9986783050818943,2012.0,2011.9980119284296,0.5292456945970219,1617,1009.0473684210526,935.5,610.6543869996938,760,0.4758535102197843,0.8532293215616218,0.41093374637766444,5,1214.0
sym12,1.0,periodization,2.3276814916835182e-23,283.5781632089154,4961021.597408527,0.5194174757281553,92.66692413194271,206,smoothed,3.936645705198738e-12,,6.195594039755006,31688.23739843594,0.9834017951391937,0.0001496656645131904,0.9999999999999999,362.40000000000055,,,,[],[],11,426.60000000001304,32.200000000003485,728.4000000000242,"[9, 31, 53, 64, 80, 102, 131, 148, 158, 175, 192]","[311.0000000000148, 417.8000000000109, 589.6000000000145, 432.2000000000223, 728.4000000000242, 371.00000000001535, 587.0000000000043, 32.200000000003485, 448.20000000000914, 368.0000000000123, 407.20000000001266]","[0, 0, 0, 60, 0, 94, 120, 144, 144, 165, 186]","[20, 40, 75, 75, 204, 120, 204, 149, 204, 186, 204]",30736475.84000026,728.4000000000159,-728.4000000000159,0.0,,,,DWT,mdp.39015067403892,2.644956111907959e-07,,0.0,15.0,11.0,0.0,33.0,,1.5916157281026244e-11,168.4000000000131,987.7999999998556,168.4000000000131,,0.0,168.4000000000131,,,28.000000000003496,0.0,15.0,2.4215296434704214e-11,1.5916157281026244e-11,,5.684341886080801e-13,8.59942227837857e-12,6.811713056954327e-23,0.8422049559497703,0.0883600230373219,0.06194724940396973,0.04358768564058205,0.026847626163018244,,0.999999667757868,4.419523402465606e-09,4.419523402465606e-09,3.692330436007296e-09,,6.125805465799743e-12,0.999999995580482,1.6158123084192173e-11,,,,,,5.64215395586568e-12,0.0,0.0,2.446782183743009e-11,2.446782183743009e-11,0.7999999019007648,0.30073748727126576,682,0.6086507345145278,0.30899241811047523,909,0,0.16666663966221573,0.23713383996336318,682,0.0,0.15184964860046596,0.26790387783429814,926,136.14300079940455,0.8572924519922385,799.75,782.3846200498954,0.5094900415097461,878,sym,1.0,1.0,0.0,7,660.25,4.9556723003617535e-12,0.9999999999704281,1.6471418657004557e-23,0.8325449129200617,0.7440516899930439,0.0001622777913501516,0.0357690342360758,0.00026149349854414587,,2.0315811985249788e-05,4.7600368091593737e-11,4.7600368091593737e-11,3.976818874207311e-11,,6.125805465799743e-12,0.0031261328403058286,1.6158123084192173e-11,,,,,0.0,,2.6179624504479798e-12,0.0,0.0,1.9933796733290802e-11,1.9933796733290802e-11,1.0,0.20156916122466365,0.05751224469067757,1714,1.186046142730697,0.5482915230304283,1746,22.627416997969522,0.9881407667725527,1730.0,1729.8520231213874,0.5407160856923561,1259,0.7763846615972358,0.5622554397616224,0.28785410495344815,6,945.75,,,,,,,,,,,,,3.32742572312698e-17,0.9999999999715006,1.6471418657004557e-23,0.8785347483781824,0.23001302750107727,0.001299375465809999,0.027059937762143327,0.9999999999999999,0.0002614934985441463,,9.960751159775118e-05,3.8553578732281046e-14,3.8553578732281046e-14,3.220980340085111e-14,,0.0,4.786380409530668e-18,0.004567040150617799,1.5025294332214567e-16,,,,,0.13043478260869565,,8.283173644056474e-20,0.7209302325581395,0.7209302325581395,6.679359182736232e-17,6.679359182736232e-17,1.0,0.39867336188392727,0.12417638082767556,1969,1.353705623006078,0.6571013050952051,1745,158.39191898578665,0.925985084586081,1857.0,1850.245018847604,0.5291140376201433,1618,1409.1368421052632,1454.5,398.32527672708756,380,0.6645304607900322,0.5565550872278735,0.3678621512786154,7,1215.25
rbio5.5,1.0,reflect,2.385491980134072e-20,253.4716191341763,5243286.560623166,0.5324074074074074,82.19320708534555,206,smoothed,1.2680214914750583e-10,,6.1940230127309714,36739.62394379927,0.9868961779129177,0.0001496656645129516,1.0,362.40000000002476,,,,[],[],11,426.6000000003935,32.20000000005214,728.4000000007186,"[9, 31, 53, 64, 80, 102, 131, 148, 158, 175, 192]","[311.00000000037573, 417.80000000033715, 589.6000000004158, 432.200000000701, 728.4000000007186, 371.00000000047, 587.0000000001749, 32.20000000005214, 448.20000000030427, 368.0000000003919, 407.20000000038704]","[0, 0, 0, 60, 0, 94, 120, 144, 144, 165, 186]","[20, 40, 75, 75, 204, 120, 204, 149, 204, 186, 204]",30736475.840008855,728.4000000004494,-728.4000000004494,0.0,,,,DWT,mdp.39015067403892,8.858740329742432e-06,,0.0,15.0,11.0,0.0,33.0,,4.4940406951354817e-10,168.40000000039356,987.7999999956701,168.4000000003935,,0.0,168.40000000039356,,,28.000000000052154,0.0,15.0,7.186145012383349e-10,4.4940406951354817e-10,,2.4783730623312294e-11,2.7851772327866613e-10,6.981379522466213e-20,0.7278177643183419,0.08609396727672713,0.1830826338643882,0.13281531045399,0.0687379335814298,,0.9999997101833569,4.8153837149892236e-09,4.8153837149892236e-09,4.0881316033963016e-09,,2.670851183088688e-10,0.9999999951845733,4.795093709632804e-10,,,,,,1.8897242404293788e-10,0.0,0.0,6.908664265954368e-10,6.908664265954368e-10,0.7999999155070934,0.30073749238618275,675,0.6519002568592861,0.3309488107238664,870,0,0.16666664345034407,0.23713384535312457,675,0.0,0.17122108711048498,0.3020803381942257,869,112.29536945039186,0.8822899691295683,772.25,760.0031274607811,0.5364017979819748,779,rbio,0.7685897546424816,0.816051598246696,0.21717169227625407,5,585.5,1.6019836747634932e-10,0.9999999999687708,1.6881320033715444e-20,0.721444949496432,0.7435089789662654,0.0004796055635067065,0.10899122807017583,0.0006695013788467655,,2.0315812847171433e-05,5.1863957573061725e-11,5.1863957573061725e-11,4.403116760087755e-11,,2.670851183088688e-10,0.003126132839068152,4.795093709632804e-10,,,,,0.0,,8.768330573472249e-11,0.0,0.0,5.628449891907037e-10,5.628449891907037e-10,1.0,0.20156916184999285,0.057512244869098145,1641,1.148725553781045,0.5310387688429012,1813,121.62236636408618,0.9362566214024706,1727.0,1722.7174290677472,0.5155601765293275,1446,0.3888041033402703,1.0,0.4278371276618108,3,1085.25,,,,,,,,,,,,,1.0756323994725032e-15,0.9999999999699032,1.6881320033715444e-20,0.7979472592326067,0.2298452560841093,0.0013735800508930624,0.08245388535606402,1.0,0.0006695013788467659,,9.960751159840311e-05,4.2006871071864627e-14,4.2006871071864627e-14,3.566255363934845e-14,,0.0,2.0868618585553715e-16,0.004567040150598435,4.458914810982549e-15,,,,,0.13043478260869565,,2.7742798486713092e-18,0.7209302325581395,0.7209302325581395,1.885964774954023e-15,1.885964774954023e-15,1.0,0.39867336188392394,0.12417638082767452,1976,1.327627128292001,0.6444425611110549,1782,137.17871555019022,0.9358977964718738,1879.0,1873.9925492283128,0.5289302066471518,1619,818.67,599.5,715.6978453131971,300,0.38607403914171184,1.0,0.42974817260080167,3,1215.0
bior5.5,1.0,reflect,2.3851429030730707e-20,253.47225469839503,4893735.048663138,0.5277777777777778,112.1905758205618,206,smoothed,1.26794661070465e-10,,6.297472196689209,28739.569818549626,0.9741460943749991,0.00014966566451295163,1.0,362.4000000000248,,,,[],[],11,426.6000000003935,32.200000000052114,728.4000000007186,"[9, 31, 53, 64, 80, 102, 131, 148, 158, 175, 192]","[311.0000000003758, 417.800000000337, 589.600000000416, 432.2000000007008, 728.4000000007186, 371.00000000047, 587.0000000001746, 32.200000000052114, 448.20000000030427, 368.00000000039205, 407.2000000003869]","[0, 0, 0, 60, 0, 94, 120, 144, 144, 165, 186]","[20, 40, 75, 75, 204, 120, 204, 149, 204, 186, 204]",30736475.840008855,728.4000000004494,-728.4000000004494,0.0,,,,DWT,mdp.39015067403892,8.858740329742432e-06,,0.0,15.0,11.0,0.0,33.0,,4.4940406951354817e-10,168.40000000039356,987.7999999956701,168.40000000039348,,0.0,168.40000000039356,,,28.000000000052125,0.0,15.0,7.186145012383349e-10,4.4940406951354817e-10,,2.4840574042173102e-11,2.7850127302228013e-10,6.980357913660623e-20,0.727820179089227,0.23530949040333743,0.03307089911784061,0.10101446147204873,0.0023948169616474016,,0.9999997101585757,4.8153837149892236e-09,4.8153837149892236e-09,4.08810203068505e-09,,2.676976988554488e-10,0.9999999951845733,4.795093709632804e-10,,,,,,1.8897242404293788e-10,0.0,0.0,6.908664265954368e-10,6.908664265954368e-10,0.7999999154999564,0.3007374923834998,677,0.612246013671154,0.31081762579920696,902,0,0.16666664344832757,0.2371338453502555,677,0.0,0.15708712104608608,0.27714419673634405,905,130.7755711132626,0.8629186885605213,790.25,774.0193329105915,0.5172821954333005,842,bior,0.8100315533562081,0.7923003667562746,0.1952878026237719,6,633.0,1.6018890616109861e-10,0.999999999968771,1.687884973328667e-20,0.7214472948722838,0.7792454825314203,8.663294203443603e-05,0.08289473684210552,2.332530488437191e-05,,2.0315812846671832e-05,5.1863957573061725e-11,5.1863957573061725e-11,4.4030834533970165e-11,,2.676976988554488e-10,0.003126132839068152,4.795093709632804e-10,,,,,0.0,,8.768330573472249e-11,0.0,0.0,5.628449891907037e-10,5.628449891907037e-10,1.0,0.20156916185029888,0.057512244869185464,1640,1.1557016595575815,0.5342637189719344,1804,115.96551211459379,0.9392214297093324,1722.0,1718.0952380952383,0.5183528532194461,1426,0.5943810304597339,0.7715092316736338,0.3524805091760961,5,1070.75,,,,,,,,,,,,,1.0755688726252224e-15,0.9999999999699034,1.687884973328667e-20,0.79794896047485,0.24089268933085206,0.0012816865171907327,0.06271140576376699,1.0,2.3325304884372344e-05,,9.960751159840268e-05,4.2006871071864627e-14,4.2006871071864627e-14,3.566233679891395e-14,,0.0,2.0916482389649021e-16,0.004567040150598435,4.458914810982549e-15,,,,,0.13043478260869565,,2.7742798486713092e-18,0.7209302325581395,0.7209302325581395,1.885964774954023e-15,1.885964774954023e-15,1.0,0.39867336188392394,0.12417638082767452,1977,1.3249504566273633,0.6431432797796832,1787,134.35028842544403,0.9372194913899794,1882.0,1877.204569606801,0.5288901195267655,1620,1104.4,1082.5,563.6960149978129,300,0.520820561188399,0.7876173146100969,0.3991404127850916,6,1216.5
bior5.5,1.0,periodic,2.3048552594893418e-20,253.6209621652825,4869189.286316774,0.5324074074074074,104.70671159951023,206,smoothed,1.252600860144402e-10,,6.280362562878744,29775.919157761942,0.9749652482091148,0.0001496656645129482,0.9999999999999999,362.4000000000248,,,,[],[],11,426.6000000003969,32.200000000052114,728.4000000007559,"[9, 31, 53, 64, 80, 102, 131, 148, 158, 175, 192]","[311.0000000003758, 417.800000000337, 589.600000000416, 432.2000000007008, 728.4000000007559, 371.00000000047, 587.0000000001746, 32.200000000052114, 448.20000000030427, 368.00000000039205, 407.2000000003869]","[0, 0, 0, 60, 0, 94, 120, 144, 144, 165, 186]","[20, 40, 75, 75, 204, 120, 204, 149, 204, 186, 204]",30736475.84000888,728.4000000004494,-728.4000000004494,0.0,,,,DWT,mdp.39015067403892,8.884817361831665e-06,,0.0,15.0,11.0,0.0,33.0,,4.4940406951354817e-10,168.40000000039697,987.7999999956328,168.40000000039686,,0.0,168.40000000039697,,,28.000000000052125,0.0,15.0,7.55903784011025e-10,4.4940406951354817e-10,,2.4840574042173102e-11,2.7513002657576125e-10,6.745388123809626e-20,0.728385180155761,0.21063048509998056,0.0225369655936861,0.13281531045399,0.010989089449529053,,0.9999997101585757,4.818932440336813e-09,4.818932440336813e-09,4.091621183323969e-09,,2.676976988554488e-10,0.9999999951810461,5.043913633182805e-10,,,,,,1.8952869274281195e-10,0.0,0.0,6.908664265954368e-10,6.908664265954368e-10,0.7999999155140969,0.30073749238881553,673,0.6111365934842365,0.31025440882300526,905,0,0.16666664345103818,0.23713384535411217,673,0.0,0.15790814728972527,0.27859270923869034,902,133.08487266903526,0.8604980370345543,788.25,771.3983945834128,0.5171200876996671,844,bior,0.8100315533562081,0.7923003667562746,0.1952878026237719,6,634.5,1.582499439546808e-10,0.999999999968747,1.6310681203961726e-20,0.7219960590908205,0.7733349623487477,5.903811768022383e-05,0.10899122807017583,0.00010703275695674638,,2.0315812846671832e-05,5.190214924510883e-11,5.190214924510883e-11,4.406869313910988e-11,,2.676976988554488e-10,0.0031261328390571608,5.043913633182805e-10,,,,,0.0,,8.794141470871032e-11,0.0,0.0,5.628449891907037e-10,5.628449891907037e-10,1.0,0.20156916186289772,0.0575122448727802,1636,1.1635339400566584,0.5378844659639134,1789,108.18733752154178,0.9432980411312674,1712.5,1709.0826277372262,0.5228806767501201,1386,0.5943810304597339,0.7715092316736338,0.3524805091760961,5,1040.75,,,,,,,,,,,,,1.0625499473800349e-15,0.9999999999698803,1.6310681203961726e-20,0.7983470121855979,0.23906553584191173,0.001275233686170843,0.08245388535606402,0.9999999999999999,0.00010703275695674681,,9.960751159840268e-05,4.203787925399771e-14,4.203787925399771e-14,3.569301972039529e-14,,0.0,2.0916482389649021e-16,0.004567040150598263,4.690290235441064e-15,,,,,0.13043478260869565,,2.7824463578978444e-18,0.7209302325581395,0.7209302325581395,1.885964774954023e-15,1.885964774954023e-15,1.0,0.398673361883924,0.12417638082767453,1975,1.332202959311573,0.6466637120642281,1774,142.12846301849606,0.9335848303651888,1874.5,1869.1117631368368,0.5288251254629682,1621,1104.4,1082.5,563.6960149978129,300,0.520820561188399,0.7876173146100969,0.3991404127850916,6,1217.25
sym19,1.0,periodization,1.4947016252319557e-19,245.5018536750383,4962047.929671084,0.529126213592233,95.99704097979247,206,smoothed,3.2776798291365907e-10,,6.194312565225385,31688.237398494468,0.9838492973791707,0.00014966566451258772,0.9999999999999997,362.40000000004807,,,,[],[],11,426.6000000010354,32.20000000009253,728.4000000018609,"[9, 31, 53, 64, 80, 102, 131, 148, 158, 175, 192]","[311.000000000956, 417.80000000100745, 589.6000000011203, 432.2000000016078, 728.4000000018609, 371.00000000116984, 587.0000000006534, 32.20000000009253, 448.20000000090107, 368.0000000010287, 407.2000000009925]","[0, 0, 0, 60, 0, 94, 120, 144, 144, 165, 186]","[20, 40, 75, 75, 204, 120, 204, 149, 204, 186, 204]",30736475.84002439,728.4000000010956,-728.4000000010956,0.0,,,,DWT,mdp.39015067403892,2.4393200874328613e-05,,0.0,15.0,11.0,0.0,33.0,,1.0956000551232137e-09,168.4000000010355,987.7999999886088,168.4000000010355,,0.0,168.4000000010355,,,28.00000000009254,0.0,15.0,1.8609398466651328e-09,1.0956000551232137e-09,,4.808953235624358e-11,7.200115103019487e-10,4.37439320983869e-19,0.6975373347024807,0.08651161897076022,0.06238770489583478,0.11027684467067218,0.026847626163503602,,0.999999745397504,5.483312970828043e-09,5.483312970828043e-09,4.756120005143376e-09,,5.182431424066583e-10,0.9999999945166387,1.241747966033529e-09,,,,,,5.203496352536405e-10,0.0,0.0,1.6842599931950985e-09,1.6842599931950985e-09,0.7999999274082688,0.30073749686009527,669,0.5478218513044597,0.27811154892195705,949,0,0.16666664677381246,0.23713385008176627,669,0.0,0.14050873287475188,0.24789543310549386,948,161.3699166511528,0.830849143971538,808.75,784.6014554179267,0.49155140636732036,924,sym,1.0,1.0,0.0,7,694.75,4.141221849683497e-10,0.9999999999662448,1.0577498353206233e-19,0.6920347106856589,0.7436090048277849,0.0001634316140799036,0.09049565661727149,0.0002614934985488734,,2.031581356259915e-05,5.905781419457412e-11,5.905781419457412e-11,5.122563484505349e-11,,5.182431424066583e-10,0.0031261328369801,1.241747966033529e-09,,,,,0.0,,2.414425088103292e-10,0.0,0.0,1.3721571365623102e-09,1.3721571365623102e-09,1.0,0.20156916276294087,0.05751224512958288,1628,1.123409904792766,0.5193357201669621,1829,142.12846301849606,0.9255091912900963,1728.5,1722.656638704079,0.5097933797121341,1478,0.7763846615972358,0.5622554397616224,0.28785410495344815,6,1110.0,,,,,,,,,,,,,2.780572901643733e-15,0.999999999967469,1.0577498353206233e-19,0.7766142432000571,0.22987617766058832,0.001299645278112713,0.06846164253822229,0.9999999999999997,0.0002614934985488734,,9.960751159894434e-05,4.7833481967018976e-14,4.7833481967018976e-14,4.148981505580629e-14,,0.0,4.049277826462946e-16,0.004567040150565766,1.1546903423662922e-14,,,,,0.13043478260869565,,7.639186059335463e-18,0.7209302325581395,0.7209302325581395,4.597784603144933e-15,4.597784603144933e-15,1.0,0.3986733618839177,0.12417638082767257,1981,1.3090457117943346,0.6354229686504573,1799,128.69343417595164,0.9398628812261909,1890.0,1885.6185185185186,0.5283426555663664,1622,1409.1368421052632,1454.5,398.32527672708756,380,0.6645304607900322,0.5565550872278735,0.3678621512786154,7,1218.25
sym19,1.0,reflect,1.5303355790220468e-19,245.39953198894136,5611389.091029156,0.5247933884297521,98.43960957535639,206,smoothed,3.300931523804734e-10,,6.46734279247349,30179.613882671565,0.9806041012084993,0.00014966566451259705,0.9999999999999996,362.400000000048,,,,[],[],11,426.6000000010368,32.20000000009253,728.400000001874,"[9, 31, 53, 64, 80, 102, 131, 148, 158, 175, 192]","[311.000000000956, 417.8000000010075, 589.6000000011203, 432.2000000016077, 728.400000001874, 371.0000000011701, 587.0000000006531, 32.20000000009253, 448.20000000090107, 368.00000000102864, 407.2000000009929]","[0, 0, 0, 60, 0, 94, 120, 144, 144, 165, 186]","[20, 40, 75, 75, 204, 120, 204, 149, 204, 186, 204]",30736475.84002418,728.4000000010955,-728.4000000010955,0.0,,,,DWT,mdp.39015067403892,2.4184584617614746e-05,,0.0,15.0,11.0,0.0,33.0,,1.095486368285492e-09,168.40000000103686,987.7999999885942,168.40000000103672,,0.0,168.40000000103686,,,28.00000000009254,0.0,15.0,1.8740138330031186e-09,1.095486368285492e-09,,4.803268893738277e-11,7.251195819285382e-10,4.478679526635198e-19,0.6971485723693958,0.4803315277353398,0.3410556285774274,0.08051474064071487,0.01433686257633078,,0.999999745397504,5.484732460967079e-09,5.484732460967079e-09,4.757391631727187e-09,,5.176305618600784e-10,0.9999999945152622,1.2504718353043368e-09,,,,,,5.158994856546478e-10,0.0,0.0,1.684085223039117e-09,1.684085223039117e-09,0.7999999274105744,0.300737496860962,668,0.8669233630823752,0.440109131699232,309,0,0.16666664677431622,0.23713385008248303,668,0.0,0.23048390466061833,0.40663598767643666,311,206.69300907384363,0.7833406613481723,489.0,423.4734727669132,0.6353810224979854,489,sym,1.0,1.0,0.0,7,368.5,4.1706007692871323e-10,0.9999999999663096,1.0829667805630568e-19,0.6916571204994657,0.8379272518753973,0.0008934336014204995,0.06607220530665542,0.00013963977040158193,,2.031581356259915e-05,5.907313527231395e-11,5.907313527231395e-11,5.1239457121710075e-11,,5.176305618600784e-10,0.00312613283697577,1.2504718353043368e-09,,,,,0.0,,2.3937763701842654e-10,0.0,0.0,1.3720147522999295e-09,1.3720147522999295e-09,1.0,0.20156916276591832,0.05751224513043242,1627,1.1608893531839222,0.5366619127157738,1794,118.08683245815344,0.9381096265942592,1710.5,1706.4238526746567,0.5208105784962911,1401,0.7763846615972358,0.5622554397616224,0.28785410495344815,6,1052.25,,,,,,,,,,,,,2.800299018885117e-15,0.9999999999675314,1.0829667805630568e-19,0.7763403543157261,0.2590333260735147,0.0014703504584764914,0.049984848671212,0.9999999999999997,0.00013963977040158193,,9.960751159894434e-05,4.784595029200256e-14,4.784595029200256e-14,4.150087391796564e-14,,0.0,4.044491446053415e-16,0.0045670401505656984,1.1628025904799291e-14,,,,,0.13043478260869565,,7.573853985523189e-18,0.7209302325581395,0.7209302325581395,4.597307506060452e-15,4.597307506060452e-15,1.0,0.3986733618839177,0.12417638082767257,1980,1.316105846222337,0.6388500235935298,1792,132.93607486307093,0.9378803388490323,1886.0,1881.3149522799577,0.5282859638170395,1623,1409.1368421052632,1454.5,398.32527672708756,380,0.6645304607900322,0.5565550872278735,0.3678621512786154,7,1219.0
rbio5.5,1.0,periodic,2.305159743389852e-20,253.62038847657246,5217986.772203388,0.5416666666666666,82.19320708534555,206,smoothed,1.2526640781836196e-10,,6.176369482741457,37761.17468998841,0.9875446597943687,0.00014966566451294816,1.0,362.40000000002476,,,,[],[],11,426.6000000003969,32.20000000005214,728.4000000007559,"[9, 31, 53, 64, 80, 102, 131, 148, 158, 175, 192]","[311.00000000037573, 417.80000000033715, 589.6000000004158, 432.200000000701, 728.4000000007559, 371.00000000047, 587.0000000001749, 32.20000000005214, 448.20000000030427, 368.0000000003919, 407.20000000038704]","[0, 0, 0, 60, 0, 94, 120, 144, 144, 165, 186]","[20, 40, 75, 75, 204, 120, 204, 149, 204, 186, 204]",30736475.840008885,728.4000000004494,-728.4000000004494,0.0,,,,DWT,mdp.39015067403892,8.888542652130127e-06,,0.0,15.0,11.0,0.0,33.0,,4.4940406951354817e-10,168.40000000039697,987.7999999956328,168.4000000003969,,0.0,168.40000000039697,,,28.000000000052154,0.0,15.0,7.55903784011025e-10,4.4940406951354817e-10,,2.4783730623312294e-11,2.751439146934673e-10,6.746279226287198e-20,0.7283830004754812,0.0606304439155361,0.17222510637640645,0.1964170084178718,0.07720948380176496,,0.9999997101833569,4.818932440336813e-09,4.818932440336813e-09,4.0916507560352204e-09,,2.670851183088688e-10,0.9999999951810461,5.043913633182805e-10,,,,,,1.8960815969993682e-10,0.0,0.0,6.908664265954368e-10,6.908664265954368e-10,0.7999999155212736,0.3007374923915134,672,0.6629081724016579,0.33653717569069147,858,0,0.16666664345306131,0.23713384535699067,672,0.0,0.17640929189460067,0.3112337356072164,835,101.18423790294612,0.8939368575440816,759.25,749.1623757661765,0.5490386593800072,750,rbio,0.7685897546424816,0.816051598246696,0.21717169227625407,5,563.75,1.5825793166361204e-10,0.9999999999687468,1.6312835933659026e-20,0.7219939420496038,0.7374105699380943,0.0004511630483470209,0.1611842105263158,0.0007520135269136706,,2.0315812847171433e-05,5.190214924510883e-11,5.190214924510883e-11,4.406902620601727e-11,,2.670851183088688e-10,0.0031261328390571608,5.043913633182805e-10,,,,,0.0,,8.797828741928e-11,0.0,0.0,5.628449891907037e-10,5.628449891907037e-10,1.0,0.20156916186261012,0.05751224487269814,1638,1.1669017213823758,0.5394413412706865,1782,101.82337649086284,0.946633450476487,1710.0,1706.9684210526316,0.5252035176910737,1370,0.3888041033402703,1.0,0.4278371276618108,3,1028.25,,,,,,,,,,,,,1.062603579877415e-15,0.9999999999698801,1.6312835933659026e-20,0.798345476568206,0.2279600194233033,0.001366928994095229,0.12193884454065756,1.0,0.0007520135269136708,,9.960751159840311e-05,4.203787925399771e-14,4.203787925399771e-14,3.569334498104704e-14,,0.0,2.0868618585553715e-16,0.004567040150598263,4.690290235441064e-15,,,,,0.13043478260869565,,2.783613002073063e-18,0.7209302325581395,0.7209302325581395,1.885964774954023e-15,1.885964774954023e-15,1.0,0.398673361883924,0.12417638082767453,1974,1.3427471033676155,0.651781937698064,1757,153.4421715174808,0.9282980506927659,1865.5,1859.1894934333957,0.5282845393650746,1624,818.67,599.5,715.6978453131971,300,0.38607403914171184,1.0,0.42974817260080167,3,1218.75
dmey,,,,13.029660329220931,35390.49858524353,0.6601941747572816,28.442197624051868,206,smoothed,143.37207708778254,,7.193730442926654,90428.68477452589,1.0,7.492133304448934e-05,0.9926513317262934,515.0295192106146,,,,[],[],11,605.1502518567148,31.181589677773644,1048.5380674313215,"[10, 25, 53, 64, 81, 102, 131, 148, 158, 175, 200]","[626.57987350361, 415.43731284467987, 798.9499264322754, 616.130991148352, 1048.5380674313215, 520.2854158265988, 827.8094600785653, 31.181589677773644, 652.8473028640518, 535.3569247023961, 583.5359059142384]","[1, 20, 1, 60, 1, 94, 119, 144, 144, 170, 187]","[38, 38, 75, 75, 204, 119, 204, 149, 204, 187, 204]",61579133.30495287,1047.3165055900547,-1047.3165055900547,0.0,,,,SWT,mdp.39015067403892,30842657.46495287,,0.0,-3.0,11.0,0.0,24.0,,318.9165055900547,346.9502518567149,976.2527704238637,346.9502518567148,,0.0,346.9502518567149,,,26.981589677773655,0.0,19.5,320.1380674313215,318.9165055900547,,152.6295192106146,0.4227202612114555,,0.9570224326734561,0.16448150574004824,0.03038930949630111,0.4444444444444448,0.3559876323421822,,0.015592060366459937,0.6080288706091702,0.6080288706091702,0.6075317332000061,,0.39469944334890844,0.29637926835738426,0.516018632190586,,,,,,0.5151173945709483,0.27999999999999997,0.7272727272727272,0.47776027725525205,0.47776027725525205,2.168693213298729,0.6961912433696387,29,1.7110097265853073,0.6522340750819641,19,0,0.47294597033572433,0.7797467436238472,21,0.0,0.5022746572246549,0.6648530607017911,19,4.760952285695233,0.9550853557953279,22.0,21.34870848708487,0.8737690929920037,14,dmey,0.20220900594732372,,,6,12.0,0.04343120405734782,0.8346857048055549,,0.8352316581393958,0.3333900793517277,0.005182465884739279,0.48571428571428604,0.05240393172502922,,0.009801661372637424,0.2035177910755097,0.2035177910755097,0.203179951650666,,0.3297091565408101,0.23748719383693462,0.12752819115607367,,,,,0.25,,0.12240773480341396,0.38983050847457623,0.771186440677966,0.15586796806728356,0.15586796806728356,0.847457627118644,1.0425117042868095,0.34211566718064956,153,1.5468134220091307,0.7955914919106728,54,70.0035713374682,0.6697944748232632,103.5,79.82608695652173,0.5907934638267259,120,0.5162689804772234,1.0,0.3386117136659436,3,90.75,,,0.9942644871816578,0.75,0.8200000000000001,0.6488871847076939,0.9942644871816573,1.0,False,False,0.0,0.0,0.001216330440485775,0.5000051307326445,,0.15434586489013102,0.33660492956609755,4.477197892563574e-06,0.627384657015289,0.9942644871816575,0.005006045357071971,,8.596115951680456e-05,0.0016206547986513645,0.0016206547986513645,0.00162065479864503,,0.0,0.0012851847325626995,0.004513616846324131,0.0019864174296079454,,,,,0.13043478260869565,,9.658953745061214e-06,0.4418604651162791,0.7906976744186046,0.0013383619252609787,0.0013383619252609787,0.8604651162790697,0.3534399116706443,0.11008733782442197,2008,1.0619407364896203,0.5154759144248304,1955,37.476659402887016,0.9824875423350995,1981.5,1981.1455967701238,0.5282764814479236,1625,1640.65,1604.0,395.57969121943455,20,0.7737090308889414,0.5527188516912812,0.2925880228703567,9,1221.0
rbio5.5,1.0,symmetric,2.3096929177959236e-20,253.61185631570916,5176334.872928205,0.5324074074074074,82.19320708534555,206,smoothed,1.2541566921987455e-10,,6.181313048568128,37495.39296576028,0.9863818990855654,0.0001496656645129313,0.9999999999999999,362.40000000002476,,,,[],[],11,426.6000000003902,32.20000000005214,728.4000000006814,"[9, 31, 53, 64, 80, 102, 131, 148, 158, 175, 192]","[311.00000000037573, 417.80000000033715, 589.6000000004158, 432.200000000701, 728.4000000006814, 371.00000000047, 587.0000000001749, 32.20000000005214, 448.20000000030427, 368.0000000003919, 407.20000000038704]","[0, 0, 0, 60, 0, 94, 120, 144, 144, 165, 186]","[20, 40, 75, 75, 205, 120, 205, 149, 205, 186, 205]",30736475.840008892,728.4000000004494,-728.4000000004494,0.0,,,,DWT,mdp.39015067403892,8.89599323272705e-06,,0.0,15.0,11.0,0.0,33.0,,4.4940406951354817e-10,168.40000000039026,987.7999999957065,168.40000000039012,,0.0,168.40000000039026,,,28.000000000052154,0.0,15.0,6.814389053033665e-10,4.4940406951354817e-10,,2.4783730623312294e-11,2.7547182108519197e-10,6.75954601293092e-20,0.7283505832735175,0.06776106334347963,0.15434999082985107,0.13281531045399,0.07500540022310248,,0.9999997101833569,4.811953280486554e-09,4.811953280486554e-09,4.084612450757383e-09,,2.670851183088688e-10,0.9999999951880145,4.5470323834106984e-10,,,,,,1.8976709361418657e-10,0.0,0.0,6.908664265954368e-10,6.908664265954368e-10,0.7999999154936942,0.3007374923811457,678,0.6311941614042544,0.3204369914793209,885,0,0.1666666434477649,0.23713384534945495,678,0.0,0.1654689069142018,0.2919319355157279,883,118.93695809125101,0.8753281361726929,781.0,767.4157069018335,0.5283349276251306,800,rbio,0.7685897546424816,0.816051598246696,0.21717169227625407,5,601.25,1.5844652603393863e-10,0.9999999999686298,1.6344915677446565e-20,0.7219624564444316,0.7391183239389447,0.0004043371715093339,0.10899122807017583,0.0007305459482693413,,2.0315812847171433e-05,5.182698714634171e-11,5.182698714634171e-11,4.3993308995737834e-11,,2.670851183088688e-10,0.0031261328390788656,4.5470323834106984e-10,,,,,0.0,,8.805203284041939e-11,0.0,0.0,5.628449891907037e-10,5.628449891907037e-10,1.0,0.20156916183774598,0.057512244865603836,1644,1.1468275140673871,0.5301613332627158,1815,120.91525958289962,0.9366272224408283,1729.5,1725.2732003469212,0.5150903407801626,1447,0.3888041033402703,1.0,0.4278371276618108,3,1086.0,,,,,,,,,,,,,1.0638698737746443e-15,0.9999999999697674,1.6344915677446565e-20,0.798322638164062,0.22848794735256633,0.0013559791338347254,0.08245388535606402,0.9999999999999999,0.0007305459482693411,,9.960751159840311e-05,4.1976947091904027e-14,4.1976947091904027e-14,3.563187071786711e-14,,0.0,2.0868618585553715e-16,0.0045670401505986035,4.22824479940348e-15,,,,,0.13043478260869565,,2.7859462904235016e-18,0.7209302325581395,0.7209302325581395,1.885964774954023e-15,1.885964774954023e-15,1.0,0.3986733618839239,0.1241763808276745,1979,1.3271893186543016,0.6442300442392725,1783,138.59292911256333,0.9352369490128208,1881.0,1875.8942052099947,0.5281324931979992,1626,818.67,599.5,715.6978453131971,300,0.38607403914171184,1.0,0.42974817260080167,3,1220.25
sym11,1.0,reflect,5.263808102010636e-24,290.0343982604051,5317465.355983604,0.5265486725663717,99.98267099784225,206,smoothed,1.842517508576456e-12,,6.339562239221581,31598.4780911962,0.9823192031706202,0.00014966566451319547,1.0,362.4000000000003,,,,[],[],11,426.6000000000064,32.20000000000206,728.4000000000128,"[9, 31, 53, 64, 80, 102, 131, 148, 158, 175, 192]","[311.0000000000074, 417.8000000000058, 589.6000000000078, 432.20000000000994, 728.4000000000128, 371.0000000000075, 587.0000000000023, 32.20000000000206, 448.20000000000414, 368.00000000000557, 407.2000000000057]","[0, 0, 0, 60, 0, 94, 120, 144, 144, 165, 186]","[20, 40, 75, 75, 204, 120, 204, 149, 204, 186, 204]",30736475.84000013,728.4000000000079,-728.4000000000079,0.0,,,,DWT,mdp.39015067403892,1.341104507446289e-07,,0.0,15.0,11.0,0.0,33.0,,7.958078640513122e-12,168.40000000000646,987.7999999999283,168.40000000000646,,0.0,168.40000000000646,,,28.000000000002075,0.0,15.0,1.2846612662542611e-11,7.958078640513122e-12,,3.410605131648481e-13,3.9989159599024556e-12,1.5400271076089994e-23,0.8667348586253799,0.29602033871147526,0.21491682537176432,0.09257175820250703,0.026103267175605634,,0.9999996665188058,4.412603388037806e-09,4.412603388037806e-09,3.6854104215744636e-09,,3.675483279479846e-12,0.9999999955873644,8.57214980522871e-12,,,,,,2.860810456495275e-12,0.0,0.0,1.2233910918715047e-11,1.2233910918715047e-11,0.799999901514957,0.3007374871262322,683,0.8229795073692925,0.41780024834807067,436,0,0.166666639554697,0.23713383981038516,683,0.0,0.21376386401296163,0.37713731073948803,454,137.6057169355014,0.8557592065665603,564.0,538.7583541052724,0.6322821190065506,493,sym,1.0,1.0,0.0,7,371.5,2.3097049931889397e-12,0.9999999999704634,3.724222284220299e-24,0.8563698818801061,0.7937854807939766,0.0005629988107765958,0.07596646483465347,0.0002542435080008696,,2.0315811960103236e-05,4.752587212664139e-11,4.752587212664139e-11,3.969369277712076e-11,,3.675483279479846e-12,0.0031261328403273114,8.57214980522871e-12,,,,,0.0,,1.327417580508835e-12,0.0,0.0,9.9668983666454e-12,9.9668983666454e-12,1.0,0.2015691612149496,0.05751224468790594,1715,1.2414844522593342,0.5739198304550498,1695,14.142135623730951,0.9925879792328454,1705.0,1704.941348973607,0.5494910546059405,1200,0.7763846615972358,0.5622554397616224,0.28785410495344815,6,901.5,,,,,,,,,,,,,1.550823246850016e-17,0.9999999999715344,3.724222284220299e-24,0.8958164320826153,0.2453875235812282,0.0013930809009773044,0.057470039500325476,1.0,0.00025424350800087,,9.96075115977321e-05,3.8493188671273604e-14,3.8493188671273604e-14,3.214952176006092e-14,,0.0,2.871828245718401e-18,0.004567040150618136,7.971165537747636e-17,,,,,0.13043478260869565,,4.199919030789198e-20,0.7209302325581395,0.7209302325581395,3.339679591368116e-17,3.339679591368116e-17,1.0,0.3986733618839273,0.12417638082767557,1967,1.3839698746854627,0.6717918544571059,1712,180.31222920256963,0.9157419489707619,1839.5,1830.6626800761078,0.5280812548592126,1627,1409.1368421052632,1454.5,398.32527672708756,380,0.6645304607900322,0.5565550872278735,0.3678621512786154,7,1222.0
sym12,1.0,reflect,2.3975289520868774e-23,283.4497601391687,5360361.857108718,0.5307017543859649,94.57643663486863,206,smoothed,3.984484263566167e-12,,6.3559081791194645,31377.79479547201,0.9818753529323638,0.0001496656645131906,1.0,362.40000000000055,,,,[],[],11,426.6000000000131,32.20000000000351,728.4000000000252,"[9, 31, 53, 64, 80, 102, 131, 148, 158, 175, 192]","[311.00000000001467, 417.8000000000107, 589.6000000000142, 432.2000000000222, 728.4000000000252, 371.0000000000151, 587.0000000000044, 32.20000000000351, 448.20000000000937, 368.00000000001234, 407.2000000000123]","[0, 0, 0, 60, 0, 94, 120, 144, 144, 165, 186]","[20, 40, 75, 75, 204, 120, 204, 149, 204, 186, 204]",30736475.84000027,728.400000000016,-728.400000000016,0.0,,,,DWT,mdp.39015067403892,2.7567148208618164e-07,,0.0,15.0,11.0,0.0,33.0,,1.602984411874786e-11,168.40000000001316,987.7999999998547,168.4000000000131,,0.0,168.40000000001316,,,28.000000000003524,0.0,15.0,2.523847797419876e-11,1.602984411874786e-11,,5.684341886080801e-13,8.704516890251485e-12,7.01612861033257e-23,0.8417170996714569,0.31959778881338663,0.23332606786724935,0.12109920819748504,0.02427317735433071,,0.9999996677826493,4.419582547888066e-09,4.419582547888066e-09,3.692330436007296e-09,,6.125805465799743e-12,0.999999995580396,1.6840860679298884e-11,,,,,,5.8805548272402866e-12,0.0,0.0,2.4642591993411734e-11,2.4642591993411734e-11,0.799999901908722,0.3007374872742571,680,0.8396411423665296,0.4262588249923211,372,0,0.16666663966438944,0.23713383996645593,680,0.0,0.2200019059875162,0.3881429050920532,403,169.34850653804617,0.8224858422033059,533.75,493.17336532693463,0.6314997345188438,494,sym,1.0,1.0,0.0,7,372.25,5.016117148803536e-12,0.9999999999704294,1.6965705537065656e-23,0.8320710765236649,0.7994321830402924,0.0006112238932675906,0.09937673130193916,0.00023641859539558305,,2.0315811985749388e-05,4.760103422540851e-11,4.760103422540851e-11,3.976818874207311e-11,,6.125805465799743e-12,0.003126132840305551,1.6840860679298884e-11,,,,,0.0,,2.7285805821570494e-12,0.0,0.0,2.0076180995671447e-11,2.0076180995671447e-11,1.0,0.20156916122511767,0.05751224469080711,1712,1.2391096093325464,0.5728219758283414,1699,9.192388155425117,0.9951821865013495,1705.5,1705.4752272060978,0.5506571309865238,1191,0.7763846615972358,0.5622554397616224,0.28785410495344815,6,894.75,,,,,,,,,,,,,3.36801067938428e-17,0.9999999999715018,1.6965705537065656e-23,0.8781910463257719,0.24713312149672298,0.001404357954392835,0.07518034024311226,1.0,0.00023641859539558305,,9.96075115977515e-05,3.855412083336729e-14,3.855412083336729e-14,3.220980340085111e-14,,0.0,4.786380409530668e-18,0.004567040150617795,1.5660165923716593e-16,,,,,0.13043478260869565,,8.633166896622241e-20,0.7209302325581395,0.7209302325581395,6.727068891184349e-17,6.727068891184349e-17,1.0,0.39867336188392727,0.12417638082767556,1968,1.3813500710478748,0.6705201773951983,1716,178.19090885900997,0.9167332201593411,1842.0,1833.3811074918567,0.5279927783039696,1628,1409.1368421052632,1454.5,398.32527672708756,380,0.6645304607900322,0.5565550872278735,0.3678621512786154,7,1222.75
sym3,1.0,periodization,7.898996129544538e-19,238.27167973221384,4963439.454805213,0.529126213592233,91.20437171144616,206,smoothed,7.318427544158091e-10,,6.192575958646744,31688.237398558864,0.9836394313854796,0.0001496656645119925,0.9999999999999997,362.4000000001372,,,,[],[],11,426.6000000022334,32.200000000260815,728.4000000042539,"[9, 31, 53, 64, 80, 102, 131, 148, 158, 175, 192]","[311.0000000021571, 417.8000000017415, 589.6000000021628, 432.20000000416474, 728.4000000042539, 371.000000002655, 587.0000000009552, 32.200000000260815, 448.20000000174093, 368.000000002295, 407.20000000218084]","[0, 0, 0, 60, 0, 94, 120, 144, 144, 165, 186]","[20, 40, 75, 75, 205, 120, 205, 149, 205, 186, 205]",30736475.840050936,728.4000000024632,-728.4000000024632,0.0,,,,DWT,mdp.39015067403892,5.093961954116821e-05,,0.0,15.0,11.0,0.0,33.0,,2.4632527129142545e-09,168.40000000223347,987.7999999754311,168.40000000223347,,0.0,168.40000000223347,,,28.000000000260826,0.0,15.0,4.253934093867429e-09,2.4632527129142545e-09,,1.3722001312999055e-10,1.6077071835806044e-09,2.3117199283763433e-18,0.6700669186270485,0.08400673058805809,0.06298488468814548,0.11027684467067218,0.026847626164037634,,0.999999892127247,6.729802749168884e-09,6.729802749168884e-09,6.002609784390729e-09,,1.478769439444058e-09,0.9999999932701543,2.838519481522548e-09,,,,,,1.0866311717254552e-09,0.0,0.0,3.78674496965427e-09,3.78674496965427e-09,0.7999999743285738,0.30073751449846575,666,0.5303857476305269,0.2692597994191314,953,0,0.1666666598197522,0.237133868643572,666,0.0,0.1363118580493813,0.24049101004054338,953,165.6995272574226,0.8263107680739805,809.5,784.0617665225446,0.4888891366575353,931,sym,1.0,1.0,0.0,7,700.0,9.24677668998662e-10,0.9999999999621134,5.589852693818914e-19,0.6653537320054037,0.7430090943711308,0.00016499599375240765,0.09049565661727149,0.000261493498554075,,2.031581654354797e-05,7.24831306087026e-11,7.24831306087026e-11,6.465095125918197e-11,,1.478769439444058e-09,0.0031261328330834393,2.838519481522548e-09,,,,,0.0,,5.041974443299391e-10,0.0,0.0,3.0850398130015122e-09,3.0850398130015122e-09,1.0,0.20156916486914905,0.05751224573053176,1626,1.1071021446980513,0.5117968847899846,1847,156.27059864222701,0.9180971705229418,1736.5,1729.4684710624817,0.5039909332698567,1520,0.7763846615972358,0.5622554397616224,0.28785410495344815,6,1141.5,,,,,,,,,,,,,6.208635428138868e-15,0.9999999999634872,5.589852693818914e-19,0.7572609237791519,0.22969072385110123,0.0013000110959033263,0.06846164253822229,0.9999999999999997,0.00026149349855407455,,9.960751160119927e-05,5.870727081552785e-14,5.870727081552785e-14,5.236349548409791e-14,,0.0,1.1554322308607034e-15,0.004567040150504799,2.6395139123136373e-14,,,,,0.13043478260869565,,1.5952692451947636e-17,0.7209302325581395,0.7209302325581395,1.0337262529453282e-14,1.0337262529453282e-14,1.0,0.39867336188390773,0.12417638082766946,1984,1.2973411761447518,0.6297414781401386,1808,124.45079348883236,0.9418454236033493,1896.0,1891.915611814346,0.5279320575960672,1629,1409.1368421052632,1454.5,398.32527672708756,380,0.6645304607900322,0.5565550872278735,0.3678621512786154,7,1223.5
bior5.5,1.0,symmetric,2.3094133929805398e-20,253.61238194156343,4845446.964497788,0.5324074074074074,104.70671159951023,206,smoothed,1.2541015044134437e-10,,6.282802633497459,29699.386736681903,0.9735110190274606,0.00014966566451293133,1.0,362.4000000000248,,,,[],[],11,426.60000000039014,32.200000000052114,728.4000000006814,"[9, 31, 53, 64, 80, 102, 131, 148, 158, 175, 192]","[311.0000000003758, 417.800000000337, 589.600000000416, 432.2000000007008, 728.4000000006814, 371.00000000047, 587.0000000001746, 32.200000000052114, 448.20000000030427, 368.00000000039205, 407.2000000003869]","[0, 0, 0, 60, 0, 94, 120, 144, 144, 165, 186]","[20, 40, 75, 75, 205, 120, 205, 149, 205, 186, 205]",30736475.840008892,728.4000000004494,-728.4000000004494,0.0,,,,DWT,mdp.39015067403892,8.89599323272705e-06,,0.0,15.0,11.0,0.0,33.0,,4.4940406951354817e-10,168.4000000003902,987.7999999957074,168.4000000003901,,0.0,168.4000000003902,,,28.000000000052125,0.0,15.0,6.814389053033665e-10,4.4940406951354817e-10,,2.4840574042173102e-11,2.7545969710178956e-10,6.758727955703218e-20,0.7283525803431635,0.21415005287138478,0.012347832487077832,0.13281531045399,0.010354418826378872,,0.9999997101585757,4.811894135064094e-09,4.811894135064094e-09,4.084582878046131e-09,,2.676976988554488e-10,0.9999999951881006,4.5470323834106984e-10,,,,,,1.8976709361418657e-10,0.0,0.0,6.908664265954368e-10,6.908664265954368e-10,0.7999999154865649,0.30073749237846564,679,0.6075283826799148,0.30842263615231424,910,0,0.1666666434457457,0.237133845346582,679,0.0,0.15686002789392212,0.27674354295376985,907,132.50754695488104,0.8611032002569381,793.75,777.1600387313775,0.5145400697301462,858,bior,0.8100315533562081,0.7923003667562746,0.1952878026237719,6,645.0,1.5843955296152123e-10,0.99999999996863,1.6342937574762545e-20,0.7219643961228297,0.7741778843422179,3.2346536823574246e-05,0.10899122807017583,0.00010085112135652542,,2.0315812846671832e-05,5.182632101252693e-11,5.182632101252693e-11,4.3992975928830447e-11,,2.676976988554488e-10,0.003126132839079143,4.5470323834106984e-10,,,,,0.0,,8.805203284041939e-11,0.0,0.0,5.628449891907037e-10,5.628449891907037e-10,1.0,0.20156916183805176,0.057512244865691085,1643,1.1639205848279524,0.5380632061013219,1788,102.5304832720494,0.9462628494381292,1715.5,1712.436024482658,0.5235769173815383,1382,0.5943810304597339,0.7715092316736338,0.3524805091760961,5,1037.75,,,,,,,,,,,,,1.0638230539303837e-15,0.9999999999697676,1.6342937574762545e-20,0.7983240451295284,0.23932611322151173,0.0012689920714857549,0.08245388535606402,1.0,0.00010085112135652542,,9.960751159840268e-05,4.1976404990817784e-14,4.1976404990817784e-14,3.563165387743261e-14,,0.0,2.0916482389649021e-16,0.004567040150598608,4.22824479940348e-15,,,,,0.13043478260869565,,2.7859462904235016e-18,0.7209302325581395,0.7209302325581395,1.885964774954023e-15,1.885964774954023e-15,1.0,0.3986733618839239,0.1241763808276745,1978,1.3323138743061145,0.6467175512345982,1773,144.95689014324225,0.9322631354470831,1875.5,1869.8981604905357,0.5279306331441023,1630,1104.4,1082.5,563.6960149978129,300,0.520820561188399,0.7876173146100969,0.3991404127850916,6,1224.0
dmey,,,,12.855723103474661,977687.4721387125,0.6456310679611651,136.7367201651466,206,raw,148.2819622859597,,7.302770660314152,123232.02295368805,1.0,2.797742366023094e-06,0.9202472086311394,452.2344848907295,,,,[],[],13,1014.9725518319251,173.0863647642704,1510.6502695334034,"[8, 27, 41, 52, 63, 79, 90, 102, 116, 133, 153, 175, 199]","[1398.4092266630364, 1250.1153263318192, 758.0429271617069, 1255.1152385041441, 1067.1967892525097, 1510.6502695334034, 827.2940389069694, 1031.232948568433, 173.0863647642704, 953.621431996825, 1201.8745761394557, 970.5612723283649, 797.4427636640875]","[0, 13, 39, 13, 61, 13, 85, 92, 114, 126, 126, 172, 188]","[13, 42, 42, 61, 77, 172, 92, 126, 118, 143, 172, 188, 205]",75636630.0649238,1483.028283468478,-1483.028283468478,0.0,,,,SWT,mdp.39015067403892,37882017.06492379,,0.0,-7.5,19.0,0.0,6.0,,542.0282834684781,610.1600518319251,240.64317381502588,610.160051831925,,0.0,610.1600518319251,,,170.0863647642704,0.0,-10.5,570.6502695334034,542.0282834684781,,125.2344848907295,0.15613189719765536,,0.8156905426049725,0.4850680967876012,0.1437291796632942,0.40000000000000036,0.10495673831370403,,0.21188581918827598,0.400460655382105,0.400460655382105,0.40046065538210474,,0.22440096115280364,0.05842007816249406,0.25392153710044435,,,,,,0.21692761844545214,0.3135593220338983,0.31,0.38264686332430425,0.38264686332430425,1.4505158248498002,0.4876514329101068,49,1.4259948791681962,0.8103529917712535,29,0,0.3284813066871243,0.5465008763556352,41,0.0,0.43413936882924214,0.7521936711119731,35,8.54400374531753,0.9193961910819101,38.5,37.0876567572729,0.7780943219560494,21,dmey,0.2835583796664019,,,6,17.25,0.1983530068056772,0.011404621489699895,,0.8156905426049724,0.48506809678760127,0.2919247397379664,0.40000000000000036,0.5852494498862058,,0.22844957340580718,0.57737778390282,0.57737778390282,0.5771985225899965,,0.2244009611528036,0.05842007816249406,0.4066012206883173,,,,,0.9166666666666666,,0.47650715317690084,0.31355932203389825,0.2627118644067797,0.4660406631010563,0.4660406631010563,0.5423728813559321,1.8902704325530344,0.620320258780349,57,1.710039523754121,0.8795455719298295,36,14.849242404917497,0.9299564037503891,46.5,44.12903225806452,0.8553083905544399,20,0.5162689804772234,1.0,0.3386117136659436,3,15.75,,,0.9333991272374667,0.8,0.5714285714285716,,0.9377542787131451,1.0,False,False,0.0,0.0,0.0012579845962121855,0.017541449785586822,,0.15388027959222894,0.34824943440129286,0.00025219747869266755,0.5652820998511706,0.9377542787131452,0.007655618965651806,,0.002003516493224703,0.0040097425817035804,0.0040097425817035804,0.004009742581697262,,0.0,0.0010545106137026107,0.0011103160751432342,0.0035408149074767636,,,,,0.4782608695652174,,1.1863460566441096e-05,0.37209302325581395,0.32558139534883723,0.0022746706560909905,0.0022746706560909905,0.5813953488372092,0.3853293035163736,0.12002005378890412,1994,0.8764956130218569,0.42545912600105823,2016,15.556349186104045,0.9927306779504187,2005.0,2004.9396508728182,0.5279073950499757,1631,1640.65,1604.0,395.57969121943455,20,0.7737090308889414,0.5527188516912812,0.2925880228703567,9,1225.5
sym19,1.0,symmetric,1.4992775346334527e-19,245.48857840728235,5599280.314471287,0.5206611570247934,94.91489376506922,206,smoothed,3.2802485646837255e-10,,6.458445753743158,31087.20170048736,0.9808378856496816,0.00014966566451254037,0.9999999999999996,362.400000000048,,,,[],[],11,426.6000000010271,32.20000000009253,728.4000000017685,"[9, 31, 53, 64, 80, 102, 131, 148, 158, 175, 192]","[311.00000000095577, 417.8000000010075, 589.6000000011203, 432.2000000016077, 728.4000000017685, 371.0000000011701, 587.0000000006531, 32.20000000009253, 448.20000000090107, 368.00000000102864, 407.20000000099304]","[0, 0, 0, 60, 0, 94, 120, 144, 144, 165, 186]","[20, 40, 75, 75, 205, 120, 205, 149, 205, 186, 205]",30736475.840024434,728.4000000010955,-728.4000000010955,0.0,,,,DWT,mdp.39015067403892,2.4437904357910156e-05,,0.0,15.0,11.0,0.0,33.0,,1.095486368285492e-09,168.4000000010272,987.7999999887006,168.40000000102714,,0.0,168.4000000010272,,,28.00000000009254,0.0,15.0,1.768512447597459e-09,1.095486368285492e-09,,4.803268893738277e-11,7.205758255207662e-10,4.387785064705194e-19,0.6974868964790504,0.46749840293311673,0.3358590881107049,0.052130511797329485,0.021863337209796857,,0.999999745397504,5.474677739148908e-09,5.474677739148908e-09,4.747425628035459e-09,,5.176305618600784e-10,0.9999999945253276,1.180074003275556e-09,,,,,,5.213032387391389e-10,0.0,0.0,1.684085223039117e-09,1.684085223039117e-09,0.7999999273740873,0.3007374968472457,671,0.8497684232283643,0.4314001200322066,338,0,0.16666664676723258,0.2371338500724044,671,0.0,0.22497689103579638,0.39692012518367625,355,187.47866545289892,0.8034814827537747,508.75,456.8240085221914,0.6351002801609544,490,sym,1.0,1.0,0.0,7,369.25,4.14446749161194e-10,0.9999999999659162,1.0609880518118838e-19,0.691985721942266,0.8348537713109282,0.0008798206788498428,0.042779469334493725,0.00021294696604183755,,2.031581356259915e-05,5.896483301626176e-11,5.896483301626176e-11,5.113198753292636e-11,,5.176305618600784e-10,0.003126132837007245,1.180074003275556e-09,,,,,0.0,,2.418849813371655e-10,0.0,0.0,1.3720147522999295e-09,1.3720147522999295e-09,1.0,0.20156916273189157,0.057512245120723816,1630,1.1502551957945717,0.5317458996357699,1810,127.27922061357856,0.9332918130956087,1720.0,1715.2906976744184,0.5159121539272593,1440,0.7763846615972358,0.5622554397616224,0.28785410495344815,6,1081.5,,,,,,,,,,,,,2.782752148330398e-15,0.9999999999671523,1.0609880518118838e-19,0.7765787087164735,0.258083203146429,0.0014671671843991595,0.03236346192767431,0.9999999999999997,0.00021294696604183712,,9.960751159894434e-05,4.775823833624848e-14,4.775823833624848e-14,4.1413920903732304e-14,,0.0,4.044491446053415e-16,0.004567040150566191,1.0973402752672761e-14,,,,,0.13043478260869565,,7.653185789438095e-18,0.7209302325581395,0.7209302325581395,4.597307506060452e-15,4.597307506060452e-15,1.0,0.39867336188391755,0.12417638082767253,1983,1.3087529739429309,0.6352808709735777,1800,129.4005409571382,0.9395324574966644,1891.5,1887.0737509912767,0.5278269764118836,1632,1409.1368421052632,1454.5,398.32527672708756,380,0.6645304607900322,0.5565550872278735,0.3678621512786154,7,1225.75
rbio4.4,,,,12.80534957874892,1017985.7641801726,0.6456310679611651,160.68326805884885,206,raw,146.33498732788618,,7.315571947329015,125184.87735745416,1.0,2.774105043019968e-06,0.9140707605910336,421.7396766674827,,,,[],[],14,886.23548366383,70.06737261249145,1539.1250159552535,"[8, 27, 41, 52, 65, 82, 102, 116, 133, 146, 159, 176, 192, 202]","[1539.1250159552535, 1118.7405856196501, 687.7732074353947, 1318.2037353148567, 1050.1473474898971, 1476.134209317639, 973.7659890494095, 108.9730186321558, 1038.0017202939946, 70.06737261249145, 1121.364321988923, 982.3104014104744, 748.2636684507147, 174.42617772276583]","[0, 13, 39, 42, 61, 42, 99, 114, 126, 143, 126, 164, 188, 201]","[126, 42, 42, 73, 73, 126, 126, 123, 151, 149, 164, 188, 205, 205]",75291665.92203934,1481.5687009986236,-1481.5687009986236,0.0,,,,SWT,mdp.39015067403892,37537052.922039345,,0.0,-2.5,18.0,0.0,2.0,,540.5687009986236,481.42298366383,546.7032287063794,481.42298366383005,,0.0,481.42298366383,,,67.06737261249145,0.0,6.5,599.1250159552535,540.5687009986236,,94.73967666748268,0.09146336951069156,,0.8100312890304804,0.5028750480351567,0.15855853570402167,0.40000000000000036,0.17341253009098606,,0.05110533505106296,0.14105710348998318,0.14105710348998318,0.1410571034899832,,0.10717704439492409,0.13292330855155937,0.29380443460041844,,,,,,0.19097045855930203,0.3983050847457627,0.65,0.3803008245841833,0.3803008245841833,1.1016714550176554,0.3703728387045704,91,1.4448360795366904,0.8210599187807509,26,0,0.2738705750360898,0.45564391707624546,70,0.0,0.43779742868133786,0.758531657636244,34,30.56550343115585,0.7116461940456995,55.25,42.94240111034004,0.5952098894756799,62,rbio,0.4644956314535345,0.6222068689729192,0.48819099729065013,2,47.0,0.13692002859213653,0.011134804628037287,,0.8100312890304803,0.5028750480351567,0.30418756580732553,0.40000000000000036,0.6169709079580885,,0.07104820423323231,0.3945212208627434,0.3945212208627434,0.39426439829946874,,0.10717704439492406,0.13292330855155932,0.43832236513728096,,,,,0.8333333333333333,,0.45915449479649983,0.39830508474576265,0.5508474576271187,0.4640115338789069,0.4640115338789069,0.47457627118644063,1.6538635750770607,0.5427398446335332,97,1.7139283591702683,0.8815457642778562,33,45.254833995939045,0.7865338019059479,65.0,49.246153846153845,0.7399650141605212,49,0.6261605206073753,0.9968249595590992,0.26264014770710753,4,37.75,,,0.9282412283980275,0.6000000000000001,0.5000000000000001,,0.9329336642036287,1.0,False,False,0.0,0.0,0.001241466980254663,0.01738333023334956,,0.15374544259908274,0.34961649558397156,0.0002627914893925318,0.5652820998511706,0.9329336642036288,0.007813353872427374,,0.0006230970225644539,0.0028412292633722587,0.0028412292633722587,0.002841229263365934,,0.0,0.0007977355013020818,0.002526304155833394,0.003717497215363075,,,,,0.43478260869565216,,1.1755428607664141e-05,0.4496124031007752,0.5891472868217054,0.0022685453864038124,0.0022685453864038124,0.5193798449612403,0.3888430812116741,0.1211145041308421,1993,0.8751859954311036,0.42482342543704005,2017,16.97056274847714,0.9920698304913658,2005.0,2004.9281795511224,0.5275769713204492,1633,818.67,599.5,715.6978453131971,300,0.38607403914171184,1.0,0.42974817260080167,3,1225.5
sym19,1.0,periodic,1.494771359391577e-19,245.50165106300005,5569909.741130314,0.5289256198347108,97.21647912094623,206,smoothed,3.2777731338201984e-10,,6.447968341175798,31294.85414556418,0.9811514700051368,0.00014966566451258772,0.9999999999999996,362.400000000048,,,,[],[],11,426.60000000103554,32.20000000009253,728.4000000018608,"[9, 31, 53, 64, 80, 102, 131, 148, 158, 175, 192]","[311.0000000009561, 417.8000000010076, 589.6000000011203, 432.2000000016077, 728.4000000018608, 371.0000000011701, 587.0000000006531, 32.20000000009253, 448.20000000090107, 368.00000000102864, 407.2000000009929]","[0, 0, 0, 60, 0, 94, 120, 144, 144, 165, 186]","[20, 40, 75, 75, 204, 120, 204, 149, 204, 186, 204]",30736475.84002439,728.4000000010955,-728.4000000010955,0.0,,,,DWT,mdp.39015067403892,2.4393200874328613e-05,,0.0,15.0,11.0,0.0,33.0,,1.095486368285492e-09,168.4000000010356,987.7999999886079,168.40000000103555,,0.0,168.4000000010356,,,28.00000000009254,0.0,15.0,1.8608261598274112e-09,1.095486368285492e-09,,4.803268893738277e-11,7.200320080339965e-10,4.374597293806038e-19,0.697536564895691,0.4523857404892734,0.3232545634365737,0.10889896948410026,0.023585364356667502,,0.999999745397504,5.483431261672962e-09,5.483431261672962e-09,4.756179150565879e-09,,5.176305618600784e-10,0.9999999945165526,1.2416721063007393e-09,,,,,,5.203496352536405e-10,0.0,0.0,1.684085223039117e-09,1.684085223039117e-09,0.7999999274079002,0.3007374968599567,670,0.8593358246526549,0.43625718227412297,327,0,0.1666666467737434,0.237133850081668,670,0.0,0.22938017191176258,0.40468870438512544,319,200.3671629783683,0.7899715272763435,496.5,435.8259931467341,0.6347656378520081,491,sym,1.0,1.0,0.0,7,370.0,4.141339741769965e-10,0.9999999999662448,1.0577991838294936e-19,0.6920339630013687,0.8312343508646712,0.0008468017079541724,0.0893649412788172,0.00022971935777915458,,2.031581356259915e-05,5.905914646220367e-11,5.905914646220367e-11,5.1226300978868267e-11,,5.176305618600784e-10,0.0031261328369798225,1.2416721063007393e-09,,,,,0.0,,2.414425088103292e-10,0.0,0.0,1.3720147522999295e-09,1.3720147522999295e-09,1.0,0.20156916276254058,0.057512245129468675,1629,1.1670988184558861,0.5395324563215488,1781,107.48023074035522,0.9436686421696251,1705.0,1701.6123167155426,0.5250313860743303,1373,0.7763846615972358,0.5622554397616224,0.28785410495344815,6,1031.25,,,,,,,,,,,,,2.780652058847295e-15,0.999999999967469,1.0577991838294936e-19,0.7766137008596481,0.2569643106476422,0.0014594459596902986,0.0676062354147497,0.9999999999999997,0.00022971935777915502,,9.960751159894434e-05,4.783456616919146e-14,4.783456616919146e-14,4.1490248736675284e-14,,0.0,4.044491446053415e-16,0.004567040150565762,1.1546198010783476e-14,,,,,0.13043478260869565,,7.639186059335463e-18,0.7209302325581395,0.7209302325581395,4.597307506060452e-15,4.597307506060452e-15,1.0,0.3986733618839177,0.12417638082767257,1982,1.3223144807187082,0.6418637525469231,1788,137.17871555019022,0.9358977964718738,1885.0,1880.0084880636607,0.5275283374882733,1634,1409.1368421052632,1454.5,398.32527672708756,380,0.6645304607900322,0.5565550872278735,0.3678621512786154,7,1227.25
sym3,1.0,periodic,7.899032026317931e-19,238.2716599958639,4963178.638354831,0.5333333333333333,87.95753590603681,206,smoothed,7.318444663660753e-10,,6.19662084033743,32843.67196980967,0.9840240609044317,0.00014966566451199258,0.9999999999999997,362.4000000001372,,,,[],[],11,426.6000000022335,32.200000000260815,728.400000004254,"[9, 31, 53, 64, 80, 102, 131, 148, 158, 175, 192]","[311.0000000021572, 417.8000000017416, 589.6000000021629, 432.20000000416474, 728.400000004254, 371.000000002655, 587.0000000009553, 32.200000000260815, 448.20000000174093, 368.000000002295, 407.2000000021809]","[0, 0, 0, 60, 0, 94, 120, 144, 144, 165, 186]","[20, 40, 75, 75, 205, 120, 205, 149, 205, 186, 205]",30736475.840050936,728.4000000024633,-728.4000000024633,0.0,,,,DWT,mdp.39015067403892,5.093961954116821e-05,,0.0,15.0,11.0,0.0,33.0,,2.463366399751976e-09,168.40000000223358,987.7999999754302,168.4000000022335,,0.0,168.40000000223358,,,28.000000000260826,0.0,15.0,4.25404778070515e-09,2.463366399751976e-09,,1.3722001312999055e-10,1.6077109444955422e-09,2.311730433924799e-18,0.6700668436405062,0.0898410843680226,0.06287295403748744,0.13917548025037796,0.03642945265007138,,0.999999892127247,6.7299210400138035e-09,6.7299210400138035e-09,6.002639357101981e-09,,1.478769439444058e-09,0.9999999932700683,2.8385953412553376e-09,,,,,,1.0866311717254552e-09,0.0,0.0,3.786919739810252e-09,3.786919739810252e-09,0.7999999743287186,0.30073751449852015,665,0.5486390990295518,0.27852643932864146,948,0,0.1666666598198027,0.23713386864364383,665,0.0,0.14262654522202523,0.2516318272663569,944,162.24364394329905,0.829933287271175,805.5,780.9917309819804,0.4927968323148328,921,sym,1.0,1.0,0.0,7,692.5,9.246798320775238e-10,0.9999999999621139,5.5898780967527105e-19,0.6653536591738043,0.7444063980851765,0.00016470277881634634,0.11421052631578965,0.00035481963901290176,,2.031581654354797e-05,7.248440736518091e-11,7.248440736518091e-11,6.465128432608935e-11,,1.478769439444058e-09,0.0031261328330831617,2.8385953412553376e-09,,,,,0.0,,5.041974443299391e-10,0.0,0.0,3.0851821972638927e-09,3.0851821972638927e-09,1.0,0.20156916486924467,0.05751224573055904,1625,1.117323884584238,0.516522243381274,1836,149.19953083036154,0.9218031809065191,1730.5,1724.0681883848597,0.5074162655056704,1498,0.7763846615972358,0.5622554397616224,0.28785410495344815,6,1125.0,,,,,,,,,,,,,6.20864995186806e-15,0.9999999999634879,5.5898780967527105e-19,0.7572608709500102,0.2301226804771377,0.0012999425299138993,0.08640238127452321,0.9999999999999997,0.00035481963901290176,,9.960751160119927e-05,5.870824659748308e-14,5.870824659748308e-14,5.236371232453241e-14,,0.0,1.1554322308607034e-15,0.004567040150504795,2.6395844536015817e-14,,,,,0.13043478260869565,,1.5952692451947636e-17,0.7209302325581395,0.7209302325581395,1.0337739626537764e-14,1.0337739626537764e-14,1.0,0.39867336188390773,0.12417638082766946,1985,1.3047707144279943,0.6333478451516994,1802,129.4005409571382,0.9395324574966644,1893.5,1889.0784261948775,0.5273596866922574,1635,1409.1368421052632,1454.5,398.32527672708756,380,0.6645304607900322,0.5565550872278735,0.3678621512786154,7,1228.0
bior6.8,,,,13.066439158723808,31370.321063012605,0.6844660194174758,26.67844723244437,206,smoothed,143.04788047679799,,7.186853829727607,90744.47991202833,1.0,7.179451655805792e-05,0.994845311628828,512.7595022146483,,,,[],[],11,604.2937431416545,41.59157520039008,1046.8060681266047,"[10, 25, 53, 65, 81, 102, 131, 148, 158, 175, 200]","[611.1172613335955, 421.0140778659753, 816.6898012482798, 609.9626269530676, 1046.8060681266047, 535.0927646331238, 830.0634739127015, 41.59157520039008, 647.7573485804423, 523.7779949094961, 563.3581817945226]","[1, 20, 1, 60, 1, 94, 121, 144, 144, 170, 186]","[38, 38, 75, 75, 204, 121, 204, 149, 204, 186, 204]",61560044.3925643,1035.9782625489838,-1035.9782625489838,0.0,,,,SWT,mdp.39015067403892,30823568.5525643,,0.0,1.5,11.0,0.0,19.5,,307.57826254898384,346.0937431416546,966.8311745582014,346.0937431416545,,0.0,346.0937431416546,,,37.39157520039009,0.0,24.0,318.40606812660474,307.57826254898384,,150.35950221464827,0.3231565974141413,,0.9618719305968433,0.1447296295236491,0.023215769238835667,0.6296296296296299,0.390834179572364,,0.04089349502961453,0.604394237777466,0.604394237777466,0.6038924905595335,,0.3706837559117695,0.29214840072138926,0.5082114218681836,,,,,,0.511076564374082,0.36999999999999994,0.8181818181818181,0.42944549874628457,0.42944549874628457,2.133728791097632,0.6849670073105157,37,1.7365431488895242,0.6619673733920236,15,0,0.4708511613129262,0.7762930287885539,23,0.0,0.5053118432723132,0.6688733360843158,18,9.742518497116988,0.9080894481404058,23.25,20.754691416570694,0.8443749127494482,18,bior,0.37456811101670917,0.7330437326379493,0.5178892024969188,1,13.75,0.033201815509266694,0.7989935153282539,,0.8393636049003783,0.3238245164640621,0.003959120297974822,0.6285714285714288,0.05753359330874447,,0.02570694194374243,0.2023012165326959,0.2023012165326959,0.20196286108020056,,0.32098307171266305,0.23519372457757218,0.1255987270858242,,,,,0.25,,0.1214475092774722,0.4661016949152541,0.847457627118644,0.14010540530865934,0.14010540530865934,0.771186440677966,1.032928569616013,0.3389708195035442,156,1.5900013300614633,0.8178048576023325,45,78.48885271170677,0.6297695626806284,100.5,69.8507462686567,0.5778564794535217,133,0.5170065075921908,0.6634325577032603,0.4390656773744883,2,100.25,,,0.9959768518422314,0.75,0.73,0.5730801583608112,0.995976851842231,1.0,False,False,0.0,0.0,0.0012135800429561264,0.4790885987422307,,0.15444431237437195,0.33587056973479323,3.4203341514888862e-06,0.7308889189554866,0.9959768518422311,0.0050315525922647545,,0.00022545142635555751,0.0016128804889280145,0.0016128804889280145,0.0016128804889216802,,0.0,0.001266070532367598,0.004470027794980619,0.001975670586426929,,,,,0.13043478260869565,,9.652975695925394e-06,0.5116279069767442,0.8604651162790697,0.0012907799640907703,0.0012907799640907703,0.7906976744186046,0.35341900105109236,0.11008082471041668,2009,1.0974531654506445,0.5327139778714244,1939,49.49747468305833,0.9768703389331503,1974.0,1973.3794326241136,0.5272202161955472,1636,1104.4,1082.5,563.6960149978129,300,0.520820561188399,0.7876173146100969,0.3991404127850916,6,1228.5
rbio1.5,,,,13.045670827585745,35986.77845115691,0.6310679611650486,26.89034457864106,206,smoothed,143.13859283137117,,7.205612273333093,89544.84794954366,1.0,6.862444210115074e-05,0.9860430760842229,496.72759824988407,,,,[],[],11,594.1487830419919,29.579160540509747,1004.4076176277401,"[9, 19, 31, 53, 64, 80, 102, 129, 157, 175, 192]","[411.80904567393486, 29.579160540509747, 594.5453253107597, 832.1276795177117, 598.731618426253, 1004.4076176277401, 504.47870391146887, 831.102374684991, 649.0798309554266, 524.2854277651113, 555.4898290480045]","[0, 18, 0, 0, 59, 0, 94, 119, 144, 165, 186]","[20, 20, 38, 71, 71, 203, 119, 203, 203, 186, 203]",61101013.36763917,1045.1513313305782,-1045.1513313305782,0.0,,,,SWT,mdp.39015067403892,30364537.527639173,,0.0,15.0,11.0,0.0,19.5,,316.7513313305782,335.948783041992,855.2366134619124,335.94878304199193,,0.0,335.948783041992,,,25.37916054050976,0.0,1.5,276.00761762774016,316.7513313305782,,134.3275982498841,0.35101516862362736,,0.9591335079747102,0.19860999844700417,0.031453301720324116,0.22222222222222282,0.2584602862623879,,0.011697361758980278,0.5613436483249488,0.5613436483249488,0.5607872999976526,,0.20107392685579506,0.24203567845783813,0.3170949361472263,,,,,,0.41390673148582635,0.6399999999999999,0.3636363636363636,0.46853398757342085,0.46853398757342085,1.8293844553883067,0.5872667608253547,63,1.5325993641807396,0.5842243403037677,44,0,0.4193325046757614,0.6913541409063116,32,0.0,0.43827821479213624,0.5801419768091883,45,12.780193008453876,0.8794321414296804,46.0,43.444019982368495,0.7227349386393684,35,rbio,0.5815916171056358,0.9358444144197099,0.312132543700142,2,26.75,0.03606406603749511,0.7628075419383615,,0.8370303702722829,0.3499180405273136,0.005363914673606918,0.3142857142857147,0.03804720716226062,,0.0073533308761037225,0.18789143881754078,0.18789143881754078,0.18754697124984587,,0.25935544768966,0.20802861380062077,0.07836644087818692,,,,,0.25,,0.09835696863481991,0.694915254237288,0.46610169491525427,0.1528579165959285,0.1528579165959285,0.771186440677966,0.9247408391191722,0.30346741225402296,171,1.4560965923568685,0.748931993862935,91,56.568542494923804,0.7331672523824349,131.0,118.78625954198472,0.557621362040274,145,0.6261605206073753,0.9968249595590992,0.26264014770710753,4,109.75,,,0.9891068540527287,0.75,0.73,0.4962243790340849,0.9891068540527284,1.0,False,False,0.0,0.0,0.0012143496223640327,0.45788269680406884,,0.15438872088383082,0.33787380113416376,4.633953798573089e-06,0.5031795426870521,0.9891068540527285,0.004934656563865202,,6.448915386785209e-05,0.0015207972905215005,0.0015207972905215005,0.0015207972905151657,,0.0,0.0011310772603191235,0.003953735107134476,0.0017125934030882684,,,,,0.13043478260869565,,9.509221564416526e-06,0.7209302325581395,0.5116279069767442,0.0013292755758885085,0.0013292755758885085,0.7906976744186046,0.3388924939147239,0.10555619564130214,2018,0.998189985323668,0.48453070663369835,1987,21.920310216782973,0.9897568643846808,2002.5,2002.380024968789,0.5270046004166395,1637,818.67,599.5,715.6978453131971,300,0.38607403914171184,1.0,0.42974817260080167,3,1228.5
bior2.2,,,,13.095659639737743,27623.859695188235,0.6601941747572816,24.269453294173136,206,smoothed,142.81051545117407,,7.164904586655421,92316.92448440002,1.0,6.284571586664053e-05,0.9967632824947854,514.2964396265057,,,,[],[],11,610.2588651378518,65.8669966675269,1043.5481876751069,"[10, 28, 53, 65, 81, 102, 131, 148, 158, 175, 193]","[605.00056198321, 444.59338867104174, 829.0827009412269, 623.2439169378229, 1043.5481876751069, 545.4975263463621, 833.6081843408208, 65.8669966675269, 638.694200106749, 513.9959192445012, 569.7159336020012]","[1, 20, 1, 60, 1, 94, 120, 144, 144, 165, 186]","[40, 40, 71, 71, 204, 120, 204, 149, 204, 186, 204]",61557880.179999985,1024.2795278877734,-1024.2795278877734,0.0,,,,SWT,mdp.39015067403892,30821404.33999999,,0.0,1.5,11.0,0.0,10.5,,295.8795278877734,352.05886513785185,1032.4475165163713,352.0588651378518,,0.0,352.05886513785185,,,61.66699666752692,0.0,33.0,315.1481876751069,295.8795278877734,,151.89643962650575,0.2502596860717025,,0.9657248172686815,0.08168424371286388,0.016530643694873826,0.4444444444444448,0.5643462370769523,,0.09989482493895041,0.6297074983097581,0.6297074983097581,0.6292378559276541,,0.38694381412243584,0.3216141156110489,0.4935261054129054,,,,,,0.5106184337428394,0.36999999999999994,0.9999999999999999,0.37959458516609923,0.37959458516609923,2.1517533717568904,0.6907532361525833,34,1.6129632427214096,0.6148589177556334,33,0,0.4753626211138367,0.7837310794526767,20,0.0,0.45957348845876345,0.6083301954901216,37,7.52772652709081,0.9289837120085773,31.0,29.252206387513873,0.818265440909949,23,bior,0.37456811101670917,0.7330437326379493,0.5178892024969188,1,17.5,0.025712227424251437,0.6968441595030253,,0.8426464030076545,0.2932925003587004,0.00281906691601172,0.48571428571428604,0.0830758121636953,,0.06279704053972904,0.21077400313457154,0.21077400313457154,0.2104392415368044,,0.32689115357075155,0.25116650300477533,0.12196941657789577,,,,,0.25,,0.12133864335019914,0.4661016949152541,1.0,0.12384168273490109,0.12384168273490109,0.6186440677966101,1.0389938009003215,0.34096121504433635,154,1.496916099095666,0.769927190700053,74,56.568542494923804,0.7331672523824349,114.0,99.96491228070174,0.5977157016629155,117,0.5170065075921908,0.6634325577032603,0.4390656773744883,2,88.25,,,0.9974737960608547,0.75,0.55,0.3561240393397338,0.9974737960608542,1.0,False,False,0.0,0.0,0.0012115663014240408,0.41922647483757786,,0.1545225281001854,0.3335265899335181,2.4354276006968885e-06,0.627384657015289,0.9974737960608544,0.005158561240505232,,0.0005507338209100339,0.0016670243699190457,0.0016670243699190457,0.0016670243699127118,,0.0,0.0012790119902640748,0.004773602066194288,0.001955455837945564,,,,,0.13043478260869565,,9.652297932374154e-06,0.5116279069767442,1.0,0.001241685167271376,0.001241685167271376,0.6511627906976745,0.33974033912296253,0.10582027736716325,2015,1.0376162476090307,0.5036685811925761,1968,33.23401871576773,0.984470084712258,1991.5,1991.2226964599545,0.5269313040383721,1638,1104.4,1082.5,563.6960149978129,300,0.520820561188399,0.7876173146100969,0.3991404127850916,6,1230.0
bior2.6,,,,13.062532826820735,27623.859695188235,0.6601941747572816,24.269453294173136,206,smoothed,143.00359947480962,,7.160501200277034,92674.73981819162,1.0,7.498987385045235e-05,0.9962768067034954,516.5984036555715,,,,[],[],11,607.1445067305285,54.50909399471803,1046.415008488363,"[10, 28, 53, 65, 81, 102, 131, 148, 158, 175, 192]","[596.6555971108634, 420.64428966214325, 815.4778007430459, 638.6013923417183, 1046.415008488363, 537.8414381584995, 831.4517848717884, 54.50909399471803, 642.7559208947755, 521.4779928729314, 572.7592548969675]","[1, 20, 1, 60, 1, 94, 120, 144, 144, 166, 187]","[40, 40, 75, 75, 204, 120, 204, 149, 204, 187, 204]",61664881.30072526,1035.7437727913468,-1035.7437727913468,0.0,,,,SWT,mdp.39015067403892,30928405.460725263,,0.0,6.0,11.0,0.0,15.0,,307.34377279134685,348.9445067305286,998.189574035815,348.9445067305286,,0.0,348.9445067305286,,,50.30909399471804,0.0,24.0,318.0150084883629,307.34377279134685,,154.1984036555715,0.3095575077099373,,0.9613568585103177,0.0690362816767079,0.016530643694873826,0.4444444444444448,0.6038295205349057,,0.07228948084291799,0.6164915798749356,0.6164915798749356,0.6160051757291259,,0.4112974857961787,0.3062302228838082,0.5064486700956846,,,,,,0.5332689311061208,0.4599999999999999,0.8181818181818181,0.42844628567051846,0.42844628567051846,2.18220269592386,0.7005280409620305,28,1.725776729637649,0.6578632321977442,16,0,0.4802398343817709,0.7917721484164976,19,0.0,0.5065497831370852,0.670511977604886,17,5.477225575051661,0.9483280606127202,20.0,19.077653263019116,0.8798244076648507,12,bior,0.37456811101670917,0.7330437326379493,0.5178892024969188,1,9.25,0.031804615294058605,0.8354680888834103,,0.8389247449455512,0.28716726572619455,0.00281906691601172,0.48571428571428604,0.08888803456310085,,0.04544344976692227,0.2063504063994454,0.2063504063994454,0.20601376846927566,,0.33574004475732167,0.2428272005035382,0.12516308284551908,,,,,0.25,,0.1267210981141648,0.5423728813559321,0.847457627118644,0.13977941480840114,0.13977941480840114,0.6949152542372881,1.0483509900390744,0.3440319153462864,149,1.5372083965858205,0.7906512215473308,56,65.76093065034893,0.6898069308945806,102.5,81.40487804878049,0.6031581824284225,111,0.5170065075921908,0.6634325577032603,0.4390656773744883,2,83.75,,,0.9970941098329785,0.75,0.64,0.6505488986925159,0.997094109832978,1.0,False,False,0.0,0.0,0.0012132043747524728,0.5004636277268861,,0.15443385612675176,0.33305634826303293,2.4354276006968885e-06,0.627384657015289,0.9970941098329782,0.005187462508418315,,0.0003985417865295197,0.0016387561381750804,0.0016387561381750804,0.0016387561381687472,,0.0,0.0012983951937254013,0.004615107556877622,0.001973244109352045,,,,,0.13043478260869565,,9.685807330094812e-06,0.5813953488372093,0.8604651162790697,0.0012897959066400456,0.0012897959066400456,0.7209302325581395,0.34660458382334725,0.10795831101952826,2013,1.0615592468945336,0.5152907358257676,1956,40.30508652763321,0.9811658474169939,1984.5,1984.090702947846,0.5269146994094316,1639,1104.4,1082.5,563.6960149978129,300,0.520820561188399,0.7876173146100969,0.3991404127850916,6,1230.75
bior5.5,,,,9.634792715534426,1286153.0808115015,0.6844660194174758,181.25216131234367,206,raw,155.45954117235192,,7.450868155471721,120237.89749988147,1.0,2.4479008725755175e-06,0.6102746260544295,433.59992504618197,,,,[],[],12,1065.8408246969261,42.95827474210756,1722.7974302177502,"[7, 22, 32, 47, 64, 81, 101, 132, 142, 158, 174, 194]","[1373.6047707693679, 635.6519265756494, 843.1408803879344, 1441.250032355972, 1262.8735216077416, 1722.7974302177502, 1206.405874476637, 1283.050417561899, 42.95827474210756, 1159.968051788994, 896.3069082966512, 922.0818075824083]","[1, 19, 19, 41, 60, 41, 98, 125, 141, 150, 171, 187]","[41, 24, 41, 76, 76, 150, 150, 150, 144, 187, 187, 205]",73781851.25070871,1519.5639271951277,-1519.5639271951277,0.0,,,,SWT,mdp.39015067403892,36027238.250708714,,0.0,-3.5,20.0,0.0,-12.5,,578.5639271951277,661.0283246969261,163.91010363688656,661.028324696926,,0.0,661.0283246969261,,,39.95827474210756,0.0,-21.5,782.7974302177502,578.5639271951277,,106.59992504618197,0.39453427469885216,,0.45383256442329506,0.6910758890583323,0.2572413437178471,0.6285714285714288,0.0,,0.008796496757422681,0.5029595770024835,0.5029595770024835,0.5029595770024833,,0.15276856799114602,0.0397411897725288,0.5510635498557099,,,,,,0.07736299636195731,0.3813559322033898,0.09000000000000001,0.4413719010308236,0.4413719010308236,1.537669359667087,0.5169517310583409,43,1.386064480610247,0.787661663487573,32,0,0.32891884630551205,0.5472288197119887,40,0.0,0.44282845425637696,0.7672484565917318,33,5.354126134736337,0.949489376087393,37.0,36.42693834984557,0.800216386156904,14,bior,0.3321683876092137,0.4904554991310134,0.6203454789342464,1,10.75,0.42482743860319744,0.007411227913409868,,0.453832564423295,0.6910758890583324,0.38579125159017313,0.6285714285714288,0.536613962846457,,0.029628568565033098,0.6496304588801123,0.6496304588801123,0.6494818445822303,,0.15276856799114602,0.0397411897725288,0.6429352209567709,,,,,1.0,,0.3832066064442494,0.3813559322033897,0.07627118644067796,0.5168329573817456,0.5168329573817456,0.2288135593220339,1.9010957985361054,0.6238727630741082,56,1.6848092081070176,0.8665685546752315,37,13.435028842544403,0.9366272224408283,46.5,44.55913978494623,0.8586437998996594,19,0.5170065075921908,0.6634325577032603,0.4390656773744883,2,14.75,,,0.6745436793248826,1.0,0.2410714285714286,,0.695825856516628,1.0,False,False,0.0,0.0,0.001318877260012833,0.015201219451947488,,0.14525867586274022,0.3640649017560044,0.0003332899467173062,0.7308889189554866,0.6958258565166281,0.007413779073020925,,0.00025984432759362645,0.004471460835576296,0.004471460835576296,0.004471460835569979,,0.0,0.0008976022257701871,0.0007553102158991158,0.004857162010482965,,,,,0.5217391304347826,,1.1282601968436679e-05,0.43410852713178294,0.15503875968992242,0.002427995785463576,0.002427995785463576,0.2945736434108527,0.3348592544297948,0.1042999464655782,2020,0.8479617522006473,0.41160852446230883,2024,2.8284271247461903,0.9986783050818943,2022.0,2021.998021760633,0.5269092459988911,1640,1104.4,1082.5,563.6960149978129,300,0.520820561188399,0.7876173146100969,0.3991404127850916,6,1231.5
sym12,1.0,periodic,2.3298935409325863e-23,283.57403796842834,5311632.751960314,0.5394736842105263,103.46083679952856,206,smoothed,3.940157800893183e-12,,6.340987447031161,32329.28106595426,0.9818673050648715,0.00014966566451319038,1.0,362.40000000000055,,,,[],[],11,426.60000000001304,32.20000000000351,728.4000000000243,"[9, 31, 53, 64, 80, 102, 131, 148, 158, 175, 192]","[311.00000000001467, 417.8000000000107, 589.6000000000142, 432.2000000000222, 728.4000000000243, 371.0000000000151, 587.0000000000044, 32.20000000000351, 448.20000000000937, 368.00000000001234, 407.20000000001227]","[0, 0, 0, 60, 0, 94, 120, 144, 144, 165, 186]","[20, 40, 75, 75, 204, 120, 204, 149, 204, 186, 204]",30736475.84000027,728.400000000016,-728.400000000016,0.0,,,,DWT,mdp.39015067403892,2.7567148208618164e-07,,0.0,15.0,11.0,0.0,33.0,,1.602984411874786e-11,168.4000000000131,987.7999999998556,168.40000000001305,,0.0,168.4000000000131,,,28.000000000003524,0.0,15.0,2.432898327242583e-11,1.602984411874786e-11,,5.684341886080801e-13,8.607137860671695e-12,6.818186839519031e-23,0.8421892824578894,0.2980760642448579,0.2124137349324832,0.18135344837379475,0.03216369454539481,,0.9999996677826493,4.419523402465606e-09,4.419523402465606e-09,3.692271290584793e-09,,6.125805465799743e-12,0.999999995580482,1.6233982816981808e-11,,,,,,5.8805548272402866e-12,0.0,0.0,2.4642591993411734e-11,2.4642591993411734e-11,0.7999999019084084,0.3007374872741392,681,0.8459653262336622,0.42946940990558696,348,0,0.16666663966433126,0.23713383996637316,681,0.0,0.2237423177947182,0.39474200385245384,371,185.85545458769835,0.805182961648115,520.25,470.2652145135086,0.6299237659393615,496,sym,1.0,1.0,0.0,7,373.75,4.960109894202548e-12,0.9999999999704279,1.648707258222316e-23,0.8325296898487559,0.7942778185971311,0.0005564416836733836,0.1488227146814407,0.0003132715332711945,,2.0315811985749388e-05,4.7600368091593737e-11,4.7600368091593737e-11,3.976752260825833e-11,,6.125805465799743e-12,0.0031261328403058286,1.6233982816981808e-11,,,,,0.0,,2.7285805821570494e-12,0.0,0.0,2.0076180995671447e-11,2.0076180995671447e-11,1.0,0.20156916122481378,0.05751224469072041,1713,1.2565893385281568,0.5809025951209053,1688,17.67766952966369,0.9907349740410568,1700.5,1700.4081152602175,0.5497437972930651,1199,0.7763846615972358,0.5622554397616224,0.28785410495344815,6,900.75,,,,,,,,,,,,,3.330405291387289e-17,0.9999999999715005,1.648707258222316e-23,0.8785237061684837,0.2455397228305275,0.001391547568761457,0.11258714368114872,1.0,0.0003132715332711945,,9.96075115977515e-05,3.8553578732281046e-14,3.8553578732281046e-14,3.220926129976487e-14,,0.0,4.786380409530668e-18,0.004567040150617799,1.5095835620159236e-16,,,,,0.13043478260869565,,8.633166896622241e-20,0.7209302325581395,0.7209302325581395,6.727068891184349e-17,6.727068891184349e-17,1.0,0.39867336188392727,0.12417638082767556,1970,1.3957400249779526,0.6775051949256097,1701,190.21172413918129,0.911116016757392,1835.5,1825.6442386270771,0.52670286819178,1641,1409.1368421052632,1454.5,398.32527672708756,380,0.6645304607900322,0.5565550872278735,0.3678621512786154,7,1232.5
rbio1.3,,,,13.097706738416896,37206.4936072544,0.6796116504854369,30.15335422780363,206,smoothed,142.99278423797512,,7.206702319074816,89565.61313731267,1.0,7.105761856431279e-05,0.9897268821023718,498.6075079189292,,,,[],[],10,650.9554316925238,415.6903989900417,1009.4126078133262,"[9, 31, 53, 64, 80, 102, 129, 157, 175, 192]","[415.6903989900417, 587.0046944020125, 827.6331320397946, 599.2553193860695, 1009.4126078133262, 506.02329028662325, 831.5398970058502, 645.1819048241357, 528.8628393189485, 558.9502328584363]","[0, 0, 0, 59, 0, 94, 119, 144, 165, 186]","[20, 38, 71, 71, 203, 119, 203, 203, 186, 203]",61109568.625000045,1041.8334537307294,-1041.8334537307294,0.0,,,,SWT,mdp.39015067403892,30373092.78500005,,0.0,10.0,12.0,0.0,19.0,,313.4334537307294,392.75543169252387,829.1543169252391,392.75543169252387,,0.0,392.75543169252387,,,411.4903989900417,0.0,1.0,281.0126078133262,313.4334537307294,,136.2075079189292,0.3062360522486707,,0.9659947388765115,0.20174096538341796,0.03362974187166614,0.5925925925925928,0.26075162963790366,,0.9501394230967524,0.8024051887551344,0.8024051887551344,0.8021545790414057,,0.22096246650200319,0.23032314632815754,0.33965557513479266,,,,,,0.41571774835164255,0.5399999999999999,0.3535353535353535,0.45439577226299854,0.45439577226299854,2.425572626311561,0.7786543584127493,12,1.6938479093199443,0.6456920187529572,21,0,0.5390726809350916,0.8887699523844832,5,0.0,0.48851780153009305,0.6466433272768546,25,8.99536917900909,0.9151380266131218,15.75,10.783055198973043,0.8832765604763722,11,rbio,0.5815916171056358,0.9358444144197099,0.312132543700142,2,8.75,0.031463361696485004,0.7905819238797862,,0.8428763859318277,0.35143432489449705,0.005735075684549895,0.6000000000000002,0.03838450933486448,,0.59728763634218,0.268578910404965,0.268578910404965,0.2682686675929367,,0.26658193598049257,0.20167948291309773,0.08394204862164317,,,,,0.3333333333333333,,0.09878732193791498,0.6101694915254237,0.4576271186440678,0.14824536298390872,0.14824536298390872,0.7627118644067796,1.19826314457529,0.3932278107561438,110,1.5830707224982516,0.8142401533318581,46,45.254833995939045,0.7865338019059479,78.0,64.87179487179488,0.7093046368020306,62,0.6261605206073753,0.9968249595590992,0.26264014770710753,4,47.5,,,0.9919820031070108,1.0,0.72,0.5552146885229708,0.9919820031070103,1.0,False,False,0.0,0.0,0.0012131126211694175,0.47415919193926453,,0.15452800765779173,0.33799020811879926,4.954604495163283e-06,0.710188066567447,0.9919820031070105,0.004936333798456068,,0.0052382484798298885,0.002036416656897325,0.002036416656897325,0.002036416656890994,,0.0,0.0011469066438993725,0.003833065256813544,0.0017436487531109508,,,,,0.17391304347826086,,9.51190080291015e-06,0.6434108527131783,0.5038759689922481,0.0013153518028178799,0.0013153518028178799,0.7829457364341085,0.34818000338226396,0.10844901322794008,2012,1.0871686387136177,0.5277217728998739,1944,48.08326112068523,0.9775311863922032,1978.0,1977.4155712841252,0.5266160604858212,1642,818.67,599.5,715.6978453131971,300,0.38607403914171184,1.0,0.42974817260080167,3,1232.25
bior2.8,,,,13.05764544124478,27623.859695188235,0.6601941747572816,24.269453294173136,206,smoothed,143.01148069651265,,7.160144729351354,92699.87651818752,1.0,7.78463389480479e-05,0.9960005744469509,516.5601869163905,,,,[],[],11,606.0953259012359,52.25083213402553,1044.2449623418272,"[10, 25, 53, 65, 81, 102, 131, 148, 158, 175, 200]","[596.9722673559975, 414.0622062149535, 810.5514623761877, 640.9379003324336, 1044.2449623418272, 534.7517734027398, 831.041219270627, 52.25083213402553, 643.7429097240577, 522.7909568925394, 575.7020948682058]","[1, 20, 1, 60, 1, 94, 120, 144, 144, 166, 187]","[38, 38, 71, 71, 204, 120, 204, 149, 204, 187, 204]",61668012.64290091,1037.62047147745,-1037.62047147745,0.0,,,,SWT,mdp.39015067403892,30931536.80290091,,0.0,-7.5,11.0,0.0,19.5,,309.22047147745013,347.895325901236,986.6485849135961,347.8953259012359,,0.0,347.895325901236,,,48.05083213402554,0.0,24.0,315.8449623418272,309.22047147745013,,154.16018691639056,0.3119779010187063,,0.9607124289153103,0.06801238089954213,0.016530643694873826,0.4444444444444448,0.6066032402651889,,0.06680078301557996,0.6120393343560174,0.6120393343560174,0.6115472834223796,,0.4108931710863475,0.3010476192080843,0.4966669071185372,,,,,,0.5339317882538991,0.19,0.8181818181818181,0.4364433166936412,0.4364433166936412,2.1633932718740705,0.694489862654472,32,1.7474032650512337,0.6661072316932103,14,0,0.4670689781590643,0.7700573376462457,26,0.0,0.5156201297790153,0.682518252736972,13,9.287087810503355,0.9123859640518551,21.25,18.343307086614175,0.8559571329693239,17,bior,0.37456811101670917,0.7330437326379493,0.5178892024969188,1,13.0,0.03205329179560818,0.8680742536331156,,0.8383756677380055,0.2866714046157155,0.00281906691601172,0.48571428571428604,0.08929634599351144,,0.041993081039770355,0.20486016273317298,0.20486016273317298,0.2045228926946428,,0.3355931372634392,0.24001781405225628,0.12274563033319909,,,,,0.25,,0.12687861335789943,0.31355932203389825,0.847457627118644,0.14238842404480367,0.14238842404480367,0.771186440677966,1.0367828399323937,0.3402356554333098,155,1.5465645587890322,0.7954634910427318,55,70.71067811865476,0.6664590654780436,105.0,81.19047619047619,0.5855880233050595,130,0.5170065075921908,0.6634325577032603,0.4390656773744883,2,98.0,,,0.9968785151715731,0.75,0.73,0.7198014838224833,0.9968785151715726,1.0,False,False,0.0,0.0,0.0012132712369341495,0.5195716706365442,,0.15442077385031783,0.33301828040589604,2.4354276006968885e-06,0.627384657015289,0.9968785151715728,0.005189492836446278,,0.0003682818453552113,0.0016292329931337044,0.0016292329931337044,0.0016292329931273698,,0.0,0.0012980733977191131,0.004561713124068552,0.001959779239262964,,,,,0.13043478260869565,,9.686787968331607e-06,0.37209302325581395,0.8604651162790697,0.001297671642209206,0.001297671642209206,0.7906976744186046,0.3395797510595057,0.10577025836305934,2016,1.067179370798306,0.5180187962616583,1952,45.254833995939045,0.9788528813103089,1984.0,1983.4838709677417,0.5258750387859956,1643,1104.4,1082.5,563.6960149978129,300,0.520820561188399,0.7876173146100969,0.3991404127850916,6,1233.75
sym9,,,,12.48843491197473,34430.20007428046,0.6359223300970874,25.9009953431936,206,smoothed,144.07205783325924,,7.194808107824841,90447.61084362329,1.0,7.330973977088604e-05,0.9518328871100847,481.3464705826799,,,,[],[],12,572.9972732559323,42.14417370746963,970.7514845209108,"[9, 19, 31, 53, 64, 80, 100, 110, 129, 157, 175, 191]","[378.8047434333772, 42.14417370746963, 616.5949064395212, 834.5737916301034, 614.854176951206, 970.7514845209108, 538.7156188169535, 271.07322052236407, 856.2382912091714, 660.4571294755867, 532.5735845485112, 559.1861578160114]","[1, 18, 1, 1, 59, 1, 94, 106, 119, 144, 170, 186]","[18, 20, 37, 71, 71, 203, 119, 119, 203, 203, 203, 203]",61472037.41000627,1055.403883131485,-1055.403883131485,0.0,,,,SWT,mdp.39015067403892,30735561.570006274,,0.0,11.0,10.0,0.0,15.5,,327.00388313148494,314.7972732559324,1195.5672790711888,314.7972732559323,,0.0,314.7972732559324,,,37.944173707469645,0.0,15.5,242.35148452091084,327.00388313148494,,118.94647058267992,0.6376905762791676,,0.8856587821033792,0.16757691085527154,0.028675768243586752,0.2592592592592598,0.35807603739458516,,0.042236583835209326,0.47158627568325306,0.47158627568325306,0.47091608798274126,,0.03834899786068857,0.3948647765420305,0.16538557397357237,,,,,,0.4924468349575181,0.5599999999999999,0.6464646464646464,0.5122223939356945,0.5122223939356945,1.6379560808429838,0.5258146581149747,73,1.6356700894345517,0.6235147301299623,28,0,0.3952187227236201,0.6515977117727882,37,0.0,0.48864489667077754,0.6468115611147935,24,22.338307903688676,0.7892612461916162,40.5,33.86770660347433,0.7035928872467515,39,sym,0.6803648884317847,1.0,0.22374457809775072,3,30.0,0.06551772433253246,0.8162895844283593,,0.7744272595226074,0.3348891416163994,0.0048902457181255465,0.3428571428571433,0.05271135992150977,,0.026551249966955223,0.15784809203619835,0.15784809203619835,0.1574908811493391,,0.20022944774557225,0.2908742304798465,0.04087318126987485,,,,,0.16666666666666669,,0.11702051263182114,0.6271186440677964,0.7033898305084746,0.16711113824697674,0.16711113824697674,0.7033898305084745,0.8816601161449441,0.289329834496049,175,1.4422781923546188,0.7418246069491801,93,57.982756057296896,0.7264964336919958,134.0,121.45522388059702,0.5472104809969414,151,0.7190889370932755,0.9859759878661594,0.20084494767485936,5,114.5,,,0.9624063730851588,0.5,0.6499999999999999,0.609815466145811,0.9624063730851584,1.0,False,False,0.0,0.0,0.0012222688903274128,0.4892245357059979,,0.15289714339857208,0.33672001438909516,4.224745190852539e-06,0.5238803950750917,0.9624063730851585,0.005007574043357518,,0.00023285605847918117,0.0013288104662173002,0.0013288104662173002,0.0013288104662109639,,0.0,0.0010015637130726628,0.005528276306792668,0.0015037612265432123,,,,,0.08695652173913043,,9.62541466702455e-06,0.6589147286821706,0.7286821705426356,0.001372301335692668,0.001372301335692668,0.7286821705426356,0.3251150528286122,0.10126488116005528,2022,1.003752183866627,0.48723064956047796,1985,26.16295090390226,0.9877743220075224,2003.5,2003.3291739455956,0.5257796843682472,1644,1409.1368421052632,1454.5,398.32527672708756,380,0.6645304607900322,0.5565550872278735,0.3678621512786154,7,1234.75
rbio6.8,,,,13.090515706625048,37922.84440707719,0.6796116504854369,28.79859177282414,206,smoothed,143.0893938478029,,7.199260042535471,90174.7840976875,1.0,7.076523615484444e-05,0.9927709046130416,508.5905779726945,,,,[],[],11,600.4514296025881,43.62410096415135,1039.7300798276206,"[10, 25, 53, 64, 81, 102, 131, 148, 158, 175, 193]","[620.8634878359996, 426.54691222549525, 804.0114955837706, 601.0634631552284, 1039.7300798276206, 530.0659253077614, 832.0146678623421, 43.62410096415135, 635.1923426764668, 518.7833611154504, 553.0698890741821]","[1, 20, 1, 60, 1, 94, 121, 144, 144, 170, 187]","[38, 38, 75, 75, 204, 121, 204, 149, 204, 187, 204]",61330430.20231358,1043.0030236694154,-1043.0030236694154,0.0,,,,SWT,mdp.39015067403892,30593954.362313583,,0.0,-3.0,11.0,0.0,19.5,,314.6030236694154,342.25142960258813,924.5657256284703,342.2514296025881,,0.0,342.25142960258813,,,39.424100964151364,0.0,19.5,311.3300798276206,314.6030236694154,,146.19057797269454,0.33590572301812355,,0.9650465604213257,0.18036431953779603,0.034907986743336554,0.5925925925925928,0.32797085539875814,,0.04583354203556453,0.5880892093600847,0.5880892093600847,0.5875667824569002,,0.32657854360640864,0.2731686522215284,0.47631549169166254,,,,,,0.46247075935453336,0.27999999999999997,0.7272727272727272,0.4593795702230238,0.4593795702230238,2.042619447217339,0.6557191971501599,50,1.7178421473664012,0.6548385825721823,17,0,0.4502762705203694,0.7423711749147931,30,0.0,0.49740899666767824,0.6584124623815079,20,14.908051515875574,0.8593580045672116,29.25,24.667472793228534,0.7917073041703983,27,rbio,0.5815916171056358,0.9358444144197099,0.312132543700142,2,20.75,0.034511688554084693,0.7872444180159597,,0.8420685037636872,0.3410819083481701,0.0059530622248686604,0.6000000000000002,0.04827966129338873,,0.028812411444193498,0.19684364119814923,0.19684364119814923,0.19650297083630458,,0.3049574707404902,0.2249051801276052,0.11771600730226837,,,,,0.25,,0.10989727518822154,0.38983050847457623,0.771186440677966,0.1498713132737692,0.1498713132737692,0.771186440677966,0.9947262744426869,0.32643417013326625,160,1.5823404087619568,0.8138645221233657,47,79.90306627407988,0.6230987439901893,103.5,72.65700483091787,0.5674455984101889,140,0.6261605206073753,0.9968249595590992,0.26264014770710753,4,106.0,,,0.9943578118221406,0.75,0.73,0.5481261238073522,0.9943578118221401,1.0,False,False,0.0,0.0,0.0012139322313171107,0.4722033285083221,,0.15450875911186002,0.33719544058051293,5.1429258272528335e-06,0.710188066567447,0.9943578118221402,0.00498553742800459,,0.00025268658057625625,0.0015780047953341423,0.0015780047953341423,0.001578004795327808,,0.0,0.0012309669834952718,0.004274486524719909,0.0019317649472082525,,,,,0.13043478260869565,,9.581067727380157e-06,0.4418604651162791,0.7906976744186046,0.0013202600087195186,0.0013202600087195186,0.7906976744186046,0.3393167759357225,0.10568834845324045,2017,1.0871432917692145,0.5277094692572174,1945,50.91168824543142,0.9762094914740975,1981.0,1980.3457849570927,0.5252542784473291,1645,818.67,599.5,715.6978453131971,300,0.38607403914171184,1.0,0.42974817260080167,3,1234.5
rbio2.8,,,,13.150975397937998,54319.93084107122,0.6407766990291263,32.69560597641681,206,smoothed,142.8195858327045,,7.231001014378511,88782.19283705158,1.0,5.597911051579367e-05,0.988099046501417,503.8364037429915,,,,[],[],12,545.1661822544503,43.0906314930906,1034.4997931149426,"[10, 25, 39, 53, 64, 81, 102, 131, 148, 158, 175, 193]","[627.4118332181463, 433.88677173994273, 43.0906314930906, 799.419640523848, 546.9017444295773, 1034.4997931149426, 519.1704527820903, 837.9940417724891, 47.86532860101485, 623.7897667745988, 494.5407721279745, 533.4234104756899]","[1, 20, 38, 1, 60, 1, 94, 121, 144, 144, 170, 187]","[38, 38, 40, 72, 72, 204, 121, 204, 149, 204, 187, 204]",60778459.198489696,1030.0828357597804,-1030.0828357597804,0.0,,,,SWT,mdp.39015067403892,30041983.3584897,,0.0,-7.0,10.0,0.0,20.0,,301.68283575978046,286.96618225445036,861.5941870534052,286.9661822544505,,0.0,286.96618225445036,,,38.89063149309061,0.0,20.0,306.0997931149426,301.68283575978046,,141.4364037429915,0.253045280944103,,0.973018514706816,0.27153474437989744,0.0641666846463393,0.29629629629629683,0.17430478720062875,,0.04453694628742377,0.35348380303180366,0.35348380303180366,0.3526638258369467,,0.2762816680653311,0.24489061436627965,0.45273929954127246,,,,,,0.3456269573272568,0.2,0.7373737373737372,0.404323772346134,0.404323772346134,1.5944866657822903,0.5118601596483046,76,1.4689951394922047,0.5599785151535951,54,0,0.3606485466369416,0.5946018096595815,45,0.0,0.4015908501931906,0.5315794895487933,58,13.022416570411705,0.877147013486682,58.25,56.2271460291964,0.6638093557999447,47,rbio,0.5815916171056358,0.9358444144197099,0.312132543700142,2,35.75,0.025998425533084943,0.6184627833295911,,0.8488608957203427,0.3852344953109341,0.010942718331818424,0.37142857142857183,0.02565891434966333,,0.027997330424637222,0.1183171494832605,0.1183171494832605,0.11794317097655271,,0.28668213285099586,0.2095762178163443,0.11188941703647967,,,,,0.16666666666666669,,0.08213159442744972,0.32203389830508466,0.7796610169491526,0.13190951160475123,0.13190951160475123,0.7796610169491525,0.8454442873997695,0.27744507352626047,180,1.455863103069929,0.7488119004583277,92,62.22539674441618,0.7064839776206784,136.0,121.76470588235294,0.5324872718292071,160,0.6261605206073753,0.9968249595590992,0.26264014770710753,4,121.0,,,0.9907115046156261,0.5,0.74,0.1896489887558172,0.9907115046156256,1.0,False,False,0.0,0.0,0.0012116432521203434,0.37329299229717705,,0.1546705941835086,0.3405850880789822,9.453552911637027e-06,0.5445812474631311,0.9907115046156258,0.004873055794837643,,0.0002455382710318362,0.001076194798005412,0.001076194798005412,0.001076194797999076,,0.0,0.0011909354603170709,0.003983148447045363,0.0018993116598773438,,,,,0.08695652173913043,,9.408207707110889e-06,0.3798449612403101,0.7984496124031008,0.0012660392730022515,0.0012660392730022515,0.7984496124031008,0.31739204293680034,0.09885936449114688,2025,0.9915173411402791,0.4812917430608027,1991,24.041630560342615,0.9887655931961016,2008.0,2007.856075697211,0.5252239180933779,1646,818.67,599.5,715.6978453131971,300,0.38607403914171184,1.0,0.42974817260080167,3,1235.25
sym5,,,,12.413986712231218,34186.12896027926,0.6553398058252428,27.16515375012278,206,smoothed,144.27607857426386,,7.195247349667386,90447.6108439005,1.0,7.333193981735933e-05,0.9454682921425424,485.2450869802377,,,,[],[],11,621.5708939267962,269.832295041528,970.7152787682587,"[9, 25, 53, 64, 80, 100, 110, 129, 154, 175, 191]","[373.15024937232045, 615.9567142754357, 827.6784942225564, 609.7980292996363, 970.7152787682587, 533.4600744593868, 269.832295041528, 879.8970462092309, 667.5039080835058, 538.8530680886162, 550.4346753742839]","[0, 0, 0, 59, 0, 94, 106, 115, 144, 165, 186]","[20, 37, 71, 71, 203, 115, 115, 203, 203, 186, 203]",61438930.366140656,1055.2947946545985,-1055.2947946545985,0.0,,,,SWT,mdp.39015067403892,30702454.52614066,,0.0,10.5,11.0,0.0,15.0,,326.8947946545985,363.37089392679627,1156.87983319476,363.37089392679627,,0.0,363.37089392679627,,,265.63229504152804,0.0,1.5,242.31527876825874,326.8947946545985,,122.84508698023774,0.7003471611317191,,0.8758423633935933,0.16883855670503628,0.02824025166445807,0.40740740740740783,0.35807603742517446,,0.5956317939432605,0.6777105956589629,0.6777105956589629,0.6773018356573677,,0.0795944832501918,0.3774917682946231,0.16522237187235553,,,,,,0.48543858116820066,0.55,0.3636363636363636,0.5117575436427914,0.5117575436427914,2.0664467023890043,0.6633681934684614,44,1.7064240199702656,0.6504860113122578,20,0,0.47088356509505824,0.7763464529536453,22,0.0,0.5133180472878451,0.6794710223656457,14,13.114877048604,0.8762747448244905,25.0,21.095890410958905,0.8202128441103584,22,sym,0.6803648884317847,1.0,0.22374457809775072,3,17.25,0.07195519888004759,0.8165429949718201,,0.7660633174953844,0.3355001394064659,0.0048159745401691045,0.45714285714285746,0.05271135992601267,,0.3744329491929681,0.2268414709959331,0.2268414709959331,0.22651352464656724,,0.21521596875310012,0.2814566679876773,0.04083284770929643,,,,,0.25,,0.11535513600055375,0.6186440677966101,0.46610169491525427,0.16695948212557093,0.16695948212557093,0.6949152542372881,1.0570605549436067,0.34689008815711897,146,1.4832627576704653,0.7629047003857834,80,46.66904755831214,0.7798629832155088,113.0,103.36283185840708,0.6234220576454903,104,0.7190889370932755,0.9859759878661594,0.20084494767485936,5,79.25,,,0.957438913042023,0.75,0.64,0.6103536875333486,0.9574389130420226,1.0,False,False,0.0,0.0,0.0012239997478473363,0.48937304073795684,,0.1526978646811663,0.33676692142836817,4.160581379875029e-06,0.6066838046272496,0.9574389130420227,0.005007574043379908,,0.0032837994754417407,0.0017697007512078402,0.0017697007512078402,0.0017697007512015076,,0.0,0.0010343911916506827,0.005349288682116148,0.00150353657429021,,,,,0.13043478260869565,,9.615046578422035e-06,0.6511627906976745,0.5116279069767442,0.0013718435360448279,0.0013718435360448279,0.7209302325581395,0.3197140530030014,0.09958261022019116,2024,1.0348354886443758,0.5023187749172854,1970,38.18376618407357,0.9821571186055731,1997.0,1996.6349524286431,0.5244897742560576,1647,1409.1368421052632,1454.5,398.32527672708756,380,0.6645304607900322,0.5565550872278735,0.3678621512786154,7,1237.0
gaus2,,,,-38.92492739639836,1763520095.3584921,0.6781838949171902,1069.3294348175393,206,raw,74307.33010888491,-363213.51245121,13.397056297138088,315854.9410138563,0.016578035841123145,1.219940567838625e-06,0.35065534846014884,71812.22799944441,,,,[],[],5,45820.11577349071,4114.3641194020165,137421.24683331043,"[33, 48, 139, 158, 176]","[4114.3641194020165, 137421.24683331043, 4973.701255095781, 77451.34612559696, 5139.92053404836]","[0, 0, 117, 117, 171]","[39, 205, 144, 205, 205]",1436076787963.8137,147420.19153977188,-147420.19153977188,0.0,,,,CWT,mdp.39015067403892,1436039033350.8137,,0.0,-11.5,27.0,0.0,-20.5,,146479.19153977188,45415.30327349071,216146.57886745356,45415.30327349071,,0.0,45415.30327349071,,,4111.3641194020165,0.0,-20.5,136481.24683331043,146479.19153977188,,71485.22799944441,0.5432245539380605,,0.25125824674573066,0.9658387742385126,0.40625757853589917,0.8672055427251739,0.06057446222591552,1.0,0.028789958664965795,0.6556046285181539,0.6556046285181539,0.655604628518154,,0.60123960002259,1.0,0.8253289766412144,,,,,,0.4272219460351936,1.0,0.6875,0.5130575515551365,0.5130575515551365,2.799549435237382,0.8278877644533766,2,2.0986455624472677,1.0,1,0,0.6473578192877645,0.8973647825664739,2,0.0,0.6142208541295269,1.0,1,0.5773502691896257,0.9422649730810374,1.5,1.3333333333333333,0.8961324865405187,1,gaus,0.5375,1.0,0.32375,1,1.0,0.5432245539380605,0.20521223816149842,,0.35586218343883647,0.9726192479484305,0.4083180114360667,0.8732782369146013,0.0642399896135457,1.0,0.011337834187303261,0.27100705270598124,0.27100705270598124,0.27100705270598124,,0.6008272160058832,1.0,0.8147843943508107,,,,,0.75,,0.4255923099164278,1.0,0.6666666666666666,0.5129419840684473,0.5129419840684473,0.5116279069767442,2.442078699517529,0.753667618267187,4,2.181669088589781,1.0,1,2.1213203435596424,0.8939339828220179,2.5,1.6,0.8844669914110089,3,0.5743243243243243,1.0,0.2979729729729729,2,2.75,102.0,False,0.8194076746269227,0.4999999999999999,0.9999999999999998,,0.6953620514827603,,,,,,0.6304035583394908,0.006986899517137074,,0.015276772004301775,0.9990637877225854,0.46360665202732954,0.7040995805709649,0.4931973476399105,0.023214053821042906,0.09374945172025095,0.054815298458304865,0.4106945252108134,0.4106945252108134,0.4106945252108096,,0.0,0.6019263121826066,1.0,0.8468493912629508,,,,,0.8260869565217391,,0.44972242145474683,0.31007751937984496,0.1705426356589147,0.6147131595999598,0.6147131595999598,0.1705426356589147,2.493809313761713,0.7767567253400768,4,1.4574225939353944,0.7074464878291246,1687,1190.0607127369594,0.44389686320702826,845.5,7.981076286221171,0.5244017026315515,1648,1982.5625,2068.5,192.51804028021203,16,0.9349504833765622,0.26899346077528574,0.26483662340382075,10,1238.5
gaus2,,,,-41.150942716278266,1763529750.2286825,0.667428136303065,1048.2645637712837,206,smoothed,74160.55847433548,,13.368099020171037,315433.45085578226,0.01694932982597655,4.790203335213958e-06,0.49568383394669474,71649.09678036778,,,,[],[],2,110598.27382561905,74653.52552872116,146543.02212251694,"[49, 158]","[146543.02212251694, 74653.52552872116]","[0, 117]","[205, 205]",1436490204109.5222,147751.71654871057,-147751.71654871057,0.0,,,,CWT,mdp.39015067403892,1436459467633.6821,,0.0,-21.0,20.0,0.0,-16.5,,147023.31654871057,110340.07382561905,215516.1476512381,110340.07382561905,,0.0,110340.07382561905,,,74649.32552872117,0.0,-21.0,145814.62212251694,147023.31654871057,,71286.69678036778,0.541410552720581,,0.2533614609999786,0.9559870265222431,0.4085727773119779,0.7947368421052635,0.06398181361985579,,1.0,1.0,1.0,1.0,,0.5990310599564641,0.9999999999999999,0.8848219170022269,,,,,,0.42532955678388973,0.16666666666666669,0.0769230769230769,0.5158286184695521,0.5158286184695521,3.305571543690549,1.0,1,1.958032470058181,0.968170111207538,2,0,0.6751818183071727,1.0,1,0.11111111111111112,0.5920009275729675,1.0,1,0.5,0.95,1.25,1.1428571428571428,0.9125,1,gaus,0.5375,1.0,0.32375,1,1.0,0.5416856762654321,0.9066775934131261,,0.21706357569668044,0.8821787224168369,0.40832081122422376,0.7487603305785131,0.06398181361985578,,1.0,0.9999999999999999,0.9999999999999999,0.9999999999999999,,0.5991509100746985,0.9968111380247827,0.8848219170022269,,,,,0.3125,,0.4257297504541132,0.525,0.6363636363636364,0.5158286184695522,0.5158286184695522,0.6976744186046512,3.240259552523025,1.0,1,1.8915123344629572,0.867002399381118,4,2.1213203435596424,0.8939339828220179,2.5,1.6,0.8844669914110089,4,0.5743243243243243,1.0,0.2979729729729729,2,3.5,102.0,False,0.8910464591037597,0.8333333333333335,0.4347826086956522,0.8713549326445256,0.8910464591037597,,,,,,0.629158386960736,0.030869821879881017,,0.009318300484509323,0.9959714135533501,0.4636091901944061,0.6582329860641323,0.6063896576682583,0.02318000944443069,,1.0,1.0,1.0,1.0,,0.0,0.600254621850265,0.9970833074307165,0.9047618397896455,,,,,0.5217391304347826,,0.4498540882962205,0.16279069767441867,0.16279069767441856,0.6169966293538957,0.6169966293538957,0.2325581395348837,3.2105410000407564,1.0,1,1.4485108060874972,0.7031206230871425,1688,1192.8891398617056,0.4425751682889226,844.5,1.9988158673771461,0.5239745000323117,1649,1982.5625,2068.5,192.51804028021203,16,0.9349504833765622,0.26899346077528574,0.26483662340382075,10,1239.25
db13,1.0,reflect,6.524783429739088e-27,319.1017377307532,5308515.928349801,0.5260869565217391,93.99586178909605,206,smoothed,5.441170707094941e-14,-2.08465578133144e-10,6.367896143509795,30868.38624088667,0.9811374534794376,0.00014966566451320274,1.0,362.4,,,,[],[],11,426.59999999999997,32.19999999999993,728.4,"[9, 31, 53, 64, 80, 102, 131, 148, 158, 175, 192]","[311.0, 417.80000000000007, 589.6000000000001, 432.20000000000005, 728.4, 370.9999999999999, 586.9999999999999, 32.19999999999993, 448.20000000000016, 367.9999999999999, 407.19999999999993]","[0, 0, 0, 60, 0, 94, 120, 144, 144, 165, 186]","[20, 40, 75, 75, 205, 120, 205, 149, 205, 186, 205]",30736475.84,728.4,-728.4,0.0,,,,DWT,mdp.39015067403892,3.725290298461914e-09,,0.0,15.0,11.0,0.0,33.0,,0.0,168.40000000000003,987.7999999999993,168.4,,0.0,168.40000000000003,,,27.999999999999943,0.0,15.0,0.0,0.0,,0.0,7.069797821523521e-14,1.430754029568544e-26,0.9771736828875202,0.3368892773421749,0.21107613489153285,0.08940023836560029,0.02004873704244526,,0.9999996646602125,4.4059199552998455e-09,4.4059199552998455e-09,3.6786974161203912e-09,,0.0,0.9999999955940747,0.0,,,,,,7.946695712486874e-14,0.0,0.0,0.0,0.0,0.799999900942302,0.30073748691095864,870,0.9040665060126053,0.45896551172050815,258,0,0.16666663939540866,0.2371338395837492,870,0.0,0.23351258150419207,0.41197939333182426,300,341.64455212984154,0.6418820208282583,574.5,420.69159403992126,0.5198403814833115,829,db,0.573477938514061,0.8443824841957417,0.34525069778143475,3,622.5,5.040229138639448e-14,0.9999999999705138,3.8204913247148866e-27,0.9636349450491305,0.8035734233650779,0.0005529376898327567,0.07336384439359267,0.0001952729212924666,0.9999999997234872,2.0315811922300142e-05,4.745387416349445e-11,4.745387416349445e-11,3.962136174706643e-11,,0.0,0.0031261328403482946,0.0,,,,,0.0,,3.687271056968986e-14,0.0,0.0,0.0,0.0,1.0,0.20156916120412802,0.05751224468481829,1902,1.7096677943634515,0.7903540385784591,664,875.3981951089459,0.5411959145131311,1283.0,984.3554169914264,0.43438202434251943,1822,0.49117026184683504,0.8233619396015222,0.4091722348267588,4,1367.5,,,,,,,,,,,,,3.384200380872398e-19,0.9999999999715831,3.8204913247148866e-27,0.9736222373003216,0.2484133272102835,0.0013907281875667058,0.05550110886918874,1.0,0.0001952729212924666,0.9999999999999541,9.960751159770347e-05,3.8434858594393884e-14,3.8434858594393884e-14,3.209086642252945e-14,,0.0,0.0,0.004567040150618464,0.0,,,,,0.13043478260869565,,1.1666441752192217e-21,0.7209302325581395,0.7209302325581395,0.0,0.0,1.0,0.3986733618839274,0.12417638082767558,1784,1.8313539227867672,0.8889562341346684,560,865.4987001723342,0.5955613550596569,1172.0,852.4232081911263,0.5239489018288939,1650,1009.0473684210526,935.5,610.6543869996938,760,0.4758535102197843,0.8532293215616218,0.41093374637766444,5,1238.75
sym12,,,,9.839709675347871,977624.2112969639,0.6650485436893204,148.05902353891395,206,raw,154.82146246308633,,7.29499463403104,123196.58906353316,1.0,2.8840729750154668e-06,0.6624067440451415,416.51473802502954,,,,[],[],12,1069.051074515074,116.26728161763411,1665.1291055938927,"[7, 28, 47, 64, 81, 101, 116, 132, 145, 158, 175, 194]","[1398.3478854024768, 1019.244174727864, 1503.9172691430535, 1407.267959252375, 1665.1291055938927, 1189.819559801949, 116.26728161763411, 1254.872896679666, 139.07945218182562, 1280.5219117373388, 937.0322680201297, 917.1131300226842]","[1, 8, 41, 60, 76, 95, 114, 125, 143, 150, 171, 187]","[76, 41, 76, 76, 150, 150, 122, 150, 147, 205, 205, 205]",75572455.99135406,1476.5153115558114,-1476.5153115558114,0.0,,,,SWT,mdp.39015067403892,37817842.99135406,,0.0,5.5,20.0,0.0,-8.0,,535.5153115558114,664.2385745150741,125.38710581911073,664.2385745150741,,0.0,664.2385745150741,,,113.26728161763411,0.0,-17.0,725.1291055938927,535.5153115558114,,89.51473802502954,0.37334057084277755,,0.4768541227441032,0.4742514249355986,0.14370590032567956,0.5142857142857146,0.10371463086236286,,0.12320896935956223,0.5094281894785831,0.5094281894785831,0.5094281894785831,,0.08709205917370066,0.030363658350749362,0.4702909295873992,,,,,,0.2120987783397342,0.5338983050847458,0.18,0.3721783322642132,0.3721783322642132,1.5799176517642595,0.5311552577115742,37,1.2415249513487605,0.7055238930948935,39,0,0.34873483361924257,0.5801970715191481,34,0.0,0.4006044469136037,0.6940907718190528,43,3.774917217635375,0.9643875734185342,38.25,37.97385509150718,0.8017692584073803,13,sym,0.5948329919317754,0.9644551827563462,0.29428035082085335,3,10.5,0.4046941157362083,0.012390073775504884,,0.4768541227441032,0.47425142493559863,0.29190548937622485,0.5142857142857146,0.5846738746366098,,0.14163644025813943,0.654190258606793,0.654190258606793,0.6540435784137787,,0.08709205917370066,0.030363658350749334,0.5786921464646522,,,,,1.0,,0.47327901831562835,0.5338983050847457,0.15254237288135594,0.45698625068930143,0.45698625068930143,0.30508474576271183,1.92838711914289,0.6328288144251273,51,1.5285056646935986,0.7861750388666567,63,8.48528137423857,0.9599750878573652,57.0,56.36842105263158,0.8455535816645317,22,0.7190889370932755,0.9859759878661594,0.20084494767485936,5,17.75,,,0.7180787643989888,1.0,0.3214285714285715,,0.7365141036719531,1.0,False,False,0.0,0.0,0.0013134639705266913,0.018118949921132582,,0.1458071859552209,0.34741902542172787,0.0002521808480614319,0.6480855094033285,0.7365141036719534,0.007652756918512246,,0.0012421600962884715,0.004500599449039036,0.004500599449039036,0.004500599449032721,,0.0,0.0007537400054989956,0.000577083410830459,0.004499337131710327,,,,,0.5217391304347826,,1.1843363257739777e-05,0.5736434108527132,0.22480620155038755,0.0022473383811054746,0.0022473383811054746,0.3643410852713178,0.36965195530959744,0.11513696766523301,2002,0.8240505868730427,0.4000018223284833,2032,21.213203435596427,0.9900872881142073,2017.0,2016.8884481903817,0.5237819618141131,1651,1409.1368421052632,1454.5,398.32527672708756,380,0.6645304607900322,0.5565550872278735,0.3678621512786154,7,1240.0
sym15,,,,10.449114758513371,981122.9343469158,0.6359223300970874,136.69926164926872,206,raw,156.2279551063922,,7.292148023565383,123196.58906351177,1.0,2.733336595763282e-06,0.7279109072028198,456.4722445553159,,,,[],[],15,971.9345298206293,130.1236257505958,1483.6180404427287,"[8, 27, 41, 52, 65, 80, 91, 102, 112, 122, 133, 147, 159, 176, 200]","[1419.5163184307448, 1157.2651978060587, 679.5196356748723, 1479.2904694129397, 1150.759880325901, 1483.6180404427287, 1039.5384007164303, 1035.6657869503838, 755.0708063903479, 130.1236257505958, 1092.060828045961, 235.55880051620454, 1179.681335416299, 957.8783784995866, 783.4704429303865]","[0, 20, 40, 40, 59, 78, 85, 97, 107, 119, 97, 143, 97, 172, 188]","[78, 40, 42, 78, 78, 97, 97, 124, 124, 124, 149, 149, 172, 188, 205]",75436503.12717386,1354.0907780367802,-1354.0907780367802,0.0,,,,SWT,mdp.39015067403892,37681890.127173856,,0.0,-11.0,17.0,0.0,-6.5,,413.0907780367802,567.1220298206293,1625.0179473094395,567.1220298206296,,0.0,567.1220298206293,,,127.1236257505958,0.0,-11.0,543.6180404427287,413.0907780367802,,129.4722445553159,0.42005704660841015,,0.5453182199855604,0.47029170950043253,0.1449933943401221,0.34285714285714325,0.103714630861613,,0.14483439658939892,0.3137395894528727,0.3137395894528727,0.31373958945287317,,0.2406911697196075,0.3954140473071366,0.2160590885277013,,,,,,0.20186887385459534,0.2542372881355932,0.3,0.17540103169446544,0.17540103169446544,1.2080595378231282,0.40613963292759797,84,1.2485915993106032,0.7095396714131255,38,0,0.25288933210639125,0.42073700634895633,81,0.0,0.4000018391393846,0.6930466883139036,44,24.116038922951947,0.772490198840076,61.75,54.57509642507628,0.5949715145143777,63,sym,0.5948329919317754,0.9644551827563462,0.29428035082085335,3,48.0,0.4490732339962649,0.010669438288024913,,0.5453182199855604,0.4702917095004326,0.2929701556450155,0.3428571428571433,0.5846738746362624,,0.16280736702318915,0.5162471018311036,0.5162471018311036,0.5160419110571575,,0.24069116971960747,0.3954140473071366,0.37648705457568166,,,,,0.75,,0.4664402101188402,0.25423728813559315,0.2542372881355932,0.28679018188049915,0.28679018188049915,0.33050847457627114,1.7845845106779716,0.585637857110217,83,1.532812676719622,0.7883903171120513,59,16.97056274847714,0.9199501757147305,71.0,68.97183098591549,0.792522257668686,36,0.7190889370932755,0.9859759878661594,0.20084494767485936,5,28.25,,,0.7727807298224101,0.4000000000000001,0.34821428571428575,,0.7876390086822811,1.0,False,False,0.0,0.0,0.0013253962787635647,0.017110613706829904,,0.14743840690847743,0.3471150332789621,0.00025310062673068474,0.5238803950750917,0.7876390086822813,0.007652756918510518,,0.0014278303968203229,0.0036190975046448883,0.0036190975046448883,0.0036190975046385696,,0.0,0.0010901937767589071,0.007515131558732201,0.00337308324264315,,,,,0.3913043478260869,,1.1800787081282952e-05,0.3178294573643411,0.317829457364341,0.001733572766884417,0.001733572766884417,0.3875968992248062,0.3079810811108504,0.09592809470645,2033,0.7953467783639644,0.3860687266007473,2039,4.242640687119285,0.9980174576228414,2036.0,2035.99557956778,0.5233077942319815,1652,1409.1368421052632,1454.5,398.32527672708756,380,0.6645304607900322,0.5565550872278735,0.3678621512786154,7,1240.75
sym14,,,,9.856990729363561,978743.6211988217,0.6553398058252428,143.08345741607775,206,raw,155.82275957953766,,7.297296685728028,123196.5890635187,1.0,2.8708766268767084e-06,0.6642764646712258,418.15313181271705,,,,[],[],12,1083.4236705515661,121.2858501782874,1705.4500785898913,"[7, 28, 47, 64, 81, 101, 116, 132, 145, 158, 175, 194]","[1405.2644813867894, 1031.3045552834333, 1533.3235469643018, 1400.2874678470328, 1705.4500785898913, 1176.3022698333373, 121.2858501782874, 1299.0654088563265, 158.06710027367643, 1290.4573259829692, 950.4964809152494, 929.7794805075008]","[1, 8, 41, 60, 76, 98, 114, 125, 143, 150, 171, 187]","[76, 41, 76, 76, 150, 150, 122, 150, 147, 187, 187, 205]",75560555.22496948,1501.3606839343265,-1501.3606839343265,0.0,,,,SWT,mdp.39015067403892,37805942.22496948,,0.0,5.5,20.0,0.0,-8.0,,560.3606839343265,678.6111705515661,47.08404661879467,678.6111705515663,,0.0,678.6111705515661,,,118.2858501782874,0.0,-17.0,765.4500785898913,560.3606839343265,,91.15313181271705,0.4065985282857332,,0.47879557645896137,0.4774536437664105,0.14411783162969333,0.45714285714285746,0.10371463086185581,,0.13104138808162502,0.538388787345458,0.538388787345458,0.5383887873454583,,0.09339014557511296,0.01130259250260826,0.5267661378043421,,,,,,0.2112032936866643,0.5338983050847458,0.18,0.4121131816588761,0.4121131816588761,1.6457142272775027,0.5532755226407304,28,1.2322416980907756,0.7002484800054956,40,0,0.3632282106345199,0.6043099908206596,30,0.0,0.3982090314599809,0.6899404540334119,47,8.88350531415762,0.9161933460928526,36.25,34.684823193498794,0.7871061070086904,17,sym,0.5948329919317754,0.9644551827563462,0.29428035082085335,3,13.5,0.4362880834373134,0.012239439237078709,,0.4787955764589613,0.47745364376641053,0.2922461273594098,0.45714285714285746,0.5846738746363749,,0.14930424544855958,0.6746049188953493,0.6746049188953493,0.6744668978751489,,0.09339014557511296,0.011302592502608233,0.6236101025293064,,,,,1.0,,0.4726803765790991,0.5338983050847457,0.15254237288135594,0.49152658819654405,0.49152658819654405,0.30508474576271183,1.9786575551551555,0.6493258030777045,47,1.5186015367060735,0.781080927418209,69,15.556349186104045,0.9266209944051695,58.0,55.91379310344828,0.8265180443723961,26,0.7190889370932755,0.9859759878661594,0.20084494767485936,5,20.75,,,0.7196401520743541,1.0,0.3214285714285715,,0.73797338938444,1.0,False,False,0.0,0.0,0.0013219587080477544,0.018030674245473728,,0.14585344290020452,0.3476648636340747,0.0002524751295278926,0.6066838046272496,0.7379733893844402,0.007652756918511078,,0.0013094072087991675,0.0046310558135238,0.0046310558135238,0.004631055813517487,,0.0,0.0007675357554479684,0.00021481399103118887,0.004749523822036323,,,,,0.5217391304347826,,1.1839636310664283e-05,0.5736434108527132,0.22480620155038755,0.0023516042307165285,0.0023516042307165285,0.3643410852713178,0.36978210115799565,0.11517750471129365,2001,0.8082005053800608,0.39230804529313673,2034,23.33452377915607,0.989096016925628,2017.5,2017.365055762082,0.5231695037899168,1653,1409.1368421052632,1454.5,398.32527672708756,380,0.6645304607900322,0.5565550872278735,0.3678621512786154,7,1241.5
sym7,,,,9.957062867032542,967971.3856245318,0.6456310679611651,146.46525100228297,206,raw,155.05406281984844,,7.2993941755573015,123196.58906377693,1.0,2.6374231468678685e-06,0.6725029458681953,435.3475469540949,,,,[],[],14,1006.3126035796673,180.30917779069568,1490.2626715557676,"[8, 27, 41, 52, 65, 80, 91, 102, 112, 122, 133, 154, 176, 193]","[1384.4997612874977, 1117.6726046758429, 641.2782402026289, 1057.3448271564794, 1490.2626715557676, 1476.495775412223, 1088.2297371701854, 982.2836615687679, 759.4860221950845, 180.30917779069568, 1076.8957128728116, 1093.5174267765333, 987.0906653488069, 753.0101661020176]","[0, 20, 40, 40, 40, 78, 85, 97, 107, 115, 97, 97, 97, 189]","[78, 40, 42, 59, 78, 97, 97, 124, 124, 124, 149, 172, 189, 205]",75318908.21525131,1306.303981855412,-1306.303981855412,0.0,,,,SWT,mdp.39015067403892,37564295.21525131,,0.0,-11.5,18.0,0.0,-7.0,,365.3039818554121,601.5001035796673,1134.3764501153419,601.5001035796673,,0.0,601.5001035796673,,,177.30917779069568,0.0,-16.0,550.2626715557676,365.3039818554121,,108.34754695409492,0.38106636235791413,,0.4900382601086299,0.48037131127036886,0.14015375998811147,0.40000000000000036,0.10371463087090815,,0.22315837535452432,0.38301097000551687,0.38301097000551687,0.3830109700055168,,0.15948653399892254,0.2759787406747045,0.22536583134045265,,,,,,0.19302033120593612,0.2457627118644068,0.2,0.09859161706855984,0.09859161706855984,1.230453165092338,0.4136681853492965,81,1.2106952591656448,0.6880042416144144,43,0,0.25388495885855555,0.42239345035811016,80,0.0,0.38883633437637943,0.6737012370129725,52,19.407902170679517,0.8169065832954763,64.0,59.406885637087484,0.606566499194908,60,sym,0.5948329919317754,0.9644551827563462,0.29428035082085335,3,45.75,0.41203336403530666,0.009574599174104415,,0.49003826010862983,0.480371311270369,0.2889681211578126,0.40000000000000036,0.5846738746405696,,0.23948521485298685,0.5650772989217179,0.5650772989217179,0.5648928201806521,,0.15948653399892251,0.2759787406747045,0.3838892382588715,,,,,0.8333333333333333,,0.4605248581149979,0.24576271186440674,0.1694915254237288,0.22035639922882155,0.22035639922882155,0.3220338983050847,1.747707571801563,0.5735361430523269,86,1.4968022193080621,0.769868617514154,75,7.7781745930520225,0.9633104972025848,80.5,80.12422360248446,0.7917967580352546,37,0.7190889370932755,0.9859759878661594,0.20084494767485936,5,29.0,,,0.7265100160387226,0.6000000000000001,0.33928571428571436,,0.7443940205243558,1.0,False,False,0.0,0.0,0.0013154372898796945,0.016469010104303988,,0.14612131032092723,0.3478888564969277,0.00024964321846778935,0.5652820998511706,0.744394020524356,0.007652756918531936,,0.00210029973218249,0.003931138454603139,0.003931138454603139,0.003931138454596819,,0.0,0.0009123177081091082,0.005245176689366972,0.003414312363447683,,,,,0.43478260869565216,,1.1763960040156387e-05,0.31007751937984496,0.24031007751937983,0.0015330311598546417,0.0015330311598546417,0.3798449612403101,0.31449390776946484,0.09795667078086605,2027,0.7940089211861326,0.38541931827840314,2040,9.192388155425117,0.9957044915161565,2033.5,2033.479223014507,0.5227354233281717,1654,1409.1368421052632,1454.5,398.32527672708756,380,0.6645304607900322,0.5565550872278735,0.3678621512786154,7,1242.25
bior4.4,,,,13.230771733930233,945040.2151627223,0.7184466019417476,163.61351113605676,206,raw,148.18449223058911,,7.305407578027067,122111.00012529784,1.0,2.4236864017961727e-06,0.9372574153213491,431.3775943797091,,,,[],[],14,936.7167177030924,43.46948084609224,1538.6665396297042,"[8, 27, 41, 52, 65, 82, 100, 111, 122, 133, 153, 175, 186, 199]","[1505.9685019034428, 1180.94392299329, 701.7402912482821, 1269.9873647229115, 993.0671061067112, 1538.6665396297042, 1085.4522153870369, 798.5671253709785, 43.46948084609224, 1059.4590294056186, 1169.085210988828, 950.9152981100859, 115.73029454040017, 700.981666589912]","[0, 13, 37, 42, 61, 42, 99, 107, 119, 126, 126, 164, 182, 188]","[42, 42, 42, 73, 73, 126, 126, 126, 123, 151, 164, 188, 188, 205]",75162692.91540433,1479.8526155038476,-1479.8526155038476,0.0,,,,SWT,mdp.39015067403892,37408079.915404335,,0.0,-7.0,18.0,0.0,11.0,,538.8526155038476,531.9042177030924,160.0340478432936,531.9042177030924,,0.0,531.9042177030924,,,40.46948084609224,0.0,15.5,598.6665396297042,538.8526155038476,,104.37759437970908,0.1528944416010924,,0.8578256783547547,0.4887361236901447,0.13171532565300545,0.8285714285714285,0.06566015523517807,,0.009594329886788378,0.24277614680844434,0.24277614680844434,0.24277614680844425,,0.144225792343962,0.03879765377958966,0.29316227385815397,,,,,,0.18126576019201734,0.3220338983050848,0.8299999999999998,0.37754249942253226,0.37754249942253226,1.1884658179228764,0.3995523862242492,87,1.6075237797288529,0.913510786943759,7,0,0.3042138288900187,0.5061265913869892,55,0.0,0.4961439083156058,0.859623279045548,7,39.191835884530846,0.6302656992025392,39.0,12.682695948504355,0.6311705854503262,54,bior,0.3321683876092137,0.4904554991310134,0.6203454789342464,1,40.75,0.19527753027567651,0.00713482298753737,,0.8578256783547545,0.48873612369014474,0.2819901342334366,0.8285714285714286,0.5670399619797726,,0.03040963367755154,0.46622415060779815,0.46622415060779815,0.46599774187709025,,0.144225792343962,0.03879765377958963,0.43781161805164515,,,,,0.8333333333333333,,0.45266679289879796,0.32203389830508466,0.7033898305084746,0.4616258110457847,0.4616258110457847,0.6271186440677965,1.7113573910146314,0.5616072924687587,89,1.8994389825167715,0.9769617152215843,4,60.10407640085654,0.7164902056563371,46.5,7.655913978494623,0.7485752915074139,48,0.5170065075921908,0.6634325577032603,0.4390656773744883,2,36.5,,,0.9476042051036364,0.6000000000000001,0.6607142857142858,,0.9510304608567082,1.0,False,False,0.0,0.0,0.001257157686274133,0.015039239126307995,,0.1548841884886094,0.34853103326264634,0.0002436148472161519,0.875794885671763,0.9510304608567084,0.007565072312000411,,0.0002666943155882782,0.0032994344651845024,0.0032994344651845024,0.0032994344651781794,,0.0,0.0008788895582729143,0.0007373776281075928,0.003714652426015026,,,,,0.43478260869565216,,1.1715038303849866e-05,0.3798449612403101,0.7286821705426356,0.002261343678601165,0.002261343678601165,0.6589147286821706,0.42317405650312034,0.13180770982141277,1690,1.00596292372806,0.48830376325926556,1983,207.18228688765842,0.9031858472487577,1836.5,1824.8135039477265,0.5225041385776499,1655,1104.4,1082.5,563.6960149978129,300,0.520820561188399,0.7876173146100969,0.3991404127850916,6,1242.75
sym20,,,,9.798037329969514,980026.2409663224,0.6504854368932039,139.93978099096086,206,raw,155.9811070644756,,7.299082096230971,123196.5890628194,1.0,2.8507419505233584e-06,0.6570062092911249,422.46104005678126,,,,[],[],12,1092.8965273873098,130.66547587591018,1722.9568349794858,"[7, 28, 47, 64, 81, 101, 116, 132, 145, 158, 175, 194]","[1410.3218227980185, 1067.815459930383, 1548.787650680995, 1384.4007205705138, 1722.9568349794858, 1168.9404353297466, 130.66547587591018, 1318.5888345370163, 191.25980324013187, 1297.4127604453877, 945.6358018574105, 927.9727284027176]","[1, 8, 41, 60, 76, 98, 114, 125, 143, 150, 171, 187]","[76, 41, 76, 76, 150, 150, 118, 150, 147, 187, 187, 205]",75541908.31935893,1507.8078465209023,-1507.8078465209023,0.0,,,,SWT,mdp.39015067403892,37787295.31935893,,0.0,5.5,20.0,0.0,-8.0,,566.8078465209023,688.0840273873098,160.75832864771655,688.0840273873099,,0.0,688.0840273873098,,,127.66547587591018,0.0,-17.0,782.9568349794858,566.8078465209023,,95.46104005678126,0.41185802002773386,,0.4721724100622144,0.47993720012647495,0.1445898224817516,0.4285714285714289,0.10371463083734267,,0.1456800554689723,0.5574764731590647,0.5574764731590647,0.557476473159065,,0.10995000959215576,0.038973963163241365,0.5512868187016946,,,,,,0.20980018927625305,0.5338983050847458,0.18,0.42247593505195685,0.42247593505195685,1.705104251665494,0.5732419580268242,26,1.2174663167520137,0.6918520441926187,42,0,0.3738932801531162,0.6220536788773386,21,0.0,0.3934874766005435,0.6817598467490408,48,12.816005617976296,0.8790942866228652,34.25,30.59894921190893,0.7779905395378477,22,sym,0.5948329919317754,0.9644551827563462,0.29428035082085335,3,17.25,0.441284427921367,0.012009604615639768,,0.4721724100622144,0.479937200126475,0.29263643033070696,0.42857142857142894,0.5846738746250159,,0.1636352527346428,0.6880600493236191,0.6880600493236191,0.6879277354911928,,0.10995000959215576,0.03897396316324134,0.6431127994116572,,,,,1.0,,0.47174238522670575,0.5338983050847457,0.15254237288135594,0.5004895116863511,0.5004895116863511,0.30508474576271183,2.030051326382495,0.6661914308304397,36,1.5037962229134256,0.7734659290474302,72,25.45584412271571,0.8799252635720957,54.0,48.0,0.81260414122001,30,0.7190889370932755,0.9859759878661594,0.20084494767485936,5,23.75,,,0.7135688240968573,1.0,0.3214285714285715,,0.732299076519565,1.0,False,False,0.0,0.0,0.0013233020858519726,0.017895985304217023,,0.14569563978530808,0.3478555292594048,0.00025281231720638707,0.58598295223921,0.7322990765195652,0.0076527569184545955,,0.0014350910042825046,0.004717038503146334,0.004717038503146334,0.004717038503140022,,0.0,0.0008038095898489828,0.0007407285161759479,0.004858151097471635,,,,,0.5217391304347826,,1.1833796684199363e-05,0.5736434108527132,0.22480620155038755,0.002378660330920171,0.002378660330920171,0.3643410852713178,0.3702434180550596,0.11532119292367222,1999,0.7976112551474032,0.38716792470147704,2037,26.870057685088806,0.9874438982779958,2018.0,2017.8211100099106,0.5222266220361942,1656,1409.1368421052632,1454.5,398.32527672708756,380,0.6645304607900322,0.5565550872278735,0.3678621512786154,7,1243.75
coif8,1.0,reflect,1.424416267066995e-26,315.71102949501136,5905748.6213427605,0.5158730158730159,92.36785288389666,206,smoothed,8.614468361945874e-14,-2.1661070714884587e-10,6.548020812999163,29742.805537180368,0.9792493453740205,0.0001496656645132027,1.0,362.4000000000001,,,,[],[],11,426.6,32.20000000000002,728.4000000000001,"[9, 31, 53, 64, 80, 102, 131, 148, 158, 175, 192]","[311.00000000000017, 417.79999999999995, 589.6000000000001, 432.2, 728.4000000000001, 371.0000000000002, 586.9999999999998, 32.20000000000002, 448.20000000000016, 367.99999999999994, 407.2]","[0, 0, 0, 60, 0, 94, 120, 144, 144, 165, 186]","[20, 40, 75, 75, 204, 120, 204, 149, 204, 186, 204]",30736475.84000001,728.4000000000001,-728.4000000000001,0.0,,,,DWT,mdp.39015067403892,1.4901161193847656e-08,,0.0,15.0,11.0,0.0,33.0,,1.1368683772161603e-13,168.4000000000001,987.7999999999984,168.40000000000006,,0.0,168.4000000000001,,,28.00000000000003,0.0,15.0,1.1368683772161603e-13,1.1368683772161603e-13,,1.1368683772161603e-13,1.4041088277902555e-13,3.6899072903441016e-26,0.9642909823103558,0.5967018322359311,0.4673814554460358,0.019240849804200363,0.010714483708423761,,0.9999996647345563,4.4059791007223055e-09,4.4059791007223055e-09,3.6787565615428943e-09,,1.2251610931599486e-12,0.9999999955939887,7.585973278963461e-14,,,,,,3.1786782849947497e-13,0.0,0.0,1.7477015598164352e-13,1.7477015598164352e-13,0.799999900965455,0.30073748691966234,765,1.1225983666322887,0.5699071145445257,151,0,0.166666639401769,0.23713383959279874,768,0.0,0.2940470862150125,0.5187786431442313,167,350.80324494888396,0.6322817138900587,462.75,262.8153117929409,0.5736094104041489,670,coif,0.5556920286951962,0.9053407607371553,0.33941335169221604,4,503.5,9.049745778645895e-14,0.9999999999705136,9.283235222594129e-27,0.9511224640404851,0.8657974607821132,0.0012243583215971105,0.015789473684211075,0.00010435812138465074,0.9999999997233644,2.0315811923854454e-05,4.745454029730922e-11,4.745454029730922e-11,3.9622027880881205e-11,,1.2251610931599486e-12,0.0031261328403480726,7.585973278963461e-14,,,,,0.0,,1.4749084227875944e-13,0.0,0.0,1.4238426238064856e-13,1.4238426238064856e-13,1.0,0.20156916120489174,0.0575122446850362,1749,1.7105419205789114,0.790758134150063,623,796.2022356160525,0.5827032308091968,1186.0,918.7411467116359,0.48055496970229233,1625,0.4784248188775415,0.776734912893196,0.43208215291776214,2,1219.25,,,,,,,,,,,,,6.076341425850133e-19,0.999999999971583,9.283235222594129e-27,0.9645461818598392,0.26764900588976664,0.0015477345821148076,0.011945029669289342,1.0,0.00010435812138465074,0.9999999999999541,9.960751159770467e-05,3.8435400695480126e-14,3.8435400695480126e-14,3.2091408523615694e-14,,0.0,9.572760819061336e-19,0.00456704015061846,7.054128794466933e-19,,,,,0.13043478260869565,,4.666576700876887e-21,0.7209302325581395,0.7209302325581395,4.770970844811595e-19,4.770970844811595e-19,1.0,0.3986733618839274,0.12417638082767558,1818,1.8181458344595702,0.8825449051646809,714,780.6458864299485,0.6352122026028277,1266.0,1025.3175355450237,0.5218117087780494,1657,986.6382352941176,846.0,585.0035688138154,340,0.4652856568234462,0.8173890317607586,0.42908333069536003,4,1243.75
bior4.4,,,,13.224088632710089,32384.127313574027,0.6796116504854369,26.901421666738177,206,smoothed,142.62175921591697,,7.203777887853031,89326.02254707417,1.0,6.712403834169847e-05,0.994623976103318,512.4419914575991,,,,[],[],11,587.7184158346855,50.79105821118273,1016.4488249952825,"[10, 28, 53, 65, 81, 102, 131, 148, 158, 175, 193]","[593.5938219869944, 422.5245630007447, 801.1819291897543, 571.9431105827629, 1016.4488249952825, 518.4373238690625, 824.159893379817, 50.79105821118273, 628.1617753494604, 496.3921948334229, 541.2680787830564]","[1, 20, 1, 60, 1, 94, 121, 144, 144, 166, 186]","[38, 38, 71, 71, 204, 121, 204, 149, 204, 186, 204]",60882164.87102787,1010.9075534205332,-1010.9075534205332,0.0,,,,SWT,mdp.39015067403892,30145689.031027876,,0.0,-7.5,11.0,0.0,10.5,,282.5075534205332,329.5184158346856,784.5025741815416,329.5184158346856,,0.0,329.5184158346856,,,46.59105821118274,0.0,24.0,288.04882499528253,282.5075534205332,,150.04199145759912,0.19229096675131438,,0.9826589106898265,0.19334104498305513,0.025024788843431803,0.5925925925925928,0.2343139052173103,,0.06325280742507203,0.5340560990442095,0.5340560990442095,0.5334651418885212,,0.3673246448950805,0.21027180726004896,0.3713722318701826,,,,,,0.367579858815217,0.19,0.8181818181818181,0.32261362415899963,0.32261362415899963,1.7975869471226495,0.5770591636051595,65,1.6235043006575,0.6188771515894366,30,0,0.3956525171161573,0.6523129092502994,36,0.0,0.45948433357834867,0.6082121825777286,38,15.542951242712348,0.8533683845027137,42.25,38.90614745132356,0.7273917394211682,34,bior,0.37456811101670917,0.7330437326379493,0.5178892024969188,1,25.75,0.019756394433110502,0.7456806349045739,,0.8570748600494104,0.34736635859292897,0.004267622943840671,0.6000000000000002,0.0344926867555615,,0.039762711577415746,0.1787578235865465,0.1787578235865465,0.17840948186412253,,0.31976254085109534,0.1908100505133424,0.09178046299403059,,,,,0.25,,0.08734827895766625,0.31355932203389825,0.847457627118644,0.10525180192328933,0.10525180192328933,0.6186440677966101,0.8994882480863486,0.29518040022940045,173,1.571811731566471,0.8084491786316327,49,87.68124086713189,0.5864092411927742,111.0,76.36936936936937,0.5314121677661984,162,0.5170065075921908,0.6634325577032603,0.4390656773744883,2,122.0,,,0.9958041031622753,0.75,0.55,0.45984835638698307,0.9958041031622749,1.0,False,False,0.0,0.0,0.00120996494389726,0.447845893119137,,0.1548662995424156,0.3376779054261032,3.686853493176665e-06,0.710188066567447,0.9958041031622751,0.004916981716015774,,0.00034872137107989107,0.001462430498187164,0.001462430498187164,0.0014624304981808295,,0.0,0.0012633969998851894,0.0036264837885799216,0.0017873076174281203,,,,,0.13043478260869565,,9.440685073734855e-06,0.37209302325581395,0.8604651162790697,0.0011855684684526546,0.0011855684684526546,0.6511627906976745,0.3109006309290566,0.09683745852337966,2030,1.0808409938624528,0.5246502752129201,1948,57.982756057296896,0.9729052541788332,1989.0,1988.1548516842636,0.5217330009211922,1658,1104.4,1082.5,563.6960149978129,300,0.520820561188399,0.7876173146100969,0.3991404127850916,6,1245.0
sym11,,,,10.400749716746374,976995.1364460894,0.6310679611650486,140.77224019780874,206,raw,154.11552245227114,,7.29258711601207,123196.58906353211,1.0,2.6987329469334858e-06,0.7224970783055675,441.56931669229834,,,,[],[],15,977.9383466015003,218.9632243365944,1448.6177927559063,"[8, 27, 41, 52, 65, 80, 91, 102, 112, 129, 141, 159, 176, 192, 202]","[1431.7180899067655, 1153.39531757393, 679.6151159426117, 1152.8229159768027, 1448.6177927559063, 1443.1317022273565, 1054.2181514117165, 1019.3426708025032, 763.9731302067871, 1075.135709517417, 399.5573253162822, 1120.870685054625, 948.0271968772203, 759.6861711159877, 218.9632243365944]","[0, 20, 40, 40, 40, 78, 85, 97, 107, 97, 140, 97, 172, 189, 201]","[78, 40, 42, 59, 78, 97, 97, 115, 115, 149, 149, 172, 205, 205, 205]",75406567.09319513,1366.0322113520324,-1366.0322113520324,0.0,,,,SWT,mdp.39015067403892,37651954.093195125,,0.0,-2.0,17.0,0.0,-11.0,,425.0322113520324,573.1258466015003,1715.0751990225035,573.1258466015004,,0.0,573.1258466015003,,,215.9632243365944,0.0,-15.5,508.6177927559063,425.0322113520324,,114.56931669229834,0.34989286241415474,,0.5398846110215152,0.4709024994766482,0.14347440726561916,0.3142857142857147,0.10371463086232613,,0.28348527418843655,0.32583720376108344,0.32583720376108344,0.3258372037610836,,0.18340339920884574,0.4173363990330625,0.16703630636532568,,,,,,0.19961630808400332,0.4067796610169492,0.21,0.19459492155595876,0.19459492155595876,1.2150826352826316,0.4085007402529516,83,1.2105910918455713,0.6879450462409251,44,0,0.26014772967659566,0.43281294659974384,76,0.0,0.3843449161458777,0.6659193664666292,53,18.49324200890693,0.825535452746161,64.0,59.87908786726694,0.6108809339202503,57,sym,0.5948329919317754,0.9644551827563462,0.29428035082085335,3,43.5,0.38241956252501136,0.010274442292577568,,0.5398846110215151,0.47090249947664825,0.2917140610280223,0.3142857142857147,0.5846738746365928,,0.298544226432337,0.5247748500336564,0.5247748500336564,0.5245732764271944,,0.18340339920884569,0.4173363990330625,0.337496438252888,,,,,0.75,,0.464934344127803,0.40677966101694907,0.17796610169491528,0.30339130706169043,0.30339130706169043,0.2542372881355932,1.7940640079123342,0.588748694626511,79,1.4959965261487214,0.7694542154837983,76,2.1213203435596424,0.9899937719643414,77.5,77.4709677419355,0.8122138671142461,31,0.7190889370932755,0.9859759878661594,0.20084494767485936,5,24.5,,,0.7682596876951647,0.4000000000000001,0.2678571428571429,,0.783413605673194,1.0,False,False,0.0,0.0,0.0013074749638682633,0.01687913599431486,,0.14730894610856815,0.3471619243641145,0.0002520154706877626,0.5031795426870521,0.7834136056731941,0.007652756918512161,,0.002618250814378597,0.0036735926082626623,0.0036735926082626623,0.0036735926082563427,,0.0,0.0009647068102855079,0.007931781797688341,0.0031559110000431217,,,,,0.3913043478260869,,1.1791412053601254e-05,0.45736434108527135,0.24806201550387585,0.0017836860705298552,0.0017836860705298552,0.317829457364341,0.30146754479221305,0.09389929759139848,2035,0.7852466829815004,0.38116604632476137,2045,7.0710678118654755,0.9966957627047358,2040.0,2039.9877450980393,0.5217123673336763,1659,1409.1368421052632,1454.5,398.32527672708756,380,0.6645304607900322,0.5565550872278735,0.3678621512786154,7,1246.0
rbio4.4,,,,13.01770083129915,39423.77051252033,0.6844660194174758,29.046604736684827,206,smoothed,143.31720890996445,,7.183569009659397,91678.18771735289,1.0,7.253520817125183e-05,0.9927455308897122,507.4912293745769,,,,[],[],11,607.7133247910189,46.42037688044047,1056.0247497180505,"[10, 25, 53, 65, 81, 102, 131, 148, 158, 175, 193]","[630.182200961192, 429.95910313729246, 807.8952082992862, 614.099238977733, 1056.0247497180505, 536.900902281571, 849.4686544593751, 46.42037688044047, 638.3509068751787, 515.1365960752473, 560.4086350358406]","[1, 20, 1, 60, 1, 94, 121, 144, 144, 166, 187]","[38, 38, 72, 72, 204, 121, 204, 149, 204, 187, 204]",61632999.63202864,1044.3995857312095,-1044.3995857312095,0.0,,,,SWT,mdp.39015067403892,30896523.792028643,,0.0,-12.0,11.0,0.0,15.0,,315.99958573120955,349.51332479101893,1004.4465727012093,349.5133247910189,,0.0,349.51332479101893,,,42.22037688044048,0.0,19.5,327.62474971805057,315.99958573120955,,145.09122937457693,0.40586975560974176,,0.9554455048288141,0.1352945547997414,0.0375862151999999,0.6296296296296299,0.4938645599472998,,0.05262988120841284,0.6189053846168746,0.6189053846168746,0.6184220419022407,,0.31494796446811874,0.309039994554058,0.5497658185031453,,,,,,0.5265200704600358,0.1,0.7272727272727272,0.4653306321684413,0.4653306321684413,2.119655257290649,0.6804491386974698,39,1.805912774022837,0.688410959646735,10,0,0.45047136879595806,0.7426928337397302,29,0.0,0.5303832286712722,0.702059934449912,11,14.174507634012077,0.8662782298678106,22.25,15.93416797412827,0.828186284745226,21,rbio,0.5815916171056358,0.9358444144197099,0.312132543700142,2,16.25,0.04169994626251165,0.8074484104322952,,0.8338880588631596,0.3192552391137701,0.006409796117091027,0.6285714285714288,0.07270040397362204,,0.03308480480210701,0.20715834864185045,0.20715834864185045,0.20682205341204413,,0.30073150717284947,0.24435032188335182,0.13586842803623764,,,,,0.25,,0.12511736127107242,0.2372881355932203,0.771186440677966,0.15181283076158494,0.15181283076158494,0.6949152542372881,0.9998565166103215,0.32811773513763165,159,1.596153796181782,0.8209693308542108,42,82.73149339882606,0.609757106609311,100.5,66.44776119402985,0.567850251417863,139,0.6261605206073753,0.9968249595590992,0.26264014770710753,4,105.25,,,0.9943380080549837,0.75,0.64,0.5910376012999675,0.9943380080549833,1.0,False,False,0.0,0.0,0.0012158649535077685,0.48404338259015744,,0.15431385238459172,0.33551978078661016,5.537504019410746e-06,0.7308889189554866,0.9943380080549834,0.0051069695375037145,,0.00029015572718270723,0.0016439191536829563,0.0016439191536829563,0.0016439191536766224,,0.0,0.0012217101500768598,0.00464405558648651,0.0020328713746311693,,,,,0.13043478260869565,,9.675822990593394e-06,0.3023255813953488,0.7906976744186046,0.0013261208075712777,0.0013261208075712777,0.7209302325581395,0.3117134638830902,0.09709063484289193,2029,1.098062303458359,0.5330096591281539,1938,64.34671708797582,0.9699314406130954,1983.5,1982.456264179481,0.5215311408672954,1660,818.67,599.5,715.6978453131971,300,0.38607403914171184,1.0,0.42974817260080167,3,1245.75
db3,,,,9.084218805875985,966926.1196445336,0.6553398058252428,157.18777977677397,206,raw,158.64297616753234,,7.32098909641206,123196.58906353096,1.0,2.463992793890949e-06,0.5483905145137159,452.98062565742754,,,,[],[],13,924.6734520806766,38.86233679230525,1608.1724293965608,"[8, 27, 39, 49, 65, 82, 103, 117, 133, 150, 160, 176, 193]","[1223.5632693196549, 994.5164909904171, 52.99271237565165, 1486.9908544240482, 1122.446642754842, 1608.1724293965608, 1072.1712581375614, 38.86233679230525, 1135.847933239126, 464.7722772155591, 1174.4352466997457, 1033.8772333444365, 612.1061923588886]","[0, 20, 38, 40, 62, 78, 97, 115, 97, 149, 97, 172, 189]","[40, 40, 40, 78, 78, 97, 126, 124, 149, 151, 172, 189, 204]",74583879.60924546,1302.5778816151137,-1302.5778816151137,0.0,,,,SWT,mdp.39015067403892,36829266.609245464,,0.0,-21.0,19.0,0.0,-16.5,,361.5778816151137,519.8609520806766,933.2451229512044,519.8609520806767,,0.0,519.8609520806766,,,35.86233679230525,0.0,-21.0,668.1724293965608,361.5778816151137,,125.98062565742754,0.5002716665804483,,0.3919779020144031,0.5104104551790262,0.13976911288300078,0.45714285714285746,0.10371463086228583,,0.002404016372883927,0.21850912004381604,0.21850912004381604,0.21850912004381617,,0.2272691721113626,0.2270179783449467,0.39051507328778723,,,,,,0.1377123943071763,0.08474576271186442,0.1,0.09260252382178652,0.09260252382178652,1.0980808792054086,0.3691657167898572,94,1.1838469356121453,0.6727470905310166,48,0,0.19866931080359332,0.33053007963874376,98,0.0,0.3894502018075382,0.6747648290983081,50,27.19681353884434,0.7434262873693931,72.5,64.85535093020118,0.5297320116092248,89,db,0.9380878725805777,0.8243093411562624,0.09604568684671688,4,67.75,0.5252744894972933,0.00759491503004639,,0.39197790201440297,0.5104104551790262,0.2886500452727168,0.45714285714285746,0.5846738746365742,,0.02337043860395814,0.44911804285786705,0.44911804285786705,0.4488843783246583,,0.22726917211136258,0.22701797834494666,0.5152418552409164,,,,,0.9166666666666666,,0.4235508694760853,0.08474576271186438,0.0847457627118644,0.21517632955930768,0.21517632955930768,0.16101694915254236,1.609576949243232,0.5282065319790866,101,1.470315042030712,0.7562451432238818,85,11.313708498984761,0.946633450476487,93.0,92.31182795698923,0.7539771025967341,43,0.9080317387829661,0.7281573716544635,0.1459305713555847,6,33.75,,,0.6228647879907452,0.8,0.16964285714285718,,0.64752634131556,1.0,False,False,0.0,0.0,0.0013458846729526264,0.01530886478017255,,0.14378493085706,0.3501949979035911,0.0002493684286835247,0.6066838046272496,0.6475263413155601,0.007652756918512069,,0.00020496015159437888,0.0031901208348816944,0.0031901208348816944,0.0031901208348753714,,0.0,0.0010607933349393835,0.004314641791505469,0.0041459279441097684,,,,,0.4782608695652174,,1.1533772115695769e-05,0.16279069767441867,0.16279069767441856,0.00151739424359628,0.00151739424359628,0.2325581395348837,0.27868011818359106,0.08680160701266651,2045,0.7712347276608396,0.3743645128364864,2048,2.1213203435596424,0.9990087288114208,2046.5,2046.4989005619352,0.5213501587982338,1661,1009.0473684210526,935.5,610.6543869996938,760,0.4758535102197843,0.8532293215616218,0.41093374637766444,5,1247.0
sym19,,,,10.374558874056605,981969.8813625027,0.6310679611650486,135.682098400546,206,raw,158.25904758310065,,7.296566127227564,123196.58906367178,1.0,2.7544508884178136e-06,0.7204320681956257,464.49822227831817,,,,[],[],15,976.683692391676,125.08696973186362,1523.3825606462522,"[8, 27, 41, 52, 65, 80, 91, 102, 112, 122, 133, 147, 159, 176, 200]","[1394.9362303857795, 1155.1956202834021, 667.6339850994127, 1509.9726512934712, 1123.4833070968734, 1523.3825606462522, 1029.3207430654081, 1061.106663587444, 748.7979007620957, 125.08696973186362, 1128.8093796199685, 201.75833961488547, 1223.6680237822322, 997.8162975130251, 759.2867133930242]","[0, 20, 40, 40, 59, 78, 85, 97, 107, 119, 97, 143, 97, 172, 188]","[78, 40, 42, 78, 78, 97, 97, 124, 124, 124, 149, 149, 172, 188, 205]",75457234.76786856,1327.160955028583,-1327.160955028583,0.0,,,,SWT,mdp.39015067403892,37702621.76786856,,0.0,-11.0,17.0,0.0,-6.5,,386.160955028583,571.871192391676,1696.2553858751398,571.871192391676,,0.0,571.871192391676,,,122.08696973186362,0.0,-11.0,583.3825606462522,386.160955028583,,137.49822227831817,0.4875195270682359,,0.5369421800338481,0.47643741628973935,0.14530506211077718,0.3142857142857147,0.10371463086722213,,0.13697374899219383,0.323309091516055,0.323309091516055,0.323309091516055,,0.27154352129414844,0.4127551514890309,0.2717549061450908,,,,,,0.20342884616857293,0.2542372881355932,0.3,0.13211577077451786,0.13211577077451786,1.2497244138767527,0.4201470199284781,80,1.2531066295802287,0.712105436788849,37,0,0.25553777093574115,0.42514326664976737,79,0.0,0.4043913923000825,0.7006520665485257,42,23.18764038591824,0.7812486756045449,59.5,52.635195065155706,0.6099639604437819,58,sym,0.5948329919317754,0.9644551827563462,0.29428035082085335,3,44.25,0.5131603756176342,0.010910455097733751,,0.536942180033848,0.4764374162897394,0.2932278827946282,0.3142857142857147,0.5846738746388616,,0.15511192624240838,0.5229927544812498,0.5229927544812498,0.5227904249732376,,0.2715435212941484,0.41275515148903086,0.4207851168176613,,,,,0.75,,0.46748306945961804,0.25423728813559315,0.2542372881355932,0.2493520158694397,0.2493520158694397,0.33050847457627114,1.8201397464738216,0.5973058347128128,74,1.5365238022593841,0.7902991057628584,57,12.020815280171307,0.9432980411312675,65.5,64.3969465648855,0.8171678884901621,29,0.7190889370932755,0.9859759878661594,0.20084494767485936,5,23.0,,,0.76653521544504,0.4000000000000001,0.34821428571428575,,0.781801899781127,1.0,False,False,0.0,0.0,0.0013426275253008491,0.017251855695184486,,0.14723883994674047,0.34758684662168354,0.0002533232804782955,0.5031795426870521,0.7818018997811271,0.0076527569185234415,,0.0013603409185207044,0.003662204434095407,0.003662204434095407,0.0036622044340890864,,0.0,0.001157774832421261,0.00784471185611448,0.0036198172116648805,,,,,0.3913043478260869,,1.1807279581443063e-05,0.3178294573643411,0.317829457364341,0.0016205593319055527,0.0016205593319055527,0.3875968992248062,0.3082763760371577,0.09602007139396265,2032,0.7848954136399519,0.38099553691795335,2046,9.899494936611665,0.9953740677866301,2039.0,2038.9759686120647,0.5212851647344365,1662,1409.1368421052632,1454.5,398.32527672708756,380,0.6645304607900322,0.5565550872278735,0.3678621512786154,7,1248.25
sym16,,,,9.836709075608747,979373.8436894953,0.6456310679611651,140.56369567584812,206,raw,155.97966159897467,,7.298084025714049,123196.58906344674,1.0,2.8621472966303015e-06,0.6617727996124438,420.8548931229525,,,,[],[],12,1088.4727386328273,124.31807207254244,1715.7964780918903,"[7, 28, 47, 64, 81, 101, 116, 132, 145, 158, 175, 194]","[1407.6740251397407, 1045.4340492608992, 1541.7880002629743, 1394.2489791650582, 1715.7964780918903, 1175.8342910577703, 124.31807207254244, 1309.9274642858404, 172.06992398391645, 1295.044738143179, 950.0775221744507, 929.459319955667]","[1, 8, 41, 60, 76, 98, 114, 125, 143, 150, 171, 187]","[76, 41, 76, 76, 150, 150, 122, 150, 147, 187, 187, 205]",75553187.48860136,1505.4863630103482,-1505.4863630103482,0.0,,,,SWT,mdp.39015067403892,37798574.48860136,,0.0,5.5,20.0,0.0,-8.0,,564.4863630103482,683.6602386328273,107.6728635939271,683.6602386328274,,0.0,683.6602386328273,,,121.31807207254244,0.0,-17.0,775.7964780918903,564.4863630103482,,93.85489312295249,0.4118100090734177,,0.4765170179873543,0.4785488558907883,0.14434974700936892,0.40000000000000036,0.10371463085933334,,0.13577373979645746,0.5485625951900961,0.5485625951900961,0.5485625951900963,,0.10377588207858976,0.026051536436835887,0.5412577292207759,,,,,,0.21064890125240382,0.5338983050847458,0.18,0.41874453215914526,0.41874453215914526,1.6784788397621735,0.5642907145836026,27,1.2094081124421623,0.6872727921446723,45,0,0.36906743434579736,0.6140248233255403,27,0.0,0.3903556605221493,0.6763336347940928,49,11.661903789690601,0.8899820397199,37.0,34.274611398963735,0.7704627179731576,26,sym,0.5948329919317754,0.9644551827563462,0.29428035082085335,3,20.25,0.441238819090982,0.012139795106853313,,0.47651701798735424,0.47854885589078844,0.29243790493599237,0.40000000000000036,0.584673874635206,,0.15393713757671812,0.6817765536780309,0.6817765536780309,0.6816415746102344,,0.10377588207858976,0.02605153643683586,0.6351360921998501,,,,,1.0,,0.4723097588935512,0.5338983050847457,0.15254237288135594,0.49726215720156275,0.49726215720156275,0.30508474576271183,2.0069420604970953,0.658607782719892,40,1.4956944535724834,0.7692988467960336,77,26.16295090390226,0.8765898542268762,58.5,52.649572649572654,0.8003232290002306,34,0.7190889370932755,0.9859759878661594,0.20084494767485936,5,26.75,,,0.7175493628347809,1.0,0.3214285714285715,,0.7360193206331183,1.0,False,False,0.0,0.0,0.0013232898229084125,0.017972280247570055,,0.14579915412007194,0.3477489443933928,0.0002526408086043811,0.5652820998511706,0.7360193206331184,0.007652756918505265,,0.0013500379512939597,0.004676884908298675,0.004676884908298675,0.0046768849082923615,,0.0,0.0007902853677438164,0.0004951283975954835,0.004813721961512087,,,,,0.5217391304347826,,1.1837328966530064e-05,0.5736434108527132,0.22480620155038755,0.002368918015655245,0.002368918015655245,0.3643410852713178,0.37002609200551284,0.11525350151292743,2000,0.7908506270553031,0.3838862529206379,2041,28.991378028648448,0.9864526270894166,2020.5,2020.292006928978,0.5211468742923718,1663,1409.1368421052632,1454.5,398.32527672708756,380,0.6645304607900322,0.5565550872278735,0.3678621512786154,7,1249.0
sym3,,,,9.084218805877917,966926.1196496725,0.6553398058252428,157.18777977419305,206,raw,158.64297616678553,,7.320989096411081,123196.58906408526,1.0,2.463992793871186e-06,0.548390514513269,452.98062565585695,,,,[],[],13,924.6734520829812,38.86233679217909,1608.1724294018386,"[8, 27, 39, 49, 65, 82, 103, 117, 133, 150, 160, 176, 193]","[1223.563269320005, 994.5164909942814, 52.99271237872844, 1486.990854425851, 1122.446642756453, 1608.1724294018386, 1072.171258140743, 38.86233679217909, 1135.8479332414422, 464.7722772157138, 1174.435246703726, 1033.8772333468419, 612.1061923609504]","[0, 20, 38, 40, 62, 78, 97, 115, 97, 149, 97, 172, 189]","[40, 40, 40, 78, 78, 97, 126, 124, 149, 151, 172, 189, 204]",74583879.60909393,1302.5778816161885,-1302.5778816161885,0.0,,,,SWT,mdp.39015067403892,36829266.609093934,,0.0,-21.0,19.0,0.0,-16.5,,361.5778816161885,519.8609520829812,933.2451229212456,519.860952082981,,0.0,519.8609520829812,,,35.86233679217909,0.0,-21.0,668.1724294018386,361.5778816161885,,125.98062565585695,0.500271666555643,,0.3919779020146201,0.5104104551776646,0.13976911288489183,0.45714285714285746,0.10371463088171629,,0.002404016372687015,0.21850912004845968,0.21850912004845968,0.21850912004845935,,0.22726917210532518,0.22701797833765391,0.39051507329517954,,,,,,0.1377123942957743,0.08474576271186442,0.1,0.09260252382351408,0.09260252382351408,1.0980808792015497,0.36916571678855986,95,1.1838469356127215,0.672747090531344,47,0,0.19866931080358322,0.33053007963872694,99,0.0,0.3894502018068237,0.6747648290970703,51,27.80887148615228,0.7376521557910163,73.0,65.02821069756574,0.5244864552539987,90,sym,0.5948329919317754,0.9644551827563462,0.29428035082085335,3,68.25,0.5252744894737292,0.007594915029820848,,0.3919779020146201,0.5104104551776647,0.2886500452742806,0.45714285714285746,0.584673874645578,,0.023370438603765392,0.44911804286114043,0.44911804286114043,0.4488843783279327,,0.22726917210532516,0.22701797833765391,0.5152418552467959,,,,,0.9166666666666666,,0.4235508694684629,0.08474576271186438,0.0847457627118644,0.21517632956080188,0.21517632956080188,0.16101694915254236,1.6095769492391818,0.5282065319777576,102,1.4703150420272684,0.7562451432221106,86,11.313708498984761,0.946633450476487,94.0,93.31914893617021,0.7516186120306962,46,0.7190889370932755,0.9859759878661594,0.20084494767485936,5,35.75,,,0.6228647879903719,0.8,0.16964285714285718,,0.6475263413152111,1.0,False,False,0.0,0.0,0.0013458846729462904,0.01530886478004035,,0.14378493085706523,0.3501949979034866,0.0002493684286848758,0.6066838046272496,0.6475263413152113,0.00765275691855684,,0.0002049601515926885,0.0031901208349026117,0.0031901208349026117,0.003190120834896287,,0.0,0.0010607933349261586,0.0043146417913668645,0.004145927944142516,,,,,0.4782608695652174,,1.1533772115648315e-05,0.16279069767441867,0.16279069767441856,0.0015173942436007902,0.0015173942436007902,0.2325581395348837,0.2786801181835516,0.08680160701265421,2046,0.7712347276606281,0.3743645128363838,2049,2.1213203435596424,0.9990087288114208,2047.5,2047.4989010989011,0.5211165139384206,1664,1409.1368421052632,1454.5,398.32527672708756,380,0.6645304607900322,0.5565550872278735,0.3678621512786154,7,1249.75
coif2,,,,9.735562537865079,967725.5249512974,0.6747572815533981,161.83856510558252,206,raw,165.8277316290857,,7.3103158938545025,123196.58906353099,1.0,3.1740273670563674e-06,0.6537842905825796,475.10491634815025,,,,[],[],12,1181.513266350502,650.0166420491258,1653.2299658122934,"[7, 18, 28, 48, 64, 81, 102, 112, 132, 154, 176, 194]","[1428.5647871637095, 650.0166420491258, 1090.3440118822964, 1469.1684273522383, 1306.0324777845237, 1653.2299658122934, 1026.293182889075, 1014.0654864251758, 1203.4475287903938, 1354.3434789523437, 1061.1003660692477, 921.5528410356023]","[6, 15, 21, 41, 61, 77, 98, 109, 125, 125, 173, 188]","[41, 21, 41, 77, 77, 125, 125, 125, 150, 173, 188, 205]",75835469.93468787,1379.6369705636748,-1379.6369705636748,0.0,,,,SWT,mdp.39015067403892,38080856.93468787,,0.0,-21.5,20.0,0.0,-21.5,,438.6369705636748,776.7007663505019,1224.159196206023,776.7007663505021,,0.0,776.7007663505019,,,647.0166420491258,0.0,-26.0,713.2299658122934,438.6369705636748,,148.10491634815025,0.7389124131205386,,0.4651536300094457,0.49556372942582366,0.14006328579491106,0.5714285714285716,0.10371463086228686,,0.9562250840160592,0.7360380729473532,0.7360380729473532,0.7360380729473539,,0.31231630509445624,0.29783427036586757,0.4536245064622672,,,,,,0.23188951636345176,0.07627118644067796,0.0,0.2164623342028874,0.2164623342028874,2.107417570897109,0.7084963711404719,11,1.3729879814238408,0.7802306548686784,34,0,0.40330379325651716,0.6709845338692996,15,0.0,0.460816355432833,0.798414451645361,22,10.082988974836116,0.9048774625015461,20.5,17.208588957055213,0.8557406180432259,9,coif,1.0,1.0,0.0,5,8.0,0.7519753640560282,0.01569986414708846,,0.46515363000944565,0.4955637294258237,0.28889330541450353,0.5714285714285716,0.5846738746365746,,0.9571450991190795,0.813930185603799,0.813930185603799,0.8138512614064074,,0.3123163050944562,0.29783427036586757,0.5654363890212466,,,,,1.0,,0.4865093531260566,0.07627118644067796,0.0,0.32230480804351724,0.32230480804351724,0.07627118644067796,2.402508457473348,0.7884187587111461,14,1.6559780114304192,0.8517394521790097,38,16.97056274847714,0.9199501757147305,26.0,20.461538461538463,0.8986543331403841,12,1.0,0.7220099692676862,0.08339700921969413,7,10.75,,,0.7108782273882531,1.0,0.08035714285714288,,0.7297844227939863,1.0,False,False,0.0,0.0,0.001406838220901737,0.020058571367802827,,0.1455284108061834,0.3490551968121569,0.00024957858419990923,0.6894872141794075,0.7297844227939864,0.00765275691851207,,0.008394220063120163,0.005521389892991353,0.005521389892991353,0.005521389892985046,,0.0,0.001247086266749382,0.005660556926951929,0.004425504429310507,,,,,0.5217391304347826,,1.1925730982241278e-05,0.15503875968992253,0.0852713178294573,0.0018407796715572383,0.0018407796715572383,0.15503875968992253,0.27763077733208186,0.08647476463579112,2047,0.8391788146152621,0.4073452048366501,2028,13.435028842544403,0.9937219491389979,2037.5,2037.4557055214725,0.5208095727003401,1665,986.6382352941176,846.0,585.0035688138154,340,0.4652856568234462,0.8173890317607586,0.42908333069536003,4,1249.75
sym14,1.0,antisymmetric,3.4221379721089824e-21,264.12881731620894,6570616.915957844,0.6551724137931034,319.9585633942763,206,raw,4.543224049396405e-11,,6.4866427312674055,112336.77039933491,0.859973061184664,5.6189438836927245e-06,0.9999999999999999,327.0000000000741,,,,[],[],13,661.1538461536998,86.9999999999817,939.9999999997809,"[8, 32, 51, 63, 81, 100, 111, 133, 152, 162, 175, 192, 204]","[877.9999999999144, 637.9999999998067, 786.9999999997985, 791.9999999998113, 939.9999999997809, 787.9999999998262, 636.9999999998422, 674.9999999999168, 770.9999999998319, 195.9999999999108, 833.9999999997879, 571.9999999998881, 86.9999999999817]","[0, 13, 39, 39, 76, 99, 107, 107, 107, 161, 99, 187, 203]","[76, 39, 61, 76, 205, 164, 119, 142, 164, 164, 205, 205, 205]",37754612.99999489,940.9999999998647,-940.9999999998647,0.0,,,,DWT,mdp.39015067403892,5.111098289489746e-06,,0.0,33.0,19.0,0.0,28.5,,1.3528733688872308e-10,256.34134615369976,4359.000000001903,256.3413461537134,,0.0,256.34134615369976,,,83.9999999999817,0.0,19.5,2.190745362895541e-10,1.3528733688872308e-10,,7.412381819449365e-11,5.738607621730379e-11,2.421730632732257e-21,0.7607724234596641,0.8445944125539626,0.0009393075181670348,0.7352216748768472,0.004420350137319751,,0.4742280245903376,6.582575774149812e-09,6.582575774149812e-09,5.979173732161633e-09,,3.728495171374028e-09,0.9999999934173632,2.623218111071234e-10,,,,,,5.0589358901614487e-11,1.0,0.0,1.694372722329718e-10,1.694372722329718e-10,0.7422684119175584,0.24267159434901442,666,1.1750871241347458,0.5643983251598949,852,0,0.20618567012769218,0.24635434524245414,657,0.125,0.328885452657621,0.597370005208269,843,107.51278993682565,0.8873031552024888,754.5,743.0082840624221,0.5482113260289174,709,sym,0.8243425715244881,0.7368036147090654,0.2019191155201387,6,533.25,5.738607621730379e-11,0.0001547883299831132,2.4217306327322573e-21,0.760772423459664,0.8445944125539626,0.0019718162147232166,0.8009981851179673,0.006775593479551616,,0.9919828214558775,0.9855281704436059,0.9855281704436059,0.9855281704436466,,7.988050327402866e-10,0.9999999999673228,1.461817050856259e-10,,,,,1.0,,5.0589358901614487e-11,1.0,0.25,1.694372722329718e-10,1.694372722329718e-10,0.0,2.2095702003852455,0.6304403970017451,659,1.2029025164153597,0.5560839743249917,1717,748.1189744953673,0.6079041014175224,1188.0,952.4436026936028,0.49263129599178007,1571,0.7763846615972358,0.5622554397616224,0.28785410495344815,6,1179.75,,,,,,,,,,,,,3.853118095416503e-16,0.036413600438434224,2.4217306327322573e-21,0.8264738427117584,0.2610943842407602,0.001722521687729754,0.60596998213111,0.9999999999999999,0.006775593479551615,,0.0008499884728388769,0.0007982210227387971,0.0007982210227387971,0.0007982210227325821,,0.0,6.241440054027993e-16,0.020163910573058625,1.3593306186937781e-15,,,,,0.4782608695652174,,1.6006358084007722e-18,1.0,0.7906976744186046,5.677455305325797e-16,5.677455305325797e-16,0.9302325581395349,0.5674759776446996,0.1767540042745119,681,1.283315068967095,0.6229330752088004,1816,802.5661966467314,0.6249690669875086,1248.5,990.5454545454545,0.5207789260171188,1666,1409.1368421052632,1454.5,398.32527672708756,380,0.6645304607900322,0.5565550872278735,0.3678621512786154,7,1251.25
db4,,,,8.069201347851456,962781.0999227669,0.6747572815533981,158.99449089467316,206,raw,166.7829145379951,,7.322767874432978,123196.58906353096,1.0,3.192462493675283e-06,0.4094194024121536,513.9682628561447,,,,[],[],12,1135.3555008211085,655.1754333542654,1694.460733086488,"[12, 29, 48, 65, 83, 103, 113, 132, 149, 159, 177, 195]","[987.7948937775512, 1294.1911855300662, 1694.460733086488, 1235.6868686902271, 1541.8075208111152, 1111.4800598351717, 865.6222162897225, 1100.2473047324138, 655.1754333542654, 1264.6197377198496, 1097.1992310703645, 775.980824956066]","[6, 6, 6, 63, 6, 96, 110, 110, 148, 110, 173, 189]","[21, 39, 77, 77, 110, 110, 123, 148, 152, 173, 189, 205]",75868831.91528642,1364.9008943724166,-1364.9008943724166,0.0,,,,SWT,mdp.39015067403892,38114218.91528642,,0.0,-12.5,20.0,0.0,-26.0,,423.9008943724166,730.5430008211085,670.2660098533015,730.5430008211084,,0.0,730.5430008211085,,,652.1754333542654,0.0,-26.0,754.4607330864881,423.9008943724166,,186.96826285614475,0.7706386929757472,,0.27794496092537113,0.5128847855695521,0.13824378835592963,0.5714285714285716,0.10371463086228583,,0.9642763466646121,0.6430307635833221,0.6430307635833221,0.6430307635833219,,0.46170939727704163,0.16300180525238075,0.511374009853109,,,,,,0.2343998707941306,0.2288135593220339,0.0,0.19277651559647913,0.19277651559647913,2.0532450949834997,0.6902840324324159,13,1.196304633510135,0.6798264516912103,46,0,0.3918813540737488,0.6519807948545627,18,0.0,0.4116666618678885,0.713257262293143,41,16.421530582338136,0.8450799001666214,29.5,22.395412564701104,0.7833890066870843,18,db,0.9380878725805777,0.8243093411562624,0.09604568684671688,4,14.5,0.7821142883342536,0.0159102986369844,,0.27794496092537113,0.5128847855695522,0.28738871003176436,0.5714285714285716,0.5846738746365742,,0.9650271488047162,0.748368257851227,0.748368257851227,0.7482615246158986,,0.4617093972770416,0.16300180525238073,0.6113678647601395,,,,,1.0,,0.48818755378592693,0.22881355932203384,0.0,0.3018185364986944,0.3018185364986944,0.0,2.368749637806346,0.7773403016865233,15,1.4843767628803932,0.7634776803291639,79,45.254833995939045,0.7865338019059479,47.0,25.21276595744681,0.7824178443492004,41,0.9080317387829661,0.7281573716544635,0.1459305713555847,6,32.25,,,0.5068112029577612,1.0,0.0,,0.5390617100177064,1.0,False,False,0.0,0.0,0.0014149417377924559,0.020181891337921046,,0.1410679897103756,0.3503849552400821,0.0002482787451992131,0.6894872141794075,0.5390617100177066,0.007652756918512069,,0.00846334611273435,0.005102427704920664,0.005102427704920664,0.005102427704914351,,0.0,0.0015743268939012421,0.003097967862105282,0.004681336281507026,,,,,0.5217391304347826,,1.1936178909039131e-05,0.2945736434108528,0.0852713178294573,0.001778938396626563,0.001778938396626563,0.0852713178294574,0.27625995959894445,0.08604779057343839,2048,0.7609171331878305,0.3693562564782081,2051,2.1213203435596424,0.9990087288114208,2049.5,2049.4989021712613,0.5206492242187946,1667,1009.0473684210526,935.5,610.6543869996938,760,0.4758535102197843,0.8532293215616218,0.41093374637766444,5,1251.5
sym5,1.0,smooth,2.307563152158335e-21,265.8402565145404,6366218.327300094,0.6542056074766355,310.07327457271447,206,raw,3.818064742468222e-11,,6.318147930640953,88745.44547077159,0.8427524654544273,5.618943883691705e-06,1.0,327.0000000000802,,,,[],[],13,661.1538461537673,86.99999999996837,939.9999999999015,"[8, 32, 51, 63, 81, 100, 111, 133, 152, 162, 175, 192, 204]","[877.9999999999992, 637.9999999998365, 786.9999999998358, 791.9999999999402, 939.9999999999015, 787.9999999999354, 636.9999999998969, 674.9999999999363, 770.9999999999488, 195.99999999990348, 833.9999999998744, 571.9999999999959, 86.99999999996837]","[0, 13, 39, 39, 76, 99, 107, 107, 107, 161, 99, 187, 203]","[76, 39, 61, 76, 205, 164, 119, 142, 164, 164, 205, 205, 205]",37754612.9999976,940.9999999999696,-940.9999999999696,0.0,,,,DWT,mdp.39015067403892,2.3990869522094727e-06,,0.0,33.0,19.0,0.0,28.5,,3.035438567167148e-11,256.3413461537673,4359.000000001026,256.34134615377326,,0.0,256.3413461537673,,,83.99999999996837,0.0,19.5,9.845280146691948e-11,3.035438567167148e-11,,8.020606401260011e-11,4.8223562567380595e-11,1.6329836873650488e-21,0.76708802155237,0.7863879114207287,0.0007092809139042294,0.7279706275033375,0.002510325768345497,,0.47422802457485275,6.634869444287231e-09,6.634869444287231e-09,6.025524939811898e-09,,4.034437643258247e-09,0.9999999933651373,1.1788826591529258e-10,,,,,,2.374602560688027e-11,1.0,0.0,3.801659805563317e-11,3.801659805563317e-11,0.7422684119468463,0.2426715943585896,664,1.1459937904218789,0.5504246984528958,869,0,0.20618567012394654,0.2463543452379788,673,0.125,0.3201308810295585,0.5814686679591079,865,114.67453945841683,0.8797960802322675,767.75,754.8985060524565,0.5375133440993622,743,sym,0.8243425715244881,0.7368036147090654,0.2019191155201387,6,558.75,4.8223562567380595e-11,0.0001547883299760633,1.632983687365049e-21,0.76708802155237,0.7863879114207288,0.0017420273382292325,0.7955484505656663,0.00487008765631014,,0.9919828214556413,0.9855281704443626,0.9855281704443626,0.9855281704443175,,8.643511512243438e-10,0.9999999999670635,6.569452859582357e-11,,,,,1.0,,2.3746025606880267e-11,1.0,0.25,3.801659805563317e-11,3.801659805563317e-11,0.0,2.2095702003122395,0.6304403969809148,672,1.1745316341131513,0.5429685366478533,1766,773.574818618083,0.5945624640366441,1219.0,973.5455291222313,0.47783678757387765,1633,0.7763846615972358,0.5622554397616224,0.28785410495344815,6,1226.25,,,,,,,,,,,,,3.2379122916543985e-16,0.0364136004384274,1.632983687365049e-21,0.8310549260628219,0.24310066992499113,0.0016687873797583514,0.6018471568730344,1.0,0.00487008765631014,,0.0008499884728386983,0.00079822102273941,0.00079822102273941,0.0007982210227331254,,0.0,6.753582757847775e-16,0.02016391057305457,6.108875536008364e-16,,,,,0.4782608695652174,,7.513188488411789e-19,1.0,0.7906976744186046,1.273849215564696e-16,1.273849215564696e-16,0.9302325581395349,0.5674759776446975,0.17675400427451124,710,1.274628662233334,0.6187166125567011,1824,787.7169542418139,0.6319079653075637,1267.0,1022.1310181531177,0.5199259452706042,1668,1409.1368421052632,1454.5,398.32527672708756,380,0.6645304607900322,0.5565550872278735,0.3678621512786154,7,1252.75
coif1,,,,13.331544451559893,982720.01802826,0.6990291262135923,167.0032351010423,206,raw,147.7060034736631,,7.318039254237378,123196.58906353096,1.0,2.464266414794757e-06,0.9321798815066665,426.81324102515987,,,,[],[],12,1061.8882329049816,678.0651191413191,1554.390623363329,"[8, 27, 41, 52, 65, 82, 100, 111, 133, 153, 176, 195]","[1522.0252420246036, 1073.6614437229794, 678.0651191413191, 1258.4218425517736, 1024.2091564666425, 1554.390623363329, 1073.960479434659, 730.9817049559501, 1102.9732004555158, 1089.6257843733645, 930.6694399172995, 703.6747584523432]","[0, 13, 39, 42, 61, 42, 99, 107, 126, 126, 164, 188]","[42, 42, 42, 73, 73, 126, 126, 126, 151, 164, 188, 205]",73993386.23437314,1484.5187864048644,-1484.5187864048644,0.0,,,,SWT,mdp.39015067403892,36238773.23437314,,0.0,-12.5,20.0,0.0,-3.5,,543.5187864048644,657.0757329049816,211.34120514022106,657.0757329049816,,0.0,657.0757329049816,,,675.0651191413191,0.0,10.0,614.390623363329,543.5187864048644,,99.81324102515987,0.13700149788506794,,0.8691470692155676,0.5063071415253644,0.14558110467070193,0.7142857142857144,0.10371463086228583,,0.9999999999999999,0.49499515490867535,0.49499515490867535,0.4949951549086754,,0.1266801375633117,0.05128719267762699,0.3151860703316477,,,,,,0.09328015037854402,0.2288135593220339,0.72,0.38504260162840637,0.38504260162840637,1.767967954334082,0.5943762153435593,24,1.5930785520995026,0.9053019682465355,10,0,0.41280689950278127,0.6867950405433697,13,0.0,0.4884858797947462,0.8463549117880022,10,6.652067347825035,0.937244647662028,14.25,12.55533199195171,0.9014053426989386,4,coif,1.0,1.0,0.0,5,4.25,0.18017975551603285,0.007598038375847493,,0.8691470692155676,0.5063071415253644,0.2934561504207342,0.7142857142857144,0.5846738746365742,,1.0,0.6440162456588536,0.6440162456588536,0.6438652500114019,,0.12668013756331167,0.051287192677626964,0.4553284002576201,,,,,1.0,,0.39384740602515544,0.22881355932203384,0.6101694915254238,0.46811277833016185,0.46811277833016185,0.3813559322033898,2.140555493518078,0.7024550110956558,26,1.8761140734553934,0.9649647290726543,9,12.020815280171307,0.9432980411312675,17.5,13.371428571428572,0.9303754356599734,3,1.0,0.7220099692676862,0.08339700921969413,7,4.0,,,0.9433640001185206,1.0,0.40178571428571436,,0.9470675305413097,1.0,False,False,0.0,0.0,0.0012530983153540693,0.015310695140352812,,0.15515393118202492,0.3498799815519264,0.00025352048377056454,0.7929914761196051,0.9470675305413099,0.007652756918512069,,0.008770060120295126,0.004435584174591725,0.004435584174591725,0.00443558417458541,,0.0,0.0008404563818098906,0.0009747503986651039,0.0038122184363420793,,,,,0.5217391304347826,,1.1348848096060367e-05,0.2945736434108528,0.6434108527131783,0.0022809256863091923,0.0022809256863091923,0.43410852713178294,0.39967060831287216,0.12448699714714702,1695,0.9722129531955463,0.47192121353283967,1993,210.71782079359116,0.9015337286011256,1844.0,1831.9604121475054,0.5199257428052357,1669,986.6382352941176,846.0,585.0035688138154,340,0.4652856568234462,0.8173890317607586,0.42908333069536003,4,1252.75
coif1,,,,13.305050208812538,44623.793039635,0.6504854368932039,30.353331549631896,206,smoothed,142.34620486777683,,7.2020042197605765,90447.61084362333,1.0,6.993632235661966e-05,0.9928099020527801,502.33557068507616,,,,[],[],10,629.504727497223,420.0209408373887,998.4440169483448,"[10, 28, 53, 65, 81, 102, 131, 157, 175, 193]","[590.6883454656997, 420.0209408373887, 784.3485868391653, 552.8331908615176, 998.4440169483448, 499.0134621572695, 826.9200167050934, 607.3672702000657, 480.86690665182266, 534.544538305863]","[1, 20, 1, 60, 1, 94, 121, 144, 166, 186]","[40, 40, 71, 71, 204, 121, 204, 204, 186, 204]",60413152.09946393,994.6668896811778,-994.6668896811778,0.0,,,,SWT,mdp.39015067403892,29676676.259463936,,0.0,-8.0,12.0,0.0,1.0,,266.2668896811779,371.3047274972231,614.6472749722316,371.304727497223,,0.0,371.3047274972231,,,415.8209408373887,0.0,19.0,270.04401694834485,266.2668896811779,,139.9355706850762,0.10766577467174912,,0.9933341551304431,0.188246491661954,0.046865051950791915,0.3703703703703708,0.35807603739459,,0.9606647904345514,0.7113781713290143,0.7113781713290143,0.7110121119502106,,0.2604035765451942,0.1339964820950165,0.29021323668229726,,,,,,0.26829704314331515,0.18,0.7171717171717171,0.2534085393356052,0.2534085393356052,2.0678657301971626,0.6638237280401933,43,1.5933988023994061,0.6074009854951402,36,0,0.45408882529010286,0.7486569397865753,27,0.0,0.4483719922891635,0.593502951260941,41,7.135591542869215,0.9326830986521772,36.75,35.56792602624574,0.7929924927223151,26,coif,1.0,0.7144143715238808,0.08567568854283576,5,20.75,0.011061817137319761,0.7777824785401466,,0.8661705525078771,0.3448991362570023,0.007992170172575835,0.42857142857142894,0.05271135992151044,,0.6039042145263976,0.23811059153024527,0.23811059153024527,0.23778742514100537,,0.28091283834812303,0.14946271267048966,0.0717229317215303,,,,,0.3333333333333333,,0.06375562862322187,0.30508474576271183,0.7627118644067797,0.08267383455162475,0.08267383455162475,0.45762711864406774,1.0430088543997964,0.34227881435865637,152,1.523069688288872,0.7833790865453935,66,60.81118318204309,0.7131547963111176,109.0,92.03669724770643,0.5995019264574455,114,1.0,0.7220099692676862,0.08339700921969413,7,87.25,,,0.9943882486723523,1.0,0.36,0.5280298084610571,0.9943882486723519,1.0,False,False,0.0,0.0,0.0012076272143444835,0.4666583910125974,,0.1550830128961358,0.33748849378356016,6.904537000240567e-06,0.58598295223921,0.994388248672352,0.0050075740433575214,,0.005296276268296112,0.0018417141217497485,0.0018417141217497485,0.001841714121743415,,0.0,0.0011782980115317115,0.0028406475604324027,0.0016755899925666065,,,,,0.17391304347826086,,9.293804971995023e-06,0.3643410852713178,0.7829457364341085,0.0011174130559583894,0.0011174130559583894,0.5038759689922481,0.2916143988574931,0.09083029896014135,2042,1.0363088223480121,0.5030339448058098,1969,51.61879502661797,0.975879067744571,2005.5,2004.8357018199954,0.5193647675171453,1670,986.6382352941176,846.0,585.0035688138154,340,0.4652856568234462,0.8173890317607586,0.42908333069536003,4,1253.5
db29,1.0,reflect,1.2579206630029214e-26,316.25086623205334,6214776.218079344,0.5267175572519084,107.36196038988899,206,smoothed,7.70818145019361e-14,-1.9949646379302567e-10,6.589815548220299,30957.684240524963,0.9813804604145077,0.0001496656645132028,0.9999999999999999,362.4,,,,[],[],11,426.59999999999997,32.20000000000016,728.3999999999997,"[9, 31, 53, 64, 80, 102, 131, 148, 158, 175, 192]","[311.0000000000002, 417.7999999999999, 589.6, 432.19999999999976, 728.3999999999997, 371.0, 586.9999999999999, 32.20000000000016, 448.1999999999998, 367.9999999999999, 407.1999999999998]","[0, 0, 0, 60, 0, 94, 120, 144, 144, 165, 186]","[20, 40, 75, 75, 204, 120, 204, 149, 204, 186, 204]",30736475.83999999,728.3999999999997,-728.3999999999997,0.0,,,,DWT,mdp.39015067403892,7.450580596923828e-09,,0.0,15.0,11.0,0.0,33.0,,2.2737367544323206e-13,168.40000000000003,987.7999999999993,168.39999999999995,,0.0,168.40000000000003,,,28.00000000000017,0.0,15.0,2.2737367544323206e-13,2.2737367544323206e-13,,0.0,1.2050102878539957e-13,3.2026413132669214e-26,0.9663420449675778,0.6569867280788756,0.6000021544985767,0.09373182430061167,0.020789270482740166,,0.9999996648584625,4.4059199552998455e-09,4.4059199552998455e-09,3.6786382706978885e-09,,0.0,0.9999999955940747,1.5171946557926922e-13,,,,,,1.5893391424973748e-13,0.0,0.0,3.4954031196328703e-13,3.4954031196328703e-13,0.7999999010020148,0.30073748693340596,691,1.2541081061826498,0.6366703830734902,111,0,0.16666663941200205,0.23713383960735834,689,0.0,0.33397886033264323,0.5892291001160738,114,333.4230295985367,0.6504999689742802,401.25,193.42831510057064,0.6149512423487753,525,db,0.573477938514061,0.8443824841957417,0.34525069778143475,3,394.5,7.904636542600575e-14,0.999999999970514,8.105002081382299e-27,0.953114583813223,0.8802354451826261,0.0015717731678837373,0.07691844114102064,0.00020248565134598547,0.9999999997236223,2.0315811926352456e-05,4.745387416349445e-11,4.745387416349445e-11,3.9620695613251655e-11,,0.0,0.0031261328403482946,1.5171946557926922e-13,,,,,0.0,,7.374542113937972e-14,0.0,0.0,2.847685247612971e-13,2.847685247612971e-13,1.0,0.20156916120433724,0.057512244684877985,1853,1.7436207300607622,0.8060499766656332,299,1098.8439379638949,0.4240859863920886,1076.0,514.9135687732343,0.43007234330086613,1838,0.49117026184683504,0.8233619396015222,0.4091722348267588,4,1379.5,,,,,,,,,,,,,5.307471795885024e-19,0.9999999999715835,8.105002081382299e-27,0.9659911862110113,0.27211230400149644,0.0016289747910798044,0.05819022723117978,0.9999999999999999,0.00020248565134598547,0.9999999999999541,9.960751159770662e-05,3.8434858594393884e-14,3.8434858594393884e-14,3.209043274166046e-14,,0.0,0.0,0.004567040150618464,1.4108257588933865e-18,,,,,0.13043478260869565,,2.3332883504384434e-21,0.7209302325581395,0.7209302325581395,9.54194168962319e-19,9.54194168962319e-19,1.0,0.3986733618839274,0.12417638082767558,1778,1.8398224362673616,0.8930669293742715,427,955.3012613830257,0.5535975414098011,1102.5,688.6222222222223,0.5192053127609753,1671,1009.0473684210526,935.5,610.6543869996938,760,0.4758535102197843,0.8532293215616218,0.41093374637766444,5,1254.5
bior3.5,,,,8.827920643278604,587108.1077318155,0.6407766990291263,114.13981543857871,206,raw,164.66992128775416,,7.019105395568819,139489.38614178397,1.0,2.6733101260637066e-06,0.6320987305209996,422.07231390383663,,,,[],[],14,1058.5019571929352,82.963512811403,1808.1825249285625,"[7, 22, 32, 47, 64, 81, 101, 115, 132, 148, 158, 174, 191, 201]","[1224.534930455668, 794.5200948748702, 1251.5237599829088, 1473.7293038349173, 1531.3861278602612, 1808.1825249285625, 1408.628523656067, 236.04660666656244, 1198.6288581871183, 217.0154905635339, 1372.2788156856961, 1311.735559682462, 907.8532915110627, 82.963512811403]","[3, 19, 19, 38, 60, 76, 95, 113, 125, 141, 150, 171, 187, 200]","[76, 24, 38, 76, 76, 150, 150, 125, 150, 150, 187, 187, 204, 204]",82221858.39624023,1539.2278315781855,-1539.2278315781855,0.0,,,,SWT,mdp.39015067403892,44467245.396240234,,0.0,-2.5,18.0,0.0,-11.5,,598.2278315781855,653.6894571929352,1865.0274007010921,653.6894571929352,,0.0,653.6894571929352,,,79.963512811403,0.0,-11.5,868.1825249285625,598.2278315781855,,95.07231390383663,0.7004558886520696,,0.36318388172870675,0.09048171386529885,0.0,0.3714285714285718,0.6748459564272926,,0.07123218371628329,0.4881718524994275,0.4881718524994275,0.4881718524994275,,0.10845572237248227,0.4538387888433673,0.6706574148870688,,,,,,0.7124394802102956,0.3983050847457627,0.29,0.4729783928992058,0.4729783928992058,1.9832276054409494,0.6667447310892344,16,1.1689052844995835,0.6642561682577687,51,0,0.39828863930003505,0.6626407225884754,17,0.0,0.4133092591544712,0.7161032407320144,38,17.01959654829299,0.8394377684123303,30.5,23.916698804473583,0.7758509596778633,23,bior,0.3321683876092137,0.4904554991310134,0.6203454789342464,1,17.5,0.715442928351354,0.009984244213007143,,0.3631838817287067,0.09048171386529885,0.1730708983127537,0.37142857142857183,0.8493281562843928,,0.0907520479804079,0.6392064208972519,0.6392064208972519,0.6390533850932056,,0.10845572237248227,0.4538387888433673,0.7380550468889783,,,,,0.8333333333333333,,0.8077625023119828,0.39830508474576265,0.2457627118644068,0.5441699553447262,0.5441699553447262,0.24576271186440676,2.3210821501739627,0.7616975091239837,18,1.3407611601615728,0.6896101084533605,107,62.932503525602726,0.7031485682754588,62.5,30.816000000000003,0.7041686237603709,66,0.5170065075921908,0.6634325577032603,0.4390656773744883,2,50.0,,,0.692768801979358,0.6000000000000001,0.25892857142857145,,0.7128592054520702,1.0,False,False,0.0,0.0,0.0013970156669492787,0.016709072529344393,,0.14309888647597557,0.3179565605787329,0.000149518140287563,0.5445812474631311,0.7128592054520704,0.008968749971191941,,0.000795900916828085,0.004404847819279504,0.004404847819279504,0.004404847819273189,,0.0,0.0008005364031188137,0.00862553626468503,0.005386966046982527,,,,,0.43478260869565216,,1.392574770642342e-05,0.4496124031007752,0.31007751937984485,0.0025105171365600483,0.0025105171365600483,0.31007751937984496,0.32451836200056033,0.10107902748989679,2023,0.7569078788585409,0.3674101271222669,2054,21.920310216782973,0.9897568643846808,2038.5,2038.382143733137,0.5185933854633684,1672,1104.4,1082.5,563.6960149978129,300,0.520820561188399,0.7876173146100969,0.3991404127850916,6,1255.5
bior3.7,,,,8.814653033211759,587108.1077318155,0.6407766990291263,114.13981543857871,206,raw,164.5566494983395,,7.025593850101085,139271.64518454036,1.0,2.7809561863669214e-06,0.6290148185324841,416.8337937626232,,,,[],[],14,1053.3164786919854,67.79161841087057,1756.8119768627223,"[7, 22, 32, 47, 64, 81, 101, 115, 132, 148, 158, 174, 191, 201]","[1187.5689209206394, 776.0340690212553, 1230.403347048994, 1491.1065910893706, 1548.0655442253228, 1756.8119768627223, 1418.066396636406, 262.77415540441746, 1178.487277150012, 222.89754520268872, 1317.789643595897, 1373.0463441889078, 915.5872719302907, 67.79161841087057]","[3, 19, 19, 38, 60, 76, 95, 113, 125, 141, 150, 150, 187, 200]","[38, 24, 38, 76, 76, 150, 150, 125, 150, 150, 171, 187, 204, 204]",82132149.12185585,1493.3586813027414,-1493.3586813027414,0.0,,,,SWT,mdp.39015067403892,44377536.121855855,,0.0,-11.5,18.0,0.0,-11.5,,552.3586813027414,648.5039786919854,1792.4307016877956,648.5039786919851,,0.0,648.5039786919854,,,64.79161841087057,0.0,-11.5,816.8119768627223,552.3586813027414,,89.8337937626232,0.6966935804520908,,0.3616933215563828,0.09950733710098558,0.0,0.3714285714285718,0.6672132165764832,,0.047553593234613986,0.4777231793973631,0.4777231793973631,0.47772317939736264,,0.08831852903542262,0.43616680419318726,0.5987057187183105,,,,,,0.7056892192730426,0.2457627118644068,0.29,0.3992512786421041,0.3992512786421041,1.8637195719669886,0.6265671178778234,19,1.167311832222064,0.6633506539118224,52,0,0.3668531495482568,0.6103408737134258,28,0.0,0.4123899258021064,0.714510395717392,40,14.361406616345072,0.8645150319212729,34.75,30.17122914167303,0.7683424216210137,27,bior,0.3321683876092137,0.4904554991310134,0.6203454789342464,1,20.5,0.7118688590791922,0.011213009507516691,,0.36169332155638273,0.09950733710098564,0.1730708983127537,0.37142857142857183,0.8457912512123023,,0.06757110918742155,0.6318410304165257,0.6318410304165257,0.6316848704757994,,0.08831852903542259,0.4361668041931873,0.6808277567323737,,,,,0.8333333333333333,,0.8032498756403255,0.24576271186440674,0.2457627118644068,0.480402107250233,0.480402107250233,0.24576271186440676,2.2169621559287247,0.7275289898147221,22,1.3412985057394171,0.6898864879855431,106,59.39696961966999,0.7198256150015567,64.0,36.4375,0.7089694112743633,63,0.5170065075921908,0.6634325577032603,0.4390656773744883,2,47.75,,,0.6901934535002303,0.6000000000000001,0.25892857142857145,,0.7104522636658887,1.0,False,False,0.0,0.0,0.0013960546993165856,0.0174291602843325,,0.14306337249005951,0.3186494685899616,0.000149518140287563,0.5445812474631311,0.7104522636658888,0.008951162715569705,,0.0005926026899687133,0.004357780562144451,0.004357780562144451,0.004357780562138133,,0.0,0.0007564265471648059,0.008289667343349414,0.00506821809905725,,,,,0.43478260869565216,,1.3897653573070407e-05,0.31007751937984496,0.31007751937984485,0.002318023103806408,0.002318023103806408,0.31007751937984496,0.3100351486062124,0.09656788329514454,2031,0.7564789508920908,0.3672019214963493,2056,17.67766952966369,0.9917394067618394,2043.5,2043.4235380474674,0.5184164323528824,1673,1104.4,1082.5,563.6960149978129,300,0.520820561188399,0.7876173146100969,0.3991404127850916,6,1256.25
coif13,1.0,symmetric,2.1973161419338262e-26,313.8284732810365,6420935.557877805,0.5212765957446809,93.00911693463532,206,smoothed,1.0171798678429782e-13,-2.1964055019196897e-10,6.680523621789467,30752.277607521268,0.9822423496958355,0.0001496656645132027,1.0,362.4,,,,[],[],11,426.6,32.2000000000001,728.4000000000001,"[9, 31, 53, 64, 80, 102, 131, 148, 158, 175, 192]","[311.0000000000002, 417.80000000000007, 589.6, 432.19999999999993, 728.4000000000001, 371.00000000000006, 586.9999999999998, 32.2000000000001, 448.2, 368.0000000000001, 407.20000000000005]","[0, 0, 0, 60, 0, 94, 120, 144, 144, 165, 186]","[20, 40, 75, 75, 205, 120, 205, 149, 205, 186, 205]",30736475.840000015,728.4000000000001,-728.4000000000001,0.0,,,,DWT,mdp.39015067403892,1.862645149230957e-08,,0.0,15.0,11.0,0.0,33.0,,1.1368683772161603e-13,168.4000000000001,987.7999999999984,168.40000000000003,,0.0,168.4000000000001,,,28.000000000000114,0.0,15.0,1.1368683772161603e-13,1.1368683772161603e-13,,0.0,1.746232484426683e-13,5.951875795920289e-26,0.9571383739647982,0.787824421829022,0.6884764398019301,0.05635795013570598,0.01908586748139913,,0.9999996648089,4.4059791007223055e-09,4.4059791007223055e-09,3.6787269888316428e-09,,0.0,0.9999999955939887,7.585973278963461e-14,,,,,,3.9733478562434375e-13,0.0,0.0,1.7477015598164352e-13,1.7477015598164352e-13,0.7999999009871764,0.3007374869278279,700,1.3426109822412495,0.6816004490905644,77,0,0.16666663940786638,0.2371338396014741,700,0.0,0.3584118647447186,0.6323355326265631,96,354.28931209770735,0.6286275554531369,393.25,152.31815371934886,0.6082079077056041,546,coif,0.5556920286951962,0.9053407607371553,0.33941335169221604,4,410.5,1.1017459651431667e-13,0.9999999999705136,1.475278652111444e-26,0.9441754054210595,0.9115705342617388,0.0018035415151219493,0.04624860022396454,0.00018589465713492832,0.9999999997233188,2.0315811925353255e-05,4.745454029730922e-11,4.745454029730922e-11,3.962169481397382e-11,,0.0,0.0031261328403480726,7.585973278963461e-14,,,,,0.0,,1.8436355284844931e-13,0.0,0.0,1.4238426238064856e-13,1.4238426238064856e-13,1.0,0.20156916120429796,0.05751224468486678,1862,1.7417660789740201,0.8051925990034972,317,1092.479976933216,0.4274213957373082,1089.5,541.7659476824231,0.4282023121244193,1843,0.4784248188775415,0.776734912893196,0.43208215291776214,2,1382.75,,,,,,,,,,,,,7.397538906075619e-19,0.999999999971583,1.475278652111444e-26,0.9595070621892781,0.2817991023826278,0.001683171982599852,0.03498792378309473,1.0,0.00018589465713492832,0.9999999999999541,9.960751159770586e-05,3.8435400695480126e-14,3.8435400695480126e-14,3.20911916831812e-14,,0.0,0.0,0.00456704015061846,7.054128794466933e-19,,,,,0.13043478260869565,,5.833220876096109e-21,0.7209302325581395,0.7209302325581395,4.770970844811595e-19,4.770970844811595e-19,1.0,0.3986733618839274,0.12417638082767558,1803,1.8315149018637291,0.8890343748764714,556,881.7621561396247,0.5879616092805492,1179.5,849.9092835947436,0.5183966924907419,1674,986.6382352941176,846.0,585.0035688138154,340,0.4652856568234462,0.8173890317607586,0.42908333069536003,4,1256.5
sym15,1.0,antisymmetric,8.671207711950168e-21,260.0909965732432,6583655.3686294565,0.6538461538461539,320.9191612172951,206,raw,7.224494142080392e-11,,6.510818997001821,114577.38579385659,0.8634405015526294,5.6189438836942915e-06,1.0,327.00000000012494,,,,[],[],13,661.1538461536152,86.99999999996857,939.9999999996595,"[8, 32, 51, 63, 81, 100, 111, 133, 152, 162, 175, 192, 204]","[877.9999999998702, 637.9999999996862, 786.9999999996762, 791.9999999997086, 939.9999999996595, 787.9999999997303, 636.9999999997463, 674.999999999865, 770.9999999997378, 195.99999999985334, 833.9999999996642, 571.9999999998295, 86.99999999996857]","[0, 13, 39, 39, 76, 99, 107, 107, 107, 161, 99, 187, 203]","[76, 39, 61, 76, 205, 164, 119, 142, 164, 164, 205, 205, 205]",37754612.99999204,940.9999999997933,-940.9999999997933,0.0,,,,DWT,mdp.39015067403892,7.957220077514648e-06,,0.0,33.0,19.0,0.0,28.5,,2.0668267097789794e-10,256.3413461536152,4359.000000003003,256.3413461536363,,0.0,256.3413461536152,,,83.99999999996857,0.0,19.5,3.4049207897624e-10,2.0668267097789794e-10,,1.2494183465605602e-10,9.126438900820737e-11,6.136319953440674e-21,0.7458719508002642,0.8529460995712218,0.0009539807652407426,0.7252747252747254,0.0046017570747424845,,0.47422802457508384,6.517076631755468e-09,6.517076631755468e-09,5.919484997523683e-09,,6.284687413098247e-09,0.9999999934829166,4.0770826376016323e-10,,,,,,7.876010977685754e-11,1.0,0.0,2.5885458900801907e-10,2.5885458900801907e-10,0.7422684132891946,0.2426715947974467,648,1.1664238036155563,0.5602373029761532,858,0,0.20618567035837526,0.24635434551807844,648,0.125,0.32655693051106566,0.5931406017014396,847,118.1535018524631,0.8761493691273972,750.25,736.3013260409679,0.5448618963037405,722,sym,0.8243425715244881,0.7368036147090654,0.2019191155201387,6,543.0,9.126438900820739e-11,0.0001547883299940489,6.136319953440673e-21,0.7458719508002642,0.8529460995712219,0.001986474297297586,0.7935222672064778,0.006956571262479621,,0.9919828214556448,0.985528170442658,0.985528170442658,0.9855281704427828,,1.3464520413827834e-09,0.9999999999676482,2.2719989970495566e-10,,,,,1.0,,7.876010977685754e-11,1.0,0.25,2.5885458900801907e-10,2.5885458900801907e-10,0.0,2.2095702007486953,0.6304403971054455,648,1.1952274293283789,0.5525358955136369,1734,767.9179643685906,0.597527272343506,1191.0,943.4357682619648,0.4866567179327593,1595,0.7763846615972358,0.5622554397616224,0.28785410495344815,6,1197.75,,,,,,,,,,,,,6.127836087329841e-16,0.0364136004384447,6.136319953440673e-21,0.8156656332245541,0.2636761898349377,0.0017259493641923354,0.6003143115847758,1.0,0.006956571262479621,,0.0008499884728387009,0.0007982210227380292,0.0007982210227380292,0.0007982210227318825,,0.0,1.052046414014841e-15,0.020163910573063715,2.1127115739428464e-15,,,,,0.4782608695652174,,2.4919519582682576e-18,1.0,0.7906976744186046,8.673624995867479e-16,8.673624995867479e-16,0.9302325581395349,0.5674759776447021,0.1767540042745127,672,1.2759328828047334,0.6193496933573077,1823,813.8799051457162,0.6196822873150859,1247.5,982.0088176352706,0.5183691810407205,1675,1409.1368421052632,1454.5,398.32527672708756,380,0.6645304607900322,0.5565550872278735,0.3678621512786154,7,1258.0
rbio2.6,,,,13.165334445833686,53642.03774863451,0.6407766990291263,32.649753176259296,206,smoothed,142.7900407838715,,7.23035888178169,88769.73231840493,1.0,5.7555744356803104e-05,0.9879034840765626,504.4853330375423,,,,[],[],11,587.157340073988,41.26106175016699,1028.202037028254,"[10, 25, 39, 53, 65, 81, 102, 131, 157, 175, 193]","[624.7904368080823, 429.8557365550303, 41.26106175016699, 798.3393001340371, 543.2803598883213, 1028.202037028254, 515.8454454190424, 840.5800914751685, 618.9579107176387, 486.92450185492635, 530.6938591832007]","[1, 20, 38, 1, 60, 1, 94, 121, 144, 166, 187]","[38, 38, 40, 72, 72, 204, 121, 204, 204, 187, 204]",60703808.9778444,1024.3750977886682,-1024.3750977886682,0.0,,,,SWT,mdp.39015067403892,29967333.137844406,,0.0,-12.0,11.0,0.0,6.0,,295.9750977886682,328.9573400739881,778.3307408138699,328.95734007398806,,0.0,328.9573400739881,,,37.061061750167,0.0,15.0,299.80203702825395,295.9750977886682,,142.08533303754234,0.24397173356817375,,0.9749118368677756,0.2696903301021431,0.06295706309058424,0.29629629629629683,0.17292982603128612,,0.04009018320483386,0.5316751490958357,0.5316751490958357,0.5310811721787415,,0.2831470277231789,0.2075002799707917,0.42435135146642633,,,,,,0.3298246497024993,0.1,0.6363636363636364,0.38000182979625324,0.38000182979625324,1.7304052460588875,0.5554925760821019,67,1.4767382598977634,0.5629301798329344,53,0,0.3723808172262858,0.6139448220989538,42,0.0,0.4048986378437962,0.5359579560153447,56,10.279429296739517,0.9030242519175518,54.5,53.00824133105271,0.6944366542606626,40,rbio,0.5815916171056358,0.9358444144197099,0.312132543700142,2,30.5,0.0250661894333091,0.636459846487544,,0.8504740743409059,0.3843412707599358,0.010736434525109723,0.37142857142857183,0.025456510207787053,,0.025201954770907156,0.17796087841243183,0.17796087841243183,0.17761219865420955,,0.2891766569368429,0.18930766065237933,0.10487365550622436,,,,,0.25,,0.07837648015369389,0.2372881355932203,0.6949152542372882,0.12397454516828105,0.12397454516828105,0.5423728813559321,0.849772733021114,0.2788655171102627,179,1.4612586892419288,0.7515870783765141,89,63.63961030678928,0.6998131589302392,134.0,118.88805970149254,0.533868843616063,159,0.6261605206073753,0.9968249595590992,0.26264014770710753,4,120.25,,,0.9905588714101579,0.75,0.45999999999999996,0.22787314538395226,0.9905588714101574,1.0,False,False,0.0,0.0,0.0012113925998106945,0.38383972963073887,,0.15470902966828437,0.3405165141499525,9.275341719280255e-06,0.5445812474631311,0.9905588714101575,0.004872049340519638,,0.0002210226584898143,0.001457337757546902,0.001457337757546902,0.0014573377575405667,,0.0,0.0011963996328191056,0.0035979297765650854,0.0018602348560520644,,,,,0.13043478260869565,,9.384829597455751e-06,0.3023255813953488,0.7209302325581395,0.001242086234993857,0.001242086234993857,0.5813953488372092,0.27598528402712064,0.08596223627843941,2049,0.9946085165014947,0.48279222834328406,1989,42.42640687119285,0.9801745762284145,2019.0,2018.554234769688,0.5183583161515904,1676,818.67,599.5,715.6978453131971,300,0.38607403914171184,1.0,0.42974817260080167,3,1257.75
gaus1,,,,-41.86121037671013,2888104898.3619957,0.6067009328003046,1068.9155696300688,206,raw,93999.41104438572,,13.253049815273162,1811518.6236418018,0.02255373266586882,7.830638569595551e-07,-0.11116715545343328,33796.06453622079,,,,[],[],1,31402.710124641035,31402.710124641035,31402.710124641035,[105],[31402.710124641035],[2],[127],2799792574548.237,238850.80612003861,-238850.80612003861,0.0,,,,CWT,mdp.39015067403892,2799754819935.237,,0.0,-31.5,31.0,0.0,-31.5,,237909.80612003861,30997.897624641035,18448.710124641035,30997.897624641035,,0.0,30997.897624641035,,,31399.710124641035,0.0,-31.5,30462.710124641035,237909.80612003861,,33469.06453622079,0.7496929479997726,,0.038440361192347616,0.40469329197474235,0.7335083460123383,0.0,1.0,,1.0,0.263987716076326,0.263987716076326,0.263987716076326,,0.28002835632494716,0.0,0.0,,,,,,0.8747295029991372,0.0,0.0,1.0,1.0,1.9149678741307354,0.5662977236119786,5,1.2170729201088806,0.5799325726492044,10,0,0.4247657862537903,0.5888086094992724,6,0.125,0.41179784959702875,0.670439381581448,7,2.160246899469287,0.7839753100530713,7.0,6.562499999999999,0.5419876550265357,8,gaus,0.5375,1.0,0.32375,1,6.25,0.7496929479997726,0.11937713381055509,,0.17277629630925,0.5228524444385749,0.7344331378945526,0.045730027548208874,0.9803810906366823,,0.39381210370059155,0.10912450854127466,0.10912450854127466,0.10912450854127465,,0.2798362877746242,0.0,0.019222720666659643,,,,,1.0,,0.8713928513934166,0.0,0.0,0.9979900024941082,0.9979900024941082,0.0,1.6007776197123182,0.4940275906187436,12,1.432367239375888,0.6565465160904682,13,0.7071067811865476,0.9646446609406726,12.5,12.48,0.6698223304703363,10,0.5743243243243243,1.0,0.2979729729729729,2,8.0,102.0,False,0.0,0.9999999999999998,0.0,,0.07223299651679915,,,,,,0.797465917795259,0.0040644556389554665,,0.007417096306659876,0.9836852034299989,0.7592485473132744,0.39926938168042214,0.1327525986950321,0.14402099728387885,,0.42046985749579874,0.27983143537822036,0.27983143537822036,0.27983143537821575,,0.0,0.28181921149703293,0.08535001139876333,0.18901737875225608,,,,,1.0,,0.8767954685485778,0.0,0.0,0.9984099931364937,0.9984099931364937,0.0,1.8938442814420489,0.5898832257298715,7,1.3867934362496301,0.673162437512461,1709,1203.4957415795038,0.4376188123460263,858.0,13.942890442890443,0.518342116453387,1677,1982.5625,2068.5,192.51804028021203,16,0.9349504833765622,0.26899346077528574,0.26483662340382075,10,1260.25
bior3.3,,,,8.808637639349998,587108.1077318155,0.6407766990291263,114.13981543857871,206,raw,165.72609312465394,,7.00428395013699,140442.02721299246,1.0,2.4436741746285113e-06,0.635237170852426,419.31432124362277,,,,[],[],13,1140.4714501544202,195.02888908601466,1902.4266006085822,"[7, 22, 32, 47, 64, 81, 101, 115, 132, 148, 158, 174, 194]","[1275.5101478259712, 819.8903127858018, 1331.128515583676, 1424.0246689620583, 1503.7509585408418, 1902.4266006085822, 1362.0865343474993, 195.02888908601466, 1240.0885175059075, 201.21607342139686, 1364.738184776949, 1302.5790792932687, 903.6603692694957]","[3, 12, 12, 38, 60, 76, 95, 113, 125, 141, 150, 171, 187]","[76, 24, 38, 60, 76, 150, 150, 125, 150, 150, 187, 187, 205]",82614346.51757812,1617.617247398788,-1617.617247398788,0.0,,,,SWT,mdp.39015067403892,44859733.517578125,,0.0,-3.0,19.0,0.0,-12.0,,676.6172473987881,735.6589501544202,1872.1288520074631,735.6589501544202,,0.0,735.6589501544202,,,192.02888908601466,0.0,-12.0,962.4266006085822,676.6172473987881,,92.31432124362277,0.7355365030141191,,0.361017517363615,0.06986466528913143,0.0,0.3714285714285718,0.7082400480110633,,0.2461312491808824,0.6533393362985898,0.6533393362985898,0.6533393362985898,,0.09785382910419499,0.4555674726566245,0.8026595319433868,,,,,,0.7419726277246879,0.38983050847457623,0.28,0.5989764849076166,0.5989764849076166,2.387445152947947,0.8026393300120747,5,1.1822271163870084,0.6718265925864629,49,0,0.4814657465196904,0.8010241284714928,4,0.0,0.4202109988167087,0.7280612552921716,37,22.76510487566442,0.7852348596635432,23.75,8.041248544658202,0.7805891279449791,19,bior,0.3321683876092137,0.4904554991310134,0.6203454789342464,1,14.5,0.748768360287171,0.007362980725049928,,0.361017517363615,0.06986466528913143,0.1730708983127537,0.37142857142857183,0.8648025120477387,,0.261975269000427,0.7556348899494122,0.7556348899494122,0.7555312389609705,,0.09785382910419499,0.45556747265662456,0.843043863780108,,,,,0.9166666666666666,,0.8275057493375821,0.38983050847457623,0.23728813559322035,0.6531478703539847,0.6531478703539847,0.23728813559322032,2.6087136501310058,0.8560880489187318,8,1.3455336101928723,0.692064781128452,103,67.17514421272202,0.6831361122041415,55.5,14.846846846846848,0.7106718296869764,60,0.5170065075921908,0.6634325577032603,0.4390656773744883,2,45.5,,,0.69538968661046,0.8,0.25000000000000006,,0.7153087056989251,1.0,False,False,0.0,0.0,0.001405975946954279,0.015172945370879407,,0.14304727082504154,0.31637376482565593,0.000149518140287563,0.5445812474631311,0.7153087056989251,0.009045696184011421,,0.002297538859164233,0.005148863863650621,0.005148863863650621,0.005148863863644309,,0.0,0.0007773133065791744,0.008658391157849683,0.005971738973458204,,,,,0.4782608695652174,,1.4048662685905862e-05,0.4418604651162791,0.3023255813953488,0.0028394854014155654,0.0028394854014155654,0.3023255813953488,0.34035784810220515,0.10601261534983807,2014,0.7566379401117738,0.36727909634291434,2055,28.991378028648448,0.9864526270894166,2034.5,2034.2934381912016,0.5178758462549886,1678,1104.4,1082.5,563.6960149978129,300,0.520820561188399,0.7876173146100969,0.3991404127850916,6,1260.0
bior3.9,,,,8.79510804204211,587108.1077318155,0.6407766990291263,114.13981543857871,206,raw,164.69379872030999,,7.028962852315166,139280.98700922664,1.0,2.838444109439448e-06,0.6264472331776713,418.89834466146215,,,,[],[],13,1149.3934262047214,281.2577643891519,1725.1399675572388,"[7, 22, 32, 47, 64, 81, 101, 115, 128, 140, 158, 174, 194]","[1160.9175035525361, 763.055029967323, 1215.6291031065405, 1495.054546406498, 1558.696066471287, 1725.1399675572388, 1417.7584724355352, 281.2577643891519, 1181.802379666485, 526.5560696050629, 1311.5054068695117, 1383.8257304525116, 920.9165001816946]","[3, 19, 19, 38, 60, 76, 95, 113, 125, 137, 150, 150, 187]","[38, 24, 38, 76, 76, 150, 150, 125, 150, 150, 171, 187, 204]",82135997.95362662,1462.8198058666883,-1462.8198058666883,0.0,,,,SWT,mdp.39015067403892,44381384.95362662,,0.0,-12.0,19.0,0.0,-12.0,,521.8198058666883,744.5809262047214,1988.1145406613778,744.5809262047212,,0.0,744.5809262047214,,,278.2577643891519,0.0,-12.0,785.1399675572388,521.8198058666883,,91.89834466146215,0.7012489745630757,,0.35949752402697677,0.10419371419021006,0.0,0.3714285714285718,0.6675406869727964,,0.3807076028052696,0.671317004349276,0.671317004349276,0.6713170043492757,,0.09625478956003902,0.4838015017156748,0.5543446037136294,,,,,,0.705978828334475,0.23728813559322032,0.28,0.35016505958121513,0.35016505958121513,2.2003822838096463,0.7397503393393848,8,1.1689774812284015,0.664297195638756,50,0,0.4335104395955045,0.721239931543253,6,0.0,0.41313696516439036,0.7158047226564505,39,22.12653007891959,0.7912591501988718,25.75,11.85860889395667,0.7741673109484926,24,bior,0.3321683876092137,0.4904554991310134,0.6203454789342464,1,18.25,0.716196333929538,0.011869226414349954,,0.3594975240269767,0.10419371419021006,0.1730708983127537,0.37142857142857183,0.845942996421535,,0.3937232384906396,0.7683075560221999,0.7683075560221999,0.7682092803279819,,0.09625478956003902,0.4838015017156748,0.645544830335627,,,,,0.9166666666666666,,0.8034434826115406,0.2372881355932203,0.23728813559322035,0.4379465928557268,0.4379465928557268,0.23728813559322032,2.4608471494165927,0.8075634651298268,11,1.3430784383874323,0.6908019825440889,105,66.46803743153546,0.6864715215493611,58.0,19.913793103448278,0.7064433079444918,65,0.5170065075921908,0.6634325577032603,0.4390656773744883,2,49.25,,,0.6880492849691011,0.8,0.25000000000000006,,0.7084483061913884,1.0,False,False,0.0,0.0,0.001397218236714942,0.017813720103313526,,0.14301105556654192,0.3190092474267208,0.000149518140287563,0.5445812474631311,0.7084483061913884,0.008951917268414588,,0.003452976472320205,0.005229846349806025,0.005229846349806025,0.005229846349799712,,0.0,0.000773810663346978,0.009194999415084962,0.004871697167260802,,,,,0.4782608695652174,,1.3898858906563104e-05,0.3023255813953488,0.3023255813953488,0.0021898639542876955,0.0021898639542876955,0.3023255813953488,0.3262804836747608,0.10162788255020534,2021,0.7559418859946115,0.3669412251979393,2057,25.45584412271571,0.9881047457370488,2039.0,2038.8410985777339,0.5176505037096459,1679,1104.4,1082.5,563.6960149978129,300,0.520820561188399,0.7876173146100969,0.3991404127850916,6,1260.75
sym3,1.0,antisymmetric,2.3343101160700366e-18,235.79020694737602,6005553.340215335,0.638095238095238,295.81513313620707,206,raw,1.197313738984876e-09,,6.306525775627553,66372.48893049841,0.7877893151276163,5.618943883634295e-06,1.0,327.0000000001995,,,,[],[],13,661.1538461573018,87.00000000022624,940.0000000055561,"[8, 32, 51, 63, 81, 100, 111, 133, 152, 162, 175, 192, 204]","[878.0000000033458, 638.0000000027142, 787.000000002778, 792.000000005748, 940.0000000055561, 788.0000000048879, 637.0000000031158, 675.0000000012126, 771.0000000055718, 196.00000000053456, 834.0000000046404, 572.0000000045933, 87.00000000022624]","[0, 13, 39, 39, 76, 99, 107, 107, 107, 161, 99, 187, 203]","[76, 39, 61, 76, 205, 164, 119, 142, 164, 164, 205, 205, 205]",37754613.000124775,941.000000004511,-941.000000004511,0.0,,,,DWT,mdp.39015067403892,0.00012477487325668335,,0.0,33.0,19.0,0.0,28.5,,4.5109800339560024e-09,256.3413461573018,4358.999999955076,256.3413461573019,,0.0,256.3413461573018,,,84.00000000022624,0.0,19.5,5.556103133130819e-09,4.5109800339560024e-09,,1.9952040020143613e-10,1.5128083333934364e-09,1.6519124061885419e-18,0.6561965356514212,0.7823730398849723,0.00030339483220280267,0.6071428571428568,0.0006989441555143912,,0.474228024874413,9.371923660739034e-09,9.371923660739034e-09,8.758045279133406e-09,,1.0036056787977637e-08,0.9999999906280425,6.652927634887043e-09,,,,,,1.2350145678211921e-09,1.0,0.0,5.649665147001755e-09,5.649665147001755e-09,0.7422684222487784,0.242671597726625,609,1.0281928597226313,0.49384451250465095,912,0,0.20618567268563975,0.2463543482987359,600,0.125,0.286137824739968,0.5197254924897532,907,176.14198817999073,0.8153647922641607,757.0,726.2520326022546,0.5109318720230657,842,sym,0.8243425715244881,0.7368036147090654,0.2019191155201387,6,633.0,1.5128083333934364e-09,0.00015478832957760424,1.6519124061885417e-18,0.6561965356514212,0.7823730398849724,0.0013365607314529244,0.7047368421052629,0.0030629912299876675,,0.9919828214602091,0.9855281704839727,0.9855281704839727,0.985528170483862,,2.15015771849571e-09,0.9999999999534761,3.7074168608950227e-09,,,,,1.0,,1.2350145678211921e-09,1.0,0.25,5.649665147001755e-09,5.649665147001755e-09,0.0,2.209570205656504,0.6304403985057545,595,1.0687390919858815,0.49406221508208925,1864,897.3185053257288,0.5297072823240415,1229.5,902.057747051647,0.4426576243905323,1785,0.7763846615972358,0.5622554397616224,0.28785410495344815,6,1340.25,,,,,,,,,,,,,1.0157567041563103e-14,0.03641360043804336,1.6519124061885417e-18,0.750618658210021,0.24185952933034255,0.001573972226592275,0.5331464909059279,1.0,0.0030629912299876675,,0.0008499884728421536,0.0007982210227714919,0.0007982210227714919,0.0007982210227651542,,0.0,1.6800195237452646e-15,0.020163910572841982,3.44749382443188e-14,,,,,0.4782608695652174,,3.907558000479261e-17,1.0,0.7906976744186046,1.8930735215127924e-14,1.8930735215127924e-14,0.9302325581395349,0.5674759776446461,0.17675400427449525,976,1.1974958186902624,0.5812756126107113,1878,637.8103166302659,0.7019577959671655,1427.0,1284.4625087596355,0.5175676830303118,1680,1409.1368421052632,1454.5,398.32527672708756,380,0.6645304607900322,0.5565550872278735,0.3678621512786154,7,1261.75
sym3,1.0,symmetric,2.394346488665707e-18,235.67992248976645,6006738.689430759,0.638095238095238,295.81513313620707,206,raw,1.2241388657865004e-09,,6.305281267456314,63069.42096513652,0.7771259410445011,5.6189438836332585e-06,1.0,327.0000000001995,,,,[],[],13,661.1538461574539,87.00000000074459,940.0000000055561,"[8, 32, 51, 63, 81, 100, 111, 133, 152, 162, 175, 192, 204]","[878.0000000048053, 638.0000000027142, 787.000000002778, 792.000000005748, 940.0000000055561, 788.0000000048879, 637.0000000031158, 675.0000000012126, 771.0000000055718, 196.00000000053456, 834.0000000046404, 572.0000000045933, 87.00000000074459]","[0, 13, 39, 39, 76, 99, 107, 107, 107, 161, 99, 187, 203]","[76, 39, 61, 76, 205, 164, 119, 142, 164, 164, 205, 205, 205]",37754613.00012348,941.000000004511,-941.000000004511,0.0,,,,DWT,mdp.39015067403892,0.0001234784722328186,,0.0,33.0,19.0,0.0,28.5,,4.5109800339560024e-09,256.3413461574539,4358.999999953099,256.34134615745404,,0.0,256.3413461574539,,,84.00000000074459,0.0,19.5,5.556103133130819e-09,4.5109800339560024e-09,,1.9952040020143613e-10,1.5467023464927047e-09,1.6943981188102027e-18,0.6557895610356632,0.7819431247421298,0.00030472880352168613,0.6071428571428568,0.0004315178738060321,,0.47422802547657106,9.489716473270795e-09,9.489716473270795e-09,8.8758380917375e-09,,1.0036056787977637e-08,0.9999999905102632,6.652927634887043e-09,,,,,,1.22218286454294e-09,1.0,0.0,5.649665147001755e-09,5.649665147001755e-09,0.7422684224701338,0.24267159779899322,606,1.0276274138648995,0.4935729269442974,913,0,0.20618567275438354,0.24635434838087222,597,0.125,0.2859802558778114,0.5194392928076251,909,178.73513924239967,0.8126466045677152,756.25,724.557985626503,0.5099658599358492,846,sym,0.8243425715244881,0.7368036147090654,0.2019191155201387,6,636.0,1.5467023464927047e-09,0.00015478832957033228,1.6943981188102027e-18,0.6557895610356632,0.7819431247421298,0.001337893324139861,0.7047368421052629,0.002796197598785592,,0.9919828214693911,0.9855281704856775,0.9855281704856775,0.9855281704855667,,2.15015771849571e-09,0.9999999999528915,3.7074168608950227e-09,,,,,1.0,,1.22218286454294e-09,1.0,0.25,5.649665147001755e-09,5.649665147001755e-09,0.0,2.2095702056540847,0.6304403985050642,600,1.0681738984990339,0.49380093452432183,1865,894.4900782009826,0.5311896864774724,1232.5,907.9107505070994,0.44261266294523516,1786,0.7763846615972358,0.5622554397616224,0.28785410495344815,6,1341.0,,,,,,,,,,,,,1.0385144258560028e-14,0.03641360043803643,1.6943981188102027e-18,0.7503234550306567,0.24172662716117377,0.0015742838428329426,0.5331464909059279,1.0,0.002796197598785592,,0.0008499884728490994,0.0007982210227728727,0.0007982210227728727,0.000798221022766535,,0.0,1.6800195237452646e-15,0.020163910572832833,3.44749382443188e-14,,,,,0.4782608695652174,,3.866958783181632e-17,1.0,0.7906976744186046,1.8930735215127924e-14,1.8930735215127924e-14,0.9302325581395349,0.5674759776446449,0.17675400427449486,979,1.1971456840536967,0.5811056540002598,1879,636.3961030678928,0.7026186434262183,1429.0,1287.2925122463262,0.517430817040212,1681,1409.1368421052632,1454.5,398.32527672708756,380,0.6645304607900322,0.5565550872278735,0.3678621512786154,7,1262.5
bior3.1,,,,12.189408989462605,18359.797624723135,0.6019417475728155,18.13656768851813,206,smoothed,143.61442034512493,,7.139245341278755,93969.73468464272,1.0,4.815664849277145e-05,0.9549777698928968,488.7522071561416,,,,[],[],12,642.8661301157496,81.7061885661056,1155.907455205649,"[9, 27, 52, 64, 80, 101, 111, 130, 147, 158, 176, 192]","[706.96535983031, 489.2118265639127, 898.2023888022119, 727.5421671628387, 1155.907455205649, 593.7575641623441, 295.0403044500869, 888.4796705608967, 81.7061885661056, 683.418704016798, 553.806031025304, 640.3559010425373]","[0, 19, 0, 59, 0, 93, 107, 123, 143, 148, 165, 186]","[39, 39, 74, 74, 203, 123, 123, 203, 148, 203, 186, 203]",62924066.70249998,1091.2425400661393,-1091.2425400661393,0.0,,,,SWT,mdp.39015067403892,32187590.862499982,,0.0,6.5,10.0,0.0,6.5,,362.84254006613935,384.66613011574964,2033.9935613889957,384.66613011574964,,0.0,384.66613011574964,,,77.5061885661056,0.0,-2.5,427.5074552056491,362.84254006613935,,126.35220715614162,0.49714603180883044,,0.8462305129098744,0.007982521103784002,0.0,0.0,0.7467262735803267,,0.1383919273670363,0.7680778776845971,0.7680778776845971,0.7677837306049515,,0.1166981270108576,0.771368998714657,1.0,,,,,,0.7998191824442253,0.47,0.2828282828282828,0.6649388920372519,0.6649388920372519,2.7119009631849536,0.8705711309822726,2,1.345508247895673,0.5129055165179003,58,0,0.545528252560914,0.899413263183584,4,0.0,0.3828682801200633,0.5067967181342387,59,32.05594068707598,0.6975854652162643,30.75,5.100801192472518,0.7037455627968114,38,bior,0.37456811101670917,0.7330437326379493,0.5178892024969188,1,28.75,0.051077870485581836,0.5291704318544493,,0.7408329551721352,0.25759976642180427,0.0,0.1428571428571428,0.10992346110601695,,0.08699753444235155,0.2570889650087237,0.2570889650087237,0.2567738485705169,,0.22869755422661137,0.4949696865103479,0.24713873337227188,,,,,0.16666666666666669,,0.19006163528386064,0.5508474576271185,0.39830508474576276,0.21693447305035013,0.21693447305035013,0.5508474576271186,1.196343800255159,0.3925979494702408,111,1.2344307492245326,0.6349198859163754,135,16.97056274847714,0.9199501757147305,123.0,121.82926829268291,0.6698807482347238,82,0.5170065075921908,0.6634325577032603,0.4390656773744883,2,62.0,,,0.9648609015576906,0.5,0.47,0.0,0.9648609015576901,1.0,False,False,0.0,0.0,0.0012183864160072258,0.32096540036514265,,0.15209672777382055,0.33078641558303756,0.0,0.3789744283588147,0.9648609015576902,0.00529206113806555,,0.0007629736073768689,0.001962992143173609,0.001962992143173609,0.0019629921431672777,,0.0,0.0010639221587181646,0.009407258889870408,0.002652631307240643,,,,,0.08695652173913043,,1.0080144736526754e-05,0.5891472868217054,0.44961240310077516,0.0015227014970298411,0.0015227014970298411,0.5891472868217054,0.2656596469124035,0.08274606893636652,2056,0.8929573369119843,0.4334497999470666,2008,33.94112549695428,0.9841396609827316,2032.0,2031.716535433071,0.5173034753511789,1682,1104.4,1082.5,563.6960149978129,300,0.520820561188399,0.7876173146100969,0.3991404127850916,6,1263.0
sym3,1.0,constant,2.3481057011988262e-18,235.76461603847022,6001359.738368625,0.638095238095238,295.5603994787148,206,raw,1.2078913403471028e-09,,6.291393329238374,63872.69449343192,0.7820075639673931,5.618943883633786e-06,1.0,327.0000000001995,,,,[],[],13,661.1538461573825,87.00000000048543,940.0000000055561,"[8, 32, 51, 63, 81, 100, 111, 133, 152, 162, 175, 192, 204]","[878.0000000041356, 638.0000000027142, 787.000000002778, 792.000000005748, 940.0000000055561, 788.0000000048879, 637.0000000031158, 675.0000000012126, 771.0000000055718, 196.00000000053456, 834.0000000046404, 572.0000000045933, 87.00000000048543]","[0, 13, 39, 39, 76, 99, 107, 107, 107, 161, 99, 187, 203]","[76, 39, 61, 76, 205, 164, 119, 142, 164, 164, 205, 205, 205]",37754613.000124045,941.000000004511,-941.000000004511,0.0,,,,DWT,mdp.39015067403892,0.00012404471635818481,,0.0,33.0,19.0,0.0,28.5,,4.5109800339560024e-09,256.34134615738253,4358.999999954027,256.3413461573826,,0.0,256.34134615738253,,,84.00000000048543,0.0,19.5,5.556103133130819e-09,4.5109800339560024e-09,,1.9952040020143613e-10,1.5261733162239534e-09,1.6616750757151762e-18,0.6561020994040607,0.777145538771433,0.00029867542587635234,0.6071428571428568,0.0004965533060525061,,0.47422802517550855,9.43442956275514e-09,9.43442956275514e-09,8.820507162947012e-09,,1.0036056787977637e-08,0.999999990565523,6.652927634887043e-09,,,,,,1.227787516549533e-09,1.0,0.0,5.649665147001755e-09,5.649665147001755e-09,0.7422684223604759,0.24267159776314248,607,1.0254391313785067,0.49252188745545417,917,0,0.2061856727205416,0.24635434834043726,598,0.125,0.2853479607966361,0.5182908257262061,911,179.89881415210422,0.8114268195470605,758.25,726.2303039008898,0.5083077493961718,852,sym,0.8243425715244881,0.7368036147090654,0.2019191155201387,6,640.5,1.5261733162239532e-09,0.00015478832957399602,1.661675075715176e-18,0.6561020994040606,0.777145538771433,0.0013318462025359362,0.7047368421052629,0.0028610791766731218,,0.9919828214648003,0.9855281704848773,0.9855281704848773,0.9855281704847659,,2.15015771849571e-09,0.9999999999531658,3.7074168608950227e-09,,,,,1.0,,1.227787516549533e-09,1.0,0.25,5.649665147001755e-09,5.649665147001755e-09,0.0,2.2095702056549267,0.6304403985053044,597,1.0659855575989194,0.49278929701562335,1866,897.3185053257288,0.5297072823240415,1231.5,904.5895249695493,0.4421335153758572,1794,0.7763846615972358,0.5622554397616224,0.28785410495344815,6,1347.0,,,,,,,,,,,,,1.0247304588688982e-14,0.03641360043803996,1.661675075715176e-18,0.7505501579169103,0.2402435214997553,0.0015728697713619315,0.5331464909059279,1.0,0.0028610791766731218,,0.0008499884728456267,0.0007982210227722245,0.0007982210227722245,0.0007982210227658864,,0.0,1.6800195237452646e-15,0.020163910572837125,3.44749382443188e-14,,,,,0.4782608695652174,,3.8846917746449643e-17,1.0,0.7906976744186046,1.8930735215127924e-14,1.8930735215127924e-14,0.9302325581395349,0.5674759776446454,0.17675400427449503,978,1.1965653985501603,0.5808239780175194,1880,637.8103166302659,0.7019577959671655,1429.0,1286.66200139958,0.5171003933106855,1683,1409.1368421052632,1454.5,398.32527672708756,380,0.6645304607900322,0.5565550872278735,0.3678621512786154,7,1264.0
db29,1.0,antisymmetric,1.178127765382003e-26,316.53547482952996,6142860.245624773,0.5267175572519084,98.2093927073036,206,smoothed,7.371880883511038e-14,-2.0042192350189269e-10,6.572780195558855,118353.60673247384,0.9956863495838765,0.00014966566451320284,0.9999999999999999,362.4,,,,[],[],11,426.59999999999997,32.20000000000016,728.3999999999997,"[9, 31, 53, 64, 80, 102, 131, 148, 158, 175, 192]","[310.99999999999994, 417.80000000000007, 589.6000000000001, 432.19999999999976, 728.3999999999997, 371.0, 586.9999999999999, 32.20000000000016, 448.19999999999993, 368.0, 407.1999999999998]","[0, 0, 0, 60, 0, 94, 120, 144, 144, 165, 186]","[20, 40, 75, 75, 204, 120, 204, 149, 204, 186, 204]",30736475.83999999,728.3999999999997,-728.3999999999997,0.0,,,,DWT,mdp.39015067403892,7.450580596923828e-09,,0.0,15.0,11.0,0.0,33.0,,2.2737367544323206e-13,168.40000000000003,987.7999999999993,168.39999999999998,,0.0,168.40000000000003,,,28.00000000000017,0.0,15.0,2.2737367544323206e-13,2.2737367544323206e-13,,0.0,1.1311297639956308e-13,2.969119446779001e-26,0.9674233905414402,0.6324148662065785,0.5691390644681471,0.09373182430061167,0.7455491017539937,,0.9999996648584625,4.4059199552998455e-09,4.4059199552998455e-09,3.67866784340914e-09,,0.0,0.9999999955940747,1.5171946557926922e-13,,,,,,1.5893391424973748e-13,0.0,0.0,3.4954031196328703e-13,3.4954031196328703e-13,0.7999999010020237,0.3007374869334093,687,1.516943370084103,0.7701033999947512,37,0,0.16666663941200455,0.2371338396073619,687,0.0,0.429751178181555,0.7581973893243749,35,375.85591210817296,0.6060210564903847,361.5,68.36477504130326,0.6135451194401609,527,db,0.573477938514061,0.8443824841957417,0.34525069778143475,3,396.0,7.479714942165109e-14,0.9999999999705145,7.540334702091562e-27,0.9541648539701433,0.8743505854106522,0.0014909238302203598,0.07691844114102064,0.007261582151447092,0.9999999997236084,2.0315811926352456e-05,4.745387416349445e-11,4.745387416349445e-11,3.962102868015904e-11,,0.0,0.0031261328403482946,1.5171946557926922e-13,,,,,0.0,,7.374542113937972e-14,0.0,0.0,2.847685247612971e-13,2.847685247612971e-13,1.0,0.20156916120433735,0.05751224468487802,1849,1.7440916762001295,0.8062676880739132,298,1096.7226176203353,0.4251977895071618,1073.5,513.2761993479273,0.4312833811267465,1835,0.49117026184683504,0.8233619396015222,0.4091722348267588,4,1377.25,,,,,,,,,,,,,5.02216336992271e-19,0.9999999999715838,7.540334702091562e-27,0.9667530103580455,0.27029308306459665,0.0016100688140996628,0.05819022723117978,0.9999999999999999,0.007261582151447092,0.9999999999999541,9.960751159770662e-05,3.8434858594393884e-14,3.8434858594393884e-14,3.2090649582094954e-14,,0.0,0.0,0.004567040150618464,1.4108257588933865e-18,,,,,0.13043478260869565,,2.3332883504384434e-21,0.7209302325581395,0.7209302325581395,9.54194168962319e-19,9.54194168962319e-19,1.0,0.3986733618839274,0.12417638082767558,1774,1.842184105898683,0.8942133057877037,358,1001.2632021601513,0.5321199989905835,1066.0,595.7711069418386,0.516994578934544,1684,1009.0473684210526,935.5,610.6543869996938,760,0.4758535102197843,0.8532293215616218,0.41093374637766444,5,1264.25
bior1.1,,,,14.496278149660126,1082078.4793712017,0.6456310679611651,140.47977284748154,206,raw,143.58130023483304,-24747.780361122022,7.326931721003346,123196.58906353099,1.0,2.8094798349998003e-06,1.0,462.4478348960022,,,,[],[],13,935.012736045904,123.0365799264593,1329.3607486307094,"[8, 32, 51, 63, 81, 100, 111, 133, 152, 162, 175, 192, 204]","[1241.6795077635775, 902.2682527940345, 1112.986073587626, 1120.0571413994915, 1329.3607486307094, 1114.400287149999, 900.8540392316617, 954.5941546018391, 1090.3586565896562, 277.1858582251266, 1179.4541110191612, 808.9301576774104, 123.0365799264593]","[0, 13, 39, 39, 76, 99, 107, 107, 107, 161, 164, 187, 203]","[76, 39, 61, 76, 205, 164, 119, 142, 164, 164, 205, 205, 205]",75509226.0,1330.7749621930825,-1330.7749621930825,0.0,,,,SWT,mdp.39015067403892,37754613.0,,0.0,33.0,19.0,0.0,28.5,,389.7749621930825,530.200236045904,798.8344314032474,530.200236045904,,0.0,530.200236045904,,,120.0365799264593,0.0,24.0,389.3607486307094,389.7749621930825,,135.44783489600218,0.0,,1.0000000000000002,0.5186768135738263,0.18214399416977645,0.40000000000000036,0.10371463086228686,,0.13377373063929424,0.23934264548265266,0.23934264548265266,0.2393426454826526,,0.2636617061974137,0.1942988091521363,0.0,,,,,,0.2073409766115497,0.9999999999999999,1.0,0.1379246928396315,0.1379246928396315,1.3580039803854353,0.45654971534085803,64,1.5518962562167162,0.8818992217401166,19,0,0.37107778869612673,0.6173694898008439,26,0.0,0.4577907769436987,0.7931723078676228,26,20.434855843223687,0.8072183411016634,33.75,27.5520697167756,0.7444110573432845,32,bior,0.3321683876092137,0.4904554991310134,0.6203454789342464,1,24.25,0.050032830329541526,0.011538603118784463,,1.0,0.5186768135738264,0.3236910677892939,0.40000000000000036,0.5846738746365746,0.0,0.15197916250664356,0.46380383582394774,0.46380383582394774,0.46357640048179094,,0.2636617061974137,0.1942988091521363,0.20464293124680127,,,,,0.9166666666666666,,0.4700983734225437,0.9999999999999998,0.847457627118644,0.2543762523877602,0.2543762523877602,0.9237288135593218,1.8672085734458461,0.6127521679067033,64,1.833524920570688,0.9430593284596032,25,27.577164466275352,0.869919035536437,44.5,35.95505617977528,0.8300066875795393,25,0.5170065075921908,0.6634325577032603,0.4390656773744883,2,19.25,,,1.0,0.8,0.9732142857142858,,0.9999999999999998,1.0,False,False,0.0,0.0,0.0012181054338302319,0.017619966432279435,,0.1582716242662966,0.35082961623474385,0.00027964081168684973,0.5652820998511706,1.0,0.00765275691851207,0.938252050785138,0.001332866392215367,0.003283967861129041,0.003283967861129041,0.003283967861122718,,0.0,0.0011405099771480455,0.003692790183928679,0.0024159356732893445,,,,,0.4782608695652174,,1.182356160600197e-05,1.0,0.8604651162790697,0.0016357258394453162,0.0016357258394453162,0.9302325581395349,0.571037622108344,0.17786336386954563,608,1.2806437876647545,0.621636410409443,1817,854.8920984545359,0.6005177110025532,1212.5,911.1224742268042,0.5169644629779122,1685,1104.4,1082.5,563.6960149978129,300,0.520820561188399,0.7876173146100969,0.3991404127850916,6,1265.25
rbio2.4,,,,13.200986372229922,55461.60456511448,0.6650485436893204,33.43438250454698,206,smoothed,142.64414369486036,,7.231480596134907,88796.23339553286,1.0,6.003520844326493e-05,0.9865612744012314,498.0926457938777,,,,[],[],11,580.4543143108389,40.431039923032046,1015.113656236643,"[10, 28, 39, 53, 65, 81, 102, 131, 157, 175, 193]","[618.0135364657338, 421.9902784686757, 40.431039923032046, 792.5871521972364, 528.9158723275376, 1015.113656236643, 502.8523583147397, 843.3574190864305, 615.3574666189019, 481.6281063356872, 524.7505714446106]","[1, 20, 38, 1, 60, 1, 94, 121, 144, 166, 186]","[38, 38, 40, 72, 72, 204, 121, 204, 204, 186, 204]",60461655.578261726,1010.959403897172,-1010.959403897172,0.0,,,,SWT,mdp.39015067403892,29725179.73826173,,0.0,-7.5,11.0,0.0,1.5,,282.55940389717205,322.25431431083894,704.5974574192287,322.25431431083894,,0.0,322.25431431083894,,,36.23103992303206,0.0,19.5,286.71365623664303,282.55940389717205,,135.69264579387772,0.1991654394024313,,0.9796127462050281,0.27291225962087323,0.06620386891868209,0.48148148148148184,0.17585409852988373,,0.0380728179565709,0.5032305611049398,0.5032305611049398,0.5026005078860006,,0.21551547298150142,0.17438956636578762,0.3653537864318893,,,,,,0.2785644862427209,0.19,0.7272727272727272,0.3228345705865295,0.3228345705865295,1.5759130913885697,0.5058976935089311,77,1.5622097932592696,0.5955117868464347,43,0,0.3509266419013425,0.5785732904737144,50,0.0,0.43159085657104895,0.5712900259545177,48,15.286159317064135,0.8557909498390176,54.5,51.896721188352885,0.6708200032213956,45,rbio,0.5815916171056358,0.9358444144197099,0.312132543700142,2,34.25,0.020462692786640257,0.6647625954209038,,0.8544794182788958,0.3859016070587959,0.011290131226923183,0.5142857142857146,0.02588698408507778,,0.023933775289577353,0.16843998229090348,0.16843998229090348,0.16808726410717265,,0.26460277433281215,0.17135900086388373,0.09029307201154066,,,,,0.25,,0.06619548886725041,0.31355932203389825,0.771186440677966,0.10532388508371583,0.10532388508371583,0.4661016949152542,0.7987199385190342,0.2621117859236529,184,1.5287247055935616,0.7862877008554341,62,86.2670273047588,0.5930800598832132,123.0,92.7479674796748,0.5064456903189651,182,0.6261605206073753,0.9968249595590992,0.26264014770710753,4,137.5,,,0.9895112991819612,0.75,0.37,0.2879856592280499,0.9895112991819608,1.0,False,False,0.0,0.0,0.0012101548478428978,0.40042586127889007,,0.1548044607222221,0.34063630305465836,9.753687310281537e-06,0.6480855094033285,0.9895112991819609,0.00487418987128433,,0.00020990064819522715,0.0013964961134981914,0.0013964961134981914,0.0013964961134918566,,0.0,0.0011425713557721925,0.0032568024429964373,0.0017790230590970545,,,,,0.13043478260869565,,9.308994741511958e-06,0.37209302325581395,0.7906976744186046,0.0011857860636618196,0.0011857860636618196,0.5116279069767442,0.2756665482546424,0.08586295837715292,2050,1.040684909024967,0.5051581379965356,1966,59.39696961966999,0.9722444067197804,2008.0,2007.1215139442231,0.5169633248552172,1686,818.67,599.5,715.6978453131971,300,0.38607403914171184,1.0,0.42974817260080167,3,1265.25
rbio1.1,,,,14.496278149660126,1082078.4793712017,0.6456310679611651,140.47977284748154,206,raw,143.58130023483304,-24747.780361122022,7.326931721003346,123196.58906353099,1.0,2.8094798349998003e-06,1.0,462.4478348960022,,,,[],[],13,935.012736045904,123.0365799264593,1329.3607486307094,"[8, 32, 51, 63, 81, 100, 111, 133, 152, 162, 175, 192, 204]","[1241.6795077635775, 902.2682527940345, 1112.986073587626, 1120.0571413994915, 1329.3607486307094, 1114.400287149999, 900.8540392316617, 954.5941546018391, 1090.3586565896562, 277.1858582251266, 1179.4541110191612, 808.9301576774104, 123.0365799264593]","[0, 13, 39, 39, 76, 99, 107, 107, 107, 161, 164, 187, 203]","[76, 39, 61, 76, 205, 164, 119, 142, 164, 164, 205, 205, 205]",75509226.0,1330.7749621930825,-1330.7749621930825,0.0,,,,SWT,mdp.39015067403892,37754613.0,,0.0,33.0,19.0,0.0,28.5,,389.7749621930825,530.200236045904,798.8344314032474,530.200236045904,,0.0,530.200236045904,,,120.0365799264593,0.0,24.0,389.3607486307094,389.7749621930825,,135.44783489600218,0.0,,1.0000000000000002,0.5186768135738263,0.18214399416977645,0.40000000000000036,0.10371463086228686,,0.13377373063929424,0.23934264548265266,0.23934264548265266,0.2393426454826526,,0.2636617061974137,0.1942988091521363,0.0,,,,,,0.2073409766115497,0.9999999999999999,1.0,0.1379246928396315,0.1379246928396315,1.3580039803854353,0.45654971534085803,63,1.5518962562167162,0.8818992217401166,20,0,0.37107778869612673,0.6173694898008439,25,0.0,0.4577907769436987,0.7931723078676228,25,19.972898304118676,0.8115764310932201,33.25,27.421109902067464,0.7489485929051006,30,rbio,0.4644956314535345,0.6222068689729192,0.48819099729065013,2,23.0,0.050032830329541526,0.011538603118784463,,1.0,0.5186768135738264,0.3236910677892939,0.40000000000000036,0.5846738746365746,0.0,0.15197916250664356,0.46380383582394774,0.46380383582394774,0.46357640048179094,,0.2636617061974137,0.1942988091521363,0.20464293124680127,,,,,0.9166666666666666,,0.4700983734225437,0.9999999999999998,0.847457627118644,0.2543762523877602,0.2543762523877602,0.9237288135593218,1.8672085734458461,0.6127521679067033,65,1.833524920570688,0.9430593284596032,22,30.405591591021544,0.8565773981555588,43.5,32.87356321839081,0.8256943594551378,27,0.6261605206073753,0.9968249595590992,0.26264014770710753,4,21.25,,,1.0,0.8,0.9732142857142858,,0.9999999999999998,1.0,False,False,0.0,0.0,0.0012181054338302319,0.017619966432279435,,0.1582716242662966,0.35082961623474385,0.00027964081168684973,0.5652820998511706,1.0,0.00765275691851207,0.938252050785138,0.001332866392215367,0.003283967861129041,0.003283967861129041,0.003283967861122718,,0.0,0.0011405099771480455,0.003692790183928679,0.0024159356732893445,,,,,0.4782608695652174,,1.182356160600197e-05,1.0,0.8604651162790697,0.0016357258394453162,0.0016357258394453162,0.9302325581395349,0.571037622108344,0.17786336386954563,611,1.2806437876647545,0.621636410409443,1818,853.4778848921628,0.6011785584616062,1214.5,914.6134211609715,0.5168275969878124,1687,818.67,599.5,715.6978453131971,300,0.38607403914171184,1.0,0.42974817260080167,3,1266.0
sym3,1.0,zero,2.347720037971266e-18,235.7653294014495,6001524.062315083,0.638095238095238,295.5603994787148,206,raw,1.2078911161467252e-09,,6.290837561933935,64160.19410460392,0.7830358259075983,5.618943883633777e-06,0.9999999999999999,327.0000000001995,,,,[],[],13,661.153846157378,87.00000000048543,940.0000000055561,"[8, 32, 51, 63, 81, 100, 111, 133, 152, 162, 175, 192, 204]","[878.0000000040756, 638.0000000027142, 787.000000002778, 792.000000005748, 940.0000000055561, 788.0000000048879, 637.0000000031158, 675.0000000012126, 771.0000000055718, 196.00000000053456, 834.0000000046404, 572.0000000045933, 87.00000000048543]","[0, 13, 39, 39, 76, 99, 107, 107, 107, 161, 99, 187, 203]","[76, 39, 61, 76, 205, 164, 119, 142, 164, 164, 205, 205, 205]",37754613.000124134,941.000000004511,-941.000000004511,0.0,,,,DWT,mdp.39015067403892,0.0001241341233253479,,0.0,33.0,19.0,0.0,28.5,,4.5109800339560024e-09,256.341346157378,4358.999999954087,256.341346157378,,0.0,256.341346157378,,,84.00000000048543,0.0,19.5,5.556103133130819e-09,4.5109800339560024e-09,,1.9952040020143613e-10,1.5261730329428867e-09,1.6614021548782491e-18,0.6561047318749518,0.7769535490476233,0.0002988603531777153,0.6071428571428568,0.0005198301362039269,,0.47422802517550855,9.430908103486628e-09,9.430908103486628e-09,8.816941685435452e-09,,1.0036056787977637e-08,0.9999999905690986,6.652927634887043e-09,,,,,,1.2286724616032055e-09,1.0,0.0,5.649665147001755e-09,5.649665147001755e-09,0.7422684223595237,0.2426715977628312,608,1.0253541191948479,0.49248105581574864,918,0,0.2061856727200293,0.24635434833982514,599,0.125,0.28532426144014095,0.5182477794783452,912,179.89881415210422,0.8114268195470605,759.25,727.2724931286933,0.5077836403814967,857,sym,0.8243425715244881,0.7368036147090654,0.2019191155201387,6,644.25,1.5261730329428865e-09,0.00015478832957399602,1.6614021548782491e-18,0.6561047318749517,0.7769535490476234,0.001332030938718733,0.7047368421052629,0.002884300940814254,,0.9919828214648003,0.9855281704848264,0.9855281704848264,0.9855281704847143,,2.15015771849571e-09,0.9999999999531834,3.7074168608950227e-09,,,,,1.0,,1.2286724616032055e-09,1.0,0.25,5.649665147001755e-09,5.649665147001755e-09,0.0,2.2095702056553317,0.63044039850542,596,1.065900523293297,0.4927499869186045,1867,898.7327188881019,0.528966080247326,1231.5,903.5582622817701,0.4417629143374995,1797,0.7763846615972358,0.5622554397616224,0.28785410495344815,6,1349.25,,,,,,,,,,,,,1.0247302686632812e-14,0.0364136004380399,1.6614021548782491e-18,0.7505520674064621,0.24018417059952019,0.0015729129704544697,0.5331464909059279,0.9999999999999999,0.002884300940814254,,0.0008499884728456267,0.0007982210227721833,0.0007982210227721833,0.0007982210227658445,,0.0,1.6800195237452646e-15,0.020163910572837403,3.44749382443188e-14,,,,,0.4782608695652174,,3.8874917206654904e-17,1.0,0.7906976744186046,1.8930735215127924e-14,1.8930735215127924e-14,0.9302325581395349,0.5674759776446455,0.17675400427449506,977,1.1965461790989764,0.5808146487170854,1881,639.224530192639,0.7012969485081126,1429.0,1286.030090972708,0.5167699695811592,1688,1409.1368421052632,1454.5,398.32527672708756,380,0.6645304607900322,0.5565550872278735,0.3678621512786154,7,1267.75
bior3.3,,,,12.186097718753683,18359.797624723135,0.6019417475728155,18.13656768851813,206,smoothed,143.6061822078685,,7.137160655973527,94123.01320889567,1.0,5.946419526563409e-05,0.9558854408736417,483.4798422189195,,,,[],[],12,639.3029748511768,72.18676352438169,1130.8758751516455,"[9, 27, 52, 64, 80, 101, 111, 130, 147, 158, 176, 192]","[690.4986106634284, 471.36621917371735, 896.4522995187755, 739.0370717745027, 1130.8758751516455, 586.850014793628, 303.6979431022398, 885.9871191572145, 72.18676352438169, 693.7999154480932, 556.1394834032197, 644.7443825032764]","[0, 19, 0, 59, 0, 93, 107, 123, 143, 148, 165, 186]","[39, 39, 74, 74, 203, 123, 123, 203, 148, 203, 186, 203]",62987217.45449222,1087.7556197514134,-1087.7556197514134,0.0,,,,SWT,mdp.39015067403892,32250741.614492223,,0.0,6.5,10.0,0.0,6.5,,359.3556197514134,381.1029748511769,1991.2356982141237,381.1029748511769,,0.0,381.1029748511769,,,67.9867635243817,0.0,-2.5,402.4758751516455,359.3556197514134,,121.07984221891951,0.4946160265579301,,0.8457939030274029,0.0019946248957021517,0.0,0.0,0.7636398567880849,,0.11525499694569227,0.752957469822589,0.752957469822589,0.7526441455132284,,0.06091904314855551,0.7521681263709195,0.8871669234211261,,,,,,0.8131872287954596,0.47,0.2828282828282828,0.6500803480746513,0.6500803480746513,2.5981798530119486,0.8340645192571893,5,1.4307847124043562,0.5454127636076542,56,0,0.527349625521183,0.8694421330189258,12,0.0,0.4182194576994814,0.5535905156611886,52,26.474830814693917,0.750237445144397,31.25,12.483566733352388,0.72771306219484,33,bior,0.37456811101670917,0.7330437326379493,0.5178892024969188,1,25.0,0.05081793221339419,0.6582445568284644,,0.7404609478389655,0.2546999103718931,0.0,0.1428571428571428,0.1124132618157028,,0.07245292956895621,0.2520279026858876,0.2520279026858876,0.25171063952504835,,0.20843025941388527,0.484561275219327,0.21925330974407245,,,,,0.16666666666666669,,0.19323829421607275,0.5508474576271185,0.39830508474576276,0.2120869142093467,0.2120869142093467,0.5508474576271186,1.1577935597495297,0.37994711668215203,117,1.2726811619087455,0.654593689143467,121,2.8284271247461903,0.9866583626191218,119.0,118.96638655462183,0.7126688039510702,58,0.5170065075921908,0.6634325577032603,0.4390656773744883,2,44.0,,,0.9655693235943099,0.5,0.47,0.27414192673242116,0.9655693235943095,1.0,False,False,0.0,0.0,0.0012183165258492436,0.3966061246718037,,0.1520878643522452,0.3305637901270525,0.0,0.3789744283588147,0.9655693235943096,0.005304441668681202,,0.0006354165482112544,0.001930650297571695,0.001930650297571695,0.0019306502975653633,,0.0,0.0010195273197849005,0.009209439463114796,0.002497313424213295,,,,,0.08695652173913043,,1.009992157297971e-05,0.5891472868217054,0.44961240310077516,0.0015080683209356348,0.0015080683209356348,0.5891472868217054,0.26538766267723457,0.08266135292272099,2057,0.9158212234828915,0.4445481432278822,2002,38.890872965260115,0.9818266948760467,2029.5,2029.1273712737125,0.5167311044473691,1689,1104.4,1082.5,563.6960149978129,300,0.520820561188399,0.7876173146100969,0.3991404127850916,6,1268.25
sym7,1.0,antisymmetric,5.757870546764702e-20,251.86917350372497,6111642.129144275,0.6651376146788991,311.9773023087221,206,raw,1.9478576249257549e-10,,6.341553105134396,78902.53945445288,0.8230497974785714,5.61894388369642e-06,1.0,327.000000000299,,,,[],[],13,661.1538461535713,86.99999999995907,939.9999999996115,"[8, 32, 51, 63, 81, 100, 111, 133, 152, 162, 175, 192, 204]","[878.0000000000912, 637.9999999993091, 786.9999999992148, 791.9999999998681, 939.9999999996115, 787.9999999997934, 636.9999999996325, 674.9999999997161, 771.0000000000025, 195.99999999954423, 833.9999999995166, 572.0000000001692, 86.99999999995907]","[0, 13, 39, 39, 76, 99, 107, 107, 107, 161, 99, 187, 203]","[76, 39, 61, 76, 205, 164, 119, 142, 164, 164, 205, 205, 205]",37754612.999991,940.9999999999794,-940.9999999999794,0.0,,,,DWT,mdp.39015067403892,9.000301361083984e-06,,0.0,33.0,19.0,0.0,28.5,,2.05773176276125e-11,256.3413461535713,4359.0000000035725,256.3413461535957,,0.0,256.3413461535713,,,83.99999999995907,0.0,19.5,3.8846792449476197e-10,2.05773176276125e-11,,2.9899638320785016e-10,2.460968423761538e-10,4.074650382792259e-20,0.7155315623441392,0.7944732250957562,0.0004227853036729309,0.8099606815203146,0.0017134145982598522,,0.47422802456405627,6.483094549814317e-09,6.483094549814317e-09,5.888011955292021e-09,,1.5039788804775605e-08,0.9999999935168309,4.651549707073381e-10,,,,,,8.90844687363707e-11,1.0,0.0,2.577155149089739e-11,2.577155149089739e-11,0.7422684175912154,0.24267159620391673,618,1.1514365811274572,0.5530388892608209,865,0,0.20618567104838822,0.24635434634251835,618,0.125,0.32547880987260563,0.5911823608421747,848,137.87282787651333,0.855479216062355,737.25,717.931704566781,0.5413402369619951,732,sym,0.8243425715244881,0.7368036147090654,0.2019191155201387,6,550.5,2.4609684237615375e-10,0.00015478833000881487,4.074650382792259e-20,0.7155315623441392,0.7944732250957564,0.0014558278153240743,0.857170449058426,0.004075061739431462,,0.9919828214554767,0.9855281704421661,0.9855281704421661,0.9855281704423273,,3.222173675010665e-09,0.9999999999678165,2.5921270694218144e-10,,,,,1.0,,8.90844687363707e-11,1.0,0.25,2.577155149089739e-11,2.577155149089739e-11,0.0,2.2095702016140923,0.6304403973523629,636,1.1718281047539985,0.5417187351633389,1771,802.5661966467314,0.5793678214639773,1203.5,935.9002908184461,0.47430131115127583,1643,0.7763846615972358,0.5622554397616224,0.28785410495344815,6,1233.75,,,,,,,,,,,,,1.6523872323901723e-15,0.03641360043845894,4.074650382792259e-20,0.7936579236805157,0.24560012997823868,0.0016018618891092996,0.6484653415572375,1.0,0.004075061739431462,,0.0008499884728385737,0.000798221022737631,0.000798221022737631,0.0007982210227315136,,0.0,2.5176360954131315e-15,0.020163910573066348,2.4103958090693507e-15,,,,,0.4782608695652174,,2.81861232732964e-18,1.0,0.7906976744186046,8.635457229108985e-17,8.635457229108985e-17,0.9302325581395349,0.5674759776447036,0.17675400427451315,664,1.2717359915921893,0.6173124833123489,1828,823.0722933011414,0.6153867788312424,1246.0,974.1508828250401,0.5165718940885184,1690,1409.1368421052632,1454.5,398.32527672708756,380,0.6645304607900322,0.5565550872278735,0.3678621512786154,7,1269.25
db1,,,,14.496278149660126,1082078.4793712017,0.6456310679611651,140.47977284748154,206,raw,143.58130023483304,-24747.780361122022,7.326931721003346,123196.58906353099,1.0,2.8094798349998003e-06,1.0,462.4478348960022,,,,[],[],13,935.012736045904,123.0365799264593,1329.3607486307094,"[8, 32, 51, 63, 81, 100, 111, 133, 152, 162, 175, 192, 204]","[1241.6795077635775, 902.2682527940345, 1112.986073587626, 1120.0571413994915, 1329.3607486307094, 1114.400287149999, 900.8540392316617, 954.5941546018391, 1090.3586565896562, 277.1858582251266, 1179.4541110191612, 808.9301576774104, 123.0365799264593]","[0, 13, 39, 39, 76, 99, 107, 107, 107, 161, 164, 187, 203]","[76, 39, 61, 76, 205, 164, 119, 142, 164, 164, 205, 205, 205]",75509226.0,1330.7749621930825,-1330.7749621930825,0.0,,,,SWT,mdp.39015067403892,37754613.0,,0.0,33.0,19.0,0.0,28.5,,389.7749621930825,530.200236045904,798.8344314032474,530.200236045904,,0.0,530.200236045904,,,120.0365799264593,0.0,24.0,389.3607486307094,389.7749621930825,,135.44783489600218,0.0,,1.0000000000000002,0.5186768135738263,0.18214399416977645,0.40000000000000036,0.10371463086228686,,0.13377373063929424,0.23934264548265266,0.23934264548265266,0.2393426454826526,,0.2636617061974137,0.1942988091521363,0.0,,,,,,0.2073409766115497,0.9999999999999999,1.0,0.1379246928396315,0.1379246928396315,1.3580039803854353,0.45654971534085803,65,1.5518962562167162,0.8818992217401166,18,0,0.37107778869612673,0.6173694898008439,24,0.0,0.4577907769436987,0.7931723078676228,24,21.68524844220144,0.7954221845075335,32.75,25.927977839335185,0.743229960178295,33,db,0.9380878725805777,0.8243093411562624,0.09604568684671688,4,25.75,0.050032830329541526,0.011538603118784463,,1.0,0.5186768135738264,0.3236910677892939,0.40000000000000036,0.5846738746365746,0.0,0.15197916250664356,0.46380383582394774,0.46380383582394774,0.46357640048179094,,0.2636617061974137,0.1942988091521363,0.20464293124680127,,,,,0.9166666666666666,,0.4700983734225437,0.9999999999999998,0.847457627118644,0.2543762523877602,0.2543762523877602,0.9237288135593218,1.8672085734458461,0.6127521679067033,63,1.833524920570688,0.9430593284596032,24,27.577164466275352,0.869919035536437,43.5,34.758620689655174,0.832365178145577,24,0.9080317387829661,0.7281573716544635,0.1459305713555847,6,19.5,,,1.0,0.8,0.9732142857142858,,0.9999999999999998,1.0,False,False,0.0,0.0,0.0012181054338302319,0.017619966432279435,,0.1582716242662966,0.35082961623474385,0.00027964081168684973,0.5652820998511706,1.0,0.00765275691851207,0.938252050785138,0.001332866392215367,0.003283967861129041,0.003283967861129041,0.003283967861122718,,0.0,0.0011405099771480455,0.003692790183928679,0.0024159356732893445,,,,,0.4782608695652174,,1.182356160600197e-05,1.0,0.8604651162790697,0.0016357258394453162,0.0016357258394453162,0.9302325581395349,0.571037622108344,0.17786336386954563,610,1.2806437876647545,0.621636410409443,1819,854.8920984545359,0.6005177110025532,1214.5,913.618773157678,0.5164971732582859,1691,1009.0473684210526,935.5,610.6543869996938,760,0.4758535102197843,0.8532293215616218,0.41093374637766444,5,1269.5
gaus1,,,,-44.20788058796675,2938989480.478948,0.6027508090614887,1081.4032693365807,206,smoothed,95739.23159045517,,13.264704389155622,1843547.8494834474,0.022344833433452106,5.26518832357373e-06,-0.1647015285511402,34688.18440635514,,,,[],[],1,28629.442331871192,28629.442331871192,28629.442331871192,[105],[28629.442331871192],[3],[126],2879777659625.575,239017.08676749485,-239017.08676749485,0.0,,,,CWT,mdp.39015067403892,2879746923149.7354,,0.0,-21.5,21.0,0.0,-21.5,,238288.68676749486,28371.24233187119,22949.042331871195,28371.24233187119,,0.0,28371.24233187119,,,28625.24233187119,0.0,-21.5,27901.04233187119,238288.68676749486,,34325.78440635514,0.7692641185112821,,0.030878285237263436,0.6060428547320102,0.7496513207447347,0.0,1.0,,0.3433825893412976,0.036465036272077145,0.036465036272077145,0.03646503627207712,,0.2868568753476792,0.0,0.0,,,,,,0.8974709785073182,0.0,0.0,1.0,1.0,1.5279972363747574,0.4622490290041657,7,1.6271532944341152,0.804563361493785,5,0,0.331221825143752,0.49056686090007123,6,0.11111111111111112,0.5139240168476057,0.8681135331232426,4,1.2909944487358056,0.8709005551264195,5.5,5.266457680250784,0.6604502775632097,4,gaus,0.5375,1.0,0.32375,1,3.25,0.7679346947851482,1.0,,0.026454500927364843,0.5592524756975852,0.7491890121403522,0.0,1.0,,0.3549250805690298,0.07963170992037988,0.07963170992037988,0.07963170992037985,,0.28707003472056786,0.022763686001515238,0.0,,,,,0.375,,0.8975423784999571,0.5,0.6060606060606061,1.0,1.0,0.46511627906976744,1.5354634291300848,0.47387050458180047,13,1.6004738529109321,0.7336006460748222,9,2.8284271247461903,0.8585786437626906,11.0,10.636363636363637,0.6542893218813453,11,0.5743243243243243,1.0,0.2979729729729729,2,8.75,102.0,False,0.0,1.0,0.0,0.9999999999999999,0.0,,,,,,0.812226091004378,0.03404718733996025,,0.0011356626187406516,0.9849298060654116,0.7726255858947235,0.38242457042348826,0.09096991485523553,0.14660804470660657,,0.38329293233022754,0.2559899596017223,0.2559899596017223,0.25598995960171755,,0.0,0.28903304079345116,0.10617081654057137,0.17312254439765384,,,,,0.5652173913043478,,0.901846488416012,0.15503875968992253,0.15503875968992242,1.0,1.0,0.15503875968992253,1.7685677488121692,0.5508628448569004,14,1.3813420890487458,0.6705163028585518,1717,1204.2028483606905,0.43728838861649977,865.5,27.7735413056037,0.5164245681400256,1692,1982.5625,2068.5,192.51804028021203,16,0.9349504833765622,0.26899346077528574,0.26483662340382075,10,1271.5
bior3.1,,,,8.556162772442798,587108.1077318155,0.6407766990291263,114.13981543857871,206,raw,168.2943924698409,,6.95405875323888,145506.12410600664,1.0,1.7986397887440479e-06,0.63131184525329,393.85847712090697,,,,[],[],12,1270.8771252700722,129.40054095713822,2027.2751416618316,"[7, 22, 32, 51, 64, 81, 101, 115, 132, 152, 175, 194]","[1435.0732124180981, 854.8920984545359, 1377.797563141988, 1547.503190626759, 1445.6798141358963, 2027.2751416618316, 1326.8858748965565, 129.40054095713822, 1364.1857576041468, 1441.437173448777, 1274.2064196981582, 1026.188716196977]","[1, 12, 12, 41, 60, 41, 98, 113, 125, 150, 171, 187]","[41, 24, 41, 76, 76, 150, 150, 125, 150, 171, 205, 205]",84700754.4375,1805.4203890645522,-1805.4203890645522,0.0,,,,SWT,mdp.39015067403892,46946141.4375,,0.0,-8.0,20.0,0.0,-3.5,,864.4203890645522,866.0646252700722,2296.525503240866,866.0646252700719,,0.0,866.0646252700722,,,126.40054095713822,0.0,-17.0,1087.2751416618316,864.4203890645522,,66.85847712090697,0.820842241859868,,0.33265302826357224,0.0,0.0,0.3714285714285718,0.8857580246608373,,0.14370588697446224,0.9161051099273674,0.9161051099273674,0.9161051099273672,,0.0,0.558877006121925,0.9775275181961869,,,,,,0.8989664054324275,0.30508474576271183,0.18,0.9008391442393932,0.9008391442393932,2.9744931050314105,1.0,1,1.2255638002855496,0.6964536175243875,41,0,0.6010627263356212,1.0,1,0.0,0.44325622100672213,0.7679896090082691,32,20.822663934601003,0.8035597742018773,18.75,1.9458657767890248,0.8133364908745235,11,bior,0.3321683876092137,0.4904554991310134,0.6203454789342464,1,8.5,0.8298060115751142,0.0,,0.3326530282635722,0.0,0.1730708983127537,0.37142857142857183,0.9470618637709927,,0.16170257523537582,0.9408615219667988,0.9408615219667988,0.9408364375277729,,0.0,0.558877006121925,0.9821263527449097,,,,,1.0,,0.9324578860258717,0.30508474576271183,0.15254237288135594,0.9142340718095683,0.9142340718095683,0.3813559322033898,3.019736766484289,0.9909713764628295,2,1.3473632655255157,0.6930058501643602,102,70.71067811865476,0.6664590654780436,52.0,3.9230769230769234,0.7105880233050595,61,0.5170065075921908,0.6634325577032603,0.4390656773744883,2,46.25,,,0.6921116808342052,1.0,0.40178571428571436,,0.7122450546465886,1.0,False,False,0.0,0.0,0.0014277647132000095,0.01085805115632724,,0.14237146042495352,0.3110101699783503,0.000149518140287563,0.5445812474631311,0.7122450546465888,0.009454730697686159,,0.0014181413064207915,0.006332522698879488,0.006332522698879488,0.006332522698873183,,0.0,0.0005629677305057416,0.010621863979693886,0.006746408852611206,,,,,0.5217391304347826,,1.4702060260831255e-05,0.3643410852713178,0.22480620155038755,0.0036276182507480603,0.0036276182507480603,0.43410852713178294,0.37098081771519115,0.11555087373451443,1998,0.7512008781981117,0.3646398959003416,2058,42.42640687119285,0.9801745762284145,2028.0,2027.5562130177516,0.5162555124132726,1693,1104.4,1082.5,563.6960149978129,300,0.520820561188399,0.7876173146100969,0.3991404127850916,6,1271.25
haar,,,,14.496278149660126,1082078.4793712017,0.6456310679611651,140.47977284748154,206,raw,143.58130023483304,-24747.780361122022,7.326931721003346,123196.58906353099,1.0,2.8094798349998003e-06,1.0,462.4478348960022,,,,[],[],13,935.012736045904,123.0365799264593,1329.3607486307094,"[8, 32, 51, 63, 81, 100, 111, 133, 152, 162, 175, 192, 204]","[1241.6795077635775, 902.2682527940345, 1112.986073587626, 1120.0571413994915, 1329.3607486307094, 1114.400287149999, 900.8540392316617, 954.5941546018391, 1090.3586565896562, 277.1858582251266, 1179.4541110191612, 808.9301576774104, 123.0365799264593]","[0, 13, 39, 39, 76, 99, 107, 107, 107, 161, 164, 187, 203]","[76, 39, 61, 76, 205, 164, 119, 142, 164, 164, 205, 205, 205]",75509226.0,1330.7749621930825,-1330.7749621930825,0.0,,,,SWT,mdp.39015067403892,37754613.0,,0.0,33.0,19.0,0.0,28.5,,389.7749621930825,530.200236045904,798.8344314032474,530.200236045904,,0.0,530.200236045904,,,120.0365799264593,0.0,24.0,389.3607486307094,389.7749621930825,,135.44783489600218,0.0,,1.0000000000000002,0.5186768135738263,0.18214399416977645,0.40000000000000036,0.10371463086228686,,0.13377373063929424,0.23934264548265266,0.23934264548265266,0.2393426454826526,,0.2636617061974137,0.1942988091521363,0.0,,,,,,0.2073409766115497,0.9999999999999999,1.0,0.1379246928396315,0.1379246928396315,1.3580039803854353,0.45654971534085803,62,1.5518962562167162,0.8818992217401166,17,0,0.37107778869612673,0.6173694898008439,23,0.0,0.4577907769436987,0.7931723078676228,23,20.694202086574876,0.8047716784285389,31.25,24.705222929936305,0.754980178836911,29,haar,0.3915806195393169,,,7,23.5,0.050032830329541526,0.011538603118784463,,1.0,0.5186768135738264,0.3236910677892939,0.40000000000000036,0.5846738746365746,0.0,0.15197916250664356,0.46380383582394774,0.46380383582394774,0.46357640048179094,,0.2636617061974137,0.1942988091521363,0.20464293124680127,,,,,0.9166666666666666,,0.4700983734225437,0.9999999999999998,0.847457627118644,0.2543762523877602,0.2543762523877602,0.9237288135593218,1.8672085734458461,0.6127521679067033,62,1.833524920570688,0.9430593284596032,23,27.577164466275352,0.869919035536437,42.5,33.55294117647059,0.8347236687116147,23,0.42776572668112794,0.7,0.4905639913232105,1,17.5,,,1.0,0.8,0.9732142857142858,,0.9999999999999998,1.0,False,False,0.0,0.0,0.0012181054338302319,0.017619966432279435,,0.1582716242662966,0.35082961623474385,0.00027964081168684973,0.5652820998511706,1.0,0.00765275691851207,0.938252050785138,0.001332866392215367,0.003283967861129041,0.003283967861129041,0.003283967861122718,,0.0,0.0011405099771480455,0.003692790183928679,0.0024159356732893445,,,,,0.4782608695652174,,1.182356160600197e-05,1.0,0.8604651162790697,0.0016357258394453162,0.0016357258394453162,0.9302325581395349,0.571037622108344,0.17786336386954563,609,1.2806437876647545,0.621636410409443,1820,856.306312016909,0.5998568635435004,1214.5,912.6224783861671,0.5161667495287596,1694,327.0,268.5,438.5491630604859,20,0.1542089129922188,0.6127574170194295,0.7082265357996179,2,1271.0
sym5,1.0,reflect,2.3053986667682838e-21,265.84433209186767,6093015.625618428,0.6448598130841121,302.57067726982655,206,raw,3.822847971297422e-11,,6.33210474492708,61882.445499419875,0.7693529560271177,5.618943883691695e-06,1.0,327.0000000000802,,,,[],[],13,661.1538461537677,86.99999999999727,939.9999999999015,"[8, 32, 51, 63, 81, 100, 111, 133, 152, 162, 175, 192, 204]","[877.9999999999786, 637.9999999998365, 786.9999999998358, 791.9999999999402, 939.9999999999015, 787.9999999999354, 636.9999999998969, 674.9999999999363, 770.9999999999488, 195.99999999990348, 833.9999999998744, 571.9999999999959, 86.99999999999727]","[0, 13, 39, 39, 76, 99, 107, 107, 107, 161, 99, 187, 203]","[76, 39, 61, 76, 205, 164, 119, 142, 164, 164, 205, 205, 205]",37754612.99999758,940.9999999999696,-940.9999999999696,0.0,,,,DWT,mdp.39015067403892,2.421438694000244e-06,,0.0,33.0,19.0,0.0,28.5,,3.035438567167148e-11,256.34134615376774,4359.000000001019,256.34134615377394,,0.0,256.34134615376774,,,83.99999999999727,0.0,19.5,9.845280146691948e-11,3.035438567167148e-11,,8.020606401260011e-11,4.82839994934733e-11,1.6314519541793212e-21,0.7671030613553732,0.79120929061784,0.0004018233616973241,0.6578771695594123,0.0003354167827584328,,0.4742280246084307,6.635221590214083e-09,6.635221590214083e-09,6.026053158702499e-09,,4.034437643258247e-09,0.9999999933647039,1.1788826591529258e-10,,,,,,2.3967261870298408e-11,1.0,0.0,3.801659805563317e-11,3.801659805563317e-11,0.7422684119571834,0.2426715943619691,656,1.1193524283543461,0.537628762030764,877,0,0.20618567012682976,0.24635434524142372,660,0.125,0.3104538231036236,0.5638917757709503,879,127.03018014104627,0.8668446749045636,768.0,752.2404010654765,0.5309066141818415,759,sym,0.8243425715244881,0.7368036147090654,0.2019191155201387,6,570.75,4.82839994934733e-11,0.00015478832997595227,1.6314519541793214e-21,0.7671030613553732,0.7912092906178401,0.0014348875370847646,0.7428676832267582,0.002700323854143579,,0.9919828214561532,0.9855281704443677,0.9855281704443677,0.9855281704443251,,8.643511512243438e-10,0.9999999999670613,6.569452859582357e-11,,,,,1.0,,2.3967261870298408e-11,1.0,0.25,3.801659805563317e-11,3.801659805563317e-11,0.0,2.209570200312508,0.6304403969809915,666,1.154857565236525,0.5338735066992416,1806,806.1017305526642,0.5775148162721886,1236.0,973.1359223300972,0.4648580370669119,1681,0.7763846615972358,0.5622554397616224,0.28785410495344815,6,1262.25,,,,,,,,,,,,,3.241970255343662e-16,0.03641360043842734,1.6314519541793214e-21,0.831065835336992,0.2445911309249099,0.0015969651709692144,0.5619931793783042,1.0,0.002700323854143579,,0.0008499884728390856,0.0007982210227394141,0.0007982210227394141,0.0007982210227331316,,0.0,6.753582757847775e-16,0.020163910573054535,6.108875536008364e-16,,,,,0.4782608695652174,,7.583187138924941e-19,1.0,0.7906976744186046,1.273849215564696e-16,1.273849215564696e-16,0.9302325581395349,0.5674759776446976,0.1767540042745113,705,1.2585350306746421,0.6109046140533231,1837,800.4448763031718,0.6259603381760879,1271.0,1018.9496459480723,0.5160175522656141,1695,1409.1368421052632,1454.5,398.32527672708756,380,0.6645304607900322,0.5565550872278735,0.3678621512786154,7,1273.0
sym7,1.0,symmetric,5.767687481235089e-20,251.8617752649753,6111390.844465626,0.6651376146788991,311.9773023087221,206,raw,1.9572516207550879e-10,,6.341813853493427,61739.35257297261,0.773476847038452,5.618943883696373e-06,1.0,327.000000000299,,,,[],[],13,661.1538461535686,87.00000000002116,939.9999999996115,"[8, 32, 51, 63, 81, 100, 111, 133, 152, 162, 175, 192, 204]","[877.9999999999919, 637.9999999993091, 786.9999999992148, 791.9999999998681, 939.9999999996115, 787.9999999997934, 636.9999999996325, 674.9999999997161, 771.0000000000025, 195.99999999954423, 833.9999999995166, 572.0000000001692, 87.00000000002116]","[0, 13, 39, 39, 76, 99, 107, 107, 107, 161, 99, 187, 203]","[76, 39, 61, 76, 205, 164, 119, 142, 164, 164, 205, 205, 205]",37754612.999990925,940.9999999999794,-940.9999999999794,0.0,,,,DWT,mdp.39015067403892,9.074807167053223e-06,,0.0,33.0,19.0,0.0,28.5,,2.05773176276125e-11,256.34134615356857,4359.000000003609,256.3413461535929,,0.0,256.34134615356857,,,84.00000000002116,0.0,19.5,3.8846792449476197e-10,2.05773176276125e-11,,2.9899638320785016e-10,2.472837900467035e-10,4.0815974956623755e-20,0.7155042611682737,0.7945633005734507,0.00042250251228130586,0.8099606815203146,0.00032383155058644895,,0.4742280246361812,6.4809816742532096e-09,6.4809816742532096e-09,5.885855061488733e-09,,1.5039788804775605e-08,0.999999993518998,4.651549707073381e-10,,,,,,8.98219229477645e-11,1.0,0.0,2.577155149089739e-11,2.577155149089739e-11,0.7422684176123904,0.2426715962108395,613,1.150909263546376,0.5527856168408642,866,0,0.20618567105410882,0.2463543463493534,613,0.125,0.32528922536745575,0.5908380096526841,849,141.33264543857752,0.8518525729155372,735.25,714.8942101220456,0.5405751334179363,735,sym,0.8243425715244881,0.7368036147090654,0.2019191155201387,6,552.75,2.472837900467035e-10,0.0001547883300084263,4.081597495662376e-20,0.7155042611682737,0.7945633005734508,0.0014555453161915416,0.857170449058426,0.002688766029161914,,0.9919828214565765,0.9855281704421355,0.9855281704421355,0.9855281704422962,,3.222173675010665e-09,0.9999999999678274,2.5921270694218144e-10,,,,,1.0,,8.98219229477645e-11,1.0,0.25,2.577155149089739e-11,2.577155149089739e-11,0.0,2.209570201614769,0.630440397352556,631,1.1713021022540082,0.5414755720169426,1773,807.5159441150373,0.5767736141954731,1202.0,930.7512479201331,0.47339728927803004,1646,0.7763846615972358,0.5622554397616224,0.28785410495344815,6,1236.0,,,,,,,,,,,,,1.660356847755386e-15,0.03641360043845863,4.081597495662376e-20,0.7936381204947547,0.24562797553467886,0.001601795828925618,0.6484653415572375,1.0,0.002688766029161914,,0.0008499884728394056,0.0007982210227376062,0.0007982210227376062,0.0007982210227314882,,0.0,2.5176360954131315e-15,0.020163910573066518,2.4103958090693507e-15,,,,,0.4782608695652174,,2.8419452108340245e-18,1.0,0.7906976744186046,8.635457229108985e-17,8.635457229108985e-17,0.9302325581395349,0.5674759776447039,0.17675400427451327,657,1.2711834811447529,0.617044289600275,1829,828.7291475506337,0.612743388995031,1243.0,966.7361222847949,0.5159511337498519,1696,1409.1368421052632,1454.5,398.32527672708756,380,0.6645304607900322,0.5565550872278735,0.3678621512786154,7,1273.75
rbio2.6,,,,12.110065192616554,1405709.5075645675,0.6650485436893204,185.2724429560914,206,raw,148.48273743581007,,7.468019470425005,123214.09331015937,1.0,2.0795652383000697e-06,0.8731283740515445,410.3194258024743,,,,[],[],16,909.0661281056005,44.51458158438437,1666.8481759709691,"[8, 27, 41, 52, 65, 79, 90, 100, 111, 121, 133, 146, 159, 176, 192, 202]","[1666.8481759709691, 1200.3109989283005, 816.4694075182255, 1406.66740719262, 1038.3904513762411, 1665.8538070599257, 773.5002409497548, 1046.8329196445873, 699.4625701829, 44.51458158438437, 1068.4783973429014, 138.5252567838951, 1128.7633936428506, 917.6961626624624, 707.242125843884, 225.50215300570449]","[0, 13, 39, 42, 59, 42, 84, 99, 107, 119, 126, 143, 126, 164, 188, 201]","[42, 42, 42, 73, 73, 126, 92, 126, 126, 123, 151, 148, 164, 188, 205, 205]",75711626.27597809,1619.646036190903,-1619.646036190903,0.0,,,,SWT,mdp.39015067403892,37957013.27597809,,0.0,-1.5,16.0,0.0,12.0,,678.646036190903,504.25362810560046,1591.0580496896073,504.25362810560034,,0.0,504.25362810560046,,,41.51458158438437,0.0,16.5,726.8481759709691,678.646036190903,,83.31942580247431,0.16280061847889837,,0.731919013406902,0.7149338518436363,0.3012368762693089,0.5142857142857146,0.10432822860930759,,0.01122540585797635,0.18706056111454575,0.18706056111454575,0.18706056111454544,,0.06327689827977967,0.3871472969229429,0.4726987300513067,,,,,,0.2225707807315796,0.4152542372881356,0.8499999999999999,0.6022374291845778,0.6022374291845778,1.3277036608702186,0.4463629983288188,70,1.601142771677071,0.9098846386028238,9,0,0.3377600879610628,0.5619381691162537,39,0.0,0.4890792707258164,0.8473830261100226,9,29.159046623646667,0.7249146544938994,31.75,15.258500232883096,0.7126931763035534,38,rbio,0.4644956314535345,0.6222068689729192,0.48819099729065013,2,29.0,0.2046880730865408,0.003206726207969135,,0.7319190134069019,0.7149338518436363,0.42217243780120545,0.5142857142857146,0.5849582072649729,,0.03200642941098378,0.42694959004978383,0.42694959004978383,0.42670652244735047,,0.06327689827977967,0.3871472969229429,0.5806072075837683,,,,,0.6666666666666666,,0.4802796717330846,0.4152542372881355,0.7203389830508475,0.6559683170972647,0.6559683170972647,0.6440677966101694,1.920866051708663,0.6303606646742989,52,1.8701620874778395,0.961903371227981,16,25.45584412271571,0.8799252635720957,34.0,24.470588235294116,0.8597739525407648,17,0.6261605206073753,0.9968249595590992,0.26264014770710753,4,13.75,,,0.8940505921869464,0.20000000000000007,0.6785714285714287,,0.9009788155066241,1.0,False,False,0.0,0.0,0.0012596879190029029,0.012737274378431345,,0.15188434479983248,0.36589650641241966,0.0003647201141039637,0.6480855094033285,0.9009788155066243,0.007654170762116991,,0.0002806983101703098,0.003048457161878242,0.003048457161878242,0.003048457161871916,,0.0,0.000701573683262862,0.007358015955168022,0.0045100037524816285,,,,,0.34782608695652173,,1.1886947029449397e-05,0.4651162790697674,0.7441860465116279,0.002847999396853773,0.002847999396853773,0.6744186046511628,0.405202149137433,0.1262099282121889,1694,0.9011477071012195,0.43742548184503205,2007,221.32442251138937,0.8965773726582292,1850.5,1837.2645231018644,0.5159288732450025,1697,818.67,599.5,715.6978453131971,300,0.38607403914171184,1.0,0.42974817260080167,3,1273.5
db26,,,,6.836254375139039,951839.8295969268,0.6893203883495146,152.41386434054235,206,raw,170.24757173543193,,7.374175412900765,123196.58906353099,1.0,2.810330934474666e-06,0.14939945856321596,513.8284848487497,,,,[],[],15,916.7461937290215,129.8030251118821,1540.1626506796733,"[2, 14, 25, 36, 46, 63, 74, 87, 100, 120, 131, 141, 154, 176, 195]","[209.35686920432704, 1142.1090141019613, 711.3342274373872, 1457.635439347142, 946.7060978505327, 260.49125113529954, 1353.7078838434556, 129.8030251118821, 1540.1626506796733, 1106.0237098403718, 908.7790179715316, 402.20275692056737, 1257.640019790033, 976.3663943167595, 1348.8745483843982]","[1, 1, 23, 23, 38, 59, 59, 86, 80, 105, 127, 139, 127, 169, 127]","[3, 23, 34, 80, 59, 64, 80, 94, 127, 127, 139, 144, 169, 192, 203]",75547510.91316654,1306.9880981197393,-1306.9880981197393,0.0,,,,SWT,mdp.39015067403892,37792897.91316654,,0.0,-24.5,17.0,0.0,-6.5,,365.98809811973933,511.93369372902146,797.1929059353224,511.93369372902146,,0.0,511.93369372902146,,,126.8030251118821,0.0,-24.5,600.1626506796733,365.98809811973933,,186.82848484874967,0.8857168448385613,,0.13942855572102086,0.584394121325392,0.1342175136683374,0.6571428571428573,0.10371463086228686,,0.14433403908414255,0.20253579548044476,0.20253579548044476,0.2025357954804447,,0.46117208202706494,0.19389921780340655,0.2952577883456407,,,,,,0.21022176185485564,0.025423728813559338,0.030000000000000027,0.09969122143625175,0.09969122143625175,1.0809195712718407,0.3633962268876822,98,1.1288893098472006,0.641516209473964,53,0,0.19436751553045292,0.32337309737273917,102,0.0,0.39918361417410003,0.691629024575891,46,29.341381471680343,0.72319451441811,74.75,65.99020311344947,0.5090029175864135,96,db,0.9380878725805777,0.8243093411562624,0.09604568684671688,4,73.0,0.8914347545502784,0.011548318304774041,,0.13942855572102084,0.5843941213253921,0.28405926632120765,0.6571428571428573,0.5846738746365746,,0.1623175255052602,0.43785826168418296,0.43785826168418296,0.4376198211522725,,0.46117208202706494,0.19389921780340655,0.43947830031194246,,,,,0.75,,0.4720242113190487,0.02542372881355931,0.02542372881355931,0.2213074659427377,0.2213074659427377,0.33050847457627114,1.6856924937935618,0.5531849760575337,91,1.419953636953358,0.7303421449500711,97,4.242640687119285,0.9799875439286826,94.0,93.90425531914893,0.7682956587567942,42,0.9080317387829661,0.7281573716544635,0.1459305713555847,6,33.0,,,0.289670775660244,0.4000000000000001,0.34821428571428575,,0.3361204878228924,1.0,False,False,0.0,0.0,0.0014443349648467752,0.017625659778681534,,0.1377677072025637,0.35587481342815164,0.00024540239662387375,0.751589771343526,0.3361204878228925,0.00765275691851207,,0.0014235344572586695,0.003118167145912584,0.003118167145912584,0.00311816714590626,,0.0,0.0015731499226182212,0.003685195659718206,0.003723935611517248,,,,,0.3913043478260869,,1.1835551241001143e-05,0.10852713178294571,0.10852713178294571,0.001535902115558027,0.001535902115558027,0.3875968992248062,0.26409137531925275,0.08225759313333804,2060,0.7045869370909565,0.3420130551628964,2070,7.0710678118654755,0.9966957627047358,2065.0,2064.98789346247,0.5158712458383492,1698,1009.0473684210526,935.5,610.6543869996938,760,0.4758535102197843,0.8532293215616218,0.41093374637766444,5,1274.75
sym5,1.0,antisymmetric,2.3044856928910285e-21,265.84605230648157,6047812.032644331,0.6448598130841121,302.57067726982655,206,raw,3.818915841594673e-11,,6.322149724492904,72048.49312428325,0.801963416140256,5.618943883691703e-06,1.0,327.0000000000802,,,,[],[],13,661.1538461537683,86.99999999998263,939.9999999999015,"[8, 32, 51, 63, 81, 100, 111, 133, 152, 162, 175, 192, 204]","[878.0000000000011, 637.9999999998365, 786.9999999998358, 791.9999999999402, 939.9999999999015, 787.9999999999354, 636.9999999998969, 674.9999999999363, 770.9999999999488, 195.99999999990348, 833.9999999998744, 571.9999999999959, 86.99999999998263]","[0, 13, 39, 39, 76, 99, 107, 107, 107, 161, 99, 187, 203]","[76, 39, 61, 76, 205, 164, 119, 142, 164, 164, 205, 205, 205]",37754612.99999759,940.9999999999696,-940.9999999999696,0.0,,,,DWT,mdp.39015067403892,2.4065375328063965e-06,,0.0,33.0,19.0,0.0,28.5,,3.035438567167148e-11,256.3413461537683,4359.000000001011,256.3413461537745,,0.0,256.3413461537683,,,83.99999999998263,0.0,19.5,9.845280146691948e-11,3.035438567167148e-11,,8.020606401260011e-11,4.8234316352499316e-11,1.6308058734102285e-21,0.7671094093367361,0.7877703304479778,0.00035095202711232776,0.6578771695594123,0.001158490465921186,,0.4742280245914271,6.6356617726226465e-09,6.6356617726226465e-09,6.026493341111334e-09,,4.034437643258247e-09,0.9999999933642705,1.1788826591529258e-10,,,,,,2.381977102801965e-11,1.0,0.0,3.801659805563317e-11,3.801659805563317e-11,0.7422684119521881,0.24267159436033597,662,1.1179405508641906,0.5369506324909127,878,0,0.2061856701254744,0.24635434523980432,669,0.125,0.3100737645550563,0.5632014576820761,881,123.59207094308275,0.8704485629527434,772.5,757.6664087965926,0.5303500676398938,762,sym,0.8243425715244881,0.7368036147090654,0.2019191155201387,6,573.0,4.8234316352499316e-11,0.0001547883299760633,1.6308058734102285e-21,0.767109409336736,0.787770330447978,0.001384068776978736,0.7428676832267582,0.0035214503914273434,,0.9919828214558941,0.985528170444374,0.985528170444374,0.9855281704443315,,8.643511512243438e-10,0.9999999999670591,6.569452859582357e-11,,,,,1.0,,2.381977102801965e-11,1.0,0.25,3.801659805563317e-11,3.801659805563317e-11,0.0,2.209570200312361,0.6304403969809496,670,1.1534449351752571,0.5332204687946726,1808,804.6875169902911,0.578256018348904,1239.0,977.6916868442294,0.46444247458325705,1685,0.7763846615972358,0.5622554397616224,0.28785410495344815,6,1265.25,,,,,,,,,,,,,3.238634341440103e-16,0.03641360043842739,1.6308058734102285e-21,0.8310704399098776,0.24352802516120547,0.0015850816065951412,0.5619931793783042,1.0,0.0035214503914273434,,0.0008499884728388894,0.0007982210227394193,0.0007982210227394193,0.0007982210227331368,,0.0,6.753582757847775e-16,0.0201639105730545,6.108875536008364e-16,,,,,0.4782608695652174,,7.536521371916172e-19,1.0,0.7906976744186046,1.273849215564696e-16,1.273849215564696e-16,0.9302325581395349,0.5674759776446976,0.1767540042745113,703,1.2583287493692477,0.6108044831883197,1838,802.5661966467314,0.6249690669875086,1270.5,1017.0121999212906,0.5156387391012309,1699,1409.1368421052632,1454.5,398.32527672708756,380,0.6645304607900322,0.5565550872278735,0.3678621512786154,7,1276.0
coif3,,,,7.444371995110325,967340.7710060242,0.6796116504854369,155.70936567682122,206,raw,162.5969916463737,,7.30839163077569,123196.58906353096,1.0,2.6827490595203564e-06,0.2819250087228938,483.004107046541,,,,[],[],12,1017.2595523909104,93.51747713435134,1594.5783490224374,"[13, 34, 50, 66, 84, 104, 118, 131, 142, 160, 178, 193]","[1362.7603955980999, 912.9358446747867, 1297.843327068991, 1594.5783490224374, 1498.0240876177998, 1206.0508068547979, 93.51747713435134, 1174.7803036988316, 250.37153807490074, 1190.1895817620994, 914.4115206838223, 711.6513965000091]","[5, 14, 40, 40, 79, 97, 116, 124, 140, 124, 172, 189]","[40, 40, 62, 124, 124, 124, 121, 149, 149, 189, 189, 199]",75471489.24371366,1308.8194626381057,-1308.8194626381057,0.0,,,,SWT,mdp.39015067403892,37716876.24371366,,0.0,-26.0,20.0,0.0,-26.0,,367.81946263810573,612.4470523909104,746.8853713090757,612.4470523909105,,0.0,612.4470523909104,,,90.51747713435134,0.0,-26.0,654.5783490224374,367.81946263810573,,156.00410704654098,0.6316037920440158,,0.20774801188914535,0.4928870252169339,0.13992170030943538,0.6000000000000002,0.10371463086228583,,0.08770362706830606,0.4050689323657428,0.4050689323657428,0.40506893236574304,,0.34268127955515415,0.18165301388798333,0.37147464686447973,,,,,,0.20450143796176817,0.0,0.0,0.10263483866659506,0.10263483866659506,1.3820822518509914,0.46464463121907174,58,1.072156850710847,0.6092767402701886,54,0,0.24056603198454066,0.4002344870911418,85,0.0,0.36803098392313666,0.6376537046769883,57,14.433756729740644,0.8638324836816921,63.5,61.47371235507159,0.6323879399540535,53,coif,1.0,1.0,0.0,5,41.0,0.6500356970107242,0.010091988368399751,,0.20774801188914532,0.49288702521693395,0.28877622425618715,0.6000000000000002,0.5846738746365742,,0.106877311875274,0.5806262116310384,0.5806262116310384,0.5804483281857218,,0.3426812795551541,0.18165301388798333,0.5000979174930635,,,,,1.0,,0.46820010934574474,0.0,0.0,0.22385345107024837,0.22385345107024837,0.0,1.7904309595659942,0.5875564559650199,82,1.3632100736211337,0.7011565330556679,101,13.435028842544403,0.9366272224408283,91.5,90.5136612021858,0.7525117244279613,44,1.0,0.7220099692676862,0.08339700921969413,7,34.75,,,0.4003417271401397,1.0,0.0,,0.43955446570679707,1.0,False,False,0.0,0.0,0.001379429485071949,0.01677221334827577,,0.13939548194738371,0.3488497029928829,0.00024947743630488557,0.710188066567447,0.43955446570679724,0.007652756918512069,,0.0009373204506416849,0.0040305010986578125,0.0040305010986578125,0.004030501098651495,,0.0,0.001313599738964179,0.003452447647485901,0.00406157834329123,,,,,0.5217391304347826,,1.1811743636559078e-05,0.0852713178294574,0.0852713178294573,0.0015435876021969847,0.0015435876021969847,0.0852713178294574,0.25174998020724637,0.07841356961460717,2072,0.726590487910131,0.35269378346474173,2066,4.242640687119285,0.9980174576228414,2069.0,2068.995650072499,0.5155975138581497,1700,986.6382352941176,846.0,585.0035688138154,340,0.4652856568234462,0.8173890317607586,0.42908333069536003,4,1276.0
sym7,1.0,reflect,5.788643526025743e-20,251.84602441016634,6203509.982781398,0.6605504587155964,311.9773023087221,206,raw,1.9637861994584738e-10,,6.361735696090644,61417.960941130856,0.7701614374972607,5.618943883696404e-06,1.0,327.000000000299,,,,[],[],13,661.1538461535663,86.99999999998171,939.9999999996115,"[8, 32, 51, 63, 81, 100, 111, 133, 152, 162, 175, 192, 204]","[878.000000000002, 637.9999999993091, 786.9999999992148, 791.9999999998681, 939.9999999996115, 787.9999999997934, 636.9999999996325, 674.9999999997161, 771.0000000000025, 195.99999999954423, 833.9999999995166, 572.0000000001692, 86.99999999998171]","[0, 13, 39, 39, 76, 99, 107, 107, 107, 161, 99, 187, 203]","[76, 39, 61, 76, 205, 164, 119, 142, 164, 164, 205, 205, 205]",37754612.99999091,940.9999999999794,-940.9999999999794,0.0,,,,DWT,mdp.39015067403892,9.08970832824707e-06,,0.0,33.0,19.0,0.0,28.5,,2.05773176276125e-11,256.3413461535663,4359.000000003638,256.3413461535906,,0.0,256.3413461535663,,,83.99999999998171,0.0,19.5,3.8846792449476197e-10,2.05773176276125e-11,,2.9899638320785016e-10,2.481094454026266e-10,4.09642738058328e-20,0.7154461369482097,0.8014452978184682,0.0005261717827666979,0.7755570117955441,0.00029781072086785556,,0.47422802459035407,6.4792209446189525e-09,6.4792209446189525e-09,5.884094331853395e-09,,1.5039788804775605e-08,0.9999999935207317,4.651549707073381e-10,,,,,,8.996941379004326e-11,1.0,0.0,2.577155149089739e-11,2.577155149089739e-11,0.7422684175979981,0.2426715962061342,617,1.140595346050541,0.5478318073394853,871,0,0.20618567105000646,0.24635434634445183,617,0.125,0.32136034704485233,0.583701804493499,861,143.8181722407383,0.8492471989090793,741.5,720.5860947959632,0.5359967650729882,744,sym,0.8243425715244881,0.7368036147090654,0.2019191155201387,6,559.5,2.4810944540262654e-10,0.00015478833000870384,4.096427380583281e-20,0.7154461369482097,0.8014452978184683,0.0015591074466161274,0.8313133751810722,0.002662806756934941,,0.9919828214558777,0.98552817044211,0.98552817044211,0.9855281704422707,,3.222173675010665e-09,0.9999999999678358,2.5921270694218144e-10,,,,,1.0,,8.996941379004326e-11,1.0,0.25,2.577155149089739e-11,2.577155149089739e-11,0.0,2.2095702016146146,0.6304403973525119,632,1.1644067941501064,0.5382879734523978,1787,816.7083322704624,0.5719558006968226,1209.5,933.7610582885491,0.46902297372367335,1657,0.7763846615972358,0.5622554397616224,0.28785410495344815,6,1244.25,,,,,,,,,,,,,1.6659006099398537e-15,0.036413600438458836,4.096427380583281e-20,0.7935959595001949,0.24775544737953864,0.0016260130125217741,0.628903985630925,1.0,0.002662806756934941,,0.0008499884728388771,0.0007982210227375856,0.0007982210227375856,0.0007982210227314676,,0.0,2.5176360954131315e-15,0.020163910573066653,2.4103958090693507e-15,,,,,0.4782608695652174,,2.8466117875349013e-18,1.0,0.7906976744186046,8.635457229108985e-17,8.635457229108985e-17,0.9302325581395349,0.5674759776447038,0.1767540042745132,660,1.2643991029828294,0.6137510893145588,1832,828.7291475506337,0.612743388995031,1246.0,970.4012841091494,0.5152501991704127,1701,1409.1368421052632,1454.5,398.32527672708756,380,0.6645304607900322,0.5565550872278735,0.3678621512786154,7,1277.5
coif17,1.0,reflect,2.853421713303004e-26,312.6937391253405,7146835.646043489,0.5130718954248366,96.11073132706633,206,smoothed,1.2049907996980145e-13,-2.179310731875722e-10,6.827233780261881,30219.25923146133,0.9805230778042406,0.0001496656645132026,0.9999999999999997,362.4000000000002,,,,[],[],11,426.60000000000014,32.19999999999993,728.4000000000005,"[9, 31, 53, 64, 80, 102, 131, 148, 158, 175, 192]","[310.99999999999983, 417.8000000000003, 589.5999999999999, 432.2, 728.4000000000005, 371.00000000000034, 587.0000000000001, 32.19999999999993, 448.19999999999976, 368.00000000000034, 407.1999999999997]","[0, 0, 0, 60, 0, 94, 120, 144, 144, 165, 186]","[20, 40, 75, 75, 204, 120, 204, 149, 204, 186, 204]",30736475.840000004,728.4000000000005,-728.4000000000005,0.0,,,,DWT,mdp.39015067403892,7.450580596923828e-09,,0.0,15.0,11.0,0.0,33.0,,5.684341886080801e-13,168.4000000000002,987.7999999999975,168.4000000000001,,0.0,168.4000000000002,,,27.999999999999943,0.0,15.0,5.684341886080801e-13,5.684341886080801e-13,,2.2737367544323206e-13,2.1588267945895512e-13,7.872034133409805e-26,0.9528270503869043,0.9994397503103642,1.0,0.0,0.014665634851744498,,0.9999996646602125,4.406097391567225e-09,4.406097391567225e-09,3.6787861342541454e-09,,2.4503221863198973e-12,0.9999999955939026,3.7929866394817307e-13,,,,,,1.5893391424973748e-13,0.0,0.0,8.738507799082175e-13,8.738507799082175e-13,0.7999999009441532,0.30073748691165453,857,1.5772823593280871,0.800735565760084,33,0,0.16666663939581935,0.23713383958433354,857,0.0,0.4238474907927471,0.7477816869532452,39,474.01090001531963,0.5031332284954722,446.5,68.63679641556988,0.5175519391953252,839,coif,0.5556920286951962,0.9053407607371553,0.33941335169221604,4,630.25,1.339048335847896e-13,0.9999999999705127,1.9395823991481486e-26,0.9399879794953071,0.9622515343497671,0.002619612539887081,0.0,0.00014284198321549112,0.9999999997233445,2.0315811922300142e-05,4.745570603148508e-11,4.745570603148508e-11,3.962224992548613e-11,,2.4503221863198973e-12,0.003126132840347795,3.7929866394817307e-13,,,,,0.0,,7.374542113937972e-14,0.0,0.0,7.119213119032428e-13,7.119213119032428e-13,1.0,0.20156916120584714,0.05751224468530879,1718,1.7464854978158293,0.8073743162667366,269,1024.5977259393073,0.46299909541965023,993.5,465.16557624559636,0.4711483946699928,1652,0.4784248188775415,0.776734912893196,0.43208215291776214,2,1239.5,,,,,,,,,,,,,8.99087673106516e-19,0.9999999999715822,1.9395823991481486e-26,0.9564696701781508,0.29746641478015584,0.0018740037253731612,0.0,0.9999999999999997,0.00014284198321549112,0.9999999999999541,9.960751159770347e-05,3.843648489765261e-14,3.843648489765261e-14,3.209173378426744e-14,,0.0,1.9145521638122673e-18,0.004567040150618456,3.5270643972334666e-18,,,,,0.13043478260869565,,2.3332883504384434e-21,0.7209302325581395,0.7209302325581395,2.3854854224057974e-18,2.3854854224057974e-18,1.0,0.3986733618839274,0.12417638082767558,1832,1.8236091481443975,0.8851968484612394,660,828.7291475506337,0.612743388995031,1246.0,970.4012841091494,0.5152501991704127,1702,986.6382352941176,846.0,585.0035688138154,340,0.4652856568234462,0.8173890317607586,0.42908333069536003,4,1277.5
sym18,,,,7.803316206702809,966137.7918312073,0.6699029126213593,152.92867515730268,206,raw,147.2611196162063,,7.311146519110729,123196.58906371919,1.0,2.7612363590071915e-06,0.3528411500944659,457.59888814502574,,,,[],[],14,958.7107360477402,97.2386628885684,1810.9768558014653,"[9, 31, 42, 53, 63, 80, 101, 122, 134, 151, 164, 174, 191, 203]","[1399.4386951467875, 930.7277429345712, 892.5342455514274, 1324.7811328787643, 1100.772621915244, 1810.9768558014653, 1147.5589589490037, 97.2386628885684, 999.5216043820897, 1310.245166431881, 120.0350976011037, 1265.7739355785725, 895.2640478490486, 127.08153675983442]","[3, 19, 36, 36, 60, 36, 93, 120, 124, 124, 162, 162, 186, 202]","[36, 36, 43, 75, 75, 204, 124, 124, 149, 204, 165, 204, 204, 204]",75471244.14965673,1770.6536467998144,-1770.6536467998144,0.0,,,,SWT,mdp.39015067403892,37716631.14965673,,0.0,-25.0,18.0,0.0,-16.0,,829.6536467998144,553.8982360477402,467.95030466836215,553.89823604774,,0.0,553.8982360477402,,,94.2386628885684,0.0,-25.0,870.9768558014653,829.6536467998144,,130.59888814502574,0.12222473666678524,,0.24807388393319604,0.49671915258174915,0.13947901637447888,0.542857142857143,0.10371463086888405,,0.09351123627347133,0.28709381350823693,0.28709381350823693,0.28709381350823665,,0.24502205691224327,0.11375273352993567,0.6745712692945474,,,,,,0.20448299562289263,0.016949152542372864,0.020000000000000018,0.8449573246742341,0.8449573246742341,1.5227444615574808,0.5119341036567643,44,0.9460648210088741,0.5376221677326589,76,0,0.31320379750800476,0.5210833807936347,50,0.0,0.3018045360690324,0.5229091813447175,85,19.83893478323202,0.8128402378940376,63.75,59.127974704609755,0.6057125717772075,61,sym,0.5948329919317754,0.9644551827563462,0.29428035082085335,3,46.5,0.16614231748460467,0.010987910331521744,,0.24807388393319602,0.4967191525817492,0.2884101560275222,0.5428571428571431,0.5846738746396317,,0.11256286286373929,0.4974641862802852,0.4974641862802852,0.49725102846160685,,0.24502205691224324,0.11375273352993565,0.7411679586580372,,,,,0.8333333333333333,,0.468187780431193,0.01694915254237289,0.01694915254237289,0.8659009257590067,0.8659009257590067,0.1694915254237288,1.9824697831616358,0.650576842200353,45,1.243521791727609,0.6395957931493572,133,62.22539674441618,0.7064839776206784,89.0,67.24719101123596,0.6433363284329807,98,0.7190889370932755,0.9859759878661594,0.20084494767485936,5,74.75,,,0.4595631892009901,0.6000000000000001,0.1785714285714286,,0.4949033292987691,1.0,False,False,0.0,0.0,0.0012493240394330046,0.01729724643470138,,0.14035628344900286,0.34914390004518514,0.00024916118532738465,0.6687863617913681,0.49490332929876923,0.007652756918527272,,0.000987183074627529,0.003499068523385881,0.003499068523385881,0.0034990685233795586,,0.0,0.0010996804419074534,0.0021619534345446736,0.005404304527203147,,,,,0.43478260869565216,,1.1811666880781407e-05,0.10077519379844957,0.10077519379844957,0.003481716476155376,0.003481716476155376,0.24031007751937983,0.2513069759609906,0.0782755853165558,2074,0.733011251030364,0.3558104816259292,2064,7.0710678118654755,0.9966957627047358,2069.0,2068.9879168680523,0.5149366663990969,1703,1409.1368421052632,1454.5,398.32527672708756,380,0.6645304607900322,0.5565550872278735,0.3678621512786154,7,1279.0
sym7,1.0,periodic,5.758763876657461e-20,251.8684997509089,6161533.844324714,0.6605504587155964,311.9773023087221,206,raw,1.948107177192416e-10,,6.346648883024603,62095.13830437252,0.7745933171567208,5.618943883696371e-06,1.0,327.000000000299,,,,[],[],13,661.153846153574,87.000000000028,939.9999999996115,"[8, 32, 51, 63, 81, 100, 111, 133, 152, 162, 175, 192, 204]","[878.0000000000573, 637.9999999993091, 786.9999999992148, 791.9999999998681, 939.9999999996115, 787.9999999997934, 636.9999999996325, 674.9999999997161, 771.0000000000025, 195.99999999954423, 833.9999999995166, 572.0000000001692, 87.000000000028]","[0, 13, 39, 39, 76, 99, 107, 107, 107, 161, 99, 187, 203]","[76, 39, 61, 76, 205, 164, 119, 142, 164, 164, 205, 205, 205]",37754612.99999093,940.9999999999794,-940.9999999999794,0.0,,,,DWT,mdp.39015067403892,9.067356586456299e-06,,0.0,33.0,19.0,0.0,28.5,,2.05773176276125e-11,256.341346153574,4359.000000003538,256.3413461535984,,0.0,256.341346153574,,,84.000000000028,0.0,19.5,3.8846792449476197e-10,2.05773176276125e-11,,2.9899638320785016e-10,2.461283737379912e-10,4.075282562177174e-20,0.7155290760437178,0.7962335607288932,0.0004789325691661376,0.7755570117955441,0.00035263702968374113,,0.4742280246441217,6.485207425375425e-09,6.485207425375425e-09,5.890124830854427e-09,,1.5039788804775605e-08,0.9999999935147722,4.651549707073381e-10,,,,,,8.974817752662512e-11,1.0,0.0,2.577155149089739e-11,2.577155149089739e-11,0.7422684176164392,0.24267159621216322,612,1.1380375518791899,0.5466032901370036,874,0,0.20618567105547234,0.24635434635098258,612,0.125,0.32062874548759046,0.5823729624223756,862,147.88283650692304,0.8449865445420094,740.0,717.8452752754935,0.5346526014114659,748,sym,0.8243425715244881,0.7368036147090654,0.2019191155201387,6,562.5,2.4612837373799117e-10,0.0001547883300084263,4.075282562177174e-20,0.7155290760437177,0.7962335607288933,0.001511917053772132,0.8313133751810722,0.0027175033631209712,,0.9919828214566976,0.9855281704421966,0.9855281704421966,0.985528170442358,,3.222173675010665e-09,0.9999999999678063,2.5921270694218144e-10,,,,,1.0,,8.974817752662512e-11,1.0,0.25,2.577155149089739e-11,2.577155149089739e-11,0.0,2.209570201614813,0.6304403973525685,630,1.1618489725080816,0.5371055304822473,1791,820.9509729575817,0.5697321944666762,1210.5,932.1189591078067,0.46764911610126264,1660,0.7763846615972358,0.5622554397616224,0.28785410495344815,6,1246.5,,,,,,,,,,,,,1.6525989458734375e-15,0.036413600438458614,4.075282562177174e-20,0.7936561202172017,0.24614431277338783,0.0016149779130815404,0.628903985630925,1.0,0.0027175033631209712,,0.0008499884728394972,0.0007982210227376557,0.0007982210227376557,0.0007982210227315383,,0.0,2.5176360954131315e-15,0.02016391057306619,2.4103958090693507e-15,,,,,0.4782608695652174,,2.8396119224835856e-18,1.0,0.7906976744186046,8.635457229108985e-17,8.635457229108985e-17,0.9302325581395349,0.5674759776447038,0.1767540042745132,663,1.2636459932027122,0.6133855228199053,1834,828.0220407694471,0.6130738127245574,1248.5,973.9223067681216,0.5148312988856432,1704,1409.1368421052632,1454.5,398.32527672708756,380,0.6645304607900322,0.5565550872278735,0.3678621512786154,7,1279.75
sym3,1.0,reflect,2.391412842080311e-18,235.6852468974327,6008504.694300247,0.6333333333333333,295.81513313620707,206,raw,1.2225034447538143e-09,,6.314696507959626,62490.56060801517,0.7731603391147768,5.618943883634439e-06,1.0,327.0000000001995,,,,[],[],13,661.153846157331,86.9999999994824,940.0000000055561,"[8, 32, 51, 63, 81, 100, 111, 133, 152, 162, 175, 192, 204]","[878.0000000044698, 638.0000000027142, 787.000000002778, 792.000000005748, 940.0000000055561, 788.0000000048879, 637.0000000031158, 675.0000000012126, 771.0000000055718, 196.00000000053456, 834.0000000046404, 572.0000000045933, 86.9999999994824]","[0, 13, 39, 39, 76, 99, 107, 107, 107, 161, 99, 187, 203]","[76, 39, 61, 76, 205, 164, 119, 142, 164, 164, 205, 205, 205]",37754613.000122085,941.000000004511,-941.000000004511,0.0,,,,DWT,mdp.39015067403892,0.00012208521366119385,,0.0,33.0,19.0,0.0,28.5,,4.5109800339560024e-09,256.34134615733103,4358.999999954696,256.34134615733115,,0.0,256.34134615733103,,,83.9999999994824,0.0,19.5,5.556103133130819e-09,4.5109800339560024e-09,,1.9952040020143613e-10,1.5446359636452126e-09,1.6923220762318134e-18,0.6558092093053385,0.7851956180237514,0.0003067162345793444,0.5714285714285712,0.000384651604459868,,0.47422802401031716,9.394549036539229e-09,9.394549036539229e-09,8.780670654947496e-09,,1.0036056787977637e-08,0.9999999906053968,6.652927634887043e-09,,,,,,1.208392470789876e-09,1.0,0.0,5.649665147001755e-09,5.649665147001755e-09,0.7422684219852785,0.24267159764047833,610,1.0149619823889715,0.4874896773148669,920,0,0.20618567261518245,0.24635434821455224,601,0.125,0.2813392525916194,0.5110096218238791,918,181.03843974876347,0.8102322434499335,762.25,729.9910928462008,0.5056140252889081,862,sym,0.8243425715244881,0.7368036147090654,0.2019191155201387,6,648.0,1.5446359636452124e-09,0.00015478832957854793,1.6923220762318132e-18,0.6558092093053385,0.7851956180237514,0.0013398787012283595,0.6778947368421051,0.0027494422009993963,,0.991982821447033,0.9855281704843002,0.9855281704843002,0.9855281704841894,,2.15015771849571e-09,0.9999999999533636,3.7074168608950227e-09,,,,,1.0,,1.208392470789876e-09,1.0,0.25,5.649665147001755e-09,5.649665147001755e-09,0.0,2.209570205639478,0.6304403985008966,601,1.0590573825251992,0.4895865045388942,1874,900.146932450475,0.5282248781706106,1237.5,910.120404040404,0.4398199862551166,1803,0.7763846615972358,0.5622554397616224,0.28785410495344815,6,1353.75,,,,,,,,,,,,,1.0371269782961487e-14,0.03641360043804433,1.6923220762318132e-18,0.7503377071030283,0.24273208933093202,0.001574748107533395,0.5128399404681369,1.0,0.0027494422009993963,,0.0008499884728321865,0.0007982210227717571,0.0007982210227717571,0.0007982210227654194,,0.0,1.6800195237452646e-15,0.020163910572840223,3.44749382443188e-14,,,,,0.4782608695652174,,3.823326291028433e-17,1.0,0.7906976744186046,1.8930735215127924e-14,1.8930735215127924e-14,0.9302325581395349,0.5674759776446425,0.17675400427449414,982,1.1895158761801208,0.577402074266123,1891,642.7600640985717,0.6996448298604805,1436.5,1292.698920988514,0.5141915738087449,1705,1409.1368421052632,1454.5,398.32527672708756,380,0.6645304607900322,0.5565550872278735,0.3678621512786154,7,1280.5
bior5.5,1.0,antisymmetric,6.830198951218833e-20,251.127458927838,5827590.887124664,0.6666666666666666,325.25664902597686,206,raw,2.037731580021522e-10,,6.472800386795506,71575.46009820474,0.7436626554796287,5.61894388367924e-06,1.0,327.00000000002444,,,,[],[],13,661.1538461544891,87.00000000003124,940.0000000010599,"[8, 32, 51, 63, 81, 100, 111, 133, 152, 162, 175, 192, 204]","[878.0000000005517, 638.0000000005965, 787.0000000006744, 792.0000000010037, 940.0000000010599, 788.0000000008607, 637.000000000589, 675.0000000002702, 771.0000000008934, 196.00000000019367, 834.0000000009228, 572.0000000007108, 87.00000000003124]","[0, 13, 39, 39, 76, 99, 107, 107, 107, 161, 164, 187, 203]","[76, 39, 61, 76, 205, 164, 119, 142, 164, 164, 205, 205, 205]",37754613.00002349,941.000000000768,-941.000000000768,0.0,,,,DWT,mdp.39015067403892,2.349168062210083e-05,,0.0,33.0,19.0,0.0,28.5,,7.679545888095163e-10,256.3413461544891,4358.999999991642,256.34134615448903,,0.0,256.3413461544891,,,84.00000000003124,0.0,24.0,1.0599023880786262e-09,7.679545888095163e-10,,2.4442670110147446e-11,2.5745257252358613e-10,4.8335009671623044e-20,0.7127944676431583,0.8398125769353285,0.00010311899351161594,0.8214285714285712,0.001120192294458774,,0.4742280246478856,7.193813066681972e-09,7.193813066681972e-09,6.579802629016215e-09,,1.2294884384132148e-09,0.9999999928061463,1.2691366086931558e-09,,,,,,2.3251931285246425e-10,1.0,0.5,9.618056923812812e-10,9.618056923812812e-10,0.7922684118379619,0.25901821439012507,251,1.1766540341167628,0.5651509173306055,851,0,0.247852336923018,0.29613842776594357,251,0.125,0.33307270393606875,0.604975505232068,837,342.4164131580144,0.6410729421823749,547.5,386.9235790163949,0.5335867855565962,752,bior,0.672619891330026,0.76736776154697,0.2989557476048908,5,565.25,2.5745257252358613e-10,0.00015478832988957691,4.8335009671623044e-20,0.7127944676431583,0.8398125769353285,0.001136491873725672,0.8657894736842104,0.0034832428219708773,,0.991982821456755,0.9855281704524514,0.9855281704524514,0.9855281704523389,,2.63409635029389e-10,0.9999999999642887,7.072402887977635e-10,,,,,1.0,,2.3251931285246425e-10,1.0,0.5,9.618056923812812e-10,9.618056923812812e-10,0.0,2.2345702008126502,0.6375734630576454,242,1.1959067381690973,0.5528499299052736,1733,1054.2962107491423,0.4474338518086256,987.5,424.6946835443038,0.46493809990850565,1679,0.5943810304597339,0.7715092316736338,0.3524805091760961,5,1260.5,,,,,,,,,,,,,1.7286338974384173e-15,0.03641360043834402,4.8335009671623044e-20,0.7916725441834529,0.25961614757730367,0.001527187709514555,0.6549857935326748,1.0,0.0034832428219708773,,0.0008499884728395407,0.0007982210227459616,0.0007982210227459616,0.0007982210227396223,,0.0,2.0581435760981875e-16,0.020163910573011153,6.5765642750815214e-15,,,,,0.4782608695652174,,7.356858168932414e-18,1.0,0.8604651162790697,3.222790805670232e-15,3.222790805670232e-15,0.9302325581395349,0.5744527218307326,0.17892707859000717,578,1.279886888826843,0.6212690046708805,1822,879.6408357960652,0.5889528804691284,1200.0,877.5966666666666,0.5141026084588634,1706,1104.4,1082.5,563.6960149978129,300,0.520820561188399,0.7876173146100969,0.3991404127850916,6,1281.0
sym3,1.0,periodic,2.3864038926328455e-18,235.6943529809136,6011450.884700476,0.6333333333333333,295.81513313620707,206,raw,1.2235928343894882e-09,,6.305229967037749,62959.5233593,0.7779784945843773,5.618943883633249e-06,1.0,327.0000000001995,,,,[],[],13,661.15384615751,87.00000000084248,940.0000000055561,"[8, 32, 51, 63, 81, 100, 111, 133, 152, 162, 175, 192, 204]","[878.000000005436, 638.0000000027142, 787.000000002778, 792.000000005748, 940.0000000055561, 788.0000000048879, 637.0000000031158, 675.0000000012126, 771.0000000055718, 196.00000000053456, 834.0000000046404, 572.0000000045933, 87.00000000084248]","[0, 13, 39, 39, 76, 99, 107, 107, 107, 161, 99, 187, 203]","[76, 39, 61, 76, 205, 164, 119, 142, 164, 164, 205, 205, 205]",37754613.00012342,941.000000004511,-941.000000004511,0.0,,,,DWT,mdp.39015067403892,0.0001234188675880432,,0.0,33.0,19.0,0.0,28.5,,4.5109800339560024e-09,256.34134615751,4358.99999995237,256.3413461575101,,0.0,256.34134615751,,,84.00000000084248,0.0,19.5,5.556103133130819e-09,4.5109800339560024e-09,,1.9952040020143613e-10,1.5460124263495568e-09,1.6887774119298135e-18,0.6558428128148994,0.7819254030209833,0.00031003182583526584,0.5714285714285712,0.0004226202342764464,,0.4742280255902805,9.53311845875522e-09,9.53311845875522e-09,8.919240077248575e-09,,1.0036056787977637e-08,0.9999999904668138,6.652927634887043e-09,,,,,,1.221592901173825e-09,1.0,0.0,5.649665147001755e-09,5.649665147001755e-09,0.7422684225212888,0.24267159781571745,603,1.0133638822412918,0.48672210440196284,921,0,0.20618567277103989,0.24635434840077353,594,0.125,0.2808827772672255,0.510180504376734,919,185.6562684101994,0.8053917521905667,759.25,725.1904959621853,0.5047661067032498,863,sym,0.8243425715244881,0.7368036147090654,0.2019191155201387,6,648.75,1.5460124263495566e-09,0.00015478832957033228,1.6887774119298133e-18,0.6558428128148994,0.7819254030209835,0.0013431908658888482,0.6778947368421051,0.0027873210084068873,,0.9919828214711249,0.9855281704863055,0.9855281704863055,0.9855281704861948,,2.15015771849571e-09,0.9999999999526757,3.7074168608950227e-09,,,,,1.0,,1.221592901173825e-09,1.0,0.25,5.649665147001755e-09,5.649665147001755e-09,0.0,2.209570205654767,0.6304403985052588,598,1.0574592447352553,0.48884770916551745,1876,903.6824663564078,0.5263718729788219,1237.0,906.9102667744543,0.4390245109128911,1807,0.7763846615972358,0.5622554397616224,0.28785410495344815,6,1356.75,,,,,,,,,,,,,1.0380511873906493e-14,0.03641360043803637,1.6887774119298133e-18,0.7503620817506748,0.2417211487424184,0.001575522630994383,0.5128399404681369,1.0,0.0027873210084068873,,0.000849988472850411,0.0007982210227733814,0.0007982210227733814,0.0007982210227670437,,0.0,1.6800195237452646e-15,0.02016391057282946,3.44749382443188e-14,,,,,0.4782608695652174,,3.8650921525012816e-17,1.0,0.7906976744186046,1.8930735215127924e-14,1.8930735215127924e-14,0.9302325581395349,0.5674759776446441,0.1767540042744946,980,1.1890405694591426,0.5771713559612217,1892,644.8813844421313,0.6986535586719013,1436.0,1291.1977715877438,0.5138127606443619,1707,1409.1368421052632,1454.5,398.32527672708756,380,0.6645304607900322,0.5565550872278735,0.3678621512786154,7,1282.0
db19,1.0,symmetric,9.75339964371519e-27,317.3558385453071,5635276.819190954,0.5330578512396694,101.83598663417257,206,smoothed,6.940726310841077e-14,-1.998823551119248e-10,6.448258786306651,31407.006093791355,0.9843256487126226,0.00014966566451320284,0.9999999999999999,362.4,,,,[],[],11,426.59999999999997,32.200000000000045,728.3999999999997,"[9, 31, 53, 64, 80, 102, 131, 148, 158, 175, 192]","[311.00000000000017, 417.7999999999999, 589.6000000000001, 432.2, 728.3999999999997, 371.0, 587.0, 32.200000000000045, 448.20000000000016, 367.9999999999999, 407.1999999999998]","[0, 0, 0, 60, 0, 94, 120, 144, 144, 165, 186]","[20, 40, 75, 75, 205, 120, 205, 149, 205, 186, 205]",30736475.839999996,728.3999999999997,-728.3999999999997,0.0,,,,DWT,mdp.39015067403892,0.0,,0.0,15.0,11.0,0.0,33.0,,2.2737367544323206e-13,168.40000000000003,987.7999999999993,168.40000000000003,,0.0,168.40000000000003,,,28.000000000000057,0.0,15.0,2.2737367544323206e-13,2.2737367544323206e-13,,0.0,1.0364111436643944e-13,2.3756407387124503e-26,0.9705402910176661,0.45280467972573246,0.3513071635246286,0.13728319832748564,0.0245154217867651,,0.9999996647593375,4.4059199552998455e-09,4.4059199552998455e-09,3.6787269888316428e-09,,0.0,0.9999999955940747,1.5171946557926922e-13,,,,,,0.0,0.0,0.0,3.4954031196328703e-13,3.4954031196328703e-13,0.7999999009722244,0.3007374869222071,754,1.0490995442815114,0.53259412441965,180,0,0.1666666394037358,0.23713383959559708,747,0.0,0.27663582205462595,0.4880604608530239,191,326.2463282041143,0.6580227167671757,468.0,297.26282584308746,0.5837283395156634,632,db,0.573477938514061,0.8443824841957417,0.34525069778143475,3,474.75,6.93494365955554e-14,0.9999999999705145,6.105273944018497e-27,0.9571921818026123,0.8313346850873016,0.0009202886509212785,0.11265767725097889,0.00023877803469034503,0.9999999997236165,2.0315811924354055e-05,4.745387416349445e-11,4.745387416349445e-11,3.962169481397382e-11,,0.0,0.0031261328403482946,1.5171946557926922e-13,,,,,0.0,,0.0,0.0,0.0,2.847685247612971e-13,2.847685247612971e-13,1.0,0.20156916120430007,0.05751224468486738,1861,1.7356013779455681,0.8023427492429009,387,1042.275395468971,0.45373406946070705,1124.0,640.7535587188612,0.43231776848297404,1831,0.49117026184683504,0.8233619396015222,0.4091722348267588,4,1374.25,,,,,,,,,,,,,4.656383336637694e-19,0.9999999999715838,6.105273944018497e-27,0.968948913410767,0.25699532754958543,0.0014766302990087195,0.08522762215828739,0.9999999999999999,0.00023877803469034503,0.9999999999999541,9.960751159770499e-05,3.8434858594393884e-14,3.8434858594393884e-14,3.20911916831812e-14,,0.0,0.0,0.004567040150618464,1.4108257588933865e-18,,,,,0.13043478260869565,,0.0,0.7209302325581395,0.7209302325581395,9.54194168962319e-19,9.54194168962319e-19,1.0,0.3986733618839274,0.12417638082767558,1780,1.8447918870394053,0.8954791470177683,325,1028.8403666264267,0.5192334735390529,1052.5,549.6437054631829,0.5137055218162554,1708,1009.0473684210526,935.5,610.6543869996938,760,0.4758535102197843,0.8532293215616218,0.41093374637766444,5,1282.25
rbio2.8,,,,12.091224474601932,1417663.4487989498,0.6504854368932039,183.0131399687066,206,raw,148.9408515277443,,7.466296695555931,123316.83823182662,1.0,2.0449936371717986e-06,0.875337891283174,415.6562391379109,,,,[],[],16,918.9356387626572,55.88594966953035,1691.4907437152256,"[8, 27, 41, 52, 65, 79, 90, 100, 111, 121, 133, 146, 159, 176, 192, 202]","[1664.8648329454916, 1248.136302454311, 831.7500610184031, 1400.6539353080602, 1039.9130787712766, 1691.4907437152256, 784.3414084241294, 1057.1725868261528, 728.3834274302706, 55.88594966953035, 1050.986308816601, 162.35256286453972, 1135.223986270397, 912.9364415099258, 711.9535096188004, 226.92508455939833]","[0, 13, 39, 42, 59, 42, 84, 99, 107, 119, 126, 143, 126, 164, 188, 201]","[42, 42, 42, 73, 73, 126, 92, 126, 126, 123, 151, 148, 164, 188, 205, 205]",76049858.60292497,1624.8196461393125,-1624.8196461393125,0.0,,,,SWT,mdp.39015067403892,38295245.60292497,,0.0,-1.5,16.0,0.0,12.0,,683.8196461393125,514.1231387626572,1748.9702202025146,514.123138762657,,0.0,514.1231387626572,,,52.88594966953035,0.0,16.5,751.4907437152256,683.8196461393125,,88.65623913791092,0.17801682026679916,,0.7298023380034877,0.7125374234166748,0.3056358034117349,0.4285714285714289,0.10792987190143552,,0.028972561288681586,0.20694749932363066,0.20694749932363066,0.20694749932363035,,0.08379193669568458,0.4255873567508642,0.5072141209496145,,,,,,0.24802139863004838,0.4152542372881356,0.8499999999999999,0.610553156192764,0.610553156192764,1.4137128962111825,0.47527859244987347,53,1.5733318789239938,0.8940804863751303,15,0,0.35195745670205847,0.5855586135706119,32,0.0,0.47976991809540553,0.8312535602437309,12,18.850287354131588,0.8221671004327209,28.0,19.98821449616971,0.7790080785182473,20,rbio,0.4644956314535345,0.6222068689729192,0.48819099729065013,2,15.5,0.2191429652321275,0.002812096032722644,,0.7298023380034877,0.7125374234166749,0.42581003867147943,0.42857142857142894,0.5866271584773527,,0.04938059381098359,0.4409681227328518,0.4409681227328518,0.4407310012933908,,0.08379193669568458,0.42558735675086423,0.6080592677155172,,,,,0.6666666666666666,,0.49729370099897097,0.4152542372881355,0.7203389830508475,0.6631607322893758,0.6631607322893758,0.6440677966101694,1.9932843241898912,0.654125794124749,43,1.8408024097623317,0.9468024486064552,17,18.384776310850235,0.9132793570242913,30.0,24.366666666666667,0.8858849615310136,15,0.6261605206073753,0.9968249595590992,0.26264014770710753,4,12.25,,,0.8958957410962776,0.20000000000000007,0.6785714285714287,,0.9027033067929844,1.0,False,False,0.0,0.0,0.0012635744367025378,0.012506011045870187,,0.1518339130347408,0.3657125297038848,0.00036786268355113306,0.58598295223921,0.9027033067929845,0.007662469619732588,,0.0004330707764981994,0.0031380401764077104,0.0031380401764077104,0.0031380401764013847,,0.0,0.0007465111963646077,0.008088597250141534,0.004662907861856208,,,,,0.34782608695652173,,1.1992870794441977e-05,0.4651162790697674,0.7441860465116279,0.0028697109183640555,0.0028697109183640555,0.6744186046511628,0.40580143461961926,0.1263965900496109,1693,0.8768109111201051,0.42561217463167034,2015,227.6883835420683,0.8936035590924915,1854.0,1840.0188781014024,0.5136242094527879,1709,818.67,599.5,715.6978453131971,300,0.38607403914171184,1.0,0.42974817260080167,3,1282.5
bior5.5,1.0,reflect,6.987918961420385e-20,251.0283138700785,5872929.389991803,0.6620370370370371,329.38818738191327,206,raw,2.0799547197849204e-10,,6.493527586176802,58299.64517953417,0.6850744612364554,5.618943883679258e-06,0.9999999999999999,327.00000000002444,,,,[],[],13,661.1538461544969,86.9999999999135,940.0000000010599,"[8, 32, 51, 63, 81, 100, 111, 133, 152, 162, 175, 192, 204]","[878.0000000007724, 638.0000000005965, 787.0000000006744, 792.0000000010037, 940.0000000010599, 788.0000000008607, 637.000000000589, 675.0000000002702, 771.0000000008934, 196.00000000019367, 834.0000000009228, 572.0000000007108, 86.9999999999135]","[0, 13, 39, 39, 76, 99, 107, 107, 107, 161, 164, 187, 203]","[76, 39, 61, 76, 205, 164, 119, 142, 164, 164, 205, 205, 205]",37754613.00002302,941.000000000768,-941.000000000768,0.0,,,,DWT,mdp.39015067403892,2.302229404449463e-05,,0.0,33.0,19.0,0.0,28.5,,7.679545888095163e-10,256.34134615449693,4358.99999999154,256.34134615449693,,0.0,256.34134615449693,,,83.9999999999135,0.0,24.0,1.0599023880786262e-09,7.679545888095163e-10,,2.4442670110147446e-11,2.627875394850329e-10,4.945114089980984e-20,0.7124285999346838,0.8469727845488014,0.00015414215333563078,0.7867063492063496,4.5342531275212165e-05,,0.47422802451111407,7.199887583920157e-09,7.199887583920157e-09,6.585921164499014e-09,,1.2294884384132148e-09,0.9999999928000786,1.2691366086931558e-09,,,,,,2.2787335132068333e-10,1.0,0.5,9.618056923812812e-10,9.618056923812812e-10,0.7922684117970538,0.2590182143767508,253,1.165721300085765,0.5598998881517628,859,0,0.2478523369122499,0.29613842775307764,253,0.125,0.32893674551960483,0.597463170828648,842,345.03659226232804,0.6383264232051069,551.75,389.98019403178307,0.5299860627555932,763,bior,0.672619891330026,0.76736776154697,0.2989557476048908,5,573.5,2.6278753948503295e-10,0.00015478832988974345,4.945114089980984e-20,0.7124285999346838,0.8469727845488015,0.0011874623021624542,0.8396929824561408,0.0024109358314815814,,0.9919828214546694,0.9855281704525394,0.9855281704525394,0.9855281704524275,,2.63409635029389e-10,0.9999999999642584,7.072402887977635e-10,,,,,1.0,,2.2787335132068333e-10,1.0,0.5,9.618056923812812e-10,9.618056923812812e-10,0.0,2.2345702008097663,0.6375734630568225,253,1.1884252872791443,0.5493913662329654,1743,1053.589103967956,0.4478044528469832,998.0,441.86272545090185,0.4623718281006405,1704,0.5943810304597339,0.7715092316736338,0.3524805091760961,5,1279.25,,,,,,,,,,,,,1.7644548824100322e-15,0.03641360043834414,4.945114089980984e-20,0.791407158317636,0.26182962421187267,0.001539106740325988,0.6352433139403781,0.9999999999999999,0.0024109358314815814,,0.000849988472837963,0.0007982210227460327,0.0007982210227460327,0.000798221022739694,,0.0,2.0581435760981875e-16,0.02016391057301068,6.5765642750815214e-15,,,,,0.4782608695652174,,7.209861002854792e-18,1.0,0.8604651162790697,3.222790805670232e-15,3.222790805670232e-15,0.9302325581395349,0.5744527218307319,0.17892707859000695,590,1.2725144405069286,0.6176903496587184,1826,873.9839815465727,0.5915962703053399,1208.0,891.837748344371,0.5135551444984643,1710,1104.4,1082.5,563.6960149978129,300,0.520820561188399,0.7876173146100969,0.3991404127850916,6,1284.0
bior3.9,1.0,periodization,5.86774361778045e-27,319.5626874450324,5130877.235650283,0.5194174757281553,63.11106212998794,206,smoothed,5.141992843542312e-14,-2.07604999857836e-10,6.134335183530068,35270.97967524609,0.9916036963093621,0.0001496656645132028,1.0,362.4000000000001,,,,[],[],11,426.6,32.20000000000002,728.3999999999999,"[9, 31, 53, 64, 80, 102, 131, 148, 158, 175, 192]","[311.0000000000001, 417.79999999999984, 589.5999999999999, 432.20000000000016, 728.3999999999999, 371.0, 587.0000000000002, 32.20000000000002, 448.2000000000002, 368.00000000000006, 407.20000000000016]","[0, 0, 0, 60, 0, 94, 120, 144, 144, 165, 186]","[20, 40, 75, 75, 205, 120, 205, 149, 205, 186, 205]",30736475.840000004,728.3999999999999,-728.3999999999999,0.0,,,,DWT,mdp.39015067403892,7.450580596923828e-09,,0.0,15.0,11.0,0.0,33.0,,1.1368683772161603e-13,168.4000000000001,987.7999999999984,168.4000000000001,,0.0,168.4000000000001,,,28.00000000000003,0.0,15.0,1.1368683772161603e-13,1.1368683772161603e-13,,1.1368683772161603e-13,6.412545961851288e-14,1.2384647810011008e-26,0.9789250211736021,0.0,0.13484162427379348,0.04358768564058205,0.056558711234161216,,0.9999996647345563,4.4059791007223055e-09,4.4059791007223055e-09,3.6787861342541454e-09,,1.2251610931599486e-12,0.9999999955939887,7.585973278963461e-14,,,,,,1.5893391424973748e-13,0.0,0.0,1.7477015598164352e-13,1.7477015598164352e-13,0.7999999009653844,0.3007374869196358,768,0.6948343835909745,0.3527450871201604,815,0,0.16666663940175824,0.23713383959278342,769,0.0,0.17341614890317186,0.30595302128415497,853,40.87684756273001,0.9571521514017505,801.25,799.7120623996225,0.5586337276924895,718,bior,0.8100315533562081,0.7923003667562746,0.1952878026237719,6,540.0,4.662212717645309e-14,0.999999999970514,3.355526447175335e-27,0.9653359538487263,0.7228898281965933,0.0003532328098463717,0.0357690342360758,0.0005508768329820276,0.9999999997235001,2.0315811923854454e-05,4.745454029730922e-11,4.745454029730922e-11,3.962224992548613e-11,,1.2251610931599486e-12,0.0031261328403480726,7.585973278963461e-14,,,,,0.0,,7.374542113937972e-14,0.0,0.0,1.4238426238064856e-13,1.4238426238064856e-13,1.0,0.20156916120485494,0.05751224468502569,1752,1.6553510671206468,0.7652442219928932,1085,471.6402230514272,0.7528091074153945,1418.5,1340.0916461050406,0.5046802350494164,1514,0.5943810304597339,0.7715092316736338,0.3524805091760961,5,1136.75,,,,,,,,,,,,,3.1303858655565896e-19,0.9999999999715835,3.355526447175335e-27,0.9748560813444574,0.22347113805330715,0.0013440287837996076,0.027059937762143327,1.0,0.0005508768329820272,0.9999999999999541,9.960751159770467e-05,3.8435400695480126e-14,3.8435400695480126e-14,3.209173378426744e-14,,0.0,9.572760819061336e-19,0.00456704015061846,7.054128794466933e-19,,,,,0.13043478260869565,,2.3332883504384434e-21,0.7209302325581395,0.7209302325581395,4.770970844811595e-19,4.770970844811595e-19,1.0,0.3986733618839274,0.12417638082767558,1862,1.8083655580547346,0.8777974679962232,798,752.3616151824866,0.6484291517838847,1330.0,1117.2,0.5134669123405404,1711,1104.4,1082.5,563.6960149978129,300,0.520820561188399,0.7876173146100969,0.3991404127850916,6,1284.75
bior3.3,1.0,periodic,1.9560686911985087e-27,324.33355772421663,5138021.617529041,0.5283018867924528,70.135050772362,206,smoothed,2.598999764054542e-14,-2.04415062654562e-10,6.144765286576154,37992.34143947538,0.9926881697745198,0.00014966566451320274,1.0,362.40000000000003,,,,[],[],11,426.59999999999997,32.20000000000002,728.4,"[9, 31, 53, 64, 80, 102, 131, 148, 158, 175, 192]","[311.0, 417.8, 589.6000000000001, 432.20000000000005, 728.4, 371.0000000000001, 587.0, 32.20000000000002, 448.2, 368.0, 407.19999999999993]","[0, 0, 0, 60, 0, 94, 120, 144, 144, 165, 186]","[20, 40, 75, 75, 204, 120, 204, 149, 204, 186, 204]",30736475.839999996,728.4,-728.4,0.0,,,,DWT,mdp.39015067403892,0.0,,0.0,15.0,11.0,0.0,33.0,,0.0,168.40000000000003,987.7999999999993,168.40000000000003,,0.0,168.40000000000003,,,28.00000000000003,0.0,15.0,0.0,0.0,,5.684341886080802e-14,8.259463692883881e-15,9.367413272923982e-28,0.9970515272089338,0.015044422998199525,0.1379076705721337,0.10461455758321175,0.07912651115929566,,0.9999996647345563,4.4059199552998455e-09,4.4059199552998455e-09,3.6787269888316428e-09,,6.125805465799743e-13,0.9999999955940747,0.0,,,,,,0.0,0.0,0.0,0.0,0.0,0.7999999009648806,0.3007374869194464,788,0.748203390607532,0.37983881689829707,681,0,0.16666663940165086,0.23713383959263062,793,0.0,0.190534955645969,0.3361552295379132,687,61.57042038728229,0.9354607752753854,737.25,733.3928993101789,0.5813310165685104,647,bior,0.8100315533562081,0.7923003667562746,0.1952878026237719,6,486.75,1.4490968436771545e-14,0.9999999999705138,5.873662533647304e-28,0.9829415452510615,0.7264929055765162,0.00036126466317737806,0.08584905660377379,0.000770685203414294,0.9999999997235481,2.0315811923854454e-05,4.745387416349445e-11,4.745387416349445e-11,3.962169481397382e-11,,6.125805465799743e-13,0.0031261328403482946,0.0,,,,,0.0,,0.0,0.0,0.0,0.0,0.0,1.0,0.20156916120441642,0.05751224468490058,1829,1.6878399088739369,0.7802633311865653,864,682.3580438450184,0.6423699979847912,1346.5,1173.6026735982177,0.46832860486241656,1658,0.5943810304597339,0.7715092316736338,0.3524805091760961,5,1244.75,,,,,,,,,,,,,9.729784014575586e-20,0.9999999999715831,5.873662533647304e-28,0.9876264762421336,0.22458497832492116,0.0013459069690584173,0.06494640345346092,1.0,0.0007706852034142938,0.9999999999999541,9.960751159770467e-05,3.8434858594393884e-14,3.8434858594393884e-14,3.20911916831812e-14,,0.0,4.786380409530668e-19,0.004567040150618464,0.0,,,,,0.13043478260869565,,0.0,0.7209302325581395,0.7209302325581395,0.0,0.0,1.0,0.3986733618839274,0.12417638082767558,1820,1.8318281638464768,0.8891864351576744,552,896.6113985445422,0.5810227109604943,1186.0,847.0826306913997,0.5134085517419293,1712,1104.4,1082.5,563.6960149978129,300,0.520820561188399,0.7876173146100969,0.3991404127850916,6,1285.5
coif15,1.0,periodic,2.0150617009903085e-26,314.2045152551089,6417903.114669752,0.5170068027210885,99.549115132138,206,smoothed,1.0065734653552971e-13,-2.0043904314093232e-10,6.746141387898943,29671.31204175867,0.9785917414037963,0.00014966566451320284,0.9999999999999997,362.4000000000001,,,,[],[],11,426.60000000000014,32.20000000000016,728.3999999999994,"[9, 31, 53, 64, 80, 102, 131, 148, 158, 175, 192]","[311.0000000000005, 417.80000000000007, 589.6, 432.20000000000016, 728.3999999999994, 371.0000000000001, 587.0000000000001, 32.20000000000016, 448.2000000000001, 368.0, 407.1999999999998]","[0, 0, 0, 60, 0, 94, 120, 144, 144, 165, 186]","[20, 40, 75, 75, 205, 120, 205, 149, 205, 186, 205]",30736475.839999996,728.3999999999994,-728.3999999999994,0.0,,,,DWT,mdp.39015067403892,0.0,,0.0,15.0,11.0,0.0,33.0,,5.684341886080801e-13,168.4000000000002,987.7999999999975,168.4000000000001,,0.0,168.4000000000002,,,28.00000000000017,0.0,15.0,5.684341886080801e-13,5.684341886080801e-13,,1.1368683772161603e-13,1.7229317038251988e-13,5.418490012300305e-26,0.9585671126882763,0.882471754188625,0.6871750520218869,0.02702881282018571,0.010121600056631014,,0.9999996648584625,4.406097391567225e-09,4.406097391567225e-09,3.6787861342541454e-09,,1.2251610931599486e-12,0.9999999955939026,3.7929866394817307e-13,,,,,,0.0,0.0,0.0,8.738507799082175e-13,8.738507799082175e-13,0.7999999010029359,0.30073748693375224,685,1.3748238358690001,0.6979538796743894,67,0,0.16666663941222487,0.23713383960767537,685,0.0,0.3664806188251111,0.6465709986111834,86,351.4032583798847,0.6316527689938316,380.75,135.7174909094035,0.6162718771593896,522,coif,0.5556920286951962,0.9053407607371553,0.33941335169221604,4,392.5,1.0883445915909711e-13,0.9999999999705145,1.3463033415260378e-26,0.945563085437121,0.9342381807600955,0.0018001323833740925,0.02218045112781991,9.858348718066057e-05,0.9999999997236081,2.0315811926352456e-05,4.745570603148508e-11,4.745570603148508e-11,3.962224992548613e-11,,1.2251610931599486e-12,0.003126132840347795,3.7929866394817307e-13,,,,,0.0,,0.0,0.0,0.0,7.119213119032428e-13,7.119213119032428e-13,1.0,0.2015691612051989,0.05751224468512384,1729,1.744268621560638,0.8063494872870391,295,1013.9911242215092,0.4685581109950162,1012.0,504.00691699604744,0.46907989407193157,1656,0.4784248188775415,0.776734912893196,0.43208215291776214,2,1242.5,,,,,,,,,,,,,7.307557017887504e-19,0.9999999999715838,1.3463033415260378e-26,0.9605136300114967,0.2888064838153075,0.0016823747841538288,0.01677992263066802,0.9999999999999997,9.858348718066057e-05,0.9999999999999541,9.960751159770662e-05,3.843648489765261e-14,3.843648489765261e-14,3.209173378426744e-14,,0.0,9.572760819061336e-19,0.004567040150618456,3.5270643972334666e-18,,,,,0.13043478260869565,,0.0,0.7209302325581395,0.7209302325581395,2.3854854224057974e-18,2.3854854224057974e-18,1.0,0.3986733618839274,0.12417638082767558,1828,1.828304009745225,0.8874757779660858,598,869.7413408594534,0.5935788126824983,1213.0,901.1904369332234,0.5133781913879781,1713,986.6382352941176,846.0,585.0035688138154,340,0.4652856568234462,0.8173890317607586,0.42908333069536003,4,1285.75
db22,1.0,reflect,1.1755298855853917e-26,316.5450619954292,5761177.628468741,0.5282258064516129,105.56642008296271,206,smoothed,7.528821147962906e-14,-2.02217353972856e-10,6.503929593928057,30258.2632239934,0.9814122873880209,0.0001496656645132029,1.0,362.4,,,,[],[],11,426.59999999999997,32.200000000000045,728.4,"[9, 31, 53, 64, 80, 102, 131, 148, 158, 175, 192]","[311.0000000000001, 417.8000000000003, 589.5999999999999, 432.1999999999997, 728.4, 371.0, 586.9999999999999, 32.200000000000045, 448.1999999999999, 368.0, 407.20000000000005]","[0, 0, 0, 60, 0, 94, 120, 144, 144, 165, 186]","[20, 40, 75, 75, 204, 120, 204, 149, 204, 186, 204]",30736475.839999996,728.4,-728.4,0.0,,,,DWT,mdp.39015067403892,0.0,,0.0,15.0,11.0,0.0,33.0,,0.0,168.40000000000003,987.7999999999993,168.4,,0.0,168.40000000000003,,,28.000000000000057,0.0,15.0,0.0,0.0,,0.0,1.165607341796201e-13,2.9615164926677456e-26,0.9674598161431365,0.5331044787600345,0.405338109349617,0.10409196298642986,0.01498908846651758,,0.9999996647593375,4.4059199552998455e-09,4.4059199552998455e-09,3.6786974161203912e-09,,0.0,0.9999999955940747,0.0,,,,,,0.0,0.0,0.0,0.0,0.0,0.7999999009719998,0.30073748692212265,758,1.0973296043219216,0.5570789759649069,161,0,0.16666663940366247,0.23713383959549275,758,0.0,0.28928335081512174,0.510374124606522,175,340.68460487670995,0.642888254846216,463.0,274.6500427600486,0.5787816536285587,656,db,0.573477938514061,0.8443824841957417,0.34525069778143475,3,492.75,7.678011689034994e-14,0.9999999999705149,7.521950384436699e-27,0.9542002327827396,0.850566156413751,0.0010618287941463777,0.08542020373514442,0.00014599239274630743,0.9999999997235813,2.0315811924354055e-05,4.745387416349445e-11,4.745387416349445e-11,3.962136174706643e-11,,0.0,0.0031261328403482946,0.0,,,,,0.0,,0.0,0.0,0.0,0.0,0.0,1.0,0.2015691612041102,0.0575122446848132,1903,1.7325606106053586,0.8009370476465818,418,1050.053570062023,0.449657458038772,1160.5,685.4407582938388,0.4207144732541868,1859,0.49117026184683504,0.8233619396015222,0.4091722348267588,4,1395.25,,,,,,,,,,,,,5.155307302038457e-19,0.9999999999715842,7.521950384436699e-27,0.9667786727398161,0.26294046416118044,0.0015097283399688225,0.06462196830495687,1.0,0.00014599239274630743,0.9999999999999541,9.960751159770499e-05,3.8434858594393884e-14,3.8434858594393884e-14,3.209086642252945e-14,,0.0,0.0,0.004567040150618464,0.0,,,,,0.13043478260869565,,0.0,0.7209302325581395,0.7209302325581395,0.0,0.0,1.0,0.3986733618839274,0.12417638082767558,1804,1.8381994841650027,0.8922791333228678,457,952.4728342582795,0.5549192363279067,1130.5,729.2596196373287,0.5133241041452619,1714,1009.0473684210526,935.5,610.6543869996938,760,0.4758535102197843,0.8532293215616218,0.41093374637766444,5,1286.75
sym19,,,,12.528447005598993,35222.69730293378,0.6699029126213593,28.50679579013105,206,smoothed,143.1815846458043,,7.194953177048822,90447.61084368253,1.0,7.355707676495908e-05,0.9552356429654008,502.4673943511035,,,,[],[],11,633.0493934374367,32.58885363576357,1028.7012466344179,"[10, 32, 54, 65, 81, 102, 131, 148, 158, 176, 200]","[679.2191822855787, 443.0326764528643, 904.7621507737193, 635.2201245595888, 1028.7012466344179, 569.3844352917315, 850.7571211374024, 32.58885363576357, 663.0482203148667, 515.3646530537618, 641.464663672109]","[1, 20, 1, 60, 1, 95, 122, 147, 147, 171, 187]","[38, 38, 76, 76, 205, 122, 205, 149, 205, 187, 205]",61491465.08148677,1061.9966388178661,-1061.9966388178661,0.0,,,,SWT,mdp.39015067403892,30754989.241486773,,0.0,-12.0,11.0,0.0,6.0,,333.59663881786616,374.8493934374368,1283.1433278118056,374.84939343743673,,0.0,374.8493934374368,,,28.38885363576358,0.0,6.0,300.3012466344179,333.59663881786616,,140.06739435110353,0.36421833735897174,,0.8909346042968521,0.1679935969872296,0.03008988758091383,0.5185185185185188,0.35807603740112215,,0.0190124106646941,0.7264201189206598,0.7264201189206598,0.7260731372603253,,0.2617982074954276,0.43419173086994794,0.42660160317245865,,,,,,0.49655937526233945,0.1,0.4545454545454545,0.5403155940547457,0.5403155940547457,2.1325339772064327,0.6845834496162284,38,1.6642742781472895,0.6344185995110884,25,0,0.4441502230147639,0.7322711510359766,31,0.0,0.4888381365143226,0.6470673496551519,23,6.751543033509698,0.9363061977970784,29.25,28.158679678649747,0.8301814007853316,20,sym,0.6803648884317847,1.0,0.22374457809775072,3,15.75,0.03742058846654776,0.81911290293634,,0.7789224499048344,0.33509093699806314,0.005131403722177574,0.5428571428571431,0.052711359922472,,0.011951801547261581,0.24314539184204337,0.24314539184204337,0.24282436103602495,,0.2814195766210769,0.31219259081995154,0.10542977986262199,,,,,0.25,,0.11799777868477634,0.2372881355932203,0.5423728813559322,0.17627646702696784,0.17627646702696784,0.5423728813559321,0.9877912116513141,0.32415832649136367,161,1.5186769557088,0.7811197185975742,68,65.76093065034893,0.6898069308945806,114.5,95.61572052401746,0.5748562956359695,134,0.7190889370932755,0.9859759878661594,0.20084494767485936,5,101.75,,,0.9650621671826669,0.75,0.45999999999999996,0.6158119427883059,0.9650621671826665,1.0,False,False,0.0,0.0,0.0012147143534445115,0.4908790722518397,,0.15300424550078062,0.33673550646459316,4.43308464383326e-06,0.6687863617913681,0.9650621671826666,0.005007574043362302,,0.00010481801811532024,0.0018738881445010418,0.0018738881445010418,0.0018738881444947094,,0.0,0.0011794080049579178,0.005933447250170674,0.0018633323904086263,,,,,0.13043478260869565,,9.631498804891647e-06,0.3023255813953488,0.5813953488372092,0.0013999684304919016,0.0013999684304919016,0.5813953488372092,0.26359591751402733,0.08210327091623533,2061,1.063343094263631,0.516156631936712,1954,75.66042558696059,0.9646446609406726,2007.5,2006.0742216687422,0.51328027439557,1715,1409.1368421052632,1454.5,398.32527672708756,380,0.6645304607900322,0.5565550872278735,0.3678621512786154,7,1288.0
coif17,1.0,periodic,3.119485349524701e-26,312.306569239125,6602412.39790933,0.5163398692810458,99.41231174957912,206,smoothed,1.2395693964261454e-13,-2.1858115317741116e-10,6.802047824590488,29512.351367428775,0.9793098754476297,0.00014966566451320255,0.9999999999999996,362.4000000000002,,,,[],[],11,426.60000000000014,32.19999999999993,728.4000000000005,"[9, 31, 53, 64, 80, 102, 131, 148, 158, 175, 192]","[311.0000000000001, 417.8000000000002, 589.5999999999999, 432.2000000000003, 728.4000000000005, 371.00000000000034, 587.0000000000001, 32.19999999999993, 448.19999999999976, 368.0000000000003, 407.2]","[0, 0, 0, 60, 0, 94, 120, 144, 144, 165, 186]","[20, 40, 75, 75, 205, 120, 205, 149, 205, 186, 205]",30736475.84000001,728.4000000000005,-728.4000000000005,0.0,,,,DWT,mdp.39015067403892,1.4901161193847656e-08,,0.0,15.0,11.0,0.0,33.0,,5.684341886080801e-13,168.4000000000002,987.7999999999975,168.40000000000015,,0.0,168.4000000000002,,,27.999999999999943,0.0,15.0,5.684341886080801e-13,5.684341886080801e-13,,2.2737367544323206e-13,2.2347911280952026e-13,8.650695878847727e-26,0.9513560321305906,0.9631114255507633,0.7663581100507599,0.022447658104900306,0.008803365655973346,,0.9999996646602125,4.406097391567225e-09,4.406097391567225e-09,3.6788452796766485e-09,,2.4503221863198973e-12,0.9999999955939026,3.7929866394817307e-13,,,,,,3.1786782849947497e-13,0.0,0.0,8.738507799082175e-13,8.738507799082175e-13,0.7999999009442503,0.30073748691169105,856,1.4480487965835327,0.7351278390474523,51,0,0.16666663939583753,0.2371338395843594,856,0.0,0.3874395130704588,0.6835481605288987,59,462.4690980667429,0.5152315533891584,455.5,102.84509572960133,0.5188841205100928,831,coif,0.5556920286951962,0.9053407607371553,0.33941335169221604,4,624.25,1.3827389927131836e-13,0.9999999999705125,2.1278666458283737e-26,0.9385592349642015,0.9535510501100274,0.0020075613151331346,0.01842105263157945,8.574400099159657e-05,0.9999999997233346,2.0315811922300142e-05,4.745570603148508e-11,4.745570603148508e-11,3.9622916059300906e-11,,2.4503221863198973e-12,0.003126132840347795,3.7929866394817307e-13,,,,,0.0,,1.4749084227875944e-13,0.0,0.0,7.119213119032428e-13,7.119213119032428e-13,1.0,0.20156916120588422,0.057512244685319375,1717,1.7483175652246588,0.8082212538298644,258,1031.6687937511729,0.4592930850360729,987.5,448.593417721519,0.4708677165222293,1653,0.4784248188775415,0.776734912893196,0.43208215291776214,2,1240.25,,,,,,,,,,,,,9.284232317759742e-19,0.9999999999715818,2.1278666458283737e-26,0.9554333157920268,0.29477678347144043,0.0017308803962242689,0.013935867947504121,0.9999999999999997,8.5744000991597e-05,0.9999999999999541,9.960751159770347e-05,3.843648489765261e-14,3.843648489765261e-14,3.209227588535368e-14,,0.0,1.9145521638122673e-18,0.004567040150618456,3.5270643972334666e-18,,,,,0.13043478260869565,,4.666576700876887e-21,0.7209302325581395,0.7209302325581395,2.3854854224057974e-18,2.3854854224057974e-18,1.0,0.3986733618839274,0.12417638082767558,1831,1.8271224661799028,0.8869022457256893,610,863.3773798287746,0.5965526262482361,1220.5,915.1249487914789,0.5131127617222488,1716,986.6382352941176,846.0,585.0035688138154,340,0.4652856568234462,0.8173890317607586,0.42908333069536003,4,1288.0
bior5.5,1.0,symmetric,7.007732191266428e-20,251.01601750452136,5831423.224188408,0.6620370370370371,325.25664902597686,206,raw,2.0870449705015635e-10,,6.479781728574187,59233.17852481377,0.688016373143071,5.618943883679065e-06,1.0,327.00000000002444,,,,[],[],13,661.1538461545146,87.00000000009702,940.0000000010599,"[8, 32, 51, 63, 81, 100, 111, 133, 152, 162, 175, 192, 204]","[878.0000000008167, 638.0000000005965, 787.0000000006744, 792.0000000010037, 940.0000000010599, 788.0000000008607, 637.000000000589, 675.0000000002702, 771.0000000008934, 196.00000000019367, 834.0000000009228, 572.0000000007108, 87.00000000009702]","[0, 13, 39, 39, 76, 99, 107, 107, 107, 161, 164, 187, 203]","[76, 39, 61, 76, 205, 164, 119, 142, 164, 164, 205, 205, 205]",37754613.00002327,941.000000000768,-941.000000000768,0.0,,,,DWT,mdp.39015067403892,2.3268163204193115e-05,,0.0,33.0,19.0,0.0,28.5,,7.679545888095163e-10,256.34134615451455,4358.999999991311,256.3413461545145,,0.0,256.34134615451455,,,84.00000000009702,0.0,24.0,1.0599023880786262e-09,7.679545888095163e-10,,2.4442670110147446e-11,2.6368340496385876e-10,4.959135243374362e-20,0.712383223562017,0.8422242803032748,0.00010743183875654827,0.7867063492063496,0.00012092418869095241,,0.4742280247243027,7.213533238585646e-09,7.213533238585646e-09,6.599522800931998e-09,,1.2294884384132148e-09,0.9999999927864262,1.2691366086931558e-09,,,,,,2.3030695021828287e-10,1.0,0.5,9.618056923812812e-10,9.618056923812812e-10,0.7922684118676688,0.2590182143998372,245,1.163326699645347,0.5587497534509047,861,0,0.24785233693248843,0.296138427777259,245,0.125,0.3282560299089675,0.5962267552785352,845,351.08973211986705,0.6319814128722567,549.0,380.65737349577694,0.5282548573795246,769,bior,0.672619891330026,0.76736776154697,0.2989557476048908,5,578.0,2.636834049638587e-10,0.00015478832988835567,4.959135243374362e-20,0.712383223562017,0.8422242803032749,0.0011408002617336657,0.8396929824561408,0.002486338685327514,,0.99198282145792,0.9855281704527369,0.9855281704527369,0.9855281704526242,,2.63409635029389e-10,0.9999999999641906,7.072402887977635e-10,,,,,1.0,,2.3030695021828287e-10,1.0,0.5,9.618056923812812e-10,9.618056923812812e-10,0.0,2.234570200812102,0.6375734630574889,251,1.1860306394543734,0.5482843560959548,1747,1057.831744655075,0.44558084661683706,999.0,438.9359359359359,0.4609979704782298,1710,0.5943810304597339,0.7715092316736338,0.3524805091760961,5,1283.75,,,,,,,,,,,,,1.7704700619013979e-15,0.03641360043834285,4.959135243374362e-20,0.791374244103922,0.26036169146969246,0.0015281951919115017,0.6352433139403781,1.0,0.002486338685327514,,0.0008499884728404222,0.0007982210227461927,0.0007982210227461927,0.0007982210227398534,,0.0,2.0581435760981875e-16,0.02016391057300962,6.5765642750815214e-15,,,,,0.4782608695652174,,7.28685951841926e-18,1.0,0.8604651162790697,3.222790805670232e-15,3.222790805670232e-15,0.9302325581395349,0.5744527218307323,0.17892707859000706,585,1.2717854309749408,0.6173364816487501,1827,878.2266222336921,0.5896137279281812,1206.0,886.2313432835821,0.5130311630295112,1717,1104.4,1082.5,563.6960149978129,300,0.520820561188399,0.7876173146100969,0.3991404127850916,6,1289.25
db7,,,,6.558333281270458,959989.5204562066,0.6893203883495146,161.64527639966903,206,raw,164.31511661859972,,7.329050452483519,123196.58906353095,1.0,2.7165956383247575e-06,0.07896518999309714,517.9533346494268,,,,[],[],14,962.409019780066,58.06471690712988,1742.3927134290711,"[11, 26, 37, 51, 68, 84, 94, 105, 115, 133, 144, 162, 179, 198]","[1254.5821461857424, 483.0892583075382, 1303.7955583844232, 1742.3927134290711, 1189.9616225395682, 58.06471690712988, 1639.294731862637, 878.7326689386668, 744.6390171097365, 1184.9704463907228, 199.86592795279307, 1237.0851296546834, 901.1961793856286, 656.0561598725856]","[3, 24, 3, 3, 65, 80, 80, 95, 112, 122, 142, 122, 168, 168]","[24, 28, 41, 122, 80, 85, 122, 122, 122, 147, 147, 168, 192, 200]",75447330.42979985,1433.009629867044,-1433.009629867044,0.0,,,,SWT,mdp.39015067403892,37692717.429799855,,0.0,-20.5,18.0,0.0,-7.0,,492.00962986704394,557.596519780066,519.7262769209246,557.5965197800663,,0.0,557.596519780066,,,55.06471690712988,0.0,-20.5,802.3927134290711,492.00962986704394,,190.95333464942678,0.6886710963127879,,0.108205290077693,0.5216240288132231,0.13721651589031209,0.6571428571428573,0.10371463086228533,,0.03237293673370094,0.294545808102502,0.294545808102502,0.2945458081025024,,0.4770282581385358,0.12635639456868136,0.5785095070636161,,,,,,0.20268358469105735,0.09322033898305085,0.11000000000000001,0.3022501050038533,0.3022501050038533,1.4161711993002966,0.47610505363243794,52,0.997628459073187,0.5669243405401795,63,0,0.2698396245853047,0.448937544722465,74,0.0,0.3496323057923477,0.6057759938761301,63,8.981462390204987,0.9152692227339152,63.0,62.02481770500192,0.6604648000462029,49,db,0.9380878725805777,0.8243093411562624,0.09604568684671688,4,37.75,0.7042477625276525,0.01047834251137153,,0.10820529007769297,0.5216240288132232,0.2865392285345832,0.6571428571428573,0.5846738746365739,,0.052709503744418545,0.5027171834322565,0.5027171834322565,0.5025062537481391,,0.4770282581385358,0.1263563945686813,0.664764557030777,,,,,0.8333333333333333,,0.4669848536347696,0.09322033898305085,0.09322033898305085,0.3965041252407755,0.3965041252407755,0.3220338983050847,1.9107478998807736,0.627040243187423,54,1.29260841410485,0.6648431168241413,118,45.254833995939045,0.7865338019059479,86.0,74.09302325581396,0.6904367122737287,72,0.9080317387829661,0.7281573716544635,0.1459305713555847,6,55.5,,,0.2308517214472755,0.6000000000000001,0.33928571428571436,,0.2811477179021281,1.0,False,False,0.0,0.0,0.001394005598822451,0.016998626715162002,,0.1370237837857856,0.351055877512981,0.000247544867378589,0.751589771343526,0.2811477179021281,0.007652756918512067,,0.0004622655167494716,0.0035326368953993575,0.0035326368953993575,0.003532636895393038,,0.0,0.0016078823519370174,0.0024014951793888298,0.004978748338598794,,,,,0.43478260869565216,,1.1804177853150361e-05,0.1705426356589147,0.1705426356589147,0.0020647628577814604,0.0020647628577814604,0.3798449612403101,0.2926344858859896,0.09114802953218001,2041,0.6795398696215129,0.3298549755603082,2077,25.45584412271571,0.9881047457370488,2059.0,2058.8426420592523,0.5129776065133842,1718,1009.0473684210526,935.5,610.6543869996938,760,0.4758535102197843,0.8532293215616218,0.41093374637766444,5,1289.75
coif12,1.0,antireflect,1.2943399070033412e-26,316.12691532726853,6258282.3865822265,0.5144927536231884,97.06372950303688,206,smoothed,8.584125858894226e-14,-2.0498562847137724e-10,6.663179497421548,124400.637883468,0.9955991479346727,0.00014966566451320274,1.0,362.4000000000001,,,,[],[],11,426.6,32.200000000000045,728.3999999999997,"[9, 31, 53, 64, 80, 102, 131, 148, 158, 175, 192]","[310.9999999999997, 417.8000000000002, 589.5999999999999, 432.20000000000016, 728.3999999999997, 371.0000000000001, 587.0000000000003, 32.200000000000045, 448.2000000000001, 367.99999999999994, 407.19999999999993]","[0, 0, 0, 60, 0, 94, 120, 144, 144, 165, 186]","[20, 40, 75, 75, 205, 120, 205, 149, 205, 186, 205]",30736475.839999996,728.3999999999997,-728.3999999999997,0.0,,,,DWT,mdp.39015067403892,0.0,,0.0,15.0,11.0,0.0,33.0,,2.2737367544323206e-13,168.4000000000001,987.7999999999984,168.40000000000003,,0.0,168.4000000000001,,,28.000000000000057,0.0,15.0,2.2737367544323206e-13,2.2737367544323206e-13,,1.1368683772161603e-13,1.397443004884445e-13,3.309225860120468e-26,0.9658711043022092,0.7628071863931503,0.6186730387201824,0.009759851349956356,0.7956961240832138,,0.9999996647593375,4.4059791007223055e-09,4.4059791007223055e-09,3.6787269888316428e-09,,1.2251610931599486e-12,0.9999999955939887,1.5171946557926922e-13,,,,,,0.0,0.0,0.0,3.4954031196328703e-13,3.4954031196328703e-13,0.7999999009728295,0.30073748692243457,728,1.592445165311302,0.8084332350807834,29,0,0.1666666394038406,0.23713383959574622,728,0.0,0.45040104354983607,0.7946293406651019,30,403.2793696682239,0.5772752938488219,378.75,56.68665532981294,0.5901313576162348,614,coif,0.5556920286951962,0.9053407607371553,0.33941335169221604,4,461.5,9.011407499632248e-14,0.9999999999705138,8.362728767323276e-27,0.9526571769134563,0.9055790093546033,0.001620683650321436,0.008009153318077777,0.00775000970294891,0.9999999997235396,2.0315811924354055e-05,4.745454029730922e-11,4.745454029730922e-11,3.962169481397382e-11,,1.2251610931599486e-12,0.0031261328403480726,1.5171946557926922e-13,,,,,0.0,,0.0,0.0,0.0,2.847685247612971e-13,2.847685247612971e-13,1.0,0.20156916120491294,0.05751224468504225,1741,1.7314978177395437,0.8004457342835773,430,927.0169901355638,0.5141420387130169,1085.5,689.6637494242285,0.47261085164162375,1648,0.4784248188775415,0.776734912893196,0.43208215291776214,2,1236.5,,,,,,,,,,,,,6.0505996560077e-19,0.9999999999715831,8.362728767323276e-27,0.9656594014611865,0.2799469074319635,0.0016404121198419126,0.006059073020653782,1.0,0.0077500097029489096,0.9999999999999541,9.960751159770499e-05,3.8435400695480126e-14,3.8435400695480126e-14,3.20911916831812e-14,,0.0,9.572760819061336e-19,0.00456704015061846,1.4108257588933865e-18,,,,,0.13043478260869565,,0.0,0.7209302325581395,0.7209302325581395,9.54194168962319e-19,9.54194168962319e-19,1.0,0.3986733618839274,0.12417638082767558,1836,1.8257129337335123,0.8862180455610771,634,849.9423509862302,0.6028306771092382,1235.0,942.5295546558704,0.5128639366854602,1719,986.6382352941176,846.0,585.0035688138154,340,0.4652856568234462,0.8173890317607586,0.42908333069536003,4,1290.25
coif2,1.0,reflect,4.6704241834079104e-27,320.55383547823686,5032757.006245965,0.5231481481481481,91.37452176394007,206,smoothed,4.3494873290945937e-14,-2.09821870988947e-10,6.252856897693205,32129.789627937454,0.9810098435518301,0.00014966566451320268,0.9999999999999999,362.40000000000003,,,,[],[],11,426.59999999999997,32.19999999999999,728.4,"[9, 31, 53, 64, 80, 102, 131, 148, 158, 175, 192]","[311.00000000000006, 417.8, 589.6, 432.20000000000005, 728.4, 371.00000000000017, 587.0, 32.19999999999999, 448.2, 368.0, 407.20000000000005]","[0, 0, 0, 60, 0, 94, 120, 144, 144, 165, 186]","[20, 40, 75, 75, 205, 120, 205, 149, 205, 186, 205]",30736475.839999996,728.4,-728.4,0.0,,,,DWT,mdp.39015067403892,0.0,,0.0,15.0,11.0,0.0,33.0,,0.0,168.40000000000003,987.7999999999993,168.40000000000006,,0.0,168.40000000000003,,,28.0,0.0,15.0,0.0,0.0,,5.684341886080802e-14,4.671522354736604e-14,8.880573168866041e-27,0.9826908017868742,0.17095620191508348,0.09273284967820784,0.06921361249010745,0.030509345271028623,,0.999999664709775,4.4059199552998455e-09,4.4059199552998455e-09,3.6787565615428943e-09,,6.125805465799743e-13,0.9999999955940747,0.0,,,,,,0.0,0.0,0.0,0.0,0.0,0.799999900957455,0.300737486916655,826,0.7613481899732385,0.3865120091106195,645,0,0.16666663939958823,0.23713383958969592,828,0.0,0.1923004015916212,0.33926995399928817,671,98.15124383657431,0.8971160966073645,742.5,732.7236873597888,0.5594071049074558,717,coif,0.5556920286951962,0.9053407607371553,0.33941335169221604,4,538.75,3.6608682510720136e-14,0.9999999999705134,2.5082239336195825e-27,0.9689935144761784,0.7638331348392934,0.00024292413587649695,0.05679824561403529,0.00029715831801181746,0.9999999997234666,2.0315811923354854e-05,4.745387416349445e-11,4.745387416349445e-11,3.9622027880881205e-11,,6.125805465799743e-13,0.0031261328403482946,0.0,,,,,0.0,,0.0,0.0,0.0,0.0,0.0,1.0,0.2015691612044164,0.05751224468490057,1844,1.6862722996266624,0.7795386487052195,879,682.3580438450184,0.6423699979847912,1361.5,1190.507528461256,0.4643977872523537,1687,0.4784248188775415,0.776734912893196,0.43208215291776214,2,1265.75,,,,,,,,,,,,,2.458045336594732e-19,0.9999999999715827,2.5082239336195825e-27,0.9775091301689668,0.23612818062635804,0.0013182339744535188,0.04296892617146997,0.9999999999999999,0.0002971583180118179,0.9999999999999541,9.960751159770423e-05,3.8434858594393884e-14,3.8434858594393884e-14,3.2091408523615694e-14,,0.0,4.786380409530668e-19,0.004567040150618464,0.0,,,,,0.13043478260869565,,0.0,0.7209302325581395,0.7209302325581395,0.0,0.0,1.0,0.3986733618839274,0.12417638082767558,1843,1.822535119189035,0.8846755048128976,673,827.3149339882606,0.6134042364540838,1258.0,985.9610492845787,0.5127768845821821,1720,986.6382352941176,846.0,585.0035688138154,340,0.4652856568234462,0.8173890317607586,0.42908333069536003,4,1291.0
sym16,1.0,antisymmetric,1.714117867308332e-19,247.13138564995683,6654971.782481445,0.6567796610169492,318.05961611978887,206,raw,3.219229068862951e-10,,6.521437783934247,118516.15993204508,0.8677177824877947,5.6189438837087274e-06,1.0,327.00000000055877,,,,[],[],13,661.1538461528343,86.9999999998673,939.9999999985068,"[8, 32, 51, 63, 81, 100, 111, 133, 152, 162, 175, 192, 204]","[877.999999999459, 637.9999999985913, 786.9999999985333, 791.9999999987457, 939.9999999985068, 787.9999999988316, 636.9999999988871, 674.9999999993935, 770.9999999988867, 195.9999999993277, 833.9999999985183, 571.9999999992956, 86.9999999998673]","[0, 13, 39, 39, 76, 99, 107, 107, 107, 161, 99, 187, 203]","[76, 39, 61, 76, 205, 164, 119, 142, 164, 164, 205, 205, 205]",37754612.99996503,940.9999999991174,-940.9999999991174,0.0,,,,DWT,mdp.39015067403892,3.497302532196045e-05,,0.0,33.0,19.0,0.0,28.5,,8.825509212329052e-10,256.34134615283426,4359.000000013155,256.3413461529275,,0.0,256.34134615283426,,,83.9999999998673,0.0,19.5,1.493162926635705e-09,8.825509212329052e-10,,5.587708074017428e-10,4.0673683000235935e-10,1.21302329709626e-19,0.6980480525810838,0.8566143577686132,0.001034239012689027,0.7472760290556903,0.004920652033402347,,0.47422802445744544,5.912354038870057e-09,5.912354038870057e-09,5.370577533707146e-09,,2.8106677557213727e-08,0.9999999940876324,1.7879266565028326e-09,,,,,,3.461610068282484e-10,1.0,0.0,1.105329028860975e-09,1.105329028860975e-09,0.7422684251021499,0.24267159865948457,594,1.1485318024969593,0.5516437142475465,868,0,0.20618567234931554,0.24635434789688967,603,0.125,0.3234490472654593,0.5874956082375685,855,151.9802618763371,0.8406915493958731,730.0,706.2719426570752,0.5377461939851482,741,sym,0.8243425715244881,0.7368036147090654,0.2019191155201387,6,557.25,4.067368300023594e-10,0.00015478833009424653,1.2130232970962598e-19,0.6980480525810837,0.8566143577686133,0.002066649599496313,0.8100579839429083,0.007274711811154949,,0.9919828214538511,0.9855281704339065,0.9855281704339065,0.9855281704348391,,6.021666772881147e-09,0.9999999999706501,9.96341730459061e-10,,,,,1.0,,3.461610068282484e-10,1.0,0.25,1.105329028860975e-09,1.105329028860975e-09,0.0,2.2095702039364924,0.6304403980149962,603,1.1751488501553795,0.543253866460615,1765,821.6580797387683,0.5693615934283185,1184.0,898.8978040540541,0.4744082600265282,1641,0.7763846615972358,0.5622554397616224,0.28785410495344815,6,1232.25,,,,,,,,,,,,,2.730984836495709e-15,0.03641360043854127,1.2130232970962598e-19,0.7809760819423291,0.26481017983184973,0.0017446977233199778,0.6128238879626849,1.0,0.0072747118111549484,,0.000849988472837344,0.0007982210227309412,0.0007982210227309412,0.0007982210227254486,,0.0,4.705011942568647e-15,0.02016391057311068,9.26489275865287e-15,,,,,0.4782608695652174,,1.0952455516958054e-17,1.0,0.7906976744186046,3.703704666827241e-15,3.703704666827241e-15,0.9302325581395349,0.5674759776447256,0.17675400427452,627,1.2608266079840815,0.612016967001533,1836,854.8920984545359,0.6005177110025532,1231.5,934.7722289890377,0.5125252106414635,1721,1409.1368421052632,1454.5,398.32527672708756,380,0.6645304607900322,0.5565550872278735,0.3678621512786154,7,1292.5
sym3,1.0,periodization,2.386394480091392e-18,235.69437011054907,6002035.535037498,0.6310679611650486,297.9710660457653,206,raw,1.2235898118104472e-09,,6.290301478500966,63117.308606200175,0.7752965198309478,5.618943883633248e-06,1.0,327.0000000001995,,,,[],[],13,661.15384615751,87.00000000084246,940.0000000055561,"[8, 32, 51, 63, 81, 100, 111, 133, 152, 162, 175, 192, 204]","[878.000000005436, 638.0000000027142, 787.000000002778, 792.000000005748, 940.0000000055561, 788.0000000048879, 637.0000000031158, 675.0000000012126, 771.0000000055718, 196.0000000005345, 834.0000000046404, 572.0000000045934, 87.00000000084246]","[0, 13, 39, 39, 76, 99, 107, 107, 107, 161, 99, 187, 203]","[76, 39, 61, 76, 205, 164, 119, 142, 164, 164, 205, 205, 205]",37754613.00012342,941.000000004511,-941.000000004511,0.0,,,,DWT,mdp.39015067403892,0.0001234188675880432,,0.0,33.0,19.0,0.0,28.5,,4.5109800339560024e-09,256.34134615751,4358.99999995237,256.3413461575101,,0.0,256.34134615751,,,84.00000000084246,0.0,19.5,5.556103133130819e-09,4.5109800339560024e-09,,1.9952040020143613e-10,1.5460086072685e-09,1.6887707509922195e-18,0.6558428760271322,0.7767683591139721,0.0002994359556526773,0.5544382801664359,0.00043539500074490624,,0.474228025590264,9.53311845875522e-09,9.53311845875522e-09,8.919240077248575e-09,,1.0036056787977637e-08,0.9999999904668138,6.652927634887043e-09,,,,,,1.221592901173825e-09,1.0,0.0,5.649665147001755e-09,5.649665147001755e-09,0.7422684225212838,0.24267159781571582,604,1.0039890936817666,0.48221936170905805,926,0,0.2061856727710385,0.24635434840077186,595,0.125,0.2777191925442781,0.5044343377185473,925,188.2524900233726,0.8026703458874501,762.5,727.6304441614873,0.5017020492539976,874,sym,0.8243425715244881,0.7368036147090654,0.2019191155201387,6,657.0,1.5460086072685e-09,0.00015478832957033228,1.6887707509922193e-18,0.6558428760271322,0.7767683591139721,0.001332605946320365,0.6651251916198266,0.0028000655536030684,,0.9919828214711247,0.9855281704863055,0.9855281704863055,0.9855281704861948,,2.15015771849571e-09,0.9999999999526757,3.7074168608950227e-09,,,,,1.0,,1.221592901173825e-09,1.0,0.25,5.649665147001755e-09,5.649665147001755e-09,0.0,2.209570205654767,0.6304403985052588,599,1.049772747978471,0.4852943558332073,1883,907.9251070435271,0.5241482667486755,1241.0,908.8775181305398,0.43686448976846776,1815,0.7763846615972358,0.5622554397616224,0.28785410495344815,6,1362.75,,,,,,,,,,,,,1.0380486231152543e-14,0.03641360043803636,1.6887707509922193e-18,0.7503621276023111,0.24012692175797498,0.001573047431425877,0.5031795426870521,1.0,0.0028000655536030684,,0.0008499884728504108,0.0007982210227733814,0.0007982210227733814,0.0007982210227670437,,0.0,1.6800195237452646e-15,0.02016391057282946,3.44749382443188e-14,,,,,0.4782608695652174,,3.8650921525012816e-17,1.0,0.7906976744186046,1.8930735215127924e-14,1.8930735215127924e-14,0.9302325581395349,0.5674759776446441,0.1767540042744946,981,1.1843831845837633,0.5749106180076138,1897,647.7098115668775,0.6973318637537955,1439.0,1293.2293259207781,0.5124509786058697,1722,1409.1368421052632,1454.5,398.32527672708756,380,0.6645304607900322,0.5565550872278735,0.3678621512786154,7,1293.25
db5,,,,6.799905322873818,961821.3950082855,0.6699029126213593,154.6711941561407,206,raw,162.94019497306235,,7.324070686346254,123196.58906353095,1.0,2.596534794049757e-06,0.13756568365557983,494.4691862424713,,,,[],[],14,1009.2164960843838,201.06296010630695,1745.0730946223912,"[13, 25, 39, 50, 66, 84, 104, 114, 125, 135, 148, 161, 178, 194]","[1409.6420044272104, 924.2220080541058, 627.2144313812805, 1712.7309707151574, 1123.678765801167, 1745.0730946223912, 1148.110276481088, 681.1844447515125, 201.06296010630695, 1064.4966665475022, 584.4301782624553, 1200.5845483007463, 949.4735077254494, 757.1270880050001]","[5, 23, 38, 5, 62, 79, 97, 111, 124, 124, 147, 124, 167, 190]","[40, 40, 40, 79, 79, 124, 124, 124, 128, 147, 149, 190, 190, 199]",75416929.35229222,1483.1983256732872,-1483.1983256732872,0.0,,,,SWT,mdp.39015067403892,37662316.352292225,,0.0,-16.0,18.0,0.0,-25.0,,542.1983256732872,604.4039960843838,1175.0309451813737,604.4039960843838,,0.0,604.4039960843838,,,198.06296010630695,0.0,-25.0,805.0730946223912,542.1983256732872,,167.46918624247132,0.6430032472564152,,0.13534489262455623,0.5146970336815979,0.13789062684088976,0.542857142857143,0.10371463086228533,,0.25554855020176187,0.3888622763988922,0.3888622763988922,0.38886227639889215,,0.3867537485291249,0.28587513572479006,0.5822637588771462,,,,,,0.20039602627127942,0.1694915254237288,0.020000000000000018,0.3829201781990557,0.3829201781990557,1.5699736009141254,0.5278121499957373,39,0.9709458461506068,0.551761358171898,68,0,0.2967075382319842,0.493638226480723,60,0.0,0.336756580821103,0.5834674000702594,72,14.705441169852742,0.8612694229259175,59.75,56.41552916149619,0.6487950888214493,50,db,0.9380878725805777,0.8243093411562624,0.09604568684671688,4,38.5,0.6608648052146323,0.009107864128241716,,0.13534489262455623,0.5146970336815979,0.28709667049738197,0.5428571428571431,0.5846738746365739,,0.27119464710188673,0.5692019524531854,0.5692019524531854,0.5690192232434477,,0.3867537485291249,0.28587513572479,0.6677505277485477,,,,,0.8333333333333333,,0.46545559465737296,0.16949152542372878,0.01694915254237289,0.46627705783304507,0.46627705783304507,0.01694915254237289,2.038380890677066,0.6689249008089957,35,1.2648617651471508,0.650571843039159,125,63.63961030678928,0.6998131589302392,80.0,54.68749999999999,0.6612273341821007,87,0.9080317387829661,0.7281573716544635,0.1459305713555847,6,66.75,,,0.27978849162483327,0.6000000000000001,0.017857142857142905,,0.3268844242064445,1.0,False,False,0.0,0.0,0.0013823411305053327,0.016195491481299847,,0.13767041012164993,0.35052408371934385,0.00024802644854797365,0.6687863617913681,0.3268844242064446,0.007652756918512067,,0.0023783933593857667,0.003957496341380031,0.003957496341380031,0.003957496341373712,,0.0,0.0014101390245259671,0.005433264875067694,0.004995379775038469,,,,,0.43478260869565216,,1.1794657188409335e-05,0.24031007751937983,0.10077519379844957,0.002275384253564357,0.002275384253564357,0.10077519379844957,0.23928731695212557,0.07453177422406003,2087,0.6645910681070073,0.3225986882125628,2087,0.0,1.0,2087.0,2087.0,0.5123831775700934,1723,1009.0473684210526,935.5,610.6543869996938,760,0.4758535102197843,0.8532293215616218,0.41093374637766444,5,1293.5
bior2.4,1.0,antireflect,2.5340257377600292e-27,323.20928852605056,5088312.468056671,0.514018691588785,82.97741806625494,206,smoothed,3.245414229258514e-14,-2.0909896036869265e-10,6.204273650899119,42540.44768968717,0.988422629817982,0.00014966566451320268,0.9999999999999999,362.4000000000001,,,,[],[],11,426.59999999999997,32.20000000000002,728.4000000000001,"[9, 31, 53, 64, 80, 102, 131, 148, 158, 175, 192]","[311.0, 417.79999999999995, 589.6, 432.20000000000005, 728.4000000000001, 371.0, 587.0, 32.20000000000002, 448.20000000000005, 368.0000000000001, 407.2]","[0, 0, 0, 60, 0, 94, 120, 144, 144, 165, 186]","[20, 40, 75, 75, 205, 120, 205, 149, 205, 186, 205]",30736475.840000004,728.4000000000001,-728.4000000000001,0.0,,,,DWT,mdp.39015067403892,7.450580596923828e-09,,0.0,15.0,11.0,0.0,33.0,,1.1368683772161603e-13,168.40000000000003,987.7999999999993,168.40000000000003,,0.0,168.40000000000003,,,28.00000000000003,0.0,15.0,1.1368683772161603e-13,1.1368683772161603e-13,,1.1368683772161603e-13,2.2460284045343055e-14,2.6281902191986622e-27,0.9927799643255725,0.10087952940604514,0.11657474683991323,0.006503527114503582,0.11684319890077347,,0.9999996647345563,4.4059199552998455e-09,4.4059199552998455e-09,3.6787269888316428e-09,,1.2251610931599486e-12,0.9999999955940747,7.585973278963461e-14,,,,,,1.5893391424973748e-13,0.0,0.0,1.7477015598164352e-13,1.7477015598164352e-13,0.7999999009653742,0.300737486919632,770,0.7537338071244403,0.3826464316366258,658,0,0.16666663940175064,0.2371338395927726,774,0.0,0.19051156665526153,0.3361139650281372,688,58.47791605954052,0.9387023940675676,722.5,718.9155078463989,0.5906824339310585,611,bior,0.8100315533562081,0.7923003667562746,0.1952878026237719,6,459.75,2.265852735017561e-14,0.9999999999705134,9.963669295589383e-28,0.9787927373877449,0.7470500602336538,0.0003053806686559987,0.0053369404820461375,0.00113804239809252,0.9999999997234776,2.0315811923854454e-05,4.745387416349445e-11,4.745387416349445e-11,3.962169481397382e-11,,1.2251610931599486e-12,0.0031261328403482946,7.585973278963461e-14,,,,,0.0,,7.374542113937972e-14,0.0,0.0,1.4238426238064856e-13,1.4238426238064856e-13,1.0,0.2015691612048545,0.05751224468502557,1755,1.6635433559164092,0.7690313954755302,1028,514.06662992262,0.7305730451139308,1391.5,1296.5432985986347,0.5006376755967977,1536,0.5943810304597339,0.7715092316736338,0.3524805091760961,5,1153.25,,,,,,,,,,,,,1.521379182954589e-19,0.9999999999715827,9.963669295589383e-28,0.9846170962356142,0.2309399311367887,0.0013328389397521223,0.0040374944520805145,0.9999999999999999,0.0011380423980925202,0.9999999999999541,9.960751159770467e-05,3.8434858594393884e-14,3.8434858594393884e-14,3.20911916831812e-14,,0.0,9.572760819061336e-19,0.004567040150618464,7.054128794466933e-19,,,,,0.13043478260869565,,2.3332883504384434e-21,0.7209302325581395,0.7209302325581395,4.770970844811595e-19,4.770970844811595e-19,1.0,0.3986733618839274,0.12417638082767558,1865,1.8089768575111647,0.8780941984402706,792,758.7255762131655,0.6454553382181469,1328.5,1111.840421528039,0.5123304728473912,1724,1104.4,1082.5,563.6960149978129,300,0.520820561188399,0.7876173146100969,0.3991404127850916,6,1294.5
sym7,1.0,periodization,5.758999619483987e-20,251.86832197019868,6015747.279625592,0.6553398058252428,312.6289905715571,206,raw,1.948130638442393e-10,,6.2759639401516285,63117.30860587867,0.7703303837535036,5.618943883696371e-06,1.0,327.0000000002991,,,,[],[],13,661.153846153574,87.00000000002802,939.9999999996115,"[8, 32, 51, 63, 81, 100, 111, 133, 152, 162, 175, 192, 204]","[878.0000000000574, 637.9999999993092, 786.9999999992149, 791.9999999998681, 939.9999999996115, 787.9999999997935, 636.9999999996323, 674.9999999997161, 771.0000000000024, 195.9999999995443, 833.9999999995166, 572.000000000169, 87.00000000002802]","[0, 13, 39, 39, 76, 99, 107, 107, 107, 161, 99, 187, 203]","[76, 39, 61, 76, 205, 164, 119, 142, 164, 164, 205, 205, 205]",37754612.99999093,940.9999999999794,-940.9999999999794,0.0,,,,DWT,mdp.39015067403892,9.067356586456299e-06,,0.0,33.0,19.0,0.0,28.5,,2.05773176276125e-11,256.341346153574,4359.000000003538,256.34134615359847,,0.0,256.341346153574,,,84.00000000002802,0.0,19.5,3.8846792449476197e-10,2.05773176276125e-11,,2.991100700455718e-10,2.461313381076284e-10,4.075449389411189e-20,0.7155284199926495,0.771815458851912,0.0003148669136980842,0.7364771151178922,0.0004353950007188764,,0.47422802464415476,6.485207425375425e-09,6.485207425375425e-09,5.89016884909531e-09,,1.5045507355651945e-08,0.9999999935147722,4.651549707073381e-10,,,,,,8.974817752662512e-11,1.0,0.0,2.577155149089739e-11,2.577155149089739e-11,0.7422684176193216,0.24267159621310555,611,1.1101472189996786,0.5332074688042332,883,0,0.20618567105595528,0.2463543463515596,611,0.125,0.3115458937318574,0.5658753546480463,874,154.484896780667,0.838066145932215,744.75,720.7220175994676,0.5287028842868622,766,sym,0.8243425715244881,0.7368036147090654,0.2019191155201387,6,576.0,2.461313381076284e-10,0.0001547883300084263,4.075449389411189e-20,0.7155284199926494,0.771815458851912,0.0013480209567877138,0.8019417475728158,0.0028000655535771004,,0.991982821456698,0.9855281704421966,0.9855281704421966,0.9855281704423586,,3.223398836103825e-09,0.9999999999678063,2.5921270694218144e-10,,,,,1.0,,8.974817752662512e-11,1.0,0.25,2.577155149089739e-11,2.577155149089739e-11,0.0,2.209570201615426,0.6304403973527434,629,1.1378419537233386,0.5260074421206923,1821,842.8712831743646,0.5582435622775866,1225.0,935.0277551020407,0.45810500965032375,1718,0.7763846615972358,0.5622554397616224,0.28785410495344815,6,1290.0,,,,,,,,,,,,,1.6526188497718106e-15,0.036413600438458614,4.075449389411189e-20,0.7936556443438826,0.23859580288611548,0.0015766521094785007,0.6066838046272496,1.0,0.0028000655535771004,,0.0008499884728394977,0.0007982210227376557,0.0007982210227376557,0.0007982210227315389,,0.0,2.5185933714950377e-15,0.02016391057306619,2.4103958090693507e-15,,,,,0.4782608695652174,,2.8396119224835856e-18,1.0,0.7906976744186046,8.635457229108985e-17,8.635457229108985e-17,0.9302325581395349,0.5674759776447038,0.1767540042745132,659,1.2509972423079951,0.6072457014440541,1843,837.2144289248723,0.6087783042407139,1251.0,970.8529176658674,0.5120994324941888,1725,1409.1368421052632,1454.5,398.32527672708756,380,0.6645304607900322,0.5565550872278735,0.3678621512786154,7,1295.5
bior3.5,,,,12.185200145642183,18359.797624723135,0.6019417475728155,18.13656768851813,206,smoothed,143.50229371915808,,7.136613066913209,94145.39718793749,1.0,6.515086482550076e-05,0.9559857371081774,487.2346897124546,,,,[],[],12,638.7555655585279,75.70461976078477,1128.357912098014,"[9, 27, 52, 64, 80, 101, 111, 130, 146, 158, 175, 192]","[678.6739070296019, 461.4611999653777, 891.1489986598763, 745.5280910549261, 1128.357912098014, 578.7956266141749, 310.0563798611907, 887.3378035947152, 75.70461976078477, 703.6054977653286, 558.1718629719584, 646.2248873263858]","[0, 19, 0, 59, 0, 93, 107, 123, 143, 148, 165, 186]","[39, 39, 74, 74, 204, 123, 123, 204, 148, 204, 186, 204]",62996439.65385743,1081.1430664929735,-1081.1430664929735,0.0,,,,SWT,mdp.39015067403892,32259963.813857436,,0.0,-11.5,10.0,0.0,11.0,,352.7430664929735,380.555565558528,1984.6667867023361,380.55556555852786,,0.0,380.555565558528,,,71.50461976078478,0.0,-2.5,399.95791209801394,352.7430664929735,,124.83468971245463,0.46271094731924406,,0.8456755529059026,0.0004217704943010603,0.0,0.0,0.766109826367252,,0.1238051346501444,0.7506345141392932,0.7506345141392932,0.7503182436227158,,0.10064352271813568,0.7492182869259665,0.875816880098242,,,,,,0.8151394270620715,0.11,0.2828282828282828,0.6219027860923408,0.6219027860923408,2.583070723087407,0.8292142048448524,6,1.462735602001987,0.5575923898254118,55,0,0.507522958557922,0.8367538769152886,13,0.0,0.43157201628402186,0.5712650873630234,49,24.82438317461282,0.7658077058998791,30.75,14.175362880793028,0.7378566831386189,32,bior,0.37456811101670917,0.7330437326379493,0.5178892024969188,1,24.25,0.04753993460119061,0.7231571247090336,,0.7403601092761039,0.2539381985463982,0.0,0.1428571428571428,0.11277685904614021,,0.07782781604956099,0.25125036919647115,0.25125036919647115,0.25093277623357974,,0.2228641239195539,0.48296222588261495,0.21644827441353445,,,,,0.16666666666666669,,0.19370219656187135,0.24576271186440674,0.39830508474576276,0.20289406260497153,0.20289406260497153,0.6271186440677965,1.1450216097748438,0.37575581200056407,119,1.290906924645155,0.6639679689113758,119,0.0,1.0,119.0,119.0,0.7193396226415094,54,0.5170065075921908,0.6634325577032603,0.4390656773744883,2,41.0,,,0.9656476031297829,0.5,0.56,0.41201043005569243,0.9656476031297825,1.0,False,False,0.0,0.0,0.0012174351636356155,0.434646542548586,,0.15208546177946225,0.33050531258900884,0.0,0.3789744283588147,0.9656476031297826,0.005306249655411097,,0.0006825546257859198,0.0019256816039534485,0.0019256816039534485,0.0019256816039471157,,0.0,0.0010511442225750725,0.009179048367461685,0.0024816897724027655,,,,,0.08695652173913043,,1.0102809676807908e-05,0.31007751937984496,0.44961240310077516,0.001480318143836829,0.001480318143836829,0.6589147286821706,0.2514255463550332,0.07831251690971755,2073,0.9272344391334516,0.4500882243000596,1999,52.32590180780452,0.9755486440150446,2036.0,2035.3276031434184,0.5120733874280831,1726,1104.4,1082.5,563.6960149978129,300,0.520820561188399,0.7876173146100969,0.3991404127850916,6,1296.0
db12,1.0,antireflect,7.61662819331489e-27,318.42977118275957,5291087.489717739,0.5263157894736842,97.34926341166532,206,smoothed,6.03788863567017e-14,-2.1223625079613888e-10,6.348166277051832,69679.6599869888,0.9922257044765925,0.00014966566451320263,0.9999999999999999,362.40000000000003,,,,[],[],11,426.59999999999997,32.19999999999993,728.4000000000002,"[9, 31, 53, 64, 80, 102, 131, 148, 158, 175, 192]","[310.99999999999994, 417.79999999999984, 589.6000000000001, 432.1999999999998, 728.4000000000002, 371.0000000000001, 587.0000000000001, 32.19999999999993, 448.20000000000005, 367.99999999999994, 407.2000000000001]","[0, 0, 0, 60, 0, 94, 120, 144, 144, 165, 186]","[20, 40, 75, 75, 205, 120, 205, 149, 205, 186, 205]",30736475.84000001,728.4000000000002,-728.4000000000002,0.0,,,,DWT,mdp.39015067403892,1.4901161193847656e-08,,0.0,15.0,11.0,0.0,33.0,,2.2737367544323206e-13,168.40000000000003,987.7999999999993,168.40000000000003,,0.0,168.40000000000003,,,27.999999999999943,0.0,15.0,2.2737367544323206e-13,2.2737367544323206e-13,,5.684341886080802e-14,8.380703526907837e-14,1.750293280187813e-26,0.9746206045234129,0.30843083782532366,0.20359663552258597,0.09097208810933019,0.34190416701675225,,0.9999996646602125,4.4059199552998455e-09,4.4059199552998455e-09,3.6787269888316428e-09,,6.125805465799743e-13,0.9999999955940747,1.5171946557926922e-13,,,,,,3.1786782849947497e-13,0.0,0.0,3.4954031196328703e-13,3.4954031196328703e-13,0.7999999009429521,0.30073748691120306,863,1.0139366014384608,0.514743028346266,200,0,0.1666666393955529,0.23713383958395443,867,0.0,0.27421776185678415,0.4837943482224768,199,384.23029118832716,0.5972428813539548,532.25,324.2206600121446,0.5196644176161807,830,db,0.573477938514061,0.8443824841957417,0.34525069778143475,3,623.25,5.794192593771093e-14,0.9999999999705129,4.593152977096131e-27,0.9611552363612563,0.7967577442457562,0.0005333442994937858,0.07465373961218841,0.0033301162738620846,0.9999999997234303,2.0315811922300142e-05,4.745387416349445e-11,4.745387416349445e-11,3.962169481397382e-11,,6.125805465799743e-13,0.0031261328403482946,1.5171946557926922e-13,,,,,0.0,,1.4749084227875944e-13,0.0,0.0,2.847685247612971e-13,2.847685247612971e-13,1.0,0.2015691612046795,0.057512244684975636,1799,1.7065322283243423,0.7889045129510771,678,792.6667017101198,0.5845562360009855,1238.5,984.8381106176828,0.4677236106629665,1659,0.49117026184683504,0.8233619396015222,0.4091722348267588,4,1245.25,,,,,,,,,,,,,3.8904399469388625e-19,0.9999999999715824,4.593152977096131e-27,0.9718235553673108,0.24630635667343045,0.00138614642848967,0.05647693852409408,0.9999999999999999,0.0033301162738620846,0.9999999999999541,9.960751159770347e-05,3.8434858594393884e-14,3.8434858594393884e-14,3.20911916831812e-14,,0.0,4.786380409530668e-19,0.004567040150618464,1.4108257588933865e-18,,,,,0.13043478260869565,,4.666576700876887e-21,0.7209302325581395,0.7209302325581395,9.54194168962319e-19,9.54194168962319e-19,1.0,0.3986733618839274,0.12417638082767558,1827,1.8308632066819854,0.8887180359714907,562,894.4900782009826,0.5820139821490735,1194.5,859.5847634993722,0.5119182060278078,1727,1009.0473684210526,935.5,610.6543869996938,760,0.4758535102197843,0.8532293215616218,0.41093374637766444,5,1296.5
sym15,,,,12.691977254777262,35044.263664215454,0.6699029126213593,28.270424685594417,206,smoothed,143.58759817233852,,7.195999025538052,90447.61084361815,1.0,7.297859629567061e-05,0.967470326466462,499.612133579178,,,,[],[],10,682.1912816410754,427.2748238179349,1023.1228706291053,"[10, 32, 54, 65, 81, 102, 131, 158, 176, 200]","[694.0343413367781, 427.2748238179349, 857.8002635462803, 632.5778350025588, 1023.1228706291053, 570.3222078809733, 855.9683850789627, 649.6012193028193, 506.0173272610406, 605.1935425543003]","[1, 20, 1, 60, 1, 95, 122, 147, 170, 187]","[38, 38, 76, 76, 205, 122, 205, 205, 187, 205]",61492773.83006259,1068.4272698199331,-1068.4272698199331,0.0,,,,SWT,mdp.39015067403892,30756297.990062594,,0.0,-17.0,12.0,0.0,1.0,,340.02726981993317,423.9912816410755,1141.5128164107555,423.99128164107526,,0.0,423.9912816410755,,,423.0748238179349,0.0,5.5,294.7228706291053,340.02726981993317,,137.21213357917804,0.48890870389380536,,0.9124969980576146,0.1709976149976143,0.029771493459372238,0.5185185185185188,0.35807603739401833,,0.9782953285258598,0.9349559074494591,0.9349559074494591,0.9348734119562253,,0.23159092254032246,0.3705910462831652,0.4014563536262751,,,,,,0.49683641727802036,0.0,0.4444444444444444,0.5677179447904221,0.5677179447904221,2.628693158838806,0.8438598633808543,4,1.7155737915325358,0.6539738890837293,18,0,0.5482290419422717,0.9038660587615497,2,0.0,0.506895958961143,0.6709702050962699,16,8.16496580927726,0.9229720206671956,10.0,4.608,0.9143161990128431,5,sym,0.6803648884317847,1.0,0.22374457809775072,3,4.5,0.05023154940189528,0.8125096262143578,,0.7972943854054448,0.33654574174062,0.005077106118838104,0.5428571428571431,0.05271135992142628,,0.614987327349647,0.31294593108132396,0.31294593108132396,0.31265450718148113,,0.27044377875411146,0.2777159237332278,0.09921541473944849,,,,,0.3333333333333333,,0.11806361238781624,0.15254237288135591,0.5338983050847458,0.18521640810782705,0.18521640810782705,0.45762711864406774,1.2163688619173225,0.39916947025289856,109,1.5360822622727281,0.7900720030937689,58,36.062445840513924,0.8298941233938022,83.5,75.7125748502994,0.7180130994327502,56,0.7190889370932755,0.9859759878661594,0.20084494767485936,5,43.25,,,0.9746111332585714,1.0,0.36,0.6017871721096286,0.974611133258571,1.0,False,False,0.0,0.0,0.0012181588638513056,0.48700938393012083,,0.1534419739942242,0.3368471935840937,4.3861762568512316e-06,0.6687863617913681,0.9746111332585711,0.0050075740433571025,,0.005393475834076022,0.002319936448000716,0.002319936448000716,0.0023199364479943845,,0.0,0.0011553658827620128,0.005278193116869515,0.001828719251725152,,,,,0.17391304347826086,,9.631908663930938e-06,0.22480620155038766,0.5736434108527131,0.0014269551544077606,0.0014269551544077606,0.5038759689922481,0.258598095125259,0.08054657925937597,2066,1.0663212647522198,0.5176022636025553,1953,79.90306627407988,0.962662118563514,2009.5,2007.9114207514306,0.5118217134873645,1728,1409.1368421052632,1454.5,398.32527672708756,380,0.6645304607900322,0.5565550872278735,0.3678621512786154,7,1297.75
rbio6.8,1.0,antisymmetric,1.8224129635683047e-21,266.8653245079434,6207588.595316525,0.6306306306306306,295.5514919526304,206,raw,3.309559314842975e-11,,6.464321996073762,91667.71095367333,0.8247049318614709,5.61894388369197e-06,1.0,327.0000000000577,,,,[],[],13,661.1538461537423,86.9999999999888,939.9999999998472,"[8, 32, 51, 63, 81, 100, 111, 133, 152, 162, 175, 192, 204]","[877.9999999999467, 637.9999999998581, 786.9999999998557, 791.9999999998661, 939.9999999998472, 787.9999999998796, 636.9999999998915, 674.9999999999447, 770.9999999998719, 195.99999999993565, 833.9999999998462, 571.9999999999186, 86.9999999999888]","[0, 13, 39, 39, 76, 99, 107, 107, 107, 161, 99, 187, 203]","[76, 39, 61, 76, 205, 164, 119, 142, 164, 164, 205, 205, 205]",37754612.99999652,940.9999999999047,-940.9999999999047,0.0,,,,DWT,mdp.39015067403892,3.4794211387634277e-06,,0.0,33.0,19.0,0.0,28.5,,9.526957001071423e-11,256.3413461537423,4359.00000000135,256.34134615375194,,0.0,256.3413461537423,,,83.9999999999888,0.0,19.5,1.5279510989785194e-10,9.526957001071423e-11,,5.7696070143720135e-11,4.179850826943199e-11,1.2896592891773568e-21,0.7708707545120579,0.8368837182564944,0.0005307617821288255,0.5511583011583011,0.002746921139815994,,0.4742280245985917,6.615501418310409e-09,6.615501418310409e-09,6.009018099480607e-09,,2.9021645697428214e-09,0.999999993384424,1.8295823255214e-10,,,,,,3.4439111672090326e-11,1.0,0.0,1.1931801187498349e-10,1.1931801187498349e-10,0.7422684114513038,0.2426715941965807,681,1.1027917816583328,0.5296746273399623,887,0,0.2061856700484362,0.24635434514775767,679,0.125,0.30263435098437097,0.5496889034247944,890,120.38653025428827,0.8738086684965531,784.25,770.3901986585109,0.5258718394893667,775,rbio,0.5136782423812899,1.0,0.3404252303330971,4,582.25,4.179850826943199e-11,0.00015478832997795067,1.2896592891773568e-21,0.7708707545120578,0.8368837182564945,0.0015636927023082315,0.6626600284495021,0.005106123313976186,,0.9919828214560034,0.9855281704440824,0.9855281704440824,0.9855281704440786,,6.21769254778674e-10,0.9999999999671593,1.0195548086926891e-10,,,,,1.0,,3.4439111672090326e-11,1.0,0.25,1.1931801187498349e-10,1.1931801187498349e-10,0.0,2.209570200246863,0.6304403969622614,686,1.14889905540356,0.5311189760670806,1812,796.2022356160525,0.5827032308091968,1249.0,995.2217774219375,0.4640455357400282,1690,0.3888041033402703,1.0,0.4278371276618108,3,1268.25,,,,,,,,,,,,,2.806509857277914e-16,0.03641360043842917,1.2896592891773568e-21,0.8337987699124105,0.2587107324550724,0.0016270852382328112,0.5013146010304718,1.0,0.005106123313976186,,0.0008499884728389721,0.0007982210227391829,0.0007982210227391829,0.000798221022732932,,0.0,4.858176115673629e-16,0.020163910573056065,9.480749099763558e-16,,,,,0.4782608695652174,,1.089645659654753e-18,1.0,0.7906976744186046,3.998073567952116e-16,3.998073567952116e-16,0.9302325581395349,0.5674759776446984,0.17675400427451152,694,1.2439405406634068,0.6038203128059915,1850,817.415439051649,0.6180301686674537,1272.0,1009.3553459119498,0.5118188226514839,1729,818.67,599.5,715.6978453131971,300,0.38607403914171184,1.0,0.42974817260080167,3,1297.5
bior2.8,1.0,antireflect,7.296904279344719e-27,318.6160122502271,5324144.567489269,0.5135135135135135,82.97741806625494,206,smoothed,5.6692276250827876e-14,-2.1387687176854845e-10,6.278525640387311,63394.46074701774,0.9923555713519167,0.00014966566451320263,0.9999999999999999,362.40000000000003,,,,[],[],11,426.60000000000014,32.200000000000045,728.4000000000003,"[9, 31, 53, 64, 80, 102, 131, 148, 158, 175, 192]","[311.0, 417.8000000000001, 589.6, 432.20000000000005, 728.4000000000003, 371.0, 587.0000000000001, 32.200000000000045, 448.2000000000001, 368.0000000000001, 407.2000000000002]","[0, 0, 0, 60, 0, 94, 120, 144, 144, 165, 186]","[20, 40, 75, 75, 205, 120, 205, 149, 205, 186, 205]",30736475.84000001,728.4000000000003,-728.4000000000003,0.0,,,,DWT,mdp.39015067403892,1.4901161193847656e-08,,0.0,15.0,11.0,0.0,33.0,,3.410605131648481e-13,168.4000000000002,987.7999999999975,168.40000000000012,,0.0,168.4000000000002,,,28.000000000000057,0.0,15.0,3.410605131648481e-13,3.410605131648481e-13,,5.684341886080802e-14,7.570806925869445e-14,1.6567228906202532e-26,0.9753282112357995,0.20798090063720903,0.21778324153768422,0.0030334673114730537,0.2897820563875375,,0.9999996647593375,4.406097391567225e-09,4.406097391567225e-09,3.678815706965397e-09,,6.125805465799743e-13,0.9999999955939026,2.275791983689038e-13,,,,,,3.1786782849947497e-13,0.0,0.0,5.243104679449306e-13,5.243104679449306e-13,0.7999999009728446,0.30073748692244023,726,0.9152052073085533,0.4646202724114494,251,0,0.16666663940387139,0.23713383959579,724,0.0,0.24198683958711134,0.4269302781254803,254,272.8019733555215,0.7140440530864555,488.75,374.5424417370327,0.6008637456207959,583,bior,0.8100315533562081,0.7923003667562746,0.1952878026237719,6,438.75,5.328383011045033e-14,0.9999999999705129,4.366895164708097e-27,0.9618425080631247,0.7727003977765371,0.0005705077105093747,0.0024893314366999375,0.0028224515374276693,0.9999999997234056,2.0315811924354055e-05,4.745570603148508e-11,4.745570603148508e-11,3.962258299239352e-11,,6.125805465799743e-13,0.003126132840347795,2.275791983689038e-13,,,,,0.0,,1.4749084227875944e-13,0.0,0.0,4.2715278714194565e-13,4.2715278714194565e-13,1.0,0.2015691612047761,0.057512244685003204,1777,1.6658656706515809,0.7701049670991196,1004,546.5935418572012,0.7135253973494753,1390.5,1283.0693994965839,0.49237590622190747,1573,0.5943810304597339,0.7715092316736338,0.3524805091760961,5,1181.0,,,,,,,,,,,,,3.5776777839668276e-19,0.9999999999715824,4.366895164708097e-27,0.9723220748906988,0.2388693692040798,0.0013948367976809382,0.0018832253983114278,0.9999999999999999,0.0028224515374276693,0.9999999999999541,9.960751159770499e-05,3.843648489765261e-14,3.843648489765261e-14,3.209195062470194e-14,,0.0,4.786380409530668e-19,0.004567040150618456,2.11623863834008e-18,,,,,0.13043478260869565,,4.666576700876887e-21,0.7209302325581395,0.7209302325581395,1.4312912534434783e-18,1.4312912534434783e-18,1.0,0.3986733618839274,0.12417638082767558,1870,1.8054076187010515,0.8763616567115056,808,750.9474016201135,0.6490899992429375,1339.0,1128.4241971620613,0.5116945323317492,1730,1104.4,1082.5,563.6960149978129,300,0.520820561188399,0.7876173146100969,0.3991404127850916,6,1299.0
coif4,,,,6.833870396573669,968248.2625151998,0.6699029126213593,153.44345614223624,206,raw,161.52321467967107,,7.307202318591617,123196.58906353099,1.0,2.8604121675908046e-06,0.1499453146893766,483.94061917735723,,,,[],[],14,923.2152338823356,106.49536996642928,1645.810352465859,"[5, 20, 30, 49, 67, 85, 95, 105, 122, 134, 156, 168, 178, 202]","[946.579575035682, 600.8090336640583, 1159.9775553812178, 1645.810352465859, 1194.0191416685425, 1531.629092138981, 400.1479031089017, 1132.3421931593236, 287.03619595847886, 1169.7961600586814, 1390.1660668945158, 106.49536996642928, 977.6998434401365, 382.50479141189413]","[4, 16, 4, 4, 64, 75, 94, 96, 120, 123, 75, 167, 167, 191]","[7, 23, 39, 75, 75, 123, 96, 123, 123, 148, 191, 169, 191, 205]",75593189.68434197,1320.9098373559427,-1320.9098373559427,0.0,,,,SWT,mdp.39015067403892,37838576.68434197,,0.0,-7.0,18.0,0.0,-16.0,,379.9098373559427,518.4027338823356,28.986725647300773,518.4027338823358,,0.0,518.4027338823356,,,103.49536996642928,0.0,-20.5,705.8103524658591,379.9098373559427,,156.94061917735723,0.5959384255158598,,0.13916072575893187,0.49123265842902314,0.1402556478295848,0.542857142857143,0.10371463086228686,,0.10795806607066168,0.21557082895589508,0.21557082895589508,0.21557082895589547,,0.3462812897359645,0.0068972189420412056,0.4432322917537911,,,,,,0.21365890508049418,0.3220338983050848,0.11000000000000001,0.12206812733404049,0.12206812733404049,1.0991809451160601,0.36953554985781445,93,0.952701471900949,0.5413935907470748,75,0,0.21463212266634887,0.35708772689142376,95,0.0,0.3290408352410314,0.570099031730638,76,10.719919153924002,0.8988686872271321,84.75,83.73415472100461,0.5496701926701698,79,coif,1.0,1.0,0.0,5,60.5,0.6161547697147123,0.012119988842330287,,0.13916072575893185,0.4912326584290232,0.28905237517903504,0.5428571428571431,0.5846738746365746,,0.12670606440019122,0.4470468074964794,0.4470468074964794,0.4468122644188973,,0.3462812897359645,0.006897218942041178,0.5571708675928592,,,,,0.8333333333333333,,0.47432198089247724,0.32203389830508466,0.09322033898305085,0.24066163639268873,0.24066163639268873,0.1694915254237288,1.6376409784292532,0.5374161591029578,100,1.2477523945880313,0.6417717709327884,132,22.627416997969522,0.8932669009529739,116.0,113.79310344827584,0.6730485448161097,78,1.0,0.7220099692676862,0.08339700921969413,7,60.25,,,0.2901266154343897,0.6000000000000001,0.1785714285714286,,0.33654651941010755,1.0,False,False,0.0,0.0,0.0013703198478439602,0.017960673272162442,,0.13776132590399015,0.34872269525381383,0.0002497160065834561,0.6687863617913681,0.3365465194101077,0.00765275691851207,,0.0011112198023956626,0.003176884962649699,0.003176884962649699,0.003176884962643377,,0.0,0.0013214854421925563,0.00013108666242845398,0.0043794666388329,,,,,0.43478260869565216,,1.1849856400613802e-05,0.3798449612403101,0.1705426356589147,0.0015943259518930988,0.0015943259518930988,0.24031007751937983,0.28376605575984537,0.08838574425813067,2043,0.6681365543565897,0.3243197002274381,2082,27.577164466275352,0.9871134745484694,2062.5,2062.3156363636363,0.5116642139097487,1731,986.6382352941176,846.0,585.0035688138154,340,0.4652856568234462,0.8173890317607586,0.42908333069536003,4,1299.25
db24,,,,6.9282283041416335,955928.1541501158,0.6650485436893204,149.47114888922928,206,raw,165.27180422954575,,7.368445626158932,123196.58906353095,1.0,2.8634723233522864e-06,0.17073517801495677,486.9281980390474,,,,[],[],16,868.4790656661038,53.47053012701889,1767.593404728304,"[4, 16, 27, 41, 51, 65, 81, 98, 108, 120, 131, 149, 170, 181, 193, 204]","[960.8749590264466, 71.75877471074205, 1252.9229098902651, 156.8619194354717, 972.9391785603912, 1387.1411031225252, 1767.593404728304, 1442.6010483036664, 802.9734292367816, 971.740202926825, 53.47053012701889, 1108.4038527145215, 1329.9776288694452, 75.69088535283618, 1180.2900850279755, 360.4251386244444]","[0, 15, 18, 37, 37, 18, 18, 93, 104, 104, 130, 142, 142, 180, 189, 202]","[18, 18, 37, 42, 57, 78, 205, 205, 115, 142, 142, 168, 205, 184, 205, 205]",75539837.13631654,1643.1837445948188,-1643.1837445948188,0.0,,,,SWT,mdp.39015067403892,37785224.13631654,,0.0,7.5,16.0,0.0,-6.0,,702.1837445948188,463.6665656661038,941.6650506576607,463.66656566610374,,0.0,463.6665656661038,,,50.47053012701889,0.0,-15.0,827.593404728304,702.1837445948188,,159.9281980390474,0.7204473546563749,,0.1497614396973142,0.5764238263814345,0.13572197495783603,0.5142857142857146,0.10371463086228533,,0.0252028454787335,0.10527814749047953,0.10527814749047953,0.10527814749047931,,0.35776572647111315,0.22906761469489792,0.6138066286999495,,,,,,0.20964434110914987,0.5677966101694915,0.22,0.6400704238318509,0.6400704238318509,1.2936897438508677,0.4349278005259341,72,1.0322593298134335,0.5866040954411031,57,0,0.29176012759342224,0.48540712110387846,64,0.0,0.3582632847163147,0.6207301035198062,61,6.3508529610858835,0.9400862928199445,63.5,63.040581694563144,0.6705148445231798,44,db,0.9380878725805777,0.8243093411562624,0.09604568684671688,4,34.0,0.7344341647290271,0.012154920108601586,,0.14976143969731417,0.5764238263814346,0.28530334914385597,0.5142857142857146,0.5846738746365739,,0.045690105919611486,0.36930022109034183,0.36930022109034183,0.36903270067598937,,0.35776572647111315,0.22906761469489792,0.6928383722308762,,,,,0.6666666666666666,,0.4716381989438144,0.5677966101694913,0.1864406779661017,0.6886907243138837,0.6886907243138837,0.3389830508474576,1.9070152261785074,0.6258153109888036,55,1.3253900767665905,0.6817041108737603,110,38.890872965260115,0.816552486012924,82.5,73.33333333333334,0.7137007713083487,57,0.9080317387829661,0.7281573716544635,0.1459305713555847,6,44.25,,,0.3074880521732428,0.20000000000000007,0.3571428571428572,,0.35277266041338207,1.0,False,False,0.0,0.0,0.0014021218812036906,0.017981143883776023,,0.13801389779776363,0.35526292424617384,0.000246477175525581,0.6480855094033285,0.35277266041338207,0.007652756918512067,,0.0004007049758176449,0.002680058815641469,0.002680058815641469,0.002680058815635142,,0.0,0.0013466417210056538,0.004353596621062849,0.005135115536153969,,,,,0.34782608695652173,,1.1833148054578949e-05,0.6046511627906976,0.255813953488372,0.0029467775164666535,0.0029467775164666535,0.39534883720930225,0.313381282798922,0.09761011704723403,2028,0.6697823898130909,0.3251186040718628,2080,36.76955262170047,0.9828179660646259,2054.0,2053.670886075949,0.5115024409762382,1732,1009.0473684210526,935.5,610.6543869996938,760,0.4758535102197843,0.8532293215616218,0.41093374637766444,5,1300.25
db32,1.0,antireflect,1.6533108225852955e-26,315.06385365596327,6500904.004162892,0.5261194029850746,119.15051450272655,206,smoothed,9.06303080048739e-14,-2.0129780065047996e-10,6.621050360356691,132479.48824830385,0.9959824099003415,0.0001496656645132028,0.9999999999999997,362.4,,,,[],[],11,426.59999999999985,32.1999999999999,728.3999999999999,"[9, 31, 53, 64, 80, 102, 131, 148, 158, 175, 192]","[310.9999999999997, 417.79999999999984, 589.5999999999999, 432.2000000000003, 728.3999999999999, 371.00000000000006, 586.9999999999995, 32.1999999999999, 448.1999999999999, 368.0000000000001, 407.19999999999993]","[0, 0, 0, 60, 0, 94, 120, 144, 144, 165, 186]","[20, 40, 75, 75, 205, 120, 205, 149, 205, 186, 205]",30736475.840000004,728.3999999999999,-728.3999999999999,0.0,,,,DWT,mdp.39015067403892,7.450580596923828e-09,,0.0,15.0,11.0,0.0,33.0,,1.1368683772161603e-13,168.39999999999992,987.8000000000002,168.39999999999995,,0.0,168.39999999999992,,,27.999999999999915,0.0,15.0,1.1368683772161603e-13,1.1368683772161603e-13,,0.0,1.5026517124173666e-13,4.359790017093752e-26,0.961832094085369,0.7020399479725635,0.7227952882169921,0.08962311258299524,0.8626926847960265,,0.9999996646354313,4.405801664454926e-09,4.405801664454926e-09,3.6786382706978885e-09,,0.0,0.9999999955941608,7.585973278963461e-14,,,,,,1.5893391424973748e-13,0.0,0.0,1.7477015598164352e-13,1.7477015598164352e-13,0.7999999009349696,0.30073748690820223,872,1.6704431934976531,0.8480303274204039,24,0,0.16666663939336818,0.237133839580846,872,0.0,0.476997589664871,0.8415528462964131,23,489.88187351646314,0.4864969879282357,447.75,45.7464360387759,0.5085786826433631,883,db,0.573477938514061,0.8443824841957417,0.34525069778143475,3,663.0,9.616512201790831e-14,0.999999999970514,1.0903044662432709e-26,0.9487342386809617,0.8910255058922371,0.00189344360078453,0.07354673998428946,0.008402550264443722,0.9999999997235952,2.0315811921800542e-05,4.74525418958649e-11,4.74525418958649e-11,3.9620695613251655e-11,,0.0,0.003126132840348572,7.585973278963461e-14,,,,,0.0,,7.374542113937972e-14,0.0,0.0,1.4238426238064856e-13,1.4238426238064856e-13,1.0,0.20156916120424032,0.05751224468485033,1883,1.748479733935202,0.8082962220170945,255,1151.1698397716993,0.3966615095536167,1069.0,449.1721234798878,0.41819448643299284,1871,0.49117026184683504,0.8233619396015222,0.4091722348267588,4,1404.25,,,,,,,,,,,,,6.456889827979036e-19,0.9999999999715835,1.0903044662432709e-26,0.9628138582900833,0.2754478982406027,0.0017041948729676153,0.055639472775481535,0.9999999999999997,0.00840255026444372,0.9999999999999541,9.960751159770315e-05,3.8433882812438647e-14,3.8433882812438647e-14,3.209043274166046e-14,,0.0,0.0,0.004567040150618468,7.054128794466933e-19,,,,,0.13043478260869565,,2.3332883504384434e-21,0.7209302325581395,0.7209302325581395,4.770970844811595e-19,4.770970844811595e-19,1.0,0.3986733618839274,0.12417638082767558,1794,1.8418811707382619,0.8940662582421451,361,1013.2840174403226,0.5265027955886343,1077.5,601.0524361948957,0.5114990613457191,1733,1009.0473684210526,935.5,610.6543869996938,760,0.4758535102197843,0.8532293215616218,0.41093374637766444,5,1301.0
db21,,,,6.277510320194283,957637.9171261671,0.6941747572815534,153.86144505248598,206,raw,167.05385952862602,,7.36144576387645,123196.58906353095,1.0,2.8104026640275397e-06,0.00815029279879013,514.0969505724102,,,,[],[],16,865.3640625750265,96.18329576635975,1527.9925985343993,"[1, 13, 25, 42, 58, 69, 84, 96, 117, 127, 146, 157, 168, 179, 191, 204]","[890.3960885512586, 432.3001726384382, 1021.1068733910988, 1080.6026876707133, 226.2379354932355, 1527.9925985343993, 1235.7408436611622, 1402.9388304683907, 1076.2074649712617, 773.9605382869959, 1324.0396448790639, 121.83835156300177, 1113.2559018692148, 96.18329576635975, 1270.9129873851866, 252.11078607064388]","[0, 12, 15, 15, 55, 15, 76, 76, 110, 122, 135, 156, 165, 178, 187, 202]","[15, 15, 29, 55, 59, 202, 91, 202, 202, 135, 202, 165, 202, 180, 202, 205]",75538045.45565061,1260.5762351848043,-1260.5762351848043,0.0,,,,SWT,mdp.39015067403892,37783432.45565061,,0.0,-19.5,16.0,0.0,-10.5,,319.5762351848043,460.55156257502654,891.8250012004246,460.55156257502665,,0.0,460.55156257502654,,,93.18329576635975,0.0,-10.5,587.9925985343993,319.5762351848043,,187.09695057241015,0.7796380966689493,,0.07665601186215215,0.5666868205429557,0.13635115010727,0.6857142857142858,0.10371463086228533,,0.09186413768216295,0.09900145595572052,0.09900145595572052,0.09900145595572066,,0.4622040807664022,0.21693520921443424,0.2782119142546655,,,,,,0.20950952436813594,0.11016949152542373,0.31,0.025091785847388193,0.025091785847388193,0.8875017223152569,0.2983707445191355,106,1.0158615110862834,0.5772856738547509,59,0,0.16685786744392514,0.2776047492766256,105,0.0,0.36006797189847334,0.6238569203307703,60,26.564387187862373,0.7493925736994116,82.5,76.0838269584486,0.4855453434534794,105,db,0.9380878725805777,0.8243093411562624,0.09604568684671688,4,79.75,0.7906634263894067,0.011549137087968786,,0.0766560118621521,0.5666868205429558,0.2858236323849813,0.6857142857142858,0.5846738746365739,,0.11095038125674958,0.36487570865426655,0.36487570865426655,0.36460631151910394,,0.4622040807664022,0.21693520921443424,0.42592074386060835,,,,,0.6666666666666666,,0.47154807240990104,0.11016949152542371,0.2627118644067797,0.15678513213788017,0.15678513213788017,0.2627118644067796,1.569107714147384,0.5149259526741491,103,1.3114190162444537,0.6745182042051048,112,6.363961030678928,0.9699813158930239,107.5,107.31162790697675,0.7314529220974554,51,0.9080317387829661,0.7281573716544635,0.1459305713555847,6,39.75,,,0.17171480753141474,0.20000000000000007,0.27678571428571436,,0.2258778736990928,1.0,False,False,0.0,0.0,0.0014172403627862177,0.01762613960648526,,0.13627209281549768,0.3545154025321956,0.0002469266548048492,0.7722906237315654,0.22587787369909273,0.007652756918512067,,0.0009730415139913591,0.002651784732268573,0.002651784732268573,0.0026517847322622464,,0.0,0.0015754104817227073,0.004123011430853997,0.003648421931139965,,,,,0.34782608695652173,,1.1832586956343568e-05,0.18604651162790697,0.32558139534883723,0.0013411305401024936,0.0013411305401024936,0.32558139534883723,0.2633038136946653,0.0820122881755202,2062,0.6671859360132483,0.3238582612384576,2086,16.97056274847714,0.9920698304913658,2074.0,2073.930568948891,0.5114554759933465,1734,1009.0473684210526,935.5,610.6543869996938,760,0.4758535102197843,0.8532293215616218,0.41093374637766444,5,1301.75
bior5.5,1.0,periodic,6.984475268943795e-20,251.0304546294152,5857877.465924422,0.6574074074074074,325.25664902597686,206,raw,2.0846970751606322e-10,,6.481852280502628,59288.081391183754,0.6890781036683191,5.618943883679065e-06,1.0,327.00000000002444,,,,[],[],13,661.1538461545235,87.00000000012085,940.0000000010599,"[8, 32, 51, 63, 81, 100, 111, 133, 152, 162, 175, 192, 204]","[878.000000000911, 638.0000000005965, 787.0000000006744, 792.0000000010037, 940.0000000010599, 788.0000000008607, 637.000000000589, 675.0000000002702, 771.0000000008934, 196.00000000019367, 834.0000000009228, 572.0000000007108, 87.00000000012085]","[0, 13, 39, 39, 76, 99, 107, 107, 107, 161, 164, 187, 203]","[76, 39, 61, 76, 205, 164, 119, 142, 164, 164, 205, 205, 205]",37754613.000023246,941.000000000768,-941.000000000768,0.0,,,,DWT,mdp.39015067403892,2.3245811462402344e-05,,0.0,33.0,19.0,0.0,28.5,,7.679545888095163e-10,256.34134615452354,4358.999999991194,256.34134615452354,,0.0,256.34134615452354,,,84.00000000012085,0.0,24.0,1.0599023880786262e-09,7.679545888095163e-10,,2.4442670110147446e-11,2.6338674431420093e-10,4.942677105156749e-20,0.7124364998212804,0.8429395521260323,0.0001372029806946756,0.7519841269841272,0.000125369289295126,,0.47422802475198716,7.220488120640958e-09,7.220488120640958e-09,6.606521701232466e-09,,1.2294884384132148e-09,0.9999999927794916,1.2691366086931558e-09,,,,,,2.300857139548647e-10,1.0,0.5,9.618056923812812e-10,9.618056923812812e-10,0.7922684118786689,0.2590182144034335,242,1.1498440760345168,0.5522740036716558,867,0,0.24785233693594155,0.2961384277813849,240,0.125,0.32341039306640246,0.5874253988108356,856,358.27491771915413,0.6244497717828573,551.25,376.62921885532694,0.523309791551806,782,bior,0.672619891330026,0.76736776154697,0.2989557476048908,5,587.75,2.633867443142009e-10,0.00015478832988835567,4.942677105156749e-20,0.7124364998212803,0.8429395521260324,0.0011705406358083503,0.8135964912280704,0.0024907732701546677,,0.9919828214583424,0.9855281704528376,0.9855281704528376,0.9855281704527254,,2.63409635029389e-10,0.9999999999641562,7.072402887977635e-10,,,,,1.0,,2.300857139548647e-10,1.0,0.5,9.618056923812812e-10,9.618056923812812e-10,0.0,2.234570200812191,0.6375734630575144,249,1.1759982886509612,0.5436465492658479,1764,1071.2667734976194,0.43853942688804015,1006.5,436.3994038748137,0.45551185180879994,1730,0.5943810304597339,0.7715092316736338,0.3524805091760961,5,1298.75,,,,,,,,,,,,,1.7684781701521411e-15,0.03641360043834285,4.942677105156749e-20,0.7914128885807767,0.2605828076094061,0.001535149742732658,0.6155008343480812,1.0,0.0024907732701546677,,0.0008499884728407415,0.0007982210227462742,0.0007982210227462742,0.0007982210227399355,,0.0,2.0581435760981875e-16,0.02016391057300908,6.5765642750815214e-15,,,,,0.4782608695652174,,7.279859653367944e-18,1.0,0.8604651162790697,3.222790805670232e-15,3.222790805670232e-15,0.9302325581395349,0.5744527218307321,0.17892707859000703,587,1.2640274350033331,0.6135706782190898,1833,881.0550493584382,0.5882920330100756,1210.0,889.2322314049587,0.5114357361312061,1735,1104.4,1082.5,563.6960149978129,300,0.520820561188399,0.7876173146100969,0.3991404127850916,6,1302.75
rbio2.4,,,,12.127863571752153,1402098.9410579011,0.6359223300970874,182.86449908848644,206,raw,148.20848555456394,,7.472713387587932,123274.41105360893,1.0,2.1331140531815696e-06,0.8670550803251087,418.1818455393786,,,,[],[],15,932.9809938931342,37.32197979450246,1661.0822173548486,"[8, 27, 41, 52, 65, 79, 90, 100, 111, 122, 133, 146, 159, 176, 195]","[1661.0822173548486, 1135.1384032169856, 795.3183521395694, 1410.3134265331132, 1014.9192018718165, 1609.684393197351, 737.2472077346242, 1027.7465608242785, 646.9474620684109, 37.32197979450246, 1099.3521709628728, 98.56405617133115, 1110.0361124848632, 914.5542331171509, 696.4891309252934]","[0, 13, 39, 42, 59, 42, 84, 99, 107, 119, 126, 143, 126, 164, 188]","[126, 42, 42, 73, 73, 126, 92, 126, 126, 123, 151, 148, 164, 188, 205]",75010268.79272461,1606.1599078348747,-1606.1599078348747,0.0,,,,SWT,mdp.39015067403892,37255655.79272461,,0.0,-6.5,17.0,0.0,11.5,,665.1599078348747,528.1684938931342,1040.7149083970126,528.1684938931342,,0.0,528.1684938931342,,,34.32197979450246,0.0,16.0,721.0822173548486,665.1599078348747,,91.18184553937863,0.15369137683096473,,0.7339185864225228,0.7214632229907144,0.29990822501577696,0.34285714285714325,0.10644262017792404,,0.0,0.2352487109348402,0.2352487109348402,0.23524871093484012,,0.09350052290489791,0.2531790080414707,0.46462269196938843,,,,,,0.1697964599632423,0.3305084745762712,0.8400000000000001,0.5805606961249918,0.5805606961249918,1.345476878617051,0.4523382072532465,68,1.532455728772493,0.8708517139221174,22,0,0.33920783597684223,0.5643468162546408,38,0.0,0.46389428727515564,0.8037473033011612,20,22.181073012818835,0.7907445942186903,37.0,29.309135904310164,0.7208439952225527,37,rbio,0.4644956314535345,0.6222068689729192,0.48819099729065013,2,28.25,0.196034592580409,0.0038179787248114883,,0.7339185864225228,0.7214632229907145,0.4210737374136667,0.3428571428571433,0.585937986794945,,0.021016947316531198,0.4609179740257433,0.4609179740257433,0.46068931460365203,,0.09350052290489788,0.25317900804147064,0.5741838736077944,,,,,0.75,,0.4449994344664766,0.33050847457627114,0.7118644067796611,0.6372197381672896,0.6372197381672896,0.635593220338983,1.8902379099721265,0.6203095860133959,58,1.8015889397943445,0.9266333043315738,26,22.627416997969522,0.8932669009529739,42.0,35.904761904761905,0.847576846702902,21,0.6261605206073753,0.9968249595590992,0.26264014770710753,4,16.75,,,0.8889788366310427,0.4000000000000001,0.6696428571428572,,0.896238711215597,1.0,False,False,0.0,0.0,0.0012573612392316673,0.013095483919790114,,0.15193198649134754,0.3663977741318839,0.00036377093292862153,0.5238803950750917,0.8962387112155971,0.0076590427144866,,0.00018431989151105384,0.003265526259197989,0.003265526259197989,0.003265526259191666,,0.0,0.0007677775333380599,0.004811851188137164,0.004474226686713225,,,,,0.3913043478260869,,1.1667303845421051e-05,0.3875968992248061,0.7364341085271318,0.0027914036409285785,0.0027914036409285785,0.6666666666666667,0.41140176565207986,0.12814094747485152,1692,0.8499570775769915,0.4125770739656889,2023,234.05234457274722,0.8906297455267537,1857.5,1842.7542395693138,0.511319545660573,1736,818.67,599.5,715.6978453131971,300,0.38607403914171184,1.0,0.42974817260080167,3,1302.75
bior3.3,1.0,reflect,1.959316040944273e-27,324.32635380176583,5145447.074650362,0.5283018867924528,71.15719837330451,206,smoothed,2.6110720920893008e-14,-2.0439194781118932e-10,6.160893499428576,36642.448358561494,0.9913345711786662,0.00014966566451320274,1.0,362.40000000000003,,,,[],[],11,426.59999999999997,32.20000000000002,728.4,"[9, 31, 53, 64, 80, 102, 131, 148, 158, 175, 192]","[311.0, 417.8, 589.6000000000001, 432.20000000000005, 728.4, 371.0000000000001, 587.0, 32.20000000000002, 448.2, 368.0, 407.19999999999993]","[0, 0, 0, 60, 0, 94, 120, 144, 144, 165, 186]","[20, 40, 75, 75, 204, 120, 204, 149, 204, 186, 204]",30736475.839999996,728.4,-728.4,0.0,,,,DWT,mdp.39015067403892,0.0,,0.0,15.0,11.0,0.0,33.0,,0.0,168.40000000000003,987.7999999999993,168.40000000000003,,0.0,168.40000000000003,,,28.00000000000003,0.0,15.0,0.0,0.0,,5.684341886080802e-14,8.524675829811352e-15,9.462450199314713e-28,0.9970241565331155,0.03830782272538233,0.14109434168051915,0.10461455758321175,0.06793207263560473,,0.9999996647345563,4.4059199552998455e-09,4.4059199552998455e-09,3.6787269888316428e-09,,6.125805465799743e-13,0.9999999955940747,0.0,,,,,,0.0,0.0,0.0,0.0,0.0,0.7999999009648806,0.3007374869194464,786,0.7569342282103492,0.3842711825721447,649,0,0.16666663940165086,0.23713383959263062,788,0.0,0.19271042159397744,0.3399933402542665,665,75.34365710971738,0.921023420220422,722.0,716.0897987208965,0.5821050015148233,643,bior,0.8100315533562081,0.7923003667562746,0.1952878026237719,6,483.75,1.4643504395902216e-14,0.9999999999705138,5.896642930715886e-28,0.9829149611463298,0.7320643940508265,0.00036961250677340044,0.08584905660377379,0.0006616523646812539,0.9999999997235486,2.0315811923854454e-05,4.745387416349445e-11,4.745387416349445e-11,3.962169481397382e-11,,6.125805465799743e-13,0.0031261328403482946,0.0,,,,,0.0,,0.0,0.0,0.0,0.0,0.0,1.0,0.20156916120441642,0.05751224468490058,1830,1.6905702634345579,0.7815255335634553,850,692.9646455628166,0.6368109824094252,1340.0,1160.8208955223881,0.4672524513724275,1663,0.5943810304597339,0.7715092316736338,0.3524805091760961,5,1248.5,,,,,,,,,,,,,9.83220242389539e-20,0.9999999999715831,5.896642930715886e-28,0.9876071931912171,0.22630732496951445,0.0013478590461368633,0.06494640345346092,1.0,0.0006616523646812539,0.9999999999999541,9.960751159770467e-05,3.8434858594393884e-14,3.8434858594393884e-14,3.20911916831812e-14,,0.0,4.786380409530668e-19,0.004567040150618464,0.0,,,,,0.13043478260869565,,0.0,0.7209302325581395,0.7209302325581395,0.0,0.0,1.0,0.3986733618839274,0.12417638082767558,1824,1.8326351302412693,0.8895781441542053,532,913.5819612930194,0.5730925414518602,1178.0,823.741935483871,0.5113126258661169,1737,1104.4,1082.5,563.6960149978129,300,0.520820561188399,0.7876173146100969,0.3991404127850916,6,1304.25
bior3.3,1.0,antireflect,1.9601125606932342e-27,324.32458862540153,5145341.344758683,0.5283018867924528,71.15719837330451,206,smoothed,2.612796710379981e-14,-2.0439194781118932e-10,6.1604152409604485,40465.39107887038,0.9920582413576882,0.00014966566451320274,1.0,362.40000000000003,,,,[],[],11,426.59999999999997,32.20000000000002,728.4,"[9, 31, 53, 64, 80, 102, 131, 148, 158, 175, 192]","[311.0, 417.8, 589.6000000000001, 432.20000000000005, 728.4, 371.0000000000001, 587.0, 32.20000000000002, 448.2, 368.0, 407.19999999999993]","[0, 0, 0, 60, 0, 94, 120, 144, 144, 165, 186]","[20, 40, 75, 75, 205, 120, 205, 149, 205, 186, 205]",30736475.839999996,728.4,-728.4,0.0,,,,DWT,mdp.39015067403892,0.0,,0.0,15.0,11.0,0.0,33.0,,0.0,168.40000000000003,987.7999999999993,168.40000000000003,,0.0,168.40000000000003,,,28.00000000000003,0.0,15.0,0.0,0.0,,5.684341886080802e-14,8.562563277943846e-15,9.485761143523728e-28,0.9970174498992839,0.03761798076838703,0.14104896718227586,0.10461455758321175,0.09963509998434608,,0.9999996647345563,4.4059199552998455e-09,4.4059199552998455e-09,3.6787269888316428e-09,,6.125805465799743e-13,0.9999999955940747,0.0,,,,,,0.0,0.0,0.0,0.0,0.0,0.7999999009648806,0.3007374869194464,784,0.7692438069419274,0.39052036010944846,597,0,0.16666663940165086,0.23713383959263062,798,0.0,0.1971334364882162,0.34779673560490804,607,109.34501970063992,0.8853825789301468,696.5,683.6284723280894,0.5776493607438994,661,bior,0.8100315533562081,0.7923003667562746,0.1952878026237719,6,497.25,1.4665295247206614e-14,0.9999999999705138,5.902279631883643e-28,0.9829084472459292,0.7318991797417587,0.0003694936431688112,0.08584905660377379,0.0009704370402993357,0.9999999997235486,2.0315811923854454e-05,4.745387416349445e-11,4.745387416349445e-11,3.962169481397382e-11,,6.125805465799743e-13,0.0031261328403482946,0.0,,,,,0.0,,0.0,0.0,0.0,0.0,0.0,1.0,0.20156916120441642,0.05751224468490058,1831,1.6906072023782284,0.7815426098886965,849,694.3788591251897,0.6360697803327098,1340.0,1160.0888059701492,0.46688185033406976,1664,0.5943810304597339,0.7715092316736338,0.3524805091760961,5,1249.25,,,,,,,,,,,,,9.846833625226796e-20,0.9999999999715831,5.902279631883643e-28,0.9876024682672689,0.22625625130900634,0.0013478312508247794,0.06494640345346092,1.0,0.0009704370402993361,0.9999999999999541,9.960751159770467e-05,3.8434858594393884e-14,3.8434858594393884e-14,3.20911916831812e-14,,0.0,4.786380409530668e-19,0.004567040150618464,0.0,,,,,0.13043478260869565,,0.0,0.7209302325581395,0.7209302325581395,0.0,0.0,1.0,0.3986733618839274,0.12417638082767558,1823,1.8327302584292375,0.8896243202617748,521,920.6530291048849,0.5697883041565959,1172.0,810.3950511945393,0.5110623763773634,1738,1104.4,1082.5,563.6960149978129,300,0.520820561188399,0.7876173146100969,0.3991404127850916,6,1305.0
bior2.2,,,,13.301878075272848,717059.2588658945,0.7475728155339806,149.91498147156608,206,raw,150.66779721746482,,7.148109348375213,128859.08011328823,1.0,2.2926441236767153e-06,0.9627617588152183,418.6072144624361,,,,[],[],13,1057.7093607891006,148.1388706585817,1629.3508005491021,"[8, 23, 33, 52, 65, 82, 100, 111, 133, 153, 175, 192, 202]","[1522.22412319934, 659.9074035423455, 1157.8873541929715, 1251.9325560907823, 1123.4158986101272, 1629.3508005491021, 1160.8925580130144, 897.4952820210253, 1121.2945782665677, 1252.4628861766723, 1077.4539578330018, 747.765421104774, 148.1388706585817]","[0, 13, 13, 42, 61, 42, 99, 107, 126, 99, 164, 188, 201]","[42, 25, 42, 77, 77, 99, 126, 126, 151, 164, 188, 205, 205]",77559783.6875,1543.0837732443433,-1543.0837732443433,0.0,,,,SWT,mdp.39015067403892,39805170.6875,,0.0,1.5,19.0,0.0,6.0,,602.0837732443433,652.8968607891006,796.2216902583095,652.8968607891004,,0.0,652.8968607891006,,,145.1388706585817,0.0,10.5,689.3508005491021,602.0837732443433,,91.6072144624361,0.23537710355471492,,0.8658141766503011,0.2699298502673851,0.047820683965637906,0.9999999999999999,0.302208849118064,,0.17295056951690138,0.48657478084557304,0.48657478084557304,0.4865747808455726,,0.0951356671846336,0.19366279784534424,0.4201783683837207,,,,,,0.3616371689785371,0.4661016949152542,0.73,0.47917618488101477,0.47917618488101477,1.7706758325418495,0.5952865816184675,23,1.6574215093555682,0.9418662705968196,3,0,0.41527810337011417,0.6909064315164859,12,0.0,0.5271504753420276,0.9133455285228977,2,9.763879010584539,0.90788793386241,10.0,4.166037735849057,0.9067741556104503,2,bior,0.3321683876092137,0.4904554991310134,0.6203454789342464,1,1.75,0.2736333511986445,0.0056389930146326095,,0.8658141766503011,0.26992985026738514,0.21261521354652835,0.9999999999999999,0.6766533238320096,,0.19033262382553182,0.638080626622569,0.638080626622569,0.6379271132966318,,0.09513566718463357,0.19366279784534424,0.5388347666779791,,,,,0.9166666666666666,,0.5732471434453212,0.4661016949152541,0.6186440677966102,0.549530532136584,0.549530532136584,0.5423728813559321,2.1351945167505026,0.7006957271125243,27,1.9035785406417904,0.9790908648511867,3,16.97056274847714,0.9199501757147305,15.0,5.4,0.9245977293667992,5,0.5170065075921908,0.6634325577032603,0.4390656773744883,2,4.25,,,0.9689026638380895,0.8,0.5714285714285716,,0.9709361748696655,1.0,False,False,0.0,0.0,0.0012782253830662894,0.01416264466856592,,0.15507452190904125,0.33173301103164254,0.00018368097488506165,0.9999999999999999,0.9709361748696657,0.00811012460354197,,0.0016692285538034302,0.004397653625197557,0.004397653625197557,0.004397653625191239,,0.0,0.0007713592627993558,0.003680702326463993,0.004277337138666549,,,,,0.4782608695652174,,1.246573201163736e-05,0.5116279069767442,0.6511627906976744,0.0025266989440913485,0.0025266989440913485,0.5813953488372092,0.43370275599739494,0.135087125812095,1310,1.0552538399534614,0.5122300326272877,1959,458.91230099006935,0.7855549995373508,1634.5,1570.0764759865401,0.5108849764041894,1739,1104.4,1082.5,563.6960149978129,300,0.520820561188399,0.7876173146100969,0.3991404127850916,6,1305.75
coif5,,,,6.622650078454133,969207.2780227921,0.6796116504854369,155.3053778692135,206,raw,164.87853551023747,,7.306317626629704,123196.58906353096,1.0,2.7873830340105797e-06,0.09647754445736786,487.5558290939266,,,,[],[],14,1044.6995107089738,78.51830029085579,1687.9813762082183,"[11, 26, 37, 51, 68, 84, 94, 105, 115, 133, 143, 162, 179, 198]","[1287.5956537478385, 504.66547283448455, 1687.9813762082183, 1392.9390160054338, 1231.2442586213594, 1290.5775122232203, 1498.165874151181, 908.4380596557154, 733.1917920538275, 1258.9377716803806, 78.51830029085579, 1207.3994320015333, 1018.0447622479023, 528.0938682036814]","[3, 24, 3, 43, 65, 77, 77, 95, 112, 122, 142, 122, 168, 190]","[24, 28, 122, 122, 77, 88, 122, 122, 122, 147, 147, 168, 190, 200]",75502038.05558734,1385.4279719491778,-1385.4279719491778,0.0,,,,SWT,mdp.39015067403892,37747425.05558734,,0.0,-20.5,18.0,0.0,-7.0,,444.42797194917785,639.8870107089738,1671.793149925632,639.8870107089738,,0.0,639.8870107089738,,,75.51830029085579,0.0,-20.5,747.9813762082183,444.42797194917785,,160.5558290939266,0.7073849837421805,,0.11543101165154206,0.4900020269607489,0.14060855564999644,0.6000000000000002,0.10371463086228583,,0.06429459477061195,0.46036009871561845,0.46036009871561845,0.4603600987156184,,0.3601783788148565,0.40680038682225717,0.502298756910962,,,,,,0.20680011279651034,0.09322033898305085,0.11000000000000001,0.22577041639425482,0.22577041639425482,1.590138628260683,0.5345914655411149,34,0.976455701210762,0.5548924546417725,66,0,0.30103329415462193,0.5008350725553576,58,0.0,0.3432310496405705,0.5946851214276855,66,15.14375558880073,0.857134381237729,56.0,51.977635782747605,0.664416247222638,46,coif,1.0,1.0,0.0,5,35.75,0.7220253412024842,0.011286371108632287,,0.11543101165154204,0.490002026960749,0.2893442049259464,0.6000000000000002,0.5846738746365742,,0.08396026597611149,0.6196015940861714,0.6196015940861714,0.6194402426118695,,0.3601783788148565,0.40680038682225717,0.6041497981818796,,,,,0.8333333333333333,,0.46973679977373684,0.09322033898305085,0.09322033898305085,0.3303555282868231,0.3303555282868231,0.3220338983050847,2.051740182930152,0.6733089505644394,33,1.2707211136799572,0.6535855535323,124,64.34671708797582,0.6964777495850197,78.5,52.12738853503185,0.6630973653585477,86,1.0,0.7220099692676862,0.08339700921969413,7,66.25,,,0.2454761386172389,0.6000000000000001,0.33928571428571436,,0.2948158179942989,1.0,False,False,0.0,0.0,0.0013987854943402105,0.01747215205085268,,0.13719594333960383,0.3486282181876911,0.0002499681219966432,0.710188066567447,0.294815817994299,0.007652756918512069,,0.000736336580326467,0.004279566555914045,0.004279566555914045,0.004279566555907729,,0.0,0.0013519265561645717,0.007731537222646453,0.00464113266705119,,,,,0.43478260869565216,,1.1821310567073729e-05,0.1705426356589147,0.1705426356589147,0.0018650821320057845,0.0018650821320057845,0.3798449612403101,0.2956773154635415,0.09209579178705021,2037,0.6674805970142672,0.3240012924300547,2084,33.23401871576773,0.984470084712258,2060.5,2060.2319825285126,0.5108098087112691,1740,986.6382352941176,846.0,585.0035688138154,340,0.4652856568234462,0.8173890317607586,0.42908333069536003,4,1306.0
sym7,1.0,constant,5.760645367566062e-20,251.86708106509036,6014649.529911437,0.6513761467889908,290.30399591285345,206,raw,1.9520953569896135e-10,,6.277812880288719,65403.12923345053,0.7906510187595376,5.6189438836963955e-06,1.0,327.000000000299,,,,[],[],13,661.1538461535694,86.99999999999012,939.9999999996115,"[8, 32, 51, 63, 81, 100, 111, 133, 152, 162, 175, 192, 204]","[878.0000000000329, 637.9999999993091, 786.9999999992148, 791.9999999998681, 939.9999999996115, 787.9999999997934, 636.9999999996325, 674.9999999997161, 771.0000000000025, 195.99999999954423, 833.9999999995166, 572.0000000001692, 86.99999999999012]","[0, 13, 39, 39, 76, 99, 107, 107, 107, 161, 99, 187, 203]","[76, 39, 61, 76, 205, 164, 119, 142, 164, 164, 205, 205, 205]",37754612.99999096,940.9999999999794,-940.9999999999794,0.0,,,,DWT,mdp.39015067403892,9.037554264068604e-06,,0.0,33.0,19.0,0.0,28.5,,2.05773176276125e-11,256.34134615356936,4359.000000003598,256.3413461535936,,0.0,256.34134615356936,,,83.99999999999012,0.0,19.5,3.8846792449476197e-10,2.05773176276125e-11,,2.9899638320785016e-10,2.466322871744051e-10,4.076614029729043e-20,0.7155238407718726,0.7724541749178364,0.0003136315253290368,0.7067496723460025,0.0006204618892885871,,0.47422802460012703,6.481597929625199e-09,6.481597929625199e-09,5.886383280379334e-09,,1.5039788804775605e-08,0.9999999935183479,4.651549707073381e-10,,,,,,8.94531958420676e-11,1.0,0.0,2.577155149089739e-11,2.577155149089739e-11,0.7422684176015929,0.24267159620730946,616,1.0986462614528123,0.5276835199464275,889,0,0.20618567105116614,0.24635434634583744,616,0.125,0.30741596881385164,0.5583739791696143,886,156.75538268270088,0.8356861816743177,751.75,727.2355971503814,0.5238441390551882,781,sym,0.8243425715244881,0.7368036147090654,0.2019191155201387,6,587.25,2.466322871744051e-10,0.00015478833000859282,4.076614029729043e-20,0.7155238407718725,0.7724541749178365,0.0013467868451671606,0.7795992274263639,0.002984694629303578,,0.9919828214560267,0.9855281704421444,0.9855281704421444,0.9855281704423038,,3.222173675010665e-09,0.9999999999678241,2.5921270694218144e-10,,,,,1.0,,8.94531958420676e-11,1.0,0.25,2.577155149089739e-11,2.577155149089739e-11,0.0,2.2095702016144254,0.6304403973524579,634,1.1292947907398847,0.5220562155697609,1823,840.749962830805,0.5593553653926598,1228.5,940.8074888074888,0.457743720432179,1720,0.7763846615972358,0.5622554397616224,0.28785410495344815,6,1291.5,,,,,,,,,,,,,1.6559824111813242e-15,0.03641360043845878,4.076614029729043e-20,0.7936523227594889,0.23879325289935074,0.0015763635222548645,0.5897812737782997,1.0,0.002984694629303578,,0.0008499884728389898,0.0007982210227376134,0.0007982210227376134,0.0007982210227314945,,0.0,2.5176360954131315e-15,0.020163910573066466,2.4103958090693507e-15,,,,,0.4782608695652174,,2.830278769081832e-18,1.0,0.7906976744186046,8.635457229108985e-17,8.635457229108985e-17,0.9302325581395349,0.5674759776447038,0.1767540042745132,658,1.2444066693610758,0.6040465760129807,1848,841.4570696119915,0.6067957618635553,1253.0,970.4581005586592,0.5106408715859833,1741,1409.1368421052632,1454.5,398.32527672708756,380,0.6645304607900322,0.5565550872278735,0.3678621512786154,7,1307.5
sym7,1.0,zero,5.758540017937459e-20,251.86866857619603,6015382.253859252,0.6513761467889908,290.30399591285345,206,raw,1.9511819991428691e-10,,6.276344778550605,65893.05327832287,0.7922499200372539,5.6189438836963955e-06,1.0,327.000000000299,,,,[],[],13,661.15384615357,86.99999999999012,939.9999999996115,"[8, 32, 51, 63, 81, 100, 111, 133, 152, 162, 175, 192, 204]","[878.0000000000416, 637.9999999993091, 786.9999999992148, 791.9999999998681, 939.9999999996115, 787.9999999997934, 636.9999999996325, 674.9999999997161, 771.0000000000025, 195.99999999954423, 833.9999999995166, 572.0000000001692, 86.99999999999012]","[0, 13, 39, 39, 76, 99, 107, 107, 107, 161, 99, 187, 203]","[76, 39, 61, 76, 205, 164, 119, 142, 164, 164, 205, 205, 205]",37754612.99999096,940.9999999999794,-940.9999999999794,0.0,,,,DWT,mdp.39015067403892,9.037554264068604e-06,,0.0,33.0,19.0,0.0,28.5,,2.05773176276125e-11,256.34134615357004,4359.000000003589,256.34134615359426,,0.0,256.34134615357004,,,83.99999999999012,0.0,19.5,3.8846792449476197e-10,2.05773176276125e-11,,2.9899638320785016e-10,2.46516882825897e-10,4.0751241449238547e-20,0.7155296990472475,0.7719470194141324,0.00031445612007151844,0.7067496723460025,0.0006601276082546137,,0.47422802460012703,6.482126148515476e-09,6.482126148515476e-09,5.886911499269935e-09,,1.5039788804775605e-08,0.9999999935178061,4.651549707073381e-10,,,,,,8.94531958420676e-11,1.0,0.0,2.577155149089739e-11,2.577155149089739e-11,0.7422684176017974,0.24267159620737633,615,1.0984124772511084,0.5275712326026377,890,0,0.20618567105125302,0.24635434634594125,615,0.125,0.30735013925460364,0.5582544098671929,887,157.91004823421886,0.8344758404253472,751.75,726.8731133373133,0.5232389684307029,784,sym,0.8243425715244881,0.7368036147090654,0.2019191155201387,6,589.5,2.46516882825897e-10,0.00015478833000859282,4.0751241449238547e-20,0.7155296990472474,0.7719470194141325,0.00134761058770792,0.7795992274263639,0.003024266511055754,,0.9919828214560267,0.9855281704421521,0.9855281704421521,0.9855281704423114,,3.222173675010665e-09,0.9999999999678214,2.5921270694218144e-10,,,,,1.0,,8.94531958420676e-11,1.0,0.25,2.577155149089739e-11,2.577155149089739e-11,0.0,2.209570201614431,0.6304403973524596,633,1.1290609685771942,0.5219481230554135,1824,842.1641763931781,0.5586141633159444,1228.5,939.8388278388279,0.45737311939382125,1722,0.7763846615972358,0.5622554397616224,0.28785410495344815,6,1293.0,,,,,,,,,,,,,1.655207542758813e-15,0.03641360043845878,4.0751241449238547e-20,0.7936565721191523,0.23863647296807755,0.0015765561479208655,0.5897812737782997,1.0,0.0030242665110557536,,0.0008499884728389898,0.0007982210227376196,0.0007982210227376196,0.0007982210227315007,,0.0,2.5176360954131315e-15,0.020163910573066424,2.4103958090693507e-15,,,,,0.4782608695652174,,2.830278769081832e-18,1.0,0.7906976744186046,8.635457229108985e-17,8.635457229108985e-17,0.9302325581395349,0.5674759776447038,0.1767540042745132,662,1.244346754076771,0.6040174925764914,1849,839.3357492684319,0.6077870330521347,1255.5,974.9406610911988,0.5105523950307402,1742,1409.1368421052632,1454.5,398.32527672708756,380,0.6645304607900322,0.5565550872278735,0.3678621512786154,7,1308.25
bior2.8,1.0,periodization,7.113966729682966e-27,318.72628044482434,5063460.973670859,0.5242718446601942,82.06681191275104,206,smoothed,5.6065181461704786e-14,-2.130804421796033e-10,6.161203322061097,33923.85260284119,0.987790236536746,0.00014966566451320263,0.9999999999999999,362.40000000000003,,,,[],[],11,426.60000000000014,32.20000000000002,728.4000000000003,"[9, 31, 53, 64, 80, 102, 131, 148, 158, 175, 192]","[310.9999999999998, 417.80000000000007, 589.6000000000003, 432.20000000000005, 728.4000000000003, 371.0, 587.0, 32.20000000000002, 448.20000000000016, 368.0000000000001, 407.20000000000016]","[0, 0, 0, 60, 0, 94, 120, 144, 144, 165, 186]","[20, 40, 75, 75, 204, 120, 204, 149, 204, 186, 204]",30736475.840000007,728.4000000000003,-728.4000000000003,0.0,,,,DWT,mdp.39015067403892,1.1175870895385742e-08,,0.0,15.0,11.0,0.0,33.0,,3.410605131648481e-13,168.4000000000002,987.7999999999975,168.4000000000001,,0.0,168.4000000000002,,,28.00000000000003,0.0,15.0,3.410605131648481e-13,3.410605131648481e-13,,5.684341886080802e-14,7.43304298456454e-14,1.603184393684481e-26,0.9757471656357113,0.03875471214895537,0.1059096069211761,0.07693226515562712,0.045387210758414676,,0.9999996647345563,4.406097391567225e-09,4.406097391567225e-09,3.6787861342541454e-09,,6.125805465799743e-13,0.9999999955939026,2.275791983689038e-13,,,,,,2.3840087137460624e-13,0.0,0.0,5.243104679449306e-13,5.243104679449306e-13,0.7999999009653617,0.30073748691962726,775,0.7067082492821314,0.3587730671490615,787,0,0.1666666394017972,0.23713383959283887,760,0.0,0.17753299437427986,0.3132162509084546,822,26.419689627245813,0.972306405002887,786.0,785.3446679178111,0.5742035169668522,668,bior,0.8100315533562081,0.7923003667562746,0.1952878026237719,6,502.5,5.249148496501251e-14,0.9999999999705129,4.237436441160889e-27,0.9622494226646855,0.732171422228218,0.00027744213438522466,0.06313234542667362,0.00044206740880230145,0.9999999997234176,2.0315811923854454e-05,4.745570603148508e-11,4.745570603148508e-11,3.962224992548613e-11,,6.125805465799743e-13,0.003126132840347795,2.275791983689038e-13,,,,,0.0,,1.1061813170906958e-13,0.0,0.0,4.2715278714194565e-13,4.2715278714194565e-13,1.0,0.2015691612047574,0.05751224468499787,1783,1.66900385079484,0.7715557011880395,990,560.7356774809322,0.7061133765823207,1386.5,1273.112152902993,0.4897181138676802,1588,0.5943810304597339,0.7715092316736338,0.3524805091760961,5,1192.25,,,,,,,,,,,,,3.5244767355776488e-19,0.9999999999715824,4.237436441160889e-27,0.9726172345381545,0.22634041121263546,0.0013263057348917267,0.04776079015018275,0.9999999999999999,0.0004420674088023019,0.9999999999999541,9.960751159770467e-05,3.843648489765261e-14,3.843648489765261e-14,3.209173378426744e-14,,0.0,4.786380409530668e-19,0.004567040150618456,2.11623863834008e-18,,,,,0.13043478260869565,,3.499932525657665e-21,0.7209302325581395,0.7209302325581395,1.4312912534434783e-18,1.4312912534434783e-18,1.0,0.3986733618839274,0.12417638082767558,1867,1.8166848422117066,0.8818357259336208,757,784.8885271170677,0.6332296602256693,1312.0,1077.2248475609756,0.5100727740380683,1743,1104.4,1082.5,563.6960149978129,300,0.520820561188399,0.7876173146100969,0.3991404127850916,6,1308.75
db4,1.0,symmetric,2.9291094706792767e-27,322.58004271214384,4978763.641195942,0.5424528301886793,96.48076433925753,206,smoothed,3.235383913315409e-14,-2.078924810078324e-10,6.211837291181814,32372.45658204364,0.9844620104154556,0.00014966566451320268,0.9999999999999999,362.4,,,,[],[],11,426.59999999999997,32.19999999999999,728.4000000000001,"[9, 31, 53, 64, 80, 102, 131, 148, 158, 175, 192]","[310.99999999999994, 417.8000000000001, 589.6, 432.19999999999993, 728.4000000000001, 371.00000000000006, 587.0000000000001, 32.19999999999999, 448.20000000000016, 368.0, 407.20000000000016]","[0, 0, 0, 60, 0, 94, 120, 144, 144, 165, 186]","[20, 40, 75, 75, 204, 120, 204, 149, 204, 186, 204]",30736475.840000004,728.4000000000001,-728.4000000000001,0.0,,,,DWT,mdp.39015067403892,7.450580596923828e-09,,0.0,15.0,11.0,0.0,33.0,,1.1368683772161603e-13,168.40000000000003,987.7999999999993,168.40000000000006,,0.0,168.40000000000003,,,28.0,0.0,15.0,1.1368683772161603e-13,1.1368683772161603e-13,,0.0,2.2239932053774478e-14,3.784442134859524e-27,0.990389199669226,0.11178935487145822,0.06956133395355596,0.2018171525846171,0.03252174191034907,,0.999999664709775,4.4059199552998455e-09,4.4059199552998455e-09,3.6787565615428943e-09,,0.0,0.9999999955940747,7.585973278963461e-14,,,,,,1.5893391424973748e-13,0.0,0.0,1.7477015598164352e-13,1.7477015598164352e-13,0.7999999009573362,0.3007374869166103,833,0.7786444220120358,0.39529275027924826,577,0,0.16666663939958587,0.23713383958969256,841,0.0,0.20086839756988983,0.35438621781025226,581,149.00111856403404,0.8438143411278469,708.0,684.4845427711138,0.5508379881739864,744,db,0.573477938514061,0.8443824841957417,0.34525069778143475,3,558.75,2.2531792568088833e-14,0.9999999999705134,1.275954339866779e-27,0.9764706778801522,0.7496629185239346,0.0001822237427160083,0.16561569016881875,0.00031675888286172805,0.9999999997234957,2.0315811923354854e-05,4.745387416349445e-11,4.745387416349445e-11,3.9622027880881205e-11,,0.0,0.0031261328403482946,7.585973278963461e-14,,,,,0.0,,7.374542113937972e-14,0.0,0.0,1.4238426238064856e-13,1.4238426238064856e-13,1.0,0.20156916120424184,0.05751224468485076,1880,1.727177957362648,0.7984487269665823,477,992.0708140047262,0.4800467431841058,1178.5,760.9333899024183,0.43119213469477824,1837,0.49117026184683504,0.8233619396015222,0.4091722348267588,4,1378.75,,,,,,,,,,,,,1.5128697305862458e-19,0.9999999999715827,1.275954339866779e-27,0.9829327667399331,0.23174765922055182,0.0013040396684895557,0.1252913410751989,0.9999999999999999,0.00031675888286172805,0.9999999999999541,9.960751159770423e-05,3.8434858594393884e-14,3.8434858594393884e-14,3.2091408523615694e-14,,0.0,0.0,0.004567040150618464,7.054128794466933e-19,,,,,0.13043478260869565,,2.3332883504384434e-21,0.7209302325581395,0.7209302325581395,4.770970844811595e-19,4.770970844811595e-19,1.0,0.3986733618839274,0.12417638082767558,1776,1.8565287494631613,0.9011763292450584,224,1097.4297244015218,0.4871823717749898,1000.0,397.824,0.5099463260744108,1744,1009.0473684210526,935.5,610.6543869996938,760,0.4758535102197843,0.8532293215616218,0.41093374637766444,5,1309.25
rbio3.5,,,,7.233184962775915,2066235.8491451233,0.6310679611650486,210.7524204122781,206,raw,151.11653413685158,,7.602662563241513,130366.15487616962,1.0,1.8710078295701962e-06,0.30186582211543767,443.6307843224343,,,,[],[],14,1026.9613250572245,55.44711533413573,1698.4207699645349,"[9, 31, 50, 62, 80, 99, 110, 126, 138, 151, 161, 174, 184, 197]","[1577.969549206789, 1143.3391845972312, 1365.2602284552465, 1112.0607580731823, 1698.4207699645349, 1244.07151742181, 919.2912961239281, 462.27658247243346, 1004.7794011150361, 1308.2165985917136, 480.5039170390352, 1148.7419223472345, 55.44711533413573, 857.0797100588318]","[8, 11, 41, 60, 8, 98, 108, 124, 124, 124, 159, 162, 183, 186]","[75, 41, 75, 75, 124, 124, 124, 127, 150, 186, 162, 186, 186, 204]",78463087.11480713,1596.1968837733907,-1596.1968837733907,0.0,,,,SWT,mdp.39015067403892,40708474.11480713,,0.0,-25.0,18.0,0.0,-25.0,,655.1968837733907,622.1488250572245,1423.4585508011423,622.1488250572245,,0.0,622.1488250572245,,,52.44711533413573,0.0,-25.0,758.4207699645349,655.1968837733907,,116.6307843224343,0.2502818437390669,,0.18402203729967642,0.9022261910295248,0.5443037606796869,0.3142857142857147,0.35503818240663076,,0.028287677895560928,0.4246178806609277,0.4246178806609277,0.42461788066092765,,0.19132780745909675,0.3463490814118996,0.5169205998934004,,,,,,0.42960710722273476,0.016949152542372864,0.020000000000000018,0.5645467737192715,0.5645467737192715,1.6058297472704435,0.5398666900770933,32,1.3432899618548473,0.7633541012716184,35,0,0.30468305058023565,0.5069072448357193,53,0.0,0.42387883699924916,0.7344161838373755,36,9.486832980505138,0.9105015756556119,39.0,37.57028077146223,0.7712885236768625,25,rbio,0.4644956314535345,0.6222068689729192,0.48819099729065013,2,19.25,0.28779236504624695,0.0008260714488607102,,0.18402203729967642,0.902226191029525,0.623171518176597,0.3142857142857147,0.7011336992300623,,0.04871010457605414,0.594406491315845,0.594406491315845,0.5942344529750525,,0.19132780745909672,0.3463490814118996,0.6157793843561614,,,,,0.8333333333333333,,0.6186858248596865,0.01694915254237289,0.01694915254237289,0.6233690214851755,0.6233690214851755,0.01694915254237289,2.025058914042614,0.6645530967268742,38,1.5479125483064484,0.7961568190007012,53,10.606601717798213,0.9499688598217065,45.5,44.26373626373627,0.8676731091561363,16,0.6261605206073753,0.9968249595590992,0.26264014770710753,4,13.0,,,0.4169941295544429,0.6000000000000001,0.017857142857142905,,0.45511793742184614,1.0,False,False,0.0,0.0,0.0012820323473365061,0.011342150062544545,,0.13883018848049866,0.38027516579967835,0.0005383657644716566,0.5031795426870521,0.45511793742184614,0.008231853236648701,,0.0004271905455978574,0.0041185615985070735,0.0041185615985070735,0.004118561598500756,,0.0,0.0009820649644527043,0.006582616196320189,0.004705907824465222,,,,,0.43478260869565216,,1.2748618336592634e-05,0.10077519379844957,0.10077519379844957,0.0027495929104376037,0.0027495929104376037,0.10077519379844957,0.22529948956593696,0.07017492988349218,2096,0.6641038669315573,0.3223621962287878,2088,5.656854249492381,0.9973566101637886,2092.0,2091.9923518164437,0.5098932583529223,1745,818.67,599.5,715.6978453131971,300,0.38607403914171184,1.0,0.42974817260080167,3,1309.5
sym7,1.0,smooth,5.760112750997664e-20,251.86748262275597,7205931.923848577,0.6467889908256881,308.20871365926786,206,raw,1.9507173869753601e-10,,6.235273341679944,122325.31694908394,0.8881859692647552,5.61894388369642e-06,1.0,327.000000000299,,,,[],[],13,661.153846153567,86.99999999991748,939.9999999996115,"[8, 32, 51, 63, 81, 100, 111, 133, 152, 162, 175, 192, 204]","[878.0000000000744, 637.9999999993091, 786.9999999992148, 791.9999999998681, 939.9999999996115, 787.9999999997934, 636.9999999996325, 674.9999999997161, 771.0000000000025, 195.99999999954423, 833.9999999995166, 572.0000000001692, 86.99999999991748]","[0, 13, 39, 39, 76, 99, 107, 107, 107, 161, 99, 187, 203]","[76, 39, 61, 76, 205, 164, 119, 142, 164, 164, 205, 205, 205]",37754612.999991074,940.9999999999794,-940.9999999999794,0.0,,,,DWT,mdp.39015067403892,8.925795555114746e-06,,0.0,33.0,19.0,0.0,28.5,,2.05773176276125e-11,256.341346153567,4359.000000003629,256.34134615359125,,0.0,256.341346153567,,,83.99999999991748,0.0,19.5,3.8846792449476197e-10,2.05773176276125e-11,,2.9899638320785016e-10,2.464581782724831e-10,4.0762371149774666e-20,0.7155253226105669,0.7577588983096977,0.0016542799397574897,0.672346002621232,0.0052290528014738566,,0.47422802451573637,6.4797491635092294e-09,6.4797491635092294e-09,5.8845785325031125e-09,,1.5039788804775605e-08,0.9999999935201899,4.651549707073381e-10,,,,,,8.83470145249769e-11,1.0,0.0,2.577155149089739e-11,2.577155149089739e-11,0.742268417574993,0.2426715961986131,619,1.0800518049340875,0.518752539510271,892,0,0.20618567104373633,0.24635434633696018,619,0.125,0.30125193664702654,0.5471779597110293,893,157.90582636495716,0.8344802658648247,755.75,731.0055295962569,0.5211447450917415,792,sym,0.8243425715244881,0.7368036147090654,0.2019191155201387,6,595.5,2.464581782724831e-10,0.00015478833000881487,4.0762371149774666e-20,0.7155253226105669,0.7577588983096978,0.002686049727007515,0.7537421535490102,0.007582382995354552,,0.9919828214547399,0.9855281704421177,0.9855281704421177,0.9855281704422777,,3.222173675010665e-09,0.9999999999678333,2.5921270694218144e-10,,,,,1.0,,8.83470145249769e-11,1.0,0.25,2.577155149089739e-11,2.577155149089739e-11,0.0,2.209570201613467,0.6304403973521845,637,1.114113918775379,0.5150383238449204,1838,849.2352442050436,0.5549081529323671,1237.5,946.1058585858584,0.4531616236359948,1741,0.7763846615972358,0.5622554397616224,0.28785410495344815,6,1307.25,,,,,,,,,,,,,1.6548133781949452e-15,0.03641360043845894,4.0762371149774666e-20,0.7936533976262666,0.23425041655066192,0.001889539535147559,0.5702199178519871,1.0,0.007582382995354551,,0.0008499884728380163,0.0007982210227375918,0.0007982210227375918,0.0007982210227314733,,0.0,2.5176360954131315e-15,0.020163910573066608,2.4103958090693507e-15,,,,,0.4782608695652174,,2.795279443825255e-18,1.0,0.7906976744186046,8.635457229108985e-17,8.635457229108985e-17,0.9302325581395349,0.5674759776447036,0.17675400427451315,665,1.2363070170891395,0.600114929436166,1853,840.0428560496184,0.6074566093226081,1259.0,978.7490071485305,0.5095694261566313,1746,1409.1368421052632,1454.5,398.32527672708756,380,0.6645304607900322,0.5565550872278735,0.3678621512786154,7,1311.25
db28,1.0,periodization,1.926072792653268e-26,314.40067177723995,4964324.335892607,0.529126213592233,100.23274638279352,206,smoothed,9.653177563787275e-14,-2.0090971108999203e-10,6.1914721441087,31688.237398435285,0.9833373677304309,0.00014966566451320268,0.9999999999999996,362.4000000000002,,,,[],[],11,426.59999999999997,32.200000000000074,728.4,"[9, 31, 53, 64, 80, 102, 131, 148, 158, 175, 192]","[310.9999999999997, 417.80000000000007, 589.6000000000001, 432.20000000000033, 728.4, 371.0000000000002, 587.0, 32.200000000000074, 448.1999999999998, 368.0, 407.19999999999993]","[0, 0, 0, 60, 0, 94, 120, 144, 144, 165, 186]","[20, 40, 75, 75, 205, 120, 205, 149, 205, 186, 205]",30736475.84,728.4,-728.4,0.0,,,,DWT,mdp.39015067403892,3.725290298461914e-09,,0.0,15.0,11.0,0.0,33.0,,0.0,168.40000000000003,987.7999999999993,168.40000000000003,,0.0,168.40000000000003,,,28.000000000000085,0.0,15.0,0.0,0.0,,2.2737367544323206e-13,1.6322986899886757e-13,5.1580551040417503e-26,0.9593123923069219,0.08241458401495948,0.06336463571888806,0.11027684467067218,0.026847626163012814,,0.9999996647841187,4.4059199552998455e-09,4.4059199552998455e-09,3.6787269888316428e-09,,2.4503221863198973e-12,0.9999999955940747,0.0,,,,,,7.946695712486874e-14,0.0,0.0,0.0,0.0,0.799999900980708,0.30073748692539626,701,0.7033268335846,0.35705643106572493,795,0,0.16666663940594084,0.23713383959873444,701,0.0,0.17745944041065967,0.3130864818094442,823,63.392954392950216,0.9335503622715406,755.0,751.0333029309135,0.5710728750561058,679,db,0.573477938514061,0.8443824841957417,0.34525069778143475,3,510.0,1.0362172875594843e-13,0.9999999999705134,1.2833288974904988e-26,0.9462869474114468,0.74262778182071,0.0001659907943145761,0.09049565661727149,0.00026149349854409296,0.999999999723601,2.0315811924853655e-05,4.745387416349445e-11,4.745387416349445e-11,3.962169481397382e-11,,2.4503221863198973e-12,0.0031261328403482946,0.0,,,,,0.0,,3.687271056968986e-14,0.0,0.0,0.0,0.0,1.0,0.20156916120535404,0.0575122446851681,1725,1.675471914681332,0.7745457910940002,953,545.8864350760147,0.713895998387833,1339.0,1227.725914861837,0.5060570138689688,1503,0.49117026184683504,0.8233619396015222,0.4091722348267588,4,1128.25,,,,,,,,,,,,,6.957554592789765e-19,0.9999999999715827,1.2833288974904988e-26,0.9610386906613948,0.22957284648407678,0.0013002437221322077,0.06846164253822229,0.9999999999999997,0.00026149349854409296,0.9999999999999541,9.960751159770543e-05,3.8434858594393884e-14,3.8434858594393884e-14,3.20911916831812e-14,,0.0,1.9145521638122673e-18,0.004567040150618464,0.0,,,,,0.13043478260869565,,1.1666441752192217e-21,0.7209302325581395,0.7209302325581395,0.0,0.0,1.0,0.3986733618839274,0.12417638082767558,1861,1.8195490139061044,0.8832260215240507,707,816.0012254892758,0.6186910161265067,1284.0,1024.7095015576324,0.5093455080632534,1747,1009.0473684210526,935.5,610.6543869996938,760,0.4758535102197843,0.8532293215616218,0.41093374637766444,5,1311.5
db17,,,,5.799317424528051,959075.3471113126,0.7038834951456311,152.31784132266785,206,raw,167.6960702195587,,7.352207573220423,123196.58906353095,1.0,2.7779222793024896e-06,-0.12366785622389036,456.9535189774566,,,,[],[],15,897.4178939433378,39.8117167512911,1643.3774350289045,"[6, 18, 29, 43, 54, 67, 81, 93, 113, 123, 143, 153, 164, 187, 202]","[753.6112472599104, 496.7211146122029, 1276.2958050305722, 984.9978965053718, 84.28488574215271, 1577.0737385162017, 528.4161648160384, 1643.3774350289045, 1089.8351437370939, 1036.99111482854, 1054.1548501854231, 39.8117167512911, 991.8229365867776, 1192.364838124175, 711.5095214254102]","[1, 16, 16, 30, 52, 16, 80, 87, 98, 120, 120, 152, 120, 120, 120]","[16, 19, 52, 52, 55, 87, 83, 120, 120, 137, 162, 162, 184, 199, 203]",75678468.31454955,1333.8831863192447,-1333.8831863192447,0.0,,,,SWT,mdp.39015067403892,37923855.31454955,,0.0,-24.5,17.0,0.0,-20.0,,392.8831863192447,492.60539394333784,507.2684091500669,492.6053939433377,,0.0,492.60539394333784,,,36.8117167512911,0.0,-20.0,703.3774350289045,392.8831863192447,,129.9535189774566,0.8009690437749857,,0.02293305185826297,0.5538362368136406,0.13688010952350055,0.7428571428571429,0.10371463086228533,,0.0038857020916786,0.16358951770833186,0.16358951770833186,0.16358951770833144,,0.24254121817328855,0.12332381525016098,0.4398246478251519,,,,,,0.2200757779202652,0.025423728813559338,0.12000000000000001,0.1429206518646,0.1429206518646,0.9144182112052028,0.30741984563973185,104,0.9626912671758441,0.5470705118962698,70,0,0.1639218402714105,0.2727200225353516,106,0.0,0.34611783090999143,0.5996867839274462,65,21.761969886325396,0.7946983972988171,86.25,82.10235131396958,0.49050957600789913,103,db,0.9380878725805777,0.8243093411562624,0.09604568684671688,4,78.25,0.8109271258381182,0.011178377866590483,,0.022933051858262943,0.5538362368136407,0.28626104431987387,0.7428571428571429,0.5846738746365739,,0.024820983812061256,0.41040458017262693,0.41040458017262693,0.4101544947654538,,0.24254121817328853,0.12332381525016095,0.5544605739064221,,,,,0.75,,0.4786117338064096,0.02542372881355931,0.1016949152542373,0.2586973432021863,0.2586973432021863,0.1016949152542373,1.512733846983473,0.49642603262814,106,1.260650934024429,0.6484060346957334,127,14.849242404917497,0.9299564037503891,116.5,115.55364806866955,0.6902140509317983,73,0.9080317387829661,0.7281573716544635,0.1459305713555847,6,56.25,,,0.061634600680121776,0.4000000000000001,0.10714285714285718,,0.12299601058453685,1.0,False,False,0.0,0.0,0.001422688706902126,0.01740886526080154,,0.13499209320168193,0.35352884767803316,0.00024730454051343615,0.8136923285076445,0.12299601058453691,0.007652756918512067,,0.0002176815202766493,0.0029427291307266125,0.0029427291307266125,0.002942729130720285,,0.0,0.0010942462467051345,0.002343858803806885,0.004364370684639324,,,,,0.3913043478260869,,1.187656299506187e-05,0.10852713178294571,0.17829457364341084,0.0016487697827744217,0.0016487697827744217,0.17829457364341084,0.22814326913767058,0.0710606932397918,2093,0.6412692366248709,0.3112780542108427,2099,4.242640687119285,0.9980174576228414,2096.0,2095.9957061068703,0.5092891026431965,1748,1009.0473684210526,935.5,610.6543869996938,760,0.4758535102197843,0.8532293215616218,0.41093374637766444,5,1312.25
db25,,,,6.47113219799973,955696.496627101,0.6796116504854369,149.2634726478067,206,raw,162.88603248733088,,7.369954943854273,123196.58906353099,1.0,2.802836204200481e-06,0.05737545786214224,479.18001797488716,,,,[],[],15,945.9577385667137,122.27217195000534,1740.3000447914067,"[1, 12, 23, 34, 45, 64, 82, 99, 109, 119, 130, 148, 158, 175, 194]","[122.27217195000534, 854.9317760494321, 514.3539043791927, 843.7816192927455, 1226.7267924595196, 1740.3000447914067, 1455.3040848361618, 1314.0956871267203, 370.09492204930217, 958.1013421138744, 683.3155409809351, 1085.8903131565446, 455.8661560777337, 1137.896622107218, 1426.435101129911]","[0, 0, 17, 17, 17, 17, 79, 89, 108, 116, 127, 143, 154, 143, 79]","[2, 17, 24, 39, 58, 79, 143, 143, 116, 143, 143, 168, 168, 190, 201]",75472487.91679995,1520.2487804437083,-1520.2487804437083,0.0,,,,SWT,mdp.39015067403892,37717874.91679995,,0.0,-20.0,17.0,0.0,-11.0,,579.2487804437083,541.1452385667137,1235.366078500705,541.1452385667135,,0.0,541.1452385667137,,,119.27217195000534,0.0,-15.5,800.3000447914067,579.2487804437083,,152.18001797488716,0.6412042471236216,,0.09840861523934719,0.5785233298600144,0.13563672737749777,0.6000000000000002,0.10371463086228686,,0.13258072843683102,0.26139668609245653,0.26139668609245653,0.26139668609245603,,0.3279812461682075,0.30056232624967194,0.5755784295558165,,,,,,0.20457658408205173,0.1016949152542373,0.21,0.4424726899794795,0.4424726899794795,1.401110525130778,0.4710417794416042,54,0.9751012526932483,0.5541227594455264,67,0,0.27933112072268584,0.4647287354277115,66,0.0,0.33861569594071067,0.5866885192021378,70,7.041543391425869,0.9335703453639069,64.25,63.61209740949205,0.6637191349461045,47,db,0.9380878725805777,0.8243093411562624,0.09604568684671688,4,36.25,0.6591558141502457,0.011462766967115345,,0.09840861523934716,0.5785233298600145,0.2852328554388258,0.6000000000000002,0.5846738746365746,,0.15081123356861803,0.4793499840460511,0.4793499840460511,0.47912914282704583,,0.32798124616820745,0.30056232624967194,0.6624333038158849,,,,,0.75,,0.46825034538696086,0.10169491525423727,0.17796610169491528,0.517785048660094,0.517785048660094,0.2542372881355932,1.9421332929427642,0.6373398250942519,49,1.2716973030465195,0.6540876489650651,123,52.32590180780452,0.7531797084537523,86.0,70.08139534883722,0.6737596655476308,77,0.9080317387829661,0.7281573716544635,0.1459305713555847,6,59.25,,,0.21282232112220642,0.4000000000000001,0.2678571428571429,,0.26429729265913177,1.0,False,False,0.0,0.0,0.0013818816304306616,0.017575524516116627,,0.136790368873263,0.35542410566732585,0.00024641627512129094,0.710188066567447,0.2642972926591318,0.00765275691851207,,0.0013226235852126505,0.003383312839205104,0.003383312839205104,0.0033833128391987793,,0.0,0.0012813998020432774,0.0057124056131733335,0.004965763586458556,,,,,0.3913043478260869,,1.1812056389672452e-05,0.17829457364341084,0.24806201550387585,0.002430869833987956,0.002430869833987956,0.317829457364341,0.27312309661150574,0.08507073935764675,2051,0.658451950597182,0.31961870345126664,2092,28.991378028648448,0.9864526270894166,2071.5,2071.2971276852522,0.5092309864419046,1749,1009.0473684210526,935.5,610.6543869996938,760,0.4758535102197843,0.8532293215616218,0.41093374637766444,5,1313.0
coif11,1.0,antisymmetric,2.4328531587765924e-26,313.3862397750466,6063959.176180525,0.5222222222222223,92.71970407150422,206,smoothed,1.1368683772161605e-13,-2.223922823674233e-10,6.619935199198032,116656.8616130382,0.9951737978870375,0.00014966566451320274,0.9999999999999996,362.4000000000001,,,,[],[],11,426.6,32.19999999999996,728.3999999999997,"[9, 31, 53, 64, 80, 102, 131, 148, 158, 175, 192]","[311.0000000000001, 417.80000000000007, 589.6000000000001, 432.2, 728.3999999999997, 371.0, 587.0000000000001, 32.19999999999996, 448.19999999999993, 367.9999999999999, 407.2000000000003]","[0, 0, 0, 60, 0, 94, 120, 144, 144, 165, 186]","[20, 40, 75, 75, 204, 120, 204, 149, 204, 186, 204]",30736475.840000015,728.3999999999997,-728.3999999999997,0.0,,,,DWT,mdp.39015067403892,1.862645149230957e-08,,0.0,15.0,11.0,0.0,33.0,,2.2737367544323206e-13,168.4000000000001,987.7999999999984,168.40000000000003,,0.0,168.4000000000001,,,27.99999999999997,0.0,15.0,2.2737367544323206e-13,2.2737367544323206e-13,,1.1368683772161603e-13,2.0091713744661977e-13,6.641198347677076e-26,0.9554581462817426,0.7004314349878032,0.5352782860257324,0.0628534426937195,0.7314782770357606,,0.9999996646849938,4.4059791007223055e-09,4.4059791007223055e-09,3.6787269888316428e-09,,1.2251610931599486e-12,0.9999999955939887,1.5171946557926922e-13,,,,,,3.9733478562434375e-13,0.0,0.0,3.4954031196328703e-13,3.4954031196328703e-13,0.7999999009507249,0.300737486914125,849,1.5088624361676657,0.7660009695369575,40,0,0.1666666393976784,0.2371338395869786,850,0.0,0.4264999410035657,0.7524613270037164,37,468.23284805745953,0.5091898867322227,444.0,73.55462326517689,0.521890540850388,826,coif,0.5556920286951962,0.9053407607371553,0.33941335169221604,4,620.5,1.252974473195584e-13,0.9999999999705138,1.6419602415662127e-26,0.9425434636671931,0.8906402736535932,0.0014022217104022725,0.051578947368421446,0.007124533566196732,0.9999999997232772,2.0315811922799742e-05,4.745454029730922e-11,4.745454029730922e-11,3.962169481397382e-11,,1.2251610931599486e-12,0.0031261328403480726,1.5171946557926922e-13,,,,,0.0,,1.8436355284844931e-13,0.0,0.0,2.847685247612971e-13,2.847685247612971e-13,1.0,0.20156916120500465,0.057512244685068416,1736,1.7350287181366635,0.802078017115296,390,951.7657274770929,0.5011710023704964,1063.0,636.9143932267168,0.47202155988545785,1650,0.4784248188775415,0.776734912893196,0.43208215291776214,2,1238.0,,,,,,,,,,,,,8.4129442784748335e-19,0.9999999999715831,1.6419602415662127e-26,0.9583233166296647,0.27532880915755475,0.0015893265262363677,0.039020430253010774,0.9999999999999997,0.007124533566196731,0.9999999999999541,9.960751159770391e-05,3.8435400695480126e-14,3.8435400695480126e-14,3.20911916831812e-14,,0.0,9.572760819061336e-19,0.00456704015061846,1.4108257588933865e-18,,,,,0.13043478260869565,,5.833220876096109e-21,0.7209302325581395,0.7209302325581395,9.54194168962319e-19,9.54194168962319e-19,1.0,0.3986733618839274,0.12417638082767558,1834,1.831911043338834,0.8892266656344249,547,910.0464273870866,0.5747446600994922,1190.5,842.6694666106678,0.5092181244422695,1750,986.6382352941176,846.0,585.0035688138154,340,0.4652856568234462,0.8173890317607586,0.42908333069536003,4,1313.5
db32,,,,6.571191917525572,942825.8741961666,0.6699029126213593,157.38652003750587,206,raw,170.01394843515186,,7.390448839061131,123196.58906353095,1.0,2.8000214448006254e-06,0.08514397453713421,489.15320233541195,,,,[],[],15,903.1656284772359,115.19579443737314,1540.7988095915646,"[7, 18, 29, 40, 57, 75, 88, 104, 114, 125, 137, 155, 167, 182, 198]","[203.42945957667757, 1222.5054180379893, 449.54590484678505, 869.3636819895762, 1169.6022610059013, 1537.6462375501565, 1194.7515472317452, 1540.7988095915646, 640.7288766482652, 1075.6298193569878, 183.56443527488824, 1188.4833879290338, 115.19579443737314, 1260.0959078924195, 896.1428857891779]","[5, 5, 23, 23, 23, 5, 84, 101, 109, 109, 136, 149, 166, 149, 149]","[9, 64, 31, 44, 64, 149, 101, 149, 119, 149, 149, 174, 174, 190, 203]",75562083.01492688,1407.263495828881,-1407.263495828881,0.0,,,,SWT,mdp.39015067403892,37807470.01492688,,0.0,-20.0,17.0,0.0,-11.0,,466.2634958288811,498.35312847723594,593.4844271585389,498.35312847723617,,0.0,498.35312847723594,,,112.19579443737314,0.0,-24.5,600.7988095915646,466.2634958288811,,162.15320233541195,0.8779570763834854,,0.10964990376287877,0.6070309160423508,0.13090047100470328,0.542857142857143,0.10371463086228533,,0.12153671239032918,0.17517112955208897,0.17517112955208897,0.17517112955208936,,0.366318779715899,0.14431110761405075,0.29614881860455056,,,,,,0.21131825371661173,0.1016949152542373,0.030000000000000027,0.2608674294035495,0.2608674294035495,1.034251401997807,0.347706774054494,101,1.051176096776523,0.5973539648320234,55,0,0.19909559850774583,0.3312393029618258,97,0.0,0.37258881605628225,0.6455506445324738,54,25.747168129071333,0.7571021874615912,76.75,70.2856697704557,0.5165227918440032,93,db,0.9380878725805777,0.8243093411562624,0.09604568684671688,4,70.75,0.8840632292737118,0.011430636867293786,,0.10964990376287875,0.6070309160423509,0.2813163072111104,0.5428571428571431,0.5846738746365739,,0.13999932902552845,0.418568592271792,0.418568592271792,0.41832196974818553,,0.36631877971589893,0.14431110761405075,0.4401869875268394,,,,,0.75,,0.4727572286744681,0.10169491525423727,0.02542372881355931,0.36071153796790967,0.36071153796790967,0.2542372881355932,1.63826853398188,0.5376221007587656,99,1.3440121831298177,0.6912822469134614,104,3.5355339059327378,0.9833229532739022,101.5,101.43842364532019,0.7522746841841209,45,0.9080317387829661,0.7281573716544635,0.1459305713555847,6,35.25,,,0.23601157148112892,0.4000000000000001,0.2678571428571429,,0.2859701560139284,1.0,False,False,0.0,0.0,0.001442352967113957,0.01755669545937861,,0.13705820305380478,0.3576126675351015,0.00024303271952030056,0.6687863617913681,0.2859701560139285,0.007652756918512067,,0.001227802532354863,0.002994899841530148,0.002994899841530148,0.002994899841523826,,0.0,0.001365376901240535,0.0027427375595069758,0.0037278828995130817,,,,,0.3913043478260869,,1.1840114766599785e-05,0.17829457364341084,0.10852713178294571,0.001956716880494741,0.001956716880494741,0.317829457364341,0.2565401572527318,0.0799055851488815,2068,0.651826196377065,0.31640250070283543,2095,19.091883092036785,0.9910785593027865,2081.5,2081.4124429497956,0.5092075039504587,1751,1009.0473684210526,935.5,610.6543869996938,760,0.4758535102197843,0.8532293215616218,0.41093374637766444,5,1314.5
db4,1.0,antisymmetric,2.93131904709827e-27,322.57676784277663,4978632.856307793,0.5424528301886793,96.71465869605346,206,smoothed,3.246162777632158e-14,-2.078924810078324e-10,6.212000471409954,37443.893044418,0.9865545340462207,0.00014966566451320268,0.9999999999999999,362.4,,,,[],[],11,426.59999999999997,32.19999999999999,728.4000000000001,"[9, 31, 53, 64, 80, 102, 131, 148, 158, 175, 192]","[310.99999999999994, 417.8000000000001, 589.6, 432.19999999999993, 728.4000000000001, 371.00000000000006, 587.0000000000001, 32.19999999999999, 448.20000000000016, 368.0, 407.20000000000016]","[0, 0, 0, 60, 0, 94, 120, 144, 144, 165, 186]","[20, 40, 75, 75, 204, 120, 204, 149, 204, 186, 204]",30736475.840000004,728.4000000000001,-728.4000000000001,0.0,,,,DWT,mdp.39015067403892,7.450580596923828e-09,,0.0,15.0,11.0,0.0,33.0,,1.1368683772161603e-13,168.40000000000003,987.7999999999993,168.40000000000006,,0.0,168.40000000000003,,,28.0,0.0,15.0,1.1368683772161603e-13,1.1368683772161603e-13,,0.0,2.2476728604602566e-14,3.790908680440589e-27,0.9903767570883392,0.11202472669532626,0.06950520698148323,0.2018171525846171,0.07457831995164071,,0.999999664709775,4.4059199552998455e-09,4.4059199552998455e-09,3.6787565615428943e-09,,0.0,0.9999999955940747,7.585973278963461e-14,,,,,,1.5893391424973748e-13,0.0,0.0,1.7477015598164352e-13,1.7477015598164352e-13,0.7999999009573362,0.3007374869166103,835,0.7955492101059181,0.4038747679366166,513,0,0.16666663939958587,0.23713383958969256,842,0.0,0.20690030904306134,0.36502814216970636,528,183.72170984036336,0.8074195913623026,679.5,642.2081294675919,0.5475777202094532,755,db,0.573477938514061,0.8443824841957417,0.34525069778143475,3,567.0,2.2667985388741222e-14,0.9999999999705134,1.277517982450338e-27,0.9764585928707931,0.7497192891068777,0.00018207671179614067,0.16561569016881875,0.0007263862242898127,0.9999999997234957,2.0315811923354854e-05,4.745387416349445e-11,4.745387416349445e-11,3.9622027880881205e-11,,0.0,0.0031261328403482946,7.585973278963461e-14,,,,,0.0,,7.374542113937972e-14,0.0,0.0,1.4238426238064856e-13,1.4238426238064856e-13,1.0,0.20156916120424184,0.05751224468485076,1877,1.7273626690696153,0.7985341164463723,471,994.1921343482858,0.4789349400690326,1174.0,753.0383304940376,0.4318154784202605,1833,0.49117026184683504,0.8233619396015222,0.4091722348267588,4,1375.75,,,,,,,,,,,,,1.5220142314183714e-19,0.9999999999715827,1.277517982450338e-27,0.9829240007554041,0.23176508538679685,0.0013040052864739856,0.1252913410751989,0.9999999999999999,0.0007263862242898127,0.9999999999999541,9.960751159770423e-05,3.8434858594393884e-14,3.8434858594393884e-14,3.2091408523615694e-14,,0.0,0.0,0.004567040150618464,7.054128794466933e-19,,,,,0.13043478260869565,,2.3332883504384434e-21,0.7209302325581395,0.7209302325581395,4.770970844811595e-19,4.770970844811595e-19,1.0,0.3986733618839274,0.12417638082767558,1779,1.8566960367011298,0.9012575320269091,223,1100.258151526268,0.48586067685688417,1001.0,396.32067932067935,0.509051833755545,1752,1009.0473684210526,935.5,610.6543869996938,760,0.4758535102197843,0.8532293215616218,0.41093374637766444,5,1315.25
sym10,,,,7.790229238057639,965019.897265166,0.6456310679611651,145.22046624061437,206,raw,147.53909018551946,,7.318784496088556,123196.58906353192,1.0,2.7192856666644404e-06,0.349497766454487,453.1529470752903,,,,[],[],14,983.4865584520554,116.49445562062408,1831.3564990415505,"[9, 31, 42, 53, 64, 80, 101, 128, 138, 151, 164, 174, 191, 203]","[1419.692880883305, 926.501291115921, 859.9017320543514, 1318.7642235489002, 1072.2715968494813, 1831.3564990415505, 1117.2388996888046, 494.0995586157412, 1028.4360611458071, 1326.4951965465038, 126.08368543108793, 1226.292629084532, 905.1831087021642, 116.49445562062408]","[3, 19, 36, 36, 60, 75, 93, 124, 124, 124, 162, 162, 186, 202]","[75, 36, 43, 75, 75, 124, 124, 133, 149, 204, 165, 204, 204, 204]",75429285.9142774,1754.9107734586446,-1754.9107734586446,0.0,,,,SWT,mdp.39015067403892,37674672.914277405,,0.0,-25.0,18.0,0.0,-25.0,,813.9107734586446,578.6740584520554,814.8118183287752,578.6740584520553,,0.0,578.6740584520554,,,113.49445562062408,0.0,-25.0,891.3564990415505,813.9107734586446,,126.15294707529029,0.13145749406987806,,0.24660361806461362,0.5073437939569635,0.13906764269842417,0.40000000000000036,0.1037146308623195,,0.12356351705432421,0.33701677994037577,0.33701677994037577,0.3370167799403755,,0.22793158623101406,0.1981881338781297,0.7031158333229265,,,,,,0.20132580770424383,0.016949152542372864,0.020000000000000018,0.8196532452528877,0.8196532452528877,1.5807924795576134,0.5314493675859169,35,0.8947994529998888,0.5084894934522518,84,0,0.3172858669278038,0.5278748007918193,46,0.0,0.2835654768315768,0.49130802763583414,98,30.048571790796757,0.7165229076339928,65.75,55.2338166224219,0.5481199443830342,80,sym,0.5948329919317754,0.9644551827563462,0.29428035082085335,3,60.75,0.17491313390307478,0.010509048822923861,,0.24660361806461362,0.5073437939569636,0.28806997916312455,0.40000000000000036,0.5846738746365898,,0.1419835364426794,0.5326554625444684,0.5326554625444684,0.5324572316135464,,0.22793158623101406,0.19818813387812967,0.7638710794324868,,,,,0.8333333333333333,,0.46607716418367845,0.01694915254237289,0.01694915254237289,0.844014992626123,0.844014992626123,0.01694915254237289,2.0276784812069355,0.6654127465173381,37,1.1920828117606237,0.613138552584984,143,74.95331880577403,0.6464466094067263,90.0,58.788888888888884,0.6109591537599669,108,0.7190889370932755,0.9859759878661594,0.20084494767485936,5,82.25,,,0.4567711581688385,0.6000000000000001,0.017857142857142905,,0.49229387422343973,1.0,False,False,0.0,0.0,0.0012516822675613993,0.017016621395715293,,0.14032125299379616,0.3499595666128089,0.00024886730222728275,0.5652820998511706,0.49229387422343984,0.007652756918512147,,0.001245204150694412,0.003723952302891036,0.003723952302891036,0.003723952302884714,,0.0,0.0010622443311587002,0.003766709629101468,0.00553075771306172,,,,,0.43478260869565216,,1.179852687638283e-05,0.10077519379844957,0.10077519379844957,0.003415650086035351,0.003415650086035351,0.10077519379844957,0.22450025444996236,0.06992598893679054,2097,0.6908689522500279,0.33535421768076085,2074,16.263455967290593,0.9924002542208923,2085.5,2085.4365859506115,0.5089337719702592,1753,1409.1368421052632,1454.5,398.32527672708756,380,0.6645304607900322,0.5565550872278735,0.3678621512786154,7,1316.5
db32,1.0,antisymmetric,1.7273281322906274e-26,314.87365027988847,6439535.406883685,0.5298507462686567,112.98197436595574,206,smoothed,9.020615969400981e-14,-2.0189943050752425e-10,6.609573098393514,129439.18348470733,0.9957999578485291,0.00014966566451320268,0.9999999999999999,362.4,,,,[],[],11,426.59999999999997,32.19999999999993,728.3999999999999,"[9, 31, 53, 64, 80, 102, 131, 148, 158, 175, 192]","[310.99999999999966, 417.80000000000007, 589.5999999999999, 432.2000000000003, 728.3999999999999, 371.00000000000006, 586.9999999999995, 32.19999999999993, 448.2, 368.0000000000001, 407.2000000000001]","[0, 0, 0, 60, 0, 94, 120, 144, 144, 165, 186]","[20, 40, 75, 75, 204, 120, 204, 149, 204, 186, 204]",30736475.840000004,728.3999999999999,-728.3999999999999,0.0,,,,DWT,mdp.39015067403892,7.450580596923828e-09,,0.0,15.0,11.0,0.0,33.0,,1.1368683772161603e-13,168.40000000000003,987.7999999999993,168.39999999999998,,0.0,168.40000000000003,,,27.999999999999943,0.0,15.0,1.1368683772161603e-13,1.1368683772161603e-13,,0.0,1.493333768142281e-13,4.5764090499921415e-26,0.9611094329265856,0.6854850986990504,0.6964586556411652,0.1152536475833654,0.8374799436903944,,0.9999996646602125,4.4059199552998455e-09,4.4059199552998455e-09,3.67866784340914e-09,,0.0,0.9999999955940747,7.585973278963461e-14,,,,,,1.5893391424973748e-13,0.0,0.0,1.7477015598164352e-13,1.7477015598164352e-13,0.7999999009424408,0.3007374869110108,868,1.648730973435608,0.8370077310460328,26,0,0.1666666393954483,0.2371338395838056,868,0.0,0.470826682648673,0.8306656961802867,26,486.1289266576649,0.4904308944888208,447.0,50.48769574944072,0.510938717684662,871,db,0.573477938514061,0.8443824841957417,0.34525069778143475,3,654.0,9.562920326864113e-14,0.9999999999705134,1.1426840157265116e-26,0.9480323451633098,0.8870606876368233,0.0018244518278304946,0.09457973291437557,0.008156980401411244,0.9999999997235861,2.0315811922300142e-05,4.745387416349445e-11,4.745387416349445e-11,3.962102868015904e-11,,0.0,0.0031261328403482946,7.585973278963461e-14,,,,,0.0,,7.374542113937972e-14,0.0,0.0,1.4238426238064856e-13,1.4238426238064856e-13,1.0,0.20156916120424123,0.05751224468485059,1882,1.7543566620372446,0.8110130386262615,209,1182.989644925094,0.37998446282751897,1045.5,376.2199904351985,0.41601424399237585,1878,0.49117026184683504,0.8233619396015222,0.4091722348267588,4,1409.5,,,,,,,,,,,,,6.420906217204622e-19,0.9999999999715827,1.1426840157265116e-26,0.9623047326838088,0.27422223090769493,0.0016880616935380085,0.07155132199912367,0.9999999999999999,0.008156980401411244,0.9999999999999541,9.960751159770347e-05,3.8434858594393884e-14,3.8434858594393884e-14,3.2090649582094954e-14,,0.0,0.0,0.004567040150618464,7.054128794466933e-19,,,,,0.13043478260869565,,2.3332883504384434e-21,0.7209302325581395,0.7209302325581395,4.770970844811595e-19,4.770970844811595e-19,1.0,0.3986733618839274,0.12417638082767558,1792,1.847221306862572,0.8966584100047108,294,1059.245958217448,0.5050252531694168,1043.0,505.1275167785235,0.5088210377996617,1754,1009.0473684210526,935.5,610.6543869996938,760,0.4758535102197843,0.8532293215616218,0.41093374637766444,5,1316.75
sym19,1.0,symmetric,3.8201147367794884e-19,243.6510283975383,6792362.595122723,0.6528925619834711,322.28281254049807,206,raw,5.007754901153154e-10,,6.5852342288976065,60662.80923306202,0.7442524623360001,5.618943883663742e-06,0.9999999999999999,327.00000000008595,,,,[],[],13,661.1538461554483,87.00000000019438,940.0000000026114,"[8, 32, 51, 63, 81, 100, 111, 133, 152, 162, 175, 192, 204]","[878.0000000021014, 638.000000001423, 787.0000000017461, 792.0000000023359, 940.0000000026114, 788.0000000020118, 637.0000000015009, 675.0000000008179, 771.0000000018094, 196.00000000050403, 834.0000000022467, 572.0000000015244, 87.00000000019438]","[0, 13, 39, 39, 76, 99, 107, 107, 107, 161, 164, 187, 203]","[76, 39, 61, 76, 205, 164, 119, 142, 164, 164, 205, 205, 205]",37754613.00005801,941.0000000017775,-941.0000000017775,0.0,,,,DWT,mdp.39015067403892,5.8010220527648926e-05,,0.0,33.0,19.0,0.0,28.5,,1.7774937077774666e-09,256.34134615544826,4358.999999979173,256.34134615544826,,0.0,256.34134615544826,,,84.00000000019438,0.0,24.0,2.61138666246552e-09,1.7774937077774666e-09,,8.594724931754172e-11,6.327201718009659e-10,2.703366132781198e-19,0.6852047464053579,0.8786528291769298,0.0011888562353240535,0.7181227863046049,0.00023667137540711526,,0.47422802483740134,7.936576862893096e-09,7.936576862893096e-09,7.322610443924321e-09,,4.323224462513444e-09,0.9999999920633893,3.126897769138881e-09,,,,,,5.741818489912105e-10,1.0,0.5,2.22617794232144e-09,2.22617794232144e-09,0.7922684153442676,0.25901821553645,231,1.1383874738111623,0.5467713588259423,873,0,0.24785233771443455,0.29613842871154233,231,0.125,0.319950841447192,0.581141653658576,866,368.6492235174245,0.6135752374031189,550.25,365.02283846593986,0.5183966333766119,808,sym,0.8243425715244881,0.7368036147090654,0.2019191155201387,6,607.5,6.327201718009657e-10,0.00015478832978205181,2.7033661327811985e-19,0.6852047464053579,0.8786528291769299,0.0022211070284088867,0.7881470204436715,0.002601812048858427,,0.9919828214596447,0.9855281704632006,0.9855281704632006,0.9855281704630886,,9.262217864289212e-10,0.9999999999606014,1.742498062177907e-09,,,,,1.0,,5.741818489912105e-10,1.0,0.5,2.22617794232144e-09,2.22617794232144e-09,0.0,2.2345702023469625,0.6375734634954194,234,1.1679057856316468,0.5399055052661831,1776,1090.3586565896562,0.4285331988523814,1005.0,413.5164179104477,0.45090181955197683,1754,0.7763846615972358,0.5622554397616224,0.28785410495344815,6,1317.0,,,,,,,,,,,,,4.248322422445428e-15,0.03641360043824035,2.7033661327811985e-19,0.7716600591000616,0.2716230607086746,0.0017808163691843547,0.5962478377208826,0.9999999999999999,0.002601812048858427,,0.0008499884728417267,0.0007982210227546677,0.0007982210227546677,0.000798221022748329,,0.0,7.237007179210371e-16,0.020163910572953463,1.6203333840890547e-14,,,,,0.4782608695652174,,1.816698309651372e-17,1.0,0.8604651162790697,7.459412915862928e-15,7.459412915862928e-15,0.9302325581395349,0.5744527218307189,0.1789270785900029,597,1.2501619140383364,0.6068402253295672,1844,881.7621561396247,0.5879616092805492,1220.5,901.981155264236,0.5088172532384054,1755,1409.1368421052632,1454.5,398.32527672708756,380,0.6645304607900322,0.5565550872278735,0.3678621512786154,7,1318.0
db22,1.0,periodization,1.6865329915439258e-26,314.97745033075523,4964720.073939801,0.5388349514563107,108.94146309248073,206,smoothed,8.700908840090513e-14,-2.057934489485551e-10,6.1909786216020795,31688.237398435293,0.9837712596622905,0.0001496656645132028,0.9999999999999996,362.4,,,,[],[],11,426.59999999999997,32.200000000000074,728.4000000000004,"[9, 31, 53, 64, 80, 102, 131, 148, 158, 175, 192]","[310.99999999999966, 417.79999999999984, 589.5999999999999, 432.2000000000003, 728.4000000000004, 371.00000000000017, 586.9999999999999, 32.200000000000074, 448.1999999999998, 367.9999999999997, 407.20000000000005]","[0, 0, 0, 60, 0, 94, 120, 144, 144, 165, 186]","[20, 40, 75, 75, 205, 120, 205, 149, 205, 186, 205]",30736475.840000004,728.4000000000004,-728.4000000000004,0.0,,,,DWT,mdp.39015067403892,7.450580596923828e-09,,0.0,15.0,11.0,0.0,33.0,,4.547473508864641e-13,168.40000000000003,987.7999999999993,168.39999999999998,,0.0,168.40000000000003,,,28.000000000000085,0.0,15.0,4.547473508864641e-13,4.547473508864641e-13,,0.0,1.4230985900463548e-13,4.457018005239435e-26,0.9615038121778332,0.08170272514684221,0.06353446863030036,0.17696600370076232,0.026847626163012877,,0.9999996647841187,4.4059199552998455e-09,4.4059199552998455e-09,3.67866784340914e-09,,0.0,0.9999999955940747,3.0343893115853844e-13,,,,,,1.5893391424973748e-13,0.0,0.0,6.990806239265741e-13,6.990806239265741e-13,0.799999900979936,0.30073748692510605,708,0.731046336140824,0.37112873171036126,711,0,0.16666663940588014,0.23713383959864806,703,0.0,0.18722209083127048,0.3303104393867438,711,3.774917217635375,0.9960430637131704,708.25,708.2348582981975,0.6268213222129793,497,db,0.573477938514061,0.8443824841957417,0.34525069778143475,3,373.5,9.158964822425551e-14,0.999999999970514,1.1138146728400367e-26,0.948415390850189,0.7424572945520579,0.00016643569073899718,0.14522227899846715,0.0002614934985440938,0.9999999997235274,2.0315811924853655e-05,4.745387416349445e-11,4.745387416349445e-11,3.962102868015904e-11,,0.0,0.0031261328403482946,3.0343893115853844e-13,,,,,0.0,,7.374542113937972e-14,0.0,0.0,5.695370495225942e-13,5.695370495225942e-13,1.0,0.20156916120452664,0.057512244684932025,1814,1.698554608510909,0.785216577751866,749,753.0687219636732,0.6053098941490183,1281.5,1060.2309793211082,0.4668320959214693,1665,0.49117026184683504,0.8233619396015222,0.4091722348267588,4,1249.75,,,,,,,,,,,,,6.149675220681811e-19,0.9999999999715835,1.1138146728400367e-26,0.9625825787710837,0.22952014276289656,0.0013003477576357969,0.10986334731430125,0.9999999999999997,0.0002614934985440938,0.9999999999999541,9.960751159770543e-05,3.8434858594393884e-14,3.8434858594393884e-14,3.2090649582094954e-14,,0.0,0.0,0.004567040150618464,2.821651517786773e-18,,,,,0.13043478260869565,,2.3332883504384434e-21,0.7209302325581395,0.7209302325581395,1.908388337924638e-18,1.908388337924638e-18,1.0,0.3986733618839274,0.12417638082767558,1822,1.8370097288395113,0.891701615017678,468,957.4225817265853,0.5526062702212218,1145.0,744.7126637554584,0.5087797706246295,1756,1009.0473684210526,935.5,610.6543869996938,760,0.4758535102197843,0.8532293215616218,0.41093374637766444,5,1318.25
db21,1.0,antisymmetric,9.688330107300067e-27,317.38490946284963,5728650.378517006,0.524390243902439,99.78869299854496,206,smoothed,6.630295018518702e-14,-2.0254531385433032e-10,6.484929732137464,99084.8944167855,0.9946274140011115,0.00014966566451320276,0.9999999999999999,362.4000000000001,,,,[],[],11,426.59999999999997,32.20000000000002,728.3999999999999,"[9, 31, 53, 64, 80, 102, 131, 148, 158, 175, 192]","[311.0000000000001, 417.79999999999995, 589.6, 432.19999999999993, 728.3999999999999, 371.00000000000034, 586.9999999999999, 32.20000000000002, 448.1999999999999, 367.9999999999999, 407.19999999999993]","[0, 0, 0, 60, 0, 94, 120, 144, 144, 165, 186]","[20, 40, 75, 75, 205, 120, 205, 149, 205, 186, 205]",30736475.839999996,728.3999999999999,-728.3999999999999,0.0,,,,DWT,mdp.39015067403892,0.0,,0.0,15.0,11.0,0.0,33.0,,1.1368683772161603e-13,168.40000000000003,987.7999999999993,168.4,,0.0,168.40000000000003,,,28.00000000000003,0.0,15.0,1.1368683772161603e-13,1.1368683772161603e-13,,1.1368683772161603e-13,9.682137370259037e-14,2.3565974904432213e-26,0.9706507434365018,0.5056990009404972,0.3913788815252718,0.07774554758282357,0.5857568793191413,,0.9999996647345563,4.4059199552998455e-09,4.4059199552998455e-09,3.6786974161203912e-09,,1.2251610931599486e-12,0.9999999955940747,7.585973278963461e-14,,,,,,0.0,0.0,0.0,1.7477015598164352e-13,1.7477015598164352e-13,0.7999999009652858,0.30073748691959873,779,1.2963303580556007,0.6581052634810505,90,0,0.1666666394017349,0.2371338395927502,778,0.0,0.3616044361149046,0.6379680925845119,90,397.5058699776227,0.5833271803169573,434.25,161.34714336211982,0.5640692505358371,702,db,0.573477938514061,0.8443824841957417,0.34525069778143475,3,527.25,6.542708336076647e-14,0.999999999970514,6.0592264314018374e-27,0.9572994600696778,0.8440026572865748,0.0010252610258905824,0.06379974326059085,0.0057052200719500635,0.9999999997235763,2.0315811923854454e-05,4.745387416349445e-11,4.745387416349445e-11,3.962136174706643e-11,,1.2251610931599486e-12,0.0031261328403482946,7.585973278963461e-14,,,,,0.0,,0.0,0.0,0.0,1.4238426238064856e-13,1.4238426238064856e-13,1.0,0.20156916120481752,0.05751224468501502,1768,1.72469562041166,0.7973011794484071,494,900.8540392316615,0.5278542771322529,1131.0,772.2298850574712,0.4675434907673843,1661,0.49117026184683504,0.8233619396015222,0.4091722348267588,4,1246.75,,,,,,,,,,,,,4.393021712672479e-19,0.9999999999715833,6.0592264314018374e-27,0.9690267287935653,0.26091145149237427,0.0015011772571171893,0.04826568898891559,0.9999999999999999,0.0057052200719500635,0.9999999999999541,9.960751159770467e-05,3.8434858594393884e-14,3.8434858594393884e-14,3.209086642252945e-14,,0.0,9.572760819061336e-19,0.004567040150618464,7.054128794466933e-19,,,,,0.13043478260869565,,0.0,0.7209302325581395,0.7209302325581395,4.770970844811595e-19,4.770970844811595e-19,1.0,0.3986733618839274,0.12417638082767558,1826,1.8342107152666876,0.8903429477857303,491,943.987552884041,0.5588843210822239,1158.5,773.9024600776867,0.508764590447654,1757,1009.0473684210526,935.5,610.6543869996938,760,0.4758535102197843,0.8532293215616218,0.41093374637766444,5,1319.0
db13,,,,5.94851205455633,960110.0270447019,0.7038834951456311,158.32206499411515,206,raw,165.53011946671907,,7.342388571286431,123196.58906353099,1.0,2.9938145028295594e-06,-0.07984690592521185,480.2301732056542,,,,[],[],13,1051.6462281504414,364.87674157684785,2043.3195682442692,"[4, 19, 36, 55, 72, 90, 110, 125, 140, 155, 166, 184, 202]","[720.4312491222735, 1306.9378000332017, 1013.7389000247576, 1428.8944877433862, 1469.746574975731, 2043.3195682442692, 683.4282796618835, 393.08729554702444, 1107.6372414173054, 364.87674157684785, 984.7691786287521, 994.5602116415254, 1159.973437338782]","[2, 9, 29, 46, 70, 70, 106, 124, 116, 153, 153, 181, 116]","[9, 70, 46, 70, 84, 116, 116, 128, 196, 159, 196, 196, 205]",75674986.0829896,1867.1130816398186,-1867.1130816398186,0.0,,,,SWT,mdp.39015067403892,37920373.0829896,,0.0,-16.5,19.0,0.0,-21.0,,926.1130816398186,646.8337281504414,717.4009659557396,646.8337281504414,,0.0,646.8337281504414,,,361.87674157684785,0.0,-25.5,1103.3195682442692,926.1130816398186,,153.23017320565418,0.7290272626813021,,0.039694440859321445,0.5401777282171816,0.13726086107258953,0.7428571428571429,0.10371463086228686,,0.5112107202837313,0.47435764583976714,0.47435764583976714,0.47435764583976714,,0.3320181074087527,0.17447571841992895,1.0,,,,,,0.21981375404553333,0.16101694915254236,0.010000000000000009,1.0,1.0,2.1983977250504143,0.739083147085392,9,0.9591644877820058,0.5450663418428814,73,0,0.4480595934077003,0.7454456478099973,5,0.0,0.34156588105331953,0.5918000357556756,68,36.754818278243015,0.65325643133733,38.75,11.781490222966468,0.6438451968007405,51,db,0.9380878725805777,0.8243093411562624,0.09604568684671688,4,39.25,0.7425847956715002,0.013642758549704537,,0.03969444085932139,0.5401777282171817,0.28657589885632806,0.7428571428571429,0.5846738746365746,,0.5214835788244135,0.6294686268983427,0.6294686268983427,0.6293114606684226,,0.3320181074087527,0.17447571841992893,1.0,,,,,0.9166666666666666,,0.47843656784812777,0.16101694915254233,0.008474576271186418,0.9999999999999999,0.9999999999999999,0.0847457627118644,2.5159498565766736,0.8256462351802863,10,1.257953163398336,0.6470184572887193,128,83.43860018001261,0.6064216972640915,69.0,18.55072463768116,0.640474999575442,100,0.9080317387829661,0.7281573716544635,0.1459305713555847,6,76.5,,,0.09822910082341219,0.8,0.08928571428571433,,0.15719753020534938,1.0,False,False,0.0,0.0,0.0014043133587396046,0.018853055100365557,,0.13539144892308697,0.35248026745473043,0.0002475765473338241,0.8136923285076445,0.15719753020534932,0.00765275691851207,,0.0045734423380367675,0.004342620126766229,0.004342620126766229,0.004342620126759913,,0.0,0.0012902424130688695,0.0033160379269773503,0.006845962551011215,,,,,0.4782608695652174,,1.1875472469266377e-05,0.2325581395348837,0.09302325581395343,0.0038865172081939997,0.0038865172081939997,0.16279069767441856,0.26898768377639404,0.083782665841358,2053,0.6550930481452183,0.3179882609478429,2094,28.991378028648448,0.9864526270894166,2073.5,2073.2973233662888,0.5087636967222784,1758,1009.0473684210526,935.5,610.6543869996938,760,0.4758535102197843,0.8532293215616218,0.41093374637766444,5,1319.75
db35,,,,6.1005006913212325,943394.146461476,0.6893203883495146,158.84868044862364,206,raw,161.0511717716944,,7.393044109710938,123196.58906353096,1.0,2.814831271435567e-06,-0.04334221319436016,496.52452959224934,,,,[],[],15,871.5563742915602,94.55167226617738,1691.8213108260625,"[1, 13, 26, 37, 53, 72, 91, 107, 127, 137, 147, 157, 169, 186, 201]","[171.4971579500899, 1115.7791126644531, 145.295745616426, 823.2399759662179, 1317.1569082822095, 1691.8213108260625, 1077.1477593751076, 1418.986002377697, 1078.1795277588246, 710.0428013392041, 493.42047240913803, 1025.7206650224184, 94.55167226617738, 1343.3299699785628, 567.1765325408168]","[0, 2, 25, 30, 2, 66, 87, 87, 112, 135, 146, 146, 168, 146, 193]","[2, 30, 27, 46, 66, 146, 104, 146, 146, 146, 151, 175, 175, 193, 205]",75434552.95405348,1501.4107527905173,-1501.4107527905173,0.0,,,,SWT,mdp.39015067403892,37679939.95405348,,0.0,-20.0,17.0,0.0,-15.5,,560.4107527905173,466.74387429156025,119.3456143734038,466.74387429156036,,0.0,466.74387429156025,,,91.55167226617738,0.0,-15.5,751.8213108260625,560.4107527905173,,169.52452959224934,0.5802595798597614,,0.05676972476246345,0.6106410107056192,0.13110958934008268,0.6571428571428573,0.10371463086228583,,0.08931768279253952,0.11147888515734447,0.11147888515734447,0.11147888515734461,,0.39465461466933466,0.02889299721127836,0.5076771268005904,,,,,,0.2017221311958712,0.1016949152542373,0.21,0.41219365910960143,0.41219365910960143,1.0871466915871737,0.36548973327530826,97,0.9348435468228649,0.5312454315739552,77,0,0.21868556277433923,0.3638315157347316,92,0.0,0.32405017851849227,0.5614521762024013,78,10.03327796219494,0.9053464343189157,86.0,85.13107212091708,0.5470128398009673,81,db,0.9380878725805777,0.8243093411562624,0.09604568684671688,4,61.75,0.6012603810830885,0.011599689045659278,,0.05676972476246345,0.6106410107056193,0.281489233248332,0.6571428571428573,0.5846738746365742,,0.10845744507538528,0.3736711927667343,0.3736711927667343,0.3734055263631065,,0.3946546146693346,0.028892997211278332,0.6084275226919649,,,,,0.75,,0.46634211097248357,0.10169491525423727,0.17796610169491528,0.49159619452665193,0.49159619452665193,0.17796610169491525,1.6781180297086782,0.5506993034043824,93,1.2349872037937686,0.6352060940101376,134,28.991378028648448,0.8632482168459978,113.5,109.79735682819383,0.663935429177716,85,0.9080317387829661,0.7281573716544635,0.1459305713555847,6,65.25,,,0.1287138569563756,0.4000000000000001,0.18750000000000006,,0.1856888330222946,1.0,False,False,0.0,0.0,0.001366315161786187,0.017655764341075523,,0.13579828348321255,0.3578898188683836,0.00024318211251325738,0.751589771343526,0.18568883302229477,0.007652756918512069,,0.0009511783138047352,0.002707990756026864,0.002707990756026864,0.0027079907560205387,,0.0,0.0014274456104797887,0.0005491324262442828,0.004664958990220574,,,,,0.3913043478260869,,1.1800176348177806e-05,0.17829457364341084,0.24806201550387585,0.002351814349194539,0.002351814349194539,0.24806201550387597,0.2557597406618265,0.07966250568317917,2070,0.6442246389449676,0.3127126339958513,2097,19.091883092036785,0.9910785593027865,2083.5,2083.4125269978404,0.5087402142308326,1759,1009.0473684210526,935.5,610.6543869996938,760,0.4758535102197843,0.8532293215616218,0.41093374637766444,5,1320.5
sym8,,,,7.719830034871044,965055.557289866,0.6359223300970874,144.9678431298564,206,raw,147.29750165359323,,7.317778534804016,123196.58906370343,1.0,2.697699766038953e-06,0.33526551862997783,461.27536590995203,,,,[],[],14,915.9886272835644,116.95444691579763,1825.5464670231524,"[9, 31, 42, 53, 66, 80, 101, 128, 138, 151, 164, 174, 191, 203]","[1425.561962431945, 939.036298181151, 855.8856664642867, 1313.4962313050628, 133.20003223629556, 1825.5464670231524, 1108.7042652421783, 495.05798229680084, 1016.7693904017474, 1334.956735051543, 116.95444691579763, 1233.3737779296534, 907.1903758529115, 118.10715063737592]","[8, 11, 36, 36, 65, 75, 93, 124, 124, 124, 162, 162, 186, 202]","[75, 36, 43, 75, 75, 204, 124, 133, 149, 204, 165, 204, 204, 204]",75394169.96465077,1749.2168437993507,-1749.2168437993507,0.0,,,,SWT,mdp.39015067403892,37639556.964650765,,0.0,-25.0,18.0,0.0,-25.0,,808.2168437993507,511.17612728356437,130.1592180300995,511.1761272835644,,0.0,511.17612728356437,,,113.95444691579763,0.0,-25.0,885.5464670231524,808.2168437993507,,134.27536590995203,0.12343316145022137,,0.23869456376586703,0.5059444734409922,0.13908076521989862,0.34285714285714325,0.10371463086833162,,0.12428141985644,0.20100930874634218,0.20100930874634218,0.2010093087463422,,0.2591546633652124,0.031525318521084145,0.694978064226464,,,,,,0.19868347418113907,0.016949152542372864,0.020000000000000018,0.810501189894509,0.810501189894509,1.3818303837590595,0.4645599552480615,60,0.8593423874953392,0.4883402351829645,87,0,0.27916396943852667,0.46445064251521595,67,0.0,0.2712300953646781,0.4699356377160372,103,19.534158116830458,0.8157154894638636,79.25,75.76470662466541,0.5340369900149506,87,sym,0.5948329919317754,0.9644551827563462,0.29428035082085335,3,66.0,0.16729028135588517,0.010262648671681696,,0.238694563765867,0.5059444734409924,0.28808083055801925,0.3428571428571433,0.5846738746393757,,0.14268635111942474,0.4367822235355598,0.4367822235355598,0.4365433265865378,,0.25915466336521237,0.03152531852108412,0.757398647257734,,,,,0.8333333333333333,,0.4643107339904437,0.01694915254237289,0.01694915254237289,0.8360992226719332,0.8360992226719332,0.01694915254237289,1.8665856024194176,0.6125477307311163,66,1.156982013291926,0.5950847290122,147,57.27564927611035,0.7298318430372153,106.5,91.09859154929578,0.6137366762355887,106,0.7190889370932755,0.9859759878661594,0.20084494767485936,5,80.75,,,0.44488592995029275,0.6000000000000001,0.017857142857142905,,0.48118584256505514,1.0,False,False,0.0,0.0,0.0012496326949289667,0.016872224632127102,,0.14013281240066222,0.349852139084485,0.00024887667688472067,0.5238803950750917,0.48118584256505526,0.0076527569185259985,,0.0012513678776628944,0.0031112909097699244,0.0031112909097699244,0.0031112909097636005,,0.0,0.0011306374488974937,0.0005991616072578724,0.005494707177239696,,,,,0.43478260869565216,,1.1787529661452729e-05,0.10077519379844957,0.10077519379844957,0.003391754995854886,0.003391754995854886,0.10077519379844957,0.22237354205960086,0.06926357335314451,2099,0.6696543503426683,0.32505645252156373,2081,12.727922061357855,0.9940523728685243,2090.0,2089.9612440191386,0.5087084294249163,1760,1409.1368421052632,1454.5,398.32527672708756,380,0.6645304607900322,0.5565550872278735,0.3678621512786154,7,1321.75
sym13,1.0,antisymmetric,4.27552083977963e-22,273.1619021923732,6527477.338035898,0.6086956521739131,281.26562581917136,206,raw,1.6201115961195275e-11,,6.4866814026287125,109818.08929138092,0.8568719495864083,5.618943883691006e-06,1.0,327.00000000002217,,,,[],[],13,661.1538461537932,86.99999999999429,939.9999999999184,"[8, 32, 51, 63, 81, 100, 111, 133, 152, 162, 175, 192, 204]","[877.9999999999641, 637.9999999999357, 786.9999999999309, 791.9999999999286, 939.9999999999184, 787.9999999999344, 636.9999999999446, 674.9999999999707, 770.9999999999382, 195.99999999997192, 833.9999999999245, 571.9999999999559, 86.99999999999429]","[0, 13, 39, 39, 76, 99, 107, 107, 107, 161, 99, 187, 203]","[76, 39, 61, 76, 205, 164, 119, 142, 164, 164, 205, 205, 205]",37754612.99999809,940.9999999999479,-940.9999999999479,0.0,,,,DWT,mdp.39015067403892,1.9073486328125e-06,,0.0,33.0,19.0,0.0,28.5,,5.206857167650014e-11,256.3413461537932,4359.000000000688,256.3413461537983,,0.0,256.3413461537932,,,83.99999999999429,0.0,19.5,8.162714948412031e-11,5.206857167650014e-11,,2.2168933355715126e-11,2.045204324341224e-11,3.025633685662893e-22,0.7941065516429929,0.8446077715693587,0.0008907589900980295,0.3866459627329195,0.004216430166379816,,0.47422802460496394,6.654941762117756e-09,6.654941762117756e-09,6.044936984041497e-09,,1.1151174208864043e-09,0.9999999933449837,9.77410795925867e-11,,,,,,1.8878827811681208e-11,1.0,0.0,6.521199217033705e-11,6.521199217033705e-11,0.7422684105023806,0.24267159388634693,693,1.0555581534313794,0.5069881557456563,904,0,0.20618566988891074,0.2463543449571538,693,0.125,0.28381678216031453,0.5155096744695514,915,125.07697629859781,0.8688920583872141,801.25,786.6128326758464,0.5145036811852213,829,sym,0.8243425715244881,0.7368036147090654,0.2019191155201387,6,623.25,2.0452043243412236e-11,0.0001547883299711783,3.025633685662893e-22,0.7941065516429928,0.8446077715693588,0.001923317860560375,0.5390160183066365,0.006572155922202568,,0.9919828214561004,0.985528170444653,0.985528170444653,0.9855281704445984,,2.3890641316619e-10,0.9999999999669634,5.446728814295765e-11,,,,,1.0,,1.8878827811681208e-11,1.0,0.25,6.521199217033705e-11,6.521199217033705e-11,0.0,2.209570200002694,0.6304403968925946,693,1.1180111818974179,0.516839970725128,1833,806.1017305526642,0.5775148162721886,1263.0,1005.7553444180522,0.4577825653687987,1719,0.7763846615972358,0.5622554397616224,0.28785410495344815,6,1290.75,,,,,,,,,,,,,1.3732274987929995e-16,0.036413600438422726,3.025633685662893e-22,0.8506530918345343,0.2610985139909066,0.001711180731899107,0.4077756142900004,1.0,0.006572155922202568,,0.0008499884728390456,0.0007982210227396452,0.0007982210227396452,0.000798221022733353,,0.0,1.8666883597169608e-16,0.020163910573053,5.064864474427258e-16,,,,,0.4782608695652174,,5.973218177122415e-19,1.0,0.7906976744186046,2.1851046469237103e-16,2.1851046469237103e-16,0.9302325581395349,0.5674759776446968,0.17675400427451105,717,1.2184598906785316,0.5914517682161015,1865,811.7585848021565,0.6206735585036651,1291.0,1035.7900852052671,0.508701265233141,1761,1409.1368421052632,1454.5,398.32527672708756,380,0.6645304607900322,0.5565550872278735,0.3678621512786154,7,1322.5
sym19,1.0,periodic,3.817430337376718e-19,243.65408126304558,6747132.263816119,0.6528925619834711,324.5278006018524,206,raw,5.009403981162701e-10,,6.566885842247857,61665.94308049535,0.7492406634377506,5.618943883663749e-06,1.0,327.00000000008595,,,,[],[],13,661.153846155467,87.00000000022482,940.0000000026114,"[8, 32, 51, 63, 81, 100, 111, 133, 152, 162, 175, 192, 204]","[878.0000000023135, 638.000000001423, 787.0000000017461, 792.0000000023359, 940.0000000026114, 788.0000000020118, 637.0000000015009, 675.0000000008179, 771.0000000018094, 196.00000000050403, 834.0000000022467, 572.0000000015243, 87.00000000022482]","[0, 13, 39, 39, 76, 99, 107, 107, 107, 161, 164, 187, 203]","[76, 39, 61, 76, 205, 164, 119, 142, 164, 164, 205, 205, 205]",37754613.00005802,941.0000000017775,-941.0000000017775,0.0,,,,DWT,mdp.39015067403892,5.801767110824585e-05,,0.0,33.0,19.0,0.0,28.5,,1.7774937077774666e-09,256.341346155467,4358.999999978929,256.34134615546685,,0.0,256.341346155467,,,84.00000000022482,0.0,24.0,2.61138666246552e-09,1.7774937077774666e-09,,8.594724931754172e-11,6.329285359211383e-10,2.701466474013405e-19,0.6852160121702147,0.8723143820298909,0.0011379548098863234,0.7181227863046049,0.00031788809806861974,,0.47422802487276217,7.951102882375714e-09,7.951102882375714e-09,7.337004408693207e-09,,4.323224462513444e-09,0.99999999204887,3.126897769138881e-09,,,,,,5.742555944123499e-10,1.0,0.5,2.22617794232144e-09,2.22617794232144e-09,0.7922684153606869,0.259018215541818,229,1.1352320456729654,0.5452557960052943,875,0,0.24785233771979798,0.29613842871795065,229,0.125,0.31905128914937064,0.579507754814792,867,370.6732613322232,0.6114536044735606,550.0,362.6511349735514,0.5174668441655015,813,sym,0.8243425715244881,0.7368036147090654,0.2019191155201387,6,611.25,6.329285359211383e-10,0.00015478832978205181,2.7014664740134054e-19,0.6852160121702146,0.872314382029891,0.0021702582085484025,0.7881470204436715,0.0026828366370730767,,0.991982821460184,0.9855281704634109,0.9855281704634109,0.985528170463297,,9.262217864289212e-10,0.9999999999605294,1.742498062177907e-09,,,,,1.0,,5.742555944123499e-10,1.0,0.5,2.22617794232144e-09,2.22617794232144e-09,0.0,2.2345702023473137,0.6375734634955196,232,1.1647503069424592,0.538446774316305,1785,1098.1368311827082,0.42445658743044645,1008.5,410.6296479920675,0.44794632306532806,1764,0.7763846615972358,0.5622554397616224,0.28785410495344815,6,1324.5,,,,,,,,,,,,,4.2497214579167356e-15,0.03641360043824039,2.7014664740134054e-19,0.7716682308372534,0.2696636196677442,0.001768925775574889,0.5962478377208826,1.0,0.0026828366370730767,,0.0008499884728421346,0.0007982210227548379,0.0007982210227548379,0.0007982210227484977,,0.0,7.237007179210371e-16,0.020163910572952335,1.6203333840890547e-14,,,,,0.4782608695652174,,1.8169316384864157e-17,1.0,0.8604651162790697,7.459412915862928e-15,7.459412915862928e-15,0.9302325581395349,0.5744527218307187,0.17892707859000284,598,1.2492135610986672,0.6063798859886078,1845,881.7621561396247,0.5879616092805492,1221.5,903.2419156774458,0.5085836083785924,1762,1409.1368421052632,1454.5,398.32527672708756,380,0.6645304607900322,0.5565550872278735,0.3678621512786154,7,1323.25
db19,1.0,periodic,8.704245275146204e-27,317.8500875382391,5475200.766433336,0.5371900826446281,107.65609114740776,206,smoothed,6.460420116886737e-14,-2.0064654382423484e-10,6.423896703799961,31747.57115357407,0.9799573905702299,0.0001496656645132029,0.9999999999999997,362.4,,,,[],[],11,426.59999999999997,32.200000000000045,728.3999999999997,"[9, 31, 53, 64, 80, 102, 131, 148, 158, 175, 192]","[311.0000000000002, 417.8, 589.6000000000001, 432.2, 728.3999999999997, 371.0, 587.0, 32.200000000000045, 448.20000000000016, 367.9999999999999, 407.19999999999993]","[0, 0, 0, 60, 0, 94, 120, 144, 144, 165, 186]","[20, 40, 75, 75, 205, 120, 205, 149, 205, 186, 205]",30736475.839999996,728.3999999999997,-728.3999999999997,0.0,,,,DWT,mdp.39015067403892,0.0,,0.0,15.0,11.0,0.0,33.0,,2.2737367544323206e-13,168.40000000000003,987.7999999999993,168.40000000000003,,0.0,168.40000000000003,,,28.000000000000057,0.0,15.0,2.2737367544323206e-13,2.2737367544323206e-13,,0.0,9.308946006153964e-14,2.068595257614448e-26,0.9724181470122899,0.41766471296526986,0.2826097454219252,0.16566742717087102,0.027339671113588596,,0.9999996647593375,4.4059199552998455e-09,4.4059199552998455e-09,3.6787269888316428e-09,,0.0,0.9999999955940747,1.5171946557926922e-13,,,,,,0.0,0.0,0.0,3.4954031196328703e-13,3.4954031196328703e-13,0.7999999009722244,0.3007374869222071,755,1.0107909567147833,0.5131460856095404,202,0,0.1666666394037358,0.23713383959559708,746,0.0,0.26652852909771974,0.4702284605651144,214,313.2723788228597,0.6716222444204825,479.25,325.51081659751907,0.5846318769272223,629,db,0.573477938514061,0.8443824841957417,0.34525069778143475,3,472.5,6.328068450728478e-14,0.9999999999705149,5.362822841934483e-27,0.9590160724790247,0.8229188076966554,0.0007403280330015709,0.1359504132231406,0.0002662859727384885,0.999999999723605,2.0315811924354055e-05,4.745387416349445e-11,4.745387416349445e-11,3.962169481397382e-11,,0.0,0.0031261328403482946,1.5171946557926922e-13,,,,,0.0,,0.0,0.0,0.0,2.847685247612971e-13,2.847685247612971e-13,1.0,0.20156916120430007,0.05751224468486738,1860,1.7417258909112103,0.8051740206587163,318,1090.3586565896562,0.4285331988523814,1089.0,543.1404958677685,0.42888924093562464,1842,0.49117026184683504,0.8233619396015222,0.4091722348267588,4,1382.5,,,,,,,,,,,,,4.2489043795581826e-19,0.9999999999715842,5.362822841934483e-27,0.9702718910748337,0.25439367841185073,0.001434547934476707,0.10284900890182508,0.9999999999999997,0.0002662859727384885,0.9999999999999541,9.960751159770499e-05,3.8434858594393884e-14,3.8434858594393884e-14,3.20911916831812e-14,,0.0,0.0,0.004567040150618464,1.4108257588933865e-18,,,,,0.13043478260869565,,0.0,0.7209302325581395,0.7209302325581395,9.54194168962319e-19,9.54194168962319e-19,1.0,0.3986733618839274,0.12417638082767558,1787,1.8513233657593462,0.8986495875612184,259,1080.4591616530447,0.4951125412836239,1023.0,452.4271749755621,0.5085375790530269,1763,1009.0473684210526,935.5,610.6543869996938,760,0.4758535102197843,0.8532293215616218,0.41093374637766444,5,1323.5
rbio6.8,1.0,smooth,1.834866149132606e-21,266.8357485827367,8847651.431670198,0.6261261261261262,307.12093479485236,206,raw,3.3397159902738033e-11,,6.0812496604928015,176164.74744812242,0.9112299189436878,5.618943883691982e-06,1.0,327.0000000000577,,,,[],[],13,661.1538461537422,86.99999999996697,939.9999999998472,"[8, 32, 51, 63, 81, 100, 111, 133, 152, 162, 175, 192, 204]","[877.9999999999656, 637.9999999998581, 786.9999999998557, 791.9999999998661, 939.9999999998472, 787.9999999998796, 636.9999999998915, 674.9999999999447, 770.9999999998719, 195.99999999993565, 833.9999999998462, 571.9999999999186, 86.99999999996697]","[0, 13, 39, 39, 76, 99, 107, 107, 107, 161, 99, 187, 203]","[76, 39, 61, 76, 205, 164, 119, 142, 164, 164, 205, 205, 205]",37754612.9999965,940.9999999999047,-940.9999999999047,0.0,,,,DWT,mdp.39015067403892,3.5017728805541992e-06,,0.0,33.0,19.0,0.0,28.5,,9.526957001071423e-11,256.34134615374217,4359.0000000013515,256.34134615375166,,0.0,256.34134615374217,,,83.99999999996697,0.0,19.5,1.5279510989785194e-10,9.526957001071423e-11,,5.7696070143720135e-11,4.2179543095340435e-11,1.2984719878837287e-21,0.7707616126523835,0.7045514430040601,0.0035018424205754974,0.5173745173745177,0.00958805445043812,,0.47422802457323493,6.615413381828697e-09,6.615413381828697e-09,6.00879800827619e-09,,2.9021645697428214e-09,0.9999999933845324,1.8295823255214e-10,,,,,,3.466034793550847e-11,1.0,0.0,1.1931801187498349e-10,1.1931801187498349e-10,0.7422684114437428,0.24267159419410875,690,1.0272686390463839,0.4934006061839717,914,0,0.20618567004631755,0.24635434514522628,689,0.125,0.28028963856345074,0.5091031588520233,921,131.6675105458189,0.8619837415662276,803.5,787.3206100397408,0.5098702774917092,847,rbio,0.5136782423812899,1.0,0.3404252303330971,4,636.25,4.2179543095340435e-11,0.00015478832997795067,1.2984719878837287e-21,0.7707616126523834,0.7045514430040603,0.004531702789966096,0.6372688477951639,0.01193107255164605,,0.9919828214556166,0.985528170444081,0.985528170444081,0.9855281704440754,,6.21769254778674e-10,0.9999999999671598,1.0195548086926891e-10,,,,,1.0,,3.466034793550847e-11,1.0,0.25,1.1931801187498349e-10,1.1931801187498349e-10,0.0,2.209570200246856,0.6304403969622594,687,1.0767249451388143,0.4977539564319139,1862,830.8504678941933,0.564543779929668,1274.5,1003.6830129462534,0.4482834203631568,1763,0.3888041033402703,1.0,0.4278371276618108,3,1323.0,,,,,,,,,,,,,2.8320939759260017e-16,0.036413600438429256,1.2984719878837287e-21,0.8337196027537473,0.21780208635388168,0.002321130879369895,0.48210570196769653,1.0,0.011931072551646051,,0.0008499884728386795,0.000798221022739182,0.000798221022739182,0.0007982210227329294,,0.0,4.858176115673629e-16,0.020163910573056075,9.480749099763558e-16,,,,,0.4782608695652174,,1.0966455247060683e-18,1.0,0.7906976744186046,3.998073567952116e-16,3.998073567952116e-16,0.9302325581395349,0.5674759776446983,0.1767540042745115,700,1.21883216020814,0.5916324713095921,1863,822.3651865199548,0.6157172025607688,1281.5,1017.6355833008193,0.5084427134299171,1764,818.67,599.5,715.6978453131971,300,0.38607403914171184,1.0,0.42974817260080167,3,1323.75
db19,1.0,reflect,9.434776426443301e-27,317.5000826099149,5685483.251376232,0.5289256198347108,106.74764939276776,206,smoothed,6.689794349547158e-14,-1.9989558897037844e-10,6.466907070633209,30557.607217298482,0.9824119912047797,0.00014966566451320284,0.9999999999999999,362.4,,,,[],[],11,426.59999999999997,32.200000000000045,728.3999999999997,"[9, 31, 53, 64, 80, 102, 131, 148, 158, 175, 192]","[311.0000000000002, 417.8, 589.6000000000001, 432.2, 728.3999999999997, 371.0, 587.0, 32.200000000000045, 448.20000000000016, 367.9999999999999, 407.1999999999997]","[0, 0, 0, 60, 0, 94, 120, 144, 144, 165, 186]","[20, 40, 75, 75, 205, 120, 205, 149, 205, 186, 205]",30736475.839999992,728.3999999999997,-728.3999999999997,0.0,,,,DWT,mdp.39015067403892,3.725290298461914e-09,,0.0,15.0,11.0,0.0,33.0,,2.2737367544323206e-13,168.40000000000003,987.7999999999993,168.40000000000003,,0.0,168.40000000000003,,,28.000000000000057,0.0,15.0,2.2737367544323206e-13,2.2737367544323206e-13,,0.0,9.812849066316145e-14,2.2823924790024136e-26,0.9710883337760454,0.47970304078312276,0.3728534985563871,0.10889896948410026,0.017471498353544536,,0.9999996647593375,4.4059199552998455e-09,4.4059199552998455e-09,3.6787269888316428e-09,,0.0,0.9999999955940747,1.5171946557926922e-13,,,,,,7.946695712486874e-14,0.0,0.0,3.4954031196328703e-13,3.4954031196328703e-13,0.7999999009722641,0.3007374869222221,753,1.0594794570704695,0.5378636725702725,176,0,0.16666663940374243,0.23713383959560652,745,0.0,0.27857362013618553,0.49147926112878615,189,327.1282877812108,0.6570982308373052,465.75,293.1879265779895,0.584445341833747,630,db,0.573477938514061,0.8443824841957417,0.34525069778143475,3,473.25,6.61788677307677e-14,0.9999999999705145,5.879795057497983e-27,0.9577244750562723,0.837776731837415,0.0009767317003590813,0.0893649412788172,0.00017017084495797499,0.9999999997236163,2.0315811924354055e-05,4.745387416349445e-11,4.745387416349445e-11,3.962169481397382e-11,,0.0,0.0031261328403482946,1.5171946557926922e-13,,,,,0.0,,3.687271056968986e-14,0.0,0.0,2.847685247612971e-13,2.847685247612971e-13,1.0,0.2015691612043185,0.05751224468487264,1859,1.7298254615327813,0.7996726288379966,443,1001.2632021601513,0.47522892968545527,1151.0,715.4969591659427,0.435989726897235,1818,0.49117026184683504,0.8233619396015222,0.4091722348267588,4,1364.5,,,,,,,,,,,,,4.443499357265813e-19,0.9999999999715838,5.879795057497983e-27,0.9693350177395148,0.25898679493851223,0.0014898290588773915,0.0676062354147497,0.9999999999999999,0.00017017084495797499,0.9999999999999541,9.960751159770499e-05,3.8434858594393884e-14,3.8434858594393884e-14,3.20911916831812e-14,,0.0,0.0,0.004567040150618464,1.4108257588933865e-18,,,,,0.13043478260869565,,1.1666441752192217e-21,0.7209302325581395,0.7209302325581395,9.54194168962319e-19,9.54194168962319e-19,1.0,0.3986733618839274,0.12417638082767558,1819,1.8389498851377433,0.8926433849372163,443,972.9789309126894,0.5453369481716405,1131.0,712.4818744473916,0.508416137637222,1765,1009.0473684210526,935.5,610.6543869996938,760,0.4758535102197843,0.8532293215616218,0.41093374637766444,5,1325.0
coif6,1.0,periodization,1.7347953526079623e-26,314.8549162421118,4963487.451979103,0.529126213592233,100.52099549918586,206,smoothed,9.531643112501285e-14,-2.1125956539691562e-10,6.192516076119902,31688.237398435296,0.9838179477243564,0.00014966566451320282,0.9999999999999997,362.4000000000001,,,,[],[],11,426.60000000000014,32.19999999999999,728.4000000000003,"[9, 31, 53, 64, 80, 102, 131, 148, 158, 175, 192]","[310.9999999999999, 417.8000000000003, 589.6000000000001, 432.19999999999993, 728.4000000000003, 370.99999999999994, 587.0000000000002, 32.19999999999999, 448.1999999999999, 368.0000000000001, 407.20000000000033]","[0, 0, 0, 60, 0, 94, 120, 144, 144, 165, 186]","[20, 40, 75, 75, 204, 120, 204, 149, 204, 186, 204]",30736475.84000001,728.4000000000003,-728.4000000000003,0.0,,,,DWT,mdp.39015067403892,1.4901161193847656e-08,,0.0,15.0,11.0,0.0,33.0,,3.410605131648481e-13,168.4000000000002,987.7999999999975,168.4000000000001,,0.0,168.4000000000002,,,28.0,0.0,15.0,3.410605131648481e-13,3.410605131648481e-13,,1.1368683772161603e-13,1.6055992734030267e-13,4.598262614381604e-26,0.9610382545819749,0.08392035578811291,0.06300548290921375,0.11027684467067218,0.026847626163012905,,0.999999664709775,4.406097391567225e-09,4.406097391567225e-09,3.6787861342541454e-09,,1.2251610931599486e-12,0.9999999955939026,2.275791983689038e-13,,,,,,3.1786782849947497e-13,0.0,0.0,5.243104679449306e-13,5.243104679449306e-13,0.7999999009582732,0.30073748691696256,808,0.7049356604313706,0.35787318075403546,791,0,0.16666663939978976,0.23713383958998266,807,0.0,0.17786979487330673,0.3138104581428963,818,11.16542281629615,0.9882962024986414,806.0,805.8833471768116,0.5717162354212284,677,coif,0.5556920286951962,0.9053407607371553,0.33941335169221604,4,508.75,1.0208611987910601e-13,0.9999999999705143,1.1479683152730801e-26,0.9479632123227354,0.7429884079620931,0.00016504995311061757,0.09049565661727149,0.0002614934985440938,0.999999999723445,2.0315811923354854e-05,4.745570603148508e-11,4.745570603148508e-11,3.962224992548613e-11,,1.2251610931599486e-12,0.003126132840347795,2.275791983689038e-13,,,,,0.0,,1.4749084227875944e-13,0.0,0.0,4.2715278714194565e-13,4.2715278714194565e-13,1.0,0.201569161205082,0.05751224468509048,1733,1.676657516278132,0.775093877110047,945,557.2001435749994,0.7079663817741093,1339.0,1223.0657206870799,0.503092205562107,1526,0.4784248188775415,0.776734912893196,0.43208215291776214,2,1145.0,,,,,,,,,,,,,6.854448007693439e-19,0.9999999999715837,1.1479683152730801e-26,0.9622545864743258,0.22968432894113072,0.0013000237138716816,0.06846164253822229,0.9999999999999997,0.0002614934985440938,0.9999999999999541,9.960751159770423e-05,3.843648489765261e-14,3.843648489765261e-14,3.209173378426744e-14,,0.0,9.572760819061336e-19,0.004567040150618456,2.11623863834008e-18,,,,,0.13043478260869565,,4.666576700876887e-21,0.7209302325581395,0.7209302325581395,1.4312912534434783e-18,1.4312912534434783e-18,1.0,0.3986733618839274,0.12417638082767558,1863,1.8203341826182597,0.8836071497226109,698,823.7794000823278,0.615056355101716,1280.5,1015.5204998047637,0.5083459345602037,1766,986.6382352941176,846.0,585.0035688138154,340,0.4652856568234462,0.8173890317607586,0.42908333069536003,4,1325.5
bior3.3,1.0,symmetric,1.9553343995549356e-27,324.3351883350499,5137737.084578821,0.5283018867924528,71.01960158086995,206,smoothed,2.5957661047595174e-14,-2.04415062654562e-10,6.145791909963091,38011.55599635797,0.9926239429595207,0.00014966566451320274,1.0,362.40000000000003,,,,[],[],11,426.59999999999997,32.20000000000002,728.4,"[9, 31, 53, 64, 80, 102, 131, 148, 158, 175, 192]","[311.0, 417.8, 589.6000000000001, 432.20000000000005, 728.4, 371.0000000000001, 587.0, 32.20000000000002, 448.2, 368.0, 407.19999999999993]","[0, 0, 0, 60, 0, 94, 120, 144, 144, 165, 186]","[20, 40, 75, 75, 205, 120, 205, 149, 205, 186, 205]",30736475.839999996,728.4,-728.4,0.0,,,,DWT,mdp.39015067403892,0.0,,0.0,15.0,11.0,0.0,33.0,,0.0,168.40000000000003,987.7999999999993,168.40000000000003,,0.0,168.40000000000003,,,28.00000000000003,0.0,15.0,0.0,0.0,,5.684341886080802e-14,8.188424727635474e-15,9.34592349623133e-28,0.9970577225727523,0.01652522874140916,0.13778556186999802,0.10461455758321175,0.07928585427974232,,0.9999996647345563,4.4059199552998455e-09,4.4059199552998455e-09,3.6787269888316428e-09,,6.125805465799743e-13,0.9999999955940747,0.0,,,,,,0.0,0.0,0.0,0.0,0.0,0.7999999009648806,0.3007374869194464,789,0.7489501935945391,0.38021794477529125,679,0,0.16666663940165086,0.23713383959263062,796,0.0,0.1907527035781603,0.3365393958231967,685,63.908137197073735,0.9330103383678472,737.25,733.0952906808385,0.5801057981147413,651,bior,0.8100315533562081,0.7923003667562746,0.1952878026237719,6,489.75,1.445011059057583e-14,0.9999999999705138,5.868466199758266e-28,0.9829475625741885,0.7268475524564968,0.00036094478569003406,0.08584905660377379,0.0007722371912802426,0.9999999997235481,2.0315811923854454e-05,4.745387416349445e-11,4.745387416349445e-11,3.962169481397382e-11,,6.125805465799743e-13,0.0031261328403482946,0.0,,,,,0.0,,0.0,0.0,0.0,0.0,0.0,1.0,0.20156916120441642,0.05751224468490058,1835,1.688021303564206,0.780347187258782,862,688.0148980945107,0.6394051896779294,1348.5,1172.9847979236188,0.4663220916943106,1668,0.5943810304597339,0.7715092316736338,0.3524805091760961,5,1252.25,,,,,,,,,,,,,9.702350512079218e-20,0.9999999999715831,5.868466199758266e-28,0.9876308409687027,0.22469461237811295,0.001345832168242641,0.06494640345346092,1.0,0.0007722371912802428,0.9999999999999541,9.960751159770467e-05,3.8434858594393884e-14,3.8434858594393884e-14,3.20911916831812e-14,,0.0,4.786380409530668e-19,0.004567040150618464,0.0,,,,,0.13043478260869565,,0.0,0.7209302325581395,0.7209302325581395,0.0,0.0,1.0,0.3986733618839274,0.12417638082767558,1838,1.8318861831037527,0.889214598245002,549,911.4606409494597,0.5740838126404394,1193.5,845.4645999162128,0.5081867661333038,1767,1104.4,1082.5,563.6960149978129,300,0.520820561188399,0.7876173146100969,0.3991404127850916,6,1326.75
db34,,,,6.196703032579508,947933.321103696,0.6844660194174758,150.75685923815806,206,raw,170.66318816538606,,7.3884970853306005,123196.58906353095,1.0,2.7970016630679594e-06,-0.012676311470400076,525.6407351201381,,,,[],[],15,840.9592082085329,40.15823311852097,1629.0571572640758,"[5, 19, 33, 47, 57, 73, 90, 106, 116, 127, 137, 148, 165, 185, 202]","[427.33363444442716, 1195.2158279430398, 727.7630460888859, 132.0063559989115, 1175.66886776588, 1517.8112799201197, 1224.497914620179, 1629.0571572640758, 109.57381936551167, 964.8097254550405, 40.15823311852097, 451.086288474311, 1203.2086976782293, 1346.0589780614114, 470.1382969294507]","[1, 7, 28, 45, 7, 7, 86, 7, 115, 124, 136, 147, 133, 133, 197]","[7, 28, 39, 48, 65, 101, 101, 197, 124, 133, 150, 150, 175, 197, 204]",75578583.34676097,1484.144836444535,-1484.144836444535,0.0,,,,SWT,mdp.39015067403892,37823970.34676097,,0.0,-20.0,17.0,0.0,-6.5,,543.144836444535,436.1467082085329,339.6118768720062,436.14670820853286,,0.0,436.1467082085329,,,37.15823311852097,0.0,-24.5,689.0571572640758,543.144836444535,,198.64073512013806,0.8995214921434449,,0.06757765306616245,0.6043159715616562,0.1327799588145822,0.6285714285714288,0.10371463086228533,,0.004426505958237528,0.04982598539263258,0.04982598539263258,0.04982598539263236,,0.5065790979492344,0.08251171628161635,0.41976707955730735,,,,,,0.21255983711136922,0.1016949152542373,0.030000000000000027,0.3844415385765277,0.3844415385765277,1.053469168189496,0.35416762822799397,100,1.0335945039424732,0.5873628375416597,56,0,0.20160763141048277,0.3354186220123541,96,0.0,0.3701148319664148,0.6412641980398454,56,24.303634844744245,0.7707204259929789,77.0,71.26193001060446,0.5221526658266782,91,db,0.9380878725805777,0.8243093411562624,0.09604568684671688,4,69.25,0.9045487162787975,0.011396166465129087,,0.06757765306616242,0.6043159715616562,0.2828705103773657,0.6285714285714288,0.5846738746365739,,0.025350421632248148,0.3302113508709767,0.3302113508709767,0.32992725034813625,,0.5065790979492344,0.08251171628161633,0.5385076452025921,,,,,0.75,,0.47358724137980646,0.10169491525423727,0.02542372881355931,0.467592908567543,0.467592908567543,0.33050847457627114,1.6711536852723772,0.5484138505567034,94,1.3280706417168422,0.6830828386747927,109,10.606601717798213,0.9499688598217065,101.5,100.94581280788177,0.7355976374580231,50,0.9080317387829661,0.7281573716544635,0.1459305713555847,6,39.0,,,0.15432268874534366,0.4000000000000001,0.34821428571428575,,0.209623057003137,1.0,False,False,0.0,0.0,0.0014478609437234688,0.017536494925868097,,0.13605579245244814,0.35740423796391396,0.000244375415313256,0.7308889189554866,0.209623057003137,0.007652756918512067,,0.00022232472178964626,0.0024302681344076657,0.0024302681344076657,0.0024302681344013366,,0.0,0.0016726124891290263,0.0015681951797516247,0.004275515118111031,,,,,0.3913043478260869,,1.184528215342904e-05,0.17829457364341084,0.10852713178294571,0.002279356371519631,0.002279356371519631,0.3875968992248062,0.269653054838714,0.08398991161778992,2052,0.6454189820728142,0.31329237926299197,2096,31.11269837220809,0.9854613559008374,2074.0,2073.7666345226617,0.5081512386980822,1768,1009.0473684210526,935.5,610.6543869996938,760,0.4758535102197843,0.8532293215616218,0.41093374637766444,5,1327.25
bior3.3,1.0,antisymmetric,1.9556397959490683e-27,324.3345100796465,5138041.056860218,0.5283018867924528,70.135050772362,206,smoothed,2.5938259091825024e-14,-2.04415062654562e-10,6.144725542797502,37931.76265725125,0.9926764924429153,0.00014966566451320274,1.0,362.40000000000003,,,,[],[],11,426.59999999999997,32.20000000000002,728.4,"[9, 31, 53, 64, 80, 102, 131, 148, 158, 175, 192]","[311.0, 417.8, 589.6000000000001, 432.20000000000005, 728.4, 371.0000000000001, 587.0, 32.20000000000002, 448.2, 368.0, 407.19999999999993]","[0, 0, 0, 60, 0, 94, 120, 144, 144, 165, 186]","[20, 40, 75, 75, 204, 120, 204, 149, 204, 186, 204]",30736475.839999996,728.4,-728.4,0.0,,,,DWT,mdp.39015067403892,0.0,,0.0,15.0,11.0,0.0,33.0,,0.0,168.40000000000003,987.7999999999993,168.40000000000003,,0.0,168.40000000000003,,,28.00000000000003,0.0,15.0,0.0,0.0,,5.684341886080802e-14,8.145801348486399e-15,9.354861226042253e-28,0.99705514560043,0.014987096410442213,0.1379160130558374,0.10461455758321175,0.07862414140643426,,0.9999996647345563,4.4059199552998455e-09,4.4059199552998455e-09,3.6787269888316428e-09,,6.125805465799743e-13,0.9999999955940747,0.0,,,,,,0.0,0.0,0.0,0.0,0.0,0.7999999009648806,0.3007374869194464,785,0.7479801216892585,0.3797254704435339,682,0,0.16666663940165086,0.23713383959263062,792,0.0,0.19045670772233772,0.33601717902303546,690,59.33731260064502,0.9378015591188207,737.25,733.6672866260487,0.582501408490228,639,bior,0.8100315533562081,0.7923003667562746,0.1952878026237719,6,480.75,1.4425595882858402e-14,0.9999999999705138,5.870627386864654e-28,0.9829450596582004,0.7264791760947248,0.00036128651725230213,0.08584905660377379,0.000765792166561023,0.9999999997235481,2.0315811923854454e-05,4.745387416349445e-11,4.745387416349445e-11,3.962169481397382e-11,,6.125805465799743e-13,0.0031261328403482946,0.0,,,,,0.0,,0.0,0.0,0.0,0.0,0.0,1.0,0.20156916120441642,0.05751224468490058,1836,1.6878332064896207,0.7802602327738035,865,686.6006845321376,0.6401463917546448,1350.5,1175.964457608293,0.4661685837179933,1669,0.5943810304597339,0.7715092316736338,0.3524805091760961,5,1253.0,,,,,,,,,,,,,9.685890410581387e-20,0.9999999999715831,5.870627386864654e-28,0.9876290254531184,0.22458073405034273,0.0013459120794606714,0.06494640345346092,1.0,0.0007657921665610232,0.9999999999999541,9.960751159770467e-05,3.8434858594393884e-14,3.8434858594393884e-14,3.20911916831812e-14,,0.0,4.786380409530668e-19,0.004567040150618464,0.0,,,,,0.13043478260869565,,0.0,0.7209302325581395,0.7209302325581395,0.0,0.0,1.0,0.3986733618839274,0.12417638082767558,1839,1.831825616576238,0.8891851986889991,553,909.3393206059001,0.5750750838290186,1196.0,850.306856187291,0.5080982895780607,1769,1104.4,1082.5,563.6960149978129,300,0.520820561188399,0.7876173146100969,0.3991404127850916,6,1328.25
db14,1.0,periodization,8.07849704998979e-27,318.1740930352187,4965325.111570333,0.5339805825242718,101.77842729679288,206,smoothed,6.206002291207347e-14,-2.072063853830746e-10,6.190224234940235,31688.237398435293,0.9842187543216262,0.00014966566451320282,0.9999999999999997,362.40000000000003,,,,[],[],11,426.59999999999997,32.20000000000002,728.3999999999999,"[9, 31, 53, 64, 80, 102, 131, 148, 158, 175, 192]","[310.9999999999999, 417.79999999999995, 589.6000000000001, 432.19999999999993, 728.3999999999999, 371.0000000000001, 586.9999999999998, 32.20000000000002, 448.2000000000004, 368.0, 407.19999999999993]","[0, 0, 0, 60, 0, 94, 120, 144, 144, 165, 186]","[20, 40, 75, 75, 205, 120, 205, 149, 205, 186, 205]",30736475.840000004,728.3999999999999,-728.3999999999999,0.0,,,,DWT,mdp.39015067403892,7.450580596923828e-09,,0.0,15.0,11.0,0.0,33.0,,1.1368683772161603e-13,168.40000000000003,987.7999999999993,168.40000000000003,,0.0,168.40000000000003,,,28.00000000000003,0.0,15.0,1.1368683772161603e-13,1.1368683772161603e-13,,5.684341886080802e-14,8.750025680044577e-14,1.8854638037546737e-26,0.9736491776739504,0.08061459476166388,0.06379412347783373,0.14362142418571724,0.026847626163012877,,0.9999996647345563,4.4059199552998455e-09,4.4059199552998455e-09,3.6787269888316428e-09,,6.125805465799743e-13,0.9999999955940747,7.585973278963461e-14,,,,,,1.5893391424973748e-13,0.0,0.0,1.7477015598164352e-13,1.7477015598164352e-13,0.799999900965068,0.30073748691951685,781,0.7245814858636372,0.3678467349812134,726,0,0.16666663940169957,0.23713383959269993,781,0.0,0.1840752780374665,0.3247586099419697,759,25.99198594438935,0.9727547317144766,761.75,761.0707751564756,0.5871373239285171,626,db,0.573477938514061,0.8443824841957417,0.34525069778143475,3,470.25,6.006607114122884e-14,0.9999999999705143,4.920001963222251e-27,0.9602117261141321,0.7421966918039358,0.00016711588583363823,0.11785896780786931,0.0002614934985440938,0.9999999997235062,2.0315811923854454e-05,4.745387416349445e-11,4.745387416349445e-11,3.962169481397382e-11,,6.125805465799743e-13,0.0031261328403482946,7.585973278963461e-14,,,,,0.0,,7.374542113937972e-14,0.0,0.0,1.4238426238064856e-13,1.4238426238064856e-13,1.0,0.20156916120454818,0.05751224468493817,1812,1.6945571239165043,0.783368599972932,803,713.4707422172264,0.6260635522970511,1307.5,1112.838240917782,0.47039550780471007,1654,0.49117026184683504,0.8233619396015222,0.4091722348267588,4,1241.5,,,,,,,,,,,,,4.033063085868495e-19,0.9999999999715837,4.920001963222251e-27,0.9711391706073542,0.22943958111929458,0.0013005068158689617,0.08916249492626177,0.9999999999999997,0.0002614934985440938,0.9999999999999541,9.960751159770467e-05,3.8434858594393884e-14,3.8434858594393884e-14,3.20911916831812e-14,,0.0,4.786380409530668e-19,0.004567040150618464,7.054128794466933e-19,,,,,0.13043478260869565,,2.3332883504384434e-21,0.7209302325581395,0.7209302325581395,4.770970844811595e-19,4.770970844811595e-19,1.0,0.3986733618839274,0.12417638082767558,1830,1.8338231416933732,0.8901548159670268,500,940.4520189781082,0.560536439729856,1165.0,785.4077253218884,0.508071958182685,1770,1009.0473684210526,935.5,610.6543869996938,760,0.4758535102197843,0.8532293215616218,0.41093374637766444,5,1328.75
db23,,,,6.804866512862466,952805.2853156249,0.6553398058252428,152.14802952518497,206,raw,163.9993855424293,,7.368931309206399,123196.58906353099,1.0,2.8495629421952286e-06,0.140570260411868,497.4253253164444,,,,[],[],14,955.9331634689378,222.1248218735252,1858.6877238141342,"[11, 25, 44, 63, 82, 97, 109, 119, 134, 147, 157, 174, 186, 196]","[906.8971345053125, 1081.6121777786889, 811.3942626132149, 1529.5456510068925, 1858.6877238141342, 1222.0524915271562, 329.71572084687455, 900.1892028066566, 436.6701918784929, 1167.0029141309828, 222.1248218735252, 1223.2680402968965, 607.9244812856349, 1085.9794742006666]","[0, 16, 38, 16, 16, 88, 108, 110, 133, 124, 156, 124, 181, 188]","[16, 57, 57, 76, 204, 204, 110, 124, 135, 166, 166, 204, 188, 204]",75491098.33449176,1633.506886610564,-1633.506886610564,0.0,,,,SWT,mdp.39015067403892,37736485.33449176,,0.0,-20.5,18.0,0.0,-16.0,,692.5068866105639,551.1206634689378,429.06428856512866,551.1206634689378,,0.0,551.1206634689378,,,219.1248218735252,0.0,-20.5,918.6877238141342,692.5068866105639,,170.4253253164444,0.6781841284366505,,0.13590226144736253,0.5770994251972383,0.1345727914200446,0.45714285714285746,0.10371463086228686,,0.28841954089030675,0.28149704015591304,0.28149704015591304,0.2814970401559129,,0.3981173287882711,0.10428683371599051,0.741397067508642,,,,,,0.20597694292380014,0.09322033898305085,0.11000000000000001,0.6245164663251026,0.6245164663251026,1.6106051910183974,0.5414721547997636,31,0.9780947340826158,0.5558238711641748,65,0,0.3209009022999624,0.5338892069656934,44,0.0,0.3384162403482429,0.5863429406964917,71,18.553975315279473,0.8249624970256654,52.75,47.362803759764795,0.6636604937958516,48,db,0.9380878725805777,0.8243093411562624,0.09604568684671688,4,37.0,0.6942854873359332,0.011996146394210594,,0.1359022614473625,0.5770994251972384,0.28435305583327636,0.45714285714285746,0.5846738746365746,,0.30337478991088834,0.49351895603245177,0.49351895603245177,0.4933041247874209,,0.39811732878827105,0.10428683371599048,0.7943183296426922,,,,,0.8333333333333333,,0.4691865012952889,0.09322033898305085,0.09322033898305085,0.6752378391772194,0.6752378391772194,0.1694915254237288,2.0740403866356623,0.6806270929292719,31,1.2725705586822,0.6545368012313469,122,64.34671708797582,0.6964777495850197,76.5,49.43790849673203,0.667814346490623,84,0.9080317387829661,0.7281573716544635,0.1459305713555847,6,64.5,,,0.2822975879312598,0.6000000000000001,0.1785714285714286,,0.3292294461692732,1.0,False,False,0.0,0.0,0.0013913270206309786,0.01788809844372511,,0.1376836899535484,0.35531479078432004,0.0002456562051029929,0.6066838046272496,0.3292294461692733,0.00765275691851207,,0.002660615146500394,0.0034738572101476106,0.0034738572101476106,0.0034738572101412884,,0.0,0.001435030571225788,0.0019820471239114534,0.005700344609416805,,,,,0.43478260869565216,,1.1817884589264711e-05,0.1705426356589147,0.1705426356589147,0.0029061677077697897,0.0029061677077697897,0.24031007751937983,0.26573532932468036,0.08276964203892957,2055,0.6436006681921613,0.31240975278664146,2098,30.405591591021544,0.9857917796303638,2076.5,2076.277389838671,0.5077323384133128,1771,1009.0473684210526,935.5,610.6543869996938,760,0.4758535102197843,0.8532293215616218,0.41093374637766444,5,1329.5
bior5.5,1.0,constant,6.87185071564756e-20,251.10105530559082,5778860.577208143,0.6481481481481481,314.5666498424986,206,raw,2.0580441342491494e-10,,6.425825169074969,62205.6601626677,0.7103912230630774,5.618943883679154e-06,1.0,327.00000000002444,,,,[],[],13,661.1538461545026,87.00000000006413,940.0000000010599,"[8, 32, 51, 63, 81, 100, 111, 133, 152, 162, 175, 192, 204]","[878.0000000006963, 638.0000000005965, 787.0000000006744, 792.0000000010037, 940.0000000010599, 788.0000000008607, 637.000000000589, 675.0000000002702, 771.0000000008934, 196.00000000019367, 834.0000000009228, 572.0000000007108, 87.00000000006413]","[0, 13, 39, 39, 76, 99, 107, 107, 107, 161, 164, 187, 203]","[76, 39, 61, 76, 205, 164, 119, 142, 164, 164, 205, 205, 205]",37754613.00002336,941.000000000768,-941.000000000768,0.0,,,,DWT,mdp.39015067403892,2.33575701713562e-05,,0.0,33.0,19.0,0.0,28.5,,7.679545888095163e-10,256.3413461545026,4358.999999991465,256.3413461545027,,0.0,256.3413461545026,,,84.00000000006413,0.0,24.0,1.0599023880786262e-09,7.679545888095163e-10,,2.4442670110147446e-11,2.6001909899021634e-10,4.8629765136884386e-20,0.7126970322995789,0.8235849957083793,4.8278753232165565e-05,0.6825396825396826,0.00036158521056325253,,0.4742280246861024,7.204289408005799e-09,7.204289408005799e-09,6.590367006828242e-09,,1.2294884384132148e-09,0.9999999927956361,1.2691366086931558e-09,,,,,,2.3119189527195542e-10,1.0,0.5,9.618056923812812e-10,9.618056923812812e-10,0.7922684118529633,0.2590182143950295,248,1.1125953637886572,0.5343833210370332,881,0,0.2478523369278427,0.29613842777170823,247,0.125,0.3107830821102079,0.5644898242795988,877,364.6005805444272,0.6178190979618163,563.25,386.24333731516833,0.513705146465185,833,bior,0.672619891330026,0.76736776154697,0.2989557476048908,5,626.0,2.600190989902163e-10,0.0001547883298890218,4.8629765136884386e-20,0.7126970322995788,0.8235849957083794,0.00108170830970767,0.7614035087719297,0.002726430375283902,,0.9919828214573376,0.9855281704526031,0.9855281704526031,0.9855281704524917,,2.63409635029389e-10,0.9999999999642364,7.072402887977635e-10,,,,,1.0,,2.3119189527195542e-10,1.0,0.5,9.618056923812812e-10,9.618056923812812e-10,0.0,2.2345702008122723,0.6375734630575376,248,1.1456499836246488,0.5296169784213626,1816,1108.7434329005066,0.41889757185508036,1032.0,436.4031007751938,0.43900853435521314,1808,0.5943810304597339,0.7715092316736338,0.3524805091760961,5,1357.25,,,,,,,,,,,,,1.7458665263665411e-15,0.03641360043834344,4.8629765136884386e-20,0.7916018684653776,0.25459962098751104,0.0015143770071619044,0.5760158751634872,1.0,0.002726430375283902,,0.0008499884728399815,0.0007982210227460843,0.0007982210227460843,0.0007982210227397462,,0.0,2.0581435760981875e-16,0.020163910573010337,6.5765642750815214e-15,,,,,0.4782608695652174,,7.31485897862452e-18,1.0,0.8604651162790697,3.222790805670232e-15,3.222790805670232e-15,0.9302325581395349,0.5744527218307324,0.1789270785900071,582,1.245439122423575,0.6045477383360796,1846,893.7829714197961,0.5823444058785999,1214.0,884.9851729818781,0.5075273431262158,1772,1104.4,1082.5,563.6960149978129,300,0.520820561188399,0.7876173146100969,0.3991404127850916,6,1330.5
rbio3.9,,,,7.3420725351032505,2023498.4412249536,0.6601941747572816,213.05617809253107,206,raw,151.5088180922676,,7.591682168384107,129551.82731995451,1.0,1.827320901460251e-06,0.317069759741516,422.81650991171267,,,,[],[],15,993.2746585522754,128.17023601117936,1714.206926696606,"[9, 31, 42, 53, 64, 80, 99, 110, 123, 134, 151, 161, 174, 193, 203]","[1520.203286337427, 1101.7787073194054, 884.0332144578747, 1374.3910404021722, 1118.5313310744564, 1714.206926696606, 1240.6871457168725, 937.7821557153053, 128.17023601117936, 1056.3763795841655, 1188.6263010560808, 448.0491443247148, 1120.6917421142475, 838.7748522649532, 226.81741520866802]","[8, 11, 41, 41, 60, 8, 98, 108, 120, 124, 124, 159, 162, 186, 202]","[75, 41, 43, 75, 75, 124, 124, 124, 124, 150, 186, 162, 186, 204, 204]",78127584.1616465,1619.9090864735772,-1619.9090864735772,0.0,,,,SWT,mdp.39015067403892,40372971.1616465,,0.0,-24.5,17.0,0.0,-24.5,,678.9090864735772,588.4621585522754,1945.1198782841311,588.4621585522754,,0.0,588.4621585522754,,,125.17023601117936,0.0,-24.5,774.2069266966059,678.9090864735772,,95.81650991171267,0.26331150584477464,,0.19625509794544785,0.8869521521240844,0.5285768351401637,0.485714285714286,0.3264925634811959,,0.14178576505600823,0.35673967691483044,0.35673967691483044,0.3567396769148304,,0.1113164575586214,0.4733354471443614,0.5390313383539402,,,,,,0.40436186368916816,0.025423728813559338,0.030000000000000027,0.6026602392460161,0.6026602392460161,1.5395876035501004,0.5175966287989907,42,1.4012700668714144,0.7963025727211045,31,0,0.29517198827585983,0.49108350150969404,61,0.0,0.4452847496929921,0.7715042555688797,31,14.150971698084906,0.866500266999199,41.25,38.1974269568354,0.7386746618014863,34,rbio,0.4644956314535345,0.6222068689729192,0.48819099729065013,2,26.0,0.3001701162785686,0.0003273910425919402,,0.19625509794544782,0.8869521521240846,0.6101664657678969,0.48571428571428604,0.68790605799811,,0.15982280841812327,0.5465583606645454,0.5465583606645454,0.5463660268485271,,0.1113164575586214,0.4733354471443614,0.6333653164861048,,,,,0.75,,0.6018090907065886,0.02542372881355931,0.02542372881355931,0.6563340127852391,0.6563340127852391,0.02542372881355931,2.0224079195660796,0.6636831335981127,39,1.6127035000893595,0.8294815427571869,41,1.4142135623730951,0.9933291813095608,40.0,39.975,0.902324968013271,10,0.6261605206073753,0.9968249595590992,0.26264014770710753,4,8.5,,,0.42969080760099093,0.4000000000000001,0.0267857142857143,,0.4669843567369838,1.0,False,False,0.0,0.0,0.0012853603797259268,0.01104991064480454,,0.13912165255658893,0.3791025593607621,0.0005271305350399746,0.627384657015289,0.4669843567369839,0.008166078808756558,,0.0014016556384213509,0.0038127963746958466,0.0038127963746958466,0.003812796374689527,,0.0,0.0008068027489233669,0.008996084435862698,0.004803858990131691,,,,,0.3913043478260869,,1.264354932593451e-05,0.10852713178294571,0.10852713178294571,0.002849103311127852,0.002849103311127852,0.10852713178294571,0.21223394145893681,0.06610535154550046,2101,0.7180024548136252,0.3485250722914932,2068,23.33452377915607,0.989096016925628,2084.5,2084.3693931398416,0.5075152981824402,1773,818.67,599.5,715.6978453131971,300,0.38607403914171184,1.0,0.42974817260080167,3,1330.5
bior5.5,1.0,zero,6.870692872483e-20,251.10178711320015,5779159.757936352,0.6481481481481481,314.5666498424986,206,raw,2.0580068824940704e-10,,6.424557171847798,62602.043903088575,0.7122716588148588,5.6189438836791524e-06,1.0,327.00000000002444,,,,[],[],13,661.1538461545018,87.00000000006413,940.0000000010599,"[8, 32, 51, 63, 81, 100, 111, 133, 152, 162, 175, 192, 204]","[878.0000000006842, 638.0000000005965, 787.0000000006744, 792.0000000010037, 940.0000000010599, 788.0000000008607, 637.000000000589, 675.0000000002702, 771.0000000008934, 196.00000000019367, 834.0000000009228, 572.0000000007108, 87.00000000006413]","[0, 13, 39, 39, 76, 99, 107, 107, 107, 161, 164, 187, 203]","[76, 39, 61, 76, 205, 164, 119, 142, 164, 164, 205, 205, 205]",37754613.00002338,941.000000000768,-941.000000000768,0.0,,,,DWT,mdp.39015067403892,2.3379921913146973e-05,,0.0,33.0,19.0,0.0,28.5,,7.679545888095163e-10,256.3413461545018,4358.999999991476,256.34134615450176,,0.0,256.3413461545018,,,84.00000000006413,0.0,24.0,1.0599023880786262e-09,7.679545888095163e-10,,2.4442670110147446e-11,2.6001439216633456e-10,4.862157147197366e-20,0.7126997328353304,0.8231469662750328,4.861544600202644e-05,0.6825396825396826,0.0003936776261423526,,0.4742280246861024,7.203673152633809e-09,7.203673152633809e-09,6.589662714974107e-09,,1.2294884384132148e-09,0.9999999927962862,1.2691366086931558e-09,,,,,,2.3141313153537356e-10,1.0,0.5,9.618056923812812e-10,9.618056923812812e-10,0.7922684118528178,0.2590182143949819,249,1.11239097470605,0.5342851522684925,882,0,0.24785233692775388,0.2961384277716021,249,0.125,0.31072552499745776,0.5643852806080394,878,364.31167974688924,0.6181219289864892,564.5,388.1660768422451,0.5132014257091775,837,bior,0.672619891330026,0.76736776154697,0.2989557476048908,5,629.0,2.6001439216633456e-10,0.0001547883298890218,4.862157147197366e-20,0.7126997328353304,0.8231469662750328,0.0010820446545124717,0.7614035087719297,0.0027584468698172685,,0.9919828214573376,0.9855281704525942,0.9855281704525942,0.9855281704524815,,2.63409635029389e-10,0.9999999999642396,7.072402887977635e-10,,,,,1.0,,2.3141313153537356e-10,1.0,0.5,9.618056923812812e-10,9.618056923812812e-10,0.0,2.2345702008123762,0.6375734630575672,246,1.1454455639996408,0.5295224782636581,1817,1110.8647532440662,0.4177857687400073,1031.5,433.3320407174018,0.43858366005134536,1810,0.5943810304597339,0.7715092316736338,0.3524805091760961,5,1358.75,,,,,,,,,,,,,1.745834922971665e-15,0.036413600438343435,4.862157147197366e-20,0.7916038273264686,0.2544642104005133,0.001514455658729385,0.5760158751634872,1.0,0.0027584468698172685,,0.0008499884728399815,0.0007982210227460772,0.0007982210227460772,0.0007982210227397378,,0.0,2.0581435760981875e-16,0.020163910573010386,6.5765642750815214e-15,,,,,0.4782608695652174,,7.321858843675837e-18,1.0,0.8604651162790697,3.222790805670232e-15,3.222790805670232e-15,0.9302325581395349,0.5744527218307325,0.17892707859000712,580,1.2453854383703278,0.6045216795971248,1847,895.9042917633557,0.5813531346900207,1213.5,882.7853316852081,0.5071485299618328,1774,1104.4,1082.5,563.6960149978129,300,0.520820561188399,0.7876173146100969,0.3991404127850916,6,1332.0
sym6,,,,7.622649175014951,965742.564349361,0.6601941747572816,153.19216763198742,206,raw,147.1268540937063,,7.315901711829967,123196.58906379795,1.0,2.664134839000794e-06,0.3144130000892136,468.9004110588069,,,,[],[],15,908.2535758520178,107.12092777780674,1812.7651002665223,"[9, 31, 42, 53, 66, 80, 99, 110, 128, 138, 151, 164, 174, 191, 203]","[1435.083354461866, 964.1742782253116, 854.2448864243902, 1308.0346469807744, 158.39689846246108, 1812.7651002665223, 1104.406311475246, 780.7739131728702, 494.8210288726829, 993.8142514864893, 1339.9764646920546, 107.12092777780674, 1240.951611315639, 905.2381227392466, 124.00184142690955]","[8, 11, 36, 36, 65, 75, 93, 106, 124, 124, 124, 162, 162, 186, 202]","[75, 36, 43, 75, 75, 204, 124, 124, 133, 149, 204, 165, 204, 204, 204]",75307445.3973082,1736.6772111934022,-1736.6772111934022,0.0,,,,SWT,mdp.39015067403892,37552832.3973082,,0.0,-24.5,17.0,0.0,-24.5,,795.6772111934022,503.4410758520178,669.8036377802673,503.441075852018,,0.0,503.4410758520178,,,104.12092777780674,0.0,-24.5,872.7651002665223,795.6772111934022,,141.90041105880692,0.11776512427003083,,0.22777670301446754,0.50333375975569,0.13933357673551477,0.485714285714286,0.10371463087164474,,0.10893436651457304,0.1854232786777415,0.1854232786777415,0.18542327867774186,,0.2884658054868752,0.16288925148219024,0.6770759578226966,,,,,,0.19215780040604707,0.025423728813559338,0.030000000000000027,0.790345793068338,0.790345793068338,1.3468935013290777,0.4528144641017262,66,0.9000896621208883,0.5114957712804008,83,0,0.2699129364654372,0.4490595151540362,73,0.0,0.28644432153424204,0.4962959391705532,93,11.786291472158096,0.8888085710173764,78.75,77.4427981752389,0.5729420213577447,72,sym,0.5948329919317754,0.9644551827563462,0.29428035082085335,3,54.75,0.16190583211823256,0.009879509545725196,,0.2277767030144675,0.5033337597556901,0.2882898877575239,0.48571428571428604,0.5846738746409109,,0.1276618459891078,0.42579545072926894,0.42579545072926894,0.4255518935819852,,0.2884658054868752,0.16288925148219024,0.7431600803839257,,,,,0.75,,0.4599482464063712,0.02542372881355931,0.02542372881355931,0.8186664735938461,0.8186664735938461,0.02542372881355931,1.8863091651515327,0.6190203101712609,59,1.198133032291781,0.6162504366107379,142,58.68986283848344,0.7231610243467762,100.5,83.363184079602,0.6245522102865957,103,0.7190889370932755,0.9859759878661594,0.20084494767485936,5,78.5,,,0.4274721703780596,0.4000000000000001,0.0267857142857143,,0.46491080021306824,1.0,False,False,0.0,0.0,0.001248184966571387,0.016647695347087155,,0.1398726841883583,0.3496517114375145,0.0002490572840462273,0.627384657015289,0.4649108002130683,0.007652756918533633,,0.0011196020643923323,0.0030410818336712034,0.0030410818336712034,0.0030410818336648812,,0.0,0.0011948425362298272,0.0030958286958410242,0.0054154003647031695,,,,,0.3913043478260869,,1.176037024480797e-05,0.10852713178294571,0.10852713178294571,0.0033391312948472768,0.0033391312948472768,0.10852713178294571,0.20920001461468127,0.06516036226044943,2103,0.7042220446266493,0.34183593296554354,2071,22.627416997969522,0.9894264406551544,2087.0,2086.8773358888357,0.5070963978976706,1775,1409.1368421052632,1454.5,398.32527672708756,380,0.6645304607900322,0.5565550872278735,0.3678621512786154,7,1333.0
rbio3.7,,,,7.3075338768140154,2031028.8723299787,0.6699029126213593,221.01286426331052,206,raw,151.3620697671068,,7.596101201275566,129755.88496545186,1.0,1.8463053361717985e-06,0.3118298368493412,433.1846454349858,,,,[],[],15,986.8358472362127,107.58683192135683,1706.5686391796357,"[9, 31, 42, 53, 64, 80, 99, 110, 123, 134, 151, 161, 174, 185, 197]","[1543.7285593350982, 1114.699288357278, 874.9015285538986, 1359.1300994888052, 1100.6085111972684, 1706.5686391796357, 1241.3464977584727, 933.4752953693478, 107.58683192135683, 1037.1165025257121, 1237.181801092766, 466.06916764721063, 1128.36469659423, 113.87958163679176, 837.880707885319]","[8, 11, 41, 41, 60, 8, 98, 108, 116, 124, 124, 159, 162, 180, 186]","[75, 41, 43, 75, 75, 124, 124, 124, 124, 150, 186, 162, 186, 186, 204]",78211655.91159141,1608.5682313580542,-1608.5682313580542,0.0,,,,SWT,mdp.39015067403892,40457042.91159141,,0.0,-24.5,17.0,0.0,-24.5,,667.5682313580542,582.0233472362127,1848.53770854319,582.0233472362128,,0.0,582.0233472362127,,,104.58683192135683,0.0,-24.5,766.5686391796357,667.5682313580542,,106.18464543498578,0.25843727873192684,,0.19237482499560526,0.8930991514975215,0.5313479561564514,0.542857142857143,0.3336456454845391,,0.10966149742700862,0.34376555416124277,0.34376555416124277,0.34376555416124294,,0.1511722076462072,0.4498247552762589,0.5283328396350582,,,,,,0.41068792365870954,0.025423728813559338,0.030000000000000027,0.5844316800541747,0.5844316800541747,1.5169684988415069,0.5099922727255701,45,1.425906744936035,0.8103029075530332,30,0,0.28880324595563966,0.480487698374392,65,0.0,0.453868141801682,0.7863759158798073,28,17.107503227141788,0.8386084601213039,42.0,37.50429307384087,0.7211910225134821,36,rbio,0.4644956314535345,0.6222068689729192,0.48819099729065013,2,27.5,0.2955397605438455,0.0005440958104554472,,0.19237482499560526,0.8930991514975217,0.6124579863805623,0.5428571428571431,0.6912206963210735,,0.12837369482946448,0.5374127515243603,0.5374127515243603,0.5372165384662232,,0.1511722076462072,0.4498247552762589,0.6248561899049949,,,,,0.75,,0.6060381341777102,0.02542372881355931,0.02542372881355931,0.6405678186890845,0.6405678186890845,0.02542372881355931,2.004466983406965,0.6577955494888101,42,1.6358176302977936,0.8413701164371722,39,2.1213203435596424,0.9899937719643414,40.5,40.44444444444444,0.8994780180576424,11,0.6261605206073753,0.9968249595590992,0.26264014770710753,4,9.25,,,0.425314992888586,0.4000000000000001,0.0267857142857143,,0.4628946844595283,1.0,False,False,0.0,0.0,0.0012841154060978044,0.011176905157494088,,0.1390292014355612,0.37957447193673044,0.0005291102087099937,0.6687863617913681,0.4628946844595284,0.008182560843273463,,0.001125845021518823,0.003754352937354105,0.003754352937354105,0.003754352937347785,,0.0,0.0008941054512352594,0.008549246637284527,0.004756464353255771,,,,,0.3913043478260869,,1.2669877963306533e-05,0.10852713178294571,0.10852713178294571,0.0028015103881512417,0.0028015103881512417,0.10852713178294571,0.21187611030881542,0.06599389645113572,2102,0.7331530609408023,0.35587931747594037,2063,27.577164466275352,0.9871134745484694,2082.5,2082.317406962785,0.5069913167134871,1776,818.67,599.5,715.6978453131971,300,0.38607403914171184,1.0,0.42974817260080167,3,1332.75
bior6.8,1.0,antisymmetric,1.823718412652805e-21,266.8622146399791,6283115.671570089,0.6171171171171171,283.9262732449776,206,raw,3.310014182917142e-11,,6.4101134247484595,92441.59146851549,0.8510622876968812,5.618943883691971e-06,1.0,327.00000000005787,,,,[],[],13,661.1538461537423,86.99999999998872,939.9999999998471,"[8, 32, 51, 63, 81, 100, 111, 133, 152, 162, 175, 192, 204]","[877.9999999999468, 637.9999999998583, 786.9999999998557, 791.9999999998657, 939.9999999998471, 787.9999999998794, 636.9999999998915, 674.9999999999445, 770.9999999998718, 195.99999999993548, 833.9999999998461, 571.9999999999187, 86.99999999998872]","[0, 13, 39, 39, 76, 99, 107, 107, 107, 161, 99, 187, 203]","[76, 39, 61, 76, 205, 164, 119, 142, 164, 164, 205, 205, 205]",37754612.999996506,940.9999999999046,-940.9999999999046,0.0,,,,DWT,mdp.39015067403892,3.4943222999572754e-06,,0.0,33.0,19.0,0.0,28.5,,9.538325684843585e-11,256.3413461537423,4359.00000000135,256.34134615375183,,0.0,256.3413461537423,,,83.99999999998872,0.0,19.5,1.5290879673557356e-10,9.538325684843585e-11,,5.786660040030256e-11,4.1804255606463526e-11,1.2905831113912639e-21,0.7708592783952298,0.8181573762177724,0.0006157586355542448,0.44980694980694996,0.0028095768256029842,,0.47422802459849267,6.615501418310409e-09,6.615501418310409e-09,6.00893006299884e-09,,2.9107423960573323e-09,0.999999993384424,1.830943621894556e-10,,,,,,3.458660251436909e-11,1.0,0.0,1.1946039613736414e-10,1.1946039613736414e-10,0.7422684114557355,0.24267159419802956,676,1.0529487451293638,0.5057348481014249,905,0,0.2061856700491828,0.24635434514864976,676,0.125,0.28549984856041627,0.51856670656407,910,133.67217361889496,0.8598824175902569,791.75,774.8254025692058,0.5149778964261557,826,bior,0.672619891330026,0.76736776154697,0.2989557476048908,5,620.75,4.180425560646352e-11,0.00015478832997795067,1.2905831113912639e-21,0.7708592783952297,0.8181573762177725,0.001648601713232187,0.5864864864864867,0.0051686307751717805,,0.9919828214560018,0.9855281704440824,0.9855281704440824,0.9855281704440773,,6.236069964184139e-10,0.9999999999671593,1.0203134060205854e-10,,,,,1.0,,3.4586602514369084e-11,1.0,0.25,1.1946039613736414e-10,1.1946039613736414e-10,0.0,2.209570200247949,0.6304403969625714,675,1.1091270394188384,0.5127329635566003,1843,825.9007204258875,0.5671379871981722,1259.0,988.1056393963463,0.4536423688611406,1739,0.5943810304597339,0.7715092316736338,0.3524805091760961,5,1305.5,,,,,,,,,,,,,2.8068957552130296e-16,0.03641360043842918,1.2905831113912639e-21,0.8337904455942757,0.25292174939881806,0.0016469405376369774,0.4436879038421457,1.0,0.00516863077517178,,0.000849988472838971,0.0007982210227391829,0.0007982210227391829,0.0007982210227329309,,0.0,4.872535256902221e-16,0.020163910573056065,9.487803228558024e-16,,,,,0.4782608695652174,,1.09431223635563e-18,1.0,0.7906976744186046,4.002844538796928e-16,4.002844538796928e-16,0.9302325581395349,0.5674759776446984,0.17675400427451152,693,1.218025306303249,0.5912408169167058,1867,830.1433611130068,0.6120825415359781,1280.0,1010.80546875,0.5069758502072415,1777,1104.4,1082.5,563.6960149978129,300,0.520820561188399,0.7876173146100969,0.3991404127850916,6,1334.25
bior3.7,,,,12.185071089288822,18359.797624723135,0.6019417475728155,18.13656768851813,206,smoothed,143.41338389479964,,7.136474923520435,94138.71733704364,1.0,6.860929530320575e-05,0.9559248488981996,492.0570250323585,,,,[],[],12,638.699563253885,79.75529200535536,1129.9596919489027,"[8, 27, 52, 64, 80, 101, 111, 130, 146, 158, 175, 192]","[672.6380704762182, 454.2891415609844, 886.1841457610641, 750.18539738863, 1129.9596919489027, 572.5758145488992, 314.3404525862701, 887.9752527620814, 79.75529200535536, 710.4911572073223, 559.2944985671867, 646.7058442337066]","[0, 19, 0, 59, 0, 93, 106, 123, 143, 148, 165, 186]","[39, 39, 74, 74, 204, 123, 123, 204, 148, 204, 186, 204]",62993687.555289164,1075.961299612091,-1075.961299612091,0.0,,,,SWT,mdp.39015067403892,32257211.715289168,,0.0,-11.5,10.0,0.0,6.5,,347.5612996120909,380.49956325388507,1983.9947590466218,380.4995632538851,,0.0,380.49956325388507,,,75.55529200535537,0.0,-7.0,401.5596919489027,347.5612996120909,,129.65702503235855,0.43540594917685604,,0.8456585360914448,2.497760873343413e-05,0.0,0.0,0.765372735411691,,0.13365027986338165,0.7503968658684383,0.7503968658684383,0.7500802939423015,,0.15166150979298038,0.7489165057734317,0.8830371094320639,,,,,,0.8145568499737055,0.11,0.1919191919191919,0.5998221234863204,0.5998221234863204,2.578564047735306,0.8277674774342612,7,1.479175669047639,0.5638593161655712,52,0,0.49695064796043836,0.819323292286106,16,0.0,0.43848992961140765,0.5804222203842201,44,21.639085008382402,0.795857688600166,29.75,16.17369351173946,0.7575986556208377,29,bior,0.37456811101670917,0.7330437326379493,0.5178892024969188,1,22.0,0.04473455938045014,0.7626346432778316,,0.7403456103377619,0.25374603719125943,0.0,0.1428571428571428,0.1126683539729268,,0.08401678513232394,0.2511708242053117,0.2511708242053117,0.2508531975022644,,0.24140147722837269,0.48279863631755626,0.2182326727457525,,,,,0.16666666666666669,,0.19356375832917555,0.24576271186440674,0.3220338983050848,0.19569030754657243,0.19569030754657243,0.5508474576271186,1.1310537038516606,0.3711720366488087,126,1.3017413766874446,0.6695405853250372,115,7.7781745930520225,0.9633104972025848,120.5,120.24896265560167,0.6974571353937452,69,0.5170065075921908,0.6634325577032603,0.4390656773744883,2,52.25,,,0.9656000808991139,0.5,0.47,0.49585715770342165,0.9656000808991134,1.0,False,False,0.0,0.0,0.0012166808764130122,0.4577813737858669,,0.15208511632873745,0.3304905601293784,0.0,0.3789744283588147,0.9656000808991135,0.005305710114083293,,0.0007368322567243984,0.0019251732854111384,0.0019251732854111384,0.0019251732854048073,,0.0,0.0010917496818629725,0.009175939228796975,0.0024916286198498378,,,,,0.08695652173913043,,1.010194780578389e-05,0.31007751937984496,0.37984496124031003,0.0014585723910225605,0.0014585723910225605,0.5891472868217054,0.23052615845146102,0.07180290127070005,2091,0.9341478540094202,0.4534440602074083,1998,65.76093065034893,0.9692705931540425,2044.5,2043.4424064563464,0.5069483806891708,1778,1104.4,1082.5,563.6960149978129,300,0.520820561188399,0.7876173146100969,0.3991404127850916,6,1335.0
sym19,1.0,periodization,3.8175344126296423e-19,243.6539628622159,6004472.877300571,0.6553398058252428,319.6014053924715,206,raw,5.00945104378782e-10,,6.287748112370915,63117.30860604145,0.7664390672851886,5.6189438836637475e-06,0.9999999999999999,327.0000000000859,,,,[],[],13,661.1538461554669,87.00000000022492,940.0000000026113,"[8, 32, 51, 63, 81, 100, 111, 133, 152, 162, 175, 192, 204]","[878.0000000023133, 638.0000000014231, 787.000000001746, 792.0000000023359, 940.0000000026113, 788.0000000020119, 637.0000000015008, 675.0000000008175, 771.0000000018094, 196.00000000050392, 834.0000000022467, 572.0000000015241, 87.00000000022492]","[0, 13, 39, 39, 76, 99, 107, 107, 107, 161, 164, 187, 203]","[76, 39, 61, 76, 205, 164, 119, 142, 164, 164, 205, 205, 205]",37754613.000058025,941.0000000017775,-941.0000000017775,0.0,,,,DWT,mdp.39015067403892,5.8025121688842773e-05,,0.0,33.0,19.0,0.0,28.5,,1.7774937077774666e-09,256.3413461554669,4358.999999978931,256.3413461554668,,0.0,256.3413461554669,,,84.00000000022492,0.0,24.0,2.6112729756277986e-09,1.7774937077774666e-09,,8.589040589868091e-11,6.329344823654704e-10,2.701540124553829e-19,0.6852155752443485,0.7758862992047653,0.00030217889809607944,0.7364771151178922,0.00043539500073205535,,0.47422802487287774,7.951014845894e-09,7.951014845894e-09,7.336960390452324e-09,,4.320365187075274e-09,0.9999999920489784,3.1267616395015653e-09,,,,,,5.743293398334892e-10,1.0,0.5,2.22617794232144e-09,2.22617794232144e-09,0.7922684153592489,0.25901821554134785,230,1.0939885884353697,0.5254464238229185,891,0,0.24785233771955484,0.2961384287176601,230,0.125,0.3077952234426813,0.5590628370615293,885,379.90437393287976,0.6017773858145914,559.0,365.3658683991841,0.5079117537039414,855,sym,0.8243425715244881,0.7368036147090654,0.2019191155201387,6,642.75,6.329344823654704e-10,0.00015478832978205181,2.7015401245538293e-19,0.6852155752443485,0.7758862992047653,0.0013353460539891149,0.8019417475728158,0.002800065553590248,,0.9919828214601858,0.9855281704634096,0.9855281704634096,0.9855281704632963,,9.256092058823412e-10,0.9999999999605299,1.7424222024451173e-09,,,,,1.0,,5.743293398334892e-10,1.0,0.5,2.22617794232144e-09,2.22617794232144e-09,0.0,2.234570202347006,0.6375734634954319,233,1.1216833297153637,0.5185375501424505,1830,1129.2495295549163,0.40815014174270636,1031.5,413.36888027144937,0.4337658465526949,1826,0.7763846615972358,0.5622554397616224,0.28785410495344815,6,1371.0,,,,,,,,,,,,,4.249761384591932e-15,0.036413600438240386,2.7015401245538293e-19,0.7716679139086298,0.23985424544679573,0.0015736881838922013,0.6066838046272496,0.9999999999999999,0.002800065553590248,,0.0008499884728421359,0.000798221022754837,0.000798221022754837,0.0007982210227484972,,0.0,7.232220798800841e-16,0.020163910572952342,1.62026284280111e-14,,,,,0.4782608695652174,,1.8171649673214595e-17,1.0,0.8604651162790697,7.459412915862928e-15,7.459412915862928e-15,0.9302325581395349,0.5744527218307187,0.17892707859000284,599,1.2384323433643312,0.6011465825854528,1851,885.2976900455575,0.586309490632917,1225.0,905.1012244897959,0.5069397920454305,1779,1409.1368421052632,1454.5,398.32527672708756,380,0.6645304607900322,0.5565550872278735,0.3678621512786154,7,1336.0
sym3,,,,11.92483027960699,36985.97425207493,0.7087378640776699,30.64804234036196,206,smoothed,142.7679141511592,,7.194689896487735,90447.61084399608,1.0,6.914527172775025e-05,0.896176742633668,497.6085576162128,,,,[],[],10,663.5318158342022,436.2049623190523,1024.4064452401328,"[10, 29, 54, 66, 81, 102, 131, 158, 177, 200]","[650.5172726945835, 436.2049623190523, 875.4760114800891, 559.6141032866424, 1024.4064452401328, 529.4109270266108, 847.8181484523056, 654.4557472016559, 479.56064050738, 577.8539001335696]","[1, 21, 1, 61, 1, 95, 122, 147, 166, 187]","[41, 41, 76, 76, 205, 122, 205, 205, 187, 205]",60990182.0112807,1001.0834023505838,-1001.0834023505838,0.0,,,,SWT,mdp.39015067403892,30253706.171280704,,0.0,-17.0,12.0,0.0,1.0,,272.68340235058383,405.3318158342023,954.9181583420232,405.33181583420213,,0.0,405.3318158342023,,,432.0049623190523,0.0,-3.5,296.00644524013285,272.68340235058383,,135.20855761621283,0.23717644778883643,,0.8113443046928113,0.16723736933529634,0.03323625067303558,0.8148148148148149,0.358076037435721,,1.0,0.8557736342849056,0.8557736342849056,0.8555907118286101,,0.2103940530152755,0.28679873432996533,0.4072422317877141,,,,,,0.39044543194101305,0.0,0.2626262626262626,0.28075072871180434,0.28075072871180434,2.3281445374038587,0.747378112450505,16,1.6475951770178046,0.628060553773909,27,0,0.46974307676815075,0.7744661281072028,25,0.0,0.48121304507087986,0.6369741360888611,29,5.737304826019502,0.9458744827734009,24.25,22.985890684916427,0.8585504489338702,16,sym,0.6803648884317847,1.0,0.22374457809775072,3,12.75,0.024368026912154797,0.7687527420480097,,0.7111086502393935,0.33472470631280027,0.005667971339415129,0.7714285714285716,0.052711359927565204,,0.6286315690337988,0.2864422532039194,0.2864422532039194,0.2861395873865674,,0.262741909629987,0.23229377674838658,0.1006453293397128,,,,,0.3333333333333333,,0.09278184233721742,0.15254237288135591,0.3813559322033898,0.09159414815547447,0.09159414815547447,0.45762711864406774,1.1054143747089245,0.3627581107814419,135,1.5320408050527656,0.7879933109041531,61,52.32590180780452,0.7531797084537523,98.0,84.03061224489795,0.6454577787551781,97,0.7190889370932755,0.9859759878661594,0.20084494767485936,5,74.0,,,0.9189676821312944,1.0,0.36,0.508851453695229,0.918967682131294,1.0,False,False,0.0,0.0,0.0012112048833636704,0.461366735472023,,0.15138851849361523,0.33670739049197274,4.896632201799268e-06,0.834393180895684,0.9189676821312941,0.0050075740433876284,,0.0055131366539418695,0.0021505692671370856,0.0021505692671370856,0.002150569267130754,,0.0,0.0011384951931899694,0.004414912177318049,0.0018366836747005432,,,,,0.17391304347826086,,9.474512656930675e-06,0.22480620155038766,0.4341085271317829,0.0011443405310158467,0.0011443405310158467,0.5038759689922481,0.24397885638591416,0.0759930667083264,2081,1.1013100115930188,0.5345861268753398,1936,102.5304832720494,0.9520885592186685,2008.5,2005.8829972616377,0.5067685786747549,1780,1409.1368421052632,1454.5,398.32527672708756,380,0.6645304607900322,0.5565550872278735,0.3678621512786154,7,1336.75
bior4.4,1.0,antisymmetric,3.992849135055433e-20,253.45896345638567,5912727.168001024,0.6355140186915887,300.68707890058374,206,raw,1.553527274460216e-10,,6.375053543164961,68725.56718371621,0.7837200236028685,5.6189438836991035e-06,1.0,327.00000000023704,,,,[],[],13,661.1538461533385,86.99999999994066,939.9999999992373,"[8, 32, 51, 63, 81, 100, 111, 133, 152, 162, 175, 192, 204]","[877.9999999996733, 637.9999999993772, 786.9999999993615, 791.9999999993106, 939.9999999992373, 787.9999999993793, 636.9999999994692, 674.9999999997368, 770.9999999993579, 195.99999999973352, 833.9999999992729, 571.9999999995513, 86.99999999994066]","[0, 13, 39, 39, 76, 99, 107, 107, 107, 161, 99, 187, 203]","[76, 39, 61, 76, 205, 164, 119, 142, 164, 164, 205, 205, 205]",37754612.99998239,940.9999999994956,-940.9999999994956,0.0,,,,DWT,mdp.39015067403892,1.761317253112793e-05,,0.0,33.0,19.0,0.0,28.5,,5.044284989708103e-10,256.34134615333846,4359.000000006599,256.34134615338627,,0.0,256.34134615333846,,,83.99999999994066,0.0,19.5,7.627249942743219e-10,5.044284989708103e-10,,2.370370566495694e-10,1.962725184765597e-10,2.825604359076195e-20,0.7213982471802795,0.8060459458974676,0.00019892987810801,0.587783711615487,0.0008894564230262384,,0.4742280245426615,6.302795835266446e-09,6.302795835266446e-09,5.725848755877416e-09,,1.1923178577170013e-08,0.9999999936971297,9.132937367502286e-10,,,,,,1.7433417557349364e-10,1.0,0.0,6.317589721829378e-10,6.317589721829378e-10,0.7422684164689022,0.24267159583699616,622,1.0714306534702425,0.514611771266617,895,0,0.2061856709037963,0.24635434616975732,622,0.125,0.29608089874152016,0.5377855620978693,898,158.4873812011543,0.8338706696004672,759.25,734.4384070613141,0.5190055654082,803,bior,0.672619891330026,0.76736776154697,0.2989557476048908,5,603.5,1.9627251847655967e-10,0.0001547883300274111,2.825604359076195e-20,0.7213982471802793,0.8060459458974677,0.0012322037397415983,0.6901869158878502,0.0032530528025202306,,0.9919828214551505,0.9855281704395569,0.9855281704395569,0.9855281704399805,,2.554460879238493e-09,0.9999999999687116,5.089429472856586e-10,,,,,1.0,,1.7433417557349364e-10,1.0,0.25,6.317589721829378e-10,6.317589721829378e-10,0.0,2.209570201688202,0.6304403973735081,612,1.1139004471608105,0.5149396390868333,1839,867.6200205158938,0.5452725259350661,1225.5,918.3745410036719,0.4514884642253947,1751,0.5943810304597339,0.7715092316736338,0.3524805091760961,5,1314.5,,,,,,,,,,,,,1.3178478864999735e-15,0.03641360043847689,2.825604359076195e-20,0.797913383232291,0.24917767248479653,0.0015495691709825213,0.5221392018835739,1.0,0.0032530528025202306,,0.000849988472838327,0.0007982210227355176,0.0007982210227355176,0.0007982210227296128,,0.0,1.995920630774289e-15,0.020163910573080354,4.732615008207866e-15,,,,,0.4782608695652174,,5.5158936604364795e-18,1.0,0.7906976744186046,2.1168797638429046e-15,2.1168797638429046e-15,0.9302325581395349,0.5674759776447105,0.1767540042745153,642,1.2251926327732454,0.5947199038743413,1859,860.5489527040284,0.5978743211663419,1250.5,954.4006397441025,0.5067642633869093,1781,1104.4,1082.5,563.6960149978129,300,0.520820561188399,0.7876173146100969,0.3991404127850916,6,1337.25
db25,1.0,reflect,1.0321092288834068e-26,317.11014212815945,5825955.019362767,0.5236220472440944,106.29325764423974,206,smoothed,7.157597060894068e-14,-2.0693509128477717e-10,6.537536472449455,29928.974352241818,0.9829741776219186,0.00014966566451320276,0.9999999999999999,362.4000000000001,,,,[],[],11,426.6,32.20000000000002,728.3999999999999,"[9, 31, 53, 64, 80, 102, 131, 148, 158, 175, 192]","[311.0, 417.79999999999984, 589.6, 432.1999999999997, 728.3999999999999, 371.0, 587.0000000000002, 32.20000000000002, 448.2000000000002, 368.00000000000006, 407.20000000000016]","[0, 0, 0, 60, 0, 94, 120, 144, 144, 165, 186]","[20, 40, 75, 75, 205, 120, 205, 149, 205, 186, 205]",30736475.84,728.3999999999999,-728.3999999999999,0.0,,,,DWT,mdp.39015067403892,3.725290298461914e-09,,0.0,15.0,11.0,0.0,33.0,,1.1368683772161603e-13,168.4000000000001,987.7999999999984,168.40000000000003,,0.0,168.4000000000001,,,28.00000000000003,0.0,15.0,1.1368683772161603e-13,1.1368683772161603e-13,,1.1368683772161603e-13,1.0840546096910065e-13,2.5417816485330643e-26,0.9696067888833243,0.5815791768422082,0.433137642316533,0.07246881750400669,0.012258350689224103,,0.9999996647345563,4.4059791007223055e-09,4.4059791007223055e-09,3.6787269888316428e-09,,1.2251610931599486e-12,0.9999999955939887,7.585973278963461e-14,,,,,,7.946695712486874e-14,0.0,0.0,1.7477015598164352e-13,1.7477015598164352e-13,0.7999999009653269,0.3007374869196142,777,1.1230133501866901,0.5701177883590457,150,0,0.1666666394017467,0.237133839592767,776,0.0,0.29557868231934353,0.5214807931946788,163,357.99674113972975,0.6247413614887529,466.5,260.12373833357805,0.5678738253984645,692,db,0.573477938514061,0.8443824841957417,0.34525069778143475,3,519.75,7.208963614708154e-14,0.999999999970514,6.507010850083514e-27,0.9562855064003922,0.8621756470654945,0.0011346527993095152,0.05946953999171156,0.0001193952488999458,0.9999999997235102,2.0315811923854454e-05,4.745454029730922e-11,4.745454029730922e-11,3.962169481397382e-11,,1.2251610931599486e-12,0.0031261328403480726,7.585973278963461e-14,,,,,0.0,,3.687271056968986e-14,0.0,0.0,1.4238426238064856e-13,1.4238426238064856e-13,1.0,0.20156916120483634,0.05751224468502039,1764,1.7292620277494621,0.7994121617650448,451,928.4312036979369,0.5134008366363014,1107.5,718.3422121896162,0.4664750514418404,1667,0.49117026184683504,0.8233619396015222,0.4091722348267588,4,1251.25,,,,,,,,,,,,,4.840370693380057e-19,0.9999999999715833,6.507010850083514e-27,0.9682912471804338,0.2665293735453899,0.0015267576565347594,0.04498980990926399,0.9999999999999999,0.00011939524889994536,0.9999999999999541,9.960751159770467e-05,3.8435400695480126e-14,3.8435400695480126e-14,3.20911916831812e-14,,0.0,9.572760819061336e-19,0.00456704015061846,7.054128794466933e-19,,,,,0.13043478260869565,,1.1666441752192217e-21,0.7209302325581395,0.7209302325581395,4.770970844811595e-19,4.770970844811595e-19,1.0,0.3986733618839274,0.12417638082767558,1837,1.8330464959639445,0.889777824903585,511,937.623591853362,0.5618581346479616,1174.0,799.5800681431004,0.50663000190342,1782,1009.0473684210526,935.5,610.6543869996938,760,0.4758535102197843,0.8532293215616218,0.41093374637766444,5,1337.75
sym4,,,,7.474471115472326,968703.1701532233,0.6796116504854369,156.05206317974725,206,raw,146.68935340772455,,7.312997481486014,123196.589063645,1.0,2.603981167630765e-06,0.2789420758574104,468.8344135160045,,,,[],[],15,909.0963427350955,99.48071307288356,1773.8891299305985,"[9, 31, 42, 53, 66, 80, 99, 110, 128, 138, 151, 164, 174, 191, 203]","[1444.4377791866311, 995.6507287591128, 859.5165618499398, 1301.3504461984558, 192.01312790814563, 1773.8891299305985, 1107.2597577203437, 751.8288660027183, 490.34247925001455, 1005.7556096234348, 1336.6055883490717, 99.48071307288356, 1247.4521161205923, 889.6237248933512, 141.23851216113877]","[8, 17, 36, 36, 65, 75, 93, 106, 124, 124, 124, 162, 162, 186, 202]","[75, 36, 43, 75, 75, 204, 124, 124, 133, 141, 204, 165, 204, 204, 204]",75051761.06587294,1705.7931294253265,-1705.7931294253265,0.0,,,,SWT,mdp.39015067403892,37297148.06587294,,0.0,-24.5,17.0,0.0,-24.5,,764.7931294253265,504.2838427350955,682.4451410264319,504.2838427350955,,0.0,504.2838427350955,,,96.48071307288356,0.0,-24.5,833.8891299305985,764.7931294253265,,141.83441351600447,0.10323359416115324,,0.2111295214306185,0.4992938934448734,0.1404230491507861,0.6000000000000002,0.10371463086628353,,0.09701037664132722,0.18712144320796026,0.18712144320796026,0.18712144320796018,,0.28821210687670323,0.16596653260320243,0.622624679586557,,,,,,0.1729185861040793,0.025423728813559338,0.030000000000000027,0.740704711610163,0.740704711610163,1.2895547648473973,0.4335376547574077,75,0.9181323969356534,0.5217489526560654,79,0,0.25811436518369,0.4294299976930598,78,0.0,0.29366362778788546,0.508804172387121,89,6.075908711186061,0.9426801064982447,80.25,79.92322725345062,0.5928023174000658,65,sym,0.5948329919317754,0.9644551827563462,0.29428035082085335,3,49.5,0.14810135558972104,0.009192863480754265,,0.21112952143061847,0.4992938934448735,0.28919080420319726,0.6000000000000002,0.5846738746384266,,0.11598846198283082,0.426992506541371,0.426992506541371,0.42674945714258716,,0.28821210687670323,0.16596653260320243,0.6998518713361648,,,,,0.75,,0.44708661151435425,0.02542372881355931,0.02542372881355931,0.7757310491768197,0.7757310491768197,0.02542372881355931,1.8400373520238118,0.6038355288831907,72,1.2168684118345803,0.6258868338321996,136,45.254833995939045,0.7865338019059479,104.0,94.15384615384615,0.6479838820850494,95,0.7190889370932755,0.9859759878661594,0.20084494767485936,5,72.5,,,0.3978507054614827,0.4000000000000001,0.0267857142857143,,0.43722633643915143,1.0,False,False,0.0,0.0,0.001244473327506779,0.016245303266511933,,0.13947604956515625,0.3493415660150921,0.0002498355971700672,0.710188066567447,0.43722633643915154,0.00765275691852128,,0.0010172257848499917,0.0030487314123134567,0.0030487314123134567,0.003048731412307132,,0.0,0.0011942868178154928,0.003154314661691515,0.00517417973859076,,,,,0.3913043478260869,,1.1680297925051593e-05,0.10852713178294571,0.10852713178294571,0.003209523455771768,0.003209523455771768,0.10852713178294571,0.20903265799046836,0.0651082350257526,2104,0.7257551274934784,0.3522882917458048,2067,26.16295090390226,0.9877743220075224,2085.5,2085.3358906736994,0.5066208058635743,1783,1409.1368421052632,1454.5,398.32527672708756,380,0.6645304607900322,0.5565550872278735,0.3678621512786154,7,1339.0
bior3.9,,,,12.184862088896919,18359.797624723135,0.6019417475728155,18.13656768851813,206,smoothed,143.35430839974813,,7.136466227569123,94126.66489560812,1.0,7.08906785293482e-05,0.9558168411847078,493.31853024502806,,,,[],[],12,637.8431793934651,82.60736344468123,1119.6825418283654,"[8, 27, 52, 64, 80, 101, 111, 130, 146, 158, 175, 192]","[670.2015947464123, 449.1387184484023, 881.7689341620849, 753.9475105942388, 1119.6825418283654, 567.9292179654243, 318.67790142900293, 888.3567253040876, 82.60736344468123, 715.4659343739771, 559.6073169275415, 646.7343934973635]","[0, 19, 0, 59, 0, 93, 106, 123, 143, 148, 165, 186]","[39, 39, 74, 74, 204, 123, 123, 204, 148, 204, 186, 204]",62988721.94941772,1072.0439327917384,-1072.0439327917384,0.0,,,,SWT,mdp.39015067403892,32252246.10941772,,0.0,-11.5,10.0,0.0,6.5,,343.6439327917384,379.6431793934652,1973.7181527215826,379.6431793934652,,0.0,379.6431793934652,,,78.40736344468124,0.0,-7.0,391.2825418283654,343.6439327917384,,130.91853024502808,0.4172633390178381,,0.845630978200663,0.0,0.0,0.0,0.7640428036937954,,0.14058222986657587,0.7467627628629543,0.7467627628629543,0.7464415818000282,,0.1650076278800374,0.7443016866145107,0.8367115293423766,,,,,,0.8135057073133676,0.11,0.1919191919191919,0.5831293511072027,0.5831293511072027,2.5513717364277,0.8190382349101233,9,1.4897312336636612,0.5678830799217476,49,0,0.4918835855117602,0.8109692186880356,18,0.0,0.4429525339857367,0.586329299577441,43,19.276496915501358,0.8181462555141381,29.75,19.017675817976684,0.7687429390778238,28,bior,0.37456811101670917,0.7330437326379493,0.5178892024969188,1,21.25,0.04287054793777395,0.788676325842562,,0.7403221300230254,0.25373394087774953,0.0,0.1428571428571428,0.11247257848914097,,0.08837442773929577,0.2499544270045078,0.2499544270045078,0.249636284349031,,0.24625078078709695,0.48029703456843575,0.20678382755965144,,,,,0.16666666666666669,,0.1933139745063746,0.24576271186440674,0.3220338983050848,0.1902443367616203,0.1902443367616203,0.5508474576271186,1.1244122324536696,0.3689925393740618,127,1.3088625121985626,0.6732032861684457,113,9.899494936611665,0.9533042691669261,120.0,119.59166666666667,0.6936332666589348,70,0.5170065075921908,0.6634325577032603,0.4390656773744883,2,53.0,,,0.9655157826831461,0.5,0.47,0.551167368290451,0.9655157826831458,1.0,False,False,0.0,0.0,0.0012161796956783987,0.4730424629604549,,0.15208455688834543,0.33048963148076116,0.0,0.3789744283588147,0.9655157826831459,0.005304736620758556,,0.0007750490443703009,0.0019174001089613064,0.0019174001089613064,0.0019174001089549747,,0.0,0.0011023719209144757,0.009128394468108206,0.0024278601642896062,,,,,0.08695652173913043,,1.0100392733641257e-05,0.31007751937984496,0.37984496124031003,0.0014421328072827966,0.0014421328072827966,0.5891472868217054,0.2304737055293192,0.07178656355000401,2092,0.9386911217353154,0.4556494046348424,1996,67.88225099390856,0.9682793219654633,2044.0,2042.8727984344423,0.5065695675247877,1784,1104.4,1082.5,563.6960149978129,300,0.520820561188399,0.7876173146100969,0.3991404127850916,6,1339.5
db27,1.0,reflect,1.7264810641729824e-26,314.87578054821387,6024194.566093129,0.5310077519379846,116.306652212406,206,smoothed,9.197389344195667e-14,-1.9600161493826844e-10,6.563675864576047,30507.80988666897,0.9823724750554862,0.00014966566451320284,1.0,362.4,,,,[],[],11,426.59999999999997,32.200000000000074,728.4000000000001,"[9, 31, 53, 64, 80, 102, 131, 148, 158, 175, 192]","[311.0, 417.8000000000001, 589.5999999999998, 432.19999999999993, 728.4000000000001, 370.99999999999983, 587.0000000000002, 32.200000000000074, 448.1999999999998, 368.0000000000001, 407.1999999999997]","[0, 0, 0, 60, 0, 94, 120, 144, 144, 165, 186]","[20, 40, 75, 75, 205, 120, 205, 149, 205, 186, 205]",30736475.83999999,728.4000000000001,-728.4000000000001,0.0,,,,DWT,mdp.39015067403892,7.450580596923828e-09,,0.0,15.0,11.0,0.0,33.0,,1.1368683772161603e-13,168.40000000000003,987.7999999999993,168.39999999999998,,0.0,168.40000000000003,,,28.000000000000085,0.0,15.0,1.1368683772161603e-13,1.1368683772161603e-13,,0.0,1.5321684024780884e-13,4.573930020732988e-26,0.9611175266955203,0.6192827422174135,0.5182131098310078,0.12320110029665912,0.017058537383333024,,0.9999996647841187,4.4059199552998455e-09,4.4059199552998455e-09,3.67866784340914e-09,,0.0,0.9999999955940747,7.585973278963461e-14,,,,,,1.5893391424973748e-13,0.0,0.0,1.7477015598164352e-13,1.7477015598164352e-13,0.7999999009796126,0.3007374869249845,711,1.2015222971135657,0.6099742577241759,125,0,0.1666666394057738,0.2371338395984968,711,0.0,0.31983900234629814,0.564282563713246,132,336.31867328472856,0.64746470305584,419.75,217.52492733871978,0.6037375926180668,573,db,0.573477938514061,0.8443824841957417,0.34525069778143475,3,430.5,9.786276552734039e-14,0.9999999999705145,1.1420845742369398e-26,0.9480402063356996,0.8712054957716966,0.0013575175608471891,0.10110159118727102,0.0001661486417208211,0.999999999723675,2.0315811924853655e-05,4.745387416349445e-11,4.745387416349445e-11,3.962102868015904e-11,,0.0,0.0031261328403482946,7.585973278963461e-14,,,,,0.0,,7.374542113937972e-14,0.0,0.0,1.4238426238064856e-13,1.4238426238064856e-13,1.0,0.201569161204242,0.05751224468485081,1873,1.7456127262799424,0.8069708469433869,282,1125.0068888677972,0.41037374797285264,1077.5,490.19582366589333,0.4228231423302418,1854,0.49117026184683504,0.8233619396015222,0.4091722348267588,4,1391.5,,,,,,,,,,,,,6.57087603085148e-19,0.9999999999715838,1.1420845742369398e-26,0.9623104348652057,0.26932082320772405,0.001578872815088799,0.07648522873513713,1.0,0.0001661486417208211,0.9999999999999541,9.960751159770543e-05,3.8434858594393884e-14,3.8434858594393884e-14,3.2090649582094954e-14,,0.0,0.0,0.004567040150618464,7.054128794466933e-19,,,,,0.13043478260869565,,2.3332883504384434e-21,0.7209302325581395,0.7209302325581395,4.770970844811595e-19,4.770970844811595e-19,1.0,0.3986733618839274,0.12417638082767558,1808,1.84349665987273,0.8948504316994947,339,1038.7398615630384,0.514607541325683,1073.5,570.9473684210526,0.5064860136534957,1785,1009.0473684210526,935.5,610.6543869996938,760,0.4758535102197843,0.8532293215616218,0.41093374637766444,5,1340.0
bior3.9,1.0,smooth,2.621605518319398e-27,323.0617253170714,5133748.9260752285,0.5491071428571429,53.9903604600395,206,smoothed,3.1731359718861815e-14,-2.0397732392041275e-10,6.139985087784198,41329.39639904995,0.9942887729352711,0.0001496656645132028,0.9999999999999999,362.4,,,,[],[],11,426.6,32.19999999999999,728.4000000000001,"[9, 31, 53, 64, 80, 102, 131, 148, 158, 175, 192]","[311.0, 417.8000000000002, 589.6, 432.20000000000005, 728.4000000000001, 371.00000000000006, 587.0, 32.19999999999999, 448.20000000000005, 368.0, 407.19999999999993]","[0, 0, 0, 60, 0, 94, 120, 144, 144, 165, 186]","[20, 40, 75, 75, 205, 120, 205, 149, 205, 186, 205]",30736475.83999999,728.4000000000001,-728.4000000000001,0.0,,,,DWT,mdp.39015067403892,7.450580596923828e-09,,0.0,15.0,11.0,0.0,33.0,,1.1368683772161603e-13,168.4000000000001,987.7999999999984,168.40000000000003,,0.0,168.4000000000001,,,28.0,0.0,15.0,1.1368683772161603e-13,1.1368683772161603e-13,,0.0,2.0872431972742213e-14,2.8845011745920736e-27,0.9922193107672849,0.0081494448446848,0.13607402421360648,0.24752551571027778,0.10680015222266412,,0.999999664709775,4.4059791007223055e-09,4.4059791007223055e-09,3.6787269888316428e-09,,0.0,0.9999999955939887,7.585973278963461e-14,,,,,,1.5893391424973748e-13,0.0,0.0,1.7477015598164352e-13,1.7477015598164352e-13,0.7999999009573198,0.3007374869166041,843,0.8091735881626996,0.4107914268384974,474,0,0.1666666393995861,0.23713383958969286,836,0.0,0.21296692110836274,0.3757312877653004,464,213.96631354802872,0.7757166524653787,654.25,601.7490807939957,0.5449600033815363,763,bior,0.8100315533562081,0.7923003667562746,0.1952878026237719,6,573.75,2.1745279028821235e-14,0.999999999970514,1.0583441814720862e-27,0.9782481957399372,0.7248415866909089,0.00035646122018286193,0.20312500000000047,0.0010402240138541968,0.9999999997235548,2.0315811923354854e-05,4.745454029730922e-11,4.745454029730922e-11,3.962169481397382e-11,,0.0,0.0031261328403480726,7.585973278963461e-14,,,,,0.0,,7.374542113937972e-14,0.0,0.0,1.4238426238064856e-13,1.4238426238064856e-13,1.0,0.20156916120424204,0.05751224468485082,1872,1.7312140308856327,0.8003145438342846,435,1016.1124445650688,0.467446307879943,1153.5,705.9557867360209,0.43144327972613505,1834,0.5943810304597339,0.7715092316736338,0.3524805091760961,5,1376.75,,,,,,,,,,,,,1.4600602382807201e-19,0.9999999999715835,1.0583441814720862e-27,0.9842221074095181,0.22407449651114855,0.0013447837219755798,0.15366782959970654,0.9999999999999999,0.001040224013854197,0.9999999999999541,9.960751159770423e-05,3.8435400695480126e-14,3.8435400695480126e-14,3.20911916831812e-14,,0.0,0.0,0.00456704015061846,7.054128794466933e-19,,,,,0.13043478260869565,,2.3332883504384434e-21,0.7209302325581395,0.7209302325581395,4.770970844811595e-19,4.770970844811595e-19,1.0,0.3986733618839274,0.12417638082767558,1777,1.8651261259991538,0.9053495758107708,158,1144.8058787410205,0.46504398189671936,967.5,290.1974160206718,0.5064705890792008,1786,1104.4,1082.5,563.6960149978129,300,0.520820561188399,0.7876173146100969,0.3991404127850916,6,1341.0
db8,,,,6.324792049522774,958408.499164667,0.6699029126213593,155.25296506653305,206,raw,163.77357003527032,,7.332227287077499,123196.58906353095,1.0,2.8690921225775763e-06,0.02246416293395742,461.2504523022311,,,,[],[],17,816.2315156567307,92.83339881034914,1769.1013596987489,"[1, 12, 22, 36, 47, 58, 69, 86, 106, 116, 126, 136, 148, 158, 168, 180, 197]","[269.22775375933963, 249.93520007722395, 910.9463228442269, 1194.5300464387433, 441.9478045145668, 1133.2552013042284, 1463.5214660687961, 1769.1013596987489, 928.4988992075732, 835.6481718760585, 234.0404305146294, 1155.110409706011, 185.05680603547364, 1320.7878849075857, 92.83339881034914, 969.9933752473736, 721.501235153495]","[0, 4, 4, 4, 45, 45, 4, 4, 100, 113, 125, 129, 146, 129, 167, 169, 192]","[4, 13, 23, 45, 48, 65, 76, 129, 129, 129, 127, 155, 151, 192, 169, 192, 201]",75600318.82875815,1509.7502673375434,-1509.7502673375434,0.0,,,,SWT,mdp.39015067403892,37845705.82875815,,0.0,-14.5,15.0,0.0,-10.0,,568.7502673375434,411.4190156567307,921.9357661644226,411.4190156567308,,0.0,411.4190156567307,,,89.83339881034914,0.0,-14.5,829.1013596987489,568.7502673375434,,134.2504523022311,0.6706836948454009,,0.08196791523137778,0.5260430953235573,0.13663471635359495,0.542857142857143,0.10371463086228533,,0.0866359943743383,0.0,0.0,0.0,,0.2590588939261579,0.22426497741989343,0.6159187322681372,,,,,,0.2141953444330454,0.19491525423728814,0.22999999999999998,0.4255980570146245,0.4255980570146245,0.9525833777083542,0.32025065921216683,102,0.9138207520556999,0.5192987655067514,81,0,0.19745997309349303,0.32851808046276254,100,0.0,0.3207956276165176,0.5558133128176341,79,12.179217270963408,0.8851017238588358,90.5,89.27011507222531,0.5156640694765877,95,db,0.9380878725805777,0.8243093411562624,0.09604568684671688,4,72.25,0.6871603216659526,0.012219069360610402,,0.08196791523137775,0.5260430953235574,0.28605812156632365,0.5428571428571431,0.5846738746365739,,0.10583211756138876,0.29508843766286896,0.29508843766286896,0.29478943924944917,,0.2590588939261579,0.22426497741989343,0.6945182487337731,,,,,0.5833333333333333,,0.47468059673748697,0.1949152542372881,0.19491525423728814,0.5031898886243877,0.5031898886243877,0.2711864406779661,1.651330515815768,0.5419085836936111,98,1.2108774259721575,0.6228054166990914,139,28.991378028648448,0.8632482168459978,118.5,114.95358649789029,0.6521429763475273,91,0.9080317387829661,0.7281573716544635,0.1459305713555847,6,69.75,,,0.18366819784226376,0.0,0.28571428571428575,,0.23704961020733661,1.0,False,False,0.0,0.0,0.0013894112621313439,0.018018736979112944,,0.13639865386613126,0.3513951345933182,0.0002471292329774572,0.6687863617913681,0.23704961020733661,0.007652756918512067,,0.0009281540336715209,0.0022058212172178576,0.0022058212172178576,0.0022058212172115284,,0.0,0.0011304276691088816,0.004262319006632285,0.005144472211729573,,,,,0.30434782608695654,,1.1852089025225865e-05,0.26356589147286824,0.26356589147286824,0.0023868118753471897,0.0023868118753471897,0.33333333333333337,0.24961192094000545,0.07774761977399969,2075,0.6288782602720866,0.30526335899613444,2106,21.920310216782973,0.9897568643846808,2090.5,2090.3850753408274,0.5064438527530881,1787,1009.0473684210526,935.5,610.6543869996938,760,0.4758535102197843,0.8532293215616218,0.41093374637766444,5,1341.5
db3,,,,11.924830279572273,36985.974251651794,0.7087378640776699,30.648042337572335,206,smoothed,142.76791415216482,,7.1946898964889385,90447.61084362333,1.0,6.914527172817427e-05,0.8961767426340177,497.60855761711855,,,,[],[],10,663.5318158335887,436.20496231871147,1024.4064452395223,"[10, 29, 54, 66, 81, 102, 131, 158, 177, 200]","[650.5172726938881, 436.20496231871147, 875.4760114789946, 559.6141032853865, 1024.4064452395223, 529.4109270257369, 847.8181484531949, 654.4557472016352, 479.560640507412, 577.853900131405]","[1, 21, 1, 61, 1, 95, 122, 147, 166, 187]","[41, 41, 76, 76, 205, 122, 205, 205, 187, 205]",60990182.01149249,1001.0834023508986,-1001.0834023508986,0.0,,,,SWT,mdp.39015067403892,30253706.171492495,,0.0,-17.0,12.0,0.0,1.0,,272.68340235089863,405.33181583358873,954.9181583358877,405.3318158335887,,0.0,405.33181583358873,,,432.0049623187115,0.0,-3.5,296.00644523952235,272.68340235089863,,135.20855761711857,0.23717644809767033,,0.8113443046882336,0.16723736933875313,0.03323625067228055,0.8148148148148149,0.35807603739459,,0.9999999999991716,0.8557736342823019,0.8557736342823019,0.8555907118260035,,0.2103940530248578,0.28679873432721015,0.4072422317849622,,,,,,0.3904454319858458,0.0,0.2626262626262626,0.28075072871314577,0.28075072871314577,2.3281445374262564,0.7473781124576951,15,1.6475951770957997,0.6280605538036407,26,0,0.46974307677101396,0.7744661281119234,24,0.0,0.4812130451054274,0.6369741361345911,28,5.737304826019502,0.9458744827734009,23.25,21.916708479678874,0.8632674300659458,15,db,0.9817779367705585,0.7465271631990054,0.08879729530090745,4,12.25,0.024368026943885075,0.7687527420528497,,0.7111086502354933,0.3347247063144743,0.005667971339286343,0.7714285714285716,0.05271135992151044,,0.628631569033278,0.2864422532030479,0.2864422532030479,0.2861395873856957,,0.2627419096334687,0.23229377674689305,0.10064532933903272,,,,,0.3333333333333333,,0.0927818423478711,0.15254237288135591,0.3813559322033898,0.09159414815591212,0.09159414815591212,0.45762711864406774,1.1054143747141398,0.3627581107831534,134,1.5320408050598564,0.7879933109078002,60,52.32590180780452,0.7531797084537523,97.0,82.88659793814433,0.6478162693212157,96,0.9080317387829661,0.7281573716544635,0.1459305713555847,6,73.5,,,0.9189676821315673,1.0,0.36,0.5088514537055089,0.9189676821315669,1.0,False,False,0.0,0.0,0.0012112048833722018,0.46136673547485946,,0.15138851849352242,0.3367073904921013,4.896632201688246e-06,0.834393180895684,0.9189676821315671,0.0050075740433575214,,0.005513136653937303,0.0021505692671315163,0.0021505692671315163,0.002150569267125186,,0.0,0.001138495193197596,0.004414912177289663,0.0018366836746967553,,,,,0.17391304347826086,,9.474512656997e-06,0.22480620155038766,0.4341085271317829,0.0011443405310171677,0.0011443405310171677,0.5038759689922481,0.24397885638589606,0.07599306670832076,2082,1.101310011593978,0.5345861268758054,1935,103.94469683442249,0.9514277117596157,2008.5,2005.810306198656,0.5064381549452284,1788,1009.0473684210526,935.5,610.6543869996938,760,0.4758535102197843,0.8532293215616218,0.41093374637766444,5,1342.25
coif15,1.0,periodization,3.581203785991261e-26,311.7071083929548,4961408.603913803,0.5242718446601942,92.32882427031764,206,smoothed,1.3534854890136063e-13,-1.9891455149689868e-10,6.19511076264784,31688.237398435274,0.9826505343522042,0.0001496656645132028,0.9999999999999999,362.4,,,,[],[],11,426.59999999999997,32.2000000000001,728.3999999999995,"[9, 31, 53, 64, 80, 102, 131, 148, 158, 175, 192]","[311.00000000000017, 417.8000000000002, 589.6000000000001, 432.19999999999993, 728.3999999999995, 371.0000000000002, 586.9999999999998, 32.2000000000001, 448.20000000000005, 367.9999999999997, 407.1999999999998]","[0, 0, 0, 60, 0, 94, 120, 144, 144, 165, 186]","[20, 40, 75, 75, 205, 120, 205, 149, 205, 186, 205]",30736475.839999996,728.3999999999995,-728.3999999999995,0.0,,,,DWT,mdp.39015067403892,0.0,,0.0,15.0,11.0,0.0,33.0,,4.547473508864641e-13,168.40000000000003,987.7999999999993,168.40000000000003,,0.0,168.40000000000003,,,28.000000000000114,0.0,15.0,4.547473508864641e-13,4.547473508864641e-13,,0.0,2.4850488270125965e-13,1.0001960894786802e-25,0.9490784328645911,0.08766294217499163,0.06211333513161866,0.07693226515562712,0.02684762616301272,,0.9999996648089,4.4059199552998455e-09,4.4059199552998455e-09,3.6787269888316428e-09,,0.0,0.9999999955940747,3.0343893115853844e-13,,,,,,0.0,0.0,0.0,6.990806239265741e-13,6.990806239265741e-13,0.7999999009873087,0.3007374869278776,699,0.6858471548995903,0.3481825599301166,829,0,0.1666666394079369,0.23713383960157444,696,0.0,0.17180494307001284,0.30311041812589373,861,86.16408764676848,0.9096812498461546,771.25,764.0718768242809,0.5506215473549432,745,coif,0.5556920286951962,0.9053407607371553,0.33941335169221604,4,559.75,1.5266739520119812e-13,0.999999999970514,2.4546091846548368e-26,0.936347088730543,0.7438847419959463,0.00016271287160499713,0.06313234542667362,0.0002614934985440921,0.9999999997236311,2.0315811925353255e-05,4.745387416349445e-11,4.745387416349445e-11,3.962169481397382e-11,,0.0,0.0031261328403482946,3.0343893115853844e-13,,,,,0.0,,0.0,0.0,0.0,5.695370495225942e-13,5.695370495225942e-13,1.0,0.20156916120449014,0.05751224468492161,1815,1.659189516122841,0.7670186799786863,1061,533.1585130146568,0.7205668170782721,1438.0,1339.1620305980528,0.48344902698777337,1612,0.4784248188775415,0.776734912893196,0.43208215291776214,2,1209.5,,,,,,,,,,,,,1.0250666046626547e-18,0.9999999999715835,2.4546091846548368e-26,0.9538287130081932,0.22996141789550265,0.001299477205880114,0.04776079015018275,0.9999999999999999,0.0002614934985440925,0.9999999999999541,9.960751159770586e-05,3.8434858594393884e-14,3.8434858594393884e-14,3.20911916831812e-14,,0.0,0.0,0.004567040150618464,2.821651517786773e-18,,,,,0.13043478260869565,,0.0,0.7209302325581395,0.7209302325581395,1.908388337924638e-18,1.908388337924638e-18,1.0,0.3986733618839274,0.12417638082767558,1888,1.8071365888065547,0.8772009148880905,804,766.5037508062176,0.6418206771933563,1346.0,1127.7503714710253,0.506424357288267,1789,986.6382352941176,846.0,585.0035688138154,340,0.4652856568234462,0.8173890317607586,0.42908333069536003,4,1342.75
coif17,,,,6.58704060153306,975362.4502199615,0.6553398058252428,145.96699105181722,206,raw,158.71853247622545,,7.303620064131025,123196.58906353099,1.0,2.84627864013315e-06,0.08608951976553592,471.61843117032396,,,,[],[],16,944.177770358943,149.14942777745148,1810.992943040365,"[1, 11, 25, 39, 49, 63, 79, 96, 106, 117, 127, 147, 157, 174, 191, 201]","[342.7953432688255, 935.355491391209, 1116.6865229314876, 404.91809907161814, 865.1363240743178, 1810.992943040365, 1441.4932466196906, 1211.6680238972208, 672.8860721614321, 1099.657239551768, 923.5519032539662, 945.0929827454011, 149.14942777745148, 1422.9399640586103, 1198.3708355663805, 566.1499063333445]","[0, 6, 15, 35, 35, 15, 76, 88, 103, 110, 124, 135, 156, 135, 181, 199]","[6, 15, 54, 41, 54, 203, 203, 203, 110, 135, 135, 158, 158, 203, 203, 203]",75443328.36986965,1713.3022681377183,-1713.3022681377183,0.0,,,,SWT,mdp.39015067403892,37688715.36986965,,0.0,-24.0,16.0,0.0,-15.0,,772.3022681377183,539.365270358943,2152.844325743088,539.3652703589431,,0.0,539.365270358943,,,146.14942777745148,0.0,-15.0,870.9929430403649,772.3022681377183,,144.61843117032396,0.5027812598448012,,0.11143043673349581,0.48624964145096183,0.14287359556558155,0.45714285714285746,0.10371463086228686,,0.17452773368271662,0.25781007283552043,0.25781007283552043,0.2578100728355206,,0.2989140418216041,0.5239011518782567,0.6745938017410383,,,,,,0.20238244582887396,0.033898305084745756,0.22,0.7527744169458062,0.7527744169458062,1.5800684178641813,0.5312059440284014,36,0.8513177289839,0.4837800462736743,90,0,0.32024167359093214,0.5327924350646154,45,0.0,0.2915705156857238,0.5051776280347401,90,28.81405906844782,0.728169254071247,65.25,55.38461538461538,0.556301608167699,75,coif,1.0,1.0,0.0,5,57.5,0.5276585207076546,0.011958656528077038,,0.11143043673349576,0.48624964145096194,0.29121723234862695,0.45714285714285746,0.5846738746365746,,0.19187664081516462,0.4768217388916053,0.4768217388916053,0.47659982528092704,,0.298914041821604,0.5239011518782567,0.7411858799986301,,,,,0.6666666666666666,,0.4667835388598308,0.033898305084745756,0.1864406779661017,0.7861703447350945,0.7861703447350945,0.1864406779661017,2.142485127901961,0.7030882492184917,25,1.148886800129626,0.590921018880461,149,87.68124086713189,0.5864092411927742,87.0,42.81609195402299,0.588015941351104,124,1.0,0.7220099692676862,0.08339700921969413,7,94.75,,,0.23680118820008167,0.20000000000000007,0.19642857142857145,,0.28670813826810426,1.0,False,False,0.0,0.0,0.001346525672511961,0.017866128427433542,,0.13710062591201289,0.3483401430140377,0.00025158625410132964,0.6066838046272496,0.2867081382681044,0.00765275691851207,,0.0016827696756292671,0.0033671565247373036,0.0033671565247373036,0.0033671565247309814,,0.0,0.0012177290523388102,0.009957122431409834,0.0054044043465467225,,,,,0.34782608695652173,,1.1802924533400119e-05,0.11627906976744196,0.255813953488372,0.003241036234721777,0.003241036234721777,0.2558139534883721,0.24062974345211813,0.07494990515587978,2086,0.6227379163368073,0.3022827789165115,2108,15.556349186104045,0.9927306779504187,2097.0,2096.942298521698,0.506412067947172,1790,986.6382352941176,846.0,585.0035688138154,340,0.4652856568234462,0.8173890317607586,0.42908333069536003,4,1343.5
coif6,1.0,reflect,1.178892117987256e-26,316.5326581020796,5528451.810980487,0.5166666666666667,92.26671965437363,206,smoothed,7.576248150956603e-14,-2.1242838599278054e-10,6.456117177163807,30012.380702971153,0.9788189267392241,0.00014966566451320263,0.9999999999999999,362.4000000000001,,,,[],[],11,426.60000000000014,32.20000000000002,728.4,"[9, 31, 53, 64, 80, 102, 131, 148, 158, 175, 192]","[311.00000000000034, 417.79999999999995, 589.6000000000001, 432.20000000000005, 728.4, 371.0000000000001, 587.0000000000001, 32.20000000000002, 448.2000000000001, 368.0, 407.1999999999999]","[0, 0, 0, 60, 0, 94, 120, 144, 144, 165, 186]","[20, 40, 75, 75, 204, 120, 204, 149, 204, 186, 204]",30736475.840000007,728.4,-728.4,0.0,,,,DWT,mdp.39015067403892,1.1175870895385742e-08,,0.0,15.0,11.0,0.0,33.0,,0.0,168.4000000000002,987.7999999999975,168.4000000000001,,0.0,168.4000000000002,,,28.00000000000003,0.0,15.0,0.0,0.0,,1.1368683772161603e-13,1.1760263900326375e-13,2.9713564008482917e-26,0.9674126886308576,0.4641396546169534,0.3054626906853897,0.02469242391539027,0.012950025666247353,,0.9999996647345563,4.406097391567225e-09,4.406097391567225e-09,3.6787861342541454e-09,,1.2251610931599486e-12,0.9999999955939026,0.0,,,,,,2.3840087137460624e-13,0.0,0.0,0.0,0.0,0.7999999009653442,0.3007374869196207,776,0.9803057656623765,0.49766973379447804,218,0,0.16666663940174195,0.23713383959276024,777,0.0,0.25352249764499374,0.44728230103472316,233,318.17919479437995,0.6664788314524319,501.0,349.2027798149263,0.5706607993740147,681,coif,0.5556920286951962,0.9053407607371553,0.33941335169221604,4,511.75,7.737936530122048e-14,0.9999999999705129,7.545743767250629e-27,0.9541544596081757,0.8340493649149986,0.0008001938949870958,0.02026315789473737,0.00012613210185294117,0.9999999997234275,2.0315811923854454e-05,4.745570603148508e-11,4.745570603148508e-11,3.962224992548613e-11,,1.2251610931599486e-12,0.003126132840347795,0.0,,,,,0.0,,1.1061813170906958e-13,0.0,0.0,0.0,0.0,1.0,0.20156916120477905,0.057512244685004044,1775,1.6980731710490824,0.7849940163609735,757,719.8347032479054,0.6227281429518315,1266.0,1061.3546603475513,0.4796030651866076,1630,0.4784248188775415,0.776734912893196,0.43208215291776214,2,1223.0,,,,,,,,,,,,,5.19554310569981e-19,0.9999999999715824,7.545743767250629e-27,0.9667454707018077,0.257834532317564,0.0014485470919380467,0.0153294547422545,0.9999999999999999,0.00012613210185294117,0.9999999999999541,9.960751159770467e-05,3.843648489765261e-14,3.843648489765261e-14,3.209173378426744e-14,,0.0,9.572760819061336e-19,0.004567040150618456,0.0,,,,,0.13043478260869565,,3.499932525657665e-21,0.7209302325581395,0.7209302325581395,0.0,0.0,1.0,0.3986733618839274,0.12417638082767558,1882,1.815871056854935,0.8814407069494974,763,791.2524881477467,0.6302558466599315,1322.5,1085.7965973534972,0.506132596227162,1791,986.6382352941176,846.0,585.0035688138154,340,0.4652856568234462,0.8173890317607586,0.42908333069536003,4,1344.25
coif2,1.0,periodization,6.925560295990831e-27,318.8428495952536,4963534.821416031,0.529126213592233,94.00985464501188,206,smoothed,5.934604283332661e-14,-2.101501861417893e-10,6.192456977914641,31688.237398435285,0.9835863045012931,0.00014966566451320268,1.0,362.40000000000003,,,,[],[],11,426.60000000000014,32.19999999999999,728.4,"[9, 31, 53, 64, 80, 102, 131, 148, 158, 175, 192]","[311.0, 417.8000000000002, 589.6, 432.20000000000005, 728.4, 371.00000000000017, 587.0000000000001, 32.19999999999999, 448.2000000000001, 368.0000000000001, 407.2000000000002]","[0, 0, 0, 60, 0, 94, 120, 144, 144, 165, 186]","[20, 40, 75, 75, 205, 120, 205, 149, 205, 186, 205]",30736475.840000004,728.4,-728.4,0.0,,,,DWT,mdp.39015067403892,7.450580596923828e-09,,0.0,15.0,11.0,0.0,33.0,,0.0,168.4000000000002,987.7999999999975,168.4000000000001,,0.0,168.4000000000002,,,28.0,0.0,15.0,0.0,0.0,,5.684341886080802e-14,8.153802272106517e-14,1.5480453733381567e-26,0.9761900599684304,0.08383511229680193,0.063025811733906,0.11027684467067218,0.026847626163012814,,0.999999664709775,4.406097391567225e-09,4.406097391567225e-09,3.6787861342541454e-09,,6.125805465799743e-13,0.9999999955939026,0.0,,,,,,1.5893391424973748e-13,0.0,0.0,0.0,0.0,0.7999999009575638,0.3007374869166959,822,0.7139942863299107,0.36247195401170784,767,0,0.16666663939961912,0.23713383958973988,822,0.0,0.18002506497612933,0.31761293792239004,797,26.14064523559687,0.9725989043652025,802.0,801.3500932539034,0.5659640224132092,698,coif,0.5556920286951962,0.9053407607371553,0.33941335169221604,4,524.5,5.663691022726702e-14,0.9999999999705134,4.104107573145747e-27,0.9626795892197328,0.7429679924968163,0.00016510320675470255,0.09049565661727149,0.00026149349854409296,0.9999999997234618,2.0315811923354854e-05,4.745570603148508e-11,4.745570603148508e-11,3.962224992548613e-11,,6.125805465799743e-13,0.003126132840347795,0.0,,,,,0.0,,7.374542113937972e-14,0.0,0.0,0.0,0.0,1.0,0.20156916120445417,0.05751224468491135,1816,1.6854771613105073,0.7791710680667624,886,657.6093065034892,0.6553410343273118,1351.0,1190.9518874907476,0.473634877750658,1645,0.4784248188775415,0.776734912893196,0.43208215291776214,2,1234.25,,,,,,,,,,,,,3.8028162587523186e-19,0.9999999999715827,4.104107573145747e-27,0.9729292602267093,0.2296780177895813,0.0013000361668143805,0.06846164253822229,1.0,0.00026149349854409296,0.9999999999999541,9.960751159770423e-05,3.843648489765261e-14,3.843648489765261e-14,3.209173378426744e-14,,0.0,4.786380409530668e-19,0.004567040150618456,0.0,,,,,0.13043478260869565,,2.3332883504384434e-21,0.7209302325581395,0.7209302325581395,0.0,0.0,1.0,0.3986733618839274,0.12417638082767558,1857,1.8267358375203864,0.8867145725769353,615,878.2266222336921,0.5896137279281812,1236.0,923.992718446602,0.5060218172351186,1792,986.6382352941176,846.0,585.0035688138154,340,0.4652856568234462,0.8173890317607586,0.42908333069536003,4,1345.0
db33,1.0,periodization,3.4791880503841414e-26,311.83261971213324,4964543.321474192,0.5194174757281553,97.30458476197977,206,smoothed,1.2915006988256414e-13,-2.043913926996769e-10,6.191199038801615,31688.2373984353,0.9833723792243521,0.00014966566451320274,0.9999999999999999,362.39999999999986,,,,[],[],11,426.59999999999997,32.199999999999875,728.3999999999996,"[9, 31, 53, 64, 80, 102, 131, 148, 158, 175, 192]","[311.00000000000034, 417.8000000000001, 589.6000000000001, 432.1999999999998, 728.3999999999996, 371.0000000000001, 586.9999999999997, 32.199999999999875, 448.2, 367.99999999999983, 407.1999999999999]","[0, 0, 0, 60, 0, 94, 120, 144, 144, 165, 186]","[20, 40, 75, 75, 205, 120, 205, 149, 205, 186, 205]",30736475.839999996,728.3999999999996,-728.3999999999996,0.0,,,,DWT,mdp.39015067403892,0.0,,0.0,15.0,11.0,0.0,33.0,,3.410605131648481e-13,168.40000000000003,987.7999999999993,168.39999999999998,,0.0,168.40000000000003,,,27.999999999999886,0.0,15.0,3.410605131648481e-13,3.410605131648481e-13,,1.1368683772161603e-13,2.3488769253262056e-13,9.70340167836016e-26,0.9495553021885207,0.08202065581073349,0.06345861444835697,0.04358768564058205,0.026847626163012936,,0.99999966461065,4.4059199552998455e-09,4.4059199552998455e-09,3.67866784340914e-09,,1.2251610931599486e-12,0.9999999955940747,2.275791983689038e-13,,,,,,0.0,0.0,0.0,5.243104679449306e-13,5.243104679449306e-13,0.7999999009283209,0.3007374869057028,873,0.670646941164166,0.34046589989576864,850,0,0.1666666393914778,0.23713383957815637,873,0.0,0.16649569775020587,0.2937434724486449,879,12.816005617976296,0.986566031846985,868.75,868.6063966745203,0.5379633094245407,776,db,0.573477938514061,0.8443824841957417,0.34525069778143475,3,582.75,1.4483550942439324e-13,0.9999999999705138,2.3824160950576152e-26,0.9368102539126827,0.7425334376373453,0.00016623698217277556,0.0357690342360758,0.00026149349854409426,0.9999999997235486,2.031581192130094e-05,4.745387416349445e-11,4.745387416349445e-11,3.962102868015904e-11,,1.2251610931599486e-12,0.0031261328403482946,2.275791983689038e-13,,,,,0.0,,0.0,0.0,0.0,4.2715278714194565e-13,4.2715278714194565e-13,1.0,0.20156916120500643,0.05751224468506892,1735,1.6478482006318336,0.7617757582071807,1116,437.6990975544729,0.7705979572565655,1425.5,1358.3023500526133,0.5117402784186391,1467,0.49117026184683504,0.8233619396015222,0.4091722348267588,4,1101.25,,,,,,,,,,,,,9.724803628475319e-19,0.9999999999715831,2.3824160950576152e-26,0.95416467458674,0.22954368131781924,0.001300301291212109,0.027059937762143327,0.9999999999999999,0.00026149349854409426,0.9999999999999541,9.960751159770272e-05,3.8434858594393884e-14,3.8434858594393884e-14,3.2090649582094954e-14,,0.0,9.572760819061336e-19,0.004567040150618464,2.11623863834008e-18,,,,,0.13043478260869565,,0.0,0.7209302325581395,0.7209302325581395,1.4312912534434783e-18,1.4312912534434783e-18,1.0,0.3986733618839274,0.12417638082767558,1893,1.7988493685522913,0.8731782210674093,824,755.8971490884193,0.6467770331362527,1358.5,1148.2016930437983,0.5059819745120515,1793,1009.0473684210526,935.5,610.6543869996938,760,0.4758535102197843,0.8532293215616218,0.41093374637766444,5,1346.0
db27,1.0,symmetric,1.3569770843987125e-26,315.921673605604,5939330.015246569,0.5348837209302325,104.70825547559939,206,smoothed,8.258334684920487e-14,-1.9755799218756943e-10,6.5458108459881315,30983.69757557456,0.9847239582509005,0.00014966566451320284,1.0,362.4,,,,[],[],11,426.59999999999997,32.200000000000074,728.4000000000001,"[9, 31, 53, 64, 80, 102, 131, 148, 158, 175, 192]","[311.0000000000001, 417.8, 589.5999999999998, 432.19999999999993, 728.4000000000001, 370.99999999999983, 587.0000000000002, 32.200000000000074, 448.1999999999998, 367.9999999999999, 407.19999999999993]","[0, 0, 0, 60, 0, 94, 120, 144, 144, 165, 186]","[20, 40, 75, 75, 205, 120, 205, 149, 205, 186, 205]",30736475.83999999,728.4000000000001,-728.4000000000001,0.0,,,,DWT,mdp.39015067403892,7.450580596923828e-09,,0.0,15.0,11.0,0.0,33.0,,1.1368683772161603e-13,168.40000000000003,987.7999999999993,168.39999999999998,,0.0,168.40000000000003,,,28.000000000000085,0.0,15.0,1.1368683772161603e-13,1.1368683772161603e-13,,0.0,1.3258712473966545e-13,3.492539801749622e-26,0.9650913062593476,0.593514166842874,0.4817930742843303,0.14982506688619052,0.021004994738332117,,0.9999996647841187,4.4059199552998455e-09,4.4059199552998455e-09,3.67866784340914e-09,,0.0,0.9999999955940747,7.585973278963461e-14,,,,,,1.5893391424973748e-13,0.0,0.0,1.7477015598164352e-13,1.7477015598164352e-13,0.7999999009796126,0.3007374869249845,712,1.1850404289690595,0.6016069429340096,134,0,0.1666666394057738,0.2371338395984968,712,0.0,0.31588980128731536,0.5573151042044491,138,332.55776440592496,0.6514069555493449,424.0,228.33588845340083,0.6034812555524502,574,db,0.573477938514061,0.8443824841957417,0.34525069778143475,3,431.25,8.599764699210392e-14,0.9999999999705145,8.805990910453431e-27,0.9518997884960635,0.8650340280420299,0.0012621111790259798,0.12294981640146871,0.0002045867864695545,0.9999999997236515,2.0315811924853655e-05,4.745387416349445e-11,4.745387416349445e-11,3.962102868015904e-11,,0.0,0.0031261328403482946,7.585973278963461e-14,,,,,0.0,,7.374542113937972e-14,0.0,0.0,1.4238426238064856e-13,1.4238426238064856e-13,1.0,0.201569161204242,0.05751224468485081,1874,1.7535497038639822,0.8106399938433484,218,1170.9688296449226,0.3862846804796003,1046.0,390.565965583174,0.41903332556474776,1867,0.49117026184683504,0.8233619396015222,0.4091722348267588,4,1401.25,,,,,,,,,,,,,5.77420711835671e-19,0.9999999999715838,8.805990910453431e-27,0.9651100220646074,0.26741300148550057,0.0015565627886791771,0.0930138163007806,1.0,0.00020458678646955494,0.9999999999999541,9.960751159770543e-05,3.8434858594393884e-14,3.8434858594393884e-14,3.2090649582094954e-14,,0.0,0.0,0.004567040150618464,7.054128794466933e-19,,,,,0.13043478260869565,,2.3332883504384434e-21,0.7209302325581395,0.7209302325581395,4.770970844811595e-19,4.770970844811595e-19,1.0,0.3986733618839274,0.12417638082767558,1797,1.8508381566022112,0.8984140625216683,263,1084.7018023401638,0.49312999890646547,1030.0,458.84563106796116,0.5059107938457561,1794,1009.0473684210526,935.5,610.6543869996938,760,0.4758535102197843,0.8532293215616218,0.41093374637766444,5,1346.75
sym20,1.0,antisymmetric,1.0947014761247683e-17,229.07883543155506,6804246.737731126,0.6516393442622951,318.445895170753,206,raw,2.6058389793327926e-09,,6.578405972556698,128001.06716652711,0.8786952362843343,5.618943883841098e-06,1.0,327.0000000038833,,,,[],[],13,661.1538461455112,86.9999999990018,939.9999999873131,"[8, 32, 51, 63, 81, 100, 111, 133, 152, 162, 175, 192, 204]","[877.999999994735, 637.9999999891553, 786.9999999883185, 791.9999999892995, 939.9999999873131, 787.9999999899765, 636.9999999909522, 674.9999999949177, 770.9999999910285, 195.99999999500437, 833.999999988044, 571.9999999938998, 86.9999999990018]","[0, 13, 39, 39, 76, 99, 107, 107, 107, 161, 99, 187, 203]","[76, 39, 61, 76, 205, 164, 119, 142, 164, 164, 205, 205, 205]",37754612.99970251,940.9999999923449,-940.9999999923449,0.0,,,,DWT,mdp.39015067403892,0.0002974867820739746,,0.0,33.0,19.0,0.0,28.5,,7.655103217985015e-09,256.34134614551124,4359.000000108354,256.34134614630426,,0.0,256.34134614551124,,,83.9999999990018,0.0,19.5,1.2686882655543741e-08,7.655103217985015e-09,,3.88331500289496e-09,3.292504410882689e-09,7.746832512614983e-18,0.6314300553779273,0.876294009148256,0.001202230441999048,0.7087236533957846,0.005688578549194867,,0.47422802345202175,2.41572105819998e-10,2.41572105819998e-10,2.417041606909874e-10,,1.9533426083403995e-07,0.9999999997583737,1.5191386876232192e-08,,,,,,2.9445071752531534e-09,1.0,0.0,9.587444307400971e-09,9.587444307400971e-09,0.742268517702303,0.24267162893347496,585,1.103371046787627,0.5299528503432462,886,0,0.20618568804835724,0.24635436665438692,585,0.125,0.31136979002938087,0.5655554892699471,875,170.6660970042576,0.8211047201213233,732.75,702.9470857543638,0.526511479557517,771,sym,0.8243425715244881,0.7368036147090654,0.2019191155201387,6,579.75,3.2925044108826893e-09,0.0001547883310130116,7.746832512614984e-18,0.6314300553779273,0.8762940091482561,0.0022344674131161016,0.7810828300258844,0.008040821642753602,,0.99198282143852,0.9855281703518399,0.9855281703518399,0.9855281703606149,,4.184905262015753e-08,0.9999999999988006,8.465566880659274e-09,,,,,1.0,,2.9445071752531534e-09,1.0,0.25,9.587444307400971e-09,9.587444307400971e-09,0.0,2.2095702302147853,0.630440405512788,585,1.133818169661953,0.5241473064886305,1822,874.6910883277593,0.5415665155514888,1203.5,885.6418778562526,0.4554006581950316,1731,0.7763846615972358,0.5622554397616224,0.28785410495344815,6,1299.75,,,,,,,,,,,,,2.210711928930484e-14,0.036413600439426756,7.746832512614984e-18,0.7326540396925159,0.2708938649506077,0.0017839405892833755,0.5909036466593176,1.0,0.0080408216427536,,0.0008499884728257466,0.0007982210226644719,0.0007982210226644719,0.0007982210226653312,,0.0,3.269863640574972e-14,0.02016391057355112,7.872055028185375e-14,,,,,0.4782608695652174,,9.316353725630617e-17,1.0,0.7906976744186046,3.212533218353887e-14,3.212533218353887e-14,0.9302325581395349,0.5674759776449446,0.17675400427458823,618,1.2264331940381183,0.5953220838552358,1858,876.812408671319,0.5902745753872342,1238.0,927.4991922455572,0.505884951245019,1795,1409.1368421052632,1454.5,398.32527672708756,380,0.6645304607900322,0.5565550872278735,0.3678621512786154,7,1348.0
bior2.4,1.0,periodization,3.496581049884761e-27,321.8109627471405,5059048.433812003,0.5242718446601942,81.24762981850608,206,smoothed,3.8703330494493857e-14,-2.0864123762010016e-10,6.163109490825505,33838.69165558411,0.9877595085454602,0.00014966566451320265,1.0,362.4000000000001,,,,[],[],11,426.60000000000014,32.20000000000002,728.4000000000001,"[9, 31, 53, 64, 80, 102, 131, 148, 158, 175, 192]","[310.9999999999999, 417.8, 589.6000000000003, 432.2000000000001, 728.4000000000001, 371.00000000000017, 586.9999999999999, 32.20000000000002, 448.20000000000016, 368.0000000000001, 407.1999999999999]","[0, 0, 0, 60, 0, 94, 120, 144, 144, 165, 186]","[20, 40, 75, 75, 204, 120, 204, 149, 204, 186, 204]",30736475.840000007,728.4000000000001,-728.4000000000001,0.0,,,,DWT,mdp.39015067403892,1.1175870895385742e-08,,0.0,15.0,11.0,0.0,33.0,,1.1368683772161603e-13,168.4000000000002,987.7999999999975,168.40000000000006,,0.0,168.4000000000002,,,28.00000000000003,0.0,15.0,1.1368683772161603e-13,1.1368683772161603e-13,,1.1368683772161603e-13,3.618887518632418e-14,5.445204261640237e-27,0.9874671473367385,0.04150417771712778,0.1040159439381334,0.07693226515562712,0.04468098520457804,,0.9999996647345563,4.406097391567225e-09,4.406097391567225e-09,3.6787565615428943e-09,,1.2251610931599486e-12,0.9999999955939026,7.585973278963461e-14,,,,,,2.3840087137460624e-13,0.0,0.0,1.7477015598164352e-13,1.7477015598164352e-13,0.7999999009654433,0.30073748691965796,766,0.7138856493737665,0.36241680252026687,769,0,0.16666663940177495,0.2371338395928072,766,0.0,0.1792286456217487,0.3162078386324849,805,19.05255888325765,0.9800287642733149,776.5,776.1576479658103,0.5830437322414792,633,bior,0.8100315533562081,0.7923003667562746,0.1952878026237719,6,476.25,3.0554485059589404e-14,0.9999999999705131,1.6775348050533617e-27,0.973632598698111,0.7328299079140261,0.000272481471088526,0.06313234542667362,0.00043518883452118304,0.9999999997234845,2.0315811923854454e-05,4.745570603148508e-11,4.745570603148508e-11,3.9622027880881205e-11,,1.2251610931599486e-12,0.003126132840347795,7.585973278963461e-14,,,,,0.0,,1.1061813170906958e-13,0.0,0.0,1.4238426238064856e-13,1.4238426238064856e-13,1.0,0.20156916120487386,0.0575122446850311,1750,1.6761577674964587,0.7748628506678502,948,567.0996385116111,0.7027779672371011,1349.0,1229.7998517420313,0.4978774532202277,1552,0.5943810304597339,0.7715092316736338,0.3524805091760961,5,1165.25,,,,,,,,,,,,,2.0515436328740957e-19,0.9999999999715825,1.6775348050533617e-27,0.9808741371218033,0.2265439727234766,0.0013251457230870028,0.04776079015018275,1.0,0.0004351888345211835,0.9999999999999541,9.960751159770467e-05,3.843648489765261e-14,3.843648489765261e-14,3.2091408523615694e-14,,0.0,9.572760819061336e-19,0.004567040150618456,7.054128794466933e-19,,,,,0.13043478260869565,,3.499932525657665e-21,0.7209302325581395,0.7209302325581395,4.770970844811595e-19,4.770970844811595e-19,1.0,0.3986733618839274,0.12417638082767558,1869,1.8217374330817018,0.8842883005542487,682,839.3357492684319,0.6077870330521347,1275.5,999.3398667189338,0.5058794978344785,1796,1104.4,1082.5,563.6960149978129,300,0.520820561188399,0.7876173146100969,0.3991404127850916,6,1348.5
bior6.8,1.0,smooth,1.8364022985209503e-21,266.8321141917834,8910681.402453149,0.6216216216216216,291.244409789185,206,raw,3.3403191755209685e-11,,6.044565454670248,176233.79233786475,0.9240469594958161,5.618943883691982e-06,1.0,327.00000000005787,,,,[],[],13,661.153846153742,86.9999999999668,939.9999999998471,"[8, 32, 51, 63, 81, 100, 111, 133, 152, 162, 175, 192, 204]","[877.9999999999654, 637.9999999998583, 786.9999999998557, 791.9999999998657, 939.9999999998471, 787.9999999998794, 636.9999999998915, 674.9999999999445, 770.9999999998718, 195.99999999993548, 833.9999999998461, 571.9999999999187, 86.9999999999668]","[0, 13, 39, 39, 76, 99, 107, 107, 107, 161, 99, 187, 203]","[76, 39, 61, 76, 205, 164, 119, 142, 164, 164, 205, 205, 205]",37754612.99999649,940.9999999999046,-940.9999999999046,0.0,,,,DWT,mdp.39015067403892,3.509223461151123e-06,,0.0,33.0,19.0,0.0,28.5,,9.538325684843585e-11,256.34134615374205,4359.000000001353,256.3413461537516,,0.0,256.34134615374205,,,83.9999999999668,0.0,19.5,1.5290879673557356e-10,9.538325684843585e-11,,5.786660040030256e-11,4.218716444558414e-11,1.2995590689087044e-21,0.7707482009269799,0.6918788901428234,0.0035727752496189633,0.4835907335907334,0.009593644531637895,,0.4742280245730368,6.615325345346984e-09,6.615325345346984e-09,6.008753990035306e-09,,2.9107423960573323e-09,0.9999999933846407,1.830943621894556e-10,,,,,,3.473409335664785e-11,1.0,0.0,1.1946039613736414e-10,1.1946039613736414e-10,0.7422684114481224,0.24267159419554057,685,1.0074485045140138,0.4838809284470972,924,0,0.2061856700470478,0.2463543451460988,688,0.125,0.273662034926283,0.4970651328850469,929,138.58451091902973,0.8547332170660066,806.5,788.6404647419854,0.5046726881975735,864,bior,0.672619891330026,0.76736776154697,0.2989557476048908,5,649.25,4.2187164445584137e-11,0.00015478832997795067,1.2995590689087046e-21,0.7707482009269798,0.6918788901428234,0.004602562311388305,0.611877667140825,0.011936649408387564,,0.9919828214556136,0.9855281704440797,0.9855281704440797,0.9855281704440747,,6.236069964184139e-10,0.9999999999671604,1.0203134060205854e-10,,,,,1.0,,3.473409335664785e-11,1.0,0.25,1.1946039613736414e-10,1.1946039613736414e-10,0.0,2.2095702002479047,0.6304403969625586,677,1.0602618099146284,0.4901432934393743,1873,845.6997102991108,0.5567611581241557,1275.0,994.526274509804,0.44426108220673194,1773,0.5943810304597339,0.7715092316736338,0.3524805091760961,5,1331.0,,,,,,,,,,,,,2.832605702192567e-16,0.036413600438429256,1.2995590689087046e-21,0.8337098744222333,0.21388454636441165,0.0023377008169791543,0.46289680290492086,1.0,0.011936649408387564,,0.0008499884728386773,0.0007982210227391809,0.0007982210227391809,0.0007982210227329288,,0.0,4.872535256902221e-16,0.020163910573056082,9.487803228558024e-16,,,,,0.4782608695652174,,1.0989788130565068e-18,1.0,0.7906976744186046,4.002844538796928e-16,4.002844538796928e-16,0.9302325581395349,0.5674759776446983,0.1767540042745115,699,1.2091945093008876,0.5869542658847342,1872,829.4362543318202,0.6124129652655046,1285.5,1017.9136522753793,0.5058560153430327,1797,1104.4,1082.5,563.6960149978129,300,0.520820561188399,0.7876173146100969,0.3991404127850916,6,1349.25
db16,1.0,periodization,1.5064527385155925e-26,315.46784363011596,4962800.530565199,0.529126213592233,97.15290304280757,206,smoothed,8.550757297226835e-14,-2.1134871630579296e-10,6.193373207465889,31688.237398435293,0.9833565075344861,0.00014966566451320263,0.9999999999999999,362.4000000000001,,,,[],[],11,426.60000000000014,32.20000000000002,728.4000000000001,"[9, 31, 53, 64, 80, 102, 131, 148, 158, 175, 192]","[311.0, 417.80000000000007, 589.6, 432.20000000000005, 728.4000000000001, 371.00000000000034, 586.9999999999999, 32.20000000000002, 448.2000000000003, 368.0000000000002, 407.2]","[0, 0, 0, 60, 0, 94, 120, 144, 144, 165, 186]","[20, 40, 75, 75, 205, 120, 205, 149, 205, 186, 205]",30736475.840000004,728.4000000000001,-728.4000000000001,0.0,,,,DWT,mdp.39015067403892,7.450580596923828e-09,,0.0,15.0,11.0,0.0,33.0,,1.1368683772161603e-13,168.4000000000002,987.7999999999975,168.4000000000001,,0.0,168.4000000000002,,,28.00000000000003,0.0,15.0,1.1368683772161603e-13,1.1368683772161603e-13,,1.1368683772161603e-13,1.3901123992874764e-13,3.9299951992175507e-26,0.9633670188006024,0.08515668552302261,0.06271068723702125,0.11027684467067218,0.026847626163012877,,0.9999996647345563,4.406097391567225e-09,4.406097391567225e-09,3.6787861342541454e-09,,1.2251610931599486e-12,0.9999999955939026,7.585973278963461e-14,,,,,,1.5893391424973748e-13,0.0,0.0,1.7477015598164352e-13,1.7477015598164352e-13,0.7999999009654124,0.30073748691964636,767,0.7068036859938992,0.3588215173006401,786,0,0.1666666394017708,0.23713383959280127,767,0.0,0.17833698034206716,0.3146346997522929,813,21.761969886325396,0.9771887108109797,783.25,782.8035499740664,0.578085969661255,657,db,0.573477938514061,0.8443824841957417,0.34525069778143475,3,493.5,8.969245743058936e-14,0.9999999999705129,9.863779615896058e-27,0.950225053144437,0.7432845038444352,0.00016427770267103767,0.09049565661727149,0.0002614934985440938,0.9999999997234437,2.0315811923854454e-05,4.745570603148508e-11,4.745570603148508e-11,3.962224992548613e-11,,1.2251610931599486e-12,0.003126132840347795,7.585973278963461e-14,,,,,0.0,,7.374542113937972e-14,0.0,0.0,1.4238426238064856e-13,1.4238426238064856e-13,1.0,0.2015691612048555,0.05751224468502585,1751,1.6781622825870997,0.7757895082340176,934,577.7062402294093,0.6972189516617351,1342.5,1218.2003724394785,0.4968012997302386,1557,0.49117026184683504,0.8233619396015222,0.4091722348267588,4,1168.75,,,,,,,,,,,,,6.02229065879172e-19,0.9999999999715824,9.863779615896058e-27,0.9638952357333438,0.22977586278379794,0.0012998431292255291,0.06846164253822229,0.9999999999999999,0.0002614934985440938,0.9999999999999541,9.960751159770467e-05,3.843648489765261e-14,3.843648489765261e-14,3.209173378426744e-14,,0.0,9.572760819061336e-19,0.004567040150618456,7.054128794466933e-19,,,,,0.13043478260869565,,2.3332883504384434e-21,0.7209302325581395,0.7209302325581395,4.770970844811595e-19,4.770970844811595e-19,1.0,0.3986733618839274,0.12417638082767558,1871,1.8213642488026809,0.8841071534328818,693,832.971788237753,0.6107608466178724,1282.0,1011.3907956318253,0.5058477130285624,1798,1009.0473684210526,935.5,610.6543869996938,760,0.4758535102197843,0.8532293215616218,0.41093374637766444,5,1349.75
rbio3.7,1.0,symmetric,2.9503857385890242e-27,322.5486107413574,4966025.405554179,0.5454545454545454,131.43803064640593,206,smoothed,3.6932700694909105e-14,-2.050122294150474e-10,6.329855370180931,30342.00601320787,0.9628721982205112,0.00014966566451320274,0.9999999999999999,362.40000000000003,,,,[],[],11,426.59999999999997,32.20000000000002,728.4,"[9, 31, 53, 64, 80, 102, 131, 148, 158, 175, 192]","[310.9999999999999, 417.79999999999995, 589.6000000000001, 432.20000000000005, 728.4, 371.0, 587.0000000000001, 32.20000000000002, 448.2, 368.0, 407.2000000000001]","[0, 0, 0, 60, 0, 94, 120, 144, 144, 165, 186]","[20, 40, 75, 75, 204, 120, 204, 149, 204, 186, 204]",30736475.839999996,728.4,-728.4,0.0,,,,DWT,mdp.39015067403892,0.0,,0.0,15.0,11.0,0.0,33.0,,0.0,168.40000000000003,987.7999999999993,168.40000000000003,,0.0,168.40000000000003,,,28.00000000000003,0.0,15.0,0.0,0.0,,5.684341886080802e-14,3.229904953295183e-14,3.846709253140972e-27,0.9902697766342614,0.28201911138031627,0.06409465805358266,0.22243588485764182,0.015683553471871288,,0.9999996647345563,4.4059199552998455e-09,4.4059199552998455e-09,3.6787269888316428e-09,,6.125805465799743e-13,0.9999999955940747,0.0,,,,,,0.0,0.0,0.0,0.0,0.0,0.7999999009648806,0.3007374869194464,796,0.8624665260293213,0.4378465387537952,318,0,0.16666663940165086,0.23713383959263062,789,0.0,0.2249289977711009,0.39683562850256887,356,263.4557205047305,0.7238409638315194,564.75,471.84548802115023,0.5659299158780239,699,rbio,0.7685897546424816,0.816051598246696,0.21717169227625407,5,525.5,2.831726358940248e-14,0.9999999999705138,1.2910108358706738e-27,0.9763546867921004,0.790432244482149,0.0001679031699769397,0.18253588516746408,0.00015275642032788056,0.9999999997235391,2.0315811923854454e-05,4.745387416349445e-11,4.745387416349445e-11,3.962169481397382e-11,,6.125805465799743e-13,0.0031261328403482946,0.0,,,,,0.0,,0.0,0.0,0.0,0.0,0.0,1.0,0.20156916120441642,0.05751224468490058,1834,1.7541883424170182,0.810935226964805,210,1148.3414126469531,0.3981439137070476,1022.0,376.8493150684931,0.43125225035457204,1836,0.3888041033402703,1.0,0.4278371276618108,3,1377.75,,,,,,,,,,,,,1.9013281259349356e-19,0.9999999999715831,1.2910108358706738e-27,0.982848631423761,0.24435091813246262,0.0013006909160276055,0.1380917823889005,0.9999999999999999,0.00015275642032788056,0.9999999999999541,9.960751159770467e-05,3.8434858594393884e-14,3.8434858594393884e-14,3.20911916831812e-14,,0.0,4.786380409530668e-19,0.004567040150618464,0.0,,,,,0.13043478260869565,,0.0,0.7209302325581395,0.7209302325581395,0.0,0.0,1.0,0.3986733618839274,0.12417638082767558,1775,1.8678327988936496,0.906663420018265,133,1161.069334708311,0.45744423611761165,954.0,247.45807127882603,0.5058249217971236,1799,818.67,599.5,715.6978453131971,300,0.38607403914171184,1.0,0.42974817260080167,3,1350.0
sym5,1.0,constant,2.3018807228432367e-21,265.8509643092872,6010449.781872845,0.616822429906542,272.53783765416966,206,raw,3.8106169783799206e-11,,6.2818473085854265,64827.542782627286,0.7841076072033771,5.618943883691699e-06,1.0,327.0000000000802,,,,[],[],13,661.1538461537673,86.99999999998622,939.9999999999015,"[8, 32, 51, 63, 81, 100, 111, 133, 152, 162, 175, 192, 204]","[877.9999999999828, 637.9999999998365, 786.9999999998358, 791.9999999999402, 939.9999999999015, 787.9999999999354, 636.9999999998969, 674.9999999999363, 770.9999999999488, 195.99999999990348, 833.9999999998744, 571.9999999999959, 86.99999999998622]","[0, 13, 39, 39, 76, 99, 107, 107, 107, 161, 99, 187, 203]","[76, 39, 61, 76, 205, 164, 119, 142, 164, 164, 205, 205, 205]",37754612.99999757,940.9999999999696,-940.9999999999696,0.0,,,,DWT,mdp.39015067403892,2.428889274597168e-06,,0.0,33.0,19.0,0.0,28.5,,3.035438567167148e-11,256.3413461537673,4359.000000001026,256.34134615377343,,0.0,256.3413461537673,,,83.99999999998622,0.0,19.5,9.845280146691948e-11,3.035438567167148e-11,,8.020606401260011e-11,4.8129458776022616e-11,1.6289624241135183e-21,0.7671275357391117,0.7738478675086533,0.0003089052021855134,0.4475967957276365,0.0005738606852081539,,0.4742280245955872,6.634869444287231e-09,6.634869444287231e-09,6.025656994534548e-09,,4.034437643258247e-09,0.9999999933651373,1.1788826591529258e-10,,,,,,2.4041007291437787e-11,1.0,0.0,3.801659805563317e-11,3.801659805563317e-11,0.7422684119532538,0.2426715943606844,661,1.026623170378463,0.49309058539688666,915,0,0.20618567012570999,0.2463543452400858,668,0.125,0.2779578521301321,0.5048678262687174,923,146.9997165530147,0.845912246799775,791.75,771.2798394143457,0.5079928110309146,854,sym,0.8243425715244881,0.7368036147090654,0.2019191155201387,6,642.0,4.8129458776022616e-11,0.0001547883299760633,1.6289624241135185e-21,0.7671275357391116,0.7738478675086533,0.0013420654065814874,0.5848253812100342,0.0029382036697180635,,0.9919828214559575,0.9855281704443626,0.9855281704443626,0.9855281704443193,,8.643511512243438e-10,0.9999999999670635,6.569452859582357e-11,,,,,1.0,,2.4041007291437787e-11,1.0,0.25,3.801659805563317e-11,3.801659805563317e-11,0.0,2.2095702003124824,0.6304403969809841,669,1.0830233583664168,0.5006656193570057,1857,840.0428560496184,0.5597259664310176,1263.0,983.6365795724465,0.4488881404482132,1758,0.7763846615972358,0.5622554397616224,0.28785410495344815,6,1320.0,,,,,,,,,,,,,3.2315938073594325e-16,0.03641360043842736,1.6289624241135185e-21,0.8310835880803151,0.23922409319785554,0.0015752594512532497,0.44243124689411334,1.0,0.0029382036697180635,,0.0008499884728389375,0.00079822102273941,0.00079822102273941,0.000798221022733127,,0.0,6.753582757847775e-16,0.02016391057305457,6.108875536008364e-16,,,,,0.4782608695652174,,7.606520022429326e-19,1.0,0.7906976744186046,1.273849215564696e-16,1.273849215564696e-16,0.9302325581395349,0.5674759776446976,0.1767540042745113,708,1.2081216895298041,0.5864335091856926,1874,824.4865068635144,0.6147259313721896,1291.0,1027.724244771495,0.5057274516674032,1800,1409.1368421052632,1454.5,398.32527672708756,380,0.6645304607900322,0.5565550872278735,0.3678621512786154,7,1351.75
sym14,1.0,smooth,3.471837275984204e-21,264.06619885130664,19678170.624147817,0.646551724137931,320.93335876965205,206,raw,4.61842430534321e-11,,5.232426888537279,420863.7185889713,0.9691477182276245,5.618943883692739e-06,0.9999999999999996,327.0000000000741,,,,[],[],13,661.1538461537002,86.99999999995276,939.9999999997809,"[8, 32, 51, 63, 81, 100, 111, 133, 152, 162, 175, 192, 204]","[877.9999999999501, 637.9999999998067, 786.9999999997985, 791.9999999998113, 939.9999999997809, 787.9999999998262, 636.9999999998422, 674.9999999999168, 770.9999999998319, 195.9999999999108, 833.9999999997879, 571.999999999888, 86.99999999995276]","[0, 13, 39, 39, 76, 99, 107, 107, 107, 161, 99, 187, 203]","[76, 39, 61, 76, 205, 164, 119, 142, 164, 164, 205, 205, 205]",37754612.99999484,940.9999999998647,-940.9999999998647,0.0,,,,DWT,mdp.39015067403892,5.163252353668213e-06,,0.0,33.0,19.0,0.0,28.5,,1.3528733688872308e-10,256.3413461537002,4359.000000001897,256.34134615371397,,0.0,256.3413461537002,,,83.99999999995276,0.0,19.5,2.190745362895541e-10,1.3528733688872308e-10,,7.412381819449365e-11,5.83362444975801e-11,2.456901151047208e-21,0.7605413471480482,0.411325756193239,0.01569031969240381,0.6705665024630543,0.029399616512222324,,0.4742280245567266,6.582927920076663e-09,6.582927920076663e-09,5.979613914570467e-09,,3.728495171374028e-09,0.9999999934170382,2.623218111071234e-10,,,,,,5.110557684959014e-11,1.0,0.0,1.694372722329718e-10,1.694372722329718e-10,0.742268411907914,0.24267159434586136,672,0.949819293839262,0.4562014233984256,943,0,0.2061856701250026,0.2463543452392406,670,0.125,0.26339622029532916,0.4784188544011393,941,156.46618377996782,0.8359893251782308,806.5,783.7332719290484,0.4953007422536856,889,sym,0.8243425715244881,0.7368036147090654,0.2019191155201387,6,668.25,5.833624449758011e-11,0.00015478832998322423,2.4569011510472083e-21,0.7605413471480482,0.4113257561932392,0.016707583520987987,0.7524047186932851,0.03169576638982638,,0.9919828214553649,0.9855281704436109,0.9855281704436109,0.985528170443653,,7.988050327402866e-10,0.9999999999673211,1.461817050856259e-10,,,,,1.0,,5.110557684959014e-11,1.0,0.25,1.694372722329718e-10,1.694372722329718e-10,0.0,2.209570200385354,0.630440397001776,657,0.984028108695683,0.4549015851772086,1901,879.6408357960652,0.5389723082829847,1279.0,976.5105551211885,0.4343184392567963,1823,0.7763846615972358,0.5622554397616224,0.28785410495344815,6,1368.75,,,,,,,,,,,,,3.916915985701943e-16,0.03641360043843432,2.4569011510472083e-21,0.8263062291574395,0.1271555239288031,0.005168364109307922,0.5692081235799366,0.9999999999999997,0.03169576638982639,,0.0008499884728384892,0.0007982210227388012,0.0007982210227388012,0.0007982210227325873,,0.0,6.241440054027993e-16,0.0201639105730586,1.3593306186937781e-15,,,,,0.4782608695652174,,1.6169688268538411e-18,1.0,0.7906976744186046,5.677455305325797e-16,5.677455305325797e-16,0.9302325581395349,0.5674759776446995,0.17675400427451188,683,1.2132313176329546,0.5889137702100026,1870,839.3357492684319,0.6077870330521347,1276.5,1000.5562083822952,0.5056458529746655,1801,1409.1368421052632,1454.5,398.32527672708756,380,0.6645304607900322,0.5565550872278735,0.3678621512786154,7,1352.5
coif10,1.0,periodization,2.060025239930209e-26,314.10867332762405,4963039.958441583,0.529126213592233,101.68877223439473,206,smoothed,9.781368858751626e-14,-2.0852417570438362e-10,6.193074425629124,31688.237398435296,0.983591217682491,0.0001496656645132029,0.9999999999999997,362.39999999999986,,,,[],[],11,426.59999999999997,32.19999999999996,728.4,"[9, 31, 53, 64, 80, 102, 131, 148, 158, 175, 192]","[310.9999999999998, 417.79999999999984, 589.5999999999999, 432.20000000000005, 728.4, 371.00000000000045, 587.0000000000001, 32.19999999999996, 448.2, 368.0000000000001, 407.20000000000005]","[0, 0, 0, 60, 0, 94, 120, 144, 144, 165, 186]","[20, 40, 75, 75, 204, 120, 204, 149, 204, 186, 204]",30736475.84,728.4,-728.4,0.0,,,,DWT,mdp.39015067403892,3.725290298461914e-09,,0.0,15.0,11.0,0.0,33.0,,0.0,168.40000000000003,987.7999999999993,168.40000000000003,,0.0,168.40000000000003,,,27.99999999999997,0.0,15.0,0.0,0.0,,1.1368683772161603e-13,1.6604605218864725e-13,5.550080289758724e-26,0.9582029696335862,0.08472572138809412,0.06281343887692019,0.11027684467067218,0.026847626163012905,,0.9999996646849938,4.4059199552998455e-09,4.4059199552998455e-09,3.6787269888316428e-09,,1.2251610931599486e-12,0.9999999955940747,0.0,,,,,,7.946695712486874e-14,0.0,0.0,0.0,0.0,0.7999999009503578,0.30073748691398694,851,0.7035411502461828,0.357165232747459,792,0,0.16666663939757834,0.23713383958683623,852,0.0,0.1775523715332074,0.3132504374611793,821,28.554042329122744,0.9700691380197874,829.0,828.2516452293586,0.5505481958442753,746,coif,0.5556920286951962,0.9053407607371553,0.33941335169221604,4,560.5,1.0524144800755353e-13,0.9999999999705149,1.3781225189889887e-26,0.945209407027152,0.74318128970812,0.00016454687215541105,0.09049565661727149,0.0002614934985440938,0.9999999997234863,2.0315811922799742e-05,4.745387416349445e-11,4.745387416349445e-11,3.962169481397382e-11,,1.2251610931599486e-12,0.0031261328403482946,0.0,,,,,0.0,,3.687271056968986e-14,0.0,0.0,0.0,0.0,1.0,0.20156916120474086,0.05751224468499315,1792,1.6751014224333358,0.7743745180283023,956,591.1412690719537,0.6901775319329383,1374.0,1246.835516739447,0.48502587288470816,1601,0.4784248188775415,0.776734912893196,0.43208215291776214,2,1201.25,,,,,,,,,,,,,7.066308666412457e-19,0.9999999999715842,1.3781225189889887e-26,0.9602570857774025,0.22974395559738328,0.00129990607237661,0.06846164253822229,0.9999999999999997,0.0002614934985440938,0.9999999999999541,9.960751159770391e-05,3.8434858594393884e-14,3.8434858594393884e-14,3.20911916831812e-14,,0.0,9.572760819061336e-19,0.004567040150618464,0.0,,,,,0.13043478260869565,,1.1666441752192217e-21,0.7209302325581395,0.7209302325581395,0.0,0.0,1.0,0.3986733618839274,0.12417638082767558,1875,1.819165436707485,0.8830398295828088,709,824.4865068635144,0.6147259313721896,1292.0,1028.9280185758514,0.50549380680759,1802,986.6382352941176,846.0,585.0035688138154,340,0.4652856568234462,0.8173890317607586,0.42908333069536003,4,1352.5
bior3.9,1.0,constant,2.621605518319398e-27,323.0617253170714,5133748.9260752285,0.5491071428571429,53.9903604600395,206,smoothed,3.1731359718861815e-14,-2.0397732392041275e-10,6.139985087784198,41329.39639904995,0.9942887729352711,0.0001496656645132028,0.9999999999999999,362.4,,,,[],[],11,426.6,32.19999999999999,728.4000000000001,"[9, 31, 53, 64, 80, 102, 131, 148, 158, 175, 192]","[311.0, 417.8000000000002, 589.6, 432.20000000000005, 728.4000000000001, 371.00000000000006, 587.0, 32.19999999999999, 448.20000000000005, 368.0, 407.19999999999993]","[0, 0, 0, 60, 0, 94, 120, 144, 144, 165, 186]","[20, 40, 75, 75, 205, 120, 205, 149, 205, 186, 205]",30736475.83999999,728.4000000000001,-728.4000000000001,0.0,,,,DWT,mdp.39015067403892,7.450580596923828e-09,,0.0,15.0,11.0,0.0,33.0,,1.1368683772161603e-13,168.4000000000001,987.7999999999984,168.40000000000003,,0.0,168.4000000000001,,,28.0,0.0,15.0,1.1368683772161603e-13,1.1368683772161603e-13,,0.0,2.0872431972742213e-14,2.8845011745920736e-27,0.9922193107672849,0.0081494448446848,0.13607402421360648,0.24752551571027778,0.10680015222266412,,0.999999664709775,4.4059791007223055e-09,4.4059791007223055e-09,3.6787269888316428e-09,,0.0,0.9999999955939887,7.585973278963461e-14,,,,,,1.5893391424973748e-13,0.0,0.0,1.7477015598164352e-13,1.7477015598164352e-13,0.7999999009573198,0.3007374869166041,839,0.8091735881626996,0.4107914268384974,473,0,0.1666666393995861,0.23713383958969286,835,0.0,0.21296692110836274,0.3757312877653004,465,212.49627447714622,0.7772575739233268,653.0,601.1238813835201,0.5463856003788542,760,bior,0.8100315533562081,0.7923003667562746,0.1952878026237719,6,571.5,2.1745279028821235e-14,0.999999999970514,1.0583441814720862e-27,0.9782481957399372,0.7248415866909089,0.00035646122018286193,0.20312500000000047,0.0010402240138541968,0.9999999997235548,2.0315811923354854e-05,4.745454029730922e-11,4.745454029730922e-11,3.962169481397382e-11,,0.0,0.0031261328403480726,7.585973278963461e-14,,,,,0.0,,7.374542113937972e-14,0.0,0.0,1.4238426238064856e-13,1.4238426238064856e-13,1.0,0.20156916120424204,0.05751224468485082,1867,1.7312140308856327,0.8003145438342846,436,1011.8698038779495,0.4696699141100894,1151.5,706.9144594007815,0.4330791918558833,1828,0.5943810304597339,0.7715092316736338,0.3524805091760961,5,1372.25,,,,,,,,,,,,,1.4600602382807201e-19,0.9999999999715835,1.0583441814720862e-27,0.9842221074095181,0.22407449651114855,0.0013447837219755798,0.15366782959970654,0.9999999999999999,0.001040224013854197,0.9999999999999541,9.960751159770423e-05,3.8435400695480126e-14,3.8435400695480126e-14,3.20911916831812e-14,,0.0,0.0,0.00456704015061846,7.054128794466933e-19,,,,,0.13043478260869565,,2.3332883504384434e-21,0.7209302325581395,0.7209302325581395,4.770970844811595e-19,4.770970844811595e-19,1.0,0.3986733618839274,0.12417638082767558,1781,1.8651261259991538,0.9053495758107708,159,1146.92719908458,0.46405271070814014,970.0,291.93711340206187,0.5053908413353785,1803,1104.4,1082.5,563.6960149978129,300,0.520820561188399,0.7876173146100969,0.3991404127850916,6,1353.75
sym5,1.0,zero,2.3018280123523295e-21,265.8510637589989,6010782.571509815,0.616822429906542,272.53783765416966,206,raw,3.8096511921371396e-11,,6.2811476793304495,65081.73229102408,0.7850036241591081,5.618943883691699e-06,1.0,327.0000000000802,,,,[],[],13,661.1538461537674,86.99999999998622,939.9999999999015,"[8, 32, 51, 63, 81, 100, 111, 133, 152, 162, 175, 192, 204]","[877.999999999985, 637.9999999998365, 786.9999999998358, 791.9999999999402, 939.9999999999015, 787.9999999999354, 636.9999999998969, 674.9999999999363, 770.9999999999488, 195.99999999990348, 833.9999999998744, 571.9999999999959, 86.99999999998622]","[0, 13, 39, 39, 76, 99, 107, 107, 107, 161, 99, 187, 203]","[76, 39, 61, 76, 205, 164, 119, 142, 164, 164, 205, 205, 205]",37754612.99999757,940.9999999999696,-940.9999999999696,0.0,,,,DWT,mdp.39015067403892,2.428889274597168e-06,,0.0,33.0,19.0,0.0,28.5,,3.035438567167148e-11,256.3413461537674,4359.000000001024,256.3413461537736,,0.0,256.3413461537674,,,83.99999999998622,0.0,19.5,9.845280146691948e-11,3.035438567167148e-11,,8.020606401260011e-11,4.811725589929216e-11,1.6289251226798705e-21,0.7671279027310623,0.7736061806977175,0.0003092797178347097,0.4475967957276365,0.000594440629609141,,0.4742280245955872,6.634957480768944e-09,6.634957480768944e-09,6.025789049257199e-09,,4.034437643258247e-09,0.999999993365029,1.1788826591529258e-10,,,,,,2.4041007291437787e-11,1.0,0.0,3.801659805563317e-11,3.801659805563317e-11,0.7422684119532921,0.2426715943606969,660,1.026510966403747,0.49303669344785134,916,0,0.20618567012572664,0.2463543452401057,667,0.125,0.27792637136456827,0.5048106462842066,924,148.15391771172753,0.8447023923357153,791.75,770.957115829132,0.5073878837988849,858,sym,0.8243425715244881,0.7368036147090654,0.2019191155201387,6,645.0,4.811725589929216e-11,0.0001547883299760633,1.6289251226798705e-21,0.7671279027310623,0.7736061806977176,0.001342439535176456,0.5848253812100342,0.002958734928132911,,0.9919828214559575,0.9855281704443638,0.9855281704443638,0.9855281704443213,,8.643511512243438e-10,0.9999999999670629,6.569452859582357e-11,,,,,1.0,,2.4041007291437787e-11,1.0,0.25,3.801659805563317e-11,3.801659805563317e-11,0.0,2.2095702003124833,0.6304403969809844,668,1.0829111347237792,0.500613740033154,1858,841.4570696119915,0.5589847643543021,1263.0,982.695170229612,0.44851753940985545,1761,0.7763846615972358,0.5622554397616224,0.28785410495344815,6,1322.25,,,,,,,,,,,,,3.230774460084874e-16,0.03641360043842736,1.6289251226798705e-21,0.8310838542816614,0.2391493791479608,0.0015753469382606702,0.44243124689411334,1.0,0.002958734928132911,,0.0008499884728389375,0.000798221022739411,0.000798221022739411,0.0007982210227331285,,0.0,6.753582757847775e-16,0.02016391057305456,6.108875536008364e-16,,,,,0.4782608695652174,,7.606520022429326e-19,1.0,0.7906976744186046,1.273849215564696e-16,1.273849215564696e-16,0.9302325581395349,0.5674759776446976,0.1767540042745113,706,1.2080927484725346,0.586419460927209,1875,826.607827207074,0.6137346601836102,1290.5,1025.7652072839985,0.5053486385030201,1804,1409.1368421052632,1454.5,398.32527672708756,380,0.6645304607900322,0.5565550872278735,0.3678621512786154,7,1354.75
db21,1.0,periodization,1.7829529521852566e-26,314.7359999089986,4961627.1189286085,0.529126213592233,102.1838812713351,206,smoothed,9.18783589891493e-14,-2.0168404724074708e-10,6.19483792378116,31688.237398435285,0.982572396518602,0.00014966566451320276,0.9999999999999999,362.4000000000001,,,,[],[],11,426.6,32.19999999999999,728.3999999999999,"[9, 31, 53, 64, 80, 102, 131, 148, 158, 175, 192]","[310.9999999999999, 417.8000000000002, 589.6, 432.20000000000005, 728.3999999999999, 371.0000000000002, 587.0, 32.19999999999999, 448.20000000000005, 367.99999999999966, 407.19999999999953]","[0, 0, 0, 60, 0, 94, 120, 144, 144, 165, 186]","[20, 40, 75, 75, 205, 120, 205, 149, 205, 186, 205]",30736475.839999996,728.3999999999999,-728.3999999999999,0.0,,,,DWT,mdp.39015067403892,0.0,,0.0,15.0,11.0,0.0,33.0,,1.1368683772161603e-13,168.4000000000001,987.7999999999984,168.39999999999998,,0.0,168.4000000000001,,,28.0,0.0,15.0,1.1368683772161603e-13,1.1368683772161603e-13,,1.1368683772161603e-13,1.530069644367284e-13,4.7392006285930274e-26,0.9605864423331111,0.0872693982854878,0.06220711191506149,0.11027684467067218,0.026847626163012814,,0.999999664709775,4.4059791007223055e-09,4.4059791007223055e-09,3.67866784340914e-09,,1.2251610931599486e-12,0.9999999955939887,7.585973278963461e-14,,,,,,0.0,0.0,0.0,1.7477015598164352e-13,1.7477015598164352e-13,0.7999999009578351,0.30073748691679786,821,0.7059399088336612,0.35838300539501755,788,0,0.16666663939967002,0.2371338395898123,817,0.0,0.17816963190964266,0.31433945182508843,815,15.041608956491324,0.9842331143013717,810.25,810.036940482819,0.5674572280102246,695,db,0.573477938514061,0.8443824841957417,0.34525069778143475,3,522.0,9.774205608880425e-14,0.999999999970514,1.1820478215412102e-26,0.9475243841322082,0.7437904898543755,0.00016295853044285408,0.09049565661727149,0.00026149349854409296,0.9999999997235893,2.0315811923354854e-05,4.745454029730922e-11,4.745454029730922e-11,3.962102868015904e-11,,1.2251610931599486e-12,0.0031261328403480726,7.585973278963461e-14,,,,,0.0,,0.0,0.0,0.0,1.4238426238064856e-13,1.4238426238064856e-13,1.0,0.20156916120481755,0.05751224468501503,1766,1.6767942145986796,0.7751570707141306,944,581.2417741353421,0.6953659464699464,1355.0,1230.3350553505536,0.4925991157926252,1572,0.49117026184683504,0.8233619396015222,0.4091722348267588,4,1180.0,,,,,,,,,,,,,6.562771142826901e-19,0.9999999999715833,1.1820478215412102e-26,0.9619362779803253,0.22993228118266032,0.0012995346512528001,0.06846164253822229,0.9999999999999999,0.00026149349854409296,0.9999999999999541,9.960751159770423e-05,3.8435400695480126e-14,3.8435400695480126e-14,3.2090649582094954e-14,,0.0,9.572760819061336e-19,0.00456704015061846,7.054128794466933e-19,,,,,0.13043478260869565,,0.0,0.7209302325581395,0.7209302325581395,4.770970844811595e-19,4.770970844811595e-19,1.0,0.3986733618839274,0.12417638082767558,1874,1.820266929111315,0.8835745042445731,700,830.1433611130068,0.6120825415359781,1287.0,1019.2696192696192,0.5053403361885498,1805,1009.0473684210526,935.5,610.6543869996938,760,0.4758535102197843,0.8532293215616218,0.41093374637766444,5,1355.0
db30,,,,6.7343083267631085,950076.6841668048,0.6456310679611651,146.272068185011,206,raw,164.02659220765383,,7.381342040711229,123196.58906353095,1.0,2.845975624067901e-06,0.12503914746096098,480.2655471530557,,,,[],[],15,853.8675947219396,61.60562423074151,1774.1024359498829,"[9, 20, 31, 45, 56, 77, 91, 102, 112, 124, 136, 153, 175, 186, 197]","[1071.6838012227286, 404.2158739596126, 959.1666205304158, 254.03882723268117, 1318.5677355149392, 1774.1024359498829, 123.63610809192073, 1311.1931277341437, 776.9422500809682, 1102.852321856215, 160.72354238639443, 1113.6731936463775, 1162.163225496754, 61.60562423074151, 1213.4492328953174]","[5, 19, 22, 41, 22, 22, 89, 93, 109, 109, 135, 147, 147, 185, 147]","[22, 22, 36, 46, 60, 147, 93, 147, 117, 147, 147, 172, 195, 188, 205]",75548743.9819713,1535.9664416539629,-1535.9664416539629,0.0,,,,SWT,mdp.39015067403892,37794130.98197129,,0.0,-11.0,17.0,0.0,-15.5,,594.9664416539629,449.05509472193955,145.98607917090703,449.0550947219395,,0.0,449.05509472193955,,,58.60562423074151,0.0,-24.5,834.1024359498829,594.9664416539629,,153.2655471530557,0.6790877943908769,,0.12797534608723032,0.594363102716258,0.1335686943261191,0.40000000000000036,0.10371463086228533,,0.037899187591761294,0.07583621972857266,0.07583621972857266,0.07583621972857243,,0.33215408703634164,0.03537800123176299,0.6229234447441886,,,,,,0.21031454530721114,0.2542372881355932,0.030000000000000027,0.46773624504740996,0.46773624504740996,1.0930256200255193,0.36746618043143087,96,0.9536943722653581,0.5419578282437053,74,0,0.21822584688849314,0.3630666772815992,93,0.0,0.32971960813670076,0.5712750795920004,74,11.89887949906769,0.8877464198201162,84.25,82.99378179762577,0.5464675495326996,82,db,0.9380878725805777,0.8243093411562624,0.09604568684671688,4,62.5,0.6951439403247971,0.011955197640463211,,0.12797534608723032,0.5943631027162581,0.28352273872538974,0.40000000000000036,0.5846738746365739,,0.05811960967933712,0.3485462657934791,0.3485462657934791,0.34826994228943775,,0.33215408703634164,0.03537800123176296,0.7000894963161843,,,,,0.75,,0.47208623811855766,0.25423728813559315,0.02542372881355931,0.5396359315833121,0.5396359315833121,0.17796610169491525,1.6803122310853664,0.5514193631071442,92,1.2485704884089723,0.6421925511473019,131,27.577164466275352,0.869919035536437,111.5,108.08968609865472,0.671987819655011,79,0.9080317387829661,0.7281573716544635,0.1459305713555847,6,60.75,,,0.269327688574135,0.4000000000000001,0.18750000000000006,,0.317107671979006,1.0,False,False,0.0,0.0,0.001391557834718135,0.017864101431205943,,0.13749482380397315,0.3566401441858337,0.000244938883640919,0.5652820998511706,0.31710767197900613,0.007652756918512067,,0.000509712471055873,0.0025474342449438247,0.0025474342449438247,0.0025474342449374964,,0.0,0.0012905402719454882,0.0006723846442794048,0.005175503276269195,,,,,0.3913043478260869,,1.1835937399507849e-05,0.3178294573643411,0.10852713178294571,0.0024968304191230395,0.0024968304191230395,0.24806201550387597,0.25578926994029894,0.0796717032852257,2069,0.622733145096374,0.30228046291201066,2109,28.284271247461902,0.986783050818943,2089.0,2088.80852082336,0.5053074132599388,1806,1009.0473684210526,935.5,610.6543869996938,760,0.4758535102197843,0.8532293215616218,0.41093374637766444,5,1355.75
sym19,1.0,reflect,3.8073682055454093e-19,243.6655436796397,6810782.515942074,0.640495867768595,319.8935856979653,206,raw,4.989229223936499e-10,,6.576038889532814,60561.31909928858,0.7459008374595706,5.61894388366406e-06,1.0,327.00000000008595,,,,[],[],13,661.1538461554296,86.99999999990294,940.0000000026114,"[8, 32, 51, 63, 81, 100, 111, 133, 152, 162, 175, 192, 204]","[878.00000000215, 638.0000000014234, 787.0000000017461, 792.0000000023359, 940.0000000026114, 788.0000000020118, 637.0000000015009, 675.0000000008179, 771.0000000018094, 196.00000000050403, 834.0000000022467, 572.000000001524, 86.99999999990294]","[0, 13, 39, 39, 76, 99, 107, 107, 107, 161, 164, 187, 203]","[76, 39, 61, 76, 205, 164, 119, 142, 164, 164, 205, 205, 205]",37754613.00005738,941.0000000017775,-941.0000000017775,0.0,,,,DWT,mdp.39015067403892,5.73769211769104e-05,,0.0,33.0,19.0,0.0,28.5,,1.7774937077774666e-09,256.3413461554296,4358.9999999794145,256.34134615542956,,0.0,256.3413461554296,,,83.99999999990294,0.0,24.0,2.61138666246552e-09,1.7774937077774666e-09,,8.594724931754172e-11,6.303794203447003e-10,2.6943458432546923e-19,0.6852583110824111,0.8754763007074025,0.001209585692727303,0.625147579693034,0.00022845443001279252,,0.4742280244988484,7.922138879892193e-09,7.922138879892193e-09,7.308128442673668e-09,,4.323224462513444e-09,0.9999999920778001,3.126897769138881e-09,,,,,,5.679134881943633e-10,1.0,0.5,2.22617794232144e-09,2.22617794232144e-09,0.7922684152337656,0.2590182155003233,235,1.0996483436878441,0.5281648234374693,888,0,0.24785233768328718,0.2961384286743269,235,0.125,0.3062243188908524,0.5562095297695079,889,377.2986217838597,0.604508782197212,561.75,371.69111912641324,0.5078361521048953,856,sym,0.8243425715244881,0.7368036147090654,0.2019191155201387,6,643.5,6.303794203447003e-10,0.00015478832978416124,2.694345843254693e-19,0.685258311082411,0.8754763007074026,0.0022418150623438678,0.7182688125271857,0.002593614542296483,,0.9919828214544824,0.9855281704629917,0.9855281704629917,0.9855281704628791,,9.262217864289212e-10,0.999999999960673,1.742498062177907e-09,,,,,1.0,,5.679134881943633e-10,1.0,0.5,2.22617794232144e-09,2.22617794232144e-09,0.0,2.2345702023421277,0.6375734634940399,235,1.1384054520501616,0.5262679390311477,1820,1120.764248180678,0.41259735420299903,1027.5,416.25304136253044,0.43703767081219136,1814,0.7763846615972358,0.5622554397616224,0.28785410495344815,6,1362.0,,,,,,,,,,,,,4.23260573228725e-15,0.036413600438242474,2.694345843254693e-19,0.7716989127836956,0.27064108198320974,0.0017856587788341257,0.543383677490269,1.0,0.002593614542296483,,0.0008499884728378215,0.0007982210227544985,0.0007982210227544985,0.0007982210227481593,,0.0,7.237007179210371e-16,0.020163910572954583,1.6203333840890547e-14,,,,,0.4782608695652174,,1.7968653586726452e-17,1.0,0.8604651162790697,7.459412915862928e-15,7.459412915862928e-15,0.9302325581395349,0.5744527218307182,0.17892707859000268,600,1.2285477149957396,0.5963484920028348,1857,888.8332239514903,0.584657371985285,1228.5,906.9597069597069,0.5052959757122686,1807,1409.1368421052632,1454.5,398.32527672708756,380,0.6645304607900322,0.5565550872278735,0.3678621512786154,7,1357.0
sym7,,,,12.59014819942957,34339.49964523712,0.6747572815533981,28.035190709104974,206,smoothed,143.35869014459342,,7.194949550072773,90447.61084388642,1.0,7.073799501375636e-05,0.9591268837246267,492.93734698354444,,,,[],[],10,674.4080300614577,418.93818874586225,1048.7804575413238,"[10, 29, 54, 65, 81, 102, 131, 158, 176, 193]","[690.4215334382197, 418.93818874586225, 820.1621924521377, 625.491842429796, 1048.7804575413238, 570.993321603288, 863.1664387022065, 634.5980403527187, 506.46514216485036, 565.063143184174]","[1, 21, 1, 60, 1, 95, 122, 145, 166, 187]","[38, 38, 76, 76, 205, 122, 205, 205, 187, 205]",61447203.194186985,1068.9920831230527,-1068.9920831230527,0.0,,,,SWT,mdp.39015067403892,30710727.35418699,,0.0,-17.0,12.0,0.0,-3.5,,340.5920831230527,416.20803006145775,1063.6803006145783,416.2080300614577,,0.0,416.20803006145775,,,414.73818874586226,0.0,1.0,320.38045754132384,340.5920831230527,,130.53734698354447,0.418609011846734,,0.8990702577528296,0.16798317912892147,0.028513923853503518,0.5555555555555558,0.3580760374236201,,0.9580331651320346,0.901927333155616,0.901927333155616,0.9018029474857306,,0.16097489240698745,0.3356395288539077,0.5171112368837318,,,,,,0.4871898120766261,0.0,0.3535353535353535,0.5701247400531704,0.5701247400531704,2.566968400164129,0.8240450568305767,8,1.6802054387241854,0.640491531547887,24,0,0.5285594055194631,0.8714366991497896,11,0.0,0.49292160831051895,0.6524725770201795,21,7.702813338860896,0.9273319496333878,16.0,13.106382978723405,0.8881942767034864,10,sym,0.6803648884317847,1.0,0.22374457809775072,3,8.25,0.043008805306982395,0.7869334640557537,,0.7858543194461711,0.33508589177209525,0.00486264545197454,0.5714285714285716,0.05271135992578391,,0.6022498917833675,0.30189069537200347,0.30189069537200347,0.3015945822343704,,0.2447854889057206,0.2587694007765433,0.1277982160960143,,,,,0.3333333333333333,,0.11577128232152323,0.15254237288135591,0.4576271186440678,0.18600161840055743,0.18600161840055743,0.3813559322033898,1.1708720697652009,0.3842390235848195,115,1.5273651998650548,0.78558844962357,64,36.062445840513924,0.8298941233938022,89.5,82.23463687150839,0.7038621560365237,67,0.7190889370932755,0.9859759878661594,0.20084494767485936,5,51.5,,,0.9680992155868862,1.0,0.27,0.5474656853361007,0.9680992155868857,1.0,False,False,0.0,0.0,0.0012162168692323155,0.4720211015687187,,0.15316940375593424,0.336735119136494,4.2009009714803584e-06,0.6894872141794075,0.9680992155868858,0.00500757404337877,,0.005281767758381365,0.002249289871531914,0.002249289871531914,0.002249289871525584,,0.0,0.0010991622475138066,0.004918100668030877,0.001987921430500862,,,,,0.17391304347826086,,9.61763736890535e-06,0.22480620155038766,0.5038759689922481,0.0014293254444571186,0.0014293254444571186,0.43410852713178294,0.2374431622533058,0.07395736801065353,2089,1.0672800993275473,0.5180676908269906,1951,97.58073580374356,0.9544015253253535,2020.0,2017.643069306931,0.5052381458402468,1808,1409.1368421052632,1454.5,398.32527672708756,380,0.6645304607900322,0.5565550872278735,0.3678621512786154,7,1357.75
db29,,,,7.017545516805806,952642.3020611261,0.6407766990291263,146.3686784566592,206,raw,166.10082538061204,,7.378518353859977,123196.58906353095,1.0,2.8519319241950373e-06,0.18962117388937094,509.4720512511559,,,,[],[],15,860.7214746486726,202.29090787435268,1747.3351963849793,"[8, 19, 32, 44, 55, 68, 78, 89, 103, 122, 133, 151, 161, 180, 198]","[1053.4555421913312, 202.29090787435268, 1322.7983140807755, 244.1091741071864, 924.4861527988458, 373.9747665285713, 1747.3351963849793, 271.61060557418944, 1199.8649024835358, 790.1419387259729, 891.453837925004, 1460.5347541063966, 283.4017916488334, 1098.2777218686979, 1047.0865134314147]","[3, 18, 20, 42, 42, 61, 61, 88, 98, 116, 129, 129, 158, 171, 193]","[20, 20, 61, 45, 61, 70, 193, 98, 193, 129, 145, 193, 171, 193, 203]",75472572.81287952,1342.4472772709628,-1342.4472772709628,0.0,,,,SWT,mdp.39015067403892,37717959.81287952,,0.0,-12.5,17.0,0.0,7.0,,401.4472772709628,455.9089746486726,43.17788026991184,455.90897464867237,,0.0,455.9089746486726,,,199.29090787435268,0.0,-15.5,807.3351963849793,401.4472772709628,,182.4720512511559,0.7479831876358888,,0.15979585277016206,0.5904352746751995,0.13451281526256498,0.3714285714285718,0.10371463086228533,,0.2574649933014063,0.08964670044353809,0.08964670044353809,0.08964670044353751,,0.44442568356910517,0.010351726792503957,0.5854321513676439,,,,,,0.20458297216949953,0.2288135593220339,0.21,0.1566860194006006,0.1566860194006006,1.1647307018885689,0.3915728363661039,89,1.0021076280443568,0.5694697269433577,62,0,0.23417792939598148,0.3896064738927452,89,0.0,0.34730427402147745,0.6017424256491377,64,15.033296378372908,0.858176449260633,76.0,73.76543080939948,0.5705976585925807,73,db,0.9380878725805777,0.8243093411562624,0.09604568684671688,4,55.75,0.7605923020490943,0.012023188004990193,,0.15979585277016203,0.5904352746751996,0.28430345980324906,0.37142857142857183,0.5846738746365739,,0.27307081241787085,0.3582814333308922,0.3582814333308922,0.35800923913867294,,0.44442568356910517,0.010351726792503901,0.6702705311124495,,,,,0.75,,0.4682546158965109,0.22881355932203384,0.17796610169491528,0.27060324613688574,0.27060324613688574,0.559322033898305,1.7617278254868936,0.5781370970980949,85,1.2944776502146698,0.6658045439259396,116,21.920310216782973,0.8966023102981935,100.5,98.1094527363184,0.7112728532623043,59,0.9080317387829661,0.7281573716544635,0.1459305713555847,6,45.75,,,0.3232595855156695,0.4000000000000001,0.5892857142857144,,0.36751286467766153,1.0,False,False,0.0,0.0,0.0014091550754094986,0.01790394551629836,,0.1382529770453923,0.3563386000768776,0.0002456133584647212,0.5445812474631311,0.36751286467766164,0.007652756918512067,,0.00239484744200256,0.0026096451535080455,0.0026096451535080455,0.0026096451535017164,,0.0,0.0015364674906941265,0.0001967420966339454,0.005009415838930545,,,,,0.3913043478260869,,1.1812082976464028e-05,0.2945736434108528,0.24806201550387585,0.0016847097640966331,0.0016847097640966331,0.5968992248062015,0.33728338751416026,0.10505500085807301,2019,0.6349365707461407,0.30820411927039015,2101,57.982756057296896,0.9729052541788332,2060.0,2059.1839805825243,0.5051442158744633,1809,1009.0473684210526,935.5,610.6543869996938,760,0.4758535102197843,0.8532293215616218,0.41093374637766444,5,1358.0
bior4.4,1.0,smooth,4.0545211158196394e-20,253.39239680302086,6217268.924349011,0.6308411214953271,302.82212760871914,206,raw,1.579873578239616e-10,,6.3832950149350305,86191.7444704633,0.8300991979441349,5.618943883699158e-06,1.0,327.00000000023704,,,,[],[],13,661.1538461533405,86.99999999983683,939.9999999992373,"[8, 32, 51, 63, 81, 100, 111, 133, 152, 162, 175, 192, 204]","[877.9999999998024, 637.9999999993772, 786.9999999993615, 791.9999999993106, 939.9999999992373, 787.9999999993793, 636.9999999994692, 674.9999999997368, 770.9999999993579, 195.99999999973352, 833.9999999992729, 571.9999999995513, 86.99999999983683]","[0, 13, 39, 39, 76, 99, 107, 107, 107, 161, 99, 187, 203]","[76, 39, 61, 76, 205, 164, 119, 142, 164, 164, 205, 205, 205]",37754612.999982186,940.9999999994956,-940.9999999994956,0.0,,,,DWT,mdp.39015067403892,1.7814338207244873e-05,,0.0,33.0,19.0,0.0,28.5,,5.044284989708103e-10,256.3413461533405,4359.000000006574,256.3413461533882,,0.0,256.3413461533405,,,83.99999999983683,0.0,19.5,7.627249942743219e-10,5.044284989708103e-10,,2.370370566495694e-10,1.9960141966692506e-10,2.8692475363414654e-20,0.7211526011594108,0.808892960963455,0.0005416558554691164,0.5527369826435248,0.0023035704819665973,,0.4742280244220516,6.304380491937277e-09,6.304380491937277e-09,5.727345376067454e-09,,1.1923178577170013e-08,0.9999999936956128,9.132937367502286e-10,,,,,,1.763253019442569e-10,1.0,0.0,6.317589721829378e-10,6.317589721829378e-10,0.7422684164343561,0.24267159582570194,634,1.0594250904151856,0.5088454586743784,900,0,0.20618567089417383,0.2463543461582602,634,0.125,0.29169682447191825,0.5298225632844438,901,153.86438834246215,0.8387165740645051,767.25,744.1080837766507,0.5172356455228186,816,bior,0.672619891330026,0.76736776154697,0.2989557476048908,5,613.25,1.9960141966692503e-10,0.00015478833002779968,2.8692475363414654e-20,0.7211526011594107,0.8088929609634551,0.0015745755168475812,0.6638465322183966,0.004663821491029469,,0.9919828214533113,0.9855281704395797,0.9855281704395797,0.9855281704400023,,2.554460879238493e-09,0.999999999968704,5.089429472856586e-10,,,,,1.0,,1.763253019442569e-10,1.0,0.25,6.317589721829378e-10,6.317589721829378e-10,0.0,2.2095702016886625,0.6304403973736394,611,1.1053759069784568,0.5109988707209788,1848,874.6910883277593,0.5415665155514888,1229.5,918.3635624237494,0.44858724100425595,1759,0.5943810304597339,0.7715092316736338,0.3524805091760961,5,1320.5,,,,,,,,,,,,,1.3401993875259013e-15,0.03641360043847726,2.8692475363414654e-20,0.7977352013910881,0.25005778681485746,0.0016296300981798,0.502212213136209,1.0,0.004663821491029469,,0.0008499884728369357,0.0007982210227355362,0.0007982210227355362,0.0007982210227296304,,0.0,1.995920630774289e-15,0.020163910573080236,4.732615008207866e-15,,,,,0.4782608695652174,,5.578892445898318e-18,1.0,0.7906976744186046,2.1168797638429046e-15,2.1168797638429046e-15,0.9302325581395349,0.56747597764471,0.17675400427451515,647,1.2181593232736103,0.5913058700010935,1866,861.9631662664015,0.597213473707289,1256.5,960.8452049343415,0.5050319704985043,1810,1104.4,1082.5,563.6960149978129,300,0.520820561188399,0.7876173146100969,0.3991404127850916,6,1359.0
bior3.7,1.0,antireflect,3.0600450632584848e-27,322.3901205214968,5331913.839069827,0.5227272727272727,71.28824293752791,206,smoothed,3.7682909651354817e-14,-2.0377128873150286e-10,6.234532333288376,59488.445582757944,0.9945443796418938,0.00014966566451320274,0.9999999999999999,362.4000000000001,,,,[],[],11,426.60000000000014,32.2000000000001,728.3999999999999,"[9, 31, 53, 64, 80, 102, 131, 148, 158, 175, 192]","[311.0000000000001, 417.8000000000002, 589.6, 432.19999999999993, 728.3999999999999, 371.0000000000001, 587.0, 32.2000000000001, 448.2000000000001, 368.0, 407.20000000000005]","[0, 0, 0, 60, 0, 94, 120, 144, 144, 165, 186]","[20, 40, 75, 75, 205, 120, 205, 149, 205, 186, 205]",30736475.839999992,728.3999999999999,-728.3999999999999,0.0,,,,DWT,mdp.39015067403892,3.725290298461914e-09,,0.0,15.0,11.0,0.0,33.0,,1.1368683772161603e-13,168.4000000000002,987.7999999999975,168.40000000000006,,0.0,168.4000000000002,,,28.000000000000114,0.0,15.0,1.1368683772161603e-13,1.1368683772161603e-13,,1.1368683772161603e-13,3.3947153526715293e-14,4.167638194665008e-27,0.9896676068499813,0.14452477578766637,0.2211174622966832,0.06632262621902181,0.2573901230950812,,0.9999996648089,4.406097391567225e-09,4.406097391567225e-09,3.6787565615428943e-09,,1.2251610931599486e-12,0.9999999955939026,7.585973278963461e-14,,,,,,7.946695712486874e-14,0.0,0.0,1.7477015598164352e-13,1.7477015598164352e-13,0.7999999009876668,0.3007374869280123,695,0.906106782877815,0.4600012947179588,257,0,0.166666639407957,0.23713383960160303,694,0.0,0.239860370606924,0.4231786113212623,266,250.019999200064,0.7379245291403942,478.0,379.85910336734463,0.6184381555555221,518,bior,0.8100315533562081,0.7923003667562746,0.1952878026237719,6,390.0,2.9265165621143104e-14,0.9999999999705138,1.3686130352168766e-27,0.9757698220003859,0.7575029170828399,0.0005792420770204003,0.054425837320574266,0.0025069569789955147,0.9999999997235579,2.0315811925353255e-05,4.745570603148508e-11,4.745570603148508e-11,3.9622027880881205e-11,,1.2251610931599486e-12,0.003126132840347795,7.585973278963461e-14,,,,,0.0,,3.687271056968986e-14,0.0,0.0,1.4238426238064856e-13,1.4238426238064856e-13,1.0,0.20156916120483745,0.057512244685020704,1763,1.6872760903805755,0.7800026862678726,870,631.4463555995869,0.6690532727465477,1316.5,1165.0664641093808,0.4895318774634206,1590,0.5943810304597339,0.7715092316736338,0.3524805091760961,5,1193.75,,,,,,,,,,,,,1.9649738517265267e-19,0.9999999999715831,1.3686130352168766e-27,0.9824243937948591,0.23417128358481437,0.0013968792600803348,0.041174155299442905,0.9999999999999999,0.0025069569789955147,0.9999999999999541,9.960751159770586e-05,3.843648489765261e-14,3.843648489765261e-14,3.2091408523615694e-14,,0.0,9.572760819061336e-19,0.004567040150618456,7.054128794466933e-19,,,,,0.13043478260869565,,1.1666441752192217e-21,0.7209302325581395,0.7209302325581395,4.770970844811595e-19,4.770970844811595e-19,1.0,0.3986733618839274,0.12417638082767558,1866,1.8247111626021946,0.8857317765328567,647,861.9631662664015,0.597213473707289,1256.5,960.8452049343415,0.5050319704985043,1811,1104.4,1082.5,563.6960149978129,300,0.520820561188399,0.7876173146100969,0.3991404127850916,6,1359.75
coif13,1.0,reflect,2.6774521195325384e-26,312.9701816109434,6468743.823954482,0.5141843971631206,93.49939221672732,206,smoothed,1.115655572240798e-13,-2.2184838410765956e-10,6.69478863468236,30083.018604801488,0.9804919867785613,0.00014966566451320263,1.0,362.4000000000001,,,,[],[],11,426.60000000000014,32.2000000000001,728.4000000000001,"[9, 31, 53, 64, 80, 102, 131, 148, 158, 175, 192]","[311.00000000000057, 417.80000000000007, 589.6000000000003, 432.19999999999993, 728.4000000000001, 371.00000000000006, 586.9999999999998, 32.2000000000001, 448.2000000000001, 368.0000000000002, 407.2000000000002]","[0, 0, 0, 60, 0, 94, 120, 144, 144, 165, 186]","[20, 40, 75, 75, 205, 120, 205, 149, 205, 186, 205]",30736475.840000015,728.4000000000001,-728.4000000000001,0.0,,,,DWT,mdp.39015067403892,1.862645149230957e-08,,0.0,15.0,11.0,0.0,33.0,,1.1368683772161603e-13,168.4000000000002,987.7999999999975,168.40000000000015,,0.0,168.4000000000002,,,28.000000000000114,0.0,15.0,1.1368683772161603e-13,1.1368683772161603e-13,,1.1368683772161603e-13,1.9625698132632282e-13,7.35704158134553e-26,0.9538773695300523,0.8084003343667194,0.7089935901617515,0.007641755950604595,0.013535814022868041,,0.9999996648089,4.406097391567225e-09,4.406097391567225e-09,3.6788452796766485e-09,,1.2251610931599486e-12,0.9999999955939026,7.585973278963461e-14,,,,,,3.9733478562434375e-13,0.0,0.0,1.7477015598164352e-13,1.7477015598164352e-13,0.7999999009878523,0.300737486928082,692,1.3394944119717147,0.6800182665198609,79,0,0.16666663940799087,0.23713383960165121,692,0.0,0.35606412343317034,0.6281934815430571,100,347.9591690605858,0.6352629255130128,390.75,156.56556977976345,0.6128358652722297,528,coif,0.5556920286951962,0.9053407607371553,0.33941335169221604,4,397.0,1.2261717260911928e-13,0.9999999999705129,1.8150546625803074e-26,0.9410081148506961,0.9164983806168117,0.001857288499487286,0.006270996640537874,0.00013183762851101764,0.9999999997232855,2.0315811925353255e-05,4.745570603148508e-11,4.745570603148508e-11,3.9622916059300906e-11,,1.2251610931599486e-12,0.003126132840347795,7.585973278963461e-14,,,,,0.0,,1.8436355284844931e-13,0.0,0.0,1.4238426238064856e-13,1.4238426238064856e-13,1.0,0.20156916120491145,0.05751224468504182,1743,1.7263438370566915,0.7980631255329901,487,888.1261171703037,0.5345250958226919,1115.0,761.2923766816143,0.47507177223000424,1640,0.4784248188775415,0.776734912893196,0.43208215291776214,2,1230.5,,,,,,,,,,,,,8.2329805020986e-19,0.9999999999715824,1.8150546625803074e-26,0.9572096357402091,0.28332247619446743,0.0016957402890143568,0.004744125258724974,1.0,0.00013183762851101807,0.9999999999999541,9.960751159770586e-05,3.843648489765261e-14,3.843648489765261e-14,3.209227588535368e-14,,0.0,9.572760819061336e-19,0.004567040150618456,7.054128794466933e-19,,,,,0.13043478260869565,,5.833220876096109e-21,0.7209302325581395,0.7209302325581395,4.770970844811595e-19,4.770970844811595e-19,1.0,0.3986733618839274,0.12417638082767558,1877,1.818785274832217,0.8828552954712999,711,824.4865068635144,0.6147259313721896,1294.0,1031.3346213292118,0.505026517087964,1812,986.6382352941176,846.0,585.0035688138154,340,0.4652856568234462,0.8173890317607586,0.42908333069536003,4,1360.0
bior3.3,1.0,smooth,1.956026567557939e-27,324.33365124987716,5138716.280726647,0.5330188679245284,59.494232157422196,206,smoothed,2.599430918627212e-14,-2.04415062654562e-10,6.138845766175449,37840.75285033181,0.9934102155189892,0.00014966566451320274,1.0,362.40000000000003,,,,[],[],11,426.59999999999997,32.20000000000002,728.4,"[9, 31, 53, 64, 80, 102, 131, 148, 158, 175, 192]","[311.0, 417.8, 589.6000000000001, 432.20000000000005, 728.4, 371.0000000000001, 587.0, 32.20000000000002, 448.2, 368.0, 407.19999999999993]","[0, 0, 0, 60, 0, 94, 120, 144, 144, 165, 186]","[20, 40, 75, 75, 204, 120, 204, 149, 204, 186, 204]",30736475.839999996,728.4,-728.4,0.0,,,,DWT,mdp.39015067403892,0.0,,0.0,15.0,11.0,0.0,33.0,,0.0,168.40000000000003,987.7999999999993,168.40000000000003,,0.0,168.40000000000003,,,28.00000000000003,0.0,15.0,0.0,0.0,,5.684341886080802e-14,8.268935554917017e-15,9.3661804826053e-28,0.9970518825515339,0.006506082728580276,0.13820578866852848,0.13701542258368044,0.07786941223342231,,0.9999996647345563,4.4059199552998455e-09,4.4059199552998455e-09,3.6787269888316428e-09,,6.125805465799743e-13,0.9999999955940747,0.0,,,,,,0.0,0.0,0.0,0.0,0.0,0.7999999009648806,0.3007374869194464,787,0.7565409991563181,0.38407155281835287,650,0,0.16666663940165086,0.23713383959263062,794,0.0,0.19380694125225056,0.34192789770158616,653,80.31189202104505,0.9158156268123218,721.0,714.292221879081,0.580025213825448,654,bior,0.8100315533562081,0.7923003667562746,0.1952878026237719,6,492.0,1.449641614959764e-14,0.9999999999705138,5.873364438874006e-28,0.982941890381922,0.7244480082287594,0.000362045617081061,0.11243793445878897,0.0007584411713294193,0.9999999997235481,2.0315811923854454e-05,4.745387416349445e-11,4.745387416349445e-11,3.962169481397382e-11,,6.125805465799743e-13,0.0031261328403482946,0.0,,,,,0.0,,0.0,0.0,0.0,0.0,0.0,1.0,0.20156916120441642,0.05751224468490058,1826,1.6974487112846985,0.7847053378830039,765,750.240294838927,0.6067922983024492,1295.5,1078.2632188344269,0.4639045348954594,1692,0.5943810304597339,0.7715092316736338,0.3524805091760961,5,1270.25,,,,,,,,,,,,,9.733441814908435e-20,0.9999999999715831,5.873364438874006e-28,0.9876267265863157,0.22395282731147362,0.0013460895889406861,0.08506138266070706,1.0,0.0007584411713294193,0.9999999999999541,9.960751159770467e-05,3.8434858594393884e-14,3.8434858594393884e-14,3.20911916831812e-14,,0.0,4.786380409530668e-19,0.004567040150618464,0.0,,,,,0.13043478260869565,,0.0,0.7209302325581395,0.7209302325581395,0.0,0.0,1.0,0.3986733618839274,0.12417638082767558,1829,1.839553423926268,0.8929363482808527,431,988.5352800987935,0.5380676261220592,1130.0,697.6097345132744,0.5050151214722445,1813,1104.4,1082.5,563.6960149978129,300,0.520820561188399,0.7876173146100969,0.3991404127850916,6,1361.25
rbio3.9,1.0,reflect,4.4871020996470355e-27,320.72773922651436,5127544.791383432,0.53125,150.7345986747156,206,smoothed,4.4322690070472304e-14,-2.0441834891471484e-10,6.389675889103447,29466.459854641333,0.9533922795685834,0.0001496656645132028,1.0,362.4,,,,[],[],11,426.59999999999997,32.200000000000074,728.3999999999999,"[9, 31, 53, 64, 80, 102, 131, 148, 158, 175, 192]","[311.0, 417.8, 589.6, 432.20000000000005, 728.3999999999999, 371.0, 587.0, 32.200000000000074, 448.1999999999999, 368.00000000000006, 407.2000000000001]","[0, 0, 0, 60, 0, 94, 120, 144, 144, 165, 186]","[20, 40, 75, 75, 204, 120, 204, 149, 204, 186, 204]",30736475.839999996,728.3999999999999,-728.3999999999999,0.0,,,,DWT,mdp.39015067403892,0.0,,0.0,15.0,11.0,0.0,33.0,,1.1368683772161603e-13,168.40000000000003,987.7999999999993,168.40000000000003,,0.0,168.40000000000003,,,28.000000000000085,0.0,15.0,1.1368683772161603e-13,1.1368683772161603e-13,,0.0,4.853382105772587e-14,8.344062822147272e-27,0.983351533929702,0.36830447085045104,0.133411489577441,0.1248650982085045,0.008422794982694243,,0.9999996647841187,4.4059199552998455e-09,4.4059199552998455e-09,3.6787269888316428e-09,,0.0,0.9999999955940747,7.585973278963461e-14,,,,,,0.0,0.0,0.0,1.7477015598164352e-13,1.7477015598164352e-13,0.7999999009795509,0.3007374869249613,716,0.8941840578482613,0.45394851037311357,271,0,0.1666666394057655,0.23713383959848497,719,0.0,0.23119362679269165,0.4078881296018193,310,247.04520504015724,0.7410427620124138,504.0,412.23038153435357,0.6063704376099806,558,rbio,0.7685897546424816,0.816051598246696,0.21717169227625407,5,419.75,3.765464337333056e-14,0.999999999970514,2.3784930882814965e-27,0.9696352586772033,0.8110972328943046,0.0003494864110620791,0.10246710526315811,8.203727637487316e-05,0.9999999997235481,2.0315811924853655e-05,4.745387416349445e-11,4.745387416349445e-11,3.962169481397382e-11,,0.0,0.0031261328403482946,7.585973278963461e-14,,,,,0.0,,0.0,0.0,0.0,1.4238426238064856e-13,1.4238426238064856e-13,1.0,0.20156916120420534,0.057512244684840355,1890,1.7285241717554032,0.799071061893645,455,1014.6982310026957,0.4681875099566585,1172.5,733.4328358208954,0.42683484512507974,1848,0.3888041033402703,1.0,0.4278371276618108,3,1386.75,,,,,,,,,,,,,2.528275102985459e-19,0.9999999999715835,2.3784930882814965e-27,0.9779746258562797,0.2507392062203494,0.0013431527181295441,0.07751826545798962,1.0,8.203727637487316e-05,0.9999999999999541,9.960751159770543e-05,3.8434858594393884e-14,3.8434858594393884e-14,3.20911916831812e-14,,0.0,0.0,0.004567040150618464,7.054128794466933e-19,,,,,0.13043478260869565,,0.0,0.7209302325581395,0.7209302325581395,4.770970844811595e-19,4.770970844811595e-19,1.0,0.3986733618839274,0.12417638082767558,1813,1.84386607606821,0.8950297497580503,337,1043.6896090313442,0.512294575218998,1075.0,568.3544186046511,0.5049790633104336,1814,818.67,599.5,715.6978453131971,300,0.38607403914171184,1.0,0.42974817260080167,3,1361.25
db14,,,,6.010908425713211,959087.0088107153,0.6893203883495146,149.87843339916998,206,raw,160.97808928057498,,7.345855953279036,123196.58906353099,1.0,2.9018748387224985e-06,-0.07223906432671985,465.0813591938973,,,,[],[],14,1024.3886346087409,79.52369782748815,1689.1777284428413,"[3, 18, 32, 43, 56, 73, 89, 99, 111, 122, 141, 162, 184, 203]","[857.8558193677425, 933.367545198824, 769.851235589292, 1092.9403706423568, 1199.07398987555, 1385.309548974061, 1689.1777284428413, 723.1443936429109, 970.5538596316704, 79.52369782748815, 1407.3624271210756, 1255.0363780811795, 854.5378172661416, 1123.7060728612375]","[1, 13, 13, 13, 48, 69, 69, 96, 96, 121, 117, 160, 182, 117]","[13, 29, 33, 48, 69, 81, 117, 104, 117, 134, 197, 197, 197, 204]",75312786.75720434,1452.7501686341836,-1452.7501686341836,0.0,,,,SWT,mdp.39015067403892,37558173.75720434,,0.0,-25.0,18.0,0.0,-7.0,,511.75016863418364,619.5761346087409,1387.4408845223716,619.5761346087407,,0.0,619.5761346087409,,,76.52369782748815,0.0,-2.5,749.1777284428413,511.75016863418364,,138.0813591938973,0.5778321541341291,,0.04670441064856029,0.5450009543527479,0.1368844009086616,0.6571428571428573,0.10371463086228686,,0.0658637064393803,0.4194339421904307,0.4194339421904307,0.4194339421904304,,0.2737851354321965,0.33758141491652405,0.5039744169094904,,,,,,0.19255971618684162,0.016949152542372864,0.47,0.3339797740394012,0.3339797740394012,1.5413439693528685,0.5181871044668608,41,0.8884909031259376,0.5049045210664628,85,0,0.315084042090841,0.5242115810636784,49,0.0,0.31026596460124917,0.5375695264953161,82,22.5,0.7877358490566038,64.25,58.17484989141081,0.5908018867924528,66,db,0.9380878725805777,0.8243093411562624,0.09604568684671688,4,50.5,0.5989544063369244,0.012593279654467604,,0.04670441064856029,0.545000954352748,0.28626459299115015,0.6571428571428573,0.5846738746365746,,0.08549639970760359,0.5907522731495474,0.5907522731495474,0.5905786848193768,,0.27378513543219646,0.337581414916524,0.6054825462065361,,,,,0.8333333333333333,,0.4602169317044705,0.01694915254237289,0.39830508474576276,0.4239476612523924,0.4239476612523924,0.3220338983050847,2.004651504601807,0.6578561028537486,41,1.1891005479598162,0.611604648319094,144,72.8319984622144,0.6564528374423849,92.5,63.827027027027036,0.6100660413627019,109,0.9080317387829661,0.7281573716544635,0.1459305713555847,6,83.25,,,0.10458234415950068,0.6000000000000001,0.33928571428571436,,0.16313532347385146,1.0,False,False,0.0,0.0,0.001365695149434963,0.018238033741156214,,0.13555846798946825,0.35285055235828006,0.00024730760625548114,0.751589771343526,0.16313532347385162,0.00765275691851207,,0.000749808565504466,0.0040952099477682856,0.0040952099477682856,0.004095209947761966,,0.0,0.0011626850140478036,0.006415980317740347,0.004648555885882595,,,,,0.43478260869565216,,1.1762042991335442e-05,0.10077519379844957,0.44961240310077516,0.0021476058119935548,0.0021476058119935548,0.3798449612403101,0.31580996089401475,0.09836658709233294,2026,0.6327162701374819,0.30712636469594023,2103,54.44722215136416,0.9745573728264654,2064.5,2063.782029547106,0.5049188733291206,1815,1009.0473684210526,935.5,610.6543869996938,760,0.4758535102197843,0.8532293215616218,0.41093374637766444,5,1362.5
db31,,,,6.583353368095667,945408.6104196236,0.6504854368932039,151.82407089488288,206,raw,165.57296252840848,,7.386501813548488,123196.58906353095,1.0,2.8167378269699775e-06,0.08569538989952587,477.96234665608426,,,,[],[],15,997.4585882988581,211.85154225287565,1858.6097543230417,"[9, 19, 33, 50, 64, 76, 87, 103, 113, 126, 138, 149, 162, 180, 199]","[766.8877798179599, 1250.0521530715598, 979.0307412667869, 1069.6685278515586, 519.4895877060709, 1858.6097543230417, 1280.7772997470238, 1502.3504641322047, 770.5047831543693, 850.8189865307714, 211.85154225287565, 247.7865940143194, 1165.2324045630999, 1263.3167988372613, 1225.501407213967]","[4, 4, 21, 21, 63, 4, 83, 83, 110, 110, 137, 142, 142, 173, 194]","[13, 63, 43, 63, 66, 194, 100, 194, 121, 142, 142, 150, 173, 194, 204]",75464109.93039736,1650.5794178603494,-1650.5794178603494,0.0,,,,SWT,mdp.39015067403892,37709496.93039736,,0.0,-15.5,17.0,0.0,-20.0,,709.5794178603494,592.6460882988581,2007.878824482872,592.646088298858,,0.0,592.6460882988581,,,208.85154225287565,0.0,-20.0,918.6097543230417,709.5794178603494,,150.96234665608426,0.7304502895721038,,0.11101619156951006,0.6015404922439559,0.13185089130980013,0.4285714285714289,0.10371463086228533,,0.27238615872858396,0.36517024203934867,0.36517024203934867,0.3651702420393484,,0.3233004427911594,0.48861265876637316,0.7412878602421294,,,,,,0.20394617440886792,0.17796610169491525,0.12000000000000001,0.6519577521250866,0.6519577521250866,1.7609509160063515,0.5920171450482337,25,0.9599437388540292,0.5455091684243649,72,0,0.3489378989428737,0.5805349153326701,33,0.0,0.3348022825507007,0.5800813657780323,73,25.329495323305068,0.7610424969499522,50.75,40.86196295170717,0.6411344560221459,52,db,0.9380878725805777,0.8243093411562624,0.09604568684671688,4,40.0,0.7439366244993199,0.011621452120556208,,0.11101619156951001,0.601540492243956,0.28210223742022944,0.42857142857142894,0.5846738746365739,,0.2876783804973642,0.5525011634978546,0.5525011634978546,0.5523113504074325,,0.3233004427911593,0.48861265876637316,0.7942314708713123,,,,,0.75,,0.46782890930741905,0.17796610169491522,0.1016949152542373,0.6989722788340976,0.6989722788340976,0.1016949152542373,2.248378354517686,0.7378386810118057,20,1.2549568346398217,0.6454773188208717,130,77.78174593052023,0.6331049720258479,75.0,34.666666666666664,0.6396656935600937,101,0.9080317387829661,0.7281573716544635,0.1459305713555847,6,77.25,,,0.2364720537258205,0.4000000000000001,0.10714285714285718,,0.28640052649214753,1.0,False,False,0.0,0.0,0.001404676827841503,0.01766851805719543,,0.13709075613473554,0.35719116106007975,0.0002437116945785509,0.58598295223921,0.28640052649214753,0.007652756918512067,,0.0025229566922710207,0.0038507728309054978,0.0038507728309054978,0.0038507728308991773,,0.0,0.0012711466570664823,0.009286438954049129,0.005699860818290912,,,,,0.3913043478260869,,1.1809432666887498e-05,0.24806201550387597,0.17829457364341084,0.0029778141274189257,0.0029778141274189257,0.17829457364341084,0.24836464891134424,0.07735912698457717,2079,0.6187083427836295,0.30032678642023275,2113,24.041630560342615,0.9887655931961016,2096.0,2095.8621183206105,0.5046631704298266,1816,1009.0473684210526,935.5,610.6543869996938,760,0.4758535102197843,0.8532293215616218,0.41093374637766444,5,1363.25
db37,,,,6.0253578233447325,939129.692805032,0.6796116504854369,167.20049001716654,206,raw,173.03913161892052,,7.400037386348815,123196.58906353096,1.0,2.868596730516567e-06,-0.0645323355339387,514.6701541955363,,,,[],[],15,914.6812462625969,53.42643684213533,1547.590136506191,"[1, 15, 38, 54, 65, 81, 92, 109, 119, 129, 140, 158, 170, 186, 203]","[469.5667565930907, 1178.7139443256385, 898.259921086498, 1505.0832737764526, 353.73747688219055, 1361.1090863325417, 1170.173162376317, 1487.832513892632, 732.3277153553686, 910.2274444566032, 714.1087759959701, 1201.0113307479228, 137.05071876940173, 1547.590136506191, 53.42643684213533]","[0, 9, 31, 9, 64, 71, 88, 71, 114, 114, 136, 136, 169, 71, 194]","[9, 31, 48, 71, 71, 104, 104, 178, 126, 136, 152, 178, 178, 194, 204]",75437618.70151235,1340.2751587133569,-1340.2751587133569,0.0,,,,SWT,mdp.39015067403892,37683005.70151235,,0.0,-24.5,17.0,0.0,-11.0,,399.27515871335686,509.8687462625969,766.218693938954,509.8687462625969,,0.0,509.8687462625969,,,50.42643684213533,0.0,-20.0,607.5901365061909,399.27515871335686,,187.67015419553627,0.9784381543071867,,0.048327739681830434,0.6203688557267305,0.1295403143562812,0.6000000000000002,0.10371463086228583,,0.02513402962698906,0.19837495264874577,0.19837495264874577,0.1983749526487457,,0.4644075107178465,0.1863592634199298,0.3056610295725476,,,,,,0.201952816322433,0.025423728813559338,0.12000000000000001,0.15319469610128245,0.15319469610128245,1.0546596561816437,0.3545678604524809,99,1.0233757944253907,0.5815558308334452,58,0,0.19322065143195008,0.3214650367856276,103,0.0,0.37020112318265785,0.6414137069565455,55,25.773047937719745,0.7568580383233986,78.75,72.42054478329283,0.5069667550107559,97,db,0.9380878725805777,0.8243093411562624,0.09604568684671688,4,73.75,0.9795169544743271,0.012213414526889288,,0.048327739681830406,0.6203688557267306,0.28019155409567675,0.6000000000000002,0.5846738746365742,,0.04562273636699771,0.43492523546305073,0.43492523546305073,0.4346855508457351,,0.4644075107178464,0.1863592634199298,0.44775259175970755,,,,,0.75,,0.46649632661904217,0.02542372881355931,0.1016949152542373,0.26758354061819,0.26758354061819,0.2542372881355932,1.658148211981088,0.5441459117376439,96,1.3183256278934783,0.6780705663631458,111,10.606601717798213,0.9499688598217065,103.5,102.95652173913044,0.7308806563259476,52,0.9080317387829661,0.7281573716544635,0.1459305713555847,6,40.5,,,0.11101816734428993,0.4000000000000001,0.2678571428571429,,0.1691502965454541,1.0,False,False,0.0,0.0,0.0014680178139181961,0.018015423102543324,,0.13559714531729106,0.3586366372953337,0.00024206103106347906,0.710188066567447,0.169150296545454,0.007652756918512069,,0.00040011414079094463,0.003099424147873969,0.003099424147873969,0.003099424147867645,,0.0,0.001580237022151461,0.003541893342755618,0.0037700222497678696,,,,,0.3913043478260869,,1.180113644420497e-05,0.10852713178294571,0.17829457364341084,0.001675594272349745,0.001675594272349745,0.317829457364341,0.2568015317057601,0.07998699649140133,2067,0.6214391166410769,0.3016523294593935,2111,31.11269837220809,0.9854613559008374,2089.0,2088.768310196266,0.504646565800886,1817,1009.0473684210526,935.5,610.6543869996938,760,0.4758535102197843,0.8532293215616218,0.41093374637766444,5,1364.0
db32,1.0,periodization,3.1007318839215576e-26,312.3327565923949,4961889.547411297,0.5339805825242718,113.03718025677503,206,smoothed,1.147099657156607e-13,-2.0845503101441003e-10,6.194510286113835,31688.2373984353,0.9827739652812182,0.00014966566451320227,0.9999999999999997,362.40000000000003,,,,[],[],11,426.60000000000014,32.19999999999996,728.4000000000004,"[9, 31, 53, 64, 80, 102, 131, 148, 158, 175, 192]","[310.99999999999955, 417.8000000000002, 589.6000000000004, 432.1999999999998, 728.4000000000004, 371.00000000000045, 587.0000000000001, 32.19999999999996, 448.2000000000001, 368.0, 407.20000000000005]","[0, 0, 0, 60, 0, 94, 120, 144, 144, 165, 186]","[20, 40, 75, 75, 205, 120, 205, 149, 205, 186, 205]",30736475.840000004,728.4000000000004,-728.4000000000004,0.0,,,,DWT,mdp.39015067403892,7.450580596923828e-09,,0.0,15.0,11.0,0.0,33.0,,4.547473508864641e-13,168.4000000000002,987.7999999999975,168.40000000000012,,0.0,168.4000000000002,,,27.99999999999997,0.0,15.0,4.547473508864641e-13,4.547473508864641e-13,,5.684341886080802e-14,2.031648063375712e-13,8.595811992921331e-26,0.9514555286981597,0.08679681238335471,0.06231973437723976,0.14362142418571724,0.026847626163012936,,0.9999996646849938,4.406097391567225e-09,4.406097391567225e-09,3.678815706965397e-09,,6.125805465799743e-13,0.9999999955939026,3.0343893115853844e-13,,,,,,1.5893391424973748e-13,0.0,0.0,6.990806239265741e-13,6.990806239265741e-13,0.7999999009505697,0.30073748691406665,850,0.713619210738746,0.3622815401876276,771,0,0.1666666393976983,0.2371338395870069,848,0.0,0.18157730368681252,0.32035150711730925,781,42.351702051590166,0.9556061823358594,812.5,810.8421821435204,0.5519645167444496,737,db,0.573477938514061,0.8443824841957417,0.34525069778143475,3,553.5,1.2659018729013995e-13,0.9999999999705105,2.1145954517867003e-26,0.9386558722262939,0.7436773074761447,0.00016325355765704937,0.11785896780786931,0.00026149349854409426,0.9999999997234873,2.0315811922799742e-05,4.745570603148508e-11,4.745570603148508e-11,3.962258299239352e-11,,6.125805465799743e-13,0.003126132840347795,3.0343893115853844e-13,,,,,0.0,,7.374542113937972e-14,0.0,0.0,5.695370495225942e-13,5.695370495225942e-13,1.0,0.20156916120483365,0.05751224468501962,1765,1.682361988255829,0.7777309698133164,909,605.2834046956847,0.6827655111657838,1337.0,1199.9887808526553,0.49101587927261936,1580,0.49117026184683504,0.8233619396015222,0.4091722348267588,4,1186.0,,,,,,,,,,,,,8.499743727080693e-19,0.9999999999715801,2.1145954517867003e-26,0.9555034126135734,0.2298972924556313,0.0012996036410291086,0.08916249492626177,0.9999999999999997,0.00026149349854409426,0.9999999999999541,9.960751159770391e-05,3.843648489765261e-14,3.843648489765261e-14,3.209195062470194e-14,,0.0,4.786380409530668e-19,0.004567040150618456,2.821651517786773e-18,,,,,0.13043478260869565,,2.3332883504384434e-21,0.7209302325581395,0.7209302325581395,1.908388337924638e-18,1.908388337924638e-18,1.0,0.3986733618839274,0.12417638082767558,1868,1.8246700909778522,0.885711839984246,650,861.2560594852149,0.5975438974368155,1259.0,964.4162033359809,0.5046130702137348,1818,1009.0473684210526,935.5,610.6543869996938,760,0.4758535102197843,0.8532293215616218,0.41093374637766444,5,1364.75
db19,,,,5.832805716665385,956881.4548604236,0.6893203883495146,153.39246471687576,206,raw,172.6804562236273,,7.358200287662818,123196.58906353093,1.0,2.795389920799858e-06,-0.11574247154266465,502.8814290239884,,,,[],[],14,1015.1954198567461,38.485465273523005,1792.9977579126137,"[7, 22, 41, 56, 68, 79, 94, 115, 125, 136, 148, 166, 188, 203]","[727.9184682427745, 1088.745605061083, 1193.5086868003661, 38.485465273523005, 1759.5417581676675, 1445.5456261804816, 1792.9977579126137, 904.6265722323814, 968.0024183930486, 371.0974340518811, 1120.0949628716883, 1087.9586406515523, 1378.634260632212, 335.5782215231727]","[2, 14, 14, 53, 14, 73, 85, 112, 122, 131, 137, 137, 137, 201]","[14, 28, 53, 57, 85, 85, 201, 137, 137, 137, 163, 185, 201, 204]",75608035.5110822,1487.697523447695,-1487.697523447695,0.0,,,,SWT,mdp.39015067403892,37853422.5110822,,0.0,-25.0,18.0,0.0,-16.0,,546.697523447695,610.3829198567461,1258.7358779944443,610.3829198567461,,0.0,610.3829198567461,,,35.485465273523005,0.0,-25.0,852.9977579126137,546.697523447695,,175.8814290239884,0.9665247962873671,,0.026695320589976368,0.5621722716039199,0.13607277979176022,0.6571428571428573,0.10371463086228482,,0.0018158375916543096,0.4009097316121637,0.4009097316121637,0.4009097316121637,,0.41909092672511356,0.30625116256791146,0.6493890075240674,,,,,,0.21477599364255798,0.016949152542372864,0.020000000000000018,0.390151898568566,0.390151898568566,1.5915870153542182,0.5350784013121493,33,0.9867413607496693,0.5607375071741884,64,0,0.2926584334092487,0.4869016503376291,63,0.0,0.3600822396860153,0.623881640824373,59,14.660036380127666,0.8616977699987955,54.75,50.79352262084427,0.6725941680182657,43,db,0.9380878725805777,0.8243093411562624,0.09604568684671688,4,33.25,0.9681996554749682,0.011377768643999753,,0.026695320589976368,0.56217227160392,0.28559343987004043,0.6571428571428573,0.5846738746365737,,0.022794621545186335,0.5776943429297592,0.5776943429297592,0.5775152158900161,,0.4190909267251135,0.30625116256791146,0.7211390687516924,,,,,0.8333333333333333,,0.47506876737771553,0.01694915254237289,0.01694915254237289,0.47253189705510745,0.47253189705510745,0.1694915254237288,2.0471187474482293,0.6717923580151866,34,1.2821726244080818,0.6594755492972617,120,60.81118318204309,0.7131547963111176,77.0,52.98701298701299,0.6749736245706531,76,0.9080317387829661,0.7281573716544635,0.1459305713555847,6,58.5,,,0.06825302152394114,0.6000000000000001,0.1785714285714286,,0.1291816409241327,1.0,False,False,0.0,0.0,0.0014649749075837826,0.01752571333415738,,0.13508173276218494,0.35416881515033216,0.00024672778857674467,0.751589771343526,0.12918164092413276,0.007652756918512065,,0.00019991020137065862,0.004011765497550114,0.004011765497550114,0.004011765497543796,,0.0,0.0014809725437909917,0.005820526084964403,0.005292746430718093,,,,,0.43478260869565216,,1.1854505648297923e-05,0.10077519379844957,0.10077519379844957,0.002294265543462932,0.002294265543462932,0.24031007751937983,0.2530214157499772,0.07880958871005392,2071,0.619323685273756,0.3006254793904553,2112,28.991378028648448,0.9864526270894166,2091.5,2091.2990676547934,0.5045580892456429,1819,1009.0473684210526,935.5,610.6543869996938,760,0.4758535102197843,0.8532293215616218,0.41093374637766444,5,1365.5
db33,1.0,symmetric,1.3295553602719814e-26,316.01033448967735,6487058.744068119,0.5296296296296297,110.75945171507037,206,smoothed,8.403202621337594e-14,-2.058829551288003e-10,6.623858994331908,32175.985331900654,0.9836080620179144,0.00014966566451320284,0.9999999999999997,362.4,,,,[],[],11,426.59999999999997,32.199999999999875,728.3999999999997,"[9, 31, 53, 64, 80, 102, 131, 148, 158, 175, 192]","[311.00000000000006, 417.79999999999995, 589.5999999999999, 432.1999999999998, 728.3999999999997, 371.0000000000001, 586.9999999999999, 32.199999999999875, 448.20000000000005, 367.9999999999999, 407.20000000000016]","[0, 0, 0, 60, 0, 94, 120, 144, 144, 165, 186]","[20, 40, 75, 75, 205, 120, 205, 149, 205, 186, 205]",30736475.840000004,728.3999999999997,-728.3999999999997,0.0,,,,DWT,mdp.39015067403892,7.450580596923828e-09,,0.0,15.0,11.0,0.0,33.0,,2.2737367544323206e-13,168.40000000000003,987.7999999999993,168.39999999999998,,0.0,168.40000000000003,,,27.999999999999886,0.0,15.0,2.2737367544323206e-13,2.2737367544323206e-13,,0.0,1.35769670382795e-13,3.412287393436124e-26,0.9654281655651362,0.7060911330264,0.716853527378402,0.11373480106482539,0.030892438551071637,,0.99999966461065,4.4059199552998455e-09,4.4059199552998455e-09,3.67866784340914e-09,,0.0,0.9999999955940747,1.5171946557926922e-13,,,,,,1.5893391424973748e-13,0.0,0.0,3.4954031196328703e-13,3.4954031196328703e-13,0.7999999009276798,0.3007374869054618,875,1.3485801253878822,0.6846307912397391,72,0,0.1666666393913535,0.23713383957797954,875,0.0,0.36185715222656734,0.6384139522024277,89,458.7572887704347,0.519122338815058,477.75,145.92916956750884,0.5091680876465228,880,db,0.573477938514061,0.8443824841957417,0.34525069778143475,3,660.75,8.782807850167207e-14,0.9999999999705145,8.611936632943203e-27,0.9522269672301354,0.8919957480365258,0.0018778784895827493,0.0933333333333338,0.00030088961259477,0.999999999723526,2.031581192130094e-05,4.745387416349445e-11,4.745387416349445e-11,3.962102868015904e-11,,0.0,0.0031261328403482946,1.5171946557926922e-13,,,,,0.0,,7.374542113937972e-14,0.0,0.0,2.847685247612971e-13,2.847685247612971e-13,1.0,0.20156916120433582,0.05751224468487758,1855,1.755726682660098,0.8116463788200569,194,1174.5043635508555,0.38443167528781164,1024.5,351.26403123474864,0.4237409948766102,1850,0.49117026184683504,0.8233619396015222,0.4091722348267588,4,1388.5,,,,,,,,,,,,,5.897109209540476e-19,0.9999999999715838,8.611936632943203e-27,0.9653473444890995,0.2757478348391192,0.00170055509504761,0.07060839760068588,0.9999999999999997,0.00030088961259477,0.9999999999999541,9.960751159770272e-05,3.8434858594393884e-14,3.8434858594393884e-14,3.2090649582094954e-14,,0.0,0.0,0.004567040150618464,1.4108257588933865e-18,,,,,0.13043478260869565,,2.3332883504384434e-21,0.7209302325581395,0.7209302325581395,9.54194168962319e-19,9.54194168962319e-19,1.0,0.3986733618839274,0.12417638082767558,1811,1.8462963165373123,0.8962094110941656,311,1060.6601717798212,0.5043644057103639,1061.0,530.8397737983036,0.5042850065934996,1820,1009.0473684210526,935.5,610.6543869996938,760,0.4758535102197843,0.8532293215616218,0.41093374637766444,5,1366.25
rbio4.4,1.0,antisymmetric,3.9931825081032577e-20,253.45860086810245,6041682.8206902435,0.6308411214953271,299.0668818523648,206,raw,1.5535914733760865e-10,,6.384646413123519,72643.06474992268,0.7717046916731835,5.6189438836991035e-06,1.0,327.0000000002369,,,,[],[],13,661.1538461533385,86.9999999999406,939.9999999992374,"[8, 32, 51, 63, 81, 100, 111, 133, 152, 162, 175, 192, 204]","[877.9999999996733, 637.999999999377, 786.9999999993614, 791.9999999993106, 939.9999999992374, 787.9999999993794, 636.9999999994692, 674.9999999997368, 770.999999999358, 195.99999999973352, 833.9999999992726, 571.9999999995513, 86.9999999999406]","[0, 13, 39, 39, 76, 99, 107, 107, 107, 161, 99, 187, 203]","[76, 39, 61, 76, 205, 164, 119, 142, 164, 164, 205, 205, 205]",37754612.999982394,940.9999999994957,-940.9999999994957,0.0,,,,DWT,mdp.39015067403892,1.7605721950531006e-05,,0.0,33.0,19.0,0.0,28.5,,5.043148121330887e-10,256.34134615333846,4359.000000006599,256.3413461533862,,0.0,256.34134615333846,,,83.9999999999406,0.0,19.5,7.626113074366003e-10,5.043148121330887e-10,,2.369233698118478e-10,1.9628063012095775e-10,2.825840275919491e-20,0.7213969091474284,0.8093598012451567,0.0003440543189536546,0.5527369826435248,0.0012066287666529496,,0.47422802454259544,6.302795835266446e-09,6.302795835266446e-09,5.725804737636533e-09,,1.1917460026293674e-08,0.9999999936971297,9.131576071129131e-10,,,,,,1.7426043015235426e-10,1.0,0.0,6.31616587920557e-10,6.31616587920557e-10,0.742268416465848,0.24267159583599765,623,1.0592675178934674,0.508769776058577,901,0,0.20618567090326934,0.24635434616912769,623,0.125,0.2916134823311425,0.5296711850624307,902,160.79256823622165,0.8314543309892855,762.25,736.8113209537838,0.516225069058584,821,rbio,0.5136782423812899,1.0,0.3404252303330971,4,616.75,1.9628063012095772e-10,0.0001547883300274111,2.825840275919491e-20,0.7213969091474284,0.8093598012451568,0.0013771781974597076,0.6638465322183966,0.003569474811353769,,0.9919828214551495,0.9855281704395569,0.9855281704395569,0.9855281704399799,,2.553235718145333e-09,0.9999999999687116,5.08867087552869e-10,,,,,1.0,,1.7426043015235426e-10,1.0,0.25,6.31616587920557e-10,6.31616587920557e-10,0.0,2.209570201687457,0.6304403973732956,618,1.1052194745795578,0.5109265543454573,1850,871.1555544218265,0.5434195207432775,1234.0,926.4991896272286,0.4483344983171314,1762,0.3888041033402703,1.0,0.4278371276618108,3,1322.25,,,,,,,,,,,,,1.3179023511469297e-15,0.03641360043847689,2.825840275919491e-20,0.7979124126765451,0.2502021038670164,0.001583470299174059,0.502212213136209,1.0,0.003569474811353769,,0.0008499884728383262,0.0007982210227355176,0.0007982210227355176,0.0007982210227296122,,0.0,1.9949633546923827e-15,0.020163910573080354,4.7319095953284194e-15,,,,,0.4782608695652174,,5.513560372086042e-18,1.0,0.7906976744186046,2.116402666758423e-15,2.116402666758423e-15,0.9302325581395349,0.5674759776447105,0.1767540042745153,643,1.2178769899995907,0.5911688228028864,1868,866.2058069535207,0.5952309313301305,1255.5,956.689765033851,0.5042743441697382,1821,818.67,599.5,715.6978453131971,300,0.38607403914171184,1.0,0.42974817260080167,3,1366.5
bior3.9,1.0,zero,2.621605518319398e-27,323.0617253170714,5133748.9260752285,0.5491071428571429,53.9903604600395,206,smoothed,3.1731359718861815e-14,-2.0397732392041275e-10,6.139985087784198,41329.39639904995,0.9942887729352711,0.0001496656645132028,0.9999999999999999,362.4,,,,[],[],11,426.6,32.19999999999999,728.4000000000001,"[9, 31, 53, 64, 80, 102, 131, 148, 158, 175, 192]","[311.0, 417.8000000000002, 589.6, 432.20000000000005, 728.4000000000001, 371.00000000000006, 587.0, 32.19999999999999, 448.20000000000005, 368.0, 407.19999999999993]","[0, 0, 0, 60, 0, 94, 120, 144, 144, 165, 186]","[20, 40, 75, 75, 205, 120, 205, 149, 205, 186, 205]",30736475.83999999,728.4000000000001,-728.4000000000001,0.0,,,,DWT,mdp.39015067403892,7.450580596923828e-09,,0.0,15.0,11.0,0.0,33.0,,1.1368683772161603e-13,168.4000000000001,987.7999999999984,168.40000000000003,,0.0,168.4000000000001,,,28.0,0.0,15.0,1.1368683772161603e-13,1.1368683772161603e-13,,0.0,2.0872431972742213e-14,2.8845011745920736e-27,0.9922193107672849,0.0081494448446848,0.13607402421360648,0.24752551571027778,0.10680015222266412,,0.999999664709775,4.4059791007223055e-09,4.4059791007223055e-09,3.6787269888316428e-09,,0.0,0.9999999955939887,7.585973278963461e-14,,,,,,1.5893391424973748e-13,0.0,0.0,1.7477015598164352e-13,1.7477015598164352e-13,0.7999999009573198,0.3007374869166041,842,0.8091735881626996,0.4107914268384974,472,0,0.1666666393995861,0.23713383958969286,837,0.0,0.21296692110836274,0.3757312877653004,463,214.81542464792108,0.7748265989015503,653.5,600.5227970199885,0.5449080583606284,764,bior,0.8100315533562081,0.7923003667562746,0.1952878026237719,6,574.5,2.1745279028821235e-14,0.999999999970514,1.0583441814720862e-27,0.9782481957399372,0.7248415866909089,0.00035646122018286193,0.20312500000000047,0.0010402240138541968,0.9999999997235548,2.0315811923354854e-05,4.745454029730922e-11,4.745454029730922e-11,3.962169481397382e-11,,0.0,0.0031261328403480726,7.585973278963461e-14,,,,,0.0,,7.374542113937972e-14,0.0,0.0,1.4238426238064856e-13,1.4238426238064856e-13,1.0,0.20156916120424204,0.05751224468485082,1868,1.7312140308856327,0.8003145438342846,437,1011.8698038779495,0.4696699141100894,1152.5,708.3002169197397,0.43281713734854577,1829,0.5943810304597339,0.7715092316736338,0.3524805091760961,5,1373.0,,,,,,,,,,,,,1.4600602382807201e-19,0.9999999999715835,1.0583441814720862e-27,0.9842221074095181,0.22407449651114855,0.0013447837219755798,0.15366782959970654,0.9999999999999999,0.001040224013854197,0.9999999999999541,9.960751159770423e-05,3.8435400695480126e-14,3.8435400695480126e-14,3.20911916831812e-14,,0.0,0.0,0.00456704015061846,7.054128794466933e-19,,,,,0.13043478260869565,,2.3332883504384434e-21,0.7209302325581395,0.7209302325581395,4.770970844811595e-19,4.770970844811595e-19,1.0,0.3986733618839274,0.12417638082767558,1785,1.8651261259991538,0.9053495758107708,157,1151.1698397716993,0.4620701683309816,971.0,288.6148300720906,0.5041659252869861,1822,1104.4,1082.5,563.6960149978129,300,0.520820561188399,0.7876173146100969,0.3991404127850916,6,1368.0
db27,,,,7.602489570063628,34934.57193625565,0.6650485436893204,26.880536102308014,206,smoothed,142.63490787985575,,7.192857554602585,90447.61084362335,1.0,7.679079056981423e-05,0.2571628616801376,493.54127402650875,,,,[],[],10,650.4160493211564,347.69131695842987,973.6972873780546,"[14, 30, 53, 67, 85, 101, 122, 151, 178, 196]","[660.7071634457732, 347.69131695842987, 609.1287902083466, 805.55935737961, 610.7750476275487, 973.6972873780546, 512.8569238098438, 662.1349593208138, 677.9734584842456, 643.6361885988983]","[1, 20, 20, 20, 81, 20, 116, 142, 142, 191]","[20, 40, 59, 95, 95, 142, 142, 167, 191, 204]",61465084.07715667,973.035784677797,-973.035784677797,0.0,,,,SWT,mdp.39015067403892,30728608.237156674,,0.0,-8.0,12.0,0.0,-12.5,,244.635784677797,392.21604932115645,823.7604932115655,392.2160493211564,,0.0,392.21604932115645,,,343.4913169584299,0.0,-8.0,245.29728737805465,244.635784677797,,131.14127402650877,0.19632903843814886,,0.2414190901488784,0.16197428574254505,0.02957576130026252,0.48148148148148184,0.3580760373945916,,0.784867883819444,0.8001162956693513,0.8001162956693513,0.7998627829500355,,0.16736414989908482,0.22790099253278884,0.17866416040915814,,,,,,0.4909749209597177,0.18,0.17171717171717168,0.16123358388996362,0.16123358388996362,2.005606240060532,0.64383726264989,54,1.0117025874587164,0.3856593513971858,69,0,0.40093678809373534,0.6610250948817101,35,0.0,0.32291179031476186,0.42743325596744053,74,17.530925056406275,0.8346139145622049,58.0,53.26500198701815,0.6437220516207252,52,db,0.9817779367705585,0.7465271631990054,0.08879729530090745,4,40.0,0.020171274748822125,0.8560253109203402,,0.22551185621245629,0.3321758670765709,0.005043726774129537,0.5142857142857146,0.052711359921510714,,0.49339272928965433,0.26781277825673344,0.26781277825673344,0.26750221047869654,,0.24710702157101905,0.2003664814795703,0.04415483430253975,,,,,0.3333333333333333,,0.1166707405988921,0.30508474576271183,0.3050847457627119,0.05260201046749596,0.05260201046749596,0.2288135593220339,0.9542594863978366,0.31315439386438215,166,0.9616659254862843,0.49462541344095895,173,4.949747468305833,0.976652134583463,169.5,169.42772861356934,0.5885619163483353,123,0.9080317387829661,0.7281573716544635,0.1459305713555847,6,93.75,,,0.420228023624554,1.0,0.09,0.6942106043876327,0.4202280236245538,1.0,False,False,0.0,0.0,0.001210076493653149,0.5125106833619275,,0.139818722101539,0.33651171302128746,4.357339418344531e-06,0.6480855094033285,0.4202280236245539,0.0050075740433575214,,0.004327083898786766,0.002031520821582876,0.002031520821582876,0.002031520821576545,,0.0,0.0011042474880309338,0.0038081107096067323,0.0015220395718414472,,,,,0.17391304347826086,,9.623237101085409e-06,0.3643410852713178,0.3643410852713178,0.0010266361697502458,0.0010266361697502458,0.2945736434108527,0.20810732200798737,0.06482001693962032,2107,0.8355939392264465,0.4056050729670909,2030,54.44722215136416,0.9745573728264654,2068.5,2067.7834179357023,0.5039842938898682,1823,1009.0473684210526,935.5,610.6543869996938,760,0.4758535102197843,0.8532293215616218,0.41093374637766444,5,1368.5
db27,1.0,periodic,1.5121069643526113e-26,315.4515736060372,5607267.12241245,0.5426356589147286,120.07454498608034,206,smoothed,8.711046986223948e-14,-1.9655279626107386e-10,6.5096459742294845,30985.021728010717,0.9785086119831997,0.00014966566451320284,0.9999999999999999,362.4,,,,[],[],11,426.59999999999997,32.200000000000074,728.4000000000001,"[9, 31, 53, 64, 80, 102, 131, 148, 158, 175, 192]","[310.9999999999998, 417.8, 589.5999999999998, 432.19999999999993, 728.4000000000001, 370.99999999999983, 587.0000000000002, 32.200000000000074, 448.1999999999998, 367.9999999999998, 407.20000000000005]","[0, 0, 0, 60, 0, 94, 120, 144, 144, 165, 186]","[20, 40, 75, 75, 205, 120, 205, 149, 205, 186, 205]",30736475.83999999,728.4000000000001,-728.4000000000001,0.0,,,,DWT,mdp.39015067403892,7.450580596923828e-09,,0.0,15.0,11.0,0.0,33.0,,1.1368683772161603e-13,168.40000000000003,987.7999999999993,168.39999999999995,,0.0,168.40000000000003,,,28.000000000000085,0.0,15.0,1.1368683772161603e-13,1.1368683772161603e-13,,0.0,1.4253257987444532e-13,3.9465428545900593e-26,0.9633052022613965,0.54134980892535,0.33928666565892723,0.20307300006525486,0.021015975713975413,,0.9999996647841187,4.4059199552998455e-09,4.4059199552998455e-09,3.6786382706978885e-09,,0.0,0.9999999955940747,7.585973278963461e-14,,,,,,1.5893391424973748e-13,0.0,0.0,1.7477015598164352e-13,1.7477015598164352e-13,0.7999999009796037,0.30073748692498115,713,1.1079369489607112,0.5624639839568631,154,0,0.16666663940577134,0.23713383959849327,713,0.0,0.29543295037500666,0.5212236826029059,164,319.8781017825384,0.6646980065172554,436.0,259.80577537638055,0.6038374728603049,571,db,0.573477938514061,0.8443824841957417,0.34525069778143475,3,429.0,9.171774545950442e-14,0.9999999999705145,9.903792661925236e-27,0.9501650130722332,0.85254087904766,0.0008887996039766014,0.16664626682986536,0.00020469374019875834,0.9999999997236667,2.0315811924853655e-05,4.745387416349445e-11,4.745387416349445e-11,3.9620695613251655e-11,,0.0,0.0031261328403482946,7.585973278963461e-14,,,,,0.0,,7.374542113937972e-14,0.0,0.0,1.4238426238064856e-13,1.4238426238064856e-13,1.0,0.2015691612042419,0.057512244684850784,1875,1.7635542312778325,0.8152649383335436,143,1224.7089450151004,0.3581190015644128,1009.0,265.7333994053518,0.41464650287864246,1881,0.49117026184683504,0.8233619396015222,0.4091722348267588,4,1411.75,,,,,,,,,,,,,6.158276153305979e-19,0.9999999999715838,9.903792661925236e-27,0.9638516850559365,0.26355092165708977,0.0014692668348930162,0.12607099143206854,0.9999999999999999,0.00020469374019875834,0.9999999999999541,9.960751159770543e-05,3.8434858594393884e-14,3.8434858594393884e-14,3.209043274166046e-14,,0.0,0.0,0.004567040150618464,7.054128794466933e-19,,,,,0.13043478260869565,,2.3332883504384434e-21,0.7209302325581395,0.7209302325581395,4.770970844811595e-19,4.770970844811595e-19,1.0,0.3986733618839274,0.12417638082767558,1791,1.8613313793399169,0.903507570473781,186,1134.9063838044087,0.4696699141100894,988.5,337.00151745068285,0.5038770131298111,1824,1009.0473684210526,935.5,610.6543869996938,760,0.4758535102197843,0.8532293215616218,0.41093374637766444,5,1369.25
db27,1.0,antireflect,1.3364200058500387e-26,315.9879690595877,6026266.972429404,0.5310077519379846,112.22000913964155,206,smoothed,8.169624631593642e-14,-1.9861035038815118e-10,6.5614186457184625,114420.26406616792,0.9954543113551191,0.0001496656645132028,0.9999999999999999,362.4,,,,[],[],11,426.6,32.200000000000074,728.4000000000001,"[9, 31, 53, 64, 80, 102, 131, 148, 158, 175, 192]","[311.0000000000003, 417.8000000000001, 589.5999999999998, 432.19999999999993, 728.4000000000001, 370.99999999999983, 587.0000000000002, 32.200000000000074, 448.1999999999998, 368.0000000000001, 407.1999999999999]","[0, 0, 0, 60, 0, 94, 120, 144, 144, 165, 186]","[20, 40, 75, 75, 204, 120, 204, 149, 204, 186, 204]",30736475.83999999,728.4000000000001,-728.4000000000001,0.0,,,,DWT,mdp.39015067403892,7.450580596923828e-09,,0.0,15.0,11.0,0.0,33.0,,1.1368683772161603e-13,168.4000000000001,987.7999999999984,168.40000000000003,,0.0,168.4000000000001,,,28.000000000000085,0.0,15.0,1.1368683772161603e-13,1.1368683772161603e-13,,0.0,1.3063828912635026e-13,3.4323774628027204e-26,0.965343190061763,0.6160269205689632,0.5191024931092008,0.12320110029665912,0.7129305460378902,,0.9999996647841187,4.4059791007223055e-09,4.4059791007223055e-09,3.6787269888316428e-09,,0.0,0.9999999955939887,7.585973278963461e-14,,,,,,1.5893391424973748e-13,0.0,0.0,1.7477015598164352e-13,1.7477015598164352e-13,0.7999999009796228,0.30073748692498836,710,1.4812232794099989,0.7519694578722294,44,0,0.1666666394057814,0.2371338395985076,710,0.0,0.4195148928678011,0.7401378116075481,41,385.3832508036643,0.5960343282980458,376.25,80.10506895149942,0.6008211473775344,584,db,0.573477938514061,0.8443824841957417,0.34525069778143475,3,438.75,8.487678007813473e-14,0.999999999970514,8.660515410552418e-27,0.9521444337298194,0.8704257398890017,0.0013598474004355096,0.10110159118727102,0.006943880310700731,0.9999999997236356,2.0315811924853655e-05,4.745454029730922e-11,4.745454029730922e-11,3.962169481397382e-11,,0.0,0.0031261328403480726,7.585973278963461e-14,,,,,0.0,,7.374542113937972e-14,0.0,0.0,1.4238426238064856e-13,1.4238426238064856e-13,1.0,0.20156916120424248,0.05751224468485095,1865,1.750397642362433,0.809182842608582,240,1149.0485194281398,0.39777331266868987,1052.5,425.27315914489316,0.4230742873615986,1852,0.49117026184683504,0.8233619396015222,0.4091722348267588,4,1390.0,,,,,,,,,,,,,5.698947876508318e-19,0.9999999999715835,8.660515410552418e-27,0.9652874779746929,0.2690797727354214,0.0015794176296153892,0.07648522873513713,0.9999999999999999,0.00694388031070073,0.9999999999999541,9.960751159770543e-05,3.8435400695480126e-14,3.8435400695480126e-14,3.20911916831812e-14,,0.0,0.0,0.00456704015061846,7.054128794466933e-19,,,,,0.13043478260869565,,2.3332883504384434e-21,0.7209302325581395,0.7209302325581395,4.770970844811595e-19,4.770970844811595e-19,1.0,0.3986733618839274,0.12417638082767558,1809,1.8478737255771258,0.8969751001192499,287,1076.2165209659254,0.4970950836607825,1048.0,495.40362595419845,0.5036877287462791,1825,1009.0473684210526,935.5,610.6543869996938,760,0.4758535102197843,0.8532293215616218,0.41093374637766444,5,1370.0
coif17,,,,6.704744316306483,35287.162951005375,0.6650485436893204,28.67859024027486,206,smoothed,142.9812739276794,,7.194426797190243,90447.61084362335,1.0,7.558266038459036e-05,0.02125865718447051,512.1070352409304,,,,[],[],13,511.39869462281973,42.625920876560855,975.7814920289313,"[3, 25, 43, 68, 80, 97, 107, 117, 127, 146, 162, 175, 192]","[199.05180242090807, 399.52398593546536, 574.9412016359993, 799.0543397849325, 718.9676167998093, 975.7814920289313, 278.18661257339477, 475.6137923632864, 275.09822630845565, 690.260311071492, 42.625920876560855, 651.6629388583634, 567.4147894390587]","[0, 14, 14, 14, 75, 14, 102, 112, 122, 137, 160, 160, 185]","[14, 36, 55, 90, 90, 137, 112, 137, 137, 201, 164, 201, 201]",61469781.72739712,982.7119797133055,-982.7119797133055,0.0,,,,SWT,mdp.39015067403892,30733305.887397125,,0.0,-15.5,9.0,0.0,2.5,,254.3119797133055,253.1986946228198,967.783030096658,253.19869462281983,,0.0,253.1986946228198,,,38.425920876560866,0.0,-11.0,247.38149202893135,254.3119797133055,,149.7070352409304,0.302701133543,,0.12304627071248753,0.16648166233153314,0.03020491904882984,0.48148148148148184,0.3580760373945916,,0.04340746870305472,0.21018996721665587,0.21018996721665587,0.20918825029418925,,0.36378096931074044,0.29257584155510996,0.18805898176965805,,,,,,0.49196934151964944,0.030000000000000013,0.11111111111111109,0.20246600572610804,0.20246600572610804,1.1431827765083,0.36698313698574786,97,0.8927240463260673,0.3403049284944439,82,0,0.21302692734326942,0.35121782046730593,98,0.0,0.2953775931823737,0.39098667246154245,82,8.958236433584458,0.9154883355322221,89.75,89.07970973087252,0.5343951111623375,84,coif,1.0,0.7144143715238808,0.08567568854283576,5,64.25,0.031100176418371914,0.8422346674107588,,0.12465395389234413,0.33435872777030895,0.005151020708151516,0.5142857142857146,0.052711359921510714,,0.0272873051585868,0.0703542214883808,0.0703542214883808,0.06995989881349685,,0.31847494857070263,0.23542543175838646,0.046476658553832456,,,,,0.08333333333333331,,0.11690704550621248,0.17796610169491522,0.2542372881355932,0.06605397396478621,0.06605397396478621,0.48305084745762705,0.6296141676730448,0.20661722084665757,203,0.8277900226500421,0.4257673806925559,188,10.606601717798213,0.9499688598217065,195.5,195.21227621483376,0.5138995242504759,177,1.0,0.7220099692676862,0.08339700921969413,7,134.5,,,0.23610873310944047,0.25,0.39,0.6649205078376257,0.2361087331094403,1.0,False,False,0.0,0.0,0.001213014970768611,0.5044290150652826,,0.13741568853803698,0.33667929387665785,4.450032006384766e-06,0.6480855094033285,0.23610873310944036,0.0050075740433575214,,0.00023931130676164557,0.0007696959815757295,0.0007696959815757295,0.0007696959815693908,,0.0,0.0012605765715829446,0.0044744315584755705,0.0015349718059821421,,,,,0.04347826086956519,,9.62470825792183e-06,0.24806201550387597,0.317829457364341,0.0010672431963228075,0.0010672431963228075,0.5271317829457365,0.18423802759991825,0.05738535268591164,2112,0.7581646207104202,0.3680201613106482,2052,42.42640687119285,0.9801745762284145,2082.0,2081.5677233429396,0.5036386899833661,1826,986.6382352941176,846.0,585.0035688138154,340,0.4652856568234462,0.8173890317607586,0.42908333069536003,4,1370.5
rbio3.9,1.0,antireflect,4.511181504365626e-27,320.70449573249,5126847.391950619,0.53125,141.17325325890567,206,smoothed,4.4029504961056724e-14,-2.045121627602957e-10,6.387537448322935,62808.03509323453,0.9791656695421505,0.0001496656645132028,1.0,362.4,,,,[],[],11,426.6,32.200000000000074,728.3999999999999,"[9, 31, 53, 64, 80, 102, 131, 148, 158, 175, 192]","[311.0000000000001, 417.8, 589.6, 432.20000000000005, 728.3999999999999, 371.0, 587.0, 32.200000000000074, 448.1999999999999, 368.00000000000006, 407.2000000000001]","[0, 0, 0, 60, 0, 94, 120, 144, 144, 165, 186]","[20, 40, 75, 75, 204, 120, 204, 149, 204, 186, 204]",30736475.839999996,728.3999999999999,-728.3999999999999,0.0,,,,DWT,mdp.39015067403892,0.0,,0.0,15.0,11.0,0.0,33.0,,1.1368683772161603e-13,168.4000000000001,987.7999999999984,168.40000000000003,,0.0,168.4000000000001,,,28.000000000000085,0.0,15.0,1.1368683772161603e-13,1.1368683772161603e-13,,0.0,4.7889734439473447e-14,8.414533599640744e-27,0.9832632222988968,0.3652199751828178,0.13311219721237327,0.1248650982085045,0.2849189260975836,,0.9999996647841187,4.4059791007223055e-09,4.4059791007223055e-09,3.6787269888316428e-09,,0.0,0.9999999955939887,7.585973278963461e-14,,,,,,0.0,0.0,0.0,1.7477015598164352e-13,1.7477015598164352e-13,0.7999999009795433,0.30073748692495844,721,1.0030376292993832,0.5092099704442519,205,0,0.16666663940576817,0.23713383959848877,714,0.0,0.27019705985717485,0.47670074170287535,205,295.90581271749295,0.6898261921200284,461.25,318.8872026185956,0.6031678130411463,575,rbio,0.7685897546424816,0.816051598246696,0.21717169227625407,5,432.5,3.7284198901156045e-14,0.999999999970514,2.395533269504046e-27,0.969549484922184,0.8103585088787774,0.00034870238102945527,0.10246710526315811,0.0027750850795637805,0.9999999997235467,2.0315811924853655e-05,4.745454029730922e-11,4.745454029730922e-11,3.962169481397382e-11,,0.0,0.0031261328403480726,7.585973278963461e-14,,,,,0.0,,0.0,0.0,0.0,1.4238426238064856e-13,1.4238426238064856e-13,1.0,0.20156916120420562,0.05751224468484043,1887,1.7291801726008869,0.7993743213451292,453,1013.9911242215092,0.4685581109950162,1170.0,730.6076923076922,0.42767528191260246,1845,0.3888041033402703,1.0,0.4278371276618108,3,1384.5,,,,,,,,,,,,,2.503402060722077e-19,0.9999999999715835,2.395533269504046e-27,0.9779124089901478,0.2505108401678501,0.0013429693789188972,0.07751826545798962,1.0,0.0027750850795637805,0.9999999999999541,9.960751159770543e-05,3.8435400695480126e-14,3.8435400695480126e-14,3.20911916831812e-14,,0.0,0.0,0.00456704015061846,7.054128794466933e-19,,,,,0.13043478260869565,,0.0,0.7209302325581395,0.7209302325581395,4.770970844811595e-19,4.770970844811595e-19,1.0,0.3986733618839274,0.12417638082767558,1816,1.8447916903739516,0.8954790515545272,326,1053.589103967956,0.5076686430056281,1071.0,552.7693744164333,0.503600676643001,1827,818.67,599.5,715.6978453131971,300,0.38607403914171184,1.0,0.42974817260080167,3,1371.0
rbio4.4,1.0,smooth,4.054836614259683e-20,253.3920588743311,6343090.562171297,0.6261682242990654,304.0089618811576,206,raw,1.5799396742356064e-10,,6.394682329519068,89735.3371894952,0.8174539930254847,5.6189438836991585e-06,1.0,327.0000000002369,,,,[],[],13,661.1538461533405,86.99999999983677,939.9999999992374,"[8, 32, 51, 63, 81, 100, 111, 133, 152, 162, 175, 192, 204]","[877.9999999998025, 637.999999999377, 786.9999999993614, 791.9999999993106, 939.9999999992374, 787.9999999993794, 636.9999999994692, 674.9999999997368, 770.999999999358, 195.99999999973352, 833.9999999992726, 571.9999999995513, 86.99999999983677]","[0, 13, 39, 39, 76, 99, 107, 107, 107, 161, 99, 187, 203]","[76, 39, 61, 76, 205, 164, 119, 142, 164, 164, 205, 205, 205]",37754612.999982186,940.9999999994957,-940.9999999994957,0.0,,,,DWT,mdp.39015067403892,1.7814338207244873e-05,,0.0,33.0,19.0,0.0,28.5,,5.043148121330887e-10,256.3413461533405,4359.000000006574,256.34134615338814,,0.0,256.3413461533405,,,83.99999999983677,0.0,19.5,7.626113074366003e-10,5.043148121330887e-10,,2.369233698118478e-10,1.9960977101068746e-10,2.869470803928709e-20,0.7211513541260424,0.8128267069115551,0.0006832533306821514,0.5176902536715617,0.002590470368580251,,0.47422802442198553,6.304380491937277e-09,6.304380491937277e-09,5.72730135782657e-09,,1.1917460026293674e-08,0.9999999936956128,9.131576071129131e-10,,,,,,1.763253019442569e-10,1.0,0.0,6.31616587920557e-10,6.31616587920557e-10,0.7422684164313388,0.24267159582471548,635,1.0475580822726838,0.5031456944758568,907,0,0.206185670893653,0.2463543461576379,635,0.125,0.2873131483725759,0.5218602876862536,905,156.46405337968207,0.83599155830222,770.5,746.6706180231995,0.5141697833439822,831,rbio,0.5136782423812899,1.0,0.3404252303330971,4,624.25,1.9960977101068746e-10,0.00015478833002779968,2.8694708039287093e-20,0.7211513541260423,0.8128267069115551,0.0017160266539795886,0.6375061485489423,0.004950042658418672,,0.9919828214533103,0.9855281704395797,0.9855281704395797,0.9855281704400016,,2.553235718145333e-09,0.999999999968704,5.08867087552869e-10,,,,,1.0,,1.763253019442569e-10,1.0,0.25,6.31616587920557e-10,6.31616587920557e-10,0.0,2.2095702016879546,0.6304403973734375,614,1.0969910923002284,0.5071226953812328,1855,877.5195154525055,0.5400841113980579,1234.5,922.6164439044146,0.44653576639085285,1767,0.3888041033402703,1.0,0.4278371276618108,3,1326.0,,,,,,,,,,,,,1.3402554616050042e-15,0.03641360043847726,2.8694708039287093e-20,0.797734296842743,0.25127384858463997,0.0016627073257702981,0.4822852243888436,1.0,0.004950042658418672,,0.000849988472836935,0.0007982210227355362,0.0007982210227355362,0.0007982210227296298,,0.0,1.9949633546923827e-15,0.020163910573080236,4.7319095953284194e-15,,,,,0.4782608695652174,,5.578892445898318e-18,1.0,0.7906976744186046,2.116402666758423e-15,2.116402666758423e-15,0.9302325581395349,0.56747597764471,0.17675400427451515,646,1.2109270430112995,0.5877952538682997,1871,866.2058069535207,0.5952309313301305,1258.5,960.4020659515296,0.5035734095902988,1828,818.67,599.5,715.6978453131971,300,0.38607403914171184,1.0,0.42974817260080167,3,1371.75
rbio3.7,1.0,periodic,2.949390088902823e-27,322.5500765772853,4965927.309968944,0.5454545454545454,138.73238828373582,206,smoothed,3.6820600506014916e-14,-2.050122294150474e-10,6.333145984131456,30408.21547482045,0.960775684207754,0.00014966566451320274,0.9999999999999999,362.40000000000003,,,,[],[],11,426.59999999999997,32.20000000000002,728.4,"[9, 31, 53, 64, 80, 102, 131, 148, 158, 175, 192]","[310.9999999999999, 417.79999999999995, 589.6000000000001, 432.20000000000005, 728.4, 371.0, 587.0000000000001, 32.20000000000002, 448.2, 368.0, 407.2000000000001]","[0, 0, 0, 60, 0, 94, 120, 144, 144, 165, 186]","[20, 40, 75, 75, 205, 120, 205, 149, 205, 186, 205]",30736475.839999996,728.4,-728.4,0.0,,,,DWT,mdp.39015067403892,0.0,,0.0,15.0,11.0,0.0,33.0,,0.0,168.40000000000003,987.7999999999993,168.40000000000003,,0.0,168.40000000000003,,,28.00000000000003,0.0,15.0,0.0,0.0,,5.684341886080802e-14,3.2052781120090616e-14,3.843795385114841e-27,0.9902753459501806,0.2867655063082226,0.06405255985515226,0.22243588485764182,0.016232617511229806,,0.9999996647345563,4.4059199552998455e-09,4.4059199552998455e-09,3.6787269888316428e-09,,6.125805465799743e-13,0.9999999955940747,0.0,,,,,,0.0,0.0,0.0,0.0,0.0,0.7999999009648806,0.3007374869194464,792,0.8650416415993541,0.43915384217393,312,0,0.16666663940165086,0.23713383959263062,795,0.0,0.2256802734974942,0.39816108221470164,350,267.4775691530039,0.7196251895670819,562.25,466.0506043088576,0.5651323012824927,701,rbio,0.7685897546424816,0.816051598246696,0.21717169227625407,5,527.0,2.8175623055923995e-14,0.9999999999705138,1.2903062482247035e-27,0.9763600960585235,0.7915689865295487,0.00016779288900842476,0.18253588516746408,0.00015810425539176422,0.9999999997235391,2.0315811923854454e-05,4.745387416349445e-11,4.745387416349445e-11,3.962169481397382e-11,,6.125805465799743e-13,0.0031261328403482946,0.0,,,,,0.0,,0.0,0.0,0.0,0.0,0.0,1.0,0.20156916120441642,0.05751224468490058,1825,1.754762042994113,0.8112004402240924,203,1146.92719908458,0.39888511578376307,1014.0,365.3599605522682,0.43371928745162996,1827,0.3888041033402703,1.0,0.4278371276618108,3,1371.0,,,,,,,,,,,,,1.891817845069525e-19,0.9999999999715831,1.2903062482247035e-27,0.9828525550902117,0.24470232581465284,0.0013006651276969605,0.1380917823889005,0.9999999999999999,0.00015810425539176465,0.9999999999999541,9.960751159770467e-05,3.8434858594393884e-14,3.8434858594393884e-14,3.20911916831812e-14,,0.0,4.786380409530668e-19,0.004567040150618464,0.0,,,,,0.13043478260869565,,0.0,0.7209302325581395,0.7209302325581395,0.0,0.0,1.0,0.3986733618839274,0.12417638082767558,1782,1.8680129831744754,0.9067508831447204,125,1171.6759364261093,0.4524878801747153,953.5,233.6130047194546,0.503463566255582,1829,818.67,599.5,715.6978453131971,300,0.38607403914171184,1.0,0.42974817260080167,3,1372.5
db23,1.0,periodization,1.771351540970681e-26,314.7643511477612,4963060.651310125,0.529126213592233,103.67300656324372,206,smoothed,9.438930508558625e-14,-2.1306927333597565e-10,6.193048604370034,31688.2373984353,0.9828645401799926,0.00014966566451320276,0.9999999999999999,362.40000000000003,,,,[],[],11,426.59999999999997,32.1999999999999,728.4000000000001,"[9, 31, 53, 64, 80, 102, 131, 148, 158, 175, 192]","[311.0, 417.8000000000001, 589.6, 432.2, 728.4000000000001, 371.0000000000001, 587.0, 32.1999999999999, 448.2000000000001, 368.0, 407.2000000000002]","[0, 0, 0, 60, 0, 94, 120, 144, 144, 165, 186]","[20, 40, 75, 75, 205, 120, 205, 149, 205, 186, 205]",30736475.84,728.4000000000001,-728.4000000000001,0.0,,,,DWT,mdp.39015067403892,3.725290298461914e-09,,0.0,15.0,11.0,0.0,33.0,,1.1368683772161603e-13,168.40000000000003,987.7999999999993,168.4000000000001,,0.0,168.40000000000003,,,27.999999999999915,0.0,15.0,1.1368683772161603e-13,1.1368683772161603e-13,,5.684341886080802e-14,1.585231612964256e-13,4.705247942558333e-26,0.9606941603951136,0.08468847669910304,0.06282231932229275,0.11027684467067218,0.026847626163012936,,0.9999996646354313,4.4059199552998455e-09,4.4059199552998455e-09,3.6787861342541454e-09,,6.125805465799743e-13,0.9999999955940747,7.585973278963461e-14,,,,,,7.946695712486874e-14,0.0,0.0,1.7477015598164352e-13,1.7477015598164352e-13,0.7999999009353085,0.30073748690832963,871,0.7050216825812876,0.35791685143511187,790,0,0.16666663939343748,0.2371338395809446,871,0.0,0.17790420389290762,0.31387116496618184,817,40.5,0.9575471698113207,837.25,835.7667650230045,0.5399633123689727,772,db,0.573477938514061,0.8443824841957417,0.34525069778143475,3,579.75,1.0091468004370903e-13,0.999999999970514,1.1738378947658588e-26,0.9476290066216483,0.7431723697584189,0.00016457013548146866,0.09049565661727149,0.00026149349854409426,0.9999999997234178,2.0315811921800542e-05,4.745387416349445e-11,4.745387416349445e-11,3.962224992548613e-11,,6.125805465799743e-13,0.0031261328403482946,7.585973278963461e-14,,,,,0.0,,3.687271056968986e-14,0.0,0.0,1.4238426238064856e-13,1.4238426238064856e-13,1.0,0.2015691612045293,0.05751224468493279,1813,1.6765487338468168,0.7750435886070993,946,613.0615792887367,0.6786888997438487,1379.5,1243.2750996737948,0.477840256999807,1632,0.49117026184683504,0.8233619396015222,0.4091722348267588,4,1225.0,,,,,,,,,,,,,6.775793108718157e-19,0.9999999999715833,1.1738378947658588e-26,0.962012166967795,0.22974119812143973,0.0012999115123210748,0.06846164253822229,0.9999999999999999,0.00026149349854409426,0.9999999999999541,9.960751159770315e-05,3.8434858594393884e-14,3.8434858594393884e-14,3.209173378426744e-14,,0.0,4.786380409530668e-19,0.004567040150618464,7.054128794466933e-19,,,,,0.13043478260869565,,1.1666441752192217e-21,0.7209302325581395,0.7209302325581395,4.770970844811595e-19,4.770970844811595e-19,1.0,0.3986733618839274,0.12417638082767558,1881,1.8202171094037205,0.8835503212949543,701,834.3860018001261,0.6100999991588196,1291.0,1021.3640588690937,0.5034144855607182,1830,1009.0473684210526,935.5,610.6543869996938,760,0.4758535102197843,0.8532293215616218,0.41093374637766444,5,1373.75
db21,,,,6.61487574637044,34467.528274819364,0.6699029126213593,27.66211742061582,206,smoothed,142.65490748379926,,7.192774937433024,90447.61084362336,1.0,7.541033820274021e-05,-0.005058116173326884,498.7132814358879,,,,[],[],13,506.61867756975886,43.46260206196186,965.1523309551751,"[9, 25, 48, 67, 80, 97, 117, 127, 147, 161, 174, 192, 202]","[300.79758260664516, 414.30203901315724, 601.6427405696256, 798.645392466921, 597.8725524701088, 965.1523309551751, 482.0052261506142, 260.5463397774365, 667.7634662071905, 43.46260206196186, 748.8515185897959, 658.6595538340094, 46.34146370422383]","[7, 14, 14, 14, 75, 14, 111, 122, 137, 160, 137, 185, 201]","[14, 35, 54, 89, 89, 137, 137, 137, 163, 163, 201, 201, 204]",61471967.388749346,968.2353306858943,-968.2353306858943,0.0,,,,SWT,mdp.39015067403892,30735491.54874935,,0.0,-15.5,9.0,0.0,2.5,,239.8353306858943,248.41867756975893,905.6428084068666,248.4186775697588,,0.0,248.41867756975893,,,39.26260206196187,0.0,-11.0,236.75233095517513,239.8353306858943,,136.31328143588792,0.20247109475719746,,0.11119658845850189,0.16173698228235392,0.028742376085609603,0.5185185185185188,0.3580760373945932,,0.045441019499097866,0.18990575222657438,0.18990575222657438,0.18887830881220263,,0.2220814994109732,0.2646711153718232,0.14014666689313474,,,,,,0.49243201253056995,0.030000000000000013,0.11111111111111109,0.14077778041837366,0.14077778041837366,0.9923271202110457,0.31855563867344433,103,0.8577871661147423,0.32698704759825553,86,0,0.18640858659458726,0.3073321214207079,104,0.0,0.2821316538317695,0.3734532309620632,87,9.83192080250175,0.9072460301650778,95.0,94.23675715398522,0.505509807535369,94,db,0.9817779367705585,0.7465271631990054,0.08879729530090745,4,71.5,0.02080232304671973,0.8402676328910077,,0.11455759814963853,0.3320609442638188,0.0049016047412379915,0.5428571428571431,0.052711359921510936,,0.028565659386213332,0.06356474350792543,0.06356474350792543,0.06316754097796073,,0.2669885358796093,0.22029883428513705,0.03463566974231502,,,,,0.08333333333333331,,0.11701699036733126,0.17796610169491522,0.2542372881355932,0.04592836120427571,0.04592836120427571,0.48305084745762705,0.5766640076408237,0.18924084103983502,210,0.8199917937492552,0.42175642211335024,189,14.849242404917497,0.9299564037503891,199.5,198.94736842105263,0.49445933395066627,192,0.9080317387829661,0.7281573716544635,0.1459305713555847,6,145.5,,,0.21556893116040954,0.25,0.39,0.6607427019969715,0.21556893116040932,1.0,False,False,0.0,0.0,0.0012102461649557367,0.5032762827431371,,0.13717513344854326,0.3365028902579669,4.234558394734843e-06,0.6687863617913681,0.21556893116040943,0.005007574043357523,,0.00025052255019296366,0.0007263089939129428,0.0007263089939129428,0.0007263089939066026,,0.0,0.0011477972875298306,0.0041869395717299505,0.0014690191656465807,,,,,0.04347826086956519,,9.625392738561267e-06,0.24806201550387597,0.317829457364341,0.0010064906309207558,0.0010064906309207558,0.5271317829457365,0.18394493004456347,0.057294060422286575,2113,0.7576497479477887,0.36777023728098224,2053,42.42640687119285,0.9801745762284145,2083.0,2082.567930868939,0.503405045123553,1831,1009.0473684210526,935.5,610.6543869996938,760,0.4758535102197843,0.8532293215616218,0.41093374637766444,5,1374.5
bior2.4,1.0,reflect,2.533177884695729e-27,323.21074186378144,5088655.7297803145,0.5233644859813084,83.134671543323,206,smoothed,3.238833149896768e-14,-2.0906374409435154e-10,6.204843153397015,34656.398756346076,0.9859173676665377,0.00014966566451320268,0.9999999999999999,362.4000000000001,,,,[],[],11,426.59999999999997,32.20000000000002,728.4000000000001,"[9, 31, 53, 64, 80, 102, 131, 148, 158, 175, 192]","[311.0, 417.79999999999995, 589.6, 432.20000000000005, 728.4000000000001, 371.0, 587.0, 32.20000000000002, 448.20000000000005, 368.0000000000001, 407.2]","[0, 0, 0, 60, 0, 94, 120, 144, 144, 165, 186]","[20, 40, 75, 75, 204, 120, 204, 149, 204, 186, 204]",30736475.840000004,728.4000000000001,-728.4000000000001,0.0,,,,DWT,mdp.39015067403892,7.450580596923828e-09,,0.0,15.0,11.0,0.0,33.0,,1.1368683772161603e-13,168.40000000000003,987.7999999999993,168.40000000000003,,0.0,168.40000000000003,,,28.00000000000003,0.0,15.0,1.1368683772161603e-13,1.1368683772161603e-13,,1.1368683772161603e-13,2.2315706950039454e-14,2.6257088927149005e-27,0.9927854861556807,0.10170098212219031,0.11672205928135301,0.07069963347057168,0.05146209401926152,,0.9999996647345563,4.4059199552998455e-09,4.4059199552998455e-09,3.6787269888316428e-09,,1.2251610931599486e-12,0.9999999955940747,7.585973278963461e-14,,,,,,1.5893391424973748e-13,0.0,0.0,1.7477015598164352e-13,1.7477015598164352e-13,0.7999999009653742,0.300737486919632,769,0.75374750339112,0.3826533847910713,657,0,0.16666663940175064,0.2371338395927726,775,0.0,0.1904814650070114,0.33606085757369303,689,58.682762943360686,0.9384876698706911,722.5,718.88639171072,0.5905750718326201,612,bior,0.8100315533562081,0.7923003667562746,0.1952878026237719,6,460.5,2.257537427069758e-14,0.9999999999705134,9.957669325891372e-28,0.9787981005329914,0.7472467947777818,0.0003057665701748757,0.05801770782095417,0.0005012362331698831,0.9999999997234781,2.0315811923854454e-05,4.745387416349445e-11,4.745387416349445e-11,3.962169481397382e-11,,1.2251610931599486e-12,0.0031261328403482946,7.585973278963461e-14,,,,,0.0,,7.374542113937972e-14,0.0,0.0,1.4238426238064856e-13,1.4238426238064856e-13,1.0,0.2015691612048545,0.05751224468502557,1756,1.6844627184959748,0.7787021062146319,898,606.6976182580578,0.6820243090890683,1327.0,1188.3104747550867,0.49326582330763685,1565,0.5943810304597339,0.7715092316736338,0.3524805091760961,5,1175.0,,,,,,,,,,,,,1.515795970852525e-19,0.9999999999715827,9.957669325891372e-28,0.9846209864476001,0.23100074883093216,0.0013329291797645128,0.0438914719468107,0.9999999999999999,0.0005012362331698835,0.9999999999999541,9.960751159770467e-05,3.8434858594393884e-14,3.8434858594393884e-14,3.20911916831812e-14,,0.0,9.572760819061336e-19,0.004567040150618464,7.054128794466933e-19,,,,,0.13043478260869565,,2.3332883504384434e-21,0.7209302325581395,0.7209302325581395,4.770970844811595e-19,4.770970844811595e-19,1.0,0.3986733618839274,0.12417638082767558,1872,1.824696514137357,0.8857246660317265,648,865.4987001723342,0.5955613550596569,1260.0,962.7428571428572,0.5033881541653424,1832,1104.4,1082.5,563.6960149978129,300,0.520820561188399,0.7876173146100969,0.3991404127850916,6,1375.5
db28,,,,7.5730768539762,34990.99461682616,0.6699029126213593,26.479315032919096,206,smoothed,142.30936593575697,,7.192912783581293,90447.61084362333,1.0,7.411146229119993e-05,0.2508870292416668,485.38213726569165,,,,[],[],12,545.675093447526,36.31095856533295,1021.3978451839436,"[7, 31, 49, 75, 86, 102, 124, 140, 153, 167, 179, 197]","[592.1171945051877, 373.7616750591827, 587.1175602543035, 815.678263477188, 644.6631937550127, 1021.3978451839436, 479.2620368895954, 36.31095856533295, 681.2631560214633, 38.658757143047666, 761.2433548364185, 516.6271256796366]","[0, 21, 21, 21, 80, 21, 117, 139, 144, 165, 144, 186]","[21, 41, 61, 97, 97, 144, 144, 144, 169, 169, 186, 205]",61481077.85460892,1006.551729259864,-1006.551729259864,0.0,,,,SWT,mdp.39015067403892,30744602.014608927,,0.0,-2.5,10.0,0.0,-7.0,,278.15172925986406,287.4750934475261,867.7011213703136,287.47509344752604,,0.0,287.4750934475261,,,32.110958565332965,0.0,-2.5,292.9978451839436,278.15172925986406,,122.98213726569168,0.09635221087125548,,0.23754085618887721,0.1621329213847451,0.02967644102603793,0.5185185185185188,0.35807603739459,,0.028058974128236325,0.35564339031708264,0.35564339031708264,0.35482615212912466,,0.08104440931879875,0.24763299804787248,0.3936805788755596,,,,,,0.4943605585264613,0.29,0.2828282828282828,0.30405248741281976,0.30405248741281976,1.3555146676997603,0.43514566104822683,90,0.9728803826197718,0.3708603911853666,74,0,0.2794549139542761,0.4607377434484711,77,0.0,0.30585992231849785,0.4048619666042818,79,6.97614984548545,0.9341872656086279,80.0,79.57053322936778,0.5897351422382762,65,db,0.9817779367705585,0.7465271631990054,0.08879729530090745,4,49.75,0.009899436851532432,0.8254411391254246,,0.222207461303433,0.3322526921434691,0.005060896273955784,0.5428571428571431,0.05271135992151044,,0.017638756931711963,0.11904000074112,0.11904000074112,0.11866632884220618,,0.21574279847231273,0.21106280950680528,0.09729371961656856,,,,,0.16666666666666669,,0.11747527220620779,0.39830508474576265,0.39830508474576276,0.09919628243500761,0.09919628243500761,0.3220338983050847,0.683515802328634,0.22430584115326588,195,0.9569427813963056,0.4921961008945405,174,14.849242404917497,0.9299564037503891,184.5,183.90243902439025,0.5298366924412323,165,0.9080317387829661,0.7281573716544635,0.1459305713555847,6,125.25,,,0.4153298412524624,0.5,0.2,0.6292525519114957,0.4153298412524622,1.0,False,False,0.0,0.0,0.0012073146826763867,0.49458757981694895,,0.13973999181178687,0.3365176109745841,4.3721723666258466e-06,0.6687863617913681,0.4153298412524623,0.0050075740433575214,,0.0001546929587383862,0.0010808140542570798,0.0010808140542570798,0.0010808140542507424,,0.0,0.0010355451947253807,0.004011402203339597,0.0018180156804870281,,,,,0.08695652173913043,,9.628245850957099e-06,0.4496124031007752,0.44961240310077516,0.0011672888588758923,0.0011672888588758923,0.3798449612403101,0.2055974333060721,0.06403825190317212,2109,0.8364929658453102,0.40604146885296954,2029,56.568542494923804,0.973566101637886,2069.0,2068.2266795553405,0.503371835865672,1833,1009.0473684210526,935.5,610.6543869996938,760,0.4758535102197843,0.8532293215616218,0.41093374637766444,5,1376.0
rbio3.9,1.0,antisymmetric,4.470742809418374e-27,320.74360187527617,5066657.083835513,0.5446428571428571,141.17325325890567,206,smoothed,4.389153549780234e-14,-2.0443755577304088e-10,6.371326768522184,58257.40934050853,0.9786166577171688,0.0001496656645132028,1.0,362.4,,,,[],[],11,426.59999999999997,32.200000000000074,728.3999999999999,"[9, 31, 53, 64, 80, 102, 131, 148, 158, 175, 192]","[311.0, 417.8, 589.6, 432.20000000000005, 728.3999999999999, 371.0, 587.0, 32.200000000000074, 448.1999999999999, 368.00000000000006, 407.2000000000001]","[0, 0, 0, 60, 0, 94, 120, 144, 144, 165, 186]","[20, 40, 75, 75, 204, 120, 204, 149, 204, 186, 204]",30736475.839999996,728.3999999999999,-728.3999999999999,0.0,,,,DWT,mdp.39015067403892,0.0,,0.0,15.0,11.0,0.0,33.0,,1.1368683772161603e-13,168.40000000000003,987.7999999999993,168.40000000000003,,0.0,168.40000000000003,,,28.000000000000085,0.0,15.0,1.1368683772161603e-13,1.1368683772161603e-13,,0.0,4.758663485441351e-14,8.296185729041015e-27,0.9834118026818774,0.3418376247944037,0.10728123317320534,0.2168604113348339,0.24718134454132576,,0.9999996647841187,4.4059199552998455e-09,4.4059199552998455e-09,3.6787269888316428e-09,,0.0,0.9999999955940747,7.585973278963461e-14,,,,,,0.0,0.0,0.0,1.7477015598164352e-13,1.7477015598164352e-13,0.7999999009795509,0.3007374869249613,715,1.0002232129434092,0.5077811817053445,207,0,0.1666666394057655,0.23713383959848497,717,0.0,0.27093891664652775,0.4780095778608586,202,295.3228459387003,0.690437268408071,460.25,318.09867429566674,0.6039974601998426,570,rbio,0.7685897546424816,0.816051598246696,0.21717169227625407,5,428.75,3.7109872090720995e-14,0.999999999970514,2.366916171267704e-27,0.9696937954422622,0.804758532210745,0.00028103526371507865,0.1779605263157894,0.0024075243809820205,0.9999999997235478,2.0315811924853655e-05,4.745387416349445e-11,4.745387416349445e-11,3.962169481397382e-11,,0.0,0.0031261328403482946,7.585973278963461e-14,,,,,0.0,,0.0,0.0,0.0,1.4238426238064856e-13,1.4238426238064856e-13,1.0,0.20156916120420534,0.057512244684840355,1888,1.7564832811618807,0.8119961430745148,189,1201.3744212359443,0.3703488358302178,1038.5,343.60327395281655,0.41303081204508796,1888,0.3888041033402703,1.0,0.4278371276618108,3,1416.75,,,,,,,,,,,,,2.491697099656957e-19,0.9999999999715835,2.366916171267704e-27,0.9780170860945501,0.24877968680219942,0.0013271459597143434,0.13463043856427698,1.0,0.0024075243809820205,0.9999999999999541,9.960751159770543e-05,3.8434858594393884e-14,3.8434858594393884e-14,3.20911916831812e-14,,0.0,0.0,0.004567040150618464,7.054128794466933e-19,,,,,0.13043478260869565,,0.0,0.7209302325581395,0.7209302325581395,4.770970844811595e-19,4.770970844811595e-19,1.0,0.3986733618839274,0.12417638082767558,1786,1.8666788532072474,0.9061032840450836,144,1161.069334708311,0.45744423611761165,965.0,266.5119170984456,0.5032548283391797,1834,818.67,599.5,715.6978453131971,300,0.38607403914171184,1.0,0.42974817260080167,3,1376.25
db22,,,,6.437686778338567,953136.7925935303,0.6504854368932039,148.7445536945502,206,raw,163.8353184449655,,7.366461072274461,123196.58906353099,1.0,2.911855516983897e-06,0.04964761698898455,490.3966433069153,,,,[],[],15,820.6520363354313,57.69034351178141,1602.8092479985683,"[12, 26, 43, 62, 73, 83, 97, 108, 118, 145, 156, 169, 181, 192, 203]","[694.0526154398353, 1309.9804552038138, 947.6846265152251, 1525.2203614924108, 154.22546972247483, 1178.2136606744825, 1602.8092479985683, 57.69034351178141, 1080.6720782965092, 71.46031226850334, 1118.192916705179, 1324.518041669556, 149.96757599778, 912.246140616539, 182.84669891880839]","[5, 20, 36, 20, 72, 77, 77, 107, 102, 141, 141, 141, 179, 188, 201]","[20, 55, 55, 77, 77, 87, 198, 111, 141, 146, 166, 198, 182, 198, 204]",75507521.4642192,1395.525366194281,-1395.525366194281,0.0,,,,SWT,mdp.39015067403892,37752908.4642192,,0.0,-20.0,17.0,0.0,-20.0,,454.5253661942811,415.83953633543126,644.2194549685319,415.8395363354311,,0.0,415.83953633543126,,,54.69034351178141,0.0,-11.0,662.8092479985683,454.5253661942811,,163.39664330691528,0.6727346604859401,,0.0946511630499611,0.5736632559616095,0.13469478268084278,0.4285714285714289,0.10371463086228686,,0.031788656743235305,0.00890729283791225,0.00890729283791225,0.008907292837911751,,0.371098643221508,0.15666137484204742,0.3830031814942305,,,,,,0.20721271717152792,0.1016949152542373,0.3,0.24200031676819458,0.24200031676819458,0.8949393086030214,0.30087119956311714,105,0.9082520860384631,0.5161342484154452,82,0,0.17128832386131795,0.2849757876446227,104,0.0,0.3163426841474356,0.5480981039797546,80,13.59840676942217,0.8717131436846965,92.75,91.25270693740288,0.4983565718423483,101,db,0.9380878725805777,0.8243093411562624,0.09604568684671688,4,76.75,0.689108671690587,0.012707207753914374,,0.09465116304996107,0.5736632559616096,0.2844539339569819,0.42857142857142894,0.5846738746365746,,0.05213750353573064,0.301367291373436,0.301367291373436,0.3010709562264423,,0.371098643221508,0.1566613748420474,0.5092672190032019,,,,,0.75,,0.47001263051937087,0.10169491525423727,0.2542372881355932,0.3443930480251527,0.3443930480251527,0.1016949152542373,1.5339922691456689,0.5034022989389368,105,1.2049985146904245,0.6197816442577007,141,25.45584412271571,0.8799252635720957,123.0,120.36585365853658,0.6498682921634062,94,0.9080317387829661,0.7281573716544635,0.1459305713555847,6,72.0,,,0.2063688674199798,0.4000000000000001,0.10714285714285718,,0.2582658419615007,1.0,False,False,0.0,0.0,0.0013899351191604772,0.018304798508786954,,0.13670084407137195,0.3550509919164601,0.00024574335499127084,0.58598295223921,0.2582658419615007,0.00765275691851207,,0.00045724904053045737,0.0022459451485806253,0.0022459451485806253,0.0022459451485742944,,0.0,0.0013758470341524644,0.0029774633706813086,0.004112650061561774,,,,,0.3913043478260869,,1.1823027798813588e-05,0.17829457364341084,0.317829457364341,0.0019074567591107444,0.0019074567591107444,0.17829457364341084,0.24895345675651337,0.07754252531064174,2077,0.6063379146146223,0.2943220654851224,2118,28.991378028648448,0.9864526270894166,2097.5,2097.299642431466,0.5031562200867643,1835,1009.0473684210526,935.5,610.6543869996938,760,0.4758535102197843,0.8532293215616218,0.41093374637766444,5,1377.5
rbio3.7,1.0,smooth,2.948154142994279e-27,322.55189687561545,4838756.809717204,0.5454545454545454,102.16012833207478,206,smoothed,3.685293709896516e-14,-2.050122294150474e-10,6.255291335128074,34544.037169742136,0.9703221268798848,0.00014966566451320274,0.9999999999999999,362.40000000000003,,,,[],[],11,426.59999999999997,32.20000000000002,728.4,"[9, 31, 53, 64, 80, 102, 131, 148, 158, 175, 192]","[310.9999999999999, 417.79999999999995, 589.6000000000001, 432.20000000000005, 728.4, 371.0, 587.0000000000001, 32.20000000000002, 448.2, 368.0, 407.2000000000001]","[0, 0, 0, 60, 0, 94, 120, 144, 144, 165, 186]","[20, 40, 75, 75, 205, 120, 205, 149, 205, 186, 205]",30736475.839999996,728.4,-728.4,0.0,,,,DWT,mdp.39015067403892,0.0,,0.0,15.0,11.0,0.0,33.0,,0.0,168.40000000000003,987.7999999999993,168.40000000000003,,0.0,168.40000000000003,,,28.00000000000003,0.0,15.0,0.0,0.0,,5.684341886080802e-14,3.2123820085339036e-14,3.840178266247792e-27,0.9902822620151198,0.17446764435922818,0.009476719961399503,0.22243588485764182,0.05053029809301629,,0.9999996647345563,4.4059199552998455e-09,4.4059199552998455e-09,3.6787269888316428e-09,,6.125805465799743e-13,0.9999999955940747,0.0,,,,,,0.0,0.0,0.0,0.0,0.0,0.7999999009648806,0.3007374869194464,783,0.7953280125496586,0.4037624730457819,515,0,0.16666663940165086,0.23713383959263062,801,0.0,0.20674182989806258,0.3647485420659699,531,155.6181223379848,0.836878278471714,657.5,629.8651767413519,0.57383746208701,669,rbio,0.7685897546424816,0.816051598246696,0.21717169227625407,5,503.0,2.8216480902119705e-14,0.9999999999705138,1.2894316110603302e-27,0.976366813371457,0.7646741108503317,2.4825334447880435e-05,0.18253588516746408,0.0004921606234603482,0.9999999997235391,2.0315811923854454e-05,4.745387416349445e-11,4.745387416349445e-11,3.962169481397382e-11,,6.125805465799743e-13,0.0031261328403482946,0.0,,,,,0.0,,0.0,0.0,0.0,0.0,0.0,1.0,0.20156916120441642,0.05751224468490058,1839,1.741380774312212,0.8050144783788079,324,1071.2667734976194,0.43853942688804015,1081.5,550.9348127600555,0.4358577637584855,1819,0.3888041033402703,1.0,0.4278371276618108,3,1365.0,,,,,,,,,,,,,1.8945611953191624e-19,0.9999999999715831,1.2894316110603302e-27,0.9828574275615108,0.23638815643308797,0.0012672332979065586,0.1380917823889005,0.9999999999999999,0.0004921606234603482,0.9999999999999541,9.960751159770467e-05,3.8434858594393884e-14,3.8434858594393884e-14,3.20911916831812e-14,,0.0,4.786380409530668e-19,0.004567040150618464,0.0,,,,,0.13043478260869565,,0.0,0.7209302325581395,0.7209302325581395,0.0,0.0,1.0,0.3986733618839274,0.12417638082767558,1790,1.8639757285988048,0.9047911622086549,163,1150.462732990513,0.462400592060508,976.5,298.79160266257037,0.5030460904227774,1836,818.67,599.5,715.6978453131971,300,0.38607403914171184,1.0,0.42974817260080167,3,1377.75
coif10,,,,6.0401009606885045,972691.1406927326,0.6796116504854369,146.48046053143585,206,raw,163.88704805355806,,7.304263917162663,123196.58906353099,1.0,3.0485524441779504e-06,-0.059678741377917816,475.38325126702034,,,,[],[],14,1111.323965306289,532.5134630816821,1884.4183486913666,"[2, 18, 32, 43, 56, 73, 89, 99, 111, 124, 141, 162, 184, 203]","[807.9156610281007, 844.6560952215237, 1158.5961302576673, 877.2111537729501, 1392.6776966571333, 1780.447686305489, 1884.4183486913666, 772.4988907211007, 883.0832855537451, 532.5134630816821, 1414.0078531982513, 1250.9693070285634, 1041.1290023605486, 918.4109404099252]","[0, 7, 7, 33, 7, 69, 69, 96, 101, 123, 117, 152, 173, 197]","[7, 28, 47, 47, 69, 80, 117, 117, 117, 127, 152, 197, 197, 204]",75460526.31203102,1579.3535085555568,-1579.3535085555568,0.0,,,,SWT,mdp.39015067403892,37705913.312031016,,0.0,-25.0,18.0,0.0,-16.0,,638.3535085555568,706.511465306289,2604.535514288047,706.5114653062891,,0.0,706.511465306289,,,529.5134630816821,0.0,-20.5,944.4183486913666,638.3535085555568,,148.38325126702034,0.6744528529113903,,0.04998406913596801,0.4871452591753085,0.14189058119778877,0.6000000000000002,0.10371463086228686,,0.7728393062342974,0.594607525749242,0.594607525749242,0.5946075257492422,,0.3133862416266547,0.6338549081657994,0.7774364358452633,,,,,,0.20367652158603136,0.016949152542372864,0.11000000000000001,0.5374738185478024,0.5374738185478024,2.2345743470441253,0.7512454284275533,6,0.8743586147821164,0.4968735370094445,86,0,0.4310322805943454,0.7171169691758024,8,0.0,0.31032267936026864,0.5376677909833033,81,44.22197794460729,0.5828115288244595,45.25,12.6726549175668,0.5779623681858147,71,coif,1.0,1.0,0.0,5,54.5,0.6907408980859412,0.014267584785168652,,0.04998406913596798,0.48714525917530854,0.29040434916052243,0.6000000000000002,0.5846738746365746,,0.7776135305675581,0.714234157616183,0.714234157616183,0.71411294590957,,0.3133862416266547,0.6338549081657994,0.8229824960026242,,,,,0.8333333333333333,,0.4676486433100404,0.01694915254237289,0.09322033898305085,0.599953157318527,0.599953157318527,0.1694915254237288,2.61322443256344,0.8575683290297688,7,1.17331271864485,0.6034843007063805,145,97.58073580374356,0.5397135103597002,76.0,13.355263157894736,0.5906114721609822,122,1.0,0.7220099692676862,0.08339700921969413,7,93.25,,,0.11507136223913761,0.6000000000000001,0.1785714285714286,,0.17293844569847716,1.0,False,False,0.0,0.0,0.0013903739793547604,0.019219219186512388,,0.135636608910911,0.3484089006698797,0.0002508839940232846,0.710188066567447,0.17293844569847727,0.00765275691851207,,0.006819717413432435,0.004884299626437841,0.004884299626437841,0.004884299626431529,,0.0,0.0012494299273343133,0.012046873540418414,0.005859999979804156,,,,,0.43478260869565216,,1.1808310389921582e-05,0.10077519379844957,0.1705426356589147,0.002678908164777528,0.002678908164777528,0.24031007751937983,0.26620424596057957,0.0829156973722498,2054,0.6182064433020327,0.3000831597418922,2115,43.1335136523794,0.9798441524988881,2084.5,2084.05372991125,0.5028893659690703,1837,986.6382352941176,846.0,585.0035688138154,340,0.4652856568234462,0.8173890317607586,0.42908333069536003,4,1378.75
rbio3.7,1.0,antisymmetric,2.9489956584502126e-27,322.55065741067483,4965916.87064515,0.5454545454545454,138.73238828373582,206,smoothed,3.693701224063581e-14,-2.050122294150474e-10,6.333466547230345,49003.83965636278,0.9755187185319684,0.00014966566451320274,0.9999999999999999,362.40000000000003,,,,[],[],11,426.59999999999997,32.20000000000002,728.4,"[9, 31, 53, 64, 80, 102, 131, 148, 158, 175, 192]","[310.9999999999999, 417.79999999999995, 589.6000000000001, 432.20000000000005, 728.4, 371.0, 587.0000000000001, 32.20000000000002, 448.2, 368.0, 407.2000000000001]","[0, 0, 0, 60, 0, 94, 120, 144, 144, 165, 186]","[20, 40, 75, 75, 205, 120, 205, 149, 205, 186, 205]",30736475.839999996,728.4,-728.4,0.0,,,,DWT,mdp.39015067403892,0.0,,0.0,15.0,11.0,0.0,33.0,,0.0,168.40000000000003,987.7999999999993,168.40000000000003,,0.0,168.40000000000003,,,28.00000000000003,0.0,15.0,0.0,0.0,,5.684341886080802e-14,3.230852139498496e-14,3.842641045089106e-27,0.9902775527760477,0.28722788782410846,0.06404807976847447,0.22243588485764182,0.1704430321382947,,0.9999996647345563,4.4059199552998455e-09,4.4059199552998455e-09,3.6787269888316428e-09,,6.125805465799743e-13,0.9999999955940747,0.0,,,,,,0.0,0.0,0.0,0.0,0.0,0.7999999009648806,0.3007374869194464,782,0.9269560822603042,0.47058581399442545,248,0,0.16666663940165086,0.23713383959263062,799,0.0,0.2477760624806571,0.4371440341474566,240,315.6151401100186,0.669166519800819,517.25,372.81223648682277,0.5634878720597386,703,rbio,0.7685897546424816,0.816051598246696,0.21717169227625407,5,528.5,2.8322711302228577e-14,0.9999999999705138,1.2900271231187995e-27,0.9763622394652249,0.7916797249992781,0.00016778115291718378,0.18253588516746408,0.0016601000217184342,0.9999999997235391,2.0315811923854454e-05,4.745387416349445e-11,4.745387416349445e-11,3.962169481397382e-11,,6.125805465799743e-13,0.0031261328403482946,0.0,,,,,0.0,,0.0,0.0,0.0,0.0,0.0,1.0,0.20156916120441642,0.05751224468490058,1838,1.7554194907114842,0.811504368542969,196,1161.069334708311,0.39147309501660843,1017.0,354.2261553588987,0.42922711354604004,1840,0.3888041033402703,1.0,0.4278371276618108,3,1380.75,,,,,,,,,,,,,1.901693905968221e-19,0.9999999999715831,1.2900271231187995e-27,0.9828541098320763,0.24473655904202923,0.001300662383305018,0.1380917823889005,0.9999999999999999,0.0016601000217184344,0.9999999999999541,9.960751159770467e-05,3.8434858594393884e-14,3.8434858594393884e-14,3.20911916831812e-14,,0.0,4.786380409530668e-19,0.004567040150618464,0.0,,,,,0.13043478260869565,,0.0,0.7209302325581395,0.7209302325581395,0.0,0.0,1.0,0.3986733618839274,0.12417638082767558,1783,1.8686318295676172,0.907051276942069,118,1177.3327906756017,0.44984449033850393,950.5,221.35086796422934,0.5028428059169155,1838,818.67,599.5,715.6978453131971,300,0.38607403914171184,1.0,0.42974817260080167,3,1379.25
rbio3.9,1.0,symmetric,4.437304297649491e-27,320.7762066183335,5066655.06908087,0.5446428571428571,132.11854097327534,206,smoothed,4.336552691914498e-14,-2.045186464627595e-10,6.366394294430982,30081.966783011976,0.962139643013736,0.00014966566451320276,1.0,362.4,,,,[],[],11,426.59999999999997,32.200000000000074,728.3999999999999,"[9, 31, 53, 64, 80, 102, 131, 148, 158, 175, 192]","[311.0, 417.8, 589.6, 432.20000000000005, 728.3999999999999, 371.0, 587.0, 32.200000000000074, 448.1999999999999, 368.00000000000006, 407.2000000000001]","[0, 0, 0, 60, 0, 94, 120, 144, 144, 165, 186]","[20, 40, 75, 75, 204, 120, 204, 149, 204, 186, 204]",30736475.839999996,728.3999999999999,-728.3999999999999,0.0,,,,DWT,mdp.39015067403892,0.0,,0.0,15.0,11.0,0.0,33.0,,1.1368683772161603e-13,168.40000000000003,987.7999999999993,168.40000000000003,,0.0,168.40000000000003,,,28.000000000000085,0.0,15.0,1.1368683772161603e-13,1.1368683772161603e-13,,0.0,4.643106768637241e-14,8.198324592101924e-27,0.9835356815629251,0.3347230041307522,0.10728036853143197,0.2168604113348339,0.013527091439926447,,0.9999996647841187,4.4059199552998455e-09,4.4059199552998455e-09,3.6787269888316428e-09,,0.0,0.9999999955940747,7.585973278963461e-14,,,,,,0.0,0.0,0.0,1.7477015598164352e-13,1.7477015598164352e-13,0.7999999009795509,0.3007374869249613,720,0.9032780963787652,0.4585652614860019,260,0,0.1666666394057655,0.23713383959848497,718,0.0,0.23656093671427375,0.4173575169516293,284,258.26278606618234,0.7292842913352386,495.5,394.1303291081943,0.6049461288961309,567,rbio,0.7685897546424816,0.816051598246696,0.21717169227625407,5,426.5,3.644525112593731e-14,0.999999999970514,2.343252866173031e-27,0.9698141143254961,0.803054609848086,0.0002810329986886466,0.1779605263157894,0.00013175267132650194,0.9999999997235466,2.0315811924853655e-05,4.745387416349445e-11,4.745387416349445e-11,3.962169481397382e-11,,0.0,0.0031261328403482946,7.585973278963461e-14,,,,,0.0,,0.0,0.0,0.0,1.4238426238064856e-13,1.4238426238064856e-13,1.0,0.20156916120420534,0.057512244684840355,1894,1.754793201494115,0.8112148443360455,201,1197.131780548825,0.37257244206036433,1047.5,363.4310262529833,0.41178412459412345,1894,0.3888041033402703,1.0,0.4278371276618108,3,1421.25,,,,,,,,,,,,,2.4470719355961842e-19,0.9999999999715833,2.343252866173031e-27,0.978104360621002,0.24825294336954132,0.00132714543005586,0.13463043856427698,1.0,0.00013175267132650194,0.9999999999999541,9.960751159770543e-05,3.8434858594393884e-14,3.8434858594393884e-14,3.20911916831812e-14,,0.0,0.0,0.004567040150618464,7.054128794466933e-19,,,,,0.13043478260869565,,0.0,0.7209302325581395,0.7209302325581395,4.770970844811595e-19,4.770970844811595e-19,1.0,0.3986733618839274,0.12417638082767558,1789,1.865557537258098,0.905558986849971,152,1157.5338008023782,0.4590963547652438,970.5,280.19371458011335,0.5027958409340237,1839,818.67,599.5,715.6978453131971,300,0.38607403914171184,1.0,0.42974817260080167,3,1380.0
bior5.5,1.0,periodization,6.984610306433388e-20,251.03037066395262,5735960.717626961,0.6310679611650486,331.8938369448436,206,raw,2.0848048607120135e-10,,6.475626474096379,60152.87208862882,0.6581566006007266,5.618943883679065e-06,1.0,327.0000000000244,,,,[],[],13,661.1538461545236,87.00000000012078,940.0000000010602,"[8, 32, 51, 63, 81, 100, 111, 133, 152, 162, 175, 192, 204]","[878.000000000911, 638.0000000005967, 787.000000000674, 792.0000000010037, 940.0000000010602, 788.0000000008605, 637.000000000589, 675.0000000002702, 771.0000000008932, 196.0000000001935, 834.0000000009228, 572.0000000007107, 87.00000000012078]","[0, 13, 39, 39, 76, 99, 107, 107, 107, 161, 164, 187, 203]","[76, 39, 61, 76, 205, 164, 119, 142, 164, 164, 205, 205, 205]",37754613.000023246,941.0000000007683,-941.0000000007683,0.0,,,,DWT,mdp.39015067403892,2.3245811462402344e-05,,0.0,33.0,19.0,0.0,28.5,,7.682956493226811e-10,256.34134615452365,4358.999999991192,256.34134615452354,,0.0,256.34134615452365,,,84.00000000012078,0.0,24.0,1.060243448591791e-09,7.682956493226811e-10,,2.4385826691286638e-11,2.634003632056136e-10,4.9427726666260375e-20,0.7124361899697146,0.8407888483280913,0.0,0.5544382801664359,0.00019538533592175825,,0.4742280247519046,7.2205761571226714e-09,7.2205761571226714e-09,6.606521701232466e-09,,1.2266291629750447e-09,0.9999999927793832,1.2695449976051025e-09,,,,,,2.300857139548647e-10,1.0,0.5,9.622328451684231e-10,9.622328451684231e-10,0.7922684118775883,0.2590182144030802,243,1.0697096044258376,0.5137851455822487,896,0,0.24785233693580727,0.29613842778122446,241,0.125,0.29487267200908057,0.5355910034647102,899,378.4559639729128,0.603295635248519,569.75,381.2057044264622,0.5030367065131485,868,bior,0.672619891330026,0.76736776154697,0.2989557476048908,5,652.25,2.634003632056136e-10,0.00015478832988835567,4.9427726666260375e-20,0.7124361899697146,0.8407888483280914,0.0010334794515749173,0.6651251916198266,0.002560623679780092,,0.991982821458341,0.9855281704528388,0.9855281704528388,0.9855281704527254,,2.62797054482809e-10,0.9999999999641557,7.074678679961324e-10,,,,,1.0,,2.300857139548647e-10,1.0,0.5,9.622328451684231e-10,9.622328451684231e-10,0.0,2.2345702008121693,0.6375734630575082,250,1.1154936405694913,0.5156761487461594,1837,1122.178461743051,0.41185615212628357,1043.5,440.10541447053185,0.4324741976564332,1830,0.5943810304597339,0.7715092316736338,0.3524805091760961,5,1373.75,,,,,,,,,,,,,1.7685696125374736e-15,0.03641360043834285,4.9427726666260375e-20,0.7914126638267902,0.25991794803247653,0.0015030990708424664,0.5031795426870521,1.0,0.002560623679780092,,0.0008499884728407405,0.0007982210227462752,0.0007982210227462752,0.0007982210227399355,,0.0,2.0533571956886568e-16,0.020163910573009074,6.578680513719862e-15,,,,,0.4782608695652174,,7.279859653367944e-18,1.0,0.8604651162790697,3.2242220969236758e-15,3.2242220969236758e-15,0.9302325581395349,0.5744527218307321,0.17892707859000703,589,1.2187782685259698,0.5916063117856262,1864,901.5611460128481,0.5787097448538093,1226.5,895.1455360782716,0.502789451866157,1840,1104.4,1082.5,563.6960149978129,300,0.520820561188399,0.7876173146100969,0.3991404127850916,6,1381.5
bior3.5,1.0,periodic,1.9120150220059724e-27,324.43248574198634,5193196.602962401,0.5324074074074074,71.15719837330451,206,smoothed,2.642115221321539e-14,-2.0637680453461418e-10,6.177293161040784,37404.81024061524,0.9923368192532017,0.00014966566451320276,1.0,362.4000000000001,,,,[],[],11,426.60000000000014,32.200000000000045,728.4,"[9, 31, 53, 64, 80, 102, 131, 148, 158, 175, 192]","[311.0, 417.8000000000001, 589.6, 432.2, 728.4, 371.0, 587.0000000000001, 32.200000000000045, 448.20000000000016, 368.0000000000001, 407.1999999999999]","[0, 0, 0, 60, 0, 94, 120, 144, 144, 165, 186]","[20, 40, 75, 75, 205, 120, 205, 149, 205, 186, 205]",30736475.84,728.4,-728.4,0.0,,,,DWT,mdp.39015067403892,3.725290298461914e-09,,0.0,15.0,11.0,0.0,33.0,,0.0,168.4000000000002,987.7999999999975,168.40000000000003,,0.0,168.4000000000002,,,28.000000000000057,0.0,15.0,0.0,0.0,,1.1368683772161603e-13,9.20664989619627e-15,8.078138743208796e-28,0.9974273955948318,0.061962761246240616,0.16158628444241288,0.13281531045399,0.07425421276812416,,0.9999996647593375,4.406097391567225e-09,4.406097391567225e-09,3.6787269888316428e-09,,1.2251610931599486e-12,0.9999999955939026,0.0,,,,,,7.946695712486874e-14,0.0,0.0,0.0,0.0,0.7999999009726814,0.3007374869223789,735,0.7930587694900744,0.4026104512695811,536,0,0.1666666394037889,0.23713383959567264,735,0.0,0.20400656635794415,0.3599227968894068,550,110.99849848834292,0.8836493726537286,639.0,624.5177654001628,0.6069190259495059,556,bior,0.8100315533562081,0.7923003667562746,0.1952878026237719,6,418.5,1.5035739719381125e-14,0.999999999970514,5.561909599830179e-28,0.9833066120328383,0.7377296544545104,0.0004232934569991057,0.10899122807017583,0.00072322944905738,0.9999999997235186,2.0315811924354055e-05,4.745570603148508e-11,4.745570603148508e-11,3.962169481397382e-11,,1.2251610931599486e-12,0.003126132840347795,0.0,,,,,0.0,,3.687271056968986e-14,0.0,0.0,0.0,0.0,1.0,0.20156916120474216,0.05751224468499352,1790,1.7029462240637172,0.787246756421365,713,761.5540033379117,0.6008626816887255,1251.5,1019.7922493008391,0.4724701249114487,1649,0.5943810304597339,0.7715092316736338,0.3524805091760961,5,1238.0,,,,,,,,,,,,,1.0095564047860611e-19,0.9999999999715833,5.561909599830179e-28,0.9878912811476191,0.22805865987615984,0.0013604119109910553,0.08245388535606402,1.0,0.00072322944905738,0.9999999999999541,9.960751159770499e-05,3.843648489765261e-14,3.843648489765261e-14,3.20911916831812e-14,,0.0,9.572760819061336e-19,0.004567040150618456,0.0,,,,,0.13043478260869565,,1.1666441752192217e-21,0.7209302325581395,0.7209302325581395,0.0,0.0,1.0,0.3986733618839274,0.12417638082767558,1835,1.840715150495652,0.8935002611670315,415,1004.0916292848975,0.5307983040724777,1125.0,676.9111111111112,0.5025486847465193,1841,1104.4,1082.5,563.6960149978129,300,0.520820561188399,0.7876173146100969,0.3991404127850916,6,1382.25
db36,1.0,antisymmetric,1.610085403491996e-26,315.17890961393044,6543630.705307419,0.5253623188405797,110.5422368744964,206,smoothed,8.627834153698643e-14,-2.0046628801395667e-10,6.656013671812396,133281.31916108317,0.9960595677851599,0.00014966566451320274,0.9999999999999999,362.39999999999975,,,,[],[],11,426.59999999999997,32.19999999999999,728.3999999999999,"[9, 31, 53, 64, 80, 102, 131, 148, 158, 175, 192]","[311.00000000000006, 417.7999999999997, 589.6, 432.1999999999997, 728.3999999999999, 371.00000000000006, 587.0, 32.19999999999999, 448.1999999999997, 368.0000000000001, 407.20000000000005]","[0, 0, 0, 60, 0, 94, 120, 144, 144, 165, 186]","[20, 40, 75, 75, 205, 120, 205, 149, 205, 186, 205]",30736475.84,728.3999999999999,-728.3999999999999,0.0,,,,DWT,mdp.39015067403892,3.725290298461914e-09,,0.0,15.0,11.0,0.0,33.0,,1.1368683772161603e-13,168.40000000000003,987.7999999999993,168.39999999999995,,0.0,168.40000000000003,,,28.0,0.0,15.0,1.1368683772161603e-13,1.1368683772161603e-13,,2.2737367544323206e-13,1.407045105020524e-13,4.2332865205752387e-26,0.9622692391751427,0.7524711704286805,0.7411316602233615,0.08442271417712284,0.8693421350276154,,0.999999664709775,4.4059199552998455e-09,4.4059199552998455e-09,3.6786382706978885e-09,,2.4503221863198973e-12,0.9999999955940747,7.585973278963461e-14,,,,,,7.946695712486874e-14,0.0,0.0,1.7477015598164352e-13,1.7477015598164352e-13,0.7999999009584862,0.3007374869170426,807,1.7056688985130442,0.8659132858317391,17,0,0.1666666393997736,0.23713383958995968,809,0.0,0.487090988433152,0.8593603334751626,17,456.6847928276132,0.5212947664280785,412.5,33.29939288837817,0.5444524146605801,765,db,0.573477938514061,0.8443824841957417,0.34525069778143475,3,574.5,9.066633688406792e-14,0.9999999999705138,1.0597152974752495e-26,0.949158821213254,0.9031035760777963,0.0019414777908284492,0.06927917620137325,0.008467315320165796,0.9999999997236078,2.0315811923354854e-05,4.745387416349445e-11,4.745387416349445e-11,3.9620695613251655e-11,,2.4503221863198973e-12,0.0031261328403482946,7.585973278963461e-14,,,,,0.0,,3.687271056968986e-14,0.0,0.0,1.4238426238064856e-13,1.4238426238064856e-13,1.0,0.20156916120544818,0.05751224468519496,1722,1.7531164161515052,0.81043969136672,223,1059.9530649986348,0.44446904350176375,972.5,394.8647814910026,0.46738651336513765,1662,0.49117026184683504,0.8233619396015222,0.4091722348267588,4,1247.5,,,,,,,,,,,,,6.087680606881969e-19,0.9999999999715831,1.0597152974752495e-26,0.9631218335509034,0.27918166234209535,0.0017154272876969872,0.052410981628655484,0.9999999999999999,0.008467315320165798,0.9999999999999541,9.960751159770423e-05,3.8434858594393884e-14,3.8434858594393884e-14,3.209043274166046e-14,,0.0,1.9145521638122673e-18,0.004567040150618464,7.054128794466933e-19,,,,,0.13043478260869565,,1.1666441752192217e-21,0.7209302325581395,0.7209302325581395,4.770970844811595e-19,4.770970844811595e-19,1.0,0.3986733618839274,0.12417638082767558,1825,1.8426729637164234,0.894450601921061,356,1038.7398615630384,0.514607541325683,1090.5,595.7817514901421,0.5025140510366732,1842,1009.0473684210526,935.5,610.6543869996938,760,0.4758535102197843,0.8532293215616218,0.41093374637766444,5,1382.75
db28,,,,6.6806479369458955,949715.5632100299,0.6359223300970874,146.79706623472512,206,raw,172.11802991029037,,7.379609947662603,123196.58906353096,1.0,2.839223031665131e-06,0.1118887768700831,523.0748270893981,,,,[],[],14,958.941559857605,75.42298109932665,1631.0168811237768,"[15, 26, 37, 47, 67, 85, 101, 112, 122, 134, 152, 168, 181, 196]","[1229.3286457677643, 75.42298109932665, 1262.1884265338888, 774.7321946437369, 1459.3221111959656, 1182.663759718933, 1631.0168811237768, 362.07370136964704, 1113.263557242428, 142.459343795319, 1480.4631009622094, 336.2583598268578, 1237.3268329195425, 1138.661941807073]","[1, 24, 24, 40, 24, 81, 24, 111, 107, 133, 128, 166, 170, 192]","[24, 28, 60, 60, 81, 92, 192, 115, 128, 145, 192, 170, 192, 201]",75545529.30676526,1343.5433719606306,-1343.5433719606306,0.0,,,,SWT,mdp.39015067403892,37790916.30676526,,0.0,-20.5,18.0,0.0,-16.0,,402.54337196063057,554.129059857605,471.18183800646875,554.129059857605,,0.0,554.129059857605,,,72.42298109932665,0.0,-20.5,691.0168811237768,402.54337196063057,,196.07482708939813,0.9478438772210565,,0.12194682704801114,0.5919537124387566,0.133435805536781,0.34285714285714325,0.10371463086228583,,0.059463767873761286,0.2875589205437802,0.2875589205437802,0.2875589205437801,,0.49671558980050845,0.11453937546164535,0.42251194915743595,,,,,,0.21007265396857117,0.09322033898305085,0.11000000000000001,0.15844781132254512,0.15844781132254512,1.2579773871872197,0.422921601350942,79,1.0021830985762792,0.5695126147350513,61,0,0.2309778325395222,0.3842824091716326,90,0.0,0.35715684610401033,0.6188130782937973,62,14.023789311975086,0.8677001008304237,73.0,71.05828942291939,0.5895104277737024,67,db,0.9380878725805777,0.8243093411562624,0.09604568684671688,4,51.25,0.9504533956627021,0.011878117706751623,,0.12194682704801116,0.5919537124387567,0.2834128491181981,0.3428571428571433,0.5846738746365742,,0.07923096831364722,0.497792045607364,0.497792045607364,0.4975790268549515,,0.4967155898005084,0.11453937546164532,0.5406907966418601,,,,,0.8333333333333333,,0.4719245309910056,0.09322033898305085,0.09322033898305085,0.2721270502459262,0.2721270502459262,0.1694915254237288,1.7783798986755674,0.5836017217209728,84,1.2933008489865159,0.6651992653374119,117,23.33452377915607,0.8899314916077544,100.5,97.7910447761194,0.7079374439170847,64,0.9080317387829661,0.7281573716544635,0.1459305713555847,6,49.5,,,0.25834592676403767,0.6000000000000001,0.1785714285714286,,0.30684402742727135,1.0,False,False,0.0,0.0,0.0014602034328354396,0.017818930627091382,,0.13735118871682384,0.356455172380357,0.0002448439486179635,0.5238803950750917,0.30684402742727146,0.007652756918512069,,0.000694860355499884,0.003501163651850845,0.003501163651850845,0.0035011636518445235,,0.0,0.0016510068007712158,0.0021769041365914867,0.004287674964215443,,,,,0.43478260869565216,,1.1834930663977497e-05,0.1705426356589147,0.1705426356589147,0.0016893096244783275,0.0016893096244783275,0.24031007751937983,0.26418252577314594,0.0822859841284669,2059,0.60189533338091,0.2921655952178413,2119,42.42640687119285,0.9801745762284145,2089.0,2088.5691718525613,0.5020031759646746,1843,1009.0473684210526,935.5,610.6543869996938,760,0.4758535102197843,0.8532293215616218,0.41093374637766444,5,1383.5
sym13,1.0,smooth,4.371199395541714e-22,273.06578629244206,16590360.877579642,0.6217391304347826,290.81947559160784,206,raw,1.6562751170567935e-11,,5.389322476990124,357955.17413270136,0.9629641663301789,5.618943883691012e-06,1.0,327.00000000002217,,,,[],[],13,661.1538461537937,86.99999999998388,939.9999999999184,"[8, 32, 51, 63, 81, 100, 111, 133, 152, 162, 175, 192, 204]","[877.9999999999801, 637.9999999999355, 786.9999999999309, 791.9999999999286, 939.9999999999184, 787.9999999999344, 636.9999999999446, 674.9999999999707, 770.9999999999382, 195.99999999997192, 833.9999999999245, 571.9999999999559, 86.99999999998388]","[0, 13, 39, 39, 76, 99, 107, 107, 107, 161, 99, 187, 203]","[76, 39, 61, 76, 205, 164, 119, 142, 164, 164, 205, 205, 205]",37754612.99999806,940.9999999999479,-940.9999999999479,0.0,,,,DWT,mdp.39015067403892,1.9371509552001953e-06,,0.0,33.0,19.0,0.0,28.5,,5.206857167650014e-11,256.34134615379367,4359.000000000682,256.3413461537987,,0.0,256.34134615379367,,,83.99999999998388,0.0,19.5,8.162714948412031e-11,5.206857167650014e-11,,2.2168933355715126e-11,2.0908975604413844e-11,3.093342167178591e-22,0.7937518622126727,0.46552531139094544,0.012215352495825074,0.4844720496894407,0.02430635221731639,,0.4742280245928798,6.655293908044607e-09,6.655293908044607e-09,6.045245111727681e-09,,1.1151174208864043e-09,0.9999999933446587,9.77410795925867e-11,,,,,,1.9173809496238728e-11,1.0,0.0,6.521199217033705e-11,6.521199217033705e-11,0.742268410499044,0.2426715938852561,699,0.9186328100399646,0.4412224496164515,949,0,0.2061856698879856,0.2463543449560484,699,0.125,0.248074418289587,0.45058914995538335,952,145.20875777078092,0.8477895620851353,824.75,805.575991287418,0.4916358711893182,903,sym,0.8243425715244881,0.7368036147090654,0.2019191155201387,6,678.75,2.0908975604413844e-11,0.00015478832997128933,3.093342167178591e-22,0.7937518622126727,0.46552531139094544,0.013236207631601812,0.6125400457665903,0.026614551233151092,,0.9919828214559162,0.9855281704446581,0.9855281704446581,0.9855281704446028,,2.3890641316619e-10,0.9999999999669619,5.446728814295765e-11,,,,,1.0,,1.9173809496238725e-11,1.0,0.25,6.521199217033705e-11,6.521199217033705e-11,0.0,2.20957020000279,0.6304403968926219,692,0.9713401521440379,0.44903613123641284,1904,857.0134187980956,0.5508315415104321,1298.0,1015.075500770416,0.43526902023110703,1821,0.7763846615972358,0.5622554397616224,0.28785410495344815,6,1367.25,,,,,,,,,,,,,1.4039076648648138e-16,0.03641360043842277,3.093342167178591e-22,0.8503958142465392,0.14391054773683012,0.00435661036399701,0.4633979046196019,1.0,0.026614551233151085,,0.0008499884728389061,0.0007982210227396494,0.0007982210227396494,0.0007982210227333565,,0.0,1.8666883597169608e-16,0.020163910573052977,5.064864474427258e-16,,,,,0.4782608695652174,,6.066549711139953e-19,1.0,0.7906976744186046,2.1851046469237103e-16,2.1851046469237103e-16,0.9302325581395349,0.5674759776446968,0.17675400427451105,718,1.1913001300709651,0.5782681677065059,1889,828.0220407694471,0.6130738127245574,1303.5,1040.5078634445722,0.5019808315959235,1844,1409.1368421052632,1454.5,398.32527672708756,380,0.6645304607900322,0.5565550872278735,0.3678621512786154,7,1384.75
coif9,,,,5.928522321731996,972139.8641423808,0.6747572815533981,147.80970146544522,206,raw,160.86253584188535,,7.304482777275209,123196.58906353095,1.0,3.1561645764671694e-06,-0.0870324721606839,425.24863655657714,,,,[],[],15,962.5789081362785,219.89876443343428,1738.993323716837,"[3, 19, 30, 40, 55, 71, 90, 109, 119, 129, 142, 155, 165, 183, 199]","[370.929307589514, 1305.5942625466969, 451.04026224617917, 1064.3849771270338, 1194.8489333887487, 1738.993323716837, 1682.9321107907326, 758.1104920479393, 978.7361830497694, 407.3495239166365, 1065.285136124312, 219.89876443343428, 1258.5932449285674, 896.6857379831117, 1045.3013621546659]","[2, 8, 27, 27, 8, 8, 84, 102, 116, 126, 126, 153, 126, 180, 195]","[8, 46, 32, 46, 69, 84, 126, 116, 126, 132, 153, 158, 205, 205, 205]",75626750.61896983,1585.605346495331,-1585.605346495331,0.0,,,,SWT,mdp.39015067403892,37872137.61896983,,0.0,-11.0,17.0,0.0,-15.5,,644.6053464953311,557.7664081362785,1484.6836220441783,557.7664081362785,,0.0,557.7664081362785,,,216.89876443343428,0.0,-24.5,798.993323716837,644.6053464953311,,98.24863655657714,0.5739940612412353,,0.0374486784761017,0.4874496997639473,0.14168771711030684,0.5714285714285716,0.10371463086228533,,0.28494536020323735,0.29488813097542227,0.29488813097542227,0.2948881309754222,,0.12066570183899283,0.36125290670862475,0.5737481824341731,,,,,,0.216184229999136,0.2542372881355932,0.030000000000000027,0.5475226196992242,0.5475226196992242,1.4317412131225637,0.48133956360522295,50,0.8161848132214979,0.4638149932334299,94,0,0.29388288677629826,0.4889387977324018,62,0.0,0.2868502649867771,0.4969992803502524,92,21.93171219946131,0.7930970547220632,74.5,69.39999068067327,0.5451334330214089,85,coif,1.0,1.0,0.0,5,65.0,0.5953083440945298,0.015495962795963547,,0.03744867847610167,0.48744969976394736,0.2902365949428964,0.5714285714285716,0.5846738746365739,,0.2999736258962872,0.5029584907834305,0.5029584907834305,0.5027476634533086,,0.1206657018389928,0.36125290670862475,0.6609776038301207,,,,,0.75,,0.47601018949484003,0.25423728813559315,0.02542372881355931,0.6086445381193687,0.6086445381193687,0.17796610169491525,1.9590618194928715,0.6428951719850932,48,1.117630351253494,0.5748445067172218,153,74.24621202458749,0.6497820187519459,100.5,73.07462686567165,0.5878627074891805,125,1.0,0.7220099692676862,0.08339700921969413,7,95.5,,,0.0922284960249915,0.4000000000000001,0.18750000000000006,,0.15158931580301227,1.0,False,False,0.0,0.0,0.001364714824898722,0.019939079983380893,,0.13533794154033973,0.34843227294205437,0.0002507390690307562,0.6894872141794075,0.15158931580301227,0.007652756918512067,,0.0026307867336133575,0.003534178928394893,0.003534178928394893,0.0035341789283885715,,0.0,0.0008272819592871598,0.006865874235825932,0.004957655542516803,,,,,0.3913043478260869,,1.1860366633578643e-05,0.3178294573643411,0.10852713178294571,0.0027051445674560757,0.0027051445674560757,0.24806201550387597,0.2601531920806903,0.08103095150549013,2064,0.601427124132603,0.2919383220922138,2120,39.59797974644666,0.9814962711465203,2092.0,2091.625239005736,0.5019630888442882,1845,986.6382352941176,846.0,585.0035688138154,340,0.4652856568234462,0.8173890317607586,0.42908333069536003,4,1384.75
sym11,,,,12.75556167150169,34750.33586222672,0.6796116504854369,28.615126976680315,206,smoothed,143.9463900675559,,7.1969546464894,90447.61084362362,1.0,7.209051236015782e-05,0.9720310586629406,491.2194453424379,,,,[],[],11,611.462298176866,26.14830126271888,1023.6434610554783,"[10, 29, 54, 65, 81, 102, 118, 131, 158, 176, 200]","[703.1592922492063, 414.98421233226406, 814.2697193353664, 625.704968520474, 1023.6434610554783, 567.3650780342341, 26.14830126271888, 857.1700275005417, 633.879963540547, 500.0925876182307, 559.6676684964655]","[0, 20, 0, 60, 0, 95, 116, 122, 145, 166, 187]","[38, 38, 73, 73, 205, 122, 122, 205, 205, 187, 205]",61488957.57848295,1073.1343281847962,-1073.1343281847962,0.0,,,,SWT,mdp.39015067403892,30752481.738482952,,0.0,-16.5,11.0,0.0,1.5,,344.73432818479625,353.2622981768661,1045.6852799455273,353.26229817686607,,0.0,353.2622981768661,,,21.948301262718893,0.0,-7.5,295.2434610554783,344.73432818479625,,128.81944534243792,0.5990968872931911,,0.9208809651667574,0.17374247008753393,0.02924701340626641,0.5925925925925928,0.3580760373946221,,0.0033586698686878386,0.6348143199420996,0.6348143199420996,0.634351154547419,,0.14280031973468005,0.3275586738009727,0.4038029821378772,,,,,,0.49602857530630645,0.010000000000000009,0.1818181818181818,0.5877757686969436,0.5877757686969436,1.8855889404406054,0.6053094558877845,60,1.7793650204669342,0.6782909999428269,13,0,0.3843265822994808,0.6336398232199216,39,0.0,0.5290078751520597,0.7002394006371012,12,23.021728866442675,0.7828138786184653,31.0,19.746835443037973,0.745180524214893,31,sym,0.6803648884317847,1.0,0.22374457809775072,3,24.0,0.061552524327990216,0.8023722675827851,,0.8044378271159243,0.3378750374334695,0.0049876634816903576,0.6000000000000002,0.052711359921515155,,0.0021113659094197795,0.21248334476005964,0.21248334476005964,0.21214930820421452,,0.23818176942989902,0.25438892985478834,0.09979535753750109,,,,,0.25,,0.11787164429107008,0.16101694915254233,0.3135593220338983,0.19176021763950682,0.19176021763950682,0.4661016949152542,0.864269112804253,0.2836227189918526,177,1.5656243116869013,0.8052667271846632,52,88.38834764831844,0.5830738318475546,114.5,80.38427947598252,0.5214897461124566,173,0.7190889370932755,0.9859759878661594,0.20084494767485936,5,131.0,,,0.9781707085448207,0.75,0.37,0.5802563267306929,0.9781707085448202,1.0,False,False,0.0,0.0,0.0012212027585399856,0.48106863360852903,,0.15361217315357933,0.3369492452220598,4.308905630193843e-06,0.710188066567447,0.9781707085448204,0.005007574043357544,,1.851680596155292e-05,0.001677947622668378,0.001677947622668378,0.0016779476226620443,,0.0,0.0010846970184243542,0.004834846632190772,0.001831949451447827,,,,,0.13043478260869565,,9.630713533533073e-06,0.2325581395348837,0.3720930232558139,0.0014467087500514176,0.0014467087500514176,0.5116279069767442,0.22093956402790382,0.06881692650089162,2100,1.0826775715283632,0.5255417671005719,1946,108.89444430272832,0.9491147456529307,2023.0,2020.0692041522489,0.5018938214245963,1846,1409.1368421052632,1454.5,398.32527672708756,380,0.6645304607900322,0.5565550872278735,0.3678621512786154,7,1386.25
rbio5.5,,,,12.369399877874939,28644.880251069513,0.6796116504854369,26.04064487135866,206,smoothed,144.38436651873832,,7.140898160566853,94657.81408315527,1.0,8.30339390033804e-05,0.9800531679321288,490.4869152171739,,,,[],[],13,632.5788674330846,56.0262005208578,1138.297542035901,"[9, 33, 53, 64, 80, 90, 101, 111, 130, 147, 159, 176, 192]","[723.2955879637193, 457.5584911631306, 839.3082447072417, 757.77778858724, 1138.297542035901, 373.3213326330769, 568.3212008948867, 366.54788906512334, 919.2216582711983, 56.0262005208578, 739.9773283734609, 615.8913858711016, 667.9806265431621]","[0, 19, 0, 59, 0, 86, 96, 107, 123, 144, 148, 171, 186]","[39, 39, 74, 74, 204, 96, 123, 123, 204, 148, 204, 186, 204]",63553505.22519607,1073.8019408161688,-1073.8019408161688,0.0,,,,SWT,mdp.39015067403892,32817029.385196075,,0.0,-11.0,9.0,0.0,7.0,,345.4019408161688,374.3788674330847,2543.1252766301013,374.3788674330846,,0.0,374.3788674330847,,,51.82620052085781,0.0,-2.0,409.897542035901,345.4019408161688,,128.0869152171739,0.7336033523800304,,0.8699633356065817,0.012729957238640038,0.018352536390112216,0.5925925925925928,0.8226526841261419,,0.07597680313215428,0.724423420891185,0.724423420891185,0.7240739068165711,,0.13505050351837453,1.0,0.9206210444189797,,,,,,0.9330616709531141,0.12,0.29292929292929293,0.5906206147897388,0.5906206147897388,2.6425770501733874,0.8483168531993122,3,1.9711422373864576,0.7513961575323926,5,0,0.5041200862086891,0.8311435560758945,14,0.0,0.609987094677466,0.8074303193511778,2,5.477225575051661,0.9483280606127202,6.0,3.6206896551724137,0.9458621435139073,4,rbio,0.5815916171056358,0.9358444144197099,0.312132543700142,2,3.5,0.07537201269478236,0.9272900102695731,,0.7610541742384876,0.25989888466280653,0.003129764884976044,0.6000000000000002,0.12110037309082683,,0.04776141696313819,0.24247706243854583,0.24247706243854583,0.24215574815096466,,0.23536587861340497,0.6189060083948007,0.22752111883356468,,,,,0.08333333333333331,,0.22172414827573478,0.25423728813559315,0.4067796610169492,0.1926883408030641,0.1926883408030641,0.559322033898305,1.1725947354055852,0.3848043418469223,114,1.5711583177663844,0.8081131003091606,50,45.254833995939045,0.7865338019059479,82.0,69.51219512195122,0.6998706745378795,68,0.6261605206073753,0.9968249595590992,0.26264014770710753,4,52.0,,,0.9844318308094083,0.25,0.48,0.8455704682762202,0.9844318308094078,1.0,False,False,0.0,0.0,0.0012249184338695889,0.5542736120461825,,0.15257851717250492,0.3309629216709112,2.7038435098042726e-06,0.710188066567447,0.984431830809408,0.005347638317587616,,0.00041887049819720523,0.0018696173007531575,0.0018696173007531575,0.0018696173007468249,,0.0,0.0010785289027282518,0.011762758827745867,0.0025433639566411256,,,,,0.04347826086956519,,1.0277265155964988e-05,0.3178294573643411,0.4573643410852713,0.0014495104467682404,0.0014495104467682404,0.5968992248062015,0.22437611452900563,0.06988732258088505,2098,1.1036664964825063,0.5357299865668441,1934,115.96551211459379,0.9458105083576664,2016.0,2012.6646825396824,0.5018772167956557,1847,818.67,599.5,715.6978453131971,300,0.38607403914171184,1.0,0.42974817260080167,3,1386.0
db6,1.0,zero,3.0596774387589643e-27,322.3906423010111,4963188.7579108635,0.5462962962962963,78.1280344377053,206,smoothed,3.3612810485350377e-14,-2.0101715847431513e-10,6.192888753426694,35409.95371742113,0.9858904022846008,0.00014966566451320268,0.9999999999999999,362.4,,,,[],[],11,426.59999999999997,32.20000000000002,728.4,"[9, 31, 53, 64, 80, 102, 131, 148, 158, 175, 192]","[311.00000000000006, 417.8000000000002, 589.6000000000001, 432.1999999999998, 728.4, 371.0, 586.9999999999999, 32.20000000000002, 448.2, 368.0, 407.2]","[0, 0, 0, 60, 0, 94, 120, 144, 144, 165, 186]","[20, 40, 75, 75, 204, 120, 204, 149, 204, 186, 204]",30736475.839999996,728.4,-728.4,0.0,,,,DWT,mdp.39015067403892,0.0,,0.0,15.0,11.0,0.0,33.0,,0.0,168.40000000000003,987.7999999999993,168.40000000000003,,0.0,168.40000000000003,,,28.00000000000003,0.0,15.0,0.0,0.0,,0.0,2.500571576744657e-14,4.166562304932285e-27,0.9896695893057939,0.08445790704915432,0.06287729689427192,0.2282178573998131,0.05771119982271229,,0.9999996647345563,4.4059199552998455e-09,4.4059199552998455e-09,3.6787269888316428e-09,,0.0,0.9999999955940747,0.0,,,,,,0.0,0.0,0.0,0.0,0.0,0.7999999009645742,0.3007374869193312,806,0.7818409784442071,0.3969155392542604,569,0,0.16666663940159981,0.23713383959255802,805,0.0,0.20327626435311014,0.35863434649858655,564,138.00241543779828,0.8553433800442366,686.0,665.1755975612647,0.5681329059550324,691,db,0.573477938514061,0.8443824841957417,0.34525069778143475,3,519.0,2.412252471330877e-14,0.9999999999705134,1.3683528797783637e-27,0.9757717474849188,0.7431171492763622,0.00016471415541843772,0.18728070175438605,0.0005621019696560306,0.9999999997235994,2.0315811923854454e-05,4.745387416349445e-11,4.745387416349445e-11,3.962169481397382e-11,,0.0,0.0031261328403482946,0.0,,,,,0.0,,0.0,0.0,0.0,0.0,0.0,1.0,0.20156916120411014,0.05751224468481319,1907,1.7322411015770594,0.8007893433664222,423,1049.3464632808366,0.4500280590771296,1165.0,692.4128755364807,0.4197205284903468,1865,0.49117026184683504,0.8233619396015222,0.4091722348267588,4,1399.75,,,,,,,,,,,,,1.6196775003054706e-19,0.9999999999715827,1.3683528797783637e-27,0.9824257904646609,0.22972412749257243,0.0012999451902421526,0.14168132413295456,0.9999999999999999,0.000562101969656031,0.9999999999999541,9.960751159770467e-05,3.8434858594393884e-14,3.8434858594393884e-14,3.20911916831812e-14,,0.0,0.0,0.004567040150618464,0.0,,,,,0.13043478260869565,,0.0,0.7209302325581395,0.7209302325581395,0.0,0.0,1.0,0.3986733618839274,0.12417638082767558,1798,1.8618648810527045,0.9037665371691876,185,1140.5632380539012,0.4670265242738779,991.5,335.4815935451336,0.501854383632266,1848,1009.0473684210526,935.5,610.6543869996938,760,0.4758535102197843,0.8532293215616218,0.41093374637766444,5,1387.25
coif8,,,,5.904194511571727,971525.8204748153,0.6699029126213593,149.0561690890791,206,raw,158.19676615666023,,7.304770140083791,123196.58906353099,1.0,3.051991500221392e-06,-0.10271868095541604,455.33484447839027,,,,[],[],14,994.6331596728895,139.70578314010032,1709.0325821939603,"[1, 14, 34, 54, 72, 88, 105, 118, 130, 143, 160, 173, 183, 200]","[1181.853590925476, 952.0187667896297, 1374.6612640901549, 1138.024987712851, 1709.0325821939603, 1526.5132343444222, 139.70578314010032, 1183.8492545339536, 418.85864261225885, 1286.0168032840406, 1240.197073123551, 337.5296233388048, 912.5315627760804, 524.0710665551683]","[0, 6, 6, 46, 6, 82, 103, 92, 125, 125, 154, 172, 178, 194]","[6, 21, 46, 67, 125, 125, 106, 125, 131, 194, 194, 178, 194, 204]",75331668.67247152,1504.2378666330096,-1504.2378666330096,0.0,,,,SWT,mdp.39015067403892,37577055.67247152,,0.0,-25.0,18.0,0.0,-25.0,,563.2378666330096,589.8206596728895,970.864235420453,589.8206596728894,,0.0,589.8206596728895,,,136.70578314010032,0.0,-20.5,769.0325821939603,563.2378666330096,,128.33484447839027,0.48545085734372584,,0.03471555135508611,0.4878494295346217,0.1414617553707494,0.542857142857143,0.10371463086228686,,0.1597891527172175,0.3594770393618034,0.3594770393618034,0.35947703936180314,,0.23631893392911327,0.23617547981740614,0.531783939259625,,,,,,0.19398050412569479,0.016949152542372864,0.11000000000000001,0.4167377795921395,0.4167377795921395,1.3935569654692297,0.46850233510778766,56,0.7714005209396372,0.43836533295405133,104,0,0.26765073216788415,0.44529584091766394,75,0.0,0.2678826349687341,0.4641357985286415,104,23.542514733987108,0.777900804396348,84.75,79.33163821285869,0.48918625125477777,104,coif,1.0,1.0,0.0,5,79.25,0.5111952072944583,0.01430684114717723,,0.03471555135508614,0.48784942953462174,0.29004974060458844,0.5428571428571431,0.5846738746365746,,0.1774478198293378,0.5484879591037242,0.5484879591037242,0.5482964437547343,,0.23631893392911324,0.23617547981740614,0.6276010463863657,,,,,0.8333333333333333,,0.4611667446979586,0.01694915254237289,0.09322033898305085,0.4955264824210497,0.4955264824210497,0.01694915254237289,1.8733978629156478,0.6147832749797735,61,1.0741805341717234,0.5524964301467253,163,72.12489168102785,0.6597882467876045,112.0,88.77678571428571,0.5657431799975758,142,1.0,0.7220099692676862,0.08339700921969413,7,108.25,,,0.07912907745752562,0.6000000000000001,0.017857142857142905,,0.13934649189772214,1.0,False,False,0.0,0.0,0.0013420991462998952,0.019242224414373257,,0.13527282223829185,0.348462960679975,0.00025057764320214615,0.6687863617913681,0.1393464918977222,0.00765275691851207,,0.0015562280481185898,0.003825127140612723,0.003825127140612723,0.0038251271406064026,,0.0,0.0010806165388743837,0.004488686767356722,0.004771752817350298,,,,,0.43478260869565216,,1.176795621545989e-05,0.10077519379844957,0.1705426356589147,0.002363678587823924,0.002363678587823924,0.10077519379844957,0.23123123149970032,0.07202251318290748,2090,0.5880100038158065,0.2854255270495158,2125,24.748737341529164,0.9884351694665752,2107.5,2107.3546856465005,0.5018110426772129,1849,986.6382352941176,846.0,585.0035688138154,340,0.4652856568234462,0.8173890317607586,0.42908333069536003,4,1387.75
db17,,,,5.842848471971002,34413.38607002124,0.6699029126213593,27.59792938978868,206,smoothed,142.99597911315323,,7.192652519949005,90447.61084362333,1.0,7.485176265735131e-05,-0.25586710385999106,490.82260991753446,,,,[],[],11,582.3160915833097,193.29143478076367,988.7298721702385,"[7, 20, 45, 65, 76, 93, 114, 143, 170, 188, 204]","[253.42157883857658, 424.2180547798392, 640.1395962775714, 988.7298721702385, 603.8070750503676, 838.1465400282457, 453.97064455908753, 663.3677608035222, 724.6016696864879, 621.7827804417054, 193.29143478076367]","[3, 12, 12, 12, 73, 85, 108, 135, 135, 183, 199]","[12, 32, 51, 135, 85, 135, 135, 160, 199, 199, 205]",61476421.61468109,967.627506498635,-967.627506498635,0.0,,,,SWT,mdp.39015067403892,30739945.77468109,,0.0,-12.0,11.0,0.0,-16.5,,239.22750649863497,324.11609158330975,725.0770074164075,324.11609158330964,,0.0,324.11609158330975,,,189.09143478076368,0.0,-7.5,260.32987217023856,239.22750649863497,,128.4226099175345,0.3072172268425127,,0.00940039987383301,0.1613853593364242,0.02864576560420684,0.5185185185185188,0.35807603739459,,0.4095994915215148,0.5111310957765186,0.5111310957765186,0.5105110628142845,,0.1386019919048005,0.1835861256873983,0.24642547581056495,,,,,,0.49337490389505767,0.1,0.1818181818181818,0.13818770620022092,0.13818770620022092,1.4991629730774683,0.4812594643817703,83,0.7455456281791071,0.2842007591606508,94,0,0.2881703224936855,0.4751068508184566,75,0.0,0.25628256541692657,0.33923719935114965,95,9.535023160258536,0.9100469513183157,86.75,85.93623488626899,0.5458253624516107,80,db,0.9817779367705585,0.7465271631990054,0.08879729530090745,4,61.0,0.03156416971992564,0.8338915681971182,,0.027823581897290006,0.3318906580912453,0.004885129193347049,0.5428571428571431,0.05271135992151044,,0.25748717103061597,0.1710844280440538,0.1710844280440538,0.1707328315401573,,0.23665630967049003,0.17634427289569404,0.06090127996248246,,,,,0.25,,0.11724105035309193,0.2372881355932203,0.3135593220338983,0.04508335665964036,0.04508335665964036,0.16101694915254236,0.7320095922956199,0.240219797073812,190,0.6908728478148312,0.3553450932690007,200,7.0710678118654755,0.9666459065478044,195.0,194.87179487179486,0.5234172928965437,170,0.9080317387829661,0.7281573716544635,0.1459305713555847,6,129.0,,,0.019816706368966153,0.75,0.010000000000000009,0.6472005093963603,0.01981670636896604,1.0,False,False,0.0,0.0,0.0012131397256378163,0.4995397464561855,,0.1351086146398317,0.33648981718255744,4.220324960316777e-06,0.6687863617913681,0.019816706368966153,0.0050075740433575214,,0.0022581779701432154,0.0014133949878442197,0.0014133949878442197,0.001413394987837884,,0.0,0.0010813555492769466,0.0033515511638126756,0.0016153149160791627,,,,,0.13043478260869565,,9.626787662532836e-06,0.3023255813953488,0.3720930232558139,0.0010039398418106862,0.0010039398418106862,0.2325581395348837,0.17150741044081208,0.0534200966250345,2123,0.6769823102736815,0.32861351245580656,2078,31.81980515339464,0.9851309321713109,2100.5,2100.2589859557247,0.5017944380482723,1850,1009.0473684210526,935.5,610.6543869996938,760,0.4758535102197843,0.8532293215616218,0.41093374637766444,5,1388.75
db20,,,,6.013416335388333,960569.0012201607,0.6747572815533981,148.37979263868365,206,raw,166.31754192529968,,7.3577766192778595,123196.58906353095,1.0,2.8773763158355856e-06,-0.06767275372318868,497.25221953096224,,,,[],[],15,934.2465313057226,159.9187665859543,1642.9884180965228,"[2, 21, 31, 48, 67, 78, 95, 116, 126, 137, 150, 167, 180, 190, 202]","[655.7723968400314, 641.0865540448907, 1153.6497917502822, 873.7962404783455, 1368.757877777003, 1642.9884180965228, 1446.560342062558, 1149.1357139886343, 823.112919013071, 517.6650646794071, 1171.9739620378223, 1241.906652716344, 159.9187665859543, 977.1988979614705, 190.17437155350305]","[1, 13, 13, 34, 13, 13, 84, 101, 123, 136, 139, 139, 179, 186, 200]","[13, 22, 54, 54, 74, 139, 139, 139, 139, 139, 164, 200, 181, 200, 203]",75447247.92604117,1390.9105099055234,-1390.9105099055234,0.0,,,,SWT,mdp.39015067403892,37692634.92604117,,0.0,-20.0,17.0,0.0,-6.5,,449.91050990552344,529.4340313057226,1059.697969585839,529.4340313057227,,0.0,529.4340313057226,,,156.9187665859543,0.0,-8.0,702.9884180965228,449.91050990552344,,170.25221953096224,0.7551814003361811,,0.046986163749434484,0.5615829369325445,0.1374297588376456,0.5714285714285716,0.10371463086228533,,0.19133530936660337,0.2377987526947562,0.2377987526947562,0.23779875269475637,,0.3974518995112901,0.25779999453950586,0.43927977475727337,,,,,,0.20267737661610366,0.1016949152542373,0.36,0.23458269436101675,0.23458269436101675,1.2896694193600358,0.43357620065702485,74,0.9176679995603789,0.5214850486211197,80,0,0.25873434683770685,0.4304614734889331,77,0.0,0.326388441881104,0.5655034717748176,77,2.449489742783178,0.9768916062001587,77.0,76.94151405181871,0.625238255930268,56,db,0.9380878725805777,0.8243093411562624,0.09604568684671688,4,43.0,0.7674303677946771,0.012313632312006662,,0.04698616374943443,0.5615829369325446,0.2867155653334629,0.5714285714285716,0.5846738746365739,,0.2083309725663845,0.46271552794675064,0.46271552794675064,0.4624876309830999,,0.3974518995112901,0.25779999453950586,0.5540272052603117,,,,,0.75,,0.4669807034656316,0.10169491525423727,0.3050847457627119,0.3379774189360532,0.3379774189360532,0.33050847457627114,1.8589754278126356,0.6100503391409263,68,1.215384828886172,0.62512376444419,137,48.79036790187178,0.7698567551798501,102.5,90.88780487804877,0.6431830945710572,99,0.9080317387829661,0.7281573716544635,0.1459305713555847,6,75.75,,,0.10839563102106536,0.4000000000000001,0.34821428571428575,,0.16669925261361057,1.0,False,False,0.0,0.0,0.0014109936407397552,0.018074153276822724,,0.13556518101980553,0.35412357121488003,0.00024769720697172563,0.6894872141794075,0.16669925261361074,0.007652756918512067,,0.0018270751543267463,0.003277013217402794,0.003277013217402794,0.003277013217396472,,0.0,0.001433572970404069,0.004899676397434509,0.004361956882303675,,,,,0.3913043478260869,,1.1804152015558716e-05,0.17829457364341084,0.3643410852713178,0.0018880900978086052,0.0018880900978086052,0.3875968992248062,0.2979108605490298,0.09279148297599936,2036,0.60990597638269,0.29605403586672663,2116,56.568542494923804,0.973566101637886,2076.0,2075.2292870905585,0.5017363218469804,1851,1009.0473684210526,935.5,610.6543869996938,760,0.4758535102197843,0.8532293215616218,0.41093374637766444,5,1389.5
db6,1.0,constant,3.0596774387589643e-27,322.3906423010111,4963188.7579108635,0.5462962962962963,78.1280344377053,206,smoothed,3.3612810485350377e-14,-2.0101715847431513e-10,6.192888753426694,35409.95371742113,0.9858904022846008,0.00014966566451320268,0.9999999999999999,362.4,,,,[],[],11,426.59999999999997,32.20000000000002,728.4,"[9, 31, 53, 64, 80, 102, 131, 148, 158, 175, 192]","[311.00000000000006, 417.8000000000002, 589.6000000000001, 432.1999999999998, 728.4, 371.0, 586.9999999999999, 32.20000000000002, 448.2, 368.0, 407.2]","[0, 0, 0, 60, 0, 94, 120, 144, 144, 165, 186]","[20, 40, 75, 75, 204, 120, 204, 149, 204, 186, 204]",30736475.839999996,728.4,-728.4,0.0,,,,DWT,mdp.39015067403892,0.0,,0.0,15.0,11.0,0.0,33.0,,0.0,168.40000000000003,987.7999999999993,168.40000000000003,,0.0,168.40000000000003,,,28.00000000000003,0.0,15.0,0.0,0.0,,0.0,2.500571576744657e-14,4.166562304932285e-27,0.9896695893057939,0.08445790704915432,0.06287729689427192,0.2282178573998131,0.05771119982271229,,0.9999996647345563,4.4059199552998455e-09,4.4059199552998455e-09,3.6787269888316428e-09,,0.0,0.9999999955940747,0.0,,,,,,0.0,0.0,0.0,0.0,0.0,0.7999999009645742,0.3007374869193312,805,0.7818409784442071,0.3969155392542604,568,0,0.16666663940159981,0.23713383959255802,804,0.0,0.20327626435311014,0.35863434649858655,563,138.00241543779828,0.8553433800442366,685.0,664.1451914148844,0.5686570149697074,689,db,0.573477938514061,0.8443824841957417,0.34525069778143475,3,517.5,2.412252471330877e-14,0.9999999999705134,1.3683528797783637e-27,0.9757717474849188,0.7431171492763622,0.00016471415541843772,0.18728070175438605,0.0005621019696560306,0.9999999997235994,2.0315811923854454e-05,4.745387416349445e-11,4.745387416349445e-11,3.962169481397382e-11,,0.0,0.0031261328403482946,0.0,,,,,0.0,,0.0,0.0,0.0,0.0,0.0,1.0,0.20156916120411014,0.05751224468481319,1906,1.7322411015770594,0.8007893433664222,422,1049.3464632808366,0.4500280590771296,1164.0,691.0068728522335,0.4199825829976843,1863,0.49117026184683504,0.8233619396015222,0.4091722348267588,4,1398.25,,,,,,,,,,,,,1.6196775003054706e-19,0.9999999999715827,1.3683528797783637e-27,0.9824257904646609,0.22972412749257243,0.0012999451902421526,0.14168132413295456,0.9999999999999999,0.000562101969656031,0.9999999999999541,9.960751159770467e-05,3.8434858594393884e-14,3.8434858594393884e-14,3.20911916831812e-14,,0.0,0.0,0.004567040150618464,0.0,,,,,0.13043478260869565,,0.0,0.7209302325581395,0.7209302325581395,0.0,0.0,1.0,0.3986733618839274,0.12417638082767558,1800,1.8618648810527045,0.9037665371691876,184,1142.6845583974607,0.4660352530852987,992.0,333.8709677419355,0.5012419256080699,1852,1009.0473684210526,935.5,610.6543869996938,760,0.4758535102197843,0.8532293215616218,0.41093374637766444,5,1390.25
db9,1.0,reflect,3.867991807079601e-27,321.37254328727226,5222120.126528436,0.5315315315315315,101.37264366771173,206,smoothed,3.8941881003551135e-14,-2.033732293682538e-10,6.3071446939752995,31900.65911238131,0.9822458531832434,0.0001496656645132028,0.9999999999999999,362.4000000000001,,,,[],[],11,426.59999999999997,32.19999999999999,728.3999999999999,"[9, 31, 53, 64, 80, 102, 131, 148, 158, 175, 192]","[311.00000000000017, 417.80000000000007, 589.5999999999999, 432.19999999999993, 728.3999999999999, 371.00000000000006, 587.0, 32.19999999999999, 448.20000000000005, 367.9999999999999, 407.20000000000005]","[0, 0, 0, 60, 0, 94, 120, 144, 144, 165, 186]","[20, 40, 75, 75, 205, 120, 205, 149, 205, 186, 205]",30736475.839999996,728.3999999999999,-728.3999999999999,0.0,,,,DWT,mdp.39015067403892,0.0,,0.0,15.0,11.0,0.0,33.0,,1.1368683772161603e-13,168.40000000000003,987.7999999999993,168.40000000000003,,0.0,168.40000000000003,,,28.0,0.0,15.0,1.1368683772161603e-13,1.1368683772161603e-13,,1.1368683772161603e-13,3.671293724038746e-14,6.532174854760963e-27,0.9858014107896809,0.24926113977610959,0.17399895552712502,0.12679893361956857,0.028609204062394256,,0.999999664709775,4.4059199552998455e-09,4.4059199552998455e-09,3.6787269888316428e-09,,1.2251610931599486e-12,0.9999999955940747,7.585973278963461e-14,,,,,,0.0,0.0,0.0,1.7477015598164352e-13,1.7477015598164352e-13,0.7999999009578603,0.30073748691680735,816,0.8652741491982219,0.43927187880993357,311,0,0.16666663939967227,0.2371338395898155,816,0.0,0.22349566339641647,0.39430683873749345,375,274.3337383553106,0.712438429396949,579.5,480.01452663594887,0.5524980406942817,736,db,0.573477938514061,0.8443824841957417,0.34525069778143475,3,552.75,3.085589776636308e-14,0.999999999970514,1.9403696502070712e-27,0.9720147316378915,0.7825868451262946,0.00045580984582611124,0.10405405405405432,0.0002786511111043358,0.9999999997235639,2.0315811923354854e-05,4.745387416349445e-11,4.745387416349445e-11,3.962169481397382e-11,,1.2251610931599486e-12,0.0031261328403482946,7.585973278963461e-14,,,,,0.0,,0.0,0.0,0.0,1.4238426238064856e-13,1.4238426238064856e-13,1.0,0.20156916120481747,0.05751224468501501,1769,1.7164632484154474,0.7934954760973012,581,840.0428560496184,0.5597259664310176,1175.0,874.7140425531915,0.4719489370939155,1651,0.49117026184683504,0.8233619396015222,0.4091722348267588,4,1239.25,,,,,,,,,,,,,2.071781621445754e-19,0.9999999999715835,1.9403696502070712e-27,0.9797006007844665,0.24192562418841967,0.001368015610865509,0.07871882164941313,0.9999999999999999,0.0002786511111043358,0.9999999999999541,9.960751159770423e-05,3.8434858594393884e-14,3.8434858594393884e-14,3.20911916831812e-14,,0.0,9.572760819061336e-19,0.004567040150618464,7.054128794466933e-19,,,,,0.13043478260869565,,0.0,0.7209302325581395,0.7209302325581395,4.770970844811595e-19,4.770970844811595e-19,1.0,0.3986733618839274,0.12417638082767558,1833,1.841066169465986,0.8936706490413224,373,1032.3759005323593,0.5175813548914209,1103.0,619.8631006346328,0.5010803970718787,1853,1009.0473684210526,935.5,610.6543869996938,760,0.4758535102197843,0.8532293215616218,0.41093374637766444,5,1391.0
sym12,,,,12.836099649776056,34786.231530439836,0.6359223300970874,26.346585418945082,206,smoothed,142.87199852302354,,7.194848066601268,90447.61084362397,1.0,8.0399322678057e-05,0.9773889689228263,498.345678630528,,,,[],[],13,568.5106841274942,95.40082185318082,1029.1308465054733,"[9, 27, 52, 64, 80, 91, 101, 111, 130, 147, 159, 176, 192]","[661.4746192059577, 441.2121397132832, 807.7665922307337, 634.3296926415915, 1029.1308465054733, 294.3236544396524, 496.4696475092641, 282.3741598124226, 870.9165304697531, 95.40082185318082, 646.7858946258907, 529.7327956545857, 600.7214989956348]","[0, 19, 0, 59, 0, 86, 93, 107, 123, 145, 148, 165, 186]","[39, 39, 74, 74, 204, 93, 123, 123, 204, 148, 204, 186, 204]",61464727.42477729,1003.1966409172281,-1003.1966409172281,0.0,,,,SWT,mdp.39015067403892,30728251.584777296,,0.0,-11.0,9.0,0.0,2.5,,274.79664091722816,310.31068412749426,1710.2388936574253,310.31068412749414,,0.0,310.31068412749426,,,91.20082185318083,0.0,-2.0,300.7308465054733,274.79664091722816,,135.94567863052805,0.2691416844869725,,0.9315003558236781,0.1676916854954766,0.029311065060595477,0.2592592592592598,0.35807603739466065,,0.17167668733101638,0.452547235143612,0.452547235143612,0.4518529002073037,,0.21819243862850982,0.6259835284356761,0.42853808001668875,,,,,,0.49089942311704116,0.12,0.29292929292929293,0.28975570884092894,0.28975570884092894,1.675589165275922,0.537895584860418,70,1.612528125786347,0.6146930519003531,34,0,0.32831188257564076,0.5412883022338623,57,0.0,0.47237862185978063,0.6252801490900164,31,18.708286933869708,0.823506727038965,48.0,42.78102174930317,0.6853382691798598,42,sym,0.6803648884317847,1.0,0.22374457809775072,3,32.25,0.02765220523329686,0.8972162194054489,,0.813485930140541,0.3349447254012896,0.004998586583232462,0.3428571428571433,0.05271135992152087,,0.1079213853234217,0.1514753955046294,0.1514753955046294,0.15111548154655674,,0.2655754481061103,0.4161591125264186,0.10590835829710976,,,,,0.08333333333333331,,0.11665279998962133,0.25423728813559315,0.4067796610169492,0.09453199799781921,0.09453199799781921,0.48305084745762705,0.8546021537626419,0.280450363105075,178,1.48669212977633,0.7646685713421641,78,70.71067811865476,0.6664590654780436,128.0,108.46875,0.5313427402861917,163,0.7190889370932755,0.9859759878661594,0.20084494767485936,5,123.5,,,0.9823524679916386,0.25,0.39,0.7816964193659632,0.9823524679916381,1.0,False,False,0.0,0.0,0.0012120879073977012,0.5366496047242865,,0.1538277526446653,0.33672428162348317,4.3183422359124694e-06,0.5238803950750917,0.9823524679916382,0.005007574043357573,,0.0009464770375519442,0.0012880868484973825,0.0012880868484973825,0.001288086848491046,,0.0,0.0011447019655007817,0.00790940661137414,0.0018659980048994892,,,,,0.04347826086956519,,9.623125408737258e-06,0.3178294573643411,0.4573643410852713,0.0011532089275616982,0.0011532089275616982,0.5271317829457365,0.2077064104814622,0.06469514342873225,2108,1.0265156342031991,0.4982802401586285,1975,94.04520189781083,0.9560536439729856,2041.5,2039.3338231692383,0.5010408406780816,1854,1409.1368421052632,1454.5,398.32527672708756,380,0.6645304607900322,0.5565550872278735,0.3678621512786154,7,1392.25
rbio3.3,,,,7.030249366205956,2215461.7470003786,0.5825242718446602,188.2127553658538,206,raw,151.51806212390042,,7.613000192588082,132542.62547603855,1.0,1.903924060150632e-06,0.2781809106998807,438.9586315084614,,,,[],[],13,1145.4823895557133,481.8711742917202,1681.544119835434,"[9, 31, 50, 62, 80, 99, 110, 126, 138, 151, 161, 174, 197]","[1610.192626196329, 1210.390032696073, 1366.5722429906514, 1190.215392345344, 1681.544119835434, 1247.0270027963006, 943.5898053196236, 548.5159884185521, 1052.5505408830882, 1422.6104553996856, 481.8711742917202, 1222.4329450631562, 913.7587379883159]","[8, 11, 41, 60, 75, 98, 106, 124, 124, 124, 159, 170, 186]","[75, 41, 75, 75, 124, 124, 124, 133, 141, 186, 170, 186, 204]",79359793.00195312,1581.9304520357791,-1581.9304520357791,0.0,,,,SWT,mdp.39015067403892,41605180.001953125,,0.0,-25.5,19.0,0.0,-25.5,,640.9304520357791,740.6698895557133,1937.2710642242728,740.6698895557133,,0.0,740.6698895557133,,,478.8711742917202,0.0,-25.5,741.544119835434,640.9304520357791,,111.9586315084614,0.26361854518963485,,0.16122307680340245,0.9166061249827226,0.5992173527375362,0.028571428571428525,0.4313326659619181,,0.6938025039962159,0.6634363153389573,0.6634363153389573,0.6634363153389573,,0.1733677649319974,0.4714248351816531,0.4932824716632098,,,,,,0.49708060718964986,0.008474576271186446,0.010000000000000009,0.5416158313223917,0.5416158313223917,2.1630907789289706,0.7272132435842807,10,1.2765788114963903,0.7254440210411681,36,0,0.4153267959549426,0.690987442337312,11,0.0,0.39968346531523125,0.692495071038968,45,17.710637105046974,0.8329185178769154,25.5,16.60377358490566,0.7961762400705332,16,rbio,0.4644956314535345,0.6222068689729192,0.48819099729065013,2,12.5,0.30046179357598285,0.0012018057920348824,,0.16122307680340242,0.9166061249827229,0.6685811655274142,0.02857142857142858,0.7364874976214232,,0.7002378406381814,0.762752367219643,0.762752367219643,0.7626517352119146,,0.1733677649319974,0.4714248351816531,0.5969786319761847,,,,,0.9166666666666666,,0.6637926316055429,0.008474576271186446,0.008474576271186418,0.6035356553462458,0.6035356553462458,0.008474576271186418,2.4607709842481436,0.8075384704009305,12,1.4605030455246468,0.7511984188886719,90,55.154328932550705,0.739838071072874,51.0,21.176470588235293,0.7496360166685125,47,0.6261605206073753,0.9968249595590992,0.26264014770710753,4,36.25,,,0.3972150629599753,0.8,0.008928571428571452,,0.43663225974997677,1.0,False,False,0.0,0.0,0.0012854388036233567,0.011562339956299805,,0.13828698198873957,0.38137913072009666,0.0005775957337455141,0.2961710188066567,0.43663225974997677,0.008407649950683306,,0.0061411279609024875,0.0051943468741858356,0.0051943468741858356,0.005194346874179525,,0.0,0.0009427240853372297,0.008959771865899073,0.004601190281066441,,,,,0.4782608695652174,,1.3029438518728664e-05,0.09302325581395354,0.09302325581395343,0.0026897225408823266,0.0026897225408823266,0.09302325581395354,0.2433651475784681,0.07580191238030559,2085,0.5742892574510685,0.2787653490980284,2127,29.698484809834994,0.9861222033598902,2106.0,2105.7905982905986,0.50100502691359,1855,818.67,599.5,715.6978453131971,300,0.38607403914171184,1.0,0.42974817260080167,3,1392.0
sym15,1.0,smooth,8.788467712865977e-21,260.0326608530248,23341710.174614288,0.6410256410256411,316.30634758686193,206,raw,7.340370382722026e-11,,5.098233077574255,492680.6452042867,0.9737498843595608,5.618943883694313e-06,1.0,327.00000000012494,,,,[],[],13,661.1538461536159,86.99999999992286,939.9999999996595,"[8, 32, 51, 63, 81, 100, 111, 133, 152, 162, 175, 192, 204]","[877.9999999999244, 637.9999999996862, 786.9999999996762, 791.9999999997086, 939.9999999996595, 787.9999999997303, 636.9999999997463, 674.999999999865, 770.9999999997378, 195.99999999985334, 833.9999999996642, 571.9999999998295, 86.99999999992286]","[0, 13, 39, 39, 76, 99, 107, 107, 107, 161, 99, 187, 203]","[76, 39, 61, 76, 205, 164, 119, 142, 164, 164, 205, 205, 205]",37754612.99999196,940.9999999997933,-940.9999999997933,0.0,,,,DWT,mdp.39015067403892,8.03917646408081e-06,,0.0,33.0,19.0,0.0,28.5,,2.0668267097789794e-10,256.34134615361586,4359.000000002994,256.34134615363695,,0.0,256.34134615361586,,,83.99999999992286,0.0,19.5,3.4049207897624e-10,2.0668267097789794e-10,,1.2494183465605602e-10,9.27285054119232e-11,6.2193008945857426e-21,0.745656678786098,0.3649685262914759,0.01981320316195332,0.6291208791208796,0.0352141301249786,,0.47422802452199303,6.517604850645745e-09,6.517604850645745e-09,5.919969198173401e-09,,6.284687413098247e-09,0.9999999934823748,4.0770826376016323e-10,,,,,,7.957130940939071e-11,1.0,0.0,2.5885458900801907e-10,2.5885458900801907e-10,0.7422684132738643,0.24267159479243475,654,0.9055188757245352,0.4349237825543516,950,0,0.20618567035410187,0.24635434551297253,654,0.125,0.25014620251115915,0.45435222838050104,948,170.3202865192517,0.8214672049064448,801.5,774.3552324870533,0.49066022719116786,906,sym,0.8243425715244881,0.7368036147090654,0.2019191155201387,6,681.0,9.272850541192324e-11,0.0001547883299941044,6.219300894585742e-21,0.7456566787860979,0.3649685262914759,0.02082620607519048,0.7212550607287453,0.037496524604431807,,0.9919828214548353,0.9855281704426655,0.9855281704426655,0.9855281704427898,,1.3464520413827834e-09,0.9999999999676455,2.2719989970495566e-10,,,,,1.0,,7.957130940939071e-11,1.0,0.25,2.5885458900801907e-10,2.5885458900801907e-10,0.0,2.209570200748863,0.6304403971054934,647,0.9438384441150796,0.4363224999215142,1906,890.2474375138634,0.5334132927076187,1276.5,966.0650215432825,0.43219406773745717,1832,0.7763846615972358,0.5622554397616224,0.28785410495344815,6,1375.5,,,,,,,,,,,,,6.226142397515456e-16,0.03641360043844485,6.219300894585742e-21,0.8155094834782322,0.11282484376279517,0.006131471358545356,0.5456428296368767,1.0,0.0374965246044318,,0.0008499884728380885,0.0007982210227380354,0.0007982210227380354,0.0007982210227318882,,0.0,1.052046414014841e-15,0.020163910573063673,2.1127115739428464e-15,,,,,0.4782608695652174,,2.5176181301230805e-18,1.0,0.7906976744186046,8.673624995867479e-16,8.673624995867479e-16,0.9302325581395349,0.5674759776447019,0.17675400427451263,674,1.1929636694756667,0.5790756652121152,1885,856.306312016909,0.5998568635435004,1279.5,992.9581867917154,0.500979833640909,1856,1409.1368421052632,1454.5,398.32527672708756,380,0.6645304607900322,0.5565550872278735,0.3678621512786154,7,1393.75
coif17,1.0,symmetric,2.940946979563836e-26,312.5625267928321,7121321.6107413275,0.5228758169934641,97.98771541564916,206,smoothed,1.2144762002967536e-13,-2.189404435526404e-10,6.814630692095203,30937.40723364066,0.9823196059390028,0.00014966566451320276,0.9999999999999996,362.40000000000026,,,,[],[],11,426.60000000000014,32.19999999999996,728.4000000000005,"[9, 31, 53, 64, 80, 102, 131, 148, 158, 175, 192]","[311.0000000000002, 417.79999999999995, 589.5999999999999, 432.2000000000003, 728.4000000000005, 371.00000000000034, 587.0000000000001, 32.19999999999996, 448.1999999999999, 368.00000000000034, 407.1999999999999]","[0, 0, 0, 60, 0, 94, 120, 144, 144, 165, 186]","[20, 40, 75, 75, 205, 120, 205, 149, 205, 186, 205]",30736475.84000001,728.4000000000005,-728.4000000000005,0.0,,,,DWT,mdp.39015067403892,1.4901161193847656e-08,,0.0,15.0,11.0,0.0,33.0,,5.684341886080801e-13,168.4000000000002,987.7999999999975,168.40000000000015,,0.0,168.4000000000002,,,27.99999999999997,0.0,15.0,5.684341886080801e-13,5.684341886080801e-13,,2.8421709430404007e-13,2.179664891062423e-13,8.128185547276037e-26,0.9523285205594426,0.9812610047480894,0.9890505274184036,0.0673429743146994,0.020621116641358066,,0.9999996646849938,4.406097391567225e-09,4.406097391567225e-09,3.6788452796766485e-09,,3.062902732899872e-12,0.9999999955939026,3.7929866394817307e-13,,,,,,3.1786782849947497e-13,0.0,0.0,8.738507799082175e-13,8.738507799082175e-13,0.7999999009519909,0.3007374869146009,847,1.5917385148014003,0.8080744913260621,30,0,0.16666663939795368,0.23713383958737028,847,0.0,0.43008630624031596,0.758788645921546,34,470.543303001966,0.5067680262033899,439.5,61.437917792632625,0.5230381011520093,821,coif,0.5556920286951962,0.9053407607371553,0.33941335169221604,4,616.75,1.3510333040653066e-13,0.999999999970514,2.0015210731339286e-26,0.9395037762833335,0.957897799617724,0.0025909291642071813,0.055263157894737236,0.00020084784783927544,0.9999999997233293,2.0315811922799742e-05,4.745570603148508e-11,4.745570603148508e-11,3.9622916059300906e-11,,3.062902732899872e-12,0.003126132840347795,3.7929866394817307e-13,,,,,0.0,,1.4749084227875944e-13,0.0,0.0,7.119213119032428e-13,7.119213119032428e-13,1.0,0.20156916120619067,0.05751224468540681,1716,1.7661322323385227,0.8164567099493473,133,1119.3500346183048,0.4133385562797145,924.5,246.86641427798813,0.4643998861063143,1686,0.4784248188775415,0.776734912893196,0.43208215291776214,2,1265.0,,,,,,,,,,,,,9.071348338387861e-19,0.9999999999715833,2.0015210731339286e-26,0.9561184484505576,0.29612051943427853,0.0018672963452512018,0.041807603842511476,0.9999999999999997,0.00020084784783927544,0.9999999999999541,9.960751159770391e-05,3.843648489765261e-14,3.843648489765261e-14,3.209227588535368e-14,,0.0,2.3931902047653343e-18,0.004567040150618456,3.5270643972334666e-18,,,,,0.13043478260869565,,4.666576700876887e-21,0.7209302325581395,0.7209302325581395,2.3854854224057974e-18,2.3854854224057974e-18,1.0,0.3986733618839274,0.12417638082767558,1844,1.8394683576276962,0.892895056308018,435,996.3134546918454,0.5344329650972686,1139.5,703.9403247038175,0.5009781647916249,1857,986.6382352941176,846.0,585.0035688138154,340,0.4652856568234462,0.8173890317607586,0.42908333069536003,4,1393.75
rbio1.5,,,,14.145329453144448,1032524.3587612016,0.6699029126213593,146.20887738962313,206,raw,146.16410883804448,,7.326400284900881,122643.3907160134,1.0,2.49378877432008e-06,0.9832967563973557,442.17928192589716,,,,[],[],16,892.7934362465146,37.34407688141451,1526.820317277053,"[8, 21, 32, 51, 63, 79, 90, 100, 111, 127, 137, 152, 162, 175, 186, 198]","[1280.167108892692, 55.331105627847364, 1053.1526865014423, 1049.4900943457649, 1137.4862187013941, 1526.820317277053, 979.5251929103931, 1266.3840509312827, 874.4645931869106, 1063.7150940454164, 479.2968636664628, 1185.8567419519363, 332.87604151529524, 1159.5059658092814, 37.34407688141451, 803.2788276996462]","[0, 19, 9, 37, 37, 37, 83, 92, 107, 113, 134, 142, 161, 164, 185, 187]","[37, 22, 37, 59, 72, 142, 92, 142, 113, 142, 142, 164, 164, 205, 187, 205]",75281308.28082275,1487.2333860740623,-1487.2333860740623,0.0,,,,SWT,mdp.39015067403892,37526695.280822754,,0.0,7.5,16.0,0.0,30.0,,546.2333860740623,487.9809362465146,1330.6949799442336,487.9809362465147,,0.0,487.9809362465146,,,34.34407688141451,0.0,3.0,586.8203172770529,546.2333860740623,,115.17928192589716,0.08578766202117738,,0.9605723904365815,0.5179375709682356,0.16390858863311497,0.542857142857143,0.08432269318574072,,3.448665394151229e-05,0.1542712943776245,0.1542712943776245,0.15427129437762463,,0.18574814304999832,0.3237679389831105,0.27656996905398723,,,,,,0.19019108784890187,0.5677966101694915,0.5800000000000001,0.3894058740843252,0.3894058740843252,1.1775350910547229,0.3958775661852772,88,1.5882952528374283,0.9025837531083297,12,0,0.30438225780406375,0.5064068099177105,54,0.0,0.4773481874971767,0.8270576486081694,15,36.003472054789384,0.660344603256704,42.25,22.23678053345812,0.6308798487981633,55,rbio,0.4644956314535345,0.6222068689729192,0.48819099729065013,2,41.75,0.13152829281244538,0.007935032137575293,,0.9605723904365814,0.5179375709682357,0.30861168026995983,0.5428571428571431,0.5756879214839115,,0.021050709166283696,0.4038360568063717,0.4038360568063717,0.4035831852652072,,0.18574814304999832,0.3237679389831105,0.4246148111387435,,,,,0.6666666666666666,,0.4586334765591972,0.5677966101694913,0.4915254237288136,0.4718866476585293,0.4718866476585293,0.9491525423728813,1.8172580248732801,0.5963601550586236,76,1.8736604420696965,0.9637027227912438,10,46.66904755831214,0.7798629832155088,43.0,17.674418604651162,0.7885163972681317,38,0.6261605206073753,0.9968249595590992,0.26264014770710753,4,29.5,,,0.9860512643782438,0.20000000000000007,1.0,,0.9869633974180545,1.0,False,False,0.0,0.0,0.0012400172927489747,0.015508182066791741,,0.15733222470582553,0.35077286368588606,0.00026661353789011956,0.6687863617913681,0.9869633974180546,0.007608074278779273,,0.00018461598496315559,0.002900754115405136,0.002900754115405136,0.0029007541153988113,,0.0,0.000969842894115619,0.006153445160909286,0.0036411480697692137,,,,,0.34782608695652173,,1.1752184919031515e-05,0.6046511627906976,0.5348837209302325,0.0022923177490462984,0.0022923177490462984,0.9534883720930233,0.45275268232713317,0.14102068228419623,1308,0.9402866666385264,0.4564238969767666,1995,485.78235867515815,0.7729988978153467,1651.5,1580.0544959128065,0.5006349629263649,1858,818.67,599.5,715.6978453131971,300,0.38607403914171184,1.0,0.42974817260080167,3,1394.25
db6,1.0,smooth,3.0596774387589643e-27,322.3906423010111,4963188.7579108635,0.5462962962962963,78.1280344377053,206,smoothed,3.3612810485350377e-14,-2.0101715847431513e-10,6.192888753426694,35409.95371742113,0.9858904022846008,0.00014966566451320268,0.9999999999999999,362.4,,,,[],[],11,426.59999999999997,32.20000000000002,728.4,"[9, 31, 53, 64, 80, 102, 131, 148, 158, 175, 192]","[311.00000000000006, 417.8000000000002, 589.6000000000001, 432.1999999999998, 728.4, 371.0, 586.9999999999999, 32.20000000000002, 448.2, 368.0, 407.2]","[0, 0, 0, 60, 0, 94, 120, 144, 144, 165, 186]","[20, 40, 75, 75, 204, 120, 204, 149, 204, 186, 204]",30736475.839999996,728.4,-728.4,0.0,,,,DWT,mdp.39015067403892,0.0,,0.0,15.0,11.0,0.0,33.0,,0.0,168.40000000000003,987.7999999999993,168.40000000000003,,0.0,168.40000000000003,,,28.00000000000003,0.0,15.0,0.0,0.0,,0.0,2.500571576744657e-14,4.166562304932285e-27,0.9896695893057939,0.08445790704915432,0.06287729689427192,0.2282178573998131,0.05771119982271229,,0.9999996647345563,4.4059199552998455e-09,4.4059199552998455e-09,3.6787269888316428e-09,,0.0,0.9999999955940747,0.0,,,,,,0.0,0.0,0.0,0.0,0.0,0.7999999009645742,0.3007374869193312,803,0.7818409784442071,0.3969155392542604,570,0,0.16666663940159981,0.23713383959255802,806,0.0,0.20327626435311014,0.35863434649858655,565,136.8527188866435,0.8565485126974387,686.0,665.5217174268929,0.5687354722816333,687,db,0.573477938514061,0.8443824841957417,0.34525069778143475,3,516.0,2.412252471330877e-14,0.9999999999705134,1.3683528797783637e-27,0.9757717474849188,0.7431171492763622,0.00016471415541843772,0.18728070175438605,0.0005621019696560306,0.9999999997235994,2.0315811923854454e-05,4.745387416349445e-11,4.745387416349445e-11,3.962169481397382e-11,,0.0,0.0031261328403482946,0.0,,,,,0.0,,0.0,0.0,0.0,0.0,0.0,1.0,0.20156916120411014,0.05751224468481319,1904,1.7322411015770594,0.8007893433664222,421,1048.63935649965,0.45039866011548746,1162.5,689.534623655914,0.4205609652778695,1860,0.49117026184683504,0.8233619396015222,0.4091722348267588,4,1396.0,,,,,,,,,,,,,1.6196775003054706e-19,0.9999999999715827,1.3683528797783637e-27,0.9824257904646609,0.22972412749257243,0.0012999451902421526,0.14168132413295456,0.9999999999999999,0.000562101969656031,0.9999999999999541,9.960751159770467e-05,3.8434858594393884e-14,3.8434858594393884e-14,3.20911916831812e-14,,0.0,0.0,0.004567040150618464,0.0,,,,,0.13043478260869565,,0.0,0.7209302325581395,0.7209302325581395,0.0,0.0,1.0,0.3986733618839274,0.12417638082767558,1802,1.8618648810527045,0.9037665371691876,183,1144.8058787410205,0.46504398189671936,992.5,332.2579345088161,0.5006294675838737,1859,1009.0473684210526,935.5,610.6543869996938,760,0.4758535102197843,0.8532293215616218,0.41093374637766444,5,1395.5
db26,,,,7.5828843531528625,34654.212046290726,0.6893203883495146,29.872210228802153,206,smoothed,142.1696552607092,,7.192981821747138,90447.61084362335,1.0,7.651752608395284e-05,0.25318162670691846,490.243903761658,,,,[],[],10,641.9875897213894,400.8835029854879,975.0191892023275,"[13, 29, 51, 73, 83, 101, 122, 152, 178, 197]","[591.9707014043597, 400.8835029854879, 586.3440971301192, 795.3630733011158, 594.3199583181686, 975.0191892023275, 500.79993335000927, 683.9306472160617, 759.9687577518276, 531.276036554417]","[1, 19, 19, 19, 79, 19, 115, 141, 141, 184]","[19, 39, 57, 95, 95, 141, 141, 167, 205, 205]",61480188.32486085,975.7366546932302,-975.7366546932302,0.0,,,,SWT,mdp.39015067403892,30743712.484860852,,0.0,-17.0,12.0,0.0,-17.0,,247.33665469323023,383.7875897213895,739.4758972138961,383.7875897213895,,0.0,383.7875897213895,,,396.6835029854879,0.0,-12.5,246.61918920232756,247.33665469323023,,127.843903761658,0.05344581947774524,,0.23883403075516196,0.16233122151687643,0.029075491611642926,0.6666666666666669,0.3580760373945916,,0.9141513123535223,0.7643497524417676,0.7643497524417676,0.764050876976827,,0.13247955926126795,0.1900520999986591,0.18462280342914134,,,,,,0.49417225871168596,0.0,0.08080808080808079,0.17274259248190177,0.17274259248190177,1.9399117140381115,0.6227480862400278,59,1.0380585582587878,0.3957062038320803,67,0,0.3756347787591016,0.6193096334478894,40,0.0,0.3266419426568461,0.43237079993038313,73,14.361406616345072,0.8645150319212729,59.75,56.678774725052136,0.650417893319127,50,db,0.9817779367705585,0.7465271631990054,0.08879729530090745,4,38.5,0.005491140370461195,0.8529060335821572,,0.22330929257441395,0.3323487261791097,0.004958412871398171,0.6571428571428573,0.052711359921510714,,0.5746643738191011,0.25584109693707546,0.25584109693707546,0.2555254511976151,,0.2344317276450152,0.17984934906223227,0.04562744579111591,,,,,0.3333333333333333,,0.11743052637926912,0.15254237288135591,0.2288135593220339,0.05635679266496166,0.05635679266496166,0.15254237288135594,0.9157512483020045,0.3005173447896003,172,1.0109482785773494,0.5199734096909925,170,1.4142135623730951,0.9933291813095608,171.0,170.99415204678363,0.5933627038623276,119,0.9080317387829661,0.7281573716544635,0.1459305713555847,6,90.75,,,0.4171207362397862,1.0,0.0,0.6875855375922979,0.417120736239786,1.0,False,False,0.0,0.0,0.0012061294145936945,0.5106827074045386,,0.13976624396917425,0.336524983623642,4.283635657623217e-06,0.751589771343526,0.41712073623978607,0.0050075740433575214,,0.005039841107385268,0.0019550178575532358,0.0019550178575532358,0.001955017857546904,,0.0,0.0010764826759296472,0.0034181676856441592,0.0015302418104725327,,,,,0.17391304347826086,,9.627967278116827e-06,0.22480620155038766,0.2945736434108527,0.00103797061475505,0.00103797061475505,0.22480620155038766,0.17316835891708177,0.05393743886618594,2117,0.8751782637075618,0.42481967238649226,2018,70.0035713374682,0.9672880507768841,2067.5,2066.3148730350663,0.5005832777248906,1860,1009.0473684210526,935.5,610.6543869996938,760,0.4758535102197843,0.8532293215616218,0.41093374637766444,5,1396.25
db29,,,,7.500402340080738,34780.74688426667,0.7135922330097088,29.09545062098461,206,smoothed,142.94432843529978,,7.193160170411113,90447.61084362333,1.0,7.595272539266532e-05,0.23269515276787756,488.1692606314351,,,,[],[],12,549.0594149863149,38.77027423856896,1009.1608006126254,"[3, 16, 31, 54, 76, 87, 103, 124, 142, 153, 180, 197]","[38.77027423856896, 620.8269007778509, 641.7574281838115, 367.42454346380595, 825.4336856597772, 600.7551172216206, 1009.1608006126254, 504.98848987364295, 47.30393768522378, 671.8845954405723, 752.2354587832313, 508.17174789504725]","[2, 2, 22, 42, 22, 82, 22, 118, 140, 143, 143, 192]","[4, 22, 60, 60, 97, 97, 143, 143, 143, 170, 192, 205]",61464929.818299845,1005.0493199012594,-1005.0493199012594,0.0,,,,SWT,mdp.39015067403892,30728453.97829985,,0.0,-7.0,10.0,0.0,-7.0,,276.64931990125945,290.85941498631496,908.3129798357795,290.8594149863149,,0.0,290.85941498631496,,,34.57027423856897,0.0,-16.0,280.7608006126254,276.64931990125945,,125.76926063143515,0.2913548441078927,,0.22795830804955586,0.16284349705604492,0.029301278345978128,0.8518518518518519,0.35807603739459,,0.03403633256809835,0.3700049093088189,0.3700049093088189,0.3692058858509975,,0.11053083330565897,0.2658701841964922,0.3385205216903642,,,,,,0.49094226672389185,0.2,0.01010101010101011,0.2976503865645806,0.2976503865645806,1.325977769705157,0.42566376217288204,91,1.166845262170581,0.4447994821481549,60,0,0.2569678417455542,0.42366327315340047,85,0.0,0.3745512029967697,0.49578753401161363,60,16.350331291240963,0.8457515915920664,74.0,71.31771033422974,0.5738191920224482,70,db,0.9817779367705585,0.7465271631990054,0.08879729530090745,4,53.5,0.029934433829318742,0.8464589096854325,,0.21404278541909463,0.3325968142003206,0.0049969175978073765,0.8,0.05271135992151044,,0.021396313146439846,0.12384704981883701,0.12384704981883701,0.12347541689917146,,0.22645667196277758,0.22094882566417284,0.08366153295107728,,,,,0.16666666666666669,,0.11666298094821576,0.32203389830508466,0.1694915254237288,0.09710761475357177,0.09710761475357177,0.3220338983050847,0.6607037892701008,0.2168197409635392,198,1.061677638407223,0.5460656626391858,164,24.041630560342615,0.8865960822625348,181.0,179.40331491712706,0.5164112486784372,176,0.9080317387829661,0.7281573716544635,0.1459305713555847,6,133.5,,,0.40113138558418204,0.5,0.2,0.6738924215840619,0.4011313855841818,1.0,False,False,0.0,0.0,0.0012127015350708594,0.5069045286150933,,0.13954546079603258,0.33654402964106356,4.3169003782728924e-06,0.8550940332837235,0.40113138558418193,0.0050075740433575214,,0.0001876469526469384,0.0011115326720403176,0.0011115326720403176,0.0011115326720339803,,0.0,0.001059013580237881,0.0041992931306355135,0.0017420863203256645,,,,,0.08695652173913043,,9.623188792045744e-06,0.3798449612403101,0.24031007751937983,0.0011609838622812763,0.0011609838622812763,0.3798449612403101,0.17779317996521973,0.05537795030898616,2115,0.9089298159578949,0.44120298989346496,2004,78.48885271170677,0.963322966022567,2059.5,2058.004369992717,0.5004698942262367,1861,1009.0473684210526,935.5,610.6543869996938,760,0.4758535102197843,0.8532293215616218,0.41093374637766444,5,1397.0
rbio3.9,1.0,constant,4.4396418493085364e-27,320.7739193772185,4838967.620354401,0.5446428571428571,97.46863055431142,206,smoothed,4.3378326820521123e-14,-2.043651026184538e-10,6.255989939565013,35755.248632478244,0.971252408400625,0.0001496656645132028,1.0,362.4,,,,[],[],11,426.59999999999997,32.200000000000074,728.3999999999999,"[9, 31, 53, 64, 80, 102, 131, 148, 158, 175, 192]","[311.0, 417.8, 589.6, 432.20000000000005, 728.3999999999999, 371.0, 587.0, 32.200000000000074, 448.1999999999999, 368.00000000000006, 407.2000000000001]","[0, 0, 0, 60, 0, 94, 120, 144, 144, 165, 186]","[20, 40, 75, 75, 204, 120, 204, 149, 204, 186, 204]",30736475.839999996,728.3999999999999,-728.3999999999999,0.0,,,,DWT,mdp.39015067403892,0.0,,0.0,15.0,11.0,0.0,33.0,,1.1368683772161603e-13,168.40000000000003,987.7999999999993,168.40000000000003,,0.0,168.40000000000003,,,28.000000000000085,0.0,15.0,1.1368683772161603e-13,1.1368683772161603e-13,,0.0,4.6459187276783246e-14,8.205165669976115e-27,0.9835269913895501,0.17547531423662852,0.009567190373647338,0.2168604113348339,0.06057467305166837,,0.9999996647841187,4.4059199552998455e-09,4.4059199552998455e-09,3.6787269888316428e-09,,0.0,0.9999999955940747,7.585973278963461e-14,,,,,,0.0,0.0,0.0,1.7477015598164352e-13,1.7477015598164352e-13,0.7999999009795509,0.3007374869249613,719,0.793611480893483,0.4028910450869741,534,0,0.1666666394057655,0.23713383959848497,720,0.0,0.2065720829123393,0.3644490624415843,536,106.52503618085908,0.8883385364980513,627.25,613.6813860467229,0.615421888794099,524,rbio,0.7685897546424816,0.816051598246696,0.21717169227625407,5,394.25,3.646142402338978e-14,0.999999999970514,2.344907072510468e-27,0.9698056738879757,0.7649154436380449,2.506233187429363e-05,0.1779605263157894,0.0005899919450333938,0.9999999997235489,2.0315811924853655e-05,4.745387416349445e-11,4.745387416349445e-11,3.962169481397382e-11,,0.0,0.0031261328403482946,7.585973278963461e-14,,,,,0.0,,0.0,0.0,0.0,1.4238426238064856e-13,1.4238426238064856e-13,1.0,0.20156916120420534,0.057512244684840355,1893,1.7357738645026588,0.8024224872174048,386,1065.6099192481272,0.4415042351949019,1139.5,641.2444054409829,0.42214100648633984,1857,0.3888041033402703,1.0,0.4278371276618108,3,1393.5,,,,,,,,,,,,,2.448157845069999e-19,0.9999999999715835,2.344907072510468e-27,0.9780982382637473,0.23646276104172434,0.0012672887178768097,0.13463043856427698,1.0,0.0005899919450333938,0.9999999999999541,9.960751159770543e-05,3.8434858594393884e-14,3.8434858594393884e-14,3.20911916831812e-14,,0.0,0.0,0.004567040150618464,7.054128794466933e-19,,,,,0.13043478260869565,,0.0,0.7209302325581395,0.7209302325581395,4.770970844811595e-19,4.770970844811595e-19,1.0,0.3986733618839274,0.12417638082767558,1805,1.8598121400332297,0.9027701175784024,196,1137.734810929155,0.46834821919198366,1000.5,353.6031984007996,0.5004124273530012,1862,818.67,599.5,715.6978453131971,300,0.38607403914171184,1.0,0.42974817260080167,3,1397.25
db9,1.0,periodic,4.167454751363787e-27,321.0486898112418,5258176.623946207,0.536036036036036,92.47632145048496,206,smoothed,4.1456590048648695e-14,-2.0342112438953614e-10,6.298743330868475,32589.614423718143,0.9833640019824785,0.00014966566451320274,0.9999999999999999,362.4000000000001,,,,[],[],11,426.59999999999997,32.19999999999999,728.3999999999999,"[9, 31, 53, 64, 80, 102, 131, 148, 158, 175, 192]","[311.00000000000017, 417.80000000000007, 589.5999999999999, 432.19999999999993, 728.3999999999999, 371.00000000000006, 587.0, 32.19999999999999, 448.20000000000005, 367.9999999999999, 407.19999999999993]","[0, 0, 0, 60, 0, 94, 120, 144, 144, 165, 186]","[20, 40, 75, 75, 205, 120, 205, 149, 205, 186, 205]",30736475.839999996,728.3999999999999,-728.3999999999999,0.0,,,,DWT,mdp.39015067403892,0.0,,0.0,15.0,11.0,0.0,33.0,,1.1368683772161603e-13,168.40000000000003,987.7999999999993,168.4,,0.0,168.40000000000003,,,28.0,0.0,15.0,1.1368683772161603e-13,1.1368683772161603e-13,,1.1368683772161603e-13,4.223740077120685e-14,7.40858300358445e-27,0.9845709577183739,0.23714297950654634,0.18947277709978827,0.15774030019659205,0.03432259572828024,,0.999999664709775,4.4059199552998455e-09,4.4059199552998455e-09,3.6786974161203912e-09,,1.2251610931599486e-12,0.9999999955940747,7.585973278963461e-14,,,,,,0.0,0.0,0.0,1.7477015598164352e-13,1.7477015598164352e-13,0.7999999009578515,0.300737486916804,817,0.8808756113041533,0.44719223974733685,284,0,0.1666666393996698,0.237133839589812,818,0.0,0.22903565860708902,0.4040808896740727,322,297.45181682641197,0.6882056427396102,560.25,440.85874831001524,0.550470745898107,747,db,0.573477938514061,0.8443824841957417,0.34525069778143475,3,561.0,3.4033276272183396e-14,0.9999999999705138,2.152289458843409e-27,0.9708196389945021,0.7796845956243517,0.0004963452628578351,0.12944523470839261,0.0003342990393864812,0.9999999997235631,2.0315811923354854e-05,4.745387416349445e-11,4.745387416349445e-11,3.962136174706643e-11,,1.2251610931599486e-12,0.0031261328403482946,7.585973278963461e-14,,,,,0.0,,0.0,0.0,0.0,1.4238426238064856e-13,1.4238426238064856e-13,1.0,0.20156916120481735,0.05751224468501497,1771,1.7244940672200073,0.7972080044002858,496,901.5611460128481,0.5274836760938951,1133.5,774.9589766210852,0.4667030539798616,1666,0.49117026184683504,0.8233619396015222,0.4091722348267588,4,1250.5,,,,,,,,,,,,,2.2851228258592405e-19,0.9999999999715831,2.152289458843409e-27,0.978833728172998,0.24102843491584153,0.0013774944969446137,0.0979277207121883,0.9999999999999999,0.0003342990393864812,0.9999999999999541,9.960751159770423e-05,3.8434858594393884e-14,3.8434858594393884e-14,3.209086642252945e-14,,0.0,9.572760819061336e-19,0.004567040150618464,7.054128794466933e-19,,,,,0.13043478260869565,,0.0,0.7209302325581395,0.7209302325581395,4.770970844811595e-19,4.770970844811595e-19,1.0,0.3986733618839274,0.12417638082767558,1821,1.8478080095022782,0.8969432009250571,289,1083.287588777791,0.4937908463655183,1055.0,498.8331753554503,0.5004000960799554,1863,1009.0473684210526,935.5,610.6543869996938,760,0.4758535102197843,0.8532293215616218,0.41093374637766444,5,1398.5
sym14,,,,12.863280505196446,34926.07240634599,0.6310679611650486,26.27281073878346,206,smoothed,142.750167692858,,7.194406554997707,90447.6108436199,1.0,7.981604465833502e-05,0.9792722884436983,495.8134559087803,,,,[],[],13,570.512992548448,85.46788001870593,1004.5683702578725,"[9, 27, 52, 64, 80, 91, 101, 111, 130, 147, 159, 176, 201]","[664.9765837408409, 439.6845504497048, 819.382208096408, 626.0173177601109, 1004.5683702578725, 300.59852030605333, 504.0361132306577, 281.9898043150789, 876.6784385491195, 85.46788001870593, 674.3522349022057, 532.7218963297313, 606.1949851733355]","[0, 19, 0, 59, 0, 86, 96, 107, 123, 145, 148, 171, 186]","[39, 39, 74, 74, 205, 96, 123, 123, 205, 148, 205, 186, 205]",61462356.246923916,992.7051406063605,-992.7051406063605,0.0,,,,SWT,mdp.39015067403892,30725880.40692392,,0.0,-11.0,9.0,0.0,-2.0,,264.3051406063605,312.31299254844805,1736.268903129825,312.312992548448,,0.0,312.31299254844805,,,81.26788001870594,0.0,-6.5,276.16837025787254,264.3051406063605,,133.41345590878035,0.23172635254408117,,0.935084306256542,0.16642352015169307,0.02956059487548668,0.22222222222222282,0.358076037394211,,0.14753470574114042,0.46104411999490547,0.46104411999490547,0.46036056166688355,,0.1914027407915443,0.6376725805041048,0.31781954936728074,,,,,,0.49039748110604436,0.12,0.202020202020202,0.24504908966631844,0.24504908966631844,1.5678628841723852,0.5033134258325022,78,1.5844753986810418,0.6039993987709983,37,0,0.3019596160346433,0.49784128013984963,67,0.0,0.4618088421231533,0.6112890979633869,35,21.56192632087093,0.7965856007465006,54.25,47.99366010279286,0.642396573958156,53,sym,0.6803648884317847,1.0,0.22374457809775072,3,40.5,0.023808072208236455,0.8905581792907822,,0.8165395848933718,0.33433057030964075,0.005041140355408702,0.3142857142857147,0.05271135992145465,,0.09274497355699289,0.1543194499887951,0.1543194499887951,0.15396074237748128,,0.2558414283551588,0.42249551533939,0.07854552087157599,,,,,0.08333333333333331,,0.11653352313114915,0.25423728813559315,0.3305084745762712,0.07994658723504572,0.07994658723504572,0.4067796610169491,0.8084538553241842,0.2653061149929395,183,1.4742472583668487,0.7582676482117937,82,71.4177848998413,0.6631236561328241,132.5,113.25283018867925,0.5190618280664121,175,0.7190889370932755,0.9859759878661594,0.20084494767485936,5,132.5,,,0.9838223674143196,0.25,0.3,0.7675553361266698,0.9838223674143192,1.0,False,False,0.0,0.0,0.0012110543271474181,0.5327478236598198,,0.15390050881640394,0.33667713219434925,4.355104978465097e-06,0.5031795426870521,0.9838223674143193,0.005007574043357244,,0.0008133789939500092,0.0013062612880009794,0.0013062612880009794,0.0013062612879946433,,0.0,0.001123379917195383,0.008029834555380928,0.0017135908534349654,,,,,0.04347826086956519,,9.622382830143534e-06,0.3178294573643411,0.38759689922480617,0.0011091803987499022,0.0011091803987499022,0.4573643410852713,0.1867083430950997,0.058154791697950445,2111,1.017672505993488,0.4939877034438723,1979,93.33809511662427,0.956384067702512,2045.0,2042.8699266503666,0.5003882955334991,1864,1409.1368421052632,1454.5,398.32527672708756,380,0.6645304607900322,0.5565550872278735,0.3678621512786154,7,1399.75
coif12,,,,5.683589407102092,973643.8608180697,0.6796116504854369,148.60696969885043,206,raw,160.44346066424478,,7.303961968817117,123196.58906353095,1.0,2.8206213809309254e-06,-0.16300176755548626,457.80165303207184,,,,[],[],14,1010.9549302786937,186.74541142515923,1695.533838978363,"[4, 22, 33, 44, 58, 75, 92, 105, 122, 139, 151, 169, 187, 203]","[948.1744014007829, 1263.544186731147, 461.07919459996606, 1011.1454614515573, 1221.4077592961112, 1695.533838978363, 1446.4899916275933, 186.74541142515923, 1138.6935927138775, 1285.1961343501996, 447.46199373305933, 1271.647628071349, 859.1910483588202, 917.0583811637306]","[2, 11, 31, 31, 31, 31, 88, 103, 119, 125, 150, 161, 183, 31]","[11, 31, 36, 48, 70, 88, 125, 107, 125, 183, 161, 183, 197, 204]",75539132.71438412,1429.5179041454544,-1429.5179041454544,0.0,,,,SWT,mdp.39015067403892,37784519.71438412,,0.0,-25.0,18.0,0.0,-16.0,,488.5179041454544,606.1424302786937,1199.3690239017124,606.1424302786941,,0.0,606.1424302786937,,,183.74541142515923,0.0,-20.5,755.5338389783631,488.5179041454544,,130.80165303207184,0.5600745320681515,,0.009931495984367905,0.4867252405113908,0.1422411723824289,0.6000000000000002,0.10371463086228533,,0.23320332666063548,0.39236519914796303,0.39236519914796303,0.3923651991479637,,0.24580149759822842,0.2917996771902625,0.5128770459700321,,,,,,0.20959133620094667,0.016949152542372864,0.11000000000000001,0.29663773024469164,0.29663773024469164,1.4601887487774923,0.49090338999527544,48,0.7814651913364842,0.4440848035401126,101,0,0.27794430151114535,0.4624214567514987,68,0.0,0.2759248943060871,0.47806988746259726,101,26.13426869074396,0.75345029537034,79.5,72.27888620916465,0.5017251476851701,99,coif,1.0,1.0,0.0,5,75.5,0.5820852483628299,0.011665782366485522,,0.009931495984367877,0.4867252405113909,0.29069426321389635,0.6000000000000002,0.5846738746365739,,0.24931905194670034,0.5716712032009792,0.5716712032009792,0.5714895213595863,,0.2458014975982284,0.2917996771902625,0.6125633151603257,,,,,0.8333333333333333,,0.4716027645562093,0.01694915254237289,0.09322033898305085,0.3916498858649666,0.3916498858649666,0.1694915254237288,1.9350374630815943,0.6350112233556122,50,1.083582128492918,0.5573320672997976,159,77.07463914933368,0.6364403813710675,104.5,76.07655502392343,0.5717579265345903,136,1.0,0.7220099692676862,0.08339700921969413,7,103.75,,,0.02878718833398497,0.6000000000000001,0.1785714285714286,,0.09229654991557351,1.0,False,False,0.0,0.0,0.001361159502929688,0.017694496710248194,,0.1346823190102303,0.34837665532908774,0.00025113445444457016,0.710188066567447,0.09229654991557346,0.007652756918512067,,0.0021865430747075453,0.003973275662270276,0.003973275662270276,0.00397327566226396,,0.0,0.001101387780949594,0.0055458650946132735,0.004687994771903182,,,,,0.43478260869565216,,1.1832927451705481e-05,0.10077519379844957,0.1705426356589147,0.0020501095153632513,0.0020501095153632513,0.24031007751937983,0.2598323370399311,0.08093101350726642,2065,0.5848949325224707,0.2839134424592412,2126,43.1335136523794,0.9798441524988881,2095.5,2095.0560725363875,0.5003192725111263,1865,986.6382352941176,846.0,585.0035688138154,340,0.4652856568234462,0.8173890317607586,0.42908333069536003,4,1399.75
db33,,,,6.121645996318893,946645.2289830922,0.6407766990291263,150.3307666334583,206,raw,163.2140475442058,,7.388849909378427,123196.58906353095,1.0,2.813342654505264e-06,-0.03705243660791401,502.9408594480901,,,,[],[],15,959.1546249316773,307.55862289379763,1643.277603210244,"[10, 20, 34, 47, 58, 74, 89, 105, 115, 126, 136, 155, 178, 188, 200]","[307.55862289379763, 1031.696308142883, 807.687978037467, 358.72908397370963, 1436.5502839168223, 1643.277603210244, 1019.0603723215215, 1497.6453881465218, 668.099262494763, 1107.6528846782403, 890.4667656886687, 1012.6455346235911, 1262.911127712907, 570.6195549454562, 772.718603188564]","[5, 5, 24, 45, 5, 63, 86, 102, 110, 110, 132, 148, 148, 187, 148]","[11, 24, 45, 49, 63, 148, 102, 148, 122, 148, 148, 174, 189, 189, 202]",75447734.53187738,1449.4476983964128,-1449.4476983964128,0.0,,,,SWT,mdp.39015067403892,37693121.53187738,,0.0,-20.0,17.0,0.0,-20.0,,508.44769839641276,554.3421249316773,1433.3193739751587,554.3421249316772,,0.0,554.3421249316773,,,304.55862289379763,0.0,-20.0,703.277603210244,508.44769839641276,,175.94085944809012,0.6520992258696484,,0.05914531081770308,0.6048067597621958,0.13230595419299584,0.3714285714285718,0.10371463086228533,,0.4217550317819688,0.28798824395299716,0.28798824395299716,0.2879882439529969,,0.4193193809274415,0.34874947038464665,0.439684819286141,,,,,,0.20271399174191498,0.1016949152542373,0.12000000000000001,0.32867159634069293,0.32867159634069293,1.426016461752632,0.4794149495053455,51,0.8433171503430078,0.47923354128108275,91,0,0.2721578927373057,0.4527944935073852,71,0.0,0.2939238354896118,0.5092550105291236,88,18.409689477736084,0.8263236841723011,75.25,71.37122269842197,0.5582090118974713,74,db,0.9380878725805777,0.8243093411562624,0.09604568684671688,4,56.5,0.6695056862732286,0.011582696683694271,,0.05914531081770308,0.6048067597621959,0.2824785421614417,0.37142857142857183,0.5846738746365739,,0.43390797581505647,0.49809468064250306,0.49809468064250306,0.49788179025710855,,0.4193193809274415,0.34874947038464665,0.5543493602895063,,,,,0.75,,0.46700518109617917,0.10169491525423727,0.1016949152542373,0.4193565271416849,0.4193565271416849,0.1016949152542373,1.981526011514407,0.6502671295463558,46,1.142136490193146,0.5874490492965354,150,73.53910524340094,0.6531174280971654,98.0,70.40816326530611,0.5954266385768846,118,0.9080317387829661,0.7281573716544635,0.1459305713555847,6,90.0,,,0.13396639549388212,0.4000000000000001,0.10714285714285718,,0.19059789856892545,1.0,False,False,0.0,0.0,0.0013846644226362204,0.01764580638422731,,0.13585488403599422,0.35744191636761974,0.00024403678900884458,0.5445812474631311,0.1905978985689255,0.007652756918512067,,0.003805399034573609,0.003503097588830051,0.003503097588830051,0.0035030975888237278,,0.0,0.001481472965164919,0.006628237334580643,0.004363751240453232,,,,,0.3913043478260869,,1.1804304405256956e-05,0.17829457364341084,0.17829457364341084,0.002133746697309721,0.002133746697309721,0.17829457364341084,0.23923010772934222,0.07451395503944827,2088,0.5631978094221973,0.27338145702333755,2130,29.698484809834994,0.9861222033598902,2109.0,2108.790896159317,0.5003040923341506,1866,1009.0473684210526,935.5,610.6543869996938,760,0.4758535102197843,0.8532293215616218,0.41093374637766444,5,1400.75
coif11,,,,5.849376193542685,973190.556580942,0.6796116504854369,147.2824917968554,206,raw,160.38399756492333,,7.304094403263388,123196.58906353099,1.0,2.830603539403824e-06,-0.11382224272272935,433.89954825345364,,,,[],[],14,971.3414649603627,53.51507040557925,1593.7394897100708,"[5, 17, 31, 42, 62, 74, 90, 112, 123, 140, 152, 163, 185, 204]","[851.8120538380047, 1202.0060765360436, 589.623282812671, 1319.7956207484158, 1067.6282349223293, 1357.0101964625383, 1593.7394897100708, 778.93717380836, 64.0543369272898, 1079.7030918410348, 53.51507040557925, 1391.2547019303388, 1135.119690137709, 1114.5814893646927]","[0, 10, 30, 30, 49, 71, 71, 97, 122, 124, 151, 124, 175, 71]","[10, 30, 32, 71, 71, 82, 124, 124, 124, 154, 154, 198, 198, 205]",75505681.05775145,1432.8042803901915,-1432.8042803901915,0.0,,,,SWT,mdp.39015067403892,37751068.05775145,,0.0,-20.5,18.0,0.0,-2.5,,491.8042803901915,566.5289649603627,644.7805094450778,566.5289649603627,,0.0,566.5289649603627,,,50.51507040557925,0.0,-20.5,653.7394897100708,491.8042803901915,,106.89954825345364,0.5580994727234608,,0.028556943952833508,0.4869094605609454,0.14207436109622798,0.6000000000000002,0.10371463086228686,,0.025272358948055657,0.3125445713167234,0.3125445713167234,0.31254457131672336,,0.1539203380121547,0.15679795055736498,0.3702997061125458,,,,,,0.20707423401052616,0.09322033898305085,0.11000000000000001,0.3019200394968268,0.3019200394968268,1.1979365573413707,0.40273637054832595,86,0.8084844066259379,0.45943906761565556,96,0,0.24518010511402533,0.40791101223122883,84,0.0,0.28417306533642855,0.49236074079848136,95,6.13052471924984,0.9421648611391524,90.25,89.93685038209206,0.5453748833997649,84,coif,1.0,1.0,0.0,5,64.25,0.580209006827223,0.011779727362347392,,0.02855694395283348,0.4869094605609455,0.2905563221068469,0.6000000000000002,0.5846738746365746,,0.045758158428011106,0.5154047197297293,0.5154047197297293,0.5151991716472563,,0.15392033801215468,0.15679795055736495,0.49916342006064673,,,,,0.8333333333333333,,0.4699200529417452,0.09322033898305085,0.09322033898305085,0.3962186459116931,0.3962186459116931,0.39830508474576265,1.707556788090147,0.5603600682890665,90,1.109605366792343,0.5707169181734695,154,45.254833995939045,0.7865338019059479,122.0,113.60655737704917,0.6055310518963701,110,1.0,0.7220099692676862,0.08339700921969413,7,84.25,,,0.06985658815924506,0.6000000000000001,0.4196428571428572,,0.1306803474381137,1.0,False,False,0.0,0.0,0.0013606550338638877,0.01776127137960849,,0.13512608767459766,0.34839079812508444,0.00025101528537573026,0.710188066567447,0.13068034743811363,0.00765275691851207,,0.0004013018004076464,0.003613714407160091,0.003613714407160091,0.0036137144071537695,,0.0,0.0009001251399056608,0.002980059091484172,0.004056373324180433,,,,,0.43478260869565216,,1.1822451441184083e-05,0.1705426356589147,0.1705426356589147,0.002063901090151456,0.002063901090151456,0.44961240310077516,0.3061165351763296,0.0953473371535961,2034,0.6005416056036594,0.29150848315886974,2121,61.518289963229634,0.9712531355312011,2077.5,2076.58916967509,0.5002293715039183,1867,986.6382352941176,846.0,585.0035688138154,340,0.4652856568234462,0.8173890317607586,0.42908333069536003,4,1401.25
sym17,,,,13.393805992941601,968619.3073595455,0.6747572815533981,142.5972101357974,206,raw,150.23949234507748,,7.299123268285712,123196.58906358434,1.0,2.8190433766925873e-06,0.9491971799389844,425.12316957884013,,,,[],[],16,963.3209599073621,100.37747450701647,1649.756114539261,"[8, 27, 41, 52, 63, 79, 90, 100, 111, 127, 137, 152, 162, 175, 190, 202]","[1251.9387068466287, 1208.684990394501, 646.2882546111082, 1077.9423083385448, 1213.6005893198708, 1649.756114539261, 948.1951164866388, 1254.88528076689, 893.9351116010812, 1156.3916099708829, 440.27241849045754, 1275.1919945156278, 327.2186769059863, 1131.8741402231103, 836.5825710001868, 100.37747450701647]","[0, 13, 37, 13, 13, 13, 84, 92, 107, 113, 134, 113, 161, 164, 187, 201]","[13, 37, 42, 59, 71, 113, 92, 113, 113, 142, 142, 164, 164, 205, 205, 205]",75520163.17932886,1586.7008758766037,-1586.7008758766037,0.0,,,,SWT,mdp.39015067403892,37765550.17932886,,0.0,12.0,16.0,0.0,16.5,,645.7008758766037,558.5084599073621,2459.135358517793,558.5084599073621,,0.0,558.5084599073621,,,97.37747450701647,0.0,10.5,709.756114539261,645.7008758766037,,98.12316957884013,0.2211510112346326,,0.8761418914468138,0.4799944716157148,0.1403921885072447,0.5714285714285716,0.1037146308641569,,0.09840994127037199,0.29638335583836206,0.29638335583836206,0.296383355838362,,0.1201833990664542,0.5984606084823509,0.44875888791733126,,,,,,0.20816395522656994,0.6440677966101694,0.73,0.5492835029809087,0.5492835029809087,1.5729573231210852,0.5288152527435342,38,1.5553110493121545,0.8838397531134006,16,0,0.38631268223191495,0.6427160848703265,19,0.0,0.4786282521906999,0.8292754999025097,13,11.269427669584644,0.8936846446265599,21.5,18.31749710312862,0.8454272279736573,10,sym,0.5948329919317754,0.9644551827563462,0.29428035082085335,3,8.25,0.2601190305418653,0.011647769660426466,,0.8761418914468135,0.47999447161571485,0.2891652846389561,0.5714285714285716,0.5846738746374411,,0.11735861203580088,0.5040124920776107,0.5040124920776107,0.5038021118173506,,0.1201833990664542,0.5984606084823509,0.5615664849176751,,,,,0.6666666666666666,,0.4706485440430376,0.6440677966101693,0.6186440677966102,0.6101675563298335,0.6101675563298335,0.7203389830508473,2.1452579029067183,0.7039981764325398,24,1.8383757305509607,0.9455543049669621,19,3.5355339059327378,0.9833229532739022,21.5,21.209302325581397,0.9409539294671398,2,0.7190889370932755,0.9859759878661594,0.20084494767485936,5,2.75,,,0.9575750002377639,0.20000000000000007,0.7589285714285715,,0.9603492476711113,1.0,False,False,0.0,0.0,0.0012745917588301411,0.01768394080577621,,0.15532058934371318,0.3478599260608969,0.0002498135504954181,0.6894872141794075,0.9603492476711115,0.007652756918516379,,0.0010292420831883647,0.0035409143418211973,0.0035409143418211973,0.003540914341814876,,0.0,0.0008262254910163932,0.011374179132210659,0.004403949608379699,,,,,0.34782608695652173,,1.1826986787809305e-05,0.6744186046511628,0.6511627906976744,0.002709742055470022,0.002709742055470022,0.7441860465116279,0.43341336658379703,0.13499698853816072,1311,0.9359304706889202,0.45430935893017105,1997,485.0752518939716,0.7733293215448731,1654.0,1582.8700120918984,0.5002160626415955,1868,1409.1368421052632,1454.5,398.32527672708756,380,0.6645304607900322,0.5565550872278735,0.3678621512786154,7,1402.75
db27,,,,6.566515163312072,948637.367304888,0.6407766990291263,143.7184571366515,206,raw,168.87686141355442,,7.378696639433383,123196.58906353095,1.0,2.828034084950293e-06,0.08165740805351378,502.50428918568366,,,,[],[],15,959.091759583473,172.70339849504956,1476.6382729257232,"[7, 21, 31, 46, 66, 84, 100, 111, 121, 132, 142, 153, 173, 194, 204]","[1244.7366418051247, 724.2795102346233, 719.745258906531, 1056.9873090409526, 1476.6382729257232, 1129.5556264860707, 1443.8863822932028, 783.3582168589355, 1227.7488306518637, 172.70339849504956, 321.4169571685202, 1071.5698377125184, 1222.5095680948916, 1467.313724353578, 323.9268587245104]","[0, 20, 22, 22, 22, 79, 79, 106, 106, 131, 138, 144, 144, 79, 202]","[22, 22, 33, 60, 79, 96, 144, 118, 144, 144, 144, 169, 191, 202, 205]",75471801.03595938,1304.4714465598597,-1304.4714465598597,0.0,,,,SWT,mdp.39015067403892,37717188.03595938,,0.0,-15.5,17.0,0.0,-6.5,,363.4714465598597,554.279259583473,1432.3763937520962,554.2792595834729,,0.0,554.279259583473,,,169.70339849504956,0.0,-15.5,536.6382729257232,363.4714465598597,,175.50428918568366,0.840188874366434,,0.10912449010274938,0.5906832749356506,0.1330390405586883,0.3714285714285718,0.10371463086228533,,0.2112881284043977,0.28786157107744414,0.28786157107744414,0.28786157107744387,,0.4176411780109107,0.3485199236937657,0.20628293992464408,,,,,,0.20452489907023477,0.17796610169491525,0.21,0.095646118006466,0.095646118006466,1.2176442373557315,0.40936192970024493,82,0.9626897829083003,0.5470696684285531,71,0,0.23862096038389458,0.3969984328235544,87,0.0,0.3401826931339143,0.5894035122573785,69,8.65544144839919,0.918344891996234,77.25,76.53065789452074,0.5947856535452869,64,db,0.9380878725805777,0.8243093411562624,0.09604568684671688,4,49.0,0.8481846773000314,0.01175039738548217,,0.10912449010274936,0.5906832749356508,0.2830847526112829,0.37142857142857183,0.5846738746365739,,0.22786444425764524,0.49800538746789125,0.49800538746789125,0.4977924592075079,,0.4176411780109106,0.3485199236937657,0.3687115256790584,,,,,0.75,,0.4682157933651919,0.17796610169491522,0.17796610169491528,0.21780878647269122,0.21780878647269122,0.33050847457627114,1.8068629437380577,0.5929488551150834,78,1.2560797883153079,0.6460549013381388,129,36.062445840513924,0.8298941233938022,103.5,97.21739130434783,0.6708432881119955,80,0.9080317387829661,0.7281573716544635,0.1459305713555847,6,61.5,,,0.23309996968302077,0.4000000000000001,0.34821428571428575,,0.28324894912119686,1.0,False,False,0.0,0.0,0.0014327062242757164,0.017744083266232336,,0.13704568458345212,0.3563576393567995,0.0002445605018916387,0.5445812474631311,0.2832489491211969,0.007652756918512067,,0.001998384875417186,0.003502526976203218,0.003502526976203218,0.0035025269761968948,,0.0,0.0014777969171839158,0.006623874632768225,0.0033297746415710035,,,,,0.3913043478260869,,1.181184128011923e-05,0.24806201550387597,0.24806201550387585,0.00152534075994346,0.00152534075994346,0.3875968992248062,0.2937370771377564,0.09149145802343826,2039,0.6004747289277053,0.2914760205981009,2122,58.68986283848344,0.9725748304493068,2080.5,2079.67219418409,0.5001892843835318,1869,1009.0473684210526,935.5,610.6543869996938,760,0.4758535102197843,0.8532293215616218,0.41093374637766444,5,1403.0
sym11,1.0,symmetric,3.414935094536861e-23,284.13796793112914,6378621.432327929,0.6504424778761062,308.37089903393405,206,raw,4.578732215383214e-12,,6.429699636390369,61319.36465423629,0.7665829932751214,5.618943883689802e-06,0.9999999999999997,326.9999999999979,,,,[],[],13,661.153846153861,87.00000000000212,940.0000000000208,"[8, 32, 51, 63, 81, 100, 111, 133, 152, 162, 175, 192, 204]","[878.000000000013, 638.0000000000197, 787.0000000000213, 792.0000000000193, 940.0000000000208, 788.0000000000155, 637.0000000000156, 675.0000000000084, 771.0000000000153, 196.00000000000966, 834.0000000000215, 572.0000000000093, 87.00000000000212]","[0, 13, 42, 42, 76, 99, 107, 107, 107, 161, 164, 187, 203]","[76, 42, 61, 76, 205, 164, 119, 142, 164, 164, 205, 205, 205]",37754613.000000484,941.0000000000122,-941.0000000000122,0.0,,,,DWT,mdp.39015067403892,4.842877388000488e-07,,0.0,33.0,19.0,0.0,28.5,,1.2164491636212915e-11,256.34134615386097,4358.999999999807,256.34134615386085,,0.0,256.34134615386097,,,84.00000000000212,0.0,28.5,2.0804691303055733e-11,1.2164491636212915e-11,,2.1032064978498966e-12,5.766959745449934e-12,2.4165545087458443e-23,0.8346107190786142,0.8249234298045417,0.0007232391518284892,0.699747155499368,0.00028982806998965145,,0.47422802461406005,6.707411505218601e-09,6.707411505218601e-09,6.093357049013284e-09,,1.0579319121229988e-10,0.9999999932925411,2.4911723628751206e-11,,,,,,4.793452374059682e-12,1.0,1.0,1.52351160747294e-11,1.52351160747294e-11,0.8422684099567856,0.27536483384224086,67,1.1936045593548268,0.5732923120054797,848,0,0.2895190031317291,0.34592250958853527,67,0.125,0.3309349102300156,0.6010925306979263,840,448.613047811437,0.5297557150823511,455.5,124.14469063610399,0.5261462013566891,773,sym,0.8243425715244881,0.7368036147090654,0.2019191155201387,6,581.25,5.766959745449933e-12,0.00015478832996290715,2.4165545087458446e-23,0.8346107190786141,0.8249234298045417,0.0017559711506014175,0.7743362831858409,0.0026548429906184464,,0.9919828214562392,0.9855281704454124,0.9855281704454124,0.9855281704452991,,2.266548022345905e-11,0.9999999999667031,1.3882331100503132e-11,,,,,1.0,,4.793452374059682e-12,1.0,0.75,1.52351160747294e-11,1.52351160747294e-11,0.0,2.259570199847825,0.644706528716311,67,1.2249490188960428,0.5662757451061834,1708,1160.3622279271244,0.3918436960549663,887.5,128.94197183098592,0.4633484727654286,1698,0.7763846615972358,0.5622554397616224,0.28785410495344815,6,1275.0,,,,,,,,,,,,,3.8721547830850645e-17,0.03641360043841467,2.4165545087458446e-23,0.8800332018992192,0.2550133789060931,0.0016720480297938724,0.585799758855245,0.9999999999999997,0.0026548429906184464,,0.0008499884728391505,0.0007982210227402603,0.0007982210227402603,0.0007982210227339205,,0.0,1.7709607515263474e-17,0.02016391057304893,1.2909055693874488e-16,,,,,0.4782608695652174,,1.5166374277849883e-19,1.0,0.9302325581395349,5.1049388039484055e-17,5.1049388039484055e-17,0.9302325581395349,0.581429466016788,0.1811001529055094,190,1.3026685554773447,0.6323274376373079,1805,1141.9774516162743,0.4663656768148251,997.5,343.8095238095238,0.5001220907438612,1870,1409.1368421052632,1454.5,398.32527672708756,380,0.6645304607900322,0.5565550872278735,0.3678621512786154,7,1404.25
coif13,,,,5.794448156220139,974055.858541952,0.6601941747572816,146.79903550801032,206,raw,160.99312991712708,,7.303857788285955,123196.58906353099,1.0,2.8317520033075985e-06,-0.13121838077541997,442.35063836627944,,,,[],[],15,880.6983249354091,125.93988242384023,1612.7661491185886,"[5, 18, 29, 40, 56, 67, 79, 93, 113, 123, 143, 159, 170, 187, 202]","[566.4206252045858, 744.5639685007319, 1222.9565343707113, 1081.5936457366397, 131.9151631497358, 1612.7661491185886, 125.93988242384023, 1425.2747408946361, 1016.7736596977197, 993.7062549753107, 984.6800212730959, 160.24704881540555, 999.4043023091737, 1262.9613601129445, 881.2715174480188]","[1, 10, 10, 30, 50, 10, 77, 87, 98, 120, 120, 155, 120, 120, 87]","[10, 25, 50, 50, 57, 87, 84, 120, 120, 126, 162, 160, 176, 201, 204]",75472778.30648437,1498.6863416530382,-1498.6863416530382,0.0,,,,SWT,mdp.39015067403892,37718165.30648437,,0.0,-20.0,17.0,0.0,-24.5,,557.6863416530382,475.8858249354091,256.474874031137,475.8858249354093,,0.0,475.8858249354091,,,122.93988242384023,0.0,-15.5,672.7661491185886,557.6863416530382,,115.35063836627944,0.5783317269803364,,0.022386010049560007,0.4865803224545431,0.1423927832975797,0.485714285714286,0.10371463086228686,,0.138304879424345,0.12989979921094405,0.12989979921094405,0.1298997992109443,,0.1864068477369157,0.062273938833956904,0.39694922550473755,,,,,,0.20459843473413647,0.1016949152542373,0.21,0.40781461633226496,0.40781461633226496,0.9431679874374991,0.317085282814108,103,0.7593209325580746,0.43150084085287743,105,0,0.19548950573809373,0.32523977477341753,101,0.0,0.26777842595392287,0.4639552450772805,105,1.9148542155126762,0.981935337589503,103.5,103.47321555439777,0.5027601216249402,98,coif,1.0,1.0,0.0,5,74.75,0.5994289841396802,0.011792836923282368,,0.02238601004955998,0.48658032245454313,0.290819634691768,0.48571428571428604,0.5846738746365746,,0.15641508037639557,0.3866563080719352,0.3866563080719352,0.3863961494923832,,0.18640684773691568,0.06227393883395688,0.5203593036881018,,,,,0.75,,0.46826495279789015,0.10169491525423727,0.17796610169491528,0.4878086851762832,0.4878086851762832,0.02542372881355931,1.5416639968603676,0.5059198900937891,104,1.060494575987577,0.5454571636553541,165,43.1335136523794,0.7965400299416066,134.5,127.58364312267656,0.5810530338387279,131,1.0,0.7220099692676862,0.08339700921969413,7,100.0,,,0.05532922231886794,0.4000000000000001,0.0267857142857143,,0.11710295231363127,1.0,False,False,0.0,0.0,0.001365822750181595,0.017768953916171594,,0.13497905942052335,0.3483655297946023,0.00025124276445162076,0.627384657015289,0.11710295231363133,0.00765275691851207,,0.0013717696586217833,0.0027909698950959365,0.0027909698950959365,0.0027909698950896117,,0.0,0.0009712857649452236,0.0011835615001662123,0.004174431411366211,,,,,0.3913043478260869,,1.1812147330621137e-05,0.17829457364341084,0.24806201550387585,0.002340381111744465,0.002340381111744465,0.10852713178294571,0.22789292606152553,0.07098271788419228,2094,0.5618924014307198,0.27274779983797637,2132,26.870057685088806,0.9874438982779958,2113.0,2112.8291528632276,0.5000303603539512,1871,986.6382352941176,846.0,585.0035688138154,340,0.4652856568234462,0.8173890317607586,0.42908333069536003,4,1404.25
coif7,,,,5.899840664340321,970838.4242793814,0.6699029126213593,150.41018103647127,206,raw,161.69504810078712,,7.305150166749779,123196.58906353099,1.0,2.797414749622859e-06,-0.09326717832847503,490.6624667462512,,,,[],[],14,961.7954412965345,314.78404020990814,1516.1342040303325,"[2, 17, 35, 46, 57, 70, 87, 107, 117, 135, 146, 164, 181, 196]","[1089.7753867319875, 1024.4040905766367, 1229.9530571847426, 439.1543300917099, 1081.1095007044512, 1516.1342040303325, 1436.0719148692272, 740.5666317506802, 695.2037383065954, 1138.1529385090066, 314.78404020990814, 1106.196931255959, 980.0968061860752, 673.5326077441723]","[1, 4, 4, 44, 44, 44, 83, 101, 114, 120, 145, 120, 171, 188]","[44, 26, 44, 47, 67, 120, 120, 120, 120, 155, 155, 188, 188, 202]",75700717.77706426,1348.6682561046925,-1348.6682561046925,0.0,,,,SWT,mdp.39015067403892,37946104.777064264,,0.0,-25.0,18.0,0.0,-7.0,,407.66825610469255,556.9829412965345,511.13617815148245,556.9829412965347,,0.0,556.9829412965345,,,311.78404020990814,0.0,-25.0,576.1342040303325,407.66825610469255,,163.6624667462512,0.601645850927219,,0.03422641493588027,0.48837805734416556,0.14120880065711924,0.542857142857143,0.10371463086228686,,0.4330316524313545,0.2933094552768742,0.2933094552768742,0.2933094552768746,,0.3721204848575296,0.12426533401551061,0.2616025606360838,,,,,,0.22174996020207058,0.016949152542372864,0.020000000000000018,0.16668521961493163,0.16668521961493163,1.2619833212915434,0.4242683632908327,78,0.8092605212570158,0.45988011184550454,95,0,0.24015357760207484,0.39954827854019676,86,0.0,0.28557897770086904,0.49479663686918796,94,7.932002689527196,0.9251697859478566,88.25,87.69423335085195,0.546311308068268,83,coif,1.0,1.0,0.0,5,63.5,0.6215766364788465,0.011400881792572204,,0.034226414935880245,0.4883780573441657,0.2898405649904787,0.5428571428571431,0.5846738746365746,,0.44494759632234554,0.5018456640303433,0.5018456640303433,0.5016343646786926,,0.3721204848575296,0.12426533401551058,0.41271037705264785,,,,,0.8333333333333333,,0.4797309438174474,0.01694915254237289,0.01694915254237289,0.27925172623486366,0.27925172623486366,0.3220338983050847,1.7923261905868557,0.5881784041143763,80,1.10924011532701,0.5705290539138943,155,53.033008588991066,0.7498442991085328,117.5,105.53191489361703,0.5977995080448324,116,1.0,0.7220099692676862,0.08339700921969413,7,88.75,,,0.0870219463222689,0.6000000000000001,0.33928571428571436,,0.14672323179811714,1.0,False,False,0.0,0.0,0.0013717776367317385,0.017539258227832845,,0.13526116810702948,0.3485035440762265,0.00025039693374076283,0.6687863617913681,0.1467232317981172,0.00765275691851207,,0.0039022171701277764,0.0035270676010224497,0.0035270676010224497,0.00352706760101613,,0.0,0.0013780853444580903,0.002361753052720914,0.003574842048188061,,,,,0.43478260869565216,,1.1883530829449237e-05,0.10077519379844957,0.10077519379844957,0.0017108166637489854,0.0017108166637489854,0.3798449612403101,0.27872970913156736,0.0868170533028636,2044,0.5904719223317696,0.286620565204329,2124,56.568542494923804,0.973566101637886,2084.0,2083.232245681382,0.4998671629684757,1872,986.6382352941176,846.0,585.0035688138154,340,0.4652856568234462,0.8173890317607586,0.42908333069536003,4,1405.0
db2,,,,12.632093386634152,45012.171125167646,0.6796116504854369,33.038435808199466,206,smoothed,143.22713942374799,,7.202562833815528,90447.61084362336,1.0,8.274931633197292e-05,0.9816233661847408,492.8569607124416,,,,[],[],13,601.9635648710153,42.88139856039626,1062.2411383502845,"[9, 33, 53, 65, 80, 91, 101, 112, 130, 147, 159, 176, 201]","[723.1039328206657, 423.80360955697597, 863.1935669251142, 682.9440556206564, 1062.2411383502845, 331.42696862717247, 541.0835240901781, 312.6166655904816, 862.028071150813, 42.88139856039626, 716.9803061305767, 581.2279493918695, 681.9951565080135]","[0, 19, 0, 60, 0, 86, 96, 107, 123, 145, 148, 171, 186]","[39, 39, 75, 75, 123, 96, 123, 123, 204, 148, 204, 186, 204]",62564900.82013793,1032.517562549686,-1032.517562549686,0.0,,,,SWT,mdp.39015067403892,31828424.980137937,,0.0,-2.0,9.0,0.0,-2.0,,304.1175625496861,343.7635648710153,2145.1263433231998,343.76356487101515,,0.0,343.7635648710153,,,38.681398560396275,0.0,-2.0,333.8411383502845,304.1175625496861,,130.45696071244163,0.37820861499257463,,0.9046009693332181,0.18985101344422814,0.04755806757417656,0.5925925925925928,0.3580760373945932,,0.04402840635099019,0.5945060226346776,0.5945060226346776,0.5939917341827388,,0.16012444434229306,0.8212743541435765,0.5777869922792971,,,,,,0.7237892697079884,0.3,0.29292929292929293,0.41469868538672006,0.41469868538672006,2.07476958942512,0.6660399964872411,41,1.8010591058850602,0.6865607493881906,12,0,0.4054889273319315,0.6685302137962156,33,0.0,0.5369018339380679,0.7106885096742389,10,15.383974345619102,0.8548681665507631,24.0,16.804843968327898,0.8142265361055703,24,db,0.9817779367705585,0.7465271631990054,0.08879729530090745,4,19.0,0.038857980185086696,0.9240410807716333,,0.7905666847593524,0.34567618416094925,0.008110354161791511,0.6000000000000002,0.052711359921510936,,0.027677646166480628,0.1989914597089393,0.1989914597089393,0.1986517003753161,,0.24447647913975487,0.5220223878475444,0.14279354543088013,,,,,0.08333333333333331,,0.17199458980368287,0.40677966101694907,0.4067796610169492,0.13529429826763856,0.13529429826763856,0.4067796610169491,0.9781000979460022,0.32097804389368817,162,1.5954504799979303,0.8206075856275183,44,83.43860018001261,0.6064216972640915,103.0,69.20388349514563,0.5602863203301589,144,0.9080317387829661,0.7281573716544635,0.1459305713555847,6,109.5,,,0.98565734431332,0.25,0.3,0.8386700318598408,0.9856573443133195,1.0,False,False,0.0,0.0,0.001215100828023439,0.5523696566213837,,0.1532816802533684,0.33754814869089383,7.0066376448411644e-06,0.710188066567447,0.9856573443133196,0.005007574043357523,,0.0002427346208682909,0.0015917300589696984,0.0015917300589696984,0.0015917300589633632,,0.0,0.0010984853718421586,0.009921415154557196,0.0020714433033848004,,,,,0.04347826086956519,,9.96766523801139e-06,0.45736434108527135,0.4573643410852713,0.0012762568239188894,0.0012762568239188894,0.4573643410852713,0.20890357669834458,0.06506802956127726,2105,1.1071632070207622,0.537427322397603,1932,122.32947314527271,0.9428366947919287,2018.5,2014.7931632400298,0.49980619786325403,1873,1009.0473684210526,935.5,610.6543869996938,760,0.4758535102197843,0.8532293215616218,0.41093374637766444,5,1406.0
rbio3.9,1.0,smooth,4.4396418493085364e-27,320.7739193772185,4838967.620354401,0.5446428571428571,97.46863055431142,206,smoothed,4.3378326820521123e-14,-2.043651026184538e-10,6.255989939565013,35755.248632478244,0.971252408400625,0.0001496656645132028,1.0,362.4,,,,[],[],11,426.59999999999997,32.200000000000074,728.3999999999999,"[9, 31, 53, 64, 80, 102, 131, 148, 158, 175, 192]","[311.0, 417.8, 589.6, 432.20000000000005, 728.3999999999999, 371.0, 587.0, 32.200000000000074, 448.1999999999999, 368.00000000000006, 407.2000000000001]","[0, 0, 0, 60, 0, 94, 120, 144, 144, 165, 186]","[20, 40, 75, 75, 204, 120, 204, 149, 204, 186, 204]",30736475.839999996,728.3999999999999,-728.3999999999999,0.0,,,,DWT,mdp.39015067403892,0.0,,0.0,15.0,11.0,0.0,33.0,,1.1368683772161603e-13,168.40000000000003,987.7999999999993,168.40000000000003,,0.0,168.40000000000003,,,28.000000000000085,0.0,15.0,1.1368683772161603e-13,1.1368683772161603e-13,,0.0,4.6459187276783246e-14,8.205165669976115e-27,0.9835269913895501,0.17547531423662852,0.009567190373647338,0.2168604113348339,0.06057467305166837,,0.9999996647841187,4.4059199552998455e-09,4.4059199552998455e-09,3.6787269888316428e-09,,0.0,0.9999999955940747,7.585973278963461e-14,,,,,,0.0,0.0,0.0,1.7477015598164352e-13,1.7477015598164352e-13,0.7999999009795509,0.3007374869249613,717,0.793611480893483,0.4028910450869741,533,0,0.1666666394057655,0.23713383959848497,715,0.0,0.2065720829123393,0.3644490624415843,535,105.08409330943797,0.8898489587951384,625.0,611.748661385196,0.6173563452256614,520,rbio,0.7685897546424816,0.816051598246696,0.21717169227625407,5,391.25,3.646142402338978e-14,0.999999999970514,2.344907072510468e-27,0.9698056738879757,0.7649154436380449,2.506233187429363e-05,0.1779605263157894,0.0005899919450333938,0.9999999997235489,2.0315811924853655e-05,4.745387416349445e-11,4.745387416349445e-11,3.962169481397382e-11,,0.0,0.0031261328403482946,7.585973278963461e-14,,,,,0.0,,0.0,0.0,0.0,1.4238426238064856e-13,1.4238426238064856e-13,1.0,0.20156916120420534,0.057512244684840355,1892,1.7357738645026588,0.8024224872174048,385,1065.6099192481272,0.4415042351949019,1138.5,639.8067632850242,0.42240306099367736,1855,0.3888041033402703,1.0,0.4278371276618108,3,1392.0,,,,,,,,,,,,,2.448157845069999e-19,0.9999999999715835,2.344907072510468e-27,0.9780982382637473,0.23646276104172434,0.0012672887178768097,0.13463043856427698,1.0,0.0005899919450333938,0.9999999999999541,9.960751159770543e-05,3.8434858594393884e-14,3.8434858594393884e-14,3.20911916831812e-14,,0.0,0.0,0.004567040150618464,7.054128794466933e-19,,,,,0.13043478260869565,,0.0,0.7209302325581395,0.7209302325581395,4.770970844811595e-19,4.770970844811595e-19,1.0,0.3986733618839274,0.12417638082767558,1807,1.8598121400332297,0.9027701175784024,195,1139.8561312727147,0.4673569480034043,1001.0,352.012987012987,0.499799969328805,1874,818.67,599.5,715.6978453131971,300,0.38607403914171184,1.0,0.42974817260080167,3,1406.25
db29,1.0,periodization,2.1025455468856536e-26,314.0199446166792,4961268.505570666,0.5339805825242718,99.69730246972274,206,smoothed,1.0256995527368776e-13,-2.008733623881657e-10,6.195285702736736,31688.237398435293,0.982609505283404,0.00014966566451320274,0.9999999999999996,362.39999999999986,,,,[],[],11,426.6,32.200000000000244,728.4,"[9, 31, 53, 64, 80, 102, 131, 148, 158, 175, 192]","[310.99999999999994, 417.7999999999997, 589.6, 432.19999999999965, 728.4, 371.0000000000001, 586.9999999999997, 32.200000000000244, 448.2000000000003, 368.0, 407.20000000000033]","[0, 0, 0, 60, 0, 94, 120, 144, 144, 165, 186]","[20, 40, 75, 75, 204, 120, 204, 149, 204, 186, 204]",30736475.83999999,728.4,-728.4,0.0,,,,DWT,mdp.39015067403892,7.450580596923828e-09,,0.0,15.0,11.0,0.0,33.0,,0.0,168.4000000000001,987.7999999999984,168.39999999999998,,0.0,168.4000000000001,,,28.000000000000256,0.0,15.0,0.0,0.0,,1.1368683772161603e-13,1.764949038766111e-13,5.674520205339275e-26,0.9578658526255078,0.08791527646977894,0.062053211244952534,0.14362142418571724,0.026847626163012877,,0.9999996649328062,4.4059791007223055e-09,4.4059791007223055e-09,3.67866784340914e-09,,1.2251610931599486e-12,0.9999999955939887,0.0,,,,,,1.5893391424973748e-13,0.0,0.0,0.0,0.0,0.7999999010247161,0.30073748694193986,684,0.7178913755722155,0.36445038098186927,749,0,0.16666663941823373,0.2371338396162248,684,0.0,0.18261477009844937,0.32218187865495856,770,44.42503048207546,0.9534328820942606,721.75,719.7103522259966,0.5984407597054112,594,db,0.573477938514061,0.8443824841957417,0.34525069778143475,3,446.25,1.1125107348134438e-13,0.9999999999705138,1.4082127037185055e-26,0.9448819779965689,0.743945175020851,0.00016255537031753964,0.11785896780786931,0.0002614934985440938,0.9999999997236015,2.0315811927851257e-05,4.745454029730922e-11,4.745454029730922e-11,3.962102868015904e-11,,1.2251610931599486e-12,0.0031261328403480726,0.0,,,,,0.0,,7.374542113937972e-14,0.0,0.0,0.0,0.0,1.0,0.2015691612047609,0.05751224468499887,1781,1.6862312363967193,0.7795196657836662,880,637.1032098490793,0.6660884644396858,1330.5,1177.9631717399473,0.4843807102072643,1606,0.49117026184683504,0.8233619396015222,0.4091722348267588,4,1205.5,,,,,,,,,,,,,7.469817639077804e-19,0.9999999999715831,1.4082127037185055e-26,0.9600195817977887,0.22998009990806484,0.001299440375452048,0.08916249492626177,0.9999999999999997,0.0002614934985440938,0.9999999999999541,9.96075115977077e-05,3.8435400695480126e-14,3.8435400695480126e-14,3.2090649582094954e-14,,0.0,9.572760819061336e-19,0.00456704015061846,0.0,,,,,0.13043478260869565,,2.3332883504384434e-21,0.7209302325581395,0.7209302325581395,0.0,0.0,1.0,0.3986733618839274,0.12417638082767558,1878,1.8274211145818102,0.8870472124387788,606,899.4398256692884,0.5797010160423886,1242.0,916.31884057971,0.4996635921333438,1875,1009.0473684210526,935.5,610.6543869996938,760,0.4758535102197843,0.8532293215616218,0.41093374637766444,5,1407.5
db32,,,,6.957564479639587,35184.8953476426,0.6747572815533981,27.172419172457946,206,smoothed,142.99029854517414,,7.193115108894421,90447.61084362335,1.0,7.512287676284886e-05,0.0932248249510179,486.98876080521245,,,,[],[],11,593.1271659963518,55.65832109207947,1021.0491982540569,"[18, 34, 58, 77, 90, 106, 126, 144, 156, 183, 200]","[616.9133821805153, 625.9302093697282, 384.22711619638267, 864.9041930087742, 576.2611254009448, 1021.0491982540569, 474.4192991772554, 55.65832109207947, 663.3699524559745, 761.492306310982, 480.1737225131756]","[4, 24, 44, 24, 84, 24, 121, 143, 147, 147, 195]","[24, 63, 63, 99, 99, 147, 147, 147, 172, 195, 205]",61478975.9537461,994.3030127373634,-994.3030127373634,0.0,,,,SWT,mdp.39015067403892,30742500.113746107,,0.0,-16.5,11.0,0.0,-12.0,,265.9030127373634,334.92716599635185,843.9988259598704,334.92716599635173,,0.0,334.92716599635185,,,51.45832109207948,0.0,-12.0,292.64919825405696,265.9030127373634,,124.58876080521247,0.30547267387285115,,0.15638204767021702,0.16271406568131644,0.03002243437851353,0.5555555555555558,0.3580760373945916,,0.07508267342266223,0.557008370948056,0.557008370948056,0.5564465241837535,,0.09804171322570471,0.23698923068821323,0.39210900785790836,,,,,,0.49391561832743824,0.010000000000000009,0.0909090909090909,0.25185797864633136,0.25185797864633136,1.5650256674498324,0.5024026259896887,79,0.9603348004886775,0.3660780360470534,77,0,0.29474843718690313,0.4859521985599324,72,0.0,0.31428417266857145,0.4160130142408729,75,2.9860788111948193,0.9718294451774073,75.75,75.66090310900432,0.6286034018339867,56,db,0.9817779367705585,0.7465271631990054,0.08879729530090745,4,43.0,0.03138493053276891,0.8369862992327828,,0.15305723559312703,0.33253413235981905,0.005119900534838018,0.5714285714285716,0.052711359921510714,,0.04719933880094045,0.18644034641371976,0.18644034641371976,0.1860952633442375,,0.22191875808744696,0.20529303476001318,0.09690532354586169,,,,,0.25,,0.11736954073128689,0.16101694915254233,0.23728813559322035,0.0821679684185285,0.0821679684185285,0.23728813559322032,0.7227512400147214,0.23718153155166136,191,0.8877395491771439,0.45660195490195515,181,7.0710678118654755,0.9666459065478044,186.0,185.86559139784947,0.5446437079908832,152,0.9080317387829661,0.7281573716544635,0.1459305713555847,6,115.5,,,0.2922771247606021,0.75,0.1,0.653773442034924,0.29227712476060186,1.0,False,False,0.0,0.0,0.0012130915332150478,0.5013533376551892,,0.13809242320800819,0.336539217480362,4.4231468946498e-06,0.6894872141794075,0.29227712476060197,0.0050075740433575214,,0.0004139410389224262,0.0015115243348681523,0.0015115243348681523,0.001511524334861817,,0.0,0.0010490734299884344,0.0039017434378463382,0.0018158523690637322,,,,,0.13043478260869565,,9.627587601477988e-06,0.2325581395348837,0.3023255813953488,0.001115886013492586,0.001115886013492586,0.3023255813953488,0.17144645844627449,0.05340111166438866,2124,0.7966059681883013,0.3866799490577369,2038,60.81118318204309,0.9715835592607275,2081.0,2080.111484863047,0.4995768263593357,1876,1009.0473684210526,935.5,610.6543869996938,760,0.4758535102197843,0.8532293215616218,0.41093374637766444,5,1408.25
sym2,1.0,smooth,1.842548641731987e-20,256.81760285163614,6017855.998805822,0.6153846153846154,289.9217559793566,206,raw,1.0636857953230794e-10,,6.292163566014317,65645.1224722189,0.7888453079592709,5.6189438836958864e-06,1.0,327.0000000002138,,,,[],[],13,661.1538461535418,86.99999999989039,939.9999999995771,"[8, 32, 51, 63, 81, 100, 111, 133, 152, 162, 175, 192, 204]","[877.9999999999286, 637.9999999995182, 786.9999999995146, 791.999999999663, 939.9999999995771, 787.9999999996799, 636.9999999996461, 674.9999999998039, 770.9999999996909, 195.99999999975142, 833.9999999995441, 571.9999999998348, 86.99999999989039]","[0, 13, 39, 39, 76, 99, 107, 107, 107, 161, 99, 187, 203]","[76, 39, 61, 76, 205, 164, 119, 142, 164, 164, 205, 205, 205]",37754612.99998988,940.9999999997748,-940.9999999997748,0.0,,,,DWT,mdp.39015067403892,1.0117888450622559e-05,,0.0,33.0,19.0,0.0,28.5,,2.2521362552652135e-10,256.34134615354185,4359.000000003956,256.3413461535682,,0.0,256.34134615354185,,,83.99999999989039,0.0,19.5,4.2291503632441163e-10,2.2521362552652135e-10,,2.1378809833549894e-10,1.3438019776837258e-10,1.3039093455412867e-20,0.7337923869074816,0.7774116169388607,0.0003172400294595847,0.43681318681318704,0.0006400543871484671,,0.4742280244842715,6.460293101050695e-09,6.460293101050695e-09,5.866751144945318e-09,,1.0753734922958374e-08,0.9999999935396934,5.064022508139589e-10,,,,,,1.0014628190727765e-10,1.0,0.0,2.820632237760648e-10,2.820632237760648e-10,0.7422684155442963,0.24267159553471257,645,1.0041211571490973,0.4822827922396506,925,0,0.206185670727976,0.24635434595968406,645,0.125,0.27217492645864544,0.4943640283336616,931,163.40848611174798,0.8287122787088596,786.5,761.0393324815805,0.502144399312501,872,sym,0.8243425715244881,0.7368036147090654,0.2019191155201387,6,655.5,1.3438019776837258e-10,0.0001547883300050401,1.3039093455412867e-20,0.7337923869074816,0.7774116169388607,0.0013503916199828386,0.5767206477732796,0.0030042407771801605,,0.9919828214542601,0.9855281704418362,0.9855281704418362,0.9855281704420197,,2.3039154356872834e-09,0.9999999999679301,2.8219820597744075e-10,,,,,1.0,,1.0014628190727765e-10,1.0,0.25,2.820632237760648e-10,2.820632237760648e-10,0.0,2.2095702012739062,0.6304403972553001,643,1.0615928283834102,0.49075860351639183,1868,866.2058069535207,0.5460137280117816,1255.5,956.689765033851,0.44399743004362663,1774,0.7763846615972358,0.5622554397616224,0.28785410495344815,6,1332.0,,,,,,,,,,,,,9.02279447938342e-16,0.036413600438455374,1.3039093455412867e-20,0.8069035986199067,0.24032577579158088,0.0015772064702820649,0.43629986574107826,1.0,0.0030042407771801605,,0.0008499884728376535,0.0007982210227373636,0.0007982210227373636,0.0007982210227312644,,0.0,1.8001576720244846e-15,0.020163910573068124,2.6241359115416993e-15,,,,,0.4782608695652174,,3.1686055798954063e-18,1.0,0.7906976744186046,9.451293243571767e-16,9.451293243571767e-16,0.9302325581395349,0.567475977644704,0.1767540042745133,656,1.1917393730417158,0.578481380331488,1887,870.44844764064,0.593248388952972,1271.5,973.5524970507275,0.4995447552241496,1877,1409.1368421052632,1454.5,398.32527672708756,380,0.6645304607900322,0.5565550872278735,0.3678621512786154,7,1409.5
sym2,,,,12.632093386634251,45012.17112512606,0.6796116504854369,33.03843580809331,206,smoothed,143.22713942374747,,7.20256283381555,90447.61084361859,1.0,8.274931633203076e-05,0.9816233661847349,492.85696071246224,,,,[],[],13,601.9635648709817,42.881398560398196,1062.2411383501603,"[9, 33, 53, 65, 80, 91, 101, 112, 130, 147, 159, 176, 201]","[723.1039328206014, 423.80360955691367, 863.1935669250848, 682.9440556206617, 1062.2411383501603, 331.4269686271859, 541.0835240901163, 312.61666559044636, 862.028071150799, 42.881398560398196, 716.980306130542, 581.2279493918645, 681.9951565079882]","[0, 19, 0, 60, 0, 86, 96, 107, 123, 145, 148, 171, 186]","[39, 39, 75, 75, 123, 96, 123, 123, 204, 148, 204, 186, 204]",62564900.82013714,1032.5175625495826,-1032.5175625495826,0.0,,,,SWT,mdp.39015067403892,31828424.980137147,,0.0,-2.0,9.0,0.0,-2.0,,304.11756254958266,343.7635648709818,2145.126343322764,343.7635648709817,,0.0,343.7635648709818,,,38.68139856039821,0.0,-2.0,333.84113835016035,304.11756254958266,,130.45696071246226,0.37820861499241754,,0.9046009693332313,0.18985101344429192,0.047558067574102345,0.5925925925925928,0.3580760373940665,,0.04402840635099488,0.5945060226345352,0.5945060226345352,0.5939917341825968,,0.16012444434251139,0.8212743541433809,0.5777869922787375,,,,,,0.7237892697078212,0.3,0.29292929292929293,0.41469868538627924,0.41469868538627924,2.074769589424465,0.6660399964870308,42,1.801059105885224,0.686560749388253,11,0,0.4054889273317977,0.668530213795995,34,0.0,0.5369018339381576,0.7106885096743576,9,16.51262143533445,0.8442205524968448,24.0,15.671433322248088,0.808902729078611,25,sym,0.6803648884317847,1.0,0.22374457809775072,3,19.5,0.03885798018507055,0.9240410807722936,,0.7905666847593638,0.3456761841609801,0.008110354161778854,0.6000000000000002,0.05271135992143339,,0.027677646166483584,0.19899145970889168,0.19899145970889168,0.19865170037526864,,0.2444764791398342,0.5220223878474384,0.14279354543074183,,,,,0.08333333333333331,,0.17199458980364318,0.40677966101694907,0.4067796610169492,0.13529429826749473,0.13529429826749473,0.4067796610169491,0.9781000979458003,0.32097804389362194,163,1.5954504799981064,0.8206075856276089,43,84.8528137423857,0.5997508785736523,103.0,68.0485436893204,0.5569509109849393,146,0.7190889370932755,0.9859759878661594,0.20084494767485936,5,110.75,,,0.9856573443133154,0.25,0.3,0.8386700318612432,0.985657344313315,1.0,False,False,0.0,0.0,0.0012151008280234347,0.5523696566217707,,0.15328168025336864,0.3375481486908962,7.0066376448301056e-06,0.710188066567447,0.9856573443133151,0.005007574043357138,,0.0002427346208683168,0.001591730058969394,0.001591730058969394,0.0015917300589630597,,0.0,0.0010984853718423323,0.009921415154555182,0.0020714433033840306,,,,,0.04347826086956519,,9.967665238011142e-06,0.45736434108527135,0.4573643410852713,0.0012762568239184553,0.0012762568239184553,0.4573643410852713,0.2089035766983428,0.0650680295612767,2106,1.1071632070208774,0.537427322397659,1931,123.74368670764582,0.9421758473328757,2018.5,2014.7069606143173,0.49947577413372757,1878,1409.1368421052632,1454.5,398.32527672708756,380,0.6645304607900322,0.5565550872278735,0.3678621512786154,7,1410.25
db35,1.0,antireflect,1.719730559300538e-26,314.892794655797,6545866.396678208,0.5328467153284672,124.11562568409364,206,smoothed,8.753300134345604e-14,-1.9869672573946714e-10,6.654986762070815,134107.92612991502,0.9962313397209337,0.0001496656645132026,0.9999999999999999,362.40000000000003,,,,[],[],11,426.59999999999997,32.19999999999996,728.3999999999997,"[9, 31, 53, 64, 80, 102, 131, 148, 158, 175, 192]","[311.0, 417.8, 589.5999999999998, 432.1999999999997, 728.3999999999997, 371.0000000000002, 587.0000000000001, 32.19999999999996, 448.20000000000005, 368.00000000000045, 407.2]","[0, 0, 0, 60, 0, 94, 120, 144, 144, 165, 186]","[20, 40, 75, 75, 204, 120, 204, 149, 204, 186, 204]",30736475.839999996,728.3999999999997,-728.3999999999997,0.0,,,,DWT,mdp.39015067403892,0.0,,0.0,15.0,11.0,0.0,33.0,,2.2737367544323206e-13,168.40000000000003,987.7999999999993,168.40000000000003,,0.0,168.40000000000003,,,27.99999999999997,0.0,15.0,2.2737367544323206e-13,2.2737367544323206e-13,,5.684341886080802e-14,1.4346082235369142e-13,4.554173995515829e-26,0.9611821703151838,0.7509899516463693,0.7420911180698155,0.13583290926249525,0.8761970489661164,,0.9999996646849938,4.4059199552998455e-09,4.4059199552998455e-09,3.6787269888316428e-09,,6.125805465799743e-13,0.9999999955940747,1.5171946557926922e-13,,,,,,0.0,0.0,0.0,3.4954031196328703e-13,3.4954031196328703e-13,0.7999999009502275,0.30073748691393803,852,1.7280618203386906,0.8772814526162321,16,0,0.16666663939759155,0.23713383958685502,851,0.0,0.4951847426085892,0.8736399063936509,16,482.3763226638168,0.49436444165218363,433.75,31.409798071143506,0.5198499357107877,828,db,0.573477938514061,0.8443824841957417,0.34525069778143475,3,621.75,9.225162131646179e-14,0.9999999999705127,1.1373074699972597e-26,0.9481029922444867,0.9027488302766512,0.0019439911986345133,0.11146753745678095,0.008534081574176993,0.9999999997236344,2.0315811922799742e-05,4.745387416349445e-11,4.745387416349445e-11,3.962169481397382e-11,,6.125805465799743e-13,0.0031261328403482946,1.5171946557926922e-13,,,,,0.0,,0.0,0.0,0.0,2.847685247612971e-13,2.847685247612971e-13,1.0,0.20156916120460588,0.05751224468495464,1805,1.7692088535773531,0.8178789862706903,116,1194.3033534240788,0.37405484621379526,960.5,217.9906298802707,0.4353240688092037,1820,0.49117026184683504,0.8233619396015222,0.4091722348267588,4,1366.0,,,,,,,,,,,,,6.19412259656791e-19,0.9999999999715822,1.1373074699972597e-26,0.9623559772631234,0.27907199770882846,0.0017160150281967425,0.08432725933197532,0.9999999999999999,0.008534081574176991,0.9999999999999541,9.960751159770391e-05,3.8434858594393884e-14,3.8434858594393884e-14,3.20911916831812e-14,,0.0,4.786380409530668e-19,0.004567040150618464,1.4108257588933865e-18,,,,,0.13043478260869565,,0.0,0.7209302325581395,0.7209302325581395,9.54194168962319e-19,9.54194168962319e-19,1.0,0.3986733618839274,0.12417638082767558,1817,1.854952129080304,0.900411023041399,244,1112.2789668064393,0.4802434734549349,1030.5,430.22610383309075,0.4993507086900843,1879,1009.0473684210526,935.5,610.6543869996938,760,0.4758535102197843,0.8532293215616218,0.41093374637766444,5,1410.5
db25,,,,7.4820010830807915,34579.32409217144,0.6844660194174758,29.085684324700956,206,smoothed,142.71271646573348,,7.192964053375533,90447.61084362335,1.0,7.809209103988564e-05,0.2283043756277876,501.59044734382314,,,,[],[],11,605.5258999809276,26.644812536144627,1012.3346351779885,"[13, 28, 51, 66, 84, 100, 121, 150, 164, 177, 194]","[652.5469887366775, 386.4735014894617, 579.6525538204304, 1012.3346351779885, 654.3001766853081, 840.7525859419808, 512.0422247260437, 656.9369174253745, 26.644812536144627, 719.8272417886888, 619.2732614621062]","[0, 18, 18, 18, 79, 94, 114, 141, 163, 141, 189]","[18, 37, 57, 141, 94, 141, 141, 166, 166, 189, 203]",61466686.24480859,1017.905151283059,-1017.905151283059,0.0,,,,SWT,mdp.39015067403892,30730210.404808596,,0.0,-7.5,11.0,0.0,-16.5,,289.50515128305904,347.3258999809277,980.384899790206,347.32589998092766,,0.0,347.3258999809277,,,22.44481253614464,0.0,-12.0,283.9346351779885,289.50515128305904,,139.19044734382317,0.22022474746900011,,0.22553199762001996,0.16228018495769336,0.028941862748065823,0.6296296296296299,0.3580760373945916,,0.004565438842266949,0.6096229501339022,0.6096229501339022,0.609127834497531,,0.2525205301638469,0.2982348449128931,0.35282699047058863,,,,,,0.49131407529688165,0.19,0.0909090909090909,0.3524319469448223,0.3524319469448223,1.7183936603732237,0.5516366315335305,69,1.0688895571817605,0.40745892957871305,65,0,0.3315739066167033,0.5466664062524579,54,0.0,0.34351855663090364,0.45471010830189057,64,6.377042156569663,0.9398392249380221,63.0,62.47960868014196,0.6727498011482563,44,db,0.9817779367705585,0.7465271631990054,0.08879729530090745,4,34.0,0.022626372150682326,0.8708794806953302,,0.21197548161180552,0.33232400987311994,0.004935624363262114,0.6285714285714288,0.052711359921510714,,0.002869978982742119,0.20405135709408895,0.20405135709408895,0.20371374398897324,,0.2780485384354969,0.23849306500913742,0.08719721552445192,,,,,0.25,,0.11675133409971064,0.31355932203389825,0.23728813559322035,0.11497994719836718,0.11497994719836718,0.16101694915254236,0.7779311221549335,0.2552896277156875,187,0.9954617602883014,0.5120080390685408,171,11.313708498984761,0.946633450476487,179.0,178.64245810055866,0.5511469139174887,150,0.9080317387829661,0.7281573716544635,0.1459305713555847,6,114.0,,,0.3977044573801187,0.75,0.010000000000000009,0.7257595358481098,0.39770445738011845,1.0,False,False,0.0,0.0,0.0012107366009310558,0.5212156051344403,,0.13949620535525298,0.3365230861229398,4.263948376921059e-06,0.7308889189554866,0.3977044573801185,0.0050075740433575214,,2.5169888222631746e-05,0.0016240644602383112,0.0016240644602383112,0.0016240644602319768,,0.0,0.0011720238573116944,0.004532734159534728,0.0017617795743954323,,,,,0.13043478260869565,,9.623738849783924e-06,0.37209302325581395,0.3023255813953488,0.0012149345200157889,0.0012149345200157889,0.2325581395348837,0.17182066486930278,0.053517667230264805,2122,0.8621296809210066,0.41848576889006733,2019,72.8319984622144,0.9659663558587783,2070.5,2069.2190292199953,0.4992214956863985,1880,1009.0473684210526,935.5,610.6543869996938,760,0.4758535102197843,0.8532293215616218,0.41093374637766444,5,1411.25
sym2,1.0,antisymmetric,1.833339859770711e-20,256.8393626604864,6009463.9552027965,0.6153846153846154,287.2158740041654,206,raw,1.0561664595757154e-10,,6.287214520629545,64261.51779342554,0.7836981096727574,5.618943883695864e-06,1.0,327.0000000002138,,,,[],[],13,661.1538461535431,86.99999999994982,939.9999999995771,"[8, 32, 51, 63, 81, 100, 111, 133, 152, 162, 175, 192, 204]","[877.9999999998868, 637.9999999995182, 786.9999999995146, 791.999999999663, 939.9999999995771, 787.9999999996799, 636.9999999996461, 674.9999999998039, 770.9999999996909, 195.99999999975142, 833.9999999995441, 571.9999999998348, 86.99999999994982]","[0, 13, 39, 39, 76, 99, 107, 107, 107, 161, 99, 187, 203]","[76, 39, 61, 76, 205, 164, 119, 142, 164, 164, 205, 205, 205]",37754612.99998993,940.9999999997748,-940.9999999997748,0.0,,,,DWT,mdp.39015067403892,1.0073184967041016e-05,,0.0,33.0,19.0,0.0,28.5,,2.2521362552652135e-10,256.3413461535431,4359.00000000394,256.3413461535696,,0.0,256.3413461535431,,,83.99999999994982,0.0,19.5,4.2291503632441163e-10,2.2521362552652135e-10,,2.1378809833549894e-10,1.334301166515015e-10,1.2973926016560885e-20,0.7338726855283186,0.7757019700255666,0.0003077957700568859,0.43681318681318704,0.0005280336057161178,,0.47422802455330937,6.461261502349536e-09,6.461261502349536e-09,5.867807582726521e-09,,1.0753734922958374e-08,0.9999999935387182,5.064022508139589e-10,,,,,,9.970380938044138e-11,1.0,0.0,2.820632237760648e-10,2.820632237760648e-10,0.7422684155651968,0.2426715955415456,640,1.0032649824223931,0.4818715686189749,927,0,0.20618567073386046,0.2463543459667149,639,0.125,0.27192481026803933,0.4939097306173057,932,167.44451817442896,0.8244816371337222,784.5,757.6969816490512,0.5010772965542825,879,sym,0.8243425715244881,0.7368036147090654,0.2019191155201387,6,660.75,1.334301166515015e-10,0.0001547883300049291,1.2973926016560886e-20,0.7338726855283186,0.7757019700255666,0.0013409571210281678,0.5767206477732796,0.0028924850033739684,,0.9919828214553128,0.9855281704418501,0.9855281704418501,0.985528170442035,,2.3039154356872834e-09,0.9999999999679252,2.8219820597744075e-10,,,,,1.0,,9.970380938044138e-11,1.0,0.25,2.820632237760648e-10,2.820632237760648e-10,0.0,2.209570201274011,0.63044039725533,639,1.0607367645399806,0.49036285791121276,1872,871.8626612030131,0.5430489197049198,1255.5,952.7741935483872,0.4425150258901957,1788,0.7763846615972358,0.5622554397616224,0.28785410495344815,6,1342.5,,,,,,,,,,,,,8.959002441578513e-16,0.03641360043845523,1.2973926016560886e-20,0.8069618440417384,0.23979726269528198,0.0015750002874584178,0.43629986574107826,1.0,0.0028924850033739684,,0.0008499884728384498,0.000798221022737375,0.000798221022737375,0.0007982210227312767,,0.0,1.8001576720244846e-15,0.020163910573068048,2.6241359115416993e-15,,,,,0.4782608695652174,,3.1546058497927754e-18,1.0,0.7906976744186046,9.451293243571767e-16,9.451293243571767e-16,0.9302325581395349,0.5674759776447043,0.17675400427451335,655,1.1914642583457309,0.578347837098225,1888,871.8626612030131,0.5925875414939191,1271.5,972.5835627211954,0.49921433149462313,1881,1409.1368421052632,1454.5,398.32527672708756,380,0.6645304607900322,0.5565550872278735,0.3678621512786154,7,1412.5
db31,,,,7.156292458138097,34984.85477652527,0.6650485436893204,26.841379279169953,206,smoothed,142.72223521211237,,7.193200717102452,90447.61084362335,1.0,7.588900288000187e-05,0.14593106223672564,497.45694225905777,,,,[],[],12,555.493932926702,54.79135518449607,1003.1604124496997,"[17, 32, 56, 78, 89, 105, 126, 143, 156, 181, 191, 201]","[656.9472474180051, 391.41092312158486, 670.1990797753019, 842.1124747112153, 609.4799095317624, 1003.1604124496997, 474.8775915995369, 54.79135518449607, 668.4803927975513, 708.128083961145, 194.4202203251407, 391.9195042449852]","[5, 23, 23, 23, 83, 23, 119, 141, 144, 144, 189, 193]","[23, 44, 61, 99, 99, 144, 144, 144, 171, 193, 193, 205]",61466044.915003635,1010.3656162485422,-1010.3656162485422,0.0,,,,SWT,mdp.39015067403892,30729569.07500364,,0.0,-11.5,10.0,0.0,-11.5,,281.96561624854223,297.29393292670204,985.527195120425,297.29393292670204,,0.0,297.29393292670204,,,50.59135518449608,0.0,-7.0,274.76041244969974,281.96561624854223,,135.0569422590578,0.22314803917572495,,0.18258546229960437,0.1629599603796498,0.029665485193533205,0.48148148148148184,0.3580760373945916,,0.07297551571161187,0.3973100724100196,0.3973100724100196,0.3965456801202184,,0.2087900354970914,0.30054404721763683,0.31147299789723176,,,,,,0.4911783156061634,0.11,0.1919191919191919,0.3203043091852709,0.3203043091852709,1.41554874317065,0.4544177265438587,85,0.943701061359139,0.35973728222915374,78,0,0.2752436364773152,0.4537946038403131,79,0.0,0.30545968142649554,0.4043321740331493,80,3.1091263510296048,0.9706686193299094,80.5,80.41260261091095,0.6056173285328792,62,db,0.9817779367705585,0.7465271631990054,0.08879729530090745,4,47.5,0.02292671753339491,0.8457315257772873,,0.1753834879011098,0.3326532157914324,0.005059027912050346,0.5142857142857146,0.052711359921510714,,0.045874712942841206,0.1329865607005249,0.1329865607005249,0.13261880443631388,,0.26215909088011174,0.2397448376844443,0.07697704217998616,,,,,0.16666666666666669,,0.11671907342206012,0.24576271186440674,0.3220338983050848,0.10449839430503702,0.10449839430503702,0.24576271186440676,0.6955382414958747,0.2282511827546373,194,0.8948479022421997,0.4602580811933277,180,9.899494936611665,0.9533042691669261,187.0,186.7379679144385,0.5356143987344064,157,0.9080317387829661,0.7281573716544635,0.1459305713555847,6,119.25,,,0.3334134624342444,0.5,0.10999999999999999,0.6723475230531343,0.3334134624342442,1.0,False,False,0.0,0.0,0.0012108173554350784,0.5064782631209658,,0.13862436698642433,0.3365483596594243,4.370558265120398e-06,0.6480855094033285,0.3334134624342443,0.0050075740433575214,,0.0004023239905099982,0.0011699371395132495,0.0011699371395132495,0.0011699371395069132,,0.0,0.0011372185479954784,0.004556525009659105,0.0017048546479822757,,,,,0.08695652173913043,,9.623538005387539e-06,0.31007751937984496,0.37984496124031003,0.0011832941801541094,0.0011832941801541094,0.31007751937984496,0.17114142980023248,0.053306103176399215,2125,0.7983603277959918,0.3875315315349226,2036,62.932503525602726,0.9705922880721483,2080.5,2079.5481855323237,0.4991980131949526,1882,1009.0473684210526,935.5,610.6543869996938,760,0.4758535102197843,0.8532293215616218,0.41093374637766444,5,1412.75
db36,1.0,periodization,2.902580929446416e-26,312.61955536714737,4963712.2908525765,0.5339805825242718,112.9754671661726,206,smoothed,1.2301128483048678e-13,-1.9052619482096177e-10,6.1922355767160395,31688.237398435285,0.9832149315415379,0.00014966566451320246,0.9999999999999997,362.40000000000003,,,,[],[],11,426.59999999999985,32.20000000000016,728.3999999999996,"[9, 31, 53, 64, 80, 102, 131, 148, 158, 175, 192]","[311.0, 417.8000000000004, 589.5999999999999, 432.19999999999993, 728.3999999999996, 370.9999999999998, 587.0000000000001, 32.20000000000016, 448.1999999999995, 367.99999999999994, 407.1999999999997]","[0, 0, 0, 60, 0, 94, 120, 144, 144, 165, 186]","[20, 40, 75, 75, 205, 120, 205, 149, 205, 186, 205]",30736475.839999996,728.3999999999996,-728.3999999999996,0.0,,,,DWT,mdp.39015067403892,0.0,,0.0,15.0,11.0,0.0,33.0,,3.410605131648481e-13,168.39999999999992,987.8000000000002,168.39999999999995,,0.0,168.39999999999992,,,28.00000000000017,0.0,15.0,3.410605131648481e-13,3.410605131648481e-13,,5.684341886080802e-14,2.214016416473879e-13,8.015903478316051e-26,0.9525451956597953,0.08351576230866203,0.0631019736074206,0.14362142418571724,0.026847626163012814,,0.9999996648584625,4.405801664454926e-09,4.405801664454926e-09,3.6786382706978885e-09,,6.125805465799743e-13,0.9999999955941608,2.275791983689038e-13,,,,,,0.0,0.0,0.0,5.243104679449306e-13,5.243104679449306e-13,0.7999999010023215,0.30073748693352126,686,0.7130236054934769,0.3619791705451728,772,0,0.16666663941206278,0.23713383960744475,686,0.0,0.1813759974178328,0.3199963483758233,784,53.34166601572671,0.9440863039667435,732.0,729.0889691963519,0.5883953532412334,621,db,0.573477938514061,0.8443824841957417,0.34525069778143475,3,466.5,1.3707904801016033e-13,0.9999999999705118,1.9743707156215812e-26,0.9397142246331939,0.7428915094892139,0.00016530272135362265,0.11785896780786931,0.00026149349854409296,0.9999999997237575,2.0315811926352456e-05,4.74525418958649e-11,4.74525418958649e-11,3.9620695613251655e-11,,6.125805465799743e-13,0.003126132840348572,2.275791983689038e-13,,,,,0.0,,0.0,0.0,0.0,4.2715278714194565e-13,4.2715278714194565e-13,1.0,0.20156916120470086,0.057512244684981735,1793,1.6826051252884633,0.7778433684537446,905,627.9108216936542,0.6709062779383363,1349.0,1202.865085248332,0.48194160857084534,1620,0.49117026184683504,0.8233619396015222,0.4091722348267588,4,1216.0,,,,,,,,,,,,,9.204005487155997e-19,0.9999999999715813,1.9743707156215812e-26,0.9562710993028843,0.22965437415249584,0.001300082821722428,0.08916249492626177,0.9999999999999997,0.00026149349854409296,0.9999999999999541,9.960751159770662e-05,3.8433882812438647e-14,3.8433882812438647e-14,3.209043274166046e-14,,0.0,4.786380409530668e-19,0.004567040150618468,2.11623863834008e-18,,,,,0.13043478260869565,,0.0,0.7209302325581395,0.7209302325581395,1.4312912534434783e-18,1.4312912534434783e-18,1.0,0.3986733618839274,0.12417638082767558,1886,1.825009483430218,0.885876584238535,642,879.6408357960652,0.5889528804691284,1264.0,957.9208860759493,0.4991493374308259,1883,1009.0473684210526,935.5,610.6543869996938,760,0.4758535102197843,0.8532293215616218,0.41093374637766444,5,1413.5
coif6,1.0,periodic,1.1308317246921334e-26,316.7134189042981,5483725.3123183455,0.5208333333333334,92.26671965437363,206,smoothed,7.24296566628272e-14,-2.1273791617204604e-10,6.419178788037504,31985.215038142072,0.9793163977195174,0.0001496656645132026,0.9999999999999999,362.4000000000001,,,,[],[],11,426.60000000000014,32.20000000000002,728.4,"[9, 31, 53, 64, 80, 102, 131, 148, 158, 175, 192]","[311.00000000000006, 417.79999999999995, 589.6000000000001, 432.20000000000005, 728.4, 371.0000000000001, 587.0000000000001, 32.20000000000002, 448.2000000000001, 368.0, 407.2]","[0, 0, 0, 60, 0, 94, 120, 144, 144, 165, 186]","[20, 40, 75, 75, 204, 120, 204, 149, 204, 186, 204]",30736475.840000004,728.4,-728.4,0.0,,,,DWT,mdp.39015067403892,7.450580596923828e-09,,0.0,15.0,11.0,0.0,33.0,,0.0,168.4000000000002,987.7999999999975,168.40000000000006,,0.0,168.4000000000002,,,28.00000000000003,0.0,15.0,0.0,0.0,,1.1368683772161603e-13,1.1028088965165911e-13,2.8307028705085396e-26,0.9680994735528164,0.4108595721064844,0.2862680958291839,0.053313187999137174,0.029310412273715565,,0.9999996647345563,4.406097391567225e-09,4.406097391567225e-09,3.6787565615428943e-09,,1.2251610931599486e-12,0.9999999955939026,0.0,,,,,,1.5893391424973748e-13,0.0,0.0,0.0,0.0,0.7999999009652956,0.30073748691960245,778,0.9624729582086983,0.4886165905312803,227,0,0.16666663940173285,0.23713383959274728,779,0.0,0.24969296310877828,0.44052596565951346,239,314.9829360457484,0.6698292074992156,505.75,358.47334205107967,0.5698464695777,684,coif,0.5556920286951962,0.9053407607371553,0.33941335169221604,4,514.0,7.316828328664848e-14,0.9999999999705127,7.205636600588159e-27,0.9548215078906038,0.8212890044733338,0.0007499114936037267,0.043750000000000455,0.0002854808169141876,0.9999999997234228,2.0315811923854454e-05,4.745570603148508e-11,4.745570603148508e-11,3.9622027880881205e-11,,1.2251610931599486e-12,0.003126132840347795,0.0,,,,,0.0,,7.374542113937972e-14,0.0,0.0,0.0,0.0,1.0,0.20156916120476054,0.05751224468499876,1782,1.7015265549251415,0.7865904644558628,720,750.9474016201135,0.6064216972640915,1251.0,1025.6115107913668,0.47538065995280043,1639,0.4784248188775415,0.776734912893196,0.43208215291776214,2,1229.75,,,,,,,,,,,,,4.91279513997049e-19,0.9999999999715822,7.205636600588159e-27,0.9672293209620889,0.2538898478599294,0.0014367889508012787,0.03309768637532168,0.9999999999999999,0.0002854808169141876,0.9999999999999541,9.960751159770467e-05,3.843648489765261e-14,3.843648489765261e-14,3.2091408523615694e-14,,0.0,9.572760819061336e-19,0.004567040150618456,0.0,,,,,0.13043478260869565,,2.3332883504384434e-21,0.7209302325581395,0.7209302325581395,0.0,0.0,1.0,0.3986733618839274,0.12417638082767558,1895,1.8213541778509692,0.8841022648992148,694,849.2352442050436,0.6031611008387647,1294.5,1015.9366550791812,0.499127279391345,1884,986.6382352941176,846.0,585.0035688138154,340,0.4652856568234462,0.8173890317607586,0.42908333069536003,4,1414.0
coif2,,,,12.051576573724528,35018.81257417508,0.6699029126213593,26.77045340862603,206,smoothed,142.76259966750277,,7.193195179086061,90447.61084362333,1.0,8.940370219098041e-05,0.9176656126710895,491.77051602899985,,,,[],[],13,543.8423909876824,57.132032597214405,934.9680895821613,"[9, 28, 49, 66, 81, 91, 103, 122, 132, 147, 160, 177, 201]","[667.7273736633681, 379.93597624531293, 815.1236633775635, 634.1584840398198, 934.9680895821613, 319.8213003144914, 469.2322485385247, 57.132032597214405, 671.7218414239544, 94.94106321301527, 643.0113572740656, 548.9418419703413, 833.2358106000376]","[0, 20, 0, 61, 0, 86, 96, 120, 120, 146, 120, 166, 120]","[40, 40, 75, 75, 120, 96, 120, 123, 146, 149, 187, 187, 205]",61532610.08034306,950.2131227846132,-950.2131227846132,0.0,,,,SWT,mdp.39015067403892,30796134.240343064,,0.0,10.0,9.0,0.0,-11.0,,221.81312278461326,285.64239098768246,1389.551082839872,285.6423909876823,,0.0,285.64239098768246,,,52.932032597214416,0.0,-6.5,206.5680895821613,221.81312278461326,,129.37051602899987,0.2355443225719237,,0.8280565246962218,0.1629440533901074,0.02972607894272679,0.5185185185185188,0.35807603739459,,0.07866452425987061,0.34786623590619736,0.34786623590619736,0.34703913394485203,,0.14863038241163712,0.4819752628093624,0.0040873046407804425,,,,,,0.5052691409338546,0.5399999999999999,0.202020202020202,0.06398113918931811,0.06398113918931811,1.1302063602807002,0.36281746371643686,98,1.6887658545991002,0.6437547479070569,23,0,0.23342538008077268,0.38484878065022576,91,0.0,0.5085756152136766,0.6731935396491107,15,43.80544106234597,0.5867411220533398,56.75,30.455765932752442,0.5256818817813869,88,coif,1.0,0.7144143715238808,0.08567568854283576,5,67.25,0.024200338798176693,1.0,,0.7253480631441607,0.33264551225445427,0.005069361316896642,0.5428571428571431,0.05271135992151044,,0.04945100331277979,0.11643685249756575,0.11643685249756575,0.11606207643575203,,0.2403001190130914,0.3380950938135338,0.0010101312918290861,,,,,0.08333333333333331,,0.12006748686732902,0.6101694915254237,0.3305084745762712,0.020873669567846892,0.020873669567846892,0.2542372881355932,0.6558505063137509,0.2152270642292631,200,1.5238495319012155,0.7837801930616504,65,95.45941546018392,0.5497197383953589,132.5,98.11320754716981,0.46235986919767946,207,1.0,0.7220099692676862,0.08339700921969413,7,157.0,,,0.9357393861953235,0.25,0.12000000000000001,1.0,0.935739386195323,1.0,False,False,0.0,0.0,0.0012111597967025987,0.5968835177003684,,0.15172778578301527,0.33654776824957394,4.3794854243976115e-06,0.6687863617913681,0.9357393861953232,0.0050075740433575214,,0.00043368827206199213,0.0010641790845211713,0.0010641790845211713,0.0010641790845148328,,0.0,0.0010893371931205412,0.0064257431587832065,0.0012817296513319147,,,,,0.04347826086956519,,9.644384129097096e-06,0.6434108527131783,0.38759689922480617,0.0009308588074138942,0.0009308588074138942,0.317829457364341,0.18992140938882643,0.05915557826123867,2110,1.0825544773984492,0.52548201606457,1947,115.25840533340725,0.9461409320871929,2028.5,2025.2255361104267,0.4991218679127553,1885,986.6382352941176,846.0,585.0035688138154,340,0.4652856568234462,0.8173890317607586,0.42908333069536003,4,1414.75
db12,,,,5.938746618852166,961530.0626959917,0.6456310679611651,146.79736673775474,206,raw,164.0824245499719,,7.339592287796062,123196.58906353096,1.0,3.088320067641248e-06,-0.09070121144615054,477.09361773205114,,,,[],[],13,1081.4804731402478,514.0832273472454,1804.850416029069,"[1, 18, 34, 54, 73, 89, 109, 130, 143, 156, 166, 183, 200]","[913.3894978520366, 1156.3603713948592, 1278.8933028082265, 1240.6802616326993, 1452.0104052719898, 1804.850416029069, 883.9861116554073, 514.0832273472454, 1274.060647274911, 645.6318332743795, 1162.987448846025, 964.2192875597757, 768.0933398765978]","[0, 7, 7, 7, 7, 7, 103, 129, 133, 154, 133, 180, 194]","[7, 28, 47, 69, 80, 133, 133, 133, 158, 158, 194, 194, 204]",75396744.53370555,1542.853541709938,-1542.853541709938,0.0,,,,SWT,mdp.39015067403892,37642131.53370555,,0.0,-25.5,19.0,0.0,-25.5,,601.8535417099381,676.6679731402478,1105.246150823221,676.6679731402479,,0.0,676.6679731402478,,,511.0832273472454,0.0,-21.0,864.850416029069,601.8535417099381,,150.09361773205114,0.6809422585995982,,0.03859733524250872,0.536288019023916,0.13778341955327747,0.40000000000000036,0.10371463086228583,,0.7440754621871731,0.5344732693233654,0.5344732693233654,0.5344732693233656,,0.3199609954225942,0.2688876441242784,0.6659903265229289,,,,,,0.19887720011460605,0.008474576271186446,0.1,0.4788061255592102,0.4788061255592102,1.9552622862759017,0.6573430218979291,17,0.8016285556712519,0.4555430793386792,97,0,0.37841512234399033,0.629576757572372,20,0.0,0.2837843466517824,0.491687243402421,96,45.051822012729595,0.5749828112006642,57.5,30.876234871904895,0.5162649905059924,94,db,0.9380878725805777,0.8243093411562624,0.09604568684671688,4,71.5,0.6969056204404114,0.014721526856241063,,0.03859733524250869,0.5362880190239161,0.2870080176713424,0.40000000000000036,0.5846738746365742,,0.7494542147153931,0.6718448249690366,0.6718448249690366,0.6717056332151601,,0.31996099542259415,0.2688876441242784,0.7343430451680638,,,,,0.9166666666666666,,0.46444024199353884,0.008474576271186446,0.0847457627118644,0.549210461469821,0.549210461469821,0.008474576271186418,2.3206386131219627,0.7615519558665571,19,1.1016544839695115,0.5666274432329126,156,96.87362902255701,0.5430489197049198,87.5,33.87428571428572,0.565156535324158,143,0.9080317387829661,0.7281573716544635,0.1459305713555847,6,108.75,,,0.08916476328089001,0.8,0.008928571428571452,,0.14872592608187896,1.0,False,False,0.0,0.0,0.001392031501410454,0.019485240800496562,,0.1353653093588164,0.35218164977581967,0.0002479498602491325,0.5652820998511706,0.14872592608187896,0.007652756918512069,,0.006572758520462569,0.0046134179094796625,0.0046134179094796625,0.004613417909473349,,0.0,0.0012638317080600429,0.005110405241981515,0.005366290720088684,,,,,0.4782608695652174,,1.178833593579669e-05,0.09302325581395354,0.16279069767441856,0.0025257327566590854,0.0025257327566590854,0.09302325581395354,0.24850074911808012,0.07740151865835868,2078,0.552361480264521,0.26812140202250345,2133,38.890872965260115,0.9818266948760467,2105.5,2105.1408216575633,0.49897409510157475,1886,1009.0473684210526,935.5,610.6543869996938,760,0.4758535102197843,0.8532293215616218,0.41093374637766444,5,1415.75
rbio3.9,1.0,zero,4.4396418493085364e-27,320.7739193772185,4838967.620354401,0.5446428571428571,97.46863055431142,206,smoothed,4.3378326820521123e-14,-2.043651026184538e-10,6.255989939565013,35755.248632478244,0.971252408400625,0.0001496656645132028,1.0,362.4,,,,[],[],11,426.59999999999997,32.200000000000074,728.3999999999999,"[9, 31, 53, 64, 80, 102, 131, 148, 158, 175, 192]","[311.0, 417.8, 589.6, 432.20000000000005, 728.3999999999999, 371.0, 587.0, 32.200000000000074, 448.1999999999999, 368.00000000000006, 407.2000000000001]","[0, 0, 0, 60, 0, 94, 120, 144, 144, 165, 186]","[20, 40, 75, 75, 204, 120, 204, 149, 204, 186, 204]",30736475.839999996,728.3999999999999,-728.3999999999999,0.0,,,,DWT,mdp.39015067403892,0.0,,0.0,15.0,11.0,0.0,33.0,,1.1368683772161603e-13,168.40000000000003,987.7999999999993,168.40000000000003,,0.0,168.40000000000003,,,28.000000000000085,0.0,15.0,1.1368683772161603e-13,1.1368683772161603e-13,,0.0,4.6459187276783246e-14,8.205165669976115e-27,0.9835269913895501,0.17547531423662852,0.009567190373647338,0.2168604113348339,0.06057467305166837,,0.9999996647841187,4.4059199552998455e-09,4.4059199552998455e-09,3.6787269888316428e-09,,0.0,0.9999999955940747,7.585973278963461e-14,,,,,,0.0,0.0,0.0,1.7477015598164352e-13,1.7477015598164352e-13,0.7999999009795509,0.3007374869249613,714,0.793611480893483,0.4028910450869741,535,0,0.1666666394057655,0.23713383959848497,721,0.0,0.2065720829123393,0.3644490624415843,534,105.69452839827298,0.8892090897292736,626.0,612.6192679714595,0.616512301678054,521,rbio,0.7685897546424816,0.816051598246696,0.21717169227625407,5,392.0,3.646142402338978e-14,0.999999999970514,2.344907072510468e-27,0.9698056738879757,0.7649154436380449,2.506233187429363e-05,0.1779605263157894,0.0005899919450333938,0.9999999997235489,2.0315811924853655e-05,4.745387416349445e-11,4.745387416349445e-11,3.962169481397382e-11,,0.0,0.0031261328403482946,7.585973278963461e-14,,,,,0.0,,0.0,0.0,0.0,1.4238426238064856e-13,1.4238426238064856e-13,1.0,0.20156916120420534,0.057512244684840355,1889,1.7357738645026588,0.8024224872174048,384,1064.195705685754,0.44224543727161736,1136.5,638.2542894852618,0.4232977710467101,1851,0.3888041033402703,1.0,0.4278371276618108,3,1389.0,,,,,,,,,,,,,2.448157845069999e-19,0.9999999999715835,2.344907072510468e-27,0.9780982382637473,0.23646276104172434,0.0012672887178768097,0.13463043856427698,1.0,0.0005899919450333938,0.9999999999999541,9.960751159770543e-05,3.8434858594393884e-14,3.8434858594393884e-14,3.20911916831812e-14,,0.0,0.0,0.004567040150618464,7.054128794466933e-19,,,,,0.13043478260869565,,0.0,0.7209302325581395,0.7209302325581395,4.770970844811595e-19,4.770970844811595e-19,1.0,0.3986733618839274,0.12417638082767558,1810,1.8598121400332297,0.9027701175784024,194,1142.6845583974607,0.4660352530852987,1002.0,350.439121756487,0.49890547700993904,1887,818.67,599.5,715.6978453131971,300,0.38607403914171184,1.0,0.42974817260080167,3,1416.0
db10,,,,5.857201407813668,960351.0442168259,0.6553398058252428,148.7213820858502,206,raw,165.5886994602911,,7.335626290797614,123196.58906353099,1.0,2.944170497707613e-06,-0.11056122214246139,458.43031782133085,,,,[],[],12,1133.2086861483149,614.5945202998182,1572.4301970138533,"[1, 16, 34, 53, 72, 87, 108, 118, 137, 159, 182, 200]","[923.4693642891974, 1005.0671872379804, 1411.3250667430382, 1231.086098041098, 1471.244483237141, 1572.4301970138533, 1284.8441040313578, 814.672635443521, 1108.352611572999, 1177.0396865103817, 984.3782793593931, 614.5945202998182]","[0, 6, 6, 6, 6, 6, 92, 114, 131, 131, 178, 194]","[6, 21, 46, 66, 82, 131, 131, 131, 157, 194, 194, 203]",75537703.79070295,1318.3146043634238,-1318.3146043634238,0.0,,,,SWT,mdp.39015067403892,37783090.790702954,,0.0,-26.0,20.0,0.0,-26.0,,377.31460436342377,728.3961861483149,644.5042337797786,728.3961861483148,,0.0,728.3961861483149,,,611.5945202998182,0.0,-21.5,632.4301970138533,377.31460436342377,,131.43031782133085,0.7309729897799002,,0.02943607385441052,0.5307712053537497,0.13734955290731243,0.45714285714285746,0.10371463086228686,,0.9009422107801203,0.6387049593740042,0.6387049593740042,0.638704959374004,,0.2482181236804521,0.15673069764665767,0.3404530369338509,,,,,,0.20948381545937889,0.0,0.09000000000000001,0.11789671717679423,0.11789671717679423,1.7787186504015269,0.59799051051515,22,0.8243888509815676,0.468477118350846,93,0,0.33984907979840406,0.5654136663411053,36,0.0,0.2945667354866319,0.5103689046922365,87,35.76310948449533,0.6626121746745723,59.5,41.8939130946427,0.5506457099787956,78,db,0.9380878725805777,0.8243093411562624,0.09604568684671688,4,59.5,0.7444331725363065,0.013076078910872646,,0.029436073854410494,0.5307712053537497,0.28664924071554243,0.45714285714285746,0.5846738746365746,,0.9030241031174467,0.7453189484476721,0.7453189484476721,0.7452109218037484,,0.24821812368045207,0.15673069764665765,0.4754246607506335,,,,,1.0,,0.47153088571024093,0.0,0.07627118644067796,0.23705371206352666,0.23705371206352666,0.0,2.120062663908432,0.6957299853280846,28,1.1236415433017484,0.5779363167453637,152,87.68124086713189,0.5864092411927742,90.0,47.28888888888889,0.5809404696529908,132,0.9080317387829661,0.7281573716544635,0.1459305713555847,6,100.5,,,0.07257983850590605,1.0,0.0,,0.13322551952132322,1.0,False,False,0.0,0.0,0.0014048103357719001,0.018520966400638078,,0.13514703376421044,0.35175811731842666,0.0002476399082945739,0.6066838046272496,0.13322551952132322,0.00765275691851207,,0.007919575674415593,0.005082941619266818,0.005082941619266818,0.005082941619260505,,0.0,0.001106681320451219,0.002978780901002283,0.0039241517775083406,,,,,0.5217391304347826,,1.1832479957589342e-05,0.0852713178294574,0.15503875968992242,0.0015834348221977507,0.0015834348221977507,0.0852713178294574,0.26137554081974423,0.08141168133857384,2063,0.5620936643196439,0.27284549471693065,2131,48.08326112068523,0.9775311863922032,2097.0,2096.448736289938,0.4988123221680642,1888,1009.0473684210526,935.5,610.6543869996938,760,0.4758535102197843,0.8532293215616218,0.41093374637766444,5,1417.25
sym10,,,,12.006793100400033,34345.89368063975,0.6747572815533981,29.434312269916035,206,smoothed,143.09185133790544,,7.192272906144623,90447.61084362355,1.0,7.135884556060518e-05,0.9127218807642061,485.6187814053606,,,,[],[],13,554.4964156022354,31.85097005150712,943.7240541259204,"[7, 26, 51, 64, 79, 89, 101, 111, 130, 144, 158, 175, 199]","[444.99181441297674, 649.1634271991935, 817.3458416554777, 618.9539134353834, 943.7240541259204, 294.85783596628, 510.934528448815, 279.72078999528856, 844.1446280465659, 31.85097005150712, 648.0952596006493, 545.8902512966374, 578.7800885943648]","[0, 0, 0, 59, 0, 84, 95, 106, 122, 143, 148, 164, 185]","[19, 38, 73, 73, 205, 95, 122, 122, 205, 148, 205, 185, 205]",61473928.777232625,983.1186337417718,-983.1186337417718,0.0,,,,SWT,mdp.39015067403892,30737452.93723263,,0.0,-15.5,9.0,0.0,2.5,,254.71863374177178,296.29641560223547,1528.0534028290613,296.29641560223536,,0.0,296.29641560223547,,,27.65097005150713,0.0,-15.5,215.32405412592038,254.71863374177178,,123.21878140536063,0.33666044009431495,,0.822151568942472,0.16029498466256392,0.02852533326766863,0.5555555555555558,0.3580760373946141,,0.017218987104640336,0.39307706327193415,0.39307706327193415,0.3923073022520448,,0.08354799043833175,0.5441711998361405,0.043555944485186016,,,,,,0.49284720841233026,0.030000000000000013,0.020202020202020193,0.20419884909910313,0.20419884909910313,1.2054650380160035,0.38697691241374715,96,1.5956595287865205,0.6082627706511227,35,0,0.23056016516485123,0.3801248964422975,94,0.0,0.46945781109139706,0.6214139178335547,32,35.53753883806062,0.6647401996409376,64.25,49.45818979016599,0.5293040620846197,85,sym,0.6803648884317847,1.0,0.22374457809775072,3,64.5,0.03458922983693613,0.7940203895121638,,0.7203168283264725,0.3313626045838388,0.004864591165801402,0.5714285714285716,0.05271135992151399,,0.010824398880762795,0.13156969924701778,0.13156969924701778,0.13120134200057101,,0.2166524730873066,0.37181027516654525,0.010764360950901858,,,,,0.08333333333333331,,0.11711565367771765,0.17796610169491522,0.17796610169491528,0.06661930931890839,0.06661930931890839,0.48305084745762705,0.6719053701452515,0.2204957057501426,197,1.4712949076289168,0.7567491294978922,84,79.90306627407988,0.6230987439901893,140.5,117.77935943060498,0.48018144746679275,198,0.7190889370932755,0.9859759878661594,0.20084494767485936,5,149.75,,,0.9318808860336233,0.25,0.39,0.5625176827803636,0.9318808860336228,1.0,False,False,0.0,0.0,0.0012139530800073133,0.4761742203656743,,0.15160791192231993,0.3364492778761755,4.202581898289778e-06,0.6894872141794075,0.931880886033623,0.005007574043357539,,9.493062895034494e-05,0.0011608829308421042,0.0011608829308421042,0.0011608829308357666,,0.0,0.0010375378068814428,0.0070665247018769145,0.0013360593370275516,,,,,0.04347826086956519,,9.6260069839666e-06,0.24806201550387597,0.24806201550387585,0.001068949756688651,0.001068949756688651,0.5271317829457365,0.17865579169325008,0.05564663142161465,2114,1.0529582091186884,0.5111157120601644,1963,106.77312395916867,0.95010601684151,2038.5,2035.7037037037037,0.498767961691783,1889,1409.1368421052632,1454.5,398.32527672708756,380,0.6645304607900322,0.5565550872278735,0.3678621512786154,7,1418.5
db22,,,,6.885629198803722,34632.19621294159,0.6601941747572816,27.57503332994769,206,smoothed,143.30430343524353,,7.192726417978134,90447.61084362335,1.0,7.575809597485765e-05,0.07311658986093121,479.43162498006745,,,,[],[],12,572.2779276974172,116.08040493076197,1007.6183006458688,"[2, 24, 42, 69, 81, 98, 118, 128, 149, 174, 191, 201]","[402.2633013814422, 394.71210693060294, 588.8081348126913, 1007.6183006458688, 699.0984427843641, 785.2660615350147, 526.5622179061193, 301.3703291744947, 668.038652726497, 741.7909214942337, 635.7262580469157, 116.08040493076197]","[0, 15, 15, 15, 76, 91, 113, 123, 139, 139, 186, 200]","[15, 37, 54, 139, 139, 139, 139, 139, 164, 203, 203, 203]",61475220.23466991,991.3236353680866,-991.3236353680866,0.0,,,,SWT,mdp.39015067403892,30738744.394669913,,0.0,-2.5,10.0,0.0,-16.0,,262.9236353680866,314.0779276974173,1186.935132369008,314.0779276974172,,0.0,314.0779276974173,,,111.88040493076198,0.0,-11.5,279.2183006458688,262.9236353680866,,117.03162498006748,0.401906369495505,,0.14689697161567572,0.16159761858116525,0.029036206911910556,0.4444444444444448,0.3580760373945916,,0.22193834417597136,0.4685337008076599,0.4685337008076599,0.46785964152311765,,0.01809085284924805,0.3909884194330907,0.3315675040823477,,,,,,0.493120590158986,0.29,0.101010101010101,0.23916218819892157,0.23916218819892157,1.4437091848367374,0.46345775709180836,84,0.9364205312744499,0.3569619562142804,79,0,0.2833311487497351,0.4671284976759257,76,0.0,0.3109643034110275,0.4116185555413159,76,3.774917217635375,0.9643875734185342,78.75,78.61823850350741,0.6107315225583236,59,db,0.9817779367705585,0.7465271631990054,0.08879729530090745,4,45.25,0.041292739305853934,0.8442372410686803,,0.1449756094329778,0.3319934523337676,0.004951713422824633,0.48571428571428604,0.052711359921510714,,0.13951744952810413,0.1568263423696884,0.1568263423696884,0.15646869809296082,,0.19286866357924592,0.2887729343315037,0.08194317298631701,,,,,0.16666666666666669,,0.11718061758826975,0.39830508474576265,0.2457627118644068,0.07802600192559517,0.07802600192559517,0.1694915254237288,0.7194564961334682,0.23610031251451358,192,0.8471203941878108,0.4357098074339436,186,4.242640687119285,0.9799875439286826,189.0,188.95238095238093,0.5442390549832092,153,0.9080317387829661,0.7281573716544635,0.1459305713555847,6,116.25,,,0.2765829832076231,0.5,0.020000000000000018,0.6691737956373043,0.27658298320762303,1.0,False,False,0.0,0.0,0.001215755466904304,0.5056025742274548,,0.13789987092936895,0.3364977088208734,4.2778479191795445e-06,0.627384657015289,0.2765829832076231,0.0050075740433575214,,0.001223576420191714,0.0013222811512533317,0.0013222811512533317,0.0013222811512469952,,0.0,0.0009854401588190688,0.0054883396451940285,0.001732515297286387,,,,,0.08695652173913043,,9.626411427963185e-06,0.4496124031007752,0.31007751937984485,0.0011033827872182146,0.0011033827872182146,0.24031007751937983,0.1649200562810248,0.05136830717281954,2129,0.7666265005068332,0.3721276364982258,2050,55.86143571373726,0.9738965253674124,2089.5,2088.753290260828,0.498747328104267,1890,1009.0473684210526,935.5,610.6543869996938,760,0.4758535102197843,0.8532293215616218,0.41093374637766444,5,1418.75
db14,1.0,smooth,8.040437970512073e-27,318.19460168408244,4962558.01900012,0.5646551724137931,70.64269135546763,206,smoothed,5.56706784231457e-14,-2.071482985144262e-10,6.193675866825016,39831.123923900115,0.9880803684379887,0.00014966566451320265,0.9999999999999997,362.4,,,,[],[],11,426.60000000000014,32.20000000000002,728.4000000000002,"[9, 31, 53, 64, 80, 102, 131, 148, 158, 175, 192]","[310.99999999999994, 417.8000000000002, 589.6000000000003, 432.1999999999999, 728.4000000000002, 371.0000000000003, 587.0, 32.20000000000002, 448.2000000000001, 368.0, 407.20000000000005]","[0, 0, 0, 60, 0, 94, 120, 144, 144, 165, 186]","[20, 40, 75, 75, 204, 120, 204, 149, 204, 186, 204]",30736475.84,728.4000000000002,-728.4000000000002,0.0,,,,DWT,mdp.39015067403892,3.725290298461914e-09,,0.0,15.0,11.0,0.0,33.0,,2.2737367544323206e-13,168.4000000000002,987.7999999999975,168.4000000000001,,0.0,168.4000000000002,,,28.00000000000003,0.0,15.0,2.2737367544323206e-13,2.2737367544323206e-13,,0.0,7.346376192890731e-14,1.8743254348754383e-26,0.9737270984988002,0.0855932426119554,0.06260661221709184,0.3543246723282008,0.09437522809204477,,0.9999996647345563,4.406097391567225e-09,4.406097391567225e-09,3.6787861342541454e-09,,0.0,0.9999999955939026,1.5171946557926922e-13,,,,,,7.946695712486874e-14,0.0,0.0,3.4954031196328703e-13,3.4954031196328703e-13,0.7999999009648678,0.30073748691944163,797,0.8378161466819242,0.4253323333319155,383,0,0.1666666394016975,0.237133839592697,783,0.0,0.22437526482116668,0.3958586937125364,361,241.56710592849075,0.7467850042678295,581.0,505.5040856713412,0.5688851646077093,686,db,0.573477938514061,0.8443824841957417,0.34525069778143475,3,515.25,5.199302353161442e-14,0.9999999999705131,4.8930688384609484e-27,0.9602874076713701,0.7433890574702118,0.00016400506644374162,0.2907667876588026,0.0009192063544032961,0.999999999723507,2.0315811923854454e-05,4.745570603148508e-11,4.745570603148508e-11,3.962224992548613e-11,,0.0,0.003126132840347795,1.5171946557926922e-13,,,,,0.0,,3.687271056968986e-14,0.0,0.0,2.847685247612971e-13,2.847685247612971e-13,1.0,0.20156916120431936,0.057512244684872885,1856,1.7646233733570045,0.8157591868436188,140,1213.3952365161156,0.3640486181781365,998.0,260.3607214428858,0.4204939107662171,1861,0.49117026184683504,0.8233619396015222,0.4091722348267588,4,1396.75,,,,,,,,,,,,,3.491008150591623e-19,0.9999999999715825,4.8930688384609484e-27,0.9711940669951161,0.22980818405438241,0.0012997793754040857,0.2199704673437875,0.9999999999999997,0.0009192063544032961,0.9999999999999541,9.960751159770467e-05,3.843648489765261e-14,3.843648489765261e-14,3.209173378426744e-14,,0.0,0.0,0.004567040150618456,1.4108257588933865e-18,,,,,0.13043478260869565,,1.1666441752192217e-21,0.7209302325581395,0.7209302325581395,9.54194168962319e-19,9.54194168962319e-19,1.0,0.3986733618839274,0.12417638082767558,1788,1.8866262913826957,0.9157859561383604,60,1221.8805178903542,0.4290277953783391,924.0,116.10389610389609,0.4986260472218798,1891,1009.0473684210526,935.5,610.6543869996938,760,0.4758535102197843,0.8532293215616218,0.41093374637766444,5,1419.5
sym11,1.0,constant,3.3936754493815667e-23,284.1650894018762,6012463.521913988,0.6504424778761062,275.29967793305343,206,raw,4.543222324778115e-12,,6.280492074568251,66511.88578878134,0.7994069983585509,5.618943883689802e-06,0.9999999999999997,326.9999999999979,,,,[],[],13,661.1538461538607,87.000000000002,940.0000000000208,"[8, 32, 51, 63, 81, 100, 111, 133, 152, 162, 175, 192, 204]","[878.0000000000103, 638.0000000000197, 787.0000000000213, 792.0000000000193, 940.0000000000208, 788.0000000000155, 637.0000000000156, 675.0000000000084, 771.0000000000153, 196.00000000000966, 834.0000000000215, 572.0000000000094, 87.000000000002]","[0, 13, 42, 42, 76, 99, 107, 107, 107, 161, 164, 187, 203]","[76, 42, 61, 76, 205, 164, 119, 142, 164, 164, 205, 205, 205]",37754613.000000484,941.0000000000122,-941.0000000000122,0.0,,,,DWT,mdp.39015067403892,4.842877388000488e-07,,0.0,33.0,19.0,0.0,28.5,,1.2164491636212915e-11,256.34134615386074,4358.999999999811,256.3413461538607,,0.0,256.34134615386074,,,84.000000000002,0.0,28.5,2.0804691303055733e-11,1.2164491636212915e-11,,2.1032064978498966e-12,5.722092382614208e-12,2.401509776103695e-23,0.8347108034456711,0.7733797021405633,0.000311171430081576,0.699747155499368,0.0007102301429307434,,0.474228024613928,6.707235432255176e-09,6.707235432255176e-09,6.093224994290634e-09,,1.0579319121229988e-10,0.9999999932927578,2.4911723628751206e-11,,,,,,4.793452374059682e-12,1.0,1.0,1.52351160747294e-11,1.52351160747294e-11,0.8422684099567092,0.27536483384221583,70,1.1678548731113612,0.5609246505013117,856,0,0.2895190031316958,0.34592250958849546,69,0.125,0.3235870089520481,0.5877461944911414,853,453.2218000052513,0.5249247379399882,462.0,128.53873090984894,0.5203240041901198,796,sym,0.8243425715244881,0.7368036147090654,0.2019191155201387,6,598.5,5.722092382614208e-12,0.00015478832996290715,2.4015097761036952e-23,0.834710803445671,0.7733797021405634,0.0013443292923775868,0.7743362831858409,0.003074250518137189,,0.9919828214562372,0.9855281704454097,0.9855281704454097,0.9855281704452972,,2.266548022345905e-11,0.9999999999667042,1.3882331100503132e-11,,,,,1.0,,4.793452374059682e-12,1.0,0.75,1.52351160747294e-11,1.52351160747294e-11,0.0,2.259570199847823,0.6447065287163104,69,1.1991991477661696,0.5543719619809082,1727,1172.3830432072957,0.38554347840288483,898.0,132.69821826280622,0.4574467916123439,1721,0.7763846615972358,0.5622554397616224,0.28785410495344815,6,1292.25,,,,,,,,,,,,,3.8420291395437096e-17,0.03641360043841467,2.4015097761036952e-23,0.8801057991134332,0.23907936651403264,0.0015757888430081325,0.585799758855245,0.9999999999999997,0.003074250518137189,,0.000849988472839149,0.0007982210227402582,0.0007982210227402582,0.0007982210227339189,,0.0,1.7709607515263474e-17,0.020163910573048945,1.2909055693874488e-16,,,,,0.4782608695652174,,1.5166374277849883e-19,1.0,0.9302325581395349,5.1049388039484055e-17,5.1049388039484055e-17,0.9302325581395349,0.581429466016788,0.1811001529055094,186,1.2948647410274574,0.6285393934919681,1810,1148.3414126469531,0.4633918632490873,998.0,337.3346693386773,0.4985183615310857,1892,1409.1368421052632,1454.5,398.32527672708756,380,0.6645304607900322,0.5565550872278735,0.3678621512786154,7,1420.75
db34,,,,6.5192845831927215,34825.74633461817,0.7233009708737864,30.686330630803774,206,smoothed,142.71245849567714,,7.193582543695252,90447.61084362335,1.0,7.530754233718554e-05,-0.03350853190815907,511.19873906246505,,,,[],[],12,555.3747258779409,25.79413181085488,988.7403811626629,"[3, 20, 35, 59, 77, 91, 107, 127, 137, 157, 184, 201]","[25.79413181085488, 668.7608299993169, 404.88472109187927, 647.1365735838081, 811.632235440302, 622.5191491131884, 988.7403811626629, 508.74092944844125, 243.73917117208623, 720.4491570457665, 728.2500805582677, 293.84935010871675]","[2, 5, 26, 26, 26, 86, 26, 122, 134, 148, 148, 196]","[5, 26, 46, 64, 101, 101, 148, 148, 148, 174, 196, 205]",61476891.67320265,973.8972838765292,-973.8972838765292,0.0,,,,SWT,mdp.39015067403892,30740415.833202653,,0.0,-11.5,10.0,0.0,-7.0,,245.4972838765292,297.174725877941,984.0967105352929,297.1747258779409,,0.0,297.174725877941,,,21.59413181085489,0.0,-16.0,260.3403811626629,245.4972838765292,,148.79873906246507,0.22014552256939032,,0.09859234972686315,0.16405669090364527,0.029381574643063325,0.9259259259259258,0.3580760373945916,,0.0024978622117939955,0.39680421199601673,0.39680421199601673,0.3960391781229025,,0.35417163283390707,0.2999016729297434,0.24647284644975043,,,,,,0.4934744080799769,0.11,0.01010101010101011,0.16490462382283733,0.16490462382283733,1.3726258699839435,0.4406386782812429,89,1.0103396784032541,0.3851398127216317,70,0,0.2490717521577862,0.41064497819033374,88,0.0,0.330974057644024,0.43810515237502395,67,11.61895003862225,0.8903872637865825,78.5,77.2041611800449,0.5749106130253667,69,db,0.9817779367705585,0.7465271631990054,0.08879729530090745,4,52.75,0.022618232411244443,0.8390942319169556,,0.10381833313197875,0.33318434734993174,0.005010610992860182,0.8571428571428572,0.052711359921510714,,0.001570235041430293,0.13281724046093285,0.13281724046093285,0.13244941237709823,,0.3149834022446381,0.23939661934980427,0.06091298708224979,,,,,0.16666666666666669,,0.1172646956075675,0.24576271186440674,0.1694915254237288,0.05379967708456629,0.05379967708456629,0.3220338983050847,0.6802938315345717,0.22324850368327434,196,0.9311894479673659,0.4789500734985601,178,12.727922061357855,0.9399626317860479,187.0,186.56684491978612,0.5289435800439674,166,0.9080317387829661,0.7281573716544635,0.1459305713555847,6,126.0,,,0.19336385698143888,0.5,0.2,0.6582505030072741,0.19336385698143882,1.0,False,False,0.0,0.0,0.001210734412381942,0.502588639889875,,0.13691926044611968,0.33658913527151113,4.328730275629956e-06,0.8964957380598024,0.19336385698143888,0.0050075740433575214,,1.377105571633778e-05,0.0011688551277345258,0.0011688551277345258,0.0011688551277281884,,0.0,0.0012529284548408754,0.004549906866945653,0.0016153801230877722,,,,,0.08695652173913043,,9.626934870130703e-06,0.31007751937984496,0.24031007751937983,0.0010302515289618763,0.0010302515289618763,0.3798449612403101,0.1709724833667677,0.05325348075747897,2126,0.8395349681930818,0.40751808509719006,2027,70.0035713374682,0.9672880507768841,2076.5,2075.320009631592,0.49848047398657286,1893,1009.0473684210526,935.5,610.6543869996938,760,0.4758535102197843,0.8532293215616218,0.41093374637766444,5,1421.0
coif16,,,,5.980173502810709,975080.6107994106,0.6553398058252428,145.80222650974542,206,raw,160.85198190749148,,7.303659841037505,123196.58906353099,1.0,2.8306079327870406e-06,-0.07387214023308435,496.1688394147566,,,,[],[],14,1010.0133705290427,193.41366799632806,1500.2619417891515,"[8, 26, 37, 48, 67, 79, 96, 116, 126, 147, 158, 168, 190, 203]","[632.135952684494, 1500.2619417891515, 973.6188659357609, 602.9934378720568, 1442.6908847842833, 1249.383769613642, 1426.3568909553956, 1118.038997003633, 1157.1060687005706, 980.8895916468559, 270.094712638125, 1412.6070639465722, 1180.5953418397298, 193.41366799632806]","[5, 13, 35, 39, 35, 74, 86, 111, 123, 136, 157, 136, 179, 201]","[13, 198, 52, 52, 198, 86, 198, 123, 136, 157, 159, 198, 198, 204]",75564389.49109067,1333.1360024805638,-1333.1360024805638,0.0,,,,SWT,mdp.39015067403892,37809776.49109067,,0.0,-20.5,18.0,0.0,-11.5,,392.1360024805638,605.2008705290427,1186.1871874065982,605.2008705290428,,0.0,605.2008705290427,,,190.41366799632806,0.0,-11.5,560.2619417891515,392.1360024805638,,169.16883941475658,0.573643513641367,,0.04325147136657187,0.4863049722496261,0.1427698815642695,0.45714285714285746,0.10371463086228686,,0.24361039333319717,0.39046796825049374,0.39046796825049374,0.3904679682504939,,0.39328731976940406,0.28859086445677756,0.2393712192685633,,,,,,0.21149180674173626,0.09322033898305085,0.29,0.14171967674483676,0.14171967674483676,1.3776705134255984,0.4631614412201,61,0.7782117896061741,0.44223598636404504,103,0,0.2715562514814971,0.4517935309964065,72,0.0,0.2728637004698596,0.47276603622269053,102,21.268129521265696,0.7993572686673047,84.5,80.32936494465234,0.5010937286732751,100,coif,1.0,1.0,0.0,5,76.25,0.5949753353832481,0.011779777512225642,,0.04325147136657187,0.4863049722496262,0.2911314682226896,0.45714285714285746,0.5846738746365746,,0.25950739384728516,0.5703338232049298,0.5703338232049298,0.5701515740945083,,0.393287319769404,0.28859086445677756,0.39502852254812504,,,,,0.8333333333333333,,0.47287325085752197,0.09322033898305085,0.2457627118644068,0.25765859918278433,0.25765859918278433,0.24576271186440676,1.8854355835854844,0.618733631432714,60,1.0781666236411724,0.554546644363104,161,71.4177848998413,0.6631236561328241,110.5,87.42081447963801,0.5709486205192422,137,1.0,0.7220099692676862,0.08339700921969413,7,104.5,,,0.10321857646203791,0.6000000000000001,0.25892857142857145,,0.16186073501164083,1.0,False,False,0.0,0.0,0.0013646252881358394,0.017761300768714305,,0.13547619849152637,0.34834439082636726,0.0002515121613870803,0.6066838046272496,0.1618607350116409,0.00765275691851207,,0.0022758954457017962,0.003964729366140281,0.003964729366140281,0.003964729366133963,,0.0,0.0014244505962256624,0.005484879274803125,0.0034763566084021346,,,,,0.43478260869565216,,1.1840837082652006e-05,0.1705426356589147,0.31007751937984485,0.0016456341582980066,0.0016456341582980066,0.31007751937984496,0.2940986052429167,0.09160406462312216,2038,0.571800367028809,0.27755721852893617,2128,63.63961030678928,0.9702618643426218,2083.0,2082.027844455113,0.4984486891806567,1894,986.6382352941176,846.0,585.0035688138154,340,0.4652856568234462,0.8173890317607586,0.42908333069536003,4,1421.5
sym12,1.0,reflect,1.084628204007798e-22,279.11898353480416,6517964.03672327,0.6447368421052632,312.63873461129293,206,raw,8.155594861798958e-12,,6.465632008731971,61541.80070936159,0.7535787937845415,5.618943883689601e-06,0.9999999999999996,326.99999999999727,,,,[],[],13,661.1538461538729,86.99999999999801,940.000000000039,"[8, 32, 51, 63, 81, 100, 111, 133, 152, 162, 175, 192, 204]","[878.0000000000256, 638.0000000000323, 787.0000000000321, 792.0000000000368, 940.000000000039, 788.0000000000314, 637.0000000000279, 675.0000000000133, 771.0000000000341, 196.00000000001393, 834.0000000000379, 572.000000000024, 86.99999999999801]","[0, 13, 42, 42, 76, 99, 107, 107, 107, 161, 164, 187, 203]","[76, 42, 61, 76, 205, 164, 119, 142, 164, 164, 205, 205, 205]",37754613.00000089,941.0000000000261,-941.0000000000261,0.0,,,,DWT,mdp.39015067403892,8.866190910339355e-07,,0.0,33.0,19.0,0.0,28.5,,2.6147972675971687e-11,256.3413461538729,4358.999999999653,256.3413461538728,,0.0,256.3413461538729,,,83.99999999999801,0.0,28.5,3.89945853385143e-11,2.6147972675971687e-11,,2.7284841053187847e-12,1.0286387753691765e-11,7.675467682039164e-23,0.8160895304137439,0.8373362619135751,0.000880052886838496,0.6569548872180452,0.00030783715964927545,,0.47422802460928914,6.716655335798448e-09,6.716655335798448e-09,6.102600879598807e-09,,1.3724522103217282e-10,0.9999999932833311,4.669246559924407e-11,,,,,,8.775705115586186e-12,1.0,1.0,3.274838034754917e-11,3.274838034754917e-11,0.8422684099946817,0.2753648338546303,62,1.1716669654026168,0.56275561133847,853,0,0.28951900314056184,0.3459225095990887,63,0.125,0.3239740813717341,0.5884492522016462,852,456.10707807122077,0.5219003374515505,457.5,116.4548014378453,0.5211702945119387,791,sym,0.8243425715244881,0.7368036147090654,0.2019191155201387,6,594.75,1.0286387753691765e-11,0.00015478832996146386,7.675467682039163e-23,0.8160895304137439,0.8373362619135752,0.0019126228218385667,0.7421745152354571,0.0026728094761644503,,0.9919828214561663,0.9855281704455461,0.9855281704455461,0.9855281704454328,,2.940386623583877e-11,0.9999999999666574,2.601988834684467e-11,,,,,1.0,,8.775705115586186e-12,1.0,0.75,3.274838034754917e-11,3.274838034754917e-11,0.0,2.259570199866336,0.6447065287215926,62,1.2072635270026761,0.5581000047733234,1711,1166.0190821766168,0.3888788877481044,886.5,119.66384658770446,0.46212812311933527,1705,0.7763846615972358,0.5622554397616224,0.28785410495344815,6,1280.25,,,,,,,,,,,,,6.906669597017908e-17,0.036413600438413324,7.675467682039163e-23,0.8665986692090316,0.2588506299084906,0.001708679781839156,0.5614687849375842,0.9999999999999997,0.0026728094761644503,,0.0008499884728390954,0.0007982210227403686,0.0007982210227403686,0.0007982210227340289,,0.0,2.297462596574721e-17,0.020163910573048213,2.419566176502158e-16,,,,,0.4782608695652174,,2.776613137021748e-19,1.0,0.9302325581395349,1.0973232943066667e-16,1.0973232943066667e-16,0.9302325581395349,0.5814294660167878,0.18110015290550932,202,1.2868195742676074,0.6246341946896858,1813,1139.149024491528,0.46768737173293085,1007.5,363.49975186104217,0.4984464896047832,1895,1409.1368421052632,1454.5,398.32527672708756,380,0.6645304607900322,0.5565550872278735,0.3678621512786154,7,1423.0
db15,,,,5.752307058033327,960312.2584356667,0.6650485436893204,148.79045123684833,206,raw,167.15822792390867,,7.347633333948085,123196.58906353095,1.0,2.787257337923867e-06,-0.13677192087986917,468.8764264969268,,,,[],[],14,983.6725030416118,111.36660653716189,1523.7937430129205,"[5, 17, 31, 42, 57, 76, 91, 112, 123, 140, 150, 163, 185, 204]","[1044.680898327567, 1300.7895216900827, 497.8693616129429, 1374.8278053229324, 1000.0004936534702, 1523.7937430129205, 1388.8528162174728, 911.2623556754869, 111.36660653716189, 1143.8769392983336, 288.7090722489154, 1297.045003999923, 1086.9890785904922, 801.3513463948633]","[0, 10, 30, 30, 47, 71, 71, 97, 122, 128, 148, 128, 182, 71]","[30, 30, 32, 71, 71, 82, 128, 128, 128, 160, 160, 198, 198, 205]",75713824.5187191,1319.3704671799126,-1319.3704671799126,0.0,,,,SWT,mdp.39015067403892,37959211.51871911,,0.0,-16.0,18.0,0.0,-11.5,,378.37046717991257,578.8600030416118,817.4150425825646,578.8600030416117,,0.0,578.8600030416118,,,108.36660653716189,0.0,-16.0,583.7937430129205,378.37046717991257,,141.8764264969268,0.7831046797556975,,0.01765163496174968,0.5474733409874162,0.13733528013968407,0.5142857142857146,0.10371463086228533,,0.11556054555362331,0.3373914559188831,0.3373914559188831,0.3373914559188828,,0.28837360735712386,0.19882182851823332,0.27233082502916706,,,,,,0.22273618962834224,0.1694915254237288,0.2,0.11959384298016384,0.11959384298016384,1.2060241032796675,0.4054553366553969,85,0.8554034369503157,0.48610183979653737,89,0,0.23850700977705117,0.3968088509349251,88,0.0,0.30775096993600914,0.5332120247207696,83,2.753785273643051,0.9740208936448769,86.25,86.18369739884133,0.580170824180929,70,db,0.9380878725805777,0.8243093411562624,0.09604568684671688,4,53.5,0.7939565665127524,0.011284936304714999,,0.01765163496174965,0.5474733409874163,0.28663743814862896,0.5142857142857146,0.5846738746365739,,0.13414876297238443,0.5329195759738481,0.5329195759738481,0.5327214570704493,,0.2883736073571238,0.19882182851823332,0.4212431779731399,,,,,0.8333333333333333,,0.48039024947314524,0.16949152542372878,0.1694915254237288,0.238521585335348,0.238521585335348,0.24576271186440676,1.7260200581830796,0.5664190640204395,88,1.1539100597757836,0.5935046935365488,148,42.42640687119285,0.7998754392868261,118.0,110.3728813559322,0.6216358328509602,105,0.9080317387829661,0.7281573716544635,0.1459305713555847,6,80.25,,,0.050691508559516485,0.6000000000000001,0.25892857142857145,,0.11276850704138863,1.0,False,False,0.0,0.0,0.0014181257963991325,0.017471311219217626,,0.1348662585196867,0.3530403604702831,0.00024762971190758613,0.6480855094033285,0.11276850704138874,0.007652756918512067,,0.001176492716331032,0.003725640074194671,0.003725640074194671,0.0037256400741883496,,0.0,0.0011946405792761202,0.0037787534566308,0.003622368547800726,,,,,0.43478260869565216,,1.1887635450185516e-05,0.24031007751937983,0.24031007751937983,0.0015878658458892744,0.0015878658458892744,0.31007751937984496,0.29263555818771303,0.09114836352627116,2040,0.570633290652884,0.2769907087968845,2129,62.932503525602726,0.9705922880721483,2084.5,2083.550011993284,0.4982634337557003,1896,1009.0473684210526,935.5,610.6543869996938,760,0.4758535102197843,0.8532293215616218,0.41093374637766444,5,1423.25
sym11,1.0,zero,3.3913963490426397e-23,284.1680069855585,6013372.172237216,0.6504424778761062,275.29967793305343,206,raw,4.541463214121622e-12,,6.278442763663838,67224.10462839797,0.8015643208796442,5.618943883689802e-06,0.9999999999999997,326.9999999999979,,,,[],[],13,661.1538461538607,87.000000000002,940.0000000000208,"[8, 32, 51, 63, 81, 100, 111, 133, 152, 162, 175, 192, 204]","[878.00000000001, 638.0000000000197, 787.0000000000213, 792.0000000000193, 940.0000000000208, 788.0000000000155, 637.0000000000156, 675.0000000000084, 771.0000000000153, 196.00000000000966, 834.0000000000215, 572.0000000000094, 87.000000000002]","[0, 13, 42, 42, 76, 99, 107, 107, 107, 161, 164, 187, 203]","[76, 42, 61, 76, 205, 164, 119, 142, 164, 164, 205, 205, 205]",37754613.000000484,941.0000000000122,-941.0000000000122,0.0,,,,DWT,mdp.39015067403892,4.842877388000488e-07,,0.0,33.0,19.0,0.0,28.5,,1.2164491636212915e-11,256.34134615386074,4358.999999999811,256.3413461538606,,0.0,256.34134615386074,,,84.000000000002,0.0,28.5,2.0804691303055733e-11,1.2164491636212915e-11,,2.1032064978498966e-12,5.719869715781162e-12,2.3998969337907907e-23,0.8347215699899675,0.7726717680260591,0.00031219400929646677,0.699747155499368,0.0007678935146925927,,0.474228024613928,6.707235432255176e-09,6.707235432255176e-09,6.093180976049751e-09,,1.0579319121229988e-10,0.9999999932927578,2.4911723628751206e-11,,,,,,4.793452374059682e-12,1.0,1.0,1.52351160747294e-11,1.52351160747294e-11,0.8422684099566959,0.27536483384221155,71,1.1675309426189984,0.5607690655888377,857,0,0.28951900313169215,0.3459225095884911,70,0.125,0.32349579729215766,0.5875805224940873,854,453.2218000052513,0.5249247379399882,463.0,130.25903488667365,0.5197998951754448,798,sym,0.8243425715244881,0.7368036147090654,0.2019191155201387,6,600.0,5.7198697157811615e-12,0.00015478832996290715,2.399896933790791e-23,0.8347215699899675,0.7726717680260592,0.0013453508147778714,0.7743362831858409,0.003131777475627763,,0.9919828214562372,0.9855281704454097,0.9855281704454097,0.9855281704452965,,2.266548022345905e-11,0.9999999999667042,1.3882331100503132e-11,,,,,1.0,,4.793452374059682e-12,1.0,0.75,1.52351160747294e-11,1.52351160747294e-11,0.0,2.2595701998478224,0.6447065287163102,70,1.1988751621796911,0.554222188254364,1728,1172.3830432072957,0.38554347840288483,899.0,134.54949944382648,0.45718473710500634,1723,0.7763846615972358,0.5622554397616224,0.28785410495344815,6,1293.75,,,,,,,,,,,,,3.840536757007907e-17,0.03641360043841467,2.399896933790791e-23,0.8801136087359109,0.23886051872275896,0.0015760277179271193,0.585799758855245,0.9999999999999997,0.003131777475627763,,0.000849988472839149,0.0007982210227402582,0.0007982210227402582,0.0007982210227339185,,0.0,1.7709607515263474e-17,0.020163910573048945,1.2909055693874488e-16,,,,,0.4782608695652174,,1.5166374277849883e-19,1.0,0.9302325581395349,5.1049388039484055e-17,5.1049388039484055e-17,0.9302325581395349,0.581429466016788,0.1811001529055094,185,1.294783133125763,0.6284997802571568,1811,1149.7556262093262,0.4627310157900345,998.0,335.7064128256513,0.4981879378015593,1897,1409.1368421052632,1454.5,398.32527672708756,380,0.6645304607900322,0.5565550872278735,0.3678621512786154,7,1424.5
sym16,,,,12.859319663532016,35041.49050592644,0.6310679611650486,26.165920230200225,206,smoothed,142.74076118976024,,7.1942746535384465,90447.61084360124,1.0,7.942505584637687e-05,0.9789797042454146,494.38194284434036,,,,[],[],13,572.1520388701325,82.90503603499565,1001.1108683701154,"[9, 27, 52, 65, 80, 91, 101, 111, 130, 147, 159, 176, 201]","[663.8648401479863, 439.6393394973751, 823.0590910775456, 625.0800243870509, 1001.1108683701154, 301.89593558022057, 507.2869706891547, 281.91610560190503, 878.4520897234991, 82.90503603499565, 682.4175221201428, 536.7311105106455, 613.6175715710851]","[0, 19, 0, 59, 0, 86, 96, 107, 123, 145, 148, 171, 186]","[39, 39, 74, 74, 205, 96, 123, 123, 205, 148, 205, 186, 205]",61461569.04630605,988.8636484390097,-988.8636484390097,0.0,,,,SWT,mdp.39015067403892,30725093.206306055,,0.0,-11.0,9.0,0.0,-6.5,,260.4636484390097,313.9520388701326,1757.5765053117238,313.95203887013247,,0.0,313.9520388701326,,,78.70503603499566,0.0,-6.5,272.71086837011546,260.4636484390097,,131.98194284434038,0.22883753174767793,,0.9345620467478479,0.1660446561352554,0.02976654508022317,0.22222222222222282,0.3580760373921525,,0.14130572209223646,0.467999485969272,0.467999485969272,0.46732474913947,,0.1762580214441297,0.6472409854492382,0.30223441353361613,,,,,,0.4902308427998429,0.12,0.202020202020202,0.2286796360801518,0.2286796360801518,1.5370448391985692,0.49342025472052753,81,1.5802738388858308,0.6023977711330303,39,0,0.2933315453718389,0.48361616686041425,73,0.0,0.4601473990097444,0.6090898718562299,36,23.070543990118654,0.7823533585837863,57.25,50.337821798387424,0.6211295094805724,57,sym,0.6803648884317847,1.0,0.22374457809775072,3,43.5,0.023511268442232586,0.8860950946100941,,0.8160946009961864,0.334147091660048,0.005076262242930757,0.3142857142857147,0.05271135992115161,,0.08882923779229654,0.15664753141329496,0.15664753141329496,0.15628981129131936,,0.2503386041670137,0.42768235749348976,0.07469383014220932,,,,,0.08333333333333331,,0.1164939247448229,0.25423728813559315,0.3305084745762712,0.0746060983113834,0.0746060983113834,0.33050847457627114,0.7898806356911569,0.25921103769038506,185,1.4723867802818724,0.757310725732177,83,72.12489168102785,0.6597882467876045,134.0,114.58955223880596,0.5138563875447457,178,0.7190889370932755,0.9859759878661594,0.20084494767485936,5,134.75,,,0.9835940103355676,0.25,0.21,0.7580761424170078,0.9835940103355671,1.0,False,False,0.0,0.0,0.0012109745248854384,0.530132342377594,,0.1538899066601469,0.3366630463165243,4.385447221770446e-06,0.5031795426870521,0.9835940103355674,0.005007574043355736,,0.0007790377558784323,0.0013211384906862975,0.0013211384906862975,0.001321138490679961,,0.0,0.0011113261628207553,0.008128414262975787,0.0016921374784338295,,,,,0.04347826086956519,,9.622136303579968e-06,0.3178294573643411,0.38759689922480617,0.0010930592298456518,0.0010930592298456518,0.3875968992248062,0.1727840295322866,0.05381773026106603,2119,1.0167831057750951,0.493555980302352,1980,98.2878425849301,0.9540711015958271,2049.5,2047.1432056599172,0.49818041061099766,1898,1409.1368421052632,1454.5,398.32527672708756,380,0.6645304607900322,0.5565550872278735,0.3678621512786154,7,1425.25
db35,,,,6.350217780551662,34969.55916467351,0.6747572815533981,28.93368257955561,206,smoothed,142.52290499642055,,7.193589312518137,90447.61084362333,1.0,7.556150095212561e-05,-0.08626414083955773,484.8707300167789,,,,[],[],11,574.7188230095236,48.75463424527086,978.1484531462106,"[20, 36, 58, 81, 91, 107, 129, 145, 159, 186, 203]","[672.2586689534526, 325.99287162344035, 656.1927257063537, 875.0542625803726, 617.7267006523651, 978.1484531462106, 496.70204027425365, 48.75463424527086, 750.4610298025445, 742.2936127843026, 158.3220533361939]","[7, 26, 26, 26, 86, 26, 121, 144, 148, 148, 198]","[26, 46, 67, 102, 102, 148, 148, 148, 175, 198, 205]",61470105.03111851,989.083994093287,-989.083994093287,0.0,,,,SWT,mdp.39015067403892,30733629.191118516,,0.0,-12.0,11.0,0.0,-16.5,,260.68399409328697,316.51882300952366,641.5070531047613,316.51882300952366,,0.0,316.51882300952366,,,44.55463424527087,0.0,-12.0,249.74845314621064,260.68399409328697,,122.47073001677893,0.16193195638104263,,0.07629992989176826,0.1640761331709201,0.029638191949198988,0.5555555555555558,0.35807603739459,,0.05830328585195737,0.4788917486408455,0.4788917486408455,0.47823082647962145,,0.07563396672528533,0.14605815058847166,0.19872836438270147,,,,,,0.4920377799625299,0.1,0.0909090909090909,0.2296185779817547,0.2296185779817547,1.3174627539970862,0.42293028224277396,92,0.8168671933922538,0.3113884217422261,89,0,0.2544614745429906,0.41953102171855416,86,0.0,0.2702717881455707,0.3577545133629097,90,2.5,0.9764150943396226,89.25,89.19703817133399,0.5672169811320755,74,db,0.9817779367705585,0.7465271631990054,0.08879729530090745,4,56.5,0.016637243317449056,0.8419931353361898,,0.08482438914287646,0.33319376297345316,0.0050543734361840065,0.5714285714285716,0.05271135992151044,,0.036651286064942036,0.16029336033012243,0.16029336033012243,0.1599371866391037,,0.21377691758081646,0.15600110344192641,0.04911347625868415,,,,,0.25,,0.11692330858498781,0.2372881355932203,0.23728813559322035,0.07491242550789473,0.07491242550789473,0.16101694915254236,0.632685948094805,0.20762527111995582,201,0.7881393820519305,0.4053733810932433,192,6.363961030678928,0.9699813158930239,196.5,196.3969465648855,0.5215472617200969,172,0.9080317387829661,0.7281573716544635,0.1459305713555847,6,130.5,,,0.15218898556315397,0.75,0.010000000000000009,0.6644075152583357,0.1521889855631539,1.0,False,False,0.0,0.0,0.0012091262910801544,0.504287471118598,,0.136466712020472,0.33658985812031594,4.366537204489448e-06,0.6894872141794075,0.15218898556315386,0.0050075740433575214,,0.0003214339822756766,0.0013444365313737222,0.0013444365313737222,0.0013444365313673868,,0.0,0.0010312389976553527,0.0029649144324982316,0.0015496585093045345,,,,,0.13043478260869565,,9.624809506515409e-06,0.3023255813953488,0.3023255813953488,0.0010939839302889097,0.0010939839302889097,0.2325581395348837,0.16367239224903982,0.05097969228455954,2133,0.7404996282783144,0.3594454096184322,2061,50.91168824543142,0.9762094914740975,2097.0,2096.3819742489272,0.4981514747090114,1899,1009.0473684210526,935.5,610.6543869996938,760,0.4758535102197843,0.8532293215616218,0.41093374637766444,5,1425.5
db33,,,,6.715786594552268,35029.0431117948,0.7135922330097088,28.376081873836103,206,smoothed,142.5705597949514,,7.1933176928385,90447.61084362335,1.0,7.64437834509903e-05,0.024371023851632135,482.0153064692604,,,,[],[],12,550.1859539267296,43.45549107166789,996.3194453749489,"[1, 19, 33, 57, 72, 90, 106, 127, 137, 157, 182, 201]","[43.45549107166789, 687.3869356616558, 369.56999991518836, 630.5405881690356, 996.3194453749489, 658.204430825018, 859.4051141547395, 486.7699890581088, 253.97278097698867, 654.1790381258982, 657.6398192885389, 304.78781449896667]","[0, 6, 25, 25, 25, 85, 100, 121, 132, 146, 146, 191]","[6, 25, 45, 65, 146, 100, 146, 146, 146, 172, 191, 205]",61467936.32093912,990.8027063065445,-990.8027063065445,0.0,,,,SWT,mdp.39015067403892,30731460.480939128,,0.0,-16.0,10.0,0.0,-7.0,,262.4027063065445,291.9859539267296,921.8314471207559,291.9859539267296,,0.0,291.9859539267296,,,39.255491071667905,0.0,-11.5,267.91944537494896,262.4027063065445,,119.61530646926042,0.17656716902205633,,0.12450225792432112,0.16329595285034124,0.02974433414988239,0.8518518518518519,0.3580760373945916,,0.045423736261198805,0.3747854274133384,0.3747854274133384,0.37399246709182177,,0.04542495968273705,0.27194079543261146,0.2806364562105454,,,,,,0.4915786972551059,0.020000000000000004,0.101010101010101,0.23694239346210716,0.23694239346210716,1.2423645392302622,0.3988223451713844,94,1.0093172708895024,0.3847500726700544,71,0,0.2368975236463342,0.39057330904977894,90,0.0,0.32854664952409324,0.4348920304408498,68,13.149778198382917,0.8759454886945008,80.75,79.14554723847208,0.5570765179321561,77,db,0.9817779367705585,0.7465271631990054,0.08879729530090745,4,58.75,0.018140897069017364,0.8520642713490119,,0.12589450739685332,0.3328159323391148,0.0050724744836605495,0.8,0.052711359921510714,,0.028554794597254865,0.12544717200358388,0.12544717200358388,0.12507621779883824,,0.20280049399446867,0.22423958336529515,0.06935613832595722,,,,,0.16666666666666669,,0.11681421641513401,0.16949152542372878,0.2457627118644068,0.07730180003685408,0.07730180003685408,0.3220338983050847,0.6314824130426445,0.20723031325458888,202,0.9420421556622856,0.4845320795656245,176,18.384776310850235,0.9132793570242913,189.0,188.10582010582013,0.5108849615310136,181,0.9080317387829661,0.7281573716544635,0.1459305713555847,6,137.25,,,0.23853788329693193,0.5,0.2,0.6857977097027693,0.23853788329693187,1.0,False,False,0.0,0.0,0.0012095305816733138,0.5101894132991405,,0.13744524588198404,0.3365608516055763,4.382174928580342e-06,0.8550940332837235,0.23853788329693193,0.0050075740433575214,,0.00025042726534060355,0.0011217579767969442,0.0011217579767969442,0.0011217579767906075,,0.0,0.0010071955048418367,0.004261836374155226,0.001662407286624432,,,,,0.08695652173913043,,9.624130334452076e-06,0.24031007751937983,0.31007751937984485,0.0011011966613529512,0.0011011966613529512,0.3798449612403101,0.17078608130487338,0.053195421364407226,2127,0.8436252438332922,0.409503542951323,2025,72.12489168102785,0.9662967795883047,2076.0,2074.7471098265896,0.49810166082218976,1900,1009.0473684210526,935.5,610.6543869996938,760,0.4758535102197843,0.8532293215616218,0.41093374637766444,5,1426.25
rbio3.1,,,,6.042274109810207,3304575.537253671,0.5776699029126213,216.22353096860493,206,raw,163.5678825750273,,7.672951439409423,148765.13169095814,1.0,1.942913639431939e-06,0.19298705294237872,398.1895061556746,,,,[],[],13,1312.5125697482067,431.1583598284973,1752.033827084968,"[9, 31, 50, 62, 80, 99, 110, 126, 138, 151, 161, 174, 197]","[1517.9814825122207, 1348.2758550274496, 1354.2862626675349, 1604.0717331216829, 1752.033827084968, 1643.492936172833, 1099.9045981356749, 1444.0888238782265, 541.6437943888952, 1735.9471478129744, 431.1583598284973, 1502.4251333261168, 1087.3534527696133]","[8, 11, 36, 36, 36, 82, 106, 112, 137, 82, 159, 162, 186]","[36, 36, 58, 75, 82, 141, 112, 141, 141, 162, 162, 204, 204]",86043465.5625,1587.101170373206,-1587.101170373206,0.0,,,,SWT,mdp.39015067403892,48288852.5625,,0.0,-25.5,19.0,0.0,-25.5,,646.1011703732061,907.7000697482067,4108.663406726686,907.7000697482066,,0.0,907.7000697482067,,,428.1583598284973,0.0,-25.5,812.0338270849679,646.1011703732061,,71.18950615567462,0.6638518117939887,,0.050228213297049795,0.9999999999999999,1.0,0.0,0.9999999999999999,,0.6146556332003454,1.0,1.0,1.0,,0.016648741757311097,1.0,0.5920132462024017,,,,,,1.0,0.008474576271186446,0.010000000000000009,0.5499269105415516,0.5499269105415516,2.932331620069414,0.9858256571882182,2,1.759720632426228,1.0,1,0,0.543371639329528,0.904018192314458,2,0.0,0.5771643467665062,1.0,1,0.5773502691896257,0.9945532993472677,1.5,1.3333333333333333,0.9902011779755207,1,rbio,0.4644956314535345,0.6222068689729192,0.48819099729065013,2,1.25,0.680670257060083,0.0016468665934561977,,0.050228213297049795,1.0,1.0,0.0,1.0000000000000002,,0.622754395456096,1.0,1.0,1.0,,0.01664874175731107,1.0,0.6755048514094093,,,,,0.9166666666666666,,1.0,0.008474576271186446,0.008474576271186418,0.6107240505857575,0.6107240505857575,0.008474576271186418,3.0472492326296337,1.0,1,1.7828880158931095,0.9170146291022327,27,18.384776310850235,0.9132793570242913,14.0,1.9285714285714286,0.9236208105876174,7,0.6261605206073753,0.9968249595590992,0.26264014770710753,4,6.25,,,0.3260704022745043,0.8,0.008928571428571452,,0.3701398770470441,1.0,False,False,0.0,0.0,0.0013876662646101978,0.011823156920093218,,0.13564242587319064,0.38778137936021295,0.0008639126609106231,0.2754701664186172,0.3701398770470442,0.009717965507512137,,0.005461593488328007,0.006710436939739929,0.006710436939739929,0.006710436939733627,,0.0,0.0005994362486571246,0.019005727312704314,0.005038570265933359,,,,,0.4782608695652174,,1.5122555306178473e-05,0.09302325581395354,0.09302325581395343,0.0027114219274859052,0.0027114219274859052,0.09302325581395354,0.24960551840622566,0.07774562555128778,2076,0.5418025520791566,0.2629960000347344,2136,42.42640687119285,0.9801745762284145,2106.0,2105.5726495726494,0.4980312133478521,1901,818.67,599.5,715.6978453131971,300,0.38607403914171184,1.0,0.42974817260080167,3,1426.5
rbio3.9,1.0,periodic,4.520571246790878e-27,320.69546555882744,5066692.734450447,0.5446428571428571,141.17325325890567,206,smoothed,4.4296820796112105e-14,-2.0422099566985748e-10,6.370923564683193,30180.684797963924,0.9589925800394957,0.0001496656645132028,1.0,362.4,,,,[],[],11,426.59999999999997,32.200000000000074,728.3999999999999,"[9, 31, 53, 64, 80, 102, 131, 148, 158, 175, 192]","[311.0, 417.8, 589.6, 432.20000000000005, 728.3999999999999, 371.0, 587.0, 32.200000000000074, 448.1999999999999, 368.00000000000006, 407.2000000000001]","[0, 0, 0, 60, 0, 94, 120, 144, 144, 165, 186]","[20, 40, 75, 75, 204, 120, 204, 149, 204, 186, 204]",30736475.839999996,728.3999999999999,-728.3999999999999,0.0,,,,DWT,mdp.39015067403892,0.0,,0.0,15.0,11.0,0.0,33.0,,1.1368683772161603e-13,168.40000000000003,987.7999999999993,168.40000000000003,,0.0,168.40000000000003,,,28.000000000000085,0.0,15.0,1.1368683772161603e-13,1.1368683772161603e-13,,0.0,4.847698988552713e-14,8.442013616564091e-27,0.9832289129406842,0.34125604193932724,0.10729653280833222,0.2168604113348339,0.014345743498511879,,0.9999996647841187,4.4059199552998455e-09,4.4059199552998455e-09,3.6787269888316428e-09,,0.0,0.9999999955940747,7.585973278963461e-14,,,,,,0.0,0.0,0.0,1.7477015598164352e-13,1.7477015598164352e-13,0.7999999009795509,0.3007374869249613,718,0.906696097071593,0.46030047059574286,255,0,0.1666666394057655,0.23713383959848497,716,0.0,0.2375696632173912,0.41913718351227075,276,260.81586735984195,0.7266081054928282,491.25,387.06570637306874,0.6058354992872945,562,rbio,0.7685897546424816,0.816051598246696,0.21717169227625407,5,422.75,3.7621957096373984e-14,0.999999999970514,2.402178072996045e-27,0.9695161615370379,0.8046192455109542,0.00028107534283111277,0.1779605263157894,0.00013972626979625235,0.9999999997235511,2.0315811924853655e-05,4.745387416349445e-11,4.745387416349445e-11,3.962169481397382e-11,,0.0,0.0031261328403482946,7.585973278963461e-14,,,,,0.0,,0.0,0.0,0.0,1.4238426238064856e-13,1.4238426238064856e-13,1.0,0.20156916120420534,0.057512244684840355,1891,1.755399958263936,0.811495338982458,197,1197.8388873300114,0.3722018410220066,1044.0,356.82662835249045,0.41251601485062594,1891,0.3888041033402703,1.0,0.4278371276618108,3,1419.0,,,,,,,,,,,,,2.526080422785749e-19,0.9999999999715835,2.402178072996045e-27,0.9778882375335963,0.2487366282943828,0.0013271553318980498,0.13463043856427698,1.0,0.00013972626979625235,0.9999999999999541,9.960751159770543e-05,3.8434858594393884e-14,3.8434858594393884e-14,3.20911916831812e-14,,0.0,0.0,0.004567040150618464,7.054128794466933e-19,,,,,0.13043478260869565,,0.0,0.7209302325581395,0.7209302325581395,4.770970844811595e-19,4.770970844811595e-19,1.0,0.3986733618839274,0.12417638082767558,1806,1.865672900258384,0.9056149851237164,151,1170.2617228637362,0.4531487276337681,978.5,278.6980071538068,0.49795286848978126,1902,818.67,599.5,715.6978453131971,300,0.38607403914171184,1.0,0.42974817260080167,3,1427.25
bior3.5,1.0,antireflect,1.8939401507795494e-27,324.473736232305,5241045.420102714,0.5231481481481481,71.15719837330451,206,smoothed,2.616245946961341e-14,-2.0629458141741043e-10,6.194957222605212,50215.69303744558,0.9936446939542095,0.00014966566451320274,1.0,362.4000000000001,,,,[],[],11,426.60000000000014,32.200000000000045,728.4,"[9, 31, 53, 64, 80, 102, 131, 148, 158, 175, 192]","[311.0, 417.8000000000001, 589.6, 432.2, 728.4, 371.0, 587.0000000000001, 32.200000000000045, 448.20000000000016, 368.0000000000001, 407.1999999999999]","[0, 0, 0, 60, 0, 94, 120, 144, 144, 165, 186]","[20, 40, 75, 75, 205, 120, 205, 149, 205, 186, 205]",30736475.84,728.4,-728.4,0.0,,,,DWT,mdp.39015067403892,3.725290298461914e-09,,0.0,15.0,11.0,0.0,33.0,,0.0,168.4000000000002,987.7999999999975,168.40000000000003,,0.0,168.4000000000002,,,28.000000000000057,0.0,15.0,0.0,0.0,,1.1368683772161603e-13,8.638338174208847e-15,7.549159624619113e-28,0.997584123239468,0.08744147539386354,0.1821208374888019,0.06921361249010745,0.18049273041889785,,0.9999996647593375,4.406097391567225e-09,4.406097391567225e-09,3.6787269888316428e-09,,1.2251610931599486e-12,0.9999999955939026,0.0,,,,,,7.946695712486874e-14,0.0,0.0,0.0,0.0,0.7999999009726814,0.3007374869223789,731,0.8332141675486181,0.4229960564166689,403,0,0.1666666394037889,0.23713383959567264,741,0.0,0.2166932541473068,0.38230554776811293,429,185.10177380745617,0.8059729834303394,576.0,531.2149451270017,0.6010996992623395,582,bior,0.8100315533562081,0.7923003667562746,0.1952878026237719,6,438.0,1.4708876949815372e-14,0.9999999999705138,5.433999842561686e-28,0.9834588356807679,0.7438317016135014,0.00047708602966040265,0.05679824561403529,0.0017579831919753226,0.9999999997235198,2.0315811924354055e-05,4.745570603148508e-11,4.745570603148508e-11,3.962169481397382e-11,,1.2251610931599486e-12,0.003126132840347795,0.0,,,,,0.0,,3.687271056968986e-14,0.0,0.0,0.0,0.0,1.0,0.20156916120474216,0.05751224468499352,1785,1.685652186633012,0.7792519796748252,883,637.8103166302659,0.6657178634013281,1334.0,1181.525487256372,0.4832782189124041,1613,0.5943810304597339,0.7715092316736338,0.3524805091760961,5,1211.0,,,,,,,,,,,,,9.876096027889589e-20,0.9999999999715831,5.433999842561686e-28,0.9880016981198413,0.22994502121351126,0.0013729908778673386,0.04296892617146997,1.0,0.0017579831919753226,0.9999999999999541,9.960751159770499e-05,3.843648489765261e-14,3.843648489765261e-14,3.20911916831812e-14,,0.0,9.572760819061336e-19,0.004567040150618456,0.0,,,,,0.13043478260869565,,1.1666441752192217e-21,0.7209302325581395,0.7209302325581395,0.0,0.0,1.0,0.3986733618839274,0.12417638082767558,1887,1.8263507886544288,0.8865276662746742,623,893.7829714197961,0.5823444058785999,1255.0,936.7338645418326,0.4979479038738794,1903,1104.4,1082.5,563.6960149978129,300,0.520820561188399,0.7876173146100969,0.3991404127850916,6,1428.75
sym12,1.0,symmetric,1.0866398213735815e-22,279.1109363056145,6470625.383879527,0.6447368421052632,308.2318342178986,206,raw,8.17454841681353e-12,,6.445508745328052,62734.18162329483,0.7504797387118854,5.618943883689595e-06,0.9999999999999996,326.99999999999727,,,,[],[],13,661.1538461538736,87.00000000000506,940.000000000039,"[8, 32, 51, 63, 81, 100, 111, 133, 152, 162, 175, 192, 204]","[878.0000000000282, 638.0000000000323, 787.0000000000321, 792.0000000000368, 940.000000000039, 788.0000000000314, 637.0000000000279, 675.0000000000133, 771.0000000000341, 196.00000000001393, 834.0000000000379, 572.0000000000239, 87.00000000000506]","[0, 13, 42, 42, 76, 99, 107, 107, 107, 161, 164, 187, 203]","[76, 42, 61, 76, 205, 164, 119, 142, 164, 164, 205, 205, 205]",37754613.000000894,941.0000000000261,-941.0000000000261,0.0,,,,DWT,mdp.39015067403892,8.940696716308594e-07,,0.0,33.0,19.0,0.0,28.5,,2.6147972675971687e-11,256.3413461538736,4358.9999999996435,256.34134615387353,,0.0,256.3413461538736,,,84.00000000000506,0.0,28.5,3.89945853385143e-11,2.6147972675971687e-11,,2.7284841053187847e-12,1.0310335899275281e-11,7.689703218533517e-23,0.8160598343162304,0.830384683884047,0.0008267787931398601,0.6569548872180452,0.0004043758919845171,,0.47422802461747726,6.717183554688725e-09,6.717183554688725e-09,6.103173116730292e-09,,1.3724522103217282e-10,0.9999999932827893,4.669246559924407e-11,,,,,,8.849450536725565e-12,1.0,1.0,3.274838034754917e-11,3.274838034754917e-11,0.8422684099973927,0.27536483385551663,58,1.1681853371754367,0.5610833735104053,855,0,0.2895190031413409,0.3459225096000195,58,0.125,0.32298293715910825,0.5866489906860515,858,461.0158167930178,0.516754909021994,457.25,108.6429531692258,0.5187286075508293,804,sym,0.8243425715244881,0.7368036147090654,0.2019191155201387,6,604.5,1.0310335899275281e-11,0.00015478832996140834,7.689703218533516e-23,0.8160598343162304,0.8303846838840471,0.0018594037858210696,0.7421745152354571,0.0027691198267658637,,0.9919828214562914,0.9855281704455539,0.9855281704455539,0.9855281704454412,,2.940386623583877e-11,0.9999999999666548,2.601988834684467e-11,,,,,1.0,,8.849450536725565e-12,1.0,0.75,3.274838034754917e-11,3.274838034754917e-11,0.0,2.2595701998664164,0.6447065287216155,59,1.2037818349516431,0.556490470229424,1716,1171.6759364261093,0.38591407944124256,887.5,114.07774647887324,0.46038366445856677,1713,0.7763846615972358,0.5622554397616224,0.28785410495344815,6,1286.25,,,,,,,,,,,,,6.922749287281117e-17,0.03641360043841328,7.689703218533516e-23,0.86657712884248,0.2567016481509239,0.0016962349319624465,0.5614687849375842,0.9999999999999997,0.0027691198267658637,,0.0008499884728391899,0.0007982210227403748,0.0007982210227403748,0.0007982210227340356,,0.0,2.297462596574721e-17,0.02016391057304817,2.419566176502158e-16,,,,,0.4782608695652174,,2.799946020526132e-19,1.0,0.9302325581395349,1.0973232943066667e-16,1.0973232943066667e-16,0.9302325581395349,0.5814294660167878,0.18110015290550932,203,1.2857644608841952,0.6241220328359706,1815,1139.8561312727147,0.4673569480034043,1009.0,365.1585728444004,0.4979308104503003,1904,1409.1368421052632,1454.5,398.32527672708756,380,0.6645304607900322,0.5565550872278735,0.3678621512786154,7,1429.75
db9,,,,5.909129503986351,959226.5949289799,0.6310679611650486,146.029856145721,206,raw,166.8407464755453,,7.3334892288433275,123196.58906353095,1.0,2.8289771302028324e-06,-0.0984138240464872,476.0797866667855,,,,[],[],14,921.6792968319976,366.09510690338846,1714.224746130671,"[2, 15, 27, 38, 52, 69, 87, 108, 121, 135, 146, 159, 181, 199]","[788.2344284534655, 1061.9393580921956, 366.09510690338846, 1084.1136686433808, 1425.3947538651146, 1118.2461479795563, 1714.224746130671, 738.041080683993, 540.9504904689871, 1099.478888749705, 399.9623963878981, 1032.3138106205695, 894.906329027566, 639.6089496414735]","[1, 7, 25, 7, 7, 66, 81, 101, 120, 93, 145, 93, 171, 193]","[7, 25, 29, 44, 81, 81, 93, 120, 130, 155, 155, 193, 193, 202]",75429427.64369212,1478.4740513258544,-1478.4740513258544,0.0,,,,SWT,mdp.39015067403892,37674814.64369212,,0.0,-20.5,18.0,0.0,-20.5,,537.4740513258544,516.8667968319976,50.4898443520342,516.8667968319974,,0.0,516.8667968319976,,,363.09510690338846,0.0,-25.0,774.2247461306711,537.4740513258544,,149.07978666678548,0.7725595734879216,,0.03526997699066778,0.5277984919079218,0.1369357671612055,0.3142857142857147,0.10371463086228533,,0.5131122081838322,0.21247593537155343,0.21247593537155343,0.2124759353715529,,0.3160637665064059,0.012131655064425345,0.5390562969840118,,,,,,0.2013364722708495,0.09322033898305085,0.020000000000000018,0.375326684260243,0.375326684260243,1.3005516644476534,0.43723472152204557,71,0.7855867364660699,0.4464269623201135,99,0,0.25208107988946715,0.41939230107692654,82,0.0,0.2818983116106485,0.4884194825788354,99,13.744695946679455,0.8703330571067975,87.75,86.0554663879661,0.5212514342137762,92,db,0.9380878725805777,0.8243093411562624,0.09604568684671688,4,70.0,0.7839390617576791,0.01176116212015249,,0.03526997699066775,0.5277984919079219,0.28630706924022326,0.3142857142857147,0.5846738746365739,,0.5233451032534949,0.444865181224674,0.444865181224674,0.4446297127788198,,0.3160637665064059,0.012131655064425345,0.6333851675089588,,,,,0.8333333333333333,,0.46608429356847614,0.09322033898305085,0.01694915254237289,0.4597093144339466,0.4597093144339466,0.09322033898305085,1.8180220709246966,0.5966108880945812,75,1.0835912138194486,0.5573367402670644,158,58.68986283848344,0.7231610243467762,116.5,101.71673819742489,0.5868163612299919,127,0.9080317387829661,0.7281573716544635,0.1459305713555847,6,96.75,,,0.08272402657882277,0.6000000000000001,0.09821428571428573,,0.14270636079677612,1.0,False,False,0.0,0.0,0.001415432368517095,0.017750391674889753,,0.1352860319460104,0.3515298985120447,0.0002473443020248433,0.5031795426870521,0.14270636079677612,0.007652756918512067,,0.00458976801919521,0.0031629436563501406,0.0031629436563501406,0.003162943656343815,,0.0,0.0012552949570225243,0.0002305709280062563,0.00480396955753374,,,,,0.43478260869565216,,1.1798571261593886e-05,0.1705426356589147,0.10077519379844957,0.0022555584094946283,0.0022555584094946283,0.1705426356589147,0.24342997362296195,0.07582210400673024,2084,0.5242254519485992,0.2544639120834926,2138,38.18376618407357,0.9821571186055731,2111.0,2110.6546660350546,0.497854260237366,1905,1009.0473684210526,935.5,610.6543869996938,760,0.4758535102197843,0.8532293215616218,0.41093374637766444,5,1430.0
sym20,,,,12.8500776318449,35208.99746731547,0.6456310679611651,27.058205993364204,206,smoothed,142.77145623723683,,7.194089687170165,90447.61084340734,1.0,7.884014462716079e-05,0.9783310783539756,493.1883561273654,,,,[],[],13,573.6036880187454,81.45066574111036,999.6613714584755,"[9, 27, 52, 65, 80, 91, 101, 111, 130, 147, 159, 176, 201]","[661.4979687409898, 439.92628133710286, 824.8882160052746, 626.3154003523097, 999.6613714584755, 303.5990358027849, 510.73190802676885, 282.3713030549667, 880.2753027234038, 81.45066574111036, 688.7578752792913, 540.1489599563082, 617.2236557649028]","[0, 19, 0, 59, 0, 86, 96, 107, 123, 145, 148, 171, 186]","[39, 39, 74, 74, 205, 96, 123, 123, 205, 148, 205, 186, 205]",61461838.02689994,984.9939351878139,-984.9939351878139,0.0,,,,SWT,mdp.39015067403892,30725362.186899945,,0.0,-11.0,9.0,0.0,-6.5,,256.59393518781394,315.40368801874547,1776.4479442436914,315.40368801874536,,0.0,315.40368801874547,,,77.25066574111037,0.0,-6.5,271.26137145847554,256.59393518781394,,130.78835612736543,0.23826425393925632,,0.9333434322872916,0.1655133723906649,0.0300654418140826,0.3333333333333338,0.35807603737075605,,0.13777088000366428,0.47415962370388054,0.47415962370388054,0.4734926997834584,,0.1636304483577049,0.655715405426528,0.2957006191954617,,,,,,0.4902877818691852,0.12,0.202020202020202,0.21218992617117444,0.21218992617117444,1.5296199662533951,0.49103673108709495,82,1.6222422374939174,0.6183960552009098,31,0,0.29142114242708766,0.4804664826076406,74,0.0,0.47319738792917726,0.6263639368531598,30,27.62094615806393,0.7394250362446799,54.25,43.81159409038329,0.6138162917072456,58,sym,0.6803648884317847,1.0,0.22374457809775072,3,44.25,0.024479790494904126,0.8794184117429502,,0.8150562976186554,0.33388979822552073,0.005127234843228745,0.40000000000000036,0.05271135991800191,,0.0866071244638707,0.15870943617648878,0.15870943617648878,0.15835259064117874,,0.24575038347942396,0.43227617213885616,0.07307907648536288,,,,,0.08333333333333331,,0.11650745521879535,0.25423728813559315,0.3305084745762712,0.06922637609526022,0.06922637609526022,0.33050847457627114,0.7881202748565055,0.25863334919159026,186,1.5040314072095085,0.7735868942668498,71,81.31727983645297,0.6164279252997502,128.5,102.77042801556419,0.505147924914026,185,0.7190889370932755,0.9859759878661594,0.20084494767485936,5,140.0,,,0.9830877686634584,0.25,0.21,0.7438954636345745,0.9830877686634579,1.0,False,False,0.0,0.0,0.0012112349334766808,0.5262196361854093,,0.1538651681140547,0.3366432935883896,4.429483096527647e-06,0.5652820998511706,0.9830877686634582,0.0050075740433400745,,0.0007595496883940286,0.0013343147373403195,0.0013343147373403195,0.001334314737333983,,0.0,0.0011012758171629858,0.00821572305145073,0.001683143527940697,,,,,0.04347826086956519,,9.622220539872436e-06,0.3178294573643411,0.38759689922480617,0.001076819628613674,0.001076819628613674,0.3875968992248062,0.17281767818181726,0.053828210940032664,2118,1.0402232007630294,0.5049340205101809,1967,106.77312395916867,0.95010601684151,2042.5,2039.7091799265606,0.4978333822525307,1906,1409.1368421052632,1454.5,398.32527672708756,380,0.6645304607900322,0.5565550872278735,0.3678621512786154,7,1431.25
coif15,,,,5.78087981331336,974771.0510063765,0.6553398058252428,145.47528956821307,206,raw,166.13511956177052,,7.303710713981901,123196.58906353099,1.0,2.8293510992155086e-06,-0.1355005757729819,507.00211487025774,,,,[],[],15,903.7205849343801,116.59655961631336,1753.0671020060065,"[1, 13, 24, 41, 54, 65, 77, 95, 115, 125, 145, 159, 172, 188, 204]","[299.2801583656776, 319.2274124402783, 1006.4157840149048, 1081.9011034019588, 116.59655961631336, 1753.0671020060065, 1532.34686101826, 1520.7174688904324, 856.3356753093132, 1008.6271120792239, 974.5574928594252, 430.3602239651775, 1363.1652221570162, 869.7446215564862, 423.46597633522396]","[0, 12, 14, 14, 53, 14, 75, 85, 112, 122, 122, 158, 122, 186, 199]","[14, 14, 28, 53, 55, 85, 85, 199, 122, 137, 160, 160, 199, 199, 205]",75466344.4553233,1511.9623557730922,-1511.9623557730922,0.0,,,,SWT,mdp.39015067403892,37711731.455323294,,0.0,-20.0,17.0,0.0,-11.0,,570.9623557730922,498.9080849343801,601.8087740157007,498.9080849343799,,0.0,498.9080849343801,,,113.59655961631336,0.0,-20.0,813.0671020060065,570.9623557730922,,180.00211487025774,0.7491222645380097,,0.020861663807894587,0.48637573794995165,0.1426559667516498,0.45714285714285746,0.10371463086228686,,0.12372286951464607,0.17628935974155308,0.17628935974155308,0.17628935974155252,,0.4349310963399602,0.14633747702040067,0.5934604934282262,,,,,,0.20411431339365346,0.1016949152542373,0.12000000000000001,0.42915362531827,0.42915362531827,1.2926013449370723,0.4345618898059011,73,0.7968138043852339,0.4528069908952655,98,0,0.2519529091779644,0.4191790609176438,83,0.0,0.2873751884311771,0.49790876730546857,91,10.750968948580091,0.8985757646360368,86.25,85.215321648079,0.542448259676509,86,coif,1.0,1.0,0.0,5,65.75,0.7616743877098391,0.011765430926114429,,0.02086166380789456,0.4863757379499517,0.29103726874902114,0.45714285714285746,0.5846738746365746,,0.14213953980073793,0.4193568456616997,0.4193568456616997,0.4191105574871451,,0.43493109633996013,0.14633747702040067,0.6766559297207022,,,,,0.75,,0.4679413121425601,0.10169491525423727,0.1016949152542373,0.5062651607513532,0.5062651607513532,0.2542372881355932,1.856614549173704,0.6092755818241793,69,1.0954864481999027,0.563454961852626,157,62.22539674441618,0.7064839776206784,113.0,95.86725663716814,0.5867325548480751,128,1.0,0.7220099692676862,0.08339700921969413,7,97.75,,,0.05175319796558947,0.4000000000000001,0.2678571428571429,,0.11376077065780171,1.0,False,False,0.0,0.0,0.001409446018090402,0.017752893303895165,,0.13494274045000287,0.34834982359476396,0.00025143078126912705,0.6066838046272496,0.11376077065780188,0.00765275691851207,,0.0012465723095235533,0.0029999370388230067,0.0029999370388230067,0.00299993703881668,,0.0,0.001515669911408358,0.0027812501838788686,0.005044981610042469,,,,,0.3913043478260869,,1.1810132450066889e-05,0.17829457364341084,0.17829457364341084,0.0023960951042975723,0.0023960951042975723,0.317829457364341,0.2644557543203899,0.08237108771295329,2058,0.5522539061360394,0.2680691845396044,2134,53.74011537017761,0.9748877965559918,2096.0,2095.3110687022904,0.4977242721097716,1907,986.6382352941176,846.0,585.0035688138154,340,0.4652856568234462,0.8173890317607586,0.42908333069536003,4,1431.25
bior2.4,1.0,smooth,2.547944135426468e-27,323.1854997253771,5058959.588315385,0.5327102803738317,75.00990856147246,206,smoothed,3.261253187675606e-14,-2.0912207521206537e-10,6.163533929628473,36810.1318987914,0.9891674802229683,0.00014966566451320268,0.9999999999999999,362.4000000000001,,,,[],[],11,426.59999999999997,32.20000000000002,728.4000000000001,"[9, 31, 53, 64, 80, 102, 131, 148, 158, 175, 192]","[311.0, 417.79999999999995, 589.6, 432.20000000000005, 728.4000000000001, 371.0, 587.0, 32.20000000000002, 448.20000000000005, 368.0000000000001, 407.2]","[0, 0, 0, 60, 0, 94, 120, 144, 144, 165, 186]","[20, 40, 75, 75, 205, 120, 205, 149, 205, 186, 205]",30736475.840000004,728.4000000000001,-728.4000000000001,0.0,,,,DWT,mdp.39015067403892,7.450580596923828e-09,,0.0,15.0,11.0,0.0,33.0,,1.1368683772161603e-13,168.40000000000003,987.7999999999993,168.40000000000003,,0.0,168.40000000000003,,,28.00000000000003,0.0,15.0,1.1368683772161603e-13,1.1368683772161603e-13,,1.1368683772161603e-13,2.2808243775761876e-14,2.6689237969793457e-27,0.9926895808496558,0.0421163899704952,0.1039778154603098,0.13489573982663977,0.06932264431056116,,0.9999996647345563,4.4059199552998455e-09,4.4059199552998455e-09,3.6787269888316428e-09,,1.2251610931599486e-12,0.9999999955940747,7.585973278963461e-14,,,,,,1.5893391424973748e-13,0.0,0.0,1.7477015598164352e-13,1.7477015598164352e-13,0.7999999009653742,0.300737486919632,772,0.7503482048800832,0.3809276701780061,676,0,0.16666663940175064,0.2371338395927726,770,0.0,0.19185745291681214,0.3384884726540455,672,56.03272853133842,0.941265483719771,722.5,719.2403471674181,0.5919639787571602,608,bior,0.8100315533562081,0.7923003667562746,0.1952878026237719,6,457.5,2.285865533765456e-14,0.9999999999705134,1.006216509369377e-27,0.978704951327739,0.7329765302286263,0.0002723815892498925,0.1106984751598622,0.0006751964095086374,0.9999999997234772,2.0315811923854454e-05,4.745387416349445e-11,4.745387416349445e-11,3.962169481397382e-11,,1.2251610931599486e-12,0.0031261328403482946,7.585973278963461e-14,,,,,0.0,,7.374542113937972e-14,0.0,0.0,1.4238426238064856e-13,1.4238426238064856e-13,1.0,0.2015691612048545,0.05751224468502557,1758,1.6983968952138815,0.7851436692361566,752,711.3494218736668,0.6271753554121243,1255.0,1053.399203187251,0.4847092709974668,1604,0.5943810304597339,0.7715092316736338,0.3524805091760961,5,1204.25,,,,,,,,,,,,,1.5348165325833461e-19,0.9999999999715827,1.006216509369377e-27,0.9845534197235808,0.22658929893257468,0.0013251223665104804,0.083745449441541,0.9999999999999999,0.0006751964095086374,0.9999999999999541,9.960751159770467e-05,3.8434858594393884e-14,3.8434858594393884e-14,3.20911916831812e-14,,0.0,9.572760819061336e-19,0.004567040150618464,7.054128794466933e-19,,,,,0.13043478260869565,,2.3332883504384434e-21,0.7209302325581395,0.7209302325581395,4.770970844811595e-19,4.770970844811595e-19,1.0,0.3986733618839274,0.12417638082767558,1859,1.8384575208155671,0.8924043867139794,455,992.7779207859127,0.5360850837449006,1157.0,731.0674157303371,0.49771543906871196,1908,1104.4,1082.5,563.6960149978129,300,0.520820561188399,0.7876173146100969,0.3991404127850916,6,1432.5
sym11,1.0,reflect,3.41228712590219e-23,284.1413367923931,6494908.276311347,0.6415929203539823,311.4500491689537,206,raw,4.572575328085486e-12,,6.44287135236215,62387.28381037498,0.7525541086231098,5.618943883689804e-06,0.9999999999999999,326.9999999999979,,,,[],[],13,661.1538461538607,86.99999999999932,940.0000000000208,"[8, 32, 51, 63, 81, 100, 111, 133, 152, 162, 175, 192, 204]","[878.000000000012, 638.0000000000197, 787.0000000000213, 792.0000000000193, 940.0000000000208, 788.0000000000155, 637.0000000000156, 675.0000000000084, 771.0000000000153, 196.00000000000966, 834.0000000000215, 572.0000000000094, 86.99999999999932]","[0, 13, 42, 42, 76, 99, 107, 107, 107, 161, 164, 187, 203]","[76, 42, 61, 76, 205, 164, 119, 142, 164, 164, 205, 205, 205]",37754613.000000484,941.0000000000122,-941.0000000000122,0.0,,,,DWT,mdp.39015067403892,4.842877388000488e-07,,0.0,33.0,19.0,0.0,28.5,,1.2164491636212915e-11,256.34134615386074,4358.999999999811,256.34134615386057,,0.0,256.34134615386074,,,83.99999999999932,0.0,28.5,2.0804691303055733e-11,1.2164491636212915e-11,,2.1032064978498966e-12,5.759180411534268e-12,2.414680630801861e-23,0.8346231509393509,0.829473596918231,0.0008541063364680743,0.6333754740834386,0.00037629000540429533,,0.4742280246108079,6.707235432255176e-09,6.707235432255176e-09,6.093136957808867e-09,,1.0579319121229988e-10,0.9999999932927578,2.4911723628751206e-11,,,,,,4.793452374059682e-12,1.0,1.0,1.52351160747294e-11,1.52351160747294e-11,0.8422684099557467,0.2753648338419012,73,1.169438447828225,0.5616852468006044,854,0,0.2895190031314285,0.34592250958817605,72,0.125,0.3221360883269503,0.5851108196079787,859,452.64739772439503,0.5255268367668815,464.5,133.67811786377493,0.5193147810668789,801,sym,0.8243425715244881,0.7368036147090654,0.2019191155201387,6,602.25,5.759180411534268e-12,0.00015478832996290715,2.4146806308018613e-23,0.8346231509393509,0.8294735969182311,0.001886703086694792,0.7244527247321845,0.0027411003829834507,,0.9919828214561895,0.9855281704454097,0.9855281704454097,0.9855281704452958,,2.266548022345905e-11,0.9999999999667042,1.3882331100503132e-11,,,,,1.0,,4.793452374059682e-12,1.0,0.75,1.52351160747294e-11,1.52351160747294e-11,0.0,2.259570199847808,0.6447065287163062,72,1.2073780071128573,0.5581529272286196,1710,1158.2409075835649,0.39295549917003936,891.0,138.1818181818182,0.4629871835472838,1701,0.7763846615972358,0.5622554397616224,0.28785410495344815,6,1277.25,,,,,,,,,,,,,3.866931444209754e-17,0.036413600438414684,2.4146806308018613e-23,0.880042219475925,0.2564199985368681,0.001702618657158087,0.5480619217584649,0.9999999999999999,0.0027411003829834507,,0.000849988472839113,0.0007982210227402582,0.0007982210227402582,0.0007982210227339179,,0.0,1.7709607515263474e-17,0.020163910573048945,1.2909055693874488e-16,,,,,0.4782608695652174,,1.5166374277849883e-19,1.0,0.9302325581395349,5.1049388039484055e-17,5.1049388039484055e-17,0.9302325581395349,0.581429466016788,0.1811001529055094,181,1.2883319292706719,0.6253683058800303,1812,1153.2911601152591,0.46107889714240224,996.5,329.12393376818864,0.4977123457674628,1909,1409.1368421052632,1454.5,398.32527672708756,380,0.6645304607900322,0.5565550872278735,0.3678621512786154,7,1433.5
sym11,1.0,periodization,3.410636846311677e-23,284.1434376727097,6013691.579188475,0.6456310679611651,311.4500491689537,206,raw,4.5757788698856544e-12,,6.278109294905857,63117.30860590182,0.7680011256148076,5.618943883689802e-06,0.9999999999999998,326.99999999999784,,,,[],[],13,661.1538461538609,87.000000000002,940.0000000000208,"[8, 32, 51, 63, 81, 100, 111, 133, 152, 162, 175, 192, 204]","[878.0000000000136, 638.0000000000197, 787.0000000000213, 792.0000000000194, 940.0000000000208, 788.0000000000153, 637.0000000000157, 675.0000000000082, 771.0000000000153, 196.0000000000095, 834.0000000000217, 572.0000000000094, 87.000000000002]","[0, 13, 42, 42, 76, 99, 107, 107, 107, 161, 164, 187, 203]","[76, 42, 61, 76, 205, 164, 119, 142, 164, 164, 205, 205, 205]",37754613.00000049,941.0000000000122,-941.0000000000122,0.0,,,,DWT,mdp.39015067403892,4.917383193969727e-07,,0.0,33.0,19.0,0.0,28.5,,1.2164491636212915e-11,256.34134615386085,4358.999999999809,256.3413461538609,,0.0,256.34134615386085,,,84.000000000002,0.0,28.5,2.0804691303055733e-11,1.2164491636212915e-11,,2.1600499167107046e-12,5.763228142176584e-12,2.4135127836885763e-23,0.8346309036633353,0.7725565712985211,0.0003125534643047362,0.6636615811373097,0.0004353950007207503,,0.474228024613928,6.707323468736888e-09,6.707323468736888e-09,6.093401067254168e-09,,1.0865246665047014e-10,0.9999999932926494,2.4911723628751206e-11,,,,,,4.867197795199061e-12,1.0,1.0,1.52351160747294e-11,1.52351160747294e-11,0.8422684099582272,0.27536483384271215,64,1.152851895036355,0.5537186693242316,864,0,0.2895190031319606,0.3459225095888118,65,0.125,0.3182638577957078,0.5780775064774525,868,462.74930217847617,0.5149378383873415,465.25,120.05127441044894,0.5136272001161026,834,sym,0.8243425715244881,0.7368036147090654,0.2019191155201387,6,627.0,5.763228142176584e-12,0.00015478832996290715,2.4135127836885763e-23,0.8346309036633353,0.7725565712985212,0.001345709898296776,0.7472151251916201,0.0028000655535789696,,0.9919828214562372,0.9855281704454111,0.9855281704454111,0.9855281704452997,,2.3278060770039025e-11,0.9999999999667036,1.3882331100503132e-11,,,,,1.0,,4.867197795199062e-12,1.0,0.75,1.52351160747294e-11,1.52351160747294e-11,0.0,2.2595701998481674,0.6447065287164087,64,1.1877821955952075,0.5490940744952071,1744,1187.9393923933999,0.37739025555901473,904.0,123.46902654867256,0.45179785314638365,1750,0.7763846615972358,0.5622554397616224,0.28785410495344815,6,1314.0,,,,,,,,,,,,,3.8696492435804967e-17,0.03641360043841467,2.4135127836885763e-23,0.8800478429931673,0.23882490728821001,0.001576111686762716,0.5652820998511706,0.9999999999999998,0.0028000655535789696,,0.000849988472839149,0.0007982210227402592,0.0007982210227402592,0.000798221022733921,,0.0,1.818824555621654e-17,0.02016391057304894,1.2909055693874488e-16,,,,,0.4782608695652174,,1.5399703112893729e-19,1.0,0.9302325581395349,5.1049388039484055e-17,5.1049388039484055e-17,0.9302325581395349,0.581429466016788,0.1811001529055094,191,1.2863861615768108,0.624423812136842,1814,1147.6343058657667,0.46372228697861373,1002.5,345.6099750623441,0.49763217152669004,1910,1409.1368421052632,1454.5,398.32527672708756,380,0.6645304607900322,0.5565550872278735,0.3678621512786154,7,1434.25
bior5.5,,,,13.097266971194463,45404.46037303775,0.6699029126213593,30.99632925375974,206,smoothed,142.5055501447582,,7.242269406104345,87202.56419040964,1.0,7.258049967363084e-05,0.9745677680774667,500.4666081304077,,,,[],[],13,526.3526147265621,64.14091490491629,945.5731693033108,"[9, 27, 52, 65, 80, 91, 101, 112, 130, 147, 159, 176, 201]","[632.6389123209551, 425.22865121725846, 945.5731693033108, 534.705852771354, 787.530315242202, 245.58367058559008, 474.34517921826085, 229.78216934213805, 811.3268329962558, 64.14091490491629, 641.5251386731036, 495.49431619497057, 554.7088686749944]","[0, 19, 0, 59, 74, 86, 96, 107, 123, 145, 148, 165, 186]","[39, 39, 123, 74, 123, 96, 123, 123, 205, 148, 205, 186, 205]",60151097.31227595,955.866928376786,-955.866928376786,0.0,,,,SWT,mdp.39015067403892,29414621.472275957,,0.0,-11.0,9.0,0.0,-6.5,,227.46692837678597,268.1526147265622,1162.1839914453094,268.1526147265623,,0.0,268.1526147265622,,,59.9409149049163,0.0,-2.0,217.17316930331083,227.46692837678597,,138.0666081304077,0.15660212701942142,,0.9659367530661747,0.30390124109624816,0.04825806221287236,0.5185185185185188,0.0,,0.09569958904308158,0.2736475923593479,0.2736475923593479,0.2727263588117774,,0.24063085210110774,0.3798736568619553,0.05189106971353863,,,,,,0.2128240609352462,0.12,0.29292929292929293,0.0880732638623474,0.0880732638623474,0.9358483944158585,0.3004249071830848,104,1.5797306728162854,0.6021907171265678,40,0,0.19000110618929275,0.3132551139633613,103,0.0,0.44568786566515917,0.5899500150822752,42,36.09593698280551,0.6594722926150424,72.25,58.708145209698046,0.48893425951506836,100,bior,0.37456811101670917,0.7330437326379493,0.5178892024969188,1,75.25,0.016089644993365827,0.8079654068379489,,0.8428269799345492,0.4009091459821764,0.00822972832312227,0.5428571428571431,0.0,,0.060159782816042104,0.09159458739896562,0.09159458739896562,0.09120927413185298,,0.2737284314376694,0.28274784244133483,0.012824293242336193,,,,,0.08333333333333331,,0.05057354204170467,0.25423728813559315,0.4067796610169492,0.028733658558104613,0.028733658558104613,0.33050847457627114,0.5873347106923539,0.19274259040029734,209,1.566685224951131,0.80581239969737,51,111.72287142747452,0.4730053234553089,130.0,81.99230769230769,0.4298988881427488,211,0.5170065075921908,0.6634325577032603,0.4390656773744883,2,158.75,,,0.9801505678637509,0.25,0.21,0.5921356555442876,0.9801505678637504,1.0,False,False,0.0,0.0,0.0012089790571501184,0.48434635564998224,,0.15452683051384009,0.3417884499676517,7.10976649419986e-06,0.6687863617913681,0.9801505678637505,0.004745466878409684,,0.0005276049121205868,0.0009054288753811831,0.0009054288753811831,0.0009054288753748461,,0.0,0.0011625608058233137,0.005373828391695493,0.0013475328698291731,,,,,0.04347826086956519,,9.21173762513956e-06,0.3178294573643411,0.4573643410852713,0.0009545855133220489,0.0009545855133220489,0.3875968992248062,0.17773163260704128,0.055358779908054455,2116,1.0707534372009282,0.5197536813487459,1950,117.37972567696688,0.9451496608986136,2033.0,2029.6114117068373,0.49757483044930684,1911,1104.4,1082.5,563.6960149978129,300,0.520820561188399,0.7876173146100969,0.3991404127850916,6,1434.75
rbio3.9,,,,12.396157724641716,81892.89010193206,0.6796116504854369,45.18333391838014,206,smoothed,143.06738495203643,,7.261598884550392,88317.70913372551,1.0,4.83112829754262e-05,0.9289153440970537,489.47011216222154,,,,[],[],13,553.0535689440693,120.33486146863734,1029.0909376655839,"[8, 30, 52, 64, 79, 90, 101, 111, 130, 158, 176, 192, 203]","[630.6980498356537, 448.9548961487337, 1029.0909376655839, 555.1505373417278, 824.2886106184512, 270.21006252138307, 522.5084616049667, 231.31872776153318, 822.2176388326877, 645.8724150530329, 528.4884900663855, 560.5627073541231, 120.33486146863734]","[0, 19, 0, 59, 73, 84, 96, 107, 122, 148, 164, 185, 202]","[39, 39, 205, 73, 205, 96, 122, 122, 205, 205, 185, 205, 205]",60595432.1755221,985.8003534309627,-985.8003534309627,0.0,,,,SWT,mdp.39015067403892,29858956.3355221,,0.0,-15.5,9.0,0.0,-2.0,,257.4003534309627,294.85356894406937,1509.2963962729018,294.85356894406925,,0.0,294.85356894406937,,,116.13486146863735,0.0,-11.0,300.6909376655839,257.4003534309627,,127.07011216222156,0.3291465953024181,,0.8734915099417558,0.35942180834972964,0.1133674306784391,0.5925925925925928,0.12305113765551356,,0.2322787864260034,0.3869542792970902,0.3869542792970902,0.386176752743635,,0.12429321650411224,0.5357481669319349,0.4283581857719905,,,,,,0.3068829416287593,0.030000000000000013,0.11111111111111109,0.21562625388634066,0.21562625388634066,1.3757120974131916,0.44162941523661964,88,1.524423536372916,0.5811077282790613,47,0,0.2606673484989606,0.42976265558800575,84,0.0,0.41741745883199566,0.5525289223793902,53,20.992061991778385,0.8019616793228455,68.0,63.078629591693414,0.5802261226802907,68,rbio,0.5815916171056358,0.9358444144197099,0.312132543700142,2,51.5,0.03381724099145973,0.530935563667777,,0.7640603057487415,0.4277969956124363,0.019333208015241993,0.6000000000000002,0.018114009674887854,,0.14601777796424514,0.12952029743400134,0.12952029743400134,0.1291510709041958,,0.23145722518622824,0.3672443164322085,0.10586389946133405,,,,,0.08333333333333331,,0.07292482476906698,0.17796610169491522,0.2542372881355932,0.07034746850096077,0.07034746850096077,0.4067796610169491,0.7350565579655104,0.24121970401849635,189,1.47648057598343,0.759416337814046,81,76.36753236814714,0.6397757907162871,135.0,113.4,0.5014916689430492,187,0.6261605206073753,0.9968249595590992,0.26264014770710753,4,141.25,,,0.9445196136315502,0.25,0.3,0.0037489825039664915,0.9445196136315499,1.0,False,False,0.0,0.0,0.0012137455137189144,0.32199981255955973,,0.15265014105867813,0.34385266270144443,1.670220318038631e-05,0.710188066567447,0.9445196136315499,0.004835538766685613,,0.0012805846913783346,0.0011477865821340886,0.0011477865821340886,0.001147786582127751,,0.0,0.001069967126677286,0.00697974533525105,0.0018657503754445233,,,,,0.04347826086956519,,9.350889379371162e-06,0.24806201550387597,0.317829457364341,0.001080203835619421,0.001080203835619421,0.4573643410852713,0.1722649915806582,0.05365606344179108,2121,1.0243061220957759,0.49720772242306094,1976,102.5304832720494,0.9520885592186685,2048.5,2045.9340981205762,0.49742278428223147,1912,818.67,599.5,715.6978453131971,300,0.38607403914171184,1.0,0.42974817260080167,3,1434.75
bior2.4,1.0,zero,2.547944135426468e-27,323.1854997253771,5058959.588315385,0.5327102803738317,75.00990856147246,206,smoothed,3.261253187675606e-14,-2.0912207521206537e-10,6.163533929628473,36810.1318987914,0.9891674802229683,0.00014966566451320268,0.9999999999999999,362.4000000000001,,,,[],[],11,426.59999999999997,32.20000000000002,728.4000000000001,"[9, 31, 53, 64, 80, 102, 131, 148, 158, 175, 192]","[311.0, 417.79999999999995, 589.6, 432.20000000000005, 728.4000000000001, 371.0, 587.0, 32.20000000000002, 448.20000000000005, 368.0000000000001, 407.2]","[0, 0, 0, 60, 0, 94, 120, 144, 144, 165, 186]","[20, 40, 75, 75, 205, 120, 205, 149, 205, 186, 205]",30736475.840000004,728.4000000000001,-728.4000000000001,0.0,,,,DWT,mdp.39015067403892,7.450580596923828e-09,,0.0,15.0,11.0,0.0,33.0,,1.1368683772161603e-13,168.40000000000003,987.7999999999993,168.40000000000003,,0.0,168.40000000000003,,,28.00000000000003,0.0,15.0,1.1368683772161603e-13,1.1368683772161603e-13,,1.1368683772161603e-13,2.2808243775761876e-14,2.6689237969793457e-27,0.9926895808496558,0.0421163899704952,0.1039778154603098,0.13489573982663977,0.06932264431056116,,0.9999996647345563,4.4059199552998455e-09,4.4059199552998455e-09,3.6787269888316428e-09,,1.2251610931599486e-12,0.9999999955940747,7.585973278963461e-14,,,,,,1.5893391424973748e-13,0.0,0.0,1.7477015598164352e-13,1.7477015598164352e-13,0.7999999009653742,0.300737486919632,774,0.7503482048800832,0.3809276701780061,677,0,0.16666663940175064,0.2371338395927726,772,0.0,0.19185745291681214,0.3384884726540455,674,56.310892966340596,0.9409739067438778,724.25,720.9661283265713,0.5909009994935321,610,bior,0.8100315533562081,0.7923003667562746,0.1952878026237719,6,459.0,2.285865533765456e-14,0.9999999999705134,1.006216509369377e-27,0.978704951327739,0.7329765302286263,0.0002723815892498925,0.1106984751598622,0.0006751964095086374,0.9999999997234772,2.0315811923854454e-05,4.745387416349445e-11,4.745387416349445e-11,3.962169481397382e-11,,1.2251610931599486e-12,0.0031261328403482946,7.585973278963461e-14,,,,,0.0,,7.374542113937972e-14,0.0,0.0,1.4238426238064856e-13,1.4238426238064856e-13,1.0,0.2015691612048545,0.05751224468502557,1754,1.6983968952138815,0.7851436692361566,750,709.9352083112938,0.6279165574888397,1252.0,1050.7188498402556,0.48586603555783703,1599,0.5943810304597339,0.7715092316736338,0.3524805091760961,5,1200.5,,,,,,,,,,,,,1.5348165325833461e-19,0.9999999999715827,1.006216509369377e-27,0.9845534197235808,0.22658929893257468,0.0013251223665104804,0.083745449441541,0.9999999999999999,0.0006751964095086374,0.9999999999999541,9.960751159770467e-05,3.8434858594393884e-14,3.8434858594393884e-14,3.20911916831812e-14,,0.0,9.572760819061336e-19,0.004567040150618464,7.054128794466933e-19,,,,,0.13043478260869565,,2.3332883504384434e-21,0.7209302325581395,0.7209302325581395,4.770970844811595e-19,4.770970844811595e-19,1.0,0.3986733618839274,0.12417638082767558,1860,1.8384575208155671,0.8924043867139794,454,994.1921343482858,0.5354242362858478,1157.0,729.8530682800346,0.49738501533918555,1913,1104.4,1082.5,563.6960149978129,300,0.520820561188399,0.7876173146100969,0.3991404127850916,6,1436.25
db11,,,,5.850650407805328,961698.159406663,0.6310679611650486,142.3220420260094,206,raw,166.66996658357112,,7.337553502631712,123196.58906353099,1.0,3.004777838012366e-06,-0.11208235200560708,482.3195334860992,,,,[],[],14,1014.0885421133371,345.8653426079645,1701.2283816324277,"[2, 18, 35, 54, 71, 89, 109, 119, 129, 144, 154, 165, 182, 201]","[713.8055805116071, 988.1195755400868, 1483.5155690708532, 1289.892472630618, 1701.2283816324277, 1405.8499315958707, 715.0107846899633, 973.6382477480075, 345.8653426079645, 939.4308211129807, 430.65235713662986, 1486.00868527895, 1039.6851326497733, 684.536707380986]","[1, 8, 8, 45, 45, 79, 102, 115, 126, 126, 150, 79, 179, 195]","[8, 20, 45, 68, 79, 126, 115, 126, 132, 156, 156, 195, 195, 205]",75552072.45247348,1488.15628201498,-1488.15628201498,0.0,,,,SWT,mdp.39015067403892,37797459.45247348,,0.0,-16.0,18.0,0.0,-25.0,,547.15628201498,609.2760421133371,1243.2395895867194,609.2760421133371,,0.0,609.2760421133371,,,342.8653426079645,0.0,-20.5,761.2283816324277,547.15628201498,,155.3195334860992,0.7668871409141423,,0.028700096564444305,0.5334520113643992,0.13784527740991456,0.3142857142857147,0.10371463086228686,,0.48153986186726216,0.3986793870638809,0.3986793870638809,0.3986793870638809,,0.34004973672083333,0.3024789501312837,0.5208530559269466,,,,,,0.21056499928274341,0.1694915254237288,0.11000000000000001,0.39088927750633884,0.39088927750633884,1.6181230700649119,0.5439996036056788,30,0.7786588050552663,0.4424900127366721,102,0,0.3153767992276175,0.5246986469287692,48,0.0,0.2794563467701287,0.4841885129179397,100,36.55133376499413,0.6551760965566591,70.0,54.07554671968192,0.49739936903304655,102,db,0.9380878725805777,0.8243093411562624,0.09604568684671688,4,77.5,0.7785504370404195,0.013767903545691962,,0.028700096564444277,0.5334520113643993,0.2870591697331636,0.3142857142857147,0.5846738746365746,,0.49243631127611953,0.5761221472696791,0.5761221472696791,0.5759423533604546,,0.34004973672083333,0.3024789501312837,0.6189070910600035,,,,,0.8333333333333333,,0.4722536694668441,0.16949152542372878,0.09322033898305085,0.4731696687699748,0.4731696687699748,0.01694915254237289,2.0852938292327377,0.6843200769085851,30,1.0775703074624523,0.5542399337595315,162,93.33809511662427,0.5597259664310176,96.0,50.625,0.5534478888758861,148,0.9080317387829661,0.7281573716544635,0.1459305713555847,6,112.5,,,0.07130955598999883,0.6000000000000001,0.017857142857142905,,0.13203830307563713,1.0,False,False,0.0,0.0,0.0014139835174894022,0.018926393255024748,,0.13512949841904598,0.3519639260379823,0.0002479940511629715,0.5031795426870521,0.13203830307563724,0.00765275691851207,,0.004318696055307933,0.004001718652431279,0.004001718652431279,0.00400171865242496,,0.0,0.0013078354314255973,0.005748832444028264,0.0047233287103892905,,,,,0.43478260869565216,,1.1836979772158744e-05,0.24031007751937983,0.1705426356589147,0.0022961907652328294,0.0022961907652328294,0.10077519379844957,0.24686490224845964,0.07689199491466572,2080,0.520434013200235,0.25262351243721926,2139,41.71930009000631,0.9805049999579409,2109.5,2109.087461483764,0.49737866820326954,1914,1009.0473684210526,935.5,610.6543869996938,760,0.4758535102197843,0.8532293215616218,0.41093374637766444,5,1436.75
db16,,,,5.595188268692767,962557.3163217432,0.6456310679611651,137.35573443138898,206,raw,167.52537862798675,,7.348087640737704,123196.58906353099,1.0,2.877918664263238e-06,-0.1974736675481835,499.3019491667589,,,,[],[],15,924.2853988054223,57.15969905750404,1655.967619299546,"[4, 22, 33, 44, 57, 75, 92, 104, 114, 124, 142, 159, 169, 187, 203]","[982.2757634666193, 1139.6030468770596, 454.7640855875238, 1191.2706364531377, 1293.9331220970485, 1639.606261274812, 1655.967619299546, 130.09975663180757, 833.3607081487705, 57.15969905750404, 1382.2803150161758, 349.5430018426114, 1163.8764123053502, 979.4971896044657, 611.0433644189006]","[2, 11, 31, 31, 31, 31, 88, 102, 106, 123, 119, 157, 161, 183, 161]","[31, 31, 34, 51, 72, 88, 161, 106, 119, 131, 161, 161, 183, 198, 205]",75315368.19976892,1386.0987328610745,-1386.0987328610745,0.0,,,,SWT,mdp.39015067403892,37560755.199768916,,0.0,-15.5,17.0,0.0,-20.0,,445.0987328610745,519.4728988054223,910.2809820813345,519.4728988054221,,0.0,519.4728988054223,,,54.15969905750404,0.0,-20.0,715.967619299546,445.0987328610745,,172.3019491667589,0.7952995440879307,,0.0,0.5481052945437099,0.13816143829771269,0.40000000000000036,0.10371463086228686,,0.03096048641773122,0.21772719763905155,0.21772719763905155,0.21772719763905102,,0.4053311861899851,0.2214278902214828,0.4574589761992394,,,,,,0.1927539593241873,0.17796610169491525,0.12000000000000001,0.22684855422967656,0.22684855422967656,1.1456932330578462,0.385172596675341,90,0.7832090819920055,0.4450758078071461,100,0,0.21466134390446037,0.3571363428458511,94,0.0,0.2836115582559487,0.4913878687151213,97,4.272001872658765,0.9596980955409551,95.25,95.10520307583546,0.5305565949402888,88,db,0.9380878725805777,0.8243093411562624,0.09604568684671688,4,67.0,0.8055412872669592,0.012319823146334952,,0.0,0.5481052945437099,0.28732061237209916,0.40000000000000036,0.5846738746365746,,0.05132673882232679,0.44856685671389807,0.44856685671389807,0.4483329583871304,,0.4053311861899851,0.22142789022148276,0.5684861616314676,,,,,0.75,,0.46034678546427626,0.17796610169491522,0.1016949152542373,0.33128802822808423,0.33128802822808423,0.1016949152542373,1.727654330981778,0.5669553748614429,87,1.0830975595846226,0.5570828330384453,160,51.61879502661797,0.7565151177989718,123.5,112.71255060728745,0.5869839739938256,126,0.9080317387829661,0.7281573716544635,0.1459305713555847,6,96.0,,,0.0,0.4000000000000001,0.10714285714285718,,0.06539180787024912,1.0,False,False,0.0,0.0,0.0014212406049914814,0.018077781263398256,,0.13444569185819555,0.35308887630907293,0.0002482199147688499,0.5652820998511706,0.06539180787024912,0.00765275691851207,,0.00045013858525049167,0.0031865985749234002,0.0031865985749234002,0.0031865985749170737,,0.0,0.0014508322872611975,0.004208398100976927,0.004442491233307105,,,,,0.3913043478260869,,1.1762851418247264e-05,0.24806201550387597,0.17829457364341084,0.0018678970407662288,0.0018678970407662288,0.17829457364341084,0.24362319411963818,0.07588228716485648,2083,0.5185163356433279,0.25169265390787576,2140,40.30508652763321,0.9811658474169939,2111.5,2111.115320861946,0.4972418022131698,1915,1009.0473684210526,935.5,610.6543869996938,760,0.4758535102197843,0.8532293215616218,0.41093374637766444,5,1437.5
coif8,1.0,symmetric,1.6588810457861596e-26,315.0492462927678,5864219.376601324,0.5238095238095238,92.35090624041464,206,smoothed,9.085289155301475e-14,-2.172921842458213e-10,6.529953705699417,30617.747060538186,0.9811253332276106,0.0001496656645132028,1.0,362.40000000000015,,,,[],[],11,426.60000000000014,32.20000000000002,728.4000000000001,"[9, 31, 53, 64, 80, 102, 131, 148, 158, 175, 192]","[311.00000000000057, 417.79999999999995, 589.6000000000001, 432.2, 728.4000000000001, 371.0000000000002, 586.9999999999998, 32.20000000000002, 448.20000000000016, 368.0, 407.1999999999999]","[0, 0, 0, 60, 0, 94, 120, 144, 144, 165, 186]","[20, 40, 75, 75, 205, 120, 205, 149, 205, 186, 205]",30736475.840000015,728.4000000000001,-728.4000000000001,0.0,,,,DWT,mdp.39015067403892,1.862645149230957e-08,,0.0,15.0,11.0,0.0,33.0,,1.1368683772161603e-13,168.4000000000002,987.7999999999975,168.4000000000001,,0.0,168.4000000000002,,,28.00000000000003,0.0,15.0,1.1368683772161603e-13,1.1368683772161603e-13,,1.7053025658242404e-13,1.5075415611919663e-13,4.3760918303804406e-26,0.9617765946813549,0.5706417632826122,0.4495589776903419,0.07375659091609926,0.0179702280585042,,0.9999996647345563,4.406097391567225e-09,4.406097391567225e-09,3.6787861342541454e-09,,1.837741639739923e-12,0.9999999955939026,7.585973278963461e-14,,,,,,3.9733478562434375e-13,0.0,0.0,1.7477015598164352e-13,1.7477015598164352e-13,0.7999999009658378,0.3007374869198063,759,1.1238570548851765,0.5705461101208923,149,0,0.16666663940184168,0.23713383959290213,759,0.0,0.2962434506612948,0.5226536244676626,161,348.7539724982833,0.6344297982198288,457.0,257.10847677817475,0.5776970794034154,660,coif,0.5556920286951962,0.9053407607371553,0.33941335169221604,4,496.0,9.644636019255548e-14,0.999999999970514,1.0942463250185209e-26,0.9486803342038254,0.8595561815402193,0.0011776703353764363,0.06052631578947404,0.000175028428067406,0.9999999997233541,2.0315811923854454e-05,4.745570603148508e-11,4.745570603148508e-11,3.962224992548613e-11,,1.837741639739923e-12,0.003126132840347795,7.585973278963461e-14,,,,,0.0,,1.8436355284844931e-13,0.0,0.0,1.4238426238064856e-13,1.4238426238064856e-13,1.0,0.2015691612052171,0.05751224468512903,1728,1.7238556640276341,0.7969128800825693,504,865.4987001723342,0.5463843290501393,1116.0,780.3870967741935,0.48073933433639043,1624,0.4784248188775415,0.776734912893196,0.43208215291776214,2,1218.5,,,,,,,,,,,,,6.475773222197373e-19,0.9999999999715835,1.0942463250185209e-26,0.9627747581290007,0.26571960292863495,0.0015368169664824773,0.04578928039894109,1.0,0.000175028428067406,0.9999999999999541,9.960751159770467e-05,3.843648489765261e-14,3.843648489765261e-14,3.209173378426744e-14,,0.0,1.4359141228592004e-18,0.004567040150618456,7.054128794466933e-19,,,,,0.13043478260869565,,5.833220876096109e-21,0.7209302325581395,0.7209302325581395,4.770970844811595e-19,4.770970844811595e-19,1.0,0.3986733618839274,0.12417638082767558,1883,1.8296787883472192,0.8881431082912574,584,918.5317087613253,0.5707795753451751,1233.5,891.505472233482,0.4971888530931483,1916,986.6382352941176,846.0,585.0035688138154,340,0.4652856568234462,0.8173890317607586,0.42908333069536003,4,1438.0
rbio3.7,,,,12.382321763507644,81246.67641521146,0.6941747572815534,44.329727031385104,206,smoothed,142.95115526375034,,7.26130933543578,88309.1132249112,1.0,4.9275960484852905e-05,0.9277252398653344,489.6866377189362,,,,[],[],13,552.737048591284,126.33374150732803,1027.9126687698006,"[8, 30, 52, 64, 79, 90, 101, 111, 130, 158, 176, 192, 203]","[627.3749155459888, 448.8825713474696, 1027.9126687698006, 555.0593156469004, 829.1105812501042, 266.6849082041267, 522.8685901736674, 224.82254673971397, 821.2095779278495, 654.2627717440514, 521.4663228489062, 559.5931199807844, 126.33374150732803]","[0, 19, 0, 59, 73, 84, 96, 107, 122, 148, 164, 185, 202]","[39, 39, 205, 73, 205, 96, 122, 122, 205, 205, 185, 205, 205]",60591890.661090605,987.6026276609614,-987.6026276609614,0.0,,,,SWT,mdp.39015067403892,29855414.82109061,,0.0,-15.5,9.0,0.0,-2.0,,259.2026276609614,294.537048591284,1505.1816316866925,294.53704859128396,,0.0,294.537048591284,,,122.13374150732804,0.0,-11.0,299.5126687698006,259.2026276609614,,127.28663771893622,0.2934514238672829,,0.8716671597464214,0.35859012884343194,0.11221433734587331,0.7037037037037038,0.12210261848307383,,0.2468590441046794,0.38561111110054097,0.38561111110054097,0.3848318810054034,,0.12658395269747635,0.5339003882152761,0.423046986708184,,,,,,0.30613325730069996,0.030000000000000013,0.11111111111111109,0.22330614572843543,0.22330614572843543,1.3791398060566529,0.44272977407380637,87,1.5623378201705782,0.5955605904930684,42,0,0.2620200756533856,0.43199289891352916,82,0.0,0.42905711294750676,0.5679361493873546,50,22.559181427229728,0.7871775337053799,65.25,59.260226180445954,0.5858057479847654,67,rbio,0.5815916171056358,0.9358444144197099,0.312132543700142,2,50.75,0.030149841018677556,0.5419472276398591,,0.7625058937251468,0.42739422462841864,0.019136564295559266,0.6857142857142858,0.01797438085232067,,0.15518338822570837,0.12907071578152043,0.12907071578152043,0.1287012985551681,,0.23228956273203133,0.36624267231346863,0.10455129645201694,,,,,0.08333333333333331,,0.07274667671702578,0.17796610169491522,0.2542372881355932,0.07285301195735883,0.07285301195735883,0.4067796610169491,0.7375737489131642,0.24204575753610824,188,1.511309820785668,0.7773304898637112,70,83.43860018001261,0.6064216972640915,129.0,102.015503875969,0.4989655656131778,189,0.6261605206073753,0.9968249595590992,0.26264014770710753,4,142.75,,,0.9435907571609687,0.25,0.3,0.027136774429298405,0.9435907571609683,1.0,False,False,0.0,0.0,0.0012127594520615669,0.32845292807622534,,0.15261310574286968,0.34382174148589745,1.6532320181263755e-05,0.7722906237315654,0.9435907571609684,0.0048348444625568145,,0.0013609676444105608,0.0011449136081490847,0.0011449136081490847,0.0011449136081427475,,0.0,0.0010717903345412597,0.006960708360265907,0.0018584393615119147,,,,,0.04347826086956519,,9.349780288038155e-06,0.24806201550387597,0.317829457364341,0.0010877672422353517,0.0010877672422353517,0.4573643410852713,0.17227728320755517,0.05365989196380554,2120,1.0506731967492835,0.5100065457949313,1964,110.30865786510141,0.9484538981938778,2042.0,2039.0205680705192,0.49712414535862115,1917,818.67,599.5,715.6978453131971,300,0.38607403914171184,1.0,0.42974817260080167,3,1438.5
db4,1.0,zero,2.9284594263168437e-27,322.58100662972026,4965283.095025409,0.5471698113207547,86.28383175820468,206,smoothed,3.233443717738395e-14,-2.078924810078324e-10,6.190276617015875,34023.24887148452,0.9865161841001823,0.00014966566451320268,0.9999999999999999,362.4,,,,[],[],11,426.59999999999997,32.19999999999999,728.4000000000001,"[9, 31, 53, 64, 80, 102, 131, 148, 158, 175, 192]","[310.99999999999994, 417.8000000000001, 589.6, 432.19999999999993, 728.4000000000001, 371.00000000000006, 587.0000000000001, 32.19999999999999, 448.20000000000016, 368.0, 407.20000000000016]","[0, 0, 0, 60, 0, 94, 120, 144, 144, 165, 186]","[20, 40, 75, 75, 204, 120, 204, 149, 204, 186, 204]",30736475.840000004,728.4000000000001,-728.4000000000001,0.0,,,,DWT,mdp.39015067403892,7.450580596923828e-09,,0.0,15.0,11.0,0.0,33.0,,1.1368683772161603e-13,168.40000000000003,987.7999999999993,168.40000000000006,,0.0,168.40000000000003,,,28.0,0.0,15.0,1.1368683772161603e-13,1.1368683772161603e-13,,0.0,2.219730867462543e-14,3.7825397152540036e-27,0.9903928619900908,0.0806901508803298,0.06377609187282998,0.23421801758508504,0.046211487461913836,,0.999999664709775,4.4059199552998455e-09,4.4059199552998455e-09,3.6787565615428943e-09,,0.0,0.9999999955940747,7.585973278963461e-14,,,,,,1.5893391424973748e-13,0.0,0.0,1.7477015598164352e-13,1.7477015598164352e-13,0.7999999009573362,0.3007374869166103,837,0.7786406405894405,0.3952908305725177,578,0,0.16666663939958587,0.23713383958969256,839,0.0,0.202184087112896,0.3567074502519868,574,151.27678826134124,0.8414289431222838,707.0,682.7217413387318,0.5501693981858798,748,db,0.573477938514061,0.8443824841957417,0.34525069778143475,3,561.75,2.25072778603714e-14,0.9999999999705134,1.2754943254325362e-27,0.9764742349542294,0.7422147871833407,0.00016706865001505614,0.19220456802383332,0.0004500957908148361,0.9999999997234957,2.0315811923354854e-05,4.745387416349445e-11,4.745387416349445e-11,3.9622027880881205e-11,,0.0,0.0031261328403482946,7.585973278963461e-14,,,,,0.0,,7.374542113937972e-14,0.0,0.0,1.4238426238064856e-13,1.4238426238064856e-13,1.0,0.20156916120424184,0.05751224468485076,1881,1.734137334295634,0.8016659435996085,399,1047.9322497184635,0.4507692611538452,1140.0,658.35,0.42664249221214273,1849,0.49117026184683504,0.8233619396015222,0.4091722348267588,4,1387.75,,,,,,,,,,,,,1.5112237204364637e-19,0.9999999999715827,1.2754943254325362e-27,0.9829353468998158,0.22944517504920114,0.0013004957701470725,0.1454063202824446,0.9999999999999999,0.00045009579081483654,0.9999999999999541,9.960751159770423e-05,3.8434858594393884e-14,3.8434858594393884e-14,3.2091408523615694e-14,,0.0,0.0,0.004567040150618464,7.054128794466933e-19,,,,,0.13043478260869565,,2.3332883504384434e-21,0.7209302325581395,0.7209302325581395,4.770970844811595e-19,4.770970844811595e-19,1.0,0.3986733618839274,0.12417638082767558,1812,1.8634766099703237,0.9045488853822914,168,1162.4835482706842,0.45678338865855883,990.0,307.4909090909091,0.49708328311432615,1918,1009.0473684210526,935.5,610.6543869996938,760,0.4758535102197843,0.8532293215616218,0.41093374637766444,5,1439.75
db24,,,,7.351520840918361,34723.48838653724,0.6504854368932039,25.926799758717728,206,smoothed,142.6829779430815,,7.192796062039757,90447.61084362335,1.0,7.473202275879446e-05,0.1965842183649102,494.06309487209603,,,,[],[],12,545.9206636587817,31.91480781318981,986.8131891141254,"[12, 26, 50, 64, 83, 99, 120, 138, 150, 163, 176, 193]","[522.5034032616611, 428.4587814723423, 572.4434211214364, 771.6579778837605, 673.1868493069333, 986.8131891141254, 495.5959709368258, 87.59025803328475, 674.7192463729348, 31.91480781318981, 729.0000276407271, 577.164030948158]","[1, 16, 16, 16, 78, 16, 113, 136, 140, 162, 140, 184]","[16, 38, 56, 93, 93, 140, 140, 140, 166, 166, 204, 204]",61477984.06242159,973.9776026637951,-973.9776026637951,0.0,,,,SWT,mdp.39015067403892,30741508.222421594,,0.0,-16.0,10.0,0.0,-11.5,,245.57760266379512,287.72066365878175,870.6479639053814,287.72066365878163,,0.0,287.72066365878175,,,27.71480781318982,0.0,-7.0,258.41318911412543,245.57760266379512,,131.66309487209605,0.211091782561818,,0.20832743532256437,0.16179765904360785,0.029199107201476993,0.3703703703703708,0.3580760373945916,,0.01737414456886039,0.3566854784320361,0.3566854784320361,0.3558695619255659,,0.17288476333417194,0.2489563089696911,0.23778577965150238,,,,,,0.4937056501357198,0.020000000000000004,0.1919191919191919,0.1652468800615513,0.1652468800615513,1.211941321269632,0.38905592094437264,95,0.9176691590048978,0.34981396414929244,80,0,0.22615734116612524,0.37286595379115595,95,0.0,0.2945134141359274,0.3898427722552312,83,7.88986691902975,0.9255672932167005,88.25,87.71771249782721,0.5465100617026899,79,db,0.9817779367705585,0.7465271631990054,0.08879729530090745,4,60.25,0.021688031363809077,0.8325247533661775,,0.1973165753534351,0.33209032918752107,0.004979493757662323,0.42857142857142894,0.052711359921510714,,0.01092193576094276,0.11938880567705812,0.11938880567705812,0.11901528172879225,,0.24911293296806203,0.21178015005746417,0.058766076397010425,,,,,0.16666666666666669,,0.11731964583160012,0.16949152542372878,0.3220338983050848,0.053911337235119566,0.053911337235119566,0.24576271186440676,0.615640137586701,0.20203143575999274,205,0.8848807693263819,0.4551315636484595,182,16.263455967290593,0.9232855850599501,193.5,192.81653746770024,0.5052748680016732,184,0.9080317387829661,0.7281573716544635,0.1459305713555847,6,139.5,,,0.3729474045638935,0.5,0.10999999999999999,0.6442975166290962,0.3729474045638933,1.0,False,False,0.0,0.0,0.001210484307241159,0.49873875815720414,,0.13914694324556443,0.33650514617409716,4.301847702169702e-06,0.58598295223921,0.3729474045638933,0.0050075740433575214,,9.578603325346915e-05,0.0010830430320217669,0.0010830430320217669,0.0010830430320154288,,0.0,0.0011086413705993269,0.004025035782235765,0.0016034221328801944,,,,,0.08695652173913043,,9.62727697219987e-06,0.24031007751937983,0.37984496124031003,0.001030588594008293,0.001030588594008293,0.31007751937984496,0.16360268970533096,0.05095798175549046,2134,0.7873028350361563,0.3821641216637618,2043,64.34671708797582,0.9699314406130954,2088.5,2087.508738328944,0.49699843058692156,1919,1009.0473684210526,935.5,610.6543869996938,760,0.4758535102197843,0.8532293215616218,0.41093374637766444,5,1440.5
bior2.8,1.0,periodic,7.301083831226485e-27,318.61352539196287,5249098.255011889,0.527027027027027,82.55807546074007,206,smoothed,5.686066504371482e-14,-2.1393420368554008e-10,6.258311960511038,34947.91768117939,0.986287608258872,0.00014966566451320263,0.9999999999999999,362.40000000000003,,,,[],[],11,426.60000000000014,32.200000000000045,728.4000000000003,"[9, 31, 53, 64, 80, 102, 131, 148, 158, 175, 192]","[311.0, 417.8000000000001, 589.6, 432.20000000000005, 728.4000000000003, 371.0, 587.0000000000001, 32.200000000000045, 448.2000000000001, 368.0000000000001, 407.2000000000002]","[0, 0, 0, 60, 0, 94, 120, 144, 144, 165, 186]","[20, 40, 75, 75, 205, 120, 205, 149, 205, 186, 205]",30736475.84000001,728.4000000000003,-728.4000000000003,0.0,,,,DWT,mdp.39015067403892,1.4901161193847656e-08,,0.0,15.0,11.0,0.0,33.0,,3.410605131648481e-13,168.4000000000002,987.7999999999975,168.40000000000012,,0.0,168.4000000000002,,,28.000000000000057,0.0,15.0,3.410605131648481e-13,3.410605131648481e-13,,5.684341886080802e-14,7.607799585004949e-14,1.6579460781289333e-26,0.9753187626344548,0.17882460668065514,0.18557675083210082,0.0958575670425443,0.05387961191655281,,0.9999996647593375,4.406097391567225e-09,4.406097391567225e-09,3.678815706965397e-09,,6.125805465799743e-13,0.9999999955939026,2.275791983689038e-13,,,,,,3.1786782849947497e-13,0.0,0.0,5.243104679449306e-13,5.243104679449306e-13,0.7999999009728446,0.30073748692244023,727,0.8272868079207126,0.41998692641718277,421,0,0.16666663940387139,0.23713383959579,723,0.0,0.21277961415805494,0.3754008276108301,467,163.3268706204422,0.8287978295383205,584.5,549.8080592616966,0.6080571956915921,548,bior,0.8100315533562081,0.7923003667562746,0.1952878026237719,6,412.5,5.349659227161687e-14,0.9999999999705129,4.3698528923731564e-27,0.9618333309931325,0.7657175853915213,0.00048613918359127176,0.07866287339971545,0.0005247826431547843,0.9999999997234047,2.0315811924354055e-05,4.745570603148508e-11,4.745570603148508e-11,3.962258299239352e-11,,6.125805465799743e-13,0.003126132840347795,2.275791983689038e-13,,,,,0.0,,1.4749084227875944e-13,0.0,0.0,4.2715278714194565e-13,4.2715278714194565e-13,1.0,0.2015691612047761,0.057512244685003204,1776,1.6918769231811157,0.782129582964833,834,666.0945878777278,0.650893821867019,1305.0,1135.0068965517244,0.4834657788580378,1611,0.5943810304597339,0.7715092316736338,0.3524805091760961,5,1209.5,,,,,,,,,,,,,3.59196343977829e-19,0.9999999999715824,4.3698528923731564e-27,0.972315418209584,0.23671073178849314,0.001375107886178864,0.059509922586637454,0.9999999999999999,0.0005247826431547843,0.9999999999999541,9.960751159770499e-05,3.843648489765261e-14,3.843648489765261e-14,3.209195062470194e-14,,0.0,4.786380409530668e-19,0.004567040150618456,2.11623863834008e-18,,,,,0.13043478260869565,,4.666576700876887e-21,0.7209302325581395,0.7209302325581395,1.4312912534434783e-18,1.4312912534434783e-18,1.0,0.3986733618839274,0.12417638082767558,1890,1.8264460528464597,0.8865739083998811,620,898.0256121069153,0.5803618635014414,1255.0,933.7051792828686,0.4969566326853001,1920,1104.4,1082.5,563.6960149978129,300,0.520820561188399,0.7876173146100969,0.3991404127850916,6,1441.5
sym9,,,,13.209328549667624,983607.2676481206,0.6504854368932039,136.08374424975304,206,raw,148.76336302064968,,7.293615349741028,123196.58906353093,1.0,2.77039255361063e-06,0.9389461021331488,428.38576770135654,,,,[],[],16,931.9529933955573,105.35853166246056,1644.0524554345598,"[8, 21, 32, 51, 63, 79, 90, 100, 111, 127, 137, 152, 162, 175, 190, 204]","[1195.928431844677, 105.35853166246056, 1002.7699563884196, 1122.8369869141932, 1225.1594471477592, 1644.0524554345598, 980.93503061145, 1351.0019015189405, 825.1226044096119, 1226.0967201113135, 470.0848060171925, 1267.1479443554438, 319.633791048593, 1150.7494832135258, 863.1650822435022, 161.2047214072753]","[0, 19, 9, 37, 37, 37, 83, 92, 107, 113, 134, 113, 161, 164, 187, 203]","[37, 22, 37, 59, 76, 113, 92, 113, 113, 142, 142, 164, 164, 203, 203, 205]",75476209.72094508,1595.7822069533424,-1595.7822069533424,0.0,,,,SWT,mdp.39015067403892,37721596.720945075,,0.0,3.0,16.0,0.0,25.5,,654.7822069533424,527.1404933955573,1957.247894328917,527.1404933955573,,0.0,527.1404933955573,,,102.35853166246056,0.0,3.0,704.0524554345598,654.7822069533424,,101.38576770135654,0.1721215618878611,,0.8554166268173178,0.47233280159091096,0.14590760338425476,0.4285714285714289,0.10371463086228482,,0.10618381639999391,0.23317730303179468,0.23317730303179468,0.23317730303179462,,0.13272502674052905,0.4762877317012851,0.4407701090858176,,,,,,0.20485663482718777,0.4915254237288136,0.5800000000000001,0.563880248939373,0.563880248939373,1.4656676822032253,0.49274536213381065,47,1.4665268361145225,0.8333861688559835,25,0,0.35861893377337434,0.5966414453275029,31,0.0,0.44672558087226016,0.7740006522838537,30,9.535023160258536,0.9100469513183157,33.25,31.528834709849605,0.7981838530176484,15,sym,0.5948329919317754,0.9644551827563462,0.29428035082085335,3,12.0,0.21354266331541166,0.011092427060947707,,0.8554166268173177,0.472332801590911,0.2937261417086345,0.42857142857142894,0.5846738746365737,,0.12496910404137825,0.45945781464457003,0.45945781464457003,0.45922853587480217,,0.13272502674052902,0.4762877317012851,0.5552125532033249,,,,,0.6666666666666666,,0.46843756251436763,0.49152542372881347,0.4915254237288136,0.6227925327490564,0.6227925327490564,0.8728813559322033,2.055930453539842,0.6746840499704286,32,1.749907477216895,0.9000513447163592,32,0.0,1.0,32.0,32.0,0.9245283018867925,6,0.7190889370932755,0.9859759878661594,0.20084494767485936,5,5.75,,,0.9490144129917624,0.20000000000000007,0.9196428571428573,,0.9523484527015569,1.0,False,False,0.0,0.0,0.0012620686715744832,0.017358495899824886,,0.15482679058951077,0.34727173038720793,0.00025375373266251704,0.58598295223921,0.952348452701557,0.007652756918512065,,0.0010959865556223036,0.003256195362590173,0.003256195362590173,0.00325619536258385,,0.0,0.0008536975116139279,0.009052194751101098,0.004368559103435918,,,,,0.34782608695652173,,1.1813221942093698e-05,0.5348837209302326,0.5348837209302325,0.0027478526817021416,0.0027478526817021416,0.8837209302325582,0.4343530101749102,0.13528966307217266,1309,0.8906386505287731,0.43232428800220873,2009,494.9747468305833,0.7687033893315032,1659.0,1585.1603375527425,0.49673487223584506,1921,1409.1368421052632,1454.5,398.32527672708756,380,0.6645304607900322,0.5565550872278735,0.3678621512786154,7,1442.5
db4,1.0,constant,2.9284594263168437e-27,322.58100662972026,4965283.095025409,0.5471698113207547,86.28383175820468,206,smoothed,3.233443717738395e-14,-2.078924810078324e-10,6.190276617015875,34023.24887148452,0.9865161841001823,0.00014966566451320268,0.9999999999999999,362.4,,,,[],[],11,426.59999999999997,32.19999999999999,728.4000000000001,"[9, 31, 53, 64, 80, 102, 131, 148, 158, 175, 192]","[310.99999999999994, 417.8000000000001, 589.6, 432.19999999999993, 728.4000000000001, 371.00000000000006, 587.0000000000001, 32.19999999999999, 448.20000000000016, 368.0, 407.20000000000016]","[0, 0, 0, 60, 0, 94, 120, 144, 144, 165, 186]","[20, 40, 75, 75, 204, 120, 204, 149, 204, 186, 204]",30736475.840000004,728.4000000000001,-728.4000000000001,0.0,,,,DWT,mdp.39015067403892,7.450580596923828e-09,,0.0,15.0,11.0,0.0,33.0,,1.1368683772161603e-13,168.40000000000003,987.7999999999993,168.40000000000006,,0.0,168.40000000000003,,,28.0,0.0,15.0,1.1368683772161603e-13,1.1368683772161603e-13,,0.0,2.219730867462543e-14,3.7825397152540036e-27,0.9903928619900908,0.0806901508803298,0.06377609187282998,0.23421801758508504,0.046211487461913836,,0.999999664709775,4.4059199552998455e-09,4.4059199552998455e-09,3.6787565615428943e-09,,0.0,0.9999999955940747,7.585973278963461e-14,,,,,,1.5893391424973748e-13,0.0,0.0,1.7477015598164352e-13,1.7477015598164352e-13,0.7999999009573362,0.3007374869166103,834,0.7786406405894405,0.3952908305725177,580,0,0.16666663939958587,0.23713383958969256,838,0.0,0.202184087112896,0.3567074502519868,573,149.85854441216668,0.8429155718950034,706.25,682.3962623038906,0.551305794333246,740,db,0.573477938514061,0.8443824841957417,0.34525069778143475,3,555.75,2.25072778603714e-14,0.9999999999705134,1.2754943254325362e-27,0.9764742349542294,0.7422147871833407,0.00016706865001505614,0.19220456802383332,0.0004500957908148361,0.9999999997234957,2.0315811923354854e-05,4.745387416349445e-11,4.745387416349445e-11,3.9622027880881205e-11,,0.0,0.0031261328403482946,7.585973278963461e-14,,,,,0.0,,7.374542113937972e-14,0.0,0.0,1.4238426238064856e-13,1.4238426238064856e-13,1.0,0.20156916120424184,0.05751224468485076,1879,1.734137334295634,0.8016659435996085,401,1045.1038225937173,0.4522516653072761,1140.0,660.9464912280702,0.4273836942888582,1847,0.49117026184683504,0.8233619396015222,0.4091722348267588,4,1386.25,,,,,,,,,,,,,1.5112237204364637e-19,0.9999999999715827,1.2754943254325362e-27,0.9829353468998158,0.22944517504920114,0.0013004957701470725,0.1454063202824446,0.9999999999999999,0.00045009579081483654,0.9999999999999541,9.960751159770423e-05,3.8434858594393884e-14,3.8434858594393884e-14,3.2091408523615694e-14,,0.0,0.0,0.004567040150618464,7.054128794466933e-19,,,,,0.13043478260869565,,2.3332883504384434e-21,0.7209302325581395,0.7209302325581395,4.770970844811595e-19,4.770970844811595e-19,1.0,0.3986733618839274,0.12417638082767558,1814,1.8634766099703237,0.9045488853822914,167,1164.6048686142437,0.4557921174699796,990.5,305.8435133770823,0.49647082509013,1922,1009.0473684210526,935.5,610.6543869996938,760,0.4758535102197843,0.8532293215616218,0.41093374637766444,5,1442.75
sym5,,,,13.333319724656608,981045.4993947251,0.6456310679611651,137.27400934087908,206,raw,149.2437462147792,,7.295266334978872,123196.58906380861,1.0,2.7536287156309975e-06,0.9451392143442913,417.2294207654844,,,,[],[],16,932.884296430409,60.45469588844321,1637.747325847543,"[8, 21, 32, 51, 63, 79, 90, 100, 111, 127, 137, 152, 162, 175, 190, 204]","[1201.368449576337, 60.45469588844321, 1005.5164909464003, 1077.4034546722285, 1218.7431902955952, 1637.747325847543, 1017.9672851089051, 1338.2452827920285, 841.5199953056396, 1244.8221298763742, 461.4198941984496, 1282.8657046656385, 317.08588854129664, 1186.8102217712378, 847.1667238364545, 187.01200956397315]","[0, 19, 9, 37, 37, 37, 83, 92, 107, 113, 134, 113, 161, 164, 187, 203]","[37, 22, 37, 59, 72, 113, 92, 113, 113, 142, 142, 164, 164, 203, 203, 205]",75423044.64420238,1567.0418398153502,-1567.0418398153502,0.0,,,,SWT,mdp.39015067403892,37668431.64420238,,0.0,-1.5,16.0,0.0,25.5,,626.0418398153502,528.071796430409,1972.148742886544,528.071796430409,,0.0,528.071796430409,,,57.45469588844321,0.0,3.0,697.7473258475429,626.0418398153502,,90.2294207654844,0.18807742909668035,,0.869346513679162,0.47462936861628785,0.14496489907598406,0.40000000000000036,0.10371463087201865,,0.036102947770182275,0.23505386677964235,0.23505386677964235,0.23505386677964227,,0.0898393435462421,0.47991499809995164,0.43193888603232333,,,,,,0.2008561773134577,0.4152542372881356,0.5800000000000001,0.5176848361390584,0.5176848361390584,1.3941819965417284,0.4687124653889577,55,1.4709886143065083,0.8359216725659299,24,0,0.3396053813206796,0.5650082203417998,37,0.0,0.4478455813253989,0.7759411748740197,29,13.59840676942217,0.8717131436846965,36.25,32.9602587746601,0.7648660058046124,28,sym,0.5948329919317754,0.9644551827563462,0.29428035082085335,3,21.75,0.22870021332741136,0.010901070105996169,,0.869346513679162,0.4746293686162879,0.2929465920818395,0.40000000000000036,0.5846738746410842,,0.056361121335456094,0.4607806261278905,0.4607806261278905,0.460551908447706,,0.08983934354624207,0.47991499809995164,0.5481885775219919,,,,,0.6666666666666666,,0.46576321089402317,0.4152542372881355,0.4915254237288136,0.5828373263667705,0.5828373263667705,0.8728813559322033,1.988451184144298,0.6525397275851826,44,1.7540186527702852,0.9021658959902807,31,9.192388155425117,0.9566396785121457,37.5,36.373333333333335,0.8898764430296577,13,0.7190889370932755,0.9859759878661594,0.20084494767485936,5,11.0,,,0.9541862279376583,0.20000000000000007,0.9196428571428573,,0.9571820733181702,1.0,False,False,0.0,0.0,0.0012661441143942155,0.017246355851022955,,0.1551586831323336,0.3474480406151726,0.00025308026987012075,0.5652820998511706,0.9571820733181704,0.007652756918534493,,0.0004942904225591981,0.0032646485611530435,0.0032646485611530435,0.0032646485611467196,,0.0,0.0007597578410488228,0.009121133587164688,0.004329436547945781,,,,,0.34782608695652173,,1.179657230618947e-05,0.4651162790697674,0.5348837209302325,0.002627241134725784,0.002627241134725784,0.8837209302325582,0.427123050389047,0.13303771868467804,1312,0.8845462923466969,0.42936700065367883,2011,494.26764004939673,0.7690338130610296,1661.5,1587.9819440264823,0.4963159719510755,1923,1409.1368421052632,1454.5,398.32527672708756,380,0.6645304607900322,0.5565550872278735,0.3678621512786154,7,1444.0
bior3.5,1.0,symmetric,1.9049382503902035e-27,324.4485897189787,5192943.39349428,0.5324074074074074,75.96980999440876,206,smoothed,2.62659365670542e-14,-2.0637680453461418e-10,6.180090103376925,37468.58077919366,0.9922492562312397,0.00014966566451320274,1.0,362.4000000000001,,,,[],[],11,426.60000000000014,32.200000000000045,728.4,"[9, 31, 53, 64, 80, 102, 131, 148, 158, 175, 192]","[311.0, 417.8000000000001, 589.6, 432.2, 728.4, 371.0, 587.0000000000001, 32.200000000000045, 448.20000000000016, 368.0000000000001, 407.1999999999999]","[0, 0, 0, 60, 0, 94, 120, 144, 144, 165, 186]","[20, 40, 75, 75, 205, 120, 205, 149, 205, 186, 205]",30736475.84,728.4,-728.4,0.0,,,,DWT,mdp.39015067403892,3.725290298461914e-09,,0.0,15.0,11.0,0.0,33.0,,0.0,168.4000000000002,987.7999999999975,168.40000000000003,,0.0,168.4000000000002,,,28.000000000000057,0.0,15.0,0.0,0.0,,1.1368683772161603e-13,8.865662863003824e-15,7.871029969659241e-28,0.9974885812525972,0.0659970822323847,0.16147761836526148,0.13281531045399,0.0747830512249118,,0.9999996647593375,4.406097391567225e-09,4.406097391567225e-09,3.6787269888316428e-09,,1.2251610931599486e-12,0.9999999955939026,0.0,,,,,,7.946695712486874e-14,0.0,0.0,0.0,0.0,0.7999999009726814,0.3007374869223789,736,0.7952698437219449,0.40373294260128445,520,0,0.1666666394037889,0.23713383959567264,734,0.0,0.20465166336130775,0.3610609225971265,546,117.10963524265058,0.8772435689280392,634.0,617.6964892345825,0.6063366691600364,559,bior,0.8100315533562081,0.7923003667562746,0.1952878026237719,6,420.75,1.483962205764167e-14,0.9999999999705138,5.511829677916582e-28,0.983366039353702,0.7386958577240054,0.00042300879398073944,0.10899122807017583,0.0007283802887402032,0.9999999997235186,2.0315811924354055e-05,4.745570603148508e-11,4.745570603148508e-11,3.962169481397382e-11,,1.2251610931599486e-12,0.003126132840347795,0.0,,,,,0.0,,3.687271056968986e-14,0.0,0.0,0.0,0.0,1.0,0.20156916120474216,0.05751224468499352,1788,1.7034669000953468,0.787487457220518,711,761.5540033379117,0.6008626816887255,1249.5,1017.4213685474189,0.4729942339261237,1647,0.5943810304597339,0.7715092316736338,0.3524805091760961,5,1236.5,,,,,,,,,,,,,9.963883235877996e-20,0.9999999999715831,5.511829677916582e-28,0.9879343873596059,0.2283573479138149,0.0013603453447998178,0.08245388535606402,1.0,0.0007283802887402034,0.9999999999999541,9.960751159770499e-05,3.843648489765261e-14,3.843648489765261e-14,3.20911916831812e-14,,0.0,9.572760819061336e-19,0.004567040150618456,0.0,,,,,0.13043478260869565,,1.1666441752192217e-21,0.7209302325581395,0.7209302325581395,0.0,0.0,1.0,0.3986733618839274,0.12417638082767558,1856,1.8408923852944494,0.8935862925874666,408,1023.8906191581208,0.5215464396457379,1132.0,668.9469964664311,0.4962872385144577,1924,1104.4,1082.5,563.6960149978129,300,0.520820561188399,0.7876173146100969,0.3991404127850916,6,1444.5
bior2.4,1.0,constant,2.547944135426468e-27,323.1854997253771,5058959.588315385,0.5327102803738317,75.00990856147246,206,smoothed,3.261253187675606e-14,-2.0912207521206537e-10,6.163533929628473,36810.1318987914,0.9891674802229683,0.00014966566451320268,0.9999999999999999,362.4000000000001,,,,[],[],11,426.59999999999997,32.20000000000002,728.4000000000001,"[9, 31, 53, 64, 80, 102, 131, 148, 158, 175, 192]","[311.0, 417.79999999999995, 589.6, 432.20000000000005, 728.4000000000001, 371.0, 587.0, 32.20000000000002, 448.20000000000005, 368.0000000000001, 407.2]","[0, 0, 0, 60, 0, 94, 120, 144, 144, 165, 186]","[20, 40, 75, 75, 205, 120, 205, 149, 205, 186, 205]",30736475.840000004,728.4000000000001,-728.4000000000001,0.0,,,,DWT,mdp.39015067403892,7.450580596923828e-09,,0.0,15.0,11.0,0.0,33.0,,1.1368683772161603e-13,168.40000000000003,987.7999999999993,168.40000000000003,,0.0,168.40000000000003,,,28.00000000000003,0.0,15.0,1.1368683772161603e-13,1.1368683772161603e-13,,1.1368683772161603e-13,2.2808243775761876e-14,2.6689237969793457e-27,0.9926895808496558,0.0421163899704952,0.1039778154603098,0.13489573982663977,0.06932264431056116,,0.9999996647345563,4.4059199552998455e-09,4.4059199552998455e-09,3.6787269888316428e-09,,1.2251610931599486e-12,0.9999999955940747,7.585973278963461e-14,,,,,,1.5893391424973748e-13,0.0,0.0,1.7477015598164352e-13,1.7477015598164352e-13,0.7999999009653742,0.300737486919632,771,0.7503482048800832,0.3809276701780061,678,0,0.16666663940175064,0.2371338395927726,771,0.0,0.19185745291681214,0.3384884726540455,673,55.174722473248565,0.9421648611391524,723.25,720.0922194094901,0.5920205857058445,607,bior,0.8100315533562081,0.7923003667562746,0.1952878026237719,6,456.75,2.285865533765456e-14,0.9999999999705134,1.006216509369377e-27,0.978704951327739,0.7329765302286263,0.0002723815892498925,0.1106984751598622,0.0006751964095086374,0.9999999997234772,2.0315811923854454e-05,4.745387416349445e-11,4.745387416349445e-11,3.962169481397382e-11,,1.2251610931599486e-12,0.0031261328403482946,7.585973278963461e-14,,,,,0.0,,7.374542113937972e-14,0.0,0.0,1.4238426238064856e-13,1.4238426238064856e-13,1.0,0.2015691612048545,0.05751224468502557,1753,1.6983968952138815,0.7851436692361566,751,708.5209947489207,0.6286577595655551,1252.0,1051.5199680511182,0.48623663659619476,1598,0.5943810304597339,0.7715092316736338,0.3524805091760961,5,1199.75,,,,,,,,,,,,,1.5348165325833461e-19,0.9999999999715827,1.006216509369377e-27,0.9845534197235808,0.22658929893257468,0.0013251223665104804,0.083745449441541,0.9999999999999999,0.0006751964095086374,0.9999999999999541,9.960751159770467e-05,3.8434858594393884e-14,3.8434858594393884e-14,3.20911916831812e-14,,0.0,9.572760819061336e-19,0.004567040150618464,7.054128794466933e-19,,,,,0.13043478260869565,,2.3332883504384434e-21,0.7209302325581395,0.7209302325581395,4.770970844811595e-19,4.770970844811595e-19,1.0,0.3986733618839274,0.12417638082767558,1864,1.8384575208155671,0.8924043867139794,453,997.7276682542185,0.5337721176382156,1158.5,728.8666378938283,0.4962084887256499,1925,1104.4,1082.5,563.6960149978129,300,0.520820561188399,0.7876173146100969,0.3991404127850916,6,1445.25
db29,1.0,smooth,1.1401582816565304e-26,316.6777472810372,4961744.659571847,0.5725190839694656,51.49474267424524,206,smoothed,7.382228593255118e-14,-2.0036876602347368e-10,6.19469117192586,44664.71489540236,0.9906446037609893,0.0001496656645132028,0.9999999999999999,362.4,,,,[],[],11,426.59999999999997,32.20000000000016,728.3999999999997,"[9, 31, 53, 64, 80, 102, 131, 148, 158, 175, 192]","[311.0, 417.7999999999997, 589.6000000000001, 432.19999999999976, 728.3999999999997, 371.0, 586.9999999999999, 32.20000000000016, 448.1999999999998, 368.00000000000006, 407.1999999999997]","[0, 0, 0, 60, 0, 94, 120, 144, 144, 165, 186]","[20, 40, 75, 75, 204, 120, 204, 149, 204, 186, 204]",30736475.83999999,728.3999999999997,-728.3999999999997,0.0,,,,DWT,mdp.39015067403892,7.450580596923828e-09,,0.0,15.0,11.0,0.0,33.0,,2.2737367544323206e-13,168.40000000000003,987.7999999999993,168.39999999999995,,0.0,168.40000000000003,,,28.00000000000017,0.0,15.0,2.2737367544323206e-13,2.2737367544323206e-13,,0.0,1.1334030108835807e-13,2.8579979688840737e-26,0.9679639423275912,0.08705772281333332,0.06225755505489103,0.4083417501066856,0.1344593930857027,,0.9999996648584625,4.4059199552998455e-09,4.4059199552998455e-09,3.6786382706978885e-09,,0.0,0.9999999955940747,1.5171946557926922e-13,,,,,,1.5893391424973748e-13,0.0,0.0,3.4954031196328703e-13,3.4954031196328703e-13,0.7999999010020148,0.30073748693340596,690,0.8725564616076561,0.4429688747933883,297,0,0.16666663941200205,0.23713383960735834,690,0.0,0.23715433762690247,0.4184044367638834,279,232.21111084528235,0.7565921269965594,489.0,406.1002972480583,0.6220067553221791,512,db,0.573477938514061,0.8443824841957417,0.34525069778143475,3,384.75,7.49278945294774e-14,0.999999999970514,7.271637493348209e-27,0.9546898715251111,0.7437397944501253,0.00016309067192450308,0.3350944154278826,0.0013096225676195942,0.9999999997236092,2.0315811926352456e-05,4.745387416349445e-11,4.745387416349445e-11,3.9620695613251655e-11,,0.0,0.0031261328403482946,1.5171946557926922e-13,,,,,0.0,,7.374542113937972e-14,0.0,0.0,2.847685247612971e-13,2.847685247612971e-13,1.0,0.20156916120433724,0.057512244684877985,1852,1.7793269805549126,0.8225564461526209,67,1262.1856044179874,0.3384771465314531,959.5,129.3215216258468,0.41779727347537016,1874,0.49117026184683504,0.8233619396015222,0.4091722348267588,4,1406.5,,,,,,,,,,,,,5.030942090721551e-19,0.9999999999715835,7.271637493348209e-27,0.9671338371847013,0.22991660941742034,0.0012995655514912235,0.25350513983894163,0.9999999999999999,0.0013096225676195944,0.9999999999999541,9.960751159770662e-05,3.8434858594393884e-14,3.8434858594393884e-14,3.209043274166046e-14,,0.0,0.0,0.004567040150618464,1.4108257588933865e-18,,,,,0.13043478260869565,,2.3332883504384434e-21,0.7209302325581395,0.7209302325581395,9.54194168962319e-19,9.54194168962319e-19,1.0,0.3986733618839274,0.12417638082767558,1793,1.8978142947493577,0.9212167170724237,38,1240.9724009823908,0.4201063546811258,915.5,74.42271982523212,0.49615130818168435,1926,1009.0473684210526,935.5,610.6543869996938,760,0.4758535102197843,0.8532293215616218,0.41093374637766444,5,1445.75
db4,1.0,smooth,2.9284594263168437e-27,322.58100662972026,4965283.095025409,0.5471698113207547,86.28383175820468,206,smoothed,3.233443717738395e-14,-2.078924810078324e-10,6.190276617015875,34023.24887148452,0.9865161841001823,0.00014966566451320268,0.9999999999999999,362.4,,,,[],[],11,426.59999999999997,32.19999999999999,728.4000000000001,"[9, 31, 53, 64, 80, 102, 131, 148, 158, 175, 192]","[310.99999999999994, 417.8000000000001, 589.6, 432.19999999999993, 728.4000000000001, 371.00000000000006, 587.0000000000001, 32.19999999999999, 448.20000000000016, 368.0, 407.20000000000016]","[0, 0, 0, 60, 0, 94, 120, 144, 144, 165, 186]","[20, 40, 75, 75, 204, 120, 204, 149, 204, 186, 204]",30736475.840000004,728.4000000000001,-728.4000000000001,0.0,,,,DWT,mdp.39015067403892,7.450580596923828e-09,,0.0,15.0,11.0,0.0,33.0,,1.1368683772161603e-13,168.40000000000003,987.7999999999993,168.40000000000006,,0.0,168.40000000000003,,,28.0,0.0,15.0,1.1368683772161603e-13,1.1368683772161603e-13,,0.0,2.219730867462543e-14,3.7825397152540036e-27,0.9903928619900908,0.0806901508803298,0.06377609187282998,0.23421801758508504,0.046211487461913836,,0.999999664709775,4.4059199552998455e-09,4.4059199552998455e-09,3.6787565615428943e-09,,0.0,0.9999999955940747,7.585973278963461e-14,,,,,,1.5893391424973748e-13,0.0,0.0,1.7477015598164352e-13,1.7477015598164352e-13,0.7999999009573362,0.3007374869166103,832,0.7786406405894405,0.3952908305725177,579,0,0.16666663939958587,0.23713383958969256,840,0.0,0.202184087112896,0.3567074502519868,575,149.57829610831467,0.843209333219796,706.5,682.7516796070583,0.5513216477419735,738,db,0.573477938514061,0.8443824841957417,0.34525069778143475,3,554.25,2.25072778603714e-14,0.9999999999705134,1.2754943254325362e-27,0.9764742349542294,0.7422147871833407,0.00016706865001505614,0.19220456802383332,0.0004500957908148361,0.9999999997234957,2.0315811923354854e-05,4.745387416349445e-11,4.745387416349445e-11,3.9622027880881205e-11,,0.0,0.0031261328403482946,7.585973278963461e-14,,,,,0.0,,7.374542113937972e-14,0.0,0.0,1.4238426238064856e-13,1.4238426238064856e-13,1.0,0.20156916120424184,0.05751224468485076,1878,1.734137334295634,0.8016659435996085,400,1045.1038225937173,0.4522516653072761,1139.0,659.5258999122037,0.4276457487961957,1846,0.49117026184683504,0.8233619396015222,0.4091722348267588,4,1385.5,,,,,,,,,,,,,1.5112237204364637e-19,0.9999999999715827,1.2754943254325362e-27,0.9829353468998158,0.22944517504920114,0.0013004957701470725,0.1454063202824446,0.9999999999999999,0.00045009579081483654,0.9999999999999541,9.960751159770423e-05,3.8434858594393884e-14,3.8434858594393884e-14,3.2091408523615694e-14,,0.0,0.0,0.004567040150618464,7.054128794466933e-19,,,,,0.13043478260869565,,2.3332883504384434e-21,0.7209302325581395,0.7209302325581395,4.770970844811595e-19,4.770970844811595e-19,1.0,0.3986733618839274,0.12417638082767558,1815,1.8634766099703237,0.9045488853822914,166,1166.0190821766168,0.4551312700109267,990.5,304.1797072185765,0.49614040136060356,1927,1009.0473684210526,935.5,610.6543869996938,760,0.4758535102197843,0.8532293215616218,0.41093374637766444,5,1446.5
sym11,1.0,periodic,3.416113312676599e-23,284.13646979025486,6386454.633658126,0.6371681415929203,311.4500491689537,206,raw,4.57826656844473e-12,,6.434911889614661,62507.90286096909,0.7541922210527547,5.618943883689802e-06,0.9999999999999998,326.9999999999979,,,,[],[],13,661.153846153861,87.00000000000207,940.0000000000208,"[8, 32, 51, 63, 81, 100, 111, 133, 152, 162, 175, 192, 204]","[878.0000000000135, 638.0000000000197, 787.0000000000213, 792.0000000000193, 940.0000000000208, 788.0000000000155, 637.0000000000156, 675.0000000000084, 771.0000000000153, 196.00000000000966, 834.0000000000215, 572.0000000000094, 87.00000000000207]","[0, 13, 42, 42, 76, 99, 107, 107, 107, 161, 164, 187, 203]","[76, 42, 61, 76, 205, 164, 119, 142, 164, 164, 205, 205, 205]",37754613.000000484,941.0000000000122,-941.0000000000122,0.0,,,,DWT,mdp.39015067403892,4.842877388000488e-07,,0.0,33.0,19.0,0.0,28.5,,1.2164491636212915e-11,256.34134615386097,4358.999999999807,256.34134615386085,,0.0,256.34134615386097,,,84.00000000000207,0.0,28.5,2.0804691303055733e-11,1.2164491636212915e-11,,2.1032064978498966e-12,5.766371392464715e-12,2.417388293918504e-23,0.8346051905996256,0.82672400182266,0.0007320544998909417,0.600189633375474,0.0003860556852334235,,0.47422802461401053,6.707411505218601e-09,6.707411505218601e-09,6.093357049013284e-09,,1.0579319121229988e-10,0.9999999932925411,2.4911723628751206e-11,,,,,,4.793452374059682e-12,1.0,1.0,1.52351160747294e-11,1.52351160747294e-11,0.8422684099567708,0.275364833842236,68,1.1547214181470637,0.5546166076054537,862,0,0.289519003131725,0.3459225095885303,68,0.125,0.3169838479983787,0.5757525649115719,870,460.7370906131464,0.517047074828987,467.0,126.09830520209489,0.5137646275612441,832,sym,0.8243425715244881,0.7368036147090654,0.2019191155201387,6,625.5,5.766371392464715e-12,0.00015478832996290715,2.4173882939185043e-23,0.8346051905996256,0.8267240018226601,0.0017647773881827888,0.6995109455053563,0.0027508429601382695,,0.9919828214562385,0.9855281704454124,0.9855281704454124,0.9855281704452991,,2.266548022345905e-11,0.9999999999667031,1.3882331100503132e-11,,,,,1.0,,4.793452374059682e-12,1.0,0.75,1.52351160747294e-11,1.52351160747294e-11,0.0,2.2595701998478246,0.6447065287163108,68,1.1959586558521134,0.5528739306793308,1732,1176.625683894415,0.38331987217273844,900.0,130.86222222222221,0.45581087948259563,1728,0.7763846615972358,0.5622554397616224,0.28785410495344815,6,1297.5,,,,,,,,,,,,,3.871759740649116e-17,0.03641360043841467,2.4173882939185043e-23,0.8800291917607208,0.25557000020900955,0.001674107298673579,0.5291930032100749,0.9999999999999998,0.0027508429601382695,,0.00084998847283915,0.0007982210227402603,0.0007982210227402603,0.0007982210227339205,,0.0,1.7709607515263474e-17,0.02016391057304893,1.2909055693874488e-16,,,,,0.4782608695652174,,1.5166374277849883e-19,1.0,0.9302325581395349,5.1049388039484055e-17,5.1049388039484055e-17,0.9302325581395349,0.581429466016788,0.1811001529055094,194,1.2803411874098838,0.6214895254301547,1821,1150.462732990513,0.462400592060508,1007.5,350.64416873449136,0.4958030997685718,1928,1409.1368421052632,1454.5,398.32527672708756,380,0.6645304607900322,0.5565550872278735,0.3678621512786154,7,1447.75
db14,1.0,constant,8.040437970512073e-27,318.19460168408244,4962558.01900012,0.5646551724137931,70.64269135546763,206,smoothed,5.56706784231457e-14,-2.071482985144262e-10,6.193675866825016,39831.123923900115,0.9880803684379887,0.00014966566451320265,0.9999999999999997,362.4,,,,[],[],11,426.60000000000014,32.20000000000002,728.4000000000002,"[9, 31, 53, 64, 80, 102, 131, 148, 158, 175, 192]","[310.99999999999994, 417.8000000000002, 589.6000000000003, 432.1999999999999, 728.4000000000002, 371.0000000000003, 587.0, 32.20000000000002, 448.2000000000001, 368.0, 407.20000000000005]","[0, 0, 0, 60, 0, 94, 120, 144, 144, 165, 186]","[20, 40, 75, 75, 204, 120, 204, 149, 204, 186, 204]",30736475.84,728.4000000000002,-728.4000000000002,0.0,,,,DWT,mdp.39015067403892,3.725290298461914e-09,,0.0,15.0,11.0,0.0,33.0,,2.2737367544323206e-13,168.4000000000002,987.7999999999975,168.4000000000001,,0.0,168.4000000000002,,,28.00000000000003,0.0,15.0,2.2737367544323206e-13,2.2737367544323206e-13,,0.0,7.346376192890731e-14,1.8743254348754383e-26,0.9737270984988002,0.0855932426119554,0.06260661221709184,0.3543246723282008,0.09437522809204477,,0.9999996647345563,4.406097391567225e-09,4.406097391567225e-09,3.6787861342541454e-09,,0.0,0.9999999955939026,1.5171946557926922e-13,,,,,,7.946695712486874e-14,0.0,0.0,3.4954031196328703e-13,3.4954031196328703e-13,0.7999999009648678,0.30073748691944163,799,0.8378161466819242,0.4253323333319155,385,0,0.1666666394016975,0.237133839592697,782,0.0,0.22437526482116668,0.3958586937125364,363,240.73412027933776,0.7476581548434615,582.25,507.4493328555434,0.5686666036271815,688,db,0.573477938514061,0.8443824841957417,0.34525069778143475,3,516.75,5.199302353161442e-14,0.9999999999705131,4.8930688384609484e-27,0.9602874076713701,0.7433890574702118,0.00016400506644374162,0.2907667876588026,0.0009192063544032961,0.999999999723507,2.0315811923854454e-05,4.745570603148508e-11,4.745570603148508e-11,3.962224992548613e-11,,0.0,0.003126132840347795,1.5171946557926922e-13,,,,,0.0,,3.687271056968986e-14,0.0,0.0,2.847685247612971e-13,2.847685247612971e-13,1.0,0.20156916120431936,0.057512244684872885,1858,1.7646233733570045,0.8157591868436188,139,1215.5165568596751,0.3629368150630633,998.5,258.64997496244365,0.41980698195501176,1864,0.49117026184683504,0.8233619396015222,0.4091722348267588,4,1399.0,,,,,,,,,,,,,3.491008150591623e-19,0.9999999999715825,4.8930688384609484e-27,0.9711940669951161,0.22980818405438241,0.0012997793754040857,0.2199704673437875,0.9999999999999997,0.0009192063544032961,0.9999999999999541,9.960751159770467e-05,3.843648489765261e-14,3.843648489765261e-14,3.209173378426744e-14,,0.0,0.0,0.004567040150618456,1.4108257588933865e-18,,,,,0.13043478260869565,,1.1666441752192217e-21,0.7209302325581395,0.7209302325581395,9.54194168962319e-19,9.54194168962319e-19,1.0,0.3986733618839274,0.12417638082767558,1799,1.8866262913826957,0.9157859561383604,61,1228.9515857022195,0.42572355808307494,930.0,117.99892473118278,0.49557205941536925,1929,1009.0473684210526,935.5,610.6543869996938,760,0.4758535102197843,0.8532293215616218,0.41093374637766444,5,1448.0
rbio3.5,,,,12.324397027696083,83620.25611571358,0.6747572815533981,46.21573217322329,206,smoothed,142.72437435581122,,7.263262543141212,88351.37968758191,1.0,5.041714995543448e-05,0.9232862488478043,490.91855031428463,,,,[],[],12,588.4902171052747,218.97881673567213,1025.7749482445483,"[8, 30, 52, 64, 79, 90, 101, 111, 130, 158, 176, 199]","[452.63175646248345, 622.5870810293613, 1025.7749482445483, 554.4877261565418, 848.4099180088772, 264.09885850144747, 522.2160355757951, 218.97881673567213, 819.8682156988897, 666.8812441717978, 506.2763019317664, 559.6717027461154]","[0, 0, 0, 59, 74, 84, 96, 106, 122, 148, 164, 185]","[19, 39, 205, 74, 205, 96, 122, 122, 205, 205, 185, 205]",60609304.44371094,994.3330032773503,-994.3330032773503,0.0,,,,SWT,mdp.39015067403892,29872828.603710942,,0.0,-16.0,10.0,0.0,-7.0,,265.9330032773503,330.2902171052748,1381.482605263298,330.2902171052747,,0.0,330.2902171052748,,,214.77881673567214,0.0,-16.0,297.37494824454836,265.9330032773503,,128.51855031428465,0.22380498923883682,,0.864029453766438,0.364200378497717,0.11644971487378056,0.5555555555555558,0.12676652907826555,,0.47203258662886133,0.5373312720673318,0.5373312720673318,0.5367444688171458,,0.13961699513386938,0.47835202730476056,0.4134109356395086,,,,,,0.3098194881985923,0.020000000000000004,0.01010101010101011,0.2519857750158026,0.2519857750158026,1.6394360140289885,0.5262897444566254,72,1.4913047140605793,0.5684828880440495,48,0,0.31058077373266774,0.5120549960036942,65,0.0,0.4057170962124426,0.5370413364798465,55,10.614455552060438,0.8998636268673543,60.0,58.57488266249467,0.6669129455091489,46,rbio,0.5815916171056358,0.9358444144197099,0.312132543700142,2,35.0,0.022994214019522,0.554973751898718,,0.755998293354161,0.43011119162920475,0.019858847885123626,0.5714285714285716,0.018660941929721064,,0.29673458556758364,0.17985408070734427,0.17985408070734427,0.17950620397820063,,0.23702511045126642,0.3361310098562533,0.10216985499619397,,,,,0.16666666666666669,,0.07362263854423057,0.16949152542372878,0.1694915254237288,0.08220966163034235,0.08220966163034235,0.3220338983050847,0.8231146082766801,0.27011725836628425,181,1.4640606704208659,0.7530282556734893,87,66.46803743153546,0.6864715215493611,134.0,117.51492537313433,0.527198024925624,167,0.6261605206073753,0.9968249595590992,0.26264014770710753,4,126.25,,,0.9401261988310403,0.5,0.2,0.05480394985790671,0.9401261988310399,1.0,False,False,0.0,0.0,0.001210835503359349,0.33608680303247035,,0.15245805609629148,0.3440303263283984,1.7156310119056462e-05,0.6894872141794075,0.94012619883104,0.0048382583865729835,,0.0026023801551985667,0.0014694359401831783,0.0014694359401831783,0.001469435940176843,,0.0,0.0010821633951889106,0.006388414314671876,0.00184517506793676,,,,,0.08695652173913043,,9.355233739027178e-06,0.24031007751937983,0.24031007751937983,0.001116011871502858,0.001116011871502858,0.3798449612403101,0.16602578159468212,0.05171271184282478,2128,1.0184685350965907,0.49437410337725,1978,106.06601717798213,0.9504364405710364,2053.0,2050.2601071602535,0.49554532308925653,1930,818.67,599.5,715.6978453131971,300,0.38607403914171184,1.0,0.42974817260080167,3,1448.25
db29,1.0,zero,1.1401582816565304e-26,316.6777472810372,4961744.659571847,0.5725190839694656,51.49474267424524,206,smoothed,7.382228593255118e-14,-2.0036876602347368e-10,6.19469117192586,44664.71489540236,0.9906446037609893,0.0001496656645132028,0.9999999999999999,362.4,,,,[],[],11,426.59999999999997,32.20000000000016,728.3999999999997,"[9, 31, 53, 64, 80, 102, 131, 148, 158, 175, 192]","[311.0, 417.7999999999997, 589.6000000000001, 432.19999999999976, 728.3999999999997, 371.0, 586.9999999999999, 32.20000000000016, 448.1999999999998, 368.00000000000006, 407.1999999999997]","[0, 0, 0, 60, 0, 94, 120, 144, 144, 165, 186]","[20, 40, 75, 75, 204, 120, 204, 149, 204, 186, 204]",30736475.83999999,728.3999999999997,-728.3999999999997,0.0,,,,DWT,mdp.39015067403892,7.450580596923828e-09,,0.0,15.0,11.0,0.0,33.0,,2.2737367544323206e-13,168.40000000000003,987.7999999999993,168.39999999999995,,0.0,168.40000000000003,,,28.00000000000017,0.0,15.0,2.2737367544323206e-13,2.2737367544323206e-13,,0.0,1.1334030108835807e-13,2.8579979688840737e-26,0.9679639423275912,0.08705772281333332,0.06225755505489103,0.4083417501066856,0.1344593930857027,,0.9999996648584625,4.4059199552998455e-09,4.4059199552998455e-09,3.6786382706978885e-09,,0.0,0.9999999955940747,1.5171946557926922e-13,,,,,,1.5893391424973748e-13,0.0,0.0,3.4954031196328703e-13,3.4954031196328703e-13,0.7999999010020148,0.30073748693340596,688,0.8725564616076561,0.4429688747933883,298,0,0.16666663941200205,0.23713383960735834,691,0.0,0.23715433762690247,0.4184044367638834,278,231.9531202635567,0.7568625573757267,488.75,405.9473983201741,0.6222729977654315,510,db,0.573477938514061,0.8443824841957417,0.34525069778143475,3,383.25,7.49278945294774e-14,0.999999999970514,7.271637493348209e-27,0.9546898715251111,0.7437397944501253,0.00016309067192450308,0.3350944154278826,0.0013096225676195942,0.9999999997236092,2.0315811926352456e-05,4.745387416349445e-11,4.745387416349445e-11,3.9620695613251655e-11,,0.0,0.0031261328403482946,1.5171946557926922e-13,,,,,0.0,,7.374542113937972e-14,0.0,0.0,2.847685247612971e-13,2.847685247612971e-13,1.0,0.20156916120433724,0.057512244684877985,1851,1.7793269805549126,0.8225564461526209,69,1260.0642840744276,0.3395889496465264,960.0,133.040625,0.41822214777923805,1870,0.49117026184683504,0.8233619396015222,0.4091722348267588,4,1403.5,,,,,,,,,,,,,5.030942090721551e-19,0.9999999999715835,7.271637493348209e-27,0.9671338371847013,0.22991660941742034,0.0012995655514912235,0.25350513983894163,0.9999999999999999,0.0013096225676195944,0.9999999999999541,9.960751159770662e-05,3.8434858594393884e-14,3.8434858594393884e-14,3.209043274166046e-14,,0.0,0.0,0.004567040150618464,1.4108257588933865e-18,,,,,0.13043478260869565,,2.3332883504384434e-21,0.7209302325581395,0.7209302325581395,9.54194168962319e-19,9.54194168962319e-19,1.0,0.3986733618839274,0.12417638082767558,1795,1.8978142947493577,0.9212167170724237,37,1243.0937213259506,0.41911508349254645,916.0,72.50545851528383,0.49553885015748816,1931,1009.0473684210526,935.5,610.6543869996938,760,0.4758535102197843,0.8532293215616218,0.41093374637766444,5,1449.5
rbio2.8,1.0,antisymmetric,5.0900062788606085e-27,320.1802155617761,5060867.581340733,0.527027027027027,113.41631251273384,206,smoothed,4.85997434313583e-14,-2.1323312004994975e-10,6.324584714786776,54395.1859433423,0.9837408189242633,0.00014966566451320263,0.9999999999999999,362.4000000000001,,,,[],[],11,426.60000000000014,32.20000000000002,728.4000000000001,"[9, 31, 53, 64, 80, 102, 131, 148, 158, 175, 192]","[311.0000000000001, 417.79999999999995, 589.6000000000001, 432.20000000000016, 728.4000000000001, 371.00000000000017, 587.0000000000002, 32.20000000000002, 448.20000000000016, 368.0000000000002, 407.2000000000002]","[0, 0, 0, 60, 0, 94, 120, 144, 144, 165, 186]","[20, 40, 75, 75, 205, 120, 205, 149, 205, 186, 205]",30736475.84000001,728.4000000000001,-728.4000000000001,0.0,,,,DWT,mdp.39015067403892,1.4901161193847656e-08,,0.0,15.0,11.0,0.0,33.0,,1.1368683772161603e-13,168.4000000000002,987.7999999999975,168.40000000000015,,0.0,168.4000000000002,,,28.00000000000003,0.0,15.0,1.1368683772161603e-13,1.1368683772161603e-13,,1.1368683772161603e-13,5.792990819458447e-14,1.010852198381596e-26,0.9812712654603061,0.27441669663167667,0.10479663996492083,0.0958575670425443,0.2151525690807778,,0.9999996647345563,4.406097391567225e-09,4.406097391567225e-09,3.6788452796766485e-09,,1.2251610931599486e-12,0.9999999955939026,7.585973278963461e-14,,,,,,3.1786782849947497e-13,0.0,0.0,1.7477015598164352e-13,1.7477015598164352e-13,0.7999999009655097,0.3007374869196829,761,0.9027734820238288,0.4583090849944555,261,0,0.16666663940178894,0.2371338395928271,762,0.0,0.2387849625971834,0.42128130053576546,268,286.95760430186664,0.6992058655116702,513.0,392.57417244310534,0.5807350082275332,649,rbio,0.7685897546424816,0.816051598246696,0.21717169227625407,5,488.0,4.3058774496817456e-14,0.9999999999705129,2.8051480074415097e-27,0.9676147724010308,0.7886114974440676,0.00027452659219013827,0.07866287339971545,0.0020955669476354437,0.9999999997234152,2.0315811923854454e-05,4.745570603148508e-11,4.745570603148508e-11,3.9622916059300906e-11,,1.2251610931599486e-12,0.003126132840347795,7.585973278963461e-14,,,,,0.0,,1.4749084227875944e-13,0.0,0.0,1.4238426238064856e-13,1.4238426238064856e-13,1.0,0.20156916120489257,0.057512244685036434,1744,1.7073152514782204,0.7892664929298825,669,760.1397897755386,0.6016038837654409,1206.5,967.0418566100288,0.4846331787799951,1605,0.3888041033402703,1.0,0.4278371276618108,3,1204.5,,,,,,,,,,,,,2.8911288960041934e-19,0.9999999999715824,2.8051480074415097e-27,0.9765090455731524,0.24378806000825537,0.0013256239584515234,0.059509922586637454,0.9999999999999999,0.0020955669476354437,0.9999999999999541,9.960751159770467e-05,3.843648489765261e-14,3.843648489765261e-14,3.209227588535368e-14,,0.0,9.572760819061336e-19,0.004567040150618456,7.054128794466933e-19,,,,,0.13043478260869565,,4.666576700876887e-21,0.7209302325581395,0.7209302325581395,4.770970844811595e-19,4.770970844811595e-19,1.0,0.3986733618839274,0.12417638082767558,1876,1.8331044651324102,0.8898059636773381,509,966.6149698820104,0.5483107617373784,1192.5,800.7412997903565,0.4955338855415864,1932,818.67,599.5,715.6978453131971,300,0.38607403914171184,1.0,0.42974817260080167,3,1449.75
db29,1.0,constant,1.1401582816565304e-26,316.6777472810372,4961744.659571847,0.5725190839694656,51.49474267424524,206,smoothed,7.382228593255118e-14,-2.0036876602347368e-10,6.19469117192586,44664.71489540236,0.9906446037609893,0.0001496656645132028,0.9999999999999999,362.4,,,,[],[],11,426.59999999999997,32.20000000000016,728.3999999999997,"[9, 31, 53, 64, 80, 102, 131, 148, 158, 175, 192]","[311.0, 417.7999999999997, 589.6000000000001, 432.19999999999976, 728.3999999999997, 371.0, 586.9999999999999, 32.20000000000016, 448.1999999999998, 368.00000000000006, 407.1999999999997]","[0, 0, 0, 60, 0, 94, 120, 144, 144, 165, 186]","[20, 40, 75, 75, 204, 120, 204, 149, 204, 186, 204]",30736475.83999999,728.3999999999997,-728.3999999999997,0.0,,,,DWT,mdp.39015067403892,7.450580596923828e-09,,0.0,15.0,11.0,0.0,33.0,,2.2737367544323206e-13,168.40000000000003,987.7999999999993,168.39999999999995,,0.0,168.40000000000003,,,28.00000000000017,0.0,15.0,2.2737367544323206e-13,2.2737367544323206e-13,,0.0,1.1334030108835807e-13,2.8579979688840737e-26,0.9679639423275912,0.08705772281333332,0.06225755505489103,0.4083417501066856,0.1344593930857027,,0.9999996648584625,4.4059199552998455e-09,4.4059199552998455e-09,3.6786382706978885e-09,,0.0,0.9999999955940747,1.5171946557926922e-13,,,,,,1.5893391424973748e-13,0.0,0.0,3.4954031196328703e-13,3.4954031196328703e-13,0.7999999010020148,0.30073748693340596,689,0.8725564616076561,0.4429688747933883,299,0,0.16666663941200205,0.23713383960735834,688,0.0,0.23715433762690247,0.4184044367638834,280,230.4936730874263,0.7583923762186308,489.0,407.2997334003635,0.6229068799332147,508,db,0.573477938514061,0.8443824841957417,0.34525069778143475,3,381.75,7.49278945294774e-14,0.999999999970514,7.271637493348209e-27,0.9546898715251111,0.7437397944501253,0.00016309067192450308,0.3350944154278826,0.0013096225676195942,0.9999999997236092,2.0315811926352456e-05,4.745387416349445e-11,4.745387416349445e-11,3.9620695613251655e-11,,0.0,0.0031261328403482946,1.5171946557926922e-13,,,,,0.0,,7.374542113937972e-14,0.0,0.0,2.847685247612971e-13,2.847685247612971e-13,1.0,0.20156916120433724,0.057512244684877985,1850,1.7793269805549126,0.8225564461526209,68,1260.0642840744276,0.3395889496465264,959.0,131.17831074035453,0.41848420228657557,1868,0.49117026184683504,0.8233619396015222,0.4091722348267588,4,1402.0,,,,,,,,,,,,,5.030942090721551e-19,0.9999999999715835,7.271637493348209e-27,0.9671338371847013,0.22991660941742034,0.0012995655514912235,0.25350513983894163,0.9999999999999999,0.0013096225676195944,0.9999999999999541,9.960751159770662e-05,3.8434858594393884e-14,3.8434858594393884e-14,3.209043274166046e-14,,0.0,0.0,0.004567040150618464,1.4108257588933865e-18,,,,,0.13043478260869565,,2.3332883504384434e-21,0.7209302325581395,0.7209302325581395,9.54194168962319e-19,9.54194168962319e-19,1.0,0.3986733618839274,0.12417638082767558,1796,1.8978142947493577,0.9212167170724237,36,1244.5079348883237,0.41845423603349363,916.0,70.58515283842794,0.49520842642796176,1933,1009.0473684210526,935.5,610.6543869996938,760,0.4758535102197843,0.8532293215616218,0.41093374637766444,5,1451.0
db27,1.0,periodization,2.3228238530314734e-26,313.5872359710027,4963278.498090009,0.5388349514563107,116.13476481081234,206,smoothed,1.0605853616389561e-13,-1.9448052057669019e-10,6.192776780877427,31688.237398435285,0.983191633230361,0.0001496656645132028,0.9999999999999999,362.39999999999986,,,,[],[],11,426.59999999999997,32.200000000000074,728.3999999999997,"[9, 31, 53, 64, 80, 102, 131, 148, 158, 175, 192]","[310.9999999999999, 417.8000000000003, 589.5999999999997, 432.1999999999998, 728.3999999999997, 370.9999999999998, 587.0000000000001, 32.200000000000074, 448.19999999999965, 367.9999999999996, 407.2]","[0, 0, 0, 60, 0, 94, 120, 144, 144, 165, 186]","[20, 40, 75, 75, 205, 120, 205, 149, 205, 186, 205]",30736475.83999999,728.3999999999997,-728.3999999999997,0.0,,,,DWT,mdp.39015067403892,7.450580596923828e-09,,0.0,15.0,11.0,0.0,33.0,,2.2737367544323206e-13,168.40000000000003,987.7999999999993,168.39999999999992,,0.0,168.40000000000003,,,28.000000000000085,0.0,15.0,2.2737367544323206e-13,2.2737367544323206e-13,,1.1368683772161603e-13,1.841588274385988e-13,6.319186619665404e-26,0.9562218138195028,0.08429639738928607,0.06291580932946246,0.17696600370076232,0.026847626163012814,,0.9999996647841187,4.4059199552998455e-09,4.4059199552998455e-09,3.678608697986637e-09,,1.2251610931599486e-12,0.9999999955940747,1.5171946557926922e-13,,,,,,1.5893391424973748e-13,0.0,0.0,3.4954031196328703e-13,3.4954031196328703e-13,0.7999999009803153,0.30073748692524865,702,0.7288646435966413,0.3700211565172773,720,0,0.1666666394059064,0.23713383959868542,702,0.0,0.18674966434317297,0.3294769512007687,715,9.17877987534291,0.9903786374472296,709.75,709.6611143021253,0.6232029455579964,507,db,0.573477938514061,0.8443824841957417,0.34525069778143475,3,381.0,1.1565895595902956e-13,0.999999999970514,1.5640962191121794e-26,0.943285185133582,0.7430784683776543,0.00016481504307660458,0.14522227899846715,0.00026149349854409296,0.9999999997236979,2.0315811924853655e-05,4.745387416349445e-11,4.745387416349445e-11,3.962036254634427e-11,,1.2251610931599486e-12,0.0031261328403482946,1.5171946557926922e-13,,,,,0.0,,7.374542113937972e-14,0.0,0.0,2.847685247612971e-13,2.847685247612971e-13,1.0,0.20156916120494928,0.057512244685052616,1737,1.695786261669987,0.783936812107849,779,677.4082963767125,0.6449642052532953,1258.0,1075.6144674085851,0.4928175323960397,1568,0.49117026184683504,0.8233619396015222,0.4091722348267588,4,1177.0,,,,,,,,,,,,,7.765779531870831e-19,0.9999999999715835,1.5640962191121794e-26,0.9588613318438888,0.22971216984132603,0.0012999687820216032,0.10986334731430125,0.9999999999999999,0.00026149349854409296,0.9999999999999541,9.960751159770543e-05,3.8434858594393884e-14,3.8434858594393884e-14,3.209010748100871e-14,,0.0,9.572760819061336e-19,0.004567040150618464,1.4108257588933865e-18,,,,,0.13043478260869565,,2.3332883504384434e-21,0.7209302325581395,0.7209302325581395,9.54194168962319e-19,9.54194168962319e-19,1.0,0.3986733618839274,0.12417638082767558,1873,1.834872804734602,0.8906643321739329,484,982.1713190681145,0.5410414396877969,1178.5,769.2252863809929,0.49517025255417885,1934,1009.0473684210526,935.5,610.6543869996938,760,0.4758535102197843,0.8532293215616218,0.41093374637766444,5,1451.75
db6,1.0,reflect,3.0487099745232704e-27,322.4062376259115,5109521.206353121,0.5231481481481481,96.67697804583403,206,smoothed,3.352657957081638e-14,-2.009378885503569e-10,6.261713022369772,32323.021172496665,0.9811625597513214,0.00014966566451320274,0.9999999999999999,362.4,,,,[],[],11,426.59999999999997,32.20000000000002,728.4,"[9, 31, 53, 64, 80, 102, 131, 148, 158, 175, 192]","[311.00000000000006, 417.8000000000002, 589.6000000000001, 432.1999999999998, 728.4, 371.0, 586.9999999999999, 32.20000000000002, 448.2, 368.0, 407.2]","[0, 0, 0, 60, 0, 94, 120, 144, 144, 165, 186]","[20, 40, 75, 75, 205, 120, 205, 149, 205, 186, 205]",30736475.839999996,728.4,-728.4,0.0,,,,DWT,mdp.39015067403892,0.0,,0.0,15.0,11.0,0.0,33.0,,0.0,168.40000000000003,987.7999999999993,168.40000000000003,,0.0,168.40000000000003,,,28.00000000000003,0.0,15.0,0.0,0.0,,0.0,2.48162785267841e-14,4.1344649279059944e-27,0.9897288423842444,0.18373031211997384,0.12567658023149597,0.06921361249010745,0.0321117822914047,,0.9999996647345563,4.4059199552998455e-09,4.4059199552998455e-09,3.6787269888316428e-09,,0.0,0.9999999955940747,0.0,,,,,,0.0,0.0,0.0,0.0,0.0,0.7999999009645742,0.3007374869193312,804,0.7890709095188938,0.40058594291740784,557,0,0.16666663940159981,0.23713383959255802,803,0.0,0.20006587564532166,0.35297035193489196,589,133.71954481924723,0.8598327622439756,688.25,668.6462928988984,0.569198351771883,685,db,0.573477938514061,0.8443824841957417,0.34525069778143475,3,514.5,2.401357045678685e-14,0.9999999999705138,1.3605915758627498e-27,0.97582929776441,0.7668924816506262,0.00032922394554455174,0.05679824561403529,0.0003127659125198188,0.9999999997236007,2.0315811923854454e-05,4.745387416349445e-11,4.745387416349445e-11,3.962169481397382e-11,,0.0,0.0031261328403482946,0.0,,,,,0.0,,0.0,0.0,0.0,0.0,0.0,1.0,0.20156916120411014,0.05751224468481319,1905,1.691952835947955,0.7821646763098963,832,758.7255762131655,0.6023450858421564,1368.5,1158.1731823164048,0.44255094962967356,1787,0.49117026184683504,0.8233619396015222,0.4091722348267588,4,1341.25,,,,,,,,,,,,,1.61236189963977e-19,0.9999999999715831,1.3605915758627498e-27,0.9824675351455853,0.23707393430411258,0.001338414501123608,0.04296892617146997,0.9999999999999999,0.00031276591251981926,0.9999999999999541,9.960751159770467e-05,3.8434858594393884e-14,3.8434858594393884e-14,3.20911916831812e-14,,0.0,0.0,0.004567040150618464,0.0,,,,,0.13043478260869565,,0.0,0.7209302325581395,0.7209302325581395,0.0,0.0,1.0,0.3986733618839274,0.12417638082767558,1898,1.8259993723150216,0.8863570855137378,629,897.3185053257288,0.5806922872309679,1263.5,944.8690146418678,0.49513586324165215,1935,1009.0473684210526,935.5,610.6543869996938,760,0.4758535102197843,0.8532293215616218,0.41093374637766444,5,1452.5
db17,1.0,antireflect,8.039240318822228e-27,318.19524862926596,5553040.611631927,0.5294117647058824,106.18168495162172,206,smoothed,6.309300439165917e-14,-1.9609243118168302e-10,6.435701591575637,88801.16780875345,0.9938881910016004,0.00014966566451320282,1.0,362.39999999999986,,,,[],[],11,426.59999999999997,32.200000000000045,728.3999999999999,"[9, 31, 53, 64, 80, 102, 131, 148, 158, 175, 192]","[311.00000000000017, 417.7999999999998, 589.5999999999999, 432.1999999999998, 728.3999999999999, 371.0000000000001, 587.0000000000001, 32.200000000000045, 448.20000000000005, 368.00000000000006, 407.19999999999993]","[0, 0, 0, 60, 0, 94, 120, 144, 144, 165, 186]","[20, 40, 75, 75, 204, 120, 204, 149, 204, 186, 204]",30736475.839999996,728.3999999999999,-728.3999999999999,0.0,,,,DWT,mdp.39015067403892,0.0,,0.0,15.0,11.0,0.0,33.0,,1.1368683772161603e-13,168.40000000000003,987.7999999999993,168.39999999999998,,0.0,168.40000000000003,,,28.000000000000057,0.0,15.0,1.1368683772161603e-13,1.1368683772161603e-13,,1.1368683772161603e-13,8.976957241892983e-14,1.873974930173449e-26,0.9737295565106696,0.43469213104146875,0.3160150943078962,0.11223829052449849,0.5004756470973106,,0.9999996647593375,4.4059199552998455e-09,4.4059199552998455e-09,3.67866784340914e-09,,1.2251610931599486e-12,0.9999999955940747,7.585973278963461e-14,,,,,,0.0,0.0,0.0,1.7477015598164352e-13,1.7477015598164352e-13,0.7999999009727115,0.3007374869223902,729,1.2046769216298348,0.6115757592130224,124,0,0.16666663940379758,0.23713383959568501,733,0.0,0.3338786742117048,0.5890523446836315,115,353.0725846054887,0.6299029511472864,425.25,205.16853499511305,0.5920741170830772,606,db,0.573477938514061,0.8443824841957417,0.34525069778143475,3,455.25,6.137126116173825e-14,0.9999999999705143,4.89222130082142e-27,0.9602897950455586,0.8269968042350527,0.0008278371038425636,0.092105263157895,0.004874588431058086,0.9999999997236736,2.0315811924354055e-05,4.745387416349445e-11,4.745387416349445e-11,3.962102868015904e-11,,1.2251610931599486e-12,0.0031261328403482946,7.585973278963461e-14,,,,,0.0,,0.0,0.0,0.0,1.4238426238064856e-13,1.4238426238064856e-13,1.0,0.20156916120481755,0.05751224468501503,1767,1.728878138213006,0.7992346953317959,454,928.4312036979369,0.5134008366363014,1110.5,722.3935164340386,0.4656888879198279,1672,0.49117026184683504,0.8233619396015222,0.4091722348267588,4,1255.0,,,,,,,,,,,,,4.1206984778917857e-19,0.9999999999715837,4.89222130082142e-27,0.9711957987012803,0.2556543332057999,0.001455011237290167,0.06967933973751878,1.0,0.004874588431058086,0.9999999999999541,9.960751159770499e-05,3.8434858594393884e-14,3.8434858594393884e-14,3.2090649582094954e-14,,0.0,9.572760819061336e-19,0.004567040150618464,7.054128794466933e-19,,,,,0.13043478260869565,,0.0,0.7209302325581395,0.7209302325581395,4.770970844811595e-19,4.770970844811595e-19,1.0,0.3986733618839274,0.12417638082767558,1854,1.8410937227012008,0.8936840236380674,372,1047.9322497184635,0.5103120328418396,1113.0,619.6657681940701,0.49510928744895716,1936,1009.0473684210526,935.5,610.6543869996938,760,0.4758535102197843,0.8532293215616218,0.41093374637766444,5,1453.25
db14,1.0,zero,8.040437970512073e-27,318.19460168408244,4962558.01900012,0.5646551724137931,70.64269135546763,206,smoothed,5.56706784231457e-14,-2.071482985144262e-10,6.193675866825016,39831.123923900115,0.9880803684379887,0.00014966566451320265,0.9999999999999997,362.4,,,,[],[],11,426.60000000000014,32.20000000000002,728.4000000000002,"[9, 31, 53, 64, 80, 102, 131, 148, 158, 175, 192]","[310.99999999999994, 417.8000000000002, 589.6000000000003, 432.1999999999999, 728.4000000000002, 371.0000000000003, 587.0, 32.20000000000002, 448.2000000000001, 368.0, 407.20000000000005]","[0, 0, 0, 60, 0, 94, 120, 144, 144, 165, 186]","[20, 40, 75, 75, 204, 120, 204, 149, 204, 186, 204]",30736475.84,728.4000000000002,-728.4000000000002,0.0,,,,DWT,mdp.39015067403892,3.725290298461914e-09,,0.0,15.0,11.0,0.0,33.0,,2.2737367544323206e-13,168.4000000000002,987.7999999999975,168.4000000000001,,0.0,168.4000000000002,,,28.00000000000003,0.0,15.0,2.2737367544323206e-13,2.2737367544323206e-13,,0.0,7.346376192890731e-14,1.8743254348754383e-26,0.9737270984988002,0.0855932426119554,0.06260661221709184,0.3543246723282008,0.09437522809204477,,0.9999996647345563,4.406097391567225e-09,4.406097391567225e-09,3.6787861342541454e-09,,0.0,0.9999999955939026,1.5171946557926922e-13,,,,,,7.946695712486874e-14,0.0,0.0,3.4954031196328703e-13,3.4954031196328703e-13,0.7999999009648678,0.30073748691944163,798,0.8378161466819242,0.4253323333319155,384,0,0.1666666394016975,0.237133839592697,784,0.0,0.22437526482116668,0.3958586937125364,362,241.56710592849075,0.7467850042678295,582.0,506.6343359686193,0.5683610555930343,690,db,0.573477938514061,0.8443824841957417,0.34525069778143475,3,518.25,5.199302353161442e-14,0.9999999999705131,4.8930688384609484e-27,0.9602874076713701,0.7433890574702118,0.00016400506644374162,0.2907667876588026,0.0009192063544032961,0.999999999723507,2.0315811923854454e-05,4.745570603148508e-11,4.745570603148508e-11,3.962224992548613e-11,,0.0,0.003126132840347795,1.5171946557926922e-13,,,,,0.0,,3.687271056968986e-14,0.0,0.0,2.847685247612971e-13,2.847685247612971e-13,1.0,0.20156916120431936,0.057512244684872885,1857,1.7646233733570045,0.8157591868436188,141,1213.3952365161156,0.3640486181781365,999.0,262.09909909909913,0.42023185625887954,1862,0.49117026184683504,0.8233619396015222,0.4091722348267588,4,1397.5,,,,,,,,,,,,,3.491008150591623e-19,0.9999999999715825,4.8930688384609484e-27,0.9711940669951161,0.22980818405438241,0.0012997793754040857,0.2199704673437875,0.9999999999999997,0.0009192063544032961,0.9999999999999541,9.960751159770467e-05,3.843648489765261e-14,3.843648489765261e-14,3.209173378426744e-14,,0.0,0.0,0.004567040150618456,1.4108257588933865e-18,,,,,0.13043478260869565,,1.1666441752192217e-21,0.7209302325581395,0.7209302325581395,9.54194168962319e-19,9.54194168962319e-19,1.0,0.3986733618839274,0.12417638082767558,1801,1.8866262913826957,0.9157859561383604,62,1229.6586924834062,0.42539313435354853,931.5,119.87332259796028,0.49505638026088644,1937,1009.0473684210526,935.5,610.6543869996938,760,0.4758535102197843,0.8532293215616218,0.41093374637766444,5,1454.0
rbio3.3,,,,12.056362687040576,110078.30045191181,0.6650485436893204,57.74806333914544,206,smoothed,142.51149681294052,,7.279746613590195,88767.79395392747,1.0,5.1450756031897396e-05,0.903731221903721,492.74294105246327,,,,[],[],13,533.6511080752045,24.766415011058825,1028.9375938088397,"[8, 30, 52, 64, 79, 90, 101, 111, 130, 144, 158, 175, 199]","[456.3357806561208, 619.6730276928308, 883.4061794058836, 553.8192892774514, 1028.9375938088397, 24.766415011058825, 510.28360864327203, 214.92952555903355, 816.7525264442866, 49.39582808326276, 676.1399235879592, 503.23021850093613, 599.7944883067241]","[0, 0, 0, 59, 0, 89, 96, 106, 122, 143, 148, 169, 185]","[19, 39, 74, 74, 202, 96, 122, 122, 202, 148, 202, 185, 202]",60780867.12144531,1022.4543085088355,-1022.4543085088355,0.0,,,,SWT,mdp.39015067403892,30044391.281445317,,0.0,-15.5,9.0,0.0,-2.0,,294.05430850883556,275.4511080752046,1257.0644049776602,275.45110807520456,,0.0,275.4511080752046,,,20.566415011058837,0.0,-15.5,300.5375938088397,294.05430850883556,,130.3429410524633,0.15842840172914724,,0.8286876009675711,0.4115480058291226,0.16366102460574453,0.48148148148148184,0.17271593638799565,,0.0,0.30461907353696055,0.30461907353696055,0.303737121152608,,0.1589181712083939,0.42248071373720014,0.4276669685538369,,,,,,0.3461366777132444,0.030000000000000013,0.020202020202020193,0.37181691893472446,0.37181691893472446,1.265240815668388,0.40616605945953926,93,1.4879289512744773,0.567196052858791,50,0,0.24080091050071156,0.3970088289182416,89,0.0,0.40265614183787124,0.5329895993369709,57,21.899391163530854,0.7934019701553693,72.25,67.1901869847665,0.5558990982852319,78,rbio,0.5815916171056358,0.9358444144197099,0.312132543700142,2,59.0,0.016277280450808923,0.5667722261891321,,0.7258857628393722,0.4530409984920225,0.02791006741314697,0.5142857142857146,0.025425024118818307,,0.0,0.1019612784235043,0.1019612784235043,0.10158036233801579,,0.2440381805601339,0.305844281182156,0.10569307291355447,,,,,0.08333333333333331,,0.08225271966703487,0.17796610169491522,0.17796610169491528,0.12130424065462905,0.12130424065462905,0.4067796610169491,0.6593691850545047,0.2163817708095704,199,1.4367516688075788,0.7389820824072362,95,73.53910524340094,0.6531174280971654,147.0,128.60544217687075,0.47986060084103555,199,0.6261605206073753,0.9968249595590992,0.26264014770710753,4,150.25,,,0.9248638269939387,0.25,0.3,0.07986285670796855,0.9248638269939382,1.0,False,False,0.0,0.0,0.0012090295070959975,0.3430010094330182,,0.1517405969796094,0.34579067533214947,2.4111860605086815e-05,0.6480855094033285,0.9248638269939383,0.004871892775985405,,0.0,0.0009716754258347441,0.0009716754258347441,0.0009716754258284059,,0.0,0.0010975252933005106,0.00581279300829812,0.0018647988956276929,,,,,0.04347826086956519,,9.408961793119086e-06,0.24806201550387597,0.24806201550387585,0.0012340254692651557,0.0012340254692651557,0.4573643410852713,0.16423695681612066,0.051155539460183114,2132,0.9983432551354783,0.4846051052264652,1986,103.23759005323593,0.9517581354891421,2059.0,2056.411850412822,0.4948043013894309,1938,818.67,599.5,715.6978453131971,300,0.38607403914171184,1.0,0.42974817260080167,3,1454.25
db23,,,,7.146481191169919,34736.80908131688,0.6893203883495146,27.089631083207333,206,smoothed,142.6707218861871,,7.192719073526037,90447.61084362336,1.0,7.635374480044238e-05,0.1435118022155706,492.5361834091899,,,,[],[],14,464.36592290116744,36.996717232461606,979.6679971038876,"[10, 27, 38, 49, 65, 82, 98, 119, 136, 148, 162, 175, 193, 203]","[397.89309235143105, 416.319872834206, 37.374560088891144, 603.9488623103404, 831.9155276318157, 549.4591168295046, 979.6679971038876, 546.6515655664538, 37.027232268893584, 674.7773225338041, 36.996717232461606, 713.9597874779522, 591.4833137321858, 83.64795265451681]","[0, 17, 36, 17, 17, 77, 17, 112, 135, 140, 161, 140, 183, 202]","[17, 36, 39, 55, 93, 93, 140, 140, 140, 165, 165, 202, 202, 205]",61469296.350124896,985.5669792640794,-985.5669792640794,0.0,,,,SWT,mdp.39015067403892,30732820.5101249,,0.0,-15.0,8.0,0.0,-6.0,,257.1669792640794,206.1659229011675,820.7229206163456,207.60913328500573,,0.0,206.1659229011675,,,32.79671723246162,0.0,-10.5,251.26799710388764,257.1669792640794,,130.13618340918993,0.20732783844034647,,0.18129179092857128,0.16157652291902733,0.02922287643547991,0.6666666666666669,0.3580760373945932,,0.029725708253212003,0.010604308297193832,0.010604308297193832,0.015481551618814426,,0.15673077483871217,0.2265369383143374,0.20557790481808885,,,,,,0.491866594589989,0.04000000000000001,0.12121212121212119,0.21463179459120657,0.21463179459120657,0.7062547991781827,0.22672105199598155,106,1.0139647551396194,0.3865216859719744,68,0,0.13050691996147176,0.21516695826396173,106,0.0,0.32741272522647963,0.43339107268988897,72,20.848661028149188,0.8033145186023661,88.0,84.27671321857747,0.48656291967854154,101,db,0.9817779367705585,0.7465271631990054,0.08879729530090745,4,76.75,0.021301315513635254,0.85103649226777,,0.17428123333460363,0.3319832359937791,0.0049835472635289535,0.6571428571428573,0.052711359921510936,,0.018686518619857595,0.0035494456017629017,0.0035494456017629017,0.005177574663992823,,0.24324339147385082,0.19962705479755682,0.05080626300606794,,,,,0.0,,0.11688262967585941,0.18644067796610164,0.2627118644067797,0.07002302890847584,0.07002302890847584,0.3389830508474576,0.4552896407930503,0.14941004362815333,212,0.9513052689514617,0.4892964900734548,175,26.16295090390226,0.8765898542268762,193.5,191.7312661498708,0.4819270025851362,196,0.9080317387829661,0.7281573716544635,0.1459305713555847,6,148.5,,,0.3315252704046918,0.0,0.22,0.6836147986224606,0.33152527040469165,1.0,False,False,0.0,0.0,0.0012103803301252252,0.5095871085835515,,0.13859810474362622,0.33649692450009705,4.3053495772092144e-06,0.751589771343526,0.3315252704046917,0.005007574043357523,,0.00016388189173516536,0.00034279158692983807,0.00034279158692983807,0.000355891237076062,,0.0,0.0010957843340951758,0.0037940573677206465,0.0015590870931240224,,,,,0.0,,9.624556252971329e-06,0.2558139534883721,0.32558139534883723,0.0010792244598460715,0.0010792244598460715,0.39534883720930225,0.1412318756759175,0.043990055157098015,2139,0.8398977707617459,0.407694192839752,2026,79.90306627407988,0.962662118563514,2082.5,2080.967106842737,0.49476563872100937,1939,1009.0473684210526,935.5,610.6543869996938,760,0.4758535102197843,0.8532293215616218,0.41093374637766444,5,1455.5
sym19,1.0,constant,3.742240286896739e-19,243.740475770195,6003442.933959965,0.6239669421487604,242.92654860204217,206,raw,4.94178049075234e-10,,6.2908395709428095,67810.77670765306,0.8149942412847958,5.618943883663913e-06,0.9999999999999996,327.00000000008595,,,,[],[],13,661.1538461554215,87.00000000014546,940.0000000026114,"[8, 32, 51, 63, 81, 100, 111, 133, 152, 162, 175, 192, 204]","[878.0000000018039, 638.000000001423, 787.0000000017461, 792.0000000023359, 940.0000000026114, 788.0000000020118, 637.0000000015009, 675.0000000008179, 771.0000000018094, 196.00000000050403, 834.0000000022467, 572.0000000015245, 87.00000000014546]","[0, 13, 39, 39, 76, 99, 107, 107, 107, 161, 164, 187, 203]","[76, 39, 61, 76, 205, 164, 119, 142, 164, 164, 205, 205, 205]",37754613.00005873,941.0000000017775,-941.0000000017775,0.0,,,,DWT,mdp.39015067403892,5.873292684555054e-05,,0.0,33.0,19.0,0.0,28.5,,1.7774937077774666e-09,256.34134615542155,4358.99999997952,256.3413461554216,,0.0,256.34134615542155,,,84.00000000014546,0.0,24.0,2.61138666246552e-09,1.7774937077774666e-09,,8.594724931754172e-11,6.243841905887306e-10,2.6482570155037323e-19,0.6855348274603547,0.7769542430594083,0.0003010198178363845,0.5011806375442741,0.0008153922444742888,,0.4742280247805796,7.915888289690582e-09,7.915888289690582e-09,7.301965888949986e-09,,4.323224462513444e-09,0.9999999920840846,3.126897769138881e-09,,,,,,5.813351548417303e-10,1.0,0.5,2.22617794232144e-09,2.22617794232144e-09,0.792268415322539,0.2590182155293462,232,1.0007469400176499,0.48066214432461446,928,0,0.2478523377068516,0.2961384287024821,232,0.125,0.2744337315358189,0.4984668014718833,927,401.54731975198143,0.5790908597987616,579.75,371.1599611692374,0.4856932286415192,917,sym,0.8243425715244881,0.7368036147090654,0.2019191155201387,6,689.25,6.243841905887306e-10,0.00015478832978316204,2.648257015503733e-19,0.6855348274603545,0.7769542430594084,0.0013341881716150512,0.6250978686385387,0.00317916383763748,,0.9919828214587783,0.9855281704629013,0.9855281704629013,0.9855281704627898,,9.262217864289212e-10,0.9999999999607042,1.742498062177907e-09,,,,,1.0,,5.813351548417303e-10,1.0,0.5,2.22617794232144e-09,2.22617794232144e-09,0.0,2.2345702023500618,0.6375734634963037,230,1.0518223617684452,0.486241861858514,1879,1166.0190821766168,0.3888788877481044,1054.5,409.83404457088665,0.4181029658866308,1872,0.7763846615972358,0.5622554397616224,0.28785410495344815,6,1405.5,,,,,,,,,,,,,4.19235149331222e-15,0.03641360043824149,2.648257015503733e-19,0.7718994867525739,0.24018438514342075,0.0015734174222738328,0.4728981305161182,0.9999999999999997,0.00317916383763748,,0.0008499884728410713,0.0007982210227544252,0.0007982210227544252,0.000798221022748087,,0.0,7.237007179210371e-16,0.02016391057295507,1.6203333840890547e-14,,,,,0.4782608695652174,,1.839331206650625e-17,1.0,0.8604651162790697,7.459412915862928e-15,7.459412915862928e-15,0.9302325581395349,0.5744527218307194,0.17892707859000304,596,1.1853735912073677,0.5753913705980479,1894,917.8246019801387,0.5711099990747015,1245.0,906.6859437751004,0.49466714907006104,1940,1409.1368421052632,1454.5,398.32527672708756,380,0.6645304607900322,0.5565550872278735,0.3678621512786154,7,1456.75
sym10,1.0,periodization,2.5460641043570073e-23,285.4130991280866,5999069.879663782,0.6359223300970874,298.3500715817291,206,raw,3.938184782748027e-12,,6.293411104942181,63117.30860590161,0.7715303862616888,5.618943883689841e-06,1.0,326.9999999999977,,,,[],[],13,661.1538461538586,87.00000000000179,940.0000000000174,"[8, 32, 51, 63, 81, 100, 111, 133, 152, 162, 175, 192, 204]","[878.0000000000105, 638.0000000000177, 787.0000000000177, 792.0000000000159, 940.0000000000174, 788.0000000000126, 637.0000000000131, 675.0000000000075, 771.000000000013, 196.0000000000087, 834.0000000000183, 572.0000000000076, 87.00000000000179]","[0, 13, 42, 42, 76, 99, 107, 107, 107, 161, 164, 187, 203]","[76, 42, 61, 76, 205, 164, 119, 142, 164, 164, 205, 205, 205]",37754613.0000004,941.00000000001,-941.00000000001,0.0,,,,DWT,mdp.39015067403892,4.023313522338867e-07,,0.0,33.0,19.0,0.0,28.5,,1.000444171950221e-11,256.3413461538586,4358.999999999838,256.3413461538586,,0.0,256.3413461538586,,,84.00000000000179,0.0,28.5,1.7394086171407253e-11,1.000444171950221e-11,,2.2737367544323206e-12,4.957616951546525e-12,1.8016838628677268e-23,0.8393162418709552,0.7778425790560803,0.00029609845885532,0.5908460471567272,0.0004353950007207338,,0.47422802461368035,6.705562739102632e-09,6.705562739102632e-09,6.091596319377946e-09,,1.1437101752681068e-10,0.999999993294383,2.0827834509283795e-11,,,,,,3.982252741526505e-12,1.0,1.0,1.2529815089497074e-11,1.2529815089497074e-11,0.8422684099567146,0.2753648338422176,69,1.1291716607445075,0.5423449726006344,876,0,0.2895190031312522,0.3459225095879654,73,0.125,0.3092837659354709,0.5617665462997611,882,466.5083064640972,0.5109975823227493,475.0,131.29078517205076,0.5065470091907247,860,sym,0.8243425715244881,0.7368036147090654,0.2019191155201387,6,646.5,4.957616951546524e-12,0.00015478832996307368,1.8016838628677268e-23,0.8393162418709552,0.7778425790560805,0.0013292718987573675,0.6924885028104244,0.002800065553578953,,0.9919828214562334,0.9855281704453857,0.9855281704453857,0.9855281704452736,,2.4503221863198975e-11,0.9999999999667123,1.1606539116814095e-11,,,,,1.0,,3.982252741526505e-12,1.0,0.75,1.2529815089497074e-11,1.2529815089497074e-11,0.0,2.259570199846098,0.6447065287158182,73,1.1713375344460695,0.541491951793285,1772,1201.3744212359443,0.3703488358302178,922.5,140.22330623306235,0.44342913489624103,1777,0.7763846615972358,0.5622554397616224,0.28785410495344815,6,1334.25,,,,,,,,,,,,,3.328731435446627e-17,0.036413600438414934,1.8016838628677268e-23,0.8834464007452539,0.24045900161802972,0.0015722677908215324,0.5238803950750917,1.0,0.002800065553578953,,0.0008499884728391461,0.0007982210227402386,0.0007982210227402386,0.0007982210227338998,,0.0,1.9145521638122674e-17,0.02016391057304907,1.0792817055534408e-16,,,,,0.4782608695652174,,1.2599757092367595e-19,1.0,0.9302325581395349,4.1984543434342025e-17,4.1984543434342025e-17,0.9302325581395349,0.581429466016788,0.1811001529055094,193,1.2726797395345706,0.617770587344777,1825,1153.9982668964456,0.46074847341287595,1009.0,349.0832507433102,0.4946265731550361,1941,1409.1368421052632,1454.5,398.32527672708756,380,0.6645304607900322,0.5565550872278735,0.3678621512786154,7,1457.5
rbio5.5,1.0,periodization,6.985296044638002e-20,251.029944301297,6334783.945853384,0.6213592233009708,267.63885944178475,206,raw,2.0849107706240014e-10,,6.2134979643411405,70916.1151694974,0.8220622118526837,5.618943883679065e-06,1.0,327.0000000000245,,,,[],[],13,661.1538461545236,87.00000000012089,940.0000000010601,"[8, 32, 51, 63, 81, 100, 111, 133, 152, 162, 175, 192, 204]","[878.0000000009112, 638.0000000005966, 787.0000000006744, 792.0000000010036, 940.0000000010601, 788.0000000008606, 637.000000000589, 675.0000000002701, 771.0000000008932, 196.00000000019355, 834.0000000009228, 572.0000000007105, 87.00000000012089]","[0, 13, 39, 39, 76, 99, 107, 107, 107, 161, 164, 187, 203]","[76, 39, 61, 76, 205, 164, 119, 142, 164, 164, 205, 205, 205]",37754613.000023246,941.0000000007682,-941.0000000007682,0.0,,,,DWT,mdp.39015067403892,2.3245811462402344e-05,,0.0,33.0,19.0,0.0,28.5,,7.681819624849595e-10,256.34134615452365,4358.999999991192,256.3413461545236,,0.0,256.34134615452365,,,84.00000000012089,0.0,24.0,1.0601297617540695e-09,7.681819624849595e-10,,2.4499513529008254e-11,2.6341374510673495e-10,4.943257940386515e-20,0.7124346165949916,0.7502365977933891,0.0006739052096551373,0.48162274618585255,0.0010668097529862586,,0.47422802475203674,7.2205761571226714e-09,7.2205761571226714e-09,6.606565719473349e-09,,1.2323477138513851e-09,0.9999999927793832,1.269408867967787e-09,,,,,,2.300857139548647e-10,1.0,0.5,9.620904609060423e-10,9.620904609060423e-10,0.7922684118803753,0.25901821440399136,240,0.9959918439130767,0.478378255562433,931,0,0.2478523369362634,0.29613842778176946,238,0.125,0.2717549536857555,0.49360121217532643,933,400.1054027794843,0.580602303166159,585.5,380.4352587036081,0.48343532349083634,921,rbio,0.5136782423812899,1.0,0.3404252303330971,4,691.75,2.634137451067349e-10,0.00015478832988835567,4.943257940386515e-20,0.7124346165949915,0.7502365977933892,0.0017066881940435668,0.6103985692386303,0.0034299865676069943,,0.991982821458343,0.9855281704528388,0.9855281704528388,0.9855281704527261,,2.6402221557596894e-10,0.9999999999641557,7.073920082633428e-10,,,,,1.0,,2.300857139548647e-10,1.0,0.5,9.620904609060423e-10,9.620904609060423e-10,0.0,2.2345702008126875,0.637573463057656,241,1.0490102718511969,0.48494187443974734,1885,1162.4835482706842,0.39073189293989297,1063.0,427.3612417685795,0.41680200517015614,1877,0.3888041033402703,1.0,0.4278371276618108,3,1408.5,,,,,,,,,,,,,1.7686594636803995e-15,0.03641360043834285,4.943257940386515e-20,0.7914115225634224,0.23192500403053817,0.00166052360091017,0.46177783791097265,1.0,0.0034299865676069943,,0.000849988472840742,0.0007982210227462752,0.0007982210227462752,0.000798221022739936,,0.0,2.0629299565077181e-16,0.020163910573009074,6.577975100840415e-15,,,,,0.4782608695652174,,7.279859653367944e-18,1.0,0.8604651162790697,3.2237449998391947e-15,3.2237449998391947e-15,0.9302325581395349,0.5744527218307321,0.17892707859000703,588,1.1886468872767129,0.5769802589668155,1893,922.7743494484445,0.5687970329680165,1240.5,897.2865779927448,0.4945620678858774,1942,818.67,599.5,715.6978453131971,300,0.38607403914171184,1.0,0.42974817260080167,3,1457.25
sym19,1.0,zero,3.740917267446665e-19,243.74201143224258,6004525.9665444335,0.6239669421487604,242.92654860204217,206,raw,4.94203780380131e-10,,6.287692519007781,68943.5860939675,0.8180463919829939,5.618943883663913e-06,0.9999999999999999,327.0000000000859,,,,[],[],13,661.1538461554194,87.00000000014546,940.0000000026114,"[8, 32, 51, 63, 81, 100, 111, 133, 152, 162, 175, 192, 204]","[878.0000000017754, 638.000000001423, 787.0000000017461, 792.0000000023359, 940.0000000026114, 788.0000000020118, 637.0000000015009, 675.0000000008179, 771.0000000018094, 196.00000000050403, 834.0000000022467, 572.0000000015245, 87.00000000014546]","[0, 13, 39, 39, 76, 99, 107, 107, 107, 161, 164, 187, 203]","[76, 39, 61, 76, 205, 164, 119, 142, 164, 164, 205, 205, 205]",37754613.00005879,941.0000000017775,-941.0000000017775,0.0,,,,DWT,mdp.39015067403892,5.879253149032593e-05,,0.0,33.0,19.0,0.0,28.5,,1.7774937077774666e-09,256.3413461554194,4358.999999979547,256.3413461554194,,0.0,256.3413461554194,,,84.00000000014546,0.0,24.0,2.61138666246552e-09,1.7774937077774666e-09,,8.589040589868091e-11,6.244167025388767e-10,2.6473207593357044e-19,0.6855404944009671,0.775867094486624,0.0003022386438045446,0.5011806375442741,0.0009071078873987631,,0.4742280247805796,7.914215596538037e-09,7.914215596538037e-09,7.300249177555532e-09,,4.320365187075274e-09,0.9999999920857099,3.126897769138881e-09,,,,,,5.819251182108453e-10,1.0,0.5,2.22617794232144e-09,2.22617794232144e-09,0.7922684153206984,0.25901821552874443,233,1.0002440615657888,0.48042061010118536,929,0,0.2478523377063761,0.2961384287019139,233,0.125,0.274292510512498,0.4982102951328068,928,401.54731975198143,0.5790908597987616,580.75,372.51913459331774,0.4851691196268441,919,sym,0.8243425715244881,0.7368036147090654,0.2019191155201387,6,690.75,6.244167025388767e-10,0.00015478832978316204,2.647320759335705e-19,0.6855404944009671,0.7758670944866242,0.001335405737951618,0.6250978686385387,0.0032706625088134798,,0.9919828214587783,0.9855281704628771,0.9855281704628771,0.985528170462765,,9.256092058823412e-10,0.9999999999607123,1.742498062177907e-09,,,,,1.0,,5.819251182108453e-10,1.0,0.5,2.22617794232144e-09,2.22617794232144e-09,0.0,2.234570202350032,0.6375734634962952,231,1.0513193958980689,0.4860093482039727,1880,1166.0190821766168,0.3888788877481044,1055.5,411.4448128848887,0.4178409113792933,1873,0.7763846615972358,0.5622554397616224,0.28785410495344815,6,1406.25,,,,,,,,,,,,,4.192569790836084e-15,0.03641360043824149,2.647320759335705e-19,0.7719035973256202,0.23984830858055195,0.00157370214051391,0.4728981305161182,0.9999999999999999,0.0032706625088134798,,0.0008499884728410713,0.0007982210227544057,0.0007982210227544057,0.0007982210227480669,,0.0,7.232220798800841e-16,0.020163910572955197,1.6203333840890547e-14,,,,,0.4782608695652174,,1.8411978373309758e-17,1.0,0.8604651162790697,7.459412915862928e-15,7.459412915862928e-15,0.9302325581395349,0.5744527218307194,0.17892707859000304,595,1.1852447610973513,0.5753288352639334,1895,919.2388155425118,0.5704491516156487,1245.0,905.6425702811244,0.49433672534053463,1943,1409.1368421052632,1454.5,398.32527672708756,380,0.6645304607900322,0.5565550872278735,0.3678621512786154,7,1459.0
bior3.5,1.0,antisymmetric,1.9057041347642043e-27,324.4468439799234,5193206.435565712,0.5324074074074074,71.15719837330451,206,smoothed,2.63004289328678e-14,-2.0637680453461418e-10,6.1772696297558545,45765.90729758363,0.9937368264151367,0.00014966566451320274,1.0,362.4000000000001,,,,[],[],11,426.60000000000014,32.200000000000045,728.4,"[9, 31, 53, 64, 80, 102, 131, 148, 158, 175, 192]","[311.0, 417.8000000000001, 589.6, 432.2, 728.4, 371.0, 587.0000000000001, 32.200000000000045, 448.20000000000016, 368.0000000000001, 407.1999999999999]","[0, 0, 0, 60, 0, 94, 120, 144, 144, 165, 186]","[20, 40, 75, 75, 205, 120, 205, 149, 205, 186, 205]",30736475.84,728.4,-728.4,0.0,,,,DWT,mdp.39015067403892,3.725290298461914e-09,,0.0,15.0,11.0,0.0,33.0,,0.0,168.4000000000002,987.7999999999975,168.40000000000003,,0.0,168.4000000000002,,,28.000000000000057,0.0,15.0,0.0,0.0,,1.1368683772161603e-13,8.941437759268825e-15,7.893444339091006e-28,0.9974819484691279,0.06192881962527999,0.16159050415203885,0.13281531045399,0.1435913982965363,,0.9999996647593375,4.406097391567225e-09,4.406097391567225e-09,3.6787269888316428e-09,,1.2251610931599486e-12,0.9999999955939026,0.0,,,,,,7.946695712486874e-14,0.0,0.0,0.0,0.0,0.7999999009726814,0.3007374869223789,732,0.8208115144703494,0.4166996280246185,441,0,0.1666666394037889,0.23713383959567264,738,0.0,0.21391542585671178,0.37740470685167277,452,166.64408180310514,0.8253206689694914,590.75,555.4709353145636,0.6030429340654585,576,bior,0.8100315533562081,0.7923003667562746,0.1952878026237719,6,433.5,1.488320376025044e-14,0.9999999999705138,5.517249582885582e-28,0.983359597181372,0.7377215255760061,0.0004233045110033564,0.10899122807017583,0.001398567488738676,0.9999999997235186,2.0315811924354055e-05,4.745570603148508e-11,4.745570603148508e-11,3.962169481397382e-11,,1.2251610931599486e-12,0.003126132840347795,0.0,,,,,0.0,,3.687271056968986e-14,0.0,0.0,0.0,0.0,1.0,0.20156916120474216,0.05751224468499352,1784,1.7032440914564595,0.7873844560947113,712,758.0184694319789,0.6027156868805141,1248.0,1017.7948717948718,0.4743138182830244,1642,0.5943810304597339,0.7715092316736338,0.3524805091760961,5,1232.75,,,,,,,,,,,,,9.993145638540808e-20,0.9999999999715831,5.517249582885582e-28,0.9879297144643436,0.22805614694865745,0.0013604144958823598,0.08245388535606402,1.0,0.001398567488738676,0.9999999999999541,9.960751159770499e-05,3.843648489765261e-14,3.843648489765261e-14,3.20911916831812e-14,,0.0,9.572760819061336e-19,0.004567040150618456,0.0,,,,,0.13043478260869565,,1.1666441752192217e-21,0.7209302325581395,0.7209302325581395,0.0,0.0,1.0,0.3986733618839274,0.12417638082767558,1858,1.8410070905302538,0.8936419715762122,375,1048.63935649965,0.509981609112313,1116.5,624.0483654276758,0.4941263185748481,1944,1104.4,1082.5,563.6960149978129,300,0.520820561188399,0.7876173146100969,0.3991404127850916,6,1459.5
sym8,,,,11.944282869432348,34243.71257677757,0.6747572815533981,28.05692050003927,206,smoothed,143.03586251412491,,7.1920458367999105,90447.61084379487,1.0,7.100710306836548e-05,0.9069633164261975,487.0505587291185,,,,[],[],14,521.8305107604727,32.275700347870156,946.3622001517631,"[7, 26, 51, 64, 79, 89, 101, 111, 130, 144, 158, 175, 191, 203]","[445.36595583266546, 647.7256529699162, 822.5745962996899, 610.3993653748253, 946.3622001517631, 292.1128809062832, 508.3886185132673, 274.10900897186605, 843.7309480843799, 32.275700347870156, 642.5432073352961, 541.5487403370455, 578.9480463262746, 119.54222919547676]","[0, 0, 0, 59, 0, 84, 95, 106, 122, 143, 147, 164, 185, 202]","[19, 38, 73, 73, 205, 95, 122, 122, 205, 147, 205, 185, 205, 205]",61455775.71281176,988.381430550121,-988.381430550121,0.0,,,,SWT,mdp.39015067403892,30719299.872811764,,0.0,-15.0,8.0,0.0,3.0,,259.981430550121,263.6305107604728,1625.2271506466195,263.6305107604728,,0.0,263.6305107604728,,,28.075700347870168,0.0,-15.0,217.9622001517631,259.981430550121,,124.65055872911853,0.31946577414650623,,0.8139092393369438,0.15964276743593145,0.028343002945673098,0.5555555555555558,0.3580760374135184,,0.018251292655838705,0.25445784302635754,0.25445784302635754,0.2535122710988638,,0.09869550552216289,0.587808102816456,0.055447728060891766,,,,,,0.48900448288746445,0.04000000000000001,0.030303030303030304,0.2266247982705964,0.2266247982705964,1.0273619069242546,0.32980246306220085,100,1.5807823622227248,0.6025916193871595,38,0,0.1956791797292411,0.3226165624808074,101,0.0,0.46454609782132683,0.6149123602615684,34,37.27711541057507,0.6483290999002351,68.25,52.8900832107262,0.5022305876859666,95,sym,0.6803648884317847,1.0,0.22374457809775072,3,72.0,0.032822612255519454,0.7900052962904425,,0.7132940668665139,0.3310467447217467,0.004833497314405716,0.5714285714285716,0.05271135992429682,,0.011473338739134933,0.0851714460247244,0.0851714460247244,0.08478340828949008,,0.2221563131045089,0.3954649730133141,0.013703281281338964,,,,,0.0,,0.11620250391432854,0.18644067796610164,0.1864406779661017,0.07393571316357819,0.07393571316357819,0.49152542372881347,0.6189109329845817,0.20310479574737328,204,1.4633754753518364,0.7526758309017214,88,82.02438661763951,0.6130925159545306,146.0,122.95890410958904,0.4622066353357559,208,0.7190889370932755,0.9859759878661594,0.20084494767485936,5,157.25,,,0.9273864227722902,0.0,0.4,0.5539899829641953,0.9273864227722898,1.0,False,False,0.0,0.0,0.0012134780857680268,0.4738212734871972,,0.15144058808245664,0.33642502893256754,4.1757195263928196e-06,0.6894872141794075,0.9273864227722899,0.005007574043371377,,0.00010062187052272439,0.0008643828985972881,0.0008643828985972881,0.0008643828985909497,,0.0,0.0010495937863960211,0.007516099438817018,0.0013524287094350024,,,,,0.0,,9.62032201308588e-06,0.2558139534883721,0.255813953488372,0.0010910355589134298,0.0010910355589134298,0.5348837209302325,0.16434795140550934,0.05119011138727804,2131,1.0503418650454381,0.5098457143029762,1965,117.37972567696688,0.9451496608986136,2048.0,2044.63623046875,0.49407015755211053,1945,1409.1368421052632,1454.5,398.32527672708756,380,0.6645304607900322,0.5565550872278735,0.3678621512786154,7,1460.5
bior3.5,1.0,reflect,1.9137918737536545e-27,324.42845168075075,5240738.296425479,0.5277777777777778,71.15719837330451,206,smoothed,2.6472890761935786e-14,-2.0635368969124149e-10,6.194479073741354,36390.66107293676,0.9913543832568755,0.00014966566451320274,1.0,362.4000000000001,,,,[],[],11,426.60000000000014,32.200000000000045,728.4,"[9, 31, 53, 64, 80, 102, 131, 148, 158, 175, 192]","[311.0, 417.8000000000001, 589.6, 432.2, 728.4, 371.0, 587.0000000000001, 32.200000000000045, 448.20000000000016, 368.0000000000001, 407.1999999999999]","[0, 0, 0, 60, 0, 94, 120, 144, 144, 165, 186]","[20, 40, 75, 75, 205, 120, 205, 149, 205, 186, 205]",30736475.84,728.4,-728.4,0.0,,,,DWT,mdp.39015067403892,3.725290298461914e-09,,0.0,15.0,11.0,0.0,33.0,,0.0,168.4000000000002,987.7999999999975,168.40000000000003,,0.0,168.4000000000002,,,28.000000000000057,0.0,15.0,0.0,0.0,,1.1368683772161603e-13,9.320312240593765e-15,8.130140080290497e-28,0.9974120685305742,0.08675179153051071,0.18198903386608173,0.10101446147204873,0.06584404260580054,,0.9999996647593375,4.406097391567225e-09,4.406097391567225e-09,3.6787269888316428e-09,,1.2251610931599486e-12,0.9999999955939026,0.0,,,,,,7.946695712486874e-14,0.0,0.0,0.0,0.0,0.7999999009726814,0.3007374869223789,733,0.7995610554477831,0.4059114528906845,506,0,0.1666666394037889,0.23713383959567264,739,0.0,0.20471591400071792,0.3611742781143106,545,122.59520110238138,0.871493499892682,630.75,612.6903403927907,0.6051649889400517,566,bior,0.8100315533562081,0.7923003667562746,0.1952878026237719,6,426.0,1.5101112273294268e-14,0.9999999999705138,5.57448377935826e-28,0.9832917254336122,0.7436665251672102,0.0004767407552375225,0.08289473684210552,0.0006413151373136131,0.9999999997235189,2.0315811924354055e-05,4.745570603148508e-11,4.745570603148508e-11,3.962169481397382e-11,,1.2251610931599486e-12,0.003126132840347795,0.0,,,,,0.0,,3.687271056968986e-14,0.0,0.0,0.0,0.0,1.0,0.20156916120474216,0.05751224468499352,1786,1.6954610888937252,0.7837864895610938,784,708.5209947489207,0.6286577595655551,1285.0,1089.6684824902723,0.47758883785405637,1634,0.5943810304597339,0.7715092316736338,0.3524805091760961,5,1226.75,,,,,,,,,,,,,1.013945765185481e-19,0.9999999999715831,5.57448377935826e-28,0.9878804830013681,0.22989395925774356,0.0013729101381794269,0.06271140576376699,1.0,0.0006413151373136131,0.9999999999999541,9.960751159770499e-05,3.843648489765261e-14,3.843648489765261e-14,3.20911916831812e-14,,0.0,9.572760819061336e-19,0.004567040150618456,0.0,,,,,0.13043478260869565,,1.1666441752192217e-21,0.7209302325581395,0.7209302325581395,0.0,0.0,1.0,0.3986733618839274,0.12417638082767558,1880,1.8337028128506712,0.8900964072271677,501,975.1002512562491,0.5443456769830612,1190.5,791.1633767324654,0.494018632884054,1946,1104.4,1082.5,563.6960149978129,300,0.520820561188399,0.7876173146100969,0.3991404127850916,6,1461.0
sym16,1.0,smooth,1.734771671961163e-19,247.07936925152865,27385462.648023658,0.6483050847457628,317.99744349043993,206,raw,3.2674232898609845e-10,,4.993998696092431,569572.6020780262,0.9774750115548995,5.618943883708817e-06,0.9999999999999999,327.00000000055877,,,,[],[],13,661.1538461528363,86.9999999996671,939.9999999985068,"[8, 32, 51, 63, 81, 100, 111, 133, 152, 162, 175, 192, 204]","[877.9999999996868, 637.9999999985913, 786.9999999985333, 791.9999999987457, 939.9999999985068, 787.9999999988316, 636.9999999988871, 674.9999999993935, 770.9999999988867, 195.9999999993277, 833.9999999985183, 571.9999999992954, 86.9999999996671]","[0, 13, 39, 39, 76, 99, 107, 107, 107, 161, 99, 187, 203]","[76, 39, 61, 76, 205, 164, 119, 142, 164, 164, 205, 205, 205]",37754612.999964654,940.9999999991174,-940.9999999991174,0.0,,,,DWT,mdp.39015067403892,3.534555435180664e-05,,0.0,33.0,19.0,0.0,28.5,,8.825509212329052e-10,256.3413461528363,4359.000000013128,256.34134615292953,,0.0,256.3413461528363,,,83.9999999996671,0.0,19.5,1.493162926635705e-09,8.825509212329052e-10,,5.587708074017428e-10,4.128262534369486e-10,1.227639296882486e-19,0.6978561002949479,0.32896077637108323,0.024363971619044668,0.6837167070217921,0.04143953339722727,,0.47422802422487603,5.913938695540888e-09,5.913938695540888e-09,5.3721621903789495e-09,,2.8106677557213727e-08,0.9999999940860071,1.7879266565028326e-09,,,,,,3.4984827788521736e-10,1.0,0.0,1.105329028860975e-09,1.105329028860975e-09,0.7422684250348361,0.24267159863747753,600,0.8854385304634884,0.4252791247232889,953,0,0.20618567233050278,0.24635434787441185,609,0.125,0.2475124413024173,0.44956840491166145,953,201.24011362880248,0.7890564846658255,778.75,739.7354295883591,0.4863783471547157,916,sym,0.8243425715244881,0.7368036147090654,0.2019191155201387,6,688.5,4.128262534369487e-10,0.00015478833009491266,1.227639296882486e-19,0.6978561002949478,0.32896077637108334,0.02537227140659255,0.7622881355932206,0.04370720043662916,,0.9919828214503048,0.9855281704339294,0.9855281704339294,0.9855281704348621,,6.021666772881147e-09,0.999999999970642,9.96341730459061e-10,,,,,1.0,,3.4984827788521736e-10,1.0,0.25,1.105329028860975e-09,1.105329028860975e-09,0.0,2.2095702039372886,0.6304403980152234,602,0.918324755100623,0.4245279002816944,1907,922.7743494484445,0.5163656449431633,1254.5,915.1167795934635,0.42943544301665504,1839,0.7763846615972358,0.5622554397616224,0.28785410495344815,6,1380.75,,,,,,,,,,,,,2.7718715274372902e-15,0.036413600438541874,1.227639296882486e-19,0.7808368473980614,0.10169355855226278,0.0071945327142679885,0.5766851117598364,0.9999999999999999,0.04370720043662915,,0.0008499884728346614,0.0007982210227309597,0.0007982210227309597,0.0007982210227254671,,0.0,4.705011942568647e-15,0.020163910573110556,9.26489275865287e-15,,,,,0.4782608695652174,,1.1069119934479976e-17,1.0,0.7906976744186046,3.703704666827241e-15,3.703704666827241e-15,0.9302325581395349,0.5674759776447247,0.17675400427451973,629,1.1820271590822518,0.5737669813073074,1902,900.146932450475,0.5793705923128621,1265.5,945.3638877913868,0.4940077260629731,1947,1409.1368421052632,1454.5,398.32527672708756,380,0.6645304607900322,0.5565550872278735,0.3678621512786154,7,1462.0
db4,,,,10.393241937307634,34202.2389347605,0.6893203883495146,30.518167943137193,206,smoothed,142.87033589023372,,7.193092645912181,90447.61084362333,1.0,8.910281882245055e-05,0.7469172433528996,477.7216367256479,,,,[],[],12,574.6147082864883,98.17600116158368,992.6687795044195,"[10, 28, 50, 66, 83, 103, 113, 132, 148, 160, 178, 202]","[384.73492300197256, 628.8171799186214, 800.3195524880318, 644.645959779376, 992.6687795044195, 487.4394883356727, 285.93127649145254, 713.8802896059834, 98.17600116158368, 692.2947141007307, 554.9957118563367, 611.4726231936794]","[2, 2, 2, 61, 2, 98, 109, 121, 146, 146, 167, 188]","[23, 41, 75, 75, 121, 121, 121, 146, 150, 205, 188, 205]",61551417.89449418,987.133691590612,-987.133691590612,0.0,,,,SWT,mdp.39015067403892,30814942.054494187,,0.0,-7.0,10.0,0.0,-11.5,,258.733691590612,316.41470828648835,1214.976499437861,316.4147082864884,,0.0,316.41470828648835,,,93.9760011615837,0.0,-16.0,264.2687795044195,258.733691590612,,115.32163672564792,0.2686310751638184,,0.6093956677770128,0.1626495446690357,0.02826899804439996,0.6666666666666669,0.35807603739459,,0.17842175126963034,0.4784499331823988,0.4784499331823988,0.47778845066614917,,0.0,0.4035806929812543,0.2641806088032041,,,,,,0.509250466941952,0.2,0.01010101010101011,0.22130790470540146,0.22130790470540146,1.4039721677456398,0.45070142845721456,86,1.5703839318173787,0.5986277549319465,41,0,0.2701892437692534,0.44546141886294743,80,0.0,0.48610830786805603,0.6434539184287184,27,28.965496715920477,0.7267405970196181,58.5,46.75344765669842,0.587426902283394,66,db,0.9817779367705585,0.7465271631990054,0.08879729530090745,4,50.5,0.027599744114816437,0.9965654568322961,,0.5390411435878479,0.33250288571804254,0.004820876827711262,0.6571428571428573,0.05271135992151044,,0.1121615454503859,0.1601454770461001,0.1601454770461001,0.15978924062825203,,0.1862953636481376,0.2955989555576214,0.06528926104113952,,,,,0.16666666666666669,,0.1210135723680352,0.32203389830508466,0.1694915254237288,0.07220109135450262,0.07220109135450262,0.24576271186440676,0.7056232863129486,0.2315607396852238,193,1.4042670691439758,0.722273880407723,98,67.17514421272202,0.6831361122041415,145.5,129.99312714776633,0.49840767874358016,190,0.9080317387829661,0.7281573716544635,0.1459305713555847,6,144.0,,,0.8024731365212735,0.5,0.10999999999999999,0.9927053367076513,0.8024731365212732,1.0,False,False,0.0,0.0,0.001212073802064817,0.5948707879381492,,0.14728884971050504,0.33653681863788365,4.1648165281505094e-06,0.751589771343526,0.8024731365212733,0.0050075740433575214,,0.0009836634967850984,0.0013434915087611032,0.0013434915087611032,0.0013434915087547684,,0.0,0.0009710415627361644,0.005618073143248353,0.0016397553528101246,,,,,0.08695652173913043,,9.650274147074237e-06,0.3798449612403101,0.24031007751937983,0.0010857993096544526,0.0010857993096544526,0.31007751937984496,0.16487143774484145,0.05135316376359887,2130,1.0590968528388358,0.5140954668395425,1957,122.32947314527271,0.9428366947919287,2043.5,2039.8385123562514,0.49396507636792697,1948,1009.0473684210526,935.5,610.6543869996938,760,0.4758535102197843,0.8532293215616218,0.41093374637766444,5,1462.25
rbio3.1,,,,9.903465276478995,578777.3011087464,0.6893203883495146,142.10472544385158,206,smoothed,145.2518003499386,,7.484616100710685,96265.01549774954,1.0,4.9456691170559075e-05,0.7446920256931733,490.1840983880444,,,,[],[],11,697.5190560580043,337.36064530410175,1085.7624625119436,"[8, 30, 52, 63, 79, 99, 109, 128, 153, 174, 190]","[649.4775785198439, 468.91786194385895, 887.2068783547613, 758.9730635865807, 1085.7624625119436, 600.1922358711415, 337.36064530410175, 920.4762524095881, 704.8440394867505, 617.8699054008052, 641.6286932486732]","[0, 19, 0, 58, 0, 84, 105, 114, 143, 164, 185]","[36, 36, 70, 70, 202, 114, 114, 202, 202, 185, 202]",63869722.39749998,1169.8728141340835,-1169.8728141340835,0.0,,,,SWT,mdp.39015067403892,33133246.557499982,,0.0,-16.5,11.0,0.0,-16.5,,441.4728141340835,439.3190560580043,1992.3096166380483,439.31905605800443,,0.0,439.3190560580043,,,333.16064530410176,0.0,-16.5,357.3624625119436,441.4728141340835,,127.78409838804441,1.0,,0.5448158284586859,1.0,1.0,0.6666666666666669,1.0,,0.7597592212453589,1.0,1.0,1.0,,0.13184684718804673,0.7526503808390868,0.683812395575583,,,,,,1.0,0.010000000000000009,0.0,0.9999999999999999,0.9999999999999999,3.115082578174966,1.0,1,2.6233062514715906,1.0,1,0,0.6065379229898717,1.0,1,0.0,0.7554671654733376,1.0,1,0.0,1.0,1.0,1.0,0.9952830188679245,1,rbio,0.5815916171056358,0.9358444144197099,0.312132543700142,2,1.25,0.10274218683741404,0.5440102440997567,,0.4840167963024782,0.7380202326136074,0.17053582232166561,0.6571428571428573,0.14720716947452134,,0.47760863133936704,0.3347173151031626,0.3347173151031626,0.3344351258500878,,0.23420183211372247,0.48482269578198467,0.1689965293068085,,,,,0.25,,0.23763075386994037,0.16101694915254233,0.1610169491525424,0.3262472321113634,0.3262472321113634,0.16101694915254236,1.302175094260524,0.42732805715954114,107,1.580748401702458,0.8130456856343766,48,41.71930009000631,0.8032108486320457,77.5,66.2709677419355,0.7188224054480983,55,0.6261605206073753,0.9968249595590992,0.26264014770710753,4,42.25,,,0.8007363913130802,0.75,0.010000000000000009,0.031518437348267536,0.8007363913130798,1.0,False,False,0.0,0.0,0.0012322775110025102,0.3296619082596249,,0.14597784333128394,0.3676688757843805,0.00014732805604249157,0.751589771343526,0.8007363913130799,0.005477454326815795,,0.00418865641081812,0.0024590627214309373,0.0024590627214309373,0.00245906272142461,,0.0,0.0010759790973722955,0.0092144079510426,0.0022173902338984658,,,,,0.13043478260869565,,1.0376294464452693e-05,0.2325581395348837,0.2325581395348837,0.0018526805452784305,0.0018526805452784305,0.2325581395348837,0.1556670712364634,0.048486243045794235,2136,0.9938845104435388,0.48244078906616616,1990,103.23759005323593,0.9517581354891421,2063.0,2060.4168686379057,0.49386972195017853,1949,818.67,599.5,715.6978453131971,300,0.38607403914171184,1.0,0.42974817260080167,3,1462.5
coif3,,,,10.28911792668676,34309.01878758581,0.6941747572815534,27.918980303014372,206,smoothed,142.62002208059602,,7.192855838335019,90447.61084362333,1.0,6.825738527762693e-05,0.7344808606542489,494.7359270487807,,,,[],[],11,610.9629562683766,32.92961278307174,1059.1969862215915,"[11, 29, 48, 67, 82, 104, 121, 133, 159, 178, 195]","[676.5532895182807, 446.97798661725835, 874.4109924663818, 601.9058714673042, 1059.1969862215915, 455.9217603968092, 32.92961278307174, 820.5715686703679, 648.9805213703755, 513.560759725304, 589.5831697153983]","[0, 22, 0, 61, 0, 96, 120, 122, 147, 168, 188]","[42, 42, 77, 77, 122, 122, 122, 205, 205, 188, 205]",61576165.760730624,1056.2266310316884,-1056.2266310316884,0.0,,,,SWT,mdp.39015067403892,30839689.920730628,,0.0,-16.5,11.0,0.0,-16.5,,327.8266310316884,352.7629562683767,1040.1925189521435,352.7629562683766,,0.0,352.7629562683767,,,28.72961278307175,0.0,-12.0,330.7969862215915,327.8266310316884,,132.33592704878072,0.19175747703795687,,0.5956663245622931,0.1619693560622588,0.02845953430024757,0.7037037037037038,0.35807603739459,,0.01984062462164521,0.6326953403416249,0.6326953403416249,0.6322294874428153,,0.18000300398242322,0.32509209116990695,0.5640650838135302,,,,,,0.5144892109395458,0.010000000000000009,0.0909090909090909,0.5157283059560187,0.5157283059560187,1.8854451642503327,0.6052633010309983,61,1.3981576973607142,0.5329753994892485,57,0,0.3595650590316163,0.5928154619898688,46,0.0,0.4149655721044021,0.5492833984974127,54,6.3508529610858835,0.9400862928199445,54.5,53.91202411939851,0.712967674711859,37,coif,1.0,0.7144143715238808,0.08567568854283576,5,29.0,0.01970158253330489,0.7586176376855859,,0.527343249058829,0.3321734796999856,0.004853370084784342,0.6857142857142858,0.05271135992151044,,0.012472442986515439,0.21177408559743038,0.21177408559743038,0.2114397481990744,,0.25169934120169635,0.2530518444324276,0.1394023303532002,,,,,0.25,,0.12225845905351507,0.16101694915254233,0.23728813559322035,0.16825493233963348,0.16825493233963348,0.16101694915254236,0.816779967475493,0.26803845209951865,182,1.3308920976841896,0.6845340326782082,108,52.32590180780452,0.7531797084537523,145.0,135.55862068965516,0.5346087221514044,158,1.0,0.7220099692676862,0.08339700921969413,7,120.25,,,0.792766747591304,0.75,0.010000000000000009,0.4873253961828625,0.7927667475913037,1.0,False,False,0.0,0.0,0.0012099502065047842,0.4554273062095611,,0.14701013646613947,0.33651152973949977,4.1928878643303184e-06,0.7722906237315654,0.7927667475913038,0.0050075740433575214,,0.00010938407483869364,0.0016734152243562694,0.0016734152243562694,0.0016734152243499355,,0.0,0.0011143068122879615,0.004809434351259592,0.002052554712923402,,,,,0.13043478260869565,,9.658024403210187e-06,0.2325581395348837,0.3023255813953488,0.001375754071579396,0.001375754071579396,0.2325581395348837,0.15825608054691745,0.04929265209349716,2135,1.0214810982646763,0.4958364295697311,1977,111.72287142747452,0.947793050734825,2056.0,2052.964494163424,0.4935226935917116,1950,986.6382352941176,846.0,585.0035688138154,340,0.4652856568234462,0.8173890317607586,0.42908333069536003,4,1463.5
sym12,1.0,periodic,1.086418273081653e-22,279.1118218521283,6431600.338794711,0.6359649122807017,310.594397473289,206,raw,8.177152590432456e-12,,6.4457442554824596,62190.44550530272,0.7537425622827094,5.618943883689595e-06,0.9999999999999994,326.99999999999727,,,,[],[],13,661.1538461538738,87.00000000000517,940.000000000039,"[8, 32, 51, 63, 81, 100, 111, 133, 152, 162, 175, 192, 204]","[878.0000000000304, 638.0000000000323, 787.0000000000321, 792.0000000000368, 940.000000000039, 788.0000000000314, 637.0000000000279, 675.0000000000133, 771.0000000000341, 196.00000000001393, 834.0000000000379, 572.0000000000239, 87.00000000000517]","[0, 13, 42, 42, 76, 99, 107, 107, 107, 161, 164, 187, 203]","[76, 42, 61, 76, 205, 164, 119, 142, 164, 164, 205, 205, 205]",37754613.000000894,941.0000000000261,-941.0000000000261,0.0,,,,DWT,mdp.39015067403892,8.940696716308594e-07,,0.0,33.0,19.0,0.0,28.5,,2.6147972675971687e-11,256.3413461538738,4358.99999999964,256.34134615387364,,0.0,256.3413461538738,,,84.00000000000517,0.0,28.5,3.89945853385143e-11,2.6147972675971687e-11,,2.7284841053187847e-12,1.0313626317822243e-11,7.688135396119246e-23,0.8160631021833443,0.8304660408281096,0.0007828606885139314,0.5911654135338344,0.0003603533863049413,,0.4742280246176093,6.71735962765215e-09,6.71735962765215e-09,6.103261153212059e-09,,1.3724522103217282e-10,0.9999999932825726,4.669246559924407e-11,,,,,,8.849450536725565e-12,1.0,1.0,3.274838034754917e-11,3.274838034754917e-11,0.842268409997456,0.27536483385553734,57,1.1418726188394681,0.5484452857854972,870,0,0.2895190031413705,0.34592250960005494,57,0.125,0.31358396723291726,0.5695772027173508,873,470.253389142492,0.507071919137849,464.25,107.00159604936074,0.5102183495060314,845,sym,0.8243425715244881,0.7368036147090654,0.2019191155201387,6,635.25,1.0313626317822242e-11,0.00015478832996140834,7.688135396119246e-23,0.8160631021833443,0.8304660408281097,0.001815531069653824,0.6927285318559556,0.002725201465152937,,0.9919828214562934,0.9855281704455563,0.9855281704455563,0.9855281704454424,,2.940386623583877e-11,0.9999999999666537,2.601988834684467e-11,,,,,1.0,,8.849450536725565e-12,1.0,0.75,3.274838034754917e-11,3.274838034754917e-11,0.0,2.259570199866418,0.644706528721616,58,1.1840065770894144,0.5473486621150808,1749,1195.7175669864519,0.3733136441370798,903.5,112.27670171555064,0.44989057468908494,1755,0.7763846615972358,0.5622554397616224,0.28785410495344815,6,1317.75,,,,,,,,,,,,,6.924958598682158e-17,0.03641360043841328,7.688135396119246e-23,0.8665794992231484,0.2567267984963418,0.0016859756449245276,0.5240619814995477,0.9999999999999996,0.002725201465152937,,0.0008499884728391914,0.0007982210227403769,0.0007982210227403769,0.0007982210227340365,,0.0,2.297462596574721e-17,0.020163910573048154,2.419566176502158e-16,,,,,0.4782608695652174,,2.799946020526132e-19,1.0,0.9302325581395349,1.0973232943066667e-16,1.0973232943066667e-16,0.9302325581395349,0.5814294660167878,0.18110015290550932,204,1.2707930399219263,0.616854765797816,1831,1150.462732990513,0.462400592060508,1017.5,367.0997542997543,0.4934666511704409,1951,1409.1368421052632,1454.5,398.32527672708756,380,0.6645304607900322,0.5565550872278735,0.3678621512786154,7,1465.0
sym6,,,,11.849714471408392,34282.90617870358,0.6504854368932039,26.96898286801869,206,smoothed,142.9352052913573,,7.1919973062192115,90447.61084385923,1.0,7.067844596192385e-05,0.8976631337906839,494.87688513360706,,,,[],[],14,519.6701151645016,32.95460407687213,947.94031703402,"[7, 26, 51, 63, 79, 89, 101, 111, 130, 144, 158, 175, 191, 203]","[444.5332004671891, 644.3209619715385, 830.4645406807616, 597.7903338374816, 947.94031703402, 286.60553267618644, 501.8509998694775, 263.24571070386645, 841.5995411151428, 32.95460407687213, 637.8724029847838, 533.5280422793078, 578.9572027812753, 133.7182218251192]","[0, 0, 0, 59, 0, 84, 95, 106, 122, 143, 147, 164, 185, 202]","[19, 38, 73, 73, 205, 95, 122, 122, 205, 147, 205, 185, 205, 205]",61406820.09057759,994.5018622429131,-994.5018622429131,0.0,,,,SWT,mdp.39015067403892,30670344.25057759,,0.0,-15.0,8.0,0.0,-1.5,,266.10186224291317,261.47011516450164,1594.9816123030232,261.47011516450164,,0.0,261.47011516450164,,,28.75460407687214,0.0,-15.0,219.54031703402006,266.10186224291317,,132.47688513360708,0.28855304542929294,,0.8014398580098588,0.15950337177778842,0.02841293937999635,0.3703703703703708,0.3580760374206206,,0.01990136587684336,0.245290108215821,0.245290108215821,0.2443329088403091,,0.18149427268787477,0.5742260227595577,0.06256129351069373,,,,,,0.4786413279521067,0.04000000000000001,0.030303030303030304,0.2527053206712337,0.2527053206712337,1.0450182370985515,0.33547047658389734,99,1.484624252020925,0.56593630697449,51,0,0.19583007198030175,0.32286533876558915,100,0.0,0.4340631721031629,0.5745625911236008,46,29.518355871107275,0.7215249446121955,74.0,65.09570796143933,0.5117058685325129,92,sym,0.6803648884317847,1.0,0.22374457809775072,3,69.75,0.02964657090600123,0.7862537196414514,,0.7026697052109636,0.33097923731538054,0.004845423981743258,0.42857142857142894,0.05271135992534237,,0.01251062685707574,0.0821028464433638,0.0821028464433638,0.0817135071173268,,0.25224119274183626,0.38810239735065805,0.015461318836363785,,,,,0.0,,0.11373989959456848,0.18644067796610164,0.1864406779661017,0.08244441140880451,0.08244441140880451,0.41525423728813554,0.6156180999344216,0.20202420377776975,206,1.3948484705769655,0.7174294972526412,100,74.95331880577403,0.6464466094067263,153.0,134.640522875817,0.46237424809958955,206,0.7190889370932755,0.9859759878661594,0.20084494767485936,5,155.75,,,0.9201277855972024,0.0,0.31,0.5460219688401731,0.920127785597202,1.0,False,False,0.0,0.0,0.0012126241367523337,0.4716227540311965,,0.1511874527597723,0.33641984630733857,4.186023125308082e-06,0.58598295223921,0.9201277855972021,0.005007574043376576,,0.00010971894967913304,0.0008447735423902598,0.0008447735423902598,0.0008447735423839214,,0.0,0.0011154937201645443,0.0073761683334534235,0.0013622207310650019,,,,,0.0,,9.604990646414318e-06,0.2558139534883721,0.255813953488372,0.001116720503405839,0.001116720503405839,0.46511627906976744,0.150357690473708,0.046832509060559975,2137,1.0052224260233955,0.4879443187833872,1984,108.18733752154178,0.9494451693824572,2060.5,2057.6597913127885,0.49329735104636874,1952,1409.1368421052632,1454.5,398.32527672708756,380,0.6645304607900322,0.5565550872278735,0.3678621512786154,7,1465.75
bior3.5,1.0,zero,1.9058642524661438e-27,324.44647910002425,5136541.2419445,0.5416666666666666,58.57692020785842,206,smoothed,2.632090877506962e-14,-2.0637680453461418e-10,6.139164932085479,39102.53716536776,0.9937406067729629,0.00014966566451320274,1.0,362.4000000000001,,,,[],[],11,426.60000000000014,32.200000000000045,728.4,"[9, 31, 53, 64, 80, 102, 131, 148, 158, 175, 192]","[311.0, 417.8000000000001, 589.6, 432.2, 728.4, 371.0, 587.0000000000001, 32.200000000000045, 448.20000000000016, 368.0000000000001, 407.1999999999999]","[0, 0, 0, 60, 0, 94, 120, 144, 144, 165, 186]","[20, 40, 75, 75, 205, 120, 205, 149, 205, 186, 205]",30736475.84,728.4,-728.4,0.0,,,,DWT,mdp.39015067403892,3.725290298461914e-09,,0.0,15.0,11.0,0.0,33.0,,0.0,168.4000000000002,987.7999999999975,168.40000000000003,,0.0,168.4000000000002,,,28.000000000000057,0.0,15.0,0.0,0.0,,1.1368683772161603e-13,8.986429103926127e-15,7.898130343200343e-28,0.9974805621397357,0.006966448933581143,0.1372723601760545,0.1964170084178718,0.08833317943435107,,0.9999996647593375,4.406097391567225e-09,4.406097391567225e-09,3.6787269888316428e-09,,1.2251610931599486e-12,0.9999999955939026,0.0,,,,,,7.946695712486874e-14,0.0,0.0,0.0,0.0,0.7999999009726814,0.3007374869223789,738,0.7845078169795512,0.39826940747624395,565,0,0.1666666394037889,0.23713383959567264,740,0.0,0.20378136558594334,0.35952548177760807,556,103.12573232063211,0.8919017480915806,649.75,637.466701515423,0.6054110417606751,565,bior,0.8100315533562081,0.7923003667562746,0.1952878026237719,6,425.25,1.490908039617439e-14,0.9999999999705138,5.518382681768167e-28,0.9833582506919393,0.7245582640398276,0.00035960039609708836,0.1611842105263158,0.0008603573361593434,0.9999999997235186,2.0315811924354055e-05,4.745570603148508e-11,4.745570603148508e-11,3.962169481397382e-11,,1.2251610931599486e-12,0.003126132840347795,0.0,,,,,0.0,,3.687271056968986e-14,0.0,0.0,0.0,0.0,1.0,0.20156916120474216,0.05751224468499352,1787,1.7172917096586822,0.793878461430215,576,856.306312016909,0.5512021425487899,1181.5,871.1908590774439,0.4659836708551077,1670,0.5943810304597339,0.7715092316736338,0.3524805091760961,5,1253.75,,,,,,,,,,,,,1.0010520190121841e-19,0.9999999999715831,5.518382681768167e-28,0.9879287377745303,0.22398691133177012,0.0013455177933889794,0.12193884454065756,1.0,0.0008603573361593434,0.9999999999999541,9.960751159770499e-05,3.843648489765261e-14,3.843648489765261e-14,3.20911916831812e-14,,0.0,9.572760819061336e-19,0.004567040150618456,0.0,,,,,0.13043478260869565,,1.1666441752192217e-21,0.7209302325581395,0.7209302325581395,0.0,0.0,1.0,0.3986733618839274,0.12417638082767558,1840,1.854543137969481,0.9002124949507072,246,1127.1282092113568,0.47330457513488,1043.0,433.97890699904116,0.4929606987823933,1953,1104.4,1082.5,563.6960149978129,300,0.520820561188399,0.7876173146100969,0.3991404127850916,6,1466.25
sym18,,,,11.820816172859498,34789.296378971696,0.6504854368932039,28.15096242391586,206,smoothed,143.23295667749755,,7.193700922773165,90447.61084366342,1.0,7.251370192279487e-05,0.8966133956301356,494.21184504917926,,,,[],[],14,521.2366463826212,29.36332640133847,934.0613369133259,"[7, 26, 51, 63, 79, 89, 101, 111, 130, 146, 158, 175, 191, 203]","[450.5004014939884, 652.1604017796546, 801.0738559562371, 614.0503716970234, 934.0613369133259, 316.8793897284797, 493.33659913626616, 285.0438571773011, 837.6697358812731, 29.36332640133847, 642.8614104375633, 556.6921890356953, 581.2293640048351, 102.39080971371307]","[0, 0, 0, 59, 0, 84, 95, 106, 118, 143, 143, 164, 185, 202]","[19, 38, 73, 73, 204, 95, 118, 118, 204, 148, 204, 185, 204, 204]",61484362.24465923,991.9461233450852,-991.9461233450852,0.0,,,,SWT,mdp.39015067403892,30747886.404659234,,0.0,-15.0,8.0,0.0,-1.5,,263.5461233450852,263.03664638262126,1616.9130493566972,263.0366463826211,,0.0,263.03664638262126,,,25.16332640133848,0.0,-15.0,205.66133691332595,263.5461233450852,,131.81184504917928,0.37999514537852425,,0.7976294529290958,0.16439671422993682,0.029316533927133025,0.3703703703703708,0.3580760373990138,,0.011172777612493613,0.2519377531225824,0.2519377531225824,0.25098898496232563,,0.17445846862598152,0.5840745673760199,0.0,,,,,,0.4950558135637003,0.04000000000000001,0.030303030303030304,0.24181474809062975,0.24181474809062975,1.0223618076954009,0.3281973373220726,101,1.5256896556952797,0.5815903708686002,46,0,0.19223724299133177,0.31694183612413934,102,0.0,0.4512011171492423,0.5972478193232164,39,34.18576701884378,0.6774927639731719,72.0,59.62578759400315,0.499123740477152,97,sym,0.6803648884317847,1.0,0.22374457809775072,3,73.5,0.03904153222379064,0.8072029194998396,,0.6994231029481681,0.33334901598572514,0.004999519220884596,0.42857142857142894,0.05271135992216164,,0.007023560721007557,0.08432792829831418,0.08432792829831418,0.08393953277286115,,0.249684737789672,0.393441097652967,0.0,,,,,0.0,,0.11764048618483877,0.18644067796610164,0.1864406779661017,0.07889139224827457,0.07889139224827457,0.41525423728813554,0.6101643857910454,0.20023448665027704,207,1.402937973286798,0.7215902702574238,99,76.36753236814714,0.6397757907162871,153.0,133.94117647058823,0.45903883875436996,209,0.7190889370932755,0.9859759878661594,0.20084494767485936,5,158.0,,,0.9193084825001678,0.0,0.31,0.5905162004596964,0.9193084825001674,1.0,False,False,0.0,0.0,0.0012151501800518071,0.48389951865193287,,0.1511100994337029,0.33660177708182826,4.31914795338828e-06,0.58598295223921,0.9193084825001676,0.005007574043360759,,6.159704978177954e-05,0.0008589925440966248,0.0008589925440966248,0.0008589925440902848,,0.0,0.0011098938901482457,0.0074776342156033584,0.00127610336227429,,,,,0.0,,9.629274418991896e-06,0.2558139534883721,0.255813953488372,0.0011059951142465892,0.0011059951142465892,0.46511627906976744,0.15035664733316856,0.046832184149419004,2138,1.0086231119378035,0.48959504336825976,1982,110.30865786510141,0.9484538981938778,2060.0,2057.0466019417477,0.49291853788198564,1954,1409.1368421052632,1454.5,398.32527672708756,380,0.6645304607900322,0.5565550872278735,0.3678621512786154,7,1467.25
sym10,1.0,periodic,2.5517039924017245e-23,285.40348953734326,6242217.781156165,0.6294642857142857,292.34328110172413,206,raw,3.94102442158425e-12,,6.465487332746582,61073.87715312715,0.7614771319611736,5.618943883689841e-06,1.0,326.99999999999795,,,,[],[],13,661.1538461538586,87.00000000000162,940.0000000000172,"[8, 32, 51, 63, 81, 100, 111, 133, 152, 162, 175, 192, 204]","[878.0000000000107, 638.0000000000175, 787.000000000018, 792.0000000000163, 940.0000000000172, 788.0000000000127, 637.0000000000134, 675.0000000000073, 771.0000000000128, 196.00000000000887, 834.0000000000183, 572.0000000000077, 87.00000000000162]","[0, 13, 42, 42, 76, 99, 107, 107, 107, 161, 164, 187, 203]","[76, 42, 61, 76, 205, 164, 119, 142, 164, 164, 205, 205, 205]",37754613.0000004,941.0000000000098,-941.0000000000098,0.0,,,,DWT,mdp.39015067403892,4.023313522338867e-07,,0.0,33.0,19.0,0.0,28.5,,9.777068044058979e-12,256.3413461538586,4358.999999999838,256.3413461538586,,0.0,256.3413461538586,,,84.00000000000162,0.0,28.5,1.716671249596402e-11,9.777068044058979e-12,,2.0463630789890885e-12,4.961204884480595e-12,1.80567502109942e-23,0.8392807803056074,0.8372862836182439,0.0005697328634821115,0.5424107142857142,0.0002699526661784247,,0.47422802461348224,6.705562739102632e-09,6.705562739102632e-09,6.091596319377946e-09,,1.0293391577412962e-10,0.999999993294383,2.0555575234652634e-11,,,,,,3.982252741526505e-12,1.0,1.0,1.2245046564735777e-11,1.2245046564735777e-11,0.8422684099506866,0.2753648338402469,77,1.139568743206473,0.5473387265168842,872,0,0.28951900313021234,0.34592250958672294,77,0.125,0.31086678053488387,0.5646418496366968,876,460.1510621524197,0.5176613604272331,475.5,141.53095997208754,0.5096168437356291,848,sym,0.8243425715244881,0.7368036147090654,0.2019191155201387,6,637.5,4.961204884480594e-12,0.00015478832996307368,1.80567502109942e-23,0.8392807803056074,0.8372862836182439,0.0016026235078497333,0.6560855263157894,0.0026350146060612864,,0.9919828214562303,0.9855281704453857,0.9855281704453857,0.9855281704452736,,2.2052899676879078e-11,0.9999999999667123,1.1454819651234826e-11,,,,,1.0,,3.982252741526505e-12,1.0,0.75,1.2245046564735777e-11,1.2245046564735777e-11,0.0,2.2595701998446827,0.6447065287154143,77,1.1865475746156287,0.548523327546273,1745,1179.4541110191612,0.3818374680193075,911.0,147.49176728869375,0.45218707782516737,1748,0.7763846615972358,0.5622554397616224,0.28785410495344815,6,1312.5,,,,,,,,,,,,,3.3311405092541925e-17,0.036413600438414934,1.80567502109942e-23,0.8834206783379328,0.25883517982730253,0.0016361888986295172,0.4963408682374316,1.0,0.0026350146060612864,,0.0008499884728391438,0.0007982210227402386,0.0007982210227402386,0.0007982210227338998,,0.0,1.7230969474310408e-17,0.02016391057304907,1.065173447964507e-16,,,,,0.4782608695652174,,1.2599757092367595e-19,1.0,0.9302325581395349,4.103034926537971e-17,4.103034926537971e-17,0.9302325581395349,0.581429466016788,0.1811001529055094,183,1.2708025246346473,0.6168593697656222,1830,1164.6048686142437,0.4557921174699796,1006.5,332.7272727272727,0.49273250733312063,1955,1409.1368421052632,1454.5,398.32527672708756,380,0.6645304607900322,0.5565550872278735,0.3678621512786154,7,1468.0
rbio2.8,1.0,periodic,5.0878244657501736e-27,320.18207754874106,5051007.828578902,0.527027027027027,118.9361424690605,206,smoothed,4.857602992986145e-14,-2.1325072818712027e-10,6.33002658884801,30926.994848826882,0.9681989722253758,0.00014966566451320263,0.9999999999999999,362.4000000000001,,,,[],[],11,426.60000000000014,32.20000000000002,728.4000000000001,"[9, 31, 53, 64, 80, 102, 131, 148, 158, 175, 192]","[311.0000000000001, 417.79999999999995, 589.6000000000001, 432.20000000000016, 728.4000000000001, 371.00000000000017, 587.0000000000002, 32.20000000000002, 448.20000000000016, 368.0000000000002, 407.2000000000002]","[0, 0, 0, 60, 0, 94, 120, 144, 144, 165, 186]","[20, 40, 75, 75, 205, 120, 205, 149, 205, 186, 205]",30736475.84000001,728.4000000000001,-728.4000000000001,0.0,,,,DWT,mdp.39015067403892,1.4901161193847656e-08,,0.0,15.0,11.0,0.0,33.0,,1.1368683772161603e-13,168.4000000000002,987.7999999999975,168.40000000000015,,0.0,168.4000000000002,,,28.00000000000003,0.0,15.0,1.1368683772161603e-13,1.1368683772161603e-13,,1.1368683772161603e-13,5.78778129534023e-14,1.0102136690324087e-26,0.9812783399175818,0.28226607788115937,0.10056527901991824,0.0958575670425443,0.0205347684680613,,0.9999996647345563,4.406097391567225e-09,4.406097391567225e-09,3.6788452796766485e-09,,1.2251610931599486e-12,0.9999999955939026,7.585973278963461e-14,,,,,,3.1786782849947497e-13,0.0,0.0,1.7477015598164352e-13,1.7477015598164352e-13,0.7999999009655097,0.3007374869196829,760,0.8267396166053474,0.4197091349710941,424,0,0.16666663940178894,0.2371338395928271,761,0.0,0.2115002903327605,0.37314375413742373,481,179.34045834668763,0.8120120981690906,606.5,565.9836017464107,0.5881339316841261,624,rbio,0.7685897546424816,0.816051598246696,0.21717169227625407,5,469.25,4.3028812076273926e-14,0.9999999999705129,2.803604012013466e-27,0.9676216435544648,0.7904913919424997,0.00026344206599782116,0.07866287339971545,0.00020000682428690736,0.999999999723415,2.0315811923854454e-05,4.745570603148508e-11,4.745570603148508e-11,3.9622916059300906e-11,,1.2251610931599486e-12,0.003126132840347795,7.585973278963461e-14,,,,,0.0,,1.4749084227875944e-13,0.0,0.0,1.4238426238064856e-13,1.4238426238064856e-13,1.0,0.20156916120489257,0.057512244685036434,1745,1.7074955551070612,0.7893498446205995,667,762.2611101190982,0.6004920806503677,1206.0,965.1036484245441,0.4842083044761273,1607,0.3888041033402703,1.0,0.4278371276618108,3,1206.0,,,,,,,,,,,,,2.8891171058211254e-19,0.9999999999715824,2.803604012013466e-27,0.9765140296342242,0.24436920273097543,0.0013230319298328072,0.059509922586637454,0.9999999999999999,0.00020000682428690736,0.9999999999999541,9.960751159770467e-05,3.843648489765261e-14,3.843648489765261e-14,3.209227588535368e-14,,0.0,9.572760819061336e-19,0.004567040150618456,7.054128794466933e-19,,,,,0.13043478260869565,,4.666576700876887e-21,0.7209302325581395,0.7209302325581395,4.770970844811595e-19,4.770970844811595e-19,1.0,0.3986733618839274,0.12417638082767558,1892,1.8326385068667645,0.8895797831996389,531,962.3723291948912,0.5502933041145368,1211.5,829.2628972348328,0.492085904393717,1956,818.67,599.5,715.6978453131971,300,0.38607403914171184,1.0,0.42974817260080167,3,1467.75
sym4,,,,11.689021582768365,35256.48585014941,0.6699029126213593,26.885784770365646,206,smoothed,142.96828378667098,,7.193031706616653,90447.6108437187,1.0,7.047190691590134e-05,0.8797415044531454,501.03344615900335,,,,[],[],14,513.4360475106593,35.07012618446598,941.7948452918964,"[7, 26, 51, 63, 79, 89, 101, 111, 130, 144, 156, 175, 191, 203]","[438.989944866814, 635.5246766177247, 839.3221368783836, 595.819384950701, 941.7948452918964, 273.0053967451447, 482.37529102521825, 239.4700656038755, 833.3934989998618, 35.07012618446598, 626.5167735868716, 517.5044965102951, 573.4074054401647, 155.9106224478116]","[0, 0, 0, 58, 0, 84, 95, 106, 122, 143, 147, 164, 185, 202]","[19, 38, 73, 73, 205, 95, 122, 122, 205, 147, 205, 185, 205, 205]",61243974.496528186,998.9125000920682,-998.9125000920682,0.0,,,,SWT,mdp.39015067403892,30507498.65652819,,0.0,-15.0,8.0,0.0,-6.0,,270.5125000920682,255.23604751065932,1507.70466514923,255.2360475106592,,0.0,255.23604751065932,,,30.870126184465988,0.0,-15.0,213.39484529189644,270.5125000920682,,138.63344615900337,0.2987117456585454,,0.7802515863792481,0.16247450713425768,0.03015017932234869,0.5185185185185188,0.358076037405114,,0.0250431352162393,0.21883556482203198,0.21883556482203198,0.21784481312039847,,0.24662772566920307,0.5350333831742392,0.03485978676615914,,,,,,0.44416941145593947,0.04000000000000001,0.030303030303030304,0.27150003075050066,0.27150003075050066,0.9941431922574843,0.31913863190102754,102,1.5294751236475428,0.5830333849849045,45,0,0.18497016512335165,0.3049605937441778,105,0.0,0.449417178966538,0.594886448420238,40,35.298725189445584,0.6669931585901361,73.0,60.105226236408264,0.48915695665355863,99,sym,0.6803648884317847,1.0,0.22374457809775072,3,75.0,0.03069029798298037,0.7838961042210755,,0.6846165352296532,0.33241811743941035,0.005141685623882369,0.5428571428571431,0.05271135992305964,,0.015742905384510092,0.07324805270631465,0.07324805270631465,0.07285495749170934,,0.2759073916525641,0.36685684636308613,0.00861520354701606,,,,,0.0,,0.10554831209024262,0.18644067796610164,0.1864406779661017,0.0885761335505009,0.0885761335505009,0.3389830508474576,0.5895072664960214,0.19345554678745597,208,1.424609245764307,0.732736721249289,96,79.19595949289332,0.6264341533354089,152.0,131.3684210526316,0.4547265106299686,210,0.7190889370932755,0.9859759878661594,0.20084494767485936,5,158.75,,,0.9061402533039277,0.0,0.22,0.5410146040103435,0.9061402533039273,1.0,False,False,0.0,0.0,0.001212904765878958,0.47024113135453927,,0.1507573191520456,0.3365303108746158,4.441967308894219e-06,0.6687863617913681,0.9061402533039274,0.0050075740433652245,,0.00013806622669027132,0.0007881885107086187,0.0007881885107086187,0.000788188510702279,,0.0,0.0011673337461035084,0.006972381184775474,0.0013240888329134762,,,,,0.0,,9.553992509749295e-06,0.2558139534883721,0.255813953488372,0.0011352301435779662,0.0011352301435779662,0.39534883720930225,0.13617411860276007,0.042414695405239,2140,1.0321316544037795,0.5010063086188065,1972,118.79393923933998,0.9444888134395608,2056.0,2052.568093385214,0.4918705749440795,1957,1409.1368421052632,1454.5,398.32527672708756,380,0.6645304607900322,0.5565550872278735,0.3678621512786154,7,1469.5
bior3.5,1.0,smooth,1.9058642524661438e-27,324.44647910002425,5136541.2419445,0.5416666666666666,58.57692020785842,206,smoothed,2.632090877506962e-14,-2.0637680453461418e-10,6.139164932085479,39102.53716536776,0.9937406067729629,0.00014966566451320274,1.0,362.4000000000001,,,,[],[],11,426.60000000000014,32.200000000000045,728.4,"[9, 31, 53, 64, 80, 102, 131, 148, 158, 175, 192]","[311.0, 417.8000000000001, 589.6, 432.2, 728.4, 371.0, 587.0000000000001, 32.200000000000045, 448.20000000000016, 368.0000000000001, 407.1999999999999]","[0, 0, 0, 60, 0, 94, 120, 144, 144, 165, 186]","[20, 40, 75, 75, 205, 120, 205, 149, 205, 186, 205]",30736475.84,728.4,-728.4,0.0,,,,DWT,mdp.39015067403892,3.725290298461914e-09,,0.0,15.0,11.0,0.0,33.0,,0.0,168.4000000000002,987.7999999999975,168.40000000000003,,0.0,168.4000000000002,,,28.000000000000057,0.0,15.0,0.0,0.0,,1.1368683772161603e-13,8.986429103926127e-15,7.898130343200343e-28,0.9974805621397357,0.006966448933581143,0.1372723601760545,0.1964170084178718,0.08833317943435107,,0.9999996647593375,4.406097391567225e-09,4.406097391567225e-09,3.6787269888316428e-09,,1.2251610931599486e-12,0.9999999955939026,0.0,,,,,,7.946695712486874e-14,0.0,0.0,0.0,0.0,0.7999999009726814,0.3007374869223789,734,0.7845078169795512,0.39826940747624395,563,0,0.1666666394037889,0.23713383959567264,737,0.0,0.20378136558594334,0.35952548177760807,558,101.06433594498111,0.8940625409381749,648.0,636.1764722285247,0.6074086289596535,554,bior,0.8100315533562081,0.7923003667562746,0.1952878026237719,6,417.0,1.490908039617439e-14,0.9999999999705138,5.518382681768167e-28,0.9833582506919393,0.7245582640398276,0.00035960039609708836,0.1611842105263158,0.0008603573361593434,0.9999999997235186,2.0315811924354055e-05,4.745570603148508e-11,4.745570603148508e-11,3.962169481397382e-11,,1.2251610931599486e-12,0.003126132840347795,0.0,,,,,0.0,,3.687271056968986e-14,0.0,0.0,0.0,0.0,1.0,0.20156916120474216,0.05751224468499352,1791,1.7172917096586822,0.793878461430215,575,859.8418459228418,0.5493491373570012,1183.0,870.519864750634,0.4646640864982071,1683,0.5943810304597339,0.7715092316736338,0.3524805091760961,5,1263.5,,,,,,,,,,,,,1.0010520190121841e-19,0.9999999999715831,5.518382681768167e-28,0.9879287377745303,0.22398691133177012,0.0013455177933889794,0.12193884454065756,1.0,0.0008603573361593434,0.9999999999999541,9.960751159770499e-05,3.843648489765261e-14,3.843648489765261e-14,3.20911916831812e-14,,0.0,9.572760819061336e-19,0.004567040150618456,0.0,,,,,0.13043478260869565,,1.1666441752192217e-21,0.7209302325581395,0.7209302325581395,0.0,0.0,1.0,0.3986733618839274,0.12417638082767558,1846,1.854543137969481,0.9002124949507072,247,1130.6637431172894,0.47165245648724796,1046.5,435.70186335403724,0.49131688244923144,1958,1104.4,1082.5,563.6960149978129,300,0.520820561188399,0.7876173146100969,0.3991404127850916,6,1470.0
rbio2.2,,,,13.35560430241628,84544.62210302273,0.6553398058252428,46.65186486352947,206,smoothed,141.99562637421454,-23762.68224885969,7.251398709502556,89256.55006692432,1.0,6.459093514533875e-05,0.9776227275443794,487.4970926195356,,,,[],[],11,545.1504011992342,34.188612870369525,956.2205001985685,"[10, 28, 39, 50, 65, 81, 102, 131, 155, 177, 193]","[588.5249739815634, 399.65675272663674, 34.188612870369525, 756.9931645992586, 461.8821494710529, 956.2205001985685, 445.265140113169, 821.7995010950057, 590.1159642392332, 434.76460441254875, 507.24304948416994]","[1, 20, 38, 1, 60, 1, 94, 121, 145, 166, 166]","[40, 40, 40, 72, 72, 204, 121, 204, 204, 187, 204]",59145714.84000002,964.7411369118664,-964.7411369118664,0.0,,,,SWT,mdp.39015067403892,28409239.000000022,,0.0,-12.0,11.0,0.0,-7.5,,236.34113691186644,286.9504011992343,316.25441319157744,286.9504011992342,,0.0,286.9504011992343,,,29.988612870369536,0.0,10.5,227.82050019856854,236.34113691186644,,125.0970926195356,8.715250743307479e-15,,1.0,0.33012357837827,0.11809913870790872,0.40740740740740783,0.22664793518406057,0.9999999999999999,0.02290062008277862,0.3534168354220191,0.3534168354220191,0.352596773292069,,0.10341961920122414,0.0,0.09988528740468566,,,,,,0.0,0.1,0.5454545454545454,0.12588824262596243,0.12588824262596243,0.8792525241644602,0.2822565701226412,105,1.9902780829360465,0.758690710175209,4,0,0.20819113343541776,0.34324503966571307,99,0.0,0.43290604749608863,0.5730309234880533,47,47.591140632124656,0.5510269751686353,63.75,13.750362798748277,0.47480594041450636,106,rbio,0.5815916171056358,0.9358444144197099,0.312132543700142,2,80.0,8.881784197001252e-16,0.7167656027489087,,0.8718500922361343,0.4136082644651337,0.02014013373503365,0.45714285714285746,0.033364201005690375,1.0,0.014396052734484036,0.11829473426471454,0.11829473426471454,0.11792074625026797,,0.22387281681939109,0.07682588283136438,0.024685523411719368,,,,,0.25,,0.0,0.2372881355932203,0.6186440677966102,0.041070690712083996,0.041070690712083996,0.3135593220338983,0.5380973528160881,0.1765846216496493,211,1.944230723602061,1.0,1,148.49242404917499,0.2995640375038916,106.0,1.9905660377358492,0.3997820187519458,212,0.6261605206073753,0.9968249595590992,0.26264014770710753,4,160.0,,,0.9825349126905117,0.75,0.19,0.3984354076005412,0.9825349126905114,1.0,False,False,0.0,0.0,0.0012046529999635452,0.43090094790997724,,0.15521833322581036,0.3427633766516719,1.7399316526128632e-05,0.6066838046272496,0.9825349126905115,0.004911370322171578,0.9407099596286779,0.00012625424797636407,0.0010760515574185345,0.0010760515574185345,0.0010760515574121964,,0.0,0.0010533537310089892,0.0014601317796506838,0.0014135982516778353,,,,,0.13043478260869565,,8.896883342338433e-06,0.3023255813953488,0.6511627906976744,0.0009918269310975358,0.0009918269310975358,0.37209302325581395,0.22531239867529002,0.07017895073522805,2095,1.4080890871000116,0.6834995445827289,1695,282.842712474619,0.8678305081894304,1895.0,1873.8918205804748,0.49115824474892084,1959,818.67,599.5,715.6978453131971,300,0.38607403914171184,1.0,0.42974817260080167,3,1470.0
sym10,1.0,reflect,2.5496358840172222e-23,285.4070108401003,6328550.593523487,0.6205357142857143,295.7962706224287,206,raw,3.935643612517329e-12,,6.491368544486644,62338.47273908327,0.7332858730500096,5.618943883689841e-06,1.0,326.99999999999795,,,,[],[],13,661.1538461538585,86.99999999999929,940.0000000000172,"[8, 32, 51, 63, 81, 100, 111, 133, 152, 162, 175, 192, 204]","[878.0000000000094, 638.0000000000175, 787.000000000018, 792.0000000000163, 940.0000000000172, 788.0000000000127, 637.0000000000134, 675.0000000000073, 771.0000000000128, 196.00000000000887, 834.0000000000183, 572.0000000000077, 86.99999999999929]","[0, 13, 42, 42, 76, 99, 107, 107, 107, 161, 164, 187, 203]","[76, 42, 61, 76, 205, 164, 119, 142, 164, 164, 205, 205, 205]",37754613.0000004,941.0000000000098,-941.0000000000098,0.0,,,,DWT,mdp.39015067403892,4.023313522338867e-07,,0.0,33.0,19.0,0.0,28.5,,9.777068044058979e-12,256.34134615385847,4358.99999999984,256.34134615385835,,0.0,256.34134615385847,,,83.99999999999929,0.0,28.5,1.716671249596402e-11,9.777068044058979e-12,,2.0463630789890885e-12,4.954406138873626e-12,1.8042114906645258e-23,0.8392937747099649,0.8462269439524291,0.0006668903037351132,0.47544642857142866,0.0003723381147866544,,0.4742280246107749,6.705474702620919e-09,6.705474702620919e-09,6.0914202464144125e-09,,1.0293391577412962e-10,0.9999999932944914,2.0555575234652634e-11,,,,,,3.982252741526505e-12,1.0,1.0,1.2245046564735777e-11,1.2245046564735777e-11,0.8422684099498229,0.2753648338399645,81,1.1173506886300337,0.536667319662276,879,0,0.2895190031299664,0.3459225095864291,81,0.125,0.30260805366532845,0.549641138376245,891,464.2154672132328,0.5134009777639069,483.0,148.41557703240477,0.5035558347939031,865,sym,0.8243425715244881,0.7368036147090654,0.2019191155201387,6,650.25,4.954406138873626e-12,0.00015478832996307368,1.8042114906645258e-23,0.8392937747099648,0.8462269439524293,0.001699680537884666,0.6057565789473687,0.0027371578413556853,,0.9919828214561891,0.9855281704453843,0.9855281704453843,0.9855281704452711,,2.2052899676879078e-11,0.9999999999667128,1.1454819651234826e-11,,,,,1.0,,3.982252741526505e-12,1.0,0.75,1.2245046564735777e-11,1.2245046564735777e-11,0.0,2.259570199844669,0.6447065287154105,81,1.1709835082871007,0.5413282907560789,1774,1197.131780548825,0.37257244206036433,927.5,154.92614555256066,0.4432306654746266,1779,0.7763846615972358,0.5622554397616224,0.28785410495344815,6,1335.75,,,,,,,,,,,,,3.326575574438795e-17,0.036413600438414934,1.8042114906645258e-23,0.8834301039613789,0.2615990581693355,0.0016588849160445432,0.4582660861665734,1.0,0.002737157841355685,,0.0008499884728391126,0.0007982210227402375,0.0007982210227402375,0.0007982210227338978,,0.0,1.7230969474310408e-17,0.02016391057304908,1.065173447964507e-16,,,,,0.4782608695652174,,1.2599757092367595e-19,1.0,0.9302325581395349,4.103034926537971e-17,4.103034926537971e-17,0.9302325581395349,0.581429466016788,0.1811001529055094,197,1.2570124116542132,0.6101655206134473,1839,1161.069334708311,0.45744423611761165,1018.0,355.87721021611003,0.49087165076908623,1960,1409.1368421052632,1454.5,398.32527672708756,380,0.6645304607900322,0.5565550872278735,0.3678621512786154,7,1471.75
bior3.7,1.0,periodization,3.6253190386033285e-27,321.65393642481354,5130361.238041187,0.5194174757281553,63.11106212998794,206,smoothed,4.240193109225045e-14,-2.0559849378543094e-10,6.134515503327586,35260.104934525414,0.9916011067644411,0.00014966566451320268,1.0,362.4,,,,[],[],11,426.59999999999997,32.19999999999999,728.3999999999999,"[9, 31, 53, 64, 80, 102, 131, 148, 158, 175, 192]","[311.00000000000006, 417.8, 589.5999999999999, 432.1999999999998, 728.3999999999999, 371.0000000000001, 587.0000000000001, 32.19999999999999, 448.1999999999999, 368.0, 407.19999999999993]","[0, 0, 0, 60, 0, 94, 120, 144, 144, 165, 186]","[20, 40, 75, 75, 205, 120, 205, 149, 205, 186, 205]",30736475.839999996,728.3999999999999,-728.3999999999999,0.0,,,,DWT,mdp.39015067403892,0.0,,0.0,15.0,11.0,0.0,33.0,,1.1368683772161603e-13,168.40000000000003,987.7999999999993,168.4,,0.0,168.40000000000003,,,28.0,0.0,15.0,1.1368683772161603e-13,1.1368683772161603e-13,,0.0,4.4314182627837905e-14,5.821968814749781e-27,0.9868705395036176,0.00026009400835561025,0.13462018138535736,0.04358768564058205,0.056468528820324215,,0.999999664709775,4.4059199552998455e-09,4.4059199552998455e-09,3.6786974161203912e-09,,0.0,0.9999999955940747,7.585973278963461e-14,,,,,,0.0,0.0,0.0,1.7477015598164352e-13,1.7477015598164352e-13,0.7999999009572389,0.30073748691657376,845,0.6995849471834029,0.3551567955903438,804,0,0.1666666393995677,0.2371338395896667,845,0.0,0.17454386133689734,0.3079426112296142,847,20.854655755170516,0.9781397738415404,835.25,834.8495341614343,0.5513078324134326,739,bior,0.8100315533562081,0.7923003667562746,0.1952878026237719,6,555.75,3.522773108136529e-14,0.9999999999705134,1.768638330394966e-27,0.9730531360197059,0.7229521196409558,0.0003526527152789557,0.0357690342360758,0.0005499984642667374,0.9999999997235304,2.0315811923354854e-05,4.745387416349445e-11,4.745387416349445e-11,3.962136174706643e-11,,0.0,0.0031261328403482946,7.585973278963461e-14,,,,,0.0,,0.0,0.0,0.0,1.4238426238064856e-13,1.4238426238064856e-13,1.0,0.2015691612042048,0.057512244684840196,1897,1.6600118807506545,0.7673988469368049,1051,598.2123368838193,0.686471521549361,1474.0,1352.6099050203527,0.45696741695916687,1725,0.5943810304597339,0.7715092316736338,0.3524805091760961,5,1295.0,,,,,,,,,,,,,2.3653230371785885e-19,0.9999999999715827,1.768638330394966e-27,0.9804538179707684,0.22349039456988787,0.0013438931332815597,0.027059937762143327,1.0,0.0005499984642667374,0.9999999999999541,9.960751159770423e-05,3.8434858594393884e-14,3.8434858594393884e-14,3.209086642252945e-14,,0.0,0.0,0.004567040150618464,7.054128794466933e-19,,,,,0.13043478260869565,,0.0,0.7209302325581395,0.7209302325581395,4.770970844811595e-19,4.770970844811595e-19,1.0,0.3986733618839274,0.12417638082767558,1940,1.8117334091160662,0.8794322542378972,783,818.1225458328355,0.6176997449379273,1361.5,1115.6959236136613,0.49074239583344964,1961,1104.4,1082.5,563.6960149978129,300,0.520820561188399,0.7876173146100969,0.3991404127850916,6,1472.25
db20,1.0,reflect,8.607008595023039e-27,317.89887637590175,5737938.245520277,0.5286885245901639,96.0122534105657,206,smoothed,6.372464584062063e-14,-2.0484709484236456e-10,6.483815826632891,30420.068932936298,0.9817359701468107,0.0001496656645132027,1.0,362.40000000000015,,,,[],[],11,426.59999999999997,32.200000000000045,728.4000000000002,"[9, 31, 53, 64, 80, 102, 131, 148, 158, 175, 192]","[310.99999999999983, 417.7999999999999, 589.5999999999999, 432.20000000000005, 728.4000000000002, 371.0000000000001, 586.9999999999999, 32.200000000000045, 448.1999999999998, 368.0, 407.20000000000005]","[0, 0, 0, 60, 0, 94, 120, 144, 144, 165, 186]","[20, 40, 75, 75, 204, 120, 204, 149, 204, 186, 204]",30736475.839999996,728.4000000000002,-728.4000000000002,0.0,,,,DWT,mdp.39015067403892,0.0,,0.0,15.0,11.0,0.0,33.0,,2.2737367544323206e-13,168.40000000000003,987.7999999999993,168.39999999999998,,0.0,168.40000000000003,,,28.000000000000057,0.0,15.0,2.2737367544323206e-13,2.2737367544323206e-13,,1.7053025658242404e-13,9.115720020678238e-14,2.0401379741838767e-26,0.9726035159509943,0.5040922991162902,0.3953648149101496,0.10727036618980738,0.016330916265440164,,0.9999996647593375,4.4059199552998455e-09,4.4059199552998455e-09,3.67866784340914e-09,,1.837741639739923e-12,0.9999999955940747,1.5171946557926922e-13,,,,,,0.0,0.0,0.0,3.4954031196328703e-13,3.4954031196328703e-13,0.7999999009731255,0.3007374869225458,722,1.0827311795659427,0.5496678248561324,170,0,0.16666663940388401,0.23713383959580797,722,0.0,0.2850945589189676,0.5029839620163326,182,315.2713117300716,0.6695269269076818,449.0,282.746626838468,0.5994385158647424,592,db,0.573477938514061,0.8443824841957417,0.34525069778143475,3,444.75,6.216935109076122e-14,0.9999999999705136,5.2940117284480055e-27,0.9591961143352518,0.8436178588134279,0.0010357026269687626,0.08802847282139784,0.00015906167654270408,0.9999999997235417,2.0315811924354055e-05,4.745387416349445e-11,4.745387416349445e-11,3.962102868015904e-11,,1.837741639739923e-12,0.0031261328403482946,1.5171946557926922e-13,,,,,0.0,,0.0,0.0,0.0,2.847685247612971e-13,2.847685247612971e-13,1.0,0.20156916120521873,0.05751224468512949,1726,1.733119463001115,0.8011953968120814,411,929.84541726031,0.512659634559586,1068.5,663.9082826392139,0.47632457618964624,1637,0.49117026184683504,0.8233619396015222,0.4091722348267588,4,1228.75,,,,,,,,,,,,,4.1742852527680375e-19,0.999999999971583,5.2940117284480055e-27,0.9704024862675533,0.260792496501778,0.0015036189427923622,0.06659517224093997,1.0,0.0001590616765427045,0.9999999999999541,9.960751159770499e-05,3.8434858594393884e-14,3.8434858594393884e-14,3.2090649582094954e-14,,0.0,1.4359141228592004e-18,0.004567040150618464,1.4108257588933865e-18,,,,,0.13043478260869565,,0.0,0.7209302325581395,0.7209302325581395,9.54194168962319e-19,9.54194168962319e-19,1.0,0.3986733618839274,0.12417638082767558,1879,1.8400912430412666,0.8931974106834641,423,1029.547473407613,0.5189030498095266,1151.0,690.5447437011295,0.4905262912599035,1962,1009.0473684210526,935.5,610.6543869996938,760,0.4758535102197843,0.8532293215616218,0.41093374637766444,5,1472.75
bior3.7,1.0,periodic,3.1041753208884214e-27,322.32793632425023,5293548.8955809465,0.5318181818181819,71.15719837330451,206,smoothed,3.78639945718762e-14,-2.03723504732523e-10,6.21596341956907,36976.31439739309,0.9922161280588223,0.00014966566451320274,0.9999999999999999,362.4000000000001,,,,[],[],11,426.60000000000014,32.2000000000001,728.3999999999999,"[9, 31, 53, 64, 80, 102, 131, 148, 158, 175, 192]","[311.0000000000001, 417.8000000000002, 589.6, 432.19999999999993, 728.3999999999999, 371.0000000000001, 587.0, 32.2000000000001, 448.2000000000001, 368.0, 407.20000000000005]","[0, 0, 0, 60, 0, 94, 120, 144, 144, 165, 186]","[20, 40, 75, 75, 205, 120, 205, 149, 205, 186, 205]",30736475.839999992,728.3999999999999,-728.3999999999999,0.0,,,,DWT,mdp.39015067403892,3.725290298461914e-09,,0.0,15.0,11.0,0.0,33.0,,1.1368683772161603e-13,168.4000000000002,987.7999999999975,168.40000000000006,,0.0,168.4000000000002,,,28.000000000000114,0.0,15.0,1.1368683772161603e-13,1.1368683772161603e-13,,1.1368683772161603e-13,3.4344971732106493e-14,4.296789791330848e-27,0.9894313434094074,0.1177408992165589,0.20465295984338405,0.12876792967447026,0.07070076809726179,,0.9999996648089,4.406097391567225e-09,4.406097391567225e-09,3.6787565615428943e-09,,1.2251610931599486e-12,0.9999999955939026,7.585973278963461e-14,,,,,,7.946695712486874e-14,0.0,0.0,1.7477015598164352e-13,1.7477015598164352e-13,0.7999999009876668,0.3007374869280123,694,0.8346432146843191,0.42372153772313,395,0,0.166666639407957,0.23713383960160303,695,0.0,0.21589912860587387,0.38090449538506194,441,160.73865952740388,0.8315108390698073,556.25,520.901811788836,0.6242197801219057,505,bior,0.8100315533562081,0.7923003667562746,0.1952878026237719,6,380.25,2.9493969559839124e-14,0.9999999999705138,1.3998425276482782e-27,0.9755403482347331,0.7510882888959327,0.0005361114599307362,0.10566985645933058,0.0006886192130080267,0.9999999997235586,2.0315811925353255e-05,4.745570603148508e-11,4.745570603148508e-11,3.9622027880881205e-11,,1.2251610931599486e-12,0.003126132840347795,7.585973278963461e-14,,,,,0.0,,3.687271056968986e-14,0.0,0.0,1.4238426238064856e-13,1.4238426238064856e-13,1.0,0.20156916120483745,0.057512244685020704,1762,1.7036797992682935,0.7875858773473421,710,743.876333808248,0.6101277076476688,1236.0,1012.1521035598706,0.481164482754652,1622,0.5943810304597339,0.7715092316736338,0.3524805091760961,5,1217.75,,,,,,,,,,,,,1.9803366131244978e-19,0.9999999999715831,1.3998425276482782e-27,0.9822579426635638,0.23218829225584092,0.0013867935070314779,0.0799412061352262,0.9999999999999999,0.0006886192130080267,0.9999999999999541,9.960751159770586e-05,3.843648489765261e-14,3.843648489765261e-14,3.2091408523615694e-14,,0.0,9.572760819061336e-19,0.004567040150618456,7.054128794466933e-19,,,,,0.13043478260869565,,1.1666441752192217e-21,0.7209302325581395,0.7209302325581395,4.770970844811595e-19,4.770970844811595e-19,1.0,0.3986733618839274,0.12417638082767558,1885,1.8383942386103247,0.8923736689427391,456,1010.4555903155764,0.52782449050674,1170.5,734.3528406663819,0.49043093684215505,1963,1104.4,1082.5,563.6960149978129,300,0.520820561188399,0.7876173146100969,0.3991404127850916,6,1473.75
bior3.5,1.0,constant,1.9058642524661438e-27,324.44647910002425,5136541.2419445,0.5416666666666666,58.57692020785842,206,smoothed,2.632090877506962e-14,-2.0637680453461418e-10,6.139164932085479,39102.53716536776,0.9937406067729629,0.00014966566451320274,1.0,362.4000000000001,,,,[],[],11,426.60000000000014,32.200000000000045,728.4,"[9, 31, 53, 64, 80, 102, 131, 148, 158, 175, 192]","[311.0, 417.8000000000001, 589.6, 432.2, 728.4, 371.0, 587.0000000000001, 32.200000000000045, 448.20000000000016, 368.0000000000001, 407.1999999999999]","[0, 0, 0, 60, 0, 94, 120, 144, 144, 165, 186]","[20, 40, 75, 75, 205, 120, 205, 149, 205, 186, 205]",30736475.84,728.4,-728.4,0.0,,,,DWT,mdp.39015067403892,3.725290298461914e-09,,0.0,15.0,11.0,0.0,33.0,,0.0,168.4000000000002,987.7999999999975,168.40000000000003,,0.0,168.4000000000002,,,28.000000000000057,0.0,15.0,0.0,0.0,,1.1368683772161603e-13,8.986429103926127e-15,7.898130343200343e-28,0.9974805621397357,0.006966448933581143,0.1372723601760545,0.1964170084178718,0.08833317943435107,,0.9999996647593375,4.406097391567225e-09,4.406097391567225e-09,3.6787269888316428e-09,,1.2251610931599486e-12,0.9999999955939026,0.0,,,,,,7.946695712486874e-14,0.0,0.0,0.0,0.0,0.7999999009726814,0.3007374869223789,737,0.7845078169795512,0.39826940747624395,564,0,0.1666666394037889,0.23713383959567264,736,0.0,0.20378136558594334,0.35952548177760807,557,101.65464409788008,0.8934437692894339,648.5,636.5443750387582,0.6068371886279454,557,bior,0.8100315533562081,0.7923003667562746,0.1952878026237719,6,419.25,1.490908039617439e-14,0.9999999999705138,5.518382681768167e-28,0.9833582506919393,0.7245582640398276,0.00035960039609708836,0.1611842105263158,0.0008603573361593434,0.9999999997235186,2.0315811924354055e-05,4.745570603148508e-11,4.745570603148508e-11,3.962169481397382e-11,,1.2251610931599486e-12,0.003126132840347795,0.0,,,,,0.0,,3.687271056968986e-14,0.0,0.0,0.0,0.0,1.0,0.20156916120474216,0.05751224468499352,1789,1.7172917096586822,0.793878461430215,574,859.1347391416552,0.5497197383953589,1181.5,869.1375370292003,0.46524246877839226,1676,0.5943810304597339,0.7715092316736338,0.3524805091760961,5,1258.25,,,,,,,,,,,,,1.0010520190121841e-19,0.9999999999715831,5.518382681768167e-28,0.9879287377745303,0.22398691133177012,0.0013455177933889794,0.12193884454065756,1.0,0.0008603573361593434,0.9999999999999541,9.960751159770499e-05,3.843648489765261e-14,3.843648489765261e-14,3.20911916831812e-14,,0.0,9.572760819061336e-19,0.004567040150618456,0.0,,,,,0.13043478260869565,,1.1666441752192217e-21,0.7209302325581395,0.7209302325581395,0.0,0.0,1.0,0.3986733618839274,0.12417638082767558,1850,1.854543137969481,0.9002124949507072,248,1132.7850634608492,0.4706611852986686,1049.0,437.36892278360347,0.4902371347054091,1964,1104.4,1082.5,563.6960149978129,300,0.520820561188399,0.7876173146100969,0.3991404127850916,6,1474.5
sym10,1.0,constant,2.5371931487920274e-23,285.42825716857226,5950003.310969127,0.625,257.920035411685,206,raw,3.912481988873499e-12,,6.34622357053167,66329.08546942678,0.7881189609262,5.618943883689841e-06,1.0,326.99999999999795,,,,[],[],13,661.1538461538585,87.00000000000168,940.0000000000172,"[8, 32, 51, 63, 81, 100, 111, 133, 152, 162, 175, 192, 204]","[878.0000000000081, 638.0000000000175, 787.000000000018, 792.0000000000163, 940.0000000000172, 788.0000000000127, 637.0000000000134, 675.0000000000073, 771.0000000000128, 196.00000000000887, 834.0000000000183, 572.0000000000078, 87.00000000000168]","[0, 13, 42, 42, 76, 99, 107, 107, 107, 161, 164, 187, 203]","[76, 42, 61, 76, 205, 164, 119, 142, 164, 164, 205, 205, 205]",37754613.0000004,941.0000000000098,-941.0000000000098,0.0,,,,DWT,mdp.39015067403892,4.023313522338867e-07,,0.0,33.0,19.0,0.0,28.5,,9.777068044058979e-12,256.34134615385847,4358.99999999984,256.3413461538584,,0.0,256.34134615385847,,,84.00000000000168,0.0,28.5,1.716671249596402e-11,9.777068044058979e-12,,2.0463630789890885e-12,4.925141025571841e-12,1.795406187310086e-23,0.8393721784719596,0.7960866365982385,0.00024087979881575524,0.5089285714285714,0.0006954300812266741,,0.4742280246135483,6.705474702620919e-09,6.705474702620919e-09,6.091464264655296e-09,,1.0293391577412962e-10,0.9999999932944914,2.0555575234652634e-11,,,,,,3.982252741526505e-12,1.0,1.0,1.2245046564735777e-11,1.2245046564735777e-11,0.8422684099506681,0.27536483384024085,79,1.1056366658870997,0.5310410348692526,884,0,0.28951900313020124,0.34592250958670967,78,0.125,0.3002248137691053,0.5453123484656086,894,467.96037937700095,0.5094754933155126,483.75,144.25575068190247,0.5012000108086997,878,sym,0.8243425715244881,0.7368036147090654,0.2019191155201387,6,660.0,4.925141025571841e-12,0.00015478832996307368,1.795406187310086e-23,0.8393721784719596,0.7960866365982386,0.001274110306068297,0.6309210526315789,0.0030594854689474857,,0.9919828214562314,0.9855281704453843,0.9855281704453843,0.9855281704452716,,2.2052899676879078e-11,0.9999999999667128,1.1454819651234826e-11,,,,,1.0,,3.982252741526505e-12,1.0,0.75,1.2245046564735777e-11,1.2245046564735777e-11,0.0,2.2595701998446818,0.6447065287154141,78,1.155942332276006,0.5343749783964902,1802,1219.052090765608,0.36108380987127464,940.0,149.5276595744681,0.43421066803836267,1824,0.7763846615972358,0.5622554397616224,0.28785410495344815,6,1369.5,,,,,,,,,,,,,3.306925871050724e-17,0.036413600438414934,1.795406187310086e-23,0.8834869749280653,0.246098893262137,0.001559368689459569,0.4773034772020025,1.0,0.0030594854689474857,,0.0008499884728391446,0.0007982210227402375,0.0007982210227402375,0.0007982210227338983,,0.0,1.7230969474310408e-17,0.02016391057304908,1.065173447964507e-16,,,,,0.4782608695652174,,1.2599757092367595e-19,1.0,0.9302325581395349,4.103034926537971e-17,4.103034926537971e-17,0.9302325581395349,0.581429466016788,0.1811001529055094,188,1.256990581132542,0.6101549238751038,1840,1168.1404025201766,0.45413999882234735,1014.0,341.14398422090727,0.4901541115607064,1965,1409.1368421052632,1454.5,398.32527672708756,380,0.6645304607900322,0.5565550872278735,0.3678621512786154,7,1475.5
rbio5.5,1.0,constant,6.8728800501168e-20,251.10040482463418,6429317.089599349,0.6111111111111112,235.20994469611648,206,raw,2.0582036183255797e-10,,6.123826498040412,72567.11669967399,0.8556656636654101,5.618943883679153e-06,1.0,327.00000000002444,,,,[],[],13,661.1538461545028,87.00000000006412,940.0000000010601,"[8, 32, 51, 63, 81, 100, 111, 133, 152, 162, 175, 192, 204]","[878.0000000006963, 638.0000000005967, 787.0000000006743, 792.0000000010036, 940.0000000010601, 788.0000000008608, 637.000000000589, 675.0000000002702, 771.0000000008935, 196.00000000019367, 834.0000000009229, 572.0000000007105, 87.00000000006412]","[0, 13, 39, 39, 76, 99, 107, 107, 107, 161, 164, 187, 203]","[76, 39, 61, 76, 205, 164, 119, 142, 164, 164, 205, 205, 205]",37754613.00002337,941.0000000007682,-941.0000000007682,0.0,,,,DWT,mdp.39015067403892,2.337247133255005e-05,,0.0,33.0,19.0,0.0,28.5,,7.681819624849595e-10,256.34134615450284,4358.9999999914635,256.3413461545028,,0.0,256.34134615450284,,,84.00000000006412,0.0,24.0,1.0601297617540695e-09,7.681819624849595e-10,,2.4442670110147446e-11,2.6003925007996007e-10,4.863704938917362e-20,0.7126946318775872,0.7192596045244781,0.000780291159719511,0.4047619047619051,0.001200479784889936,,0.47422802468608594,7.204465480969224e-09,7.204465480969224e-09,6.590455043310009e-09,,1.2294884384132148e-09,0.9999999927955278,1.269408867967787e-09,,,,,,2.3133938611423418e-10,1.0,0.5,9.620904609060423e-10,9.620904609060423e-10,0.7922684118533599,0.25901821439515915,246,0.9500216808653809,0.45629863057245507,941,0,0.24785233692795144,0.2961384277718382,246,0.125,0.2564209874812313,0.4657494133273066,943,401.83661688137215,0.578787613331895,594.0,390.1211210844477,0.4780730519489664,926,rbio,0.5136782423812899,1.0,0.3404252303330971,4,695.5,2.6003925007996e-10,0.0001547883298890218,4.863704938917362e-20,0.7126946318775871,0.7192596045244782,0.0018129641964146127,0.5526315789473688,0.0035633403762403986,,0.9919828214573374,0.9855281704526057,0.9855281704526057,0.985528170452493,,2.63409635029389e-10,0.9999999999642358,7.073920082633428e-10,,,,,1.0,,2.3133938611423418e-10,1.0,0.5,9.620904609060423e-10,9.620904609060423e-10,0.0,2.234570200812537,0.6375734630576131,244,1.0106774677934207,0.46722118823568853,1894,1166.7261889578035,0.3885082867097466,1069.0,432.3068288119738,0.4141178750110578,1883,0.3888041033402703,1.0,0.4278371276618108,3,1413.0,,,,,,,,,,,,,1.7460018284008532e-15,0.036413600438343435,4.863704938917362e-20,0.7916001272948565,0.2223489058904623,0.001685375401956879,0.41807603842511193,1.0,0.0035633403762403986,,0.0008499884728399813,0.0007982210227460864,0.0007982210227460864,0.0007982210227397472,,0.0,2.0581435760981875e-16,0.020163910573010327,6.577975100840415e-15,,,,,0.4782608695652174,,7.319525555325398e-18,1.0,0.8604651162790697,3.2237449998391947e-15,3.2237449998391947e-15,0.9302325581395349,0.5744527218307324,0.1789270785900071,583,1.166557048675168,0.5662576457725343,1908,936.9164850721754,0.5621885583774882,1245.5,893.1063829787234,0.4900896062915478,1966,818.67,599.5,715.6978453131971,300,0.38607403914171184,1.0,0.42974817260080167,3,1475.25
bior3.7,1.0,antisymmetric,3.050793180020553e-27,322.40327107383536,5293389.186298174,0.5318181818181819,71.15719837330451,206,smoothed,3.7286247444498456e-14,-2.0373607245716175e-10,6.215933303057544,55644.21236827831,0.9948275142395562,0.00014966566451320274,0.9999999999999999,362.4000000000001,,,,[],[],11,426.60000000000014,32.2000000000001,728.3999999999999,"[9, 31, 53, 64, 80, 102, 131, 148, 158, 175, 192]","[311.0000000000001, 417.8000000000002, 589.6, 432.19999999999993, 728.3999999999999, 371.0000000000001, 587.0, 32.2000000000001, 448.2000000000001, 368.0, 407.20000000000005]","[0, 0, 0, 60, 0, 94, 120, 144, 144, 165, 186]","[20, 40, 75, 75, 205, 120, 205, 149, 205, 186, 205]",30736475.839999992,728.3999999999999,-728.3999999999999,0.0,,,,DWT,mdp.39015067403892,3.725290298461914e-09,,0.0,15.0,11.0,0.0,33.0,,1.1368683772161603e-13,168.4000000000002,987.7999999999975,168.40000000000006,,0.0,168.4000000000002,,,28.000000000000114,0.0,15.0,1.1368683772161603e-13,1.1368683772161603e-13,,1.1368683772161603e-13,3.307574221966792e-14,4.1405616363914346e-27,0.9897175712280474,0.1176974590380086,0.20458441982640768,0.12876792967447026,0.2255105372236663,,0.9999996648089,4.406097391567225e-09,4.406097391567225e-09,3.6787565615428943e-09,,1.2251610931599486e-12,0.9999999955939026,7.585973278963461e-14,,,,,,7.946695712486874e-14,0.0,0.0,1.7477015598164352e-13,1.7477015598164352e-13,0.7999999009876668,0.3007374869280123,693,0.8966828689283012,0.45521707645582543,268,0,0.166666639407957,0.23713383960160303,693,0.0,0.23803970242723338,0.41996645989329295,272,244.22462338320162,0.7439993465584889,481.5,388.5827865510796,0.6196411827132067,514,bior,0.8100315533562081,0.7923003667562746,0.1952878026237719,6,387.0,2.87639760411423e-14,0.9999999999705138,1.3620657900143188e-27,0.9758183505156545,0.751077885151985,0.0005359319116427809,0.10566985645933058,0.0021964526390200944,0.9999999997235585,2.0315811925353255e-05,4.745570603148508e-11,4.745570603148508e-11,3.9622027880881205e-11,,1.2251610931599486e-12,0.003126132840347795,7.585973278963461e-14,,,,,0.0,,3.687271056968986e-14,0.0,0.0,1.4238426238064856e-13,1.4238426238064856e-13,1.0,0.20156916120483745,0.057512244685020704,1761,1.704444442361133,0.7879393604968108,701,749.5331880577404,0.6071628993408069,1231.0,1002.8115353371243,0.4809923511379087,1623,0.5943810304597339,0.7715092316736338,0.3524805091760961,5,1218.5,,,,,,,,,,,,,1.9313220886643054e-19,0.9999999999715831,1.3620657900143188e-27,0.9824595944472891,0.23218507608594985,0.0013867515210870408,0.0799412061352262,0.9999999999999999,0.0021964526390200944,0.9999999999999541,9.960751159770586e-05,3.843648489765261e-14,3.843648489765261e-14,3.2091408523615694e-14,,0.0,9.572760819061336e-19,0.004567040150618456,7.054128794466933e-19,,,,,0.13043478260869565,,1.1666441752192217e-21,0.7209302325581395,0.7209302325581395,4.770970844811595e-19,4.770970844811595e-19,1.0,0.3986733618839274,0.12417638082767558,1884,1.839116733973047,0.8927243749143342,441,1020.3550852521881,0.52319855829337,1162.5,714.7045161290323,0.4899871296139747,1967,1104.4,1082.5,563.6960149978129,300,0.520820561188399,0.7876173146100969,0.3991404127850916,6,1476.75
sym10,1.0,zero,2.5386420549778377e-23,285.42577776586074,5950281.5039337985,0.625,257.920035411685,206,raw,3.9132063285555845e-12,,6.345012916622549,66925.00681600854,0.7900140858636222,5.618943883689841e-06,1.0,326.99999999999795,,,,[],[],13,661.1538461538585,87.00000000000168,940.0000000000172,"[8, 32, 51, 63, 81, 100, 111, 133, 152, 162, 175, 192, 204]","[878.0000000000078, 638.0000000000175, 787.000000000018, 792.0000000000163, 940.0000000000172, 788.0000000000127, 637.0000000000134, 675.0000000000073, 771.0000000000128, 196.00000000000887, 834.0000000000183, 572.0000000000078, 87.00000000000168]","[0, 13, 42, 42, 76, 99, 107, 107, 107, 161, 164, 187, 203]","[76, 42, 61, 76, 205, 164, 119, 142, 164, 164, 205, 205, 205]",37754613.0000004,941.0000000000098,-941.0000000000098,0.0,,,,DWT,mdp.39015067403892,4.023313522338867e-07,,0.0,33.0,19.0,0.0,28.5,,9.777068044058979e-12,256.34134615385847,4358.99999999984,256.3413461538584,,0.0,256.34134615385847,,,84.00000000000168,0.0,28.5,1.716671249596402e-11,9.777068044058979e-12,,2.0463630789890885e-12,4.926056241326625e-12,1.7964315292680465e-23,0.8393630289146448,0.7956684164046706,0.00024119287232283445,0.5089285714285714,0.0007436776594110176,,0.4742280246135483,6.705474702620919e-09,6.705474702620919e-09,6.091464264655296e-09,,1.0293391577412962e-10,0.9999999932944914,2.0555575234652634e-11,,,,,,3.982252741526505e-12,1.0,1.0,1.2245046564735777e-11,1.2245046564735777e-11,0.8422684099506681,0.27536483384024085,78,1.1054415216239544,0.5309473064188069,885,0,0.28951900313020124,0.34592250958670967,79,0.125,0.3001706981835067,0.5452140558005192,895,468.5377074829019,0.5088703275860567,484.25,144.26890369556028,0.5006353734366342,880,sym,0.8243425715244881,0.7368036147090654,0.2019191155201387,6,661.5,4.926056241326624e-12,0.00015478832996307368,1.7964315292680465e-23,0.8393630289146448,0.7956684164046706,0.0012744230560203398,0.6309210526315789,0.003107618907808759,,0.9919828214562314,0.9855281704453843,0.9855281704453843,0.9855281704452716,,2.2052899676879078e-11,0.9999999999667128,1.1454819651234826e-11,,,,,1.0,,3.982252741526505e-12,1.0,0.75,1.2245046564735777e-11,1.2245046564735777e-11,0.0,2.2595701998446818,0.6447065287154141,79,1.1557471421953542,0.5342847449201141,1803,1219.052090765608,0.36108380987127464,941.0,151.36769394261424,0.43394861353102515,1825,0.7763846615972358,0.5622554397616224,0.28785410495344815,6,1370.25,,,,,,,,,,,,,3.307540381506643e-17,0.036413600438414934,1.7964315292680465e-23,0.883480338203551,0.24596960642067364,0.0015594418235576923,0.4773034772020025,1.0,0.003107618907808759,,0.0008499884728391446,0.0007982210227402375,0.0007982210227402375,0.0007982210227338983,,0.0,1.7230969474310408e-17,0.02016391057304908,1.065173447964507e-16,,,,,0.4782608695652174,,1.2599757092367595e-19,1.0,0.9302325581395349,4.103034926537971e-17,4.103034926537971e-17,0.9302325581395349,0.581429466016788,0.1811001529055094,189,1.2569412456196953,0.6101309759581209,1841,1168.1404025201766,0.45413999882234735,1015.0,342.80689655172415,0.4899204667008933,1968,1409.1368421052632,1454.5,398.32527672708756,380,0.6645304607900322,0.5565550872278735,0.3678621512786154,7,1477.75
db9,1.0,periodization,6.181903928677723e-27,319.33617622720897,4964332.803632941,0.529126213592233,92.47632145048496,206,smoothed,5.4748085734626804e-14,-2.0317143523129789e-10,6.191461583217545,31688.237398435285,0.9835725775742666,0.00014966566451320282,0.9999999999999999,362.4,,,,[],[],11,426.59999999999997,32.19999999999996,728.4,"[9, 31, 53, 64, 80, 102, 131, 148, 158, 175, 192]","[310.99999999999983, 417.80000000000007, 589.6000000000001, 432.1999999999998, 728.4, 371.0, 587.0000000000001, 32.19999999999996, 448.1999999999999, 367.9999999999999, 407.19999999999993]","[0, 0, 0, 60, 0, 94, 120, 144, 144, 165, 186]","[20, 40, 75, 75, 205, 120, 205, 149, 205, 186, 205]",30736475.840000004,728.4,-728.4,0.0,,,,DWT,mdp.39015067403892,7.450580596923828e-09,,0.0,15.0,11.0,0.0,33.0,,0.0,168.40000000000003,987.7999999999993,168.39999999999998,,0.0,168.40000000000003,,,27.99999999999997,0.0,15.0,0.0,0.0,,0.0,7.143695502197724e-14,1.3304069266864124e-26,0.9780644115328704,0.08239935094266122,0.06336826969091613,0.11027684467067218,0.026847626163012814,,0.9999996646849938,4.4059199552998455e-09,4.4059199552998455e-09,3.67866784340914e-09,,0.0,0.9999999955940747,0.0,,,,,,1.5893391424973748e-13,0.0,0.0,0.0,0.0,0.7999999009497674,0.300737486913765,854,0.7145722455700064,0.362765365344414,763,0,0.16666663939747792,0.23713383958669335,855,0.0,0.1801366432857435,0.31780979225892186,795,45.507325417636515,0.9522984010297311,816.75,814.8251810660289,0.5480831627790165,752,db,0.573477938514061,0.8443824841957417,0.34525069778143475,3,564.75,5.08273116637378e-14,0.9999999999705143,3.577847085629027e-27,0.9645000761753291,0.7426241335625993,0.0001660003139132703,0.09049565661727149,0.00026149349854409296,0.9999999997235669,2.0315811922799742e-05,4.745387416349445e-11,4.745387416349445e-11,3.962102868015904e-11,,0.0,0.0031261328403482946,0.0,,,,,0.0,,7.374542113937972e-14,0.0,0.0,0.0,0.0,1.0,0.2015691612041465,0.05751224468482356,1899,1.6863979725703764,0.7795967454412824,875,724.0773439350247,0.6205045367216852,1387.0,1197.9992790194665,0.4467826666836937,1766,0.49117026184683504,0.8233619396015222,0.4091722348267588,4,1325.5,,,,,,,,,,,,,3.4127378490092536e-19,0.9999999999715837,3.577847085629027e-27,0.974249768967242,0.22957171867682302,0.0013002459482149313,0.06846164253822229,0.9999999999999999,0.00026149349854409296,0.9999999999999541,9.960751159770391e-05,3.8434858594393884e-14,3.8434858594393884e-14,3.2090649582094954e-14,,0.0,0.0,0.004567040150618464,0.0,,,,,0.13043478260869565,,2.3332883504384434e-21,0.7209302325581395,0.7209302325581395,0.0,0.0,1.0,0.3986733618839274,0.12417638082767558,1913,1.8274750980990275,0.887073416540331,605,924.8956697920041,0.5678057617794373,1259.0,919.2732327243845,0.4897440023850458,1969,1009.0473684210526,935.5,610.6543869996938,760,0.4758535102197843,0.8532293215616218,0.41093374637766444,5,1478.0
rbio5.5,1.0,zero,6.871723007393317e-20,251.1011360167526,6429712.907100185,0.6111111111111112,235.20994469611648,206,raw,2.058165676723185e-10,,6.123306927626822,72984.2814799125,0.8565555491686098,5.6189438836791524e-06,1.0,327.00000000002444,,,,[],[],13,661.1538461545018,87.00000000006412,940.0000000010601,"[8, 32, 51, 63, 81, 100, 111, 133, 152, 162, 175, 192, 204]","[878.0000000006842, 638.0000000005967, 787.0000000006743, 792.0000000010036, 940.0000000010601, 788.0000000008608, 637.000000000589, 675.0000000002702, 771.0000000008935, 196.00000000019367, 834.0000000009229, 572.0000000007105, 87.00000000006412]","[0, 13, 39, 39, 76, 99, 107, 107, 107, 161, 164, 187, 203]","[76, 39, 61, 76, 205, 164, 119, 142, 164, 164, 205, 205, 205]",37754613.00002339,941.0000000007682,-941.0000000007682,0.0,,,,DWT,mdp.39015067403892,2.3387372493743896e-05,,0.0,33.0,19.0,0.0,28.5,,7.681819624849595e-10,256.3413461545018,4358.999999991476,256.3413461545019,,0.0,256.3413461545018,,,84.00000000006412,0.0,24.0,1.0601297617540695e-09,7.681819624849595e-10,,2.4442670110147446e-11,2.6003445609267315e-10,4.862886138871397e-20,0.712697330142038,0.7190801190106524,0.000780736605826664,0.4047619047619051,0.001234254695733058,,0.47422802468608594,7.203673152633809e-09,7.203673152633809e-09,6.589750751455874e-09,,1.2294884384132148e-09,0.9999999927962862,1.269408867967787e-09,,,,,,2.3148687695651294e-10,1.0,0.5,9.620904609060423e-10,9.620904609060423e-10,0.7922684118531262,0.25901821439508277,247,0.9499472897545279,0.45626290026998656,942,0,0.24785233692783615,0.2961384277717004,248,0.125,0.2564006207823128,0.465712420341023,944,401.5481498732956,0.5790899896506336,595.25,392.090198968601,0.47756910383999185,928,rbio,0.5136782423812899,1.0,0.3404252303330971,4,697.0,2.600344560926731e-10,0.0001547883298890218,4.862886138871397e-20,0.7126973301420378,0.7190801190106525,0.001813409182162367,0.5526315789473688,0.003597035385757787,,0.9919828214573374,0.9855281704525942,0.9855281704525942,0.9855281704524828,,2.63409635029389e-10,0.9999999999642396,7.073920082633428e-10,,,,,1.0,,2.3148687695651294e-10,1.0,0.5,9.620904609060423e-10,9.620904609060423e-10,0.0,2.2345702008126027,0.6375734630576319,243,1.010603044491858,0.4671867834483091,1895,1168.1404025201766,0.3877670846330311,1069.0,430.7623947614593,0.41374727397270006,1884,0.3888041033402703,1.0,0.4278371276618108,3,1413.75,,,,,,,,,,,,,1.7459696397579241e-15,0.036413600438343435,4.862886138871397e-20,0.7916020845084365,0.22229342048940362,0.001685479458348022,0.41807603842511193,1.0,0.0035970353857577866,,0.0008499884728399813,0.0007982210227460772,0.0007982210227460772,0.0007982210227397389,,0.0,2.0581435760981875e-16,0.020163910573010386,6.577975100840415e-15,,,,,0.4782608695652174,,7.324192132026275e-18,1.0,0.8604651162790697,3.2237449998391947e-15,3.2237449998391947e-15,0.9302325581395349,0.5744527218307325,0.17892707859000712,581,1.1665440103347893,0.566251316840798,1909,939.0378054157351,0.5611972871889088,1245.0,890.8666666666667,0.4897107931271647,1970,818.67,599.5,715.6978453131971,300,0.38607403914171184,1.0,0.42974817260080167,3,1478.25
bior3.3,1.0,periodization,2.8630053665080535e-27,322.6791771216806,5124416.982984263,0.5194174757281553,63.11106212998794,206,smoothed,3.309947722454459e-14,-2.0599684180666642e-10,6.1357791959230665,35114.52514323961,0.9915662861561806,0.00014966566451320274,1.0,362.4,,,,[],[],11,426.59999999999997,32.19999999999996,728.4,"[9, 31, 53, 64, 80, 102, 131, 148, 158, 175, 192]","[311.0, 417.80000000000007, 589.6, 432.1999999999998, 728.4, 371.0, 587.0, 32.19999999999996, 448.2, 367.9999999999999, 407.19999999999993]","[0, 0, 0, 60, 0, 94, 120, 144, 144, 165, 186]","[20, 40, 75, 75, 205, 120, 205, 149, 205, 186, 205]",30736475.840000004,728.4,-728.4,0.0,,,,DWT,mdp.39015067403892,7.450580596923828e-09,,0.0,15.0,11.0,0.0,33.0,,0.0,168.40000000000003,987.7999999999993,168.39999999999998,,0.0,168.40000000000003,,,27.99999999999997,0.0,15.0,0.0,0.0,,0.0,2.387799449726355e-14,3.5909818865312405e-27,0.9907658522226642,0.002082849340886206,0.1320691753609092,0.04358768564058205,0.05526125985444628,,0.9999996646849938,4.4059199552998455e-09,4.4059199552998455e-09,3.67866784340914e-09,,0.0,0.9999999955940747,0.0,,,,,,1.5893391424973748e-13,0.0,0.0,0.0,0.0,0.7999999009497674,0.300737486913765,855,0.7010751018825148,0.3559132992429756,802,0,0.16666663939747792,0.23713383958669335,854,0.0,0.174823831774216,0.3084365548542978,846,25.157835094989128,0.9736291036740156,839.25,838.6681854276013,0.5469560612709701,758,bior,0.8100315533562081,0.7923003667562746,0.1952878026237719,6,570.0,2.3473919232532884e-14,0.9999999999705138,1.2291746986008877e-27,0.9768365062942742,0.7233886620399937,0.00034597006790798373,0.0357690342360758,0.0005382397715743442,0.9999999997235244,2.0315811922799742e-05,4.745387416349445e-11,4.745387416349445e-11,3.962102868015904e-11,,0.0,0.0031261328403482946,0.0,,,,,0.0,,7.374542113937972e-14,0.0,0.0,0.0,0.0,1.0,0.2015691612041465,0.05751224468482356,1900,1.6624921293141461,0.768545429024446,1034,612.3544725075502,0.6790595007822064,1467.0,1339.1956373551466,0.4550957881269523,1733,0.5943810304597339,0.7715092316736338,0.3524805091760961,5,1301.0,,,,,,,,,,,,,1.5761276763847635e-19,0.9999999999715831,1.2291746986008877e-27,0.9831981241031915,0.22362534546131885,0.0013423304491456916,0.027059937762143327,1.0,0.0005382397715743442,0.9999999999999541,9.960751159770391e-05,3.8434858594393884e-14,3.8434858594393884e-14,3.2090649582094954e-14,,0.0,0.0,0.004567040150618464,0.0,,,,,0.13043478260869565,,2.3332883504384434e-21,0.7209302325581395,0.7209302325581395,0.0,0.0,1.0,0.3986733618839274,0.12417638082767558,1943,1.8134419834220907,0.8802616121036404,776,825.1936136447009,0.614395507642663,1359.5,1109.0606840750277,0.48955756690544366,1971,1104.4,1082.5,563.6960149978129,300,0.520820561188399,0.7876173146100969,0.3991404127850916,6,1479.75
sym10,1.0,symmetric,2.5517134097159874e-23,285.40347350930836,6288451.186878806,0.6205357142857143,294.55514266480327,206,raw,3.9391790800132235e-12,,6.469408504055174,62865.35698556431,0.7467761323011345,5.618943883689841e-06,1.0,326.99999999999795,,,,[],[],13,661.1538461538586,87.00000000000182,940.0000000000172,"[8, 32, 51, 63, 81, 100, 111, 133, 152, 162, 175, 192, 204]","[878.0000000000103, 638.0000000000175, 787.000000000018, 792.0000000000163, 940.0000000000172, 788.0000000000127, 637.0000000000134, 675.0000000000073, 771.0000000000128, 196.00000000000887, 834.0000000000183, 572.0000000000077, 87.00000000000182]","[0, 13, 42, 42, 76, 99, 107, 107, 107, 161, 164, 187, 203]","[76, 42, 61, 76, 205, 164, 119, 142, 164, 164, 205, 205, 205]",37754613.0000004,941.0000000000098,-941.0000000000098,0.0,,,,DWT,mdp.39015067403892,4.023313522338867e-07,,0.0,33.0,19.0,0.0,28.5,,9.777068044058979e-12,256.3413461538586,4358.999999999838,256.34134615385864,,0.0,256.3413461538586,,,84.00000000000182,0.0,28.5,1.716671249596402e-11,9.777068044058979e-12,,2.0463630789890885e-12,4.958873263391026e-12,1.8056816854145697e-23,0.83928072115853,0.8386408516011644,0.0006217631313607763,0.47544642857142866,0.000414996242443951,,0.4742280246137134,6.705562739102632e-09,6.705562739102632e-09,6.09164033761883e-09,,1.0293391577412962e-10,0.999999993294383,2.0555575234652634e-11,,,,,,3.982252741526505e-12,1.0,1.0,1.2245046564735777e-11,1.2245046564735777e-11,0.8422684099507691,0.2753648338402739,76,1.1135443099884172,0.5348391031103887,880,0,0.2895190031302353,0.3459225095867504,76,0.125,0.30152210867284096,0.547668685777396,892,467.6793773516211,0.5097700447047997,481.0,139.99117677426622,0.5027885862936996,869,sym,0.8243425715244881,0.7368036147090654,0.2019191155201387,6,653.25,4.958873263391026e-12,0.00015478832996307368,1.80568168541457e-23,0.83928072115853,0.8386408516011645,0.0016546000035156856,0.6057565789473687,0.002779715052656193,,0.9919828214562338,0.9855281704453857,0.9855281704453857,0.9855281704452743,,2.2052899676879078e-11,0.9999999999667123,1.1454819651234826e-11,,,,,1.0,,3.982252741526505e-12,1.0,0.75,1.2245046564735777e-11,1.2245046564735777e-11,0.0,2.259570199844684,0.6447065287154148,76,1.1671771125979444,0.5395686505410204,1780,1204.909955141877,0.3684958306384293,928.0,145.77586206896552,0.4410613325099903,1800,0.7763846615972358,0.5622554397616224,0.28785410495344815,6,1351.5,,,,,,,,,,,,,3.3295749707117326e-17,0.036413600438414934,1.80568168541457e-23,0.8834206354349983,0.2592539253081582,0.0016483431902906355,0.4582660861665734,1.0,0.002779715052656193,,0.0008499884728391465,0.0007982210227402386,0.0007982210227402386,0.0007982210227339004,,0.0,1.7230969474310408e-17,0.02016391057304907,1.065173447964507e-16,,,,,0.4782608695652174,,1.2599757092367595e-19,1.0,0.9302325581395349,4.103034926537971e-17,4.103034926537971e-17,0.9302325581395349,0.581429466016788,0.1811001529055094,182,1.2558459161294395,0.609599292831949,1842,1173.7972567696688,0.4514966089861361,1012.0,331.26877470355726,0.4892997063622269,1972,1409.1368421052632,1454.5,398.32527672708756,380,0.6645304607900322,0.5565550872278735,0.3678621512786154,7,1480.75
rbio2.2,1.0,periodization,2.3353455578625585e-27,323.5638872263304,4877867.573446247,0.5242718446601942,138.06855286577098,206,smoothed,2.5484266675818953e-14,-2.058722525788431e-10,6.2509992447288845,30499.260104745976,0.9573538605662668,0.00014966566451320274,0.9999999999999999,362.4,,,,[],[],11,426.59999999999997,32.19999999999999,728.3999999999999,"[9, 31, 53, 64, 80, 102, 131, 148, 158, 175, 192]","[311.00000000000006, 417.79999999999995, 589.6000000000001, 432.2000000000002, 728.3999999999999, 371.0, 587.0, 32.19999999999999, 448.1999999999999, 368.0, 407.20000000000005]","[0, 0, 0, 60, 0, 94, 120, 144, 144, 165, 186]","[20, 40, 75, 75, 204, 120, 204, 149, 204, 186, 204]",30736475.84,728.3999999999999,-728.3999999999999,0.0,,,,DWT,mdp.39015067403892,3.725290298461914e-09,,0.0,15.0,11.0,0.0,33.0,,1.1368683772161603e-13,168.40000000000003,987.7999999999993,168.40000000000003,,0.0,168.40000000000003,,,28.0,0.0,15.0,1.1368683772161603e-13,1.1368683772161603e-13,,0.0,7.148443602315492e-15,2.0467328736560426e-27,0.994127231198199,0.1682767157340167,0.02626129480519796,0.07693226515562712,0.016987635465632173,,0.999999664709775,4.4059199552998455e-09,4.4059199552998455e-09,3.6787269888316428e-09,,0.0,0.9999999955940747,7.585973278963461e-14,,,,,,7.946695712486874e-14,0.0,0.0,1.7477015598164352e-13,1.7477015598164352e-13,0.7999999009572876,0.300737486916592,844,0.7313133042370326,0.3712642628334308,709,0,0.16666663939957682,0.23713383958967968,844,0.0,0.18322644890838286,0.32326104562492247,766,65.74382100243338,0.9310861415068833,790.75,786.5363057936894,0.551103867399144,742,rbio,0.7685897546424816,0.816051598246696,0.21717169227625407,5,557.75,1.3851968588983063e-14,0.9999999999705138,8.557676784417484e-28,0.9801012868689924,0.7631914089286371,6.879441718536813e-05,0.06313234542667362,0.00016545806332850764,0.9999999997235263,2.0315811923354854e-05,4.745387416349445e-11,4.745387416349445e-11,3.962169481397382e-11,,0.0,0.0031261328403482946,7.585973278963461e-14,,,,,0.0,,3.687271056968986e-14,0.0,0.0,1.4238426238064856e-13,1.4238426238064856e-13,1.0,0.20156916120422333,0.05751224468484548,1885,1.6950099950708766,0.7835779555840009,788,775.6961389616426,0.593450660921571,1336.5,1111.3954358398803,0.4464894814041817,1768,0.3888041033402703,1.0,0.4278371276618108,3,1326.75,,,,,,,,,,,,,9.300735360480685e-20,0.9999999999715831,8.557676784417484e-28,0.9855662659190856,0.23592980016231083,0.0012775151195033412,0.04776079015018275,0.9999999999999999,0.00016545806332850764,0.9999999999999541,9.960751159770423e-05,3.8434858594393884e-14,3.8434858594393884e-14,3.20911916831812e-14,,0.0,0.0,0.004567040150618464,7.054128794466933e-19,,,,,0.13043478260869565,,1.1666441752192217e-21,0.7209302325581395,0.7209302325581395,4.770970844811595e-19,4.770970844811595e-19,1.0,0.3986733618839274,0.12417638082767558,1912,1.8291139164692194,0.88786891422577,589,935.5022715098024,0.562849405836541,1250.5,900.5741703318672,0.4892518057220088,1973,818.67,599.5,715.6978453131971,300,0.38607403914171184,1.0,0.42974817260080167,3,1480.5
coif4,1.0,reflect,7.058528249980373e-27,318.7602571703865,5339868.93429091,0.5219298245614035,90.86250937427832,206,smoothed,5.640364119668467e-14,-2.011446786909236e-10,6.359420334939537,31312.51789550465,0.980779231066452,0.0001496656645132027,0.9999999999999997,362.4,,,,[],[],11,426.59999999999997,32.19999999999993,728.4,"[9, 31, 53, 64, 80, 102, 131, 148, 158, 175, 192]","[311.0, 417.80000000000007, 589.5999999999999, 432.1999999999997, 728.4, 371.0, 587.0, 32.19999999999993, 448.1999999999999, 367.9999999999999, 407.2]","[0, 0, 0, 60, 0, 94, 120, 144, 144, 165, 186]","[20, 40, 75, 75, 204, 120, 204, 149, 204, 186, 204]",30736475.83999999,728.4,-728.4,0.0,,,,DWT,mdp.39015067403892,7.450580596923828e-09,,0.0,15.0,11.0,0.0,33.0,,0.0,168.40000000000003,987.7999999999993,168.39999999999998,,0.0,168.40000000000003,,,27.999999999999943,0.0,15.0,0.0,0.0,,0.0,7.507397847453841e-14,1.5869597701385275e-26,0.9758762572447728,0.32466373663377546,0.22453143017654478,0.060844968021175325,0.02373184689339744,,0.9999996646602125,4.4059199552998455e-09,4.4059199552998455e-09,3.67866784340914e-09,,0.0,0.9999999955940747,0.0,,,,,,1.5893391424973748e-13,0.0,0.0,0.0,0.0,0.7999999009423329,0.30073748691097024,869,0.8939540637178754,0.4538317497442846,272,0,0.16666663939541282,0.23713383958375514,869,0.0,0.22994974842424876,0.4056935915075176,316,332.4620279069476,0.6515073082736398,581.5,437.51596483109677,0.520984262103277,827,coif,0.5556920286951962,0.9053407607371553,0.33941335169221604,4,621.25,5.291913471205073e-14,0.9999999999705136,4.198204502004792e-27,0.962374804473964,0.8006454566900494,0.0005881853500892574,0.04993074792243768,0.00023114608469990963,0.9999999997235974,2.0315811922300142e-05,4.745387416349445e-11,4.745387416349445e-11,3.962102868015904e-11,,0.0,0.0031261328403482946,0.0,,,,,0.0,,7.374542113937972e-14,0.0,0.0,0.0,0.0,1.0,0.20156916120414636,0.05751224468482352,1901,1.6981064611879115,0.7850094058979089,756,809.6372644585969,0.5756618110803999,1328.5,1081.7884832517877,0.4396914925422964,1804,0.4784248188775415,0.776734912893196,0.43208215291776214,2,1353.5,,,,,,,,,,,,,3.553190756250079e-19,0.999999999971583,4.198204502004792e-27,0.9727081815095387,0.24750818783837794,0.0013989705736229506,0.03777353680507589,0.9999999999999997,0.00023114608469990963,0.9999999999999541,9.960751159770347e-05,3.8434858594393884e-14,3.8434858594393884e-14,3.2090649582094954e-14,,0.0,0.0,0.004567040150618464,0.0,,,,,0.13043478260869565,,2.3332883504384434e-21,0.7209302325581395,0.7209302325581395,0.0,0.0,1.0,0.3986733618839274,0.12417638082767558,1925,1.8232803612590904,0.8850372522478811,662,893.0758646386096,0.5826748296081263,1293.5,985.1952068032471,0.4891177886358389,1974,986.6382352941176,846.0,585.0035688138154,340,0.4652856568234462,0.8173890317607586,0.42908333069536003,4,1481.5
rbio5.5,1.0,periodic,6.985572554171233e-20,251.02977239134933,6512857.111661761,0.6064814814814815,240.05099914014082,206,raw,2.0848657859449178e-10,,6.173932449997599,69959.57562997875,0.8475565049944891,5.618943883679065e-06,1.0,327.00000000002444,,,,[],[],13,661.1538461545236,87.00000000012086,940.0000000010601,"[8, 32, 51, 63, 81, 100, 111, 133, 152, 162, 175, 192, 204]","[878.000000000911, 638.0000000005967, 787.0000000006743, 792.0000000010036, 940.0000000010601, 788.0000000008608, 637.000000000589, 675.0000000002702, 771.0000000008935, 196.00000000019367, 834.0000000009229, 572.0000000007105, 87.00000000012086]","[0, 13, 39, 39, 76, 99, 107, 107, 107, 161, 164, 187, 203]","[76, 39, 61, 76, 205, 164, 119, 142, 164, 164, 205, 205, 205]",37754613.00002326,941.0000000007682,-941.0000000007682,0.0,,,,DWT,mdp.39015067403892,2.326071262359619e-05,,0.0,33.0,19.0,0.0,28.5,,7.681819624849595e-10,256.34134615452365,4358.999999991192,256.34134615452365,,0.0,256.34134615452365,,,84.00000000012086,0.0,24.0,1.0601297617540695e-09,7.681819624849595e-10,,2.4442670110147446e-11,2.634080612144894e-10,4.943453616841605e-20,0.7124339822083662,0.7365686973779932,0.0008743056425065377,0.37003968253968267,0.0009893654451357925,,0.4742280247520037,7.2205761571226714e-09,7.2205761571226714e-09,6.606609737714233e-09,,1.2294884384132148e-09,0.9999999927793832,1.269408867967787e-09,,,,,,2.302332047971435e-10,1.0,0.5,9.620904609060423e-10,9.620904609060423e-10,0.7922684118790227,0.25901821440354916,241,0.9445935101082192,0.45369146177526504,945,0,0.2478523369360383,0.2961384277815005,239,0.125,0.25387943335387037,0.4611330698860561,947,407.61092559776495,0.5727348788283386,593.0,382.8613905967541,0.4755707937118632,930,rbio,0.5136782423812899,1.0,0.3404252303330971,4,698.5,2.634080612144894e-10,0.00015478832988835567,4.943453616841605e-20,0.7124339822083661,0.7365686973779934,0.0019068815171655287,0.5265350877192985,0.0033527254697995256,,0.9919828214583426,0.9855281704528388,0.9855281704528388,0.9855281704527268,,2.63409635029389e-10,0.9999999999641557,7.073920082633428e-10,,,,,1.0,,2.3023320479714347e-10,1.0,0.5,9.620904609060423e-10,9.620904609060423e-10,0.0,2.2345702008124557,0.6375734630575899,245,1.0086997406262272,0.4663069143288213,1896,1167.43329573899,0.38813768567138895,1070.5,433.9280709948622,0.41353949273087265,1886,0.3888041033402703,1.0,0.4278371276618108,3,1415.25,,,,,,,,,,,,,1.7686212998791655e-15,0.03641360043834285,4.943453616841605e-20,0.7914110624046274,0.2276997664611459,0.0017073372232342065,0.3983335588328149,1.0,0.0033527254697995256,,0.0008499884728407417,0.0007982210227462752,0.0007982210227462752,0.0007982210227399366,,0.0,2.0581435760981875e-16,0.020163910573009074,6.577975100840415e-15,,,,,0.4782608695652174,,7.284526230068822e-18,1.0,0.8604651162790697,3.2237449998391947e-15,3.2237449998391947e-15,0.9302325581395349,0.5744527218307321,0.17892707859000703,586,1.1611487831375156,0.5636324233588155,1912,937.623591853362,0.5618581346479616,1249.0,897.0632506004804,0.48910663741743876,1975,818.67,599.5,715.6978453131971,300,0.38607403914171184,1.0,0.42974817260080167,3,1482.0
db9,1.0,constant,4.025507416858513e-27,321.19919243094097,4964017.144588896,0.545045045045045,71.15918669098654,206,smoothed,4.004994825531294e-14,-2.032495283188501e-10,6.191855294759562,37263.72972323675,0.987003723477955,0.0001496656645132028,0.9999999999999997,362.4000000000001,,,,[],[],11,426.59999999999997,32.19999999999999,728.3999999999999,"[9, 31, 53, 64, 80, 102, 131, 148, 158, 175, 192]","[311.00000000000006, 417.80000000000007, 589.5999999999999, 432.19999999999993, 728.3999999999999, 371.00000000000006, 587.0, 32.19999999999999, 448.20000000000005, 367.9999999999999, 407.19999999999993]","[0, 0, 0, 60, 0, 94, 120, 144, 144, 165, 186]","[20, 40, 75, 75, 205, 120, 205, 149, 205, 186, 205]",30736475.839999996,728.3999999999999,-728.3999999999999,0.0,,,,DWT,mdp.39015067403892,0.0,,0.0,15.0,11.0,0.0,33.0,,1.1368683772161603e-13,168.40000000000003,987.7999999999993,168.39999999999998,,0.0,168.40000000000003,,,28.0,0.0,15.0,1.1368683772161603e-13,1.1368683772161603e-13,,1.1368683772161603e-13,3.914720578290024e-14,6.993159983679395e-27,0.9851427793116403,0.08296724207002665,0.06323280307393567,0.21962303335063982,0.07308425553150005,,0.999999664709775,4.4059199552998455e-09,4.4059199552998455e-09,3.67866784340914e-09,,1.2251610931599486e-12,0.9999999955940747,7.585973278963461e-14,,,,,,0.0,0.0,0.0,1.7477015598164352e-13,1.7477015598164352e-13,0.7999999009578427,0.3007374869168007,819,0.7812686057118331,0.3966249640119947,573,0,0.16666663939966733,0.23713383958980846,820,0.0,0.20343573047682598,0.3589156878999031,561,145.8638063400239,0.8471029283647549,693.25,670.2137384171555,0.5602128897588974,713,db,0.573477938514061,0.8443824841957417,0.34525069778143475,3,535.5,3.225595996266968e-14,0.999999999970514,2.051838125752096e-27,0.9713750277333169,0.7427601411499634,0.00016564544386469225,0.1802275960170698,0.000711834169299898,0.9999999997235658,2.0315811923354854e-05,4.745387416349445e-11,4.745387416349445e-11,3.962102868015904e-11,,1.2251610931599486e-12,0.0031261328403482946,7.585973278963461e-14,,,,,0.0,,0.0,0.0,0.0,1.4238426238064856e-13,1.4238426238064856e-13,1.0,0.20156916120481727,0.05751224468501495,1774,1.726663681892042,0.7982109850517639,480,914.9961748553925,0.5204422563650983,1127.0,755.5634427684117,0.46488569841315713,1680,0.49117026184683504,0.8233619396015222,0.4091722348267588,4,1261.0,,,,,,,,,,,,,2.1657870900000032e-19,0.9999999999715835,2.051838125752096e-27,0.979236585046948,0.22961376349353865,0.0013001629646659837,0.13634551883773918,0.9999999999999997,0.000711834169299898,0.9999999999999541,9.960751159770423e-05,3.8434858594393884e-14,3.8434858594393884e-14,3.2090649582094954e-14,,0.0,9.572760819061336e-19,0.004567040150618464,7.054128794466933e-19,,,,,0.13043478260869565,,0.0,0.7209302325581395,0.7209302325581395,4.770970844811595e-19,4.770970844811595e-19,1.0,0.3986733618839274,0.12417638082767558,1848,1.8578218554515433,0.9018040149236518,211,1157.5338008023782,0.4590963547652438,1029.5,378.75473530840213,0.4890107942050518,1976,1009.0473684210526,935.5,610.6543869996938,760,0.4758535102197843,0.8532293215616218,0.41093374637766444,5,1483.25
db9,1.0,smooth,4.025507416858513e-27,321.19919243094097,4964017.144588896,0.545045045045045,71.15918669098654,206,smoothed,4.004994825531294e-14,-2.032495283188501e-10,6.191855294759562,37263.72972323675,0.987003723477955,0.0001496656645132028,0.9999999999999997,362.4000000000001,,,,[],[],11,426.59999999999997,32.19999999999999,728.3999999999999,"[9, 31, 53, 64, 80, 102, 131, 148, 158, 175, 192]","[311.00000000000006, 417.80000000000007, 589.5999999999999, 432.19999999999993, 728.3999999999999, 371.00000000000006, 587.0, 32.19999999999999, 448.20000000000005, 367.9999999999999, 407.19999999999993]","[0, 0, 0, 60, 0, 94, 120, 144, 144, 165, 186]","[20, 40, 75, 75, 205, 120, 205, 149, 205, 186, 205]",30736475.839999996,728.3999999999999,-728.3999999999999,0.0,,,,DWT,mdp.39015067403892,0.0,,0.0,15.0,11.0,0.0,33.0,,1.1368683772161603e-13,168.40000000000003,987.7999999999993,168.39999999999998,,0.0,168.40000000000003,,,28.0,0.0,15.0,1.1368683772161603e-13,1.1368683772161603e-13,,1.1368683772161603e-13,3.914720578290024e-14,6.993159983679395e-27,0.9851427793116403,0.08296724207002665,0.06323280307393567,0.21962303335063982,0.07308425553150005,,0.999999664709775,4.4059199552998455e-09,4.4059199552998455e-09,3.67866784340914e-09,,1.2251610931599486e-12,0.9999999955940747,7.585973278963461e-14,,,,,,0.0,0.0,0.0,1.7477015598164352e-13,1.7477015598164352e-13,0.7999999009578427,0.3007374869168007,820,0.7812686057118331,0.3966249640119947,572,0,0.16666663939966733,0.23713383958980846,821,0.0,0.20343573047682598,0.3589156878999031,562,146.415789221427,0.8465243299565754,693.75,670.561492271532,0.5596615360474702,716,db,0.573477938514061,0.8443824841957417,0.34525069778143475,3,537.75,3.225595996266968e-14,0.999999999970514,2.051838125752096e-27,0.9713750277333169,0.7427601411499634,0.00016564544386469225,0.1802275960170698,0.000711834169299898,0.9999999997235658,2.0315811923354854e-05,4.745387416349445e-11,4.745387416349445e-11,3.962102868015904e-11,,1.2251610931599486e-12,0.0031261328403482946,7.585973278963461e-14,,,,,0.0,,0.0,0.0,0.0,1.4238426238064856e-13,1.4238426238064856e-13,1.0,0.20156916120481727,0.05751224468501495,1773,1.726663681892042,0.7982109850517639,481,913.5819612930194,0.5211834584418138,1127.0,756.7107364685004,0.46525629945151487,1675,0.49117026184683504,0.8233619396015222,0.4091722348267588,4,1257.25,,,,,,,,,,,,,2.1657870900000032e-19,0.9999999999715835,2.051838125752096e-27,0.979236585046948,0.22961376349353865,0.0013001629646659837,0.13634551883773918,0.9999999999999997,0.000711834169299898,0.9999999999999541,9.960751159770423e-05,3.8434858594393884e-14,3.8434858594393884e-14,3.2090649582094954e-14,,0.0,9.572760819061336e-19,0.004567040150618464,7.054128794466933e-19,,,,,0.13043478260869565,,0.0,0.7209302325581395,0.7209302325581395,4.770970844811595e-19,4.770970844811595e-19,1.0,0.3986733618839274,0.12417638082767558,1851,1.8578218554515433,0.9018040149236518,212,1158.9480143647513,0.458435507306191,1031.5,380.4285021812894,0.4882130807558992,1977,1009.0473684210526,935.5,610.6543869996938,760,0.4758535102197843,0.8532293215616218,0.41093374637766444,5,1484.0
sym20,1.0,smooth,1.1181333361273204e-17,228.9868565109345,49980632.43994247,0.639344262295082,318.445895170753,206,raw,2.660125634331485e-09,,4.715417404655536,965548.6593570956,0.9870486755176525,5.6189438838418e-06,1.0,327.0000000038833,,,,[],[],13,661.1538461455767,86.99999999738785,939.9999999873131,"[8, 32, 51, 63, 81, 100, 111, 133, 152, 162, 175, 192, 204]","[877.9999999972007, 637.9999999891554, 786.9999999883185, 791.9999999892995, 939.9999999873131, 787.9999999899765, 636.9999999909522, 674.9999999949177, 770.9999999910285, 195.99999999500437, 833.999999988044, 571.9999999938991, 86.99999999738785]","[0, 13, 39, 39, 76, 99, 107, 107, 107, 161, 99, 187, 203]","[76, 39, 61, 76, 205, 164, 119, 142, 164, 164, 205, 205, 205]",37754612.999697275,940.9999999923449,-940.9999999923449,0.0,,,,DWT,mdp.39015067403892,0.00030272454023361206,,0.0,33.0,19.0,0.0,28.5,,7.655103217985015e-09,256.3413461455767,4359.000000107502,256.3413461463697,,0.0,256.3413461455767,,,83.99999999738785,0.0,19.5,1.2686882655543741e-08,7.655103217985015e-09,,3.88331500289496e-09,3.3610965412852093e-09,7.912651869651089e-18,0.6310906323378295,0.23272491511345272,0.049792181344501286,0.6165105386416865,0.073498941727348,,0.47422802157713695,2.922811192865867e-10,2.922811192865867e-10,2.9236915594783023e-10,,1.9533426083403995e-07,0.9999999997076647,1.5191386876232192e-08,,,,,,2.996350206314137e-09,1.0,0.0,9.587444307400971e-09,9.587444307400971e-09,0.7422685171860295,0.24267162876468845,591,0.7959167207876174,0.38228149636994585,954,0,0.2061856879048849,0.2463543664829636,591,0.125,0.22283817321798777,0.4047513796069566,954,209.57814771583415,0.7803164070064632,772.5,729.8563106796117,0.4852839896667536,918,sym,0.8243425715244881,0.7368036147090654,0.2019191155201387,6,690.0,3.3610965412852093e-09,0.00015478833101789657,7.91265186965109e-18,0.6310906323378294,0.23272491511345283,0.050774201599807584,0.711777394305436,0.07569076580628376,,0.991982821409931,0.9855281703525737,0.9855281703525737,0.9855281703613481,,4.184905262015753e-08,0.9999999999985489,8.465566880659274e-09,,,,,1.0,,2.9963502063141376e-09,1.0,0.25,9.587444307400971e-09,9.587444307400971e-09,0.0,2.2095702302326647,0.6304404055178895,584,0.83543763931165,0.3862104172443971,1908,936.2093782909889,0.5093242252143664,1246.0,894.2792937399679,0.42814219646462554,1844,0.7763846615972358,0.5622554397616224,0.28785410495344815,6,1384.5,,,,,,,,,,,,,2.2567672782901996e-14,0.03641360043943145,7.91265186965109e-18,0.7324078357360362,0.07194360690273668,0.013134572810621485,0.53847279921748,1.0,0.07569076580628374,,0.0008499884728041202,0.0007982210226650663,0.0007982210226650663,0.0007982210226659251,,0.0,3.269863640574972e-14,0.020163910573547182,7.872055028185375e-14,,,,,0.4782608695652174,,9.48038389666644e-17,1.0,0.7906976744186046,3.212533218353887e-14,3.212533218353887e-14,0.9302325581395349,0.5674759776449367,0.17675400427458576,620,1.1385732974396425,0.552674072545225,1922,920.6530291048849,0.5697883041565959,1271.0,937.560975609756,0.487931535255868,1978,1409.1368421052632,1454.5,398.32527672708756,380,0.6645304607900322,0.5565550872278735,0.3678621512786154,7,1485.25
bior2.4,1.0,symmetric,2.5480054061763882e-27,323.1853952912638,5064896.744528805,0.5327102803738317,79.38679700653384,206,smoothed,3.262977805966286e-14,-2.0912207521206537e-10,6.178788265267807,35682.2971690405,0.9871252626296724,0.00014966566451320268,0.9999999999999999,362.4000000000001,,,,[],[],11,426.59999999999997,32.20000000000002,728.4000000000001,"[9, 31, 53, 64, 80, 102, 131, 148, 158, 175, 192]","[311.0, 417.79999999999995, 589.6, 432.20000000000005, 728.4000000000001, 371.0, 587.0, 32.20000000000002, 448.20000000000005, 368.0000000000001, 407.2]","[0, 0, 0, 60, 0, 94, 120, 144, 144, 165, 186]","[20, 40, 75, 75, 205, 120, 205, 149, 205, 186, 205]",30736475.840000004,728.4000000000001,-728.4000000000001,0.0,,,,DWT,mdp.39015067403892,7.450580596923828e-09,,0.0,15.0,11.0,0.0,33.0,,1.1368683772161603e-13,168.40000000000003,987.7999999999993,168.40000000000003,,0.0,168.40000000000003,,,28.00000000000003,0.0,15.0,1.1368683772161603e-13,1.1368683772161603e-13,,1.1368683772161603e-13,2.284613122389437e-14,2.6691031119348015e-27,0.9926891840613394,0.06411930565604551,0.10652577498147517,0.13489573982663977,0.05996969871391253,,0.9999996647345563,4.4059199552998455e-09,4.4059199552998455e-09,3.6787269888316428e-09,,1.2251610931599486e-12,0.9999999955940747,7.585973278963461e-14,,,,,,1.5893391424973748e-13,0.0,0.0,1.7477015598164352e-13,1.7477015598164352e-13,0.7999999009653742,0.300737486919632,773,0.7588822261717919,0.38526011853565845,647,0,0.16666663940175064,0.2371338395927726,773,0.0,0.19402852903420506,0.34231883852109707,652,71.3319703919638,0.9252285425660757,711.25,705.8832448053512,0.5898417345954068,615,bior,0.8100315533562081,0.7923003667562746,0.1952878026237719,6,462.75,2.2880446188958946e-14,0.9999999999705134,1.0062598686091297e-27,0.9787045659422182,0.7382461379635621,0.00027905625596266184,0.1106984751598622,0.0005840995486200706,0.9999999997234772,2.0315811923854454e-05,4.745387416349445e-11,4.745387416349445e-11,3.962169481397382e-11,,1.2251610931599486e-12,0.0031261328403482946,7.585973278963461e-14,,,,,0.0,,7.374542113937972e-14,0.0,0.0,1.4238426238064856e-13,1.4238426238064856e-13,1.0,0.2015691612048545,0.05751224468502557,1757,1.7009983664390378,0.7863462907605409,724,730.4413049657036,0.6171691273764657,1240.5,1025.447803305119,0.4835059473360316,1610,0.5943810304597339,0.7715092316736338,0.3524805091760961,5,1208.75,,,,,,,,,,,,,1.5362796527164867e-19,0.9999999999715827,1.0062598686091297e-27,0.9845531401802712,0.22821832342799245,0.0013266831844326646,0.083745449441541,0.9999999999999999,0.0005840995486200711,0.9999999999999541,9.960751159770467e-05,3.8434858594393884e-14,3.8434858594393884e-14,3.20911916831812e-14,,0.0,9.572760819061336e-19,0.004567040150618464,7.054128794466933e-19,,,,,0.13043478260869565,,2.3332883504384434e-21,0.7209302325581395,0.7209302325581395,4.770970844811595e-19,4.770970844811595e-19,1.0,0.3986733618839274,0.12417638082767558,1891,1.839236207001896,0.8927823682341861,438,1027.4261530640536,0.5198943209981058,1164.5,711.2563331902104,0.48786772124671646,1979,1104.4,1082.5,563.6960149978129,300,0.520820561188399,0.7876173146100969,0.3991404127850916,6,1485.75
db9,1.0,zero,4.025507416858513e-27,321.19919243094097,4964017.144588896,0.545045045045045,71.15918669098654,206,smoothed,4.004994825531294e-14,-2.032495283188501e-10,6.191855294759562,37263.72972323675,0.987003723477955,0.0001496656645132028,0.9999999999999997,362.4000000000001,,,,[],[],11,426.59999999999997,32.19999999999999,728.3999999999999,"[9, 31, 53, 64, 80, 102, 131, 148, 158, 175, 192]","[311.00000000000006, 417.80000000000007, 589.5999999999999, 432.19999999999993, 728.3999999999999, 371.00000000000006, 587.0, 32.19999999999999, 448.20000000000005, 367.9999999999999, 407.19999999999993]","[0, 0, 0, 60, 0, 94, 120, 144, 144, 165, 186]","[20, 40, 75, 75, 205, 120, 205, 149, 205, 186, 205]",30736475.839999996,728.3999999999999,-728.3999999999999,0.0,,,,DWT,mdp.39015067403892,0.0,,0.0,15.0,11.0,0.0,33.0,,1.1368683772161603e-13,168.40000000000003,987.7999999999993,168.39999999999998,,0.0,168.40000000000003,,,28.0,0.0,15.0,1.1368683772161603e-13,1.1368683772161603e-13,,1.1368683772161603e-13,3.914720578290024e-14,6.993159983679395e-27,0.9851427793116403,0.08296724207002665,0.06323280307393567,0.21962303335063982,0.07308425553150005,,0.999999664709775,4.4059199552998455e-09,4.4059199552998455e-09,3.67866784340914e-09,,1.2251610931599486e-12,0.9999999955940747,7.585973278963461e-14,,,,,,0.0,0.0,0.0,1.7477015598164352e-13,1.7477015598164352e-13,0.7999999009578427,0.3007374869168007,818,0.7812686057118331,0.3966249640119947,574,0,0.16666663939966733,0.23713383958980846,819,0.0,0.20343573047682598,0.3589156878999031,560,145.31660836486196,0.8476765111479434,692.75,669.8630664404942,0.5607617356578292,710,db,0.573477938514061,0.8443824841957417,0.34525069778143475,3,533.25,3.225595996266968e-14,0.999999999970514,2.051838125752096e-27,0.9713750277333169,0.7427601411499634,0.00016564544386469225,0.1802275960170698,0.000711834169299898,0.9999999997235658,2.0315811923354854e-05,4.745387416349445e-11,4.745387416349445e-11,3.962102868015904e-11,,1.2251610931599486e-12,0.0031261328403482946,7.585973278963461e-14,,,,,0.0,,0.0,0.0,0.0,1.4238426238064856e-13,1.4238426238064856e-13,1.0,0.20156916120481727,0.05751224468501495,1772,1.726663681892042,0.7982109850517639,479,914.2890680742059,0.5208128574034561,1125.5,754.1430475344292,0.4654640806933423,1673,0.49117026184683504,0.8233619396015222,0.4091722348267588,4,1255.75,,,,,,,,,,,,,2.1657870900000032e-19,0.9999999999715835,2.051838125752096e-27,0.979236585046948,0.22961376349353865,0.0013001629646659837,0.13634551883773918,0.9999999999999997,0.000711834169299898,0.9999999999999541,9.960751159770423e-05,3.8434858594393884e-14,3.8434858594393884e-14,3.2090649582094954e-14,,0.0,9.572760819061336e-19,0.004567040150618464,7.054128794466933e-19,,,,,0.13043478260869565,,0.0,0.7209302325581395,0.7209302325581395,4.770970844811595e-19,4.770970844811595e-19,1.0,0.3986733618839274,0.12417638082767558,1853,1.8578218554515433,0.9018040149236518,213,1159.655121145938,0.45810508357666446,1033.0,382.08034849951594,0.48769740160141634,1980,1009.0473684210526,935.5,610.6543869996938,760,0.4758535102197843,0.8532293215616218,0.41093374637766444,5,1486.25
bior3.5,1.0,periodization,3.0685356966607033e-27,322.3780869439424,5128966.583403976,0.5194174757281553,63.11106212998794,206,smoothed,3.46554143497787e-14,-2.0383439380822252e-10,6.134879212989309,35227.62883844425,0.9915933638855506,0.00014966566451320274,1.0,362.4,,,,[],[],11,426.59999999999997,32.19999999999999,728.4,"[9, 31, 53, 64, 80, 102, 131, 148, 158, 175, 192]","[311.00000000000006, 417.80000000000007, 589.5999999999999, 432.1999999999998, 728.4, 371.00000000000006, 587.0, 32.19999999999999, 448.2, 368.0, 407.2]","[0, 0, 0, 60, 0, 94, 120, 144, 144, 165, 186]","[20, 40, 75, 75, 205, 120, 205, 149, 205, 186, 205]",30736475.839999996,728.4,-728.4,0.0,,,,DWT,mdp.39015067403892,0.0,,0.0,15.0,11.0,0.0,33.0,,0.0,168.40000000000003,987.7999999999993,168.4,,0.0,168.40000000000003,,,28.0,0.0,15.0,0.0,0.0,,0.0,2.7296170417599603e-14,4.192486879433554e-27,0.9896218863203081,0.0007847103017235568,0.13402165855154893,0.04358768564058205,0.05619920996373454,,0.999999664709775,4.4059199552998455e-09,4.4059199552998455e-09,3.6786974161203912e-09,,0.0,0.9999999955940747,0.0,,,,,,0.0,0.0,0.0,0.0,0.0,0.799999900957131,0.3007374869165332,846,0.701091074460556,0.355921408007547,801,0,0.16666663939953222,0.23713383958961623,846,0.0,0.17488787868256062,0.30854955093474284,844,22.18670773233379,0.9767434929430463,834.25,833.7954353117149,0.5511338009788607,741,bior,0.8100315533562081,0.7923003667562746,0.1952878026237719,6,557.25,2.543987278400425e-14,0.9999999999705138,1.3746215696287056e-27,0.9757254153749415,0.723077763083712,0.0003510848173581022,0.0357690342360758,0.000547375322481094,0.9999999997235569,2.0315811923354854e-05,4.745387416349445e-11,4.745387416349445e-11,3.962136174706643e-11,,0.0,0.0031261328403482946,0.0,,,,,0.0,,0.0,0.0,0.0,0.0,0.0,1.0,0.2015691612041099,0.05751224468481312,1908,1.661676236879507,0.7681682540651419,1042,612.3544725075502,0.6790595007822064,1475.0,1347.888813559322,0.4529993520682521,1744,0.5943810304597339,0.7715092316736338,0.3524805091760961,5,1309.25,,,,,,,,,,,,,1.708129229779671e-19,0.9999999999715831,1.3746215696287056e-27,0.9823921829971621,0.2235292354582867,0.0013435264927764477,0.027059937762143327,1.0,0.0005473753224810945,0.9999999999999541,9.960751159770423e-05,3.8434858594393884e-14,3.8434858594393884e-14,3.209086642252945e-14,,0.0,0.0,0.004567040150618464,0.0,,,,,0.13043478260869565,,0.0,0.7209302325581395,0.7209302325581395,0.0,0.0,1.0,0.3986733618839274,0.12417638082767558,1950,1.8129146159991352,0.8800056230495954,778,828.7291475506337,0.612743388995031,1364.0,1112.2434017595308,0.4876801057124688,1981,1104.4,1082.5,563.6960149978129,300,0.520820561188399,0.7876173146100969,0.3991404127850916,6,1487.25
rbio5.5,1.0,reflect,6.988975907038402e-20,251.02765703513086,6520608.592247245,0.6018518518518519,240.7778521850323,206,raw,2.0801224820291464e-10,,6.186709055732871,69003.25372022591,0.8439124346107494,5.618943883679258e-06,0.9999999999999998,327.00000000002444,,,,[],[],13,661.1538461544969,86.99999999991354,940.0000000010601,"[8, 32, 51, 63, 81, 100, 111, 133, 152, 162, 175, 192, 204]","[878.0000000007723, 638.0000000005967, 787.0000000006743, 792.0000000010036, 940.0000000010601, 788.0000000008608, 637.000000000589, 675.0000000002702, 771.0000000008935, 196.00000000019367, 834.0000000009229, 572.0000000007105, 86.99999999991354]","[0, 13, 39, 39, 76, 99, 107, 107, 107, 161, 164, 187, 203]","[76, 39, 61, 76, 205, 164, 119, 142, 164, 164, 205, 205, 205]",37754613.00002304,941.0000000007682,-941.0000000007682,0.0,,,,DWT,mdp.39015067403892,2.3037195205688477e-05,,0.0,33.0,19.0,0.0,28.5,,7.681819624849595e-10,256.34134615449693,4358.99999999154,256.34134615449705,,0.0,256.34134615449693,,,83.99999999991354,0.0,24.0,1.0601297617540695e-09,7.681819624849595e-10,,2.4442670110147446e-11,2.628087365356393e-10,4.945862054687083e-20,0.7124261760650268,0.7409823737255367,0.0008830290234691797,0.33531746031746035,0.000911938757243399,,0.4742280245111636,7.199887583920157e-09,7.199887583920157e-09,6.586009200980781e-09,,1.2294884384132148e-09,0.9999999928000786,1.269408867967787e-09,,,,,,2.280208421629621e-10,1.0,0.5,9.620904609060423e-10,9.620904609060423e-10,0.7922684117974189,0.2590182143768702,252,0.9328801667222432,0.4480655032796892,946,0,0.24785233691234376,0.2961384277531898,252,0.125,0.2495387111645064,0.45324881348032386,949,401.5489799928937,0.5790891195043043,599.75,398.11567199636795,0.4752101782007895,932,rbio,0.5136782423812899,1.0,0.3404252303330971,4,700.0,2.628087365356393e-10,0.00015478832988974345,4.945862054687084e-20,0.7124261760650268,0.7409823737255367,0.0019155958826931976,0.5004385964912282,0.003275481950266585,,0.9919828214546702,0.9855281704525394,0.9855281704525394,0.9855281704524286,,2.63409635029389e-10,0.9999999999642584,7.073920082633428e-10,,,,,1.0,,2.280208421629621e-10,1.0,0.5,9.620904609060423e-10,9.620904609060423e-10,0.0,2.2345702008100297,0.6375734630568977,252,1.0004367583975387,0.4624870603216997,1898,1163.8977618330573,0.3899906908631775,1075.0,444.926511627907,0.4132867500437481,1887,0.3888041033402703,1.0,0.4278371276618108,3,1416.0,,,,,,,,,,,,,1.7645972074209836e-15,0.03641360043834414,4.945862054687084e-20,0.7914054001391123,0.22906419190733746,0.0017093750085621284,0.3785910792405179,0.9999999999999998,0.003275481950266585,,0.0008499884728379636,0.0007982210227460327,0.0007982210227460327,0.000798221022739695,,0.0,2.0581435760981875e-16,0.02016391057301068,6.577975100840415e-15,,,,,0.4782608695652174,,7.214527579555668e-18,1.0,0.8604651162790697,3.2237449998391947e-15,3.2237449998391947e-15,0.9302325581395349,0.5744527218307319,0.17892707859000695,591,1.1539007281492346,0.5601141500272583,1918,938.3306986345485,0.5615277109184353,1254.5,903.5775209246711,0.48765637882370366,1982,818.67,599.5,715.6978453131971,300,0.38607403914171184,1.0,0.42974817260080167,3,1487.25
sym4,1.0,periodization,1.752751528785071e-20,257.03458892270055,6007814.364589037,0.6407766990291263,303.36528468411177,206,raw,1.0522831222062987e-10,,6.284250928679663,63117.30860591857,0.7748735977145704,5.618943883685326e-06,1.0,326.999999999936,,,,[],[],13,661.153846154087,87.00000000002048,940.0000000002985,"[8, 32, 51, 63, 81, 100, 111, 133, 152, 162, 175, 192, 204]","[878.0000000000889, 638.0000000004582, 787.000000000462, 792.0000000002873, 940.0000000002985, 788.0000000001835, 637.0000000002991, 675.0000000001833, 771.0000000001648, 196.00000000026557, 834.000000000385, 572.0000000000347, 87.00000000002048]","[0, 13, 42, 42, 76, 99, 107, 107, 107, 161, 164, 187, 203]","[76, 42, 61, 76, 205, 164, 119, 142, 164, 164, 205, 205, 205]",37754613.00000737,941.0000000001066,-941.0000000001066,0.0,,,,DWT,mdp.39015067403892,7.368624210357666e-06,,0.0,33.0,19.0,0.0,28.5,,1.0663825378287584e-10,256.341346154087,4358.9999999968695,256.341346154087,,0.0,256.341346154087,,,84.00000000002048,0.0,28.5,2.985416358569637e-10,1.0663825378287584e-10,,6.400568963726982e-11,1.3293945023772738e-10,1.2403629624076624e-20,0.7345931146329505,0.774678197674444,0.0003059393495708219,0.6272538141470184,0.000435395000722107,,0.4742280246353888,6.882428030863702e-09,6.882428030863702e-09,6.268461611247622e-09,,3.219544143379721e-09,0.9999999931175516,3.5747642759071405e-10,,,,,,7.293422150684655e-11,1.0,1.0,1.3355643811304835e-10,1.3355643811304835e-10,0.8422684118377878,0.2753648344572014,44,1.0793236209907555,0.5184027902962903,894,0,0.2895190034752771,0.34592250999901253,44,0.125,0.2990737801339494,0.5432216723257194,896,491.3257575173522,0.4849834826862136,469.5,83.87645941713745,0.49642255895316967,888,sym,0.8243425715244881,0.7368036147090654,0.2019191155201387,6,667.5,1.3293945023772738e-10,0.0001547883299317654,1.2403629624076624e-20,0.7345931146329505,0.7746781976744441,0.0013391026191145296,0.7198518140010223,0.002800065553580323,,0.9919828214565645,0.9855281704479453,0.9855281704479453,0.9855281704478331,,6.897656954490511e-10,0.9999999999658344,1.992076583055805e-10,,,,,1.0,,7.293422150684655e-11,1.0,0.75,1.3355643811304835e-10,1.3355643811304835e-10,0.0,2.25957020035738,0.6447065288616985,44,1.117871707287252,0.5167754936835722,1834,1265.72113832392,0.33662414133966456,939.0,85.93823216187434,0.42224288827989515,1856,0.7763846615972358,0.5622554397616224,0.28785410495344815,6,1393.5,,,,,,,,,,,,,8.92605724367777e-16,0.03641360043838473,1.2403629624076624e-20,0.8074844146246675,0.23948077799251113,0.0015745666268805805,0.5445812474631311,1.0,0.002800065553580323,,0.0008499884728393965,0.0007982210227423117,0.0007982210227423117,0.0007982210227359729,,0.0,5.389464341131534e-16,0.020163910573035338,1.8524142214270167e-15,,,,,0.4782608695652174,,2.307622178583621e-18,1.0,0.9302325581395349,4.475170652433277e-16,4.475170652433277e-16,0.9302325581395349,0.5814294660167845,0.1811001529055083,215,1.2348949264226967,0.5994294874877372,1854,1158.9480143647513,0.458435507306191,1034.5,385.3165780570324,0.48751214617646,1983,1409.1368421052632,1454.5,398.32527672708756,380,0.6645304607900322,0.5565550872278735,0.3678621512786154,7,1489.0
db11,1.0,symmetric,6.316524150760742e-27,319.2426171327396,5268941.530306695,0.5221238938053098,89.57307698414417,206,smoothed,5.3739105937584293e-14,-2.0641290898737496e-10,6.329053883663091,32187.436731094942,0.9838464436880747,0.00014966566451320274,0.9999999999999999,362.4000000000001,,,,[],[],11,426.6,32.19999999999999,728.4000000000002,"[9, 31, 53, 64, 80, 102, 131, 148, 158, 175, 192]","[311.0000000000001, 417.79999999999984, 589.6, 432.2, 728.4000000000002, 371.0, 586.9999999999998, 32.19999999999999, 448.2000000000001, 368.0, 407.2000000000003]","[0, 0, 0, 60, 0, 94, 120, 144, 144, 165, 186]","[20, 40, 75, 75, 204, 120, 204, 149, 204, 186, 204]",30736475.839999996,728.4000000000002,-728.4000000000002,0.0,,,,DWT,mdp.39015067403892,0.0,,0.0,15.0,11.0,0.0,33.0,,2.2737367544323206e-13,168.4000000000001,987.7999999999984,168.40000000000003,,0.0,168.4000000000001,,,28.0,0.0,15.0,2.2737367544323206e-13,2.2737367544323206e-13,,1.1368683772161603e-13,6.922036773806798e-14,1.3698048762096838e-26,0.9777089419033652,0.2808630439715428,0.19409258912253152,0.06217802643215617,0.030987403097599953,,0.999999664709775,4.4059791007223055e-09,4.4059791007223055e-09,3.6787269888316428e-09,,1.2251610931599486e-12,0.9999999955939887,1.5171946557926922e-13,,,,,,0.0,0.0,0.0,3.4954031196328703e-13,3.4954031196328703e-13,0.7999999009579607,0.3007374869168451,813,0.8613693535009795,0.43728953952025756,325,0,0.16666663939971035,0.23713383958986967,813,0.0,0.2208328577896093,0.38960892896583815,397,262.61251556872406,0.7247248264478783,587.0,496.53423049432206,0.5547104216096834,731,db,0.573477938514061,0.8443824841957417,0.34525069778143475,3,549.0,4.9552448185523584e-14,0.9999999999705138,3.673113268797724e-27,0.9641548219359952,0.7901553710965286,0.0005084473803645344,0.051024685607825304,0.0003018145588584943,0.999999999723518,2.0315811923354854e-05,4.745454029730922e-11,4.745454029730922e-11,3.962169481397382e-11,,1.2251610931599486e-12,0.0031261328403480726,1.5171946557926922e-13,,,,,0.0,,0.0,0.0,0.0,2.847685247612971e-13,2.847685247612971e-13,1.0,0.20156916120491264,0.05751224468504216,1742,1.6943554023472938,0.7832753470863656,807,661.1448404094219,0.6534880291355232,1274.5,1103.0160847391135,0.4927555449660844,1570,0.49117026184683504,0.8233619396015222,0.4091722348267588,4,1178.5,,,,,,,,,,,,,3.3271386956799373e-19,0.9999999999715831,3.673113268797724e-27,0.9739993352910519,0.2442653266520352,0.0013803244812290274,0.03860112095193541,0.9999999999999999,0.0003018145588584943,0.9999999999999541,9.960751159770423e-05,3.8435400695480126e-14,3.8435400695480126e-14,3.20911916831812e-14,,0.0,9.572760819061336e-19,0.00456704015061846,1.4108257588933865e-18,,,,,0.13043478260869565,,0.0,0.7209302325581395,0.7209302325581395,9.54194168962319e-19,9.54194168962319e-19,1.0,0.3986733618839274,0.12417638082767558,1934,1.8227836009370373,0.8847961201654009,672,892.368757857423,0.5830052533376529,1303.0,997.4274750575596,0.48706337433237784,1984,1009.0473684210526,935.5,610.6543869996938,760,0.4758535102197843,0.8532293215616218,0.41093374637766444,5,1489.25
coif4,,,,8.864189284200151,34398.295008875706,0.6893203883495146,28.14497282027083,206,smoothed,142.97096650787324,,7.1930879709738695,90447.61084362333,1.0,8.345551624054331e-05,0.51496829990343,165.01361306143968,0.04854368932038834,14740.416158362397,15.0,"[0.0, 0.0048543689320388345, 0.009708737864077669, 0.014563106796116504, 0.019417475728155338, 0.02427184466019417, 0.029126213592233007, 0.03398058252427184, 0.038834951456310676, 0.04368932038834951, 0.04854368932038834, 0.05339805825242718, 0.058252427184466014, 0.06310679611650485, 0.06796116504854369, 0.07281553398058252, 0.07766990291262135, 0.08252427184466019, 0.08737864077669902, 0.09223300970873785, 0.09708737864077668, 0.10194174757281553, 0.10679611650485436, 0.1116504854368932, 0.11650485436893203, 0.12135922330097086, 0.1262135922330097, 0.13106796116504854, 0.13592233009708737, 0.1407766990291262, 0.14563106796116504, 0.15048543689320387, 0.1553398058252427, 0.16019417475728154, 0.16504854368932037, 0.1699029126213592, 0.17475728155339804, 0.17961165048543687, 0.1844660194174757, 0.18932038834951453, 0.19417475728155337, 0.19902912621359223, 0.20388349514563106, 0.2087378640776699, 0.21359223300970873, 0.21844660194174756, 0.2233009708737864, 0.22815533980582522, 0.23300970873786406, 0.2378640776699029, 0.24271844660194172, 0.24757281553398056, 0.2524271844660194, 0.25728155339805825, 0.2621359223300971, 0.2669902912621359, 0.27184466019417475, 0.2766990291262136, 0.2815533980582524, 0.28640776699029125, 0.2912621359223301, 0.2961165048543689, 0.30097087378640774, 0.3058252427184466, 0.3106796116504854, 0.31553398058252424, 0.3203883495145631, 0.3252427184466019, 0.33009708737864074, 0.3349514563106796, 0.3398058252427184, 0.34466019417475724, 0.3495145631067961, 0.3543689320388349, 0.35922330097087374, 0.36407766990291257, 0.3689320388349514, 0.37378640776699024, 0.37864077669902907, 0.3834951456310679, 0.38834951456310673, 0.3932038834951456, 0.39805825242718446, 0.4029126213592233, 0.4077669902912621, 0.41262135922330095, 0.4174757281553398, 0.4223300970873786, 0.42718446601941745, 0.4320388349514563, 0.4368932038834951, 0.44174757281553395, 0.4466019417475728, 0.4514563106796116, 0.45631067961165045, 0.4611650485436893, 0.4660194174757281, 0.47087378640776695, 0.4757281553398058, 0.4805825242718446, 0.48543689320388345, 0.4902912621359223, 0.4951456310679611]","[99869.4990330882, 9085.10384207874, 9734.352676320745, 3251.6321051518366, 5707.464755075061, 7682.429432075689, 7833.027415171239, 8959.113641971484, 10604.159933235574, 7744.540957429483, 13536.078276586852, 14740.416158362397, 4812.416313951757, 6400.07401638022, 3889.0474470549375, 2732.455529794381, 2382.519153165336, 8079.0375118846905, 4366.00112754966, 3776.108886101403, 2462.3638194196296, 5091.196245932102, 6344.6653313222405, 2135.442883334286, 2974.5070043261553, 746.3148197705816, 5689.791547224738, 1701.6637898889787, 1445.1361819083947, 1525.122983573348, 960.0698900251798, 941.393015503196, 134.1844542028126, 518.5886828950607, 362.47408625531244, 1109.1899308421148, 171.55471968189445, 646.3157400715685, 329.2294163132663, 801.2600040730931, 183.57354680454836, 292.22825477708557, 378.6734377031296, 435.9275712832466, 499.56717200023456, 867.4090384378025, 962.4762859988875, 509.09869385686625, 459.74912777175814, 1813.5309511085245, 452.15982966847935, 342.65005756687754, 454.7891048804119, 878.962917876889, 682.804297164379, 680.0180595529887, 414.34037308298235, 459.7756744077905, 620.6274459863359, 383.2431899031971, 223.4470997046623, 610.7157663746415, 485.5024391153554, 293.65895444079985, 1213.725539942613, 932.3644929136814, 590.1624918404619, 1301.7899658746376, 274.32423781028837, 415.16879744869766, 853.252437252334, 542.1276817071424, 523.4787991464533, 854.0272303938415, 87.21211794072568, 454.56214617319495, 936.0387901491489, 130.03309273636475, 230.72937742990757, 130.19046462637607, 277.37819408355386, 163.1313054879909, 133.71213694152405, 183.98966454303172, 147.53416182055886, 214.24884963474398, 234.201629155515, 670.6384178214859, 216.90063521002543, 359.785574909382, 495.6756648850644, 579.0838982276523, 521.6617529387917, 201.63582812905867, 335.7935579118237, 262.0852338111252, 642.7081123373625, 301.44792721189816, 229.8017464359365, 1330.4166921639462, 269.859256543472, 1211.5538884397317, 476.8810374283544]",13,528.0552764829882,53.715944519502074,1008.6475450340482,"[12, 31, 56, 67, 83, 93, 104, 114, 132, 149, 161, 179, 203]","[358.26526157752903, 602.7533801721321, 842.3514555256107, 645.297653402723, 1008.6475450340482, 353.1584371070235, 490.30912184985357, 242.35011408729594, 678.4006051460267, 53.715944519502074, 658.4797927509587, 544.1112106187134, 386.8780724874298]","[2, 2, 2, 62, 2, 88, 98, 110, 125, 147, 147, 173, 189]","[23, 41, 76, 76, 125, 98, 125, 125, 147, 150, 189, 189, 205]",61422047.478174604,1001.4173337899055,-1001.4173337899055,303590.1848779193,0.06992126577262296,0.10449319958567183,0.4951456310679611,SWT,mdp.39015067403892,30685571.63817461,,0.0,-15.5,9.0,0.0,-11.0,,273.0173337899055,269.8552764829883,1184.3185942788477,269.8552764829882,,303590.1848779193,269.8552764829883,,,49.515944519502085,0.0,-15.5,280.24754503404824,273.0173337899055,,197.3863869385603,0.29953563320947574,,0.407781375907986,0.16263611672127012,0.028618837356870323,0.6666666666666669,0.35807603739459,,0.07036173372149375,0.28087291326079133,0.28087291326079133,0.2799608435955673,,0.8682055659593046,0.38981343522851947,0.33620695595151784,,,,,,0.4818647325321526,0.030000000000000013,0.020202020202020193,0.2821736849378761,0.2821736849378761,2.1459296546504127,0.6888837136085326,35,1.3453677944016573,0.5128519758785117,59,0,0.3306665780911629,0.5451704923266348,55,0.0,0.4250683476208442,0.562656283485885,51,10.519822558706334,0.9007563909556007,50.0,48.01330404509284,0.7145291388740267,36,coif,1.0,0.7144143715238808,0.08567568854283576,5,28.25,0.03077494599167107,0.9321022577082798,,0.36725851094901124,0.33249638274701354,0.004880536962543841,0.6571428571428573,0.05271135992151044,,0.04423160706928096,0.09401302741185555,0.09401302741185555,0.09362873996098028,,0.5017573064578362,0.28813599874635465,0.08308976124480533,,,,,0.08333333333333331,,0.11450587965495262,0.17796610169491522,0.17796610169491528,0.09205838368564598,0.09205838368564598,0.2542372881355932,1.0974806178883645,0.36015453089187915,137,1.2104247588298442,0.6225725908637529,140,2.1213203435596424,0.9899937719643414,138.5,138.4837545126354,0.6683459425859443,83,1.0,0.7220099692676862,0.08339700921969413,7,64.0,,,0.6214408611748163,0.25,0.12000000000000001,0.8557912525350778,0.6214408611748161,1.0,False,False,0.9872901877795331,0.582288099177508,0.0012129275253697036,0.5570937115965761,,0.1431959683163665,0.3365363193969332,4.2163576739837755e-06,0.751589771343526,0.6214408611748161,0.0050075740433575214,,0.00038791385321486485,0.0009208834990362709,0.0009208834990362709,0.0009208834990299319,,0.582288099177508,0.0016620505143510214,0.005476234221146929,0.001738901632433626,,,,,0.04347826086956519,,9.609759387001114e-06,0.24806201550387597,0.24806201550387585,0.001145741904466897,0.001145741904466897,0.317829457364341,0.4857893225585156,0.1513107362753968,1007,0.9728951232283871,0.4722523452140992,1992,696.5001794687494,0.6745326264164723,1499.5,1337.7419139713238,0.4869158459185165,1985,986.6382352941176,846.0,585.0035688138154,340,0.4652856568234462,0.8173890317607586,0.42908333069536003,4,1489.75
rbio5.5,1.0,antisymmetric,6.831256019819499e-20,251.12678684852852,6476321.091237411,0.6018518518518519,240.05099914014082,206,raw,2.0378993422657478e-10,,6.174826168401109,81449.83118642571,0.8681370799231157,5.618943883679239e-06,1.0,327.00000000002444,,,,[],[],13,661.1538461544891,87.00000000003125,940.0000000010601,"[8, 32, 51, 63, 81, 100, 111, 133, 152, 162, 175, 192, 204]","[878.0000000005517, 638.0000000005967, 787.0000000006743, 792.0000000010036, 940.0000000010601, 788.0000000008608, 637.000000000589, 675.0000000002702, 771.0000000008935, 196.00000000019367, 834.0000000009229, 572.0000000007105, 87.00000000003125]","[0, 13, 39, 39, 76, 99, 107, 107, 107, 161, 164, 187, 203]","[76, 39, 61, 76, 205, 164, 119, 142, 164, 164, 205, 205, 205]",37754613.00002351,941.0000000007682,-941.0000000007682,0.0,,,,DWT,mdp.39015067403892,2.3506581783294678e-05,,0.0,33.0,19.0,0.0,28.5,,7.681819624849595e-10,256.3413461544891,4358.999999991642,256.34134615448914,,0.0,256.3413461544891,,,84.00000000003125,0.0,24.0,1.0601297617540695e-09,7.681819624849595e-10,,2.4442670110147446e-11,2.574737695741925e-10,4.83424901889907e-20,0.712791987518355,0.7368774322533326,0.000833188642792014,0.33531746031746035,0.0019196509710658555,,0.47422802464790215,7.193813066681972e-09,7.193813066681972e-09,6.579890665497982e-09,,1.2294884384132148e-09,0.9999999928061463,1.269408867967787e-09,,,,,,2.32666803694743e-10,1.0,0.5,9.620904609060423e-10,9.620904609060423e-10,0.792268411838317,0.25901821439024114,250,0.9314253475517279,0.4473667487053389,947,0,0.24785233692310915,0.2961384277660525,250,0.125,0.24914138856578275,0.45252713789099336,950,403.28102277857477,0.5772735610287476,599.25,395.70275560247194,0.47456445347034865,933,rbio,0.5136782423812899,1.0,0.3404252303330971,4,700.75,2.574737695741924e-10,0.00015478832988957691,4.83424901889907e-20,0.712791987518355,0.7368774322533326,0.0018658070110253201,0.5004385964912282,0.0042808102187333694,,0.9919828214567552,0.9855281704524514,0.9855281704524514,0.9855281704523402,,2.63409635029389e-10,0.9999999999642887,7.073920082633428e-10,,,,,1.0,,2.32666803694743e-10,1.0,0.5,9.620904609060423e-10,9.620904609060423e-10,0.0,2.2345702008129145,0.6375734630577208,240,0.9989810114033857,0.46181409009919766,1899,1173.0901499884824,0.3851728773645271,1069.5,426.1430575035063,0.4123191430847793,1893,0.3888041033402703,1.0,0.4278371276618108,3,1420.5,,,,,,,,,,,,,1.7287762224493683e-15,0.03641360043834401,4.83424901889907e-20,0.7916707451996864,0.22779520746924659,0.0016977322754387068,0.3785910792405179,1.0,0.0042808102187333694,,0.0008499884728395408,0.0007982210227459616,0.0007982210227459616,0.0007982210227396233,,0.0,2.0581435760981875e-16,0.020163910573011153,6.577975100840415e-15,,,,,0.4782608695652174,,7.36152474563329e-18,1.0,0.8604651162790697,3.2237449998391947e-15,3.2237449998391947e-15,0.9302325581395349,0.5744527218307326,0.17892707859000717,579,1.1538217529073587,0.5600758147100188,1919,947.5230867899737,0.5572322024345917,1249.0,889.5924739791834,0.4867936713107538,1986,818.67,599.5,715.6978453131971,300,0.38607403914171184,1.0,0.42974817260080167,3,1490.25
coif12,1.0,reflect,1.5682202488981673e-26,315.2933281706838,6258518.047955254,0.5144927536231884,93.7209607168645,206,smoothed,9.456944396942982e-14,-2.0285213508941564e-10,6.662928598723636,29722.273628794046,0.9802451234705551,0.00014966566451320282,0.9999999999999999,362.40000000000003,,,,[],[],11,426.60000000000014,32.200000000000074,728.3999999999997,"[9, 31, 53, 64, 80, 102, 131, 148, 158, 175, 192]","[311.0000000000001, 417.80000000000007, 589.6000000000001, 432.20000000000016, 728.3999999999997, 371.0000000000001, 587.0000000000003, 32.200000000000074, 448.2000000000001, 368.0, 407.19999999999993]","[0, 0, 0, 60, 0, 94, 120, 144, 144, 165, 186]","[20, 40, 75, 75, 204, 120, 204, 149, 204, 186, 204]",30736475.839999996,728.3999999999997,-728.3999999999997,0.0,,,,DWT,mdp.39015067403892,0.0,,0.0,15.0,11.0,0.0,33.0,,2.2737367544323206e-13,168.4000000000002,987.7999999999975,168.4000000000001,,0.0,168.4000000000002,,,28.000000000000085,0.0,15.0,2.2737367544323206e-13,2.2737367544323206e-13,,5.684341886080802e-14,1.5891890119174922e-13,4.110763973668843e-26,0.9627039625145286,0.762445289092193,0.6187741739468116,0.009759851349956356,0.010544216011333908,,0.9999996647841187,4.406097391567225e-09,4.406097391567225e-09,3.6787861342541454e-09,,6.125805465799743e-13,0.9999999955939026,1.5171946557926922e-13,,,,,,0.0,0.0,0.0,3.4954031196328703e-13,3.4954031196328703e-13,0.7999999009800032,0.3007374869251313,703,1.2763537359727832,0.6479637744249791,106,0,0.1666666394058721,0.23713383959863663,704,0.0,0.33774678470214037,0.5958767384825647,112,343.2437180779861,0.6402057462494904,406.25,188.63063423554385,0.6071835859130053,555,coif,0.5556920286951962,0.9053407607371553,0.33941335169221604,4,417.25,1.0114228864864996e-13,0.9999999999705143,1.0300887419384302e-26,0.9495810515907669,0.9054923364407209,0.001620948585429338,0.008009153318077777,0.00010269972911075911,0.9999999997235718,2.0315811924853655e-05,4.745570603148508e-11,4.745570603148508e-11,3.962224992548613e-11,,6.125805465799743e-13,0.003126132840347795,1.5171946557926922e-13,,,,,0.0,,0.0,0.0,0.0,2.847685247612971e-13,2.847685247612971e-13,1.0,0.20156916120460752,0.057512244684955104,1802,1.726550014567024,0.7981584383349816,485,931.2596308226831,0.5119184324828705,1143.5,764.2938347179712,0.456299887100974,1726,0.4784248188775415,0.776734912893196,0.43208215291776214,2,1295.0,,,,,,,,,,,,,6.791075610889058e-19,0.9999999999715837,1.0300887419384302e-26,0.9634281026523163,0.2799201137298692,0.0016404740728176077,0.006059073020653782,0.9999999999999999,0.00010269972911075998,0.9999999999999541,9.960751159770543e-05,3.843648489765261e-14,3.843648489765261e-14,3.209173378426744e-14,,0.0,4.786380409530668e-19,0.004567040150618456,1.4108257588933865e-18,,,,,0.13043478260869565,,0.0,0.7209302325581395,0.7209302325581395,9.54194168962319e-19,9.54194168962319e-19,1.0,0.3986733618839274,0.12417638082767558,1939,1.8213018645840957,0.8840768715527204,695,879.6408357960652,0.5889528804691284,1317.0,1023.2384206529991,0.4867661598607324,1987,986.6382352941176,846.0,585.0035688138154,340,0.4652856568234462,0.8173890317607586,0.42908333069536003,4,1491.25
rbio5.5,1.0,symmetric,7.008762652854001e-20,251.01537893719467,6475311.846108391,0.6018518518518519,237.90572383328896,206,raw,2.087198763337635e-10,,6.168908940451413,69897.18811699515,0.8467309502088233,5.618943883679065e-06,1.0,327.00000000002444,,,,[],[],13,661.1538461545146,87.000000000097,940.0000000010601,"[8, 32, 51, 63, 81, 100, 111, 133, 152, 162, 175, 192, 204]","[878.0000000008167, 638.0000000005967, 787.0000000006743, 792.0000000010036, 940.0000000010601, 788.0000000008608, 637.000000000589, 675.0000000002702, 771.0000000008935, 196.00000000019367, 834.0000000009229, 572.0000000007105, 87.000000000097]","[0, 13, 39, 39, 76, 99, 107, 107, 107, 161, 164, 187, 203]","[76, 39, 61, 76, 205, 164, 119, 142, 164, 164, 205, 205, 205]",37754613.000023276,941.0000000007682,-941.0000000007682,0.0,,,,DWT,mdp.39015067403892,2.327561378479004e-05,,0.0,33.0,19.0,0.0,28.5,,7.681819624849595e-10,256.34134615451455,4358.999999991311,256.34134615451455,,0.0,256.34134615451455,,,84.000000000097,0.0,24.0,1.0601297617540695e-09,7.681819624849595e-10,,2.4442670110147446e-11,2.6370283695550945e-10,4.959864466226851e-20,0.712380867104017,0.7348333268323992,0.0008320528559383877,0.33531746031746035,0.0009843143651104358,,0.4742280247242862,7.213533238585646e-09,7.213533238585646e-09,6.5995668191728815e-09,,1.2294884384132148e-09,0.9999999927864262,1.269408867967787e-09,,,,,,2.3038069563942225e-10,1.0,0.5,9.620904609060423e-10,9.620904609060423e-10,0.792268411867964,0.2590182143999337,244,0.9297819200587182,0.4465774049149715,948,0,0.24785233693256703,0.29613842777735294,244,0.125,0.2486568602483755,0.45164706648268316,951,407.3224562104738,0.5730372576410128,596.75,388.23273027622025,0.47375657431316887,934,rbio,0.5136782423812899,1.0,0.3404252303330971,4,701.5,2.637028369555094e-10,0.00015478832988835567,4.959864466226851e-20,0.7123808671040169,0.7348333268323992,0.0018646723979840684,0.5004385964912282,0.0033476863391170494,,0.9919828214579198,0.9855281704527369,0.9855281704527369,0.9855281704526249,,2.63409635029389e-10,0.9999999999641906,7.073920082633428e-10,,,,,1.0,,2.3038069563942225e-10,1.0,0.5,9.620904609060423e-10,9.620904609060423e-10,0.0,2.2345702008123283,0.6375734630575535,247,0.9973384695878174,0.46105476740402357,1900,1168.847509301363,0.3873964835946735,1073.5,437.1681415929204,0.41238272817050237,1892,0.3888041033402703,1.0,0.4278371276618108,3,1419.75,,,,,,,,,,,,,1.770600535639271e-15,0.03641360043834285,4.959864466226851e-20,0.7913725348231296,0.22716330126874504,0.0016974669551694352,0.3785910792405179,1.0,0.0033476863391170494,,0.000849988472840422,0.0007982210227461927,0.0007982210227461927,0.0007982210227398539,,0.0,2.0581435760981875e-16,0.02016391057300962,6.577975100840415e-15,,,,,0.4782608695652174,,7.289192806769698e-18,1.0,0.8604651162790697,3.2237449998391947e-15,3.2237449998391947e-15,0.9302325581395349,0.5744527218307323,0.17892707859000706,584,1.1529534913691921,0.5596543524805673,1920,944.6946596652275,0.5585538973526974,1252.0,895.5910543130991,0.4867535841903674,1988,818.67,599.5,715.6978453131971,300,0.38607403914171184,1.0,0.42974817260080167,3,1491.75
sym13,,,,13.674659360280923,980246.931792819,0.6844660194174758,140.03547353710985,206,raw,148.06180093761483,,7.308014770785414,123196.58906352645,1.0,2.7897587873640264e-06,0.9631827866927244,446.8499147341476,,,,[],[],14,1006.7320085338134,131.09035187869574,1578.4129542693163,"[8, 21, 32, 51, 63, 79, 90, 100, 111, 127, 137, 157, 175, 198]","[1234.22315422743, 131.09035187869574, 997.0570082124535, 1124.4775058811122, 1292.588695421783, 1578.4129542693163, 871.8913528369377, 1293.7183886955486, 879.6842118442829, 1053.5018708302825, 480.23871440953246, 1214.9639303700187, 1095.4755694032378, 846.9244111927574]","[0, 19, 13, 42, 42, 76, 83, 92, 107, 113, 134, 113, 164, 187]","[76, 22, 42, 59, 76, 113, 92, 113, 113, 142, 142, 164, 187, 205]",75493748.07113408,1535.1022913856625,-1535.1022913856625,0.0,,,,SWT,mdp.39015067403892,37739135.071134076,,0.0,11.0,18.0,0.0,20.0,,594.1022913856625,601.9195085338134,1140.2481194733882,601.9195085338134,,0.0,601.9195085338134,,,128.09035187869574,0.0,15.5,638.4129542693163,594.1022913856625,,119.8499147341476,0.14881926577833426,,0.9076945856780956,0.4923628023426088,0.14467103443082563,0.6285714285714288,0.1037146308621277,,0.14634315426269282,0.3838560656437412,0.3838560656437412,0.3838560656437412,,0.20370234258169415,0.2774080625609149,0.34883273208027576,,,,,,0.2061763249149418,0.6271186440677966,0.8299999999999998,0.46634726563131657,0.46634726563131657,1.6439696213721087,0.552689000553171,29,1.5883955775450147,0.9026407648326555,11,0,0.40968483733938305,0.6816008036915325,14,0.0,0.4850125726106735,0.8403370293537674,11,8.616843969807043,0.9187090191527637,16.25,13.90194552529183,0.8827035661801554,6,sym,0.5948329919317754,0.9644551827563462,0.29428035082085335,3,5.25,0.19140624703342152,0.011313490013502625,,0.9076945856780957,0.4923628023426089,0.292703586854801,0.6285714285714288,0.5846738746365009,,0.16428441521595002,0.565673016608383,0.565673016608383,0.5654887905495722,,0.20370234258169412,0.2774080625609148,0.48208951051933935,,,,,0.8333333333333333,,0.46931979043765504,0.6271186440677964,0.7033898305084746,0.538434579417229,0.538434579417229,0.7796610169491525,2.11228584069217,0.6931779055267383,29,1.8717699004405028,0.9627303373607271,15,9.899494936611665,0.9533042691669261,22.0,19.772727272727273,0.9247653421306329,4,0.7190889370932755,0.9859759878661594,0.20084494767485936,5,4.25,,,0.969254260611293,0.6000000000000001,0.8214285714285715,,0.971264780094228,1.0,False,False,0.0,0.0,0.0012561168060870116,0.017488044419731483,,0.15607236170376126,0.3488094577688354,0.00025287033457781476,0.7308889189554866,0.971264780094228,0.007652756918511704,,0.001440784198271409,0.003934945285702119,0.003934945285702119,0.0039349452856958,,0.0,0.001009170974342923,0.0052723419913783655,0.003961274052234119,,,,,0.43478260869565216,,1.1818714403741425e-05,0.6589147286821706,0.7286821705426356,0.00249320393445848,0.00249320393445848,0.7984496124031008,0.48246092633793614,0.15027402744017643,1009,0.9577204118289995,0.46488639910623114,1994,696.5001794687494,0.6745326264164723,1501.5,1339.9573759573761,0.4864485561988903,1989,1409.1368421052632,1454.5,398.32527672708756,380,0.6645304607900322,0.5565550872278735,0.3678621512786154,7,1493.5
db5,1.0,symmetric,2.7635290984421346e-27,322.8327583242176,5013230.28524039,0.5280373831775701,87.15944121510366,206,smoothed,3.079737112581552e-14,-2.0714236992347481e-10,6.229910239561974,32250.907727327773,0.9839920608321645,0.00014966566451320268,1.0,362.4,,,,[],[],11,426.60000000000014,32.20000000000002,728.4000000000001,"[9, 31, 53, 64, 80, 102, 131, 148, 158, 175, 192]","[311.0000000000001, 417.8, 589.6000000000001, 432.20000000000005, 728.4000000000001, 371.00000000000017, 587.0, 32.20000000000002, 448.2000000000001, 368.0, 407.19999999999993]","[0, 0, 0, 60, 0, 94, 120, 144, 144, 165, 186]","[20, 40, 75, 75, 205, 120, 205, 149, 205, 186, 205]",30736475.839999996,728.4000000000001,-728.4000000000001,0.0,,,,DWT,mdp.39015067403892,0.0,,0.0,15.0,11.0,0.0,33.0,,1.1368683772161603e-13,168.4000000000002,987.7999999999975,168.40000000000006,,0.0,168.4000000000002,,,28.00000000000003,0.0,15.0,1.1368683772161603e-13,1.1368683772161603e-13,,0.0,1.8820589859816827e-14,3.2998546749294384e-27,0.9913493706232476,0.1378578490228913,0.08435286220359182,0.10279768664860611,0.03151375749959808,,0.9999996647345563,4.406097391567225e-09,4.406097391567225e-09,3.6787565615428943e-09,,0.0,0.9999999955939026,7.585973278963461e-14,,,,,,0.0,0.0,0.0,1.7477015598164352e-13,1.7477015598164352e-13,0.7999999009647114,0.3007374869193828,802,0.7596395556464773,0.3856445903721642,646,0,0.16666663940165297,0.23713383959263362,786,0.0,0.19255307514256487,0.33971573852857656,666,80.35753439058054,0.9157677836576724,725.0,718.3086865293392,0.5779048561894232,658,db,0.573477938514061,0.8443824841957417,0.34525069778143475,3,494.25,2.0565168237868277e-14,0.9999999999705134,1.1587787043893932e-27,0.9774032557007175,0.7559062155660958,0.0002209718156038962,0.08435809149040846,0.0003069412040679017,0.9999999997235071,2.0315811923854454e-05,4.745570603148508e-11,4.745570603148508e-11,3.9622027880881205e-11,,0.0,0.003126132840347795,7.585973278963461e-14,,,,,0.0,,0.0,0.0,0.0,1.4238426238064856e-13,1.4238426238064856e-13,1.0,0.20156916120420598,0.057512244684840536,1886,1.698371560069634,0.7851319571751119,753,801.1519830843583,0.5801090235406927,1319.5,1076.2849564228875,0.44427358933848055,1772,0.49117026184683504,0.8233619396015222,0.4091722348267588,4,1330.0,,,,,,,,,,,,,1.380823138570354e-19,0.9999999999715827,1.1587787043893932e-27,0.9836092215530247,0.23367768595601887,0.0013131005983031477,0.06381846069417613,1.0,0.0003069412040679017,0.9999999999999541,9.960751159770467e-05,3.843648489765261e-14,3.843648489765261e-14,3.2091408523615694e-14,,0.0,0.0,0.004567040150618456,7.054128794466933e-19,,,,,0.13043478260869565,,0.0,0.7209302325581395,0.7209302325581395,4.770970844811595e-19,4.770970844811595e-19,1.0,0.3986733618839274,0.12417638082767558,1908,1.8333110869597298,0.8899062598348523,506,991.3637072235397,0.5367459312039534,1207.0,799.874067937034,0.4863636198075842,1990,1009.0473684210526,935.5,610.6543869996938,760,0.4758535102197843,0.8532293215616218,0.41093374637766444,5,1493.75
sym12,1.0,periodization,1.086783237893912e-22,279.1103631543983,5977798.645276,0.616504854368932,292.43563902316487,206,raw,8.18060362282135e-12,,6.3158054060312505,63117.30860590284,0.7603226676283394,5.618943883689594e-06,0.9999999999999997,326.9999999999974,,,,[],[],13,661.1538461538737,87.00000000000509,940.0000000000388,"[8, 32, 51, 63, 81, 100, 111, 133, 152, 162, 175, 192, 204]","[878.0000000000302, 638.0000000000321, 787.0000000000323, 792.0000000000372, 940.0000000000388, 788.0000000000318, 637.0000000000281, 675.0000000000134, 771.0000000000339, 196.00000000001387, 834.0000000000379, 572.0000000000239, 87.00000000000509]","[0, 13, 42, 42, 76, 99, 107, 107, 107, 161, 164, 187, 203]","[76, 42, 61, 76, 205, 164, 119, 142, 164, 164, 205, 205, 205]",37754613.000000894,941.0000000000259,-941.0000000000259,0.0,,,,DWT,mdp.39015067403892,8.940696716308594e-07,,0.0,33.0,19.0,0.0,28.5,,2.5920599000528455e-11,256.3413461538737,4358.999999999642,256.34134615387364,,0.0,256.3413461538737,,,84.00000000000509,0.0,28.5,3.8767211663071066e-11,2.5920599000528455e-11,,2.6147972675971687e-12,1.0317986757117093e-11,7.690718128796165e-23,0.8160577192584878,0.7855786866800106,0.00027216018292674853,0.4452149791955613,0.0004353950007208334,,0.4742280246175103,6.717271591170438e-09,6.717271591170438e-09,6.103261153212059e-09,,1.3152667015583228e-10,0.999999993282681,4.642020632461291e-11,,,,,,8.849450536725565e-12,1.0,1.0,3.246361182278788e-11,3.246361182278788e-11,0.8422684099943183,0.2753648338545115,63,1.0608202046681696,0.5095155367746474,899,0,0.28951900314080986,0.3459225095993851,62,0.125,0.28625842004686075,0.5199445353769483,906,484.9828175650487,0.4916322667033032,482.5,116.8970338983051,0.4929335337709388,894,sym,0.8243425715244881,0.7368036147090654,0.2019191155201387,6,672.0,1.0317986757117093e-11,0.00015478832996140834,7.690718128796165e-23,0.8160577192584878,0.7855786866800107,0.0013053583625450742,0.5830352580480325,0.0028000655535790524,,0.9919828214562918,0.9855281704455551,0.9855281704455551,0.9855281704454424,,2.817870514267882e-11,0.9999999999666542,2.5868168881265403e-11,,,,,1.0,,8.849450536725565e-12,1.0,0.75,3.246361182278788e-11,3.246361182278788e-11,0.0,2.2595701998656144,0.6447065287213867,63,1.117457220019099,0.5165838823732323,1835,1252.993216262562,0.34329496003010374,949.0,121.8177028451001,0.4229577525517395,1853,0.7763846615972358,0.5622554397616224,0.28785410495344815,6,1391.25,,,,,,,,,,,,,6.927886362463625e-17,0.03641360043841328,7.690718128796165e-23,0.8665755946638211,0.24285050957317056,0.0015666757998639097,0.4410769855229332,0.9999999999999997,0.0028000655535790524,,0.0008499884728391903,0.0007982210227403759,0.0007982210227403759,0.0007982210227340365,,0.0,2.2017349883841074e-17,0.02016391057304816,2.4054579189132237e-16,,,,,0.4782608695652174,,2.799946020526132e-19,1.0,0.9302325581395349,1.0877813526170435e-16,1.0877813526170435e-16,0.9302325581395349,0.5814294660167878,0.18110015290550932,200,1.2306288500469387,0.597358694320814,1856,1170.9688296449226,0.4528183039042418,1028.0,361.0894941634241,0.48622223606427045,1991,1409.1368421052632,1454.5,398.32527672708756,380,0.6645304607900322,0.5565550872278735,0.3678621512786154,7,1495.0
sym6,1.0,periodization,4.293056325977467e-20,253.1441266028499,6003201.867184616,0.6359223300970874,296.5189892727633,206,raw,1.6624715212741635e-10,,6.28907936719312,63117.308605929706,0.773592674665355,5.6189438836826295e-06,0.9999999999999999,326.99999999991826,,,,[],[],13,661.1538461542252,87.00000000002252,940.0000000004975,"[8, 32, 51, 63, 81, 100, 111, 133, 152, 162, 175, 192, 204]","[878.0000000001588, 638.0000000007011, 787.0000000007395, 792.000000000461, 940.0000000004975, 788.0000000002925, 637.0000000004587, 675.000000000291, 771.0000000002308, 196.00000000041103, 834.0000000006193, 572.0000000000441, 87.00000000002252]","[0, 13, 42, 42, 76, 99, 107, 107, 107, 161, 164, 187, 203]","[76, 42, 61, 76, 205, 164, 119, 142, 164, 164, 205, 205, 205]",37754613.00001198,941.0000000001756,-941.0000000001756,0.0,,,,DWT,mdp.39015067403892,1.1980533599853516e-05,,0.0,33.0,19.0,0.0,28.5,,1.7564616427989677e-10,256.3413461542252,4358.999999995072,256.3413461542252,,0.0,256.3413461542252,,,84.00000000002252,0.0,28.5,4.974936018697917e-10,1.7564616427989677e-10,,8.174083632184193e-11,2.1003781306736955e-10,3.0380508459145657e-20,0.7202364279151587,0.7763461809639011,0.0003007485254947972,0.5908460471567272,0.00043539500072300823,,0.47422802463776603,6.9894803926264995e-09,6.9894803926264995e-09,6.375513973076155e-09,,4.111638080088844e-09,0.9999999930104992,5.957032928929796e-10,,,,,,1.1858263719212258e-10,1.0,1.0,2.19983685378102e-10,2.19983685378102e-10,0.8422684125038773,0.27536483467496764,35,1.0569778984197846,0.5076700640715602,902,0,0.2895190036057192,0.3459225101548671,35,0.125,0.29205925711029185,0.5304808666095784,900,499.9859998039945,0.475905660582815,468.0,67.38247552870449,0.492669811423483,897,sym,0.8243425715244881,0.7368036147090654,0.2019191155201387,6,674.25,2.1003781306736952e-10,0.00015478832991300262,3.0380508459145657e-20,0.7202364279151587,0.7763461809639011,0.0013339171596485242,0.6924885028104244,0.0028000655535812225,,0.9919828214566007,0.9855281704494945,0.9855281704494945,0.9855281704493823,,8.808908259820031e-10,0.9999999999653031,3.3196219068744106e-10,,,,,1.0,,1.1858263719212258e-10,1.0,0.75,2.19983685378102e-10,2.19983685378102e-10,0.0,2.259570200577855,0.644706528924605,36,1.0991437697184576,0.5081178461917372,1854,1285.5201281971433,0.3262473122656482,945.0,70.62857142857143,0.41548214669886185,1880,0.7763846615972358,0.5622554397616224,0.28785410495344815,6,1411.5,,,,,,,,,,,,,1.410273278115432e-15,0.036413600438366694,3.0380508459145657e-20,0.7970706458043764,0.23999641137039215,0.0015733540482729,0.5238803950750917,0.9999999999999999,0.002800065553581222,,0.000849988472839424,0.0007982210227435665,0.0007982210227435665,0.0007982210227372278,,0.0,6.882815028905101e-16,0.020163910573027022,3.08688676045873e-15,,,,,0.4782608695652174,,3.751927667505017e-18,1.0,0.9302325581395349,7.371149955233914e-16,7.371149955233914e-16,0.9302325581395349,0.5814294660167822,0.1811001529055076,223,1.220623534574938,0.5925020210952561,1862,1158.9480143647513,0.458435507306191,1042.5,398.29832134292565,0.4856429872979553,1992,1409.1368421052632,1454.5,398.32527672708756,380,0.6645304607900322,0.5565550872278735,0.3678621512786154,7,1495.75
db34,1.0,zero,1.5143203701934742e-26,315.4452210985554,4964610.221518962,0.5625,38.572890598914164,206,smoothed,8.770546317252401e-14,-2.0612853646184763e-10,6.191115609997664,45595.39153979239,0.9914634159091719,0.00014966566451320274,0.9999999999999999,362.40000000000015,,,,[],[],11,426.60000000000014,32.19999999999999,728.4000000000001,"[9, 31, 53, 64, 80, 102, 131, 148, 158, 175, 192]","[311.0000000000004, 417.79999999999995, 589.6000000000004, 432.1999999999999, 728.4000000000001, 370.99999999999994, 586.9999999999998, 32.19999999999999, 448.2000000000002, 368.0, 407.1999999999999]","[0, 0, 0, 60, 0, 94, 120, 144, 144, 165, 186]","[20, 40, 75, 75, 204, 120, 204, 149, 204, 186, 204]",30736475.84,728.4000000000001,-728.4000000000001,0.0,,,,DWT,mdp.39015067403892,3.725290298461914e-09,,0.0,15.0,11.0,0.0,33.0,,1.1368683772161603e-13,168.4000000000002,987.7999999999975,168.4000000000001,,0.0,168.4000000000002,,,28.0,0.0,15.0,1.1368683772161603e-13,1.1368683772161603e-13,,1.7053025658242404e-13,1.4383969683501634e-13,3.95302060735584e-26,0.9632810664625864,0.08190031776504647,0.06348732492857859,0.33952082883660717,0.14217733951299003,,0.999999664709775,4.406097391567225e-09,4.406097391567225e-09,3.6787861342541454e-09,,1.837741639739923e-12,0.9999999955939026,7.585973278963461e-14,,,,,,7.946695712486874e-14,0.0,0.0,1.7477015598164352e-13,1.7477015598164352e-13,0.7999999009582446,0.3007374869169518,809,0.8433417285642463,0.4281374936816323,358,0,0.1666666393997501,0.23713383958992623,810,0.0,0.22719526821513608,0.4008339429259084,333,268.08518546660997,0.7189882751922327,577.5,483.8537439087462,0.5568211816212736,722,db,0.573477938514061,0.8443824841957417,0.34525069778143475,3,542.25,9.246952982950559e-14,0.9999999999705138,9.919456187285659e-27,0.9501415708814882,0.742504617170757,0.0001663121925067903,0.27861842105263174,0.001384794681555971,0.9999999997235224,2.0315811923354854e-05,4.745570603148508e-11,4.745570603148508e-11,3.962224992548613e-11,,1.837741639739923e-12,0.003126132840347795,7.585973278963461e-14,,,,,0.0,,3.687271056968986e-14,0.0,0.0,1.4238426238064856e-13,1.4238426238064856e-13,1.0,0.2015691612051432,0.05751224468510795,1732,1.7534216933847906,0.8105808164993386,221,1068.4383463728734,0.44002183104147097,976.5,391.98361495135686,0.46411468910564113,1689,0.49117026184683504,0.8233619396015222,0.4091722348267588,4,1267.75,,,,,,,,,,,,,6.20875379789931e-19,0.9999999999715831,9.919456187285659e-27,0.9638346810243059,0.2295347718793177,0.001300318878552768,0.2107800027059939,0.9999999999999999,0.0013847946815559711,0.9999999999999541,9.960751159770423e-05,3.843648489765261e-14,3.843648489765261e-14,3.209173378426744e-14,,0.0,1.4359141228592004e-18,0.004567040150618456,7.054128794466933e-19,,,,,0.13043478260869565,,1.1666441752192217e-21,0.7209302325581395,0.7209302325581395,4.770970844811595e-19,4.770970844811595e-19,1.0,0.3986733618839274,0.12417638082767558,1841,1.878584272939995,0.9118822855585164,90,1238.1439738576448,0.4214280495992314,965.5,171.61056447436562,0.485129912650083,1993,1009.0473684210526,935.5,610.6543869996938,760,0.4758535102197843,0.8532293215616218,0.41093374637766444,5,1496.0
sym12,1.0,constant,1.0744050029238731e-22,279.1601122491428,6016461.261463113,0.6140350877192983,244.501904642937,206,raw,8.089783427826615e-12,,6.276389849675395,66757.71159320282,0.8031002623411384,5.618943883689596e-06,0.9999999999999997,326.99999999999727,,,,[],[],13,661.1538461538731,87.00000000000432,940.000000000039,"[8, 32, 51, 63, 81, 100, 111, 133, 152, 162, 175, 192, 204]","[878.0000000000233, 638.0000000000323, 787.0000000000321, 792.0000000000368, 940.000000000039, 788.0000000000314, 637.0000000000279, 675.0000000000133, 771.0000000000341, 196.00000000001393, 834.0000000000379, 572.0000000000239, 87.00000000000432]","[0, 13, 42, 42, 76, 99, 107, 107, 107, 161, 164, 187, 203]","[76, 42, 61, 76, 205, 164, 119, 142, 164, 164, 205, 205, 205]",37754613.000000894,941.0000000000261,-941.0000000000261,0.0,,,,DWT,mdp.39015067403892,8.940696716308594e-07,,0.0,33.0,19.0,0.0,28.5,,2.6147972675971687e-11,256.34134615387313,4358.999999999649,256.3413461538731,,0.0,256.34134615387313,,,84.00000000000432,0.0,28.5,3.89945853385143e-11,2.6147972675971687e-11,,2.7284841053187847e-12,1.020323386511424e-11,7.603121541766792e-23,0.8162413046807384,0.7719625892267699,0.0003156704163967518,0.4266917293233084,0.0007301329367920263,,0.47422802461661884,6.716831408761873e-09,6.716831408761873e-09,6.1028209708032244e-09,,1.3724522103217282e-10,0.9999999932831144,4.669246559924407e-11,,,,,,8.849450536725565e-12,1.0,1.0,3.274838034754917e-11,3.274838034754917e-11,0.8422684099969807,0.2753648338553819,59,1.0468526575371275,0.502806876586445,908,0,0.28951900314120843,0.3459225095998613,59,0.125,0.28174163237060124,0.5117404830058613,916,492.49060904752287,0.48376246431077263,485.5,110.82994254327322,0.48742630553064836,914,sym,0.8243425715244881,0.7368036147090654,0.2019191155201387,6,687.0,1.020323386511424e-11,0.00015478832996140834,7.603121541766791e-23,0.8162413046807384,0.77196258922677,0.001348823629082853,0.5691135734072024,0.0030941062279477485,,0.9919828214562783,0.9855281704455487,0.9855281704455487,0.9855281704454361,,2.940386623583877e-11,0.9999999999666563,2.601988834684467e-11,,,,,1.0,,8.849450536725565e-12,1.0,0.75,3.274838034754917e-11,3.274838034754917e-11,0.0,2.259570199866409,0.6447065287216134,60,1.1053299975924789,0.5109776474934397,1849,1265.0140315427336,0.3369947423780222,954.5,116.2283918281823,0.41836634393534233,1869,0.7763846615972358,0.5622554397616224,0.28785410495344815,6,1403.25,,,,,,,,,,,,,6.850836932737282e-17,0.036413600438413296,7.603121541766791e-23,0.8667087602182192,0.23864128615483668,0.0015768398080345195,0.43054497290445726,0.9999999999999997,0.0030941062279477485,,0.00084998847283918,0.0007982210227403707,0.0007982210227403707,0.0007982210227340315,,0.0,2.297462596574721e-17,0.020163910573048196,2.419566176502158e-16,,,,,0.4782608695652174,,2.799946020526132e-19,1.0,0.9302325581395349,1.0973232943066667e-16,1.0973232943066667e-16,0.9302325581395349,0.5814294660167878,0.18110015290550932,199,1.224514030896853,0.594390504209422,1860,1174.5043635508555,0.45116618525660956,1029.5,359.5337542496357,0.48504570945073466,1994,1409.1368421052632,1454.5,398.32527672708756,380,0.6645304607900322,0.5565550872278735,0.3678621512786154,7,1497.25
sym12,1.0,zero,1.074183506712082e-22,279.16100767032236,6017273.207677565,0.6140350877192983,244.501904642937,206,raw,8.090542259874515e-12,,6.274372410384916,67502.45448599767,0.8053075947922208,5.618943883689596e-06,0.9999999999999998,326.99999999999727,,,,[],[],13,661.153846153873,87.00000000000432,940.000000000039,"[8, 32, 51, 63, 81, 100, 111, 133, 152, 162, 175, 192, 204]","[878.0000000000226, 638.0000000000323, 787.0000000000321, 792.0000000000368, 940.000000000039, 788.0000000000314, 637.0000000000279, 675.0000000000133, 771.0000000000341, 196.00000000001393, 834.0000000000379, 572.0000000000239, 87.00000000000432]","[0, 13, 42, 42, 76, 99, 107, 107, 107, 161, 164, 187, 203]","[76, 42, 61, 76, 205, 164, 119, 142, 164, 164, 205, 205, 205]",37754613.000000894,941.0000000000261,-941.0000000000261,0.0,,,,DWT,mdp.39015067403892,8.940696716308594e-07,,0.0,33.0,19.0,0.0,28.5,,2.6147972675971687e-11,256.341346153873,4358.999999999651,256.341346153873,,0.0,256.341346153873,,,84.00000000000432,0.0,28.5,3.89945853385143e-11,2.6147972675971687e-11,,2.7284841053187847e-12,1.0204192662571633e-11,7.601554087906059e-23,0.8162446089876045,0.7712656651560513,0.00031658416649542315,0.4266917293233084,0.0007904295533731608,,0.47422802461661884,6.716743372280161e-09,6.716743372280161e-09,6.102776952562341e-09,,1.3724522103217282e-10,0.9999999932832228,4.669246559924407e-11,,,,,,8.849450536725565e-12,1.0,1.0,3.274838034754917e-11,3.274838034754917e-11,0.8422684099969688,0.275364833855378,60,1.04653075360757,0.5026522650389494,909,0,0.2895190031411991,0.34592250959985016,60,0.125,0.2816512881710053,0.5115763866174469,917,492.49060904752287,0.48376246431077263,486.5,112.60007227019598,0.48690219651597333,915,sym,0.8243425715244881,0.7368036147090654,0.2019191155201387,6,687.75,1.0204192662571633e-11,0.00015478832996140834,7.601554087906058e-23,0.8162446089876044,0.7712656651560513,0.0013497364348395735,0.5691135734072024,0.003154260200788845,,0.9919828214562783,0.9855281704455474,0.9855281704455474,0.9855281704454354,,2.940386623583877e-11,0.9999999999666569,2.601988834684467e-11,,,,,1.0,,8.849450536725565e-12,1.0,0.75,3.274838034754917e-11,3.274838034754917e-11,0.0,2.259570199866408,0.6447065287216132,61,1.1050080361332542,0.5108288094908734,1851,1265.72113832392,0.33662414133966456,956.0,118.10774058577405,0.41778796165515725,1875,0.7763846615972358,0.5622554397616224,0.28785410495344815,6,1407.75,,,,,,,,,,,,,6.851480705595864e-17,0.036413600438413296,7.601554087906058e-23,0.8667111570308327,0.2384258419624502,0.0015770532604278558,0.43054497290445726,0.9999999999999998,0.003154260200788845,,0.00084998847283918,0.0007982210227403696,0.0007982210227403696,0.0007982210227340309,,0.0,2.297462596574721e-17,0.020163910573048206,2.419566176502158e-16,,,,,0.4782608695652174,,2.799946020526132e-19,1.0,0.9302325581395349,1.0973232943066667e-16,1.0973232943066667e-16,0.9302325581395349,0.5814294660167878,0.18110015290550932,201,1.2244319152035608,0.5943506444878444,1861,1173.7972567696688,0.4514966089861361,1031.0,362.8137730358875,0.4848604540257783,1995,1409.1368421052632,1454.5,398.32527672708756,380,0.6645304607900322,0.5565550872278735,0.3678621512786154,7,1498.0
rbio1.3,,,,14.317310113641534,1011166.0806740436,0.6553398058252428,144.0179760815132,206,raw,145.50977451247624,,7.322129992194503,122321.72009356739,1.0,2.5818404301147453e-06,0.9896716462256476,451.2667089184898,,,,[],[],15,936.9341627417052,84.23409530884751,1475.6434639886763,"[8, 32, 51, 63, 79, 90, 100, 111, 127, 137, 152, 162, 175, 186, 198]","[1271.2012158781158, 1035.9998227859405, 1033.6133373994357, 1135.3483255426506, 1475.6434639886763, 962.6374942378362, 1228.8631973545714, 879.8176124913618, 1023.095124029286, 473.7615433949869, 1172.6482082502407, 318.374828229243, 1178.4818391950298, 84.23409530884751, 780.2923330393553]","[0, 9, 37, 37, 37, 83, 92, 107, 113, 134, 142, 161, 142, 182, 187]","[37, 37, 61, 72, 142, 92, 142, 113, 142, 142, 164, 164, 205, 187, 205]",75148779.984375,1442.3210569252603,-1442.3210569252603,0.0,,,,SWT,mdp.39015067403892,37394166.984375,,0.0,11.5,17.0,0.0,29.5,,501.32105692526034,532.1216627417052,1100.0124411255783,532.1216627417052,,0.0,532.1216627417052,,,81.23409530884751,0.0,2.5,535.6434639886763,501.32105692526034,,124.26670891848983,0.06405402991970965,,0.9798936940968019,0.5119974733868767,0.1560489624771113,0.45714285714285746,0.07304677977992498,,0.07321516631792262,0.2432142957903975,0.2432142957903975,0.24321429579039744,,0.22068077084435575,0.26761361873886386,0.20488956973336991,,,,,,0.1802188682681388,0.635593220338983,0.5700000000000001,0.31721669240508765,0.31721669240508765,1.2832191146093177,0.43140766150667104,77,1.5498014502370125,0.8807088021126468,21,0,0.3271572609996288,0.5442980352385898,42,0.0,0.46193695386543726,0.8003560102999838,21,26.424420523447623,0.7507130139297394,40.25,30.295081967213115,0.685498016398832,41,rbio,0.4644956314535345,0.6222068689729192,0.48819099729065013,2,31.25,0.11088205583835498,0.00894012994106036,,0.9798936940968018,0.5119974733868767,0.3021123266731781,0.45714285714285746,0.5704628206555039,,0.09269335434117898,0.4665330068912032,0.4665330068912032,0.46630672916634575,,0.22068077084435572,0.26761361873886386,0.36760329884803844,,,,,0.75,,0.4519669336693621,0.6355932203389829,0.48305084745762716,0.4094489838794403,0.4094489838794403,0.9406779661016949,1.8653317337890654,0.6121362551560547,67,1.838755600312484,0.9457496880338543,18,34.64823227814083,0.8365649420842414,42.5,28.376470588235296,0.8180466219855169,28,0.6261605206073753,0.9968249595590992,0.26264014770710753,4,22.0,,,0.9913748802547786,0.4000000000000001,0.9910714285714287,,0.9919388924280159,1.0,False,False,0.0,0.0,0.0012344660949522373,0.016097194976001504,,0.15779257278087044,0.3503168352107189,0.00026099866403012486,0.6066838046272496,0.9919388924280161,0.007582092472073096,,0.0008129262903239587,0.0033014081579774155,0.0033014081579774155,0.0033014081579710933,,0.0,0.0010463616598796795,0.005086191462916863,0.0033236019741730424,,,,,0.3913043478260869,,1.1710681209866532e-05,0.6666666666666667,0.5271317829457364,0.002103839102585738,0.002103839102585738,0.9457364341085271,0.4738394846727795,0.14758867264637465,1013,0.9176458747381185,0.4454338459248178,2001,698.6214998123089,0.673541355227893,1507.0,1345.0650298606504,0.48466787387562876,1996,818.67,599.5,715.6978453131971,300,0.38607403914171184,1.0,0.42974817260080167,3,1497.75
coif12,1.0,symmetric,1.31613247073324e-26,316.0544027036824,6200587.210476217,0.5217391304347826,92.87412159810425,206,smoothed,8.492020463307607e-14,-2.0445913850863958e-10,6.651826464912767,30231.965738518295,0.9815737045484032,0.00014966566451320276,1.0,362.40000000000003,,,,[],[],11,426.60000000000014,32.200000000000045,728.3999999999997,"[9, 31, 53, 64, 80, 102, 131, 148, 158, 175, 192]","[311.0000000000001, 417.79999999999995, 589.5999999999999, 432.20000000000016, 728.3999999999997, 371.0000000000001, 587.0000000000003, 32.200000000000045, 448.2000000000001, 368.00000000000006, 407.19999999999993]","[0, 0, 0, 60, 0, 94, 120, 144, 144, 165, 186]","[20, 40, 75, 75, 205, 120, 205, 149, 205, 186, 205]",30736475.839999996,728.3999999999997,-728.3999999999997,0.0,,,,DWT,mdp.39015067403892,0.0,,0.0,15.0,11.0,0.0,33.0,,2.2737367544323206e-13,168.4000000000002,987.7999999999975,168.4000000000001,,0.0,168.4000000000002,,,28.000000000000057,0.0,15.0,2.2737367544323206e-13,2.2737367544323206e-13,,5.684341886080802e-14,1.3772087396161847e-13,3.3730039695700083e-26,0.9655955989054671,0.7464315261892469,0.5939128727416707,0.05953509323473402,0.014771007798766167,,0.9999996647593375,4.406097391567225e-09,4.406097391567225e-09,3.6787861342541454e-09,,6.125805465799743e-13,0.9999999955939026,1.5171946557926922e-13,,,,,,0.0,0.0,0.0,3.4954031196328703e-13,3.4954031196328703e-13,0.7999999009725688,0.3007374869223366,740,1.2792519992221805,0.6494351295371458,105,0,0.16666663940380702,0.23713383959569842,730,0.0,0.3400351569814319,0.5999140465250994,110,362.31604527907217,0.6202137890156476,421.25,187.47715432894012,0.5893259720759579,619,coif,0.5556920286951962,0.9053407607371553,0.33941335169221604,4,465.25,8.89503073438478e-14,0.999999999970514,8.516947378456434e-27,0.9523895889163693,0.9016571061437557,0.0015558216090344407,0.0488558352402747,0.00014386830637722232,0.9999999997235475,2.0315811924354055e-05,4.745570603148508e-11,4.745570603148508e-11,3.962224992548613e-11,,6.125805465799743e-13,0.003126132840347795,1.5171946557926922e-13,,,,,0.0,,0.0,0.0,0.0,2.847685247612971e-13,2.847685247612971e-13,1.0,0.20156916120460738,0.05751224468495506,1803,1.742640098525477,0.8055966452659161,306,1058.5388514362617,0.4452102455784792,1054.5,523.203413940256,0.4462686448018182,1769,0.4784248188775415,0.776734912893196,0.43208215291776214,2,1327.25,,,,,,,,,,,,,5.97245989639719e-19,0.9999999999715833,8.516947378456434e-27,0.9654653037842276,0.27873450667644384,0.0016252446454395539,0.03696034542598825,1.0,0.0001438683063772219,0.9999999999999541,9.960751159770499e-05,3.843648489765261e-14,3.843648489765261e-14,3.209173378426744e-14,,0.0,4.786380409530668e-19,0.004567040150618456,1.4108257588933865e-18,,,,,0.13043478260869565,,0.0,0.7209302325581395,0.7209302325581395,9.54194168962319e-19,9.54194168962319e-19,1.0,0.3986733618839274,0.12417638082767558,1911,1.8343007434158811,0.8903866482870247,488,1006.2129496284572,0.5298070328838985,1199.5,777.4639433097124,0.48464650709615487,1997,986.6382352941176,846.0,585.0035688138154,340,0.4652856568234462,0.8173890317607586,0.42908333069536003,4,1498.75
dmey,1.0,periodic,0.47067531544242625,62.744578245161584,7214955.73403114,0.6165413533834586,294.4925796145485,206,raw,0.5551857948405552,,6.729916980997943,59873.313985997804,0.7477435809060057,5.598576943120711e-06,0.9999983280885574,326.98012171703834,,,,[],[],13,662.3070110044597,86.59177076134836,940.8351365651408,"[8, 32, 51, 63, 81, 100, 111, 133, 152, 162, 175, 192, 204]","[880.1018482869484, 638.9679985103173, 793.8803675582622, 787.7532306423487, 940.8351365651408, 789.6678941089613, 638.721977086629, 677.1222546861662, 772.2644605331104, 196.3898736967982, 835.072476783414, 572.6218538385302, 86.59177076134836]","[0, 13, 39, 61, 76, 99, 107, 107, 107, 161, 164, 187, 203]","[76, 39, 76, 76, 205, 164, 119, 142, 164, 164, 205, 205, 205]",37807392.56016685,941.7984508668359,-941.7984508668359,0.0,,,,DWT,mdp.39015067403892,52779.560166850686,,0.0,33.0,19.0,0.0,28.5,,0.7984508668358785,257.4945110044597,4344.008856942024,257.49451100445964,,0.0,257.4945110044597,,,83.59177076134836,0.0,24.0,0.8351365651408287,0.7984508668358785,,0.01987828296165617,0.7014868836226211,0.3330810194791582,0.017618990128150713,0.928633462067542,0.001664435178242442,0.445488721804511,0.00017275147410236757,,0.0,0.8929844393486176,0.8929844393486176,0.8929844392829482,,0.9998956319717407,0.10701556065139772,0.9999999999998639,,,,,,0.5224090715376805,1.0,0.5,0.9999999999999998,0.9999999999999998,2.668346127474396,0.8723688070686074,9,1.0642796087855093,0.5111771002874937,897,0,0.7340227985117388,0.8770236350974546,9,0.125,0.34062803767918975,0.6186986107115217,830,494.10348106444263,0.48207182278360317,436.25,17.81404966093145,0.51239335373981,841,dmey,1.0,0.5967959140315767,0.12096122579052698,7,632.5,0.7014868836226212,1.3419002603098917e-05,0.3330810194791582,0.017618990128150602,0.9286334620675422,0.0026961944702621676,0.5832409972299168,0.002538043362900442,,0.9847516054124492,0.9984512890361766,0.9984512890361766,0.9984512890361652,,0.2142209192508382,0.9955670743756206,0.5572609630463032,,,,,1.0,,0.5224090715376805,1.0,0.5,0.9999999999999998,0.9999999999999998,0.0,3.2887606558615117,0.9383578639699036,8,1.1208465410579815,0.5181507151696102,1831,1289.0556621030762,0.3243943070738594,919.5,15.930396954866774,0.42123803404007437,1858,1.0,0.16047866370298075,0.25185640088910577,7,1395.25,,,,,,,,,,,,,4.7100481216881586e-06,0.036277357788483386,0.3330810194791582,0.2874199366925343,0.2870738645200296,0.0018919118029729364,0.4412326310296102,0.9999986951010505,0.002538043362900442,,0.0008445183398300815,0.0008086880040482136,0.0008086880040482136,0.0008086880040418744,,0.0,1.673808965920209e-07,0.0200945539891155,5.181919921018266e-06,,,,,0.4782608695652174,,1.6528904194315186e-08,1.0,0.8604651162790697,3.3507711913111097e-06,3.3507711913111097e-06,0.9302325581395349,0.5744298460053866,0.1789199533655214,606,1.1051758300129226,0.5364626311062515,1933,938.3306986345485,0.5615277109184353,1269.5,922.7239070500196,0.4841517059265074,1998,1640.65,1604.0,395.57969121943455,20,0.7737090308889414,0.5527188516912812,0.2925880228703567,9,1500.75
db34,1.0,smooth,1.5143203701934742e-26,315.4452210985554,4964610.221518962,0.5625,38.572890598914164,206,smoothed,8.770546317252401e-14,-2.0612853646184763e-10,6.191115609997664,45595.39153979239,0.9914634159091719,0.00014966566451320274,0.9999999999999999,362.40000000000015,,,,[],[],11,426.60000000000014,32.19999999999999,728.4000000000001,"[9, 31, 53, 64, 80, 102, 131, 148, 158, 175, 192]","[311.0000000000004, 417.79999999999995, 589.6000000000004, 432.1999999999999, 728.4000000000001, 370.99999999999994, 586.9999999999998, 32.19999999999999, 448.2000000000002, 368.0, 407.1999999999999]","[0, 0, 0, 60, 0, 94, 120, 144, 144, 165, 186]","[20, 40, 75, 75, 204, 120, 204, 149, 204, 186, 204]",30736475.84,728.4000000000001,-728.4000000000001,0.0,,,,DWT,mdp.39015067403892,3.725290298461914e-09,,0.0,15.0,11.0,0.0,33.0,,1.1368683772161603e-13,168.4000000000002,987.7999999999975,168.4000000000001,,0.0,168.4000000000002,,,28.0,0.0,15.0,1.1368683772161603e-13,1.1368683772161603e-13,,1.7053025658242404e-13,1.4383969683501634e-13,3.95302060735584e-26,0.9632810664625864,0.08190031776504647,0.06348732492857859,0.33952082883660717,0.14217733951299003,,0.999999664709775,4.406097391567225e-09,4.406097391567225e-09,3.6787861342541454e-09,,1.837741639739923e-12,0.9999999955939026,7.585973278963461e-14,,,,,,7.946695712486874e-14,0.0,0.0,1.7477015598164352e-13,1.7477015598164352e-13,0.7999999009582446,0.3007374869169518,811,0.8433417285642463,0.4281374936816323,357,0,0.1666666393997501,0.23713383958992623,811,0.0,0.22719526821513608,0.4008339429259084,332,269.5272095107777,0.7174767195903797,577.75,483.1349728018777,0.5559343765666783,725,db,0.573477938514061,0.8443824841957417,0.34525069778143475,3,544.5,9.246952982950559e-14,0.9999999999705138,9.919456187285659e-27,0.9501415708814882,0.742504617170757,0.0001663121925067903,0.27861842105263174,0.001384794681555971,0.9999999997235224,2.0315811923354854e-05,4.745570603148508e-11,4.745570603148508e-11,3.962224992548613e-11,,1.837741639739923e-12,0.003126132840347795,7.585973278963461e-14,,,,,0.0,,3.687271056968986e-14,0.0,0.0,1.4238426238064856e-13,1.4238426238064856e-13,1.0,0.2015691612051432,0.05751224468510795,1731,1.7534216933847906,0.8105808164993386,222,1067.0241328105003,0.44076303311818643,976.5,393.5299539170507,0.46448529014399886,1684,0.49117026184683504,0.8233619396015222,0.4091722348267588,4,1264.0,,,,,,,,,,,,,6.20875379789931e-19,0.9999999999715831,9.919456187285659e-27,0.9638346810243059,0.2295347718793177,0.001300318878552768,0.2107800027059939,0.9999999999999999,0.0013847946815559711,0.9999999999999541,9.960751159770423e-05,3.843648489765261e-14,3.843648489765261e-14,3.209173378426744e-14,,0.0,1.4359141228592004e-18,0.004567040150618456,7.054128794466933e-19,,,,,0.13043478260869565,,1.1666441752192217e-21,0.7209302325581395,0.7209302325581395,4.770970844811595e-19,4.770970844811595e-19,1.0,0.3986733618839274,0.12417638082767558,1845,1.878584272939995,0.9118822855585164,92,1239.5581874200177,0.4207672021401786,968.5,175.26071244192048,0.4840985543411173,1999,1009.0473684210526,935.5,610.6543869996938,760,0.4758535102197843,0.8532293215616218,0.41093374637766444,5,1500.5
coif12,1.0,smooth,1.3404937209014634e-26,315.9747509023066,4961167.044859422,0.5579710144927537,37.98449239447516,206,smoothed,8.512715882795762e-14,-2.0275943146685954e-10,6.195412402379799,45897.33447595043,0.9913621646639762,0.00014966566451320274,1.0,362.4000000000001,,,,[],[],11,426.60000000000014,32.200000000000045,728.3999999999997,"[9, 31, 53, 64, 80, 102, 131, 148, 158, 175, 192]","[310.99999999999994, 417.8000000000002, 589.5999999999999, 432.20000000000016, 728.3999999999997, 371.0000000000001, 587.0000000000003, 32.200000000000045, 448.2000000000001, 368.00000000000006, 407.19999999999993]","[0, 0, 0, 60, 0, 94, 120, 144, 144, 165, 186]","[20, 40, 75, 75, 205, 120, 205, 149, 205, 186, 205]",30736475.839999996,728.3999999999997,-728.3999999999997,0.0,,,,DWT,mdp.39015067403892,0.0,,0.0,15.0,11.0,0.0,33.0,,2.2737367544323206e-13,168.4000000000002,987.7999999999975,168.4000000000001,,0.0,168.4000000000002,,,28.000000000000057,0.0,15.0,2.2737367544323206e-13,2.2737367544323206e-13,,1.1368683772161603e-13,1.3817552333920835e-13,3.4442995958585733e-26,0.9652929688246068,0.08809802854955642,0.062009668886297234,0.3084113026586215,0.14468130200029725,,0.9999996647593375,4.406097391567225e-09,4.406097391567225e-09,3.6787861342541454e-09,,1.2251610931599486e-12,0.9999999955939026,1.5171946557926922e-13,,,,,,0.0,0.0,0.0,3.4954031196328703e-13,3.4954031196328703e-13,0.7999999009728751,0.3007374869224517,724,0.8354666718763,0.4241395804766043,391,0,0.16666663940385806,0.23713383959577106,726,0.0,0.2240704672742168,0.39532094834707227,366,200.31371229482352,0.7900275552465162,551.75,496.9925037793293,0.605836628776298,561,coif,0.5556920286951962,0.9053407607371553,0.33941335169221604,4,421.75,8.921179755950035e-14,0.9999999999705138,8.689343715710522e-27,0.9520956557370077,0.7439889433916858,0.00016244130620879003,0.25308924485125894,0.0014091830541835364,0.9999999997235731,2.0315811924354055e-05,4.745570603148508e-11,4.745570603148508e-11,3.962224992548613e-11,,1.2251610931599486e-12,0.003126132840347795,1.5171946557926922e-13,,,,,0.0,,0.0,0.0,0.0,2.847685247612971e-13,2.847685247612971e-13,1.0,0.20156916120491367,0.05751224468504245,1740,1.745132456833939,0.8067488255088685,283,1030.2545801887998,0.4600342871127884,1011.5,486.8215521502719,0.4649490093844864,1678,0.4784248188775415,0.776734912893196,0.43208215291776214,2,1259.0,,,,,,,,,,,,,5.990017337994867e-19,0.9999999999715831,8.689343715710522e-27,0.9652520963611881,0.22999363027916658,0.0012994137024640359,0.19146670745266012,1.0,0.0014091830541835366,0.9999999999999541,9.960751159770499e-05,3.843648489765261e-14,3.843648489765261e-14,3.209173378426744e-14,,0.0,9.572760819061336e-19,0.004567040150618456,1.4108257588933865e-18,,,,,0.13043478260869565,,0.0,0.7209302325581395,0.7209302325581395,9.54194168962319e-19,9.54194168962319e-19,1.0,0.3986733618839274,0.12417638082767558,1849,1.8719481360017223,0.9086610429420853,109,1230.3657992645926,0.4250627106240221,979.0,205.86414708886616,0.4837930375550017,2000,986.6382352941176,846.0,585.0035688138154,340,0.4652856568234462,0.8173890317607586,0.42908333069536003,4,1501.0
sym6,1.0,periodic,4.294109104106429e-20,253.14306172122375,6000090.097524915,0.6296296296296297,279.73847679653085,206,raw,1.662671208911438e-10,,6.391450345231057,62211.47389270511,0.7573682479832355,5.618943883682629e-06,1.0,326.9999999999182,,,,[],[],13,661.1538461542253,87.00000000002245,940.0000000004978,"[8, 32, 51, 63, 81, 100, 111, 133, 152, 162, 175, 192, 204]","[878.0000000001587, 638.0000000007017, 787.0000000007396, 792.0000000004613, 940.0000000004978, 788.0000000002924, 637.0000000004586, 675.0000000002909, 771.0000000002309, 196.00000000041115, 834.0000000006195, 572.0000000000441, 87.00000000002245]","[0, 13, 42, 42, 76, 99, 107, 107, 107, 161, 164, 187, 203]","[76, 42, 61, 76, 205, 164, 119, 142, 164, 164, 205, 205, 205]",37754613.00001198,941.000000000176,-941.000000000176,0.0,,,,DWT,mdp.39015067403892,1.1980533599853516e-05,,0.0,33.0,19.0,0.0,28.5,,1.7598722479306161e-10,256.34134615422533,4358.9999999950705,256.34134615422533,,0.0,256.34134615422533,,,84.00000000002245,0.0,28.5,4.978346623829566e-10,1.7598722479306161e-10,,8.179767974070273e-11,2.1006304394677452e-10,3.0387958614294554e-20,0.7202324982608809,0.8117102184714177,0.00029724659423015654,0.5436507936507938,0.00036205590757072074,,0.4742280246376835,6.9895684291082126e-09,6.9895684291082126e-09,6.375602009557922e-09,,4.114497355527014e-09,0.9999999930103909,5.961116818049264e-10,,,,,,1.1858263719212258e-10,1.0,1.0,2.2041083816524396e-10,2.2041083816524396e-10,0.8422684125056823,0.2753648346755578,34,1.0557483713757172,0.5070795180684956,903,0,0.2895190036060689,0.34592251015528497,34,0.125,0.29035754472785086,0.5273899669466492,904,502.0062250610046,0.4737880240450686,468.75,65.53386593879091,0.4912179113936035,904,sym,0.8243425715244881,0.7368036147090654,0.2019191155201387,6,679.5,2.1006304394677452e-10,0.00015478832991300262,3.0387958614294554e-20,0.7202324982608809,0.8117102184714178,0.0013304188475578864,0.6570175438596493,0.0027268999587631926,,0.9919828214565993,0.9855281704494958,0.9855281704494958,0.9855281704493837,,8.815034065285831e-10,0.9999999999653025,3.321897698858099e-10,,,,,1.0,,1.1858263719212258e-10,1.0,0.75,2.2041083816524396e-10,2.2041083816524396e-10,0.0,2.259570200578446,0.6447065289247736,34,1.102604031705374,0.5097174739351592,1853,1286.22723497833,0.32587671122729034,943.5,66.77477477477477,0.4156899279406892,1879,0.7763846615972358,0.5622554397616224,0.28785410495344815,6,1410.75,,,,,,,,,,,,,1.4104426877778567e-15,0.03641360043836669,3.0387958614294554e-20,0.7970677953896534,0.2509287020178895,0.0015725359957103628,0.4970459567942995,1.0,0.0027268999587631926,,0.000849988472839423,0.0007982210227435676,0.0007982210227435676,0.0007982210227372288,,0.0,6.887601409314632e-16,0.020163910573027015,3.08900299909707e-15,,,,,0.4782608695652174,,3.751927667505017e-18,1.0,0.9302325581395349,7.385462867768349e-16,7.385462867768349e-16,0.9302325581395349,0.5814294660167822,0.1811001529055076,225,1.2153245190733275,0.5899298296655597,1869,1162.4835482706842,0.45678338865855883,1047.0,401.647564469914,0.48376552610498036,2001,1409.1368421052632,1454.5,398.32527672708756,380,0.6645304607900322,0.5565550872278735,0.3678621512786154,7,1502.5
db19,1.0,periodization,1.761842430540501e-26,314.78772809333617,4963959.248677116,0.5339805825242718,101.83598663417257,206,smoothed,8.856420953698583e-14,-2.0034309766714427e-10,6.191927511933383,31688.237398435285,0.9836691294654009,0.000149665664513203,1.0,362.4,,,,[],[],11,426.59999999999997,32.200000000000045,728.4000000000001,"[9, 31, 53, 64, 80, 102, 131, 148, 158, 175, 192]","[311.0000000000001, 417.79999999999995, 589.6000000000001, 432.19999999999993, 728.4000000000001, 371.0000000000001, 586.9999999999997, 32.200000000000045, 448.19999999999993, 367.99999999999994, 407.20000000000016]","[0, 0, 0, 60, 0, 94, 120, 144, 144, 165, 186]","[20, 40, 75, 75, 205, 120, 205, 149, 205, 186, 205]",30736475.839999996,728.4000000000001,-728.4000000000001,0.0,,,,DWT,mdp.39015067403892,0.0,,0.0,15.0,11.0,0.0,33.0,,1.1368683772161603e-13,168.40000000000003,987.7999999999993,168.40000000000003,,0.0,168.40000000000003,,,28.000000000000057,0.0,15.0,1.1368683772161603e-13,1.1368683772161603e-13,,0.0,1.4572624231109906e-13,4.677418583273187e-26,0.9607829790634603,0.08307140841487518,0.0632079567612644,0.14362142418571724,0.026847626163012814,,0.9999996647593375,4.4059199552998455e-09,4.4059199552998455e-09,3.6787269888316428e-09,,0.0,0.9999999955940747,7.585973278963461e-14,,,,,,0.0,0.0,0.0,1.7477015598164352e-13,1.7477015598164352e-13,0.7999999009721166,0.30073748692216656,756,0.7177970901656818,0.3644025153109593,750,0,0.16666663940370038,0.2371338395955467,756,0.0,0.18250448494121083,0.3219873057892056,771,8.958236433584458,0.9906098150591358,758.25,758.1712608872101,0.5978992471522094,596,db,0.573477938514061,0.8443824841957417,0.34525069778143475,3,447.75,9.355457075927506e-14,0.9999999999705156,1.1671086185694918e-26,0.9477152728431012,0.7427850885607692,0.0001655803561524487,0.11785896780786931,0.00026149349854409296,0.9999999997236095,2.0315811924354055e-05,4.745387416349445e-11,4.745387416349445e-11,3.962169481397382e-11,,0.0,0.0031261328403482946,7.585973278963461e-14,,,,,0.0,,0.0,0.0,0.0,1.4238426238064856e-13,1.4238426238064856e-13,1.0,0.20156916120420518,0.05751224468484031,1895,1.6873526825675136,0.7800380936987604,868,726.1986642785843,0.6193927336066121,1381.5,1190.6333695258777,0.44766806491651356,1765,0.49117026184683504,0.8233619396015222,0.4091722348267588,4,1324.75,,,,,,,,,,,,,6.281607547734563e-19,0.9999999999715848,1.1671086185694918e-26,0.9620747410494666,0.2296214756317744,0.0013001477444202162,0.08916249492626177,1.0,0.00026149349854409296,0.9999999999999541,9.960751159770499e-05,3.8434858594393884e-14,3.8434858594393884e-14,3.20911916831812e-14,,0.0,0.0,0.004567040150618464,7.054128794466933e-19,,,,,0.13043478260869565,,0.0,0.7209302325581395,0.7209302325581395,4.770970844811595e-19,4.770970844811595e-19,1.0,0.3986733618839274,0.12417638082767558,1933,1.8284752516791565,0.8875589003941536,597,944.6946596652275,0.5585538973526974,1265.0,912.2537549407115,0.48371620101279733,2002,1009.0473684210526,935.5,610.6543869996938,760,0.4758535102197843,0.8532293215616218,0.41093374637766444,5,1502.75
coif17,1.0,zero,2.6615339787033016e-26,312.99607859243605,4960938.607894993,0.5686274509803921,29.267993912989358,206,smoothed,1.164634731696106e-13,-2.1837029962057438e-10,6.195697683314407,47186.654985689274,0.9923845050619409,0.00014966566451320252,0.9999999999999996,362.40000000000015,,,,[],[],11,426.60000000000014,32.19999999999993,728.4000000000005,"[9, 31, 53, 64, 80, 102, 131, 148, 158, 175, 192]","[311.0000000000002, 417.8000000000002, 589.6000000000001, 432.20000000000016, 728.4000000000005, 371.00000000000034, 587.0000000000001, 32.19999999999993, 448.1999999999999, 368.0000000000002, 407.19999999999976]","[0, 0, 0, 60, 0, 94, 120, 144, 144, 165, 186]","[20, 40, 75, 75, 205, 120, 205, 149, 205, 186, 205]",30736475.84000001,728.4000000000005,-728.4000000000005,0.0,,,,DWT,mdp.39015067403892,1.4901161193847656e-08,,0.0,15.0,11.0,0.0,33.0,,5.684341886080801e-13,168.4000000000002,987.7999999999975,168.40000000000015,,0.0,168.4000000000002,,,27.999999999999943,0.0,15.0,5.684341886080801e-13,5.684341886080801e-13,,1.7053025658242404e-13,2.070170165959513e-13,7.310455555918545e-26,0.9539757628553479,0.08850951892837611,0.06191163404982328,0.38161018778329386,0.1553734222783225,,0.9999996646602125,4.406097391567225e-09,4.406097391567225e-09,3.6788452796766485e-09,,1.837741639739923e-12,0.9999999955939026,3.7929866394817307e-13,,,,,,3.1786782849947497e-13,0.0,0.0,8.738507799082175e-13,8.738507799082175e-13,0.799999900943944,0.30073748691157587,859,0.862389478227017,0.4378074240605991,321,0,0.16666663939578646,0.23713383958428674,859,0.0,0.23448293227076727,0.4136913547069142,292,319.20565471181743,0.6654028776605687,582.75,451.04925696503375,0.5272769105283976,807,coif,0.5556920286951962,0.9053407607371553,0.33941335169221604,4,606.25,1.2880577437956402e-13,0.9999999999705123,1.8037899320927283e-26,0.9411036805751934,0.7440874936435737,0.0001621844929218172,0.31315789473684214,0.0015133233577388251,0.9999999997233379,2.0315811922300142e-05,4.745570603148508e-11,4.745570603148508e-11,3.9622916059300906e-11,,1.837741639739923e-12,0.003126132840347795,3.7929866394817307e-13,,,,,0.0,,1.4749084227875944e-13,0.0,0.0,7.119213119032428e-13,7.119213119032428e-13,1.0,0.20156916120557794,0.057512244685231986,1719,1.7626555345317236,0.8148494841704096,148,1110.8647532440662,0.4177857687400073,933.5,272.53561863952865,0.46426500177042296,1688,0.4784248188775415,0.776734912893196,0.43208215291776214,2,1266.5,,,,,,,,,,,,,8.648506619910382e-19,0.9999999999715816,1.8037899320927283e-26,0.9572789553110559,0.23002409569185578,0.0012993536487118094,0.2369097551075633,0.9999999999999997,0.0015133233577388251,0.9999999999999541,9.960751159770347e-05,3.843648489765261e-14,3.843648489765261e-14,3.209227588535368e-14,,0.0,1.4359141228592004e-18,0.004567040150618456,3.5270643972334666e-18,,,,,0.13043478260869565,,4.666576700876887e-21,0.7209302325581395,0.7209302325581395,2.3854854224057974e-18,2.3854854224057974e-18,1.0,0.3986733618839274,0.12417638082767558,1842,1.8853983292344942,0.915189891885928,63,1257.942963730868,0.41217618517249155,952.5,121.83307086614174,0.4835413636142832,2003,986.6382352941176,846.0,585.0035688138154,340,0.4652856568234462,0.8173890317607586,0.42908333069536003,4,1503.25
db34,1.0,constant,1.5143203701934742e-26,315.4452210985554,4964610.221518962,0.5625,38.572890598914164,206,smoothed,8.770546317252401e-14,-2.0612853646184763e-10,6.191115609997664,45595.39153979239,0.9914634159091719,0.00014966566451320274,0.9999999999999999,362.40000000000015,,,,[],[],11,426.60000000000014,32.19999999999999,728.4000000000001,"[9, 31, 53, 64, 80, 102, 131, 148, 158, 175, 192]","[311.0000000000004, 417.79999999999995, 589.6000000000004, 432.1999999999999, 728.4000000000001, 370.99999999999994, 586.9999999999998, 32.19999999999999, 448.2000000000002, 368.0, 407.1999999999999]","[0, 0, 0, 60, 0, 94, 120, 144, 144, 165, 186]","[20, 40, 75, 75, 204, 120, 204, 149, 204, 186, 204]",30736475.84,728.4000000000001,-728.4000000000001,0.0,,,,DWT,mdp.39015067403892,3.725290298461914e-09,,0.0,15.0,11.0,0.0,33.0,,1.1368683772161603e-13,168.4000000000002,987.7999999999975,168.4000000000001,,0.0,168.4000000000002,,,28.0,0.0,15.0,1.1368683772161603e-13,1.1368683772161603e-13,,1.7053025658242404e-13,1.4383969683501634e-13,3.95302060735584e-26,0.9632810664625864,0.08190031776504647,0.06348732492857859,0.33952082883660717,0.14217733951299003,,0.999999664709775,4.406097391567225e-09,4.406097391567225e-09,3.6787861342541454e-09,,1.837741639739923e-12,0.9999999955939026,7.585973278963461e-14,,,,,,7.946695712486874e-14,0.0,0.0,1.7477015598164352e-13,1.7477015598164352e-13,0.7999999009582446,0.3007374869169518,810,0.8433417285642463,0.4281374936816323,359,0,0.1666666393997501,0.23713383958992623,812,0.0,0.22719526821513608,0.4008339429259084,331,269.28918780126816,0.7177262182376645,578.0,483.51466706555664,0.5559280986366519,726,db,0.573477938514061,0.8443824841957417,0.34525069778143475,3,545.25,9.246952982950559e-14,0.9999999999705138,9.919456187285659e-27,0.9501415708814882,0.742504617170757,0.0001663121925067903,0.27861842105263174,0.001384794681555971,0.9999999997235224,2.0315811923354854e-05,4.745570603148508e-11,4.745570603148508e-11,3.962224992548613e-11,,1.837741639739923e-12,0.003126132840347795,7.585973278963461e-14,,,,,0.0,,3.687271056968986e-14,0.0,0.0,1.4238426238064856e-13,1.4238426238064856e-13,1.0,0.2015691612051432,0.05751224468510795,1730,1.7534216933847906,0.8105808164993386,220,1067.7312395916867,0.4403924320798287,975.0,390.3589743589744,0.4646930713858263,1682,0.49117026184683504,0.8233619396015222,0.4091722348267588,4,1262.5,,,,,,,,,,,,,6.20875379789931e-19,0.9999999999715831,9.919456187285659e-27,0.9638346810243059,0.2295347718793177,0.001300318878552768,0.2107800027059939,0.9999999999999999,0.0013847946815559711,0.9999999999999541,9.960751159770423e-05,3.843648489765261e-14,3.843648489765261e-14,3.209173378426744e-14,,0.0,1.4359141228592004e-18,0.004567040150618456,7.054128794466933e-19,,,,,0.13043478260869565,,1.1666441752192217e-21,0.7209302325581395,0.7209302325581395,4.770970844811595e-19,4.770970844811595e-19,1.0,0.3986733618839274,0.12417638082767558,1847,1.878584272939995,0.9118822855585164,91,1241.6795077635775,0.41977593095159926,969.0,173.45407636738906,0.48348609631692113,2004,1009.0473684210526,935.5,610.6543869996938,760,0.4758535102197843,0.8532293215616218,0.41093374637766444,5,1504.25
bior1.5,,,,14.026425547512826,1082078.4793712017,0.6456310679611651,140.47977284748154,206,raw,146.93581163601988,,7.298106031736044,126869.45148836293,1.0,3.0095844783081436e-06,0.9925517381987277,474.73933949084636,,,,[],[],13,1024.0491232623172,44.07263984614292,1414.716271100345,"[8, 27, 46, 63, 79, 90, 100, 111, 131, 153, 175, 192, 202]","[1266.9751480061807, 1012.1681145512626, 1142.612742864997, 1223.3996926155598, 1414.716271100345, 1001.6664739962969, 1141.8559176382578, 944.4018732636425, 953.3622420064908, 1171.89690729523, 1191.6682758098132, 803.842303415904, 44.07263984614292]","[0, 13, 37, 37, 76, 87, 92, 107, 107, 107, 164, 187, 201]","[76, 37, 61, 76, 164, 92, 107, 113, 142, 164, 187, 205, 205]",77022445.31903076,1363.5891362575207,-1363.5891362575207,0.0,,,,SWT,mdp.39015067403892,39267832.31903076,,0.0,15.0,19.0,0.0,10.5,,422.58913625752075,619.2366232623172,358.638602410123,619.236623262317,,0.0,619.2366232623172,,,41.07263984614292,0.0,15.0,474.716271100345,422.58913625752075,,147.73933949084636,0.11141967313156098,,0.9472140368841848,0.47857946688797637,0.18214399416977645,0.40000000000000036,0.23246396562888025,,0.010535672779145452,0.41874983115370124,0.41874983115370124,0.41874983115370096,,0.31091100518978165,0.08714333185398838,0.11955244493770029,,,,,,0.32120462481121154,0.6949152542372881,0.8200000000000001,0.19066808019198941,0.19066808019198941,1.4775571536260832,0.4967425041687835,46,1.5826136490045333,0.8993550566162839,13,0,0.36357558012932756,0.6048879163508708,29,0.0,0.4779430224410991,0.8280882648394992,14,15.50268793897798,0.8537482269907738,25.5,19.552871063864057,0.8065910946274624,12,bior,0.3321683876092137,0.4904554991310134,0.6203454789342464,1,9.25,0.15587786185993818,0.01382277069793153,,0.9472140368841847,0.4785794668879765,0.3236910677892939,0.40000000000000036,0.6443345186602213,,0.03133119241593314,0.5902700353698344,0.5902700353698344,0.5900962424915492,,0.3109110051897816,0.08714333185398834,0.29972981341472876,,,,,0.9166666666666666,,0.5462175250485708,0.694915254237288,0.6949152542372882,0.299994914484659,0.299994914484659,0.6186440677966101,1.9119675863149899,0.6274405013681966,53,1.8357823891394895,0.9442204399168993,20,23.33452377915607,0.8899314916077544,36.5,29.041095890410958,0.8588808401434999,18,0.5170065075921908,0.6634325577032603,0.4390656773744883,2,14.0,,,0.9937800203853144,0.8,0.6517857142857144,,0.9941867560972347,1.0,False,False,0.0,0.0,0.0012465642133436372,0.018958546803513863,,0.15701394947700265,0.3477512944366673,0.00027964081168684973,0.5652820998511706,0.9941867560972348,0.007949419389131022,,0.00027477644112826837,0.004092128290436283,0.004092128290436283,0.0040921282904299635,,0.0,0.0012440080037894043,0.0016562224023374027,0.0029455562176607204,,,,,0.4782608695652174,,1.2297454474191415e-05,0.7209302325581395,0.7209302325581395,0.001773433485198788,0.001773433485198788,0.6511627906976745,0.47312671630418934,0.14736666384206998,1014,0.9012526807504506,0.43747643703110656,2006,701.4499269370551,0.6722196603097873,1510.0,1347.0754966887416,0.48330609183713663,2005,1104.4,1082.5,563.6960149978129,300,0.520820561188399,0.7876173146100969,0.3991404127850916,6,1505.25
sym17,1.0,reflect,7.697414176280289e-20,250.6083439149762,6718127.468828803,0.6218487394957983,305.7598681355278,206,raw,2.1578511146210022e-10,,6.586985724608991,60573.3356256068,0.7351402190393513,5.618943883677835e-06,1.0,326.99999999988177,,,,[],[],13,661.1538461545174,86.99999999995705,940.000000000939,"[8, 32, 51, 63, 81, 100, 111, 133, 152, 162, 175, 192, 204]","[878.0000000004927, 638.0000000009595, 787.0000000009569, 792.0000000009038, 940.000000000939, 788.0000000007157, 637.0000000007324, 675.00000000038, 771.0000000007661, 196.00000000046282, 834.0000000009977, 572.0000000004626, 86.99999999995705]","[0, 13, 42, 42, 76, 99, 107, 107, 107, 161, 164, 187, 203]","[76, 42, 61, 76, 205, 164, 119, 142, 164, 164, 205, 205, 205]",37754613.00002188,941.0000000005585,-941.0000000005585,0.0,,,,DWT,mdp.39015067403892,2.1882355213165283e-05,,0.0,33.0,19.0,0.0,28.5,,5.585434337262996e-10,256.3413461545174,4358.999999991274,256.3413461545174,,0.0,256.3413461545174,,,83.99999999995705,0.0,28.5,9.390532795805484e-10,5.585434337262996e-10,,1.1823431123048067e-10,2.7262988411395036e-10,5.447199884004377e-20,0.7108788157238138,0.8792578830820386,0.0011053133198345366,0.4852941176470589,0.00022942732399681943,,0.4742280245617121,7.215734150628466e-09,7.215734150628466e-09,6.601767731217054e-09,,5.947292911394155e-09,0.9999999927842591,1.1244308042266938e-09,,,,,,2.1659030188635824e-10,1.0,1.0,6.995338810761264e-10,6.995338810761264e-10,0.8422684139945844,0.2753648351623281,27,1.0609183057054359,0.509562655035066,898,0,0.2895190039222157,0.3459225105330228,27,0.125,0.2904307939099104,0.5275230128564479,903,504.31959113244847,0.4713631120204943,463.75,52.42802058171174,0.49262600045469157,898,sym,0.8243425715244881,0.7368036147090654,0.2019191155201387,6,675.0,2.726298841139503e-10,0.00015478832987986246,5.447199884004376e-20,0.7108788157238137,0.8792578830820387,0.002137650452805853,0.6131578947368422,0.00259458513470466,,0.9919828214554409,0.9855281704527687,0.9855281704527687,0.9855281704526567,,1.2741675368863465e-09,0.99999999996418,6.266013928423819e-10,,,,,1.0,,2.1659030188635824e-10,1.0,0.75,6.995338810761264e-10,6.995338810761264e-10,0.0,2.259570201164674,0.6447065290920377,27,1.1135724847310824,0.5147880269246974,1840,1281.9845942912107,0.32810031745743673,933.5,53.219068023567225,0.4194222761291377,1866,0.7763846615972358,0.5622554397616224,0.28785410495344815,6,1401.0,,,,,,,,,,,,,1.8305401049776136e-15,0.03641360043833462,5.447199884004376e-20,0.7902830065679612,0.2718101045423049,0.0017613007102712068,0.4638653188240526,1.0,0.00259458513470466,,0.0008499884728385467,0.0007982210227462184,0.0007982210227462184,0.0007982210227398797,,0.0,9.955671251823792e-16,0.020163910573009453,5.826710384229687e-15,,,,,0.4782608695652174,,6.852867885237708e-18,1.0,0.9302325581395349,2.3439779760559363e-15,2.3439779760559363e-15,0.9302325581395349,0.5814294660167778,0.1811001529055062,233,1.2084635482820687,0.5865994506049004,1873,1159.655121145938,0.45810508357666446,1053.0,414.4434947768281,0.48302450440515465,2006,1409.1368421052632,1454.5,398.32527672708756,380,0.6645304607900322,0.5565550872278735,0.3678621512786154,7,1506.25
gaus4,,,,-37.182313505532726,732046209.0482894,0.6841328764515515,688.7554819618435,206,smoothed,45758.546531566695,,13.356969011283379,346231.6138641581,0.02185501030104569,3.464870464366161e-06,0.46165536750874125,40444.16994889132,,,,[],[],5,38452.81075546344,4560.8315950045,113598.21787886892,"[31, 48, 159, 177, 192]","[9802.495976327307, 113598.21787886892, 8098.80991593068, 56203.698411185804, 4560.8315950045]","[0, 0, 116, 116, 186]","[39, 116, 167, 205, 205]",576735425239.8218,95047.30491093759,-95047.30491093759,0.0,,,,CWT,mdp.39015067403892,576704688763.9818,,0.0,-19.5,17.0,0.0,-10.5,,94318.90491093759,38194.610755463444,186583.6537773172,38194.61075546344,,0.0,38194.610755463444,,,4556.6315950045,0.0,-15.0,112869.81787886893,94318.90491093759,,40081.76994889132,0.24150797474623797,,0.5421973050021502,0.9183169685708898,0.10927124043519719,1.0,0.0828466582341261,,0.0,0.15193769539414764,0.15193769539414764,0.15193769539414753,,0.3354722903346905,0.849753706242106,0.6376045490121807,,,,,,0.14407869294685063,0.6666666666666667,0.9999999999999998,0.2362267526771112,0.2362267526771112,1.705993594019578,0.5160964061648773,3,1.8364769421531408,0.9080656794530346,3,0,0.41797839780020923,0.6190605055808104,3,0.11111111111111112,0.5259036939370935,0.8883494424462246,3,0.0,1.0,3.0,3.0,0.85,3,gaus,0.5375,1.0,0.32375,1,2.5,0.2438950154839587,0.6462835681970613,,0.4645192891308766,0.8474170335288761,0.10920385306020458,0.9421487603305789,0.08284665823412608,,0.017578716373288065,0.1899311570893119,0.1899311570893119,0.1899311570893118,,0.33567091849916797,0.8504641184139667,0.6376045490121808,,,,,0.125,,0.1446747463777095,0.6,1.0,0.2362267526771112,0.2362267526771112,0.9767441860465116,1.6602583607240267,0.5123843734775099,8,1.7721267362852864,0.8122802608120461,5,2.1213203435596424,0.8939339828220179,6.5,6.153846153846153,0.784466991411009,6,0.5743243243243243,1.0,0.2979729729729729,2,5.0,102.0,False,0.8451324424550806,0.33333333333333337,0.9565217391304349,0.5124014064975105,0.8451324424550806,,,,,,0.3882032972477053,0.022004137721143326,,0.019941302003708028,0.9947828296949052,0.1924426687756746,0.729468272222974,0.5798310081042636,0.02566762212134931,,0.06078173125030721,0.34515415292368645,0.34515415292368645,0.3451541529236822,,0.0,0.3375001052143988,0.8632270076118588,0.7003433715653272,,,,,0.3913043478260869,,0.18060583526763024,0.18604651162790697,0.255813953488372,0.3958178048249822,0.3958178048249822,0.32558139534883723,1.793862603477839,0.5587415340452175,11,1.2626265219076038,0.6128906619674881,1835,1289.7627688842626,0.39730711734380253,923.0,21.86890574214518,0.48299935306442465,2007,1982.5625,2068.5,192.51804028021203,16,0.9349504833765622,0.26899346077528574,0.26483662340382075,10,1507.75
coif12,1.0,zero,1.3404937209014634e-26,315.9747509023066,4961167.044859422,0.5579710144927537,37.98449239447516,206,smoothed,8.512715882795762e-14,-2.0275943146685954e-10,6.195412402379799,45897.33447595043,0.9913621646639762,0.00014966566451320274,1.0,362.4000000000001,,,,[],[],11,426.60000000000014,32.200000000000045,728.3999999999997,"[9, 31, 53, 64, 80, 102, 131, 148, 158, 175, 192]","[310.99999999999994, 417.8000000000002, 589.5999999999999, 432.20000000000016, 728.3999999999997, 371.0000000000001, 587.0000000000003, 32.200000000000045, 448.2000000000001, 368.00000000000006, 407.19999999999993]","[0, 0, 0, 60, 0, 94, 120, 144, 144, 165, 186]","[20, 40, 75, 75, 205, 120, 205, 149, 205, 186, 205]",30736475.839999996,728.3999999999997,-728.3999999999997,0.0,,,,DWT,mdp.39015067403892,0.0,,0.0,15.0,11.0,0.0,33.0,,2.2737367544323206e-13,168.4000000000002,987.7999999999975,168.4000000000001,,0.0,168.4000000000002,,,28.000000000000057,0.0,15.0,2.2737367544323206e-13,2.2737367544323206e-13,,1.1368683772161603e-13,1.3817552333920835e-13,3.4442995958585733e-26,0.9652929688246068,0.08809802854955642,0.062009668886297234,0.3084113026586215,0.14468130200029725,,0.9999996647593375,4.406097391567225e-09,4.406097391567225e-09,3.6787861342541454e-09,,1.2251610931599486e-12,0.9999999955939026,1.5171946557926922e-13,,,,,,0.0,0.0,0.0,3.4954031196328703e-13,3.4954031196328703e-13,0.7999999009728751,0.3007374869224517,723,0.8354666718763,0.4241395804766043,392,0,0.16666663940385806,0.23713383959577106,727,0.0,0.2240704672742168,0.39532094834707227,365,200.36196412160334,0.7899769768117365,551.75,496.9321818180861,0.6058113395589081,563,coif,0.5556920286951962,0.9053407607371553,0.33941335169221604,4,423.25,8.921179755950035e-14,0.9999999999705138,8.689343715710522e-27,0.9520956557370077,0.7439889433916858,0.00016244130620879003,0.25308924485125894,0.0014091830541835364,0.9999999997235731,2.0315811924354055e-05,4.745570603148508e-11,4.745570603148508e-11,3.962224992548613e-11,,1.2251610931599486e-12,0.003126132840347795,1.5171946557926922e-13,,,,,0.0,,0.0,0.0,0.0,2.847685247612971e-13,2.847685247612971e-13,1.0,0.20156916120491367,0.05751224468504245,1739,1.745132456833939,0.8067488255088685,284,1028.8403666264267,0.46077548918950384,1011.5,488.26099851705385,0.46531961042284414,1674,0.4784248188775415,0.776734912893196,0.43208215291776214,2,1256.0,,,,,,,,,,,,,5.990017337994867e-19,0.9999999999715831,8.689343715710522e-27,0.9652520963611881,0.22999363027916658,0.0012994137024640359,0.19146670745266012,1.0,0.0014091830541835366,0.9999999999999541,9.960751159770499e-05,3.843648489765261e-14,3.843648489765261e-14,3.209173378426744e-14,,0.0,9.572760819061336e-19,0.004567040150618456,1.4108257588933865e-18,,,,,0.13043478260869565,,0.0,0.7209302325581395,0.7209302325581395,9.54194168962319e-19,9.54194168962319e-19,1.0,0.3986733618839274,0.12417638082767558,1852,1.8719481360017223,0.9086610429420853,110,1231.7800128269657,0.4244018631649693,981.0,207.66564729867483,0.4829953241058491,2008,986.6382352941176,846.0,585.0035688138154,340,0.4652856568234462,0.8173890317607586,0.42908333069536003,4,1507.0
bior1.3,,,,14.184933984267282,1082078.4793712017,0.6456310679611651,140.47977284748154,206,raw,145.679012707604,,7.305365916438145,125901.42511480524,1.0,2.9756886727735818e-06,0.9960920114295952,471.5518347037789,,,,[],[],12,1049.8252334972651,508.1446106301827,1393.353912328092,"[8, 23, 33, 46, 63, 82, 100, 111, 133, 153, 175, 192]","[1269.6102256204463, 508.1446106301827, 959.9858438083866, 1130.1334130313999, 1192.8891398617059, 1393.353912328092, 1137.1160924956166, 929.3150871744201, 951.9425041723897, 1132.5198984179042, 1180.7799362338862, 812.1121381927499]","[0, 13, 13, 37, 37, 76, 92, 107, 107, 107, 164, 187]","[76, 25, 37, 61, 76, 164, 164, 126, 142, 164, 187, 205]",76623618.453125,1356.2308063157984,-1356.2308063157984,0.0,,,,SWT,mdp.39015067403892,38869005.453125,,0.0,14.5,20.0,0.0,14.5,,415.2308063157984,645.0127334972651,356.0971980328195,645.012733497265,,0.0,645.0127334972651,,,505.1446106301827,0.0,14.5,453.35391232809206,415.2308063157984,,144.55183470377892,0.06967525522716789,,0.9650217928864453,0.48867817124505336,0.18214399416977645,0.40000000000000036,0.19853055424122856,,0.7348071355327253,0.47068836481812926,0.47068836481812926,0.47068836481812903,,0.2986580409117609,0.08652468583073901,0.08963144923683392,,,,,,0.29119451234373767,0.6864406779661016,0.81,0.17884077514933974,0.17884077514933974,1.7928892481568726,0.60275454837134,21,1.5734335455950832,0.894138260699768,14,0,0.4326811621526168,0.7198602461850487,7,0.0,0.47154089142822436,0.8169958765990579,16,5.802298395176403,0.9452613358945623,14.5,12.3302752293578,0.9042344415321868,3,bior,0.3321683876092137,0.4904554991310134,0.6203454789342464,1,2.5,0.1162220353337611,0.013435854638458478,,0.9650217928864451,0.48867817124505347,0.3236910677892939,0.40000000000000036,0.6286102496301964,,0.7403806799939541,0.6268821082807261,0.6268821082807261,0.6267238449416018,,0.29865804091176085,0.086524685830739,0.27593193797991067,,,,,1.0,,0.5261554214945012,0.6864406779661015,0.6864406779661018,0.28976527510535466,0.28976527510535466,0.6864406779661016,2.170378046786141,0.7122417239607297,23,1.8343191141763653,0.9434678157836827,21,1.4142135623730951,0.9933291813095608,22.0,21.954545454545457,0.9447777982019503,1,0.5170065075921908,0.6634325577032603,0.4390656773744883,2,1.25,,,0.9967364722278975,1.0,0.7232142857142858,,0.99694988020895,1.0,False,False,0.0,0.0,0.0012359018666353156,0.0187318041392478,,0.15743823586785244,0.34852658418335003,0.00027964081168684973,0.5652820998511706,0.9969498802089501,0.007871230482935586,,0.006493183075451964,0.0043260914257858074,0.0043260914257858074,0.00432609142577949,,0.0,0.001217168290813196,0.0016444645847164359,0.002813005402497682,,,,,0.5217391304347826,,1.2172554398559188e-05,0.7131782945736435,0.7131782945736433,0.0017425535888783133,0.0017425535888783133,0.7131782945736433,0.5033488340609755,0.1567800673016123,996,0.9028976500372174,0.4382749204286828,2005,713.4707422172264,0.6666024569078381,1500.5,1330.8763745418194,0.48271711630438635,2009,1104.4,1082.5,563.6960149978129,300,0.520820561188399,0.7876173146100969,0.3991404127850916,6,1508.25
bior2.6,1.0,periodization,5.138433145668377e-27,320.13909163796774,5062385.747190107,0.5242718446601942,81.32687082843493,206,smoothed,4.610845170560064e-14,-2.1089008317432036e-10,6.16175720952606,33905.30553023434,0.9877835574826592,0.00014966566451320268,0.9999999999999999,362.4,,,,[],[],11,426.6,32.19999999999999,728.4000000000001,"[9, 31, 53, 64, 80, 102, 131, 148, 158, 175, 192]","[310.9999999999999, 417.80000000000007, 589.6000000000003, 432.19999999999993, 728.4000000000001, 371.0000000000003, 587.0, 32.19999999999999, 448.2, 368.0000000000001, 407.1999999999999]","[0, 0, 0, 60, 0, 94, 120, 144, 144, 165, 186]","[20, 40, 75, 75, 204, 120, 204, 149, 204, 186, 204]",30736475.84000001,728.4000000000001,-728.4000000000001,0.0,,,,DWT,mdp.39015067403892,1.4901161193847656e-08,,0.0,15.0,11.0,0.0,33.0,,1.1368683772161603e-13,168.4000000000001,987.7999999999984,168.40000000000003,,0.0,168.4000000000001,,,28.0,0.0,15.0,1.1368683772161603e-13,1.1368683772161603e-13,,0.0,5.245688923423539e-14,1.025024803541065e-26,0.9811150186941006,0.03955364167817306,0.10544816823730763,0.07693226515562712,0.045233402973911326,,0.999999664709775,4.4059791007223055e-09,4.4059791007223055e-09,3.6787269888316428e-09,,0.0,0.9999999955939887,7.585973278963461e-14,,,,,,3.1786782849947497e-13,0.0,0.0,1.7477015598164352e-13,1.7477015598164352e-13,0.7999999009573993,0.300737486916634,830,0.7100361834260317,0.3604625523663206,779,0,0.16666663939959933,0.2371338395897117,824,0.0,0.17832607096273886,0.3146154526545633,814,22.808989455914087,0.9760912060210544,811.75,811.2586827015564,0.5626001103480534,704,bior,0.8100315533562081,0.7923003667562746,0.1952878026237719,6,529.5,3.991098418024693e-14,0.9999999999705134,2.839418065031744e-27,0.9674630158121774,0.7323627625617901,0.0002762333438225738,0.06313234542667362,0.0004405693346176834,0.9999999997234505,2.0315811923354854e-05,4.745454029730922e-11,4.745454029730922e-11,3.962169481397382e-11,,0.0,0.0031261328403480726,7.585973278963461e-14,,,,,0.0,,1.4749084227875944e-13,0.0,0.0,1.4238426238064856e-13,1.4238426238064856e-13,1.0,0.20156916120427892,0.057512244684861345,1864,1.6722264732251755,0.7730454716925939,968,633.5676759431466,0.6679414696314745,1416.0,1274.2598870056497,0.46290155242580017,1702,0.5943810304597339,0.7715092316736338,0.3524805091760961,5,1277.75,,,,,,,,,,,,,2.6797743544699963e-19,0.9999999999715827,2.839418065031744e-27,0.9763989673869845,0.22639956136308861,0.0013260230687968423,0.04776079015018275,0.9999999999999999,0.0004405693346176834,0.9999999999999541,9.960751159770423e-05,3.8435400695480126e-14,3.8435400695480126e-14,3.20911916831812e-14,,0.0,0.0,0.00456704015061846,7.054128794466933e-19,,,,,0.13043478260869565,,4.666576700876887e-21,0.7209302325581395,0.7209302325581395,4.770970844811595e-19,4.770970844811595e-19,1.0,0.3986733618839274,0.12417638082767558,1956,1.81898271643351,0.8829511354616825,710,881.0550493584382,0.5882920330100756,1333.0,1041.8304576144035,0.48269741837419666,2010,1104.4,1082.5,563.6960149978129,300,0.520820561188399,0.7876173146100969,0.3991404127850916,6,1509.0
coif2,1.0,antisymmetric,4.716254704348129e-27,320.51142622838427,4992667.774522913,0.5277777777777778,90.59735203200704,206,smoothed,4.373631985164112e-14,-2.0997275029799357e-10,6.228770880490283,40996.84066469789,0.9857798584643767,0.00014966566451320268,0.9999999999999999,362.40000000000003,,,,[],[],11,426.59999999999997,32.19999999999999,728.4,"[9, 31, 53, 64, 80, 102, 131, 148, 158, 175, 192]","[311.00000000000006, 417.8, 589.6, 432.20000000000005, 728.4, 371.00000000000017, 587.0, 32.19999999999999, 448.2, 368.0, 407.20000000000005]","[0, 0, 0, 60, 0, 94, 120, 144, 144, 165, 186]","[20, 40, 75, 75, 204, 120, 204, 149, 204, 186, 204]",30736475.839999996,728.4,-728.4,0.0,,,,DWT,mdp.39015067403892,0.0,,0.0,15.0,11.0,0.0,33.0,,0.0,168.40000000000003,987.7999999999993,168.40000000000006,,0.0,168.40000000000003,,,28.0,0.0,15.0,0.0,0.0,,5.684341886080802e-14,4.724564782122097e-14,9.014700755545736e-27,0.9825296715363283,0.13621443287008694,0.07552836052663717,0.10101446147204873,0.10404232289785223,,0.999999664709775,4.4059199552998455e-09,4.4059199552998455e-09,3.6787565615428943e-09,,6.125805465799743e-13,0.9999999955940747,0.0,,,,,,0.0,0.0,0.0,0.0,0.0,0.799999900957455,0.300737486916655,823,0.7774119133681336,0.3946670452490471,584,0,0.16666663939958823,0.23713383958969592,826,0.0,0.19990417847185726,0.3526850743579913,590,137.14803437648433,0.8562389576766412,705.75,685.7576330738696,0.5582295417314023,719,coif,0.5556920286951962,0.9053407607371553,0.33941335169221604,4,540.25,3.69137544289815e-14,0.9999999999705134,2.5406566449541038e-27,0.9688370147432384,0.7555126241623792,0.00019785504035269128,0.08289473684210552,0.0010133630007369153,0.9999999997234644,2.0315811923354854e-05,4.745387416349445e-11,4.745387416349445e-11,3.9622027880881205e-11,,6.125805465799743e-13,0.0031261328403482946,0.0,,,,,0.0,,0.0,0.0,0.0,0.0,0.0,1.0,0.2015691612044164,0.05751224468490057,1843,1.6927206882649968,0.7825196430360676,822,721.956023591465,0.6216163398367583,1332.5,1136.9200750469042,0.46162053889112553,1708,0.4784248188775415,0.776734912893196,0.43208215291776214,2,1281.5,,,,,,,,,,,,,2.478529018458693e-19,0.9999999999715827,2.5406566449541038e-27,0.977395611494964,0.233556012755642,0.0013076949235829162,0.06271140576376699,0.9999999999999999,0.0010133630007369155,0.9999999999999541,9.960751159770423e-05,3.8434858594393884e-14,3.8434858594393884e-14,3.2091408523615694e-14,,0.0,4.786380409530668e-19,0.004567040150618464,0.0,,,,,0.13043478260869565,,0.0,0.7209302325581395,0.7209302325581395,0.0,0.0,1.0,0.3986733618839274,0.12417638082767558,1935,1.8293591282338486,0.8879879422979182,587,953.179941039466,0.5545888125983804,1261.0,900.7494052339414,0.4826682380748912,2011,986.6382352941176,846.0,585.0035688138154,340,0.4652856568234462,0.8173890317607586,0.42908333069536003,4,1509.25
db7,1.0,symmetric,3.4156030544665706e-27,321.91272480985134,5141422.554778518,0.5229357798165137,90.51326472382821,206,smoothed,3.887720781765063e-14,-1.9884118795943134e-10,6.267872368570651,32602.01648841264,0.9810049370746634,0.00014966566451320274,0.9999999999999999,362.4,,,,[],[],11,426.59999999999997,32.20000000000002,728.3999999999997,"[9, 31, 53, 64, 80, 102, 131, 148, 158, 175, 192]","[310.99999999999994, 417.8000000000002, 589.6, 432.2, 728.3999999999997, 371.0000000000001, 586.9999999999999, 32.20000000000002, 448.1999999999999, 367.9999999999999, 407.20000000000005]","[0, 0, 0, 60, 0, 94, 120, 144, 144, 165, 186]","[20, 40, 75, 75, 204, 120, 204, 149, 204, 186, 204]",30736475.83999999,728.3999999999997,-728.3999999999997,0.0,,,,DWT,mdp.39015067403892,7.450580596923828e-09,,0.0,15.0,11.0,0.0,33.0,,2.2737367544323206e-13,168.40000000000003,987.7999999999993,168.4,,0.0,168.40000000000003,,,28.00000000000003,0.0,15.0,2.2737367544323206e-13,2.2737367544323206e-13,,0.0,3.657085930989058e-14,5.208214088350072e-27,0.9878537834295168,0.19261457809787724,0.13936719936575123,0.0677548579496513,0.03442544398548841,,0.9999996647345563,4.4059199552998455e-09,4.4059199552998455e-09,3.6786974161203912e-09,,0.0,0.9999999955940747,1.5171946557926922e-13,,,,,,1.5893391424973748e-13,0.0,0.0,3.4954031196328703e-13,3.4954031196328703e-13,0.7999999009648605,0.30073748691943886,800,0.7995752795635912,0.40591867401716936,505,0,0.16666663940168147,0.2371338395926742,785,0.0,0.20314512326118886,0.35840297811945004,566,150.5788829816452,0.8421605000192398,664.0,637.87024591727,0.5730718642653851,671,db,0.573477938514061,0.8443824841957417,0.34525069778143475,3,504.0,3.0774182073971634e-14,0.9999999999705138,1.6202294134504122e-27,0.974008123747317,0.7690202267815649,0.00036508806310746474,0.05560115886045397,0.0003353007722932651,0.9999999997236322,2.0315811923854454e-05,4.745387416349445e-11,4.745387416349445e-11,3.962136174706643e-11,,0.0,0.0031261328403482946,1.5171946557926922e-13,,,,,0.0,,7.374542113937972e-14,0.0,0.0,2.847685247612971e-13,2.847685247612971e-13,1.0,0.20156916120433668,0.057512244684877825,1854,1.6914721154044412,0.781942446339696,840,717.0062761231592,0.6242105471052625,1347.0,1156.1692650334076,0.45911785216898343,1716,0.49117026184683504,0.8233619396015222,0.4091722348267588,4,1288.0,,,,,,,,,,,,,2.0662949209464775e-19,0.9999999999715831,1.6202294134504122e-27,0.9811465280380036,0.23773169653474804,0.0013468010408362848,0.04206330784154799,0.9999999999999999,0.00033530077229326554,0.9999999999999541,9.960751159770467e-05,3.8434858594393884e-14,3.8434858594393884e-14,3.209086642252945e-14,,0.0,0.0,0.004567040150618464,1.4108257588933865e-18,,,,,0.13043478260869565,,2.3332883504384434e-21,0.7209302325581395,0.7209302325581395,9.54194168962319e-19,9.54194168962319e-19,1.0,0.3986733618839274,0.12417638082767558,1944,1.8251866090475874,0.8859625626612889,638,923.481456229631,0.5684666092384902,1291.0,960.7064291247096,0.4825977906005535,2012,1009.0473684210526,935.5,610.6543869996938,760,0.4758535102197843,0.8532293215616218,0.41093374637766444,5,1510.25
coif12,1.0,constant,1.3404937209014634e-26,315.9747509023066,4961167.044859422,0.5579710144927537,37.98449239447516,206,smoothed,8.512715882795762e-14,-2.0275943146685954e-10,6.195412402379799,45897.33447595043,0.9913621646639762,0.00014966566451320274,1.0,362.4000000000001,,,,[],[],11,426.60000000000014,32.200000000000045,728.3999999999997,"[9, 31, 53, 64, 80, 102, 131, 148, 158, 175, 192]","[310.99999999999994, 417.8000000000002, 589.5999999999999, 432.20000000000016, 728.3999999999997, 371.0000000000001, 587.0000000000003, 32.200000000000045, 448.2000000000001, 368.00000000000006, 407.19999999999993]","[0, 0, 0, 60, 0, 94, 120, 144, 144, 165, 186]","[20, 40, 75, 75, 205, 120, 205, 149, 205, 186, 205]",30736475.839999996,728.3999999999997,-728.3999999999997,0.0,,,,DWT,mdp.39015067403892,0.0,,0.0,15.0,11.0,0.0,33.0,,2.2737367544323206e-13,168.4000000000002,987.7999999999975,168.4000000000001,,0.0,168.4000000000002,,,28.000000000000057,0.0,15.0,2.2737367544323206e-13,2.2737367544323206e-13,,1.1368683772161603e-13,1.3817552333920835e-13,3.4442995958585733e-26,0.9652929688246068,0.08809802854955642,0.062009668886297234,0.3084113026586215,0.14468130200029725,,0.9999996647593375,4.406097391567225e-09,4.406097391567225e-09,3.6787861342541454e-09,,1.2251610931599486e-12,0.9999999955939026,1.5171946557926922e-13,,,,,,0.0,0.0,0.0,3.4954031196328703e-13,3.4954031196328703e-13,0.7999999009728751,0.3007374869224517,725,0.8354666718763,0.4241395804766043,393,0,0.16666663940385806,0.23713383959577106,725,0.0,0.2240704672742168,0.39532094834707227,364,200.40188788199242,0.7899351280062973,551.75,496.86955417766063,0.6057904151561885,564,coif,0.5556920286951962,0.9053407607371553,0.33941335169221604,4,424.0,8.921179755950035e-14,0.9999999999705138,8.689343715710522e-27,0.9520956557370077,0.7439889433916858,0.00016244130620879003,0.25308924485125894,0.0014091830541835364,0.9999999997235731,2.0315811924354055e-05,4.745570603148508e-11,4.745570603148508e-11,3.962224992548613e-11,,1.2251610931599486e-12,0.003126132840347795,1.5171946557926922e-13,,,,,0.0,,0.0,0.0,0.0,2.847685247612971e-13,2.847685247612971e-13,1.0,0.20156916120491367,0.05751224468504245,1738,1.745132456833939,0.8067488255088685,285,1027.4261530640536,0.4615166912662193,1011.5,489.69846762234306,0.4656902114612019,1671,0.4784248188775415,0.776734912893196,0.43208215291776214,2,1253.75,,,,,,,,,,,,,5.990017337994867e-19,0.9999999999715831,8.689343715710522e-27,0.9652520963611881,0.22999363027916658,0.0012994137024640359,0.19146670745266012,1.0,0.0014091830541835366,0.9999999999999541,9.960751159770499e-05,3.843648489765261e-14,3.843648489765261e-14,3.209173378426744e-14,,0.0,9.572760819061336e-19,0.004567040150618456,1.4108257588933865e-18,,,,,0.13043478260869565,,0.0,0.7209302325581395,0.7209302325581395,9.54194168962319e-19,9.54194168962319e-19,1.0,0.3986733618839274,0.12417638082767558,1855,1.8719481360017223,0.9086610429420853,108,1235.3155467328986,0.42274974451733704,981.5,204.11614875191034,0.48205244235212646,2013,986.6382352941176,846.0,585.0035688138154,340,0.4652856568234462,0.8173890317607586,0.42908333069536003,4,1510.75
bior2.6,1.0,periodic,4.238235631159156e-27,320.9755477593719,5167008.963007642,0.5275229357798165,82.55807546074007,206,smoothed,4.3537988748212934e-14,-2.1161330465702173e-10,6.221128214265873,35436.95593013318,0.9864395458703243,0.00014966566451320268,0.9999999999999999,362.4,,,,[],[],11,426.6,32.19999999999999,728.4000000000001,"[9, 31, 53, 64, 80, 102, 131, 148, 158, 175, 192]","[311.0000000000001, 417.8000000000001, 589.6, 432.19999999999993, 728.4000000000001, 371.0000000000001, 587.0000000000001, 32.19999999999999, 448.1999999999999, 368.0000000000001, 407.2]","[0, 0, 0, 60, 0, 94, 120, 144, 144, 165, 186]","[20, 40, 75, 75, 204, 120, 204, 149, 204, 186, 204]",30736475.84000001,728.4000000000001,-728.4000000000001,0.0,,,,DWT,mdp.39015067403892,1.4901161193847656e-08,,0.0,15.0,11.0,0.0,33.0,,1.1368683772161603e-13,168.4000000000001,987.7999999999984,168.40000000000006,,0.0,168.4000000000001,,,28.0,0.0,15.0,1.1368683772161603e-13,1.1368683772161603e-13,,0.0,4.680994216769729e-14,7.615730301831435e-27,0.9842930608636973,0.12519062006535894,0.15034773114163186,0.09926395602350105,0.057935124676082216,,0.999999664709775,4.4059791007223055e-09,4.4059791007223055e-09,3.6787565615428943e-09,,0.0,0.9999999955939887,7.585973278963461e-14,,,,,,3.1786782849947497e-13,0.0,0.0,1.7477015598164352e-13,1.7477015598164352e-13,0.7999999009574081,0.3007374869166374,829,0.7912246444015612,0.40167932490419717,546,0,0.1666666393996018,0.23713383958971523,823,0.0,0.20243292753861694,0.3571464721109572,568,155.58598908642128,0.8369119611253446,691.5,665.1805802943165,0.5560345969148736,724,bior,0.8100315533562081,0.7923003667562746,0.1952878026237719,6,544.5,3.66631596389811e-14,0.9999999999705134,2.2023786962186736e-27,0.9705497282645525,0.7528724663735444,0.0003938528018421903,0.08145823273780778,0.0005642829778749006,0.9999999997234397,2.0315811923354854e-05,4.745454029730922e-11,4.745454029730922e-11,3.9622027880881205e-11,,0.0,0.0031261328403480726,7.585973278963461e-14,,,,,0.0,,1.4749084227875944e-13,0.0,0.0,1.4238426238064856e-13,1.4238426238064856e-13,1.0,0.201569161204279,0.05751224468486137,1863,1.691772002713239,0.782081079790246,837,725.4915574973977,0.6197633346449698,1350.0,1155.06,0.45610808241682455,1727,0.5943810304597339,0.7715092316736338,0.3524805091760961,5,1296.5,,,,,,,,,,,,,2.4617031369275826e-19,0.9999999999715827,2.2023786962186736e-27,0.9786379456781186,0.23273984541907417,0.0013535274470639121,0.06162466376786041,0.9999999999999999,0.0005642829778749006,0.9999999999999541,9.960751159770423e-05,3.8435400695480126e-14,3.8435400695480126e-14,3.2091408523615694e-14,,0.0,0.0,0.00456704015061846,7.054128794466933e-19,,,,,0.13043478260869565,,4.666576700876887e-21,0.7209302325581395,0.7209302325581395,4.770970844811595e-19,4.770970844811595e-19,1.0,0.3986733618839274,0.12417638082767558,1938,1.8291050325296907,0.8878646018788613,590,953.179941039466,0.5545888125983804,1264.0,904.6044303797469,0.4819673034954519,2014,1104.4,1082.5,563.6960149978129,300,0.520820561188399,0.7876173146100969,0.3991404127850916,6,1512.0
dmey,1.0,reflect,0.4585603379366237,62.857827580832755,7244149.943745915,0.6127819548872181,295.062881693131,206,raw,0.5479448244571128,,6.746656733400756,59121.21968991104,0.742457217816031,5.599243606632267e-06,0.9999983739166185,326.9801214524724,,,,[],[],13,662.2801188498083,87.14751489060251,940.8351365651408,"[8, 32, 51, 63, 81, 100, 111, 133, 152, 162, 175, 192, 204]","[879.374467262294, 639.1962711051891, 793.8803676409213, 787.7532306423487, 940.8351365651408, 789.6678941089613, 638.721977086629, 677.1222546861662, 772.2644605331097, 196.38987369438644, 835.0724781689963, 572.2156186627618, 87.14751489060251]","[0, 13, 39, 61, 76, 99, 107, 107, 107, 161, 164, 187, 203]","[76, 39, 76, 76, 205, 164, 119, 142, 164, 164, 205, 205, 205]",37806265.48839892,941.7984508668359,-941.7984508668359,0.0,,,,DWT,mdp.39015067403892,51652.48839891702,,0.0,33.0,19.0,0.0,28.5,,0.7984508668358785,257.46761884980833,4344.358454952491,257.4676188498083,,0.0,257.46761884980833,,,84.14751489060251,0.0,24.0,0.8351365651408287,0.7984508668358785,,0.01987854752758267,0.6923377919205476,0.32450765918979035,0.018036905815171478,0.9344162067788434,0.0016972898323226147,0.4172932330827071,0.00011185966587870229,,0.6455917794525896,0.8721597710877186,0.8721597710877186,0.8721597710092617,,0.9999089398773976,0.12784022891226188,0.9999999999998639,,,,,,0.5112533795618243,1.0,0.5,0.9999999999999998,0.9999999999999998,2.8481226019668604,0.9311435615793473,7,1.0482468619841587,0.503476517703834,906,0,0.7834228034157196,0.9360476490144126,5,0.125,0.33495013518360883,0.6083855712749974,835,499.9609151390403,0.47593195478088013,438.25,11.588878718860977,0.5082752017090983,853,dmey,1.0,0.5967959140315767,0.12096122579052698,7,641.5,0.6923377919205477,1.8046392361692476e-05,0.32450765918979035,0.018036905815171367,0.9344162067788435,0.0027290151697324594,0.5620498614958452,0.002477295606462021,,0.9945958436080213,0.9981499179845527,0.9981499179845527,0.9981499179845389,,0.21422377038018808,0.9956704515471424,0.5572609630463032,,,,,1.0,,0.5112533795618242,1.0,0.5,0.9999999999999998,0.9999999999999998,0.0,3.285917961536228,0.9375467789278108,9,1.1076169643120608,0.5120348782542197,1845,1298.2480502585013,0.319576493575209,927.0,17.9126213592233,0.4168637184857177,1876,1.0,0.16047866370298075,0.25185640088910577,7,1408.75,,,,,,,,,,,,,4.6486176613437466e-06,0.036281817368611226,0.32450765918979035,0.2877230760892875,0.28886151803416205,0.001899586663480032,0.42520114384188074,0.9999987308690866,0.002477295606462021,,0.000851965122221403,0.0008084439108642076,0.0008084439108642076,0.0008084439108578685,,0.0,1.6738312431370443e-07,0.02009617140572359,5.181919921018266e-06,,,,,0.4782608695652174,,1.617594063771485e-08,1.0,0.8604651162790697,3.3507711913111097e-06,3.3507711913111097e-06,0.9302325581395349,0.5744326688891745,0.17892083262038466,601,1.0946758014391214,0.5313658195379725,1940,946.8159800087872,0.5575626261641182,1270.5,917.7016922471468,0.48193551868953577,2015,1640.65,1604.0,395.57969121943455,20,0.7737090308889414,0.5527188516912812,0.2925880228703567,9,1513.5
dmey,1.0,symmetric,0.4792629913526344,62.66605352750859,7141745.190305951,0.6052631578947368,294.4925796145485,206,raw,0.5653187007099626,,6.737735166297672,59210.852536487764,0.7467644424334247,5.597064069140976e-06,0.9999983477215394,326.98012120458935,,,,[],[],13,662.3607036727828,87.20801387361826,940.8351365651408,"[8, 32, 51, 63, 81, 100, 111, 133, 152, 162, 175, 192, 204]","[879.9887791674698, 639.0611520719608, 793.880367568343, 787.7532306423487, 940.8351365651408, 789.6678941089613, 638.721977086629, 677.1222546861662, 772.2644605331104, 196.38987369702033, 835.0724779964961, 572.7235297489133, 87.20801387361826]","[0, 13, 39, 61, 76, 99, 107, 107, 107, 161, 164, 187, 203]","[76, 39, 76, 76, 205, 164, 119, 142, 164, 164, 205, 205, 205]",37808507.63165949,941.7984508668359,-941.7984508668359,0.0,,,,DWT,mdp.39015067403892,53894.63165949285,,0.0,33.0,19.0,0.0,28.5,,0.7984508668358785,257.54820367278285,4343.310852253822,257.54820367278296,,0.0,257.54820367278285,,,84.20801387361826,0.0,24.0,0.8351365651408287,0.7984508668358785,,0.019878795410647854,0.7142899859830004,0.3391582275954156,0.017329216142885406,0.931334252892046,0.0015820453100935147,0.3609022556390976,0.00011911660976551158,,0.7158716871371329,0.9345628111960145,0.9345628111960145,0.9345628111560085,,0.9999214086200248,0.06543718880395544,0.9999999999998639,,,,,,0.5334459854742084,1.0,0.5,0.9999999999999998,0.9999999999999998,2.905270327654577,0.9498270047697045,5,1.0390461600384957,0.4990573894011123,910,0,0.8015303919652685,0.9576829213312581,4,0.125,0.33156644288175774,0.6022396129431637,839,503.130533095869,0.47260950409238045,439.5,8.843867780417845,0.5059588400965047,861,dmey,1.0,0.5967959140315767,0.12096122579052698,7,647.5,0.7142899859830005,2.9179665653744635e-06,0.3391582275954156,0.017329216142885295,0.9313342528920461,0.00261388975034899,0.5196675900277009,0.002484535382592562,,0.9956674993719719,0.9990530041507454,0.9990530041507454,0.9990530041507406,,0.2142264417244985,0.9953606723132096,0.5572609630463032,,,,,1.0,,0.5334459854742084,1.0,0.5,0.9999999999999998,0.9999999999999998,0.0,3.2979949848263708,0.9409926270643894,6,1.1040152589131653,0.5103698633213937,1852,1305.3191180703668,0.3158704831916317,929.0,11.96124865446717,0.414486604279254,1882,1.0,0.16047866370298075,0.25185640088910577,7,1413.25,,,,,,,,,,,,,4.79601299092829e-06,0.03626723756648382,0.3391582275954156,0.2872097461832612,0.28790877569965084,0.0018726654963858093,0.39313816946642083,0.999998710424265,0.002484535382592562,,0.000852775788025501,0.00080917535861458,0.00080917535861458,0.0008091753586082424,,0.0,1.673852115608666e-07,0.020091324667605017,5.181919921018266e-06,,,,,0.4782608695652174,,1.6878109640768873e-08,1.0,0.8604651162790697,3.3507711913111097e-06,3.3507711913111097e-06,0.9302325581395349,0.5744311473749599,0.17892035870828865,604,1.0898416810483782,0.5290192925207537,1942,946.1088732276006,0.5578930498936445,1273.0,921.4202670856246,0.4815166184047662,2016,1640.65,1604.0,395.57969121943455,20,0.7737090308889414,0.5527188516912812,0.2925880228703567,9,1514.25
sym6,1.0,symmetric,4.2964174978009536e-20,253.14072770210203,6030072.715319722,0.6203703703703703,279.73847679653085,206,raw,1.6636640716613823e-10,,6.396043804378699,62241.02588633268,0.7579624672007657,5.618943883682628e-06,1.0,326.9999999999182,,,,[],[],13,661.1538461542291,87.00000000003482,940.0000000004978,"[8, 32, 51, 63, 81, 100, 111, 133, 152, 162, 175, 192, 204]","[878.000000000195, 638.0000000007017, 787.0000000007396, 792.0000000004613, 940.0000000004978, 788.0000000002924, 637.0000000004586, 675.0000000002909, 771.0000000002309, 196.00000000041115, 834.0000000006195, 572.0000000000441, 87.00000000003482]","[0, 13, 42, 42, 76, 99, 107, 107, 107, 161, 164, 187, 203]","[76, 42, 61, 76, 205, 164, 119, 142, 164, 164, 205, 205, 205]",37754613.00001198,941.000000000176,-941.000000000176,0.0,,,,DWT,mdp.39015067403892,1.1980533599853516e-05,,0.0,33.0,19.0,0.0,28.5,,1.7598722479306161e-10,256.3413461542291,4358.999999995021,256.3413461542291,,0.0,256.3413461542291,,,84.00000000003482,0.0,28.5,4.978346623829566e-10,1.7598722479306161e-10,,8.179767974070273e-11,2.1018849387773384e-10,3.0404294336604714e-20,0.7202238852019257,0.8132970281776439,0.00033098850900334126,0.474206349206349,0.0003644485255415791,,0.4742280246520457,6.992473633004736e-09,6.992473633004736e-09,6.37850721345623e-09,,4.114497355527014e-09,0.9999999930074654,5.961116818049264e-10,,,,,,1.1858263719212258e-10,1.0,1.0,2.2041083816524396e-10,2.2041083816524396e-10,0.8422684125111429,0.275364834677343,33,1.0287766586202918,0.49412491309223494,911,0,0.28951900360774824,0.3459225101572914,33,0.125,0.28066752854723603,0.5097895380754212,920,509.52486036829777,0.4659068549598556,474.25,63.70368920164707,0.4843947272702842,920,sym,0.8243425715244881,0.7368036147090654,0.2019191155201387,6,691.5,2.101884938777338e-10,0.00015478832991300262,3.0404294336604714e-20,0.7202238852019256,0.813297028177644,0.0013641258907554962,0.6048245614035088,0.0027292869165163607,,0.9919828214568184,0.9855281704495378,0.9855281704495378,0.9855281704494258,,8.815034065285831e-10,0.9999999999652879,3.321897698858099e-10,,,,,1.0,,1.1858263719212258e-10,1.0,0.75,2.2041083816524396e-10,2.2041083816524396e-10,0.0,2.259570200578542,0.6447065289248011,33,1.0825328840453956,0.5004388803602742,1859,1291.1769824466357,0.3232825039587863,946.0,64.84883720930233,0.4137376880380934,1885,0.7763846615972358,0.5622554397616224,0.28785410495344815,6,1415.25,,,,,,,,,,,,,1.4112850060385054e-15,0.03641360043836668,3.0404294336604714e-20,0.7970615478196843,0.25141924173375335,0.0015804181206748981,0.4575609976097055,1.0,0.0027292869165163607,,0.0008499884728395886,0.0007982210227436016,0.0007982210227436016,0.0007982210227372628,,0.0,6.887601409314632e-16,0.02016391057302679,3.08900299909707e-15,,,,,0.4782608695652174,,3.751927667505017e-18,1.0,0.9302325581395349,7.385462867768349e-16,7.385462867768349e-16,0.9302325581395349,0.5814294660167822,0.1811001529055076,224,1.1997769525610238,0.5823828962166149,1877,1168.847509301363,0.45380957509282105,1050.5,400.2360780580676,0.48146086231276564,2017,1409.1368421052632,1454.5,398.32527672708756,380,0.6645304607900322,0.5565550872278735,0.3678621512786154,7,1514.5
db4,1.0,periodization,2.837083485143509e-27,322.7186775854026,4960751.85352757,0.5242718446601942,87.85052568633708,206,smoothed,3.40608859827826e-14,-2.0619275176159181e-10,6.195930928926312,31688.237398435293,0.9814806767656286,0.00014966566451320268,0.9999999999999999,362.4,,,,[],[],11,426.6,32.20000000000002,728.4000000000001,"[9, 31, 53, 64, 80, 102, 131, 148, 158, 175, 192]","[311.0, 417.8000000000001, 589.6, 432.2000000000001, 728.4000000000001, 371.00000000000006, 587.0000000000001, 32.20000000000002, 448.1999999999999, 368.0000000000001, 407.2000000000001]","[0, 0, 0, 60, 0, 94, 120, 144, 144, 165, 186]","[20, 40, 75, 75, 204, 120, 204, 149, 204, 186, 204]",30736475.84,728.4000000000001,-728.4000000000001,0.0,,,,DWT,mdp.39015067403892,3.725290298461914e-09,,0.0,15.0,11.0,0.0,33.0,,1.1368683772161603e-13,168.4000000000001,987.7999999999984,168.4000000000001,,0.0,168.4000000000001,,,28.00000000000003,0.0,15.0,1.1368683772161603e-13,1.1368683772161603e-13,,0.0,2.599007487230757e-14,3.515118917525088e-27,0.9909159307936912,0.08884595334637407,0.061831487502976526,0.07693226515562712,0.026847626163012877,,0.9999996647345563,4.4059791007223055e-09,4.4059791007223055e-09,3.6787861342541454e-09,,0.0,0.9999999955939887,7.585973278963461e-14,,,,,,7.946695712486874e-14,0.0,0.0,1.7477015598164352e-13,1.7477015598164352e-13,0.7999999009647322,0.3007374869193906,801,0.7114002354283538,0.3611550377322705,775,0,0.16666663940164952,0.23713383959262874,802,0.0,0.17791046613738684,0.31388221326030297,816,17.09775813764288,0.9820778216586553,798.5,798.2223555530155,0.5725378626112982,673,db,0.573477938514061,0.8443824841957417,0.34525069778143475,3,505.5,2.4688675877914238e-14,0.9999999999705134,1.2108306589020897e-27,0.9769822719478755,0.7441680683018016,0.00016197454002266879,0.06313234542667362,0.0002614934985440938,0.9999999997235214,2.0315811923854454e-05,4.745454029730922e-11,4.745454029730922e-11,3.962224992548613e-11,,0.0,0.0031261328403480726,7.585973278963461e-14,,,,,0.0,,3.687271056968986e-14,0.0,0.0,1.4238426238064856e-13,1.4238426238064856e-13,1.0,0.2015691612042239,0.05751224468484565,1884,1.6837119200402946,0.7783550232353761,900,695.7930726875628,0.6353285782559943,1392.0,1218.103448275862,0.4528844149141607,1746,0.49117026184683504,0.8233619396015222,0.4091722348267588,4,1310.5,,,,,,,,,,,,,1.6576910297341427e-19,0.9999999999715827,1.2108306589020897e-27,0.983303856703504,0.2300490042047026,0.0012993045528899643,0.04776079015018275,0.9999999999999999,0.0002614934985440938,0.9999999999999541,9.960751159770467e-05,3.8435400695480126e-14,3.8435400695480126e-14,3.209173378426744e-14,,0.0,0.0,0.00456704015061846,7.054128794466933e-19,,,,,0.13043478260869565,,1.1666441752192217e-21,0.7209302325581395,0.7209302325581395,4.770970844811595e-19,4.770970844811595e-19,1.0,0.3986733618839274,0.12417638082767558,1951,1.8248653818518457,0.8858066359915856,645,923.481456229631,0.5684666092384902,1298.0,969.4876733436056,0.48096227658186197,2018,1009.0473684210526,935.5,610.6543869996938,760,0.4758535102197843,0.8532293215616218,0.41093374637766444,5,1514.75
coif5,,,,7.781330554319088,34564.56687405478,0.6893203883495146,28.532494410667834,206,smoothed,142.73963099398603,,7.193324191193786,90447.61084362333,1.0,7.299975301387747e-05,0.2996718174773767,170.2919603107373,0.04854368932038834,14740.067023197487,15.0,"[0.0, 0.0048543689320388345, 0.009708737864077669, 0.014563106796116504, 0.019417475728155338, 0.02427184466019417, 0.029126213592233007, 0.03398058252427184, 0.038834951456310676, 0.04368932038834951, 0.04854368932038834, 0.05339805825242718, 0.058252427184466014, 0.06310679611650485, 0.06796116504854369, 0.07281553398058252, 0.07766990291262135, 0.08252427184466019, 0.08737864077669902, 0.09223300970873785, 0.09708737864077668, 0.10194174757281553, 0.10679611650485436, 0.1116504854368932, 0.11650485436893203, 0.12135922330097086, 0.1262135922330097, 0.13106796116504854, 0.13592233009708737, 0.1407766990291262, 0.14563106796116504, 0.15048543689320387, 0.1553398058252427, 0.16019417475728154, 0.16504854368932037, 0.1699029126213592, 0.17475728155339804, 0.17961165048543687, 0.1844660194174757, 0.18932038834951453, 0.19417475728155337, 0.19902912621359223, 0.20388349514563106, 0.2087378640776699, 0.21359223300970873, 0.21844660194174756, 0.2233009708737864, 0.22815533980582522, 0.23300970873786406, 0.2378640776699029, 0.24271844660194172, 0.24757281553398056, 0.2524271844660194, 0.25728155339805825, 0.2621359223300971, 0.2669902912621359, 0.27184466019417475, 0.2766990291262136, 0.2815533980582524, 0.28640776699029125, 0.2912621359223301, 0.2961165048543689, 0.30097087378640774, 0.3058252427184466, 0.3106796116504854, 0.31553398058252424, 0.3203883495145631, 0.3252427184466019, 0.33009708737864074, 0.3349514563106796, 0.3398058252427184, 0.34466019417475724, 0.3495145631067961, 0.3543689320388349, 0.35922330097087374, 0.36407766990291257, 0.3689320388349514, 0.37378640776699024, 0.37864077669902907, 0.3834951456310679, 0.38834951456310673, 0.3932038834951456, 0.39805825242718446, 0.4029126213592233, 0.4077669902912621, 0.41262135922330095, 0.4174757281553398, 0.4223300970873786, 0.42718446601941745, 0.4320388349514563, 0.4368932038834951, 0.44174757281553395, 0.4466019417475728, 0.4514563106796116, 0.45631067961165045, 0.4611650485436893, 0.4660194174757281, 0.47087378640776695, 0.4757281553398058, 0.4805825242718446, 0.48543689320388345, 0.4902912621359223, 0.4951456310679611]","[99869.49903308818, 9085.103842080465, 9734.352676756997, 3251.63210839271, 5707.464800626412, 7682.429692196505, 7833.028057794929, 8959.114186352777, 10604.155284903769, 7744.52116656878, 13535.959440577517, 14740.067023197487, 4812.1534833287205, 6399.357162021796, 3888.234506211871, 2731.471545911687, 2381.1425363888393, 8072.028773631441, 4360.677205813904, 3770.0800348792736, 2457.637483816013, 5080.780000649522, 6333.566732811732, 2133.9565757192245, 2979.1750269049094, 750.5115253968759, 5758.811047070087, 1738.691181424769, 1495.7515880918388, 1604.4870805535998, 1029.3719385505808, 1029.683777933035, 149.46830423270265, 585.1930788726071, 410.5867170386944, 1245.174324331361, 187.90634663949757, 678.7988472906659, 325.53338748341895, 731.9544551464701, 151.93020741609283, 214.5920775895764, 241.12256299998015, 234.73464782673943, 222.2287911352596, 317.5320956895888, 309.5535619521482, 170.78985024378474, 189.55045341411744, 973.726962494385, 315.29458578887846, 305.0862296403858, 509.08523969716407, 1223.249981096461, 1171.5467247450692, 1422.7702004674302, 1030.7347885284826, 1283.062667827241, 1760.136196347492, 993.1636479872714, 494.04676802215306, 1124.011478970602, 745.6293477784299, 382.6085641086136, 1375.1404979223134, 946.542165751649, 554.4244930779995, 1167.0098838951967, 240.81517019218157, 363.77593857760985, 755.5268360730372, 488.39105246685364, 481.04774153967156, 800.3892883779662, 83.19965013134768, 440.18434784486976, 917.2197171820274, 128.5435156238804, 229.48063616663424, 129.99080266679783, 277.5689941580802, 163.41547426288372, 133.98579968719235, 184.3437454567931, 147.7705006825878, 214.51093470892823, 234.40532638277188, 671.0266331326932, 216.97883887745544, 359.86083739199387, 495.73120641338403, 579.1155312009611, 521.6741098559363, 201.63759838779265, 335.7944160266982, 262.08534869634263, 642.7080732845883, 301.44790248103664, 229.80173865503536, 1330.4166815458707, 269.8592562745058, 1211.5538883854351, 476.88103742826775]",12,518.5183361982532,50.72613826535144,1013.7617080684377,"[13, 35, 57, 69, 85, 106, 125, 135, 151, 163, 180, 196]","[602.8396597210801, 422.6742865320722, 838.3541609892627, 629.248994428787, 1013.7617080684377, 487.8857339623497, 70.65358183649897, 709.2244432267972, 50.72613826535144, 607.0777463323253, 508.4284482812575, 281.3451327348189]","[4, 23, 4, 64, 4, 99, 124, 124, 149, 149, 169, 191]","[43, 43, 78, 78, 124, 124, 126, 149, 152, 191, 191, 200]",61488957.54555497,992.1502728405286,-992.1502728405286,306219.95522331627,0.07199432228953909,0.10632492102362154,0.4951456310679611,SWT,mdp.39015067403892,30752481.705554977,,0.0,-11.5,10.0,0.0,-16.0,,263.7502728405286,260.3183361982533,541.8200343790404,260.31833619825323,,306219.95522331627,260.3183361982533,,,46.52613826535145,0.0,-16.0,285.3617080684377,263.7502728405286,,192.10803968926268,0.2284904385694156,,0.2650002914401134,0.1633146182464456,0.028915530204872725,0.6666666666666669,0.35807603739459,,0.06309501971593283,0.24040248293894573,0.24040248293894573,0.239439084582986,,0.8123631921140588,0.10129263662786703,0.35925970564015824,,,,,,0.49602856833595876,0.11,0.01010101010101011,0.2426846745527224,0.2426846745527224,2.030063141283394,0.6516883871735907,52,1.0956117133325058,0.41764537126303986,62,0,0.3115730574778806,0.5136909757299436,64,0.0,0.3457711543577174,0.45769183646925893,63,5.560275772537426,0.9475445681836092,60.25,59.8284562349844,0.6895741708842574,41,coif,1.0,0.7144143715238808,0.08567568854283576,5,32.0,0.023475607330061564,0.8127511273060382,,0.24560388838459116,0.3328249717345779,0.004931133721354869,0.6571428571428573,0.05271135992151044,,0.039663521242245314,0.08046687363345778,0.08046687363345778,0.08007684038594073,,0.4814670152698707,0.1317346080132501,0.08878698860360396,,,,,0.16666666666666669,,0.11787164263470112,0.24576271186440674,0.1694915254237288,0.07917520334867273,0.07917520334867273,0.1694915254237288,1.0202920470111045,0.3348239573205636,157,1.0324123143575412,0.531013270094199,168,7.7781745930520225,0.9633104972025848,162.5,162.31384615384616,0.5984005316201604,115,1.0,0.7220099692676862,0.08339700921969413,7,88.0,,,0.4534055534556077,0.5,0.020000000000000018,0.6023000988840269,0.4534055534556075,1.0,False,False,0.9958423300668999,0.5873320171036106,0.001210964936606104,0.48715090972004366,,0.14029743350201362,0.33656154557089807,4.2600688545219815e-06,0.751589771343526,0.4534055534556076,0.0050075740433575214,,0.0003478514658770942,0.0008343191403987701,0.0008343191403987701,0.0008343191403924311,,0.5873320171036106,0.0016176053026184156,0.0025037120375458236,0.0017706343865883539,,,,,0.08695652173913043,,9.630713523221064e-06,0.31007751937984496,0.24031007751937983,0.0011068518460462093,0.0011068518460462093,0.24031007751937983,0.4945313687762935,0.1540336562498394,1000,0.8829710848550758,0.4286023802805718,2012,715.5920625607861,0.6656111857192588,1506.0,1335.9893758300134,0.48093643398112473,2019,986.6382352941176,846.0,585.0035688138154,340,0.4652856568234462,0.8173890317607586,0.42908333069536003,4,1515.25
db36,1.0,reflect,1.8222840087480173e-26,314.64123810159913,6610447.799988635,0.5289855072463768,126.94121756075623,206,smoothed,9.345706517194131e-14,-2.0041073245380443e-10,6.673989964005204,30989.94365674022,0.9823320129812372,0.00014966566451320274,0.9999999999999997,362.39999999999975,,,,[],[],11,426.59999999999985,32.19999999999996,728.3999999999999,"[9, 31, 53, 64, 80, 102, 131, 148, 158, 175, 192]","[310.99999999999943, 417.7999999999999, 589.6, 432.1999999999997, 728.3999999999999, 371.00000000000006, 587.0, 32.19999999999996, 448.19999999999976, 367.9999999999999, 407.2000000000003]","[0, 0, 0, 60, 0, 94, 120, 144, 144, 165, 186]","[20, 40, 75, 75, 205, 120, 205, 149, 205, 186, 205]",30736475.839999996,728.3999999999999,-728.3999999999999,0.0,,,,DWT,mdp.39015067403892,0.0,,0.0,15.0,11.0,0.0,33.0,,1.1368683772161603e-13,168.39999999999992,987.8000000000002,168.39999999999992,,0.0,168.39999999999992,,,27.99999999999997,0.0,15.0,1.1368683772161603e-13,1.1368683772161603e-13,,2.2737367544323206e-13,1.564751607872033e-13,4.8543068850810735e-26,0.9602264031005961,0.7784002473028838,0.7698065420101685,0.10931033511951166,0.02105679244928537,,0.9999996646849938,4.405801664454926e-09,4.405801664454926e-09,3.678608697986637e-09,,2.4503221863198973e-12,0.9999999955941608,7.585973278963461e-14,,,,,,0.0,0.0,0.0,1.7477015598164352e-13,1.7477015598164352e-13,0.7999999009509753,0.3007374869142191,848,1.4023860875444496,0.7119463491003231,59,0,0.1666666393976869,0.2371338395869907,849,0.0,0.37697147428322886,0.6650797069613996,68,453.2350383630992,0.524910861254613,456.0,117.60507906841076,0.5234617199354825,820,db,0.573477938514061,0.8443824841957417,0.34525069778143475,3,615.75,9.973677873951726e-14,0.9999999999705138,1.20988108151322e-26,0.9471746916098812,0.9093134832559517,0.0020165948707369487,0.08970251716247171,0.00020509129158190632,0.9999999997236085,2.0315811922799742e-05,4.74525418958649e-11,4.74525418958649e-11,3.962036254634427e-11,,2.4503221863198973e-12,0.003126132840348572,7.585973278963461e-14,,,,,0.0,,0.0,0.0,0.0,1.4238426238064856e-13,1.4238426238064856e-13,1.0,0.2015691612054288,0.05751224468518944,1724,1.7599328972915218,0.8135908493961733,169,1099.5510447450813,0.423715385353731,946.5,307.824617010037,0.463823101481897,1693,0.49117026184683504,0.8233619396015222,0.4091722348267588,4,1270.75,,,,,,,,,,,,,6.696704362301523e-19,0.9999999999715831,1.20988108151322e-26,0.9616826249503972,0.28110136707465433,0.001732992821622305,0.06786161783132272,0.9999999999999997,0.00020509129158190675,0.9999999999999541,9.960751159770391e-05,3.8433882812438647e-14,3.8433882812438647e-14,3.209010748100871e-14,,0.0,1.9145521638122673e-18,0.004567040150618468,7.054128794466933e-19,,,,,0.13043478260869565,,0.0,0.7209302325581395,0.7209302325581395,4.770970844811595e-19,4.770970844811595e-19,1.0,0.3986733618839274,0.12417638082767558,1896,1.845653438558995,0.8958973521417687,317,1116.5216074935586,0.47826093107777634,1106.5,543.1830094893809,0.4806024281557106,2020,1009.0473684210526,935.5,610.6543869996938,760,0.4758535102197843,0.8532293215616218,0.41093374637766444,5,1516.25
coif12,1.0,periodic,1.466749089806698e-26,315.5838404685939,5924922.766627352,0.5181159420289855,98.94303629636318,206,smoothed,8.915198676383175e-14,-2.0349144591591586e-10,6.6393627117659175,29513.914716666284,0.9783242042967818,0.00014966566451320263,1.0,362.40000000000003,,,,[],[],11,426.60000000000014,32.200000000000045,728.3999999999997,"[9, 31, 53, 64, 80, 102, 131, 148, 158, 175, 192]","[310.9999999999998, 417.8000000000003, 589.5999999999999, 432.20000000000016, 728.3999999999997, 371.0000000000001, 587.0000000000003, 32.200000000000045, 448.2000000000001, 368.00000000000006, 407.19999999999993]","[0, 0, 0, 60, 0, 94, 120, 144, 144, 165, 186]","[20, 40, 75, 75, 204, 120, 204, 149, 204, 186, 204]",30736475.839999996,728.3999999999997,-728.3999999999997,0.0,,,,DWT,mdp.39015067403892,0.0,,0.0,15.0,11.0,0.0,33.0,,2.2737367544323206e-13,168.4000000000002,987.7999999999975,168.4000000000001,,0.0,168.4000000000002,,,28.000000000000057,0.0,15.0,2.2737367544323206e-13,2.2737367544323206e-13,,5.684341886080802e-14,1.4701750654712936e-13,3.813798514683925e-26,0.9638077386839167,0.7284537580255189,0.47561013333186564,0.03464747229234519,0.00881633025085704,,0.9999996647593375,4.406097391567225e-09,4.406097391567225e-09,3.6787861342541454e-09,,6.125805465799743e-13,0.9999999955939026,1.5171946557926922e-13,,,,,,0.0,0.0,0.0,3.4954031196328703e-13,3.4954031196328703e-13,0.7999999009725688,0.3007374869223366,741,1.1977021099063672,0.6080348714458885,127,0,0.16666663940380702,0.23713383959569842,731,0.0,0.31590506179780725,0.5573420278751733,137,348.7673532122333,0.6344157723142209,434.0,223.5785672841568,0.5897445737881377,617,coif,0.5556920286951962,0.9053407607371553,0.33941335169221604,4,463.75,9.429723748266072e-14,0.9999999999705129,9.582810307434022e-27,0.950653107738819,0.8973515046713709,0.0012459142693735218,0.028432494279176268,8.587027499633564e-05,0.9999999997235621,2.0315811924354055e-05,4.745570603148508e-11,4.745570603148508e-11,3.962224992548613e-11,,6.125805465799743e-13,0.003126132840347795,1.5171946557926922e-13,,,,,0.0,,0.0,0.0,0.0,2.847685247612971e-13,2.847685247612971e-13,1.0,0.20156916120460738,0.05751224468495506,1804,1.7310979198159395,0.8002608674106201,438,965.9078631008239,0.49375898160334175,1121.0,704.8635147190009,0.453116388076304,1742,0.4784248188775415,0.776734912893196,0.43208215291776214,2,1307.0,,,,,,,,,,,,,6.331472999066434e-19,0.9999999999715824,9.582810307434022e-27,0.9642057294897363,0.2774034910451433,0.0015527752696977135,0.021509709223321016,1.0,8.587027499633651e-05,0.9999999999999541,9.960751159770499e-05,3.843648489765261e-14,3.843648489765261e-14,3.209173378426744e-14,,0.0,4.786380409530668e-19,0.004567040150618456,1.4108257588933865e-18,,,,,0.13043478260869565,,0.0,0.7209302325581395,0.7209302325581395,9.54194168962319e-19,9.54194168962319e-19,1.0,0.3986733618839274,0.12417638082767558,1948,1.8266398026420454,0.8866679563534225,616,941.8662325404813,0.5598755922708032,1282.0,936.0124804992198,0.4804050858550278,2021,986.6382352941176,846.0,585.0035688138154,340,0.4652856568234462,0.8173890317607586,0.42908333069536003,4,1516.75
db33,1.0,periodic,1.461944601393043e-26,315.59808958371633,5897528.850522443,0.5296296296296297,105.50852787706825,206,smoothed,8.55755595835344e-14,-2.0399104627699707e-10,6.581360713888916,30928.72217562217,0.979644255120593,0.00014966566451320284,0.9999999999999999,362.3999999999999,,,,[],[],11,426.59999999999997,32.19999999999985,728.3999999999997,"[9, 31, 53, 64, 80, 102, 131, 148, 158, 175, 192]","[311.0000000000001, 417.79999999999984, 589.6, 432.1999999999998, 728.3999999999997, 371.0000000000001, 586.9999999999999, 32.19999999999985, 448.20000000000005, 367.9999999999999, 407.2]","[0, 0, 0, 60, 0, 94, 120, 144, 144, 165, 186]","[20, 40, 75, 75, 205, 120, 205, 149, 205, 186, 205]",30736475.839999996,728.3999999999997,-728.3999999999997,0.0,,,,DWT,mdp.39015067403892,0.0,,0.0,15.0,11.0,0.0,33.0,,2.2737367544323206e-13,168.40000000000003,987.7999999999993,168.39999999999998,,0.0,168.40000000000003,,,27.999999999999858,0.0,15.0,2.2737367544323206e-13,2.2737367544323206e-13,,5.684341886080802e-14,1.3916059699065324e-13,3.7997377005597593e-26,0.9638618769555841,0.6447914406978223,0.46385390074297983,0.11373480106482539,0.020549092901524645,,0.9999996645858688,4.4059199552998455e-09,4.4059199552998455e-09,3.67866784340914e-09,,6.125805465799743e-13,0.9999999955940747,1.5171946557926922e-13,,,,,,0.0,0.0,0.0,3.4954031196328703e-13,3.4954031196328703e-13,0.7999999009204722,0.3007374869027523,876,1.1863533544803333,0.6022734730234721,133,0,0.1666666393893262,0.23713383957509504,876,0.0,0.31525587319469656,0.5561966834781191,140,426.960087908304,0.55245273804161,506.25,236.0611893425185,0.5108961803415597,872,db,0.573477938514061,0.8443824841957417,0.34525069778143475,3,654.75,8.977835969341432e-14,0.9999999999705145,9.548810566075336e-27,0.9507056901994624,0.8773147240549637,0.0012151174950618474,0.0933333333333338,0.00020014634299885025,0.9999999997235546,2.0315811920856852e-05,4.745387416349445e-11,4.745387416349445e-11,3.962102868015904e-11,,6.125805465799743e-13,0.0031261328403482946,1.5171946557926922e-13,,,,,0.0,,0.0,0.0,0.0,2.847685247612971e-13,2.847685247612971e-13,1.0,0.2015691612046051,0.05751224468495442,1806,1.7471017266458264,0.8076591897059406,265,1089.6515498084698,0.4289037998907391,1035.5,462.1825205214872,0.44309445759736116,1782,0.49117026184683504,0.8233619396015222,0.4091722348267588,4,1337.5,,,,,,,,,,,,,6.028058461456511e-19,0.9999999999715838,9.548810566075336e-27,0.9642438707127013,0.2712094044877996,0.0015455736880518212,0.07060839760068588,0.9999999999999999,0.00020014634299885025,0.9999999999999541,9.960751159770228e-05,3.8434858594393884e-14,3.8434858594393884e-14,3.2090649582094954e-14,,0.0,4.786380409530668e-19,0.004567040150618464,1.4108257588933865e-18,,,,,0.13043478260869565,,0.0,0.7209302325581395,0.7209302325581395,9.54194168962319e-19,9.54194168962319e-19,1.0,0.3986733618839274,0.12417638082767558,1901,1.8432472290844772,0.8947293556740233,342,1102.3794718698275,0.48486940566830494,1121.5,579.7075345519394,0.48040199255377863,2022,1009.0473684210526,935.5,610.6543869996938,760,0.4758535102197843,0.8532293215616218,0.41093374637766444,5,1517.75
db33,1.0,antireflect,1.4816956105719673e-26,315.53980879932146,6521700.707992592,0.5259259259259259,122.23920963678549,206,smoothed,8.522632437967172e-14,-2.0554518087578837e-10,6.633616526036017,133326.85107016165,0.996097109283458,0.00014966566451320282,0.9999999999999999,362.3999999999999,,,,[],[],11,426.59999999999985,32.199999999999875,728.3999999999997,"[9, 31, 53, 64, 80, 102, 131, 148, 158, 175, 192]","[311.0, 417.79999999999995, 589.5999999999999, 432.1999999999998, 728.3999999999997, 371.0000000000001, 586.9999999999999, 32.199999999999875, 448.19999999999993, 367.9999999999998, 407.2000000000002]","[0, 0, 0, 60, 0, 94, 120, 144, 144, 165, 186]","[20, 40, 75, 75, 205, 120, 205, 149, 205, 186, 205]",30736475.840000004,728.3999999999997,-728.3999999999997,0.0,,,,DWT,mdp.39015067403892,7.450580596923828e-09,,0.0,15.0,11.0,0.0,33.0,,2.2737367544323206e-13,168.39999999999992,987.8000000000002,168.39999999999998,,0.0,168.39999999999992,,,27.999999999999886,0.0,15.0,2.2737367544323206e-13,2.2737367544323206e-13,,5.684341886080802e-14,1.3839337616597023e-13,3.857540997168871e-26,0.9636404441921139,0.7201654363891118,0.7317202950092965,0.08829412187927206,0.8697197235672206,,0.99999966461065,4.405801664454926e-09,4.405801664454926e-09,3.67866784340914e-09,,6.125805465799743e-13,0.9999999955941608,1.5171946557926922e-13,,,,,,1.5893391424973748e-13,0.0,0.0,3.4954031196328703e-13,3.4954031196328703e-13,0.7999999009279583,0.3007374869055665,874,1.6873326703931109,0.8566045720743778,21,0,0.166666639391392,0.2371338395780343,874,0.0,0.48193428871959343,0.8502625195333982,21,492.4797796187508,0.4837738159132591,447.5,41.01452513966481,0.5073481238895436,888,db,0.573477938514061,0.8443824841957417,0.34525069778143475,3,666.75,8.933709495450057e-14,0.9999999999705143,9.688581785368502e-27,0.9504906209109218,0.8953664857571036,0.0019168236604962276,0.07245614035087727,0.008470992999064928,0.9999999997235312,2.031581192130094e-05,4.74525418958649e-11,4.74525418958649e-11,3.962102868015904e-11,,6.125805465799743e-13,0.003126132840348572,1.5171946557926922e-13,,,,,0.0,,7.374542113937972e-14,0.0,0.0,2.847685247612971e-13,2.847685247612971e-13,1.0,0.20156916120464144,0.05751224468496478,1801,1.7513068804759238,0.8096031698893531,237,1105.9150057757604,0.4203799760085113,1019.0,418.8783120706575,0.44315644502731644,1780,0.49117026184683504,0.8233619396015222,0.4091722348267588,4,1336.0,,,,,,,,,,,,,5.998430278760424e-19,0.9999999999715837,9.688581785368502e-27,0.9640878680154752,0.2767898506001874,0.0017096621146727247,0.054814413926848105,0.9999999999999999,0.008470992999064928,0.9999999999999541,9.960751159770272e-05,3.8433882812438647e-14,3.8433882812438647e-14,3.2090649582094954e-14,,0.0,4.786380409530668e-19,0.004567040150618468,1.4108257588933865e-18,,,,,0.13043478260869565,,2.3332883504384434e-21,0.7209302325581395,0.7209302325581395,9.54194168962319e-19,9.54194168962319e-19,1.0,0.3986733618839274,0.12417638082767558,1904,1.8430166399285373,0.8946174255521904,346,1101.672365088641,0.48519982939783124,1125.0,585.5857777777778,0.479749447409196,2023,1009.0473684210526,935.5,610.6543869996938,760,0.4758535102197843,0.8532293215616218,0.41093374637766444,5,1518.5
dmey,1.0,periodization,0.4706753154424387,62.74457824516147,5980292.270625288,0.6116504854368932,291.08849108385203,206,raw,0.5551857948405589,,6.31757656496204,63245.10793933326,0.7660790929861613,5.598576943120711e-06,0.9999983280885574,326.9801217170383,,,,[],[],13,662.3070110044597,86.59177076134847,940.8351365651409,"[8, 32, 51, 63, 81, 100, 111, 133, 152, 162, 175, 192, 204]","[880.1018482869484, 638.9679985103177, 793.8803675582622, 787.7532306423487, 940.8351365651409, 789.6678941089618, 638.7219770866293, 677.122254686166, 772.2644605331102, 196.38987369679825, 835.0724767834139, 572.6218538385302, 86.59177076134847]","[0, 13, 39, 61, 76, 99, 107, 107, 107, 161, 164, 187, 203]","[76, 39, 76, 76, 205, 164, 119, 142, 164, 164, 205, 205, 205]",37807392.56016685,941.7984508668359,-941.7984508668359,0.0,,,,DWT,mdp.39015067403892,52779.560166850686,,0.0,33.0,19.0,0.0,28.5,,0.7984508668358785,257.4945110044597,4344.008856942024,257.4945110044597,,0.0,257.4945110044597,,,83.59177076134847,0.0,24.0,0.8351365651409424,0.7984508668358785,,0.019878282961713012,0.7014868836226257,0.33308101947916696,0.01761899012815027,0.7861905332410251,0.0002749664653730564,0.40880721220527005,0.0004457420177675623,,1.3200551762793111e-13,0.8929844393486176,0.8929844393486176,0.8929844392829922,,0.9998956319746001,0.10701556065139772,1.0,,,,,,0.5224090715376805,1.0,0.5,0.9999999999999998,0.9999999999999998,2.668346127475947,0.8723688070691145,8,0.9778000023935921,0.46964065247386916,937,0,0.7340227985120031,0.8770236350977705,8,0.125,0.3148793353084827,0.5719300402411579,872,518.2742999609377,0.4567355346321408,456.25,15.859546281693556,0.48924302937057773,910,dmey,1.0,0.5967959140315767,0.12096122579052698,7,684.25,0.7014868836226259,1.3419002603098917e-05,0.33308101947916696,0.017618990128150158,0.7861905332410252,0.0013081617447561384,0.5556719468574347,0.0028103880926816866,,0.9847516054124512,0.9984512890361766,0.9984512890361766,0.9984512890361659,,0.21422091925145076,0.9955670743756206,0.5572609630463791,,,,,1.0,,0.5224090715376805,1.0,0.5,0.9999999999999998,0.9999999999999998,0.0,3.2887606558618563,0.938357863970002,7,1.0380123780248962,0.4798577114051912,1887,1329.3607486307094,0.3032700478874689,947.0,13.948257655755016,0.40346940549509713,1903,1.0,0.16047866370298075,0.25185640088910577,7,1429.0,,,,,,,,,,,,,4.71004812168819e-06,0.036277357788483386,0.33308101947916696,0.2874199366925341,0.24303965326003776,0.0015673313485805806,0.42037613313489364,0.9999986951010505,0.0028103880926816866,,0.0008445183398300831,0.0008086880040482136,0.0008086880040482136,0.0008086880040418749,,0.0,1.6738089659249952e-07,0.0200945539891155,5.181919921018971e-06,,,,,0.4782608695652174,,1.6528904194315186e-08,1.0,0.8604651162790697,3.3507711913111097e-06,3.3507711913111097e-06,0.9302325581395349,0.5744298460053866,0.1789199533655214,605,1.0747627728897617,0.5216998501973668,1949,950.3515139147198,0.5559105075164861,1277.0,923.371182458888,0.4795907677769346,2024,1640.65,1604.0,395.57969121943455,20,0.7737090308889414,0.5527188516912812,0.2925880228703567,9,1520.25
db6,,,,8.149043258423244,33778.699280540604,0.6407766990291263,25.46289189906224,206,smoothed,142.76654727839298,,7.192068390119853,90447.61084362335,1.0,8.923204952983843e-05,0.3747784363593132,178.6767256295292,0.04854368932038834,14738.708638051965,15.0,"[0.0, 0.0048543689320388345, 0.009708737864077669, 0.014563106796116504, 0.019417475728155338, 0.02427184466019417, 0.029126213592233007, 0.03398058252427184, 0.038834951456310676, 0.04368932038834951, 0.04854368932038834, 0.05339805825242718, 0.058252427184466014, 0.06310679611650485, 0.06796116504854369, 0.07281553398058252, 0.07766990291262135, 0.08252427184466019, 0.08737864077669902, 0.09223300970873785, 0.09708737864077668, 0.10194174757281553, 0.10679611650485436, 0.1116504854368932, 0.11650485436893203, 0.12135922330097086, 0.1262135922330097, 0.13106796116504854, 0.13592233009708737, 0.1407766990291262, 0.14563106796116504, 0.15048543689320387, 0.1553398058252427, 0.16019417475728154, 0.16504854368932037, 0.1699029126213592, 0.17475728155339804, 0.17961165048543687, 0.1844660194174757, 0.18932038834951453, 0.19417475728155337, 0.19902912621359223, 0.20388349514563106, 0.2087378640776699, 0.21359223300970873, 0.21844660194174756, 0.2233009708737864, 0.22815533980582522, 0.23300970873786406, 0.2378640776699029, 0.24271844660194172, 0.24757281553398056, 0.2524271844660194, 0.25728155339805825, 0.2621359223300971, 0.2669902912621359, 0.27184466019417475, 0.2766990291262136, 0.2815533980582524, 0.28640776699029125, 0.2912621359223301, 0.2961165048543689, 0.30097087378640774, 0.3058252427184466, 0.3106796116504854, 0.31553398058252424, 0.3203883495145631, 0.3252427184466019, 0.33009708737864074, 0.3349514563106796, 0.3398058252427184, 0.34466019417475724, 0.3495145631067961, 0.3543689320388349, 0.35922330097087374, 0.36407766990291257, 0.3689320388349514, 0.37378640776699024, 0.37864077669902907, 0.3834951456310679, 0.38834951456310673, 0.3932038834951456, 0.39805825242718446, 0.4029126213592233, 0.4077669902912621, 0.41262135922330095, 0.4174757281553398, 0.4223300970873786, 0.42718446601941745, 0.4320388349514563, 0.4368932038834951, 0.44174757281553395, 0.4466019417475728, 0.4514563106796116, 0.45631067961165045, 0.4611650485436893, 0.4660194174757281, 0.47087378640776695, 0.4757281553398058, 0.4805825242718446, 0.48543689320388345, 0.4902912621359223, 0.4951456310679611]","[99869.49903308817, 9085.103844503403, 9734.352836046113, 3251.6326719368644, 5707.469790784901, 7682.451734294871, 7833.082580815754, 8959.23141849789, 10604.352323037978, 7744.642126696509, 13535.797029059475, 14738.708638051965, 4810.868405783238, 6395.555961487674, 3883.78936919917, 2726.0318186335867, 2373.4966327631682, 8032.847071021606, 4330.437745833185, 3734.599556035727, 2427.7208829093697, 5004.382408165346, 6221.117806275542, 2091.1956224413316, 2914.8325890366546, 733.8614896957926, 5634.162198541477, 1704.017144173622, 1470.0849832855042, 1582.9286689413073, 1020.253702959328, 1026.276999069572, 150.0163579811962, 592.7675402096877, 421.1950577975311, 1300.0691362491373, 201.03405638874327, 750.6642757125918, 376.1821748776268, 895.698906051546, 200.07974194840008, 310.1100774341947, 391.3955335118084, 439.64240763514726, 493.0424804539784, 840.9855882287475, 920.9451590046411, 483.32269390784745, 435.6821461164067, 1727.2311511349494, 436.1678642627953, 337.7336193170385, 462.63165274082525, 932.986165646999, 764.5470870228, 808.8732752641437, 520.3273378519615, 588.6675607697248, 757.0544753607794, 417.1757570176155, 212.71685344107325, 520.240655138177, 384.7701683612942, 224.3974841185461, 918.091239420779, 710.4379956601834, 457.997300713108, 1035.7912525684133, 224.63002982970295, 350.4793552475411, 742.79189259173, 486.23993535148804, 482.82751365721776, 807.8687317058119, 84.32883137744706, 447.59475274401757, 934.8659266892801, 131.20849813042048, 234.35527508207764, 132.6893725953169, 282.94743125954193, 166.23967896461932, 135.95927333789433, 186.55382823014762, 149.1462210729362, 215.98750337076092, 235.53759216427287, 673.17468549879, 217.41015497969263, 360.27181455697854, 496.0255137727218, 579.2701469397562, 521.7221815201138, 201.64001772546965, 335.78917122999445, 262.08047873853764, 642.6996631856072, 301.44580419099606, 229.80107931583555, 1330.4155183331068, 269.85920950487326, 1211.5538685600445, 476.8810373010824]",12,521.7197596219473,64.67761883603444,959.1229405346129,"[13, 36, 56, 68, 84, 105, 115, 134, 149, 162, 179, 203]","[367.04023218457746, 600.2263927872361, 959.1229405346129, 624.942618306518, 804.8261486394426, 462.16593003879007, 245.90804688501052, 660.8534125131177, 64.67761883603444, 658.1540616410359, 539.9213434755343, 272.79836962145885]","[2, 2, 2, 63, 76, 98, 110, 125, 148, 125, 169, 189]","[24, 42, 125, 76, 125, 125, 125, 148, 151, 189, 189, 205]",61364646.851106055,947.8312396751206,-947.8312396751206,302827.7493011424,0.06921490177402805,0.10358182477501471,0.4951456310679611,SWT,mdp.39015067403892,30628171.01110606,,0.0,-16.0,10.0,0.0,-16.0,,219.43123967512065,263.5197596219474,580.2371154633693,263.5197596219474,,302827.7493011424,263.5197596219474,,,60.47761883603445,0.0,-16.0,230.72294053461292,219.43123967512065,,183.7232743704708,0.2367566690004741,,0.3134853035804985,0.15970754792755928,0.027513240682099857,0.29629629629629683,0.3580760373945916,,0.09700404613547062,0.25398786564357667,0.25398786564357667,0.2530416976432578,,0.723656409967633,0.11854423469539435,0.1129684116819375,,,,,,0.4697138995011134,0.020000000000000004,0.01010101010101011,0.05383140483872009,0.05383140483872009,1.7892770092969337,0.5743915175260675,66,1.1180390443615227,0.4261946327213373,61,0,0.26169859736919865,0.4314628771753957,83,0.0,0.3624623169677754,0.4797856657882343,61,10.436314802968846,0.901544199971992,67.75,66.68156647543027,0.6311966282878827,55,db,0.9817779367705585,0.7465271631990054,0.08879729530090745,4,42.25,0.02432489792145049,0.9980406079690483,,0.28691486367205715,0.33107811702581397,0.004691993124455757,0.37142857142857183,0.052711359921510714,,0.060979805724767897,0.08501413645700073,0.08501413645700073,0.08462603199664281,,0.4492354621291254,0.1410863564598652,0.027918870174151372,,,,,0.16666666666666669,,0.111618468041639,0.16949152542372878,0.1694915254237288,0.017562346829298664,0.017562346829298664,0.1694915254237288,0.9496034726042403,0.3116264539296567,167,1.0212096034803173,0.5252512426037226,169,1.4142135623730951,0.9933291813095608,168.0,167.9940476190476,0.6004381755604408,113,0.9080317387829661,0.7281573716544635,0.1459305713555847,6,86.25,,,0.5120250147369142,0.5,0.020000000000000018,0.9958384261237687,0.512025014736914,1.0,False,False,0.9848107098475685,0.5808257424055812,0.0012111932871798972,0.5957352640712873,,0.14128170600692558,0.33642743742229186,4.0534722651230145e-06,0.5445812474631311,0.5120250147369141,0.0050075740433575214,,0.0005347965623301312,0.0008633776389449685,0.0008633776389449685,0.0008633776389386301,,0.5808257424055812,0.0015470031515432837,0.0026814488184191965,0.0014316075378529402,,,,,0.08695652173913043,,9.591783309472041e-06,0.24031007751937983,0.24031007751937983,0.0009208630197757816,0.0009208630197757816,0.24031007751937983,0.4835427348439733,0.15061098264679845,1008,0.8567142407563351,0.41585706384563637,2020,715.5920625607861,0.6656111857192588,1514.0,1344.887714663144,0.47906727510262004,2025,1009.0473684210526,935.5,610.6543869996938,760,0.4758535102197843,0.8532293215616218,0.41093374637766444,5,1520.0
db5,,,,9.167093329480696,33706.731589916504,0.6310679611650486,26.21305969605736,206,smoothed,143.0264546760409,,7.192402058610436,90447.61084362335,1.0,6.580869203465565e-05,0.5710101694507549,157.37836211848338,0.04854368932038834,14760.288046458336,15.0,"[0.0, 0.0048543689320388345, 0.009708737864077669, 0.014563106796116504, 0.019417475728155338, 0.02427184466019417, 0.029126213592233007, 0.03398058252427184, 0.038834951456310676, 0.04368932038834951, 0.04854368932038834, 0.05339805825242718, 0.058252427184466014, 0.06310679611650485, 0.06796116504854369, 0.07281553398058252, 0.07766990291262135, 0.08252427184466019, 0.08737864077669902, 0.09223300970873785, 0.09708737864077668, 0.10194174757281553, 0.10679611650485436, 0.1116504854368932, 0.11650485436893203, 0.12135922330097086, 0.1262135922330097, 0.13106796116504854, 0.13592233009708737, 0.1407766990291262, 0.14563106796116504, 0.15048543689320387, 0.1553398058252427, 0.16019417475728154, 0.16504854368932037, 0.1699029126213592, 0.17475728155339804, 0.17961165048543687, 0.1844660194174757, 0.18932038834951453, 0.19417475728155337, 0.19902912621359223, 0.20388349514563106, 0.2087378640776699, 0.21359223300970873, 0.21844660194174756, 0.2233009708737864, 0.22815533980582522, 0.23300970873786406, 0.2378640776699029, 0.24271844660194172, 0.24757281553398056, 0.2524271844660194, 0.25728155339805825, 0.2621359223300971, 0.2669902912621359, 0.27184466019417475, 0.2766990291262136, 0.2815533980582524, 0.28640776699029125, 0.2912621359223301, 0.2961165048543689, 0.30097087378640774, 0.3058252427184466, 0.3106796116504854, 0.31553398058252424, 0.3203883495145631, 0.3252427184466019, 0.33009708737864074, 0.3349514563106796, 0.3398058252427184, 0.34466019417475724, 0.3495145631067961, 0.3543689320388349, 0.35922330097087374, 0.36407766990291257, 0.3689320388349514, 0.37378640776699024, 0.37864077669902907, 0.3834951456310679, 0.38834951456310673, 0.3932038834951456, 0.39805825242718446, 0.4029126213592233, 0.4077669902912621, 0.41262135922330095, 0.4174757281553398, 0.4223300970873786, 0.42718446601941745, 0.4320388349514563, 0.4368932038834951, 0.44174757281553395, 0.4466019417475728, 0.4514563106796116, 0.45631067961165045, 0.4611650485436893, 0.4660194174757281, 0.47087378640776695, 0.4757281553398058, 0.4805825242718446, 0.48543689320388345, 0.4902912621359223, 0.4951456310679611]","[99869.49903308818, 9085.103853013707, 9734.353418798652, 3251.6348835078443, 5707.491512975576, 7682.5626041140895, 7833.417285168905, 8960.185696750534, 10606.830919684557, 7748.240079862242, 13547.337258934742, 14760.288046458336, 4822.297783725127, 6419.016875973643, 3904.832758981092, 2746.9816786695187, 2398.408427451847, 8143.910348530653, 4406.565463325772, 3815.1382403722164, 2489.5692582763427, 5148.836601399311, 6414.824058157942, 2157.142798215919, 2999.8414708333207, 750.7564772798185, 5702.219263393766, 1696.1582276695992, 1429.245110695041, 1491.4470380285386, 923.8004928492048, 885.2832624245474, 122.23287713850358, 452.5854975524114, 299.26303409595124, 854.9648562614964, 121.970838228254, 420.0487438807507, 194.84200902973325, 433.1412208173016, 91.66554956673359, 137.42479958495568, 172.10632278245666, 197.16083380237407, 231.4079459046917, 422.17135463642336, 502.76038917647577, 290.3955483343554, 290.5404580201043, 1286.1939675446547, 364.3855023557473, 317.797076201739, 492.075461960972, 1125.3580767252224, 1048.3853216285881, 1261.9998725474811, 921.3046661034376, 1172.6502127221834, 1666.0751486398788, 984.3330371884548, 517.1387916775363, 1249.5091505767646, 881.505942788093, 479.1331965654305, 1805.5854408695413, 1282.4001454074873, 759.9914089017016, 1587.0026567040923, 319.65055879786235, 466.2468606116736, 930.1192478330986, 577.1028315431286, 546.9306156133351, 879.3975536675255, 88.80097587647234, 458.8837597698865, 938.7706161408382, 129.76746123377617, 229.4073231737259, 129.09935189546735, 274.5621492475717, 161.31172417326678, 132.17726857528385, 181.9247368093679, 145.9856652184165, 212.230722553105, 232.2992679330206, 666.1248025553633, 215.7395531031674, 358.3178969067402, 494.2034583097173, 577.8921017464745, 520.9574623723895, 201.46796588245059, 335.63309005490413, 262.0192027446116, 642.6311961749082, 301.4329226283316, 229.79776284017538, 1330.410454837078, 269.85902596211895, 1211.553796029674, 476.88103685437665]",13,515.4525351601651,47.93684157528175,995.1114986540506,"[11, 30, 55, 68, 83, 94, 105, 121, 133, 150, 162, 178, 195]","[693.6382806071736, 480.8111740363958, 867.9807714703254, 629.4016506491328, 995.1114986540506, 67.20285514653756, 484.4952175886236, 47.93684157528175, 710.7879005646703, 54.40173745119094, 630.8260865778664, 517.6182263589365, 520.6707164019608]","[3, 22, 3, 62, 3, 93, 99, 120, 126, 148, 151, 168, 189]","[42, 42, 77, 77, 126, 99, 126, 126, 151, 151, 189, 189, 205]",61549974.12114047,969.4897088997617,-969.4897088997617,307100.31800420186,0.07325377005340898,0.10799836088212655,0.4951456310679611,SWT,mdp.39015067403892,30813498.281140476,,0.0,-15.5,9.0,0.0,-15.5,,241.08970889976172,257.25253516016517,1020.4829570821475,257.25950820109836,,307100.31800420186,257.25253516016517,,,43.73684157528176,0.0,-11.0,266.7114986540506,241.08970889976172,,205.0216378815166,0.3165765433639558,,0.4477209976531163,0.1606659526731143,0.02738482268984107,0.22222222222222282,0.3580760373945916,,0.05631564352884531,0.22739261986040862,0.22739261986040862,0.2264423490198995,,0.9489828466915583,0.316241303190418,0.2751914805211053,,,,,,0.5089448422501754,0.030000000000000013,0.11111111111111109,0.14612296532488409,0.14612296532488409,2.0237266910827376,0.6496542676786369,53,1.084210163409845,0.41329911930855884,63,0,0.29993107064937724,0.49449681426496,70,0.0,0.3282232594455793,0.43446396408231874,69,7.804912982645397,0.9263687454467415,63.75,62.97287878477277,0.6624768255535595,49,db,0.9817779367705585,0.7465271631990054,0.08879729530090745,4,37.75,0.03252576636664225,0.7306661337904322,,0.40128850607671196,0.3315422593060209,0.0046700932565450215,0.3142857142857147,0.052711359921510714,,0.03540179135268612,0.07611224719395004,0.07611224719395004,0.07573027549225961,,0.531107680279185,0.2482540081731709,0.06801047393082621,,,,,0.08333333333333331,,0.12094094654212709,0.17796610169491522,0.2542372881355932,0.04767221298514818,0.04767221298514818,0.17796610169491525,1.047791636128912,0.34384835507029293,150,1.0507079212983121,0.5404234736871526,166,11.313708498984761,0.946633450476487,158.0,157.59493670886076,0.6006752158042812,112,0.9080317387829661,0.7281573716544635,0.1459305713555847,6,85.5,,,0.6651806041024738,0.25,0.03,0.42795889546531873,0.6651806041024735,1.0,False,False,0.9987053130569601,0.5890205590782949,0.00121339827218038,0.439047013098796,,0.14400676468012708,0.3364630701864686,4.034552691962491e-06,0.5031795426870521,0.6651806041024736,0.0050075740433575214,,0.0003104758385292013,0.0008064916514296855,0.0008064916514296855,0.0008065549439257756,,0.5890205590782949,0.0017263415374239026,0.004718247983625154,0.0016549121254282552,,,,,0.04347826086956519,,9.64982200250603e-06,0.24806201550387597,0.317829457364341,0.0010117547424104104,0.0010117547424104104,0.24806201550387597,0.48228347203919825,0.15021875504255386,1010,0.8560628229221028,0.41554085956771825,2021,714.8849557795995,0.6659416094487853,1515.5,1346.8888155724183,0.4788820196776637,2026,1009.0473684210526,935.5,610.6543869996938,760,0.4758535102197843,0.8532293215616218,0.41093374637766444,5,1520.75
sym18,1.0,periodization,1.035244764116007e-18,239.3213620417493,6005311.009236371,0.6310679611650486,298.27949080082374,206,raw,7.988724013796922e-10,,6.286870562069295,63117.30860608883,0.7691042899965,5.618943883646038e-06,0.9999999999999998,326.9999999995373,,,,[],[],13,661.1538461562563,87.00000000030225,940.0000000032915,"[8, 32, 51, 63, 81, 100, 111, 133, 152, 162, 175, 192, 204]","[878.0000000018703, 638.0000000035852, 787.0000000037028, 792.0000000031238, 940.0000000032915, 788.0000000023257, 637.0000000026344, 675.0000000015084, 771.0000000023063, 196.00000000181808, 834.0000000036023, 572.0000000012599, 87.00000000030225]","[0, 13, 42, 42, 76, 99, 107, 107, 107, 161, 164, 187, 203]","[76, 42, 61, 76, 205, 164, 119, 142, 164, 164, 205, 205, 205]",37754613.00007757,941.00000000176,-941.00000000176,0.0,,,,DWT,mdp.39015067403892,7.756799459457397e-05,,0.0,33.0,19.0,0.0,28.5,,1.7599859347683378e-09,256.34134615625635,4358.999999968668,256.3413461562562,,0.0,256.34134615625635,,,84.00000000030225,0.0,28.5,3.2914613257162273e-09,1.7599859347683378e-09,,4.6270542952697724e-10,1.0093707908256063e-09,7.326077441367938e-19,0.6692272973640285,0.7755831495975618,0.00030312211714853194,0.5544382801664359,0.00043539500073589153,,0.4742280249627161,8.562340174907873e-09,8.562340174907873e-09,7.948241701600699e-09,,2.3274502066705974e-08,0.9999999914376531,3.941225259560683e-09,,,,,,7.677635794820822e-10,1.0,1.0,2.20425076591482e-09,2.20425076591482e-09,0.8422684256029637,0.2753648389574834,16,1.0114289846454523,0.48579276653414144,922,0,0.2895190061554403,0.3459225132013197,16,0.125,0.2794624636078974,0.5076007223547135,922,523.079343885801,0.45169880095827986,469.0,31.45415778251599,0.4800422725965403,923,sym,0.8243425715244881,0.7368036147090654,0.2019191155201387,6,693.75,1.0093707908256065e-09,0.0001547883296590391,7.326077441367938e-19,0.6692272973640285,0.7755831495975618,0.0013362882982440585,0.6651251916198266,0.002800065553594075,,0.9919828214615556,0.9855281704722566,0.9855281704722566,0.9855281704721426,,4.986405649160991e-09,0.9999999999574952,2.1962909837255014e-09,,,,,1.0,,7.677635794820822e-10,1.0,0.75,2.20425076591482e-09,2.20425076591482e-09,0.0,2.2595702046991417,0.6447065301005015,17,1.0572126370373973,0.4887337060880838,1877,1315.2186130069783,0.31068206865462356,947.0,33.6948257655755,0.40717541587867445,1896,0.7763846615972358,0.5622554397616224,0.28785410495344815,6,1423.5,,,,,,,,,,,,,6.7772970648623655e-15,0.03641360043812192,7.326077441367938e-19,0.7600706538337206,0.23976053104512657,0.0015739085202450829,0.5031795426870521,0.9999999999999998,0.002800065553594075,,0.0008499884728431721,0.0007982210227620026,0.0007982210227620026,0.0007982210227556623,,0.0,3.8961136533579634e-15,0.020163910572904863,2.0423113685740668e-14,,,,,0.4782608695652174,,2.4291865016414636e-17,1.0,0.9302325581395349,7.38593996485283e-15,7.38593996485283e-15,0.9302325581395349,0.5814294660167518,0.1811001529054981,242,1.1900255355106153,0.5776494676473207,1890,1165.3119753954304,0.4554616937404531,1066.0,429.06191369606,0.4786654263094789,2027,1409.1368421052632,1454.5,398.32527672708756,380,0.6645304607900322,0.5565550872278735,0.3678621512786154,7,1522.0
db3,1.0,periodic,2.7463062735817875e-27,322.8599090525278,4963178.638349744,0.5333333333333333,87.95753590715276,206,smoothed,3.239264304469436e-14,-1.9926107430734465e-10,6.196620840338637,32843.67196968528,0.984024060904536,0.00014966566451320274,0.9999999999999999,362.4,,,,[],[],11,426.59999999999997,32.200000000000045,728.3999999999999,"[9, 31, 53, 64, 80, 102, 131, 148, 158, 175, 192]","[311.0, 417.79999999999984, 589.5999999999999, 432.2, 728.3999999999999, 371.00000000000006, 586.9999999999999, 32.200000000000045, 448.20000000000005, 367.9999999999999, 407.20000000000005]","[0, 0, 0, 60, 0, 94, 120, 144, 144, 165, 186]","[20, 40, 75, 75, 205, 120, 205, 149, 205, 186, 205]",30736475.839999996,728.3999999999999,-728.3999999999999,0.0,,,,DWT,mdp.39015067403892,0.0,,0.0,15.0,11.0,0.0,33.0,,1.1368683772161603e-13,168.40000000000003,987.7999999999993,168.39999999999998,,0.0,168.40000000000003,,,28.000000000000057,0.0,15.0,1.1368683772161603e-13,1.1368683772161603e-13,,0.0,2.2325178812072527e-14,3.24945036166975e-27,0.9914525274503628,0.08984108436976362,0.06287295403530398,0.13917548025037796,0.03642945264903984,,0.9999996647593375,4.4059199552998455e-09,4.4059199552998455e-09,3.67866784340914e-09,,0.0,0.9999999955940747,7.585973278963461e-14,,,,,,0.0,0.0,0.0,1.7477015598164352e-13,1.7477015598164352e-13,0.7999999009720988,0.3007374869221599,757,0.7414705088325253,0.37642074919125545,693,0,0.16666663940369547,0.2371338395955397,757,0.0,0.18853878553641015,0.33263344520652627,701,34.79463560186637,0.9635276356374567,727.0,725.7495909897358,0.6007365641499652,585,db,0.573477938514061,0.8443824841957417,0.34525069778143475,3,439.5,2.2580821983523656e-14,0.9999999999705138,1.1465906930903445e-27,0.9775034480348062,0.7444063980855935,0.00016470277881062653,0.11421052631578965,0.0003548196390028551,0.9999999997236259,2.0315811924354055e-05,4.745387416349445e-11,4.745387416349445e-11,3.962102868015904e-11,,0.0,0.0031261328403482946,7.585973278963461e-14,,,,,0.0,,0.0,0.0,0.0,1.4238426238064856e-13,1.4238426238064856e-13,1.0,0.20156916120420498,0.05751224468484025,1896,1.704613757515614,0.7880176323789728,699,846.4068170802974,0.556390557085798,1297.5,1021.428901734104,0.4381795552724587,1811,0.49117026184683504,0.8233619396015222,0.4091722348267588,4,1359.25,,,,,,,,,,,,,1.516161750885809e-19,0.9999999999715831,1.1465906930903445e-27,0.9836818970822241,0.23012268047726658,0.0012999425299125619,0.08640238127452321,0.9999999999999999,0.0003548196390028547,0.9999999999999541,9.960751159770499e-05,3.8434858594393884e-14,3.8434858594393884e-14,3.2090649582094954e-14,,0.0,0.0,0.004567040150618464,7.054128794466933e-19,,,,,0.13043478260869565,,0.0,0.7209302325581395,0.7209302325581395,4.770970844811595e-19,4.770970844811595e-19,1.0,0.3986733618839274,0.12417638082767558,1921,1.8406233301097912,0.8934556906973828,418,1062.781492123381,0.5033731345217846,1169.5,686.5994014536127,0.47843890370949044,2028,1009.0473684210526,935.5,610.6543869996938,760,0.4758535102197843,0.8532293215616218,0.41093374637766444,5,1522.25
sym4,1.0,periodic,1.7528269433665772e-20,257.0344020654565,5958421.219534183,0.6132075471698113,275.9711157991923,206,raw,1.0522695120860952e-10,,6.363790106771653,63069.12561185371,0.7539684620537929,5.618943883685326e-06,1.0,326.999999999936,,,,[],[],13,661.153846154087,87.00000000002049,940.0000000002987,"[8, 32, 51, 63, 81, 100, 111, 133, 152, 162, 175, 192, 204]","[878.0000000000889, 638.0000000004583, 787.000000000462, 792.0000000002874, 940.0000000002987, 788.0000000001833, 637.0000000002992, 675.0000000001833, 771.000000000165, 196.00000000026546, 834.000000000385, 572.0000000000346, 87.00000000002049]","[0, 13, 42, 42, 76, 99, 107, 107, 107, 161, 164, 187, 203]","[76, 42, 61, 76, 205, 164, 119, 142, 164, 164, 205, 205, 205]",37754613.00000737,941.0000000001068,-941.0000000001068,0.0,,,,DWT,mdp.39015067403892,7.368624210357666e-06,,0.0,33.0,19.0,0.0,28.5,,1.0675194062059745e-10,256.341346154087,4358.9999999968695,256.341346154087,,0.0,256.341346154087,,,84.00000000002049,0.0,28.5,2.986553226946853e-10,1.0675194062059745e-10,,6.400568963726982e-11,1.3293773057542765e-10,1.2404163307591937e-20,0.7345924250874175,0.8021549936499577,0.0002503531661952961,0.4204851752021561,0.00043149396111908755,,0.4742280246354053,6.882428030863702e-09,6.882428030863702e-09,6.268461611247622e-09,,3.219544143379721e-09,0.9999999931175516,3.576125572280296e-10,,,,,,7.293422150684655e-11,1.0,1.0,1.3369882237542902e-10,1.3369882237542902e-10,0.8422684118379177,0.27536483445724386,43,1.0103247961657182,0.4852624210679858,923,0,0.2895190034753136,0.34592250999905616,43,0.125,0.2734520630285405,0.4966837511223863,930,510.09696790577635,0.4653071615243435,484.75,82.18561069303557,0.47859173589844006,925,sym,0.8243425715244881,0.7368036147090654,0.2019191155201387,6,695.25,1.3293773057542768e-10,0.0001547883299317654,1.2404163307591937e-20,0.7345924250874175,0.8021549936499578,0.001283573882917314,0.5644488579940417,0.0027961737426689046,,0.9919828214565647,0.9855281704479453,0.9855281704479453,0.9855281704478331,,6.897656954490511e-10,0.9999999999658344,1.9928351803837013e-10,,,,,1.0,,7.293422150684655e-11,1.0,0.75,1.3369882237542902e-10,1.3369882237542902e-10,0.0,2.2595702003574756,0.6447065288617259,41,1.0694191880524333,0.49437661339654115,1863,1288.3485553218895,0.32476490811221725,952.0,80.23424369747899,0.41290656307078366,1889,0.7763846615972358,0.5622554397616224,0.28785410495344815,6,1418.25,,,,,,,,,,,,,8.925941779050081e-16,0.03641360043838473,1.2404163307591937e-20,0.8074839144557975,0.24797483978063287,0.001561581671918402,0.4270160291838876,1.0,0.0027961737426689046,,0.0008499884728393967,0.0007982210227423117,0.0007982210227423117,0.0007982210227359729,,0.0,5.389464341131534e-16,0.020163910573035338,1.853119634306463e-15,,,,,0.4782608695652174,,2.307622178583621e-18,1.0,0.9302325581395349,4.479941623278088e-16,4.479941623278088e-16,0.9302325581395349,0.5814294660167845,0.1811001529055083,214,1.1921075207018925,0.5786600826312042,1886,1182.2825381439075,0.44753152423181897,1050.0,384.38476190476194,0.47843865931217117,2029,1409.1368421052632,1454.5,398.32527672708756,380,0.6645304607900322,0.5565550872278735,0.3678621512786154,7,1523.5
coif2,1.0,periodic,4.679247171396402e-27,320.5456388775451,5046623.355151037,0.5277777777777778,90.83208033829168,206,smoothed,4.3494873290945937e-14,-2.0982340309672097e-10,6.239494024495274,33337.92769648705,0.9811141735799308,0.00014966566451320268,0.9999999999999999,362.40000000000003,,,,[],[],11,426.59999999999997,32.19999999999999,728.4,"[9, 31, 53, 64, 80, 102, 131, 148, 158, 175, 192]","[311.00000000000006, 417.8, 589.6, 432.20000000000005, 728.4, 371.00000000000017, 587.0, 32.19999999999999, 448.2, 368.0, 407.20000000000005]","[0, 0, 0, 60, 0, 94, 120, 144, 144, 165, 186]","[20, 40, 75, 75, 205, 120, 205, 149, 205, 186, 205]",30736475.839999996,728.4,-728.4,0.0,,,,DWT,mdp.39015067403892,0.0,,0.0,15.0,11.0,0.0,33.0,,0.0,168.40000000000003,987.7999999999993,168.40000000000006,,0.0,168.40000000000003,,,28.0,0.0,15.0,0.0,0.0,,5.684341886080802e-14,4.671522354736604e-14,8.906394522451436e-27,0.9826596595165517,0.1516815393376701,0.09868366088250483,0.10101446147204873,0.04052823308350119,,0.999999664709775,4.4059199552998455e-09,4.4059199552998455e-09,3.6787565615428943e-09,,6.125805465799743e-13,0.9999999955940747,0.0,,,,,,0.0,0.0,0.0,0.0,0.0,0.799999900957455,0.300737486916655,824,0.7713954736422522,0.3916126921465263,592,0,0.16666663939958823,0.23713383958969592,829,0.0,0.1963667934703319,0.3464441698314686,608,130.9487813358083,0.8627371264823812,713.25,695.1938438659746,0.5575478085242095,720,coif,0.5556920286951962,0.9053407607371553,0.33941335169221604,4,541.0,3.6608682510720136e-14,0.9999999999705134,2.5144676641438754e-27,0.9689632671640064,0.7592169324933054,0.0002585129555297738,0.08289473684210552,0.0003947413970407398,0.9999999997234666,2.0315811923354854e-05,4.745387416349445e-11,4.745387416349445e-11,3.9622027880881205e-11,,6.125805465799743e-13,0.0031261328403482946,0.0,,,,,0.0,,0.0,0.0,0.0,0.0,0.0,1.0,0.2015691612044164,0.05751224468490057,1840,1.6944314741990314,0.7833105139740154,805,731.8555185280767,0.6164279252997502,1322.5,1120.0,0.4616468766959967,1707,0.4784248188775415,0.776734912893196,0.43208215291776214,2,1280.75,,,,,,,,,,,,,2.458045336594732e-19,0.9999999999715827,2.5144676641438754e-27,0.9774871899732526,0.2347011471400579,0.0013218792964070458,0.06271140576376699,0.9999999999999999,0.00039474139704073936,0.9999999999999541,9.960751159770423e-05,3.8434858594393884e-14,3.8434858594393884e-14,3.2091408523615694e-14,,0.0,4.786380409530668e-19,0.004567040150618464,0.0,,,,,0.13043478260869565,,0.0,0.7209302325581395,0.7209302325581395,0.0,0.0,1.0,0.3986733618839274,0.12417638082767558,1949,1.8297462860579634,0.8881758723080918,577,970.1505037879432,0.5466586430897462,1263.0,890.3982581155979,0.4782358636009479,2030,986.6382352941176,846.0,585.0035688138154,340,0.4652856568234462,0.8173890317607586,0.42908333069536003,4,1523.5
gaus4,,,,-35.051863430425556,752325997.2638831,0.689130020940415,713.5885543691379,206,raw,46374.408093605525,,13.391694959676554,360135.33243219287,0.021477142374250642,9.810378813241283e-07,0.3359170571839232,43483.41170998869,,,,[],[],6,32070.605307736307,4556.028897244608,109986.55073678348,"[30, 47, 80, 159, 176, 192]","[11492.688390705604, 109986.55073678348, 4556.028897244608, 9858.86150707808, 48947.02924409737, 7582.473070508691]","[0, 0, 77, 115, 115, 187]","[39, 115, 115, 165, 205, 205]",589342243121.6295,95492.60177442402,-95492.60177442402,0.0,,,,CWT,mdp.39015067403892,589304488508.6295,,0.0,-15.5,26.0,0.0,-24.5,,94551.60177442402,31665.792807736307,179469.63184641785,31665.792807736303,,0.0,31665.792807736307,,,4553.028897244608,0.0,-15.5,109046.55073678348,94551.60177442402,,43156.41170998869,0.2503522278067691,,0.5319727723476919,0.9449474209017046,0.11200316234130697,1.0,0.08838695176094792,,0.04450909631670837,0.28212961038165885,0.28212961038165885,0.28212961038165874,,0.36187998337897753,0.814479805704182,0.6117564226638893,,,,,,0.1493633839455444,0.8,1.0,0.2365008662669653,0.2365008662669653,1.7878822498643154,0.5287157355806913,7,1.6754224648283182,0.7983351237617172,3,0,0.43662449228941763,0.6052470996914331,5,0.125,0.5253100267196985,0.8552461597289257,2,2.217355782608345,0.7782644217391654,4.25,3.40080971659919,0.6766322108695827,4,gaus,0.5375,1.0,0.32375,1,3.25,0.2503522278067691,0.15827396812776165,,0.5973591225534967,0.9558745043689493,0.11508473076797407,1.0,0.0913631236569238,,0.017528220854295184,0.11662381695418887,0.11662381695418887,0.11662381695418882,,0.361631773645111,0.814479805704182,0.6089148037947258,,,,,0.6875,,0.1487936380147521,0.8,0.9696969696969697,0.2374612314460237,0.2374612314460237,0.32558139534883723,1.6892003807123177,0.5213163801637506,7,1.7232185721245346,0.789862486999994,6,0.7071067811865476,0.9646446609406726,6.5,6.461538461538462,0.8198223304703363,5,0.5743243243243243,1.0,0.2979729729729729,2,4.25,102.0,False,0.7932576518794687,0.3749999999999999,0.6363636363636362,,0.6754759319521146,,,,,,0.3934281023858376,0.005388783443884798,,0.02564396989799289,0.998491245577222,0.19777401862856517,0.7507779732106614,0.48169435752159073,0.026790645808078477,,0.06073345632516202,0.28589374849286353,0.28589374849286353,0.285893748492859,,0.0,0.36338947884211337,0.8303139564020309,0.6766204680380385,,,,,0.7826086956521738,,0.1845516976846051,0.24806201550387597,0.24806201550387585,0.3967943382334418,0.3967943382334418,0.10852713178294571,1.8460412540361288,0.5749938262780927,8,1.2368692704067383,0.6003878524280701,1852,1303.9049045079937,0.39069864275327393,930.0,15.931182795698925,0.47805960175046874,2031,1982.5625,2068.5,192.51804028021203,16,0.9349504833765622,0.26899346077528574,0.26483662340382075,10,1525.75
db30,,,,7.352132581253908,34709.24430010342,0.6893203883495146,30.03885564660565,206,smoothed,142.82522627566323,,7.193310087797649,90447.61084362333,1.0,7.409283293789176e-05,0.1968570816871241,162.69087113117234,0.04854368932038834,14740.012471309577,15.0,"[0.0, 0.0048543689320388345, 0.009708737864077669, 0.014563106796116504, 0.019417475728155338, 0.02427184466019417, 0.029126213592233007, 0.03398058252427184, 0.038834951456310676, 0.04368932038834951, 0.04854368932038834, 0.05339805825242718, 0.058252427184466014, 0.06310679611650485, 0.06796116504854369, 0.07281553398058252, 0.07766990291262135, 0.08252427184466019, 0.08737864077669902, 0.09223300970873785, 0.09708737864077668, 0.10194174757281553, 0.10679611650485436, 0.1116504854368932, 0.11650485436893203, 0.12135922330097086, 0.1262135922330097, 0.13106796116504854, 0.13592233009708737, 0.1407766990291262, 0.14563106796116504, 0.15048543689320387, 0.1553398058252427, 0.16019417475728154, 0.16504854368932037, 0.1699029126213592, 0.17475728155339804, 0.17961165048543687, 0.1844660194174757, 0.18932038834951453, 0.19417475728155337, 0.19902912621359223, 0.20388349514563106, 0.2087378640776699, 0.21359223300970873, 0.21844660194174756, 0.2233009708737864, 0.22815533980582522, 0.23300970873786406, 0.2378640776699029, 0.24271844660194172, 0.24757281553398056, 0.2524271844660194, 0.25728155339805825, 0.2621359223300971, 0.2669902912621359, 0.27184466019417475, 0.2766990291262136, 0.2815533980582524, 0.28640776699029125, 0.2912621359223301, 0.2961165048543689, 0.30097087378640774, 0.3058252427184466, 0.3106796116504854, 0.31553398058252424, 0.3203883495145631, 0.3252427184466019, 0.33009708737864074, 0.3349514563106796, 0.3398058252427184, 0.34466019417475724, 0.3495145631067961, 0.3543689320388349, 0.35922330097087374, 0.36407766990291257, 0.3689320388349514, 0.37378640776699024, 0.37864077669902907, 0.3834951456310679, 0.38834951456310673, 0.3932038834951456, 0.39805825242718446, 0.4029126213592233, 0.4077669902912621, 0.41262135922330095, 0.4174757281553398, 0.4223300970873786, 0.42718446601941745, 0.4320388349514563, 0.4368932038834951, 0.44174757281553395, 0.4466019417475728, 0.4514563106796116, 0.45631067961165045, 0.4611650485436893, 0.4660194174757281, 0.47087378640776695, 0.4757281553398058, 0.4805825242718446, 0.48543689320388345, 0.4902912621359223, 0.4951456310679611]","[99869.49903308816, 9085.103842080467, 9734.3526767584, 3251.6321084139317, 5707.464801055036, 7682.429694283598, 7833.028049712955, 8959.114036491515, 10604.154201162322, 7744.517867697137, 13535.940722935495, 14740.012471309577, 4812.11307569061, 6399.25279224969, 3888.130107748785, 2731.374149890833, 2381.0684271214623, 8072.106567412535, 4361.217724306198, 3771.4505120090093, 2459.5741679869866, 5088.14488525348, 6348.549249247252, 2141.384993376628, 2992.95184305794, 754.6155658682462, 5790.570689971635, 1745.8607700259024, 1496.6299064706643, 1595.259265092773, 1013.5927909298002, 1000.7943112246863, 143.0645257280915, 551.6693193566562, 382.53438378732585, 1152.701307351778, 173.48606353411148, 625.0312915713404, 299.52509464979437, 686.6363484293003, 153.1275240982362, 248.01915052312003, 329.86603827124014, 371.9149464099493, 379.99889391748314, 522.4857666257435, 463.8544700769515, 299.3313344733732, 393.5666240848691, 2000.2794597446573, 550.0870750448472, 386.9664481294577, 370.52102008268616, 310.3072481042639, 436.41782739489713, 982.4400477012832, 910.1621648506117, 1200.033062982296, 1543.1299061312106, 766.7577411009139, 352.6143563471541, 856.8339043579736, 655.8228231462045, 379.89442312938246, 1464.1828226438745, 1036.7683499536763, 611.5613146439689, 1287.218766967791, 264.4757082752287, 395.32215362809393, 807.6663143138203, 512.3030634599932, 495.75585738860593, 813.2474324246035, 83.68671905496619, 439.9262627704136, 913.483508817493, 127.84614801509973, 228.24603355481196, 129.39790520423406, 276.6127481855223, 163.03162687529402, 133.7924204229399, 184.19882025729464, 147.71684254341818, 214.48435534492535, 234.40306737825793, 671.047519717634, 216.98657651484362, 359.87050037520714, 495.73929189499864, 579.1203941548117, 521.6760405543179, 201.63787721516826, 335.794559062538, 262.08537548139134, 642.7080840353239, 301.4479027920622, 229.80173859260637, 1330.4166814459577, 269.859256272743, 1211.5538883852614, 476.8810374282679]",12,553.4000890279593,36.28860691141554,1016.535508098885,"[8, 33, 54, 75, 87, 104, 125, 143, 154, 168, 181, 199]","[629.0145885580507, 663.6091252737257, 400.15451747856724, 862.5881086333362, 609.0372466385027, 1016.535508098885, 516.5239078483035, 36.28860691141554, 669.790647563262, 42.5540714507475, 735.3766412073154, 459.3280986734004]","[3, 23, 42, 23, 82, 23, 119, 142, 145, 166, 145, 194]","[23, 62, 62, 98, 98, 145, 145, 145, 170, 170, 194, 204]",61480547.06548328,991.8696071046685,-991.8696071046685,305542.92685710837,0.07140102642715855,0.10579958399566501,0.4951456310679611,SWT,mdp.39015067403892,30744071.225483283,,0.0,-11.5,10.0,0.0,-11.5,,263.4696071046685,295.2000890279594,960.4010683355136,295.20008902795934,,305542.92685710837,295.2000890279594,,,32.08860691141555,0.0,-16.0,288.135508098885,263.4696071046685,,199.70912886882763,0.25477751116300024,,0.20840809676630767,0.163274108692299,0.029173690282224354,0.6666666666666669,0.35807603739459,,0.02800464850886095,0.3884247526870346,0.3884247526870346,0.3876490911365773,,0.892779057828995,0.2892608932649582,0.3717629671432165,,,,,,0.4942481986034123,0.11,0.01010101010101011,0.24148869535082862,0.24148869535082862,2.3085664714229424,0.7410931856501418,17,1.0455035101414938,0.39854420716414635,66,0,0.3631515575493357,0.5987285275736992,44,0.0,0.3352921724698907,0.44382097302642337,66,23.271943050233975,0.7804533674506229,48.25,35.76095617529881,0.6626323441026699,48,db,0.9817779367705585,0.7465271631990054,0.08879729530090745,4,37.0,0.0261763986538803,0.8252284875640041,,0.19738530180645686,0.33280535351282037,0.0049751592624366625,0.6571428571428573,0.05271135992151044,,0.017604606132365294,0.1300124903390142,0.1300124903390142,0.1296434725799334,,0.5106860691734558,0.23362846417302466,0.09187702881449203,,,,,0.16666666666666669,,0.11744857203298886,0.24576271186440674,0.1694915254237288,0.07878501844439212,0.07878501844439212,0.24576271186440676,1.1394807082357474,0.3739374830369319,120,0.9759487380939494,0.5019716673779421,172,36.76955262170047,0.8265587140485827,146.0,141.36986301369862,0.568939734382782,138,0.9080317387829661,0.7281573716544635,0.1459305713555847,6,105.0,,,0.37316036982833645,0.5,0.10999999999999999,0.6288008989657005,0.3731603698283362,1.0,False,False,0.9936406005772781,0.586033471959251,0.0012116911041331474,0.4944629605864562,,0.13914858071738867,0.3365600394562878,4.298103076865855e-06,0.751589771343526,0.37316036982833634,0.0050075740433575214,,0.00015439345417495975,0.0011509318559767868,0.0011509318559767868,0.00115093185597045,,0.586033471959251,0.0016816086737549282,0.004440278882558416,0.0017878454754505356,,,,,0.08695652173913043,,9.628079624437259e-06,0.31007751937984496,0.24031007751937983,0.001105674006931531,0.001105674006931531,0.31007751937984496,0.5089410623021907,0.15852190091817234,992,0.8523767988033804,0.4137516291635139,2022,728.3199846221439,0.6596635585877832,1507.0,1331.0046449900467,0.47772897555557386,2032,1009.0473684210526,935.5,610.6543869996938,760,0.4758535102197843,0.8532293215616218,0.41093374637766444,5,1525.25
bior3.9,1.0,periodic,2.4635283597240797e-27,323.33182308081035,5384587.269839858,0.53125,71.15719837330451,206,smoothed,3.065509011683442e-14,-2.0392669775048984e-10,6.253862875030559,36490.37424663413,0.9921303997483915,0.00014966566451320276,0.9999999999999999,362.4,,,,[],[],11,426.6,32.19999999999999,728.4000000000001,"[9, 31, 53, 64, 80, 102, 131, 148, 158, 175, 192]","[311.0, 417.8000000000002, 589.6, 432.20000000000005, 728.4000000000001, 371.00000000000006, 587.0, 32.19999999999999, 448.20000000000005, 368.0, 407.19999999999993]","[0, 0, 0, 60, 0, 94, 120, 144, 144, 165, 186]","[20, 40, 75, 75, 205, 120, 205, 149, 205, 186, 205]",30736475.83999999,728.4000000000001,-728.4000000000001,0.0,,,,DWT,mdp.39015067403892,7.450580596923828e-09,,0.0,15.0,11.0,0.0,33.0,,1.1368683772161603e-13,168.4000000000001,987.7999999999984,168.40000000000003,,0.0,168.4000000000001,,,28.0,0.0,15.0,1.1368683772161603e-13,1.1368683772161603e-13,,0.0,1.8508018412723713e-14,2.421872617102414e-27,0.9932455236923994,0.17240722771251688,0.24372252179294418,0.1248650982085045,0.06667094735013897,,0.999999664709775,4.4059791007223055e-09,4.4059791007223055e-09,3.6787269888316428e-09,,0.0,0.9999999955939887,7.585973278963461e-14,,,,,,1.5893391424973748e-13,0.0,0.0,1.7477015598164352e-13,1.7477015598164352e-13,0.7999999009573198,0.3007374869166041,840,0.880626607191633,0.44706582836148934,285,0,0.1666666393995861,0.23713383958969286,833,0.0,0.22870161696521754,0.4034915498103305,327,306.77719928312797,0.6784306087178953,571.25,446.53660299014524,0.5398180297258239,773,bior,0.8100315533562081,0.7923003667562746,0.1952878026237719,6,581.25,2.03853937146071e-14,0.999999999970514,9.46478316801013e-28,0.9792449176352734,0.7641806495448452,0.000638458574341699,0.10246710526315811,0.0006493691162109223,0.9999999997235556,2.0315811923354854e-05,4.745454029730922e-11,4.745454029730922e-11,3.962169481397382e-11,,0.0,0.0031261328403480726,7.585973278963461e-14,,,,,0.0,,7.374542113937972e-14,0.0,0.0,1.4238426238064856e-13,1.4238426238064856e-13,1.0,0.20156916120424204,0.05751224468485082,1869,1.7112030942730874,0.7910637849326985,619,883.8834764831844,0.5367487020528383,1244.0,929.9927652733119,0.44237854389853654,1791,0.5943810304597339,0.7715092316736338,0.3524805091760961,5,1344.5,,,,,,,,,,,,,1.3687523974719481e-19,0.9999999999715833,9.46478316801013e-28,0.9849450897800459,0.23623560986897676,0.0014107265687603688,0.07751826545798962,0.9999999999999999,0.0006493691162109227,0.9999999999999541,9.960751159770423e-05,3.8435400695480126e-14,3.8435400695480126e-14,3.20911916831812e-14,,0.0,0.0,0.00456704015061846,7.054128794466933e-19,,,,,0.13043478260869565,,2.3332883504384434e-21,0.7209302325581395,0.7209302325581395,4.770970844811595e-19,4.770970844811595e-19,1.0,0.3986733618839274,0.12417638082767558,1916,1.8410572759080328,0.8936663320255409,374,1090.3586565896562,0.4904866090702541,1145.0,625.8375545851529,0.47771994004914575,2033,1104.4,1082.5,563.6960149978129,300,0.520820561188399,0.7876173146100969,0.3991404127850916,6,1526.25
gaus6,,,,-36.53947727377443,698158010.2853184,0.6754235674852466,656.0225929101748,206,smoothed,43458.843507942234,,13.333871399783844,399084.0684771974,0.02265418736125063,2.839129924558778e-06,0.44123609576422296,32805.654908388955,,,,[],[],5,35896.3945547071,7231.852092455541,99429.60760393685,"[29, 48, 159, 177, 192]","[99429.60760393685, 12599.001589111977, 8765.067869560444, 51456.44361847068, 7231.852092455541]","[0, 39, 116, 116, 186]","[116, 116, 167, 205, 205]",496535569757.9941,77689.80396470746,-77689.80396470746,0.0,,,,CWT,mdp.39015067403892,496504833282.15405,,0.0,-19.5,17.0,0.0,-15.0,,76961.40396470747,35638.1945547071,173801.5727735355,35638.19455470709,,0.0,35638.1945547071,,,7227.652092455542,0.0,-15.0,98701.20760393685,76961.40396470747,,32443.254908388953,0.21722494624987249,,0.5889827655970448,0.8401419758545626,0.09943803460417056,0.8929824561403511,0.11522045090113034,,0.03810697445837791,0.12188729274253589,0.12188729274253589,0.12188729274253579,,0.27095691310965886,0.7833764245013695,0.5312834880539636,,,,,,0.1178429811040808,0.6666666666666667,0.9999999999999998,0.1441435759704815,0.1441435759704815,1.443561467839394,0.43670555870883093,8,1.7215384402805913,0.8512331070408583,4,0,0.35433808590716936,0.524803951023995,4,0.11111111111111112,0.48375661540518594,0.8171551645847044,5,1.8929694486000912,0.8107030551399909,5.25,4.848484848484849,0.6428515275699954,6,gaus,0.5375,1.0,0.32375,1,4.75,0.21978298833650728,0.5233415500178188,,0.5046020204478736,0.7752776495350175,0.09937671134930759,0.8413223140495873,0.11522045090113034,,0.05501581913581803,0.16122702205962788,0.16122702205962788,0.1612270220596278,,0.2711748250011689,0.7858094962621718,0.5312834880539636,,,,,0.125,,0.11845730477301651,0.6,1.0,0.1441435759704815,0.1441435759704815,0.7674418604651163,1.4361174251207869,0.44321061379251403,15,1.6726752901966866,0.7666952329960794,7,5.656854249492381,0.717157287525381,11.0,9.545454545454547,0.5835786437626904,13,0.5743243243243243,1.0,0.2979729729729729,2,10.25,102.0,False,0.8175810749980374,0.33333333333333337,0.5652173913043479,0.3429256633407626,0.8175810749980374,,,,,,0.36869323051414626,0.017818307796241856,,0.021662009558869433,0.9923162145758982,0.18353380633741845,0.6923285076444325,0.5638941076387822,0.029936592191606628,,0.09657249782839368,0.3219502193535878,0.3219502193535878,0.32195021935358337,,0.0,0.27318159749533977,0.8040906581977022,0.6124288832032547,,,,,0.3913043478260869,,0.15548975390078254,0.18604651162790697,0.255813953488372,0.3229754841017733,0.3229754841017733,0.2558139534883721,1.6223831631457315,0.5053301493814083,16,1.231339360675025,0.5977035827907036,1855,1300.3693706020608,0.3923507614009062,935.5,31.726349545697484,0.4776006143453129,2034,1982.5625,2068.5,192.51804028021203,16,0.9349504833765622,0.26899346077528574,0.26483662340382075,10,1528.0
bior2.2,1.0,periodization,2.028507579964548e-27,324.17563239365575,5046262.766900253,0.5242718446601942,81.24762981850608,206,smoothed,2.5048074926780674e-14,-2.0578798665127392e-10,6.167163045220621,33555.46755620228,0.987656192978112,0.00014966566451320268,0.9999999999999999,362.4,,,,[],[],11,426.59999999999997,32.19999999999996,728.4,"[9, 31, 53, 64, 80, 102, 131, 148, 158, 175, 192]","[311.0, 417.8, 589.6000000000001, 432.20000000000005, 728.4, 370.99999999999994, 587.0, 32.19999999999996, 448.2, 368.0000000000001, 407.20000000000016]","[0, 0, 0, 60, 0, 94, 120, 144, 144, 165, 186]","[20, 40, 75, 75, 205, 120, 205, 149, 205, 186, 205]",30736475.840000004,728.4,-728.4,0.0,,,,DWT,mdp.39015067403892,7.450580596923828e-09,,0.0,15.0,11.0,0.0,33.0,,0.0,168.40000000000003,987.7999999999993,168.40000000000003,,0.0,168.40000000000003,,,27.99999999999997,0.0,15.0,0.0,0.0,,0.0,6.190191428091167e-15,1.1487409540175975e-27,0.9964515036723405,0.04735104104118876,0.09852891267750909,0.07693226515562712,0.042332254913427035,,0.9999996646849938,4.4059199552998455e-09,4.4059199552998455e-09,3.6787269888316428e-09,,0.0,0.9999999955940747,0.0,,,,,,1.5893391424973748e-13,0.0,0.0,0.0,0.0,0.799999900949785,0.30073748691377167,853,0.7185166870903766,0.3647678315444206,746,0,0.16666663939748283,0.23713383958670034,853,0.0,0.1802279967800141,0.3179709645473952,794,51.77193576961686,0.945731723511932,811.5,808.9642456293722,0.547551396347161,756,bior,0.8100315533562081,0.7923003667562746,0.1952878026237719,6,568.5,1.3300832746642855e-14,0.9999999999705134,6.38628807674488e-28,0.9823587650287476,0.7342302076123892,0.00025810757519144204,0.06313234542667362,0.0004123124097214479,0.9999999997235275,2.0315811922799742e-05,4.745387416349445e-11,4.745387416349445e-11,3.962169481397382e-11,,0.0,0.0031261328403482946,0.0,,,,,0.0,,7.374542113937972e-14,0.0,0.0,0.0,0.0,1.0,0.2015691612041467,0.05751224468482362,1898,1.682077279626166,0.7775993532407786,911,697.9143930311224,0.6342167751409211,1404.5,1231.0986116055537,0.449052832014905,1757,0.5943810304597339,0.7715092316736338,0.3524805091760961,5,1319.0,,,,,,,,,,,,,8.930681921191278e-20,0.9999999999715827,6.38628807674488e-28,0.9872037506768614,0.22697685551557448,0.0013217845014270718,0.04776079015018275,0.9999999999999999,0.00041231240972144836,0.9999999999999541,9.960751159770391e-05,3.8434858594393884e-14,3.8434858594393884e-14,3.20911916831812e-14,,0.0,0.0,0.004567040150618464,0.0,,,,,0.13043478260869565,,2.3332883504384434e-21,0.7209302325581395,0.7209302325581395,0.0,0.0,1.0,0.3986733618839274,0.12417638082767558,1962,1.8257408114300357,0.8862315776543603,633,939.7449121969216,0.5608668634593824,1297.5,957.1838150289018,0.4772792261222146,2035,1104.4,1082.5,563.6960149978129,300,0.520820561188399,0.7876173146100969,0.3991404127850916,6,1527.75
bior3.9,1.0,antireflect,2.4978246619918437e-27,323.27177924996283,5459071.871530359,0.5223214285714286,71.28824293752791,206,smoothed,3.0715451757008216e-14,-2.041683933029507e-10,6.269775734859836,69529.70303035606,0.995413218989516,0.00014966566451320276,0.9999999999999999,362.4,,,,[],[],11,426.6,32.19999999999999,728.4000000000001,"[9, 31, 53, 64, 80, 102, 131, 148, 158, 175, 192]","[311.0, 417.8000000000002, 589.6, 432.20000000000005, 728.4000000000001, 371.00000000000006, 587.0, 32.19999999999999, 448.20000000000005, 368.0, 407.19999999999993]","[0, 0, 0, 60, 0, 94, 120, 144, 144, 165, 186]","[20, 40, 75, 75, 205, 120, 205, 149, 205, 186, 205]",30736475.83999999,728.4000000000001,-728.4000000000001,0.0,,,,DWT,mdp.39015067403892,7.450580596923828e-09,,0.0,15.0,11.0,0.0,33.0,,1.1368683772161603e-13,168.4000000000001,987.7999999999984,168.40000000000003,,0.0,168.4000000000001,,,28.0,0.0,15.0,1.1368683772161603e-13,1.1368683772161603e-13,,0.0,1.8640624481187442e-14,2.5222441634178653e-27,0.9930173923875113,0.19536000136440568,0.2756879515770826,0.06353488945761823,0.34066059894757705,,0.999999664709775,4.4059791007223055e-09,4.4059791007223055e-09,3.6787269888316428e-09,,0.0,0.9999999955939887,7.585973278963461e-14,,,,,,1.5893391424973748e-13,0.0,0.0,1.7477015598164352e-13,1.7477015598164352e-13,0.7999999009573198,0.3007374869166041,838,0.9930126072653345,0.5041205889250094,211,0,0.1666666393995861,0.23713383958969286,834,0.0,0.2668944048191734,0.47087396436104856,213,360.27119414870424,0.6223572388378362,524.0,338.2226128093972,0.5365454957291906,778,bior,0.8100315533562081,0.7923003667562746,0.1952878026237719,6,585.0,2.0461661694172447e-14,0.999999999970514,9.707486512522128e-28,0.9790233423061884,0.769677744352769,0.000722195615047108,0.05213815789473725,0.0033180040311218185,0.9999999997235519,2.0315811923354854e-05,4.745454029730922e-11,4.745454029730922e-11,3.962169481397382e-11,,0.0,0.0031261328403480726,7.585973278963461e-14,,,,,0.0,,7.374542113937972e-14,0.0,0.0,1.4238426238064856e-13,1.4238426238064856e-13,1.0,0.20156916120424204,0.05751224468485082,1871,1.6947964400185458,0.7834792322538751,794,761.5540033379117,0.6008626816887255,1332.5,1114.8772983114447,0.4512437098171091,1753,0.5943810304597339,0.7715092316736338,0.3524805091760961,5,1316.0,,,,,,,,,,,,,1.3738733179379378e-19,0.9999999999715833,9.707486512522128e-28,0.9847843678600982,0.23793495876668952,0.0014303078122153631,0.039443483387131384,0.9999999999999999,0.003318004031121818,0.9999999999999541,9.960751159770423e-05,3.8435400695480126e-14,3.8435400695480126e-14,3.20911916831812e-14,,0.0,0.0,0.00456704015061846,7.054128794466933e-19,,,,,0.13043478260869565,,2.3332883504384434e-21,0.7209302325581395,0.7209302325581395,4.770970844811595e-19,4.770970844811595e-19,1.0,0.3986733618839274,0.12417638082767558,1958,1.8276578489642694,0.887162125510743,604,957.4225817265853,0.5526062702212218,1281.0,923.2099921935987,0.47700406969005016,2036,1104.4,1082.5,563.6960149978129,300,0.520820561188399,0.7876173146100969,0.3991404127850916,6,1528.5
sym17,1.0,symmetric,7.704127670409194e-20,250.60455775685233,6711325.364883996,0.6092436974789915,288.74494799774715,206,raw,2.160848846133862e-10,,6.545665203348108,61396.43604331308,0.7483157972311677,5.6189438836777125e-06,1.0,326.99999999988177,,,,[],[],13,661.1538461545362,87.00000000011724,940.000000000939,"[8, 32, 51, 63, 81, 100, 111, 133, 152, 162, 175, 192, 204]","[878.0000000005767, 638.0000000009595, 787.0000000009569, 792.0000000009038, 940.000000000939, 788.0000000007157, 637.0000000007324, 675.00000000038, 771.0000000007661, 196.00000000046282, 834.0000000009977, 572.0000000004625, 87.00000000011724]","[0, 13, 42, 42, 76, 99, 107, 107, 107, 161, 164, 187, 203]","[76, 42, 61, 76, 205, 164, 119, 142, 164, 164, 205, 205, 205]",37754613.000022,941.0000000005585,-941.0000000005585,0.0,,,,DWT,mdp.39015067403892,2.2001564502716064e-05,,0.0,33.0,19.0,0.0,28.5,,5.585434337262996e-10,256.34134615453615,4358.999999991031,256.3413461545362,,0.0,256.34134615453615,,,84.00000000011724,0.0,28.5,9.390532795805484e-10,5.585434337262996e-10,,1.1823431123048067e-10,2.7300865269132317e-10,5.451950796991223e-20,0.7108648439431926,0.8649837158160142,0.0010976583507736368,0.39075630252100796,0.00029606800063081384,,0.4742280247477941,7.230260170111083e-09,7.230260170111083e-09,6.616337768949473e-09,,5.947292911394155e-09,0.9999999927697398,1.1244308042266938e-09,,,,,,2.177702286245883e-10,1.0,1.0,6.995338810761264e-10,6.995338810761264e-10,0.842268414056826,0.2753648351826769,21,1.0159805417398675,0.4879788948204582,919,0,0.2895190039402461,0.34592251055456585,21,0.125,0.27489265555780396,0.4993003666028069,926,520.4891129184805,0.45441392775840617,471.75,41.06516967277578,0.4799585362062471,924,sym,0.8243425715244881,0.7368036147090654,0.2019191155201387,6,694.5,2.730086526913231e-10,0.0001547883298790298,5.451950796991221e-20,0.7108648439431925,0.8649837158160143,0.00213000339499818,0.5421052631578945,0.0026610681594521524,,0.9919828214582784,0.985528170452979,0.985528170452979,0.9855281704528676,,1.2741675368863465e-09,0.9999999999641079,6.266013928423819e-10,,,,,1.0,,2.177702286245883e-10,1.0,0.75,6.995338810761264e-10,6.995338810761264e-10,0.0,2.259570201166268,0.6447065290924926,21,1.0780287350792266,0.49835667916451726,1860,1300.3693706020608,0.3184646904601358,940.5,41.53110047846891,0.4127700810791245,1890,0.7763846615972358,0.5622554397616224,0.28785410495344815,6,1419.0,,,,,,,,,,,,,1.8330833003930377e-15,0.0364136004383338,5.451950796991221e-20,0.7902728719946953,0.2673974481743774,0.0017595125063964933,0.4101126853122522,1.0,0.0026610681594521524,,0.0008499884728406931,0.0007982210227463888,0.0007982210227463888,0.0007982210227400505,,0.0,9.955671251823792e-16,0.020163910573008325,5.826710384229687e-15,,,,,0.4782608695652174,,6.8902004988447235e-18,1.0,0.9302325581395349,2.3439779760559363e-15,2.3439779760559363e-15,0.9302325581395349,0.581429466016778,0.1811001529055063,230,1.1847757850573863,0.5751011899305003,1896,1178.0398974567881,0.4495140666089775,1063.0,410.23518344308565,0.4763925473231803,2037,1409.1368421052632,1454.5,398.32527672708756,380,0.6645304607900322,0.5565550872278735,0.3678621512786154,7,1529.5
coif6,,,,6.9573472982767495,34712.10011217664,0.6893203883495146,28.850553987374386,206,smoothed,143.56771894297225,,7.193516287821539,90447.61084362336,1.0,7.834465382410085e-05,0.09239169032154076,152.61272194121796,0.04854368932038834,14740.017033108343,15.0,"[0.0, 0.0048543689320388345, 0.009708737864077669, 0.014563106796116504, 0.019417475728155338, 0.02427184466019417, 0.029126213592233007, 0.03398058252427184, 0.038834951456310676, 0.04368932038834951, 0.04854368932038834, 0.05339805825242718, 0.058252427184466014, 0.06310679611650485, 0.06796116504854369, 0.07281553398058252, 0.07766990291262135, 0.08252427184466019, 0.08737864077669902, 0.09223300970873785, 0.09708737864077668, 0.10194174757281553, 0.10679611650485436, 0.1116504854368932, 0.11650485436893203, 0.12135922330097086, 0.1262135922330097, 0.13106796116504854, 0.13592233009708737, 0.1407766990291262, 0.14563106796116504, 0.15048543689320387, 0.1553398058252427, 0.16019417475728154, 0.16504854368932037, 0.1699029126213592, 0.17475728155339804, 0.17961165048543687, 0.1844660194174757, 0.18932038834951453, 0.19417475728155337, 0.19902912621359223, 0.20388349514563106, 0.2087378640776699, 0.21359223300970873, 0.21844660194174756, 0.2233009708737864, 0.22815533980582522, 0.23300970873786406, 0.2378640776699029, 0.24271844660194172, 0.24757281553398056, 0.2524271844660194, 0.25728155339805825, 0.2621359223300971, 0.2669902912621359, 0.27184466019417475, 0.2766990291262136, 0.2815533980582524, 0.28640776699029125, 0.2912621359223301, 0.2961165048543689, 0.30097087378640774, 0.3058252427184466, 0.3106796116504854, 0.31553398058252424, 0.3203883495145631, 0.3252427184466019, 0.33009708737864074, 0.3349514563106796, 0.3398058252427184, 0.34466019417475724, 0.3495145631067961, 0.3543689320388349, 0.35922330097087374, 0.36407766990291257, 0.3689320388349514, 0.37378640776699024, 0.37864077669902907, 0.3834951456310679, 0.38834951456310673, 0.3932038834951456, 0.39805825242718446, 0.4029126213592233, 0.4077669902912621, 0.41262135922330095, 0.4174757281553398, 0.4223300970873786, 0.42718446601941745, 0.4320388349514563, 0.4368932038834951, 0.44174757281553395, 0.4466019417475728, 0.4514563106796116, 0.45631067961165045, 0.4611650485436893, 0.4660194174757281, 0.47087378640776695, 0.4757281553398058, 0.4805825242718446, 0.48543689320388345, 0.4902912621359223, 0.4951456310679611]","[99869.49903308817, 9085.103842080463, 9734.352676758397, 3251.632108413801, 5707.464801052228, 7682.429694318412, 7833.028050783521, 8959.114048649437, 10604.154288884723, 7744.518146942479, 13535.942344553607, 14740.017033108343, 4812.115972511891, 6399.257409708176, 3888.128741690903, 2731.360169550186, 2381.0247851798695, 8071.726520311486, 4360.785751134472, 3770.78186084928, 2458.90874564227, 5086.418266982586, 6346.636325514639, 2141.3364039089265, 2994.9665225012045, 756.099943781029, 5813.538439235452, 1757.3731348578401, 1510.8187938502808, 1614.2641432625524, 1026.6221873382729, 1011.7267313477996, 143.67125056685052, 546.3930253182798, 370.1946325750997, 1080.8384727807131, 157.38916116276036, 554.6664052063378, 265.6192005477035, 619.2261587584055, 139.9570819626276, 226.82085470680218, 306.61419928427875, 373.13411616661034, 453.45832199112294, 831.6482027540748, 966.5572395764328, 529.5545742876454, 488.85748845904396, 1941.6755734875992, 478.95071888590724, 351.53145570946594, 439.9683500537074, 775.0419385070186, 529.0607680939304, 465.40928807172014, 298.9972534255557, 444.739588279506, 798.8486039844624, 575.4632697293979, 350.7561505519589, 942.7277807164818, 715.5621751637844, 407.66549481421447, 1577.9778529000614, 1133.9366379770722, 672.9727338505952, 1399.4444108230189, 280.3596094992786, 407.7706244749406, 815.3005408583901, 510.12963443833553, 490.2909137388922, 802.6591964057635, 82.67736648044914, 435.7146177835736, 907.4195714879125, 127.33704447891117, 227.7961804447862, 129.31074391465722, 276.6190245701821, 163.08073624583366, 133.8378063394735, 184.24864061440132, 147.74302703904968, 214.5055976485082, 234.41410291296404, 671.0598189357347, 216.9876871392265, 359.87062681227053, 495.7389341880421, 579.1200455326424, 521.6758791038583, 201.63785305876215, 335.7945469547382, 262.085373313304, 642.7080831631389, 301.4479027508635, 229.8017385915659, 1330.4166814466146, 269.8592562727561, 1211.5538883852603, 476.8810374282688]",13,522.3456758382727,34.46334465194903,989.996060712251,"[14, 38, 58, 69, 85, 95, 106, 116, 134, 152, 164, 181, 197]","[662.8983443046553, 428.8318681427929, 805.5270289787252, 641.4491035641238, 989.996060712251, 327.7550017049803, 440.5012957938543, 250.1720417500466, 670.2785832979353, 34.46334465194903, 638.2012418076491, 526.7786051750254, 373.6412660135554]","[3, 25, 3, 64, 3, 90, 100, 112, 125, 149, 149, 171, 125]","[44, 44, 80, 80, 125, 100, 125, 125, 191, 154, 191, 191, 202]",61463692.30239369,977.970789153929,-977.970789153929,304714.33168137626,0.07074346410016344,0.10524898894335213,0.4951456310679611,SWT,mdp.39015067403892,30727216.462393694,,0.0,-15.5,9.0,0.0,-15.5,,249.570789153929,264.1456758382727,1110.0937858975458,264.1456758382726,,304714.33168137626,264.1456758382727,,,30.26334465194904,0.0,-15.5,261.5960607122511,249.570789153929,,209.78727805878202,0.4828036156784722,,0.15635341107187173,0.16386638242208554,0.029178786147459584,0.6666666666666669,0.3580760373945932,,0.023568354750269187,0.2566439689496498,0.2566439689496498,0.25570116968803863,,0.9994010264401894,0.3564819971105987,0.2521329840228298,,,,,,0.49068030357267073,0.030000000000000013,0.020202020202020193,0.18226273693787365,0.18226273693787365,2.065608272098386,0.6630990416018328,46,1.0812883603047516,0.41218533280213987,64,0,0.30512848239617857,0.5030657949499289,66,0.0,0.3600568104804431,0.47660153470051825,62,9.146948489341495,0.9137080331194198,59.5,58.27108707639621,0.6761936392012193,43,coif,1.0,0.7144143715238808,0.08567568854283576,5,33.5,0.04960429928781662,0.87376245089465,,0.1530328361807245,0.33309218356111125,0.004976028290004986,0.6571428571428573,0.052711359921510936,,0.014815811826206893,0.08590318022424623,0.08590318022424623,0.08551545286463388,,0.5494270939757072,0.27006768858618224,0.06231182631277343,,,,,0.08333333333333331,,0.11660073044710495,0.17796610169491522,0.17796610169491528,0.05946271344302287,0.05946271344302287,0.17796610169491525,1.0598163489593109,0.34779444280792843,145,0.9384562703548472,0.4826877072573859,177,22.627416997969522,0.8932669009529739,161.0,159.40993788819875,0.5669164693444115,141,1.0,0.7220099692676862,0.08339700921969413,7,107.5,,,0.29162687710091817,0.25,0.03,0.7318827073614772,0.29162687710091795,1.0,False,False,0.9909459683810143,0.5844442206135307,0.0012179902137745072,0.5229050990905294,,0.1380918418692576,0.33658205974598215,4.29885384078477e-06,0.751589771343526,0.29162687710091806,0.005007574043357523,,0.00012993556044681393,0.0008690589197550976,0.0008690589197550976,0.0008690589197487583,,0.5844442206135307,0.0017664696071995624,0.005132832845241327,0.0016231714606294702,,,,,0.04347826086956519,,9.622801240846243e-06,0.24806201550387597,0.24806201550387585,0.0010473463618415188,0.0010473463618415188,0.24806201550387597,0.47278876351529897,0.14726140034009755,1015,0.8276749002078779,0.40176109774399477,2031,718.4204896855323,0.6642894908011532,1523.0,1353.5554826001314,0.4763036239052495,2038,986.6382352941176,846.0,585.0035688138154,340,0.4652856568234462,0.8173890317607586,0.42908333069536003,4,1529.5
db23,1.0,smooth,1.2207277860326857e-26,316.38121044210925,4962840.546852253,0.548,49.843042403288926,206,smoothed,7.886679443278975e-14,-2.1446526776713922e-10,6.193323269169915,43154.03166720001,0.9896503679012989,0.00014966566451320274,0.9999999999999999,362.4,,,,[],[],11,426.6,32.200000000000045,728.4000000000002,"[9, 31, 53, 64, 80, 102, 131, 148, 158, 175, 192]","[311.00000000000006, 417.8000000000001, 589.6, 432.19999999999993, 728.4000000000002, 371.0, 586.9999999999999, 32.200000000000045, 448.2000000000001, 368.0000000000001, 407.2000000000001]","[0, 0, 0, 60, 0, 94, 120, 144, 144, 165, 186]","[20, 40, 75, 75, 205, 120, 205, 149, 205, 186, 205]",30736475.840000007,728.4000000000002,-728.4000000000002,0.0,,,,DWT,mdp.39015067403892,1.1175870895385742e-08,,0.0,15.0,11.0,0.0,33.0,,2.2737367544323206e-13,168.4000000000001,987.7999999999984,168.4000000000001,,0.0,168.4000000000001,,,28.000000000000057,0.0,15.0,2.2737367544323206e-13,2.2737367544323206e-13,,0.0,1.2442237966711275e-13,3.093792652432375e-26,0.9668372764394033,0.0850846543220726,0.06272786042161262,0.23992056982516782,0.12193154864676897,,0.9999996647593375,4.4059791007223055e-09,4.4059791007223055e-09,3.6787861342541454e-09,,0.0,0.9999999955939887,1.5171946557926922e-13,,,,,,2.3840087137460624e-13,0.0,0.0,3.4954031196328703e-13,3.4954031196328703e-13,0.7999999009723539,0.30073748692225577,743,0.7987494706242966,0.4054994373571603,509,0,0.16666663940376328,0.2371338395956362,743,0.0,0.21092884423644997,0.37213556856316754,487,141.73566946961517,0.8514301158599422,620.5,596.1416514402886,0.6005054143241011,587,db,0.573477938514061,0.8443824841957417,0.34525069778143475,3,441.0,8.130171853600937e-14,0.9999999999705138,7.841800656277516e-27,0.9535955834568136,0.7432672526683135,0.00016432268976074305,0.19688421052631622,0.0011876024734905229,0.9999999997233967,2.0315811924354055e-05,4.745454029730922e-11,4.745454029730922e-11,3.962224992548613e-11,,0.0,0.0031261328403480726,1.5171946557926922e-13,,,,,0.0,,1.1061813170906958e-13,0.0,0.0,2.847685247612971e-13,2.847685247612971e-13,1.0,0.20156916120435583,0.05751224468488329,1848,1.723101862833585,0.796564408981946,513,943.987552884041,0.5052476137924313,1180.5,803.0698856416773,0.443268460984266,1778,0.49117026184683504,0.8233619396015222,0.4091722348267588,4,1334.5,,,,,,,,,,,,,5.458904729665022e-19,0.9999999999715831,7.841800656277516e-27,0.9663400841976747,0.22977052982736348,0.001299853649099989,0.14894655662292008,0.9999999999999999,0.001187602473490523,0.9999999999999541,9.960751159770499e-05,3.8435400695480126e-14,3.8435400695480126e-14,3.209173378426744e-14,,0.0,0.0,0.00456704015061846,1.4108257588933865e-18,,,,,0.13043478260869565,,3.499932525657665e-21,0.7209302325581395,0.7209302325581395,9.54194168962319e-19,9.54194168962319e-19,1.0,0.3986733618839274,0.12417638082767558,1897,1.8553929058868572,0.9006249802045514,233,1176.625683894415,0.45017491406803034,1065.0,415.02441314553994,0.47625568133308055,2039,1009.0473684210526,935.5,610.6543869996938,760,0.4758535102197843,0.8532293215616218,0.41093374637766444,5,1530.5
rbio3.7,1.0,antireflect,2.9530050631481074e-27,322.5447568264967,5015030.323787894,0.5318181818181819,138.73238828373582,206,smoothed,3.70103085179897e-14,-2.050122294150474e-10,6.353288042509438,53320.814525148875,0.9751943138449074,0.00014966566451320274,0.9999999999999999,362.40000000000003,,,,[],[],11,426.59999999999997,32.20000000000002,728.4,"[9, 31, 53, 64, 80, 102, 131, 148, 158, 175, 192]","[310.9999999999999, 417.79999999999995, 589.6000000000001, 432.20000000000005, 728.4, 371.0, 587.0000000000001, 32.20000000000002, 448.2, 368.0, 407.2000000000001]","[0, 0, 0, 60, 0, 94, 120, 144, 144, 165, 186]","[20, 40, 75, 75, 205, 120, 205, 149, 205, 186, 205]",30736475.839999996,728.4,-728.4,0.0,,,,DWT,mdp.39015067403892,0.0,,0.0,15.0,11.0,0.0,33.0,,0.0,168.40000000000003,987.7999999999993,168.40000000000003,,0.0,168.40000000000003,,,28.00000000000003,0.0,15.0,0.0,0.0,,5.684341886080802e-14,3.246954304954805e-14,3.854374967486634e-27,0.9902551340204627,0.315818493124731,0.08512535751796647,0.12876792967447026,0.20624298582368408,,0.9999996647345563,4.4059199552998455e-09,4.4059199552998455e-09,3.6787269888316428e-09,,6.125805465799743e-13,0.9999999955940747,0.0,,,,,,0.0,0.0,0.0,0.0,0.0,0.7999999009648806,0.3007374869194464,793,0.928629371932898,0.4714352893878075,247,0,0.16666663940165086,0.23713383959263062,800,0.0,0.24660141430876392,0.43507163685683703,245,317.8452191450004,0.6668289107494755,521.25,375.89569965201287,0.5602226314753667,712,rbio,0.7685897546424816,0.816051598246696,0.21717169227625407,5,535.25,2.8415322420272195e-14,0.9999999999705138,1.2928644433700725e-27,0.9763404649737809,0.798527057279772,0.00022299545401643613,0.10566985645933058,0.0020087883966260814,0.9999999997235391,2.0315811923854454e-05,4.745387416349445e-11,4.745387416349445e-11,3.962169481397382e-11,,6.125805465799743e-13,0.0031261328403482946,0.0,,,,,0.0,,0.0,0.0,0.0,0.0,0.0,1.0,0.20156916120441642,0.05751224468490058,1832,1.728250763174124,0.7989446691657077,461,969.4433970067566,0.4919059764115531,1146.5,736.6349760139555,0.44550749554330277,1770,0.3888041033402703,1.0,0.4278371276618108,3,1328.25,,,,,,,,,,,,,1.907912166534066e-19,0.9999999999715831,1.2928644433700725e-27,0.9828383154831061,0.24685331470473995,0.0013135738101110526,0.0799412061352262,0.9999999999999999,0.0020087883966260814,0.9999999999999541,9.960751159770467e-05,3.8434858594393884e-14,3.8434858594393884e-14,3.20911916831812e-14,,0.0,4.786380409530668e-19,0.004567040150618464,0.0,,,,,0.13043478260869565,,0.0,0.7209302325581395,0.7209302325581395,0.0,0.0,1.0,0.3986733618839274,0.12417638082767558,1910,1.8465664313514867,0.896340527338276,299,1139.149024491528,0.46768737173293085,1104.5,517.0574920778633,0.475782938202914,2040,818.67,599.5,715.6978453131971,300,0.38607403914171184,1.0,0.42974817260080167,3,1530.75
rbio3.7,1.0,constant,2.948154142994279e-27,322.55189687561545,4838756.809717204,0.5454545454545454,102.16012833207478,206,smoothed,3.685293709896516e-14,-2.050122294150474e-10,6.255291335128074,34544.037169742136,0.9703221268798848,0.00014966566451320274,0.9999999999999999,362.40000000000003,,,,[],[],11,426.59999999999997,32.20000000000002,728.4,"[9, 31, 53, 64, 80, 102, 131, 148, 158, 175, 192]","[310.9999999999999, 417.79999999999995, 589.6000000000001, 432.20000000000005, 728.4, 371.0, 587.0000000000001, 32.20000000000002, 448.2, 368.0, 407.2000000000001]","[0, 0, 0, 60, 0, 94, 120, 144, 144, 165, 186]","[20, 40, 75, 75, 205, 120, 205, 149, 205, 186, 205]",30736475.839999996,728.4,-728.4,0.0,,,,DWT,mdp.39015067403892,0.0,,0.0,15.0,11.0,0.0,33.0,,0.0,168.40000000000003,987.7999999999993,168.40000000000003,,0.0,168.40000000000003,,,28.00000000000003,0.0,15.0,0.0,0.0,,5.684341886080802e-14,3.2123820085339036e-14,3.840178266247792e-27,0.9902822620151198,0.17446764435922818,0.009476719961399503,0.22243588485764182,0.05053029809301629,,0.9999996647345563,4.4059199552998455e-09,4.4059199552998455e-09,3.6787269888316428e-09,,6.125805465799743e-13,0.9999999955940747,0.0,,,,,,0.0,0.0,0.0,0.0,0.0,0.7999999009648806,0.3007374869194464,795,0.7953280125496586,0.4037624730457819,516,0,0.16666663940165086,0.23713383959263062,797,0.0,0.20674182989806258,0.3647485420659699,530,157.72232985006698,0.8346726102200556,659.5,631.1792718506347,0.5716864099318307,678,rbio,0.7685897546424816,0.816051598246696,0.21717169227625407,5,509.75,2.8216480902119705e-14,0.9999999999705138,1.2894316110603302e-27,0.976366813371457,0.7646741108503317,2.4825334447880435e-05,0.18253588516746408,0.0004921606234603482,0.9999999997235391,2.0315811923854454e-05,4.745387416349445e-11,4.745387416349445e-11,3.962169481397382e-11,,6.125805465799743e-13,0.0031261328403482946,0.0,,,,,0.0,,0.0,0.0,0.0,0.0,0.0,1.0,0.20156916120441642,0.05751224468490058,1837,1.741380774312212,0.8050144783788079,323,1070.559666716433,0.43891002792639777,1080.0,549.399074074074,0.4364361460386706,1817,0.3888041033402703,1.0,0.4278371276618108,3,1363.5,,,,,,,,,,,,,1.8945611953191624e-19,0.9999999999715831,1.2894316110603302e-27,0.9828574275615108,0.23638815643308797,0.0012672332979065586,0.1380917823889005,0.9999999999999999,0.0004921606234603482,0.9999999999999541,9.960751159770467e-05,3.8434858594393884e-14,3.8434858594393884e-14,3.20911916831812e-14,,0.0,4.786380409530668e-19,0.004567040150618464,0.0,,,,,0.13043478260869565,,0.0,0.7209302325581395,0.7209302325581395,0.0,0.0,1.0,0.3986733618839274,0.12417638082767558,1889,1.8639757285988048,0.9047911622086549,165,1219.052090765608,0.43034949029644487,1027.0,303.49074975657254,0.47522147412018506,2041,818.67,599.5,715.6978453131971,300,0.38607403914171184,1.0,0.42974817260080167,3,1531.5
sym4,1.0,symmetric,1.7528457907945623e-20,257.03435536780614,5963542.229566519,0.6084905660377359,275.9711157991923,206,raw,1.051551208568027e-10,,6.363862336519379,62857.37233872159,0.7551757279757749,5.618943883685326e-06,1.0,326.999999999936,,,,[],[],13,661.1538461540897,87.00000000003172,940.0000000002987,"[8, 32, 51, 63, 81, 100, 111, 133, 152, 162, 175, 192, 204]","[878.0000000001144, 638.0000000004583, 787.000000000462, 792.0000000002874, 940.0000000002987, 788.0000000001833, 637.0000000002992, 675.0000000001833, 771.000000000165, 196.00000000026546, 834.000000000385, 572.0000000000346, 87.00000000003172]","[0, 13, 42, 42, 76, 99, 107, 107, 107, 161, 164, 187, 203]","[76, 42, 61, 76, 205, 164, 119, 142, 164, 164, 205, 205, 205]",37754613.00000736,941.0000000001068,-941.0000000001068,0.0,,,,DWT,mdp.39015067403892,7.361173629760742e-06,,0.0,33.0,19.0,0.0,28.5,,1.0675194062059745e-10,256.3413461540897,4358.999999996833,256.3413461540898,,0.0,256.3413461540897,,,84.00000000003172,0.0,28.5,2.986553226946853e-10,1.0675194062059745e-10,,6.400568963726982e-11,1.328469716797449e-10,1.2404296684472387e-20,0.7345922527625159,0.8021799454044168,0.0002561162615075954,0.3851078167115905,0.0004143497815057277,,0.4742280246484469,6.88454090642481e-09,6.88454090642481e-09,6.270662523291793e-09,,3.219544143379721e-09,0.9999999931153846,3.576125572280296e-10,,,,,,7.286047608570717e-11,1.0,1.0,1.3369882237542902e-10,1.3369882237542902e-10,0.8422684118426376,0.27536483445878696,42,0.9961822491275643,0.4784697078317595,930,0,0.28951900347674925,0.3459225100007715,42,0.125,0.2684000687220548,0.48750757795695515,934,513.8443344048857,0.4613791043973945,487.0,80.37780744775074,0.47544846205194674,931,sym,0.8243425715244881,0.7368036147090654,0.2019191155201387,6,699.75,1.3284697167974492e-10,0.0001547883299317654,1.2404296684472387e-20,0.7345922527625158,0.802179945404417,0.0012893310221890305,0.5378599801390271,0.002779070121050978,,0.9919828214567635,0.9855281704479758,0.9855281704479758,0.9855281704478651,,6.897656954490511e-10,0.9999999999658237,1.9928351803837013e-10,,,,,1.0,,7.286047608570717e-11,1.0,0.75,1.3369882237542902e-10,1.3369882237542902e-10,0.0,2.2595702003575213,0.6447065288617388,39,1.0587920465136775,0.48946384364010564,1875,1298.2480502585013,0.319576493575209,957.0,76.41065830721003,0.4090020832655919,1895,0.7763846615972358,0.5622554397616224,0.28785410495344815,6,1422.75,,,,,,,,,,,,,8.919847883695551e-16,0.03641360043838473,1.2404296684472387e-20,0.8074837894581763,0.24798255326164742,0.0015629279333187827,0.4069010499766419,1.0,0.002779070121050978,,0.0008499884728395471,0.0007982210227423364,0.0007982210227423364,0.0007982210227359987,,0.0,5.389464341131534e-16,0.020163910573035168,1.853119634306463e-15,,,,,0.4782608695652174,,2.305288890233182e-18,1.0,0.9302325581395349,4.479941623278088e-16,4.479941623278088e-16,0.9302325581395349,0.5814294660167845,0.1811001529055083,216,1.1840591424429816,0.5747533249373961,1898,1189.353605955773,0.44422728693655467,1057.0,387.8599810785242,0.4751510266458474,2042,1409.1368421052632,1454.5,398.32527672708756,380,0.6645304607900322,0.5565550872278735,0.3678621512786154,7,1533.25
db7,,,,7.405684115152857,33574.11917224802,0.6699029126213593,29.389759110414637,206,smoothed,143.05492919164055,,7.192255980007085,90447.61084362335,1.0,6.827999388830456e-05,0.21392193033728774,163.85221069363212,0.04854368932038834,14738.256692363013,15.0,"[0.0, 0.0048543689320388345, 0.009708737864077669, 0.014563106796116504, 0.019417475728155338, 0.02427184466019417, 0.029126213592233007, 0.03398058252427184, 0.038834951456310676, 0.04368932038834951, 0.04854368932038834, 0.05339805825242718, 0.058252427184466014, 0.06310679611650485, 0.06796116504854369, 0.07281553398058252, 0.07766990291262135, 0.08252427184466019, 0.08737864077669902, 0.09223300970873785, 0.09708737864077668, 0.10194174757281553, 0.10679611650485436, 0.1116504854368932, 0.11650485436893203, 0.12135922330097086, 0.1262135922330097, 0.13106796116504854, 0.13592233009708737, 0.1407766990291262, 0.14563106796116504, 0.15048543689320387, 0.1553398058252427, 0.16019417475728154, 0.16504854368932037, 0.1699029126213592, 0.17475728155339804, 0.17961165048543687, 0.1844660194174757, 0.18932038834951453, 0.19417475728155337, 0.19902912621359223, 0.20388349514563106, 0.2087378640776699, 0.21359223300970873, 0.21844660194174756, 0.2233009708737864, 0.22815533980582522, 0.23300970873786406, 0.2378640776699029, 0.24271844660194172, 0.24757281553398056, 0.2524271844660194, 0.25728155339805825, 0.2621359223300971, 0.2669902912621359, 0.27184466019417475, 0.2766990291262136, 0.2815533980582524, 0.28640776699029125, 0.2912621359223301, 0.2961165048543689, 0.30097087378640774, 0.3058252427184466, 0.3106796116504854, 0.31553398058252424, 0.3203883495145631, 0.3252427184466019, 0.33009708737864074, 0.3349514563106796, 0.3398058252427184, 0.34466019417475724, 0.3495145631067961, 0.3543689320388349, 0.35922330097087374, 0.36407766990291257, 0.3689320388349514, 0.37378640776699024, 0.37864077669902907, 0.3834951456310679, 0.38834951456310673, 0.3932038834951456, 0.39805825242718446, 0.4029126213592233, 0.4077669902912621, 0.41262135922330095, 0.4174757281553398, 0.4223300970873786, 0.42718446601941745, 0.4320388349514563, 0.4368932038834951, 0.44174757281553395, 0.4466019417475728, 0.4514563106796116, 0.45631067961165045, 0.4611650485436893, 0.4660194174757281, 0.47087378640776695, 0.4757281553398058, 0.4805825242718446, 0.48543689320388345, 0.4902912621359223, 0.4951456310679611]","[99869.49903308818, 9085.103842066668, 9734.352673053934, 3251.632077815474, 5707.46429115494, 7682.425866758741, 7833.012611285008, 8959.059286191434, 10603.987250175509, 7744.247279205646, 13535.016153448141, 14738.256692363013, 4811.218203406411, 6397.602915226566, 3886.9328510260425, 2730.5896709936455, 2380.7855832095, 8074.566718271038, 4366.099154086994, 3780.80343724572, 2470.7506976881496, 5126.029912525437, 6420.051909424711, 2175.606183343917, 3057.1721839527727, 775.2846677315105, 5983.380366405458, 1813.088885148886, 1559.7711689477167, 1664.545115978628, 1055.4969682711658, 1035.8136911667323, 146.3694519524059, 553.7388936587811, 372.9977154775973, 1080.5004438913177, 155.22814103269496, 533.0883587899625, 243.27366558189814, 522.6316278011251, 104.57450000337936, 144.8326682399731, 164.61245318212858, 170.87209019155566, 186.05994240498924, 329.04197226624063, 396.9836954634616, 238.84132789983266, 251.43263188847706, 1169.972098045147, 346.27945479146837, 313.0639788007759, 498.5586281726809, 1164.0847675169414, 1099.835115530575, 1334.6667213808455, 976.9660787654401, 1240.7779379519081, 1751.3120166798071, 1023.8669575184266, 530.4281384358668, 1260.011089138013, 871.7996643516855, 463.9127068083143, 1709.903975243962, 1187.8486900418638, 689.3458919277494, 1413.04256848772, 280.42985220666253, 405.011956392917, 804.6318848511002, 500.2358753752503, 477.81367006453576, 778.1811981203678, 79.8854956484613, 420.54333899574874, 876.8957681182877, 123.4425668662594, 221.81828717186056, 126.56050728620741, 272.1204379186829, 161.17451010507725, 132.7887628477062, 183.35798308295534, 147.34960470374912, 214.24401799571345, 234.33160614224778, 671.1272230809691, 217.04887940914048, 359.9812797813881, 495.86707213310405, 579.2280687723345, 521.7381733862444, 201.65164910583536, 335.80629109933955, 262.08950166839185, 642.7120116832224, 301.4484969266044, 229.80185308391495, 1330.4168003042541, 269.8592588121699, 1211.5538888463277, 476.8810374289897]",12,549.5429513293894,73.55854389413076,1000.5200663590487,"[13, 31, 57, 69, 85, 106, 116, 135, 151, 163, 180, 196]","[644.1135081835574, 416.7943484569652, 839.4968947904847, 664.2217934246448, 1000.5200663590487, 488.6917302316398, 280.2808792234515, 703.3739871960523, 73.55854389413076, 655.7563690395315, 528.2447431300651, 299.462552023101]","[4, 23, 4, 64, 4, 99, 111, 124, 149, 152, 175, 191]","[43, 43, 78, 78, 124, 124, 124, 152, 152, 191, 191, 200]",61561507.32871931,977.6285468660318,-977.6285468660318,307498.4322093886,0.07285709600730697,0.10711730599991391,0.4951456310679611,SWT,mdp.39015067403892,30825031.488719314,,0.0,-16.0,10.0,0.0,-11.5,,249.22854686603182,291.3429513293895,914.115415952675,291.34295132938945,,307498.4322093886,291.3429513293895,,,69.35854389413078,0.0,-16.0,272.1200663590487,249.22854686603182,,198.54778930636786,0.3253213204587695,,0.215469171192747,0.16024636727435138,0.02714819121983156,0.5185185185185188,0.3580760373945916,,0.11858910450251824,0.37205681728939005,0.37205681728939005,0.3712603962686892,,0.880492644119328,0.2684758297290472,0.29957129724555787,,,,,,0.5113862455372061,0.020000000000000004,0.01010101010101011,0.1808043663352804,0.1808043663352804,2.247483796464779,0.7214845000293741,20,0.9721667369685243,0.3705883506445997,75,0,0.34637325965017995,0.5710661222018328,51,0.0,0.3098915410040311,0.41019855682261014,78,26.870057685088806,0.7465088897633132,56.0,41.77035753661994,0.6091035014854302,61,db,0.9817779367705585,0.7465271631990054,0.08879729530090745,4,46.75,0.03342422388876913,0.7588757119344668,,0.2034015913412311,0.3313390598491875,0.004629739114219766,0.5428571428571431,0.052711359921510714,,0.07454885483373117,0.12453385894893257,0.12453385894893257,0.12416251734927253,,0.5062218085294543,0.22236129432163404,0.07403567095595553,,,,,0.16666666666666669,,0.12152109904572472,0.16949152542372878,0.1694915254237288,0.058986924070534213,0.058986924070534213,0.24576271186440676,1.1235864341491053,0.36872154142098273,128,0.9205344157883854,0.47346974030063593,179,36.062445840513924,0.8298941233938022,153.5,149.26384364820845,0.5529187598101086,149,0.9080317387829661,0.7281573716544635,0.1459305713555847,6,113.25,,,0.38647919910877704,0.5,0.10999999999999999,0.48787352286466246,0.38647919910877676,1.0,False,False,1.0,0.5897841449099216,0.001213639842371769,0.4555785442916645,,0.1392919244251919,0.33644747031842176,3.999690237487799e-06,0.6687863617913681,0.3864791991087769,0.0050075740433575214,,0.0006537979387909762,0.0011159216072927662,0.0011159216072927662,0.001115921607286429,,0.5897841449099216,0.0016718298584725787,0.004226138124776963,0.0016884716244426222,,,,,0.08695652173913043,,9.65343384168243e-06,0.24031007751937983,0.24031007751937983,0.0010459101111636546,0.0010459101111636546,0.31007751937984496,0.5041474944148815,0.1570288292248819,995,0.8129477988770566,0.394612425728241,2033,733.9768388716363,0.6570201687515718,1514.0,1336.0865257595772,0.4747717666187765,2043,1009.0473684210526,935.5,610.6543869996938,760,0.4758535102197843,0.8532293215616218,0.41093374637766444,5,1533.5
db26,1.0,antisymmetric,1.4142039648240657e-26,315.74227823759804,5837470.652588298,0.53515625,103.61234056297864,206,smoothed,8.279030104408645e-14,-2.1302182240390315e-10,6.535909940045544,105889.7501083322,0.9950070111562801,0.00014966566451320282,0.9999999999999997,362.4000000000001,,,,[],[],11,426.60000000000014,32.2000000000001,728.4,"[9, 31, 53, 64, 80, 102, 131, 148, 158, 175, 192]","[311.00000000000006, 417.80000000000007, 589.6000000000005, 432.1999999999998, 728.4, 370.9999999999999, 587.0000000000001, 32.2000000000001, 448.2000000000003, 368.00000000000017, 407.19999999999976]","[0, 0, 0, 60, 0, 94, 120, 144, 144, 165, 186]","[20, 40, 75, 75, 205, 120, 205, 149, 205, 186, 205]",30736475.840000004,728.4,-728.4,0.0,,,,DWT,mdp.39015067403892,7.450580596923828e-09,,0.0,15.0,11.0,0.0,33.0,,0.0,168.4000000000002,987.7999999999975,168.4000000000001,,0.0,168.4000000000002,,,28.000000000000114,0.0,15.0,0.0,0.0,,1.1368683772161603e-13,1.330417741172554e-13,3.660019970143783e-26,0.9644097091857365,0.5792330598962305,0.4380796324317534,0.15169706453701734,0.6421884143634102,,0.9999996648089,4.406097391567225e-09,4.406097391567225e-09,3.6787861342541454e-09,,1.2251610931599486e-12,0.9999999955939026,0.0,,,,,,1.5893391424973748e-13,0.0,0.0,0.0,0.0,0.7999999009876075,0.30073748692798996,697,1.404856363235645,0.7132004286831414,58,0,0.1666666394079306,0.23713383960156548,697,0.0,0.3965154114877545,0.6995605017047493,53,370.37582264505335,0.6117653850680782,376.25,102.62003232952164,0.6086866757625506,539,db,0.573477938514061,0.8443824841957417,0.34525069778143475,3,405.0,8.625913720775652e-14,0.9999999999705143,9.210966209737425e-27,0.9512377789749988,0.8616137617143769,0.0011475988985873444,0.12448601973684231,0.006254858220117853,0.9999999997234185,2.0315811925353255e-05,4.745570603148508e-11,4.745570603148508e-11,3.962224992548613e-11,,1.2251610931599486e-12,0.003126132840347795,0.0,,,,,0.0,,7.374542113937972e-14,0.0,0.0,0.0,0.0,1.0,0.20156916120476107,0.057512244684998916,1779,1.7544196987548126,0.8110421795649122,208,1110.8647532440662,0.4177857687400073,993.5,372.4529441368898,0.44854173133017133,1760,0.49117026184683504,0.8233619396015222,0.4091722348267588,4,1321.0,,,,,,,,,,,,,5.791764559954391e-19,0.9999999999715837,9.210966209737425e-27,0.9646298267211613,0.26635567465799104,0.0015297849992688254,0.09417598261399013,0.9999999999999997,0.006254858220117853,0.9999999999999541,9.960751159770586e-05,3.843648489765261e-14,3.843648489765261e-14,3.209173378426744e-14,,0.0,9.572760819061336e-19,0.004567040150618456,0.0,,,,,0.13043478260869565,,2.3332883504384434e-21,0.7209302325581395,0.7209302325581395,0.0,0.0,1.0,0.3986733618839274,0.12417638082767558,1906,1.8528929621864265,0.8994114842713886,253,1168.847509301363,0.45380957509282105,1079.5,446.7049559981473,0.4746851613781862,2044,1009.0473684210526,935.5,610.6543869996938,760,0.4758535102197843,0.8532293215616218,0.41093374637766444,5,1534.25
sym17,1.0,periodization,7.703243331887725e-20,250.60505630178952,5985931.475748545,0.6116504854368932,288.74494799774715,206,raw,2.1620131054842342e-10,,6.30722438988324,63117.30860595401,0.7629357313608328,5.6189438836777125e-06,1.0,326.99999999988177,,,,[],[],13,661.1538461545365,87.00000000010941,940.0000000009388,"[8, 32, 51, 63, 81, 100, 111, 133, 152, 162, 175, 192, 204]","[878.0000000005905, 638.0000000009596, 787.0000000009567, 792.0000000009037, 940.0000000009388, 788.0000000007158, 637.0000000007319, 675.0000000003798, 771.0000000007659, 196.00000000046276, 834.0000000009977, 572.0000000004626, 87.00000000010941]","[0, 13, 42, 42, 76, 99, 107, 107, 107, 161, 164, 187, 203]","[76, 42, 61, 76, 205, 164, 119, 142, 164, 164, 205, 205, 205]",37754613.000021994,941.0000000005584,-941.0000000005584,0.0,,,,DWT,mdp.39015067403892,2.199411392211914e-05,,0.0,33.0,19.0,0.0,28.5,,5.584297468885779e-10,256.3413461545365,4358.999999991025,256.3413461545365,,0.0,256.3413461545365,,,84.00000000010941,0.0,28.5,9.388259059051052e-10,5.584297468885779e-10,,1.1823431123048067e-10,2.731557588801001e-10,5.451324980496005e-20,0.7108666836868758,0.7826143760645704,0.0002813127283965071,0.40880721220527005,0.0004353950007249758,,0.47422802473869796,7.230524279556221e-09,7.230524279556221e-09,6.616557860153891e-09,,5.947292911394155e-09,0.9999999927694148,1.1241585449520628e-09,,,,,,2.1769648320344892e-10,1.0,1.0,6.993914968137457e-10,6.993914968137457e-10,0.8422684140539293,0.2753648351817299,23,0.9816648975729537,0.47149697471700197,935,0,0.2895190039394708,0.3459225105536395,23,0.125,0.26560785427985617,0.48243594848109866,940,527.9907669647264,0.4465505587371841,480.25,44.89848272415564,0.4715719250708981,942,sym,0.8243425715244881,0.7368036147090654,0.2019191155201387,6,708.0,2.7315575888010007e-10,0.0001547883298790298,5.451324980496004e-20,0.7108666836868758,0.7826143760645705,0.0013145014490471602,0.5556719468574347,0.0028000655535831854,,0.9919828214581397,0.9855281704529828,0.9855281704529828,0.9855281704528707,,1.2741675368863465e-09,0.9999999999641063,6.264496733768026e-10,,,,,1.0,,2.1769648320344892e-10,1.0,0.75,6.993914968137457e-10,6.993914968137457e-10,0.0,2.2595702011660594,0.6447065290924331,24,1.0419196905142518,0.4816640039587104,1886,1316.6328265693514,0.3099408665779081,955.0,47.39685863874345,0.40470837878161653,1901,0.7763846615972358,0.5622554397616224,0.28785410495344815,6,1427.25,,,,,,,,,,,,,1.8340710269554498e-15,0.0364136004383338,5.451324980496004e-20,0.7902742064714993,0.2419341349875321,0.0015688138381946082,0.42037613313489364,1.0,0.0028000655535831854,,0.0008499884728405882,0.0007982210227463918,0.0007982210227463918,0.0007982210227400531,,0.0,9.955671251823792e-16,0.020163910573008297,5.8252995584707934e-15,,,,,0.4782608695652174,,6.8878672104942846e-18,1.0,0.9302325581395349,2.3435008789714553e-15,2.3435008789714553e-15,0.9302325581395349,0.5814294660167778,0.1811001529055062,232,1.1761105579026543,0.5708950080431291,1903,1181.575431362721,0.44786194796134526,1067.5,413.5793911007026,0.4745150861302053,2045,1409.1368421052632,1454.5,398.32527672708756,380,0.6645304607900322,0.5565550872278735,0.3678621512786154,7,1535.5
coif2,1.0,zero,4.730959684328948e-27,320.4979062709512,4962372.414961755,0.5462962962962963,79.37821480144704,206,smoothed,4.3943274046522703e-14,-2.0989530113979574e-10,6.193907524418819,35409.95371742113,0.985771154783738,0.00014966566451320268,0.9999999999999999,362.40000000000003,,,,[],[],11,426.59999999999997,32.19999999999999,728.4,"[9, 31, 53, 64, 80, 102, 131, 148, 158, 175, 192]","[311.00000000000006, 417.8, 589.6, 432.20000000000005, 728.4, 371.00000000000017, 587.0, 32.19999999999999, 448.2, 368.0, 407.20000000000005]","[0, 0, 0, 60, 0, 94, 120, 144, 144, 165, 186]","[20, 40, 75, 75, 204, 120, 204, 149, 204, 186, 204]",30736475.839999996,728.4,-728.4,0.0,,,,DWT,mdp.39015067403892,0.0,,0.0,15.0,11.0,0.0,33.0,,0.0,168.40000000000003,987.7999999999993,168.40000000000006,,0.0,168.40000000000003,,,28.0,0.0,15.0,0.0,0.0,,5.684341886080802e-14,4.7700297198810913e-14,9.057736344854728e-27,0.9824783036357847,0.08592738646619302,0.062526959339566,0.2282178573998131,0.05771119982271229,,0.999999664709775,4.4059199552998455e-09,4.4059199552998455e-09,3.6787565615428943e-09,,6.125805465799743e-13,0.9999999955940747,0.0,,,,,,0.0,0.0,0.0,0.0,0.0,0.799999900957455,0.300737486916655,827,0.7780857779733747,0.3950091446535908,583,0,0.16666663939958823,0.23713383958969592,827,0.0,0.20240881523773102,0.35710393148626435,571,144.42068180608112,0.848615637519831,702.0,679.6988687425315,0.5563832904580288,723,coif,0.5556920286951962,0.9053407607371553,0.33941335169221604,4,543.25,3.71752446446341e-14,0.9999999999705134,2.5510628624945915e-27,0.9687871230395418,0.7434690835478479,0.00016379640676693688,0.18728070175438605,0.0005621019696560306,0.9999999997234655,2.0315811923354854e-05,4.745387416349445e-11,4.745387416349445e-11,3.9622027880881205e-11,,6.125805465799743e-13,0.0031261328403482946,0.0,,,,,0.0,,0.0,0.0,0.0,0.0,0.0,1.0,0.2015691612044164,0.05751224468490057,1841,1.7282258351712005,0.7989331453200523,462,975.1002512562491,0.48894116810469124,1151.5,738.6382978723404,0.4427148188531842,1784,0.4784248188775415,0.776734912893196,0.43208215291776214,2,1338.5,,,,,,,,,,,,,2.496086460056374e-19,0.9999999999715827,2.5510628624945915e-27,0.9773594220399346,0.22983292298131944,0.0012997305819920384,0.14168132413295456,0.9999999999999999,0.000562101969656031,0.9999999999999541,9.960751159770423e-05,3.8434858594393884e-14,3.8434858594393884e-14,3.2091408523615694e-14,,0.0,4.786380409530668e-19,0.004567040150618464,0.0,,,,,0.13043478260869565,,0.0,0.7209302325581395,0.7209302325581395,0.0,0.0,1.0,0.3986733618839274,0.12417638082767558,1899,1.8588793504381171,0.9023173328297016,208,1195.7175669864519,0.4412534733708169,1053.5,374.93308020882773,0.47448187687232435,2046,986.6382352941176,846.0,585.0035688138154,340,0.4652856568234462,0.8173890317607586,0.42908333069536003,4,1535.5
db15,1.0,reflect,6.557394786384051e-27,319.0800854319678,5414544.240000734,0.5299145299145299,113.30968704348268,206,smoothed,5.624842555052347e-14,-1.9875399104307726e-10,6.403888031609006,30629.59051997587,0.9811847913731934,0.00014966566451320268,1.0,362.40000000000003,,,,[],[],11,426.59999999999997,32.200000000000074,728.3999999999999,"[9, 31, 53, 64, 80, 102, 131, 148, 158, 175, 192]","[310.99999999999966, 417.7999999999999, 589.6000000000001, 432.19999999999993, 728.3999999999999, 370.99999999999994, 587.0, 32.200000000000074, 448.19999999999993, 368.0000000000001, 407.19999999999993]","[0, 0, 0, 60, 0, 94, 120, 144, 144, 165, 186]","[20, 40, 75, 75, 204, 120, 204, 149, 204, 186, 204]",30736475.83999999,728.3999999999999,-728.3999999999999,0.0,,,,DWT,mdp.39015067403892,7.450580596923828e-09,,0.0,15.0,11.0,0.0,33.0,,1.1368683772161603e-13,168.40000000000003,987.7999999999993,168.39999999999998,,0.0,168.40000000000003,,,28.000000000000085,0.0,15.0,1.1368683772161603e-13,1.1368683772161603e-13,,5.684341886080802e-14,7.473299144134593e-14,1.4402980680725906e-26,0.9770914168644165,0.38880412292671146,0.2565787015198896,0.11569177638679073,0.01806844389534161,,0.9999996647841187,4.4059199552998455e-09,4.4059199552998455e-09,3.67866784340914e-09,,6.125805465799743e-13,0.9999999955940747,7.585973278963461e-14,,,,,,1.5893391424973748e-13,0.0,0.0,1.7477015598164352e-13,1.7477015598164352e-13,0.799999900979919,0.30073748692509966,709,0.9624503504548257,0.48860511330116957,228,0,0.16666663940582485,0.2371338395985694,709,0.0,0.25089063737046075,0.4426389872044713,236,275.4154437693476,0.7113045662795099,470.5,349.52424231318946,0.6090589917351428,538,db,0.573477938514061,0.8443824841957417,0.34525069778143475,3,404.25,5.272301705031127e-14,0.9999999999705134,3.8435692800729075e-27,0.9635550431647719,0.8160068151827781,0.0006721367839694473,0.09493927125506099,0.00017598504161048419,0.9999999997236335,2.0315811924853655e-05,4.745387416349445e-11,4.745387416349445e-11,3.962102868015904e-11,,6.125805465799743e-13,0.0031261328403482946,7.585973278963461e-14,,,,,0.0,,7.374542113937972e-14,0.0,0.0,1.4238426238064856e-13,1.4238426238064856e-13,1.0,0.2015691612045483,0.0575122446849382,1811,1.7245186042815288,0.7972193475195353,495,930.5525240414966,0.5122890335212282,1153.0,777.4891587163921,0.4539956698004464,1738,0.49117026184683504,0.8233619396015222,0.4091722348267588,4,1304.5,,,,,,,,,,,,,3.5400226750518167e-19,0.9999999999715827,3.8435692800729075e-27,0.9735642796553321,0.25225693395502874,0.001418601951223063,0.07182331942175013,1.0,0.00017598504161048462,0.9999999999999541,9.960751159770543e-05,3.8434858594393884e-14,3.8434858594393884e-14,3.2090649582094954e-14,,0.0,4.786380409530668e-19,0.004567040150618464,7.054128794466933e-19,,,,,0.13043478260869565,,2.3332883504384434e-21,0.7209302325581395,0.7209302325581395,4.770970844811595e-19,4.770970844811595e-19,1.0,0.3986733618839274,0.12417638082767558,1937,1.839776057523126,0.8930444167002838,428,1067.0241328105003,0.501390592144626,1182.5,701.0875264270614,0.47441024934334103,2047,1009.0473684210526,935.5,610.6543869996938,760,0.4758535102197843,0.8532293215616218,0.41093374637766444,5,1536.5
sym18,1.0,constant,1.0310175149517076e-18,239.3391320370265,5957453.468591615,0.6166666666666667,230.41112024718484,206,raw,7.941463926593456e-10,,6.339094916154674,67809.64758889608,0.8090561663949105,5.618943883646126e-06,1.0,326.9999999995372,,,,[],[],13,661.1538461562284,87.00000000034262,940.0000000032915,"[8, 32, 51, 63, 81, 100, 111, 133, 152, 162, 175, 192, 204]","[878.000000001467, 638.0000000035851, 787.0000000037026, 792.0000000031231, 940.0000000032915, 788.0000000023256, 637.0000000026347, 675.0000000015084, 771.0000000023066, 196.00000000181808, 834.0000000036025, 572.0000000012598, 87.00000000034262]","[0, 13, 42, 42, 76, 99, 107, 107, 107, 161, 164, 187, 203]","[76, 42, 61, 76, 205, 164, 119, 142, 164, 164, 205, 205, 205]",37754613.0000777,941.00000000176,-941.00000000176,0.0,,,,DWT,mdp.39015067403892,7.77021050453186e-05,,0.0,33.0,19.0,0.0,28.5,,1.7599859347683378e-09,256.3413461562284,4358.999999969032,256.34134615622827,,0.0,256.3413461562284,,,84.00000000034262,0.0,28.5,3.2914613257162273e-09,1.7599859347683378e-09,,4.6281911636469886e-10,1.0033993968165765e-09,7.296162627162867e-19,0.6692928726695313,0.7936240441174597,0.00024926407617489556,0.4464285714285716,0.0008153008276357765,,0.4742280250096163,8.540683200406518e-09,8.540683200406518e-09,7.92662874532693e-09,,2.3280220617582314e-08,0.9999999914593235,3.941225259560683e-09,,,,,,7.690909970625911e-10,1.0,1.0,2.20425076591482e-09,2.20425076591482e-09,0.8422684256119138,0.27536483896040953,13,0.9774099269020389,0.4694532978942837,938,0,0.2895190061563311,0.34592251320238404,13,0.125,0.26666572201753896,0.4843574030509579,935,533.1843802413321,0.44110651966317393,474.75,25.64402226934299,0.47173250511460585,940,sym,0.8243425715244881,0.7368036147090654,0.2019191155201387,6,706.5,1.0033993968165767e-09,0.00015478832965970524,7.296162627162868e-19,0.6692928726695313,0.7936240441174597,0.0012824859184490704,0.5839473684210529,0.003179072637063834,,0.9919828214622707,0.9855281704719432,0.9855281704719432,0.98552817047183,,4.9876308102541506e-09,0.9999999999576027,2.1962909837255014e-09,,,,,1.0,,7.690909970625911e-10,1.0,0.75,2.20425076591482e-09,2.20425076591482e-09,0.0,2.259570204700404,0.6447065301008615,14,1.0339260018428376,0.4779686403650226,1888,1325.11810794359,0.3054936541176153,951.0,27.793901156677183,0.4035329905808202,1902,0.7763846615972358,0.5622554397616224,0.28785410495344815,6,1428.0,,,,,,,,,,,,,6.737202868102984e-15,0.0364136004381225,7.296162627162868e-19,0.760118219548934,0.24533761772224721,0.0015613272600482953,0.44176701393586815,1.0,0.003179072637063834,,0.0008499884728437132,0.0007982210227617486,0.0007982210227617486,0.0007982210227554089,,0.0,3.89707092943987e-15,0.020163910572906545,2.0423113685740668e-14,,,,,0.4782608695652174,,2.4333864206722524e-17,1.0,0.9302325581395349,7.38593996485283e-15,7.38593996485283e-15,0.9302325581395349,0.5814294660167527,0.18110015290549838,238,1.1684229189811197,0.5671633565802183,1905,1178.7470042379748,0.449183642879451,1071.5,423.1357909472702,0.4742413541500059,2048,1409.1368421052632,1454.5,398.32527672708756,380,0.6645304607900322,0.5565550872278735,0.3678621512786154,7,1537.75
db23,1.0,zero,1.2207277860326857e-26,316.38121044210925,4962840.546852253,0.548,49.843042403288926,206,smoothed,7.886679443278975e-14,-2.1446526776713922e-10,6.193323269169915,43154.03166720001,0.9896503679012989,0.00014966566451320274,0.9999999999999999,362.4,,,,[],[],11,426.6,32.200000000000045,728.4000000000002,"[9, 31, 53, 64, 80, 102, 131, 148, 158, 175, 192]","[311.00000000000006, 417.8000000000001, 589.6, 432.19999999999993, 728.4000000000002, 371.0, 586.9999999999999, 32.200000000000045, 448.2000000000001, 368.0000000000001, 407.2000000000001]","[0, 0, 0, 60, 0, 94, 120, 144, 144, 165, 186]","[20, 40, 75, 75, 205, 120, 205, 149, 205, 186, 205]",30736475.840000007,728.4000000000002,-728.4000000000002,0.0,,,,DWT,mdp.39015067403892,1.1175870895385742e-08,,0.0,15.0,11.0,0.0,33.0,,2.2737367544323206e-13,168.4000000000001,987.7999999999984,168.4000000000001,,0.0,168.4000000000001,,,28.000000000000057,0.0,15.0,2.2737367544323206e-13,2.2737367544323206e-13,,0.0,1.2442237966711275e-13,3.093792652432375e-26,0.9668372764394033,0.0850846543220726,0.06272786042161262,0.23992056982516782,0.12193154864676897,,0.9999996647593375,4.4059791007223055e-09,4.4059791007223055e-09,3.6787861342541454e-09,,0.0,0.9999999955939887,1.5171946557926922e-13,,,,,,2.3840087137460624e-13,0.0,0.0,3.4954031196328703e-13,3.4954031196328703e-13,0.7999999009723539,0.30073748692225577,742,0.7987494706242966,0.4054994373571603,508,0,0.16666663940376328,0.2371338395956362,744,0.0,0.21092884423644997,0.37213556856316754,486,142.3142063651178,0.8508236830554321,620.0,595.4230997416283,0.6004642524291836,588,db,0.573477938514061,0.8443824841957417,0.34525069778143475,3,441.75,8.130171853600937e-14,0.9999999999705138,7.841800656277516e-27,0.9535955834568136,0.7432672526683135,0.00016432268976074305,0.19688421052631622,0.0011876024734905229,0.9999999997233967,2.0315811924354055e-05,4.745454029730922e-11,4.745454029730922e-11,3.962224992548613e-11,,0.0,0.0031261328403480726,1.5171946557926922e-13,,,,,0.0,,1.1061813170906958e-13,0.0,0.0,2.847685247612971e-13,2.847685247612971e-13,1.0,0.20156916120435583,0.05751224468488329,1847,1.723101862833585,0.796564408981946,512,943.987552884041,0.5052476137924313,1179.5,801.7498940228911,0.4435305154916035,1776,0.49117026184683504,0.8233619396015222,0.4091722348267588,4,1333.0,,,,,,,,,,,,,5.458904729665022e-19,0.9999999999715831,7.841800656277516e-27,0.9663400841976747,0.22977052982736348,0.001299853649099989,0.14894655662292008,0.9999999999999999,0.001187602473490523,0.9999999999999541,9.960751159770499e-05,3.8435400695480126e-14,3.8435400695480126e-14,3.209173378426744e-14,,0.0,0.0,0.00456704015061846,1.4108257588933865e-18,,,,,0.13043478260869565,,3.499932525657665e-21,0.7209302325581395,0.7209302325581395,9.54194168962319e-19,9.54194168962319e-19,1.0,0.3986733618839274,0.12417638082767558,1905,1.8553929058868572,0.9006249802045514,235,1180.8683245815344,0.4481923716908718,1070.0,418.3878504672897,0.4740961858454359,2049,1009.0473684210526,935.5,610.6543869996938,760,0.4758535102197843,0.8532293215616218,0.41093374637766444,5,1538.0
sym18,1.0,zero,1.0310300270895366e-18,239.33907933259263,5958360.31791395,0.6166666666666667,230.41112024718484,206,raw,7.941399425869383e-10,,6.336409848617031,68786.50954877294,0.8117770334690484,5.618943883646116e-06,1.0,326.9999999995372,,,,[],[],13,661.1538461562242,87.00000000034262,940.0000000032915,"[8, 32, 51, 63, 81, 100, 111, 133, 152, 162, 175, 192, 204]","[878.0000000014139, 638.000000003585, 787.0000000037026, 792.0000000031231, 940.0000000032915, 788.0000000023256, 637.0000000026347, 675.0000000015084, 771.0000000023066, 196.00000000181808, 834.0000000036025, 572.0000000012598, 87.00000000034262]","[0, 13, 42, 42, 76, 99, 107, 107, 107, 161, 164, 187, 203]","[76, 42, 61, 76, 205, 164, 119, 142, 164, 164, 205, 205, 205]",37754613.000077724,941.00000000176,-941.00000000176,0.0,,,,DWT,mdp.39015067403892,7.772445678710938e-05,,0.0,33.0,19.0,0.0,28.5,,1.7599859347683378e-09,256.3413461562242,4358.999999969086,256.3413461562242,,0.0,256.3413461562242,,,84.00000000034262,0.0,28.5,3.2914613257162273e-09,1.7599859347683378e-09,,4.6281911636469886e-10,1.0033912470381886e-09,7.296251171335192e-19,0.6692926781782387,0.7926964879786851,0.0002502846285748156,0.4464285714285716,0.0008943904995443551,,0.4742280250096163,8.537425850583142e-09,8.537425850583142e-09,7.92345943198332e-09,,2.3280220617582314e-08,0.9999999914625741,3.941225259560683e-09,,,,,,7.693122333260092e-10,1.0,1.0,2.20425076591482e-09,2.20425076591482e-09,0.8422684256107446,0.2753648389600272,14,0.976978178282837,0.4692459275703623,939,0,0.28951900615581344,0.34592251320176554,15,0.125,0.26654463053100086,0.48413745892950344,937,533.1837550663623,0.4411071749828487,476.25,28.525088204450224,0.4709466692524306,947,sym,0.8243425715244881,0.7368036147090654,0.2019191155201387,6,711.75,1.0033912470381888e-09,0.00015478832965959421,7.296251171335192e-19,0.6692926781782387,0.7926964879786852,0.0012835054161290558,0.5839473684210529,0.0032579752064907305,,0.9919828214622707,0.9855281704718961,0.9855281704718961,0.985528170471784,,4.9876308102541506e-09,0.9999999999576189,2.1962909837255014e-09,,,,,1.0,,7.693122333260092e-10,1.0,0.75,2.20425076591482e-09,2.20425076591482e-09,0.0,2.259570204700481,0.6447065301008836,13,1.033494177855283,0.4777690145466947,1889,1326.5323215059632,0.30475245204089985,951.0,25.82229232386961,0.4031623895424625,1905,0.7763846615972358,0.5622554397616224,0.28785410495344815,6,1430.25,,,,,,,,,,,,,6.737148147410003e-15,0.03641360043812244,7.296251171335192e-19,0.7601180784726955,0.24505087689694416,0.0015615656615024837,0.44176701393586815,1.0,0.0032579752064907305,,0.0008499884728437132,0.0007982210227617105,0.0007982210227617105,0.0007982210227553718,,0.0,3.89707092943987e-15,0.0201639105729068,2.0423113685740668e-14,,,,,0.4782608695652174,,2.434086407177384e-17,1.0,0.9302325581395349,7.38593996485283e-15,7.38593996485283e-15,0.9302325581395349,0.5814294660167527,0.18110015290549838,239,1.168311144151223,0.5671091000377665,1906,1178.7470042379748,0.449183642879451,1072.5,424.74032634032636,0.4740077092901928,2050,1409.1368421052632,1454.5,398.32527672708756,380,0.6645304607900322,0.5565550872278735,0.3678621512786154,7,1539.25
db38,,,,6.143704743926461,35012.54170696001,0.7233009708737864,28.87389897214188,206,smoothed,143.3138218801026,,7.193751310342638,90447.61084362335,1.0,7.580844078943797e-05,-0.15291796544618233,164.89375672414025,0.04854368932038834,14740.012471309585,15.0,"[0.0, 0.0048543689320388345, 0.009708737864077669, 0.014563106796116504, 0.019417475728155338, 0.02427184466019417, 0.029126213592233007, 0.03398058252427184, 0.038834951456310676, 0.04368932038834951, 0.04854368932038834, 0.05339805825242718, 0.058252427184466014, 0.06310679611650485, 0.06796116504854369, 0.07281553398058252, 0.07766990291262135, 0.08252427184466019, 0.08737864077669902, 0.09223300970873785, 0.09708737864077668, 0.10194174757281553, 0.10679611650485436, 0.1116504854368932, 0.11650485436893203, 0.12135922330097086, 0.1262135922330097, 0.13106796116504854, 0.13592233009708737, 0.1407766990291262, 0.14563106796116504, 0.15048543689320387, 0.1553398058252427, 0.16019417475728154, 0.16504854368932037, 0.1699029126213592, 0.17475728155339804, 0.17961165048543687, 0.1844660194174757, 0.18932038834951453, 0.19417475728155337, 0.19902912621359223, 0.20388349514563106, 0.2087378640776699, 0.21359223300970873, 0.21844660194174756, 0.2233009708737864, 0.22815533980582522, 0.23300970873786406, 0.2378640776699029, 0.24271844660194172, 0.24757281553398056, 0.2524271844660194, 0.25728155339805825, 0.2621359223300971, 0.2669902912621359, 0.27184466019417475, 0.2766990291262136, 0.2815533980582524, 0.28640776699029125, 0.2912621359223301, 0.2961165048543689, 0.30097087378640774, 0.3058252427184466, 0.3106796116504854, 0.31553398058252424, 0.3203883495145631, 0.3252427184466019, 0.33009708737864074, 0.3349514563106796, 0.3398058252427184, 0.34466019417475724, 0.3495145631067961, 0.3543689320388349, 0.35922330097087374, 0.36407766990291257, 0.3689320388349514, 0.37378640776699024, 0.37864077669902907, 0.3834951456310679, 0.38834951456310673, 0.3932038834951456, 0.39805825242718446, 0.4029126213592233, 0.4077669902912621, 0.41262135922330095, 0.4174757281553398, 0.4223300970873786, 0.42718446601941745, 0.4320388349514563, 0.4368932038834951, 0.44174757281553395, 0.4466019417475728, 0.4514563106796116, 0.45631067961165045, 0.4611650485436893, 0.4660194174757281, 0.47087378640776695, 0.4757281553398058, 0.4805825242718446, 0.48543689320388345, 0.4902912621359223, 0.4951456310679611]","[99869.49903308816, 9085.103842080465, 9734.352676758403, 3251.6321084139327, 5707.464801055036, 7682.429694283598, 7833.028049712955, 8959.114036491514, 10604.154201162326, 7744.517867697134, 13535.940722935497, 14740.012471309585, 4812.113075690623, 6399.252792249316, 3888.1301077457683, 2731.374149881487, 2381.068427137725, 8072.106568665142, 4361.217727559124, 3771.450515122957, 2459.5741472211957, 5088.144635503266, 6348.5486005683715, 2141.385218726022, 2992.9556405078747, 754.6181844095084, 5790.5853889046275, 1745.8378034026257, 1496.550946089126, 1595.1229060413343, 1013.6011749902376, 1001.199295767841, 143.21416470888065, 552.2459058170114, 381.981409723801, 1144.5667120831492, 171.6517653021834, 625.0839650830537, 308.84159524625545, 725.7819130288676, 156.48929942772756, 228.21067069580567, 280.93507056188975, 342.18763724014457, 428.2662850353203, 732.0035007938036, 654.3740169663114, 234.95953817329124, 272.5533199134296, 1768.6696519999189, 555.6483902722644, 401.01328763488465, 336.8653495665305, 232.20346523501598, 726.9408134348267, 1297.2324331544837, 980.6044624302409, 1035.3833693849806, 1134.4126016337034, 651.3907443731205, 393.55080351214195, 1022.8975342905316, 711.9564829731625, 372.051289202273, 1387.9470096984348, 1006.2303236794852, 611.5101513465137, 1301.0655630554, 266.3737276903494, 395.8972372070314, 806.823205483105, 511.76873305065976, 495.55554053257924, 813.2407067097404, 83.69387419953536, 439.9494768820453, 913.4955261529348, 127.84582348979237, 228.24524154228416, 129.3977410251368, 276.61271907609165, 163.0316435334636, 133.79242699010763, 184.1988218124547, 147.7168424214539, 214.4843551849473, 234.4030673418848, 671.0475197130478, 216.98657651558702, 359.87050037548295, 495.7392918950315, 579.1203941548076, 521.6760405543167, 201.63787721516542, 335.79455906253673, 262.08537548139344, 642.7080840353212, 301.44790279206234, 229.80173859260515, 1330.4166814459584, 269.85925627274315, 1211.5538883852596, 476.881037428268]",12,532.4300497823734,55.50843367925719,1015.8848193995801,"[5, 23, 38, 61, 84, 94, 110, 131, 149, 161, 173, 187]","[106.26176040072397, 639.2956213512158, 401.7617070208456, 641.1730934245566, 830.6840584204373, 684.7438862200249, 1015.8848193995801, 480.3345015528423, 55.50843367925719, 661.1766106463854, 162.39955170346678, 709.9365535691459]","[4, 11, 29, 29, 29, 89, 29, 124, 147, 147, 172, 147]","[11, 29, 49, 68, 105, 105, 147, 147, 151, 177, 177, 194]",61472706.40688718,1019.7589690052374,-1019.7589690052374,305576.1607420968,0.07138550925980612,0.10575027177980525,0.4951456310679611,SWT,mdp.39015067403892,30736230.566887185,,0.0,-16.0,10.0,0.0,-7.0,,291.35896900523744,274.2300497823735,708.7605973884829,274.23004978237344,,305576.1607420968,274.2300497823735,,,51.3084336792572,0.0,-16.0,287.48481939958015,291.35896900523744,,197.50624327585973,0.40482956860281505,,0.04907001105522868,0.16454144376557536,0.02971488930789903,0.9259259259259258,0.3580760373945916,,0.0747183725718961,0.29943745835603813,0.29943745835603813,0.29854893412352335,,0.8694735883305285,0.1762590685617191,0.3688299038815576,,,,,,0.4925884513441916,0.020000000000000004,0.01010101010101011,0.3603314770853042,0.3603314770853042,2.2286100722073146,0.7154256801477766,21,1.0028048536294683,0.3822675499922767,72,0,0.35492039190667907,0.5851577922071753,49,0.0,0.33783987852762426,0.447193331448033,65,22.647663602823727,0.7863427961997762,51.75,41.109667010263074,0.6490676245149825,51,db,0.9817779367705585,0.7465271631990054,0.08879729530090745,4,39.25,0.041593075174700136,0.8448119203531852,,0.06162351830718535,0.33341910651584417,0.005067453083319823,0.8571428571428572,0.052711359921510714,,0.046970327785523,0.10022690210224816,0.10022690210224816,0.09984525035601008,,0.5022180415837514,0.1723724208489954,0.09115215527510492,,,,,0.16666666666666669,,0.11705416504054669,0.16949152542372878,0.1694915254237288,0.11755714704167967,0.11755714704167967,0.3220338983050847,1.1092321451770506,0.3640109687450262,133,0.8761472918674251,0.4506395672238909,184,36.062445840513924,0.8298941233938022,158.5,154.39747634069403,0.5411263069799199,155,0.9080317387829661,0.7281573716544635,0.1459305713555847,6,117.75,,,0.10016678899854814,0.5,0.2,0.6703943631704105,0.10016678899854814,1.0,False,False,0.9937486788030746,0.5860972147832358,0.001215836218850313,0.5059393509232699,,0.13591392964013183,0.3366071580165917,4.377836877250728e-06,0.8964957380598024,0.10016678899854814,0.0050075740433575214,,0.0004119325985490053,0.0009605921931812784,0.0009605921931812784,0.0009605921931749401,,0.5860972147832358,0.0016630597394052234,0.0032760632268867143,0.0017838080319065078,,,,,0.08695652173913043,,9.62562417588207e-06,0.24031007751937983,0.24031007751937983,0.0012227142335528701,0.0012227142335528701,0.3798449612403101,0.5153154220755658,0.16050734816002166,989,0.8026687222941329,0.38962286631220366,2035,739.6336931211287,0.6543767789153605,1512.0,1331.0945767195767,0.47391736142029706,2051,1009.0473684210526,935.5,610.6543869996938,760,0.4758535102197843,0.8532293215616218,0.41093374637766444,5,1539.5
db23,1.0,constant,1.2207277860326857e-26,316.38121044210925,4962840.546852253,0.548,49.843042403288926,206,smoothed,7.886679443278975e-14,-2.1446526776713922e-10,6.193323269169915,43154.03166720001,0.9896503679012989,0.00014966566451320274,0.9999999999999999,362.4,,,,[],[],11,426.6,32.200000000000045,728.4000000000002,"[9, 31, 53, 64, 80, 102, 131, 148, 158, 175, 192]","[311.00000000000006, 417.8000000000001, 589.6, 432.19999999999993, 728.4000000000002, 371.0, 586.9999999999999, 32.200000000000045, 448.2000000000001, 368.0000000000001, 407.2000000000001]","[0, 0, 0, 60, 0, 94, 120, 144, 144, 165, 186]","[20, 40, 75, 75, 205, 120, 205, 149, 205, 186, 205]",30736475.840000007,728.4000000000002,-728.4000000000002,0.0,,,,DWT,mdp.39015067403892,1.1175870895385742e-08,,0.0,15.0,11.0,0.0,33.0,,2.2737367544323206e-13,168.4000000000001,987.7999999999984,168.4000000000001,,0.0,168.4000000000001,,,28.000000000000057,0.0,15.0,2.2737367544323206e-13,2.2737367544323206e-13,,0.0,1.2442237966711275e-13,3.093792652432375e-26,0.9668372764394033,0.0850846543220726,0.06272786042161262,0.23992056982516782,0.12193154864676897,,0.9999996647593375,4.4059791007223055e-09,4.4059791007223055e-09,3.6787861342541454e-09,,0.0,0.9999999955939887,1.5171946557926922e-13,,,,,,2.3840087137460624e-13,0.0,0.0,3.4954031196328703e-13,3.4954031196328703e-13,0.7999999009723539,0.30073748692225577,744,0.7987494706242966,0.4054994373571603,510,0,0.16666663940376328,0.2371338395956362,742,0.0,0.21092884423644997,0.37213556856316754,488,141.16184564770563,0.8520316083357383,621.0,596.8581781239841,0.6005441060546617,586,db,0.573477938514061,0.8443824841957417,0.34525069778143475,3,440.25,8.130171853600937e-14,0.9999999999705138,7.841800656277516e-27,0.9535955834568136,0.7432672526683135,0.00016432268976074305,0.19688421052631622,0.0011876024734905229,0.9999999997233967,2.0315811924354055e-05,4.745454029730922e-11,4.745454029730922e-11,3.962224992548613e-11,,0.0,0.0031261328403480726,1.5171946557926922e-13,,,,,0.0,,1.1061813170906958e-13,0.0,0.0,2.847685247612971e-13,2.847685247612971e-13,1.0,0.20156916120435583,0.05751224468488329,1846,1.723101862833585,0.796564408981946,514,941.8662325404813,0.5063594169075045,1180.0,804.1050847457627,0.44395538979547133,1775,0.49117026184683504,0.8233619396015222,0.4091722348267588,4,1332.25,,,,,,,,,,,,,5.458904729665022e-19,0.9999999999715831,7.841800656277516e-27,0.9663400841976747,0.22977052982736348,0.001299853649099989,0.14894655662292008,0.9999999999999999,0.001187602473490523,0.9999999999999541,9.960751159770499e-05,3.8435400695480126e-14,3.8435400695480126e-14,3.209173378426744e-14,,0.0,0.0,0.00456704015061846,1.4108257588933865e-18,,,,,0.13043478260869565,,3.499932525657665e-21,0.7209302325581395,0.7209302325581395,9.54194168962319e-19,9.54194168962319e-19,1.0,0.3986733618839274,0.12417638082767558,1907,1.8553929058868572,0.9006249802045514,234,1182.989644925094,0.44720110050229256,1070.5,416.85007006071925,0.47348372782123976,2052,1009.0473684210526,935.5,610.6543869996938,760,0.4758535102197843,0.8532293215616218,0.41093374637766444,5,1540.25
bior3.9,1.0,antisymmetric,2.613519155528432e-27,323.0751418668217,5384380.990082281,0.53125,71.15719837330451,206,smoothed,3.100001377497039e-14,-2.0423847058026505e-10,6.253823604176569,64398.221310033,0.9955407982936345,0.00014966566451320274,0.9999999999999999,362.4,,,,[],[],11,426.6,32.19999999999999,728.4000000000001,"[9, 31, 53, 64, 80, 102, 131, 148, 158, 175, 192]","[311.0, 417.8000000000002, 589.6, 432.20000000000005, 728.4000000000001, 371.00000000000006, 587.0, 32.19999999999999, 448.20000000000005, 368.0, 407.19999999999993]","[0, 0, 0, 60, 0, 94, 120, 144, 144, 165, 186]","[20, 40, 75, 75, 205, 120, 205, 149, 205, 186, 205]",30736475.83999999,728.4000000000001,-728.4000000000001,0.0,,,,DWT,mdp.39015067403892,7.450580596923828e-09,,0.0,15.0,11.0,0.0,33.0,,1.1368683772161603e-13,168.4000000000001,987.7999999999984,168.40000000000003,,0.0,168.4000000000001,,,28.0,0.0,15.0,1.1368683772161603e-13,1.1368683772161603e-13,,0.0,1.9265767375373594e-14,2.8608356280541383e-27,0.9922702857793456,0.1723505832732131,0.24363399582976436,0.1248650982085045,0.2981060755813928,,0.999999664709775,4.4059791007223055e-09,4.4059791007223055e-09,3.6787269888316428e-09,,0.0,0.9999999955939887,7.585973278963461e-14,,,,,,1.5893391424973748e-13,0.0,0.0,1.7477015598164352e-13,1.7477015598164352e-13,0.7999999009573198,0.3007374869166041,841,0.9725429305350608,0.49372879186939284,223,0,0.1666666393995861,0.23713383958969286,832,0.0,0.26160371981031993,0.4615397640956204,219,355.3818369022255,0.6274823512555289,528.75,349.6045496997963,0.5366185341183305,777,bior,0.8100315533562081,0.7923003667562746,0.1952878026237719,6,584.25,2.0821210740694753e-14,0.9999999999705138,1.0526217357139916e-27,0.9782977058458738,0.7641670834348004,0.0006382266706184476,0.10246710526315811,0.0029035267463766133,0.9999999997235508,2.0315811923354854e-05,4.745454029730922e-11,4.745454029730922e-11,3.962169481397382e-11,,0.0,0.0031261328403480726,7.585973278963461e-14,,,,,0.0,,7.374542113937972e-14,0.0,0.0,1.4238426238064856e-13,1.4238426238064856e-13,1.0,0.20156916120424204,0.05751224468485082,1870,1.7115295312446286,0.7912146918981624,617,886.004796826744,0.5356368989377651,1243.5,927.8568556493768,0.4419536695946687,1795,0.5943810304597339,0.7715092316736338,0.3524805091760961,5,1347.5,,,,,,,,,,,,,1.3980148001347486e-19,0.9999999999715831,1.0526217357139916e-27,0.9842580200687289,0.2362314160984568,0.001410672339912241,0.07751826545798962,0.9999999999999999,0.0029035267463766133,0.9999999999999541,9.960751159770423e-05,3.8435400695480126e-14,3.8435400695480126e-14,3.20911916831812e-14,,0.0,0.0,0.00456704015061846,7.054128794466933e-19,,,,,0.13043478260869565,,2.3332883504384434e-21,0.7209302325581395,0.7209302325581395,4.770970844811595e-19,4.770970844811595e-19,1.0,0.3986733618839274,0.12417638082767558,1931,1.8415445731336249,0.8939028706329486,365,1107.3292193381335,0.48255643956161987,1148.0,613.9503484320558,0.4730539207153894,2053,1104.4,1082.5,563.6960149978129,300,0.520820561188399,0.7876173146100969,0.3991404127850916,6,1541.25
rbio3.5,1.0,antisymmetric,3.027449024301003e-27,322.4366303494964,4875013.837260716,0.5416666666666666,127.32699374208441,206,smoothed,3.550989060509824e-14,-2.0385573229475583e-10,6.29676439099744,39620.276280119295,0.9700014995797166,0.0001496656645132027,0.9999999999999999,362.40000000000003,,,,[],[],11,426.59999999999997,32.200000000000045,728.4,"[9, 31, 53, 64, 80, 102, 131, 148, 158, 175, 192]","[310.9999999999999, 417.8, 589.6, 432.19999999999993, 728.4, 371.0000000000001, 587.0000000000001, 32.200000000000045, 448.2, 367.9999999999999, 407.20000000000005]","[0, 0, 0, 60, 0, 94, 120, 144, 144, 165, 186]","[20, 40, 75, 75, 204, 120, 204, 149, 204, 186, 204]",30736475.839999996,728.4,-728.4,0.0,,,,DWT,mdp.39015067403892,0.0,,0.0,15.0,11.0,0.0,33.0,,0.0,168.40000000000003,987.7999999999993,168.4,,0.0,168.40000000000003,,,28.000000000000057,0.0,15.0,0.0,0.0,,5.684341886080802e-14,2.9173335062021055e-14,4.0722426383634116e-27,0.9898443168899956,0.23428854859859694,0.02503660001472178,0.1964170084178718,0.09262670369441504,,0.9999996647593375,4.4059199552998455e-09,4.4059199552998455e-09,3.6786974161203912e-09,,6.125805465799743e-13,0.9999999955940747,0.0,,,,,,0.0,0.0,0.0,0.0,0.0,0.799999900972306,0.3007374869222378,746,0.8391866492855803,0.42602809346086395,379,0,0.16666663940371348,0.23713383959556533,749,0.0,0.21974473965937583,0.3876891940878316,406,205.25918574654176,0.7848436208107529,570.0,514.3257284082134,0.5936796720405966,604,rbio,0.7685897546424816,0.816051598246696,0.21717169227625407,5,454.25,2.6519518356790916e-14,0.9999999999705136,1.3455459196687936e-27,0.975941453795014,0.7790009711717412,6.558619135470234e-05,0.1611842105263158,0.0009021758817928049,0.9999999997235566,2.0315811924354055e-05,4.745387416349445e-11,4.745387416349445e-11,3.962136174706643e-11,,6.125805465799743e-13,0.0031261328403482946,0.0,,,,,0.0,,0.0,0.0,0.0,0.0,0.0,1.0,0.20156916120441648,0.05751224468490059,1819,1.7399327054023843,0.8043450576206961,341,1045.1038225937173,0.4522516653072761,1080.0,574.3324074074075,0.44310696472910976,1781,0.3888041033402703,1.0,0.4278371276618108,3,1336.5,,,,,,,,,,,,,1.7806207149508809e-19,0.999999999971583,1.3455459196687936e-27,0.9825488886638079,0.24081710211177226,0.0012767649013141185,0.12193884454065756,0.9999999999999999,0.0009021758817928049,0.9999999999999541,9.960751159770499e-05,3.8434858594393884e-14,3.8434858594393884e-14,3.209086642252945e-14,,0.0,4.786380409530668e-19,0.004567040150618464,0.0,,,,,0.13043478260869565,,0.0,0.7209302325581395,0.7209302325581395,0.0,0.0,1.0,0.3986733618839274,0.12417638082767558,1903,1.8597126748652646,0.9027218362603887,197,1206.32416870425,0.43629711742792054,1050.0,357.03904761904766,0.47282145591022195,2054,818.67,599.5,715.6978453131971,300,0.38607403914171184,1.0,0.42974817260080167,3,1541.25
sym18,1.0,reflect,1.0345553565734394e-18,239.3242551317593,6728553.593487649,0.6041666666666666,292.32117134016147,206,raw,7.982795956086059e-10,,6.607786319180677,61104.449653923686,0.7344539326919896,5.618943883646336e-06,1.0,326.9999999995372,,,,[],[],13,661.1538461562121,86.99999999992187,940.0000000032915,"[8, 32, 51, 63, 81, 100, 111, 133, 152, 162, 175, 192, 204]","[878.000000001678, 638.0000000035857, 787.0000000037026, 792.0000000031231, 940.0000000032915, 788.0000000023256, 637.0000000026347, 675.0000000015084, 771.0000000023066, 196.00000000181808, 834.0000000036025, 572.0000000012595, 86.99999999992187]","[0, 13, 42, 42, 76, 99, 107, 107, 107, 161, 164, 187, 203]","[76, 42, 61, 76, 205, 164, 119, 142, 164, 164, 205, 205, 205]",37754613.000077166,941.00000000176,-941.00000000176,0.0,,,,DWT,mdp.39015067403892,7.716566324234009e-05,,0.0,33.0,19.0,0.0,28.5,,1.7599859347683378e-09,256.3413461562121,4358.999999969243,256.3413461562122,,0.0,256.3413461562121,,,83.99999999992187,0.0,28.5,3.2914613257162273e-09,1.7599859347683378e-09,,4.6281911636469886e-10,1.0086217704493334e-09,7.321198737098112e-19,0.6692379735211289,0.8864434450519474,0.0011170466985562012,0.35267857142857106,0.00027242790746812305,,0.47422802452083745,8.528093983521583e-09,8.528093983521583e-09,7.914171583156914e-09,,2.3280220617582314e-08,0.9999999914718924,3.941225259560683e-09,,,,,,7.637813267405558e-10,1.0,1.0,2.20425076591482e-09,2.20425076591482e-09,0.8422684254576192,0.27536483890996555,18,0.9865034300249312,0.47382093823939925,932,0,0.2895190061130682,0.3459225131506928,18,0.125,0.26657135223089906,0.4841859948008178,936,528.8553677519025,0.44564426860387585,476.0,35.31932466901495,0.47334624331661296,936,sym,0.8243425715244881,0.7368036147090654,0.2019191155201387,6,703.5,1.0086217704493336e-09,0.00015478832966114853,7.321198737098112e-19,0.6692379735211289,0.8864434450519475,0.0021493717053217114,0.5134868421052631,0.002637483991671262,,0.9919828214548176,0.985528170471761,0.985528170471761,0.9855281704716496,,4.9876308102541506e-09,0.9999999999576652,2.1962909837255014e-09,,,,,1.0,,7.637813267405558e-10,1.0,0.75,2.20425076591482e-09,2.20425076591482e-09,0.0,2.259570204695381,0.6447065300994285,18,1.0523353597315708,0.48647901320059084,1878,1315.2186130069783,0.31068206865462356,948.0,35.65822784810127,0.40691336137133693,1897,0.7763846615972358,0.5622554397616224,0.28785410495344815,6,1424.25,,,,,,,,,,,,,6.772267858901804e-15,0.03641360043812391,7.321198737098112e-19,0.7600783978929258,0.2740314191165797,0.0017640416322954031,0.38846231903666617,1.0,0.002637483991671262,,0.0008499884728380752,0.0007982210227616011,0.0007982210227616011,0.0007982210227552628,,0.0,3.89707092943987e-15,0.020163910572907524,2.0423113685740668e-14,,,,,0.4782608695652174,,2.4165867445490958e-17,1.0,0.9302325581395349,7.38593996485283e-15,7.38593996485283e-15,0.9302325581395349,0.5814294660167514,0.18110015290549797,243,1.1613087704529674,0.5637100826903536,1911,1179.4541110191612,0.4488532191499246,1077.0,431.17270194986065,0.4727910955562707,2055,1409.1368421052632,1454.5,398.32527672708756,380,0.6645304607900322,0.5565550872278735,0.3678621512786154,7,1543.0
db8,,,,6.834842437041642,33583.53116173448,0.6650485436893204,28.3968599020902,206,smoothed,142.94780656516537,,7.192400379058436,90447.61084362333,1.0,8.525773843159904e-05,0.05577469255371684,161.94913097304425,0.04854368932038834,14740.518103922544,15.0,"[0.0, 0.0048543689320388345, 0.009708737864077669, 0.014563106796116504, 0.019417475728155338, 0.02427184466019417, 0.029126213592233007, 0.03398058252427184, 0.038834951456310676, 0.04368932038834951, 0.04854368932038834, 0.05339805825242718, 0.058252427184466014, 0.06310679611650485, 0.06796116504854369, 0.07281553398058252, 0.07766990291262135, 0.08252427184466019, 0.08737864077669902, 0.09223300970873785, 0.09708737864077668, 0.10194174757281553, 0.10679611650485436, 0.1116504854368932, 0.11650485436893203, 0.12135922330097086, 0.1262135922330097, 0.13106796116504854, 0.13592233009708737, 0.1407766990291262, 0.14563106796116504, 0.15048543689320387, 0.1553398058252427, 0.16019417475728154, 0.16504854368932037, 0.1699029126213592, 0.17475728155339804, 0.17961165048543687, 0.1844660194174757, 0.18932038834951453, 0.19417475728155337, 0.19902912621359223, 0.20388349514563106, 0.2087378640776699, 0.21359223300970873, 0.21844660194174756, 0.2233009708737864, 0.22815533980582522, 0.23300970873786406, 0.2378640776699029, 0.24271844660194172, 0.24757281553398056, 0.2524271844660194, 0.25728155339805825, 0.2621359223300971, 0.2669902912621359, 0.27184466019417475, 0.2766990291262136, 0.2815533980582524, 0.28640776699029125, 0.2912621359223301, 0.2961165048543689, 0.30097087378640774, 0.3058252427184466, 0.3106796116504854, 0.31553398058252424, 0.3203883495145631, 0.3252427184466019, 0.33009708737864074, 0.3349514563106796, 0.3398058252427184, 0.34466019417475724, 0.3495145631067961, 0.3543689320388349, 0.35922330097087374, 0.36407766990291257, 0.3689320388349514, 0.37378640776699024, 0.37864077669902907, 0.3834951456310679, 0.38834951456310673, 0.3932038834951456, 0.39805825242718446, 0.4029126213592233, 0.4077669902912621, 0.41262135922330095, 0.4174757281553398, 0.4223300970873786, 0.42718446601941745, 0.4320388349514563, 0.4368932038834951, 0.44174757281553395, 0.4466019417475728, 0.4514563106796116, 0.45631067961165045, 0.4611650485436893, 0.4660194174757281, 0.47087378640776695, 0.4757281553398058, 0.4805825242718446, 0.48543689320388345, 0.4902912621359223, 0.4951456310679611]","[99869.49903308818, 9085.103842078386, 9734.352676233042, 3251.6321045248746, 5707.464746909073, 7682.429392923813, 7833.02736740511, 8959.113940802521, 10604.162528520023, 7744.54836457992, 13536.116475853985, 14740.518103922544, 4812.487016910804, 6400.25104640853, 3889.2288872975714, 2732.648420112957, 2382.7450562643326, 8079.920134809688, 4366.423945008034, 3776.2334878287647, 2462.0845720775383, 5089.278125582456, 6339.65947774527, 2132.513966706755, 2968.1843107530854, 744.0601983361873, 5667.114883467102, 1693.332689143364, 1437.0814681501372, 1516.2902871891094, 954.9844697150559, 937.7554529745171, 134.00021482905495, 519.6765138133666, 364.7261718700978, 1120.739132328306, 173.96459806836825, 657.0279490747663, 335.05573787367075, 815.2007005131057, 186.488473705123, 296.15977668084116, 382.63762521691035, 439.0867046543526, 501.5987555225949, 868.4139155504228, 961.2369040587547, 507.5144535297655, 457.8306076826702, 1805.6615752091054, 450.5857975503769, 342.14584350089046, 455.60487538184634, 884.5150600520897, 690.8321071561302, 691.4451880280071, 421.79963470104366, 464.2334530503436, 614.7486165412954, 371.9483725784702, 214.36205279400633, 584.3393925573923, 465.7090996866932, 283.06104874475454, 1176.6518692478462, 909.2307654589298, 578.8123613567365, 1283.5574196439102, 271.7815642359397, 413.0404844713948, 851.8358558779631, 542.7094611658665, 525.0754395765292, 857.689208848001, 87.6350853289846, 456.76372581337995, 940.1661211672823, 130.51490672243372, 231.3945882481238, 130.45991557258623, 277.75393230023104, 163.25959831407206, 133.76261530216314, 184.0106226637578, 147.52926928998536, 214.22800779219298, 234.17595209800308, 670.5746687021204, 216.88529833995787, 359.7687727808946, 495.66194676799876, 579.0753881848749, 521.6581446760924, 201.63525908124691, 335.79323674295404, 262.08516966767803, 642.7080908998515, 301.44792905013645, 229.8017476070717, 1330.4166940674454, 269.85925659550463, 1211.5538884506486, 476.88103742837274]",12,552.8563865327632,252.60432838547953,942.1301444046101,"[14, 38, 58, 69, 85, 95, 106, 116, 134, 164, 181, 197]","[634.3311296378791, 437.2265602870628, 942.1301444046101, 598.2246332132672, 796.3114612333974, 324.9775829219107, 434.22610211199606, 252.60432838547953, 638.5901266116518, 668.9368830230021, 519.8348019617752, 386.882884601126]","[4, 25, 4, 64, 80, 90, 101, 112, 123, 123, 176, 123]","[44, 44, 123, 80, 123, 101, 123, 123, 153, 191, 191, 202]",61416019.24728785,935.1983855021391,-935.1983855021391,303440.44212536654,0.06982185635420872,0.10440524364029598,0.4951456310679611,SWT,mdp.39015067403892,30679543.40728785,,0.0,-16.0,10.0,0.0,-16.0,,206.79838550213913,294.65638653276324,953.8766383931588,294.65638653276324,,303440.44212536654,294.65638653276324,,,248.40432838547954,0.0,-16.0,213.7301444046101,206.79838550213913,,200.45086902695573,0.29242300873653815,,0.14020044812567467,0.16066112845191166,0.027164985822833686,0.48148148148148184,0.35807603739459,,0.5537592791563752,0.3861175269636158,0.3861175269636158,0.38533893915626766,,0.9006263117609398,0.2863310287409416,0.03637119077581513,,,,,,0.48058864844181565,0.020000000000000004,0.01010101010101011,0.0,0.0,2.1644506027392545,0.6948292857158676,31,0.9766477875025326,0.37229651968948135,73,0,0.3301436452704082,0.5443083321863802,56,0.0,0.3278174525476633,0.43392680387673693,70,19.157244060668017,0.8192712824465281,57.5,51.2166831693172,0.6384092261289245,54,db,0.9817779367705585,0.7465271631990054,0.08879729530090745,4,41.5,0.030044179399168154,0.9526743815289431,,0.1392699304159988,0.3315399230018241,0.004632603195653312,0.5142857142857146,0.05271135992151044,,0.3481105645230976,0.12924022193953447,0.12924022193953447,0.12887087661166569,,0.5135373639222486,0.23204024284396188,0.008988730019576202,,,,,0.16666666666666669,,0.11420264283056439,0.16949152542372878,0.1694915254237288,0.0,0.0,0.1694915254237288,1.1386868670665933,0.3736769722914852,121,0.8784817881411898,0.4518402972840762,183,43.840620433565945,0.7932046205963871,152.0,145.67763157894737,0.5381117442604577,156,0.9080317387829661,0.7281573716544635,0.1459305713555847,6,118.5,,,0.2630479220788211,0.5,0.020000000000000018,0.8994846082894549,0.26304792207882094,1.0,False,False,0.986803216995725,0.5820008915301835,0.001212731042596435,0.5691495000563821,,0.13776392780676805,0.33646289082556996,4.002164553700005e-06,0.6480855094033285,0.263047922078821,0.0050075740433575214,,0.0030529505793774406,0.0011459968080074086,0.0011459968080074086,0.0011459968080010721,,0.5820008915301835,0.0016878543405937224,0.004410093581066028,0.001326169322768902,,,,,0.08695652173913043,,9.607871534005115e-06,0.24031007751937983,0.24031007751937983,0.000867848106040881,0.000867848106040881,0.24031007751937983,0.4861184587229299,0.15141325362820748,1005,0.7884568747190189,0.3827243032636999,2042,733.2697320904498,0.6573505924810983,1523.5,1347.0364292746965,0.4727173523153155,2056,1009.0473684210526,935.5,610.6543869996938,760,0.4758535102197843,0.8532293215616218,0.41093374637766444,5,1543.25
dmey,1.0,zero,0.48998662655873065,62.56995020072953,5980880.904947968,0.5789473684210527,173.59362048763305,206,raw,0.5702543700096012,,6.317803265291761,69988.07881769998,0.8363829616232263,5.597941095182885e-06,0.9999982732113437,326.9801210399057,,,,[],[],13,662.3605567664127,87.2203211467893,940.8351365651408,"[8, 32, 51, 63, 81, 100, 111, 133, 152, 162, 175, 192, 204]","[880.0828638474251, 638.9348950494099, 793.8803675675317, 787.7532306423487, 940.8351365651408, 789.6678941089613, 638.721977086629, 677.1222546861662, 772.2644605331104, 196.38987369694655, 835.0724759601651, 572.7414870727412, 87.2203211467893]","[0, 13, 39, 61, 76, 99, 107, 107, 107, 161, 164, 187, 203]","[76, 39, 76, 76, 205, 164, 119, 142, 164, 164, 205, 205, 205]",37817545.7584479,941.7984508668359,-941.7984508668359,0.0,,,,DWT,mdp.39015067403892,62932.758447900414,,0.0,33.0,19.0,0.0,28.5,,0.7984508668358785,257.54805676641274,4343.312762036634,257.54805676641274,,0.0,257.54805676641274,,,84.2203211467893,0.0,24.0,0.8351365651408287,0.7984508668358785,,0.01987896009427459,0.7205262897713381,0.3467469819442849,0.016974573110343005,0.7862688468326003,0.00027562890416623937,0.16353383458646625,0.0009916731486372217,,0.7301686881641496,0.9344490502697327,0.9344490502697327,0.9344490502295688,,0.9999296923555642,0.06555094973025755,0.9999999999998639,,,,,,0.622904848129478,1.0,0.5,0.9999999999999998,0.9999999999999998,2.954247496787537,0.965839228285309,3,0.8934732609266028,0.42913823297437453,951,0,0.8101584440956955,0.9679918731221014,3,0.125,0.2845096897568338,0.5167682348929352,913,536.5827056475079,0.437544333702822,467.5,5.9807406846149345,0.473751202490824,935,dmey,1.0,0.5967959140315767,0.12096122579052698,7,703.0,0.7205262897713383,9.00550736215866e-06,0.3467469819442849,0.016974573110342783,0.7862688468326005,0.0013088234989324407,0.3713296398891969,0.003355027713965473,,0.9958855056850504,0.9990513578219992,0.9990513578219992,0.9990513578219932,,0.21422821645916612,0.9953612370416673,0.5572609630463032,,,,,1.0,,0.622904848129478,1.0,0.5,0.9999999999999998,0.9999999999999998,0.0,3.34278950608362,0.9537735180087005,4,0.9780562238234181,0.45214087146295306,1902,1342.0886706920671,0.29659922919702986,953.0,7.9832109129066104,0.39856166910585245,1907,1.0,0.16047866370298075,0.25185640088910577,7,1432.0,,,,,,,,,,,,,4.8378858920905274e-06,0.03627310434611148,0.3467469819442849,0.2869525022503663,0.2430638627961963,0.0015674860945511138,0.2809177591523121,0.999998652270302,0.0033550277139654727,,0.000852940701301793,0.0008091740251831725,0.0008091740251831725,0.0008091740251768338,,0.0,1.673865982446738e-07,0.020091333503222914,5.181919921018266e-06,,,,,0.4782608695652174,,1.9708567706531422e-08,1.0,0.8604651162790697,3.3507711913111097e-06,3.3507711913111097e-06,0.9302325581395349,0.5744312014825859,0.17892037556140655,602,1.0271273232863973,0.49857715973113453,1973,969.4433970067566,0.5469890668192726,1287.5,922.5211650485437,0.4726767764002905,2057,1640.65,1604.0,395.57969121943455,20,0.7737090308889414,0.5527188516912812,0.2925880228703567,9,1545.0
sym17,1.0,periodic,7.704199753295872e-20,250.60451712272112,6717253.748705167,0.5966386554621849,284.4669606025069,206,raw,2.1621421373900426e-10,,6.5462898913589616,61573.40452216926,0.7482261702944893,5.6189438836777125e-06,1.0,326.99999999988177,,,,[],[],13,661.1538461545365,87.00000000010942,940.000000000939,"[8, 32, 51, 63, 81, 100, 111, 133, 152, 162, 175, 192, 204]","[878.0000000005905, 638.0000000009595, 787.0000000009569, 792.0000000009038, 940.000000000939, 788.0000000007157, 637.0000000007324, 675.00000000038, 771.0000000007661, 196.00000000046282, 834.0000000009977, 572.0000000004626, 87.00000000010942]","[0, 13, 42, 42, 76, 99, 107, 107, 107, 161, 164, 187, 203]","[76, 42, 61, 76, 205, 164, 119, 142, 164, 164, 205, 205, 205]",37754613.000021994,941.0000000005585,-941.0000000005585,0.0,,,,DWT,mdp.39015067403892,2.199411392211914e-05,,0.0,33.0,19.0,0.0,28.5,,5.585434337262996e-10,256.3413461545365,4358.999999991025,256.34134615453667,,0.0,256.3413461545365,,,84.00000000010942,0.0,28.5,9.390532795805484e-10,5.585434337262996e-10,,1.1823431123048067e-10,2.7317206228525464e-10,5.452001807614881e-20,0.7108646939940493,0.8651995141865069,0.0011043300504566228,0.2962184873949578,0.0003103958990502178,,0.4742280247387145,7.230524279556221e-09,7.230524279556221e-09,6.616689914876542e-09,,5.947292911394155e-09,0.9999999927694148,1.1244308042266938e-09,,,,,,2.1769648320344892e-10,1.0,1.0,6.995338810761264e-10,6.995338810761264e-10,0.8422684140541667,0.2753648351818075,22,0.9782822919144661,0.4698722977640207,936,0,0.2895190039395296,0.3459225105537098,22,0.125,0.2614210602568847,0.4748312789917732,942,529.4358632859445,0.4450357827191358,480.5,42.9927058745304,0.4706835098082052,948,sym,0.8243425715244881,0.7368036147090654,0.2019191155201387,6,712.5,2.7317206228525464e-10,0.0001547883298790298,5.452001807614881e-20,0.7108646939940493,0.865199514186507,0.0021366681996166366,0.47105263157894744,0.002675362162354141,,0.9919828214581399,0.9855281704529828,0.9855281704529828,0.9855281704528727,,1.2741675368863465e-09,0.9999999999641063,6.266013928423819e-10,,,,,1.0,,2.1769648320344892e-10,1.0,0.75,6.995338810761264e-10,6.995338810761264e-10,0.0,2.259570201166193,0.6447065290924713,22,1.0497245416669274,0.48527207077108053,1884,1316.6328265693514,0.3099408665779081,953.0,43.49213011542497,0.40523248779629156,1900,0.7763846615972358,0.5622554397616224,0.28785410495344815,6,1426.5,,,,,,,,,,,,,1.8341804941808792e-15,0.0364136004383338,5.452001807614881e-20,0.7902727632275582,0.26746415918007016,0.0017610710181460677,0.3563600518004523,1.0,0.002675362162354141,,0.0008499884728405884,0.0007982210227463918,0.0007982210227463918,0.0007982210227400546,,0.0,9.955671251823792e-16,0.020163910573008297,5.826710384229687e-15,,,,,0.4782608695652174,,6.8878672104942846e-18,1.0,0.9302325581395349,2.3439779760559363e-15,2.3439779760559363e-15,0.9302325581395349,0.5814294660167778,0.1811001529055062,234,1.1633145187522664,0.5646836915775171,1910,1185.1109652686537,0.4462098293137132,1072.0,416.9216417910447,0.47263762493723044,2058,1409.1368421052632,1454.5,398.32527672708756,380,0.6645304607900322,0.5565550872278735,0.3678621512786154,7,1545.25
dmey,1.0,constant,0.4886471431168298,62.58183882850264,5979043.654502243,0.5789473684210527,173.59362048763305,206,raw,0.569417713618907,,6.322883553974489,68511.30896958905,0.8328288911062365,5.597945709903005e-06,0.9999982815835404,326.98012105504415,,,,[],[],13,662.3626627627174,87.2203211467893,940.8351365651408,"[8, 32, 51, 63, 81, 100, 111, 133, 152, 162, 175, 192, 204]","[880.0833823906266, 638.9617544489934, 793.880367576707, 787.7532306423487, 940.8351365651408, 789.6678941089613, 638.721977086629, 677.1222546861662, 772.2644605331104, 196.38987369694655, 835.0724759601651, 572.7414870727412, 87.2203211467893]","[0, 13, 39, 61, 76, 99, 107, 107, 107, 161, 164, 187, 203]","[76, 39, 76, 76, 205, 164, 119, 142, 164, 164, 205, 205, 205]",37817239.83908956,941.7984508668359,-941.7984508668359,0.0,,,,DWT,mdp.39015067403892,62626.83908955753,,0.0,33.0,19.0,0.0,28.5,,0.7984508668358785,257.5501627627174,4343.285384084675,257.5501627627173,,0.0,257.5501627627174,,,84.2203211467893,0.0,24.0,0.8351365651408287,0.7984508668358785,,0.019878944955848965,0.7194691599066599,0.34579907476545946,0.01701844483827919,0.7880238317215642,0.000273561294580548,0.16353383458646625,0.0008721094358826599,,0.7301686881641496,0.9360798855438592,0.9360798855438592,0.9360798855046528,,0.9999289308790479,0.06392011445618517,0.9999999999998639,,,,,,0.6198768757960199,1.0,0.5,0.9999999999999998,0.9999999999999998,2.9533854639925146,0.9655574018335962,4,0.8934423338512532,0.42912337859534944,952,0,0.8101778554906364,0.968015066205733,2,0.125,0.28446285950698463,0.5166831749233615,914,537.1604353759994,0.43693874698532553,468.0,5.3181269500750235,0.47318635462473824,937,dmey,1.0,0.5967959140315767,0.12096122579052698,7,704.5,0.7194691599066602,9.037538676703871e-06,0.34579907476545946,0.01701844483827908,0.7880238317215643,0.0013067580261787702,0.3713296398891969,0.0032357468531539744,,0.9958855056850504,0.9990749589922763,0.9990749589922763,0.9990749589922697,,0.21422805331794012,0.9953531412998413,0.5572609630463032,,,,,1.0,,0.6198768757960199,1.0,0.5,0.9999999999999998,0.9999999999999998,0.0,3.3412926315286144,0.953346425812872,5,0.9780254205666561,0.45212663157467564,1903,1342.0886706920671,0.29659922919702986,954.0,9.973794549266247,0.39829961459851493,1908,1.0,0.16047866370298075,0.25185640088910577,7,1432.75,,,,,,,,,,,,,4.830787922549323e-06,0.03627313521582878,0.34579907476545946,0.28698432505471216,0.2436063914846709,0.0015670031001140214,0.2809177591523121,0.9999986588046618,0.0032357468531539744,,0.000852940701301793,0.0008091931407709774,0.0008091931407709774,0.0008091931407646383,,0.0,1.6738647077474797e-07,0.020091206839017547,5.181919921018266e-06,,,,,0.4782608695652174,,1.9612763350654814e-08,1.0,0.8604651162790697,3.3507711913111097e-06,3.3507711913111097e-06,0.9302325581395349,0.5744311553065463,0.17892036117877147,603,1.026800992909672,0.4984187559298987,1974,969.4433970067566,0.5469890668192726,1288.5,923.8044237485448,0.47244313154047746,2059,1640.65,1604.0,395.57969121943455,20,0.7737090308889414,0.5527188516912812,0.2925880228703567,9,1546.5
db4,1.0,antireflect,2.9604800946383573e-27,322.5337772888104,4994385.345015605,0.5377358490566038,96.71465869605346,206,smoothed,3.2905716986171644e-14,-2.0803203604202777e-10,6.224556484068319,39141.49065754158,0.9847264204509995,0.00014966566451320268,0.9999999999999999,362.4,,,,[],[],11,426.59999999999997,32.19999999999999,728.4000000000001,"[9, 31, 53, 64, 80, 102, 131, 148, 158, 175, 192]","[310.99999999999994, 417.8000000000001, 589.6, 432.19999999999993, 728.4000000000001, 371.00000000000006, 587.0000000000001, 32.19999999999999, 448.20000000000016, 368.0, 407.20000000000016]","[0, 0, 0, 60, 0, 94, 120, 144, 144, 165, 186]","[20, 40, 75, 75, 204, 120, 204, 149, 204, 186, 204]",30736475.840000004,728.4000000000001,-728.4000000000001,0.0,,,,DWT,mdp.39015067403892,7.450580596923828e-09,,0.0,15.0,11.0,0.0,33.0,,1.1368683772161603e-13,168.40000000000003,987.7999999999993,168.40000000000006,,0.0,168.40000000000003,,,28.0,0.0,15.0,1.1368683772161603e-13,1.1368683772161603e-13,,0.0,2.34523303940143e-14,3.87625139205204e-27,0.990213418223451,0.1301355703532002,0.07626546427341689,0.1694162875841484,0.08865621425806298,,0.999999664709775,4.4059199552998455e-09,4.4059199552998455e-09,3.6787565615428943e-09,,0.0,0.9999999955940747,7.585973278963461e-14,,,,,,1.5893391424973748e-13,0.0,0.0,1.7477015598164352e-13,1.7477015598164352e-13,0.7999999009573362,0.3007374869166103,836,0.8005575689842707,0.4064173507888686,503,0,0.16666663939958587,0.23713383958969256,843,0.0,0.20781242209890047,0.3666373564611765,513,191.45647895366022,0.7993118669248844,673.75,632.93130384552,0.5465374848251257,759,db,0.573477938514061,0.8443824841957417,0.34525069778143475,3,570.0,2.3229099809829078e-14,0.9999999999705134,1.2981542706198215e-27,0.9762999479940728,0.7540567616123247,0.00019978596657095312,0.1390268123138035,0.0008635036667023533,0.9999999997234936,2.0315811923354854e-05,4.745387416349445e-11,4.745387416349445e-11,3.9622027880881205e-11,,0.0,0.0031261328403482946,7.585973278963461e-14,,,,,0.0,,7.374542113937972e-14,0.0,0.0,1.4238426238064856e-13,1.4238426238064856e-13,1.0,0.20156916120424184,0.05751224468485076,1876,1.7188643688586522,0.7946054784297173,556,933.3809511662428,0.5108066293677973,1216.0,857.7763157894736,0.4367450337614668,1816,0.49117026184683504,0.8233619396015222,0.4091722348267588,4,1363.0,,,,,,,,,,,,,1.5596895748467282e-19,0.9999999999715827,1.2981542706198215e-27,0.9828089260795292,0.23310595349595994,0.0013081464553788202,0.10517636186795276,0.9999999999999999,0.0008635036667023535,0.9999999999999541,9.960751159770423e-05,3.8434858594393884e-14,3.8434858594393884e-14,3.2091408523615694e-14,,0.0,0.0,0.004567040150618464,7.054128794466933e-19,,,,,0.13043478260869565,,2.3332883504384434e-21,0.7209302325581395,0.7209302325581395,4.770970844811595e-19,4.770970844811595e-19,1.0,0.3986733618839274,0.12417638082767558,1918,1.8493083518287057,0.8976714810503887,274,1162.4835482706842,0.45678338865855883,1096.0,479.5,0.4723169279741392,2060,1009.0473684210526,935.5,610.6543869996938,760,0.4758535102197843,0.8532293215616218,0.41093374637766444,5,1546.25
db18,1.0,periodization,1.0363814334586101e-26,317.09220250150713,4961780.158806225,0.5339805825242718,104.84964828108185,206,smoothed,7.470460482893513e-14,-2.0283235091511685e-10,6.19464685178535,31688.237398435293,0.9824313434665205,0.00014966566451320263,0.9999999999999996,362.4,,,,[],[],11,426.6,32.19999999999999,728.3999999999999,"[9, 31, 53, 64, 80, 102, 131, 148, 158, 175, 192]","[311.0000000000001, 417.80000000000024, 589.6000000000001, 432.1999999999998, 728.3999999999999, 371.0000000000001, 587.0, 32.19999999999999, 448.20000000000005, 368.0000000000001, 407.20000000000016]","[0, 0, 0, 60, 0, 94, 120, 144, 144, 165, 186]","[20, 40, 75, 75, 205, 120, 205, 149, 205, 186, 205]",30736475.840000004,728.3999999999999,-728.3999999999999,0.0,,,,DWT,mdp.39015067403892,7.450580596923828e-09,,0.0,15.0,11.0,0.0,33.0,,1.1368683772161603e-13,168.4000000000001,987.7999999999984,168.4000000000001,,0.0,168.4000000000001,,,28.0,0.0,15.0,1.1368683772161603e-13,1.1368683772161603e-13,,0.0,1.1527863211521323e-13,2.5542846809603284e-26,0.9695386288345794,0.08699379526264472,0.06227278972431474,0.14362142418571724,0.026847626163012877,,0.999999664709775,4.4059791007223055e-09,4.4059791007223055e-09,3.6787861342541454e-09,,0.0,0.9999999955939887,7.585973278963461e-14,,,,,,1.5893391424973748e-13,0.0,0.0,1.7477015598164352e-13,1.7477015598164352e-13,0.7999999009573375,0.3007374869166108,831,0.7245440899337541,0.3678277502693798,727,0,0.16666663939959103,0.2371338395896999,825,0.0,0.18418203773862632,0.32494696294904446,758,51.01878738922228,0.9465211872230375,785.25,782.7378625742631,0.5617039898379339,705,db,0.573477938514061,0.8443824841957417,0.34525069778143475,3,529.5,7.604271976228707e-14,0.9999999999705129,6.537243798543848e-27,0.9562193051167126,0.7437244840648837,0.00016313058085556638,0.11785896780786931,0.0002614934985440938,0.999999999723572,2.0315811923354854e-05,4.745454029730922e-11,4.745454029730922e-11,3.962224992548613e-11,,0.0,0.0031261328403480726,7.585973278963461e-14,,,,,0.0,,7.374542113937972e-14,0.0,0.0,1.4238426238064856e-13,1.4238426238064856e-13,1.0,0.2015691612042422,0.05751224468485087,1866,1.692923574796068,0.7826134344672064,817,741.7550134646883,0.611239510762742,1341.5,1136.430860976519,0.4540736337880796,1737,0.49117026184683504,0.8233619396015222,0.4091722348267588,4,1303.75,,,,,,,,,,,,,5.105795671257357e-19,0.9999999999715824,6.537243798543848e-27,0.9682432274055792,0.22991187642896135,0.001299574883878523,0.08916249492626177,0.9999999999999997,0.0002614934985440938,0.9999999999999541,9.960751159770423e-05,3.8435400695480126e-14,3.8435400695480126e-14,3.209173378426744e-14,,0.0,0.0,0.00456704015061846,7.054128794466933e-19,,,,,0.13043478260869565,,2.3332883504384434e-21,0.7209302325581395,0.7209302325581395,4.770970844811595e-19,4.770970844811595e-19,1.0,0.3986733618839274,0.12417638082767558,1964,1.832321257461146,0.8894257873862732,539,1007.6271631908302,0.5291461854248457,1251.5,845.8617658809428,0.4721665506563481,2061,1009.0473684210526,935.5,610.6543869996938,760,0.4758535102197843,0.8532293215616218,0.41093374637766444,5,1547.0
sym18,1.0,periodic,1.0352509011582094e-18,239.32133629638207,6726330.852018318,0.6041666666666666,292.65870567301147,206,raw,7.988760375982547e-10,,6.596950420169663,61055.85791267967,0.7423751227745443,5.618943883646038e-06,0.9999999999999999,326.9999999995372,,,,[],[],13,661.1538461562561,87.00000000030226,940.0000000032915,"[8, 32, 51, 63, 81, 100, 111, 133, 152, 162, 175, 192, 204]","[878.00000000187, 638.0000000035851, 787.0000000037026, 792.0000000031231, 940.0000000032915, 788.0000000023256, 637.0000000026347, 675.0000000015084, 771.0000000023066, 196.00000000181808, 834.0000000036026, 572.0000000012598, 87.00000000030226]","[0, 13, 42, 42, 76, 99, 107, 107, 107, 161, 164, 187, 203]","[76, 42, 61, 76, 205, 164, 119, 142, 164, 164, 205, 205, 205]",37754613.00007757,941.00000000176,-941.00000000176,0.0,,,,DWT,mdp.39015067403892,7.756799459457397e-05,,0.0,33.0,19.0,0.0,28.5,,1.7599859347683378e-09,256.3413461562561,4358.99999996867,256.3413461562561,,0.0,256.3413461562561,,,84.00000000030226,0.0,28.5,3.2914613257162273e-09,1.7599859347683378e-09,,4.6281911636469886e-10,1.0093753852508445e-09,7.326120871142269e-19,0.669227202357795,0.8827001855227558,0.0011145452641006018,0.35267857142857106,0.00026849377446847147,,0.4742280249627326,8.562164101944447e-09,8.562164101944447e-09,7.948197683359817e-09,,2.3280220617582314e-08,0.9999999914377614,3.941225259560683e-09,,,,,,7.677635794820822e-10,1.0,1.0,2.20425076591482e-09,2.20425076591482e-09,0.8422684256057633,0.2753648389583987,15,0.9846225131921336,0.472917527514873,933,0,0.28951900615589415,0.345922513201862,14,0.125,0.2660341427652952,0.4832102361630535,938,531.7436725842005,0.44261669540440207,475.0,28.52392654833221,0.4723565657315511,939,sym,0.8243425715244881,0.7368036147090654,0.2019191155201387,6,705.75,1.0093753852508445e-09,0.0001547883296590391,7.32612087114227e-19,0.669227202357795,0.8827001855227559,0.002146872856047221,0.5134868421052631,0.0026335591656522785,,0.9919828214615558,0.985528170472254,0.985528170472254,0.985528170472142,,4.9876308102541506e-09,0.9999999999574958,2.1962909837255014e-09,,,,,1.0,,7.677635794820822e-10,1.0,0.75,2.20425076591482e-09,2.20425076591482e-09,0.0,2.259570204699753,0.6447065301006758,16,1.050454447914155,0.485609495592547,1881,1318.7541469129112,0.3088290634628348,948.5,31.730100158144438,0.4058558315217738,1898,0.7763846615972358,0.5622554397616224,0.28785410495344815,6,1425.0,,,,,,,,,,,,,6.777327913570257e-15,0.03641360043812192,7.32612087114227e-19,0.7600705849199823,0.27287424352164263,0.0017634572961928979,0.38846231903666617,0.9999999999999999,0.0026335591656522785,,0.0008499884728431724,0.0007982210227620005,0.0007982210227620005,0.0007982210227556617,,0.0,3.89707092943987e-15,0.02016391057290487,2.0423113685740668e-14,,,,,0.4782608695652174,,2.4291865016414636e-17,1.0,0.9302325581395349,7.38593996485283e-15,7.38593996485283e-15,0.9302325581395349,0.5814294660167518,0.1811001529054981,241,1.160723632773273,0.5634260514161584,1913,1182.2825381439075,0.44753152423181897,1077.0,428.07149489322194,0.4721302480972179,2062,1409.1368421052632,1454.5,398.32527672708756,380,0.6645304607900322,0.5565550872278735,0.3678621512786154,7,1548.25
coif7,,,,6.477365007571936,34831.420463010225,0.6844660194174758,28.837851043981562,206,smoothed,143.45718505957274,,7.19367163528248,90447.61084362336,1.0,7.758709175117734e-05,-0.046107710350708826,166.33501581362358,0.04854368932038834,14740.012635434343,15.0,"[0.0, 0.0048543689320388345, 0.009708737864077669, 0.014563106796116504, 0.019417475728155338, 0.02427184466019417, 0.029126213592233007, 0.03398058252427184, 0.038834951456310676, 0.04368932038834951, 0.04854368932038834, 0.05339805825242718, 0.058252427184466014, 0.06310679611650485, 0.06796116504854369, 0.07281553398058252, 0.07766990291262135, 0.08252427184466019, 0.08737864077669902, 0.09223300970873785, 0.09708737864077668, 0.10194174757281553, 0.10679611650485436, 0.1116504854368932, 0.11650485436893203, 0.12135922330097086, 0.1262135922330097, 0.13106796116504854, 0.13592233009708737, 0.1407766990291262, 0.14563106796116504, 0.15048543689320387, 0.1553398058252427, 0.16019417475728154, 0.16504854368932037, 0.1699029126213592, 0.17475728155339804, 0.17961165048543687, 0.1844660194174757, 0.18932038834951453, 0.19417475728155337, 0.19902912621359223, 0.20388349514563106, 0.2087378640776699, 0.21359223300970873, 0.21844660194174756, 0.2233009708737864, 0.22815533980582522, 0.23300970873786406, 0.2378640776699029, 0.24271844660194172, 0.24757281553398056, 0.2524271844660194, 0.25728155339805825, 0.2621359223300971, 0.2669902912621359, 0.27184466019417475, 0.2766990291262136, 0.2815533980582524, 0.28640776699029125, 0.2912621359223301, 0.2961165048543689, 0.30097087378640774, 0.3058252427184466, 0.3106796116504854, 0.31553398058252424, 0.3203883495145631, 0.3252427184466019, 0.33009708737864074, 0.3349514563106796, 0.3398058252427184, 0.34466019417475724, 0.3495145631067961, 0.3543689320388349, 0.35922330097087374, 0.36407766990291257, 0.3689320388349514, 0.37378640776699024, 0.37864077669902907, 0.3834951456310679, 0.38834951456310673, 0.3932038834951456, 0.39805825242718446, 0.4029126213592233, 0.4077669902912621, 0.41262135922330095, 0.4174757281553398, 0.4223300970873786, 0.42718446601941745, 0.4320388349514563, 0.4368932038834951, 0.44174757281553395, 0.4466019417475728, 0.4514563106796116, 0.45631067961165045, 0.4611650485436893, 0.4660194174757281, 0.47087378640776695, 0.4757281553398058, 0.4805825242718446, 0.48543689320388345, 0.4902912621359223, 0.4951456310679611]","[99869.49903308816, 9085.103842080463, 9734.352676758406, 3251.63210841393, 5707.4648010550445, 7682.429694286031, 7833.02804976773, 8959.114037163601, 10604.154206443854, 7744.51788501335, 13535.940814680216, 14740.012635434343, 4812.113009951326, 6399.251648444639, 3888.127096525438, 2731.367726216932, 2381.055113543926, 8072.021198099951, 4361.152340278923, 3771.4086861710452, 2459.6179027324083, 5088.645941787667, 6350.21663130756, 2142.5183233123225, 2995.560899350814, 755.5002762978779, 5797.392571732729, 1746.7141030936023, 1494.580597537389, 1587.701115982972, 1003.9426270929599, 985.8254715713981, 140.24653961101342, 539.4792868908416, 374.8433500436716, 1140.854882899945, 175.74318893481524, 659.6080419446226, 333.74344365981403, 800.6740060931672, 178.53253878023935, 271.65189811501864, 328.56599395123396, 342.3868944717068, 341.19961952086834, 488.2339409508576, 416.5553125781851, 161.65011798310778, 132.47160853598103, 730.2908527809216, 274.821468933846, 294.82324848274203, 521.9296912704797, 1288.7639152047116, 1238.1974814856658, 1479.1580141817221, 1036.426859734061, 1229.6431131715708, 1589.1477083374277, 839.800561371454, 393.3013609280559, 862.0352175987297, 574.5835919498787, 310.770547376094, 1215.2453904233716, 914.5280140890527, 576.0169140621258, 1269.7671069700646, 267.2308822309892, 403.1738083173677, 825.0878593219505, 522.161168486449, 503.0478997914527, 820.915749809926, 84.08147972866058, 440.5279611535155, 913.0367762070287, 127.69535619342314, 227.97812799267285, 129.28500689043864, 276.4662731753008, 162.98879700537145, 133.77924387560904, 184.1955448805527, 147.7184807227263, 214.48757087818694, 234.40554636152413, 671.0512718119163, 216.98708682491218, 359.8707790823435, 495.73938050363034, 579.1204020662976, 521.6760347456433, 201.63787584849558, 335.7945583117225, 262.0853753508605, 642.7080839871076, 301.44790278995265, 229.80173859253316, 1330.4166814459575, 269.8592562727432, 1211.5538883852587, 476.88103742827303]",14,461.8669958033583,39.358762096181266,1013.2086560312634,"[15, 33, 44, 59, 71, 87, 107, 117, 127, 137, 152, 165, 182, 199]","[386.8965685947733, 618.6009310590971, 55.003112671820986, 803.2678003100939, 681.2463435114753, 1013.2086560312634, 474.63519246867827, 298.36385383469633, 49.56942347623348, 674.1210156098659, 39.358762096181266, 631.8732044210881, 526.9086045878648, 213.08447257388355]","[5, 5, 43, 5, 65, 5, 100, 113, 126, 128, 150, 150, 177, 192]","[27, 46, 46, 81, 81, 128, 128, 128, 128, 150, 154, 192, 192, 201]",61480384.15218919,1008.5992371488417,-1008.5992371488417,305762.54967500485,0.0716129886611133,0.10599401749258205,0.4951456310679611,SWT,mdp.39015067403892,30743908.31218919,,0.0,-15.0,8.0,0.0,-10.5,,280.1992371488417,203.66699580335836,785.7379412470173,203.96549498051274,,305762.54967500485,203.66699580335836,,,35.15876209618128,0.0,-15.0,284.80865603126347,280.1992371488417,,196.0649841863764,0.44885767660286374,,0.09306501517951526,0.16431259100329074,0.029391699466711378,0.6296296296296299,0.3580760373945932,,0.03546665031898176,0.0,0.0,0.0,,0.8542257607281484,0.2108265619545211,0.35676675222978815,,,,,,0.4942137123558547,0.04000000000000001,0.030303030303030304,0.3127773744868557,0.3127773744868557,1.7234105364137515,0.553247142945227,68,0.969897763920482,0.36972342187512436,76,0,0.25144746944191976,0.41456182690512255,87,0.0,0.3275474140420405,0.4335693581557788,71,8.34665601703261,0.921257962103466,75.5,74.84674613371847,0.6044969055800349,63,coif,1.0,0.7144143715238808,0.08567568854283576,5,48.5,0.04611661927293899,0.8651149817627273,,0.09910884517248522,0.33330827626024384,0.005012337637986836,0.6285714285714288,0.052711359921510936,,0.022295456038394577,0.0,0.0,0.0,,0.4966777530764329,0.19111077200777876,0.08817088325540898,,,,,0.0,,0.11744037703998361,0.18644067796610164,0.1864406779661017,0.10204275269339608,0.10204275269339608,0.2627118644067796,0.9359089650898182,0.3071323983178667,168,0.8479203732377125,0.43612127045640814,185,12.020815280171307,0.9432980411312675,176.5,176.09065155807366,0.5553754356599734,147,1.0,0.7220099692676862,0.08339700921969413,7,112.0,,,0.1835304086930758,0.0,0.13,0.713516254366644,0.18353040869307574,1.0,False,False,0.9943548247647593,0.5864547100609386,0.0012170524738057851,0.5178374619580691,,0.13680705250432013,0.33659864944383316,4.330221946215835e-06,0.7308889189554866,0.1835304086930757,0.005007574043357523,,0.0001955324898661174,0.00032010946718856616,0.00032010946718856616,0.00032281886758242934,,0.5864547100609386,0.0016509239206786031,0.0036321992193002473,0.0017672027665534802,,,,,0.0,,9.628028605099063e-06,0.2558139534883721,0.255813953488372,0.0011758814106950875,0.0011758814106950875,0.32558139534883723,0.47249979642339945,0.1471713946083857,1016,0.7738728363418121,0.37564507533677405,2047,729.0270914033305,0.6593331348582567,1531.5,1357.9836761345086,0.47183946462539006,2063,986.6382352941176,846.0,585.0035688138154,340,0.4652856568234462,0.8173890317607586,0.42908333069536003,4,1548.25
db37,,,,6.1530609401925656,35208.082311186365,0.7135922330097088,28.241332861043716,206,smoothed,142.37582497296972,,7.1935084301155445,90447.61084362336,1.0,7.511861713616332e-05,-0.14985159082376495,153.29946299638056,0.04854368932038834,14740.012471309587,15.0,"[0.0, 0.0048543689320388345, 0.009708737864077669, 0.014563106796116504, 0.019417475728155338, 0.02427184466019417, 0.029126213592233007, 0.03398058252427184, 0.038834951456310676, 0.04368932038834951, 0.04854368932038834, 0.05339805825242718, 0.058252427184466014, 0.06310679611650485, 0.06796116504854369, 0.07281553398058252, 0.07766990291262135, 0.08252427184466019, 0.08737864077669902, 0.09223300970873785, 0.09708737864077668, 0.10194174757281553, 0.10679611650485436, 0.1116504854368932, 0.11650485436893203, 0.12135922330097086, 0.1262135922330097, 0.13106796116504854, 0.13592233009708737, 0.1407766990291262, 0.14563106796116504, 0.15048543689320387, 0.1553398058252427, 0.16019417475728154, 0.16504854368932037, 0.1699029126213592, 0.17475728155339804, 0.17961165048543687, 0.1844660194174757, 0.18932038834951453, 0.19417475728155337, 0.19902912621359223, 0.20388349514563106, 0.2087378640776699, 0.21359223300970873, 0.21844660194174756, 0.2233009708737864, 0.22815533980582522, 0.23300970873786406, 0.2378640776699029, 0.24271844660194172, 0.24757281553398056, 0.2524271844660194, 0.25728155339805825, 0.2621359223300971, 0.2669902912621359, 0.27184466019417475, 0.2766990291262136, 0.2815533980582524, 0.28640776699029125, 0.2912621359223301, 0.2961165048543689, 0.30097087378640774, 0.3058252427184466, 0.3106796116504854, 0.31553398058252424, 0.3203883495145631, 0.3252427184466019, 0.33009708737864074, 0.3349514563106796, 0.3398058252427184, 0.34466019417475724, 0.3495145631067961, 0.3543689320388349, 0.35922330097087374, 0.36407766990291257, 0.3689320388349514, 0.37378640776699024, 0.37864077669902907, 0.3834951456310679, 0.38834951456310673, 0.3932038834951456, 0.39805825242718446, 0.4029126213592233, 0.4077669902912621, 0.41262135922330095, 0.4174757281553398, 0.4223300970873786, 0.42718446601941745, 0.4320388349514563, 0.4368932038834951, 0.44174757281553395, 0.4466019417475728, 0.4514563106796116, 0.45631067961165045, 0.4611650485436893, 0.4660194174757281, 0.47087378640776695, 0.4757281553398058, 0.4805825242718446, 0.48543689320388345, 0.4902912621359223, 0.4951456310679611]","[99869.49903308821, 9085.103842080465, 9734.352676758403, 3251.632108413932, 5707.464801055036, 7682.429694283597, 7833.028049712953, 8959.114036491514, 10604.154201162328, 7744.517867697135, 13535.940722935495, 14740.012471309587, 4812.113075690621, 6399.25279224932, 3888.130107745771, 2731.3741498814525, 2381.0684271372625, 8072.106568661318, 4361.217727593843, 3771.4505153645673, 2459.5741473329645, 5088.144627712211, 6348.548555495138, 2141.3852236628645, 2992.9559921430864, 754.6184352082054, 5790.583182889099, 1745.8302920756137, 1496.5397266180935, 1595.1471700433171, 1013.6871901451794, 1001.2858253819671, 143.17249563468044, 551.7044908415506, 381.7989561877993, 1148.2004145470016, 172.86825738869908, 625.3461016675745, 302.22770186505585, 702.1968494170007, 158.1268464313325, 251.31578338140991, 312.786800174266, 318.3851527636264, 313.6864760601381, 577.4868016526336, 814.2238569157644, 500.1212598767365, 424.88562812506325, 1111.1379697507489, 86.96501934667353, 232.6048187806849, 585.6570335359582, 1459.1843012572715, 1123.2097184721167, 858.4813011724669, 454.7132352357422, 816.3639344846163, 1459.2299699891769, 883.643965919162, 421.31504202795395, 921.3051286859359, 645.527500492716, 368.10732590753145, 1434.8671130966761, 1028.0987361174773, 611.2554027027294, 1291.9155191807656, 265.5292244833236, 396.0866202587439, 807.6149355171185, 511.9176370110634, 495.5127195175231, 813.1716987046681, 83.69260108829384, 439.95277517358846, 913.4994564024717, 127.84587219464916, 228.24516568460308, 129.3977258225059, 276.61271843837585, 163.03164469094887, 133.79242719497233, 184.1988218040844, 147.7168424119924, 214.48435518324123, 234.40306734199723, 671.0475197131806, 216.98657651558958, 359.87050037548397, 495.73929189502655, 579.1203941548113, 521.6760405543193, 201.63787721516982, 335.7945590625368, 262.085375481395, 642.7080840353233, 301.44790279206137, 229.80173859260833, 1330.416681445962, 269.8592562727441, 1211.553888385261, 476.88103742826775]",11,553.6074015414594,48.82405959207699,1019.1619255176165,"[3, 22, 38, 56, 82, 93, 109, 130, 160, 172, 187]","[48.82405959207699, 631.8390603273668, 342.5616692623001, 655.1784961763996, 835.7464615264709, 606.5389516438356, 1019.1619255176165, 500.0734498157691, 705.8364756897167, 61.3358690344611, 682.5849983700396]","[2, 8, 27, 27, 27, 88, 27, 125, 151, 171, 151]","[8, 27, 48, 69, 104, 104, 151, 151, 175, 175, 199]",61472215.88100239,1020.1142851873649,-1020.1142851873649,305757.71317995124,0.07153300854187516,0.10587741373581974,0.4951456310679611,SWT,mdp.39015067403892,30735740.041002393,,0.0,-16.5,11.0,0.0,-16.5,,291.7142851873649,295.4074015414594,409.2814169560543,295.4074015414593,,305757.71317995124,295.4074015414594,,,44.624059592077,0.0,-16.5,290.76192551761653,291.7142851873649,,209.10053700361942,0.1167623725236202,,0.05030367876506492,0.16384381252733474,0.030063808824171655,0.8518518518518519,0.3580760373945932,,0.05847202392295334,0.3893044925597775,0.3893044925597775,0.38852994678435615,,0.9921356365508881,0.04177476354458798,0.38360188250918537,,,,,,0.49248461453215825,0.010000000000000009,0.0,0.3618455584626354,0.3618455584626354,2.3670234164487445,0.7598589626588689,14,0.8832609539503,0.336697613347591,84,0,0.3749092044089549,0.6181133779086313,41,0.0,0.290891472003953,0.3850484644447718,85,34.708308323320324,0.67256312902528,56.0,33.47608565139084,0.5721306211164137,71,db,0.9817779367705585,0.7465271631990054,0.08879729530090745,4,54.25,0.011996421493401521,0.8369376761673031,,0.06267464759485944,0.33308125327047755,0.005126956359951418,0.8,0.052711359921510936,,0.03675736014326797,0.13030695450720786,0.13030695450720786,0.12993806164935406,,0.546787219158484,0.0994711518989975,0.09480288336253913,,,,,0.25,,0.11702949022062376,0.16101694915254233,0.1610169491525424,0.11805111190022533,0.11805111190022533,0.16101694915254236,1.120732656161288,0.36778503187747075,131,0.843497683904336,0.4338464944847669,187,39.59797974644666,0.8132170766677045,159.0,154.0691823899371,0.5316085383338522,161,0.9080317387829661,0.7281573716544635,0.1459305713555847,6,122.25,,,0.10256004316347522,0.75,0.010000000000000009,0.6536701709815124,0.10256004316347506,1.0,False,False,0.9943390962453688,0.5864454336295791,0.0012078785034122595,0.5013248433005567,,0.13593897377549213,0.33658122061435136,4.429242511298391e-06,0.8550940332837235,0.10256004316347522,0.005007574043357523,,0.0003223642583197999,0.0011528135784404773,0.0011528135784404773,0.0011528135784341397,,0.5864454336295791,0.0017606870487280185,0.0018905215884729362,0.0018041420732898834,,,,,0.13043478260869565,,9.625470558547463e-06,0.2325581395348837,0.2325581395348837,0.0012242053500089115,0.0012242053500089115,0.2325581395348837,0.5014208407637979,0.1561795475458599,998,0.7856806859311398,0.3813767153947398,2044,739.6336931211287,0.6543767789153605,1521.0,1341.165023011177,0.47181455768197933,2064,1009.0473684210526,935.5,610.6543869996938,760,0.4758535102197843,0.8532293215616218,0.41093374637766444,5,1549.25
sym18,1.0,symmetric,1.0350798579178927e-18,239.32205389317457,6703343.7623459995,0.6041666666666666,293.03364600656283,206,raw,7.984912062728724e-10,,6.593160310557992,61388.78532227085,0.7444789017324388,5.618943883646035e-06,0.9999999999999999,326.9999999995372,,,,[],[],13,661.1538461562606,87.00000000035234,940.0000000032915,"[8, 32, 51, 63, 81, 100, 111, 133, 152, 162, 175, 192, 204]","[878.0000000018754, 638.0000000035851, 787.0000000037026, 792.0000000031231, 940.0000000032915, 788.0000000023256, 637.0000000026347, 675.0000000015084, 771.0000000023066, 196.00000000181808, 834.0000000036025, 572.0000000012598, 87.00000000035234]","[0, 13, 42, 42, 76, 99, 107, 107, 107, 161, 164, 187, 203]","[76, 42, 61, 76, 205, 164, 119, 142, 164, 164, 205, 205, 205]",37754613.00007756,941.00000000176,-941.00000000176,0.0,,,,DWT,mdp.39015067403892,7.756054401397705e-05,,0.0,33.0,19.0,0.0,28.5,,1.7599859347683378e-09,256.34134615626056,4358.999999968613,256.34134615626044,,0.0,256.34134615626056,,,84.00000000035234,0.0,28.5,3.2914613257162273e-09,1.7599859347683378e-09,,4.6281911636469886e-10,1.0088891441948386e-09,7.324910455915668e-19,0.6692298504524152,0.8813908927814569,0.0010886759945820056,0.35267857142857106,0.0002954485753261678,,0.474228025020908,8.565597524731247e-09,8.565597524731247e-09,7.951543069666958e-09,,2.3280220617582314e-08,0.9999999914344024,3.941225259560683e-09,,,,,,7.676898340609429e-10,1.0,1.0,2.20425076591482e-09,2.20425076591482e-09,0.8422684256245632,0.275364838964545,12,0.9839673029636943,0.47260282782328117,934,0,0.28951900616130716,0.34592251320832956,12,0.125,0.2658476343201773,0.48287147216503784,939,533.764226976668,0.440498713860935,474.25,23.69636054146065,0.4716906567208239,941,sym,0.8243425715244881,0.7368036147090654,0.2019191155201387,6,707.25,1.0088891441948386e-09,0.0001547883296590391,7.324910455915668e-19,0.6692298504524152,0.881390892781457,0.0021210303218870998,0.5134868421052631,0.002660450199522301,,0.9919828214624429,0.9855281704723038,0.9855281704723038,0.9855281704721904,,4.9876308102541506e-09,0.999999999957479,2.1962909837255014e-09,,,,,1.0,,7.676898340609429e-10,1.0,0.75,2.20425076591482e-09,2.20425076591482e-09,0.0,2.259570204700018,0.6447065301007514,15,1.0497992255465998,0.4853065960198513,1882,1320.1683604752843,0.3080878613861193,948.5,29.762783342119135,0.40548523048341606,1899,0.7763846615972358,0.5622554397616224,0.28785410495344815,6,1425.75,,,,,,,,,,,,,6.774063107305169e-15,0.0364136004381219,7.324910455915668e-19,0.760072505742365,0.27246949423962147,0.0017574142243501326,0.38846231903666617,0.9999999999999999,0.002660450199522301,,0.0008499884728438434,0.0007982210227620407,0.0007982210227620407,0.000798221022755701,,0.0,3.89707092943987e-15,0.020163910572904613,2.0423113685740668e-14,,,,,0.4782608695652174,,2.4289531728064198e-17,1.0,0.9302325581395349,7.38593996485283e-15,7.38593996485283e-15,0.9302325581395349,0.581429466016752,0.1811001529054982,240,1.1605301455033188,0.5633321308950012,1914,1183.6967517062806,0.44687067677276604,1077.0,426.5181058495822,0.4717998243676914,2065,1409.1368421052632,1454.5,398.32527672708756,380,0.6645304607900322,0.5565550872278735,0.3678621512786154,7,1550.5
gaus6,,,,-34.38000475129245,721479813.7515702,0.6791833238149628,681.9001635160195,206,raw,43764.16223745374,,13.369634471199541,414631.5123481119,0.022224170613672965,7.703977261647498e-07,0.32789666845156884,33197.49615069193,,,,[],[],6,30405.27325690241,6641.686216306705,95576.72963647585,"[28, 47, 80, 159, 176, 192]","[95576.72963647585, 14888.675247803352, 6641.686216306705, 11259.977646369589, 8412.548959305197, 45652.021835153755]","[0, 40, 77, 115, 115, 115]","[115, 115, 115, 165, 184, 205]",504081808333.389,78893.3988012058,-78893.3988012058,0.0,,,,CWT,mdp.39015067403892,504044053720.389,,0.0,-24.5,26.0,0.0,-24.5,,77952.3988012058,30000.46075690241,169477.63954141445,30000.46075690241,,0.0,30000.46075690241,,,6638.686216306705,0.0,-24.5,94636.72963647585,77952.3988012058,,32870.49615069193,0.22298420754567463,,0.5806681959299977,0.8589850163967514,0.10302701647737249,0.87933025404157,0.12261597244171588,,0.11873900129768905,0.23689455132718718,0.23689455132718718,0.23689455132718715,,0.27497085240980823,0.7639380756969552,0.4995794084217434,,,,,,0.12138490833272499,0.35000000000000003,0.4375,0.14809659845012568,0.14809659845012568,1.4940247856671685,0.4418156808647489,8,1.6086915450584367,0.7665379870922621,4,0,0.3274537666717408,0.4539150827794959,8,0.125,0.5004125440498542,0.8147110940396811,4,2.309401076758503,0.7690598923241497,6.0,5.333333333333333,0.5845299461620749,6,gaus,0.5375,1.0,0.32375,1,4.75,0.2229842075456746,0.11688856293593193,,0.6392514888954275,0.8869743044773993,0.10613973434795021,0.8848484848484844,0.1247437498295153,,0.04676085589235021,0.09792501664058809,0.09792501664058809,0.09792501664058807,,0.2747822527490577,0.7639380756969552,0.5007837000467856,,,,,0.6875,,0.12092188616654681,0.35,0.4242424242424242,0.14940089687902236,0.14940089687902236,0.32558139534883723,1.409674609319526,0.43504990463553583,16,1.6517683022579719,0.7571122086739863,8,5.656854249492381,0.717157287525381,12.0,10.666666666666666,0.5585786437626905,15,0.5743243243243243,1.0,0.2979729729729729,2,11.75,102.0,False,0.7790271455158979,0.3749999999999999,0.6363636363636362,,0.6646541612308967,,,,,,0.3712834731352942,0.003979726800178406,,0.027442363093757582,0.9961353857771222,0.18966487102888,0.708361520768502,0.4754345781072581,0.031192381975446964,,0.08868055532334086,0.2707779569921395,0.2707779569921395,0.27077795699213486,,0.0,0.2767790924266526,0.7840859636270341,0.5872092960994684,,,,,0.7826086956521738,,0.15785080147165023,0.10852713178294571,0.10852713178294571,0.3271342834553711,0.3271342834553711,0.10852713178294571,1.6605749490585255,0.517225897142396,15,1.2079398985803802,0.5863452661673503,1876,1315.925719788165,0.3850814393513248,945.5,29.76203067160233,0.47162950472239135,2066,1982.5625,2068.5,192.51804028021203,16,0.9349504833765622,0.26899346077528574,0.26483662340382075,10,1552.0
sym17,1.0,constant,7.659908142258576e-20,250.62955685257083,5983844.877071551,0.6008403361344538,225.33958394642576,206,raw,2.1454912927171865e-10,,6.311041414736275,67676.1089790363,0.8085400128392166,5.618943883677752e-06,1.0,326.99999999988177,,,,[],[],13,661.153846154526,87.00000000010661,940.000000000939,"[8, 32, 51, 63, 81, 100, 111, 133, 152, 162, 175, 192, 204]","[878.0000000004543, 638.0000000009595, 787.0000000009569, 792.0000000009038, 940.000000000939, 788.0000000007157, 637.0000000007324, 675.00000000038, 771.0000000007661, 196.00000000046282, 834.0000000009977, 572.0000000004626, 87.00000000010661]","[0, 13, 42, 42, 76, 99, 107, 107, 107, 161, 164, 187, 203]","[76, 42, 61, 76, 205, 164, 119, 142, 164, 164, 205, 205, 205]",37754613.00002199,941.0000000005585,-941.0000000005585,0.0,,,,DWT,mdp.39015067403892,2.1986663341522217e-05,,0.0,33.0,19.0,0.0,28.5,,5.585434337262996e-10,256.34134615452604,4358.9999999911615,256.341346154526,,0.0,256.34134615452604,,,84.00000000010661,0.0,28.5,9.390532795805484e-10,5.585434337262996e-10,,1.1823431123048067e-10,2.710681991735191e-10,5.420658130828241e-20,0.710957096265912,0.7839329666715668,0.0002789645066632751,0.3277310924369745,0.0008044891415688228,,0.47422802473544584,7.222424923238641e-09,7.222424923238641e-09,6.608414485590454e-09,,5.947292911394155e-09,0.9999999927775411,1.1244308042266938e-09,,,,,,2.1762273778230954e-10,1.0,1.0,6.995338810761264e-10,6.995338810761264e-10,0.8422684140498703,0.27536483518040283,24,0.9500944560613999,0.4563335847455566,940,0,0.28951900393788876,0.3459225105517493,24,0.125,0.2542792298991077,0.46185923901996206,945,530.3001508579835,0.44412982090358133,483.25,46.80806217889606,0.4687892291100716,951,sym,0.8243425715244881,0.7368036147090654,0.2019191155201387,6,714.75,2.7106819917351905e-10,0.00015478832987919633,5.4206581308282417e-20,0.710957096265912,0.7839329666715669,0.0013121556541528373,0.49473684210526314,0.00316828652820874,,0.99198282145809,0.9855281704528656,0.9855281704528656,0.985528170452753,,1.2741675368863465e-09,0.9999999999641467,6.266013928423819e-10,,,,,1.0,,2.1762273778230954e-10,1.0,0.75,6.995338810761264e-10,6.995338810761264e-10,0.0,2.259570201166055,0.6447065290924319,25,1.0184053069560801,0.4707936535484405,1891,1319.4612536940976,0.30845846242447716,958.0,49.347599164926926,0.40318101318288846,1904,0.7763846615972358,0.5622554397616224,0.28785410495344815,6,1429.5,,,,,,,,,,,,,1.8200543619194383e-15,0.03641360043833407,5.4206581308282417e-20,0.7903397881558416,0.24234175857286733,0.0015682652926461355,0.3742775963043856,1.0,0.00316828652820874,,0.0008499884728405507,0.0007982210227462969,0.0007982210227462969,0.0007982210227399577,,0.0,9.955671251823792e-16,0.02016391057300893,5.826710384229687e-15,,,,,0.4782608695652174,,6.885533922143846e-18,1.0,0.9302325581395349,2.3439779760559363e-15,2.3439779760559363e-15,0.9302325581395349,0.581429466016778,0.1811001529055063,231,1.1580613180908004,0.5621337390975155,1916,1191.4749262993325,0.44323601574797544,1073.5,412.29250116441546,0.47080025086464194,2067,1409.1368421052632,1454.5,398.32527672708756,380,0.6645304607900322,0.5565550872278735,0.3678621512786154,7,1552.0
sym17,1.0,zero,7.661043153803365e-20,250.62891338175473,5984862.113804119,0.6008403361344538,225.33958394642576,206,raw,2.1455556209794293e-10,,6.308351350807191,68614.39382816567,0.8111689919143235,5.618943883677747e-06,1.0,326.99999999988177,,,,[],[],13,661.1538461545248,87.00000000010661,940.000000000939,"[8, 32, 51, 63, 81, 100, 111, 133, 152, 162, 175, 192, 204]","[878.0000000004394, 638.0000000009595, 787.0000000009569, 792.0000000009038, 940.000000000939, 788.0000000007157, 637.0000000007324, 675.00000000038, 771.0000000007661, 196.00000000046282, 834.0000000009977, 572.0000000004626, 87.00000000010661]","[0, 13, 42, 42, 76, 99, 107, 107, 107, 161, 164, 187, 203]","[76, 42, 61, 76, 205, 164, 119, 142, 164, 164, 205, 205, 205]",37754613.000022,941.0000000005585,-941.0000000005585,0.0,,,,DWT,mdp.39015067403892,2.2001564502716064e-05,,0.0,33.0,19.0,0.0,28.5,,5.585434337262996e-10,256.3413461545248,4358.999999991178,256.34134615452484,,0.0,256.3413461545248,,,84.00000000010661,0.0,28.5,9.390532795805484e-10,5.585434337262996e-10,,1.1823431123048067e-10,2.710763271610557e-10,5.421461340153345e-20,0.710954721712926,0.783003684530192,0.0002801092871280548,0.3277310924369745,0.0008804554949764084,,0.47422802473544584,7.2214565219398e-09,7.2214565219398e-09,6.607534120772785e-09,,5.947292911394155e-09,0.9999999927785164,1.1244308042266938e-09,,,,,,2.177702286245883e-10,1.0,1.0,6.995338810761264e-10,6.995338810761264e-10,0.8422684140495865,0.2753648351803101,25,0.9496593491905189,0.45612460144198097,944,0,0.2895190039377476,0.34592251055158063,25,0.125,0.2541571519618962,0.4616375031620865,946,531.1628752087254,0.44322549768477426,485.0,48.71133880034779,0.4674198767249867,953,sym,0.8243425715244881,0.7368036147090654,0.2019191155201387,6,716.25,2.7107632716105565e-10,0.00015478832987919633,5.421461340153344e-20,0.7109547217129258,0.783003684530192,0.00131329925151053,0.49473684210526314,0.0032440731679709922,,0.99198282145809,0.9855281704528516,0.9855281704528516,0.9855281704527401,,1.2741675368863465e-09,0.9999999999641515,6.266013928423819e-10,,,,,1.0,,2.177702286245883e-10,1.0,0.75,6.995338810761264e-10,6.995338810761264e-10,0.0,2.259570201166119,0.6447065290924501,23,1.0179701276081872,0.4705924765968438,1892,1321.5825740376574,0.30734665930940386,957.5,45.447519582245434,0.40275613887902056,1906,0.7763846615972358,0.5622554397616224,0.28785410495344815,6,1431.0,,,,,,,,,,,,,1.8201089363004046e-15,0.03641360043833403,5.421461340153344e-20,0.790338065749667,0.2420544841783393,0.001568532713826617,0.3742775963043856,1.0,0.003244073167970992,,0.0008499884728405507,0.0007982210227462855,0.0007982210227462855,0.0007982210227399473,,0.0,9.955671251823792e-16,0.020163910573009005,5.826710384229687e-15,,,,,0.4782608695652174,,6.8902004988447235e-18,1.0,0.9302325581395349,2.3439779760559363e-15,2.3439779760559363e-15,0.9302325581395349,0.5814294660167781,0.18110015290550632,229,1.1579470958163267,0.5620782945426935,1917,1193.5962466428923,0.4422447445593961,1073.0,409.12674743709226,0.4704214377002588,2068,1409.1368421052632,1454.5,398.32527672708756,380,0.6645304607900322,0.5565550872278735,0.3678621512786154,7,1552.75
db26,1.0,periodic,1.3001545909228315e-26,316.10744880405724,5538809.5899403,0.54296875,124.34927204657691,206,smoothed,7.784064654983525e-14,-2.1044694875627151e-10,6.492466647604547,30911.551425758742,0.9794145927368262,0.0001496656645132028,1.0,362.4000000000001,,,,[],[],11,426.60000000000014,32.2000000000001,728.4,"[9, 31, 53, 64, 80, 102, 131, 148, 158, 175, 192]","[310.99999999999983, 417.80000000000007, 589.6000000000005, 432.1999999999998, 728.4, 370.9999999999999, 587.0000000000001, 32.2000000000001, 448.2000000000003, 368.0000000000001, 407.19999999999993]","[0, 0, 0, 60, 0, 94, 120, 144, 144, 165, 186]","[20, 40, 75, 75, 205, 120, 205, 149, 205, 186, 205]",30736475.840000004,728.4,-728.4,0.0,,,,DWT,mdp.39015067403892,7.450580596923828e-09,,0.0,15.0,11.0,0.0,33.0,,0.0,168.4000000000002,987.7999999999975,168.40000000000006,,0.0,168.4000000000002,,,28.000000000000114,0.0,15.0,0.0,0.0,,1.1368683772161603e-13,1.2216807650322936e-13,3.3262431120614566e-26,0.9657971429429963,0.5165702784233231,0.3099077820001731,0.205360997194043,0.020406698732334826,,0.9999996648089,4.406097391567225e-09,4.406097391567225e-09,3.6787565615428943e-09,,1.2251610931599486e-12,0.9999999955939026,0.0,,,,,,1.5893391424973748e-13,0.0,0.0,0.0,0.0,0.7999999009875987,0.30073748692798663,698,1.0830243943481335,0.5498166805782028,169,0,0.16666663940792814,0.23713383960156198,699,0.0,0.28829184275614184,0.5086248360414652,176,303.69996158489494,0.681656224753779,435.5,276.58198581676936,0.6125786364859042,530,db,0.573477938514061,0.8443824841957417,0.34525069778143475,3,398.25,8.000516288339862e-14,0.999999999970514,8.403877320993067e-27,0.9525853410358015,0.8466062834937029,0.0008118383119362453,0.16852384868421072,0.000198759436415466,0.9999999997234573,2.0315811925353255e-05,4.745570603148508e-11,4.745570603148508e-11,3.9622027880881205e-11,,1.2251610931599486e-12,0.003126132840347795,0.0,,,,,0.0,,7.374542113937972e-14,0.0,0.0,0.0,0.0,1.0,0.201569161204761,0.057512244684998895,1780,1.7627493086531119,0.8148928345545003,147,1154.705373677632,0.3948085043618281,963.5,271.57239231966787,0.44491473436120754,1771,0.49117026184683504,0.8233619396015222,0.4091722348267588,4,1329.25,,,,,,,,,,,,,5.371849081743189e-19,0.9999999999715835,8.403877320993067e-27,0.9656072945762482,0.2617163256085641,0.0014512700465737966,0.12749141692599125,1.0,0.000198759436415466,0.9999999999999541,9.960751159770586e-05,3.843648489765261e-14,3.843648489765261e-14,3.2091408523615694e-14,,0.0,9.572760819061336e-19,0.004567040150618456,0.0,,,,,0.13043478260869565,,2.3332883504384434e-21,0.7209302325581395,0.7209302325581395,0.0,0.0,1.0,0.3986733618839274,0.12417638082767558,1909,1.862024245109737,0.90384389396529,180,1222.5876246715407,0.42869737164881283,1044.5,328.98037338439445,0.47030662974964005,2069,1009.0473684210526,935.5,610.6543869996938,760,0.4758535102197843,0.8532293215616218,0.41093374637766444,5,1553.0
coif2,1.0,smooth,4.730959684328948e-27,320.4979062709512,4962372.414961755,0.5462962962962963,79.37821480144704,206,smoothed,4.3943274046522703e-14,-2.0989530113979574e-10,6.193907524418819,35409.95371742113,0.985771154783738,0.00014966566451320268,0.9999999999999999,362.40000000000003,,,,[],[],11,426.59999999999997,32.19999999999999,728.4,"[9, 31, 53, 64, 80, 102, 131, 148, 158, 175, 192]","[311.00000000000006, 417.8, 589.6, 432.20000000000005, 728.4, 371.00000000000017, 587.0, 32.19999999999999, 448.2, 368.0, 407.20000000000005]","[0, 0, 0, 60, 0, 94, 120, 144, 144, 165, 186]","[20, 40, 75, 75, 204, 120, 204, 149, 204, 186, 204]",30736475.839999996,728.4,-728.4,0.0,,,,DWT,mdp.39015067403892,0.0,,0.0,15.0,11.0,0.0,33.0,,0.0,168.40000000000003,987.7999999999993,168.40000000000006,,0.0,168.40000000000003,,,28.0,0.0,15.0,0.0,0.0,,5.684341886080802e-14,4.7700297198810913e-14,9.057736344854728e-27,0.9824783036357847,0.08592738646619302,0.062526959339566,0.2282178573998131,0.05771119982271229,,0.999999664709775,4.4059199552998455e-09,4.4059199552998455e-09,3.6787565615428943e-09,,6.125805465799743e-13,0.9999999955940747,0.0,,,,,,0.0,0.0,0.0,0.0,0.0,0.799999900957455,0.300737486916655,825,0.7780857779733747,0.3950091446535908,581,0,0.16666663939958823,0.23713383958969592,831,0.0,0.20240881523773102,0.35710393148626435,569,146.1722727925284,0.84677958826779,701.5,678.6412592591186,0.5557273203393458,727,coif,0.5556920286951962,0.9053407607371553,0.33941335169221604,4,546.25,3.71752446446341e-14,0.9999999999705134,2.5510628624945915e-27,0.9687871230395418,0.7434690835478479,0.00016379640676693688,0.18728070175438605,0.0005621019696560306,0.9999999997234655,2.0315811923354854e-05,4.745387416349445e-11,4.745387416349445e-11,3.9622027880881205e-11,,6.125805465799743e-13,0.0031261328403482946,0.0,,,,,0.0,,0.0,0.0,0.0,0.0,0.0,1.0,0.2015691612044164,0.05751224468490057,1842,1.7282258351712005,0.7989331453200523,464,974.3931444750625,0.48931176914304897,1153.0,741.273200346921,0.4425070376113568,1789,0.4784248188775415,0.776734912893196,0.43208215291776214,2,1342.25,,,,,,,,,,,,,2.496086460056374e-19,0.9999999999715827,2.5510628624945915e-27,0.9773594220399346,0.22983292298131944,0.0012997305819920384,0.14168132413295456,0.9999999999999999,0.000562101969656031,0.9999999999999541,9.960751159770423e-05,3.8434858594393884e-14,3.8434858594393884e-14,3.2091408523615694e-14,,0.0,4.786380409530668e-19,0.004567040150618464,0.0,,,,,0.13043478260869565,,0.0,0.7209302325581395,0.7209302325581395,0.0,0.0,1.0,0.3986733618839274,0.12417638082767558,1914,1.8588793504381171,0.9023173328297016,207,1207.0312754854367,0.435966693698394,1060.5,373.5954738330976,0.4702029730174213,2070,986.6382352941176,846.0,585.0035688138154,340,0.4652856568234462,0.8173890317607586,0.42908333069536003,4,1553.5
gaus8,,,,-35.37404227462887,653167866.0237962,0.6652865029506948,574.2868017079854,206,smoothed,38337.147551967246,,13.20047334128611,383007.5261378919,0.025746097634891718,2.479809572856485e-06,0.4598435671519514,26083.239638310522,,,,[],[],6,30031.775398959406,5624.345916938682,90121.53051998615,"[29, 48, 80, 158, 177, 193]","[90121.53051998615, 14838.556110868652, 5624.345916938682, 11859.314405640318, 8053.360785759927, 49693.54465456273]","[0, 39, 75, 116, 116, 116]","[116, 116, 116, 167, 185, 205]",379892758913.17944,73559.70006782132,-73559.70006782132,0.0,,,,CWT,mdp.39015067403892,379862022437.3394,,0.0,-19.0,16.0,0.0,-10.0,,72831.30006782133,29773.575398959405,174510.25239375644,29773.575398959412,,0.0,29773.575398959405,,,5620.145916938683,0.0,-19.0,89393.13051998615,72831.30006782133,,25720.83963831052,0.16314392466968342,,0.6738028341225801,0.3886497403200636,0.08638342075510022,0.7684210526315781,0.10537306250061909,,0.01517296970979454,0.05294931348218196,0.05294931348218196,0.052949313482182014,,0.21417897201603237,0.7870565941702524,0.4614358027945671,,,,,,0.0796857156642613,0.8333333333333334,0.3846153846153845,0.12223298595341417,0.12223298595341417,1.260739548212363,0.38139835473196065,9,1.4510164007675637,0.7174705892662498,8,0,0.31038995366597627,0.459713139853486,9,0.11111111111111112,0.4037030801199458,0.6819298101018382,8,0.5773502691896257,0.9422649730810374,8.5,8.470588235294118,0.5461324865405187,8,gaus,0.5375,1.0,0.32375,1,6.25,0.16608280589432967,0.4527442874131722,,0.5772703232446897,0.3586434981554761,0.08633014825682543,0.72396694214876,0.10537306250061908,,0.03248496475201364,0.09537748625460189,0.09537748625460189,0.09537748625460196,,0.21441385490522727,0.7893941561511606,0.46143580279456714,,,,,0.0625,,0.08032661159958435,0.625,0.7575757575757576,0.12223298595341417,0.12223298595341417,1.0,1.280521209918957,0.39519093738088984,17,1.4233082717303018,0.6523942055072708,16,0.7071067811865476,0.9646446609406726,16.5,16.484848484848484,0.5698223304703363,14,0.5743243243243243,1.0,0.2979729729729729,2,11.0,102.0,False,0.842687811813338,0.16666666666666674,1.0,0.24560723859104863,0.8426878118133379,,,,,,0.32524212884425113,0.01541466957065308,,0.024781579845992385,0.9780705135455862,0.17170635545675506,0.6491002570694087,0.5784169281943259,0.028638066350523222,,0.07503246159293196,0.2687185768441887,0.2687185768441887,0.2687185768441841,,0.0,0.21657691502150334,0.8073693673243052,0.5546734069362516,,,,,0.34782608695652173,,0.11896088099402277,0.1937984496124031,0.193798449612403,0.3056431300025793,0.3056431300025793,0.33333333333333337,1.4799607861484774,0.46096928403334203,18,1.1944165225789403,0.5797808936266599,1883,1318.7541469129112,0.38375974443321903,950.5,35.65912677538138,0.4698004329642731,2071,1982.5625,2068.5,192.51804028021203,16,0.9349504833765622,0.26899346077528574,0.26483662340382075,10,1555.75
rbio3.5,1.0,antireflect,3.0496903065219916e-27,322.4048413489814,4920099.150968893,0.5324074074074074,130.06459659156377,206,smoothed,3.580307571451381e-14,-2.0384471888235153e-10,6.318474812157467,43881.49028015873,0.9683586213007268,0.0001496656645132027,0.9999999999999999,362.40000000000003,,,,[],[],11,426.59999999999997,32.200000000000045,728.4,"[9, 31, 53, 64, 80, 102, 131, 148, 158, 175, 192]","[310.9999999999999, 417.8, 589.6, 432.19999999999993, 728.4, 371.0000000000001, 587.0000000000001, 32.200000000000045, 448.2, 367.9999999999999, 407.20000000000005]","[0, 0, 0, 60, 0, 94, 120, 144, 144, 165, 186]","[20, 40, 75, 75, 205, 120, 205, 149, 205, 186, 205]",30736475.839999996,728.4,-728.4,0.0,,,,DWT,mdp.39015067403892,0.0,,0.0,15.0,11.0,0.0,33.0,,0.0,168.40000000000003,987.7999999999993,168.4,,0.0,168.40000000000003,,,28.000000000000057,0.0,15.0,0.0,0.0,,5.684341886080802e-14,2.981742168027344e-14,4.13733396719326e-27,0.9897235373516782,0.26560374826223265,0.04438518209646501,0.13281531045399,0.12796424178108942,,0.9999996647593375,4.4059199552998455e-09,4.4059199552998455e-09,3.6786974161203912e-09,,6.125805465799743e-13,0.9999999955940747,0.0,,,,,,0.0,0.0,0.0,0.0,0.0,0.799999900972306,0.3007374869222378,748,0.8531404084843964,0.4331119685834538,333,0,0.16666663940371348,0.23713383959556533,755,0.0,0.22292743142078358,0.3933043237420058,383,228.12039949699076,0.7608800843847057,554.75,483.36202841155824,0.5896905663013675,618,rbio,0.7685897546424816,0.816051598246696,0.21717169227625407,5,464.75,2.6889962828965414e-14,0.9999999999705136,1.3612853236987823e-27,0.9758241451864362,0.7865008325867864,0.00011627197960507136,0.10899122807017583,0.0012463603697662716,0.9999999997235568,2.0315811924354055e-05,4.745387416349445e-11,4.745387416349445e-11,3.962136174706643e-11,,6.125805465799743e-13,0.0031261328403482946,0.0,,,,,0.0,,0.0,0.0,0.0,0.0,0.0,1.0,0.20156916120441648,0.05751224468490059,1818,1.7228980746516191,0.7964702007309851,517,919.9459223236984,0.5178480490965942,1167.5,805.0586723768737,0.45297538723173525,1745,0.3888041033402703,1.0,0.4278371276618108,3,1309.5,,,,,,,,,,,,,1.8054937572142614e-19,0.999999999971583,1.3612853236987823e-27,0.9824637976707137,0.2431355779019814,0.0012886173712733854,0.08245388535606402,0.9999999999999999,0.0012463603697662716,0.9999999999999541,9.960751159770499e-05,3.8434858594393884e-14,3.8434858594393884e-14,3.209086642252945e-14,,0.0,4.786380409530668e-19,0.004567040150618464,0.0,,,,,0.13043478260869565,,0.0,0.7209302325581395,0.7209302325581395,0.0,0.0,1.0,0.3986733618839274,0.12417638082767558,1936,1.8451704745208442,0.8956629169038635,323,1140.5632380539012,0.4670265242738779,1129.5,553.6325807879592,0.4696113929780605,2072,818.67,599.5,715.6978453131971,300,0.38607403914171184,1.0,0.42974817260080167,3,1554.75
db15,1.0,constant,6.306628924648649e-27,319.2494259592701,4962627.26467955,0.5555555555555556,67.2862791934082,206,smoothed,5.5653432240238926e-14,-1.9848123145038737e-10,6.193589443793283,40275.83033384468,0.9881739102689893,0.00014966566451320268,1.0,362.40000000000003,,,,[],[],11,426.59999999999997,32.200000000000074,728.3999999999999,"[9, 31, 53, 64, 80, 102, 131, 148, 158, 175, 192]","[310.99999999999994, 417.7999999999999, 589.6000000000001, 432.19999999999993, 728.3999999999999, 370.99999999999994, 587.0, 32.200000000000074, 448.19999999999993, 368.0000000000001, 407.19999999999993]","[0, 0, 0, 60, 0, 94, 120, 144, 144, 165, 186]","[20, 40, 75, 75, 204, 120, 204, 149, 204, 186, 204]",30736475.83999999,728.3999999999999,-728.3999999999999,0.0,,,,DWT,mdp.39015067403892,7.450580596923828e-09,,0.0,15.0,11.0,0.0,33.0,,1.1368683772161603e-13,168.40000000000003,987.7999999999993,168.40000000000003,,0.0,168.40000000000003,,,28.000000000000085,0.0,15.0,1.1368683772161603e-13,1.1368683772161603e-13,,5.684341886080802e-14,7.342587448077487e-14,1.3669089396790994e-26,0.9777348114466512,0.08546858567995486,0.06263632933785813,0.29181955536369564,0.09806310429320687,,0.9999996647841187,4.4059199552998455e-09,4.4059199552998455e-09,3.6787269888316428e-09,,6.125805465799743e-13,0.9999999955940747,7.585973278963461e-14,,,,,,1.5893391424973748e-13,0.0,0.0,1.7477015598164352e-13,1.7477015598164352e-13,0.7999999009799367,0.3007374869251063,706,0.8166464082396803,0.4145851374425477,456,0,0.16666663940582976,0.2371338395985764,708,0.0,0.21653176944592004,0.3820206450494622,431,152.4759543884434,0.8401719555676694,575.25,544.8085972702373,0.6185922670920108,517,db,0.573477938514061,0.8443824841957417,0.34525069778143475,3,388.5,5.197123268031007e-14,0.9999999999705134,3.66611075157777e-27,0.9641799480473358,0.7433592026481295,0.0001640829137859504,0.23947368421052662,0.0009551259416392039,0.9999999997236376,2.0315811924853655e-05,4.745387416349445e-11,4.745387416349445e-11,3.962169481397382e-11,,6.125805465799743e-13,0.0031261328403482946,7.585973278963461e-14,,,,,0.0,,7.374542113937972e-14,0.0,0.0,1.4238426238064856e-13,1.4238426238064856e-13,1.0,0.20156916120454849,0.057512244684938256,1807,1.74644113555085,0.8073538082502655,270,1086.8231226837236,0.43038620404417005,1038.5,469.80259990370723,0.44304949615206407,1783,0.49117026184683504,0.8233619396015222,0.4091722348267588,4,1338.25,,,,,,,,,,,,,3.489545030458485e-19,0.9999999999715827,3.66611075157777e-27,0.9740175607716237,0.22979895485954957,0.001299797579388216,0.1811662833175486,1.0,0.0009551259416392039,0.9999999999999541,9.960751159770543e-05,3.8434858594393884e-14,3.8434858594393884e-14,3.20911916831812e-14,,0.0,4.786380409530668e-19,0.004567040150618464,7.054128794466933e-19,,,,,0.13043478260869565,,2.3332883504384434e-21,0.7209302325581395,0.7209302325581395,4.770970844811595e-19,4.770970844811595e-19,1.0,0.3986733618839274,0.12417638082767558,1900,1.8728084763775745,0.9090786601656462,103,1270.6708857922258,0.406228558041016,1001.5,195.40688966550178,0.46911895191770425,2073,1009.0473684210526,935.5,610.6543869996938,760,0.4758535102197843,0.8532293215616218,0.41093374637766444,5,1556.0
db12,1.0,reflect,7.865142354990729e-27,318.29033286710813,5289258.228345053,0.5307017543859649,90.17031086807712,206,smoothed,6.1551626794364e-14,-2.1286217233296205e-10,6.350361756050335,31155.378701858914,0.9818991078906316,0.00014966566451320268,0.9999999999999999,362.40000000000003,,,,[],[],11,426.6,32.19999999999993,728.4000000000002,"[9, 31, 53, 64, 80, 102, 131, 148, 158, 175, 192]","[310.9999999999999, 417.79999999999984, 589.6000000000001, 432.1999999999998, 728.4000000000002, 371.0000000000001, 587.0000000000001, 32.19999999999993, 448.20000000000005, 367.99999999999994, 407.20000000000033]","[0, 0, 0, 60, 0, 94, 120, 144, 144, 165, 186]","[20, 40, 75, 75, 205, 120, 205, 149, 205, 186, 205]",30736475.84000001,728.4000000000002,-728.4000000000002,0.0,,,,DWT,mdp.39015067403892,1.4901161193847656e-08,,0.0,15.0,11.0,0.0,33.0,,2.2737367544323206e-13,168.4000000000001,987.7999999999984,168.40000000000003,,0.0,168.4000000000001,,,27.999999999999943,0.0,15.0,2.2737367544323206e-13,2.2737367544323206e-13,,5.684341886080802e-14,8.638338174208801e-14,1.8230234261200104e-26,0.9740908207895647,0.3115976056502618,0.20281159909037974,0.12109920819748504,0.02242871772872415,,0.9999996646602125,4.4059791007223055e-09,4.4059791007223055e-09,3.6787269888316428e-09,,6.125805465799743e-13,0.9999999955939887,1.5171946557926922e-13,,,,,,3.1786782849947497e-13,0.0,0.0,3.4954031196328703e-13,3.4954031196328703e-13,0.7999999009429447,0.3007374869112002,864,0.8990702652145692,0.45642908082820216,266,0,0.1666666393955556,0.23713383958395826,863,0.0,0.23314685020807174,0.4113341443412665,302,334.8973723396468,0.6489545363316072,573.75,426.1297325965776,0.5237697209959923,819,db,0.573477938514061,0.8443824841957417,0.34525069778143475,3,615.0,5.942370382640898e-14,0.9999999999705134,4.76901805353038e-27,0.9606406774092136,0.7975161721042967,0.0005312878082117102,0.09937673130193916,0.0002184537221701188,0.9999999997234209,2.0315811922300142e-05,4.745454029730922e-11,4.745454029730922e-11,3.962169481397382e-11,,6.125805465799743e-13,0.0031261328403480726,1.5171946557926922e-13,,,,,0.0,,1.4749084227875944e-13,0.0,0.0,2.847685247612971e-13,2.847685247612971e-13,1.0,0.20156916120467977,0.05751224468497572,1797,1.715246210291966,0.7929328574416952,591,852.7707781109763,0.5530551477405785,1194.0,889.4698492462312,0.463634492109283,1696,0.49117026184683504,0.8233619396015222,0.4091722348267588,4,1273.0,,,,,,,,,,,,,3.9899321159923873e-19,0.9999999999715827,4.76901805353038e-27,0.9714503147947249,0.24654081388954902,0.001385665534298543,0.07518034024311226,0.9999999999999999,0.0002184537221701188,0.9999999999999541,9.960751159770347e-05,3.8435400695480126e-14,3.8435400695480126e-14,3.20911916831812e-14,,0.0,4.786380409530668e-19,0.00456704015061846,1.4108257588933865e-18,,,,,0.13043478260869565,,4.666576700876887e-21,0.7209302325581395,0.7209302325581395,9.54194168962319e-19,9.54194168962319e-19,1.0,0.3986733618839274,0.12417638082767558,1963,1.8369929461663281,0.8916934685519589,469,1056.417531092702,0.5063469480875225,1216.0,757.1110197368421,0.4690613245110509,2074,1009.0473684210526,935.5,610.6543869996938,760,0.4758535102197843,0.8532293215616218,0.41093374637766444,5,1556.75
coif17,1.0,constant,2.6615339787033016e-26,312.99607859243605,4960938.607894993,0.5686274509803921,29.267993912989358,206,smoothed,1.164634731696106e-13,-2.1837029962057438e-10,6.195697683314407,47186.654985689274,0.9923845050619409,0.00014966566451320252,0.9999999999999996,362.40000000000015,,,,[],[],11,426.60000000000014,32.19999999999993,728.4000000000005,"[9, 31, 53, 64, 80, 102, 131, 148, 158, 175, 192]","[311.0000000000002, 417.8000000000002, 589.6000000000001, 432.20000000000016, 728.4000000000005, 371.00000000000034, 587.0000000000001, 32.19999999999993, 448.1999999999999, 368.0000000000002, 407.19999999999976]","[0, 0, 0, 60, 0, 94, 120, 144, 144, 165, 186]","[20, 40, 75, 75, 205, 120, 205, 149, 205, 186, 205]",30736475.84000001,728.4000000000005,-728.4000000000005,0.0,,,,DWT,mdp.39015067403892,1.4901161193847656e-08,,0.0,15.0,11.0,0.0,33.0,,5.684341886080801e-13,168.4000000000002,987.7999999999975,168.40000000000015,,0.0,168.4000000000002,,,27.999999999999943,0.0,15.0,5.684341886080801e-13,5.684341886080801e-13,,1.7053025658242404e-13,2.070170165959513e-13,7.310455555918545e-26,0.9539757628553479,0.08850951892837611,0.06191163404982328,0.38161018778329386,0.1553734222783225,,0.9999996646602125,4.406097391567225e-09,4.406097391567225e-09,3.6788452796766485e-09,,1.837741639739923e-12,0.9999999955939026,3.7929866394817307e-13,,,,,,3.1786782849947497e-13,0.0,0.0,8.738507799082175e-13,8.738507799082175e-13,0.799999900943944,0.30073748691157587,860,0.862389478227017,0.4378074240605991,320,0,0.16666663939578646,0.23713383958428674,860,0.0,0.23448293227076727,0.4136913547069142,291,320.35956361563484,0.6641933295433597,582.75,450.09526485878877,0.526672136469793,810,coif,0.5556920286951962,0.9053407607371553,0.33941335169221604,4,608.5,1.2880577437956402e-13,0.9999999999705123,1.8037899320927283e-26,0.9411036805751934,0.7440874936435737,0.0001621844929218172,0.31315789473684214,0.0015133233577388251,0.9999999997233379,2.0315811922300142e-05,4.745570603148508e-11,4.745570603148508e-11,3.9622916059300906e-11,,1.837741639739923e-12,0.003126132840347795,3.7929866394817307e-13,,,,,0.0,,1.4749084227875944e-13,0.0,0.0,7.119213119032428e-13,7.119213119032428e-13,1.0,0.20156916120557794,0.057512244685231986,1720,1.7626555345317236,0.8148494841704096,149,1110.8647532440662,0.4177857687400073,934.5,274.24291064740504,0.46400294726308544,1691,0.4784248188775415,0.776734912893196,0.43208215291776214,2,1268.75,,,,,,,,,,,,,8.648506619910382e-19,0.9999999999715816,1.8037899320927283e-26,0.9572789553110559,0.23002409569185578,0.0012993536487118094,0.2369097551075633,0.9999999999999997,0.0015133233577388251,0.9999999999999541,9.960751159770347e-05,3.843648489765261e-14,3.843648489765261e-14,3.209227588535368e-14,,0.0,1.4359141228592004e-18,0.004567040150618456,3.5270643972334666e-18,,,,,0.13043478260869565,,4.666576700876887e-21,0.7209302325581395,0.7209302325581395,2.3854854224057974e-18,2.3854854224057974e-18,1.0,0.3986733618839274,0.12417638082767558,1894,1.8853983292344942,0.915189891885928,65,1293.2983027901955,0.39565499869617027,979.5,125.68657478305258,0.46897235916116925,2075,986.6382352941176,846.0,585.0035688138154,340,0.4652856568234462,0.8173890317607586,0.42908333069536003,4,1557.25
db23,1.0,periodic,1.3151965600282108e-26,316.0574920997035,5497880.415089803,0.532,111.48818116365082,206,smoothed,8.175553006967851e-14,-2.1462307486785953e-10,6.461352978731281,31320.15125146573,0.9791500469344374,0.00014966566451320268,0.9999999999999999,362.40000000000003,,,,[],[],11,426.59999999999997,32.200000000000045,728.4000000000002,"[9, 31, 53, 64, 80, 102, 131, 148, 158, 175, 192]","[310.9999999999997, 417.8000000000001, 589.6, 432.19999999999993, 728.4000000000002, 371.0, 586.9999999999999, 32.200000000000045, 448.2000000000001, 367.9999999999999, 407.2000000000002]","[0, 0, 0, 60, 0, 94, 120, 144, 144, 165, 186]","[20, 40, 75, 75, 205, 120, 205, 149, 205, 186, 205]",30736475.840000007,728.4000000000002,-728.4000000000002,0.0,,,,DWT,mdp.39015067403892,1.1175870895385742e-08,,0.0,15.0,11.0,0.0,33.0,,2.2737367544323206e-13,168.40000000000003,987.7999999999993,168.40000000000003,,0.0,168.40000000000003,,,28.000000000000057,0.0,15.0,2.2737367544323206e-13,2.2737367544323206e-13,,5.684341886080802e-14,1.3076852722930566e-13,3.3702649336254463e-26,0.965607336796532,0.4716917960644209,0.29234282716235804,0.13001683574357914,0.02379514904320763,,0.9999996647593375,4.4059199552998455e-09,4.4059199552998455e-09,3.6787269888316428e-09,,6.125805465799743e-13,0.9999999955940747,1.5171946557926922e-13,,,,,,2.3840087137460624e-13,0.0,0.0,3.4954031196328703e-13,3.4954031196328703e-13,0.7999999009726498,0.300737486922367,739,1.0229065076060626,0.5192967614476678,195,0,0.16666663940380674,0.23713383959569803,732,0.0,0.2690648492586041,0.4747032157772127,210,307.80188433471295,0.6773565153724184,469.0,317.2234049100214,0.5928711298036096,605,db,0.573477938514061,0.8443824841957417,0.34525069778143475,3,454.5,8.495168612949352e-14,0.9999999999705134,8.510324254584311e-27,0.9524009894870922,0.835858071704392,0.0007658249359805547,0.10669473684210562,0.00023176264202675548,0.9999999997233944,2.0315811924354055e-05,4.745387416349445e-11,4.745387416349445e-11,3.962169481397382e-11,,6.125805465799743e-13,0.0031261328403482946,1.5171946557926922e-13,,,,,0.0,,1.1061813170906958e-13,0.0,0.0,2.847685247612971e-13,2.847685247612971e-13,1.0,0.20156916120466167,0.057512244684970557,1800,1.732523141686632,0.8009197263217406,420,975.8073580374356,0.4885705670663335,1110.0,681.081081081081,0.4534047803885127,1740,0.49117026184683504,0.8233619396015222,0.4091722348267588,4,1306.0,,,,,,,,,,,,,5.703977351965984e-19,0.9999999999715827,8.510324254584311e-27,0.9654735733042262,0.2583936683696493,0.001440510183206469,0.08071654715194188,0.9999999999999999,0.00023176264202675592,0.9999999999999541,9.960751159770499e-05,3.8434858594393884e-14,3.8434858594393884e-14,3.20911916831812e-14,,0.0,4.786380409530668e-19,0.004567040150618464,1.4108257588933865e-18,,,,,0.13043478260869565,,3.499932525657665e-21,0.7209302325581395,0.7209302325581395,9.54194168962319e-19,9.54194168962319e-19,1.0,0.3986733618839274,0.12417638082767558,1947,1.8415805571680073,0.8939203376180549,364,1119.3500346183048,0.4769392361596707,1155.5,613.3344872349633,0.4684929825658167,2076,1009.0473684210526,935.5,610.6543869996938,760,0.4758535102197843,0.8532293215616218,0.41093374637766444,5,1558.25
bior3.3,1.0,constant,1.956026567557939e-27,324.33365124987716,5138716.280726647,0.5330188679245284,59.494232157422196,206,smoothed,2.599430918627212e-14,-2.04415062654562e-10,6.138845766175449,37840.75285033181,0.9934102155189892,0.00014966566451320274,1.0,362.40000000000003,,,,[],[],11,426.59999999999997,32.20000000000002,728.4,"[9, 31, 53, 64, 80, 102, 131, 148, 158, 175, 192]","[311.0, 417.8, 589.6000000000001, 432.20000000000005, 728.4, 371.0000000000001, 587.0, 32.20000000000002, 448.2, 368.0, 407.19999999999993]","[0, 0, 0, 60, 0, 94, 120, 144, 144, 165, 186]","[20, 40, 75, 75, 204, 120, 204, 149, 204, 186, 204]",30736475.839999996,728.4,-728.4,0.0,,,,DWT,mdp.39015067403892,0.0,,0.0,15.0,11.0,0.0,33.0,,0.0,168.40000000000003,987.7999999999993,168.40000000000003,,0.0,168.40000000000003,,,28.00000000000003,0.0,15.0,0.0,0.0,,5.684341886080802e-14,8.268935554917017e-15,9.3661804826053e-28,0.9970518825515339,0.006506082728580276,0.13820578866852848,0.13701542258368044,0.07786941223342231,,0.9999996647345563,4.4059199552998455e-09,4.4059199552998455e-09,3.6787269888316428e-09,,6.125805465799743e-13,0.9999999955940747,0.0,,,,,,0.0,0.0,0.0,0.0,0.0,0.7999999009648806,0.3007374869194464,790,0.7565409991563181,0.38407155281835287,652,0,0.16666663940165086,0.23713383959263062,790,0.0,0.19380694125225056,0.34192789770158616,654,79.1012010022604,0.917084694966184,721.5,714.995617004748,0.5803976933950417,650,bior,0.8100315533562081,0.7923003667562746,0.1952878026237719,6,489.0,1.449641614959764e-14,0.9999999999705138,5.873364438874006e-28,0.982941890381922,0.7244480082287594,0.000362045617081061,0.11243793445878897,0.0007584411713294193,0.9999999997235481,2.0315811923854454e-05,4.745387416349445e-11,4.745387416349445e-11,3.962169481397382e-11,,6.125805465799743e-13,0.0031261328403482946,0.0,,,,,0.0,,0.0,0.0,0.0,0.0,0.0,1.0,0.20156916120441642,0.05751224468490058,1828,1.6974487112846985,0.7847053378830039,766,750.9474016201135,0.6064216972640915,1297.0,1079.6052428681573,0.4633261526152742,1699,0.5943810304597339,0.7715092316736338,0.3524805091760961,5,1275.5,,,,,,,,,,,,,9.733441814908435e-20,0.9999999999715831,5.873364438874006e-28,0.9876267265863157,0.22395282731147362,0.0013460895889406861,0.08506138266070706,1.0,0.0007584411713294193,0.9999999999999541,9.960751159770467e-05,3.8434858594393884e-14,3.8434858594393884e-14,3.20911916831812e-14,,0.0,4.786380409530668e-19,0.004567040150618464,0.0,,,,,0.13043478260869565,,0.0,0.7209302325581395,0.7209302325581395,0.0,0.0,1.0,0.3986733618839274,0.12417638082767558,1961,1.839553423926268,0.8929363482808527,432,1081.1662684342311,0.4947821175540976,1196.5,708.0250731299625,0.4678349840106937,2077,1104.4,1082.5,563.6960149978129,300,0.520820561188399,0.7876173146100969,0.3991404127850916,6,1559.25
db20,,,,6.35284650362809,34448.38575158788,0.6747572815533981,27.6578769735737,206,smoothed,142.974799955771,,7.192727340902362,90447.61084362335,1.0,7.742342710324563e-05,-0.08527919425525125,163.26730092838426,0.04854368932038834,14740.012470479893,15.0,"[0.0, 0.0048543689320388345, 0.009708737864077669, 0.014563106796116504, 0.019417475728155338, 0.02427184466019417, 0.029126213592233007, 0.03398058252427184, 0.038834951456310676, 0.04368932038834951, 0.04854368932038834, 0.05339805825242718, 0.058252427184466014, 0.06310679611650485, 0.06796116504854369, 0.07281553398058252, 0.07766990291262135, 0.08252427184466019, 0.08737864077669902, 0.09223300970873785, 0.09708737864077668, 0.10194174757281553, 0.10679611650485436, 0.1116504854368932, 0.11650485436893203, 0.12135922330097086, 0.1262135922330097, 0.13106796116504854, 0.13592233009708737, 0.1407766990291262, 0.14563106796116504, 0.15048543689320387, 0.1553398058252427, 0.16019417475728154, 0.16504854368932037, 0.1699029126213592, 0.17475728155339804, 0.17961165048543687, 0.1844660194174757, 0.18932038834951453, 0.19417475728155337, 0.19902912621359223, 0.20388349514563106, 0.2087378640776699, 0.21359223300970873, 0.21844660194174756, 0.2233009708737864, 0.22815533980582522, 0.23300970873786406, 0.2378640776699029, 0.24271844660194172, 0.24757281553398056, 0.2524271844660194, 0.25728155339805825, 0.2621359223300971, 0.2669902912621359, 0.27184466019417475, 0.2766990291262136, 0.2815533980582524, 0.28640776699029125, 0.2912621359223301, 0.2961165048543689, 0.30097087378640774, 0.3058252427184466, 0.3106796116504854, 0.31553398058252424, 0.3203883495145631, 0.3252427184466019, 0.33009708737864074, 0.3349514563106796, 0.3398058252427184, 0.34466019417475724, 0.3495145631067961, 0.3543689320388349, 0.35922330097087374, 0.36407766990291257, 0.3689320388349514, 0.37378640776699024, 0.37864077669902907, 0.3834951456310679, 0.38834951456310673, 0.3932038834951456, 0.39805825242718446, 0.4029126213592233, 0.4077669902912621, 0.41262135922330095, 0.4174757281553398, 0.4223300970873786, 0.42718446601941745, 0.4320388349514563, 0.4368932038834951, 0.44174757281553395, 0.4466019417475728, 0.4514563106796116, 0.45631067961165045, 0.4611650485436893, 0.4660194174757281, 0.47087378640776695, 0.4757281553398058, 0.4805825242718446, 0.48543689320388345, 0.4902912621359223, 0.4951456310679611]","[99869.49903308818, 9085.103842080465, 9734.352676758406, 3251.6321084139313, 5707.464801055036, 7682.429694283598, 7833.028049712957, 8959.114036491554, 10604.154201162306, 7744.517867691956, 13535.940722820607, 14740.012470479893, 4812.11307467065, 6399.252790715405, 3888.130116908695, 2731.374198673643, 2381.0685937748485, 8072.10797208967, 4361.21865656726, 3771.449135018849, 2459.566976522572, 5088.097530257887, 6348.427559402471, 2141.334957212596, 2992.9654193913043, 754.6968933281033, 5792.405807720096, 1746.8717614307548, 1497.6413298003963, 1595.6094916610182, 1012.3960644223795, 997.1746201680415, 142.11880650722466, 546.7382234690735, 379.3430130658672, 1151.3896302861244, 176.45980841668822, 655.1210744361374, 324.2983914371303, 748.7965255626749, 157.49237957155665, 221.8031430763923, 247.64309202460257, 251.38762187363844, 285.674011281704, 568.0586193811566, 762.9304931779556, 479.01983237516885, 489.86587599604536, 2069.829711334681, 519.478289584086, 367.6154589010488, 410.7227073434866, 567.3384448714451, 284.3549129941618, 455.8724128655798, 535.5148312680777, 897.8923321537344, 1474.557890423866, 922.624934454714, 482.11389747841173, 1109.1055606145526, 728.2517950353985, 369.6452840652675, 1339.005608776082, 951.1971772489677, 580.8627538277776, 1264.1282412393264, 264.78358895683914, 398.618334700397, 814.8054970657938, 515.6543977115306, 497.53909193394156, 814.2063095460289, 83.66833607008938, 439.62869057994965, 912.9541918876979, 127.80561926142724, 228.22143242021411, 129.39731824259746, 276.61921143805324, 163.0347518288381, 133.79366560795606, 184.19935882833943, 147.71689647613286, 214.48430949638885, 234.40302658832658, 671.0474727503338, 216.98657263942556, 359.8704995273975, 495.73929201385886, 579.1203942775603, 521.6760405836843, 201.6378772168792, 335.7945590627609, 262.0853754813932, 642.7080840353201, 301.4479027920606, 229.80173859260435, 1330.416681445959, 269.8592562727407, 1211.55388838526, 476.8810374282685]",14,470.74157170176466,35.246177324949684,960.8772267474344,"[1, 23, 41, 68, 80, 95, 105, 116, 126, 146, 160, 173, 190, 201]","[59.38185311832012, 341.24140728864035, 626.031235804794, 960.8772267474344, 627.1406441147016, 809.1760009945436, 290.65796771815826, 477.37943097376115, 311.05612945577565, 642.340351694405, 35.246177324949684, 760.7927259537796, 613.4982009343923, 35.562651701049106]","[0, 14, 14, 14, 74, 88, 100, 111, 121, 137, 158, 137, 186, 200]","[14, 35, 53, 137, 88, 137, 111, 137, 137, 163, 163, 202, 202, 202]",61472800.84472506,960.7411414079091,-960.7411414079091,305197.5659413414,0.0711130004830008,0.10553946570686253,0.4951456310679611,SWT,mdp.39015067403892,30736325.00472506,,0.0,-15.0,8.0,0.0,-10.5,,232.34114140790916,212.54157170176472,909.9820038247062,212.55881952913282,,305197.5659413414,212.54157170176472,,,31.046177324949696,0.0,-6.0,232.47722674743443,232.34114140790916,,199.13269907161572,0.30071291916727205,,0.07664654198553533,0.16160026952059942,0.028708218474342146,0.5555555555555558,0.3580760373945916,,0.025471026918744068,0.03765965758507056,0.03765965758507056,0.036512405035548534,,0.8866807079647017,0.2666196771358132,0.12087608311799983,,,,,,0.4926084423871201,0.04000000000000001,0.2121212121212121,0.10884337102544073,0.10884337102544073,1.6148432310154448,0.5183949993266417,74,0.8708562730243653,0.3319689695154132,85,0,0.2330942054549219,0.3843027725387819,92,0.0,0.29297570064290224,0.387807325099746,84,7.41057802513857,0.9300888865552965,83.75,83.24220649783885,0.5699972734663274,73,db,0.9817779367705585,0.7465271631990054,0.08879729530090745,4,55.75,0.03089590292550804,0.8632467718277779,,0.08511971512110847,0.3319947361473958,0.004895779644911946,0.5714285714285716,0.052711359921510714,,0.01601189161683221,0.012605339474579258,0.012605339474579258,0.012211030773153053,,0.508470237610573,0.22135511089082885,0.02987316207678395,,,,,0.0,,0.11705891552714845,0.18644067796610164,0.3389830508474576,0.03550984853072023,0.03550984853072023,0.2627118644067796,0.9249201190129557,0.303526245608336,170,0.7985989499017822,0.4107531787288209,190,14.142135623730951,0.9332918130956087,180.0,179.44444444444446,0.5421176046610119,154,0.9080317387829661,0.7281573716544635,0.1459305713555847,6,117.0,,,0.1529577199173614,0.0,0.13,0.7095483431279604,0.15295771991736123,1.0,False,False,0.9925174699216662,0.5853710673059088,0.0012129600473186409,0.5167426433593383,,0.1364737484372679,0.33649780738079826,4.22952602026805e-06,0.6894872141794075,0.1529577199173613,0.0050075740433575214,,0.00014042525211926786,0.000400661714333806,0.000400661714333806,0.00040081826842861603,,0.5853710673059088,0.001676754968006509,0.004207014876864518,0.0014424926685642923,,,,,0.0,,9.62565375085332e-06,0.2558139534883721,0.39534883720930225,0.0009750405886227034,0.0009750405886227034,0.32558139534883723,0.48591592892688695,0.15135017086550787,1006,0.7445029517938176,0.36138866010217763,2060,745.2905473706211,0.651733389079149,1533.0,1351.8330071754729,0.46768912444611654,2078,1009.0473684210526,935.5,610.6543869996938,760,0.4758535102197843,0.8532293215616218,0.41093374637766444,5,1559.75
db36,,,,6.223243736649085,35261.44925069516,0.6796116504854369,26.703947796801376,206,smoothed,143.3828883927261,,7.193446950244516,90447.61084362333,1.0,7.491847421202862e-05,-0.12669274215992357,156.21251904501463,0.04854368932038834,14740.01247130959,15.0,"[0.0, 0.0048543689320388345, 0.009708737864077669, 0.014563106796116504, 0.019417475728155338, 0.02427184466019417, 0.029126213592233007, 0.03398058252427184, 0.038834951456310676, 0.04368932038834951, 0.04854368932038834, 0.05339805825242718, 0.058252427184466014, 0.06310679611650485, 0.06796116504854369, 0.07281553398058252, 0.07766990291262135, 0.08252427184466019, 0.08737864077669902, 0.09223300970873785, 0.09708737864077668, 0.10194174757281553, 0.10679611650485436, 0.1116504854368932, 0.11650485436893203, 0.12135922330097086, 0.1262135922330097, 0.13106796116504854, 0.13592233009708737, 0.1407766990291262, 0.14563106796116504, 0.15048543689320387, 0.1553398058252427, 0.16019417475728154, 0.16504854368932037, 0.1699029126213592, 0.17475728155339804, 0.17961165048543687, 0.1844660194174757, 0.18932038834951453, 0.19417475728155337, 0.19902912621359223, 0.20388349514563106, 0.2087378640776699, 0.21359223300970873, 0.21844660194174756, 0.2233009708737864, 0.22815533980582522, 0.23300970873786406, 0.2378640776699029, 0.24271844660194172, 0.24757281553398056, 0.2524271844660194, 0.25728155339805825, 0.2621359223300971, 0.2669902912621359, 0.27184466019417475, 0.2766990291262136, 0.2815533980582524, 0.28640776699029125, 0.2912621359223301, 0.2961165048543689, 0.30097087378640774, 0.3058252427184466, 0.3106796116504854, 0.31553398058252424, 0.3203883495145631, 0.3252427184466019, 0.33009708737864074, 0.3349514563106796, 0.3398058252427184, 0.34466019417475724, 0.3495145631067961, 0.3543689320388349, 0.35922330097087374, 0.36407766990291257, 0.3689320388349514, 0.37378640776699024, 0.37864077669902907, 0.3834951456310679, 0.38834951456310673, 0.3932038834951456, 0.39805825242718446, 0.4029126213592233, 0.4077669902912621, 0.41262135922330095, 0.4174757281553398, 0.4223300970873786, 0.42718446601941745, 0.4320388349514563, 0.4368932038834951, 0.44174757281553395, 0.4466019417475728, 0.4514563106796116, 0.45631067961165045, 0.4611650485436893, 0.4660194174757281, 0.47087378640776695, 0.4757281553398058, 0.4805825242718446, 0.48543689320388345, 0.4902912621359223, 0.4951456310679611]","[99869.49903308818, 9085.103842080465, 9734.352676758403, 3251.6321084139313, 5707.464801055038, 7682.429694283598, 7833.028049712953, 8959.114036491517, 10604.154201162326, 7744.517867697133, 13535.940722935497, 14740.01247130959, 4812.113075690621, 6399.252792249318, 3888.13010774578, 2731.374149881583, 2381.0684271375853, 8072.106568643592, 4361.217727503734, 3771.450515252361, 2459.574148527834, 5088.144642505209, 6348.5485676476055, 2141.385133064148, 2992.9554762312123, 754.6184159134269, 5790.593380333641, 1745.8391965899693, 1496.537948770274, 1595.0835415815482, 1013.6016229204764, 1001.3325239863434, 143.2496213956595, 552.1719483126126, 381.5246983776874, 1142.8889739572235, 171.9275801002155, 629.2457024831125, 310.4012972223253, 719.2318936796119, 152.7384944486865, 225.52621915770666, 290.8138473491212, 359.68960692523905, 432.23012048927535, 694.5303868504935, 587.9538334540466, 230.92490923971988, 303.204033863108, 1839.5509858909597, 555.8542253095379, 397.6269207993741, 345.39160748839504, 228.78372934912394, 655.3004093879699, 1235.1949446215415, 984.3090207489238, 1102.0774669586754, 1228.6030656268556, 640.3169609409406, 370.4139840105529, 993.643335671464, 718.8849920489288, 380.78075745198004, 1401.2917867948302, 1000.9335596541652, 607.4403958981545, 1299.0022805274966, 266.76184552159464, 396.37095398053964, 806.9314477464125, 511.6419607240065, 495.4896066473697, 813.2403473758184, 83.69593953638216, 439.9532978193968, 913.4947971736436, 127.84564705310076, 228.24517152058982, 129.39774812748917, 276.6127301414348, 163.03164437887352, 133.79242680599148, 184.1988217146021, 147.71684241638505, 214.48435518767084, 234.4030673425102, 671.0475197130881, 216.98657651557863, 359.87050037548386, 495.73929189502866, 579.1203941548122, 521.6760405543172, 201.63787721516755, 335.7945590625369, 262.0853754813947, 642.7080840353215, 301.4479027920621, 229.80173859260697, 1330.4166814459595, 269.8592562727418, 1211.5538883852612, 476.8810374282671]",14,487.64935957298104,40.683955362313185,1021.4827817857661,"[4, 21, 37, 60, 75, 93, 108, 118, 130, 148, 159, 173, 185, 204]","[86.11503446557327, 672.2693974266222, 403.7180243071451, 598.7770659959413, 892.7698308596043, 624.9625878505044, 1021.4827817857661, 256.7702017217111, 486.0249725487081, 40.683955362313185, 729.4405415280762, 117.92704764906279, 780.9150466211618, 115.23454589954395]","[3, 9, 28, 28, 28, 87, 28, 113, 123, 145, 149, 172, 149, 197]","[9, 28, 47, 66, 103, 103, 149, 123, 149, 149, 174, 174, 197, 205]",61474722.5143277,1009.4319408193646,-1009.4319408193646,305579.766438784,0.07139405231999514,0.10576236376101726,0.4951456310679611,SWT,mdp.39015067403892,30738246.6743277,,0.0,-10.5,8.0,0.0,-10.5,,281.03194081936465,229.4493595729811,1146.6910340217355,229.449359572981,,305579.766438784,229.4493595729811,,,36.483955362313196,0.0,-15.0,293.0827817857661,281.03194081936465,,206.18748095498535,0.42604050915402886,,0.059557679783416084,0.163667222283386,0.030159035934633087,0.5925925925925928,0.35807603739459,,0.038687528077768686,0.10940860751127024,0.10940860751127024,0.1082790694808205,,0.9613169053805155,0.3729163798694084,0.39406344156649287,,,,,,0.49301523039057893,0.13,0.030303030303030304,0.31632571026155976,0.31632571026155976,1.9852079523362105,0.6372890292684583,56,0.8836267591969775,0.33683705770200917,83,0,0.30025404168800135,0.4950292971096139,69,0.0,0.29994326118958736,0.3970301753639525,81,12.473304828045105,0.8823273129429707,72.25,70.49232228298366,0.6003617696790325,64,db,0.9817779367705585,0.7465271631990054,0.08879729530090745,4,49.0,0.04377233359181023,0.8346530716176739,,0.07055938950793536,0.3329957330360789,0.005143195993541294,0.6000000000000002,0.05271135992151044,,0.024320201477566868,0.03662095535534804,0.03662095535534804,0.03621232422874865,,0.535589252696252,0.2789764408556354,0.0973883398170613,,,,,0.0,,0.11715558086707561,0.2627118644067796,0.1864406779661017,0.103200387418495,0.103200387418495,0.2627118644067796,1.0450873984499869,0.34296091939553147,151,0.7842713188095044,0.40338387275173343,193,29.698484809834994,0.8599128075007784,172.0,169.4360465116279,0.5242960263918985,169,0.9080317387829661,0.7281573716544635,0.1459305713555847,6,128.25,,,0.12063513764620892,0.0,0.13,0.6488178747278434,0.12063513764620898,1.0,False,False,0.9937604047057447,0.5861041305347153,0.0012164221607117167,0.4999860068534915,,0.13612683510336843,0.33657465512252993,4.443272136365334e-06,0.710188066567447,0.12063513764620892,0.0050075740433575214,,0.00021328962909595173,0.0005541293642669238,0.0005541293642669238,0.0005541293642605825,,0.5861041305347153,0.0017361582735725533,0.005302150161570989,0.001818542701680183,,,,,0.0,,9.626255557549981e-06,0.32558139534883723,0.255813953488372,0.0011793759268713233,0.0011793759268713233,0.32558139534883723,0.48038598465782384,0.1496277370859695,1011,0.7346586902664205,0.3566101639598726,2062,743.1692270270614,0.6527246602677284,1536.5,1356.7731858119103,0.46736700303106044,2079,1009.0473684210526,935.5,610.6543869996938,760,0.4758535102197843,0.8532293215616218,0.41093374637766444,5,1560.5
db23,1.0,antisymmetric,1.3785857461267763e-26,315.8530609044774,5743553.102929682,0.528,104.77861750839607,206,smoothed,8.279892413553984e-14,-2.1385075932300922e-10,6.498809033187605,100386.69464509632,0.9946846332987044,0.00014966566451320274,0.9999999999999999,362.40000000000003,,,,[],[],11,426.6,32.200000000000045,728.4000000000002,"[9, 31, 53, 64, 80, 102, 131, 148, 158, 175, 192]","[310.99999999999983, 417.8000000000001, 589.6, 432.19999999999993, 728.4000000000002, 371.0, 586.9999999999999, 32.200000000000045, 448.2000000000001, 368.00000000000017, 407.2000000000002]","[0, 0, 0, 60, 0, 94, 120, 144, 144, 165, 186]","[20, 40, 75, 75, 205, 120, 205, 149, 205, 186, 205]",30736475.84000001,728.4000000000002,-728.4000000000002,0.0,,,,DWT,mdp.39015067403892,1.4901161193847656e-08,,0.0,15.0,11.0,0.0,33.0,,2.2737367544323206e-13,168.4000000000001,987.7999999999984,168.40000000000006,,0.0,168.4000000000001,,,28.000000000000057,0.0,15.0,2.2737367544323206e-13,2.2737367544323206e-13,,5.684341886080802e-14,1.330607178413216e-13,3.555779703664409e-26,0.9648306182782683,0.525718561149543,0.39777445832898733,0.10254090222318199,0.5965524918250491,,0.9999996647593375,4.4059791007223055e-09,4.4059791007223055e-09,3.6787565615428943e-09,,6.125805465799743e-13,0.9999999955939887,1.5171946557926922e-13,,,,,,3.1786782849947497e-13,0.0,0.0,3.4954031196328703e-13,3.4954031196328703e-13,0.799999900972691,0.3007374869223825,730,1.3202822383255586,0.6702648633685131,83,0,0.16666663940381848,0.23713383959571474,729,0.0,0.3696310045435947,0.6521291316620949,75,375.5807724933036,0.6063094627952792,404.25,142.231672824818,0.5912836622152496,609,db,0.573477938514061,0.8443824841957417,0.34525069778143475,3,457.5,8.62700326334087e-14,0.9999999999705138,8.958908109248916e-27,0.9516465920957513,0.8487972595490776,0.0010420149590854065,0.08414736842105297,0.0058103683806294115,0.999999999723406,2.0315811924354055e-05,4.745454029730922e-11,4.745454029730922e-11,3.9622027880881205e-11,,6.125805465799743e-13,0.0031261328403480726,1.5171946557926922e-13,,,,,0.0,,1.4749084227875944e-13,0.0,0.0,2.847685247612971e-13,2.847685247612971e-13,1.0,0.2015691612046805,0.05751224468497592,1794,1.7318906871127477,0.8006273519620347,427,966.6149698820104,0.493388380564984,1110.5,689.8135974786131,0.45568265988416917,1729,0.49117026184683504,0.8233619396015222,0.4091722348267588,4,1297.75,,,,,,,,,,,,,5.79249612002096e-19,0.9999999999715831,8.958908109248916e-27,0.9649263634788341,0.2623936347827208,0.0015050950316403027,0.06365904478419726,0.9999999999999999,0.005810368380629411,0.9999999999999541,9.960751159770499e-05,3.8435400695480126e-14,3.8435400695480126e-14,3.2091408523615694e-14,,0.0,4.786380409530668e-19,0.00456704015061846,1.4108257588933865e-18,,,,,0.13043478260869565,,4.666576700876887e-21,0.7209302325581395,0.7209302325581395,9.54194168962319e-19,9.54194168962319e-19,1.0,0.3986733618839274,0.12417638082767558,1966,1.8386929482518681,0.8925186653821178,450,1071.973880278806,0.49907762603794115,1208.0,732.3675496688743,0.46729582236476497,2080,1009.0473684210526,935.5,610.6543869996938,760,0.4758535102197843,0.8532293215616218,0.41093374637766444,5,1561.25
db12,,,,5.9804524013421325,33933.60401202994,0.6990291262135923,30.581424086794673,206,smoothed,143.29641533637937,,7.192652168184459,90447.61084362335,1.0,7.735871654726658e-05,-0.20858619607653114,171.445291664703,0.04854368932038834,14740.017955979616,15.0,"[0.0, 0.0048543689320388345, 0.009708737864077669, 0.014563106796116504, 0.019417475728155338, 0.02427184466019417, 0.029126213592233007, 0.03398058252427184, 0.038834951456310676, 0.04368932038834951, 0.04854368932038834, 0.05339805825242718, 0.058252427184466014, 0.06310679611650485, 0.06796116504854369, 0.07281553398058252, 0.07766990291262135, 0.08252427184466019, 0.08737864077669902, 0.09223300970873785, 0.09708737864077668, 0.10194174757281553, 0.10679611650485436, 0.1116504854368932, 0.11650485436893203, 0.12135922330097086, 0.1262135922330097, 0.13106796116504854, 0.13592233009708737, 0.1407766990291262, 0.14563106796116504, 0.15048543689320387, 0.1553398058252427, 0.16019417475728154, 0.16504854368932037, 0.1699029126213592, 0.17475728155339804, 0.17961165048543687, 0.1844660194174757, 0.18932038834951453, 0.19417475728155337, 0.19902912621359223, 0.20388349514563106, 0.2087378640776699, 0.21359223300970873, 0.21844660194174756, 0.2233009708737864, 0.22815533980582522, 0.23300970873786406, 0.2378640776699029, 0.24271844660194172, 0.24757281553398056, 0.2524271844660194, 0.25728155339805825, 0.2621359223300971, 0.2669902912621359, 0.27184466019417475, 0.2766990291262136, 0.2815533980582524, 0.28640776699029125, 0.2912621359223301, 0.2961165048543689, 0.30097087378640774, 0.3058252427184466, 0.3106796116504854, 0.31553398058252424, 0.3203883495145631, 0.3252427184466019, 0.33009708737864074, 0.3349514563106796, 0.3398058252427184, 0.34466019417475724, 0.3495145631067961, 0.3543689320388349, 0.35922330097087374, 0.36407766990291257, 0.3689320388349514, 0.37378640776699024, 0.37864077669902907, 0.3834951456310679, 0.38834951456310673, 0.3932038834951456, 0.39805825242718446, 0.4029126213592233, 0.4077669902912621, 0.41262135922330095, 0.4174757281553398, 0.4223300970873786, 0.42718446601941745, 0.4320388349514563, 0.4368932038834951, 0.44174757281553395, 0.4466019417475728, 0.4514563106796116, 0.45631067961165045, 0.4611650485436893, 0.4660194174757281, 0.47087378640776695, 0.4757281553398058, 0.4805825242718446, 0.48543689320388345, 0.4902912621359223, 0.4951456310679611]","[99869.49903308817, 9085.103842080467, 9734.352676758397, 3251.632108413772, 5707.464801051867, 7682.4296943364925, 7833.028051147614, 8959.114052343142, 10604.15431358462, 7744.518219792026, 13535.942728216296, 14740.017955979616, 4812.11638016812, 6399.2571984243905, 3888.126257454311, 2731.353509058455, 2381.009256204091, 8071.61316631753, 4360.675672162416, 3770.640100665518, 2458.802451573092, 5086.283606228957, 6346.86954728397, 2141.7117401236815, 2996.2021447618754, 756.6665808264373, 5820.182554643579, 1759.9892543858102, 1513.263106978763, 1616.3886605836706, 1026.9976193222826, 1010.3142810194792, 143.09461162945092, 542.3784834216958, 366.1224020474739, 1065.4577210563295, 154.8889533314066, 546.6148364603117, 263.23126748020184, 619.4008732354804, 141.43920220688256, 230.97508263937112, 313.19455431529474, 380.7334530952813, 460.9556416546432, 841.1969613231056, 972.6695917422965, 530.5016014745997, 488.0525431713285, 1934.6297643812977, 477.1131264791315, 350.861630091109, 441.11688792992413, 782.812650284327, 538.9619098143587, 472.87033490622497, 292.4238150908235, 421.08830660287464, 756.076071651168, 549.9159355248865, 338.80171836755676, 919.8571758585158, 704.6634281756357, 404.7567684773238, 1577.7081670860007, 1140.0496887044521, 679.2045287385174, 1415.1480716195395, 283.5161270192406, 411.7088067354351, 821.0130238097403, 512.1957224368758, 491.0037506294398, 802.3500149550024, 82.56301778825369, 434.98092324850853, 906.0303324118016, 127.18901387977398, 227.6239883492683, 129.25722894187444, 276.5705343503295, 163.07475046367603, 133.841344739906, 184.25659638489225, 147.74857719986196, 214.5110101150736, 234.4173942036323, 671.0641952193461, 216.98821625713688, 359.8708567434313, 495.73895055586434, 579.1199964726292, 521.6758464417279, 201.63784734353786, 335.79454379605346, 262.08537270283665, 642.7080828981614, 301.44790273685027, 229.8017385910227, 1330.4166814466964, 269.8592562727583, 1211.5538883852594, 476.88103742826803]",13,511.80917550636354,75.72147654346125,1029.7530082870824,"[3, 16, 36, 61, 74, 89, 110, 120, 139, 154, 167, 184, 200]","[230.89610606432655, 606.1251120372975, 381.4907688165874, 765.8247374117856, 568.6754021866311, 1029.7530082870824, 456.5614566939118, 332.2210926441454, 750.6872801762302, 75.72147654346125, 704.8826675854416, 527.9835994736778, 222.6965736621479]","[0, 8, 27, 8, 69, 8, 105, 115, 131, 153, 156, 173, 194]","[8, 46, 46, 81, 81, 131, 131, 131, 194, 156, 194, 194, 204]",61463627.3776974,997.7615589641397,-997.7615589641397,304645.18489600194,0.07069484855361267,0.105213948496978,0.4951456310679611,SWT,mdp.39015067403892,30727151.537697405,,0.0,-15.5,9.0,0.0,7.0,,269.3615589641397,253.6091755063636,973.1192815827271,253.60917550636356,,304645.18489600194,253.6091755063636,,,71.52147654346126,0.0,-15.5,301.3530082870824,269.3615589641397,,190.95470833529697,0.3994838641493639,,0.027544260860028813,0.16138434895390613,0.027789650199158685,0.7407407407407408,0.3580760373945916,,0.12384610500352225,0.21193186110504475,0.21193186110504475,0.21093235342848843,,0.8001615013965399,0.2949721419305298,0.4313425545163925,,,,,,0.49066656000949926,0.030000000000000013,0.020202020202020193,0.26659561430155904,0.26659561430155904,2.1382551406438206,0.6864200505068346,36,0.9055667396891319,0.34520054194249644,81,0,0.33865995246266717,0.5583491808612308,52,0.0,0.3099646322027631,0.4102953064923145,77,21.299452262127932,0.7990617711120006,61.5,55.293495865655096,0.6094365459333588,60,db,0.9817779367705585,0.7465271631990054,0.08879729530090745,4,46.0,0.04104384580896606,0.8625081095381271,,0.0432828044432122,0.3318901687768424,0.0047391308487449435,0.7142857142857144,0.052711359921510714,,0.0778535713070888,0.07093726353389693,0.07093726353389693,0.07054318816471172,,0.47703353867143566,0.23672441856678172,0.10660145257274137,,,,,0.08333333333333331,,0.11659746455382763,0.17796610169491522,0.17796610169491528,0.08697608125891226,0.08697608125891226,0.559322033898305,1.1217281740569822,0.3681117258298506,130,0.7948362147671211,0.40881784508298186,191,43.1335136523794,0.7965400299416066,160.5,154.70404984423675,0.5197322791217467,174,0.9080317387829661,0.7281573716544635,0.1459305713555847,6,132.0,,,0.056718665003455127,0.25,0.48,0.7079794903208602,0.056718665003455015,1.0,False,False,0.9907210996398064,0.5843115965952805,0.0012156885463786276,0.5163097684464271,,0.13547694503129248,0.336489779617299,4.094195141942812e-06,0.7929914761196051,0.056718665003455127,0.0050075740433575214,,0.0006827805009428521,0.0007734218111768437,0.0007734218111768437,0.0007734218111705043,,0.5843115965952805,0.0016078939187696777,0.004499119747538731,0.0018698584424192766,,,,,0.04347826086956519,,9.62278090846603e-06,0.24806201550387597,0.24806201550387585,0.0011304001151635182,0.0011304001151635182,0.5968992248062015,0.5423168316382335,0.1689175848031061,985,0.7466778270894048,0.36244436480699826,2059,759.432682994352,0.6451249144886205,1522.0,1332.5328515111694,0.46695498060879626,2081,1009.0473684210526,935.5,610.6543869996938,760,0.4758535102197843,0.8532293215616218,0.41093374637766444,5,1562.0
coif8,,,,6.217206885953695,34926.55748419179,0.6747572815533981,28.62354039600424,206,smoothed,142.92929988972537,,7.193800175729227,90447.61084362336,1.0,7.660994990915293e-05,-0.12902878221174294,163.201190590816,0.04854368932038834,14740.012449535148,15.0,"[0.0, 0.0048543689320388345, 0.009708737864077669, 0.014563106796116504, 0.019417475728155338, 0.02427184466019417, 0.029126213592233007, 0.03398058252427184, 0.038834951456310676, 0.04368932038834951, 0.04854368932038834, 0.05339805825242718, 0.058252427184466014, 0.06310679611650485, 0.06796116504854369, 0.07281553398058252, 0.07766990291262135, 0.08252427184466019, 0.08737864077669902, 0.09223300970873785, 0.09708737864077668, 0.10194174757281553, 0.10679611650485436, 0.1116504854368932, 0.11650485436893203, 0.12135922330097086, 0.1262135922330097, 0.13106796116504854, 0.13592233009708737, 0.1407766990291262, 0.14563106796116504, 0.15048543689320387, 0.1553398058252427, 0.16019417475728154, 0.16504854368932037, 0.1699029126213592, 0.17475728155339804, 0.17961165048543687, 0.1844660194174757, 0.18932038834951453, 0.19417475728155337, 0.19902912621359223, 0.20388349514563106, 0.2087378640776699, 0.21359223300970873, 0.21844660194174756, 0.2233009708737864, 0.22815533980582522, 0.23300970873786406, 0.2378640776699029, 0.24271844660194172, 0.24757281553398056, 0.2524271844660194, 0.25728155339805825, 0.2621359223300971, 0.2669902912621359, 0.27184466019417475, 0.2766990291262136, 0.2815533980582524, 0.28640776699029125, 0.2912621359223301, 0.2961165048543689, 0.30097087378640774, 0.3058252427184466, 0.3106796116504854, 0.31553398058252424, 0.3203883495145631, 0.3252427184466019, 0.33009708737864074, 0.3349514563106796, 0.3398058252427184, 0.34466019417475724, 0.3495145631067961, 0.3543689320388349, 0.35922330097087374, 0.36407766990291257, 0.3689320388349514, 0.37378640776699024, 0.37864077669902907, 0.3834951456310679, 0.38834951456310673, 0.3932038834951456, 0.39805825242718446, 0.4029126213592233, 0.4077669902912621, 0.41262135922330095, 0.4174757281553398, 0.4223300970873786, 0.42718446601941745, 0.4320388349514563, 0.4368932038834951, 0.44174757281553395, 0.4466019417475728, 0.4514563106796116, 0.45631067961165045, 0.4611650485436893, 0.4660194174757281, 0.47087378640776695, 0.4757281553398058, 0.4805825242718446, 0.48543689320388345, 0.4902912621359223, 0.4951456310679611]","[99869.49903308818, 9085.103842080467, 9734.352676758404, 3251.6321084139317, 5707.464801055035, 7682.429694283687, 7833.028049715127, 8959.114036521754, 10604.154201411717, 7744.517868405874, 13535.940723966482, 14740.012449535148, 4812.1130209399125, 6399.252471824626, 3888.129498251191, 2731.373175481253, 2381.0672085990623, 8072.106942485423, 4361.231177188827, 3771.495130778263, 2459.648014363192, 5088.439563637944, 6349.0815644675495, 2141.540624782619, 2992.8242367565927, 754.3483728512718, 5785.122002065198, 1742.7396323744329, 1492.6591435199375, 1590.5960560773055, 1011.9963056513794, 1003.298018476817, 144.44379489820193, 561.7774537256565, 392.1244166351855, 1183.193421909997, 177.27910183699493, 633.0608235098778, 298.5160399451187, 658.2187581991922, 135.07388550006416, 195.05277790920377, 241.21078433926596, 286.5707979804743, 361.6533869691558, 709.8545077381275, 885.7533281884142, 515.5699257818235, 497.5478903897464, 2027.261963890195, 502.0050966749987, 360.15628808961424, 424.69929334813696, 666.9773461847437, 385.2065194753991, 374.55496189659164, 382.0988291903773, 675.5543040202147, 1191.578893130995, 803.1043705780296, 452.98977149071857, 1123.8137614743723, 788.1048050617156, 416.8943219021457, 1514.637436514161, 1039.9669168362575, 603.6615386910496, 1257.6221676642917, 257.113009808305, 385.0762361249039, 792.6258971841025, 507.3353125982012, 494.5148516194112, 814.5261125938516, 83.93071834877114, 441.0906269955421, 915.113757802088, 127.96633159369001, 228.3268207405253, 129.4034218977544, 276.5926430932444, 163.01795579439548, 133.78467142474173, 184.19328969658957, 147.7150949342043, 214.48369373114593, 234.40305648664872, 671.0478631290213, 216.98665392412863, 359.87055678797185, 495.73931671778837, 579.1204007438589, 521.676041324956, 201.63787719980832, 335.79455903180843, 262.08537547522667, 642.7080840331535, 301.44790279197724, 229.80173859260182, 1330.416681445958, 269.8592562727433, 1211.5538883852616, 476.88103742826644]",14,472.6071212528485,31.115130667485346,984.1121853175764,"[1, 16, 32, 60, 71, 87, 97, 109, 128, 138, 154, 166, 183, 199]","[31.115130667485346, 625.7493094169815, 421.92729357602923, 984.1121853175764, 632.9766171009073, 786.9210597067364, 297.6511504910617, 458.9188089332495, 76.33751372948124, 729.7396921508083, 80.18055475922148, 642.4213311079469, 518.1222217902823, 330.32682879211166]","[0, 5, 26, 5, 66, 80, 92, 101, 127, 127, 152, 152, 177, 127]","[5, 45, 45, 127, 80, 127, 101, 127, 129, 194, 155, 194, 194, 204]",61468436.25431846,965.0085132138736,-965.0085132138736,305081.9420631318,0.07102033394325814,0.10546385403636979,0.4951456310679611,SWT,mdp.39015067403892,30731960.414318465,,0.0,-15.0,8.0,0.0,-10.5,,236.6085132138736,214.40712125284858,936.0996975398803,214.4071212528485,,305081.9420631318,214.40712125284858,,,26.915130667485357,0.0,-15.0,255.71218531757643,236.6085132138736,,199.19880940918398,0.2867394440443664,,0.058761686672520685,0.16468180109544772,0.029561460440610504,0.5555555555555558,0.3580760373945932,,0.01543053196635466,0.04557620008874286,0.04557620008874286,0.04436570334662482,,0.8873801235224813,0.27834810474424915,0.22561065656465198,,,,,,0.49168452548955555,0.04000000000000001,0.030303030303030304,0.12702759259078755,0.12702759259078755,1.6659225091097205,0.5347924067187121,71,0.8383257546954922,0.3195683897849206,87,0,0.2320314477792333,0.38255060233572213,93,0.0,0.282751769729278,0.3742740686183496,86,9.358596760910972,0.9117113513121606,84.25,83.40395725947057,0.5584500152787218,76,coif,1.0,0.7144143715238808,0.08567568854283576,5,58.25,0.02946023753366251,0.853961039111127,,0.06988117473018127,0.33348707964664603,0.005041287965268898,0.5714285714285716,0.052711359921510936,,0.009700119521035708,0.015255143326308507,0.015255143326308507,0.01483744958215616,,0.5087243698107561,0.22771285840147149,0.05575713189867473,,,,,0.0,,0.11683936445826701,0.18644067796610164,0.1864406779661017,0.04144240048451439,0.04144240048451439,0.2627118644067796,0.9285282676187163,0.3047103130509085,169,0.7734000031425051,0.3977922958184886,194,17.67766952966369,0.9166147663695109,181.5,180.63911845730027,0.5302413454489063,164,1.0,0.7220099692676862,0.08339700921969413,7,124.75,,,0.1188118974124226,0.0,0.13,0.6898262752187072,0.11881189741242254,1.0,False,False,0.9921414553924901,0.585149299898345,0.0012125740369008553,0.5113009675118596,,0.13611067600391558,0.33661237639604885,4.355232500492107e-06,0.6894872141794075,0.1188118974124226,0.005007574043357523,,8.50706313735315e-05,0.000417594828684384,0.000417594828684384,0.0004175948286780421,,0.585149299898345,0.001677311636185422,0.004327848492374816,0.0015866627357177402,,,,,0.0,,9.624286897919153e-06,0.2558139534883721,0.255813953488372,0.00099294899990254,0.00099294899990254,0.32558139534883723,0.47196790941722383,0.1470057256428846,1017,0.7290515081353273,0.3538883855808584,2065,741.0479066835018,0.6537159314563076,1541.0,1362.8195976638547,0.4668112367561912,2082,986.6382352941176,846.0,585.0035688138154,340,0.4652856568234462,0.8173890317607586,0.42908333069536003,4,1562.5
bior3.3,1.0,zero,1.956026567557939e-27,324.33365124987716,5138716.280726647,0.5330188679245284,59.494232157422196,206,smoothed,2.599430918627212e-14,-2.04415062654562e-10,6.138845766175449,37840.75285033181,0.9934102155189892,0.00014966566451320274,1.0,362.40000000000003,,,,[],[],11,426.59999999999997,32.20000000000002,728.4,"[9, 31, 53, 64, 80, 102, 131, 148, 158, 175, 192]","[311.0, 417.8, 589.6000000000001, 432.20000000000005, 728.4, 371.0000000000001, 587.0, 32.20000000000002, 448.2, 368.0, 407.19999999999993]","[0, 0, 0, 60, 0, 94, 120, 144, 144, 165, 186]","[20, 40, 75, 75, 204, 120, 204, 149, 204, 186, 204]",30736475.839999996,728.4,-728.4,0.0,,,,DWT,mdp.39015067403892,0.0,,0.0,15.0,11.0,0.0,33.0,,0.0,168.40000000000003,987.7999999999993,168.40000000000003,,0.0,168.40000000000003,,,28.00000000000003,0.0,15.0,0.0,0.0,,5.684341886080802e-14,8.268935554917017e-15,9.3661804826053e-28,0.9970518825515339,0.006506082728580276,0.13820578866852848,0.13701542258368044,0.07786941223342231,,0.9999996647345563,4.4059199552998455e-09,4.4059199552998455e-09,3.6787269888316428e-09,,6.125805465799743e-13,0.9999999955940747,0.0,,,,,,0.0,0.0,0.0,0.0,0.0,0.7999999009648806,0.3007374869194464,791,0.7565409991563181,0.38407155281835287,651,0,0.16666663940165086,0.23713383959263062,791,0.0,0.19380694125225056,0.34192789770158616,655,79.69107018146178,0.9164663834575872,722.0,715.4021409906164,0.5798264831334058,655,bior,0.8100315533562081,0.7923003667562746,0.1952878026237719,6,492.75,1.449641614959764e-14,0.9999999999705138,5.873364438874006e-28,0.982941890381922,0.7244480082287594,0.000362045617081061,0.11243793445878897,0.0007584411713294193,0.9999999997235481,2.0315811923854454e-05,4.745387416349445e-11,4.745387416349445e-11,3.962169481397382e-11,,6.125805465799743e-13,0.0031261328403482946,0.0,,,,,0.0,,0.0,0.0,0.0,0.0,0.0,1.0,0.20156916120441642,0.05751224468490058,1827,1.6974487112846985,0.7847053378830039,767,749.5331880577404,0.6071628993408069,1297.0,1080.4232845026986,0.46369675365363194,1695,0.5943810304597339,0.7715092316736338,0.3524805091760961,5,1272.5,,,,,,,,,,,,,9.733441814908435e-20,0.9999999999715831,5.873364438874006e-28,0.9876267265863157,0.22395282731147362,0.0013460895889406861,0.08506138266070706,1.0,0.0007584411713294193,0.9999999999999541,9.960751159770467e-05,3.8434858594393884e-14,3.8434858594393884e-14,3.20911916831812e-14,,0.0,4.786380409530668e-19,0.004567040150618464,0.0,,,,,0.13043478260869565,,0.0,0.7209302325581395,0.7209302325581395,0.0,0.0,1.0,0.3986733618839274,0.12417638082767558,1965,1.839553423926268,0.8929363482808527,433,1083.287588777791,0.4937908463655183,1199.0,709.6288573811511,0.4667552362668713,2083,1104.4,1082.5,563.6960149978129,300,0.520820561188399,0.7876173146100969,0.3991404127850916,6,1563.75
coif17,1.0,smooth,2.6615339787033016e-26,312.99607859243605,4960938.607894993,0.5686274509803921,29.267993912989358,206,smoothed,1.164634731696106e-13,-2.1837029962057438e-10,6.195697683314407,47186.654985689274,0.9923845050619409,0.00014966566451320252,0.9999999999999996,362.40000000000015,,,,[],[],11,426.60000000000014,32.19999999999993,728.4000000000005,"[9, 31, 53, 64, 80, 102, 131, 148, 158, 175, 192]","[311.0000000000002, 417.8000000000002, 589.6000000000001, 432.20000000000016, 728.4000000000005, 371.00000000000034, 587.0000000000001, 32.19999999999993, 448.1999999999999, 368.0000000000002, 407.19999999999976]","[0, 0, 0, 60, 0, 94, 120, 144, 144, 165, 186]","[20, 40, 75, 75, 205, 120, 205, 149, 205, 186, 205]",30736475.84000001,728.4000000000005,-728.4000000000005,0.0,,,,DWT,mdp.39015067403892,1.4901161193847656e-08,,0.0,15.0,11.0,0.0,33.0,,5.684341886080801e-13,168.4000000000002,987.7999999999975,168.40000000000015,,0.0,168.4000000000002,,,27.999999999999943,0.0,15.0,5.684341886080801e-13,5.684341886080801e-13,,1.7053025658242404e-13,2.070170165959513e-13,7.310455555918545e-26,0.9539757628553479,0.08850951892837611,0.06191163404982328,0.38161018778329386,0.1553734222783225,,0.9999996646602125,4.406097391567225e-09,4.406097391567225e-09,3.6788452796766485e-09,,1.837741639739923e-12,0.9999999955939026,3.7929866394817307e-13,,,,,,3.1786782849947497e-13,0.0,0.0,8.738507799082175e-13,8.738507799082175e-13,0.799999900943944,0.30073748691157587,858,0.862389478227017,0.4378074240605991,319,0,0.16666663939578646,0.23713383958428674,858,0.0,0.23448293227076727,0.4136913547069142,293,318.87406082443687,0.6657504603517433,582.0,450.5129615325197,0.5278437836349912,804,coif,0.5556920286951962,0.9053407607371553,0.33941335169221604,4,604.0,1.2880577437956402e-13,0.9999999999705123,1.8037899320927283e-26,0.9411036805751934,0.7440874936435737,0.0001621844929218172,0.31315789473684214,0.0015133233577388251,0.9999999997233379,2.0315811922300142e-05,4.745570603148508e-11,4.745570603148508e-11,3.9622916059300906e-11,,1.837741639739923e-12,0.003126132840347795,3.7929866394817307e-13,,,,,0.0,,1.4749084227875944e-13,0.0,0.0,7.119213119032428e-13,7.119213119032428e-13,1.0,0.20156916120557794,0.057512244685231986,1721,1.7626555345317236,0.8148494841704096,150,1110.8647532440662,0.4177857687400073,935.5,275.94869053981824,0.46374089275574787,1694,0.4784248188775415,0.776734912893196,0.43208215291776214,2,1271.0,,,,,,,,,,,,,8.648506619910382e-19,0.9999999999715816,1.8037899320927283e-26,0.9572789553110559,0.23002409569185578,0.0012993536487118094,0.2369097551075633,0.9999999999999997,0.0015133233577388251,0.9999999999999541,9.960751159770347e-05,3.843648489765261e-14,3.843648489765261e-14,3.209227588535368e-14,,0.0,1.4359141228592004e-18,0.004567040150618456,3.5270643972334666e-18,,,,,0.13043478260869565,,4.666576700876887e-21,0.7209302325581395,0.7209302325581395,2.3854854224057974e-18,2.3854854224057974e-18,1.0,0.3986733618839274,0.12417638082767558,1902,1.8853983292344942,0.915189891885928,64,1299.6622638208744,0.3926811851304325,983.0,123.83316378433368,0.4666676953689545,2084,986.6382352941176,846.0,585.0035688138154,340,0.4652856568234462,0.8173890317607586,0.42908333069536003,4,1564.0
rbio3.7,1.0,zero,2.948154142994279e-27,322.55189687561545,4838756.809717204,0.5454545454545454,102.16012833207478,206,smoothed,3.685293709896516e-14,-2.050122294150474e-10,6.255291335128074,34544.037169742136,0.9703221268798848,0.00014966566451320274,0.9999999999999999,362.40000000000003,,,,[],[],11,426.59999999999997,32.20000000000002,728.4,"[9, 31, 53, 64, 80, 102, 131, 148, 158, 175, 192]","[310.9999999999999, 417.79999999999995, 589.6000000000001, 432.20000000000005, 728.4, 371.0, 587.0000000000001, 32.20000000000002, 448.2, 368.0, 407.2000000000001]","[0, 0, 0, 60, 0, 94, 120, 144, 144, 165, 186]","[20, 40, 75, 75, 205, 120, 205, 149, 205, 186, 205]",30736475.839999996,728.4,-728.4,0.0,,,,DWT,mdp.39015067403892,0.0,,0.0,15.0,11.0,0.0,33.0,,0.0,168.40000000000003,987.7999999999993,168.40000000000003,,0.0,168.40000000000003,,,28.00000000000003,0.0,15.0,0.0,0.0,,5.684341886080802e-14,3.2123820085339036e-14,3.840178266247792e-27,0.9902822620151198,0.17446764435922818,0.009476719961399503,0.22243588485764182,0.05053029809301629,,0.9999996647345563,4.4059199552998455e-09,4.4059199552998455e-09,3.6787269888316428e-09,,6.125805465799743e-13,0.9999999955940747,0.0,,,,,,0.0,0.0,0.0,0.0,0.0,0.7999999009648806,0.3007374869194464,794,0.7953280125496586,0.4037624730457819,514,0,0.16666663940165086,0.23713383959263062,787,0.0,0.20674182989806258,0.3647485420659699,529,155.4541733116226,0.8370501327970413,656.0,628.340184318288,0.5747095527716863,666,rbio,0.7685897546424816,0.816051598246696,0.21717169227625407,5,500.75,2.8216480902119705e-14,0.9999999999705138,1.2894316110603302e-27,0.976366813371457,0.7646741108503317,2.4825334447880435e-05,0.18253588516746408,0.0004921606234603482,0.9999999997235391,2.0315811923854454e-05,4.745387416349445e-11,4.745387416349445e-11,3.962169481397382e-11,,6.125805465799743e-13,0.0031261328403482946,0.0,,,,,0.0,,0.0,0.0,0.0,0.0,0.0,1.0,0.20156916120441642,0.05751224468490058,1833,1.741380774312212,0.8050144783788079,322,1068.4383463728734,0.44002183104147097,1077.5,547.7735498839908,0.437647183864551,1812,0.3888041033402703,1.0,0.4278371276618108,3,1359.75,,,,,,,,,,,,,1.8945611953191624e-19,0.9999999999715831,1.2894316110603302e-27,0.9828574275615108,0.23638815643308797,0.0012672332979065586,0.1380917823889005,0.9999999999999999,0.0004921606234603482,0.9999999999999541,9.960751159770467e-05,3.8434858594393884e-14,3.8434858594393884e-14,3.20911916831812e-14,,0.0,4.786380409530668e-19,0.004567040150618464,0.0,,,,,0.13043478260869565,,0.0,0.7209302325581395,0.7209302325581395,0.0,0.0,1.0,0.3986733618839274,0.12417638082767558,1920,1.8639757285988048,0.9047911622086549,164,1241.6795077635775,0.41977593095159926,1042.0,302.1880998080614,0.46643002155056595,2085,818.67,599.5,715.6978453131971,300,0.38607403914171184,1.0,0.42974817260080167,3,1564.5
coif2,1.0,constant,4.730959684328948e-27,320.4979062709512,4962372.414961755,0.5462962962962963,79.37821480144704,206,smoothed,4.3943274046522703e-14,-2.0989530113979574e-10,6.193907524418819,35409.95371742113,0.985771154783738,0.00014966566451320268,0.9999999999999999,362.40000000000003,,,,[],[],11,426.59999999999997,32.19999999999999,728.4,"[9, 31, 53, 64, 80, 102, 131, 148, 158, 175, 192]","[311.00000000000006, 417.8, 589.6, 432.20000000000005, 728.4, 371.00000000000017, 587.0, 32.19999999999999, 448.2, 368.0, 407.20000000000005]","[0, 0, 0, 60, 0, 94, 120, 144, 144, 165, 186]","[20, 40, 75, 75, 204, 120, 204, 149, 204, 186, 204]",30736475.839999996,728.4,-728.4,0.0,,,,DWT,mdp.39015067403892,0.0,,0.0,15.0,11.0,0.0,33.0,,0.0,168.40000000000003,987.7999999999993,168.40000000000006,,0.0,168.40000000000003,,,28.0,0.0,15.0,0.0,0.0,,5.684341886080802e-14,4.7700297198810913e-14,9.057736344854728e-27,0.9824783036357847,0.08592738646619302,0.062526959339566,0.2282178573998131,0.05771119982271229,,0.999999664709775,4.4059199552998455e-09,4.4059199552998455e-09,3.6787565615428943e-09,,6.125805465799743e-13,0.9999999955940747,0.0,,,,,,0.0,0.0,0.0,0.0,0.0,0.799999900957455,0.300737486916655,828,0.7780857779733747,0.3950091446535908,582,0,0.16666663939958823,0.23713383958969592,830,0.0,0.20240881523773102,0.35710393148626435,570,146.15402833996743,0.8467987124319,702.5,679.6770713292004,0.5552127734067256,730,coif,0.5556920286951962,0.9053407607371553,0.33941335169221604,4,548.5,3.71752446446341e-14,0.9999999999705134,2.5510628624945915e-27,0.9687871230395418,0.7434690835478479,0.00016379640676693688,0.18728070175438605,0.0005621019696560306,0.9999999997234655,2.0315811923354854e-05,4.745387416349445e-11,4.745387416349445e-11,3.9622027880881205e-11,,6.125805465799743e-13,0.0031261328403482946,0.0,,,,,0.0,,0.0,0.0,0.0,0.0,0.0,1.0,0.2015691612044164,0.05751224468490057,1845,1.7282258351712005,0.7989331453200523,463,977.2215715998087,0.48782936498961804,1154.0,740.238301559792,0.44150378102730375,1798,0.4784248188775415,0.776734912893196,0.43208215291776214,2,1349.0,,,,,,,,,,,,,2.496086460056374e-19,0.9999999999715827,2.5510628624945915e-27,0.9773594220399346,0.22983292298131944,0.0012997305819920384,0.14168132413295456,0.9999999999999999,0.000562101969656031,0.9999999999999541,9.960751159770423e-05,3.8434858594393884e-14,3.8434858594393884e-14,3.2091408523615694e-14,,0.0,4.786380409530668e-19,0.004567040150618464,0.0,,,,,0.13043478260869565,,0.0,0.7209302325581395,0.7209302325581395,0.0,0.0,1.0,0.3986733618839274,0.12417638082767558,1929,1.8588793504381171,0.9023173328297016,209,1216.2236636408618,0.4316711852145506,1069.0,377.13844714686627,0.4660692374670884,2086,986.6382352941176,846.0,585.0035688138154,340,0.4652856568234462,0.8173890317607586,0.42908333069536003,4,1565.5
db21,1.0,periodic,1.0852768757546496e-26,316.89199324750075,5482299.072157622,0.5365853658536586,115.48050659560464,206,smoothed,6.809197219015944e-14,-2.0185855209575772e-10,6.44656757565193,31580.044125405813,0.9780244870488716,0.00014966566451320274,0.9999999999999999,362.4000000000001,,,,[],[],11,426.59999999999997,32.20000000000002,728.3999999999999,"[9, 31, 53, 64, 80, 102, 131, 148, 158, 175, 192]","[310.9999999999999, 417.79999999999995, 589.6, 432.19999999999993, 728.3999999999999, 371.00000000000034, 586.9999999999999, 32.20000000000002, 448.1999999999999, 367.9999999999999, 407.1999999999997]","[0, 0, 0, 60, 0, 94, 120, 144, 144, 165, 186]","[20, 40, 75, 75, 205, 120, 205, 149, 205, 186, 205]",30736475.839999996,728.3999999999999,-728.3999999999999,0.0,,,,DWT,mdp.39015067403892,0.0,,0.0,15.0,11.0,0.0,33.0,,1.1368683772161603e-13,168.40000000000003,987.7999999999993,168.39999999999998,,0.0,168.40000000000003,,,28.00000000000003,0.0,15.0,1.1368683772161603e-13,1.1368683772161603e-13,,1.1368683772161603e-13,1.007516044549596e-13,2.697382065416388e-26,0.9687779512142068,0.45036527060807885,0.2856560179140417,0.16151363758403445,0.025950397367095607,,0.9999996647345563,4.4059199552998455e-09,4.4059199552998455e-09,3.67866784340914e-09,,1.2251610931599486e-12,0.9999999955940747,7.585973278963461e-14,,,,,,0.0,0.0,0.0,1.7477015598164352e-13,1.7477015598164352e-13,0.799999900965277,0.3007374869195954,780,1.0242630289700665,0.5199854237505506,192,0,0.16666663940173246,0.23713383959274673,780,0.0,0.27032332495536554,0.4769235075093964,203,336.33651303419316,0.6474460031088122,488.75,314.99673619097945,0.5675647206319743,694,db,0.573477938514061,0.8443824841957417,0.34525069778143475,3,521.25,6.768754370154456e-14,0.9999999999705138,6.88326032487348e-27,0.9554804876442733,0.8307504566450911,0.0007483080866218325,0.13254172015404403,0.00025275456961926625,0.9999999997235868,2.0315811923854454e-05,4.745387416349445e-11,4.745387416349445e-11,3.962102868015904e-11,,1.2251610931599486e-12,0.0031261328403482946,7.585973278963461e-14,,,,,0.0,,0.0,0.0,0.0,1.4238426238064856e-13,1.4238426238064856e-13,1.0,0.2015691612048174,0.057512244685014986,1770,1.7421554647224948,0.8053726062539621,313,1030.2545801887998,0.4600342871127884,1041.5,531.9347095535286,0.4570873741643606,1724,0.49117026184683504,0.8233619396015222,0.4091722348267588,4,1294.0,,,,,,,,,,,,,4.544797565233681e-19,0.9999999999715831,6.88326032487348e-27,0.9677073186329207,0.2568147216124544,0.0014364140067836084,0.10027026937838074,0.9999999999999999,0.00025275456961926625,0.9999999999999541,9.960751159770467e-05,3.8434858594393884e-14,3.8434858594393884e-14,3.2090649582094954e-14,,0.0,9.572760819061336e-19,0.004567040150618464,7.054128794466933e-19,,,,,0.13043478260869565,,0.0,0.7209302325581395,0.7209302325581395,4.770970844811595e-19,4.770970844811595e-19,1.0,0.3986733618839274,0.12417638082767558,1941,1.8499591685600278,0.8979873935473612,267,1183.6967517062806,0.44687067677276604,1104.0,469.4266304347826,0.4654914131527382,2087,1009.0473684210526,935.5,610.6543869996938,760,0.4758535102197843,0.8532293215616218,0.41093374637766444,5,1566.5
rbio3.5,1.0,periodic,3.0261968033495114e-27,322.43842706067704,4874867.889418492,0.5462962962962963,136.00378195072605,206,smoothed,3.5540071425185134e-14,-2.0385573229475583e-10,6.296373294681577,30722.378365975146,0.9617390409214284,0.0001496656645132027,0.9999999999999999,362.40000000000003,,,,[],[],11,426.59999999999997,32.200000000000045,728.4,"[9, 31, 53, 64, 80, 102, 131, 148, 158, 175, 192]","[310.9999999999999, 417.8, 589.6, 432.19999999999993, 728.4, 371.0000000000001, 587.0000000000001, 32.200000000000045, 448.2, 367.9999999999999, 407.20000000000005]","[0, 0, 0, 60, 0, 94, 120, 144, 144, 165, 186]","[20, 40, 75, 75, 204, 120, 204, 149, 204, 186, 204]",30736475.839999996,728.4,-728.4,0.0,,,,DWT,mdp.39015067403892,0.0,,0.0,15.0,11.0,0.0,33.0,,0.0,168.40000000000003,987.7999999999993,168.4,,0.0,168.40000000000003,,,28.000000000000057,0.0,15.0,0.0,0.0,,5.684341886080802e-14,2.9239638096252907e-14,4.068577888961317e-27,0.9898511433376149,0.23372442968405827,0.024973965787017514,0.2282178573998131,0.01883791805034756,,0.9999996647593375,4.4059199552998455e-09,4.4059199552998455e-09,3.6786974161203912e-09,,6.125805465799743e-13,0.9999999955940747,0.0,,,,,,0.0,0.0,0.0,0.0,0.0,0.799999900972306,0.3007374869222378,752,0.8220821939181799,0.4173447111453045,437,0,0.16666663940371348,0.23713383959556533,750,0.0,0.21365790203698298,0.37695036513553504,455,176.24698578982847,0.8152547318764901,598.5,559.4990693782236,0.5939481206552262,603,rbio,0.7685897546424816,0.816051598246696,0.21717169227625407,5,453.5,2.6557652346573577e-14,0.9999999999705136,1.3446597652063625e-27,0.975948084066026,0.7788658670138213,6.542211394638215e-05,0.18728070175438605,0.00018347965165943416,0.9999999997235566,2.0315811924354055e-05,4.745387416349445e-11,4.745387416349445e-11,3.962136174706643e-11,,6.125805465799743e-13,0.0031261328403482946,0.0,,,,,0.0,,0.0,0.0,0.0,0.0,0.0,1.0,0.20156916120441648,0.05751224468490059,1820,1.7500201674465021,0.8090083415591666,242,1115.814500712372,0.41519156147150316,1031.0,427.1968962172648,0.43741758367076206,1813,0.3888041033402703,1.0,0.4278371276618108,3,1360.5,,,,,,,,,,,,,1.7831811751838752e-19,0.999999999971583,1.3446597652063625e-27,0.9825536979983635,0.24077533657745648,0.0012767265331122964,0.14168132413295456,0.9999999999999999,0.0001834796516594346,0.9999999999999541,9.960751159770499e-05,3.8434858594393884e-14,3.8434858594393884e-14,3.209086642252945e-14,,0.0,4.786380409530668e-19,0.004567040150618464,0.0,,,,,0.13043478260869565,,0.0,0.7209302325581395,0.7209302325581395,0.0,0.0,1.0,0.3986733618839274,0.12417638082767558,1919,1.8673041718596044,0.906406819537277,136,1260.7713908556143,0.4108544902543858,1027.5,253.99902676399026,0.46535715166924896,2088,818.67,599.5,715.6978453131971,300,0.38607403914171184,1.0,0.42974817260080167,3,1566.75
db15,1.0,antisymmetric,6.811162914865536e-27,318.9151860603466,5376353.206263498,0.5427350427350427,106.14292811036806,206,smoothed,5.651574138557885e-14,-1.991402154288838e-10,6.3859988427101335,76944.66822289872,0.9928509122954348,0.00014966566451320268,1.0,362.40000000000003,,,,[],[],11,426.59999999999997,32.200000000000074,728.3999999999999,"[9, 31, 53, 64, 80, 102, 131, 148, 158, 175, 192]","[310.99999999999994, 417.7999999999999, 589.6000000000001, 432.19999999999993, 728.3999999999999, 370.99999999999994, 587.0, 32.200000000000074, 448.19999999999993, 368.0000000000001, 407.20000000000016]","[0, 0, 0, 60, 0, 94, 120, 144, 144, 165, 186]","[20, 40, 75, 75, 204, 120, 204, 149, 204, 186, 204]",30736475.83999999,728.3999999999999,-728.3999999999999,0.0,,,,DWT,mdp.39015067403892,7.450580596923828e-09,,0.0,15.0,11.0,0.0,33.0,,1.1368683772161603e-13,168.40000000000003,987.7999999999993,168.40000000000003,,0.0,168.40000000000003,,,28.000000000000085,0.0,15.0,1.1368683772161603e-13,1.1368683772161603e-13,,5.684341886080802e-14,7.53202468873996e-14,1.514565839747807e-26,0.9764648960663233,0.36300068419747344,0.24018883328398338,0.2037556658752428,0.4021516704826879,,0.9999996647841187,4.4059199552998455e-09,4.4059199552998455e-09,3.6787269888316428e-09,,6.125805465799743e-13,0.9999999955940747,7.585973278963461e-14,,,,,,1.5893391424973748e-13,0.0,0.0,1.7477015598164352e-13,1.7477015598164352e-13,0.7999999009799367,0.3007374869251063,704,1.1298366309237173,0.573581748714014,147,0,0.16666663940582976,0.2371338395985764,706,0.0,0.3122231071293981,0.5508460633288721,144,323.03082928207743,0.6613932607106107,425.25,241.19559683060717,0.6078192718647393,550,db,0.573477938514061,0.8443824841957417,0.34525069778143475,3,413.25,5.306077524552921e-14,0.9999999999705134,4.0231524113158934e-27,0.9629465271520999,0.809826997823171,0.0006292016796115705,0.16720647773279348,0.00391692161613697,0.9999999997236277,2.0315811924853655e-05,4.745387416349445e-11,4.745387416349445e-11,3.962169481397382e-11,,6.125805465799743e-13,0.0031261328403482946,7.585973278963461e-14,,,,,0.0,,7.374542113937972e-14,0.0,0.0,1.4238426238064856e-13,1.4238426238064856e-13,1.0,0.20156916120454849,0.057512244684938256,1808,1.7514453756628448,0.8096671941580839,233,1113.6931803688124,0.41630336458657635,1020.5,412.8015678588927,0.4407250575553427,1801,0.49117026184683504,0.8233619396015222,0.4091722348267588,4,1351.75,,,,,,,,,,,,,3.5627010371154884e-19,0.9999999999715827,4.0231524113158934e-27,0.9731228863726078,0.2503465310631272,0.0014085619172773342,0.12649480136964916,1.0,0.00391692161613697,0.9999999999999541,9.960751159770543e-05,3.8434858594393884e-14,3.8434858594393884e-14,3.20911916831812e-14,,0.0,4.786380409530668e-19,0.004567040150618464,7.054128794466933e-19,,,,,0.13043478260869565,,2.3332883504384434e-21,0.7209302325581395,0.7209302325581395,4.770970844811595e-19,4.770970844811595e-19,1.0,0.3986733618839274,0.12417638082767558,1927,1.861915967499538,0.9037913350058195,181,1234.608439951712,0.42308016824686356,1054.0,330.91745730550286,0.4652784018804411,2089,1009.0473684210526,935.5,610.6543869996938,760,0.4758535102197843,0.8532293215616218,0.41093374637766444,5,1568.0
rbio3.5,1.0,smooth,3.0254424072411203e-27,322.4395098419115,4838171.815298313,0.5462962962962963,111.87356350604037,206,smoothed,3.550126751364484e-14,-2.0385573229475583e-10,6.256685613489292,33254.60257096896,0.96817118332806,0.0001496656645132027,0.9999999999999999,362.40000000000003,,,,[],[],11,426.59999999999997,32.200000000000045,728.4,"[9, 31, 53, 64, 80, 102, 131, 148, 158, 175, 192]","[310.9999999999999, 417.8, 589.6, 432.19999999999993, 728.4, 371.0000000000001, 587.0000000000001, 32.200000000000045, 448.2, 367.9999999999999, 407.20000000000005]","[0, 0, 0, 60, 0, 94, 120, 144, 144, 165, 186]","[20, 40, 75, 75, 204, 120, 204, 149, 204, 186, 204]",30736475.839999996,728.4,-728.4,0.0,,,,DWT,mdp.39015067403892,0.0,,0.0,15.0,11.0,0.0,33.0,,0.0,168.40000000000003,987.7999999999993,168.4,,0.0,168.40000000000003,,,28.000000000000057,0.0,15.0,0.0,0.0,,5.684341886080802e-14,2.9154391337954795e-14,4.066370073572287e-27,0.9898552572705942,0.1764787571306662,0.00922566675581376,0.2282178573998131,0.03983723169362841,,0.9999996647593375,4.4059199552998455e-09,4.4059199552998455e-09,3.6786974161203912e-09,,6.125805465799743e-13,0.9999999955940747,0.0,,,,,,0.0,0.0,0.0,0.0,0.0,0.799999900972306,0.3007374869222378,750,0.7939874019429818,0.40308188812308066,525,0,0.16666663940371348,0.23713383959556533,751,0.0,0.20623068146436357,0.3638467378879623,541,125.74411848406005,0.8681927479202725,641.75,623.239154979928,0.5977494137924213,597,rbio,0.7685897546424816,0.816051598246696,0.21717169227625407,5,449.0,2.6508622931138717e-14,0.9999999999705136,1.3441259045669152e-27,0.9759520797739109,0.7651557640806423,2.416767232234912e-05,0.18728070175438605,0.00038801110476686983,0.9999999997235566,2.0315811924354055e-05,4.745387416349445e-11,4.745387416349445e-11,3.962136174706643e-11,,6.125805465799743e-13,0.0031261328403482946,0.0,,,,,0.0,,0.0,0.0,0.0,0.0,0.0,1.0,0.20156916120441648,0.05751224468490059,1824,1.7432286987650745,0.805868746417969,302,1076.2165209659254,0.4359452196195359,1063.0,518.2013170272813,0.4394086685099776,1806,0.3888041033402703,1.0,0.4278371276618108,3,1355.25,,,,,,,,,,,,,1.7798891548843106e-19,0.999999999971583,1.3441259045669152e-27,0.9825565963257424,0.23653705269822575,0.0012670795088296737,0.14168132413295456,0.9999999999999999,0.00038801110476686983,0.9999999999999541,9.960751159770499e-05,3.8434858594393884e-14,3.8434858594393884e-14,3.209086642252945e-14,,0.0,4.786380409530668e-19,0.004567040150618464,0.0,,,,,0.13043478260869565,,0.0,0.7209302325581395,0.7209302325581395,0.0,0.0,1.0,0.3986733618839274,0.12417638082767558,1923,1.865263757985518,0.9054163836575624,154,1250.8718959190026,0.41548042246775585,1038.5,285.16321617717864,0.4651000243179901,2090,818.67,599.5,715.6978453131971,300,0.38607403914171184,1.0,0.42974817260080167,3,1568.25
rbio3.5,1.0,zero,3.0254424072411203e-27,322.4395098419115,4838171.815298313,0.5462962962962963,111.87356350604037,206,smoothed,3.550126751364484e-14,-2.0385573229475583e-10,6.256685613489292,33254.60257096896,0.96817118332806,0.0001496656645132027,0.9999999999999999,362.40000000000003,,,,[],[],11,426.59999999999997,32.200000000000045,728.4,"[9, 31, 53, 64, 80, 102, 131, 148, 158, 175, 192]","[310.9999999999999, 417.8, 589.6, 432.19999999999993, 728.4, 371.0000000000001, 587.0000000000001, 32.200000000000045, 448.2, 367.9999999999999, 407.20000000000005]","[0, 0, 0, 60, 0, 94, 120, 144, 144, 165, 186]","[20, 40, 75, 75, 204, 120, 204, 149, 204, 186, 204]",30736475.839999996,728.4,-728.4,0.0,,,,DWT,mdp.39015067403892,0.0,,0.0,15.0,11.0,0.0,33.0,,0.0,168.40000000000003,987.7999999999993,168.4,,0.0,168.40000000000003,,,28.000000000000057,0.0,15.0,0.0,0.0,,5.684341886080802e-14,2.9154391337954795e-14,4.066370073572287e-27,0.9898552572705942,0.1764787571306662,0.00922566675581376,0.2282178573998131,0.03983723169362841,,0.9999996647593375,4.4059199552998455e-09,4.4059199552998455e-09,3.6786974161203912e-09,,6.125805465799743e-13,0.9999999955940747,0.0,,,,,,0.0,0.0,0.0,0.0,0.0,0.799999900972306,0.3007374869222378,747,0.7939874019429818,0.40308188812308066,524,0,0.16666663940371348,0.23713383959556533,754,0.0,0.20623068146436357,0.3638467378879623,539,126.62016690348605,0.8672744581724465,641.0,622.2163064475008,0.5976833506795147,598,rbio,0.7685897546424816,0.816051598246696,0.21717169227625407,5,449.75,2.6508622931138717e-14,0.9999999999705136,1.3441259045669152e-27,0.9759520797739109,0.7651557640806423,2.416767232234912e-05,0.18728070175438605,0.00038801110476686983,0.9999999997235566,2.0315811924354055e-05,4.745387416349445e-11,4.745387416349445e-11,3.962136174706643e-11,,6.125805465799743e-13,0.0031261328403482946,0.0,,,,,0.0,,0.0,0.0,0.0,0.0,0.0,1.0,0.20156916120441648,0.05751224468490059,1823,1.7432286987650745,0.805868746417969,301,1076.2165209659254,0.4359452196195359,1062.0,516.6883239171375,0.43967072301731513,1805,0.3888041033402703,1.0,0.4278371276618108,3,1354.5,,,,,,,,,,,,,1.7798891548843106e-19,0.999999999971583,1.3441259045669152e-27,0.9825565963257424,0.23653705269822575,0.0012670795088296737,0.14168132413295456,0.9999999999999999,0.00038801110476686983,0.9999999999999541,9.960751159770499e-05,3.8434858594393884e-14,3.8434858594393884e-14,3.209086642252945e-14,,0.0,4.786380409530668e-19,0.004567040150618464,0.0,,,,,0.13043478260869565,,0.0,0.7209302325581395,0.7209302325581395,0.0,0.0,1.0,0.3986733618839274,0.12417638082767558,1924,1.865263757985518,0.9054163836575624,155,1250.8718959190026,0.41548042246775585,1039.5,286.8879268879269,0.464866379458177,2091,818.67,599.5,715.6978453131971,300,0.38607403914171184,1.0,0.42974817260080167,3,1569.0
db15,1.0,smooth,6.306628924648649e-27,319.2494259592701,4962627.26467955,0.5555555555555556,67.2862791934082,206,smoothed,5.5653432240238926e-14,-1.9848123145038737e-10,6.193589443793283,40275.83033384468,0.9881739102689893,0.00014966566451320268,1.0,362.40000000000003,,,,[],[],11,426.59999999999997,32.200000000000074,728.3999999999999,"[9, 31, 53, 64, 80, 102, 131, 148, 158, 175, 192]","[310.99999999999994, 417.7999999999999, 589.6000000000001, 432.19999999999993, 728.3999999999999, 370.99999999999994, 587.0, 32.200000000000074, 448.19999999999993, 368.0000000000001, 407.19999999999993]","[0, 0, 0, 60, 0, 94, 120, 144, 144, 165, 186]","[20, 40, 75, 75, 204, 120, 204, 149, 204, 186, 204]",30736475.83999999,728.3999999999999,-728.3999999999999,0.0,,,,DWT,mdp.39015067403892,7.450580596923828e-09,,0.0,15.0,11.0,0.0,33.0,,1.1368683772161603e-13,168.40000000000003,987.7999999999993,168.40000000000003,,0.0,168.40000000000003,,,28.000000000000085,0.0,15.0,1.1368683772161603e-13,1.1368683772161603e-13,,5.684341886080802e-14,7.342587448077487e-14,1.3669089396790994e-26,0.9777348114466512,0.08546858567995486,0.06263632933785813,0.29181955536369564,0.09806310429320687,,0.9999996647841187,4.4059199552998455e-09,4.4059199552998455e-09,3.6787269888316428e-09,,6.125805465799743e-13,0.9999999955940747,7.585973278963461e-14,,,,,,1.5893391424973748e-13,0.0,0.0,1.7477015598164352e-13,1.7477015598164352e-13,0.7999999009799367,0.3007374869251063,705,0.8166464082396803,0.4145851374425477,455,0,0.16666663940582976,0.2371338395985764,705,0.0,0.21653176944592004,0.3820206450494622,430,151.89771777965154,0.8407780736062352,573.75,543.4588391735822,0.6196814896333063,513,db,0.573477938514061,0.8443824841957417,0.34525069778143475,3,385.5,5.197123268031007e-14,0.9999999999705134,3.66611075157777e-27,0.9641799480473358,0.7433592026481295,0.0001640829137859504,0.23947368421052662,0.0009551259416392039,0.9999999997236376,2.0315811924853655e-05,4.745387416349445e-11,4.745387416349445e-11,3.962169481397382e-11,,6.125805465799743e-13,0.0031261328403482946,7.585973278963461e-14,,,,,0.0,,7.374542113937972e-14,0.0,0.0,1.4238426238064856e-13,1.4238426238064856e-13,1.0,0.20156916120454849,0.057512244684938256,1809,1.74644113555085,0.8073538082502655,271,1087.53022946491,0.4300156030058123,1040.0,471.3836538461539,0.44247111387187893,1790,0.49117026184683504,0.8233619396015222,0.4091722348267588,4,1343.5,,,,,,,,,,,,,3.489545030458485e-19,0.9999999999715827,3.66611075157777e-27,0.9740175607716237,0.22979895485954957,0.001299797579388216,0.1811662833175486,1.0,0.0009551259416392039,0.9999999999999541,9.960751159770543e-05,3.8434858594393884e-14,3.8434858594393884e-14,3.20911916831812e-14,,0.0,4.786380409530668e-19,0.004567040150618464,7.054128794466933e-19,,,,,0.13043478260869565,,2.3332883504384434e-21,0.7209302325581395,0.7209302325581395,4.770970844811595e-19,4.770970844811595e-19,1.0,0.3986733618839274,0.12417638082767558,1915,1.8728084763775745,0.9090786601656462,102,1281.9845942912107,0.4009417783685931,1008.5,193.6836886465047,0.4648400480628012,2092,1009.0473684210526,935.5,610.6543869996938,760,0.4758535102197843,0.8532293215616218,0.41093374637766444,5,1570.25
rbio3.5,1.0,reflect,3.0249981943042e-27,322.44014754498255,4919897.27741293,0.5324074074074074,141.89218754125173,206,smoothed,3.554438297091184e-14,-2.0385573229475583e-10,6.3184540733834424,29952.599358934145,0.9540035444655207,0.0001496656645132027,0.9999999999999999,362.40000000000003,,,,[],[],11,426.59999999999997,32.200000000000045,728.4,"[9, 31, 53, 64, 80, 102, 131, 148, 158, 175, 192]","[310.9999999999999, 417.8, 589.6, 432.19999999999993, 728.4, 371.0000000000001, 587.0000000000001, 32.200000000000045, 448.2, 367.9999999999999, 407.20000000000005]","[0, 0, 0, 60, 0, 94, 120, 144, 144, 165, 186]","[20, 40, 75, 75, 204, 120, 204, 149, 204, 186, 204]",30736475.839999996,728.4,-728.4,0.0,,,,DWT,mdp.39015067403892,0.0,,0.0,15.0,11.0,0.0,33.0,,0.0,168.40000000000003,987.7999999999993,168.4,,0.0,168.40000000000003,,,28.000000000000057,0.0,15.0,0.0,0.0,,5.684341886080802e-14,2.924910995828603e-14,4.065070040145243e-27,0.9898576801678624,0.26557383457034417,0.044298547076179196,0.13281531045399,0.012454268935475132,,0.9999996647593375,4.4059199552998455e-09,4.4059199552998455e-09,3.6786974161203912e-09,,6.125805465799743e-13,0.9999999955940747,0.0,,,,,,0.0,0.0,0.0,0.0,0.0,0.799999900972306,0.3007374869222378,749,0.8069586306797739,0.4096669641050268,481,0,0.16666663940371348,0.23713383959556533,753,0.0,0.20642852017198293,0.36419577891272226,538,141.3680185426204,0.8518154941901254,630.25,605.9804631732804,0.5955880405961109,600,rbio,0.7685897546424816,0.816051598246696,0.21717169227625407,5,451.25,2.656310005939968e-14,0.9999999999705136,1.3438115500787124e-27,0.9759544330426119,0.7864936683807144,0.00011604502941953729,0.10899122807017583,0.00012130347524851514,0.9999999997235566,2.0315811924354055e-05,4.745387416349445e-11,4.745387416349445e-11,3.962136174706643e-11,,6.125805465799743e-13,0.0031261328403482946,0.0,,,,,0.0,,0.0,0.0,0.0,0.0,0.0,1.0,0.20156916120441648,0.05751224468490059,1821,1.7225225290293884,0.7962965915654038,521,919.2388155425118,0.5182186501349519,1171.0,810.1972672929121,0.4522434969752328,1747,0.3888041033402703,1.0,0.4278371276618108,3,1311.0,,,,,,,,,,,,,1.783546955217161e-19,0.999999999971583,1.3438115500787124e-27,0.9825583032931442,0.24313336318928008,0.0012885643007708018,0.08245388535606402,0.9999999999999999,0.00012130347524851514,0.9999999999999541,9.960751159770499e-05,3.8434858594393884e-14,3.8434858594393884e-14,3.209086642252945e-14,,0.0,4.786380409530668e-19,0.004567040150618464,0.0,,,,,0.13043478260869565,,0.0,0.7209302325581395,0.7209302325581395,0.0,0.0,1.0,0.3986733618839274,0.12417638082767558,1954,1.8447760212448934,0.8954714456134873,327,1150.462732990513,0.462400592060508,1140.5,560.2437527400263,0.46472833341343156,2093,818.67,599.5,715.6978453131971,300,0.38607403914171184,1.0,0.42974817260080167,3,1570.5
db18,1.0,symmetric,7.164649188841949e-27,318.69544943864116,5574720.917472201,0.5375,107.3090965133577,206,smoothed,6.100837203279986e-14,-1.9958183994361927e-10,6.431344060410629,31473.792385128327,0.9836947837387281,0.0001496656645132028,0.9999999999999997,362.4000000000001,,,,[],[],11,426.59999999999997,32.19999999999999,728.3999999999999,"[9, 31, 53, 64, 80, 102, 131, 148, 158, 175, 192]","[310.9999999999999, 417.80000000000007, 589.5999999999999, 432.20000000000016, 728.3999999999999, 370.99999999999994, 586.9999999999999, 32.19999999999999, 448.1999999999999, 368.0000000000001, 407.20000000000016]","[0, 0, 0, 60, 0, 94, 120, 144, 144, 165, 186]","[20, 40, 75, 75, 205, 120, 205, 149, 205, 186, 205]",30736475.83999999,728.3999999999999,-728.3999999999999,0.0,,,,DWT,mdp.39015067403892,7.450580596923828e-09,,0.0,15.0,11.0,0.0,33.0,,1.1368683772161603e-13,168.40000000000003,987.7999999999993,168.4,,0.0,168.40000000000003,,,28.0,0.0,15.0,1.1368683772161603e-13,1.1368683772161603e-13,,1.1368683772161603e-13,8.518992712591448e-14,1.618017120423184e-26,0.9756300259134066,0.4284068103898361,0.3253193032088927,0.16779624433412488,0.025069269378969136,,0.999999664709775,4.4059199552998455e-09,4.4059199552998455e-09,3.6786974161203912e-09,,1.2251610931599486e-12,0.9999999955940747,7.585973278963461e-14,,,,,,1.5893391424973748e-13,0.0,0.0,1.7477015598164352e-13,1.7477015598164352e-13,0.7999999009579309,0.3007374869168339,815,1.0393872778326712,0.5276635188602005,187,0,0.16666663939968304,0.2371338395898308,814,0.0,0.2746030933179021,0.48447417720882285,198,359.1401769040421,0.623542791505197,503.5,311.1970150123173,0.5478825068637097,753,db,0.573477938514061,0.8443824841957417,0.34525069778143475,3,565.5,5.873729201032093e-14,0.999999999970514,4.273302705255315e-27,0.9621356492720715,0.8254914958115811,0.0008522105261533428,0.1376973684210527,0.00024417246113483905,0.9999999997236211,2.0315811923354854e-05,4.745387416349445e-11,4.745387416349445e-11,3.962136174706643e-11,,1.2251610931599486e-12,0.0031261328403482946,7.585973278963461e-14,,,,,0.0,,7.374542113937972e-14,0.0,0.0,1.4238426238064856e-13,1.4238426238064856e-13,1.0,0.20156916120485424,0.0575122446850255,1760,1.7456298589656054,0.8069787671296068,281,1045.8109293749037,0.4518810642689184,1020.5,484.625183733464,0.4585139073965137,1717,0.49117026184683504,0.8233619396015222,0.4091722348267588,4,1288.75,,,,,,,,,,,,,3.943843831798477e-19,0.9999999999715835,4.273302705255315e-27,0.9725347078499379,0.2551889884556135,0.001460710768967884,0.10417061290759039,0.9999999999999997,0.0002441724611348395,0.9999999999999541,9.960751159770423e-05,3.8434858594393884e-14,3.8434858594393884e-14,3.209086642252945e-14,,0.0,9.572760819061336e-19,0.004567040150618464,7.054128794466933e-19,,,,,0.13043478260869565,,2.3332883504384434e-21,0.7209302325581395,0.7209302325581395,4.770970844811595e-19,4.770970844811595e-19,1.0,0.3986733618839274,0.12417638082767558,1942,1.8536115884611999,0.8997603121516929,251,1195.7175669864519,0.4412534733708169,1096.5,444.5435476516188,0.4644351479003617,2094,1009.0473684210526,935.5,610.6543869996938,760,0.4758535102197843,0.8532293215616218,0.41093374637766444,5,1571.75
coif16,,,,6.369611090431943,35268.54525960878,0.6601941747572816,28.53113717911114,206,smoothed,142.77214404519373,,7.194382609093305,90447.61084362336,1.0,7.439345354437146e-05,-0.079691037547346,162.283087260133,0.04854368932038834,14740.01247130959,15.0,"[0.0, 0.0048543689320388345, 0.009708737864077669, 0.014563106796116504, 0.019417475728155338, 0.02427184466019417, 0.029126213592233007, 0.03398058252427184, 0.038834951456310676, 0.04368932038834951, 0.04854368932038834, 0.05339805825242718, 0.058252427184466014, 0.06310679611650485, 0.06796116504854369, 0.07281553398058252, 0.07766990291262135, 0.08252427184466019, 0.08737864077669902, 0.09223300970873785, 0.09708737864077668, 0.10194174757281553, 0.10679611650485436, 0.1116504854368932, 0.11650485436893203, 0.12135922330097086, 0.1262135922330097, 0.13106796116504854, 0.13592233009708737, 0.1407766990291262, 0.14563106796116504, 0.15048543689320387, 0.1553398058252427, 0.16019417475728154, 0.16504854368932037, 0.1699029126213592, 0.17475728155339804, 0.17961165048543687, 0.1844660194174757, 0.18932038834951453, 0.19417475728155337, 0.19902912621359223, 0.20388349514563106, 0.2087378640776699, 0.21359223300970873, 0.21844660194174756, 0.2233009708737864, 0.22815533980582522, 0.23300970873786406, 0.2378640776699029, 0.24271844660194172, 0.24757281553398056, 0.2524271844660194, 0.25728155339805825, 0.2621359223300971, 0.2669902912621359, 0.27184466019417475, 0.2766990291262136, 0.2815533980582524, 0.28640776699029125, 0.2912621359223301, 0.2961165048543689, 0.30097087378640774, 0.3058252427184466, 0.3106796116504854, 0.31553398058252424, 0.3203883495145631, 0.3252427184466019, 0.33009708737864074, 0.3349514563106796, 0.3398058252427184, 0.34466019417475724, 0.3495145631067961, 0.3543689320388349, 0.35922330097087374, 0.36407766990291257, 0.3689320388349514, 0.37378640776699024, 0.37864077669902907, 0.3834951456310679, 0.38834951456310673, 0.3932038834951456, 0.39805825242718446, 0.4029126213592233, 0.4077669902912621, 0.41262135922330095, 0.4174757281553398, 0.4223300970873786, 0.42718446601941745, 0.4320388349514563, 0.4368932038834951, 0.44174757281553395, 0.4466019417475728, 0.4514563106796116, 0.45631067961165045, 0.4611650485436893, 0.4660194174757281, 0.47087378640776695, 0.4757281553398058, 0.4805825242718446, 0.48543689320388345, 0.4902912621359223, 0.4951456310679611]","[99869.49903308816, 9085.103842080469, 9734.3526767584, 3251.6321084139313, 5707.464801055036, 7682.429694283595, 7833.028049712954, 8959.114036491506, 10604.154201162326, 7744.517867697135, 13535.940722935498, 14740.01247130959, 4812.113075690617, 6399.252792249254, 3888.1301077455055, 2731.3741498817503, 2381.068427148097, 8072.106568875822, 4361.217727668011, 3771.450513227978, 2459.5741398027426, 5088.144606993564, 6348.548716827865, 2141.385522331629, 2992.9566683808407, 754.6181009540371, 5790.566252573055, 1745.8207540872213, 1496.541364495117, 1595.1931879525782, 1013.7581768638292, 1001.3553311662861, 143.1603340796435, 551.4132109040415, 381.35420420491045, 1147.1154431338184, 173.2888478665283, 631.322191796988, 305.96556775185206, 697.2305529883987, 150.32207996923924, 235.10171529833053, 314.6952187894243, 373.3439962722756, 410.61766976238437, 603.8535316027331, 505.8272301252677, 264.05068400350365, 356.3725184992074, 1936.6095844034269, 553.1523966088641, 391.6183838768882, 359.85470069725443, 270.1635784375915, 536.2018530352584, 1101.593480562973, 951.5082901150911, 1170.3694598772693, 1414.0944658541573, 697.4223729790345, 350.4346504957629, 914.4921517706615, 693.4670581884068, 386.1908471754622, 1444.3598087920434, 1015.8558193991254, 605.3894031942006, 1288.7217428928095, 265.78194249910655, 396.5475062406293, 808.0402424429859, 511.96107985745186, 495.4783177450248, 813.1147388505315, 83.69018646191878, 439.9522936748323, 913.5044470397146, 127.84624598434473, 228.24526678458267, 129.39769658596097, 276.6126798579302, 163.03164054790366, 133.79242773976947, 184.19882236802857, 147.71684249567508, 214.48435517959052, 234.40306733576332, 671.0475197101288, 216.98657651556505, 359.8705003755082, 495.73929189503605, 579.1203941548089, 521.6760405543205, 201.6378772151685, 335.7945590625359, 262.08537548139316, 642.7080840353235, 301.44790279206387, 229.80173859260364, 1330.4166814459595, 269.8592562727408, 1211.5538883852605, 476.88103742826473]",13,523.2758059749165,123.45949135044745,1002.9729592188519,"[1, 24, 42, 69, 80, 95, 105, 116, 126, 146, 173, 191, 201]","[145.07485518089527, 632.0857726037793, 404.57561037487767, 817.0984215432088, 583.7960541751934, 1002.9729592188519, 280.72088289111895, 515.098004869347, 244.82973740573135, 727.9976485715046, 635.9858208968749, 688.8902185920831, 123.45949135044745]","[0, 15, 34, 15, 75, 15, 101, 109, 122, 138, 159, 186, 200]","[15, 54, 54, 88, 88, 138, 109, 138, 138, 186, 186, 202, 202]",61478157.21493171,1004.0492091956655,-1004.0492091956655,305593.3872589177,0.07141861670491266,0.10579547831031662,0.4951456310679611,SWT,mdp.39015067403892,30741681.374931715,,0.0,-6.5,9.0,0.0,-11.0,,275.64920919566555,265.07580597491653,1122.1854776739146,265.0758059749164,,305593.3872589177,265.07580597491653,,,119.25949135044746,0.0,-11.0,274.5729592188519,275.64920919566555,,200.116912739867,0.2384754858826418,,0.07885704813786865,0.16635473970324313,0.0301716979390664,0.4444444444444448,0.3580760373945932,,0.23987318880335542,0.26059101755868264,0.26059101755868264,0.25965322434310956,,0.8970932149503688,0.3619118996590105,0.3106280282746358,,,,,,0.4937423038683851,0.21,0.11111111111111109,0.29338869213360175,0.29338869213360175,2.20764966598887,0.7086969961747422,22,0.7918827168965803,0.3018643806655664,91,0,0.35705180604507747,0.5886718579524659,48,0.0,0.26372347852326067,0.34908661895057325,93,34.58805188693537,0.6736976237081569,63.5,45.43927272172606,0.537320509967286,83,coif,1.0,0.7144143715238808,0.08567568854283576,5,63.5,0.024501492926697475,0.8286600313382602,,0.08700314591756628,0.334297260881317,0.00514535531887958,0.48571428571428604,0.052711359921510936,,0.15079185904659398,0.08722432573724331,0.08722432573724331,0.08683715876056888,,0.5122536154326084,0.2730111308414226,0.07676821745771975,,,,,0.08333333333333331,,0.11732835588572552,0.33050847457627114,0.2542372881355932,0.09571724874136053,0.09571724874136053,0.2542372881355932,1.1459243805392472,0.3760520696071742,118,0.7561695843325581,0.38892996348273345,195,54.44722215136416,0.7431734804180936,156.5,147.02875399361022,0.5024829666241412,186,1.0,0.7220099692676862,0.08339700921969413,7,141.25,,,0.157319182870285,0.25,0.12000000000000001,0.6360891918139421,0.15731918287028496,1.0,False,False,0.9938047002816142,0.5861302553630527,0.0012112407686558327,0.4964739326277308,,0.13651862293211958,0.336674574989253,4.445137604863758e-06,0.627384657015289,0.157319182870285,0.005007574043357523,,0.0013224536694896975,0.0008775014722220411,0.0008775014722220411,0.0008775014722157019,,0.5861302553630527,0.0016850423319879854,0.005188775106105116,0.0017036915236841247,,,,,0.04347826086956519,,9.627331198139641e-06,0.3875968992248061,0.317829457364341,0.0011567868073595303,0.0011567868073595303,0.317829457364341,0.5091207549927169,0.1585778705166057,991,0.7154408014131893,0.34728162189576384,2069,762.2611101190982,0.6438032195705148,1530.0,1340.1169934640523,0.4644249742712387,2095,986.6382352941176,846.0,585.0035688138154,340,0.4652856568234462,0.8173890317607586,0.42908333069536003,4,1572.25
rbio3.3,1.0,periodic,3.1399310195354547e-27,322.27819766989165,4836756.164610305,0.5471698113207547,132.8365986391519,206,smoothed,3.6567920347664637e-14,-2.037650492781045e-10,6.280162517664907,31491.875051703228,0.9529830979475573,0.00014966566451320274,0.9999999999999999,362.40000000000003,,,,[],[],11,426.6,32.200000000000045,728.4,"[9, 31, 53, 64, 80, 102, 131, 148, 158, 175, 192]","[311.0, 417.8000000000001, 589.6, 432.19999999999993, 728.4, 371.0000000000001, 587.0000000000001, 32.200000000000045, 448.2, 367.9999999999999, 407.20000000000005]","[0, 0, 0, 60, 0, 94, 120, 144, 144, 165, 186]","[20, 40, 75, 75, 204, 120, 204, 149, 204, 186, 204]",30736475.839999996,728.4,-728.4,0.0,,,,DWT,mdp.39015067403892,0.0,,0.0,15.0,11.0,0.0,33.0,,0.0,168.4000000000001,987.7999999999984,168.40000000000003,,0.0,168.4000000000001,,,28.000000000000057,0.0,15.0,0.0,0.0,,5.684341886080802e-14,3.1497678205704095e-14,4.401432406583437e-27,0.9892423657249054,0.2103419390710079,0.008618133364490396,0.23421801758508504,0.02521922592158663,,0.9999996647593375,4.4059791007223055e-09,4.4059791007223055e-09,3.6787269888316428e-09,,6.125805465799743e-13,0.9999999955939887,0.0,,,,,,0.0,0.0,0.0,0.0,0.0,0.7999999009723074,0.30073748692223834,745,0.8068003530553705,0.40958661164157956,482,0,0.16666663940371865,0.2371338395955727,748,0.0,0.2096628116667296,0.3699019444618368,491,150.1610246812845,0.8425985066233915,616.5,589.0557318594348,0.5981860457645259,595,rbio,0.7685897546424816,0.816051598246696,0.21717169227625407,5,447.5,2.785635729213528e-14,0.9999999999705138,1.4251456276129512e-27,0.97535680133987,0.7732658567625659,2.257617023203838e-05,0.19220456802383332,0.00024563302456493677,0.999999999723558,2.0315811924354055e-05,4.745454029730922e-11,4.745454029730922e-11,3.962169481397382e-11,,6.125805465799743e-13,0.0031261328403480726,0.0,,,,,0.0,,0.0,0.0,0.0,0.0,0.0,1.0,0.20156916120441687,0.0575122446849007,1817,1.7488383775702658,0.8084620176449454,252,1106.6221125569468,0.42000937497015367,1034.5,442.61382310294834,0.43890929964440595,1809,0.3888041033402703,1.0,0.4278371276618108,3,1357.5,,,,,,,,,,,,,1.8703811347594672e-19,0.9999999999715831,1.4251456276129512e-27,0.9821248050553985,0.23904417283002868,0.0012667073486765685,0.1454063202824446,0.9999999999999999,0.0002456330245649372,0.9999999999999541,9.960751159770499e-05,3.8435400695480126e-14,3.8435400695480126e-14,3.20911916831812e-14,,0.0,4.786380409530668e-19,0.00456704015061846,0.0,,,,,0.13043478260869565,,0.0,0.7209302325581395,0.7209302325581395,0.0,0.0,1.0,0.3986733618839274,0.12417638082767558,1922,1.867691104436852,0.9065946402105255,134,1264.306924761547,0.40920237160675377,1028.0,250.53307392996112,0.4644142699155264,2096,818.67,599.5,715.6978453131971,300,0.38607403914171184,1.0,0.42974817260080167,3,1572.75
rbio3.5,1.0,constant,3.0254424072411203e-27,322.4395098419115,4838171.815298313,0.5462962962962963,111.87356350604037,206,smoothed,3.550126751364484e-14,-2.0385573229475583e-10,6.256685613489292,33254.60257096896,0.96817118332806,0.0001496656645132027,0.9999999999999999,362.40000000000003,,,,[],[],11,426.59999999999997,32.200000000000045,728.4,"[9, 31, 53, 64, 80, 102, 131, 148, 158, 175, 192]","[310.9999999999999, 417.8, 589.6, 432.19999999999993, 728.4, 371.0000000000001, 587.0000000000001, 32.200000000000045, 448.2, 367.9999999999999, 407.20000000000005]","[0, 0, 0, 60, 0, 94, 120, 144, 144, 165, 186]","[20, 40, 75, 75, 204, 120, 204, 149, 204, 186, 204]",30736475.839999996,728.4,-728.4,0.0,,,,DWT,mdp.39015067403892,0.0,,0.0,15.0,11.0,0.0,33.0,,0.0,168.40000000000003,987.7999999999993,168.4,,0.0,168.40000000000003,,,28.000000000000057,0.0,15.0,0.0,0.0,,5.684341886080802e-14,2.9154391337954795e-14,4.066370073572287e-27,0.9898552572705942,0.1764787571306662,0.00922566675581376,0.2282178573998131,0.03983723169362841,,0.9999996647593375,4.4059199552998455e-09,4.4059199552998455e-09,3.6786974161203912e-09,,6.125805465799743e-13,0.9999999955940747,0.0,,,,,,0.0,0.0,0.0,0.0,0.0,0.799999900972306,0.3007374869222378,751,0.7939874019429818,0.40308188812308066,526,0,0.16666663940371348,0.23713383959556533,752,0.0,0.20623068146436357,0.3638467378879623,540,126.28110177958801,0.8676298723484402,642.25,623.6029643900168,0.5972059214991677,599,rbio,0.7685897546424816,0.816051598246696,0.21717169227625407,5,450.5,2.6508622931138717e-14,0.9999999999705136,1.3441259045669152e-27,0.9759520797739109,0.7651557640806423,2.416767232234912e-05,0.18728070175438605,0.00038801110476686983,0.9999999997235566,2.0315811924354055e-05,4.745387416349445e-11,4.745387416349445e-11,3.962136174706643e-11,,6.125805465799743e-13,0.0031261328403482946,0.0,,,,,0.0,,0.0,0.0,0.0,0.0,0.0,1.0,0.20156916120441648,0.05751224468490059,1822,1.7432286987650745,0.805868746417969,300,1076.2165209659254,0.4359452196195359,1061.0,515.1743638077285,0.43993277752465265,1802,0.3888041033402703,1.0,0.4278371276618108,3,1352.25,,,,,,,,,,,,,1.7798891548843106e-19,0.999999999971583,1.3441259045669152e-27,0.9825565963257424,0.23653705269822575,0.0012670795088296737,0.14168132413295456,0.9999999999999999,0.00038801110476686983,0.9999999999999541,9.960751159770499e-05,3.8434858594393884e-14,3.8434858594393884e-14,3.209086642252945e-14,,0.0,4.786380409530668e-19,0.004567040150618464,0.0,,,,,0.13043478260869565,,0.0,0.7209302325581395,0.7209302325581395,0.0,0.0,1.0,0.3986733618839274,0.12417638082767558,1926,1.865263757985518,0.9054163836575624,153,1253.7003230437488,0.4141587275496501,1039.5,283.4805194805195,0.4642055319991241,2097,818.67,599.5,715.6978453131971,300,0.38607403914171184,1.0,0.42974817260080167,3,1573.5
coif15,,,,6.094961763468597,35246.93124161779,0.6601941747572816,28.567905641946982,206,smoothed,143.29355938006614,,7.194334331160502,90447.61084362333,1.0,7.751617955158554e-05,-0.16955524288413534,166.4927259158287,0.04854368932038834,14740.012471309592,15.0,"[0.0, 0.0048543689320388345, 0.009708737864077669, 0.014563106796116504, 0.019417475728155338, 0.02427184466019417, 0.029126213592233007, 0.03398058252427184, 0.038834951456310676, 0.04368932038834951, 0.04854368932038834, 0.05339805825242718, 0.058252427184466014, 0.06310679611650485, 0.06796116504854369, 0.07281553398058252, 0.07766990291262135, 0.08252427184466019, 0.08737864077669902, 0.09223300970873785, 0.09708737864077668, 0.10194174757281553, 0.10679611650485436, 0.1116504854368932, 0.11650485436893203, 0.12135922330097086, 0.1262135922330097, 0.13106796116504854, 0.13592233009708737, 0.1407766990291262, 0.14563106796116504, 0.15048543689320387, 0.1553398058252427, 0.16019417475728154, 0.16504854368932037, 0.1699029126213592, 0.17475728155339804, 0.17961165048543687, 0.1844660194174757, 0.18932038834951453, 0.19417475728155337, 0.19902912621359223, 0.20388349514563106, 0.2087378640776699, 0.21359223300970873, 0.21844660194174756, 0.2233009708737864, 0.22815533980582522, 0.23300970873786406, 0.2378640776699029, 0.24271844660194172, 0.24757281553398056, 0.2524271844660194, 0.25728155339805825, 0.2621359223300971, 0.2669902912621359, 0.27184466019417475, 0.2766990291262136, 0.2815533980582524, 0.28640776699029125, 0.2912621359223301, 0.2961165048543689, 0.30097087378640774, 0.3058252427184466, 0.3106796116504854, 0.31553398058252424, 0.3203883495145631, 0.3252427184466019, 0.33009708737864074, 0.3349514563106796, 0.3398058252427184, 0.34466019417475724, 0.3495145631067961, 0.3543689320388349, 0.35922330097087374, 0.36407766990291257, 0.3689320388349514, 0.37378640776699024, 0.37864077669902907, 0.3834951456310679, 0.38834951456310673, 0.3932038834951456, 0.39805825242718446, 0.4029126213592233, 0.4077669902912621, 0.41262135922330095, 0.4174757281553398, 0.4223300970873786, 0.42718446601941745, 0.4320388349514563, 0.4368932038834951, 0.44174757281553395, 0.4466019417475728, 0.4514563106796116, 0.45631067961165045, 0.4611650485436893, 0.4660194174757281, 0.47087378640776695, 0.4757281553398058, 0.4805825242718446, 0.48543689320388345, 0.4902912621359223, 0.4951456310679611]","[99869.4990330882, 9085.103842080463, 9734.352676758404, 3251.632108413932, 5707.464801055032, 7682.429694283597, 7833.028049712954, 8959.11403649151, 10604.154201162328, 7744.5178676971345, 13535.940722935491, 14740.012471309592, 4812.1130756906305, 6399.252792249083, 3888.1301077436246, 2731.374149874034, 2381.0684271434043, 8072.106569500698, 4361.217730002823, 3771.450518616247, 2459.5741352553705, 5088.144455230758, 6348.54802238261, 2141.3852501060646, 2992.958334117698, 754.6204429978065, 5790.603428826971, 1745.8202271219602, 1496.4811161551331, 1595.0090930477686, 1013.6409994593945, 1001.5850524347129, 143.3136935585446, 552.3457961594492, 381.366351962675, 1140.6674502394683, 171.1912317458885, 625.8229579293584, 310.70858857790154, 734.7447779124979, 160.04926752900866, 233.40618140276314, 270.84568589855337, 295.2400040472308, 367.110613945987, 739.6924854999259, 904.3202199478623, 466.21960254362335, 338.8237420700525, 745.8507420683545, 116.3045957644841, 251.09522164709475, 568.9963766675484, 1445.0345567138822, 1234.6011255107082, 1149.8335051510635, 577.608275136541, 631.628153663885, 1113.4527370385097, 792.6526506742371, 444.9069379093189, 1050.9353504437738, 698.1131394769274, 363.36928797645925, 1369.276039366931, 999.8835284553878, 610.7914393639065, 1304.496035914299, 267.2740185117112, 396.53493205385377, 806.6769625231416, 511.4127168890539, 495.3645835948503, 813.2087578986557, 83.6998453521993, 439.9700046288762, 913.504722766335, 127.84542519935822, 228.24455839788922, 129.39762456925487, 276.6127150225849, 163.03165838135558, 133.79243173035988, 184.19882270858275, 147.71684228463397, 214.48435506476545, 234.403067317622, 671.0475197114491, 216.98657651618228, 359.87050037568207, 495.7392918950501, 579.1203941548092, 521.6760405543196, 201.6378772151666, 335.79455906253577, 262.0853754813909, 642.7080840353229, 301.447902792062, 229.80173859260648, 1330.4166814459597, 269.8592562727448, 1211.5538883852605, 476.88103742826644]",13,500.84797246833085,61.1758882956164,1032.3116275153832,"[8, 23, 40, 67, 79, 94, 115, 125, 144, 161, 172, 188, 202]","[232.7394036492425, 367.3937278832075, 570.5658809854018, 1032.3116275153832, 687.0475636296179, 827.1796473574757, 507.07491493587924, 303.5114842413806, 696.1748623770103, 61.1758882956164, 633.2764628780412, 521.9095511892018, 70.66262715084241]","[4, 13, 13, 13, 73, 87, 108, 120, 133, 158, 162, 184, 200]","[13, 34, 53, 133, 87, 133, 133, 133, 200, 162, 200, 200, 203]",61466095.420809455,1022.5414069087346,-1022.5414069087346,305571.0325516734,0.07140076806029173,0.10577622964172953,0.4951456310679611,SWT,mdp.39015067403892,30729619.58080946,,0.0,-11.0,9.0,0.0,-15.5,,294.14140690873467,242.64797246833092,830.6236420883024,242.6479724683308,,305571.0325516734,242.64797246833092,,,56.975888295616414,0.0,-11.0,303.9116275153832,294.14140690873467,,195.9072740841713,0.398606774554484,,0.04264297175829779,0.16621606973227068,0.030133130232211036,0.4444444444444448,0.35807603739459,,0.08849310188066135,0.16541750843531633,0.16541750843531633,0.1643590065547451,,0.8525572637402549,0.23098296238987315,0.4428758607919134,,,,,,0.49118900691120587,0.12,0.11111111111111109,0.37218806461261894,0.37218806461261894,2.0581342224702053,0.6606997313297566,47,0.8127623912851158,0.3098236779747627,90,0,0.32336743074344365,0.5331363769464476,60,0.0,0.27988726849592394,0.3704823734074011,89,21.455380055672126,0.7975907541917724,71.5,66.34563277894041,0.56153122615249,75,coif,1.0,0.7144143715238808,0.08567568854283576,5,57.5,0.04095373170593577,0.8643055285456722,,0.05614744952126194,0.33423010491529964,0.005138778143275929,0.48571428571428604,0.05271135992151044,,0.05562955748390795,0.05536810429452382,0.05536810429452382,0.05496742504173158,,0.49607150575205483,0.20203715608668132,0.10945177927726808,,,,,0.08333333333333331,,0.11672161400493722,0.25423728813559315,0.2542372881355932,0.12142532590475222,0.12142532590475222,0.17796610169491525,1.0485375538830823,0.34409313903682354,148,0.7251936163342826,0.3729977144845865,197,34.64823227814083,0.8365649420842414,172.5,169.02028985507246,0.5114428484006113,179,1.0,0.7220099692676862,0.08339700921969413,7,136.0,,,0.08718167190609183,0.25,0.03,0.7117970479450013,0.08718167190609166,1.0,False,False,0.993732001676019,0.5860873788781158,0.0012156643172074315,0.5173631017588989,,0.13578345719537632,0.33666941934452466,4.439455499586796e-06,0.627384657015289,0.08718167190609183,0.0050075740433575214,,0.0004878745635992863,0.0006739297851649508,0.0006739297851649508,0.0006739297851586102,,0.5860873788781158,0.001649595955966579,0.0038398630956177435,0.001885734360805387,,,,,0.04347826086956519,,9.62355382222313e-06,0.3178294573643411,0.317829457364341,0.001234390985568429,0.001234390985568429,0.24806201550387597,0.4871610903013986,0.15173800624107098,1003,0.6932101947259651,0.3364906785629033,2072,755.8971490884193,0.6467770331362527,1537.5,1351.6852032520326,0.4641595446055095,2098,986.6382352941176,846.0,585.0035688138154,340,0.4652856568234462,0.8173890317607586,0.42908333069536003,4,1574.5
coif9,,,,6.057252957618036,35002.80454648439,0.6650485436893204,28.450915118638374,206,smoothed,143.14769100528457,,7.1939089896995485,90447.61084362335,1.0,7.400101106781462e-05,-0.18171114555106274,167.14161335103802,0.04854368932038834,14740.012466007998,15.0,"[0.0, 0.0048543689320388345, 0.009708737864077669, 0.014563106796116504, 0.019417475728155338, 0.02427184466019417, 0.029126213592233007, 0.03398058252427184, 0.038834951456310676, 0.04368932038834951, 0.04854368932038834, 0.05339805825242718, 0.058252427184466014, 0.06310679611650485, 0.06796116504854369, 0.07281553398058252, 0.07766990291262135, 0.08252427184466019, 0.08737864077669902, 0.09223300970873785, 0.09708737864077668, 0.10194174757281553, 0.10679611650485436, 0.1116504854368932, 0.11650485436893203, 0.12135922330097086, 0.1262135922330097, 0.13106796116504854, 0.13592233009708737, 0.1407766990291262, 0.14563106796116504, 0.15048543689320387, 0.1553398058252427, 0.16019417475728154, 0.16504854368932037, 0.1699029126213592, 0.17475728155339804, 0.17961165048543687, 0.1844660194174757, 0.18932038834951453, 0.19417475728155337, 0.19902912621359223, 0.20388349514563106, 0.2087378640776699, 0.21359223300970873, 0.21844660194174756, 0.2233009708737864, 0.22815533980582522, 0.23300970873786406, 0.2378640776699029, 0.24271844660194172, 0.24757281553398056, 0.2524271844660194, 0.25728155339805825, 0.2621359223300971, 0.2669902912621359, 0.27184466019417475, 0.2766990291262136, 0.2815533980582524, 0.28640776699029125, 0.2912621359223301, 0.2961165048543689, 0.30097087378640774, 0.3058252427184466, 0.3106796116504854, 0.31553398058252424, 0.3203883495145631, 0.3252427184466019, 0.33009708737864074, 0.3349514563106796, 0.3398058252427184, 0.34466019417475724, 0.3495145631067961, 0.3543689320388349, 0.35922330097087374, 0.36407766990291257, 0.3689320388349514, 0.37378640776699024, 0.37864077669902907, 0.3834951456310679, 0.38834951456310673, 0.3932038834951456, 0.39805825242718446, 0.4029126213592233, 0.4077669902912621, 0.41262135922330095, 0.4174757281553398, 0.4223300970873786, 0.42718446601941745, 0.4320388349514563, 0.4368932038834951, 0.44174757281553395, 0.4466019417475728, 0.4514563106796116, 0.45631067961165045, 0.4611650485436893, 0.4660194174757281, 0.47087378640776695, 0.4757281553398058, 0.4805825242718446, 0.48543689320388345, 0.4902912621359223, 0.4951456310679611]","[99869.49903308818, 9085.103842080465, 9734.352676758404, 3251.6321084139317, 5707.464801055035, 7682.4296942836, 7833.028049713028, 8959.114036492643, 10604.15420117053, 7744.517867696885, 13535.94072240033, 14740.012466007998, 4812.113066685412, 6399.252751261899, 3888.1300571174224, 2731.3741511517974, 2381.0687269764453, 8072.111355089186, 4361.225336522355, 3771.46416891346, 2459.585736709757, 5088.143641399003, 6348.410007351968, 2141.226389166327, 2992.469822966459, 754.4244967595383, 5789.081520085046, 1745.8552572252045, 1497.7129526882168, 1598.5817191566543, 1017.6219134706636, 1006.48806591608, 143.84516688303677, 551.9027781941645, 377.98938449749494, 1118.0495973626842, 165.57401740910962, 597.3858317827511, 295.22354195930296, 712.3533152269572, 165.00320554815488, 267.4225820879264, 349.48784925511893, 395.79718621658685, 429.112784933048, 667.0435826165566, 612.3257156675271, 237.93283328563078, 137.5245872334139, 524.970873632623, 233.17315040567252, 284.27089230434876, 534.3728758268232, 1344.1338765450832, 1277.8583413503043, 1475.046747603297, 977.8241690039362, 1078.9051992496638, 1290.4613508815332, 649.0502654823046, 312.9779689935295, 771.3221462610717, 590.5104309239927, 350.58979565042154, 1415.042150659362, 1050.2617314531524, 637.277403603887, 1344.9161473330814, 272.37817117129407, 399.9999383442, 807.3251532161123, 509.5032143289139, 492.92461057831076, 810.0023884130746, 83.51200165454418, 439.6076030538507, 913.4863934312559, 127.8790176007882, 228.30381011080223, 129.41874149721457, 276.6332343102071, 163.03520254959648, 133.79245313000465, 184.19795386537734, 147.71630763991288, 214.48398097606167, 234.40292835051457, 671.0474352106253, 216.98657641467136, 359.8705050614513, 495.73929507025565, 579.1203952385523, 521.6760407419517, 201.63787722314012, 335.7945590625465, 262.08537548119165, 642.7080840352406, 301.44790279205716, 229.8017385926032, 1330.41668144596, 269.8592562727443, 1211.5538883852587, 476.8810374282713]",14,509.6027801198969,30.356102817464006,1046.6452277182295,"[2, 17, 35, 61, 73, 88, 98, 109, 119, 138, 153, 167, 183, 201]","[278.81118184920956, 689.2122265614275, 391.43201828050564, 715.8023798211824, 829.7626227223069, 1046.6452277182295, 293.83030058726536, 441.0798315569223, 264.75529929788433, 738.4833536619278, 30.356102817464006, 648.2005781111736, 509.2023087938076, 256.8654898992496]","[0, 7, 28, 7, 7, 7, 93, 104, 116, 128, 152, 152, 179, 193]","[7, 47, 47, 68, 83, 128, 104, 128, 128, 193, 155, 193, 193, 203]",61474825.70133392,1041.4464540997253,-1041.4464540997253,305645.75986577605,0.07153159482320497,0.10594479989905424,0.4951456310679611,SWT,mdp.39015067403892,30738349.86133392,,0.0,-10.5,8.0,0.0,-15.0,,313.04645409972534,251.402780119897,1454.038921678558,251.40278011989687,,305645.75986577605,251.402780119897,,,26.156102817464017,0.0,-15.0,318.24522771822956,313.04645409972534,,195.25838664896196,0.3538092987841258,,0.03767085116236102,0.16499435031265544,0.029697514475001976,0.48148148148148184,0.3580760373945916,,0.013585717339753452,0.20256892413737132,0.20256892413737132,0.20155754143768873,,0.8456923469340966,0.5109342113938843,0.5074864129763749,,,,,,0.49303707349835646,0.13,0.030303030303030304,0.4527466806544235,0.4527466806544235,2.16617334095148,0.695382317030124,30,0.7809643440288884,0.29770231500450717,93,0,0.33848017080249565,0.5580527745635251,53,0.0,0.2662498102248051,0.35243068447321124,92,30.90846701687635,0.7084106885200344,67.0,54.183280261436344,0.5381676084109606,82,coif,1.0,0.7144143715238808,0.08567568854283576,5,62.75,0.03635114108049309,0.8241803532717695,,0.05191102383015733,0.33363844294803247,0.005064490051903986,0.5142857142857146,0.052711359921510714,,0.008540410807738902,0.06780332641059714,0.06780332641059714,0.0674079217367477,,0.4935771425760888,0.3537931642984165,0.12541954930661897,,,,,0.0,,0.11716077146124365,0.2627118644067796,0.1864406779661017,0.14770735141111302,0.14770735141111302,0.1864406779661017,1.1014665636595542,0.3614625780737469,136,0.7165340359686676,0.3685437264570897,199,44.54772721475249,0.7898692112511675,167.5,161.57611940298509,0.499887435814263,188,1.0,0.7220099692676862,0.08339700921969413,7,142.75,,,0.07769419295508995,0.0,0.04000000000000001,0.626574755233133,0.07769419295509006,1.0,False,False,0.9939750185706605,0.5862307063895206,0.0012144268088434957,0.49384872719884854,,0.13568252040320816,0.3366239967397523,4.375277076895754e-06,0.6480855094033285,0.07769419295508995,0.0050075740433575214,,7.489991623588828e-05,0.0007533949266805725,0.0007533949266805725,0.0007533949266742325,,0.5862307063895206,0.0016441321359323166,0.006724096405754498,0.0019746725914270053,,,,,0.0,,9.626287872486568e-06,0.32558139534883723,0.255813953488372,0.0013137277239064805,0.0013137277239064805,0.2558139534883721,0.46744302962404477,0.1455963433010545,1020,0.6905575550133576,0.33520306256465465,2075,745.9976541518076,0.6514029653496226,1547.5,1367.6898222940229,0.46413606211406366,2099,986.6382352941176,846.0,585.0035688138154,340,0.4652856568234462,0.8173890317607586,0.42908333069536003,4,1575.25
gaus8,,,,-33.14937071367061,670212516.1122578,0.6697125452122596,594.9964494923121,206,raw,38301.94422742158,,13.240516514031135,394595.0797796452,0.025547348554623796,6.565891563202243e-07,0.3465556254631501,27494.10698160888,,,,[],[],7,26496.197993203772,5577.796966791164,86137.33215251376,"[27, 47, 80, 139, 159, 176, 193]","[86137.33215251376, 17271.89632835635, 8986.101637393926, 5577.796966791164, 14130.968202065753, 8831.173134069722, 44538.11753123572]","[0, 40, 77, 115, 115, 115, 115]","[115, 115, 115, 145, 167, 184, 205]",379990458818.77997,73998.35272608027,-73998.35272608027,0.0,,,,CWT,mdp.39015067403892,379952704205.77997,,0.0,-24.0,25.0,0.0,-24.0,,73057.35272608027,26091.385493203772,172519.3859524264,26091.385493203772,,0.0,26091.385493203772,,,5574.796966791164,0.0,-24.0,85197.33215251376,73057.35272608027,,27167.10698160888,0.16571370453280354,,0.669862914399841,0.35585517525433835,0.08810838832758791,0.7644341801385681,0.11003110014767604,,0.08087448866656387,0.13071317427794482,0.13071317427794482,0.13071317427794477,,0.22678101520897972,0.7793239087884034,0.42609595442014686,,,,,,0.08066394784525632,0.37500000000000006,0.46875,0.12202649346379771,0.12202649346379771,1.2678858503306683,0.3749414705810762,9,1.3482531825331097,0.6424396795049507,6,0,0.28610714332206877,0.39660056124817683,9,0.125,0.41748414776722476,0.6796971235352841,6,1.7320508075688772,0.8267949192431123,7.5,7.200000000000001,0.5383974596215562,9,gaus,0.5375,1.0,0.32375,1,7.0,0.16571370453280354,0.09452808862962239,,0.7159851436625626,0.4837079367466246,0.09127287752383473,0.7752066115702478,0.11247080397473713,,0.031849352517489174,0.05403285847901576,0.05403285847901576,0.054032858479015705,,0.22662546845863057,0.7793239087884034,0.4299505882717505,,,,,0.625,,0.08035625559276136,0.375,0.45454545454545453,0.12343221658805123,0.12343221658805123,0.3488372093023256,1.2684073628923647,0.39145239519615654,18,1.426157144179916,0.653700027945932,15,2.1213203435596424,0.8939339828220179,16.5,16.363636363636363,0.534466991411009,16,0.5743243243243243,1.0,0.2979729729729729,2,12.5,102.0,False,0.812133571569758,0.24999999999999994,0.6818181818181817,,0.6898303667010676,,,,,,0.32494347323347295,0.00321841554246112,,0.030736454468138774,0.9823467606938193,0.17618722043303808,0.6679745636585035,0.489997582332083,0.0295740100081323,,0.07442480107859296,0.23529628436287717,0.23529628436287717,0.23529628436287228,,0.0,0.22875490469495702,0.7981586156887477,0.5286389928625308,,,,,0.7391304347826086,,0.11898927968203735,0.11627906976744196,0.11627906976744184,0.3065917804035927,0.3065917804035927,0.11627906976744184,1.5361655066957596,0.4784755923304697,17,1.1711758922765796,0.5684996754331473,1904,1334.3104960990152,0.3764904223836377,960.5,33.69911504424779,0.4638293233413516,2100,1982.5625,2068.5,192.51804028021203,16,0.9349504833765622,0.26899346077528574,0.26483662340382075,10,1577.5
db9,,,,6.4436249462128075,33976.00961212517,0.6407766990291263,25.45312109993581,206,smoothed,143.56239837921194,,7.192259328018162,90447.61084362335,1.0,7.499910760224147e-05,-0.05512634772673714,159.1978323304411,0.04854368932038834,14740.084001749105,15.0,"[0.0, 0.0048543689320388345, 0.009708737864077669, 0.014563106796116504, 0.019417475728155338, 0.02427184466019417, 0.029126213592233007, 0.03398058252427184, 0.038834951456310676, 0.04368932038834951, 0.04854368932038834, 0.05339805825242718, 0.058252427184466014, 0.06310679611650485, 0.06796116504854369, 0.07281553398058252, 0.07766990291262135, 0.08252427184466019, 0.08737864077669902, 0.09223300970873785, 0.09708737864077668, 0.10194174757281553, 0.10679611650485436, 0.1116504854368932, 0.11650485436893203, 0.12135922330097086, 0.1262135922330097, 0.13106796116504854, 0.13592233009708737, 0.1407766990291262, 0.14563106796116504, 0.15048543689320387, 0.1553398058252427, 0.16019417475728154, 0.16504854368932037, 0.1699029126213592, 0.17475728155339804, 0.17961165048543687, 0.1844660194174757, 0.18932038834951453, 0.19417475728155337, 0.19902912621359223, 0.20388349514563106, 0.2087378640776699, 0.21359223300970873, 0.21844660194174756, 0.2233009708737864, 0.22815533980582522, 0.23300970873786406, 0.2378640776699029, 0.24271844660194172, 0.24757281553398056, 0.2524271844660194, 0.25728155339805825, 0.2621359223300971, 0.2669902912621359, 0.27184466019417475, 0.2766990291262136, 0.2815533980582524, 0.28640776699029125, 0.2912621359223301, 0.2961165048543689, 0.30097087378640774, 0.3058252427184466, 0.3106796116504854, 0.31553398058252424, 0.3203883495145631, 0.3252427184466019, 0.33009708737864074, 0.3349514563106796, 0.3398058252427184, 0.34466019417475724, 0.3495145631067961, 0.3543689320388349, 0.35922330097087374, 0.36407766990291257, 0.3689320388349514, 0.37378640776699024, 0.37864077669902907, 0.3834951456310679, 0.38834951456310673, 0.3932038834951456, 0.39805825242718446, 0.4029126213592233, 0.4077669902912621, 0.41262135922330095, 0.4174757281553398, 0.4223300970873786, 0.42718446601941745, 0.4320388349514563, 0.4368932038834951, 0.44174757281553395, 0.4466019417475728, 0.4514563106796116, 0.45631067961165045, 0.4611650485436893, 0.4660194174757281, 0.47087378640776695, 0.4757281553398058, 0.4805825242718446, 0.48543689320388345, 0.4902912621359223, 0.4951456310679611]","[99869.49903308817, 9085.103842080482, 9734.352676775194, 3251.6321087181445, 5707.464809738056, 7682.4297910817995, 7833.028575367749, 8959.116358798365, 10604.162419784694, 7744.532184759312, 13535.988089861883, 14740.084001749105, 4812.1268988750235, 6399.191938015041, 3887.953068857515, 2731.029470250116, 2380.4019521981063, 8067.75951898457, 4357.170503292722, 3765.9720115901523, 2454.4747488736375, 5074.49662116915, 6328.994038359753, 2135.0429912458667, 2987.2028080176774, 755.0022387268122, 5818.364355089646, 1765.5668792425365, 1526.70134185792, 1644.759708435639, 1057.7475274127746, 1057.5077768950791, 152.85937944102514, 593.5232937551109, 411.3337194753122, 1227.7215610738508, 181.79890734160716, 642.9592798439515, 301.4143711114957, 661.9724361641888, 134.2250461245789, 185.47143341832978, 204.74633808892355, 197.92883161344838, 190.8793693456637, 292.16889626370823, 320.3995574498037, 191.78084184426618, 212.25575988938837, 1049.7128988985799, 327.4835174439912, 308.21960417574263, 505.0092578190934, 1200.9807925828268, 1145.8582400216203, 1393.935619491393, 1016.3371721329194, 1278.4544854758315, 1778.332252627677, 1020.1397797321944, 516.7164880493214, 1196.9966869585553, 806.7115210816094, 418.4448519287259, 1508.1903592153783, 1030.7236714921921, 593.6363907795662, 1220.547584823914, 245.59913618729, 362.8665118843604, 741.5001656746113, 474.79503636547884, 466.02936533078105, 776.2118659572193, 81.0058257092669, 430.903535602079, 903.054380657354, 127.22955721164735, 228.12901966863222, 129.64598236982755, 277.4295549433244, 163.53226551330442, 134.15034058465793, 184.57992833453977, 147.93110836019676, 214.68321282504405, 234.52923184763011, 671.235297267463, 217.01395519468156, 359.88688567399487, 495.744006124815, 579.1187305798144, 521.6735089487568, 201.6371716122039, 335.79393828787346, 262.0851723551142, 642.7079174378459, 301.447882562651, 229.80173569711724, 1330.416679421937, 269.859256247497, 1211.5538883831698, 476.8810374282667]",14,498.45684445258587,64.1110541809393,996.1207042434576,"[14, 25, 39, 59, 71, 86, 96, 107, 117, 136, 152, 165, 182, 199]","[378.70125608561574, 68.28529636306979, 646.449645167541, 682.1099653718235, 824.6747593855617, 996.1207042434576, 391.06395384547255, 485.81902102972344, 299.27217522699664, 658.5473333086261, 64.1110541809393, 675.7219595924819, 547.6514030338454, 259.867295501048]","[5, 24, 5, 5, 5, 5, 91, 102, 113, 128, 150, 128, 177, 192]","[27, 27, 45, 65, 79, 128, 102, 128, 128, 150, 154, 192, 192, 201]",61504702.83126932,987.3328135248911,-987.3328135248911,306605.39357441897,0.07226141865595567,0.10655262484690091,0.4951456310679611,SWT,mdp.39015067403892,30768226.99126932,,0.0,-15.0,8.0,0.0,-6.0,,258.9328135248911,240.25684445258594,1297.9958223362037,240.25684445258588,,306605.39357441897,240.25684445258594,,,59.91105418093932,0.0,-15.0,267.7207042434576,258.9328135248911,,203.2021676695589,0.48116962320756196,,0.08861619612497618,0.16025598385426582,0.02786531807147103,0.29629629629629683,0.3580760373945916,,0.09562701265428097,0.15527065033799636,0.15527065033799636,0.15419927918627913,,0.9297337274165899,0.44086140119895134,0.2797406049194739,,,,,,0.4993616040101599,0.04000000000000001,0.030303030303030304,0.22215640760978653,0.22215640760978653,1.9811092893078086,0.6359732814750875,57,0.8191586231953607,0.31226191098955336,88,0,0.296118438006293,0.4882109210032655,71,0.0,0.27994296638112043,0.37055609982165444,88,14.98888477061141,0.8585954266923452,76.0,73.58942039466886,0.5708071473084368,72,db,0.9817779367705585,0.7465271631990054,0.08879729530090745,4,55.0,0.049436419328079434,0.8355734909176753,,0.09531829122793145,0.33134371702701343,0.004752034931573057,0.37142857142857183,0.052711359921510714,,0.060114159006875584,0.051971775195456094,0.051971775195456094,0.05156965534065605,,0.5241135249754838,0.3158080865493644,0.06913473877259191,,,,,0.0,,0.11866367441463693,0.18644067796610164,0.1864406779661017,0.07247791307849671,0.07247791307849671,0.3389830508474576,1.06546690710672,0.3496487572128361,142,0.7309944014855827,0.3759813033564633,196,38.18376618407357,0.8198878953581435,169.0,164.68639053254438,0.5113590420186944,180,0.9080317387829661,0.7281573716544635,0.1459305713555847,6,136.5,,,0.176491512889428,0.0,0.22,0.6507727632103716,0.17649151288942794,1.0,False,False,0.9970957945100625,0.5880712905583962,0.001217945075531457,0.500525396003191,,0.1367167390222479,0.3364478278555958,4.105343142475713e-06,0.5445812474631311,0.1764915128894281,0.0050075740433575214,,0.0005272047885712795,0.0006522261300173527,0.0006522261300173527,0.0006522261300110126,,0.5880712905583962,0.0017110210715674,0.006002162376104142,0.001661174122287738,,,,,0.0,,9.635644453267881e-06,0.2558139534883721,0.255813953488372,0.0010866349428394783,0.0010866349428394783,0.39534883720930225,0.4889471480124998,0.15229431675418342,1002,0.6912111460947012,0.3355203217569418,2073,757.3113626507924,0.6461161856771998,1537.5,1350.989268292683,0.46382912087598305,2101,1009.0473684210526,935.5,610.6543869996938,760,0.4758535102197843,0.8532293215616218,0.41093374637766444,5,1577.0
db10,,,,6.225693919913132,34041.000203828255,0.6456310679611651,25.38852913899332,206,smoothed,143.08061560408527,,7.192292590154509,90447.61084362336,1.0,7.966392989708605e-05,-0.12702552288045302,165.2010890221119,0.04854368932038834,14739.945251050254,15.0,"[0.0, 0.0048543689320388345, 0.009708737864077669, 0.014563106796116504, 0.019417475728155338, 0.02427184466019417, 0.029126213592233007, 0.03398058252427184, 0.038834951456310676, 0.04368932038834951, 0.04854368932038834, 0.05339805825242718, 0.058252427184466014, 0.06310679611650485, 0.06796116504854369, 0.07281553398058252, 0.07766990291262135, 0.08252427184466019, 0.08737864077669902, 0.09223300970873785, 0.09708737864077668, 0.10194174757281553, 0.10679611650485436, 0.1116504854368932, 0.11650485436893203, 0.12135922330097086, 0.1262135922330097, 0.13106796116504854, 0.13592233009708737, 0.1407766990291262, 0.14563106796116504, 0.15048543689320387, 0.1553398058252427, 0.16019417475728154, 0.16504854368932037, 0.1699029126213592, 0.17475728155339804, 0.17961165048543687, 0.1844660194174757, 0.18932038834951453, 0.19417475728155337, 0.19902912621359223, 0.20388349514563106, 0.2087378640776699, 0.21359223300970873, 0.21844660194174756, 0.2233009708737864, 0.22815533980582522, 0.23300970873786406, 0.2378640776699029, 0.24271844660194172, 0.24757281553398056, 0.2524271844660194, 0.25728155339805825, 0.2621359223300971, 0.2669902912621359, 0.27184466019417475, 0.2766990291262136, 0.2815533980582524, 0.28640776699029125, 0.2912621359223301, 0.2961165048543689, 0.30097087378640774, 0.3058252427184466, 0.3106796116504854, 0.31553398058252424, 0.3203883495145631, 0.3252427184466019, 0.33009708737864074, 0.3349514563106796, 0.3398058252427184, 0.34466019417475724, 0.3495145631067961, 0.3543689320388349, 0.35922330097087374, 0.36407766990291257, 0.3689320388349514, 0.37378640776699024, 0.37864077669902907, 0.3834951456310679, 0.38834951456310673, 0.3932038834951456, 0.39805825242718446, 0.4029126213592233, 0.4077669902912621, 0.41262135922330095, 0.4174757281553398, 0.4223300970873786, 0.42718446601941745, 0.4320388349514563, 0.4368932038834951, 0.44174757281553395, 0.4466019417475728, 0.4514563106796116, 0.45631067961165045, 0.4611650485436893, 0.4660194174757281, 0.47087378640776695, 0.4757281553398058, 0.4805825242718446, 0.48543689320388345, 0.4902912621359223, 0.4951456310679611]","[99869.49903308816, 9085.103842080465, 9734.352676760132, 3251.6321084396927, 5707.464801561744, 7682.429696477528, 7833.028036872619, 8959.1138354344, 10604.152796799013, 7744.513674042252, 13535.917295317635, 14739.945251050254, 4812.064177860754, 6399.129451697455, 3888.0110905822107, 2731.2705871615967, 2381.0069173663237, 8072.385455639969, 4362.0397071999005, 3773.3195874497187, 2462.0820662747296, 5097.3387673868265, 6366.657599516633, 2150.072107969338, 3008.463705305014, 759.0082299422775, 5821.724729056963, 1751.3045914259549, 1494.0002519442332, 1579.4700444683688, 991.7217527675695, 964.2050772475156, 135.31079596947197, 511.1083663876454, 347.10655438541335, 1029.474966451227, 154.7392662657069, 571.1726131569022, 288.48185927841257, 704.9685538499622, 163.88229117521365, 266.5332744701125, 353.9905550230474, 417.7817198877201, 489.9466810514427, 867.8055790987091, 978.301670113879, 523.2787553850615, 475.35010359720917, 1874.9865006701816, 464.2579811497261, 346.52621691614695, 448.4275796413094, 834.3745829610586, 615.1869570965988, 576.6723938217085, 339.0971410829487, 397.9097732349661, 618.3150541180618, 432.2008389536895, 268.73578955455787, 749.5694656136005, 593.7738515483378, 353.5562474685087, 1429.5123043670378, 1070.6848982805857, 659.7213519634673, 1416.0747937260376, 290.59546357900274, 429.07078313262537, 862.8509665521312, 538.5398195780789, 513.2087045233037, 830.4216579181261, 84.5071726268602, 440.6980577422313, 910.6260698165115, 127.15460546064149, 226.90963936084748, 128.72377167207586, 275.4860223632682, 162.56527150838562, 133.55023025616038, 184.0108107081471, 147.64359994969973, 214.44392266839927, 234.39496856117256, 671.0648543317508, 216.99480346173456, 359.8815158132381, 495.7488466948375, 579.1262787718816, 521.6784195915751, 201.63822620361515, 335.7947408951245, 262.08541019071896, 642.7080984587376, 301.44790328621417, 229.80173852698005, 1330.4166813278437, 269.85925627060544, 1211.5538883850459, 476.88103742826934]",13,471.46665433066147,32.50449527879823,985.8731305871571,"[1, 15, 38, 59, 71, 88, 109, 122, 138, 153, 165, 183, 198]","[64.48973581563837, 615.9456010882006, 420.8644222579532, 782.0202773907048, 589.2622331063592, 985.8731305871571, 440.1708894173971, 32.50449527879823, 674.365575157876, 41.80566542921804, 683.6828033921968, 516.6346927593154, 281.4469846177856]","[0, 7, 26, 7, 66, 7, 102, 121, 129, 151, 129, 172, 194]","[7, 45, 45, 78, 78, 129, 129, 129, 155, 155, 194, 194, 204]",61455588.16629419,950.4724378941148,-950.4724378941148,304223.3295115189,0.0703602722109335,0.10491345044378919,0.4951456310679611,SWT,mdp.39015067403892,30719112.32629419,,0.0,-15.5,9.0,0.0,-15.5,,222.07243789411484,213.26665433066154,448.6665062986003,213.29260023404873,,304223.3295115189,213.26665433066154,,,28.304495278798242,0.0,-15.5,257.47313058715713,222.07243789411484,,197.1989109778881,0.33320984626734557,,0.059880750387117154,0.16035152355975907,0.02798128624037912,0.3333333333333338,0.3580760373945932,,0.01880737796292785,0.04073657797402569,0.04073657797402569,0.03963018537231727,,0.8662221605127898,0.05946105599610954,0.23354834455818424,,,,,,0.4889647821640235,0.030000000000000013,0.020202020202020193,0.06508613861773169,0.06508613861773169,1.5967355679974258,0.5125820994873611,75,0.783931953087448,0.2988335626645525,92,0,0.21585537101119123,0.3558810798624964,96,0.0,0.26963445339714764,0.3569108833845986,91,9.255628917943215,0.9126827460571395,88.5,87.70280356698574,0.5388885428398905,81,db,0.9817779367705585,0.7465271631990054,0.08879729530090745,4,61.75,0.03423470828126562,0.8888218097582712,,0.07083465728938831,0.3313899855967003,0.0047718116586209225,0.40000000000000036,0.052711359921510936,,0.011822911518247034,0.013635238005956507,0.013635238005956507,0.013253726032453228,,0.5010366373443579,0.10905853953186995,0.05771884205530059,,,,,0.08333333333333331,,0.11619306980148808,0.17796610169491522,0.17796610169491528,0.021234172572851484,0.021234172572851484,0.17796610169491525,0.8708226064851031,0.2857733450747722,176,0.7167333555231115,0.3686462449246894,198,15.556349186104045,0.9266209944051695,187.0,186.35294117647058,0.5222727613535282,171,0.9080317387829661,0.7281573716544635,0.1459305713555847,6,129.75,,,0.12037540785338063,0.25,0.03,0.7638674421412728,0.12037540785338069,1.0,False,False,0.9893492052159811,0.583502475015618,0.0012138577590400492,0.531730266894437,,0.1361333936149235,0.336451379949647,4.122428507363557e-06,0.5652820998511706,0.12037540785338074,0.005007574043357523,,0.0001036876448119561,0.0004072431032128064,0.0004072431032128064,0.00040747860751066836,,0.583502475015618,0.0016604719124945486,0.0020727368634645043,0.0015975891850592608,,,,,0.04347826086956519,,9.620263279394065e-06,0.24806201550387597,0.24806201550387585,0.000931947046696335,0.000931947046696335,0.24806201550387597,0.47015827922719927,0.14644207291582037,1019,0.6860570574532381,0.3330184791736473,2076,747.4118677141807,0.6507421178905697,1547.5,1367.0074313408725,0.4638056383845372,2102,1009.0473684210526,935.5,610.6543869996938,760,0.4758535102197843,0.8532293215616218,0.41093374637766444,5,1577.75
db12,1.0,smooth,7.99166645357569e-27,318.2210252470282,4964285.295354454,0.5614035087719298,69.49134203830357,206,smoothed,6.356943019445943e-14,-2.1267110295042404e-10,6.191520835589969,38875.894712219146,0.9883717965324352,0.00014966566451320268,0.9999999999999999,362.40000000000003,,,,[],[],11,426.6,32.19999999999993,728.4000000000002,"[9, 31, 53, 64, 80, 102, 131, 148, 158, 175, 192]","[311.0, 417.79999999999984, 589.6000000000001, 432.1999999999998, 728.4000000000002, 371.0000000000001, 587.0000000000001, 32.19999999999993, 448.20000000000005, 367.99999999999994, 407.2000000000002]","[0, 0, 0, 60, 0, 94, 120, 144, 144, 165, 186]","[20, 40, 75, 75, 205, 120, 205, 149, 205, 186, 205]",30736475.84000001,728.4000000000002,-728.4000000000002,0.0,,,,DWT,mdp.39015067403892,1.4901161193847656e-08,,0.0,15.0,11.0,0.0,33.0,,2.2737367544323206e-13,168.4000000000001,987.7999999999984,168.40000000000003,,0.0,168.4000000000001,,,27.999999999999943,0.0,15.0,2.2737367544323206e-13,2.2737367544323206e-13,,5.684341886080802e-14,9.08162131735899e-14,1.8600519644212888e-26,0.9738274925244564,0.082484816805315,0.06334788128169218,0.33198904881456825,0.08645367131292787,,0.9999996646602125,4.4059791007223055e-09,4.4059791007223055e-09,3.6787269888316428e-09,,6.125805465799743e-13,0.9999999955939887,1.5171946557926922e-13,,,,,,3.1786782849947497e-13,0.0,0.0,3.4954031196328703e-13,3.4954031196328703e-13,0.7999999009429447,0.3007374869112002,865,0.8245899326092031,0.4186178094892119,428,0,0.1666666393955556,0.23713383958395826,866,0.0,0.21972898724843584,0.3876614025715854,407,258.7952858921507,0.7287261154170328,641.5,563.0428659307688,0.5281471247944702,801,db,0.573477938514061,0.8443824841957417,0.34525069778143475,3,601.5,6.197323342902177e-14,0.9999999999705134,4.85855488361833e-27,0.9603849166006417,0.7426446022848973,0.00016594690418079896,0.2724376731301939,0.0008420510936919894,0.9999999997234238,2.0315811922300142e-05,4.745454029730922e-11,4.745454029730922e-11,3.962169481397382e-11,,6.125805465799743e-13,0.0031261328403480726,1.5171946557926922e-13,,,,,0.0,,1.4749084227875944e-13,0.0,0.0,2.847685247612971e-13,2.847685247612971e-13,1.0,0.20156916120467977,0.05751224468497572,1795,1.7569481141250205,0.8122110284521848,185,1138.4419177103416,0.40333232824405574,990.0,335.4292929292929,0.4422322018578769,1792,0.49117026184683504,0.8233619396015222,0.4091722348267588,4,1345.0,,,,,,,,,,,,,4.161117171569776e-19,0.9999999999715827,4.85855488361833e-27,0.9712647960893221,0.22957804629202525,0.0013002334587721997,0.20610415227623924,0.9999999999999999,0.0008420510936919894,0.9999999999999541,9.960751159770347e-05,3.8435400695480126e-14,3.8435400695480126e-14,3.20911916831812e-14,,0.0,4.786380409530668e-19,0.00456704015061846,1.4108257588933865e-18,,,,,0.13043478260869565,,4.666576700876887e-21,0.7209302325581395,0.7209302325581395,9.54194168962319e-19,9.54194168962319e-19,1.0,0.3986733618839274,0.12417638082767558,1917,1.8809764988684208,0.9130434942828773,80,1298.9551570396877,0.393011608859959,998.5,153.59038557836755,0.463211411906615,2103,1009.0473684210526,935.5,610.6543869996938,760,0.4758535102197843,0.8532293215616218,0.41093374637766444,5,1578.5
db35,1.0,reflect,1.6234726794073462e-26,315.142948897423,6542686.737776761,0.5291970802919708,120.08014292270293,206,smoothed,8.731742405712106e-14,-1.979710839705721e-10,6.658220997293305,31013.33546190384,0.982988412552993,0.00014966566451320274,0.9999999999999997,362.40000000000015,,,,[],[],11,426.59999999999997,32.19999999999993,728.3999999999997,"[9, 31, 53, 64, 80, 102, 131, 148, 158, 175, 192]","[311.0, 417.7999999999999, 589.5999999999997, 432.1999999999997, 728.3999999999997, 371.0000000000002, 587.0000000000001, 32.19999999999993, 448.19999999999993, 368.00000000000034, 407.2000000000001]","[0, 0, 0, 60, 0, 94, 120, 144, 144, 165, 186]","[20, 40, 75, 75, 204, 120, 204, 149, 204, 186, 204]",30736475.839999996,728.3999999999997,-728.3999999999997,0.0,,,,DWT,mdp.39015067403892,0.0,,0.0,15.0,11.0,0.0,33.0,,2.2737367544323206e-13,168.40000000000003,987.7999999999993,168.4,,0.0,168.40000000000003,,,27.999999999999943,0.0,15.0,2.2737367544323206e-13,2.2737367544323206e-13,,1.7053025658242404e-13,1.4298722925203525e-13,4.272465717623496e-26,0.9621326095653101,0.7556550256679594,0.7407265519575599,0.11076362685337342,0.021250776794093644,,0.9999996646602125,4.4059199552998455e-09,4.4059199552998455e-09,3.6786974161203912e-09,,1.837741639739923e-12,0.9999999955940747,1.5171946557926922e-13,,,,,,0.0,0.0,0.0,3.4954031196328703e-13,3.4954031196328703e-13,0.7999999009433968,0.3007374869113702,862,1.378276116010975,0.6997064913588465,66,0,0.16666663939562607,0.23713383958405854,862,0.0,0.37007551297691993,0.6529133648435045,74,457.2730766912334,0.520678116675856,466.0,129.09383049184348,0.5161042574993535,850,db,0.573477938514061,0.8443824841957417,0.34525069778143475,3,638.25,9.197923567515701e-14,0.9999999999705138,1.0691890203658204e-26,0.9490261180282341,0.9038660963017336,0.0019404165641353432,0.09089512101421438,0.00020698068190188115,0.9999999997236453,2.0315811922300142e-05,4.745387416349445e-11,4.745387416349445e-11,3.962136174706643e-11,,1.837741639739923e-12,0.0031261328403482946,1.5171946557926922e-13,,,,,0.0,,0.0,0.0,0.0,2.847685247612971e-13,2.847685247612971e-13,1.0,0.20156916120521823,0.05751224468512935,1727,1.7587597678089613,0.8130485290533711,174,1098.1368311827082,0.42445658743044645,950.5,316.1472908995266,0.46314548449090454,1700,0.49117026184683504,0.8233619396015222,0.4091722348267588,4,1276.0,,,,,,,,,,,,,6.17583359490366e-19,0.9999999999715831,1.0691890203658204e-26,0.9630255759451147,0.2794173846549366,0.001715179128243732,0.06876384476286507,0.9999999999999997,0.00020698068190188115,0.9999999999999541,9.960751159770347e-05,3.8434858594393884e-14,3.8434858594393884e-14,3.209086642252945e-14,,0.0,1.4359141228592004e-18,0.004567040150618464,1.4108257588933865e-18,,,,,0.13043478260869565,,0.0,0.7209302325581395,0.7209302325581395,9.54194168962319e-19,9.54194168962319e-19,1.0,0.3986733618839274,0.12417638082767558,1960,1.8459699576280222,0.8960509934429575,315,1163.1906550518706,0.4564529649290324,1137.5,542.7692307692307,0.46245545442713304,2104,1009.0473684210526,935.5,610.6543869996938,760,0.4758535102197843,0.8532293215616218,0.41093374637766444,5,1579.25
db26,1.0,antireflect,1.3869266099018338e-26,315.8268639353148,5913081.394862623,0.53125,112.64032026085896,206,smoothed,8.027666988542056e-14,-2.1108979009199007e-10,6.550949015153578,109883.35915662975,0.9953183049188155,0.0001496656645132029,0.9999999999999996,362.4000000000001,,,,[],[],11,426.60000000000014,32.2000000000001,728.4,"[9, 31, 53, 64, 80, 102, 131, 148, 158, 175, 192]","[311.0000000000001, 417.7999999999999, 589.6000000000005, 432.1999999999998, 728.4, 370.9999999999999, 587.0000000000001, 32.2000000000001, 448.20000000000016, 368.00000000000006, 407.2000000000002]","[0, 0, 0, 60, 0, 94, 120, 144, 144, 165, 186]","[20, 40, 75, 75, 205, 120, 205, 149, 205, 186, 205]",30736475.840000004,728.4,-728.4,0.0,,,,DWT,mdp.39015067403892,7.450580596923828e-09,,0.0,15.0,11.0,0.0,33.0,,0.0,168.4000000000002,987.7999999999975,168.4000000000001,,0.0,168.4000000000002,,,28.000000000000114,0.0,15.0,0.0,0.0,,1.1368683772161603e-13,1.2751967855194428e-13,3.580190072694074e-26,0.9647310851759526,0.6009254829170989,0.4705283509352016,0.1248650982085045,0.6753067491492708,,0.9999996648089,4.406097391567225e-09,4.406097391567225e-09,3.6787861342541454e-09,,1.2251610931599486e-12,0.9999999955939026,0.0,,,,,,1.5893391424973748e-13,0.0,0.0,0.0,0.0,0.7999999009876075,0.30073748692798996,696,1.4346343069748702,0.7283177337656365,53,0,0.1666666394079306,0.23713383960156548,698,0.0,0.40519382376945096,0.7148715697588386,48,373.2634235139218,0.6087385497757634,373.75,93.961330276443,0.6084835306530808,544,db,0.573477938514061,0.8443824841957417,0.34525069778143475,3,408.75,8.308312063014271e-14,0.9999999999705149,9.017933584313855e-27,0.951549919348838,0.8668090077342185,0.0012326019684822435,0.10246710526315811,0.006577427864693736,0.9999999997234476,2.0315811925353255e-05,4.745570603148508e-11,4.745570603148508e-11,3.962224992548613e-11,,1.2251610931599486e-12,0.003126132840347795,0.0,,,,,0.0,,7.374542113937972e-14,0.0,0.0,0.0,0.0,1.0,0.20156916120476107,0.057512244684998916,1778,1.7485685695923523,0.8083372894224874,254,1077.6307345282985,0.43520401754282045,1016.0,444.49999999999994,0.4513546293164836,1752,0.49117026184683504,0.8233619396015222,0.4091722348267588,4,1315.0,,,,,,,,,,,,,5.578514800549225e-19,0.9999999999715842,9.017933584313855e-27,0.9648562409180115,0.2679617112838172,0.001549662293618044,0.07751826545798962,0.9999999999999997,0.006577427864693736,0.9999999999999541,9.960751159770586e-05,3.843648489765261e-14,3.843648489765261e-14,3.209173378426744e-14,,0.0,9.572760819061336e-19,0.004567040150618456,0.0,,,,,0.13043478260869565,,2.3332883504384434e-21,0.7209302325581395,0.7209302325581395,0.0,0.0,1.0,0.3986733618839274,0.12417638082767558,1957,1.8473077086600547,0.896700350241143,292,1177.3327906756017,0.44984449033850393,1124.5,508.17607825700316,0.46218860030943887,2105,1009.0473684210526,935.5,610.6543869996938,760,0.4758535102197843,0.8532293215616218,0.41093374637766444,5,1580.0
db18,1.0,periodic,7.553641862397048e-27,318.4658348428535,5438431.984924629,0.5375,108.35273575059888,206,smoothed,6.16895962576184e-14,-1.9948642737688302e-10,6.403945338249471,31928.446950937177,0.981341969339545,0.0001496656645132028,0.9999999999999997,362.4000000000001,,,,[],[],11,426.59999999999997,32.19999999999999,728.3999999999999,"[9, 31, 53, 64, 80, 102, 131, 148, 158, 175, 192]","[310.9999999999999, 417.80000000000007, 589.5999999999999, 432.20000000000016, 728.3999999999999, 370.99999999999994, 586.9999999999999, 32.19999999999999, 448.1999999999999, 368.0000000000001, 407.20000000000016]","[0, 0, 0, 60, 0, 94, 120, 144, 144, 165, 186]","[20, 40, 75, 75, 205, 120, 205, 149, 205, 186, 205]",30736475.83999999,728.3999999999999,-728.3999999999999,0.0,,,,DWT,mdp.39015067403892,7.450580596923828e-09,,0.0,15.0,11.0,0.0,33.0,,1.1368683772161603e-13,168.40000000000003,987.7999999999993,168.4,,0.0,168.40000000000003,,,28.0,0.0,15.0,1.1368683772161603e-13,1.1368683772161603e-13,,1.1368683772161603e-13,8.668648132714802e-14,1.7318597027671278e-26,0.974757625258435,0.3888867822576837,0.2668302436606266,0.16779624433412488,0.028839643980057457,,0.999999664709775,4.4059199552998455e-09,4.4059199552998455e-09,3.6786974161203912e-09,,1.2251610931599486e-12,0.9999999955940747,7.585973278963461e-14,,,,,,1.5893391424973748e-13,0.0,0.0,1.7477015598164352e-13,1.7477015598164352e-13,0.7999999009579309,0.3007374869168339,814,0.991367443439915,0.5032853921203762,215,0,0.16666663939968304,0.2371338395898308,815,0.0,0.26101579135585923,0.4605024991806809,221,344.39838849797195,0.638995399897304,516.25,343.89241341769946,0.5489264211226562,751,db,0.573477938514061,0.8443824841957417,0.34525069778143475,3,564.0,5.959803063684406e-14,0.999999999970514,4.5485796786310395e-27,0.9612883194314158,0.816026611752291,0.0006989918523145029,0.1376973684210527,0.0002808955754718032,0.9999999997236225,2.0315811923354854e-05,4.745387416349445e-11,4.745387416349445e-11,3.962136174706643e-11,,1.2251610931599486e-12,0.0031261328403482946,7.585973278963461e-14,,,,,0.0,,7.374542113937972e-14,0.0,0.0,1.4238426238064856e-13,1.4238426238064856e-13,1.0,0.20156916120485424,0.0575122446850255,1759,1.740327098940383,0.8045273798979093,340,1003.384522503711,0.4741171265703821,1049.5,569.8523106241067,0.4620323578344573,1706,0.49117026184683504,0.8233619396015222,0.4091722348267588,4,1280.5,,,,,,,,,,,,,4.001637077057509e-19,0.9999999999715835,4.5485796786310395e-27,0.9719200885266517,0.2522630537837302,0.001424881796161876,0.10417061290759039,0.9999999999999997,0.0002808955754718032,0.9999999999999541,9.960751159770423e-05,3.8434858594393884e-14,3.8434858594393884e-14,3.209086642252945e-14,,0.0,9.572760819061336e-19,0.004567040150618464,7.054128794466933e-19,,,,,0.13043478260869565,,2.3332883504384434e-21,0.7209302325581395,0.7209302325581395,4.770970844811595e-19,4.770970844811595e-19,1.0,0.3986733618839274,0.12417638082767558,1953,1.8517766242906184,0.8988696034696868,256,1199.9602076735712,0.4392709309936583,1104.5,452.66455409687643,0.46157471783327775,2106,1009.0473684210526,935.5,610.6543869996938,760,0.4758535102197843,0.8532293215616218,0.41093374637766444,5,1580.75
coif14,,,,5.891848598448284,35221.70104119103,0.6601941747572816,28.499145130627443,206,smoothed,142.95567562617344,,7.194281330889812,90447.61084362336,1.0,7.572375113508046e-05,-0.23830844149474684,164.52166793901748,0.04854368932038834,14740.01247130966,15.0,"[0.0, 0.0048543689320388345, 0.009708737864077669, 0.014563106796116504, 0.019417475728155338, 0.02427184466019417, 0.029126213592233007, 0.03398058252427184, 0.038834951456310676, 0.04368932038834951, 0.04854368932038834, 0.05339805825242718, 0.058252427184466014, 0.06310679611650485, 0.06796116504854369, 0.07281553398058252, 0.07766990291262135, 0.08252427184466019, 0.08737864077669902, 0.09223300970873785, 0.09708737864077668, 0.10194174757281553, 0.10679611650485436, 0.1116504854368932, 0.11650485436893203, 0.12135922330097086, 0.1262135922330097, 0.13106796116504854, 0.13592233009708737, 0.1407766990291262, 0.14563106796116504, 0.15048543689320387, 0.1553398058252427, 0.16019417475728154, 0.16504854368932037, 0.1699029126213592, 0.17475728155339804, 0.17961165048543687, 0.1844660194174757, 0.18932038834951453, 0.19417475728155337, 0.19902912621359223, 0.20388349514563106, 0.2087378640776699, 0.21359223300970873, 0.21844660194174756, 0.2233009708737864, 0.22815533980582522, 0.23300970873786406, 0.2378640776699029, 0.24271844660194172, 0.24757281553398056, 0.2524271844660194, 0.25728155339805825, 0.2621359223300971, 0.2669902912621359, 0.27184466019417475, 0.2766990291262136, 0.2815533980582524, 0.28640776699029125, 0.2912621359223301, 0.2961165048543689, 0.30097087378640774, 0.3058252427184466, 0.3106796116504854, 0.31553398058252424, 0.3203883495145631, 0.3252427184466019, 0.33009708737864074, 0.3349514563106796, 0.3398058252427184, 0.34466019417475724, 0.3495145631067961, 0.3543689320388349, 0.35922330097087374, 0.36407766990291257, 0.3689320388349514, 0.37378640776699024, 0.37864077669902907, 0.3834951456310679, 0.38834951456310673, 0.3932038834951456, 0.39805825242718446, 0.4029126213592233, 0.4077669902912621, 0.41262135922330095, 0.4174757281553398, 0.4223300970873786, 0.42718446601941745, 0.4320388349514563, 0.4368932038834951, 0.44174757281553395, 0.4466019417475728, 0.4514563106796116, 0.45631067961165045, 0.4611650485436893, 0.4660194174757281, 0.47087378640776695, 0.4757281553398058, 0.4805825242718446, 0.48543689320388345, 0.4902912621359223, 0.4951456310679611]","[99869.49903308818, 9085.103842080467, 9734.352676758406, 3251.632108413933, 5707.464801055035, 7682.429694283595, 7833.028049712953, 8959.114036491514, 10604.15420116233, 7744.517867697134, 13535.940722935502, 14740.01247130966, 4812.1130756908515, 6399.252792249964, 3888.130107738373, 2731.374149826522, 2381.0684269394815, 8072.106568487175, 4361.217734421675, 3771.45054779164, 2459.5741961070466, 5088.144563664686, 6348.546938038983, 2141.3833170513153, 2992.9521285744486, 754.6197848992185, 5790.665985992159, 1745.8911145626748, 1496.5816776215477, 1595.0031874670567, 1013.3181804817134, 1000.736503766324, 143.17606486803012, 552.7101828788353, 383.2034845637817, 1151.0913311460563, 172.27160641046189, 618.6144536565102, 298.37472476464245, 696.5551911727633, 157.8202369098898, 254.07559119095018, 328.7161463269229, 357.97148932364644, 355.8896256757361, 493.67547808588864, 487.129536974883, 329.14439324522374, 412.2548939131103, 2021.9204864361982, 546.7525734629041, 384.2385861215507, 376.57771249640473, 348.55709490461595, 395.92714898750916, 911.6591010793192, 869.3882120020355, 1183.9931354500072, 1582.132670081244, 813.8308426045738, 372.80117213003416, 861.437127750755, 636.6738558774437, 368.85212523655827, 1445.6407141459154, 1040.413221868807, 617.7305421362141, 1296.4194713162221, 264.85350776992095, 394.62406461938684, 806.1430383011063, 511.90488578925897, 495.78443739018354, 813.4676641494465, 83.70015516285139, 439.940442196305, 913.4676304879574, 127.84404402559022, 228.24475745024048, 129.3978928602169, 276.61296472407344, 163.03168622744727, 133.79242887909692, 184.1988181513682, 147.71684114192, 214.48435484744422, 234.40306734705376, 671.0475197689166, 216.9865765199525, 359.8705003761691, 495.7392918949819, 579.1203941547809, 521.6760405543159, 201.63787721516823, 335.79455906253804, 262.08537548139554, 642.7080840353251, 301.4479027920607, 229.80173859260861, 1330.4166814459602, 269.8592562727417, 1211.5538883852614, 476.881037428261]",13,492.0400583116914,30.768995173699352,979.8657199621427,"[7, 22, 41, 65, 77, 94, 114, 124, 144, 160, 172, 189, 203]","[180.40738449599576, 602.3249674728739, 376.9340903484015, 787.454754094831, 632.2503474281117, 979.8657199621427, 475.7010600645131, 267.972406598223, 669.2640456940123, 30.768995173699352, 606.7645639510677, 731.0965498919388, 55.715872876176604]","[2, 11, 32, 11, 72, 11, 107, 121, 134, 157, 157, 134, 198]","[11, 52, 52, 88, 88, 134, 134, 134, 157, 161, 183, 198, 204]",61480596.001567446,985.6937974078912,-985.6937974078912,305529.24011705857,0.07139237328344764,0.10579401389499754,0.4951456310679611,SWT,mdp.39015067403892,30744120.16156745,,0.0,-15.5,9.0,0.0,-15.5,,257.29379740789125,233.84005831169145,716.1207580519895,233.84005831169134,,305529.24011705857,233.84005831169145,,,26.568995173699363,0.0,-11.0,251.46571996214277,257.29379740789125,,197.8783320609825,0.29483966738768713,,0.015861345336458332,0.16606383566648691,0.030088109867447428,0.4444444444444448,0.3580760373945932,,0.01458925081744257,0.128040732916691,0.128040732916691,0.1269348260311311,,0.873410108620135,0.17956422683755272,0.206469166111174,,,,,,0.4942585576224381,0.030000000000000013,0.11111111111111109,0.2151721949430948,0.2151721949430948,1.7984703358645486,0.5773427479788413,64,0.7309635927187326,0.2786421113847022,96,0,0.26642394623314414,0.43925356706441754,81,0.0,0.25140444038611803,0.33278010200297814,97,15.50268793897798,0.8537482269907738,84.5,82.14121778903092,0.5282892078350095,86,coif,1.0,0.7144143715238808,0.08567568854283576,5,65.75,0.030292472193826754,0.8438451993437457,,0.03332853995664592,0.33415638004410536,0.005131100558349727,0.48571428571428604,0.052711359921510936,,0.00917126363239655,0.04285745034571592,0.04285745034571592,0.04245146451848031,,0.5036483737391286,0.17416408146216633,0.05102652819314474,,,,,0.08333333333333331,,0.11745103365448933,0.17796610169491522,0.2542372881355932,0.07019933302751138,0.07019933302751138,0.17796610169491525,0.956177255461161,0.31378373820641664,165,0.6806608035924903,0.3500926074923018,202,26.16295090390226,0.8765898542268762,183.5,181.6348773841962,0.5055119082455135,183,1.0,0.7220099692676862,0.08339700921969413,7,139.0,,,0.03352094900421154,0.25,0.03,0.6683411339876149,0.03352094900421143,1.0,False,False,0.9935960906266048,0.5860072206960532,0.001212797801610021,0.5053728277926952,,0.13523977539846332,0.33666375939700155,4.432822736763877e-06,0.627384657015289,0.03352094900421154,0.005007574043357523,,8.043253343519388e-05,0.0005939826095363006,0.0005939826095363006,0.0005939826095299596,,0.5860072206960532,0.001666192834682407,0.0033101150399375535,0.0015603139392002209,,,,,0.04347826086956519,,9.62809494968522e-06,0.24806201550387597,0.317829457364341,0.0010797566636427864,0.0010797566636427864,0.24806201550387597,0.47946092888150815,0.14933960627676818,1012,0.6678189210523819,0.3241655180661251,2083,757.3113626507924,0.6461161856771998,1547.5,1362.19450726979,0.46149267227785223,2107,986.6382352941176,846.0,585.0035688138154,340,0.4652856568234462,0.8173890317607586,0.42908333069536003,4,1581.25
coif10,,,,5.923802408954819,35064.474673886274,0.6601941747572816,28.409948851715807,206,smoothed,142.6843442606946,,7.194002886496509,90447.61084362336,1.0,7.63041482975033e-05,-0.22759563063393212,152.55610560806224,0.04854368932038834,14740.012470679454,15.0,"[0.0, 0.0048543689320388345, 0.009708737864077669, 0.014563106796116504, 0.019417475728155338, 0.02427184466019417, 0.029126213592233007, 0.03398058252427184, 0.038834951456310676, 0.04368932038834951, 0.04854368932038834, 0.05339805825242718, 0.058252427184466014, 0.06310679611650485, 0.06796116504854369, 0.07281553398058252, 0.07766990291262135, 0.08252427184466019, 0.08737864077669902, 0.09223300970873785, 0.09708737864077668, 0.10194174757281553, 0.10679611650485436, 0.1116504854368932, 0.11650485436893203, 0.12135922330097086, 0.1262135922330097, 0.13106796116504854, 0.13592233009708737, 0.1407766990291262, 0.14563106796116504, 0.15048543689320387, 0.1553398058252427, 0.16019417475728154, 0.16504854368932037, 0.1699029126213592, 0.17475728155339804, 0.17961165048543687, 0.1844660194174757, 0.18932038834951453, 0.19417475728155337, 0.19902912621359223, 0.20388349514563106, 0.2087378640776699, 0.21359223300970873, 0.21844660194174756, 0.2233009708737864, 0.22815533980582522, 0.23300970873786406, 0.2378640776699029, 0.24271844660194172, 0.24757281553398056, 0.2524271844660194, 0.25728155339805825, 0.2621359223300971, 0.2669902912621359, 0.27184466019417475, 0.2766990291262136, 0.2815533980582524, 0.28640776699029125, 0.2912621359223301, 0.2961165048543689, 0.30097087378640774, 0.3058252427184466, 0.3106796116504854, 0.31553398058252424, 0.3203883495145631, 0.3252427184466019, 0.33009708737864074, 0.3349514563106796, 0.3398058252427184, 0.34466019417475724, 0.3495145631067961, 0.3543689320388349, 0.35922330097087374, 0.36407766990291257, 0.3689320388349514, 0.37378640776699024, 0.37864077669902907, 0.3834951456310679, 0.38834951456310673, 0.3932038834951456, 0.39805825242718446, 0.4029126213592233, 0.4077669902912621, 0.41262135922330095, 0.4174757281553398, 0.4223300970873786, 0.42718446601941745, 0.4320388349514563, 0.4368932038834951, 0.44174757281553395, 0.4466019417475728, 0.4514563106796116, 0.45631067961165045, 0.4611650485436893, 0.4660194174757281, 0.47087378640776695, 0.4757281553398058, 0.4805825242718446, 0.48543689320388345, 0.4902912621359223, 0.4951456310679611]","[99869.49903308818, 9085.103842080469, 9734.352676758404, 3251.6321084139317, 5707.464801055037, 7682.429694283602, 7833.028049712958, 8959.114036491546, 10604.154201162362, 7744.517867693576, 13535.940722851641, 14740.012470679454, 4812.113074868143, 6399.252790568756, 3888.130113300927, 2731.3741843549947, 2381.0685523829598, 8072.107696954753, 4361.218620558196, 3771.4499644576385, 2459.569326320225, 5088.109802373678, 6348.452016849225, 2141.3393545113063, 2992.936211362644, 754.6671294376529, 5791.907305973526, 1746.6575419986193, 1497.5187977826256, 1595.8201952165016, 1012.9833058197374, 998.3452235349615, 142.34073584759096, 547.360031925097, 379.09380061717434, 1147.098980973374, 175.2479744422249, 649.7987323023539, 322.4152189855968, 749.3919702702583, 159.2770400921841, 227.1495608415, 256.0639012540137, 258.64411182449135, 286.26620281407196, 556.4887878805247, 745.4421779000243, 471.4897049060595, 486.3776775090722, 2068.992598241415, 521.0898065621654, 368.4944945868843, 409.02489257106583, 557.0621642477203, 286.70398814234835, 487.99135068060286, 560.7974801351627, 922.9211559921692, 1492.8138433877577, 921.8548567972446, 476.5589201127171, 1088.9507039324533, 714.7130193117749, 365.28680931446013, 1337.6949472532688, 958.2180728063432, 586.516582479379, 1273.6358788400053, 265.78577327400666, 398.8734283205069, 813.912220720332, 514.8719007075705, 496.9638027235949, 813.7360651109923, 83.65727259490606, 439.6647623128633, 913.0664003055091, 127.8166312627536, 228.23043645787732, 129.39858102115966, 276.6186434439467, 163.03412377959916, 133.7933429186772, 184.19918285159585, 147.71686398942623, 214.48431126731313, 234.4030345778734, 671.0474844156544, 216.98657377693524, 359.87049986132047, 495.7392920252203, 579.1203942537917, 521.6760405766208, 201.6378772164158, 335.7945590626918, 262.0853754813899, 642.7080840353204, 301.4479027920596, 229.80173859260466, 1330.4166814459586, 269.8592562727386, 1211.5538883852591, 476.8810374282691]",13,503.18799849453086,62.274631626201426,992.2937196002101,"[4, 19, 41, 62, 72, 89, 110, 120, 139, 155, 168, 185, 201]","[199.52541453336255, 363.6389209160959, 596.2535840895173, 788.5300265348146, 548.6449193272679, 992.2937196002101, 481.90319742252467, 302.70400410975503, 743.9389495271406, 62.274631626201426, 656.5274584343817, 548.3309807165849, 256.87817359104486]","[0, 9, 9, 9, 69, 9, 103, 116, 129, 154, 154, 174, 195]","[9, 28, 48, 82, 82, 129, 129, 129, 195, 157, 195, 195, 205]",61473296.90708203,976.9538328415956,-976.9538328415956,305238.39235194155,0.07114426255967714,0.10556536313728121,0.4951456310679611,SWT,mdp.39015067403892,30736821.067082033,,0.0,-15.5,9.0,0.0,2.5,,248.55383284159564,244.98799849453093,861.0439804289026,244.98799849453087,,305238.39235194155,244.98799849453093,,,58.07463162620144,0.0,-11.0,263.89371960021015,248.55383284159564,,209.84389439193774,0.21151139085770837,,0.02007463705319501,0.16526405254208187,0.029807557660695663,0.4444444444444448,0.3580760373945932,,0.09116359383571516,0.175347512966876,0.175347512966876,0.1743016053218383,,1.0,0.24464353824097035,0.2624899778960852,,,,,,0.492713451185462,0.030000000000000013,0.11111111111111109,0.1779292596252333,0.1779292596252333,2.043644509797986,0.6560482614863123,49,0.7155187568719906,0.2727545655298948,98,0,0.3163751374792636,0.5216081723624503,63,0.0,0.24418407651693405,0.32322261995852675,99,25.1975527912269,0.7622872378186142,77.25,70.68852459016394,0.5167568264564769,90,coif,1.0,0.7144143715238808,0.08567568854283576,5,68.75,0.021731142837743973,0.8504703548599641,,0.03691841613291724,0.3337690560405943,0.00508325635706719,0.48571428571428604,0.052711359921510936,,0.05730831303170557,0.05869184875028971,0.05869184875028971,0.05829257931168136,,0.5496447306395089,0.20944228275931293,0.06487144066015413,,,,,0.08333333333333331,,0.1170838688470614,0.17796610169491522,0.2542372881355932,0.058048928464356525,0.058048928464356525,0.48305084745762705,1.0880695751881513,0.35706615774555406,138,0.6853607610059371,0.3525099941514012,201,44.54772721475249,0.7898692112511675,169.5,163.64601769911505,0.4951704546821875,191,1.0,0.7220099692676862,0.08339700921969413,7,145.0,,,0.04188211890931193,0.25,0.39,0.6824123732734413,0.04188211890931193,1.0,False,False,0.9926502394135522,0.5854493726471509,0.0012104958987151607,0.509255337645014,,0.13532530754559258,0.3366340240648294,4.391489525524574e-06,0.627384657015289,0.04188211890931193,0.005007574043357523,,0.0005025973506807503,0.0006951696006723718,0.0006951696006723718,0.0006951696006660319,,0.5854493726471509,0.0017669463331131453,0.003980602913873813,0.0016374281521218514,,,,,0.04347826086956519,,9.625809102037507e-06,0.24806201550387597,0.317829457364341,0.0010430786128093306,0.0010430786128093306,0.5271317829457365,0.5355673967071223,0.16681531140711908,986,0.6723638823548351,0.3263716845713785,2079,772.8677118368964,0.6388468636276186,1532.5,1337.6143556280588,0.4613626841502579,2108,986.6382352941176,846.0,585.0035688138154,340,0.4652856568234462,0.8173890317607586,0.42908333069536003,4,1582.0
db36,1.0,periodic,1.6573063875132137e-26,315.0533707004738,5910144.529809688,0.5362318840579711,129.96180812888858,206,smoothed,8.911102707942809e-14,-2.0009218726357904e-10,6.606227703633938,30938.943163326476,0.9786007297119917,0.00014966566451320284,0.9999999999999999,362.39999999999975,,,,[],[],11,426.59999999999997,32.19999999999993,728.3999999999999,"[9, 31, 53, 64, 80, 102, 131, 148, 158, 175, 192]","[310.9999999999999, 417.79999999999995, 589.6, 432.1999999999997, 728.3999999999999, 371.00000000000006, 587.0, 32.19999999999993, 448.19999999999976, 368.00000000000017, 407.20000000000016]","[0, 0, 0, 60, 0, 94, 120, 144, 144, 165, 186]","[20, 40, 75, 75, 205, 120, 205, 149, 205, 186, 205]",30736475.839999996,728.3999999999999,-728.3999999999999,0.0,,,,DWT,mdp.39015067403892,0.0,,0.0,15.0,11.0,0.0,33.0,,1.1368683772161603e-13,168.40000000000003,987.7999999999993,168.39999999999998,,0.0,168.40000000000003,,,27.999999999999943,0.0,15.0,1.1368683772161603e-13,1.1368683772161603e-13,,2.2737367544323206e-13,1.4692752385781465e-13,4.371483436025269e-26,0.9617922650091568,0.6806596877096643,0.46926798098618644,0.15908557700428932,0.02063385385046572,,0.9999996646602125,4.4059199552998455e-09,4.4059199552998455e-09,3.67866784340914e-09,,2.4503221863198973e-12,0.9999999955940747,7.585973278963461e-14,,,,,,0.0,0.0,0.0,1.7477015598164352e-13,1.7477015598164352e-13,0.7999999009435865,0.30073748691144153,861,1.2239269656953655,0.6213483879592703,118,0,0.16666663939563925,0.2371338395840773,861,0.0,0.3273484806514157,0.5775313158637818,119,428.68276926728305,0.5506469923823029,489.75,208.32445798027925,0.5186411062540446,832,db,0.573477938514061,0.8443824841957417,0.34525069778143475,3,624.75,9.42454842108128e-14,0.9999999999705145,1.0931319925568937e-26,0.9486955542019807,0.8859050215679571,0.0012293002875589064,0.1305491990846687,0.00020097190712671563,0.9999999997236133,2.0315811922300142e-05,4.745387416349445e-11,4.745387416349445e-11,3.962102868015904e-11,,2.4503221863198973e-12,0.0031261328403482946,7.585973278963461e-14,,,,,0.0,,0.0,0.0,0.0,1.4238426238064856e-13,1.4238426238064856e-13,1.0,0.20156916120542953,0.05751224468518964,1723,1.7650845617262925,0.8159723873796609,138,1120.764248180678,0.41259735420299903,930.5,255.5335840945728,0.4624569580239314,1703,0.49117026184683504,0.8233619396015222,0.4091722348267588,4,1278.25,,,,,,,,,,,,,6.327998088750226e-19,0.9999999999715838,1.0931319925568937e-26,0.9627857981095582,0.27386497313265695,0.001548890221695918,0.09876289023665719,0.9999999999999999,0.00020097190712671563,0.9999999999999541,9.960751159770347e-05,3.8434858594393884e-14,3.8434858594393884e-14,3.2090649582094954e-14,,0.0,1.9145521638122673e-18,0.004567040150618464,7.054128794466933e-19,,,,,0.13043478260869565,,0.0,0.7209302325581395,0.7209302325581395,4.770970844811595e-19,4.770970844811595e-19,1.0,0.3986733618839274,0.12417638082767558,1955,1.8549639553918815,0.9004167636430779,243,1210.5668093913694,0.434314575050762,1099.0,432.27024567788897,0.46038158659080153,2109,1009.0473684210526,935.5,610.6543869996938,760,0.4758535102197843,0.8532293215616218,0.41093374637766444,5,1583.0
coif11,,,,5.8290275870817005,35115.0160259546,0.6601941747572816,28.406178399766237,206,smoothed,142.92267250306742,,7.194085076708789,90447.61084362335,1.0,7.907864914667979e-05,-0.2611844310072308,163.45637849893217,0.04854368932038834,14740.01247126418,15.0,"[0.0, 0.0048543689320388345, 0.009708737864077669, 0.014563106796116504, 0.019417475728155338, 0.02427184466019417, 0.029126213592233007, 0.03398058252427184, 0.038834951456310676, 0.04368932038834951, 0.04854368932038834, 0.05339805825242718, 0.058252427184466014, 0.06310679611650485, 0.06796116504854369, 0.07281553398058252, 0.07766990291262135, 0.08252427184466019, 0.08737864077669902, 0.09223300970873785, 0.09708737864077668, 0.10194174757281553, 0.10679611650485436, 0.1116504854368932, 0.11650485436893203, 0.12135922330097086, 0.1262135922330097, 0.13106796116504854, 0.13592233009708737, 0.1407766990291262, 0.14563106796116504, 0.15048543689320387, 0.1553398058252427, 0.16019417475728154, 0.16504854368932037, 0.1699029126213592, 0.17475728155339804, 0.17961165048543687, 0.1844660194174757, 0.18932038834951453, 0.19417475728155337, 0.19902912621359223, 0.20388349514563106, 0.2087378640776699, 0.21359223300970873, 0.21844660194174756, 0.2233009708737864, 0.22815533980582522, 0.23300970873786406, 0.2378640776699029, 0.24271844660194172, 0.24757281553398056, 0.2524271844660194, 0.25728155339805825, 0.2621359223300971, 0.2669902912621359, 0.27184466019417475, 0.2766990291262136, 0.2815533980582524, 0.28640776699029125, 0.2912621359223301, 0.2961165048543689, 0.30097087378640774, 0.3058252427184466, 0.3106796116504854, 0.31553398058252424, 0.3203883495145631, 0.3252427184466019, 0.33009708737864074, 0.3349514563106796, 0.3398058252427184, 0.34466019417475724, 0.3495145631067961, 0.3543689320388349, 0.35922330097087374, 0.36407766990291257, 0.3689320388349514, 0.37378640776699024, 0.37864077669902907, 0.3834951456310679, 0.38834951456310673, 0.3932038834951456, 0.39805825242718446, 0.4029126213592233, 0.4077669902912621, 0.41262135922330095, 0.4174757281553398, 0.4223300970873786, 0.42718446601941745, 0.4320388349514563, 0.4368932038834951, 0.44174757281553395, 0.4466019417475728, 0.4514563106796116, 0.45631067961165045, 0.4611650485436893, 0.4660194174757281, 0.47087378640776695, 0.4757281553398058, 0.4805825242718446, 0.48543689320388345, 0.4902912621359223, 0.4951456310679611]","[99869.49903308818, 9085.103842080465, 9734.352676758403, 3251.6321084139327, 5707.464801055035, 7682.429694283599, 7833.028049712951, 8959.11403649151, 10604.154201162306, 7744.517867696705, 13535.940722927575, 14740.01247126418, 4812.113075676609, 6399.25279275701, 3888.1301103378987, 2731.3741577517967, 2381.0684434432183, 8072.106572449048, 4361.217417084498, 3771.4492478866846, 2459.5719420251307, 5088.1379163549145, 6348.55154795246, 2141.4046670825082, 2993.0439424584065, 754.6612384470179, 5790.92347314373, 1745.7626244645296, 1496.0437613249157, 1593.8138629673754, 1012.3819496835617, 1000.3421206875315, 143.34952170600704, 554.7526190377307, 385.5804529857665, 1159.8843518290469, 173.44731212624274, 619.4524186024443, 294.22109683693435, 666.3790838872216, 145.69311170353106, 232.4547677681339, 315.4681071078973, 384.59363163304994, 455.3321250638796, 774.769920669577, 778.2770963216735, 330.92999291111477, 196.99863449912672, 440.72236459671785, 191.39778903731752, 273.45319203647045, 546.380279090731, 1388.8521173298063, 1290.1249952635253, 1413.7340686538353, 866.7592250514572, 874.8419014756287, 1009.2526033387419, 569.2245390164231, 332.46906612112804, 911.7066173303205, 700.6920726515065, 396.11524969104545, 1500.539316570475, 1053.353650376613, 616.9320149454444, 1287.514364031222, 262.77702685454614, 392.12413015603124, 803.1372065781616, 511.28443781798967, 495.9793323677693, 814.2176054876179, 83.76250119623516, 440.0985292755508, 913.5348614839885, 127.83835875908983, 228.23221848954154, 129.39392325774023, 276.61020681826835, 163.03156784417735, 133.79260366943745, 184.19898696062072, 147.71689205542867, 214.484370454064, 234.40306723200504, 671.047515117732, 216.9865758903541, 359.8705001355686, 495.73929185569637, 579.120394156498, 521.6760405559247, 201.63787721528885, 335.79455906255214, 262.0853754813904, 642.7080840353218, 301.4479027920619, 229.80173859260606, 1330.416681445959, 269.859256272744, 1211.5538883852598, 476.88103742826945]",13,533.5517719137258,231.53723456532998,1021.3371066607632,"[3, 19, 40, 63, 74, 90, 100, 111, 121, 140, 168, 186, 202]","[231.53723456532998, 602.1572945730186, 401.4443248818562, 831.9539808798463, 745.9681424167682, 1021.3371066607632, 306.52175555484916, 439.42305017987826, 284.2508561525227, 668.7160879741238, 623.3549374303533, 492.4469366196928, 287.0613269894318]","[1, 8, 30, 8, 69, 8, 96, 105, 118, 130, 155, 180, 130]","[8, 49, 49, 84, 84, 130, 105, 130, 130, 197, 197, 197, 205]",61470126.11155942,1022.7965476279337,-1022.7965476279337,305527.494585393,0.07141826398083388,0.10583629770083434,0.4951456310679611,SWT,mdp.39015067403892,30733650.271559425,,0.0,-15.5,9.0,0.0,-11.0,,294.3965476279337,275.3517719137259,1255.7730348784362,275.3517719137257,,305527.494585393,275.3517719137259,,,227.33723456533,0.0,-11.0,292.9371066607632,294.3965476279337,,198.9436215010678,0.28470411463403295,,0.007578037567147922,0.16550012964168834,0.029897742838271527,0.4444444444444448,0.3580760373945916,,0.5025557787600472,0.3041975361170399,0.3041975361170399,0.3033150490963193,,0.8846803582564303,0.4219008102859376,0.3934067921460558,,,,,,0.49204224236879235,0.030000000000000013,0.11111111111111109,0.3732752760343594,0.3732752760343594,2.4038703415237497,0.7716875174885751,13,0.7398351757676396,0.28202394415543963,95,0,0.39050321202662763,0.6438232420846478,38,0.0,0.256943116533851,0.3401115604711469,94,41.125823193382196,0.6120205359114888,60.0,32.153441351613345,0.5229914000312161,89,coif,1.0,0.7144143715238808,0.08567568854283576,5,68.0,0.029251123339110348,0.882140908742312,,0.026270863626367547,0.3338833849437265,0.005098636160486308,0.48571428571428604,0.052711359921510714,,0.31592242772893103,0.10182018255009295,0.10182018255009295,0.1014392066167531,,0.5077434118103112,0.30552992704648096,0.09722605631102486,,,,,0.08333333333333331,,0.11692436898995207,0.17796610169491522,0.2542372881355932,0.1217800256218149,0.1217800256218149,0.2542372881355932,1.2277279457573362,0.40289712197182653,108,0.6803080451521016,0.34991116892325425,203,67.17514421272202,0.6831361122041415,155.5,140.99035369774919,0.4748227730832028,202,1.0,0.7220099692676862,0.08339700921969413,7,153.25,,,0.01566662136357344,0.25,0.12000000000000001,0.7496778043870571,0.01566662136357344,1.0,False,False,0.9935904140719212,0.586003872754103,0.0012125178119210918,0.5278150887596251,,0.13507161967925985,0.3366428012329902,4.404776332420828e-06,0.627384657015289,0.015666621363573552,0.0050075740433575214,,0.002770658684532317,0.0009707737769986198,0.0009707737769986198,0.0009707737769922806,,0.586003872754103,0.0016751628801312736,0.005806818479315859,0.0018176388054029053,,,,,0.04347826086956519,,9.624816108248864e-06,0.24806201550387597,0.317829457364341,0.0012354617066448687,0.0012354617066448687,0.317829457364341,0.4960023679377714,0.15449183422092255,999,0.6672983977525692,0.3239128512131354,2085,767.9179643685906,0.6411598297343035,1542.0,1350.7879377431907,0.46029954103537607,2110,986.6382352941176,846.0,585.0035688138154,340,0.4652856568234462,0.8173890317607586,0.42908333069536003,4,1583.5
db15,1.0,zero,6.306628924648649e-27,319.2494259592701,4962627.26467955,0.5555555555555556,67.2862791934082,206,smoothed,5.5653432240238926e-14,-1.9848123145038737e-10,6.193589443793283,40275.83033384468,0.9881739102689893,0.00014966566451320268,1.0,362.40000000000003,,,,[],[],11,426.59999999999997,32.200000000000074,728.3999999999999,"[9, 31, 53, 64, 80, 102, 131, 148, 158, 175, 192]","[310.99999999999994, 417.7999999999999, 589.6000000000001, 432.19999999999993, 728.3999999999999, 370.99999999999994, 587.0, 32.200000000000074, 448.19999999999993, 368.0000000000001, 407.19999999999993]","[0, 0, 0, 60, 0, 94, 120, 144, 144, 165, 186]","[20, 40, 75, 75, 204, 120, 204, 149, 204, 186, 204]",30736475.83999999,728.3999999999999,-728.3999999999999,0.0,,,,DWT,mdp.39015067403892,7.450580596923828e-09,,0.0,15.0,11.0,0.0,33.0,,1.1368683772161603e-13,168.40000000000003,987.7999999999993,168.40000000000003,,0.0,168.40000000000003,,,28.000000000000085,0.0,15.0,1.1368683772161603e-13,1.1368683772161603e-13,,5.684341886080802e-14,7.342587448077487e-14,1.3669089396790994e-26,0.9777348114466512,0.08546858567995486,0.06263632933785813,0.29181955536369564,0.09806310429320687,,0.9999996647841187,4.4059199552998455e-09,4.4059199552998455e-09,3.6787269888316428e-09,,6.125805465799743e-13,0.9999999955940747,7.585973278963461e-14,,,,,,1.5893391424973748e-13,0.0,0.0,1.7477015598164352e-13,1.7477015598164352e-13,0.7999999009799367,0.3007374869251063,707,0.8166464082396803,0.4145851374425477,457,0,0.16666663940582976,0.2371338395985764,707,0.0,0.21653176944592004,0.3820206450494622,432,151.89771777965154,0.8407780736062352,575.75,545.5646798668322,0.6186332716039562,516,db,0.573477938514061,0.8443824841957417,0.34525069778143475,3,387.75,5.197123268031007e-14,0.9999999999705134,3.66611075157777e-27,0.9641799480473358,0.7433592026481295,0.0001640829137859504,0.23947368421052662,0.0009551259416392039,0.9999999997236376,2.0315811924853655e-05,4.745387416349445e-11,4.745387416349445e-11,3.962169481397382e-11,,6.125805465799743e-13,0.0031261328403482946,7.585973278963461e-14,,,,,0.0,,7.374542113937972e-14,0.0,0.0,1.4238426238064856e-13,1.4238426238064856e-13,1.0,0.20156916120454849,0.057512244684938256,1810,1.74644113555085,0.8073538082502655,272,1087.53022946491,0.4300156030058123,1041.0,472.9298751200768,0.44220905936454136,1793,0.49117026184683504,0.8233619396015222,0.4091722348267588,4,1345.75,,,,,,,,,,,,,3.489545030458485e-19,0.9999999999715827,3.66611075157777e-27,0.9740175607716237,0.22979895485954957,0.001299797579388216,0.1811662833175486,1.0,0.0009551259416392039,0.9999999999999541,9.960751159770543e-05,3.8434858594393884e-14,3.8434858594393884e-14,3.20911916831812e-14,,0.0,4.786380409530668e-19,0.004567040150618464,7.054128794466933e-19,,,,,0.13043478260869565,,2.3332883504384434e-21,0.7209302325581395,0.7209302325581395,4.770970844811595e-19,4.770970844811595e-19,1.0,0.3986733618839274,0.12417638082767558,1932,1.8728084763775745,0.9090786601656462,104,1292.5911960090089,0.3959854224256968,1018.0,197.37524557956777,0.4601422439231288,2111,1009.0473684210526,935.5,610.6543869996938,760,0.4758535102197843,0.8532293215616218,0.41093374637766444,5,1584.5
db12,1.0,constant,7.99166645357569e-27,318.2210252470282,4964285.295354454,0.5614035087719298,69.49134203830357,206,smoothed,6.356943019445943e-14,-2.1267110295042404e-10,6.191520835589969,38875.894712219146,0.9883717965324352,0.00014966566451320268,0.9999999999999999,362.40000000000003,,,,[],[],11,426.6,32.19999999999993,728.4000000000002,"[9, 31, 53, 64, 80, 102, 131, 148, 158, 175, 192]","[311.0, 417.79999999999984, 589.6000000000001, 432.1999999999998, 728.4000000000002, 371.0000000000001, 587.0000000000001, 32.19999999999993, 448.20000000000005, 367.99999999999994, 407.2000000000002]","[0, 0, 0, 60, 0, 94, 120, 144, 144, 165, 186]","[20, 40, 75, 75, 205, 120, 205, 149, 205, 186, 205]",30736475.84000001,728.4000000000002,-728.4000000000002,0.0,,,,DWT,mdp.39015067403892,1.4901161193847656e-08,,0.0,15.0,11.0,0.0,33.0,,2.2737367544323206e-13,168.4000000000001,987.7999999999984,168.40000000000003,,0.0,168.4000000000001,,,27.999999999999943,0.0,15.0,2.2737367544323206e-13,2.2737367544323206e-13,,5.684341886080802e-14,9.08162131735899e-14,1.8600519644212888e-26,0.9738274925244564,0.082484816805315,0.06334788128169218,0.33198904881456825,0.08645367131292787,,0.9999996646602125,4.4059791007223055e-09,4.4059791007223055e-09,3.6787269888316428e-09,,6.125805465799743e-13,0.9999999955939887,1.5171946557926922e-13,,,,,,3.1786782849947497e-13,0.0,0.0,3.4954031196328703e-13,3.4954031196328703e-13,0.7999999009429447,0.3007374869112002,866,0.8245899326092031,0.4186178094892119,429,0,0.1666666393955556,0.23713383958395826,864,0.0,0.21972898724843584,0.3876614025715854,409,257.62893212266874,0.7299487084668043,642.0,564.3235823732757,0.5284963668120185,796,db,0.573477938514061,0.8443824841957417,0.34525069778143475,3,597.75,6.197323342902177e-14,0.9999999999705134,4.85855488361833e-27,0.9603849166006417,0.7426446022848973,0.00016594690418079896,0.2724376731301939,0.0008420510936919894,0.9999999997234238,2.0315811922300142e-05,4.745454029730922e-11,4.745454029730922e-11,3.962169481397382e-11,,6.125805465799743e-13,0.0031261328403480726,1.5171946557926922e-13,,,,,0.0,,1.4749084227875944e-13,0.0,0.0,2.847685247612971e-13,2.847685247612971e-13,1.0,0.20156916120467977,0.05751224468497572,1798,1.7569481141250205,0.8122110284521848,184,1141.2703448350876,0.4018499240906249,991.0,333.83652875882944,0.441228945273824,1799,0.49117026184683504,0.8233619396015222,0.4091722348267588,4,1350.25,,,,,,,,,,,,,4.161117171569776e-19,0.9999999999715827,4.85855488361833e-27,0.9712647960893221,0.22957804629202525,0.0013002334587721997,0.20610415227623924,0.9999999999999999,0.0008420510936919894,0.9999999999999541,9.960751159770347e-05,3.8435400695480126e-14,3.8435400695480126e-14,3.20911916831812e-14,,0.0,4.786380409530668e-19,0.00456704015061846,1.4108257588933865e-18,,,,,0.13043478260869565,,4.666576700876887e-21,0.7209302325581395,0.7209302325581395,9.54194168962319e-19,9.54194168962319e-19,1.0,0.3986733618839274,0.12417638082767558,1928,1.8809764988684208,0.9130434942828773,78,1308.147545195113,0.38871610037611537,1003.0,149.93419740777668,0.46001225579553434,2112,1009.0473684210526,935.5,610.6543869996938,760,0.4758535102197843,0.8532293215616218,0.41093374637766444,5,1585.25
db12,1.0,zero,7.99166645357569e-27,318.2210252470282,4964285.295354454,0.5614035087719298,69.49134203830357,206,smoothed,6.356943019445943e-14,-2.1267110295042404e-10,6.191520835589969,38875.894712219146,0.9883717965324352,0.00014966566451320268,0.9999999999999999,362.40000000000003,,,,[],[],11,426.6,32.19999999999993,728.4000000000002,"[9, 31, 53, 64, 80, 102, 131, 148, 158, 175, 192]","[311.0, 417.79999999999984, 589.6000000000001, 432.1999999999998, 728.4000000000002, 371.0000000000001, 587.0000000000001, 32.19999999999993, 448.20000000000005, 367.99999999999994, 407.2000000000002]","[0, 0, 0, 60, 0, 94, 120, 144, 144, 165, 186]","[20, 40, 75, 75, 205, 120, 205, 149, 205, 186, 205]",30736475.84000001,728.4000000000002,-728.4000000000002,0.0,,,,DWT,mdp.39015067403892,1.4901161193847656e-08,,0.0,15.0,11.0,0.0,33.0,,2.2737367544323206e-13,168.4000000000001,987.7999999999984,168.40000000000003,,0.0,168.4000000000001,,,27.999999999999943,0.0,15.0,2.2737367544323206e-13,2.2737367544323206e-13,,5.684341886080802e-14,9.08162131735899e-14,1.8600519644212888e-26,0.9738274925244564,0.082484816805315,0.06334788128169218,0.33198904881456825,0.08645367131292787,,0.9999996646602125,4.4059791007223055e-09,4.4059791007223055e-09,3.6787269888316428e-09,,6.125805465799743e-13,0.9999999955939887,1.5171946557926922e-13,,,,,,3.1786782849947497e-13,0.0,0.0,3.4954031196328703e-13,3.4954031196328703e-13,0.7999999009429447,0.3007374869112002,867,0.8245899326092031,0.4186178094892119,430,0,0.1666666393955556,0.23713383958395826,865,0.0,0.21972898724843584,0.3876614025715854,408,258.23309883385076,0.7293154100274102,642.5,564.4906834302743,0.5279176630849839,803,db,0.573477938514061,0.8443824841957417,0.34525069778143475,3,603.0,6.197323342902177e-14,0.9999999999705134,4.85855488361833e-27,0.9603849166006417,0.7426446022848973,0.00016594690418079896,0.2724376731301939,0.0008420510936919894,0.9999999997234238,2.0315811922300142e-05,4.745454029730922e-11,4.745454029730922e-11,3.962169481397382e-11,,6.125805465799743e-13,0.0031261328403480726,1.5171946557926922e-13,,,,,0.0,,1.4749084227875944e-13,0.0,0.0,2.847685247612971e-13,2.847685247612971e-13,1.0,0.20156916120467977,0.05751224468497572,1796,1.7569481141250205,0.8122110284521848,183,1140.5632380539012,0.40222052512898265,989.5,332.15563415866603,0.44180732755400914,1796,0.49117026184683504,0.8233619396015222,0.4091722348267588,4,1348.0,,,,,,,,,,,,,4.161117171569776e-19,0.9999999999715827,4.85855488361833e-27,0.9712647960893221,0.22957804629202525,0.0013002334587721997,0.20610415227623924,0.9999999999999999,0.0008420510936919894,0.9999999999999541,9.960751159770347e-05,3.8435400695480126e-14,3.8435400695480126e-14,3.20911916831812e-14,,0.0,4.786380409530668e-19,0.00456704015061846,1.4108257588933865e-18,,,,,0.13043478260869565,,4.666576700876887e-21,0.7209302325581395,0.7209302325581395,9.54194168962319e-19,9.54194168962319e-19,1.0,0.3986733618839274,0.12417638082767558,1930,1.8809764988684208,0.9130434942828773,79,1308.8546519762995,0.3883856766465891,1004.5,151.7869586859134,0.45949657664105154,2113,1009.0473684210526,935.5,610.6543869996938,760,0.4758535102197843,0.8532293215616218,0.41093374637766444,5,1586.0
coif12,,,,5.77155537943224,35156.94393425774,0.6601941747572816,28.363673175557274,206,smoothed,142.8145971739599,,7.194157834359478,90447.61084362333,1.0,7.999902407104338e-05,-0.28125740565083684,155.56953110846783,0.04854368932038834,14740.01247130905,15.0,"[0.0, 0.0048543689320388345, 0.009708737864077669, 0.014563106796116504, 0.019417475728155338, 0.02427184466019417, 0.029126213592233007, 0.03398058252427184, 0.038834951456310676, 0.04368932038834951, 0.04854368932038834, 0.05339805825242718, 0.058252427184466014, 0.06310679611650485, 0.06796116504854369, 0.07281553398058252, 0.07766990291262135, 0.08252427184466019, 0.08737864077669902, 0.09223300970873785, 0.09708737864077668, 0.10194174757281553, 0.10679611650485436, 0.1116504854368932, 0.11650485436893203, 0.12135922330097086, 0.1262135922330097, 0.13106796116504854, 0.13592233009708737, 0.1407766990291262, 0.14563106796116504, 0.15048543689320387, 0.1553398058252427, 0.16019417475728154, 0.16504854368932037, 0.1699029126213592, 0.17475728155339804, 0.17961165048543687, 0.1844660194174757, 0.18932038834951453, 0.19417475728155337, 0.19902912621359223, 0.20388349514563106, 0.2087378640776699, 0.21359223300970873, 0.21844660194174756, 0.2233009708737864, 0.22815533980582522, 0.23300970873786406, 0.2378640776699029, 0.24271844660194172, 0.24757281553398056, 0.2524271844660194, 0.25728155339805825, 0.2621359223300971, 0.2669902912621359, 0.27184466019417475, 0.2766990291262136, 0.2815533980582524, 0.28640776699029125, 0.2912621359223301, 0.2961165048543689, 0.30097087378640774, 0.3058252427184466, 0.3106796116504854, 0.31553398058252424, 0.3203883495145631, 0.3252427184466019, 0.33009708737864074, 0.3349514563106796, 0.3398058252427184, 0.34466019417475724, 0.3495145631067961, 0.3543689320388349, 0.35922330097087374, 0.36407766990291257, 0.3689320388349514, 0.37378640776699024, 0.37864077669902907, 0.3834951456310679, 0.38834951456310673, 0.3932038834951456, 0.39805825242718446, 0.4029126213592233, 0.4077669902912621, 0.41262135922330095, 0.4174757281553398, 0.4223300970873786, 0.42718446601941745, 0.4320388349514563, 0.4368932038834951, 0.44174757281553395, 0.4466019417475728, 0.4514563106796116, 0.45631067961165045, 0.4611650485436893, 0.4660194174757281, 0.47087378640776695, 0.4757281553398058, 0.4805825242718446, 0.48543689320388345, 0.4902912621359223, 0.4951456310679611]","[99869.49903308818, 9085.103842080469, 9734.352676758406, 3251.632108413931, 5707.4648010550345, 7682.429694283598, 7833.0280497129515, 8959.114036491514, 10604.154201162326, 7744.517867697102, 13535.940722934993, 14740.01247130905, 4812.113075700658, 6399.252792387189, 3888.1301081584897, 2731.374150467, 2381.068425365591, 8072.106505950065, 4361.217591197094, 3771.450267451359, 2459.5741522042417, 5088.147461627351, 6348.562562928531, 2141.395236201428, 2992.967409647004, 754.6097058451028, 5790.262525976933, 1745.6184228653958, 1496.3255053799753, 1595.1947095514654, 1014.2752381494515, 1002.816862733496, 143.50852593916736, 552.5232497677923, 380.5216417127721, 1133.8492786457293, 169.4529362438528, 617.8211678969024, 307.8886001435663, 741.0837528618955, 167.49127207145335, 256.7990014145186, 306.33842623979393, 306.1234006171621, 292.4564565233639, 460.1368802486992, 589.1164117930903, 405.1504024858611, 457.00412965268316, 2066.8289906588543, 536.0427140560256, 376.5267318744226, 392.9757541369003, 448.7744252789675, 292.68380453596797, 696.2955788450345, 734.6462919333786, 1101.004359398045, 1623.679834569778, 913.6699398304949, 434.1944237670991, 943.6636896860335, 627.7177874399832, 343.8398378003918, 1355.7751395075722, 1009.4399700941601, 618.4845487549014, 1317.2818222474907, 268.8336766496594, 397.4073942217607, 806.4170335615677, 510.7143629806319, 494.7538272823789, 812.6996072214962, 83.69010661904049, 440.0157422844283, 913.6103015620935, 127.85295132793159, 228.2478059766004, 129.39723219507897, 276.61142506597156, 163.03128497724748, 133.79235267731943, 184.19882143927313, 147.7168521220347, 214.48436189122046, 234.40306916304598, 671.0475202124835, 216.9865764690713, 359.87050033728207, 495.73929188434704, 579.1203941536016, 521.6760405543421, 201.6378772151722, 335.79455906253696, 262.0853754813932, 642.7080840353248, 301.44790279206114, 229.8017385926066, 1330.4166814459563, 269.8592562727425, 1211.55388838526, 476.8810374282621]",13,502.0981723229289,32.29061130663513,1005.6825289848324,"[5, 20, 39, 64, 75, 91, 112, 122, 141, 158, 170, 186, 203]","[259.8498410764148, 612.9182291924357, 433.0235379771396, 793.1545954649034, 672.1437986432238, 1005.6825289848324, 492.75705598879017, 274.99734690766667, 713.0185009990603, 71.3050686142004, 632.4323011539046, 533.702823888869, 32.29061130663513]","[0, 9, 30, 9, 71, 9, 105, 117, 127, 155, 155, 176, 196]","[9, 50, 50, 86, 86, 127, 127, 127, 196, 159, 196, 196, 204]",61478324.74756945,1014.8719282581508,-1014.8719282581508,305389.0083269904,0.07128792990498127,0.10570841064157319,0.4951456310679611,SWT,mdp.39015067403892,30741848.907569453,,0.0,-15.5,9.0,0.0,-6.5,,286.4719282581508,243.89817232292899,846.8762401980775,243.89817232292893,,305389.0083269904,243.89817232292899,,,28.09061130663514,0.0,-11.0,277.2825289848324,286.4719282581508,,206.83046889153215,0.2515132194566683,,0.0,0.16570911334756366,0.029972558325015743,0.4444444444444448,0.35807603739459,,0.01828753369076977,0.17072278712987599,0.17072278712987599,0.16967101394003592,,0.9681194083297877,0.23828136409632839,0.3228417635738497,,,,,,0.4937777679601967,0.030000000000000013,0.11111111111111109,0.3395067081678892,0.3395067081678892,2.0581292129013913,0.6606981231641018,48,0.7259004496689967,0.27671204963651874,97,0,0.32171260021716025,0.5304080553303381,62,0.0,0.2527133613127405,0.3345127000382645,96,24.635678733630755,0.7675879364751815,75.75,69.33813727256351,0.5264826474828738,87,coif,1.0,0.7144143715238808,0.08567568854283576,5,66.5,0.025841018185496528,0.8926468646668422,,0.019814102890544583,0.33398459288767807,0.005111394881040593,0.48571428571428604,0.05271135992151044,,0.011496120997787046,0.057143872935040835,0.057143872935040835,0.05674394690014792,,0.5380609378368268,0.20599347460012896,0.07978670452931166,,,,,0.08333333333333331,,0.11733678324459804,0.17796610169491522,0.2542372881355932,0.11076312382301426,0.11076312382301426,0.33050847457627114,1.0637508640814821,0.34908561226004964,144,0.6723530787287062,0.34581959361440545,205,43.1335136523794,0.7965400299416066,174.5,169.16905444126073,0.4867134111972184,195,1.0,0.7220099692676862,0.08339700921969413,7,148.0,,,0.0,0.25,0.21,0.7719915175336415,0.0,1.0,False,False,0.9931400499597935,0.5857382551413338,0.0012116009296708715,0.533971846481789,,0.1349177813343928,0.33665057108924634,4.415798752644773e-06,0.627384657015289,0.0,0.0050075740433575214,,0.00010082167230077957,0.0006852775282933419,0.0006852775282933419,0.000685277528287002,,0.5857382551413338,0.0017415724181203828,0.0039150558064465334,0.0017205040716359145,,,,,0.04347826086956519,,9.627383664111502e-06,0.24806201550387597,0.317829457364341,0.0012022053255833739,0.0012022053255833739,0.3875968992248062,0.5077640428117284,0.15815528996679454,993,0.6627900888915317,0.3217244761439814,2089,774.9890321804561,0.6378555924390392,1541.0,1346.1239454899417,0.458881067247557,2114,986.6382352941176,846.0,585.0035688138154,340,0.4652856568234462,0.8173890317607586,0.42908333069536003,4,1586.5
gaus3,,,,-36.05915348234284,930143762.215458,0.6868456120312203,771.7890871006784,206,raw,48652.785402335285,,13.323026272375404,588309.862810734,0.021925877642496244,6.181830129662763e-07,-0.04897397702598316,15642.024440385765,,,,[],[],3,43133.14865816851,6155.134769876269,111012.67700387625,"[69, 84, 142]","[111012.67700387625, 12231.634200753011, 6155.134769876269]","[3, 78, 127]","[127, 127, 150]",735915960155.7546,144033.56560128226,-144033.56560128226,0.0,,,,CWT,mdp.39015067403892,735878205542.7546,,0.0,-30.5,29.0,0.0,-30.5,,143092.56560128226,42728.33615816851,116445.44597450552,42728.33615816852,,0.0,42728.33615816851,,,6152.134769876269,0.0,-30.5,110072.67700387625,143092.56560128226,,15315.024440385765,0.2742406581631577,,0.45896572894439125,0.6773683289538376,0.16374759272657746,0.9722863741339499,0.23170324899869507,,0.10142231782011214,0.5826191142610059,0.5826191142610059,0.5826191142610061,,0.12663881708432512,0.49568938943570295,0.6197445704747909,,,,,,0.19746200293223976,0.050000000000000044,0.0625,0.4950210116715805,0.4950210116715805,1.8019915109949185,0.53288815150894,6,1.3039449723515641,0.6213269146939757,8,0,0.3737332539130315,0.5180675202232274,7,0.125,0.4064158215039144,0.6616770153137937,8,0.9574271077563381,0.9042572892243662,7.25,7.148936170212766,0.5896286446121831,5,gaus,0.5375,1.0,0.32375,1,4.0,0.2742406581631577,0.0869822633649382,,0.5345516227353074,0.7414057138764129,0.16664959519515904,0.9735537190082652,0.23112720826660113,,0.03994133634292837,0.24083705657009769,0.24083705657009769,0.2408370565700978,,0.12655195683084502,0.49568938943570295,0.6166148415032526,,,,,0.875,,0.1967087850438598,0.04999999999999988,0.06060606060606055,0.49497561461818795,0.49497561461818795,0.046511627906976716,1.5148714157120733,0.4675154539803825,14,1.4274575428021752,0.6542960847123135,14,0.0,1.0,14.0,14.0,0.65,12,0.5743243243243243,1.0,0.2979729729729729,2,9.5,102.0,False,0.11034881860679158,0.7499999999999999,0.09090909090909088,,0.15614916814207425,,,,,,0.4127572474453968,0.002961501416039819,,0.022947713033577788,0.9911580534719352,0.2445204986675903,0.7410363956162902,0.18129333543782444,0.045220636394375624,,0.08216093135787886,0.38630561450428225,0.38630561450428225,0.38630561450427836,,0.0,0.12895693894212018,0.5387323057958829,0.6829874556265073,,,,,0.9130434782608695,,0.2304539924101179,0.015503875968992276,0.015503875968992165,0.6005008779157938,0.6005008779157938,0.015503875968992276,1.7745079717067929,0.5527130697549935,13,1.1433436755277366,0.5549896584556414,1921,1349.1597385039327,0.3695515240635828,967.0,25.82523267838676,0.4588411825925391,2115,1982.5625,2068.5,192.51804028021203,16,0.9349504833765622,0.26899346077528574,0.26483662340382075,10,1588.75
coif13,,,,5.795741139922841,35192.05630772102,0.6601941747572816,28.366939552519426,206,smoothed,142.84791849924537,,7.194222824929102,90447.61084362336,1.0,7.675296621848626e-05,-0.27336560608828725,159.2061906837912,0.04854368932038834,14740.012471310001,15.0,"[0.0, 0.0048543689320388345, 0.009708737864077669, 0.014563106796116504, 0.019417475728155338, 0.02427184466019417, 0.029126213592233007, 0.03398058252427184, 0.038834951456310676, 0.04368932038834951, 0.04854368932038834, 0.05339805825242718, 0.058252427184466014, 0.06310679611650485, 0.06796116504854369, 0.07281553398058252, 0.07766990291262135, 0.08252427184466019, 0.08737864077669902, 0.09223300970873785, 0.09708737864077668, 0.10194174757281553, 0.10679611650485436, 0.1116504854368932, 0.11650485436893203, 0.12135922330097086, 0.1262135922330097, 0.13106796116504854, 0.13592233009708737, 0.1407766990291262, 0.14563106796116504, 0.15048543689320387, 0.1553398058252427, 0.16019417475728154, 0.16504854368932037, 0.1699029126213592, 0.17475728155339804, 0.17961165048543687, 0.1844660194174757, 0.18932038834951453, 0.19417475728155337, 0.19902912621359223, 0.20388349514563106, 0.2087378640776699, 0.21359223300970873, 0.21844660194174756, 0.2233009708737864, 0.22815533980582522, 0.23300970873786406, 0.2378640776699029, 0.24271844660194172, 0.24757281553398056, 0.2524271844660194, 0.25728155339805825, 0.2621359223300971, 0.2669902912621359, 0.27184466019417475, 0.2766990291262136, 0.2815533980582524, 0.28640776699029125, 0.2912621359223301, 0.2961165048543689, 0.30097087378640774, 0.3058252427184466, 0.3106796116504854, 0.31553398058252424, 0.3203883495145631, 0.3252427184466019, 0.33009708737864074, 0.3349514563106796, 0.3398058252427184, 0.34466019417475724, 0.3495145631067961, 0.3543689320388349, 0.35922330097087374, 0.36407766990291257, 0.3689320388349514, 0.37378640776699024, 0.37864077669902907, 0.3834951456310679, 0.38834951456310673, 0.3932038834951456, 0.39805825242718446, 0.4029126213592233, 0.4077669902912621, 0.41262135922330095, 0.4174757281553398, 0.4223300970873786, 0.42718446601941745, 0.4320388349514563, 0.4368932038834951, 0.44174757281553395, 0.4466019417475728, 0.4514563106796116, 0.45631067961165045, 0.4611650485436893, 0.4660194174757281, 0.47087378640776695, 0.4757281553398058, 0.4805825242718446, 0.48543689320388345, 0.4902912621359223, 0.4951456310679611]","[99869.49903308821, 9085.103842080465, 9734.352676758406, 3251.6321084139313, 5707.464801055037, 7682.429694283597, 7833.028049712955, 8959.114036491512, 10604.154201162326, 7744.517867697133, 13535.94072293549, 14740.012471310001, 4812.113075692692, 6399.252792266713, 3888.1301077643393, 2731.3741497349793, 2381.068425973108, 8072.106553242599, 4361.217716405952, 3771.450564671598, 2459.574371703842, 5088.145997549558, 6348.550532269006, 2141.383379668006, 2992.9402806116345, 754.6087998394142, 5790.509785961587, 1745.87225678713, 1496.728405468251, 1595.5494645757126, 1013.9034581776588, 1001.0143794492247, 142.9862198181178, 550.3283429447459, 380.71223427258195, 1147.6398727607184, 174.1371565353439, 638.6856268613257, 311.7437666053927, 709.6577894458565, 148.67689890579288, 217.22152056232719, 273.88527016184486, 335.13657674232735, 425.49232081836243, 795.2094027669277, 878.6804602543186, 410.605275679274, 270.0623673219786, 540.5288855640588, 151.2565900745994, 262.3890322590858, 557.9277376436822, 1422.5632425937345, 1275.344493216351, 1301.862069254816, 722.8228628781978, 691.3274830284033, 940.7347601125183, 658.9702449684007, 402.1867530753634, 1042.6752172192819, 739.4064193001383, 389.7827069084604, 1420.358511899084, 996.3304493764391, 598.0044610838199, 1282.2321012405753, 265.659849069305, 397.2108762971653, 809.6203545869536, 512.5822335555728, 495.64702549310704, 812.9981400184517, 83.67148739528767, 439.89730093088565, 913.4774982261561, 127.84749264566558, 228.2480800044984, 129.39840509291506, 276.61295663559764, 163.03159392709586, 133.79239117517977, 184.19880500082974, 147.7168404807779, 214.48435573346055, 234.40306778973402, 671.0475200412674, 216.98657652722594, 359.8705003737668, 495.7392918936839, 579.1203941545614, 521.6760405543033, 201.63787721517002, 335.79455906253526, 262.08537548139304, 642.7080840353221, 301.4479027920611, 229.80173859261006, 1330.4166814459575, 269.8592562727442, 1211.5538883852619, 476.881037428264]",13,512.9259394090094,47.21761352116894,1003.8301918697324,"[7, 20, 38, 65, 77, 92, 113, 123, 142, 159, 170, 188, 204]","[170.44255780734272, 429.5334653164692, 608.7269280413706, 847.3347851053536, 681.5143987977549, 1003.8301918697324, 455.4924203441367, 298.6619446234453, 706.2407150234405, 47.21761352116894, 639.9213786887623, 558.1693536186895, 220.9514595594552]","[3, 12, 12, 12, 71, 12, 106, 118, 135, 156, 156, 183, 135]","[12, 32, 51, 86, 86, 135, 135, 135, 199, 160, 199, 199, 205]",61465789.58281027,1004.2704675551669,-1004.2704675551669,305477.43460527103,0.0713474213094944,0.10574819063765875,0.4951456310679611,SWT,mdp.39015067403892,30729313.74281027,,0.0,-11.0,9.0,0.0,-15.5,,275.8704675551669,254.72593940900947,987.6372123171232,254.72593940900936,,305477.43460527103,254.72593940900947,,,43.017613521168954,0.0,-6.5,275.4301918697324,275.8704675551669,,203.19380931620879,0.2617464949308575,,0.0031890301257557763,0.16589578746304526,0.030035212280763005,0.4444444444444448,0.3580760373945932,,0.05456756217181484,0.21667089840197767,0.21667089840197767,0.21567740125157234,,0.9296453000603622,0.3014915728381572,0.31449211504558827,,,,,,0.491124265694037,0.12,0.202020202020202,0.2943315232754147,0.2943315232754147,2.081443854334605,0.6681825608469297,40,0.7098629017236934,0.2705985629110147,99,0,0.3282967252663395,0.5412633123548675,58,0.0,0.24535500115906078,0.3247725544833358,98,29.511297271835858,0.7215915351713598,73.75,63.95244900684454,0.5129184090951138,91,coif,1.0,0.7144143715238808,0.08567568854283576,5,69.5,0.0268924072862244,0.8555935510392239,,0.022531271328795732,0.3340749966028277,0.005122079624905684,0.48571428571428604,0.052711359921510936,,0.034302892226417324,0.07252350137410007,0.07252350137410007,0.07213009883058946,,0.5240813949515737,0.24025847249179053,0.07772318296793349,,,,,0.08333333333333331,,0.1167062295006949,0.25423728813559315,0.3305084745762712,0.09602484479172538,0.09602484479172538,0.17796610169491525,1.0721844203748911,0.351853208754325,140,0.6656971137493186,0.34239614962774934,206,46.66904755831214,0.7798629832155088,173.0,166.70520231213874,0.4819126236832261,197,1.0,0.7220099692676862,0.08339700921969413,7,149.5,,,0.006159417715553284,0.25,0.03,0.6932935849174732,0.006159417715553284,1.0,False,False,0.9934276165585736,0.5859078573618999,0.001211883618902173,0.5122576610761613,,0.13498252040594394,0.336657511491791,4.425029438148275e-06,0.627384657015289,0.006159417715553284,0.005007574043357523,,0.0003008384271256841,0.0007835583904250943,0.0007835583904250943,0.0007835583904187546,,0.5859078573618999,0.0017109506918127466,0.004566287012745841,0.0017090105471061156,,,,,0.04347826086956519,,9.623458043346391e-06,0.3178294573643411,0.38759689922480617,0.0011577153380527112,0.0011577153380527112,0.24806201550387597,0.4943475335942494,0.15397639637306418,1001,0.6587820034223799,0.3197789141636269,2091,770.7463914933368,0.6398381348161978,1546.0,1353.8751617076325,0.45870411413707085,2116,986.6382352941176,846.0,585.0035688138154,340,0.4652856568234462,0.8173890317607586,0.42908333069536003,4,1588.0
db19,,,,6.131340954950195,34483.62627272147,0.6407766990291263,25.614460046412923,206,smoothed,142.69127522107573,,7.192663015258453,90447.61084362335,1.0,7.629979168106372e-05,-0.15693312759039477,166.44008946813778,0.04854368932038834,14740.01247161532,15.0,"[0.0, 0.0048543689320388345, 0.009708737864077669, 0.014563106796116504, 0.019417475728155338, 0.02427184466019417, 0.029126213592233007, 0.03398058252427184, 0.038834951456310676, 0.04368932038834951, 0.04854368932038834, 0.05339805825242718, 0.058252427184466014, 0.06310679611650485, 0.06796116504854369, 0.07281553398058252, 0.07766990291262135, 0.08252427184466019, 0.08737864077669902, 0.09223300970873785, 0.09708737864077668, 0.10194174757281553, 0.10679611650485436, 0.1116504854368932, 0.11650485436893203, 0.12135922330097086, 0.1262135922330097, 0.13106796116504854, 0.13592233009708737, 0.1407766990291262, 0.14563106796116504, 0.15048543689320387, 0.1553398058252427, 0.16019417475728154, 0.16504854368932037, 0.1699029126213592, 0.17475728155339804, 0.17961165048543687, 0.1844660194174757, 0.18932038834951453, 0.19417475728155337, 0.19902912621359223, 0.20388349514563106, 0.2087378640776699, 0.21359223300970873, 0.21844660194174756, 0.2233009708737864, 0.22815533980582522, 0.23300970873786406, 0.2378640776699029, 0.24271844660194172, 0.24757281553398056, 0.2524271844660194, 0.25728155339805825, 0.2621359223300971, 0.2669902912621359, 0.27184466019417475, 0.2766990291262136, 0.2815533980582524, 0.28640776699029125, 0.2912621359223301, 0.2961165048543689, 0.30097087378640774, 0.3058252427184466, 0.3106796116504854, 0.31553398058252424, 0.3203883495145631, 0.3252427184466019, 0.33009708737864074, 0.3349514563106796, 0.3398058252427184, 0.34466019417475724, 0.3495145631067961, 0.3543689320388349, 0.35922330097087374, 0.36407766990291257, 0.3689320388349514, 0.37378640776699024, 0.37864077669902907, 0.3834951456310679, 0.38834951456310673, 0.3932038834951456, 0.39805825242718446, 0.4029126213592233, 0.4077669902912621, 0.41262135922330095, 0.4174757281553398, 0.4223300970873786, 0.42718446601941745, 0.4320388349514563, 0.4368932038834951, 0.44174757281553395, 0.4466019417475728, 0.4514563106796116, 0.45631067961165045, 0.4611650485436893, 0.4660194174757281, 0.47087378640776695, 0.4757281553398058, 0.4805825242718446, 0.48543689320388345, 0.4902912621359223, 0.4951456310679611]","[99869.49903308818, 9085.103842080465, 9734.352676758406, 3251.6321084139317, 5707.464801055034, 7682.429694283597, 7833.02804971296, 8959.114036491766, 10604.154201167372, 7744.517867729129, 13535.940723196147, 14740.01247161532, 4812.1130738960965, 6399.25277219447, 3888.130052893624, 2731.3740375276807, 2381.068267726599, 8072.106924150944, 4361.220870829099, 3771.4610063127925, 2459.5911028404525, 5088.202831863882, 6348.601099214382, 2141.3389419030564, 2992.639821568454, 754.4232166511198, 5788.060246063654, 1745.008412389606, 1496.4560693629542, 1597.000107301387, 1017.054057255129, 1007.2778478152524, 144.28154270883977, 554.984984226183, 380.6934011967859, 1124.76529374058, 165.68580173336974, 592.2232915265895, 289.7289754867692, 695.4502453593376, 161.59018366682977, 264.4945997566254, 350.0758912836845, 401.4186321612692, 439.92714827541084, 689.9450497532468, 637.6830280369682, 248.30484016162316, 139.3737582407816, 490.1639630702964, 226.5539371294488, 282.70528826257384, 536.1563609066887, 1351.9112141709763, 1283.200128940812, 1473.5007798778006, 967.7860202724664, 1053.2218016144711, 1239.3132698491906, 617.9429892992498, 302.50090230531544, 768.5318982291699, 601.1477557751361, 359.48437934691526, 1447.7312618546437, 1066.9717182025126, 641.8401393213697, 1344.1365881058136, 270.88331309391526, 397.2303035887732, 802.7938201044019, 507.92470524497026, 492.5293292575838, 810.461305239692, 83.59526452035838, 439.97736711062385, 913.929295019923, 127.90154982306835, 228.30419709857543, 129.41139372996344, 276.618696740186, 163.03029534949567, 133.79089670314428, 184.19755198831908, 147.71643151065604, 214.48420059905837, 234.40305701905675, 671.0475646392806, 216.98658544122938, 359.8705054523891, 495.73929344864456, 579.1203943707752, 521.6760405434992, 201.6378772112848, 335.79455906115084, 262.0853754812697, 642.7080840353027, 301.4479027920611, 229.80173859260844, 1330.41668144596, 269.85925627274463, 1211.5538883852598, 476.8810374282649]",12,539.9098804106633,39.596532098335786,970.3442538820789,"[8, 23, 46, 66, 78, 95, 115, 125, 144, 172, 190, 202]","[282.1234333304606, 372.85714824808935, 618.3337365223933, 970.3442538820789, 614.9745938137688, 858.9414196126787, 529.4734379002336, 289.2210530429539, 666.1844005144046, 675.9784723779442, 560.8900835846175, 39.596532098335786]","[4, 13, 13, 13, 74, 87, 110, 120, 133, 133, 184, 200]","[13, 33, 52, 133, 87, 133, 133, 133, 162, 200, 200, 203]",61474135.40037537,967.303274944781,-967.303274944781,305600.8670875462,0.07150235677006533,0.10592598308106682,0.4951456310679611,SWT,mdp.39015067403892,30737659.560375378,,0.0,-11.5,10.0,0.0,-11.5,,238.90327494478106,281.70988041066335,798.5185649279601,281.7098804106633,,305600.8670875462,281.70988041066335,,,35.3965320983358,0.0,-11.5,241.9442538820789,238.90327494478106,,195.9599105318622,0.21363995045950274,,0.04743977513483566,0.1614155052886645,0.028771101094735886,0.29629629629629683,0.3580760373945916,,0.03604454950638223,0.3311784523461061,0.3311784523461061,0.3303301852507458,,0.8531141320270528,0.21656583668786067,0.16354992932958837,,,,,,0.4928909473649534,0.11,0.101010101010101,0.1368060833461927,0.1368060833461927,2.065800773009965,0.66316083800907,45,0.692903320931849,0.264133598790897,101,0,0.32288691850752427,0.5323441556892,61,0.0,0.23562230480969482,0.31188953746529247,102,28.756158760631898,0.7287154833902652,77.25,68.58642762424306,0.4999709492423024,96,db,0.9817779367705585,0.7465271631990054,0.08879729530090745,4,73.0,0.021949835706046104,0.8504206246694921,,0.060234498631886624,0.33190525736266663,0.004906503384290523,0.37142857142857183,0.052711359921510714,,0.02265874171131349,0.11085116238930934,0.11085116238930934,0.11047401707641599,,0.49627384349156045,0.19422191877587053,0.040419522377639044,,,,,0.16666666666666669,,0.117126047398003,0.24576271186440674,0.2457627118644068,0.04463260602769187,0.04463260602769187,0.24576271186440676,1.0649827459509715,0.3494898725536609,143,0.6747268990147526,0.3470405496754476,204,43.1335136523794,0.7965400299416066,173.5,168.13832853025937,0.4890719017632561,194,0.9080317387829661,0.7281573716544635,0.1459305713555847,6,147.0,,,0.09703302202361874,0.5,0.10999999999999999,0.6823067507853127,0.09703302202361863,1.0,False,False,0.9938290250515804,0.5861446017267076,0.0012105546991333775,0.5092261944869412,,0.1358808349512347,0.33649093798628055,4.238790394489383e-06,0.5445812474631311,0.09703302202361863,0.0050075740433575214,,0.00019871852705845815,0.0010284846955692217,0.0010284846955692217,0.0010284846955628838,,0.5861446017267076,0.001650039170092513,0.0036913288264044013,0.0015012344103937404,,,,,0.08695652173913043,,9.626071691859579e-06,0.31007751937984496,0.31007751937984485,0.0010025791748052473,0.0010025791748052473,0.31007751937984496,0.5153127751769561,0.1605065237199632,990,0.6615558515269436,0.32112536584312656,2090,777.8174593052023,0.6365338975209335,1540.0,1343.5714285714284,0.4584538646483172,2117,1009.0473684210526,935.5,610.6543869996938,760,0.4758535102197843,0.8532293215616218,0.41093374637766444,5,1589.0
morl,,,,-30.892065304506687,355464494.13489926,0.6549114791547687,410.8426301416757,206,smoothed,22886.74453057365,,13.085642749054621,210978.71689284043,0.04029178645830492,1.5729753369126483e-06,0.5764330730745367,16184.025667071448,,,,[],[],7,25527.32717661533,6312.4702593041,65326.31204223023,"[28, 50, 81, 137, 157, 177, 193]","[65326.31204223023, 19650.125488707235, 14647.683943664055, 12736.730906932165, 18567.926061727867, 6312.4702593041, 41450.04153374167]","[0, 39, 74, 117, 117, 168, 117]","[117, 117, 117, 146, 168, 184, 205]",136301774283.54079,50519.01831434131,-50519.01831434131,0.0,,,,CWT,mdp.39015067403892,136271037807.70079,,0.0,-18.5,15.0,0.0,-14.0,,49790.61831434131,25269.12717661533,173010.8902363073,25269.127176615333,,0.0,25269.12717661533,,,6308.2702593041,0.0,-18.5,64597.91204223023,49790.61831434131,,15821.625667071448,0.0,,1.0,0.0,0.0,0.640935672514619,0.0,,0.024990317335442144,0.0,0.0,0.0,,0.13056958979980124,0.7792704141009074,0.27537281679303866,,,,,,0.0,1.0,0.4615384615384614,0.0,0.0,0.876692134310048,0.2652165057457064,10,1.2563742690058475,0.6212277040051011,10,0,0.2374225366150807,0.3516423727320598,10,0.11111111111111112,0.3245614035087718,0.5482447550198605,10,0.0,1.0,10.0,10.0,0.5,10,morl,1.0,,,3,8.25,0.004087742504030267,0.27457454447900764,,0.8567347805777721,0.0,0.0,0.6038567493112943,0.0,,0.042129736008212015,0.044800318902067204,0.044800318902067204,0.04480031890206723,,0.13082946363802828,0.7818100472936207,0.2753728167930386,,,,,0.0,,0.0006963881211358713,0.65,0.7878787878787878,0.0,0.0,0.8139534883720931,0.9538921421995334,0.29438757196372933,20,1.2391822541660922,0.5679973469152889,20,0.0,1.0,20.0,20.0,0.5,20,1.0,0.42726546892191375,0.17182035932342588,3,15.75,102.0,False,1.0,0.0,0.6521739130434783,0.0,1.0,,,,,,0.19416503284048647,0.009348490954661018,,0.03677868152374686,0.9658076492694074,0.09344316991202223,0.6048572588283045,0.6694130897840117,0.014743047788642664,,0.08425309383360662,0.22783285671368042,0.22783285671368042,0.22783285671367554,,0.0,0.1332226679138242,0.8004325622442058,0.40082211848953264,,,,,0.30434782608695654,,0.04267581846576401,0.20155038759689925,0.20155038759689914,0.20895082762751324,0.20895082762751324,0.2713178294573644,1.2187951876456966,0.3796229942648994,20,1.1283520342038909,0.547712576265835,1925,1347.038418160373,0.37054279525216205,972.5,39.588688946015424,0.4580517714578567,2118,2120.5,2120.5,3.5355339059327378,2,1.0,0.004939981207272672,0.29851800563781816,8,1590.5
gaus3,,,,-38.400514474844286,941869201.4976116,0.6832286312583286,769.8849542361847,206,smoothed,49333.23924414681,,13.309092189121541,594944.2765327828,0.022627504851598985,3.351598783803479e-06,-0.07549190831961655,16397.919459775134,,,,[],[],2,57986.941466618526,9262.1623761386,106711.72055709845,"[69, 84]","[106711.72055709845, 9262.1623761386]","[3, 78]","[128, 128]",756048358563.2278,144902.1647840732,-144902.1647840732,0.0,,,,CWT,mdp.39015067403892,756017622087.3878,,0.0,-21.0,20.0,0.0,-21.0,,144173.7647840732,57728.74146661853,110293.48293323706,57728.74146661853,,0.0,57728.74146661853,,,9257.9623761386,0.0,-21.0,105983.32055709846,144173.7647840732,,16035.519459775134,0.2792538767664582,,0.4535369423301564,0.7562755287511124,0.17015475588160056,0.9888888888888884,0.23519099557557788,,0.06707305023230986,0.38155934039301465,0.38155934039301465,0.38155934039301465,,0.13237615019134344,0.45357923647711096,0.5859283657218568,,,,,,0.20273718329064727,0.16666666666666669,0.0769230769230769,0.5007114780764368,0.5007114780764368,1.6175083403606805,0.4893278874717054,6,1.5014098806295015,0.7423881847342235,7,0,0.3362997357884164,0.49808766567736196,5,0.11111111111111112,0.430118550274429,0.7265504668004332,6,0.816496580927726,0.9183503419072274,6.0,5.91549295774648,0.6591751709536138,5,gaus,0.5375,1.0,0.32375,1,4.0,0.2813751104545186,0.6240285789083424,,0.3885608727711403,0.6978862277826644,0.17004982175350147,0.9316804407713498,0.23519099557557788,,0.08347270847927288,0.40926567916541234,0.40926567916541234,0.40926567916541234,,0.13263548404640746,0.46457138558270433,0.5859283657218568,,,,,0.3125,,0.20329238764562693,0.525,0.6363636363636364,0.5007114780764368,0.5007114780764368,0.48837209302325585,1.6256901087625402,0.5017160145386187,11,1.4536218240404062,0.6662888664660044,12,0.7071067811865476,0.9646446609406726,11.5,11.478260869565217,0.6948223304703363,9,0.5743243243243243,1.0,0.2979729729729729,2,7.25,102.0,False,0.12036898565502463,0.8333333333333335,0.04347826086956519,0.4817228727910585,0.12036898565502485,,,,,,0.4185300362474597,0.0212464179315815,,0.016680490761214695,0.9896700199398025,0.2476029972779022,0.7256122310918685,0.1605965330804845,0.0457565076953491,,0.12377796536925847,0.522460442579167,0.522460442579167,0.5224604425791638,,0.0,0.13502371556302356,0.5102702239264445,0.6576135006109837,,,,,0.5217391304347826,,0.23676102652603923,0.16279069767441867,0.16279069767441856,0.6050382279572831,0.6050382279572831,0.16279069767441856,1.7930092436718659,0.5584757346656232,12,1.1333638480663744,0.5501453573476031,1924,1351.9881656286789,0.3682298291454772,968.0,23.85123966942149,0.4579466902736732,2119,1982.5625,2068.5,192.51804028021203,16,0.9349504833765622,0.26899346077528574,0.26483662340382075,10,1591.75
db13,,,,5.913127592711847,34292.3771230485,0.6553398058252428,26.828657131740783,206,smoothed,142.76707630418676,,7.192492442835715,90447.61084362333,1.0,7.329004569090235e-05,-0.23079684312248047,160.7573668943702,0.04854368932038834,14740.010572983376,15.0,"[0.0, 0.0048543689320388345, 0.009708737864077669, 0.014563106796116504, 0.019417475728155338, 0.02427184466019417, 0.029126213592233007, 0.03398058252427184, 0.038834951456310676, 0.04368932038834951, 0.04854368932038834, 0.05339805825242718, 0.058252427184466014, 0.06310679611650485, 0.06796116504854369, 0.07281553398058252, 0.07766990291262135, 0.08252427184466019, 0.08737864077669902, 0.09223300970873785, 0.09708737864077668, 0.10194174757281553, 0.10679611650485436, 0.1116504854368932, 0.11650485436893203, 0.12135922330097086, 0.1262135922330097, 0.13106796116504854, 0.13592233009708737, 0.1407766990291262, 0.14563106796116504, 0.15048543689320387, 0.1553398058252427, 0.16019417475728154, 0.16504854368932037, 0.1699029126213592, 0.17475728155339804, 0.17961165048543687, 0.1844660194174757, 0.18932038834951453, 0.19417475728155337, 0.19902912621359223, 0.20388349514563106, 0.2087378640776699, 0.21359223300970873, 0.21844660194174756, 0.2233009708737864, 0.22815533980582522, 0.23300970873786406, 0.2378640776699029, 0.24271844660194172, 0.24757281553398056, 0.2524271844660194, 0.25728155339805825, 0.2621359223300971, 0.2669902912621359, 0.27184466019417475, 0.2766990291262136, 0.2815533980582524, 0.28640776699029125, 0.2912621359223301, 0.2961165048543689, 0.30097087378640774, 0.3058252427184466, 0.3106796116504854, 0.31553398058252424, 0.3203883495145631, 0.3252427184466019, 0.33009708737864074, 0.3349514563106796, 0.3398058252427184, 0.34466019417475724, 0.3495145631067961, 0.3543689320388349, 0.35922330097087374, 0.36407766990291257, 0.3689320388349514, 0.37378640776699024, 0.37864077669902907, 0.3834951456310679, 0.38834951456310673, 0.3932038834951456, 0.39805825242718446, 0.4029126213592233, 0.4077669902912621, 0.41262135922330095, 0.4174757281553398, 0.4223300970873786, 0.42718446601941745, 0.4320388349514563, 0.4368932038834951, 0.44174757281553395, 0.4466019417475728, 0.4514563106796116, 0.45631067961165045, 0.4611650485436893, 0.4660194174757281, 0.47087378640776695, 0.4757281553398058, 0.4805825242718446, 0.48543689320388345, 0.4902912621359223, 0.4951456310679611]","[99869.49903308818, 9085.103842080465, 9734.352676758408, 3251.6321084139568, 5707.464801057083, 7682.429694330534, 7833.028050119789, 8959.11403860184, 10604.15420477621, 7744.517844538795, 13535.940358180671, 14740.010572983376, 4812.110930275855, 6399.245063929118, 3888.1200147008003, 2731.362615535138, 2381.0589595936144, 8072.137287530444, 4361.34943532963, 3771.7970552012757, 2460.082587299612, 5090.085007443499, 6352.288344067143, 2142.971063548437, 2994.9240276081296, 754.6695073147465, 5782.728726090659, 1739.0300674869434, 1485.1435051257815, 1575.758170671937, 996.9651980278529, 982.4572929827814, 140.79534056066447, 547.4923968016961, 385.181806278921, 1184.963054341454, 183.5066253691026, 686.9304119436042, 343.74551791170194, 809.7289508680695, 176.3448275663309, 261.1734018952767, 306.8453045112992, 310.228686813137, 299.81856466411307, 416.996811003725, 351.84188785789496, 147.04740717458998, 143.8519539781167, 805.4399634833402, 288.22016428249185, 298.25187020950267, 517.7227897246534, 1268.4361351308598, 1220.0199228233953, 1469.6643059941775, 1044.8145470497195, 1264.0923066035255, 1671.4921965528738, 903.6075774567757, 429.9813493147212, 941.942098202294, 612.8524262615315, 317.769263615006, 1191.4173918700822, 872.7949700470666, 544.82361312857, 1205.9935461293674, 256.67322989485075, 392.5455921257723, 813.721810485428, 520.2712436891669, 504.65919362592047, 826.3707280966759, 84.69772216097029, 443.27768263522444, 917.0438055320649, 128.01904950923046, 228.22971713935155, 129.31258358794125, 276.40771627760927, 162.93554977378577, 133.74138557336394, 184.16073659045634, 147.70326819850274, 214.4778776112187, 234.4021753041504, 671.0501879046318, 216.98749282643263, 359.87143454682433, 495.73989059420325, 579.1206523475987, 521.6761077395557, 201.63788264872989, 335.7945600666573, 262.0853753920732, 642.7080838839315, 301.44790277640504, 229.80173859120234, 1330.4166814454813, 269.85925627274025, 1211.5538883852591, 476.88103742827104]",12,557.0141852487387,200.98761273484592,959.065336305071,"[3, 17, 35, 62, 73, 90, 110, 121, 140, 167, 185, 202]","[313.61872923514176, 393.3542066487582, 654.7590717113176, 713.3439994198095, 959.065336305071, 816.0874062019539, 465.8594899518234, 291.0952797207714, 639.025498344547, 697.1082034563287, 539.8653892544964, 200.98761273484592]","[1, 8, 8, 8, 8, 83, 104, 116, 128, 128, 179, 196]","[8, 29, 48, 68, 128, 128, 128, 128, 157, 196, 196, 203]",61481595.61916886,958.2108351836657,-958.2108351836657,305792.644712774,0.07164632599115221,0.10602162174352688,0.4951456310679611,SWT,mdp.39015067403892,30745119.779168867,,0.0,-11.5,10.0,0.0,-11.5,,229.81083518366574,298.8141852487388,1003.7702229848655,298.8141852487387,,305792.644712774,298.8141852487388,,,196.78761273484594,0.0,-11.5,230.66533630507104,229.81083518366574,,201.64263310562978,0.23691913752879157,,0.018667101797110286,0.16092556565089225,0.02842983918110184,0.40740740740740783,0.35807603739459,,0.4283050260525831,0.4037613307626687,0.4037613307626687,0.403005120610843,,0.9132346022112332,0.30873627253431796,0.11270875318538462,,,,,,0.49447016134856464,0.11,0.101010101010101,0.09806117273057724,0.09806117273057724,2.2852218334727867,0.733599118522126,18,0.6817019330308594,0.2598636482676952,102,0,0.3653045159496533,0.6022781133765206,43,0.0,0.23239333935036502,0.30761540669310106,103,42.8057628519027,0.5961720485669557,66.5,40.68181545296272,0.484406779000459,104,db,0.9817779367705585,0.7465271631990054,0.08879729530090745,4,79.0,0.02434159029334209,0.8160647791551974,,0.03571914543846022,0.3316679863123154,0.004848306003221892,0.45714285714285746,0.05271135992151044,,0.26924606055249733,0.13514590857536043,0.13514590857536043,0.13477906822971708,,0.518118578276206,0.24418568021275475,0.027854698502203956,,,,,0.16666666666666669,,0.11750131720745047,0.24576271186440674,0.2457627118644068,0.031992186180945154,0.031992186180945154,0.24576271186440676,1.1858013062963895,0.38913827382379823,112,0.6615066814981599,0.34024083328576954,207,67.17514421272202,0.6831361122041415,159.5,145.35423197492162,0.46538881081905187,204,0.9080317387829661,0.7281573716544635,0.1459305713555847,6,154.5,,,0.039383626042515774,0.5,0.10999999999999999,0.6093379998005107,0.039383626042515774,1.0,False,False,0.9944526953052787,0.5865124325539907,0.0012111977752935514,0.4890927940909117,,0.1352967338030875,0.3364727224007938,4.188512940152614e-06,0.6066838046272496,0.039383626042515774,0.0050075740433575214,,0.0023613041381980236,0.0011837360795606067,0.0011837360795606067,0.0011837360795542693,,0.5865124325539907,0.0016978893391094093,0.004640926451790834,0.0014312501106762874,,,,,0.08695652173913043,,9.628407998591133e-06,0.31007751937984496,0.31007751937984485,0.0009644219299756301,0.0009644219299756301,0.31007751937984496,0.5167704456198243,0.1609605501419431,988,0.6569376951838302,0.31888366978408617,2093,781.352993211135,0.6348817788733014,1540.5,1342.3459915611816,0.45751098289459463,2120,1009.0473684210526,935.5,610.6543869996938,760,0.4758535102197843,0.8532293215616218,0.41093374637766444,5,1591.25
db16,1.0,antisymmetric,7.651307437769654e-27,318.410042215114,5445619.649195294,0.5466101694915254,102.59156251940998,206,smoothed,6.013743979600654e-14,-2.1153265805651286e-10,6.400520933709979,81299.75528161868,0.993301831232726,0.0001496656645132026,0.9999999999999999,362.4000000000001,,,,[],[],11,426.60000000000014,32.19999999999999,728.4000000000003,"[9, 31, 53, 64, 80, 102, 131, 148, 158, 175, 192]","[310.9999999999999, 417.8000000000002, 589.6000000000003, 432.19999999999993, 728.4000000000003, 371.0000000000001, 587.0, 32.19999999999999, 448.2000000000003, 368.0, 407.20000000000016]","[0, 0, 0, 60, 0, 94, 120, 144, 144, 165, 186]","[20, 40, 75, 75, 205, 120, 205, 149, 205, 186, 205]",30736475.840000004,728.4000000000003,-728.4000000000003,0.0,,,,DWT,mdp.39015067403892,7.450580596923828e-09,,0.0,15.0,11.0,0.0,33.0,,3.410605131648481e-13,168.4000000000002,987.7999999999975,168.40000000000012,,0.0,168.4000000000002,,,28.0,0.0,15.0,3.410605131648481e-13,3.410605131648481e-13,,1.1368683772161603e-13,8.32766109952235e-14,1.7604425066665173e-26,0.9745456460294336,0.38394740724082727,0.2699148648083717,0.23037384716130066,0.43826768221241447,,0.999999664709775,4.406097391567225e-09,4.406097391567225e-09,3.678815706965397e-09,,1.2251610931599486e-12,0.9999999955939026,2.275791983689038e-13,,,,,,1.5893391424973748e-13,0.0,0.0,5.243104679449306e-13,5.243104679449306e-13,0.7999999009582026,0.300737486916936,812,1.1791151353917706,0.5985988618020263,136,0,0.166666639399779,0.23713383958996734,808,0.0,0.32814992106463303,0.5789452736604112,118,394.402079102025,0.5865806298720911,468.5,218.61903673504102,0.5477452415607835,754,db,0.573477938514061,0.8443824841957417,0.34525069778143475,3,566.25,5.76368540194496e-14,0.9999999999705127,4.6176943067957825e-27,0.9610824320042246,0.8148436517679618,0.0007070723645539368,0.18904995539696712,0.004268688368375071,0.9999999997234409,2.0315811923354854e-05,4.745570603148508e-11,4.745570603148508e-11,3.962258299239352e-11,,1.2251610931599486e-12,0.003126132840347795,2.275791983689038e-13,,,,,0.0,,7.374542113937972e-14,0.0,0.0,4.2715278714194565e-13,4.2715278714194565e-13,1.0,0.20156916120504523,0.05751224468507999,1734,1.7617522786554771,0.8144319223891004,157,1115.1073939311855,0.4155621625098609,945.5,287.93019566367,0.46000854456729945,1715,0.49117026184683504,0.8233619396015222,0.4091722348267588,4,1287.25,,,,,,,,,,,,,3.8699562650749033e-19,0.9999999999715822,4.6176943067957825e-27,0.9717707459860001,0.2518973584818208,0.0014267713599208588,0.14301979732565268,0.9999999999999999,0.004268688368375071,0.9999999999999541,9.960751159770423e-05,3.843648489765261e-14,3.843648489765261e-14,3.209195062470194e-14,,0.0,9.572760819061336e-19,0.004567040150618456,2.11623863834008e-18,,,,,0.13043478260869565,,2.3332883504384434e-21,0.7209302325581395,0.7209302325581395,1.4312912534434783e-18,1.4312912534434783e-18,1.0,0.3986733618839274,0.12417638082767558,1945,1.8686399067815382,0.9070551976968615,117,1292.5911960090089,0.3959854224256968,1031.0,220.72259941804072,0.45710486074555867,2121,1009.0473684210526,935.5,610.6543869996938,760,0.4758535102197843,0.8532293215616218,0.41093374637766444,5,1592.0
db16,,,,5.781219229784695,34192.92760280685,0.6456310679611651,27.78856364277372,206,smoothed,142.59392636594538,,7.192739983246685,90447.61084362335,1.0,7.987019150632286e-05,-0.2784415622619733,162.7757853588748,0.04854368932038834,14740.012438528303,15.0,"[0.0, 0.0048543689320388345, 0.009708737864077669, 0.014563106796116504, 0.019417475728155338, 0.02427184466019417, 0.029126213592233007, 0.03398058252427184, 0.038834951456310676, 0.04368932038834951, 0.04854368932038834, 0.05339805825242718, 0.058252427184466014, 0.06310679611650485, 0.06796116504854369, 0.07281553398058252, 0.07766990291262135, 0.08252427184466019, 0.08737864077669902, 0.09223300970873785, 0.09708737864077668, 0.10194174757281553, 0.10679611650485436, 0.1116504854368932, 0.11650485436893203, 0.12135922330097086, 0.1262135922330097, 0.13106796116504854, 0.13592233009708737, 0.1407766990291262, 0.14563106796116504, 0.15048543689320387, 0.1553398058252427, 0.16019417475728154, 0.16504854368932037, 0.1699029126213592, 0.17475728155339804, 0.17961165048543687, 0.1844660194174757, 0.18932038834951453, 0.19417475728155337, 0.19902912621359223, 0.20388349514563106, 0.2087378640776699, 0.21359223300970873, 0.21844660194174756, 0.2233009708737864, 0.22815533980582522, 0.23300970873786406, 0.2378640776699029, 0.24271844660194172, 0.24757281553398056, 0.2524271844660194, 0.25728155339805825, 0.2621359223300971, 0.2669902912621359, 0.27184466019417475, 0.2766990291262136, 0.2815533980582524, 0.28640776699029125, 0.2912621359223301, 0.2961165048543689, 0.30097087378640774, 0.3058252427184466, 0.3106796116504854, 0.31553398058252424, 0.3203883495145631, 0.3252427184466019, 0.33009708737864074, 0.3349514563106796, 0.3398058252427184, 0.34466019417475724, 0.3495145631067961, 0.3543689320388349, 0.35922330097087374, 0.36407766990291257, 0.3689320388349514, 0.37378640776699024, 0.37864077669902907, 0.3834951456310679, 0.38834951456310673, 0.3932038834951456, 0.39805825242718446, 0.4029126213592233, 0.4077669902912621, 0.41262135922330095, 0.4174757281553398, 0.4223300970873786, 0.42718446601941745, 0.4320388349514563, 0.4368932038834951, 0.44174757281553395, 0.4466019417475728, 0.4514563106796116, 0.45631067961165045, 0.4611650485436893, 0.4660194174757281, 0.47087378640776695, 0.4757281553398058, 0.4805825242718446, 0.48543689320388345, 0.4902912621359223, 0.4951456310679611]","[99869.49903308821, 9085.103842080463, 9734.352676758408, 3251.632108413932, 5707.464801055039, 7682.429694283714, 7833.028049715812, 8959.114036530673, 10604.154201476711, 7744.517868536917, 13535.940723335516, 14740.012438528303, 4812.1130003905455, 6399.252369444705, 3888.1293333222948, 2731.3729767489735, 2381.067153338161, 8072.109897173161, 4361.23826155223, 3771.511861883759, 2459.670043900059, 5088.506793463885, 6349.1498589082785, 2141.5169360232067, 2992.616936783685, 754.2155113363442, 5783.26627731495, 1741.963625491369, 1492.019779789702, 1590.438160659493, 1012.6984349760621, 1005.263594338535, 144.93908596488413, 564.3167450624329, 393.8749060038434, 1186.229676930545, 177.00528054271433, 628.1528878193387, 293.9497579730455, 643.4805829990937, 131.6241288761169, 191.20565906257588, 240.39156762278893, 290.7102402125527, 369.94795440520903, 725.231509568954, 899.5354670512957, 519.9277769239527, 498.6939390085049, 2023.3504542794708, 500.1768286222499, 359.3660727588736, 426.136652114979, 676.3756165567218, 393.0885428007113, 360.73132014301643, 358.5030244422216, 643.3236007192762, 1152.380232701967, 787.1010314414821, 449.17849476575566, 1125.6456369826467, 795.7409182625028, 423.1003620910391, 1539.3416359624555, 1054.1871977894493, 608.5143114134494, 1259.8036982505882, 256.3575877219206, 383.1485781302763, 788.7589487149505, 505.5277675779544, 493.5362137024456, 813.9642487043914, 83.93895522340829, 441.27753461277325, 915.5181829885979, 128.00721238303822, 228.3669708191376, 129.41238291654733, 276.59570349122896, 163.0162016699105, 133.78290339259073, 184.1916397789304, 147.71443960663063, 214.48334531997804, 234.40297068646993, 671.0478787029759, 216.98666971186265, 359.87057205315347, 495.7393246489848, 579.1204032169017, 521.6760417145089, 201.63787720920956, 335.79455902612546, 262.08537547362346, 642.7080840325135, 301.44790279195126, 229.8017385926019, 1330.4166814459586, 269.8592562727455, 1211.5538883852612, 476.8810374282624]",14,466.9530857895962,25.187014273035288,958.0643284072445,"[5, 20, 39, 59, 76, 93, 112, 122, 132, 144, 157, 170, 187, 203]","[315.9970740478888, 360.84301068351294, 588.7869205509146, 806.8452409908817, 684.7662976751717, 958.0643284072445, 448.9898848371057, 282.53774583527525, 55.78306211603313, 698.6798676746029, 66.42938684259451, 708.2792773922838, 536.1540897278021, 25.187014273035288]","[3, 11, 11, 11, 71, 11, 107, 119, 129, 133, 155, 133, 176, 196]","[11, 33, 50, 86, 86, 133, 133, 133, 133, 159, 159, 196, 196, 204]",61468034.382963546,953.2626247183848,-953.2626247183848,305039.26215691766,0.070994061646648,0.10544805866133787,0.4951456310679611,SWT,mdp.39015067403892,30731558.54296355,,0.0,-15.0,8.0,0.0,-15.0,,224.86262471838484,208.75308578959624,856.9432010543478,208.75308578959624,,305039.26215691766,208.75308578959624,,,20.9870142730353,0.0,-6.0,229.6643284072445,224.86262471838484,,199.62421464112518,0.18374325088014415,,0.0012742336515221275,0.16163658245735085,0.028252383053084088,0.3333333333333338,0.3580760373945916,,0.0010222650860703397,0.021583049096799145,0.021583049096799145,0.020342121815217162,,0.8918807061624251,0.24280203973206138,0.10819658093945189,,,,,,0.49159945548278194,0.04000000000000001,0.2121212121212121,0.07697574602206475,0.07697574602206475,1.5458025512528886,0.4962316447349297,80,0.6589352582155084,0.2511850295198537,104,0,0.21580564198792052,0.35579909154587874,97,0.0,0.22967270253038025,0.3040141425424875,104,11.324751652906125,0.8931627202556026,96.25,95.14737090308888,0.49257192616553713,98,db,0.9817779367705585,0.7465271631990054,0.08879729530090745,4,74.5,0.01887818341204161,0.8911762582750677,,0.02089979582047663,0.3320123220048772,0.0048180433765043496,0.40000000000000036,0.052711359921510714,,0.00064262810502487,0.007224220245420354,0.007224220245420354,0.006803120069329982,,0.510359653664072,0.20844404301637867,0.02673956596858662,,,,,0.0,,0.11681914920842568,0.18644067796610164,0.3389830508474576,0.02511312407940594,0.02511312407940594,0.1864406779661017,0.8886656843583554,0.29162881553717823,174,0.6359350241467524,0.32708824957182064,209,24.748737341529164,0.8832606729173152,191.5,189.9007832898172,0.4899793930624312,193,0.9080317387829661,0.7281573716544635,0.1459305713555847,6,146.25,,,0.002197718722595998,0.0,0.04000000000000001,0.7688680807504196,0.002197718722595998,1.0,False,False,0.9920026582418593,0.5850674395395442,0.001209728817425819,0.5331100336849467,,0.13494364898075728,0.33649915746834513,4.1623686737788344e-06,0.5652820998511706,0.002197718722595998,0.0050075740433575214,,5.635887116059468e-06,0.0003662746002906374,0.0003662746002906374,0.00036627460028429594,,0.5850674395395442,0.001680893671378029,0.003961630641526901,0.0014250389794872593,,,,,0.0,,9.624161044404976e-06,0.2558139534883721,0.39534883720930225,0.0009436563177579211,0.0009436563177579211,0.2558139534883721,0.4715669276513843,0.1468808302542774,1018,0.6385087351045252,0.3099380810875071,2100,765.0895372438445,0.6424815246524092,1559.0,1371.2636305323927,0.45698842587760646,2122,1009.0473684210526,935.5,610.6543869996938,760,0.4758535102197843,0.8532293215616218,0.41093374637766444,5,1592.75
morl,,,,-28.59441564917102,367431394.1780811,0.6640967066438226,435.39638461707386,206,raw,22496.872964038434,,13.14919358003001,219414.06347428102,0.039044688227094344,1.7546758306101071e-07,0.45243813921731835,15646.60078585055,,,,[],[],9,21683.982796818837,3305.4450183945955,63212.72191238915,"[27, 48, 63, 82, 101, 136, 159, 176, 193]","[63212.72191238915, 23097.309939910738, 3305.4450183945955, 19136.42026794262, 4929.423722311931, 15498.82965615816, 21212.099626960662, 8139.041840853901, 36624.55318644777]","[0, 39, 61, 73, 96, 116, 116, 167, 116]","[116, 116, 116, 116, 116, 146, 167, 183, 205]",134178522521.88808,51086.081824043205,-51086.081824043205,0.0,,,,CWT,mdp.39015067403892,134140767908.88808,,0.0,-23.0,23.0,0.0,-23.0,,50145.081824043205,21279.170296818837,182201.84517136952,21279.17029681884,,0.0,21279.170296818837,,,3302.4450183945955,0.0,-18.5,62272.72191238915,50145.081824043205,,15319.60078585055,0.0,,0.9999999999999999,0.0,0.0,0.6963048498845269,0.0,,0.0,0.0,0.0,0.0,,0.12667748415339314,0.828299951274421,0.247633341213436,,,,,,0.0,0.42500000000000004,0.8125,0.0,0.0,0.8796008428660796,0.2601171339380036,10,1.2785219399538108,0.6092128956082054,9,0,0.22948843209775166,0.31811593346859296,10,0.125,0.378936407126361,0.6169383611427347,10,0.5,0.95,9.75,9.72972972972973,0.4875,10,morl,1.0,,,3,8.25,0.0,0.0,,1.0,0.19848449693400616,0.0034702470729423146,0.7101928374655649,0.005166915393074456,,0.0,0.0,0.0,0.0,,0.1265905973785707,0.828299951274421,0.25792462132875454,,,,,0.5,,0.0,0.425,0.7878787878787878,0.0018804622912620972,0.0018804622912620972,0.39534883720930236,1.0075174161371174,0.3109372566628543,19,1.3201995919380183,0.6051328310249782,19,0.0,1.0,19.0,19.0,0.525,17,1.0,0.42726546892191375,0.17182035932342588,3,13.5,102.0,False,1.0,0.0,0.7727272727272726,,0.8326957969777207,,,,,,0.19085746651453925,0.0,,0.042928899768658546,0.9725943008031603,0.0965891460980909,0.644026518739007,0.5726371154088759,0.015424383071025807,,0.043976057519367506,0.19161704241905794,0.19161704241905794,0.19161704241905284,,0.0,0.12899547309562268,0.8429545523903174,0.386394599019173,,,,,0.6521739130434783,,0.04200868469363334,0.13178294573643412,0.20155038759689914,0.21043836576669378,0.21043836576669378,0.13178294573643412,1.290559644037023,0.4019757554943668,19,1.1104415101537461,0.5390186412416497,1929,1350.5739520663058,0.36889067660453,974.0,37.62936344969199,0.45687524484432107,2123,2120.5,2120.5,3.5355339059327378,2,1.0,0.004939981207272672,0.29851800563781816,8,1594.25
gaus5,,,,-34.86232769823865,722470550.2943757,0.6781838949171902,696.8349438410828,206,raw,44099.97665650182,,13.405823075261756,460461.41184947605,0.02095780388166385,5.274651737619869e-07,0.012302450295114651,0.0,,,,[],[],3,57249.62156066685,9466.905496609186,151180.93552345718,"[67, 83, 142]","[151180.93552345718, 11101.023661934167, 9466.905496609186]","[3, 79, 127]","[127, 127, 152]",558612014808.4863,108793.55320560602,-108793.55320560602,0.0,,,,CWT,mdp.39015067403892,558574260195.4863,,0.0,-30.5,29.0,0.0,-30.5,,107852.55320560602,56844.80906066685,158794.86468200054,56844.809060666856,,0.0,56844.80906066685,,,9463.905496609186,0.0,-30.5,150240.93552345718,107852.55320560602,,327.0,0.22650516929830622,,0.545710070159685,1.0,0.10331531780701353,0.8672055427251739,0.15140170715284687,,0.2192903990803292,0.9660618547436677,0.9660618547436677,0.966061854743668,,0.0,0.7099022131590982,0.9324448654102382,,,,,,0.13927916439434135,0.050000000000000044,0.0625,0.3073392597993636,0.3073392597993636,2.278423432576802,0.6737794511973868,4,1.4421065732016558,0.6871606139723707,5,0,0.4619421297702021,0.640342306045837,3,0.125,0.43849412297101714,0.7139030204248772,5,0.9574271077563381,0.9042572892243662,4.25,4.067796610169492,0.7396286446121831,3,gaus,0.5375,1.0,0.32375,1,2.5,0.22650516929830622,0.06915852728405633,,0.6091772333768991,1.0,0.10642703520074595,0.8732782369146013,0.15281600636461223,,0.08635921338316672,0.3993406461719413,0.3993406461719413,0.3993406461719414,,0.0,0.7099022131590982,0.9180369132361322,,,,,0.875,,0.1387478846719513,0.04999999999999988,0.06060606060606055,0.3080240310562893,0.3080240310562893,0.046511627906976716,1.762230395167805,0.5438547025640726,5,1.5133880173043133,0.6936835770463058,10,3.5355339059327378,0.8232233047033631,7.5,6.666666666666666,0.7241116523516815,7,0.5743243243243243,1.0,0.2979729729729729,2,5.75,102.0,False,0.21907105365409446,0.7499999999999999,0.09090909090909088,,0.23882838347851676,,,,,,0.37413243304812394,0.0023546533345960227,,0.02615130839298574,1.0,0.18992532557927208,0.7040995805709649,0.22911856325765612,0.03489412999692781,,0.12653753316746877,0.5144372150538166,0.5144372150538166,0.5144372150538133,,0.0,0.002753434654852638,0.734662062572725,0.9322265713633786,,,,,0.9130434782608695,,0.174927953226492,0.015503875968992276,0.015503875968992165,0.452612982465428,0.452612982465428,0.015503875968992276,1.9757038990855142,0.6153803670659972,5,1.110844483270463,0.5392142481420072,1928,1359.7663402217308,0.3645951681206865,966.5,9.974133471288154,0.45647982705099743,2124,1982.5625,2068.5,192.51804028021203,16,0.9349504833765622,0.26899346077528574,0.26483662340382075,10,1595.5
db11,,,,6.071261480212825,33861.28998720565,0.6310679611650486,27.17513184787296,206,smoothed,143.37860456267137,,7.1925566406592605,90447.61084362333,1.0,7.361281184137912e-05,-0.17641556123134697,157.55327513245462,0.04854368932038834,14740.019436162209,15.0,"[0.0, 0.0048543689320388345, 0.009708737864077669, 0.014563106796116504, 0.019417475728155338, 0.02427184466019417, 0.029126213592233007, 0.03398058252427184, 0.038834951456310676, 0.04368932038834951, 0.04854368932038834, 0.05339805825242718, 0.058252427184466014, 0.06310679611650485, 0.06796116504854369, 0.07281553398058252, 0.07766990291262135, 0.08252427184466019, 0.08737864077669902, 0.09223300970873785, 0.09708737864077668, 0.10194174757281553, 0.10679611650485436, 0.1116504854368932, 0.11650485436893203, 0.12135922330097086, 0.1262135922330097, 0.13106796116504854, 0.13592233009708737, 0.1407766990291262, 0.14563106796116504, 0.15048543689320387, 0.1553398058252427, 0.16019417475728154, 0.16504854368932037, 0.1699029126213592, 0.17475728155339804, 0.17961165048543687, 0.1844660194174757, 0.18932038834951453, 0.19417475728155337, 0.19902912621359223, 0.20388349514563106, 0.2087378640776699, 0.21359223300970873, 0.21844660194174756, 0.2233009708737864, 0.22815533980582522, 0.23300970873786406, 0.2378640776699029, 0.24271844660194172, 0.24757281553398056, 0.2524271844660194, 0.25728155339805825, 0.2621359223300971, 0.2669902912621359, 0.27184466019417475, 0.2766990291262136, 0.2815533980582524, 0.28640776699029125, 0.2912621359223301, 0.2961165048543689, 0.30097087378640774, 0.3058252427184466, 0.3106796116504854, 0.31553398058252424, 0.3203883495145631, 0.3252427184466019, 0.33009708737864074, 0.3349514563106796, 0.3398058252427184, 0.34466019417475724, 0.3495145631067961, 0.3543689320388349, 0.35922330097087374, 0.36407766990291257, 0.3689320388349514, 0.37378640776699024, 0.37864077669902907, 0.3834951456310679, 0.38834951456310673, 0.3932038834951456, 0.39805825242718446, 0.4029126213592233, 0.4077669902912621, 0.41262135922330095, 0.4174757281553398, 0.4223300970873786, 0.42718446601941745, 0.4320388349514563, 0.4368932038834951, 0.44174757281553395, 0.4466019417475728, 0.4514563106796116, 0.45631067961165045, 0.4611650485436893, 0.4660194174757281, 0.47087378640776695, 0.4757281553398058, 0.4805825242718446, 0.48543689320388345, 0.4902912621359223, 0.4951456310679611]","[99869.4990330882, 9085.103842080467, 9734.352676758326, 3251.632108411089, 5707.464800917779, 7682.429692056343, 7833.028033969373, 8959.11395495818, 10604.153905652927, 7744.517472405597, 13535.940814501462, 14740.019436162209, 4812.123725821321, 6399.297683149131, 3888.199270575849, 2731.478075518698, 2381.2347703181595, 8072.989664158875, 4361.827564559751, 3771.912266116242, 2459.546909545534, 5086.313684852172, 6341.93264815306, 2136.7517709865424, 2981.6910527368295, 750.2870952257858, 5745.6159778288675, 1729.7196714773756, 1482.7405635224216, 1584.5710698482583, 1013.3676785247567, 1011.9455382227844, 146.97666858248107, 577.3487471738534, 407.55727035513667, 1246.5088538884042, 190.03938860602508, 694.2554591095469, 336.81740838569425, 765.9490211133299, 160.67845751153874, 229.0711080487144, 259.2354451091772, 253.11296240978334, 238.10643908712575, 330.8813750609658, 302.876200235136, 157.40228076933045, 175.1806902585972, 927.370087253298, 308.1002445714737, 303.27914226788266, 511.4024057177288, 1235.817093210751, 1186.0201499292189, 1439.0739538660766, 1038.9557487136376, 1285.8128875917437, 1749.8684810901868, 977.6104704553354, 480.8132128846891, 1081.0847719071037, 709.7039096303113, 361.7925255636175, 1300.2922333932383, 902.0376012960372, 535.9274050702605, 1147.2898336868243, 240.44263472533615, 367.4242627443722, 768.3247904861005, 497.95649768939694, 490.1803041557803, 813.4279765877478, 84.24387316930051, 443.9723475133044, 921.852108550045, 128.83101640860116, 229.54776555744084, 129.8829291476641, 277.20995088246565, 163.2013652772695, 133.84055439807656, 184.200861633946, 147.69875475188792, 214.4543592533872, 234.37742063625504, 671.0006365676228, 216.97832011238344, 359.8640988137233, 495.73581424854234, 579.1191124472849, 521.6757940553099, 201.63787585115756, 335.79457620198235, 262.0853827850098, 642.7080898843525, 301.447903397943, 229.80173865922822, 1330.416681477954, 269.8592562729809, 1211.5538883852696, 476.8810374282694]",14,503.1231052540389,32.238688857964036,990.4821412935453,"[2, 17, 37, 61, 72, 88, 98, 109, 119, 137, 153, 166, 183, 200]","[180.3471907949821, 395.13895681478374, 638.469837190331, 665.475083458163, 830.7230266275783, 990.4821412935453, 352.3673561246113, 479.0025204319106, 260.6285529014749, 640.8838268168101, 32.238688857964036, 721.4201179389785, 551.369671334678, 305.17650297073413]","[0, 6, 6, 6, 6, 6, 93, 103, 114, 128, 151, 128, 178, 193]","[6, 28, 46, 67, 81, 128, 103, 128, 128, 155, 155, 193, 193, 205]",61484187.0077303,984.9801123940305,-984.9801123940305,306022.68236606603,0.07184840267241267,0.10620078117305039,0.4951456310679611,SWT,mdp.39015067403892,30747711.1677303,,0.0,-15.0,8.0,0.0,-1.5,,256.5801123940305,244.92310525403894,1363.3234735565457,244.92310525403897,,306022.68236606603,244.92310525403894,,,28.038688857964047,0.0,-15.0,262.0821412935453,256.5801123940305,,204.84672486754536,0.42472490682851766,,0.039517954568080826,0.16110996274104733,0.027660614213710834,0.22222222222222282,0.35807603739459,,0.018161336354592064,0.17507213561425766,0.17507213561425766,0.17402587870782488,,0.947132351175584,0.47019747644826737,0.2543240549554018,,,,,,0.49501871859151847,0.04000000000000001,0.030303030303030304,0.2121310241686681,0.2121310241686681,1.997038932599742,0.6410869960852683,55,0.6955127181331731,0.2651282966840081,100,0,0.3005846636767277,0.4955743940873867,68,0.0,0.24153777483559652,0.3197197520613105,100,22.85278976405288,0.7844076437353502,80.75,75.6319514661274,0.5113075954525808,93,db,0.9817779367705585,0.7465271631990054,0.08879729530090745,4,70.75,0.04363716573187882,0.8197491113344817,,0.05348482240787339,0.33175728729531356,0.0047171255908574905,0.3142857142857147,0.05271135992151044,,0.011416789368337774,0.058599675182181066,0.058599675182181066,0.05820036664682354,,0.5304353039048353,0.33171058990405206,0.06285332480777805,,,,,0.0,,0.11763167127863441,0.18644067796610164,0.1864406779661017,0.06920715947997672,0.06920715947997672,0.41525423728813554,1.0775544315340562,0.3536154575069585,139,0.6388737359093449,0.3285997531844927,208,48.79036790187178,0.7698567551798501,173.5,166.63976945244957,0.47573026438237787,201,0.9080317387829661,0.7281573716544635,0.1459305713555847,6,152.25,,,0.08182730804684302,0.0,0.31,0.6171631926697598,0.08182730804684302,1.0,False,False,0.9952007890488441,0.5869536463828519,0.001216385817840753,0.49125190657518,,0.1357200176217448,0.33647957814525753,4.075184521047399e-06,0.5031795426870521,0.08182730804684302,0.0050075740433575214,,0.00010012592914106851,0.0006945805813878442,0.0006945805813878442,0.000694580581381505,,0.5869536463828519,0.0017248687192151775,0.0063044010184527014,0.001626187530997559,,,,,0.0,,9.629219540277475e-06,0.2558139534883721,0.255813953488372,0.00107676162001087,0.00107676162001087,0.46511627906976744,0.5022766425354357,0.15644610753423163,997,0.6334200948667434,0.3074680077683307,2102,781.352993211135,0.6348817788733014,1549.5,1352.4969344949984,0.4554081791562769,2125,1009.0473684210526,935.5,610.6543869996938,760,0.4758535102197843,0.8532293215616218,0.41093374637766444,5,1595.0
db14,,,,5.830206583828836,34339.81393345113,0.6407766990291263,25.277932457696593,206,smoothed,143.00578552269673,,7.192493222697943,90447.61084362336,1.0,7.776895047065966e-05,-0.26108234388061063,160.0650401346167,0.04854368932038834,14740.012304945481,15.0,"[0.0, 0.0048543689320388345, 0.009708737864077669, 0.014563106796116504, 0.019417475728155338, 0.02427184466019417, 0.029126213592233007, 0.03398058252427184, 0.038834951456310676, 0.04368932038834951, 0.04854368932038834, 0.05339805825242718, 0.058252427184466014, 0.06310679611650485, 0.06796116504854369, 0.07281553398058252, 0.07766990291262135, 0.08252427184466019, 0.08737864077669902, 0.09223300970873785, 0.09708737864077668, 0.10194174757281553, 0.10679611650485436, 0.1116504854368932, 0.11650485436893203, 0.12135922330097086, 0.1262135922330097, 0.13106796116504854, 0.13592233009708737, 0.1407766990291262, 0.14563106796116504, 0.15048543689320387, 0.1553398058252427, 0.16019417475728154, 0.16504854368932037, 0.1699029126213592, 0.17475728155339804, 0.17961165048543687, 0.1844660194174757, 0.18932038834951453, 0.19417475728155337, 0.19902912621359223, 0.20388349514563106, 0.2087378640776699, 0.21359223300970873, 0.21844660194174756, 0.2233009708737864, 0.22815533980582522, 0.23300970873786406, 0.2378640776699029, 0.24271844660194172, 0.24757281553398056, 0.2524271844660194, 0.25728155339805825, 0.2621359223300971, 0.2669902912621359, 0.27184466019417475, 0.2766990291262136, 0.2815533980582524, 0.28640776699029125, 0.2912621359223301, 0.2961165048543689, 0.30097087378640774, 0.3058252427184466, 0.3106796116504854, 0.31553398058252424, 0.3203883495145631, 0.3252427184466019, 0.33009708737864074, 0.3349514563106796, 0.3398058252427184, 0.34466019417475724, 0.3495145631067961, 0.3543689320388349, 0.35922330097087374, 0.36407766990291257, 0.3689320388349514, 0.37378640776699024, 0.37864077669902907, 0.3834951456310679, 0.38834951456310673, 0.3932038834951456, 0.39805825242718446, 0.4029126213592233, 0.4077669902912621, 0.41262135922330095, 0.4174757281553398, 0.4223300970873786, 0.42718446601941745, 0.4320388349514563, 0.4368932038834951, 0.44174757281553395, 0.4466019417475728, 0.4514563106796116, 0.45631067961165045, 0.4611650485436893, 0.4660194174757281, 0.47087378640776695, 0.4757281553398058, 0.4805825242718446, 0.48543689320388345, 0.4902912621359223, 0.4951456310679611]","[99869.49903308818, 9085.103842080465, 9734.352676758408, 3251.632108413933, 5707.464801055022, 7682.429694280286, 7833.028049640593, 8959.114035619044, 10604.15419442619, 7744.517846138459, 13535.940613704139, 14740.012304945481, 4812.113210602766, 6399.2544354466, 3888.134162946504, 2731.382475373565, 2381.0850742119505, 8072.208467695005, 4361.289171848469, 3771.479517173248, 2459.488661794234, 5087.416192821638, 6346.316839620593, 2139.9478381349704, 2989.8155270446796, 753.6246539418736, 5783.9149467816305, 1745.672012205636, 1500.0666878249338, 1605.4869641151095, 1025.939667214571, 1019.5517757704573, 146.48009297235643, 564.747988510115, 387.7894111486561, 1143.2588531375495, 166.7339085056661, 580.6425865501426, 269.9447885047376, 600.9484688881178, 129.11650292811376, 201.96928277229418, 270.9360590260266, 335.12789123963086, 418.9496293754368, 792.0240221208242, 945.690129184318, 529.2838291578352, 495.8407136343558, 1984.1819289943505, 489.0995237349002, 355.14358548761726, 433.68392208304476, 730.0642327226972, 463.9983503217792, 394.194177548454, 300.848009407546, 516.4598939080079, 951.857626230165, 676.3220829249872, 402.19716681432146, 1050.6920209942682, 773.795462555173, 427.4559948509622, 1605.527758563847, 1122.6361296833904, 651.8178728017876, 1336.7794679733406, 266.67637734102345, 389.7725378060004, 788.0986087334561, 499.8220261830288, 486.3046318490355, 803.2206815951173, 83.14653295946152, 438.9134802327591, 913.5822673778056, 127.99292545906104, 228.54535392086285, 129.53335869756708, 276.79826769034634, 163.08893533692745, 133.8115786004751, 184.2052236392424, 147.71570648603185, 214.48084150268596, 234.4001082943949, 671.0428280982062, 216.98591511753972, 359.87012504117314, 495.7391645992823, 579.1203779186217, 521.6760464422495, 201.6378788423306, 335.7945599973008, 262.08537564788037, 642.7080840979122, 301.447902794845, 229.80173859270343, 1330.416681445962, 269.8592562727447, 1211.5538883852605, 476.88103742826735]",12,533.0994756836304,90.8953102707136,1016.7682899031604,"[4, 20, 42, 58, 75, 91, 112, 143, 156, 168, 185, 201]","[348.2048699603131, 363.8577133344837, 584.0689354885176, 675.8698303321227, 795.6000939534478, 1016.7682899031604, 471.32178775628194, 673.3384576492497, 90.8953102707136, 689.9718316899921, 528.3563707644964, 158.94021710078664]","[0, 9, 9, 9, 9, 9, 106, 129, 154, 129, 175, 195]","[9, 29, 49, 70, 86, 129, 129, 154, 158, 195, 195, 205]",61465173.95763152,1009.6354447722069,-1009.6354447722069,304884.407152403,0.07088797693480522,0.10537500875571294,0.4951456310679611,SWT,mdp.39015067403892,30728698.117631525,,0.0,-16.0,10.0,0.0,-11.5,,281.23544477220696,274.8994756836305,716.7937082035669,274.89947568363044,,304884.407152403,274.8994756836305,,,86.6953102707136,0.0,-11.5,288.3682899031604,281.23544477220696,,202.33495986538327,0.3102288624665951,,0.0077334949961688215,0.1609278056695951,0.028514484664349103,0.29629629629629683,0.3580760373945932,,0.1607260566427972,0.30227819694552305,0.30227819694552305,0.30139327562484697,,0.920559086167147,0.17986642224664723,0.3728122611586686,,,,,,0.4909939472787395,0.020000000000000004,0.101010101010101,0.3171928859228734,0.3171928859228734,2.25799617804156,0.7248591719081979,19,0.6758549334988682,0.2576347817262034,103,0,0.3591868252019597,0.5921918672972367,47,0.0,0.23693106820754156,0.313621926982217,101,41.45278438577237,0.608935996360638,67.5,42.772558905118736,0.48607177176522465,102,db,0.9817779367705585,0.7465271631990054,0.08879729530090745,4,77.5,0.03187359174990133,0.8671908745764019,,0.02640331895070447,0.3316690711226665,0.004862741090313261,0.37142857142857183,0.052711359921510936,,0.10103747317197682,0.1011777464958305,0.1011777464958305,0.1007964980639659,,0.5207799248851257,0.17432789558747297,0.09213635000840598,,,,,0.16666666666666669,,0.11667526183742463,0.16949152542372878,0.2457627118644068,0.10348330107775291,0.10348330107775291,0.24576271186440676,1.1228167645612668,0.3684689629382,129,0.6297817293789962,0.323923350111557,210,57.27564927611035,0.7298318430372153,169.5,159.8230088495575,0.4651517705752114,205,0.9080317387829661,0.7281573716544635,0.1459305713555847,6,155.25,,,0.015746298660399227,0.5,0.10999999999999999,0.7179252655123352,0.015746298660399116,1.0,False,False,0.9914990621636548,0.5847704265571804,0.001213222920599359,0.5190539880126983,,0.13507477555086456,0.3364728056829964,4.200983594651684e-06,0.5445812474631311,0.015746298660399227,0.005007574043357523,,0.0008861047141209425,0.0009666684002317091,0.0009666684002317091,0.0009666684002253708,,0.5847704265571804,0.0017037189308304708,0.0033132284465331005,0.0017892898579852914,,,,,0.08695652173913043,,9.623265248833383e-06,0.24031007751937983,0.31007751937984485,0.0011802299495931022,0.0011802299495931022,0.31007751937984496,0.5077149834004309,0.15814000923644508,994,0.6314975800105588,0.30653480116890874,2104,784.8885271170677,0.6332296602256693,1549.0,1350.14590058102,0.45469894226236734,2126,1009.0473684210526,935.5,610.6543869996938,760,0.4758535102197843,0.8532293215616218,0.41093374637766444,5,1595.75
gaus5,,,,-37.12461549671433,711978287.2344959,0.6726632400533029,682.6318821850592,206,smoothed,44419.524413841675,,13.381103109164272,453035.3308546156,0.02117261733668432,2.655056819583267e-06,0.013714287358427259,0.0,,,,[],[],3,53968.383460856414,6731.766363670686,148245.57670423907,"[68, 84, 142]","[148245.57670423907, 6927.807314659469, 6731.766363670686]","[4, 79, 128]","[128, 128, 150]",563550930820.2255,109536.5201806047,-109536.5201806047,0.0,,,,CWT,mdp.39015067403892,563520194344.3855,,0.0,-20.5,19.0,0.0,-20.5,,108808.1201806047,53710.18346085642,156224.75038256924,53710.18346085642,,0.0,53710.18346085642,,,6727.566363670686,0.0,-20.5,147517.17670423907,108808.1201806047,,362.4,0.22736896987997746,,0.5463965516914564,1.0,0.10344821020640846,0.8590643274853803,0.14826729792304288,,0.030972340294398378,0.3343216151289197,0.3343216151289197,0.3343216151289197,,0.0,0.6921000750863662,0.8975978636868666,,,,,,0.13976566028230283,0.33333333333333337,0.1538461538461538,0.3130934038240859,0.3130934038240859,1.6329262364941908,0.49399210239784697,4,1.5349200930948919,0.7589576679401079,6,0,0.33074216199786793,0.4898564401913403,7,0.11111111111111112,0.4217381894208436,0.7123944740253164,7,1.4142135623730951,0.8585786437626906,6.0,5.694915254237289,0.6292893218813453,7,gaus,0.5375,1.0,0.32375,1,5.5,0.22985557764265946,0.4871758909649867,,0.4681169298218313,0.922793613241896,0.10338441388355415,0.8093663911845735,0.14826729792304288,,0.048006602682234265,0.36414421905735717,0.36414421905735717,0.36414421905735717,,0.0002989012521050771,0.6969020006845025,0.8975978636868667,,,,,0.25,,0.14036471725787536,0.5499999999999999,0.6666666666666666,0.3130934038240859,0.3130934038240859,0.5116279069767442,1.6589431289886165,0.5119784702731243,9,1.488415427929056,0.6822370247227363,11,1.4142135623730951,0.9292893218813453,10.0,9.9,0.7146446609406727,8,0.5743243243243243,1.0,0.2979729729729729,2,6.5,102.0,False,0.24073335061972922,0.6666666666666667,0.08695652173913038,0.293071252005199,0.24073335061972934,,,,,,0.3768433909440847,0.01658696882719695,,0.0200957447603336,0.9973601321453253,0.1871670164428006,0.6805574347179003,0.2302204784989541,0.03429431457229955,,0.08987151908073841,0.4859850232066469,0.4859850232066469,0.4859850232066436,,0.0,0.003051512901891731,0.7227714183810224,0.9153259820771515,,,,,0.4782608695652174,,0.17647686480211158,0.1705426356589147,0.1705426356589147,0.45662310559784125,0.45662310559784125,0.1705426356589147,1.8153315100200806,0.5654285399242793,9,1.1003790201973092,0.5341342149893606,1937,1363.3018741276637,0.36294304947305434,973.0,17.916752312435765,0.4541350761383963,2127,1982.5625,2068.5,192.51804028021203,16,0.9349504833765622,0.26899346077528574,0.26483662340382075,10,1597.75
db18,,,,5.952308736364136,34536.33229963437,0.6310679611650486,25.095107915422233,206,smoothed,142.6662683908219,,7.19260112684168,90447.61084362335,1.0,7.804445276143319e-05,-0.2178574331797229,173.21342709209694,0.04854368932038834,14740.01247854183,15.0,"[0.0, 0.0048543689320388345, 0.009708737864077669, 0.014563106796116504, 0.019417475728155338, 0.02427184466019417, 0.029126213592233007, 0.03398058252427184, 0.038834951456310676, 0.04368932038834951, 0.04854368932038834, 0.05339805825242718, 0.058252427184466014, 0.06310679611650485, 0.06796116504854369, 0.07281553398058252, 0.07766990291262135, 0.08252427184466019, 0.08737864077669902, 0.09223300970873785, 0.09708737864077668, 0.10194174757281553, 0.10679611650485436, 0.1116504854368932, 0.11650485436893203, 0.12135922330097086, 0.1262135922330097, 0.13106796116504854, 0.13592233009708737, 0.1407766990291262, 0.14563106796116504, 0.15048543689320387, 0.1553398058252427, 0.16019417475728154, 0.16504854368932037, 0.1699029126213592, 0.17475728155339804, 0.17961165048543687, 0.1844660194174757, 0.18932038834951453, 0.19417475728155337, 0.19902912621359223, 0.20388349514563106, 0.2087378640776699, 0.21359223300970873, 0.21844660194174756, 0.2233009708737864, 0.22815533980582522, 0.23300970873786406, 0.2378640776699029, 0.24271844660194172, 0.24757281553398056, 0.2524271844660194, 0.25728155339805825, 0.2621359223300971, 0.2669902912621359, 0.27184466019417475, 0.2766990291262136, 0.2815533980582524, 0.28640776699029125, 0.2912621359223301, 0.2961165048543689, 0.30097087378640774, 0.3058252427184466, 0.3106796116504854, 0.31553398058252424, 0.3203883495145631, 0.3252427184466019, 0.33009708737864074, 0.3349514563106796, 0.3398058252427184, 0.34466019417475724, 0.3495145631067961, 0.3543689320388349, 0.35922330097087374, 0.36407766990291257, 0.3689320388349514, 0.37378640776699024, 0.37864077669902907, 0.3834951456310679, 0.38834951456310673, 0.3932038834951456, 0.39805825242718446, 0.4029126213592233, 0.4077669902912621, 0.41262135922330095, 0.4174757281553398, 0.4223300970873786, 0.42718446601941745, 0.4320388349514563, 0.4368932038834951, 0.44174757281553395, 0.4466019417475728, 0.4514563106796116, 0.45631067961165045, 0.4611650485436893, 0.4660194174757281, 0.47087378640776695, 0.4757281553398058, 0.4805825242718446, 0.48543689320388345, 0.4902912621359223, 0.4951456310679611]","[99869.49903308817, 9085.103842080465, 9734.352676758408, 3251.632108413931, 5707.464801055035, 7682.429694283596, 7833.028049712856, 8959.114036490057, 10604.15420115244, 7744.517867704408, 13535.940723712976, 14740.01247854183, 4812.113087509409, 6399.252843566942, 3888.130164428992, 2731.374121685466, 2381.0679735098097, 8072.099984389373, 4361.207840035061, 3771.433915424286, 2459.562101235264, 5088.1616323376675, 6348.762836202308, 2141.60287898636, 2993.5752713533143, 754.8458034746081, 5792.040845480788, 1745.53841547097, 1494.7405346707767, 1590.4787124583972, 1008.7054717501799, 995.3704743294306, 142.61755625533598, 553.3540086512007, 387.35138652613057, 1180.3940722767454, 179.81122316041564, 655.4798858234433, 315.37592711538616, 704.4600420666305, 143.94878295191435, 200.8977483381256, 232.60538055044407, 259.4352469159651, 322.08454103969575, 647.5559233810249, 837.2582836446677, 502.93623369031997, 496.6625379756913, 2051.9375902707948, 510.3121999651707, 363.5245597867215, 418.481233575219, 622.0237310032393, 330.7739465464468, 384.87351329977537, 442.5264326100518, 775.0674926540378, 1331.1484521764646, 870.8820540562333, 475.93974788028754, 1142.6038102800808, 776.0624422475387, 399.71235870178435, 1430.4978096853874, 983.6673043675274, 580.4779449477578, 1237.1040044382419, 257.80582028786574, 390.2410421493562, 805.1979335528519, 513.8924783398589, 498.4231146030801, 817.1492080089056, 83.93683992717398, 440.48106116468244, 913.652152617203, 127.81368153482373, 228.1763741261471, 129.37094630008917, 276.5846000259172, 163.02614174575385, 133.79198005797713, 184.19972393835891, 147.71749258092734, 214.48484145152372, 234.4032585401991, 671.0476475572672, 216.98657875554397, 359.87049512910124, 495.73928791953927, 579.1203927324609, 521.6760402983548, 201.6378772035839, 335.79455906222233, 262.08537548163713, 642.7080840354267, 301.44790279206563, 229.8017385926067, 1330.4166814459586, 269.8592562727435, 1211.5538883852614, 476.8810374282671]",12,531.4253023040652,67.76883052204715,980.0072697816972,"[7, 21, 40, 67, 78, 94, 116, 133, 145, 158, 171, 189]","[302.6130740241093, 389.32469069045374, 601.2186431633577, 831.0911523212042, 662.0876973320652, 980.0072697816972, 481.8691429681774, 67.76883052204715, 663.5598800485548, 78.59297827744112, 708.428176155353, 610.5420923643208]","[5, 13, 13, 13, 72, 13, 109, 131, 136, 157, 136, 183]","[13, 34, 51, 88, 88, 136, 136, 136, 161, 161, 198, 198]",61470709.20157247,972.2918605455511,-972.2918605455511,305134.1353641942,0.07105685068903161,0.10548910439651098,0.4951456310679611,SWT,mdp.39015067403892,30734233.361572474,,0.0,-11.5,10.0,0.0,-11.5,,243.89186054555114,273.2253023040653,696.7036276487834,273.22530230406517,,305134.1353641942,273.2253023040653,,,63.568830522047165,0.0,-7.0,251.60726978169725,243.89186054555114,,189.18657290790304,0.2059601303883812,,0.02383335850908208,0.16123774156807422,0.028865148883367102,0.22222222222222282,0.3580760373945916,,0.10451722570077446,0.29517376773851295,0.29517376773851295,0.2942798358625565,,0.7814554794388723,0.1708447583124565,0.20710722018507022,,,,,,0.4921656735881442,0.11,0.1919191919191919,0.158063557498155,0.158063557498155,2.0333340014077304,0.6527383946909684,51,0.6404332268271641,0.24413208578598156,105,0,0.3240716817367126,0.534297476634654,59,0.0,0.22178523053716354,0.2935736199709012,105,29.0516780926679,0.7259275651635104,80.0,71.93647540983606,0.48560529201571745,103,db,0.9817779367705585,0.7465271631990054,0.08879729530090745,4,78.25,0.021160794197421215,0.8703356961565587,,0.04012098208725845,0.33181916882961676,0.0049225419012622895,0.3142857142857147,0.052711359921510714,,0.06570282758333752,0.09879977102631954,0.09879977102631954,0.09841751394183726,,0.4702367174341905,0.16943743086923574,0.05118421606879048,,,,,0.16666666666666669,,0.11695370004365771,0.24576271186440674,0.3220338983050848,0.051567798131448433,0.051567798131448433,0.24576271186440676,1.0567976307993827,0.34680380570230407,147,0.6264842691399871,0.3222273270012443,211,45.254833995939045,0.7865338019059479,179.0,173.27932960893853,0.47109708963221925,203,0.9080317387829661,0.7281573716544635,0.1459305713555847,6,153.75,,,0.04948261933277098,0.5,0.10999999999999999,0.7246045859988186,0.04948261933277098,1.0,False,False,0.9923111905702842,0.5852494070150414,0.0012103425478590456,0.5208969335464073,,0.1354016116655532,0.3364843288654844,4.2526462723639115e-06,0.5031795426870521,0.04948261933277098,0.0050075740433575214,,0.0005762177479792549,0.0009514723582598402,0.0009514723582598402,0.0009514723582535014,,0.5852494070150414,0.0015930057066587935,0.003220281607665882,0.0015611922384633386,,,,,0.08695652173913043,,9.624998713767591e-06,0.31007751937984496,0.37984496124031003,0.0010235142249263535,0.0010235142249263535,0.31007751937984496,0.5215706532552086,0.16245568994402734,987,0.6291853350087625,0.3054124159305242,2105,790.5453813665602,0.6305862703894578,1546.0,1343.8777490297543,0.45407818192370086,2128,1009.0473684210526,935.5,610.6543869996938,760,0.4758535102197843,0.8532293215616218,0.41093374637766444,5,1597.25
coif8,1.0,constant,1.474339674101875e-26,315.56142321799166,4961517.187940716,0.5674603174603174,51.002796591579816,206,smoothed,8.55583134006276e-14,-2.1657413640241475e-10,6.194975181121406,43439.782232300335,0.9900783578480536,0.00014966566451320274,0.9999999999999999,362.4000000000001,,,,[],[],11,426.60000000000014,32.20000000000002,728.4000000000001,"[9, 31, 53, 64, 80, 102, 131, 148, 158, 175, 192]","[311.0000000000001, 417.8, 589.6000000000001, 432.2, 728.4000000000001, 371.0000000000002, 586.9999999999998, 32.20000000000002, 448.20000000000016, 368.0, 407.19999999999965]","[0, 0, 0, 60, 0, 94, 120, 144, 144, 165, 186]","[20, 40, 75, 75, 204, 120, 204, 149, 204, 186, 204]",30736475.84000001,728.4000000000001,-728.4000000000001,0.0,,,,DWT,mdp.39015067403892,1.4901161193847656e-08,,0.0,15.0,11.0,0.0,33.0,,1.1368683772161603e-13,168.4000000000002,987.7999999999975,168.40000000000003,,0.0,168.4000000000002,,,28.00000000000003,0.0,15.0,1.1368683772161603e-13,1.1368683772161603e-13,,1.1368683772161603e-13,1.3912270954252078e-13,3.836013116048131e-26,0.9637225662930198,0.08746737883056505,0.062159934495905976,0.373593167031544,0.1243012304973937,,0.9999996647345563,4.406097391567225e-09,4.406097391567225e-09,3.6787269888316428e-09,,1.2251610931599486e-12,0.9999999955939026,7.585973278963461e-14,,,,,,3.1786782849947497e-13,0.0,0.0,1.7477015598164352e-13,1.7477015598164352e-13,0.7999999009654741,0.30073748691966956,764,0.8522049554506642,0.43263706914025796,336,0,0.1666666394017791,0.2371338395928131,764,0.0,0.2301777538783668,0.4060958548376509,313,253.91911441769534,0.7338374062707596,544.25,455.1205768566299,0.5816723718984824,646,coif,0.5556920286951962,0.9053407607371553,0.33941335169221604,4,485.5,8.975656884210995e-14,0.9999999999705138,9.6365263080937e-27,0.9505703830090797,0.7438379053799637,0.0001628349438840349,0.3065789473684211,0.0012106829646219878,0.999999999723365,2.0315811923854454e-05,4.745570603148508e-11,4.745570603148508e-11,3.962169481397382e-11,,1.2251610931599486e-12,0.003126132840347795,7.585973278963461e-14,,,,,0.0,,1.4749084227875944e-13,0.0,0.0,1.4238426238064856e-13,1.4238426238064856e-13,1.0,0.2015691612048922,0.05751224468503633,1748,1.765458451981116,0.8161452312934664,136,1139.8561312727147,0.4025911261673403,942.0,252.3651804670913,0.45444021717172045,1735,0.4784248188775415,0.776734912893196,0.43208215291776214,2,1301.75,,,,,,,,,,,,,6.026595341323372e-19,0.9999999999715831,9.6365263080937e-27,0.9641457242651214,0.22994693901992863,0.001299505751515293,0.23193265941202626,0.9999999999999999,0.0012106829646219878,0.9999999999999541,9.960751159770467e-05,3.843648489765261e-14,3.843648489765261e-14,3.20911916831812e-14,,0.0,9.572760819061336e-19,0.004567040150618456,7.054128794466933e-19,,,,,0.13043478260869565,,4.666576700876887e-21,0.7209302325581395,0.7209302325581395,4.770970844811595e-19,4.770970844811595e-19,1.0,0.3986733618839274,0.12417638082767558,1946,1.8873679938869106,0.9161459854351508,57,1335.7247096613883,0.3758295749245849,1001.5,110.75586620069895,0.4539194603594887,2129,986.6382352941176,846.0,585.0035688138154,340,0.4652856568234462,0.8173890317607586,0.42908333069536003,4,1597.75
gaus7,,,,-34.03147734676603,709850502.6092097,0.6716162193032553,648.6105347682408,206,raw,40181.727213721264,,13.336062249481543,449870.39678201533,0.023275904114615803,4.804727039514984e-07,0.03027395410387825,3560.154115039054,,,,[],[],3,58499.05689296447,10821.347557930501,152750.70898797776,"[67, 83, 142]","[152750.70898797776, 11925.114132985145, 10821.347557930501]","[4, 79, 127]","[127, 127, 152]",461308830895.03937,91889.9877572617,-91889.9877572617,0.0,,,,CWT,mdp.39015067403892,461271076282.03937,,0.0,-30.5,29.0,0.0,-30.5,,90948.9877572617,58094.24439296447,162543.17067889342,58094.24439296447,,0.0,58094.24439296447,,,10818.347557930501,0.0,-30.5,151810.70898797776,90948.9877572617,,3233.154115039054,0.1854229356514981,,0.6059289987157171,0.7281652067420537,0.09964292219973717,0.7875288683602778,0.14474949640461163,,0.2674958758838421,0.9999999999999999,0.9999999999999999,1.0,,0.02455506533613694,0.7288619825320756,0.9446651767562763,,,,,,0.1073488233758653,0.050000000000000044,0.0625,0.21731401404714626,0.21731401404714626,2.2993217105660055,0.679959527329509,3,1.3063827852759813,0.6224885271968389,7,0,0.46149743163482715,0.6397258672948576,4,0.125,0.3940923093585032,0.6416133654677199,9,2.753785273643051,0.7246214726356949,5.75,4.777251184834124,0.5748107363178474,7,gaus,0.5375,1.0,0.32375,1,5.5,0.1854229356514981,0.05992570839156938,,0.6609831985005813,0.7821201989310167,0.10276738371357641,0.7972451790633615,0.14632867614622533,,0.10534311361304821,0.41336964523653746,0.41336964523653746,0.4133696452365375,,0.024538223271054344,0.7288619825320756,0.9298164722029826,,,,,0.875,,0.10693934179023087,0.04999999999999988,0.06060606060606055,0.2183490249033998,0.2183490249033998,0.046511627906976716,1.756416166298331,0.5420603312258425,6,1.3952986538491734,0.6395555866591512,17,7.7781745930520225,0.6110912703473989,11.5,8.869565217391305,0.5180456351736995,18,0.5743243243243243,1.0,0.2979729729729729,2,14.0,102.0,False,0.25095773743562666,0.7499999999999999,0.09090909090909088,,0.26307702032443253,,,,,,0.34089105043390394,0.0020403018200875964,,0.02837528147719881,0.9925501774247376,0.18660764352783693,0.6760925449871467,0.24314502174250252,0.03403867821767441,,0.14468659630889905,0.525778018809555,0.525778018809555,0.5257780188095519,,0.0,0.027224093531583927,0.7520036154136011,0.9419668231100056,,,,,0.9130434782608695,,0.14445564539325373,0.015503875968992276,0.015503875968992165,0.3816756430656872,0.3816756430656872,0.015503875968992276,1.97352048346371,0.6147002899008787,6,1.0907939830177333,0.5294815487574668,1941,1368.2516215959695,0.36063008336636937,973.5,11.963020030816642,0.4528617706551473,2130,1982.5625,2068.5,192.51804028021203,16,0.9349504833765622,0.26899346077528574,0.26483662340382075,10,1600.0
gaus7,,,,-36.32913551130076,698336514.8546754,0.6698553207690844,635.9231160219496,206,smoothed,40681.02966122387,,13.3141008937546,441971.69459080754,0.023495422411405252,2.283153919548336e-06,0.04093234613619742,3019.386800770883,,,,[],[],3,55274.944444705936,7586.4321623139185,150467.76659741194,"[68, 84, 142]","[150467.76659741194, 7586.4321623139185, 7770.63457439193]","[4, 79, 128]","[128, 128, 150]",469205471013.0323,92749.65874611541,-92749.65874611541,0.0,,,,CWT,mdp.39015067403892,469174734537.19226,,0.0,-20.5,19.0,0.0,-20.5,,92021.25874611542,55016.74444470594,160144.4333341178,55016.74444470594,,0.0,55016.74444470594,,,7582.232162313919,0.0,-20.5,149739.36659741195,92021.25874611542,,2656.986800770883,0.18789344905022543,,0.604291386601115,0.7732277338834718,0.09948983057552163,0.8245614035087723,0.14149047234001108,,0.043165705261244275,0.3496801016077442,0.3496801016077442,0.3496801016077442,,0.019380224067422402,0.7124549687482297,0.9142731467603789,,,,,,0.10890250869300855,0.33333333333333337,0.1538461538461538,0.22403752345223352,0.22403752345223352,1.627558156273198,0.492368153210833,5,1.410409170313604,0.6973919095581078,9,0,0.3240067557745193,0.47988074765827454,8,0.11111111111111112,0.3820391250964453,0.6453353488189539,9,1.8929694486000912,0.8107030551399909,7.75,7.309644670050761,0.5178515275699954,9,gaus,0.5375,1.0,0.32375,1,7.0,0.19065804385690335,0.4141064793026355,,0.517717448504744,0.7135296144091721,0.09942847537817745,0.776859504132232,0.14149047234001108,,0.05998562394469199,0.3788146404440772,0.3788146404440772,0.3788146404440772,,0.019673332546287614,0.7167286329920451,0.9142731467603789,,,,,0.25,,0.10952305840072868,0.5499999999999999,0.6666666666666666,0.22403752345223352,0.22403752345223352,0.5116279069767442,1.6526352063757062,0.5100317365282924,10,1.3768621427004422,0.6311049415795859,18,5.656854249492381,0.717157287525381,14.0,12.857142857142858,0.5085786437626905,19,0.5743243243243243,1.0,0.2979729729729729,2,14.75,102.0,False,0.2774582029179048,0.6666666666666667,0.08695652173913038,0.19234496633898462,0.27745820291790485,,,,,,0.3451269991502961,0.014099160879508202,,0.02222504045534579,0.9902049041019504,0.18358073337134334,0.668583412258152,0.2514637186611012,0.03340068848767948,,0.10132375021513257,0.4978443418362023,0.4978443418362023,0.4978443418361991,,0.0,0.02237259796553086,0.7409058473951173,0.9291143977164262,,,,,0.4782608695652174,,0.1469308234673234,0.1705426356589147,0.1705426356589147,0.3861755251347842,0.3861755251347842,0.1705426356589147,1.8121104781328863,0.5644252722858492,10,1.0893748187815688,0.5287926732324782,1943,1366.8374080335964,0.3612909308254223,976.5,19.89759344598054,0.4524912598052345,2131,1982.5625,2068.5,192.51804028021203,16,0.9349504833765622,0.26899346077528574,0.26483662340382075,10,1600.75
db15,,,,5.779261865726585,34188.63549189057,0.6359223300970874,26.406845208974524,206,smoothed,142.33556128607125,,7.19264724777285,90447.61084362335,1.0,7.809885265653553e-05,-0.2784094486899062,179.96867047198555,0.04854368932038834,14740.012705696869,15.0,"[0.0, 0.0048543689320388345, 0.009708737864077669, 0.014563106796116504, 0.019417475728155338, 0.02427184466019417, 0.029126213592233007, 0.03398058252427184, 0.038834951456310676, 0.04368932038834951, 0.04854368932038834, 0.05339805825242718, 0.058252427184466014, 0.06310679611650485, 0.06796116504854369, 0.07281553398058252, 0.07766990291262135, 0.08252427184466019, 0.08737864077669902, 0.09223300970873785, 0.09708737864077668, 0.10194174757281553, 0.10679611650485436, 0.1116504854368932, 0.11650485436893203, 0.12135922330097086, 0.1262135922330097, 0.13106796116504854, 0.13592233009708737, 0.1407766990291262, 0.14563106796116504, 0.15048543689320387, 0.1553398058252427, 0.16019417475728154, 0.16504854368932037, 0.1699029126213592, 0.17475728155339804, 0.17961165048543687, 0.1844660194174757, 0.18932038834951453, 0.19417475728155337, 0.19902912621359223, 0.20388349514563106, 0.2087378640776699, 0.21359223300970873, 0.21844660194174756, 0.2233009708737864, 0.22815533980582522, 0.23300970873786406, 0.2378640776699029, 0.24271844660194172, 0.24757281553398056, 0.2524271844660194, 0.25728155339805825, 0.2621359223300971, 0.2669902912621359, 0.27184466019417475, 0.2766990291262136, 0.2815533980582524, 0.28640776699029125, 0.2912621359223301, 0.2961165048543689, 0.30097087378640774, 0.3058252427184466, 0.3106796116504854, 0.31553398058252424, 0.3203883495145631, 0.3252427184466019, 0.33009708737864074, 0.3349514563106796, 0.3398058252427184, 0.34466019417475724, 0.3495145631067961, 0.3543689320388349, 0.35922330097087374, 0.36407766990291257, 0.3689320388349514, 0.37378640776699024, 0.37864077669902907, 0.3834951456310679, 0.38834951456310673, 0.3932038834951456, 0.39805825242718446, 0.4029126213592233, 0.4077669902912621, 0.41262135922330095, 0.4174757281553398, 0.4223300970873786, 0.42718446601941745, 0.4320388349514563, 0.4368932038834951, 0.44174757281553395, 0.4466019417475728, 0.4514563106796116, 0.45631067961165045, 0.4611650485436893, 0.4660194174757281, 0.47087378640776695, 0.4757281553398058, 0.4805825242718446, 0.48543689320388345, 0.4902912621359223, 0.4951456310679611]","[99869.4990330882, 9085.103842080465, 9734.352676758404, 3251.6321084139313, 5707.464801055008, 7682.429694282704, 7833.028049704677, 8959.114036477424, 10604.154201735504, 7744.517872470601, 13535.940774166862, 14740.012705696869, 4812.113306961352, 6399.253421353702, 3888.130405539564, 2731.3731138388894, 2381.0632053635723, 8072.049813571988, 4361.144608770089, 3771.3328714130416, 2459.46827674906, 5087.988733245629, 6348.855442261035, 2141.929275258583, 2994.876457592444, 755.5310506703871, 5801.127690355699, 1749.542754909293, 1498.8276039516159, 1593.9770297851078, 1008.3100932396108, 989.0626233941308, 140.26135220212825, 536.6124787955708, 370.29549327068855, 1119.8604888876741, 171.93261004566838, 646.2508143367169, 329.0851447101846, 797.4458276949601, 179.92506046034305, 277.0974431179914, 338.98996925770723, 356.8660094574401, 358.7034347681958, 516.3480599077442, 439.7627332328874, 165.11150366279836, 124.1991407845977, 687.5249747913825, 267.9339972286417, 293.1441398639981, 523.9600248710879, 1298.7188450730264, 1247.6415929003788, 1485.5339363412445, 1034.3116480685278, 1215.6024127925568, 1551.7079049440435, 808.6335898779716, 374.32310055520935, 818.7954040760761, 553.0144583935435, 306.1863020717836, 1223.5643953445815, 932.9249713231604, 590.230055219461, 1298.964591898876, 271.97677124004053, 407.6720454624842, 829.0761615872461, 522.1103444420871, 501.4891871936256, 817.4632206711802, 83.75395326476887, 439.27916198003294, 911.5528049522167, 127.61264381709371, 227.96879766310187, 129.31464290955614, 276.5424228937466, 163.023763413572, 133.7965263040717, 184.20675016739764, 147.72145004264203, 214.48795110112673, 234.40471542151226, 671.0489913427044, 216.98665882113642, 359.8704728128234, 495.7392431593724, 579.1203663222134, 521.6760322589215, 201.63787645200117, 335.79455885556587, 262.0853754672271, 642.7080840363333, 301.4479027923799, 229.8017385926335, 1330.416681445965, 269.8592562727415, 1211.5538883852614, 476.8810374282667]",12,529.9706279654632,33.8375130657837,958.9577265183246,"[4, 19, 43, 63, 74, 92, 113, 127, 142, 169, 187, 203]","[285.31782811576227, 421.4401470480607, 633.7860902430754, 816.3194923208108, 638.8468774265918, 958.9577265183246, 466.95120109888705, 33.8375130657837, 649.8881927565907, 722.9992746424329, 543.3600490640574, 187.94314328518033]","[2, 10, 10, 10, 70, 10, 106, 126, 134, 134, 181, 197]","[10, 31, 49, 84, 84, 134, 134, 134, 158, 197, 197, 205]",61479404.6499696,964.6430352970959,-964.6430352970959,305704.7529633573,0.07157092555175652,0.10596346861136054,0.4951456310679611,SWT,mdp.39015067403892,30742928.809969604,,0.0,-16.0,10.0,0.0,-16.0,,236.24303529709596,271.7706279654633,679.2475355855595,271.7706279654631,,305704.7529633573,271.7706279654633,,,29.637513065783715,0.0,-16.0,230.55772651832467,236.24303529709596,,182.43132952801443,0.10439703602788941,,0.001016144064022395,0.16137021592675774,0.028244724279242097,0.2592592592592598,0.3580760373945916,,0.022047273193229654,0.2890007924756187,0.2890007924756187,0.28809903140843107,,0.7099882552456251,0.16300591487082566,0.11222368818819328,,,,,,0.49400636674777404,0.020000000000000004,0.01010101010101011,0.12547020979919737,0.12547020979919737,1.8597547845342246,0.597016206749742,62,0.5923365388038367,0.22579770793881002,106,0,0.27750536075502213,0.4575235121113046,78,0.0,0.20506370816463976,0.2714396039120472,106,21.786846184490923,0.7944637152406517,88.0,83.6514360313316,0.48213751799768434,105,db,0.9817779367705585,0.7465271631990054,0.08879729530090745,4,79.75,0.010725979780849652,0.8709566636396084,,0.020679894203451454,0.3318833243455337,0.004816737281209238,0.3428571428571433,0.052711359921510714,,0.01385961194037677,0.09673356932012536,0.09673356932012536,0.09635043582636704,,0.4442691467629436,0.16518814963212436,0.027734820153194867,,,,,0.16666666666666669,,0.11739110534682379,0.16949152542372878,0.1694915254237288,0.040934308659420215,0.040934308659420215,0.1694915254237288,0.9710380805076836,0.3186605382027525,164,0.6043792746046791,0.31085779443138845,212,33.94112549695428,0.839900351429461,188.0,184.93617021276594,0.4765539492996361,200,0.9080317387829661,0.7281573716544635,0.1459305713555847,6,151.5,,,0.002222782829094494,0.5,0.020000000000000018,0.7259234655362606,0.002222782829094494,1.0,False,False,0.99416686702061,0.5863438555635263,0.0012075369170377328,0.5212608363053703,,0.13493840961969372,0.3364892541620299,4.1612403215169486e-06,0.5238803950750917,0.002222782829094494,0.0050075740433575214,,0.00012154962996106442,0.0009382686527329149,0.0009382686527329149,0.0009382686527265755,,0.5863438555635263,0.001536124601997787,0.003139520927198353,0.0014305824051525284,,,,,0.08695652173913043,,9.627721855700346e-06,0.24031007751937983,0.24031007751937983,0.0009914152388090715,0.0009914152388090715,0.24031007751937983,0.4870483536415918,0.1517028917043604,1004,0.6183945662187318,0.30017447635606626,2114,784.8885271170677,0.6332296602256693,1559.0,1361.421423989737,0.45236249366423653,2132,1009.0473684210526,935.5,610.6543869996938,760,0.4758535102197843,0.8532293215616218,0.41093374637766444,5,1600.25
coif8,1.0,zero,1.474339674101875e-26,315.56142321799166,4961517.187940716,0.5674603174603174,51.002796591579816,206,smoothed,8.55583134006276e-14,-2.1657413640241475e-10,6.194975181121406,43439.782232300335,0.9900783578480536,0.00014966566451320274,0.9999999999999999,362.4000000000001,,,,[],[],11,426.60000000000014,32.20000000000002,728.4000000000001,"[9, 31, 53, 64, 80, 102, 131, 148, 158, 175, 192]","[311.0000000000001, 417.8, 589.6000000000001, 432.2, 728.4000000000001, 371.0000000000002, 586.9999999999998, 32.20000000000002, 448.20000000000016, 368.0, 407.19999999999965]","[0, 0, 0, 60, 0, 94, 120, 144, 144, 165, 186]","[20, 40, 75, 75, 204, 120, 204, 149, 204, 186, 204]",30736475.84000001,728.4000000000001,-728.4000000000001,0.0,,,,DWT,mdp.39015067403892,1.4901161193847656e-08,,0.0,15.0,11.0,0.0,33.0,,1.1368683772161603e-13,168.4000000000002,987.7999999999975,168.40000000000003,,0.0,168.4000000000002,,,28.00000000000003,0.0,15.0,1.1368683772161603e-13,1.1368683772161603e-13,,1.1368683772161603e-13,1.3912270954252078e-13,3.836013116048131e-26,0.9637225662930198,0.08746737883056505,0.062159934495905976,0.373593167031544,0.1243012304973937,,0.9999996647345563,4.406097391567225e-09,4.406097391567225e-09,3.6787269888316428e-09,,1.2251610931599486e-12,0.9999999955939026,7.585973278963461e-14,,,,,,3.1786782849947497e-13,0.0,0.0,1.7477015598164352e-13,1.7477015598164352e-13,0.7999999009654741,0.30073748691966956,763,0.8522049554506642,0.43263706914025796,335,0,0.1666666394017791,0.2371338395928131,763,0.0,0.2301777538783668,0.4060958548376509,312,253.91911441769534,0.7338374062707596,543.25,453.9555799692899,0.5821964809131576,642,coif,0.5556920286951962,0.9053407607371553,0.33941335169221604,4,482.5,8.975656884210995e-14,0.9999999999705138,9.6365263080937e-27,0.9505703830090797,0.7438379053799637,0.0001628349438840349,0.3065789473684211,0.0012106829646219878,0.999999999723365,2.0315811923854454e-05,4.745570603148508e-11,4.745570603148508e-11,3.962169481397382e-11,,1.2251610931599486e-12,0.003126132840347795,7.585973278963461e-14,,,,,0.0,,1.4749084227875944e-13,0.0,0.0,1.4238426238064856e-13,1.4238426238064856e-13,1.0,0.2015691612048922,0.05751224468503633,1746,1.765458451981116,0.8161452312934664,137,1137.734810929155,0.4037029292824136,941.5,254.06479022835902,0.45512714598292586,1732,0.4784248188775415,0.776734912893196,0.43208215291776214,2,1299.5,,,,,,,,,,,,,6.026595341323372e-19,0.9999999999715831,9.6365263080937e-27,0.9641457242651214,0.22994693901992863,0.001299505751515293,0.23193265941202626,0.9999999999999999,0.0012106829646219878,0.9999999999999541,9.960751159770467e-05,3.843648489765261e-14,3.843648489765261e-14,3.20911916831812e-14,,0.0,9.572760819061336e-19,0.004567040150618456,7.054128794466933e-19,,,,,0.13043478260869565,,4.666576700876887e-21,0.7209302325581395,0.7209302325581395,4.770970844811595e-19,4.770970844811595e-19,1.0,0.3986733618839274,0.12417638082767558,1952,1.8873679938869106,0.9161459854351508,59,1338.5531367861345,0.37450788000647917,1005.5,114.53804077573346,0.4523240334611835,2133,986.6382352941176,846.0,585.0035688138154,340,0.4652856568234462,0.8173890317607586,0.42908333069536003,4,1600.75
coif8,1.0,smooth,1.474339674101875e-26,315.56142321799166,4961517.187940716,0.5674603174603174,51.002796591579816,206,smoothed,8.55583134006276e-14,-2.1657413640241475e-10,6.194975181121406,43439.782232300335,0.9900783578480536,0.00014966566451320274,0.9999999999999999,362.4000000000001,,,,[],[],11,426.60000000000014,32.20000000000002,728.4000000000001,"[9, 31, 53, 64, 80, 102, 131, 148, 158, 175, 192]","[311.0000000000001, 417.8, 589.6000000000001, 432.2, 728.4000000000001, 371.0000000000002, 586.9999999999998, 32.20000000000002, 448.20000000000016, 368.0, 407.19999999999965]","[0, 0, 0, 60, 0, 94, 120, 144, 144, 165, 186]","[20, 40, 75, 75, 204, 120, 204, 149, 204, 186, 204]",30736475.84000001,728.4000000000001,-728.4000000000001,0.0,,,,DWT,mdp.39015067403892,1.4901161193847656e-08,,0.0,15.0,11.0,0.0,33.0,,1.1368683772161603e-13,168.4000000000002,987.7999999999975,168.40000000000003,,0.0,168.4000000000002,,,28.00000000000003,0.0,15.0,1.1368683772161603e-13,1.1368683772161603e-13,,1.1368683772161603e-13,1.3912270954252078e-13,3.836013116048131e-26,0.9637225662930198,0.08746737883056505,0.062159934495905976,0.373593167031544,0.1243012304973937,,0.9999996647345563,4.406097391567225e-09,4.406097391567225e-09,3.6787269888316428e-09,,1.2251610931599486e-12,0.9999999955939026,7.585973278963461e-14,,,,,,3.1786782849947497e-13,0.0,0.0,1.7477015598164352e-13,1.7477015598164352e-13,0.7999999009654741,0.30073748691966956,762,0.8522049554506642,0.43263706914025796,334,0,0.1666666394017791,0.2371338395928131,765,0.0,0.2301777538783668,0.4060958548376509,314,253.87972874309335,0.7338786910449755,543.75,454.6358210438314,0.581955068792928,644,coif,0.5556920286951962,0.9053407607371553,0.33941335169221604,4,484.0,8.975656884210995e-14,0.9999999999705138,9.6365263080937e-27,0.9505703830090797,0.7438379053799637,0.0001628349438840349,0.3065789473684211,0.0012106829646219878,0.999999999723365,2.0315811923854454e-05,4.745570603148508e-11,4.745570603148508e-11,3.962169481397382e-11,,1.2251610931599486e-12,0.003126132840347795,7.585973278963461e-14,,,,,0.0,,1.4749084227875944e-13,0.0,0.0,1.4238426238064856e-13,1.4238426238064856e-13,1.0,0.2015691612048922,0.05751224468503633,1747,1.765458451981116,0.8161452312934664,135,1139.8561312727147,0.4025911261673403,941.0,250.63230605738573,0.45470227167905797,1734,0.4784248188775415,0.776734912893196,0.43208215291776214,2,1301.0,,,,,,,,,,,,,6.026595341323372e-19,0.9999999999715831,9.6365263080937e-27,0.9641457242651214,0.22994693901992863,0.001299505751515293,0.23193265941202626,0.9999999999999999,0.0012106829646219878,0.9999999999999541,9.960751159770467e-05,3.843648489765261e-14,3.843648489765261e-14,3.20911916831812e-14,,0.0,9.572760819061336e-19,0.004567040150618456,7.054128794466933e-19,,,,,0.13043478260869565,,4.666576700876887e-21,0.7209302325581395,0.7209302325581395,4.770970844811595e-19,4.770970844811595e-19,1.0,0.3986733618839274,0.12417638082767558,1959,1.8873679938869106,0.9161459854351508,58,1344.209991035627,0.3718644901702678,1008.5,112.66435299950422,0.45030140396363855,2134,986.6382352941176,846.0,585.0035688138154,340,0.4652856568234462,0.8173890317607586,0.42908333069536003,4,1601.5
db38,,,,5.957367758591982,943933.0669173175,0.6844660194174758,159.70250824674073,206,raw,166.91293889966803,,7.39714138021086,123196.58906353095,1.0,2.8362929687301256e-06,-0.08027669188977306,0.0,0.04854368932038834,15440.92049923429,15.0,"[0.0, 0.0048543689320388345, 0.009708737864077669, 0.014563106796116504, 0.019417475728155338, 0.02427184466019417, 0.029126213592233007, 0.03398058252427184, 0.038834951456310676, 0.04368932038834951, 0.04854368932038834, 0.05339805825242718, 0.058252427184466014, 0.06310679611650485, 0.06796116504854369, 0.07281553398058252, 0.07766990291262135, 0.08252427184466019, 0.08737864077669902, 0.09223300970873785, 0.09708737864077668, 0.10194174757281553, 0.10679611650485436, 0.1116504854368932, 0.11650485436893203, 0.12135922330097086, 0.1262135922330097, 0.13106796116504854, 0.13592233009708737, 0.1407766990291262, 0.14563106796116504, 0.15048543689320387, 0.1553398058252427, 0.16019417475728154, 0.16504854368932037, 0.1699029126213592, 0.17475728155339804, 0.17961165048543687, 0.1844660194174757, 0.18932038834951453, 0.19417475728155337, 0.19902912621359223, 0.20388349514563106, 0.2087378640776699, 0.21359223300970873, 0.21844660194174756, 0.2233009708737864, 0.22815533980582522, 0.23300970873786406, 0.2378640776699029, 0.24271844660194172, 0.24757281553398056, 0.2524271844660194, 0.25728155339805825, 0.2621359223300971, 0.2669902912621359, 0.27184466019417475, 0.2766990291262136, 0.2815533980582524, 0.28640776699029125, 0.2912621359223301, 0.2961165048543689, 0.30097087378640774, 0.3058252427184466, 0.3106796116504854, 0.31553398058252424, 0.3203883495145631, 0.3252427184466019, 0.33009708737864074, 0.3349514563106796, 0.3398058252427184, 0.34466019417475724, 0.3495145631067961, 0.3543689320388349, 0.35922330097087374, 0.36407766990291257, 0.3689320388349514, 0.37378640776699024, 0.37864077669902907, 0.3834951456310679, 0.38834951456310673, 0.3932038834951456, 0.39805825242718446, 0.4029126213592233, 0.4077669902912621, 0.41262135922330095, 0.4174757281553398, 0.4223300970873786, 0.42718446601941745, 0.4320388349514563, 0.4368932038834951, 0.44174757281553395, 0.4466019417475728, 0.4514563106796116, 0.45631067961165045, 0.4611650485436893, 0.4660194174757281, 0.47087378640776695, 0.4757281553398058, 0.4805825242718446, 0.48543689320388345, 0.4902912621359223, 0.4951456310679611]","[100984.74784837561, 9670.354863840284, 8659.023785482932, 3915.550130029169, 6201.310032446504, 7209.021781015605, 7968.3875100043415, 8631.72283071836, 11800.742200806682, 8248.726170804632, 13793.860403776214, 15440.92049923429, 6049.183623312959, 7897.484367864484, 3969.8619815588913, 3395.4704663161615, 3935.4807459663643, 10095.25822602085, 6961.378129865284, 4504.996707413978, 3540.5529936522207, 6963.883517616852, 11368.276777211753, 2872.2386328679536, 4622.695176173864, 1269.640983940945, 11495.203159850245, 2953.730724614494, 3982.9401480789447, 3955.6962729316156, 1928.9286063216489, 2177.6738128023567, 1210.3908804562075, 2210.7125106861454, 1320.7224275897274, 6835.864904333111, 858.0423552177721, 4117.507260186899, 1050.3573888301705, 8397.935946859747, 2934.723074750217, 1913.565021797292, 1805.4295115477232, 2222.6407152146753, 4214.58601119983, 4241.391104293063, 3454.316141854318, 670.2974978994251, 3418.014903063285, 8195.854378727467, 1107.597388784523, 1471.3656747939685, 3003.1473898145564, 872.8097041580478, 3194.66275566402, 7349.796950644951, 3599.169400709081, 4778.376943990038, 3116.163678518545, 2257.7554069927373, 451.9680836404741, 2730.0463359137384, 1192.9199932409867, 1682.0664698402773, 4908.299183483193, 3440.114302641519, 2933.766874958917, 7184.19886568241, 2558.466076044549, 2450.3780939543335, 4600.829271681141, 1350.8060168642887, 1425.4415094195047, 4032.643219803771, 2243.76656874631, 3534.888453844629, 7009.469373847638, 2929.5747758022662, 1319.7215450238477, 2604.5547388308355, 3477.139334701704, 1825.0038065572746, 329.7330953742154, 4955.268573058273, 970.7064213614555, 1919.1361391990026, 2012.6354080600845, 7182.309174373754, 2229.0465557673024, 1652.8023022859538, 5815.844376535831, 2849.430457572732, 3360.3825717455734, 359.6118904938989, 3830.7604416162476, 609.9213071401673, 3620.9074913751056, 2511.5455219193664, 857.0153193100406, 5451.881049642249, 2282.16726197346, 4741.987009696332, 1575.4521043950879]",15,863.556474825881,44.638620474140964,1389.3117789643038,"[7, 17, 29, 45, 56, 71, 82, 93, 110, 130, 142, 159, 171, 185, 204]","[810.7419639123351, 1001.7111285939905, 590.8332205080607, 876.3023012732417, 1193.3735057713388, 690.7097544886165, 1134.1303745131202, 1272.1135318017202, 1384.9407814055473, 900.4803419691117, 60.8998875823803, 1068.4818608840048, 44.638620474140964, 1389.3117789643038, 534.6780702463029]","[5, 11, 27, 27, 27, 70, 27, 27, 27, 122, 141, 153, 170, 27, 193]","[11, 27, 31, 49, 70, 72, 90, 105, 174, 174, 153, 174, 174, 193, 205]",75570594.9509059,1244.9654397900524,-1244.9654397900524,521292.74780691374,0.15905251447206387,0.15436262627889896,0.4951456310679611,SWT,mdp.39015067403892,37815981.950905904,,0.0,-15.5,17.0,0.0,-15.5,,303.9654397900524,458.74397482588097,0.6528776117847883,458.74397482588097,,521292.74780691374,458.74397482588097,,,41.638620474140964,0.0,-24.5,449.3117789643038,303.9654397900524,,327.0,0.7749574357505105,,0.04068934195054477,0.6163404295183873,0.13130790651216237,0.6285714285714288,0.10371463086228533,,0.011418991839845835,0.09535918967486348,0.09535918967486348,0.09535918967486337,,1.0,0.0,0.08396987149208929,,,,,,0.21195874255496094,0.17796610169491525,0.030000000000000027,0.0,0.0,1.5554157684918195,0.5229179270447138,40,0.9627875037829392,0.5471252004674678,69,0,0.22591562766703482,0.3758603183470208,91,0.0,0.3419216233445808,0.5924163979638651,67,20.886598574205422,0.8029566172244771,66.75,61.1554050186571,0.5866198180462008,69,db,0.9380878725805777,0.8243093411562624,0.09604568684671688,4,52.75,0.7862169521845304,0.011844671432590492,,0.040689341950544744,0.6163404295183874,0.281653227489289,0.6285714285714288,0.5846738746365739,,0.0321959468064711,0.36230823303977977,0.36230823303977977,0.36203774687277773,,0.9999999999999999,0.0,0.27142896210033224,,,,,0.75,,0.4731854027912467,0.17796610169491522,0.02542372881355931,0.13508281536530037,0.13508281536530037,0.17796610169491525,2.217833442948854,0.7278149155640176,21,1.2608718778185648,0.6485196754233764,126,74.24621202458749,0.6497820187519459,73.5,36.0,0.6515419527721993,92,0.9080317387829661,0.7281573716544635,0.1459305713555847,6,70.5,,,0.09787019024674687,0.4000000000000001,0.18750000000000006,,0.156862089440156,1.0,False,False,0.9998431383991198,0.9998431383991198,0.00141604482977745,0.017799330258671964,,0.13541515336923937,0.35832737014341354,0.0002433237892143366,0.7308889189554866,0.156862089440156,0.007652756918512067,,0.00028236038912257525,0.0026353777223142123,0.0026353777223142123,0.002635377722307885,,0.9998431383991198,0.002753434654852638,0.0,0.0027879244609181515,,,,,0.3913043478260869,,1.1842780438194255e-05,0.24806201550387597,0.10852713178294571,0.0012756184270159676,0.0012756184270159676,0.24806201550387597,0.8474423363850923,0.26395624175935906,25,0.6244605576400543,0.3031189650335942,2107,1472.196318430392,0.3120577951259851,1066.0,49.413696060037516,0.4069634770022449,2135,1009.0473684210526,935.5,610.6543869996938,760,0.4758535102197843,0.8532293215616218,0.41093374637766444,5,1602.5
coif6,,,,6.286170682116071,970069.8376577637,0.6699029126213593,152.0156819051162,206,raw,160.71589466278647,,7.305652318013452,123196.58906353099,1.0,2.832984708184439e-06,0.006324350454196975,52.410926110589045,0.04854368932038834,15440.9252779529,15.0,"[0.0, 0.0048543689320388345, 0.009708737864077669, 0.014563106796116504, 0.019417475728155338, 0.02427184466019417, 0.029126213592233007, 0.03398058252427184, 0.038834951456310676, 0.04368932038834951, 0.04854368932038834, 0.05339805825242718, 0.058252427184466014, 0.06310679611650485, 0.06796116504854369, 0.07281553398058252, 0.07766990291262135, 0.08252427184466019, 0.08737864077669902, 0.09223300970873785, 0.09708737864077668, 0.10194174757281553, 0.10679611650485436, 0.1116504854368932, 0.11650485436893203, 0.12135922330097086, 0.1262135922330097, 0.13106796116504854, 0.13592233009708737, 0.1407766990291262, 0.14563106796116504, 0.15048543689320387, 0.1553398058252427, 0.16019417475728154, 0.16504854368932037, 0.1699029126213592, 0.17475728155339804, 0.17961165048543687, 0.1844660194174757, 0.18932038834951453, 0.19417475728155337, 0.19902912621359223, 0.20388349514563106, 0.2087378640776699, 0.21359223300970873, 0.21844660194174756, 0.2233009708737864, 0.22815533980582522, 0.23300970873786406, 0.2378640776699029, 0.24271844660194172, 0.24757281553398056, 0.2524271844660194, 0.25728155339805825, 0.2621359223300971, 0.2669902912621359, 0.27184466019417475, 0.2766990291262136, 0.2815533980582524, 0.28640776699029125, 0.2912621359223301, 0.2961165048543689, 0.30097087378640774, 0.3058252427184466, 0.3106796116504854, 0.31553398058252424, 0.3203883495145631, 0.3252427184466019, 0.33009708737864074, 0.3349514563106796, 0.3398058252427184, 0.34466019417475724, 0.3495145631067961, 0.3543689320388349, 0.35922330097087374, 0.36407766990291257, 0.3689320388349514, 0.37378640776699024, 0.37864077669902907, 0.3834951456310679, 0.38834951456310673, 0.3932038834951456, 0.39805825242718446, 0.4029126213592233, 0.4077669902912621, 0.41262135922330095, 0.4174757281553398, 0.4223300970873786, 0.42718446601941745, 0.4320388349514563, 0.4368932038834951, 0.44174757281553395, 0.4466019417475728, 0.4514563106796116, 0.45631067961165045, 0.4611650485436893, 0.4660194174757281, 0.47087378640776695, 0.4757281553398058, 0.4805825242718446, 0.48543689320388345, 0.4902912621359223, 0.4951456310679611]","[100984.7478483756, 9670.354863840284, 8659.02378548293, 3915.550130029012, 6201.310032443452, 7209.021781048271, 7968.387511093408, 8631.722842431996, 11800.742298427802, 8248.726468230296, 13793.862056293337, 15440.9252779529, 6049.187264832491, 7897.490066390601, 3969.8605867883675, 3395.4530868582647, 3935.408613606405, 10094.782924284445, 6960.688608859213, 4504.198000049463, 3539.595149159137, 6961.52072525387, 11364.852487117629, 2872.173157584809, 4625.801033930191, 1272.1340360105744, 11540.768497198804, 2973.2470066376395, 4020.912783640128, 4003.1640388626997, 1953.7081782293437, 2200.5716722748357, 1214.2539938234968, 2187.282665383899, 1279.9689758954469, 6455.251323784731, 786.7473211947645, 3653.6578731713553, 903.3598265414613, 7164.992023804056, 2624.6860290925465, 1901.911301771046, 1970.4564579289897, 2423.6500345730656, 4462.501876299498, 4818.754671579159, 5102.272077020618, 1510.72439495691, 6130.6249417832705, 8997.548091042396, 954.7126832034344, 1289.810920211182, 3922.308435002336, 2913.2387166303847, 2325.045863536744, 2636.8934963746797, 1097.4269510851539, 2052.5087204913725, 2194.389414210183, 1994.5866900636274, 402.8211447551705, 2516.078529111123, 1198.9615174163187, 1843.0804559449557, 5580.319243331035, 3876.7184359241296, 3228.638330817589, 7727.42529992873, 2692.797657698549, 2523.867589025263, 4649.17043548928, 1346.4796402711697, 1410.298065446986, 3980.1723394966884, 2216.514800814974, 3500.862377402975, 6962.847122372893, 2917.9161535958383, 1317.1250588872817, 2602.803636110104, 3477.2185974398412, 1825.5533586872418, 329.84493334344637, 4956.608785450495, 970.878490950968, 1919.3262098429318, 2012.730161858963, 7182.440814559195, 2229.057964914539, 1652.8028829809869, 5815.8401800394, 2849.4287422564917, 3360.381531760445, 359.61184741205807, 3830.7603034898907, 609.9213020946188, 3620.90748646137, 2511.545521576101, 857.015319306158, 5451.881049644933, 2282.1672619735514, 4741.987009696336, 1575.4521043950865]",15,825.1666071681781,103.21825894126152,1684.9060958252207,"[1, 12, 22, 36, 52, 69, 86, 107, 120, 132, 145, 158, 168, 181, 197]","[126.60540015935044, 294.62602709505313, 839.6465691891324, 1092.612504570389, 1108.7306861289464, 1388.929330748511, 1684.9060958252207, 866.8470514859248, 355.4230527107345, 247.08767770175064, 1131.6576016996855, 1378.3631115293165, 103.21825894126152, 1057.435655565203, 701.4100841721909]","[0, 4, 4, 4, 4, 4, 76, 100, 119, 121, 121, 121, 167, 169, 169]","[2, 14, 26, 45, 65, 76, 121, 121, 121, 135, 156, 169, 169, 192, 201]",75384542.0843138,1487.871060374213,-1487.871060374213,518547.7182776501,0.1583459428852151,0.15447773002133458,0.4951456310679611,SWT,mdp.39015067403892,37629929.084313795,,0.0,-20.0,17.0,0.0,-20.0,,546.8710603742129,420.3541071681781,576.5008924773283,420.354107168178,,518547.7182776501,420.3541071681781,,,100.21825894126152,0.0,-11.0,744.9060958252207,546.8710603742129,,274.58907388941094,0.5691233929713219,,0.07762896708871447,0.48907656391313414,0.1409259687036364,0.542857142857143,0.10371463086228686,,0.10284351887705692,0.01800409553776844,0.01800409553776844,0.01800409553776816,,0.7985291793077252,0.14017685952465508,0.4979913930987717,,,,,,0.1979590150324815,0.1016949152542373,0.3,0.39043083063363343,0.39043083063363343,1.838902251867427,0.6182237399565289,20,0.8590203654303172,0.4881572390533016,88,0,0.29838598924467413,0.49643069877878515,59,0.0,0.29907380644572484,0.5181778952931688,86,31.7214438511238,0.7007410957441151,63.25,44.473749738543205,0.5520214912682839,77,coif,1.0,1.0,0.0,5,59.0,0.5906813691437564,0.011806908083590195,,0.07762896708871447,0.48907656391313425,0.2896066830172567,0.5428571428571431,0.5846738746365746,,0.12169900937550235,0.30777973277686427,0.30777973277686427,0.3074861175594452,,0.798529179307725,0.14017685952465508,0.6007239059261623,,,,,0.75,,0.46382642476045277,0.10169491525423727,0.2542372881355932,0.47277315019152977,0.47277315019152977,0.1016949152542373,2.456839917503596,0.8062484325850361,13,1.1574589963656894,0.5953300615583701,146,94.04520189781083,0.556390557085798,79.5,23.874213836477985,0.5906952785428989,121,1.0,0.7220099692676862,0.08339700921969413,7,92.5,,,0.17018997872383707,0.4000000000000001,0.10714285714285718,,0.22445275620393523,1.0,False,False,0.9945781525517552,0.9945781525517552,0.0013634707602691951,0.01777719997445581,,0.1362952743809619,0.34855716927028746,0.0002501948801429377,0.6687863617913681,0.22445275620393523,0.00765275691851207,,0.0010673076288035157,0.002286922749047079,0.002286922749047079,0.002286922749040749,,0.9945781525517552,0.002312119485905186,0.002664163167676853,0.00462205092959106,,,,,0.3913043478260869,,1.1784514511057746e-05,0.17829457364341084,0.317829457364341,0.002294993806851648,0.002294993806851648,0.17829457364341084,0.8466414278253097,0.2637067795784455,26,0.622279797889736,0.3020604039596946,2110,1473.6105319927651,0.31139694766693216,1068.0,51.36704119850187,0.40616576355309225,2136,986.6382352941176,846.0,585.0035688138154,340,0.4652856568234462,0.8173890317607586,0.42908333069536003,4,1603.0
db36,,,,5.951703920388082,937599.6507544672,0.6747572815533981,162.50431546960365,206,raw,173.68829397215924,,7.399469194251562,123196.58906353095,1.0,2.830996386816866e-06,-0.08150144582949598,0.0,0.04854368932038834,15440.920499234287,15.0,"[0.0, 0.0048543689320388345, 0.009708737864077669, 0.014563106796116504, 0.019417475728155338, 0.02427184466019417, 0.029126213592233007, 0.03398058252427184, 0.038834951456310676, 0.04368932038834951, 0.04854368932038834, 0.05339805825242718, 0.058252427184466014, 0.06310679611650485, 0.06796116504854369, 0.07281553398058252, 0.07766990291262135, 0.08252427184466019, 0.08737864077669902, 0.09223300970873785, 0.09708737864077668, 0.10194174757281553, 0.10679611650485436, 0.1116504854368932, 0.11650485436893203, 0.12135922330097086, 0.1262135922330097, 0.13106796116504854, 0.13592233009708737, 0.1407766990291262, 0.14563106796116504, 0.15048543689320387, 0.1553398058252427, 0.16019417475728154, 0.16504854368932037, 0.1699029126213592, 0.17475728155339804, 0.17961165048543687, 0.1844660194174757, 0.18932038834951453, 0.19417475728155337, 0.19902912621359223, 0.20388349514563106, 0.2087378640776699, 0.21359223300970873, 0.21844660194174756, 0.2233009708737864, 0.22815533980582522, 0.23300970873786406, 0.2378640776699029, 0.24271844660194172, 0.24757281553398056, 0.2524271844660194, 0.25728155339805825, 0.2621359223300971, 0.2669902912621359, 0.27184466019417475, 0.2766990291262136, 0.2815533980582524, 0.28640776699029125, 0.2912621359223301, 0.2961165048543689, 0.30097087378640774, 0.3058252427184466, 0.3106796116504854, 0.31553398058252424, 0.3203883495145631, 0.3252427184466019, 0.33009708737864074, 0.3349514563106796, 0.3398058252427184, 0.34466019417475724, 0.3495145631067961, 0.3543689320388349, 0.35922330097087374, 0.36407766990291257, 0.3689320388349514, 0.37378640776699024, 0.37864077669902907, 0.3834951456310679, 0.38834951456310673, 0.3932038834951456, 0.39805825242718446, 0.4029126213592233, 0.4077669902912621, 0.41262135922330095, 0.4174757281553398, 0.4223300970873786, 0.42718446601941745, 0.4320388349514563, 0.4368932038834951, 0.44174757281553395, 0.4466019417475728, 0.4514563106796116, 0.45631067961165045, 0.4611650485436893, 0.4660194174757281, 0.47087378640776695, 0.4757281553398058, 0.4805825242718446, 0.48543689320388345, 0.4902912621359223, 0.4951456310679611]","[100984.74784837561, 9670.354863840283, 8659.023785482934, 3915.5501300291676, 6201.310032446507, 7209.021781015603, 7968.3875100043415, 8631.722830718361, 11800.742200806688, 8248.72617080463, 13793.86040377621, 15440.920499234287, 6049.18362331296, 7897.4843678644875, 3969.861981558905, 3395.4704663162797, 3935.480745966126, 10095.258225993899, 6961.378129776866, 4504.99670756855, 3540.5529955331226, 6963.883527200055, 11368.276718260895, 2872.238517969737, 4622.694922444435, 1269.6413734450266, 11495.219024066697, 2953.7330817064567, 3982.9055568455497, 3955.5986542175538, 1928.9294587530317, 2177.9635928729062, 1210.6905466967162, 2210.4164491336505, 1319.143322161056, 6825.844701008484, 859.421081375879, 4144.921151627001, 1055.6618702217877, 8322.146454233523, 2864.3823296568767, 1891.0556774692977, 1868.9154804372226, 2336.322760341405, 4253.594277875692, 4024.263546901654, 3103.6966091366007, 658.787423866456, 3802.3969282127373, 8524.312036201278, 1108.007688452078, 1458.9406901920463, 3079.1587969120105, 859.955552029674, 2879.8270408720373, 6998.30794035532, 3612.76645584658, 5086.175531034838, 3374.899258796458, 2219.3730771302953, 425.39691702526994, 2651.9688011922585, 1204.5290693537845, 1721.53292585996, 4955.491301098853, 3422.0056517169583, 2914.241910905113, 7172.805871803044, 2562.19386974763, 2453.3101305927516, 4601.446512447235, 1350.4714031793305, 1425.2518537922974, 4032.6414379629264, 2243.821938793547, 3534.919154159171, 7009.463780215415, 2929.5707327723903, 1319.7211401560958, 2604.5548817890144, 3477.139473797772, 1825.0038160209403, 329.73309492046366, 4955.26857042581, 970.7064213281498, 1919.1361392233775, 2012.6354080654542, 7182.309174374189, 2229.0465557672296, 1652.8023022859475, 5815.8443765358315, 2849.430457572736, 3360.382571745577, 359.6118904938944, 3830.760441616252, 609.9213071401657, 3620.907491375107, 2511.5455219193627, 857.0153193100413, 5451.881049642248, 2282.167261973463, 4741.987009696337, 1575.452104395083]",13,1031.2340197085618,157.3259739006931,1675.5576253345034,"[2, 14, 36, 55, 73, 91, 108, 128, 138, 149, 166, 187, 203]","[157.3259739006931, 1390.8570272852364, 790.3424443074489, 1220.9294722201948, 1675.5576253345034, 1173.5599561618153, 1444.0942598206996, 1046.4681973774661, 903.2762168452049, 435.718663940465, 1259.9660861674795, 1548.9074780238889, 359.0388548262067]","[1, 8, 26, 8, 8, 88, 105, 113, 134, 147, 134, 176, 199]","[4, 26, 46, 65, 176, 105, 176, 134, 147, 152, 176, 199, 205]",75585051.55056101,1413.269443028763,-1413.269443028763,521374.5314505753,0.15908371536538127,0.15436352256195884,0.4951456310679611,SWT,mdp.39015067403892,37830438.55056101,,0.0,-12.0,19.0,0.0,-25.5,,472.2694430287629,626.4215197085618,452.04225621130354,626.4215197085618,,521374.5314505753,626.4215197085618,,,154.3259739006931,0.0,-21.0,735.5576253345034,472.2694430287629,,327.0,0.9999999999999999,,0.04005303355689402,0.6195784844958312,0.1289772746547036,0.5714285714285716,0.10371463086228533,,0.18728876945685993,0.4332273059374159,0.4332273059374159,0.4332273059374159,,1.0,0.10988028764784438,0.48489754197753016,,,,,,0.21304654334932746,0.23728813559322032,0.1,0.2705210016360584,0.2705210016360584,2.4137263211675433,0.8114748415737392,3,1.0071059441158212,0.5723101301183622,60,0,0.39880358470251465,0.6634974474857568,16,0.0,0.365799914817639,0.6337881348128813,58,29.078915614811592,0.7256706074074378,34.25,9.307923771313943,0.7012786999301339,39,db,0.9380878725805777,0.8243093411562624,0.09604568684671688,4,30.25,1.0,0.011784211662709376,,0.04005303355689399,0.6195784844958314,0.279725960181037,0.5714285714285716,0.5846738746365739,,0.2043694785727384,0.6004753747383191,0.6004753747383191,0.6003059106020248,,0.9999999999999999,0.10988028764784437,0.5903096188796808,,,,,0.9166666666666666,,0.4739126100686747,0.2372881355932203,0.0847457627118644,0.369061078484919,0.369061078484919,0.008474576271186418,2.8369285030389,0.9309801353500592,3,1.3020227601779806,0.6696853127419636,114,78.48885271170677,0.6297695626806284,58.5,5.846153846153847,0.6769130832271066,75,0.9080317387829661,0.7281573716544635,0.1459305713555847,6,57.75,,,0.09684740872518693,0.8,0.008928571428571452,,0.1559061894513471,1.0,False,False,1.0,1.0,0.001473525134081928,0.017763899293820242,,0.13539999272846148,0.3585759595400769,0.00024165879858577873,0.6894872141794075,0.15590618945134715,0.007652756918512067,,0.001792332613836282,0.004157343750969421,0.004157343750969421,0.004157343750963103,,1.0,0.002753434654852638,0.002088354784076442,0.004564044817191072,,,,,0.4782608695652174,,1.1847307792153239e-05,0.3023255813953488,0.16279069767441856,0.001981921380470613,0.001981921380470613,0.09302325581395354,0.8662015453900203,0.2697992473477287,23,0.6076384963544855,0.29495337996304366,2117,1480.6815998046304,0.3080927103716681,1070.0,45.50560747663551,0.40404635518583404,2137,1009.0473684210526,935.5,610.6543869996938,760,0.4758535102197843,0.8532293215616218,0.41093374637766444,5,1604.0
db6,,,,6.377549915008443,961272.1325146775,0.6456310679611651,150.73745018779053,206,raw,169.61666310275348,,7.325687366589641,123196.58906353095,1.0,2.971508354727968e-06,0.03484930475371534,17.52535060995011,0.04854368932038834,15439.554666897688,15.0,"[0.0, 0.0048543689320388345, 0.009708737864077669, 0.014563106796116504, 0.019417475728155338, 0.02427184466019417, 0.029126213592233007, 0.03398058252427184, 0.038834951456310676, 0.04368932038834951, 0.04854368932038834, 0.05339805825242718, 0.058252427184466014, 0.06310679611650485, 0.06796116504854369, 0.07281553398058252, 0.07766990291262135, 0.08252427184466019, 0.08737864077669902, 0.09223300970873785, 0.09708737864077668, 0.10194174757281553, 0.10679611650485436, 0.1116504854368932, 0.11650485436893203, 0.12135922330097086, 0.1262135922330097, 0.13106796116504854, 0.13592233009708737, 0.1407766990291262, 0.14563106796116504, 0.15048543689320387, 0.1553398058252427, 0.16019417475728154, 0.16504854368932037, 0.1699029126213592, 0.17475728155339804, 0.17961165048543687, 0.1844660194174757, 0.18932038834951453, 0.19417475728155337, 0.19902912621359223, 0.20388349514563106, 0.2087378640776699, 0.21359223300970873, 0.21844660194174756, 0.2233009708737864, 0.22815533980582522, 0.23300970873786406, 0.2378640776699029, 0.24271844660194172, 0.24757281553398056, 0.2524271844660194, 0.25728155339805825, 0.2621359223300971, 0.2669902912621359, 0.27184466019417475, 0.2766990291262136, 0.2815533980582524, 0.28640776699029125, 0.2912621359223301, 0.2961165048543689, 0.30097087378640774, 0.3058252427184466, 0.3106796116504854, 0.31553398058252424, 0.3203883495145631, 0.3252427184466019, 0.33009708737864074, 0.3349514563106796, 0.3398058252427184, 0.34466019417475724, 0.3495145631067961, 0.3543689320388349, 0.35922330097087374, 0.36407766990291257, 0.3689320388349514, 0.37378640776699024, 0.37864077669902907, 0.3834951456310679, 0.38834951456310673, 0.3932038834951456, 0.39805825242718446, 0.4029126213592233, 0.4077669902912621, 0.41262135922330095, 0.4174757281553398, 0.4223300970873786, 0.42718446601941745, 0.4320388349514563, 0.4368932038834951, 0.44174757281553395, 0.4466019417475728, 0.4514563106796116, 0.45631067961165045, 0.4611650485436893, 0.4660194174757281, 0.47087378640776695, 0.4757281553398058, 0.4805825242718446, 0.48543689320388345, 0.4902912621359223, 0.4951456310679611]","[100984.74784837557, 9670.354866419302, 8659.023927174538, 3915.550808612175, 6201.3154539187235, 7209.042462873774, 7968.442983437566, 8631.835923256329, 11800.962679039514, 8248.858519709704, 13793.713971894807, 15439.554666897688, 6047.618980774073, 7892.922012836715, 3965.42999691576, 3388.8292201967665, 3922.9659225224514, 10046.158927942468, 6912.247106144404, 4460.978245899678, 3494.700271365217, 6849.242437981009, 11140.087842920359, 2804.9193592705137, 4502.032160559403, 1234.7179581722178, 11184.679053672357, 2882.975603006065, 3912.503290527532, 3925.4561591039455, 1941.5886661366521, 2232.2194542108696, 1267.880394294769, 2372.9259072215323, 1456.3058438508344, 7764.595010383741, 1004.9167564289866, 4944.720674123918, 1279.3798925104807, 10364.025206004326, 3752.196716537885, 2600.2982037413926, 2515.303787016916, 2855.647045656177, 4852.051197252717, 4872.857559948809, 4861.494567373849, 1378.8331170684191, 5463.767856129868, 8003.832132867117, 869.431813331596, 1239.1850095986508, 4124.351293957622, 3506.921735202013, 3359.929802706189, 4582.875188787864, 1909.7875896953929, 2716.747808811884, 2079.5834384965024, 1445.953644888287, 244.29178583757465, 1388.4881395656412, 644.7023625995836, 1014.5146513579459, 3246.713634831911, 2428.855354978404, 2197.2771943262915, 5719.4122672117055, 2157.5262544219504, 2169.267309215152, 4235.69706346904, 1283.4231321581667, 1388.8299566122253, 4006.0050321210647, 2260.7892684601015, 3596.316410441981, 7173.449561793634, 3006.6301424736566, 1355.0499612869742, 2670.8096404750086, 3556.7693567074048, 1860.9150980497877, 335.0733150677333, 5018.62234034141, 980.0994398744751, 1932.5858194960972, 2022.3766834399464, 7205.076507371093, 2233.3978669482854, 1654.6454458679523, 5819.202234032754, 2850.1672821619586, 3360.67978933896, 359.61570799568193, 3830.698976964097, 609.9099115107942, 3620.8600497471407, 2511.5280371995796, 857.0128606241497, 5451.876283351359, 2282.1668664632157, 4741.9869321010065, 1575.4521039749206]",16,854.288975023173,99.20299846658452,1647.3607377447906,"[3, 14, 27, 38, 49, 67, 85, 95, 105, 122, 134, 156, 168, 178, 193, 204]","[475.25469440705876, 1047.857295817687, 316.11705814606796, 1089.0911807946031, 1634.5541357938919, 1313.1987607296942, 1647.3607377447906, 586.5881447864913, 1014.7941167332636, 351.91932086438203, 1257.3839356148467, 1350.1233377293836, 234.73675605737844, 940.5133654258005, 99.20299846658452, 309.9277612588436]","[2, 4, 23, 4, 4, 64, 75, 94, 96, 121, 123, 123, 167, 175, 191, 191]","[4, 23, 28, 42, 75, 75, 123, 96, 123, 123, 153, 191, 169, 191, 194, 205]",75541779.34412763,1366.9190449537098,-1366.9190449537098,519570.24400792376,0.1567045074020475,0.15316357000919414,0.4951456310679611,SWT,mdp.39015067403892,37787166.344127625,,0.0,-1.5,16.0,0.0,-6.0,,425.9190449537098,449.47647502317295,714.6236003707672,449.47647502317295,,519570.24400792376,449.47647502317295,,,96.20299846658452,0.0,-15.0,707.3607377447906,425.9190449537098,,309.4746493900499,0.8647612941720642,,0.08789503945899381,0.5169458814922471,0.13768850390552687,0.40000000000000036,0.10371463086228533,,0.09657695084361653,0.07668529566600657,0.07668529566600657,0.0766852956660064,,0.9326314752985609,0.1737996331067857,0.44540382495198133,,,,,,0.20979048441048834,0.4152542372881356,0.22,0.19602036069937598,0.19602036069937598,1.8700883181084837,0.628708237697776,18,0.9185728264356011,0.5219992364180626,78,0,0.3112823623664964,0.5178866509727351,51,0.0,0.3292880390790112,0.570527339264471,75,27.76688675382964,0.7380482381714184,55.5,39.47995236204844,0.6072316662555205,59,db,0.9380878725805777,0.8243093411562624,0.09604568684671688,4,45.25,0.8715276693947401,0.013388136870432443,,0.0878950394589938,0.5169458814922472,0.2869295291600119,0.40000000000000036,0.5846738746365739,,0.11556414547227624,0.34914478923907843,0.34914478923907843,0.3488687196073954,,0.9326314752985609,0.1737996331067857,0.558898011872072,,,,,0.6666666666666666,,0.47173589741290095,0.4152542372881355,0.1864406779661017,0.30462419387248296,0.30462419387248296,0.3389830508474576,2.5317553062580322,0.8308330277511452,9,1.2127054233306582,0.6237456329688528,138,91.21677477306463,0.5697321944666762,73.5,16.89795918367347,0.6115170406295645,107,0.9080317387829661,0.7281573716544635,0.1459305713555847,6,81.75,,,0.1940109236619608,0.20000000000000007,0.3571428571428572,,0.24671600648737735,1.0,False,False,0.9965393640582488,0.9965393640582488,0.0014389825043769292,0.01870384031197792,,0.13653987312735294,0.35069673048548317,0.00024788205303045833,0.5652820998511706,0.24671600648737746,0.007652756918512067,,0.0010135045035423943,0.0025512590057612046,0.0025512590057612046,0.0025512590057548768,,0.9965393640582488,0.002605866129752089,0.003303188433875626,0.0043890865892667495,,,,,0.34782608695652173,,1.183375629319885e-05,0.4651162790697674,0.255813953488372,0.0017874077478520468,0.0017874077478520468,0.39534883720930225,0.8966869789252128,0.279294666822143,21,0.5912994222933992,0.28702224138525934,2123,1486.3384540541228,0.3054493205354566,1072.0,41.588619402985074,0.4022573705481021,2138,1009.0473684210526,935.5,610.6543869996938,760,0.4758535102197843,0.8532293215616218,0.41093374637766444,5,1604.75
db18,,,,5.695015194347755,955657.143580184,0.6553398058252428,149.144807730403,206,raw,168.91412426777114,,7.356806810345187,123196.58906353096,1.0,2.878535575221199e-06,-0.1645152302873423,53.82800757194852,0.04854368932038834,15440.92050681043,15.0,"[0.0, 0.0048543689320388345, 0.009708737864077669, 0.014563106796116504, 0.019417475728155338, 0.02427184466019417, 0.029126213592233007, 0.03398058252427184, 0.038834951456310676, 0.04368932038834951, 0.04854368932038834, 0.05339805825242718, 0.058252427184466014, 0.06310679611650485, 0.06796116504854369, 0.07281553398058252, 0.07766990291262135, 0.08252427184466019, 0.08737864077669902, 0.09223300970873785, 0.09708737864077668, 0.10194174757281553, 0.10679611650485436, 0.1116504854368932, 0.11650485436893203, 0.12135922330097086, 0.1262135922330097, 0.13106796116504854, 0.13592233009708737, 0.1407766990291262, 0.14563106796116504, 0.15048543689320387, 0.1553398058252427, 0.16019417475728154, 0.16504854368932037, 0.1699029126213592, 0.17475728155339804, 0.17961165048543687, 0.1844660194174757, 0.18932038834951453, 0.19417475728155337, 0.19902912621359223, 0.20388349514563106, 0.2087378640776699, 0.21359223300970873, 0.21844660194174756, 0.2233009708737864, 0.22815533980582522, 0.23300970873786406, 0.2378640776699029, 0.24271844660194172, 0.24757281553398056, 0.2524271844660194, 0.25728155339805825, 0.2621359223300971, 0.2669902912621359, 0.27184466019417475, 0.2766990291262136, 0.2815533980582524, 0.28640776699029125, 0.2912621359223301, 0.2961165048543689, 0.30097087378640774, 0.3058252427184466, 0.3106796116504854, 0.31553398058252424, 0.3203883495145631, 0.3252427184466019, 0.33009708737864074, 0.3349514563106796, 0.3398058252427184, 0.34466019417475724, 0.3495145631067961, 0.3543689320388349, 0.35922330097087374, 0.36407766990291257, 0.3689320388349514, 0.37378640776699024, 0.37864077669902907, 0.3834951456310679, 0.38834951456310673, 0.3932038834951456, 0.39805825242718446, 0.4029126213592233, 0.4077669902912621, 0.41262135922330095, 0.4174757281553398, 0.4223300970873786, 0.42718446601941745, 0.4320388349514563, 0.4368932038834951, 0.44174757281553395, 0.4466019417475728, 0.4514563106796116, 0.45631067961165045, 0.4611650485436893, 0.4660194174757281, 0.47087378640776695, 0.4757281553398058, 0.4805825242718446, 0.48543689320388345, 0.4902912621359223, 0.4951456310679611]","[100984.7478483756, 9670.354863840288, 8659.023785482934, 3915.55013002917, 6201.310032446504, 7209.021781015603, 7968.387510004241, 8631.722830716957, 11800.742200795685, 8248.726170812379, 13793.860404568508, 15440.92050681043, 6049.183638170051, 7897.484431196904, 3969.862039433646, 3395.470431264666, 3935.479996200453, 10095.249991495753, 6961.362347393947, 4504.976879078017, 3540.53565347502, 6963.906780315423, 11368.660406626184, 2872.530580436804, 4623.65221158109, 1270.0239517778546, 11498.092465146623, 2953.2241991339574, 3978.1218955887616, 3944.179279991943, 1919.6118629507682, 2164.995745748591, 1205.3485759269013, 2215.1483911025757, 1339.2894274958257, 7049.84194173668, 898.8293545571272, 4317.7290404912255, 1072.5803790797215, 8151.22312115592, 2699.5444190501557, 1684.5439479475508, 1494.838710420253, 1685.1320153115862, 3169.647129653621, 3752.0830569555264, 4419.727448077932, 1434.7870346805876, 6228.505883301497, 9508.492252965478, 1017.226847124231, 1333.8150522876526, 3730.751250952248, 2338.0716910780493, 1453.6413254648974, 2180.5977881358017, 1624.2304173364448, 3576.9983818980536, 3656.5853124469113, 3018.524109197545, 546.5865495841812, 3049.53452431553, 1300.3328510956408, 1807.1238446576217, 5058.774709834807, 3362.9755366758795, 2784.887483522665, 6831.017158385846, 2476.1730487929053, 2415.3694726205686, 4591.561319767602, 1356.41161120734, 1433.6899473383587, 4052.0244326889992, 2250.2802877279937, 3539.1596059693065, 7010.671206120485, 2928.838245988861, 1319.3233513431667, 2604.015406941866, 3476.785866301028, 1824.9422186146157, 329.7319939044384, 4955.292841813585, 970.7106938192571, 1919.1404901539233, 2012.637049730154, 7182.310542707107, 2229.0465787777866, 1652.8022781905256, 5815.8443298967395, 2849.430450574395, 3360.38257009679, 359.61189047324234, 3830.7604416126524, 609.9213071407365, 3620.9074913756945, 2511.545521919396, 857.0153193100396, 5451.8810496422475, 2282.1672619734613, 4741.987009696334, 1575.4521043950856]",15,998.8024457639982,171.03071066434774,1564.8575982919922,"[8, 23, 35, 45, 55, 66, 77, 93, 114, 124, 144, 160, 170, 189, 204]","[966.8434463302538, 1307.3172518453705, 171.03071066434774, 983.6763884895353, 336.9373318552868, 1515.7647037589072, 1411.8317603945113, 1564.8575982919922, 1128.0305651951712, 1129.4500576752207, 1409.0075547357683, 597.8652428818851, 1118.3547056295672, 1120.6787519734785, 220.3906167386757]","[3, 12, 32, 32, 51, 32, 74, 74, 99, 121, 138, 159, 159, 184, 200]","[12, 32, 37, 51, 56, 200, 86, 200, 200, 138, 200, 162, 200, 200, 205]",75373270.95303531,1373.5332543419458,-1373.5332543419458,517827.7650544356,0.1581658575708934,0.1545052444058059,0.4951456310679611,SWT,mdp.39015067403892,37618657.95303531,,0.0,-20.0,17.0,0.0,-11.0,,432.53325434194585,593.9899457639982,2028.0366864599728,593.9899457639982,,517827.7650544356,593.9899457639982,,,168.03071066434774,0.0,-11.0,624.8575982919922,432.53325434194585,,273.17199242805145,0.8414265553697857,,0.011215135111537544,0.5602339053575559,0.1356222458619184,0.45714285714285746,0.10371463086228583,,0.2086775849151502,0.3678780977071421,0.3678780977071421,0.3678780977071421,,0.7930818310886631,0.49351962330169624,0.32984654463509355,,,,,,0.19711090788068567,0.1016949152542373,0.3,0.2066516143493468,0.2066516143493468,2.232792949039389,0.7506465371402536,7,0.8424374419191435,0.4787336275972548,92,0,0.3734615565989367,0.6213354118225647,22,0.0,0.30526837689709546,0.5289106622876566,84,42.99903099683372,0.5943487641808141,51.25,18.949621043245653,0.5554290990715391,76,db,0.9380878725805777,0.8243093411562624,0.09604568684671688,4,58.0,0.8493604336197403,0.012326865101914275,,0.011215135111537544,0.560233905357556,0.28522088025215675,0.45714285714285746,0.5846738746365742,,0.22530876642337877,0.5544099622672223,0.5544099622672223,0.5542209588213488,,0.7930818310886631,0.4935196233016963,0.46698871212614046,,,,,0.75,,0.46325945542560887,0.10169491525423727,0.2542372881355932,0.31381934784855314,0.31381934784855314,0.2542372881355932,2.782816489349085,0.9132224760452707,4,1.1411354832151557,0.5869341891177313,151,103.94469683442249,0.5096948262527241,77.5,7.7935483870967746,0.5720643942584376,135,0.9080317387829661,0.7281573716544635,0.1459305713555847,6,102.75,,,0.02752330857372698,0.4000000000000001,0.2678571428571429,,0.09111531753776941,1.0,False,False,0.9931972772312605,0.9931972772312605,0.0014330223523865997,0.018081908028702017,,0.13471290290931082,0.35402000442937387,0.000246405929605911,0.6066838046272496,0.09111531753776936,0.007652756918512069,,0.0019759714271625635,0.0038629706801209607,0.0038629706801209607,0.003862970680114641,,0.9931972772312605,0.0023001872498059307,0.009379699383940593,0.003877164731546495,,,,,0.3913043478260869,,1.1780984745965451e-05,0.17829457364341084,0.317829457364341,0.00181516487504915,0.00181516487504915,0.317829457364341,0.8781983472081293,0.27353593901992873,22,0.5459961776728153,0.26503162491790105,2135,1494.1166286471748,0.301814659510666,1078.5,43.55122855818266,0.3989213484469218,2139,1009.0473684210526,935.5,610.6543869996938,760,0.4758535102197843,0.8532293215616218,0.41093374637766444,5,1605.5
coif14,,,,5.650146045044836,974430.499354324,0.6553398058252428,145.19928168005976,206,raw,162.0421704578983,,7.303775546012837,123196.58906353099,1.0,2.828490712675686e-06,-0.17313603036567246,32.61043313201664,0.04854368932038834,15440.920499234368,15.0,"[0.0, 0.0048543689320388345, 0.009708737864077669, 0.014563106796116504, 0.019417475728155338, 0.02427184466019417, 0.029126213592233007, 0.03398058252427184, 0.038834951456310676, 0.04368932038834951, 0.04854368932038834, 0.05339805825242718, 0.058252427184466014, 0.06310679611650485, 0.06796116504854369, 0.07281553398058252, 0.07766990291262135, 0.08252427184466019, 0.08737864077669902, 0.09223300970873785, 0.09708737864077668, 0.10194174757281553, 0.10679611650485436, 0.1116504854368932, 0.11650485436893203, 0.12135922330097086, 0.1262135922330097, 0.13106796116504854, 0.13592233009708737, 0.1407766990291262, 0.14563106796116504, 0.15048543689320387, 0.1553398058252427, 0.16019417475728154, 0.16504854368932037, 0.1699029126213592, 0.17475728155339804, 0.17961165048543687, 0.1844660194174757, 0.18932038834951453, 0.19417475728155337, 0.19902912621359223, 0.20388349514563106, 0.2087378640776699, 0.21359223300970873, 0.21844660194174756, 0.2233009708737864, 0.22815533980582522, 0.23300970873786406, 0.2378640776699029, 0.24271844660194172, 0.24757281553398056, 0.2524271844660194, 0.25728155339805825, 0.2621359223300971, 0.2669902912621359, 0.27184466019417475, 0.2766990291262136, 0.2815533980582524, 0.28640776699029125, 0.2912621359223301, 0.2961165048543689, 0.30097087378640774, 0.3058252427184466, 0.3106796116504854, 0.31553398058252424, 0.3203883495145631, 0.3252427184466019, 0.33009708737864074, 0.3349514563106796, 0.3398058252427184, 0.34466019417475724, 0.3495145631067961, 0.3543689320388349, 0.35922330097087374, 0.36407766990291257, 0.3689320388349514, 0.37378640776699024, 0.37864077669902907, 0.3834951456310679, 0.38834951456310673, 0.3932038834951456, 0.39805825242718446, 0.4029126213592233, 0.4077669902912621, 0.41262135922330095, 0.4174757281553398, 0.4223300970873786, 0.42718446601941745, 0.4320388349514563, 0.4368932038834951, 0.44174757281553395, 0.4466019417475728, 0.4514563106796116, 0.45631067961165045, 0.4611650485436893, 0.4660194174757281, 0.47087378640776695, 0.4757281553398058, 0.4805825242718446, 0.48543689320388345, 0.4902912621359223, 0.4951456310679611]","[100984.74784837561, 9670.354863840284, 8659.023785482941, 3915.550130029169, 6201.310032446504, 7209.021781015606, 7968.387510004346, 8631.722830718356, 11800.74220080669, 8248.726170804632, 13793.860403776216, 15440.920499234368, 6049.1836233132435, 7897.484367865284, 3969.861981551339, 3395.4704662478352, 3935.4807456386943, 10095.258225798278, 6961.378140819287, 4504.99674643671, 3540.553064023323, 6963.883419295061, 11368.273800138506, 2872.236082152875, 4622.689751904453, 1269.6436767561645, 11495.363157472766, 2953.820920170516, 3983.021937378955, 3955.39938651849, 1928.3900550488283, 2176.667209994369, 1210.0688752969609, 2212.5710724213914, 1324.9478207849709, 6874.832850889134, 861.1407790730267, 4074.8917688982524, 1014.7599987198056, 8059.757034326678, 2959.682819309309, 2130.4444823420904, 2112.4946426726856, 2325.1629236926437, 3502.3243489279143, 2860.46552904523, 2571.464298884279, 938.9900276241406, 5169.973243045996, 9369.395722631898, 1089.8649816694394, 1409.817290307248, 3357.1822563560095, 1310.1613904769877, 1739.9679498667108, 5165.234163045742, 3190.965949940808, 5464.222883585051, 4346.02397223429, 2820.781537257204, 428.13845085018283, 2299.119115451925, 1066.780049081547, 1667.6028552945759, 5112.325677616587, 3556.9792730161093, 2963.6096770905524, 7158.5441654503475, 2543.8646694859394, 2442.4978818048353, 4596.950685815859, 1351.1653900081228, 1426.0999201434636, 4033.768641063273, 2243.9349564048393, 3534.8158623131494, 7009.255323746981, 2929.5339995508466, 1319.718745987631, 2604.557795010739, 3477.14242260115, 1825.004284480952, 329.7331000296563, 4955.268474568653, 970.706412953101, 1919.1361361791633, 2012.6354081044576, 7182.309174971753, 2229.046555812161, 1652.8023022891002, 5815.844376535246, 2849.4304575726, 3360.3825717455593, 359.61189049389696, 3830.760441616253, 609.9213071401666, 3620.9074913751047, 2511.5455219193686, 857.0153193100358, 5451.8810496422475, 2282.167261973462, 4741.987009696337, 1575.452104395088]",15,960.499611683836,48.279422404245224,1563.1854189773865,"[8, 20, 39, 66, 77, 93, 103, 114, 124, 137, 149, 160, 171, 189, 204]","[730.5911766966831, 943.5139321780209, 1147.9536411973472, 1563.1854189773865, 1301.4163689688332, 1410.7209380962342, 706.9971822154878, 1016.1885034234174, 1193.4432731551674, 568.7681657817586, 941.2400856955554, 306.1810858133621, 1429.3854634108723, 1099.6295172431683, 48.279422404245224]","[3, 12, 12, 12, 74, 86, 97, 97, 121, 127, 138, 156, 138, 184, 200]","[12, 32, 51, 200, 200, 200, 109, 138, 138, 138, 156, 161, 200, 200, 205]",75546306.36047709,1420.4689076871073,-1420.4689076871073,520640.96963897854,0.1590210382666492,0.1544693569856549,0.4951456310679611,SWT,mdp.39015067403892,37791693.36047709,,0.0,-20.0,17.0,0.0,-15.5,,479.4689076871073,555.687111683836,1453.4941752575396,555.687111683836,,520640.96963897854,555.687111683836,,,45.279422404245224,0.0,-15.5,623.1854189773865,479.4689076871073,,294.3895668679834,0.613175476240849,,0.006174274958124143,0.4864659211333154,0.14253064725440287,0.45714285714285746,0.10371463086228686,,0.017101146991465158,0.2906983751197427,0.2906983751197427,0.29069837511974267,,0.8746434910847618,0.35366055840143606,0.3275044217161403,,,,,,0.21013112412511986,0.1016949152542373,0.21,0.2820929568667155,0.2820929568667155,2.090391167628099,0.7027722350716373,12,0.7346281481590451,0.4174686223609091,106,0,0.3411406479985049,0.5675624740170944,35,0.0,0.2613611371259762,0.45283659427374634,106,48.54808612774212,0.541999187474131,64.75,30.587427001030576,0.46557506543517874,106,coif,1.0,1.0,0.0,5,80.75,0.6325294020053964,0.011755609729527994,,0.006174274958124115,0.4864659211333155,0.29093363840973885,0.45714285714285746,0.5846738746365746,,0.03775868040262449,0.5000050834373923,0.5000050834373923,0.49979300337691696,,0.8746434910847619,0.35366055840143606,0.4651258881066621,,,,,0.75,,0.471963618959662,0.10169491525423727,0.17796610169491528,0.37906986142373766,0.37906986142373766,0.17796610169491525,2.6583084140630038,0.8723633057638045,5,1.036171311818081,0.5329466812963302,167,114.5512985522207,0.45966368607443064,86.0,9.709302325581396,0.5270016543579701,168,1.0,0.7220099692676862,0.08339700921969413,7,127.75,,,0.0203241522899974,0.4000000000000001,0.18750000000000006,,0.08438692709857332,1.0,False,False,0.9985930233117528,0.9985930233117528,0.0013747225301733604,0.017747137832583557,,0.1345927997160168,0.34835674706681674,0.00025134125370696665,0.6066838046272496,0.08438692709857343,0.00765275691851207,,0.00033114589719402613,0.0035153056882938696,0.0035153056882938696,0.0035153056882875483,,0.9985930233117528,0.0024788453683222125,0.006721576134236432,0.0038667890640646037,,,,,0.3913043478260869,,1.1835174012848086e-05,0.17829457364341084,0.24806201550387585,0.0020121345842781823,0.0020121345842781823,0.24806201550387597,0.8585331107256404,0.2674107294424029,24,0.540285677556433,0.2622596950274951,2137,1494.1166286471748,0.301814659510666,1080.5,47.46691346598797,0.3984540587272956,2140,986.6382352941176,846.0,585.0035688138154,340,0.4652856568234462,0.8173890317607586,0.42908333069536003,4,1606.0
